time,year,month,day,hour,min,sec,number of passage,pos_ii[0],pos_ii[1],pos_ii[2],vel_ii[0],vel_ii[1],vel_ii[2],pos_ii_mag,vel_ii_mag,pos_pp[0],pos_pp[1],pos_pp[2],pos_pp_mag,vel_pp[0],vel_pp[1],vel_pp[2],vel_pp_mag,a,e,i,OMEGA,omega,vi,lat,lon,alt,gamma_ii,gamma_pp,h_ii[0],h_ii[1],h_ii[2],h_pp[0],h_pp[1],h_pp[2],h_ii_mag,h_pp_mag,uD[0],uD[1],uD[2],uE[0],uE[1],uE[2],uN[0],uN[1],uN[2],vN,vE,azi_pp,rho,T,p,wind[0],wind[1],wind[2],cL,cD,aoa,S,mass,heat_rate,heat_load,T_r,q,gravity_ii[0],gravity_ii[1],gravity_ii[2],drag_pp[0],drag_pp[1],drag_pp[2],drag_ii[0],drag_ii[1],drag_ii[2],lift_pp[0],lift_pp[1],lift_pp[2],lift_ii[0],lift_ii[1],lift_ii[2],force_ii[0],force_ii[1],force_ii[2],energy,t_cf,h_cf,gamma_cf,v_cf
0.0,2001.0,12.0,14.0,14.0,21.0,28.0,1.0,3468108.5753863472,49392.69055493285,-785074.3349845449,587.6673222025674,-283.4941536732594,4506.010538533277,3556200.0,4553.004808928342,3468108.5753863472,49392.69055493285,-785074.3349845449,3556200.0,591.1683926758508,-529.3218742328816,4506.010538533277,4575.346182357496,12759600.00000001,0.7241919809398413,1.6336281798666923,0.0,0.0,6.0601419334302795,-0.2225958245820004,0.014241004970830015,160000.0,-0.0936098615599313,-0.09315143546917914,0.0,-16088696321.63884,-1012214975.6209233,-192993034.23911193,-16091444922.212387,-1864945128.6519253,16120506458.755768,16200304513.457214,-0.9752287766116493,-0.013889176805278909,0.22076214357588012,-0.014240523614973829,0.999898598602464,0.0,0.22073975798599849,0.0031437685188845637,0.9753276762010716,4523.66708996887,-537.6867477114146,-0.1183057594799416,1.043e-10,199.3,0.0,-92.3,-0.8,0.0,3.059366859230686e-17,2.299632524473299,1.5707963267948966,16.673099573790182,461.0,0.0005003876893159569,0.0,0.0,0.001096940399442943,-1522.5195289270837,-21.68367406079844,344.6521297391208,-0.0035835715430665286,0.0037608958464011764,-0.02725754851250261,-0.0035835715430665286,0.0037608958464011764,-0.02725754851250261,-3.6594990068399083e-19,-1.1682806434872373e-21,4.795052892816619e-20,-3.6594990068399083e-19,-1.1682806434872373e-21,4.795052892816619e-20,-1522.5231124986267,-21.67991316495204,344.6248721906083,-1678265.7763566263,0.0,160000.00000000373,-0.0936098615599313,4553.004808928339
0.00028258602298345236,2001.0,12.0,14.0,14.0,21.0,28.0,1.0,3468108.74145288,49392.61044344688,-785073.0616489387,587.6663889189219,-283.4941669627151,4506.010749783061,3556199.879736112,4553.00489836409,3468108.742442231,49392.54097596565,-785073.0616489387,3556199.8797361115,591.1674431112035,-529.3219111348244,4506.010749783061,4575.346271984512,12759599.999419406,0.7241919809273132,1.633628179866423,0.0,0.0,6.060142293639082,-0.2225954651182088,0.01424096116385419,159999.87973611197,-0.09360971061669132,-0.09315128527449724,0.0009846091270446777,-16088696321.580036,-1012214975.612874,-192993052.77568248,-16091444909.371794,-1864945209.7304413,16120506458.696573,16200304510.257318,-0.9752288565679786,-0.013889135213522034,0.22076179298088133,-0.014240479812440079,0.9998985992262973,0.0,0.22073940756426907,0.0031437538563023164,0.9753277555570058,4523.66724446595,-537.6867455228945,-0.11830575499998017,1.0430120263888022e-10,199.3,0.0,-92.3,-0.8,0.0,3.059366846805256e-17,2.2996325224440723,1.5707963267948966,16.673099900401567,461.0,0.0005003934884449036,1.4140280444828784e-07,0.0,0.0010969530905328353,-1522.5197562973633,-21.68364109129508,344.6516057038712,-0.00358360716246214,0.00376093950517806,-0.02725786459235101,-0.0035836072377951273,0.0037609394333971025,-0.02725786459235101,-3.659541432009539e-19,-1.1682849203509178e-21,4.795100641024385e-20,-3.6595414317755267e-19,-1.1682922505456907e-21,4.795100641024385e-20,-1522.523339904601,-21.67988015186168,344.62434783927887,-1678265.7764329892,0.1884844363802488,159919.71064803112,-0.09350631863903124,4553.0677644804555
0.004632287943486076,2001.0,12.0,14.0,14.0,21.0,28.0,1.0,3468111.297595004,49391.37732787592,-785053.4618381975,587.6520233432823,-283.49437151781757,4506.01400140018,3556198.02859804,4553.006274983178,3468111.3138123523,49390.2385821933,-785053.4618381975,3556198.02859804,591.1528269302509,-529.3224791375961,4506.01400140018,4575.347651547635,12759599.990362236,0.7241919807320142,1.6336281798622776,0.0,0.0,6.06014783815099,-0.22258993207308783,0.01424028686579709,159998.0285980394,-0.09360738722337598,-0.0931489734033614,0.016141504049301147,-16088696320.6591,-1012214975.4879762,-192993338.09188855,-16091444711.709864,-1864946457.712923,16120506457.769613,16200304460.987738,-0.9752300872793594,-0.013888495012091443,0.22075639644502287,-0.014239805582754086,0.9998986088283979,0.0,0.22073401369534865,0.003143528166526511,0.9753289770270377,4523.669622528468,-537.6867118364632,-0.11830568604316655,1.043197140196059e-10,199.3,0.0,-92.3,-0.8,0.0,3.0593666555497584e-17,2.299632491209679,1.5707963267948966,16.67310492769183,461.0,0.0005004827504730589,2.3181610262755915e-06,0.0,0.0010971484357429763,-1522.5232560520594,-21.683133607125402,344.64353947397825,-0.0035841554091516864,0.003761611515086537,-0.027262729793964626,-0.003584156644267236,0.00376161033823786,-0.027262729793964626,-3.6601944536910575e-19,-1.1683507225181629e-21,4.795835572314345e-20,-3.66019444985461e-19,-1.1684709040885361e-21,4.795835572314345e-20,-1522.5268402087038,-21.679371996787165,344.6162767441843,-1678265.7776242793,0.3769688727604976,159839.5090439842,-0.09340277998445992,4553.130651641149
0.026450726684112774,2001.0,12.0,14.0,14.0,21.0,28.0,1.0,3468124.118458566,49385.191912104514,-784955.147469817,587.5799640154536,-283.4953975096668,4506.030310613751,3556188.7438314576,4553.013179718616,3468124.211044269,49378.689561028266,-784955.147469817,3556188.7438314576,591.0795105415476,-529.3253280088827,4506.030310613751,4575.3545710495055,12759599.94499639,0.7241919797536869,1.633628179841473,0.0,0.0,6.060175649935932,-0.2225621778066708,0.014236904543062522,159988.7438314571,-0.0935957328634811,-0.09313737683963709,0.09220510721206665,-16088696316.048952,-1012214974.8618845,-192994769.0463416,-16091443720.302404,-1864952717.243471,16120506453.12925,16200304213.874897,-0.9752362601844616,-0.013885283689365539,0.22072932681972945,-0.014236423602875735,0.9998986569862965,0.0,0.2207069574445368,0.0031423961981832684,0.9753351035832295,4523.681550232728,-537.6865428799626,-0.118305340177088,1.0441256168542901e-10,199.3,0.0,-92.3,-0.8,0.0,3.0593656962676025e-17,2.2996323345470144,1.5707963267948966,16.67313014317042,461.0,0.0005009304651022683,1.324279762920778e-05,0.0,0.0010981282336564105,-1522.5408099258461,-21.680587984728227,344.6030779646203,-0.003586904747440512,0.0037649821438748947,-0.027287132368490598,-0.0035869118063613196,0.0037649754188166826,-0.027287132368490598,-3.6634698381964374e-19,-1.1686799526112447e-21,4.799521102598554e-20,-3.6634698162785356e-19,-1.169366812880437e-21,4.799521102598554e-20,-1522.5443968376526,-21.67682300930941,344.5757908322518,-1678265.7835912313,0.5654533091407464,159759.3951878629,-0.09329924559142853,4553.193470407807
0.159213640344204,2001.0,12.0,14.0,14.0,21.0,28.0,1.0,3468202.098179171,49347.55382279132,-784356.9071705199,587.141472648065,-283.50163796198404,4506.129509164037,3556132.2715428905,4553.055176580819,3468202.654867101,49308.41363791612,-784356.9071705199,3556132.2715428905,590.6333698968671,-529.3426532281985,4506.129509164037,4575.396657725024,12759599.668074831,0.7241919737818027,1.633628179714476,0.0,0.0,6.060344884859544,-0.2223932928648024,0.01421632375404582,159932.27154289046,-0.09352481584636017,-0.09306681150754487,0.5563022792339325,-16088696287.907572,-1012214971.040078,-193003468.57562655,-16091437690.141706,-1864990789.7716641,16120506424.803427,16200302710.768353,-0.9752738059325223,-0.013865742293247938,0.22056460426040703,-0.014215844896564618,0.9998989497713641,0.0,0.22054231615671752,0.003135512203838102,0.9753723675332667,4523.754098812137,-537.6855154092522,-0.11830323657407538,1.0497728457109531e-10,199.3,0.0,-92.3,-0.8,0.0,3.05935986166441e-17,2.2996313816840015,1.5707963267948966,16.67328351196563,461.0,0.0005036536654999969,7.992858962000416e-05,0.0,0.0011040877381929162,-1522.6475815883182,-21.665096600057137,344.3568494558896,-0.0036036087133707287,0.003785484013050183,-0.0274355602756565,-0.0036036514339885415,0.0037854433445043503,-0.0274355602756565,-3.6833922319535067e-19,-1.170653155065624e-21,4.821913356562528e-20,-3.6833920996056034e-19,-1.1748100246679393e-21,4.821913356562528e-20,-1522.651185239752,-21.66131115671263,344.3294138956139,-1678265.8200146295,0.7539377455209952,159679.36907966726,-0.09319571545514853,4553.256220777818
0.42065476418509495,2001.0,12.0,14.0,14.0,21.0,28.0,1.0,3468355.488220014,49273.43323092324,-783178.794093837,586.27789107714,-283.51391380510626,4506.324646764639,3556021.187704951,4553.137789143372,3468356.9558643154,49170.017245012474,-783178.794093837,3556021.1877049515,589.7547241450351,-529.3767210824559,4506.324646764639,4575.479446955679,12759599.118340863,0.7241919619265451,1.6336281794623728,0.0,0.0,6.060678163562962,-0.2220607032979174,0.014175796840457725,159821.18770495104,-0.09338515639026233,-0.09292784460818065,1.4765140116214752,-16088696232.044924,-1012214963.4534323,-193020561.4456653,-16091425827.655989,-1865065682.7955184,16120506368.57464,16200299753.561245,-0.9753476632412266,-0.013827256545888778,0.220240193394151,-0.014175322066567228,0.9998995250745493,0.0,0.22021806477713846,0.003121975673365142,0.9754456710723088,4523.896811932147,-537.6834951509052,-0.11829909888929091,1.0608812295048973e-10,199.2,0.0,-92.3,-0.7445538642157536,0.0,3.059189238612265e-17,2.299603516824964,1.5707963267948966,16.677769817396122,461.0,0.0005090103168890303,0.00021230469052120325,0.0,0.0011158376257972165,-1522.8576297960913,-21.634582728562513,343.8718453546953,-0.0036364522936818025,0.0038258178189917225,-0.027727902066296863,-0.003636566366484493,0.00382570938918418,-0.027727902066296863,-3.7224786908769456e-19,-1.1744029362690591e-21,4.865743403363228e-20,-3.722478339050452e-19,-1.1855022513627652e-21,4.865743403363228e-20,-1522.8612663624579,-21.63075701917333,343.844117452629,-1678265.8923209533,0.942422181901244,159599.4307193973,-0.09309218957083187,4553.318902748572
0.5054690972641958,2001.0,12.0,14.0,14.0,21.0,28.0,1.0,3468405.201106654,49249.387018679714,-782796.5904922102,585.9977102738579,-283.51789249878846,4506.38789238624,3555985.186030959,4553.16456417495,3468406.963428979,49125.11804334543,-782796.5904922102,3555985.1860309583,589.4696560820043,-529.387758944766,4506.38789238624,4575.506279244659,12759598.938743982,0.7241919580534419,1.6336281793800123,0.0,0.0,6.060786287252084,-0.22195280315484367,0.014162649885466496,159785.1860309583,-0.09333984726600951,-0.0928827601588094,1.7768337428569794,-16088696213.795107,-1012214960.9749324,-193026095.58769822,-16091421982.844084,-1865089955.916087,16120506350.20521,16200298794.997416,-0.9753716008306179,-0.01381477016167686,0.22013494138481915,-0.014162176431290653,0.9998997113504579,0.0,0.22011286434883062,0.003117589878583635,0.9754694293423563,4523.943066309107,-537.6828406316629,-0.11829775794719559,1.0644813969041662e-10,199.2,0.0,-92.3,-0.6931229013690545,0.0,3.0591855199733375e-17,2.2996029095251402,1.5707963267948966,16.67786762195288,461.0,0.0005107466502831699,0.00025554971621243993,0.0,0.0011196621132703165,-1522.925711824216,-21.62468149868939,343.7144698112394,-0.003647156066831272,0.0038389320538331608,-0.027823161266150167,-0.003647293608982311,0.00383880137798879,-0.027823161266150167,-3.735263369458188e-19,-1.1756425081764453e-21,4.8800911629571736e-20,-3.735262945841595e-19,-1.1890255237229282e-21,4.8800911629571736e-20,-1522.929359117825,-21.620842697311403,343.6866466499732,-1678265.9159432724,1.1309066182814929,159519.58010705296,-0.09298866793369086,4553.381516317461
0.5350437888799472,2001.0,12.0,14.0,14.0,21.0,28.0,1.0,3468422.5303634764,49241.00204393178,-782663.3151339679,585.9000085012976,-283.5192794372809,4506.409939272729,3555972.6363221304,4553.173897683955,3468424.395342327,49109.46150673649,-782663.3151339679,3555972.6363221304,589.3702500940044,-529.3916062121681,4506.409939272729,4575.515632712865,12759598.87598689,0.724191956700049,1.6336281793512308,0.0,0.0,6.0608239904121755,-0.22191517794309235,0.014158065600294254,159772.63632213045,-0.0933240477699636,-0.0928670390069475,1.8817468881607056,-16088696207.418087,-1012214960.1088353,-193028024.0758227,-16091420642.56658,-1865098417.2859495,16120506343.78639,16200298460.838892,-0.9753799452544852,-0.013810416032202486,0.2200982389851741,-0.014157592605721383,0.9998997762634065,0.0,0.22007617991724537,0.0031160612007887986,0.975477711275673,4523.959190185125,-537.6826125020353,-0.11829729051928194,1.0655193218135838e-10,199.2,0.0,-92.3,-0.7,0.0,3.059184223703559e-17,2.29960269782822,1.5707963267948966,16.677901715645476,461.0,0.0005112477865072276,0.00027066193148508915,0.0,0.0011207550844124765,-1522.9494450734605,-21.62122869436217,343.6595890575417,-0.003650087668898082,0.0038427009319479083,-0.027850397943001738,-0.0036502334013455502,0.0038425624990019946,-0.027850397943001738,-3.738918861147454e-19,-1.1757961006630945e-21,4.884023319955743e-20,-3.7389184125359475e-19,-1.1899760118327388e-21,4.884023319955743e-20,-1522.953095306862,-21.617386131863167,343.63173865959874,-1678265.9241976943,1.3193910546617418,159439.81724263428,-0.09288515053893823,4553.444061481872
0.5877530742046639,2001.0,12.0,14.0,14.0,21.0,28.0,1.0,3468453.4081450296,49226.05788020324,-782425.7844513193,585.7258764319632,-283.52175074877397,4506.449223446505,3555950.274880339,4553.1905285163775,3468455.455957786,49081.55747285177,-782425.7844513193,3555950.274880339,589.1930806580041,-529.3984608919785,4506.449223446505,4575.532299109217,12759598.763976274,0.7241919542844719,1.6336281792998608,0.0,0.0,6.0608911872622215,-0.2218481200134773,0.014149895351612565,159750.27488033846,-0.09329588892226355,-0.092839019787907,2.068953722715378,-16088696196.036268,-1012214958.5630033,-193031459.4916495,-16091418254.386887,-1865113494.10736,16120506332.329967,16200297865.405758,-0.9753948137181145,-0.013802655740033767,0.22003282497465426,-0.014149423175420105,0.9998998919010857,0.0,0.22001079790684733,0.003113337553049529,0.9754924684146327,4523.987920452975,-537.68220604875,-0.11829645765116165,1.0674759479703854e-10,199.2,0.0,-92.3,-0.7,0.0,3.059181913970102e-17,2.299602320620121,1.5707963267948966,16.677962465196483,461.0,0.0005121921873389052,0.00029763458516157546,0.0,0.0011228212748281559,-1522.9917346412894,-21.61507463368769,343.5617730632522,-0.003655701510754755,0.0038498131455784574,-0.02790187966039158,-0.003655861895898805,0.003849660840868775,-0.02790187966039158,-3.745828277538247e-19,-1.1761996380727871e-21,4.89155167001682e-20,-3.74582778426714e-19,-1.191805253972831e-21,4.89155167001682e-20,-1522.9953905031853,-21.611224972846824,343.53387118359177,-1678265.9389304165,1.5078754910419905,159360.14212614126,-0.09278163738178702,4553.5065382392
0.6615756512968081,2001.0,12.0,14.0,14.0,21.0,28.0,1.0,3468496.6389364335,49205.127446178296,-782093.1047258138,585.4819856931947,-283.5252107873686,4506.504224522351,3555918.967487869,4553.213812941477,3468498.9425501176,49042.47555993057,-782093.1047258138,3555918.967487869,588.9449358138143,-529.4080567987673,4506.504224522351,4575.555633326076,12759598.606753746,0.7241919508938678,1.633628179227755,0.0,0.0,6.060985301978851,-0.22175419985814504,0.01413845255051531,159718.96748786885,-0.09325645007231635,-0.09279977649706161,2.3316292762756348,-16088696180.06044,-1012214956.3932071,-193036267.51674664,-16091414910.716583,-1865134602.804831,16120506316.249422,16200297031.721014,-0.9754156307449517,-0.013791786598156747,0.2199412056001757,-0.014137981518913817,0.9999000537446584,0.0,0.21991922330028063,0.003109524700022908,0.9755131296292947,4524.028145173237,-537.6816370641362,-0.11829529160342882,1.0702153448114747e-10,199.2,0.0,-92.3,-0.7,0.0,3.059178680197732e-17,2.2996017925050145,1.5707963267948966,16.678047519167798,461.0,0.0005135144411101212,0.0003354945292046738,0.0,0.0011257141186301017,-1523.0509447084094,-21.606454796617427,343.4247646749453,-0.0036635539124578896,0.003859771019468997,-0.027973959329457915,-0.003663734908699671,0.0038595992163686713,-0.027973959329457915,-3.755502154573584e-19,-1.1767528542230148e-21,4.902082141641459e-20,-3.755501598617318e-19,-1.1943639210561929e-21,4.902082141641459e-20,-1523.054608443318,-21.602595197401058,343.39679071561585,-1678265.9596098457,1.6963599274222392,159280.55475757387,-0.09267812845745078,4553.568946586835
0.6977804010699103,2001.0,12.0,14.0,14.0,21.0,28.0,1.0,3468517.833999921,49194.86245615753,-781929.9473798469,585.3623710801899,-283.52690718634926,4506.531190634679,3555903.618192855,4553.225228861241,3468520.2629510798,49023.30838854537,-781929.9473798469,3555903.618192855,588.8232348257819,-529.4127609964514,4506.531190634679,4575.567073657625,12759598.529496355,0.7241919492277595,1.6336281791923226,0.0,0.0,6.061031459192105,-0.22170813806118098,0.014132840722536937,159703.61819285527,-0.09323710782523818,-0.092780530158145,2.460664004087448,-16088696172.210155,-1012214955.326993,-193038624.02709237,-16091413271.360794,-1865144952.008274,16120506308.34768,16200296622.966337,-0.9754258369673743,-0.013786455892035535,0.2198962714791554,-0.014132370251594044,0.999900133068834,0.0,0.2198743111133479,0.0031076555254884635,0.9755232594815798,4524.047866676224,-537.6813581359899,-0.11829471992504015,1.071729349387971e-10,199.2,0.0,-92.3,-0.7,0.0,3.0591770947519227e-17,2.2996015335820648,1.5707963267948966,16.678089219544432,461.0,0.0005142447487291795,0.0003540984710414984,0.0,0.0011273122416435284,-1523.0799749274424,-21.602227078612476,343.3575670207555,-0.0036679856873150594,0.0038652697922353014,-0.02801376743756288,-0.003668176860315396,0.003865088367755845,-0.02801376743756288,-3.760845005339536e-19,-1.1772068329252206e-21,4.908023693112625e-20,-3.7608444184891295e-19,-1.1958080918189887e-21,4.908023693112625e-20,-1523.0836431043028,-21.59836199024472,343.3295532533179,-1678265.969771482,1.884844363802488,159201.05513693218,-0.09257462376114348,4553.631286522168
0.7378622444606269,2001.0,12.0,14.0,14.0,21.0,28.0,1.0,3468541.293748873,49183.49813743369,-781749.316704212,585.2299445201398,-283.528784861442,4506.561038334014,3555886.6288307956,4553.237864645135,3468543.8613715386,49002.088444820794,-781749.316704212,3555886.628830795,588.6884984363368,-529.4179674866789,4506.561038334014,4575.579736461719,12759598.443823254,0.7241919473801601,1.63362817915303,0.0,0.0,6.061082559752428,-0.22165714313323423,0.01412662797832565,159686.62883079518,-0.09321569403937545,-0.09275922255127209,2.603724420070648,-16088696163.504787,-1012214954.1446285,-193041231.75121716,-16091411456.813824,-1865156407.092543,16120506299.585249,16200296170.519648,-0.9754371338076163,-0.013780554207638806,0.21984652445493108,-0.014126158127557754,0.9999002208503383,0.0,0.21982458835566487,0.0031055867682443492,0.975534471807679,4524.069695604022,-537.6810494288536,-0.11829408716915253,1.0736709907662661e-10,199.2,0.0,-92.3,-0.7,0.0,3.059175339900695e-17,2.2996012469931113,1.5707963267948966,16.678135375872827,461.0,0.0005151806729351486,0.0003747291552445833,0.0,0.0011293607980994047,-1523.11210769382,-21.597546394177492,343.28316967119946,-0.003673798037643177,0.003872315107089772,-0.028064779295328444,-0.00367400056018647,0.0038721229569495894,-0.028064779295328444,-3.7676918053963e-19,-1.1779967184489456e-21,4.915813828800048e-20,-3.767691184134177e-19,-1.197702278944223e-21,4.915813828800048e-20,-1523.1157816943803,-21.593674271220543,343.2551048919041,-1678265.981040042,2.073328800182737,159121.6432642161,-0.09247112328807931,4553.693558042594
0.8423224628362348,2001.0,12.0,14.0,14.0,21.0,28.0,1.0,3468602.408970276,49153.88040311997,-781278.556292074,584.8848048651683,-283.5336764922453,4506.638796183698,3555842.3696776708,4553.2707826281785,3468605.3375598183,48946.784619885155,-781278.556292074,3555842.3696776708,588.3373388248244,-529.4315292392423,4506.638796183698,4575.612724835454,12759598.219821807,0.7241919425494028,1.6336281790502902,0.0,0.0,6.061215738944886,-0.22152423922772232,0.014110436704821948,159642.36967767077,-0.09315988493969177,-0.09270369017340424,2.9776286482810974,-16088696140.74391,-1012214951.0531456,-193048022.30311823,-16091406729.586708,-1865186249.198988,16120506276.675169,16200294991.761864,-0.975466563742599,-0.013765172786419682,0.2197168701724242,-0.014109968467754624,0.9999004494397624,0.0,0.21969499723490488,0.003100198109966642,0.975563681653655,4524.126563288171,-537.6802453331201,-0.11829243880092383,1.0787291796947691e-10,199.2,0.0,-92.3,-0.7,0.0,3.0591707683154454e-17,2.2996005003965814,1.5707963267948966,16.678255619556616,461.0,0.000517618931028138,0.0004286723216344839,0.0,0.0011346976183856507,-1523.1958204236337,-21.585346592047845,343.0892593665657,-0.003688924698625986,0.003890669640199908,-0.028197675208551886,-0.0036891569876098887,0.0038904493830501426,-0.028197675208551886,-3.7855290386509055e-19,-1.1800301037866396e-21,4.936087954807949e-20,-3.785528327357149e-19,-1.2026319071694686e-21,4.936087954807949e-20,-1523.1995095806212,-21.581456142664795,343.06106169135717,-1678266.0105028804,2.2618132365629857,159042.3191394257,-0.092367627033473,4553.755761145506
0.8749932762597289,2001.0,12.0,14.0,14.0,21.0,28.0,1.0,3468621.515869033,49144.617102320444,-781131.3203401001,584.7768556370402,-283.5352058225948,4506.663106579112,3555828.5326145845,4553.281074130049,3468624.557224911,48929.4875919452,-781131.3203401001,3555828.5326145845,588.2275067626013,-529.4357686367434,4506.663106579112,4575.623038344113,12759598.149530161,0.72419194103351,1.6336281790180598,0.0,0.0,6.0612573925393525,-0.2214826717292069,0.01410537281073645,159628.53261458455,-0.09314242985633342,-0.09268632163742863,3.0948788821697235,-16088696133.601578,-1012214950.0831882,-193050144.43605527,-16091405251.63765,-1865195579.0600362,16120506269.486027,16200294623.211134,-0.9754757647648571,-0.013760361936228566,0.2196763182407274,-0.01410490507760173,0.9999005208783281,0.0,0.2196544650335367,0.0030985136165824893,0.97557281389151,4524.144342524161,-537.6799939784186,-0.11829192346849586,1.0801467385415444e-10,199.18361802083507,0.0,-92.3,-0.6836180208350795,0.0,3.0591432651560563e-17,2.2995960087897913,1.5707963267948966,16.67897905676726,461.0,0.0005183025585652614,0.00044559472490746034,0.0,0.0011362018230586918,-1523.2219931393956,-21.581530666344236,343.0286069634645,-0.003693117969788763,0.00389582349792228,-0.02823508982257944,-0.0036933595878469797,0.0038955944373867835,-0.02823508982257944,-3.7905251750407993e-19,-1.180492309266794e-21,4.9416760597468554e-20,-3.7905244355902547e-19,-1.2040017462059121e-21,4.9416760597468554e-20,-1523.2256864989836,-21.577635071906847,343.0003718736419,-1678266.019748319,2.4502976729432344,158963.08276256092,-0.0922641349925396,4553.8178958283
0.9113555549474308,2001.0,12.0,14.0,14.0,21.0,28.0,1.0,3468642.7775035966,49134.30708520671,-780967.4473084125,584.6567070762213,-283.536907633135,4506.69015874181,3555813.1351093277,4553.2925262956305,3468645.9442949123,48910.23601521093,-780967.4473084125,3555813.1351093277,588.1052626033321,-529.4404858351975,4506.69015874181,4575.634514998266,12759598.071208363,0.7241919393444377,1.6336281789821385,0.0,0.0,6.06130375294139,-0.22143640714929153,0.014099736784138171,159613.13510932773,-0.09312300235090996,-0.09266699045851369,3.2255284786224365,-16088696125.643373,-1012214949.0022869,-193052505.4129496,-16091403606.99754,-1865205961.1335022,16120506261.475655,16200294213.08723,-0.9754860034815257,-0.013755007408089551,0.21963118353923308,-0.014099269611446436,0.9999006003580675,0.0,0.21960935227823206,0.003096639271800724,0.9755829760800235,4524.164126927107,-537.6797142978357,-0.11829135002569709,1.0816864890672246e-10,199.16162158475393,0.0,-92.3,-0.6616215847539344,0.0,3.0591066633324857e-17,2.2995900312583766,1.5707963267948966,16.67994192435123,461.0,0.000519045197615678,0.000464454824998619,0.0,0.0011378379190279194,-1523.2511179772941,-21.577283392799075,342.96109848261233,-0.003697659767490321,0.003901424252056091,-0.02827577410468579,-0.003697911788007101,0.0039011853786722482,-0.02827577410468579,-3.7959512887662625e-19,-1.180964828880268e-21,4.947720214409074e-20,-3.79595051795409e-19,-1.2054863044790763e-21,4.947720214409074e-20,-1523.2548158890822,-21.5733822074204,342.9328227085076,-1678266.030049963,2.6387821093234836,158883.93413362183,-0.09216064716049467,4553.879962088366
1.156783242324829,2001.0,12.0,14.0,14.0,21.0,29.0,1.0,3468786.168928224,49064.71786884261,-779861.3583699838,583.8457026898694,-283.5483852522738,4506.87260831863,3555709.292189952,4553.369763037192,3468790.1803547936,48780.29275694242,-779861.3583699838,3555709.292189952,587.2801133002646,-529.4722913630338,4506.87260831863,4575.711916894677,12759597.539669301,0.7241919278813278,1.6336281787383382,0.0,0.0,6.0616166735812085,-0.2211241332211636,0.014061697320310132,159509.29218995245,-0.09299187125207985,-0.09253650952139066,4.111514627933502,-16088696071.635334,-1012214941.6664337,-193068415.10961595,-16091392514.74768,-1865275980.907161,16120506207.113565,16200291446.808598,-0.9755550567572904,-0.0137188641557642,0.2193265237073611,-0.014061233918535827,0.9999011359632952,0.0,0.21930484020187097,0.003084001554388498,0.9756515136043424,4524.297559959505,-537.6778286438056,-0.11828748278613212,1.0920707810047552e-10,199.1,0.0,-92.3,-0.6,0.0,3.0589978482720366e-17,2.299572260410402,1.5707963267948966,16.68280515456285,461.0,0.0005240543516023685,0.0005924577143701136,0.0,0.001148830360807007,-1523.447555225744,-21.54861119854627,342.50536699725967,-0.003728078011730178,0.003939166858144667,-0.028549398544148195,-0.0037284009932568047,0.003938861159184598,-0.028549398544148195,-3.8325781082500443e-19,-1.1839861045561501e-21,4.988375136291205e-20,-3.832577124550687e-19,-1.215411526419031e-21,4.988375136291205e-20,-1523.4512836267372,-21.544672337387084,342.4768175987155,-1678266.0999631342,2.8272665457037323,158804.87325260838,-0.092057163532554,4553.941959923102
1.2042208717028338,2001.0,12.0,14.0,14.0,21.0,29.0,1.0,3468813.861465028,49051.2669531887,-779647.5621838851,583.6889351947495,-283.55060194739605,4506.907845186549,3555689.2374757538,4553.384679767082,3468818.035747045,48755.17570109234,-779647.5621838851,3555689.2374757538,587.1206116671109,-529.4784322289328,4506.907845186549,4575.726865520278,12759597.436246296,0.724191925650916,1.6336281786909423,0.0,0.0,6.061677158729998,-0.22106377306586358,0.014054345036452838,159489.23747575423,-0.09296652452106723,-0.09251128845817957,4.283605366945267,-16088696061.126877,-1012214940.2397401,-193071485.05553123,-16091390372.427128,-1865289503.8343544,16120506196.536263,16200290912.489708,-0.9755683930943357,-0.01371187762620799,0.21926763283097558,-0.014053882361175014,0.999901239318453,0.0,0.21924597781011598,0.003081561517419847,0.9756647504100476,4524.3233301313885,-537.6774645862921,-0.11828673595144584,1.0942300027709445e-10,199.1,0.0,-92.3,-0.6,0.0,3.0589957773414336e-17,2.299571922201769,1.5707963267948966,16.682859656466107,461.0,0.0005250956421882688,0.0006173415005599733,0.0,0.0011511092857874187,-1523.4854953315964,-21.543068240409948,342.4172641988166,-0.003734444082945694,0.0039470065802097234,-0.028606158235661455,-0.0037347809779968663,0.0039466878010883675,-0.028606158235661455,-3.840195893623061e-19,-1.184707003320487e-21,4.9969087953572255e-20,-3.8401948683908363e-19,-1.2174861497353882e-21,4.9969087953572255e-20,-1523.4892301125744,-21.539121552608858,342.38865804058094,-1678266.1135663297,3.015750982083981,158725.90011952058,-0.09195368410393387,4554.003889329905
1.2582147997962976,2001.0,12.0,14.0,14.0,21.0,29.0,1.0,3468845.3723061546,49035.95687427423,-779404.2154432092,583.5104962928541,-283.55312431440757,4506.947941063708,3555666.4175773077,4553.401653385169,3468849.731793848,48726.5868920539,-779404.2154432092,3555666.417577307,586.9390606940626,-529.4854191819467,4506.947941063708,4575.743875431961,12759597.318364685,0.7241919231086815,1.6336281786368756,0.0,0.0,6.061746004288069,-0.22099506977153188,0.014045976679044841,159466.4175773072,-0.09293767426200156,-0.09248258123568046,4.479857414960861,-16088696049.149603,-1012214938.6128873,-193074977.2579197,-16091387934.680906,-1865304891.4592984,16120506184.48047,16200290304.477243,-0.9755835684263617,-0.01370392527577272,0.21920060093102456,-0.014045514829739703,0.9999013568913523,0.0,0.21917897830233127,0.0030787852910645597,0.9756798125161131,4524.352653885165,-537.6770503753469,-0.11828588615259535,1.0968379911648921e-10,199.1,0.0,-92.3,-0.6,0.0,3.0589934208645186e-17,2.299571537359883,1.5707963267948966,16.68292167371008,461.0,0.0005263530184013044,0.000645727448353685,0.0,0.0011538613711759565,-1523.5286679041865,-21.536758787954575,342.3169783217129,-0.0037421980744971935,0.003956472358910774,-0.028674694449162208,-0.0037425509185287052,0.0039561385943638816,-0.028674694449162208,-3.8493943390333004e-19,-1.1856822363710309e-21,5.0073017932310646e-20,-3.849393266270767e-19,-1.220013145251178e-21,5.0073017932310646e-20,-1523.532410455105,-21.53280264936021,342.28830362726376,-1678266.1290712636,3.2042354184642297,158647.01473435844,-0.09185020886985094,4554.065750306169
1.336439245553368,2001.0,12.0,14.0,14.0,21.0,29.0,1.0,3468891.0069798855,49013.775945398615,-779051.659667169,583.2519715109369,-283.55677731542806,4507.006009666541,3555633.369312494,4553.426235199515,3468895.634488782,48685.16779285059,-779051.659667169,3555633.3693124936,586.6760271597844,-529.4955366497561,4507.006009666541,4575.768509807541,12759597.14707805,0.7241919194147082,1.6336281785583155,0.0,1.4901161193847656e-08,6.061845746802482,-0.22089553335749723,0.01403385305148011,159433.36931249406,-0.09289587632214116,-0.0924409905227116,4.764902830123901,-16088696031.746307,-1012214936.2490355,-193080032.78934926,-16091384404.19274,-1865327176.387951,16120506166.963089,16200289423.88162,-0.9756055459563642,-0.013692403781851164,0.21910348417553635,-0.014033392397055358,0.9999015271004592,0.0,0.2190819084201501,0.0030747651689973106,0.9757016261245753,4524.395121806165,-537.676450588047,-0.11828465547637661,1.1006149357149631e-10,199.1,0.0,-92.3,-0.6,0.0,3.0589900081607883e-17,2.2995709800230686,1.5707963267948966,16.68301148934869,461.0,0.0005281740271092347,0.0006869722806442858,0.0,0.0011578470721802583,-1523.5911936265488,-21.527617110636744,342.1716755184082,-0.0037534172004047377,0.0039701813881803825,-0.028773953072906568,-0.0037537932787177807,0.003969825809276933,-0.028773953072906568,-3.862716110957831e-19,-1.1870779232848688e-21,5.0223394428148303e-20,-3.8627149691077425e-19,-1.2236694151546742e-21,5.0223394428148303e-20,-1523.5949474198276,-21.523647284827465,342.1429015653353,-1678266.1516005453,3.3927198548444784,158568.21709712193,-0.09174673782552223,4554.1275428492945
1.367302765779862,2001.0,12.0,14.0,14.0,21.0,29.0,1.0,3468909.0066147903,49005.024362833195,-778912.5572426037,583.1499674239504,-283.55821818263144,4507.02891389437,3555620.33412121,4553.435931061876,3468913.7397746453,48668.825635069,-778912.5572426037,3555620.33412121,586.5722441094051,-529.499526885077,4507.02891389437,4575.778226401595,12759597.079336489,0.724191917953789,1.6336281785272462,0.0,1.4901161193847656e-08,6.0618851008040915,-0.22085626067095082,0.014029069711408717,159420.33412121003,-0.09287938467248512,-0.09242458063482037,4.877597600221634,-16088696024.863586,-1012214935.3141681,-193082026.20226467,-16091383011.636566,-1865335966.2867496,16120506160.03525,16200289076.53043,-0.9756142146239596,-0.013687857831170198,0.21906516558245412,-0.014028609527852804,0.9999015942155083,0.0,0.21904360830298017,0.003073179669110668,0.9757102301545946,4524.411872588562,-537.676214041233,-0.1182841700688057,1.1019665878789975e-10,199.08619160172861,0.0,-92.3,-0.586191601728607,0.0,3.058966680118221e-17,2.299567170264601,1.5707963267948966,16.68362546435837,461.0,0.0005288259704323978,0.0007032838940080977,0.0,0.0011592807900064608,-1523.6158563212132,-21.524010003215185,342.114342186411,-0.003757392774224135,0.003975096002567912,-0.02880962118774771,-0.0037577780135275426,0.003974731826233328,-0.02880962118774771,-3.8674811730639986e-19,-1.1874851520771695e-21,5.027640608293473e-20,-3.86748000401765e-19,-1.2249678639033489e-21,5.027640608293473e-20,-1523.6196140992267,-21.520035271388952,342.0855325652233,-1678266.1605105735,3.5812042912247275,158489.5072078111,-0.0916432709661652,4554.189266956674
1.410844543131425,2001.0,12.0,14.0,14.0,21.0,29.0,1.0,3468934.394867832,48992.67768978279,-778716.3124897438,583.006058826326,-283.560250524598,4507.061220293584,3555601.948151943,4553.449607032021,3468939.276985057,48645.770162032255,-778716.3124897438,3555601.9481519433,586.4258257475251,-529.5051546885301,4507.061220293584,4575.791931613552,12759596.983631922,0.7241919158898164,1.6336281784833508,0.0,1.4901161193847656e-08,6.061940621311503,-0.22080085487964984,0.014022321494642073,159401.94815194327,-0.09285611827940261,-0.09240142959018993,5.03677973151207,-16088696015.13981,-1012214933.9933859,-193084837.27475318,-16091381047.427479,-1865348364.4014843,16120506150.247728,16200288586.57984,-0.9756264417584962,-0.013681444343711293,0.2190111052488563,-0.014021861974830355,0.9999016888608394,0.0,0.21898957401761046,0.003070943488754507,0.9757223661358155,4524.435499550154,-537.6758804206889,-0.11828348541414478,1.1038051848056722e-10,199.05992593134755,0.0,-92.3,-0.5599259313475395,0.0,3.0589229667149624e-17,2.2995600313240856,1.5707963267948966,16.684776091733546,461.0,0.0005297129287950447,0.000726329174417667,0.0,0.0011612350468258122,-1523.6506434474923,-21.51892091032101,342.0334533692623,-0.0037627780809324045,0.003981785880402521,-0.028858219422713324,-0.003763176256594941,0.003981409567668003,-0.028858219422713324,-3.8739616151114184e-19,-1.187987142481223e-21,5.0348063872501805e-20,-3.8739604077055134e-19,-1.2267282986519363e-21,5.0348063872501805e-20,-1523.6544066237489,-21.514939500753343,342.0045951498396,-1678266.1730985679,3.769688727604976,158410.88506642592,-0.09153980828699768,4554.250922625708
1.6279435938221405,2001.0,12.0,14.0,14.0,21.0,29.0,1.0,3469060.8870394463,48931.11592906691,-777737.816299385,582.288482364852,-283.57037658687915,4507.222185723669,3555510.34353651,4553.517746385978,3469066.510226429,48530.81205170995,-777737.816299385,3555510.3435365097,585.6957350890485,-529.5331876549265,4507.222185723669,4575.860216659719,12759596.504117137,0.7241919055485174,1.6336281782633881,0.0,1.4901161193847656e-08,6.062217454797241,-0.22052459333369678,0.013988675718653632,159310.34353650967,-0.09274010818688405,-0.09228599462816425,5.833833545446396,-16088695966.421146,-1012214927.3753438,-193098832.25414228,-16091371260.667566,-1865410136.9862473,16120506101.20965,16200286145.214443,-0.975687362724953,-0.013649464454500361,0.2187415423254833,-0.013988219498666186,0.9999021600713027,0.0,0.21872014066857903,0.0030598047075256402,0.975782833247782,4524.553219889988,-537.6742186674617,-0.11828007436440478,1.1129656463490342e-10,199.0,0.0,-92.3,-0.5,0.0,3.0588180983377737e-17,2.2995429050184004,1.5707963267948966,16.687537116675646,461.0,0.0005341326031002762,0.0008418092130326133,0.0,0.001170937042447485,-1523.8239761695547,-21.49354250656493,341.630075182154,-0.0037894336481034126,0.004015092128743747,-0.02909972002072429,-0.0037898969343271548,0.004014654829852246,-0.02909972002072429,-3.9062761636612516e-19,-1.1903519069771333e-21,5.070420126768499e-20,-3.906274764077758e-19,-1.235427389875516e-21,5.070420126768499e-20,-1523.827766066489,-21.489527851735076,341.60097546213325,-1678266.236169016,3.958173163985225,158332.3506729664,-0.09143634978323784,4554.312509853796
1.8490118517982586,2001.0,12.0,14.0,14.0,21.0,29.0,1.0,3469189.5317634596,48868.42638156917,-776741.3944473583,581.5577026696332,-283.5806754838558,4507.385898717302,3555417.1800566823,4553.587047701827,3469195.9067772483,48413.745921686335,-776741.3944473583,3555417.1800566823,584.952211500012,-529.5616865266603,4507.385898717302,4575.929666147776,12759596.011492187,0.7241918949244354,1.6336281780375428,0.0,1.4901161193847656e-08,6.062499364248621,-0.22024326622688858,0.01395441615706249,159217.18005668232,-0.09262197026177879,-0.09216844235509715,6.651135444641113,-16088695916.37151,-1012214920.5785488,-193113047.1671217,-16091361306.541136,-1865472963.0282362,16120506050.832,16200283661.788912,-0.9757493230996708,-0.013616895984317232,0.2184670195116105,-0.0139539632808257,0.9999026387147687,0.0,0.21844574928181018,0.0030484807683364445,0.9758443325580743,4524.672949433609,-537.6725294005598,-0.11827660546036486,1.122281994331767e-10,199.0,0.0,-92.2102572238319,-0.4102572238319009,0.0,3.058808480414371e-17,2.299541334292309,1.5707963267948966,16.687790389471317,461.0,0.0005386281839908327,0.0009603858911758561,0.0,0.0011808135172030308,-1524.0002798061132,-21.46769289982795,341.21920743633706,-0.0038165311156080966,0.0040484267671414415,-0.029345852424092732,-0.003817061679047191,0.004047926528935712,-0.029345852424092732,-3.939297393572782e-19,-1.1926832102610834e-21,5.106740793656227e-20,-3.9392957965811454e-19,-1.2443125468936464e-21,5.106740793656227e-20,-1524.0040968677922,-21.46364497329901,341.18986158391294,-1678266.3009638414,4.146657600365474,158253.9040274325,-0.09133289545010426,4554.374028638335
1.8876906196212788,2001.0,12.0,14.0,14.0,21.0,29.0,1.0,3469212.023225851,48857.457795650625,-776567.0537613088,581.4298345639929,-283.582476134041,4507.414522170641,3555400.8919198657,4553.5991641740075,3469218.5294919354,48393.263031835406,-776567.0537613088,3555400.8919198657,584.8221135910741,-529.5666679392224,4507.414522170641,4575.94180852556,12759595.924893672,0.7241918930568202,1.6336281779978392,0.0,1.4901161193847656e-08,6.062548689491233,-0.2201940428668266,0.013948422141718136,159200.89191986574,-0.09260129978749224,-0.09214787434892324,6.794705957174301,-16088695907.573477,-1012214919.3837153,-193115530.52683672,-16091359566.141308,-1865483947.3859,16120506041.976305,16200283227.552923,-0.975760156154601,-0.013611197303183366,0.21841898491001777,-0.013947969848815748,0.9999027223370764,0.0,0.2183977376216276,0.0030465014159338694,0.9758550850566273,4524.693882833989,-537.672234138692,-0.11827599899818816,1.1240409234439161e-10,199.0,0.0,-92.2,-0.4,0.0,3.0588067988714157e-17,2.2995410596755046,1.5707963267948966,16.687834671064365,461.0,0.0005394766540878237,0.0009812353192726721,0.0,0.0011826749130782455,-1524.0311058649913,-21.46316942739654,341.1473088985998,-0.003821691347701852,0.004054755135976582,-0.02939222731972388,-0.0038222338558080355,0.004054243742221538,-0.02939222731972388,-3.94551990956971e-19,-1.1932079472055437e-21,5.11365725250078e-20,-3.9455182776908473e-19,-1.2460005575770272e-21,5.11365725250078e-20,-1524.034928098847,-21.45911518365432,341.1179166712801,-1678266.3123541214,4.335142036745722,158175.54512982428,-0.09122944528281597,4554.435478976727
1.9290903307142415,2001.0,12.0,14.0,14.0,21.0,29.0,1.0,3469236.0914199273,48845.717523179155,-776380.4474682399,581.2929684279513,-283.58440303380854,4507.445152515679,3555383.461926709,4553.612130136351,3469242.7380759795,48371.339014436824,-776380.4474682399,3555383.4619267094,584.6828607605509,-529.5719981843032,4507.445152515679,4575.954802209605,12759595.832053818,0.7241918910546004,1.63362817795527,0.0,0.0,6.062601485126942,-0.2201413562786935,0.013942006510527934,159183.46192670893,-0.09257917496980744,-0.09212585920791723,6.948602080345154,-16088695898.141428,-1012214918.1027054,-193118187.35566345,-16091357703.705084,-1865495701.863059,16120506032.482431,16200282762.857752,-0.9757717487373221,-0.013605097602671458,0.21836757013194552,-0.013941554841436147,0.9999028118015286,0.0,0.21834634738119982,0.0030443834545856724,0.9758665914532938,4524.716283942321,-537.6719182039798,-0.11827535002741978,1.1260329226618366e-10,199.0,0.0,-92.2,-0.4,0.0,3.058804999445167e-17,2.2995407658068965,1.5707963267948966,16.687882057255052,461.0,0.0005404373003781859,0.0010035894356968044,0.0,0.0011847775130163416,-1524.06409366629,-21.45832749479278,341.07034858115316,-0.003827560912924087,0.004061986700384274,-0.029444594999938567,-0.003828116307007693,0.0040614632875682595,-0.029444594999938567,-3.952547928234926e-19,-1.1938670333862757e-21,5.121525100442415e-20,-3.952546258808147e-19,-1.2479135597801546e-21,5.121525100442415e-20,-1524.067921782597,-21.454266031505213,341.04090398615324,-1678266.324565323,4.523626473125971,158097.2739801417,-0.09112599927659235,4554.496860866369
2.0871496238158977,2001.0,12.0,14.0,14.0,21.0,30.0,1.0,3469327.9288779385,48800.89379173872,-775667.9946354759,580.7704021597441,-283.5917557081512,4507.562032006585,3555316.9539759997,4553.661605380636,3469335.1106178313,48287.63363136701,-775667.9946354759,3555316.9539759993,584.1511820775504,-529.5923332635157,4507.562032006585,4576.004383232322,12759595.476083143,0.7241918833775774,1.633628177792047,0.0,1.4901161193847656e-08,6.062803057491975,-0.21994020022575447,0.013917512816058693,159116.95397599926,-0.09249470276535028,-0.09204180573838935,7.538331896066666,-16088695861.977123,-1012214913.1910015,-193128319.1446397,-16091350596.894337,-1865540554.3706253,16120505996.08108,16200280989.533138,-0.975815983646124,-0.013581808389084904,0.21817126424355135,-0.013917063523285339,0.9999031529817719,0.0,0.2181501350071463,0.0030363033434329754,0.9759104976678806,4524.801762187047,-537.6707129333381,-0.11827287379990947,1.13363383131437e-10,198.96707710857038,0.0,-92.2,-0.3670771085703759,0.0,3.0587457119296673e-17,2.299531083420834,1.5707963267948966,16.689443494241026,461.0,0.0005441028450549624,0.0010893002940061877,0.0,0.0011928175472498512,-1524.1899727324183,-21.439839214566465,340.7764857717638,-0.0038499861034639845,0.004089594848512794,-0.029644735246180973,-0.003850591084542989,0.00408902522876617,-0.029644735246180973,-3.9793539191627917e-19,-1.1963580039892525e-21,5.151515426742816e-20,-3.9793521056979655e-19,-1.2552293846488924e-21,5.151515426742816e-20,-1524.1938233235028,-21.4357501893377,340.74684103651765,-1678266.3713860586,4.712110909506221,158019.09057838478,-0.09102255742665308,4554.558174304666
2.328911688832798,2001.0,12.0,14.0,14.0,21.0,30.0,1.0,3469468.240501461,48732.33070496756,-774578.215538786,579.9710192839975,-283.6029898232095,4507.740611785191,3555215.341423286,4553.737197312061,3469476.2379007577,48159.594539889345,-774578.215538786,3555215.3414232857,583.3378602704802,-529.6233905596762,4507.740611785191,4576.080136775403,12759594.9269328,0.7241918715342918,1.633628177540248,0.0,1.4901161193847656e-08,6.0631113902218186,-0.21963250421458697,0.013880049453228781,159015.34142328566,-0.09236549018862514,-0.09191323365065832,8.447002589702606,-16088695806.188555,-1012214905.6139293,-193143780.612748,-16091339738.073465,-1865609083.413622,16120505939.92683,16200278279.653316,-0.9758835695482223,-0.013546182133825193,0.21787097015301843,-0.013879603778912848,0.9999036736600884,0.0,0.2178499834398906,0.003023962740651243,0.9759775818965222,4524.932363907015,-537.6688722467251,-0.11826909074689401,1.1452466944816385e-10,198.9,0.0,-92.2,-0.3,0.0,3.0586284087346824e-17,2.299511926355292,1.5707963267948966,16.692533766286257,461.0,0.0005497035300118108,0.001221520870851122,0.0,0.0012051111172390618,-1524.3823151025717,-21.41155299627286,340.3268891893279,-0.0038841833876427086,0.00413178684674058,-0.029950710638405306,-0.0038848654049514365,0.004131145594281272,-0.029950710638405306,-4.020305806836834e-19,-1.2000227574890913e-21,5.1972131258038544e-20,-4.0203037710755256e-19,-1.2663894492658937e-21,5.1972131258038544e-20,-1524.3861999679766,-21.407421850678578,340.2969384786895,-1678266.4436156675,4.900595345886469,157940.9949245535,-0.09091911972821837,4554.619419289017
2.5429186277482727,2001.0,12.0,14.0,14.0,21.0,30.0,1.0,3469592.2825995414,48671.636634281596,-773613.5108718829,579.2633242122224,-283.61292182522976,4507.89849308966,3555125.5111304405,4553.8040265478785,3469600.999205807,48046.24852181769,-773613.5108718829,3555125.5111304405,582.6178256041092,-529.6508353978375,4507.89849308966,4576.14710888421,12759594.43612995,0.7241918609492963,1.633628177315198,0.0,1.4901161193847656e-08,6.063384339962446,-0.21936011803672525,0.013846888376109813,158925.5111304405,-0.09225110481652407,-0.09179941524366508,9.258036673069,-16088695756.329123,-1012214898.8419476,-193157430.99823353,-16091330137.504375,-1865669668.5687435,16120505889.740568,16200275883.438646,-0.9759433213660469,-0.013514641992636764,0.21760511927070988,-0.013846445888453742,0.9999041333729239,0.0,0.21758425820189092,0.003013057509032407,0.976036890730663,4525.047827897181,-537.6672457545957,-0.11826574654158034,1.1555130136639407e-10,198.9,0.0,-92.2,-0.19358732920074126,0.0,3.058619137327191e-17,2.299510412219543,1.5707963267948966,16.692778065807737,461.0,0.0005546555525891652,0.001339691231158608,0.0,0.0012160051076557342,-1524.5523760852034,-21.38650689618047,339.9287928112655,-0.003914454214141033,0.004169160785509331,-0.0302220633923163,-0.003915205633748104,0.004168455144955069,-0.0302220633923163,-4.056719433156601e-19,-1.203212354021067e-21,5.237788835788755e-20,-4.056717198489398e-19,-1.2763339203847657e-21,5.237788835788755e-20,-1524.5562912908372,-21.382338441035515,339.8985707478732,-1678266.5081708468,5.089079782266718,157862.9870186479,-0.09081568617650872,4554.680595816823
2.5734279064623125,2001.0,12.0,14.0,14.0,21.0,30.0,1.0,3469609.9539666064,48662.98378701714,-773475.9777972132,579.1624272871242,-283.6143368039326,4507.920985918031,3555112.7136681005,4553.8135474020055,3469618.772889454,48030.08919722674,-773475.9777972132,3555112.713668101,582.5151694516736,-529.6547443985507,4507.920985918031,4576.156650092455,12759594.365808634,0.7241918594326929,1.6336281772829535,0.0,1.4901161193847656e-08,6.06342325337267,-0.21932128496476327,0.013842160967318617,158912.713668101,-0.09223479727426163,-0.09178318852963846,9.374153524637222,-16088695749.185474,-1012214897.8716849,-193159374.27090874,-16091328769.716879,-1865678299.8626785,16120505882.550093,16200275542.025986,-0.9759518339742214,-0.013510145265596983,0.21756721659582906,-0.013841718932708575,0.9999041988195608,0.0,0.21754637339965432,0.003011504261091194,0.9760453402699814,4525.064277655388,-537.6670140984013,-0.11826527013187248,1.1567286331899012e-10,198.9,0.0,-92.2,-0.17839208512623428,0.0,3.058617816495348e-17,2.299510196511333,1.5707963267948966,16.69281287003669,461.0,0.0005552425286108617,0.0013566219149837796,0.0,0.0012172973668509142,-1524.5766050478476,-21.382935718377034,339.87203056297466,-0.003917923167095455,0.004173594677065441,-0.030254266737204077,-0.003918684409999361,0.004172879936748745,-0.030254266737204077,-4.0610406380463505e-19,-1.203398045805503e-21,5.2424408032438734e-20,-4.061038375357438e-19,-1.2774757288992892e-21,5.2424408032438734e-20,-1524.5805237322577,-21.378762838440284,339.84177629623747,-1678266.517420197,5.277564218646967,157785.06686066792,-0.090712256766745,4554.741703885489
2.6299727098994823,2001.0,12.0,14.0,14.0,21.0,30.0,1.0,3469642.697305218,48646.94679596091,-773221.0771127713,578.9754243032072,-283.6169586489687,4507.96266338057,3555089.0012048124,4553.831188747955,3469651.705716029,48000.13976903973,-773221.0771127713,3555089.0012048124,582.3249059335135,-529.6619868293626,4507.96266338057,4576.1743291526545,12759594.23526848,0.7241918566173607,1.6336281772230974,0.0,1.4901161193847656e-08,6.063495374832134,-0.21924931239852125,0.013833399425929503,158889.00120481197,-0.09220457311490225,-0.09175311417475257,9.589648932218552,-16088695735.924524,-1012214896.0705572,-193162974.04601032,-16091326235.29807,-1865694292.9312403,16120505869.202215,16200274909.39615,-0.975967607151374,-0.01350181099622895,0.21749696754447734,-0.013832958230154305,0.9999043200559755,0.0,0.21747615744679719,0.0030086264672279815,0.9760609966128944,4525.094757768686,-537.6665849002677,-0.1182643874003111,1.1590998795188039e-10,198.9,0.0,-92.2,-0.1487515060149514,0.0,3.058615369119612e-17,2.299509796824544,1.5707963267948966,16.692877359359546,461.0,0.0005563871937768159,0.0013880506760966947,0.0,0.0012198176948024584,-1524.6215000483949,-21.37631666062817,339.7668236479528,-0.003924752565246918,0.004182240545566504,-0.030317065982422696,-0.003925532144776273,0.00418150882573753,-0.030317065982422696,-4.069467465288419e-19,-1.2038610911972988e-21,5.251598065638059e-20,-4.0694651503556613e-19,-1.2797235420704679e-21,5.251598065638059e-20,-1524.6254255805397,-21.372135151802432,339.73650658197033,-1678266.534590112,5.466048655027215,157707.2344506136,-0.09060883149414856,4554.802743492417
2.7100838547359554,2001.0,12.0,14.0,14.0,21.0,30.0,1.0,3469689.0690766335,48624.22576796457,-772859.9366984591,578.7104741172451,-283.6206718161526,4508.021688773338,3555055.4191397573,4553.856173045573,3469698.3456332153,47957.70753006301,-772859.9366984591,3555055.4191397578,582.0553362101765,-529.6722424356908,4508.021688773338,4576.199366862026,12759594.049862789,0.7241918526187476,1.6336281771380843,0.0,1.4901161193847656e-08,6.063597556206249,-0.21914734196600763,0.013820986464070338,158855.4191397573,-0.09216175157776671,-0.09171050487726057,9.89558956027031,-16088695717.090225,-1012214893.5124387,-193168070.0704064,-16091322645.9139,-1865716942.8872318,16120505850.244457,16200274013.397821,-0.9759899457412126,-0.013490002792043024,0.21739743705190215,-0.013820546454901252,0.9999044916869251,0.0,0.21737667378942252,0.0030045513779522843,0.9760831697981808,4525.1379249777065,-537.6659771467491,-0.11826313727970636,1.1624580860242708e-10,198.9,0.0,-92.2,-0.10677392469661592,0.0,3.058611903093259e-17,2.2995092307794844,1.5707963267948966,16.69296869141594,461.0,0.0005580083367642197,0.0014326881573826524,0.0,0.0012233872088639132,-1524.6850836244432,-21.3669381478417,339.6177564488981,-0.003934415212772424,0.0041944856243141425,-0.030406009022220428,-0.003935220888864705,0.004193729757020112,-0.030406009022220428,-4.0814024243187716e-19,-1.2045014973484008e-21,5.2645544944214916e-20,-4.0814000352013154e-19,-1.2829040476963602e-21,5.2645544944214916e-20,-1524.6890188453322,-21.36274441808468,339.5873504398759,-1678266.5589764789,5.6545330914074645,157629.48978848496,-0.09050541035394108,4554.863714635008
2.7632938844757367,2001.0,12.0,14.0,14.0,21.0,30.0,1.0,3469719.8575960645,48609.134237987404,-772620.0636876177,578.5344874112104,-283.6231372094072,4508.060879265607,3555033.122340842,4553.872761534917,3469729.3120512236,47929.52347314145,-772620.0636876177,3555033.122340842,581.8762811301584,-529.6790508186328,4508.060879265607,4576.215990814134,12759593.926405106,0.7241918499561525,1.6336281770814758,0.0,2.580956827951785e-08,6.063665426405088,-0.21907961187101077,0.013812741841454177,158833.12234084262,-0.09213330890487528,-0.09168220317496206,10.099227279424667,-16088695704.548983,-1012214891.8090503,-193171452.2463774,-16091320262.684385,-1865731981.4797723,16120505837.621006,16200273418.462927,-0.976004777633844,-0.01348215946904648,0.21733132634749666,-0.013812302619245464,0.9999046055981312,0.0,0.21731059415561238,0.003001846048153619,0.9760978919084079,4525.166586257886,-537.6655736843285,-0.11826230727653993,1.164928875332273e-10,198.8758890583466,0.0,-92.2,-0.1,0.0,3.058571204621065e-17,2.299502584214577,1.5707963267948966,16.694041200343445,461.0,0.0005592003415987364,0.0014624109968069457,0.0,0.0012259999304752404,-1524.7273014546079,-21.360708389893208,339.5187372770463,-0.003941580908324441,0.004203456056029831,-0.03047101255012462,-0.003942404158570142,0.004202683942712137,-0.03047101255012462,-4.090085376827672e-19,-1.2051201846834948e-21,5.274109519957415e-20,-4.0900829379161295e-19,-1.285232169209123e-21,5.274109519957415e-20,-1524.7312438587664,-21.356505705950497,339.48826626449613,-1678266.5752148423,5.843017527787713,157551.83287428197,-0.09040199334134452,4554.924617310671
2.826275063651263,2001.0,12.0,14.0,14.0,21.0,30.0,1.0,3469756.287820529,48591.27122649135,-772336.1392372083,578.3261773348281,-283.6260544010635,4508.107251668805,3555006.7398644043,4553.892389887435,3469765.952631427,47896.163408252476,-772336.1392372083,3555006.7398644043,581.6643391559024,-529.6871059240116,4508.107251668805,4576.23566112768,12759593.779930769,0.7241918467971544,1.6336281770143122,0.0,2.580956827951785e-08,6.063745760951831,-0.21899944315149775,0.01380298333093939,158806.7398644043,-0.092099642688918,-0.09164870381702028,10.340751558542252,-16088695689.669754,-1012214889.7880741,-193175452.80522427,-16091317442.686886,-1865749775.9199758,16120505822.644238,16200272714.470924,-0.9760223275311628,-0.01347287555637077,0.21725307313107003,-0.013802545038980443,0.9999047403380219,0.0,0.21723237767675987,0.002998645326748506,0.9761153119458305,4525.2004998877555,-537.6650963481152,-0.11826132519748453,1.1679440154966505e-10,198.83819980629187,0.0,-92.2,-0.1,0.0,3.058508456851809e-17,2.299492336726191,1.5707963267948966,16.69569504506375,461.0,0.0005606547288727101,0.001497675841369198,0.0,0.001229183646284623,-1524.7772568901553,-21.353334097154697,339.4015262446456,-0.003950339682885374,0.00421438960113623,-0.030550188173730352,-0.0039511838851176056,0.004213598132989316,-0.030550188173730352,-4.1006474267573e-19,-1.2059179102428729e-21,5.285770445865591e-20,-4.1006449286189107e-19,-1.2880674046656108e-21,5.285770445865591e-20,-1524.7812080740405,-21.34912049902171,339.3709760564719,-1678266.5944805816,6.031501964167962,157474.2637080046,-0.09029858045158146,4554.985451516806
2.9866921200607943,2001.0,12.0,14.0,14.0,21.0,30.0,1.0,3469849.0186452265,48545.77217395275,-771612.9524713979,577.7955675358497,-283.6334801151244,4508.225292730014,3554939.584945268,4553.942353490755,3469859.2182122143,47811.19091725044,-771612.9524713979,3554939.5849452675,581.1244783533656,-529.7076055220529,4508.225292730014,4576.285731540373,12759593.405177498,0.7241918387148599,1.633628176842452,0.0,2.580956827951785e-08,6.063950383513719,-0.21879524294005046,0.01377812828444577,158739.584945268,-0.09201389019358298,-0.09156337632199382,10.958354026079178,-16088695651.602053,-1012214884.61711,-193185629.2747338,-16091310264.25234,-1865795071.3590548,16120505784.326967,16200270922.305552,-0.9760670006620202,-0.013449227412956597,0.2170537456498794,-0.013777692355909288,0.9999050830920633,0.0,0.21703314357948622,0.002990499732261822,0.9761596547180986,4525.286827038259,-537.663881597267,-0.11825882544771182,1.1756188633979426e-10,198.8,0.0,-92.14226420752571,-0.04226420752571672,0.0,3.0584406841248873e-17,2.2994812685999415,1.5707963267948966,16.69748171492101,461.0,0.0005643572371701618,0.0015879113858951785,0.0,0.0012373142782887954,-1524.9044230446516,-21.33454865338262,339.10294015086134,-0.0039727468348618,0.004241899517244473,-0.030752645757089265,-0.003973644772016729,0.004241058376646973,-0.030752645757089265,-4.1277448201414605e-19,-1.2080016165261277e-21,5.3157192014368355e-20,-4.1277421702566706e-19,-1.2953875094356883e-21,5.3157192014368355e-20,-1524.9083966894236,-21.330307595005973,339.07218750510424,-1678266.6437717974,6.219986400548211,157396.7822896529,-0.09019517167987458,4555.046217250822
3.2083085969462934,2001.0,12.0,14.0,14.0,21.0,31.0,1.0,3469976.986428705,48482.9131857842,-770613.8374135502,577.0624563038609,-283.64372798288855,4508.388195623174,3554846.911700848,4554.011304919418,3469987.922320951,47693.79584966691,-770613.8374135502,3554846.911700848,580.3785860647683,-529.7358849600065,4508.388195623174,4576.354830365679,12759592.883187244,0.7241918274570633,1.6336281766032335,0.0,2.9802322387695312e-08,6.064233082681009,-0.21851312720355753,0.013743792165882248,158646.91170084756,-0.0918954170297253,-0.09144549030250508,11.817033678293228,-16088695598.578857,-1012214877.4172225,-193199656.9115938,-16091300357.30678,-1865857580.6305146,16120505730.956316,16200268448.630363,-0.9761286515319176,-0.01341655408357582,0.21677834701603038,-0.01374335948830898,0.9999055555751128,0.0,0.21675787350971845,0.002979262752322698,0.9762208501486728,4525.405962886843,-537.662205906614,-0.11825537597880628,1.186210091331705e-10,198.8,0.0,-92.1,0.0,0.0,3.058431121786588e-17,2.299479706951586,1.5707963267948966,16.6977338356232,461.0,0.0005694673329231659,0.0017135485350488271,0.0,0.0012485183458131183,-1525.0799296153266,-21.308590263885588,338.69034334225285,-0.004003529687416045,0.004280113104102822,-0.031031791162257967,-0.004004502935040421,0.004279202540799742,-0.031031791162257967,-4.1651985108945213e-19,-1.2107266971111035e-21,5.3569822423101816e-20,-4.165195649846262e-19,-1.3054484793587774e-21,5.3569822423101816e-20,-1525.0839341182616,-21.304311061344787,338.6593115510906,-1678266.7124290671,6.408470836928459,157319.38861922687,-0.09009176702144715,4555.106914510124
3.2483631464449103,2001.0,12.0,14.0,14.0,21.0,31.0,1.0,3470000.0977515317,48471.55192698565,-770433.2553663555,576.9299461417954,-283.64557882985645,4508.417617209455,3554830.174666049,4554.023757986939,3470011.1664235955,47672.577415187436,-770433.2553663555,3554830.1746660485,580.2437657822426,-529.7409910819895,4508.417617209455,4576.367310053495,12759592.788352929,0.7241918254117576,1.6336281765597642,0.0,2.580956827951785e-08,6.064284178772704,-0.21846213655357954,0.013737586465256255,158630.17466604803,-0.09187400367802773,-0.09142418307087603,11.972944498062134,-16088695588.945894,-1012214876.1090367,-193202188.38388404,-16091298567.995314,-1865868870.2107396,16120505721.260221,16200268001.81978,-0.976139786129046,-0.013410648349654547,0.21672856859856393,-0.013737154373512219,0.9999056408430339,0.0,0.2167081182735405,0.0029772338039888054,0.9762319025483738,4525.427479767607,-537.6619033534794,-0.11825475301596969,1.1882632572223955e-10,198.78596380864005,0.0,-92.1,0.014036191359952556,0.0,3.058407037721785e-17,2.299475773725317,1.5707963267948966,16.698368871329244,461.0,0.0005704575914594989,0.0017363776698202616,0.0,0.0012506936895670942,-1525.1116288333892,-21.303897818143703,338.61575904869846,-0.004009562799565846,0.004287573592363817,-0.0310859251762762,-0.004010549914148797,0.004286650270283191,-0.0310859251762762,-4.172438816294945e-19,-1.2113471929252488e-21,5.365038345924147e-20,-4.1724359165454863e-19,-1.3074182504767808e-21,5.365038345924147e-20,-1525.1156393833035,-21.29961116787342,338.5846731235222,-1678266.7249026056,6.5969552733087085,157242.0826967265,-0.08998836647152272,4555.1675432921165
3.2922667723997225,2001.0,12.0,14.0,14.0,21.0,31.0,1.0,3470025.4238796695,48459.09881306317,-770235.3187778466,576.7846991367645,-283.64760706643455,4508.449858638534,3554811.833687103,4554.03740454672,3470036.6379848463,47649.31974203381,-770235.3187778466,3554811.8336871034,580.0959866299764,-529.7465861045866,4508.449858638534,4576.380985784673,12759592.684217244,0.7241918231658452,1.633628176512028,0.0,2.9802322387695312e-08,6.064340185539257,-0.21840624535883849,0.0137307844736257,158611.83368710335,-0.09185053233435324,-0.09140082804522424,12.144116818904877,-16088695578.368208,-1012214874.6724899,-193204961.76454762,-16091296607.177004,-1865881241.778312,16120505710.613205,16200267512.168333,-0.9761519878777024,-0.01340417495252097,0.21667400549270344,-0.013730353023394124,0.9999057342599116,0.0,0.21665358055721776,0.0029750105864076557,0.9762440142422119,4525.451058875497,-537.6615718344718,-0.11825407036051157,1.190621383086708e-10,198.7597624101477,0.0,-92.1,0.0402375898523123,0.0,3.058363409467397e-17,2.299468648690667,1.5707963267948966,16.69951936544988,461.0,0.0005715946562716758,0.0017614478432724627,0.0,0.0012531972751364884,-1525.146366647571,-21.298754175445435,338.53400318441084,-0.004016555866367432,0.0042961441742160635,-0.03114818661216703,-0.0040175583208266995,0.004295206739152075,-0.03114818661216703,-4.1807488355138775e-19,-1.2121402508070193e-21,5.374353305622199e-20,-4.180745892980471e-19,-1.3097036929390906e-21,5.374353305622199e-20,-1525.150384205892,-21.294458968706284,338.5028549977987,-1678266.7385995537,6.785439709688957,157164.86452215177,-0.08988497002532526,4555.228103594209
3.4058400553853305,2001.0,12.0,14.0,14.0,21.0,31.0,1.0,3470090.9098740565,48426.88372526986,-769723.2745915503,576.408947643103,-283.65285158855727,4508.533227099562,3554764.40925497,4554.07269100946,3470102.4996810453,47589.15386156431,-769723.2745915503,3554764.4092549705,579.7136846190198,-529.7610511194343,4508.533227099562,4576.416347676261,12759592.413863657,0.7241918173350693,1.6336281763880984,0.0,2.9802322387695312e-08,6.064485070836316,-0.21826165902087233,0.013713188805576003,158564.40925497003,-0.09178981360462955,-0.0913404102170842,12.588290840387344,-16088695550.907055,-1012214870.9430251,-193212129.58429658,-16091291536.903727,-1865913231.456196,16120505682.972065,16200266245.959394,-0.9761835385339449,-0.013387428358870718,0.21653285168140687,-0.013712759011888495,0.9999059756998564,0.0,0.21651249233156944,0.002969262813264127,0.9762753321387967,4525.512028652003,-537.6607147604341,-0.11825230524703488,1.1966389422891387e-10,198.7,0.0,-92.1,0.10798677861423338,0.0,3.058263313153981e-17,2.2994523017221393,1.5707963267948966,16.702159566425834,461.0,0.0005744965641128609,0.0018265326667396306,0.0,0.0012595871468323173,-1525.2361923782262,-21.285446883163775,338.32248981786057,-0.00403435312203706,0.0043180220298624375,-0.03130712582078708,-0.004035395435352332,0.004317047954795623,-0.03130712582078708,-4.201973684844845e-19,-1.2140832155817713e-21,5.398074984654346e-20,-4.2019706314312466e-19,-1.3155246987106155e-21,5.398074984654346e-20,-1525.2402277736614,-21.28112983520898,338.2911826920398,-1678266.7741591092,6.973924146069206,157087.73409550267,-0.08978157767807908,4555.288595413807
3.4451850518726137,2001.0,12.0,14.0,14.0,21.0,31.0,1.0,3470113.5861211964,48415.723369092324,-769545.8857996215,576.2787715401544,-283.65466767347624,4508.562096129534,3554747.9872985915,4554.084910020532,3470125.305908406,47568.31031634046,-769545.8857996215,3554747.9872985915,579.5812391766335,-529.7660593094511,4508.562096129534,4576.428592806593,12759592.319897456,0.7241918153084752,1.6336281763450247,0.0,2.9802322387695312e-08,6.064535264100182,-0.21821156932123895,0.013707093252070913,158547.98729859106,-0.09176877849978726,-0.09131947935345813,12.742600053548813,-16088695541.362541,-1012214869.6467912,-193214610.5086862,-16091289781.13357,-1865924308.859783,16120505673.364994,16200265807.46506,-0.9761944639415934,-0.013381626626221034,0.21648395007164292,-0.013706664031258841,0.9999060592681366,0.0,0.2164636134109365,0.002967272771791823,0.976286176979567,4525.53314139944,-537.6604180223379,-0.11825169404179094,1.1985157373038774e-10,198.7,0.0,-92.1,0.13144671629846844,0.0,3.058261619131668e-17,2.2994520250673007,1.5707963267948966,16.702204256442037,461.0,0.000575402211323861,0.0018491537791093277,0.0,0.001261582107273086,-1525.267298195273,-21.280836416622716,338.2492085461903,-0.004039821450891393,0.004324861566279223,-0.03135682543275098,-0.004040877473931315,0.004323874901432266,-0.03135682543275098,-4.2086422542085294e-19,-1.2145488829261233e-21,5.4054055108955476e-20,-4.208639162754353e-19,-1.3173250877857533e-21,5.4054055108955476e-20,-1525.271339072747,-21.276512541721285,338.21785172075755,-1678266.7865184657,7.162408582449455,157010.69141677924,-0.0896781894250089,4555.34901874832
3.545657679622253,2001.0,12.0,14.0,14.0,21.0,31.0,1.0,3470171.4696636125,48387.22360634505,-769092.8950160003,575.9463376799561,-283.6593034972451,4508.635788599073,3554706.0685012676,4554.116100692195,3470183.520967297,47515.08268604744,-769092.8950160003,3554706.0685012676,579.2430101310653,-529.7788416102301,4508.635788599073,4576.459850150546,12759592.079266377,0.7241918101187111,1.6336281762347196,0.0,2.9802322387695312e-08,6.064663441308117,-0.21808365656981954,0.013691527648474562,158506.06850126758,-0.09171506161028141,-0.09126602865854128,13.13759469985962,-16088695516.920946,-1012214866.3273673,-193220940.71567726,-16091285299.219378,-1865952585.4346566,16120505648.7632,16200264688.081333,-0.976222352592543,-0.01336681058022913,0.2163590688498936,-0.013691099888246834,0.9999062724995028,0.0,0.21633879005516038,0.002962193623351967,0.9763138600503463,4525.587034781557,-537.6596606748628,-0.1182501339024313,1.203306456997991e-10,198.7,0.0,-92.1,0.19133071247488825,0.0,3.058257294954297e-17,2.299451318875544,1.5707963267948966,16.702318333725803,461.0,0.0005777140382944524,0.0019070821645162967,0.0,0.0012666747339795355,-1525.3467021389258,-21.269061946599383,338.0620586926948,-0.004053766574337373,0.004342321162158558,-0.03148369754399026,-0.004054857778359772,0.004341302213831728,-0.03148369754399026,-4.22566560746638e-19,-1.2157153119184614e-21,5.424099792202758e-20,-4.225662418619892e-19,-1.3219166375330435e-21,5.424099792202758e-20,-1525.3507569967041,-21.26472064438555,338.0305749951508,-1678266.818168627,7.350893018829703,156933.73648598147,-0.08957480526133983,4555.409373595156
3.7419789667037886,2001.0,12.0,14.0,14.0,21.0,31.0,1.0,3470284.476423773,48331.534358229386,-768207.7397101644,575.2967193574467,-283.66835437632557,4508.779664242768,3554624.2299112068,4554.176996040794,3470297.173822857,47411.07337249074,-768207.7397101644,3554624.2299112068,578.5820676128665,-529.8037898526175,4508.779664242768,4576.520875664669,12759591.606258962,0.7241917999171764,1.6336281760179054,0.0,3.6500241499888574e-08,6.06491390544201,-0.21783370914415667,0.013661113611061117,158424.2299112063,-0.09161009593525095,-0.091161583125679,13.913296341896057,-16088695468.877127,-1012214859.8026413,-193233288.4107501,-16091276548.609364,-1866007791.465778,16120505600.404493,16200262502.36047,-0.9762768015311547,-0.013337858042360514,0.21611503495809847,-0.013660688695137556,0.9999066884386635,0.0,0.21609486892675825,0.0029522802149013535,0.9763679079450839,4525.692254979663,-537.6581825440327,-0.11824708813597395,1.2126491349892938e-10,198.7,0.0,-92.1,0.2072126109921544,0.0,3.0582488527903156e-17,2.299449940165538,1.5707963267948966,16.702541053381765,461.0,0.0005822227721257521,0.002020942853651869,0.0,0.0012765519837705098,-1525.5017359708306,-21.246050595135497,337.6963037110325,-0.004080659432790072,0.004376281546117048,-0.03172977404054279,-0.00408182005546552,0.004375199036855657,-0.03172977404054279,-4.258684793567979e-19,-1.217738306172369e-21,5.460155686971738e-20,-4.2586814138308937e-19,-1.3306957453357101e-21,5.460155686971738e-20,-1525.505817790886,-21.241675396098643,337.6645739369919,-1678266.8803832084,7.539377455209952,156856.86930310933,-0.08947142518229728,4555.469659951725
3.825767801663018,2001.0,12.0,14.0,14.0,21.0,31.0,1.0,3470332.6682493957,48307.76595559896,-767829.9517445345,575.019445766069,-283.6722142529224,4508.841022108061,3554589.3297772957,4554.202965480649,3470345.6407214943,47366.681284544,-767829.9517445345,3554589.3297772957,578.2999607036437,-529.8144263080612,4508.841022108061,4576.546900613872,12759591.403265994,0.7241917955391316,1.633628175924858,0.0,3.6500241499888574e-08,6.065020805649758,-0.21772702945077987,0.013648133393576773,158389.3297772957,-0.09156529553237211,-0.09111700471813669,14.24591314792633,-16088695448.259329,-1012214857.0025439,-193238549.72880676,-16091272816.699902,-1866031334.6550534,16120505579.651562,16200261570.125372,-0.9763000219603204,-0.013325500329319801,0.2160108750994988,-0.01364770968770712,0.9999068656731386,0.0,0.21599075707205165,0.0029480537127455223,0.9763909574748983,4525.737127618763,-537.6575523742014,-0.11824578931183331,1.2165754000542338e-10,198.7,0.0,-92.1,0.2508377783803758,0.0,3.058245252614986e-17,2.299449352212288,1.5707963267948966,16.702636034437088,461.0,0.0005841178218402565,0.002069805909118383,0.0,0.0012807236556043073,-1525.567855314118,-21.236227747893608,337.54017401442724,-0.004091998401895781,0.004390590072776359,-0.03183371171038975,-0.004093188889225615,0.004389480245473251,-0.03183371171038975,-4.272630797108425e-19,-1.2185608810824487e-21,5.475357865634647e-20,-4.2726273355207734e-19,-1.3344258020719576e-21,5.475357865634647e-20,-1525.5719485030074,-21.231838267648136,337.5083403027169,-1678266.907082839,7.7278618915902015,156780.08986816288,-0.08936804918310708,4555.5298778154365
3.9564076024912582,2001.0,12.0,14.0,14.0,21.0,31.0,1.0,3470407.7604353577,48270.70668111587,-767240.9114055701,574.5871092207223,-283.67822883244565,4508.936631889301,3554534.948618159,4554.243431568999,3470421.1609810176,47297.465350867074,-767240.9114055701,3554534.948618159,577.8600880103525,-529.8309966856892,4508.936631889301,4576.5874531967065,12759591.08545715,0.7241917886847794,1.6336281757791768,0.0,3.6500241499888574e-08,6.065187483850504,-0.2175606950494884,0.013627895606796066,158334.94861815963,-0.09149544279875378,-0.0910474981115532,14.766343474388123,-16088695415.980293,-1012214852.6186204,-193246742.67201033,-16091267001.421072,-1866068020.1319978,16120505547.160954,16200260117.366493,-0.976336204636322,-0.013306231626518164,0.21584846470670888,-0.013627473782965608,0.9999071416678124,0.0,0.21582842137827093,0.0029414692938840525,0.9764268740073455,4525.807049537963,-537.6565706625789,-0.1182437655467717,1.2227201579246117e-10,198.67849802594233,0.0,-92.1,0.3,0.0,3.0582053876529883e-17,2.2994428417699257,1.5707963267948966,16.703687840447387,461.0,0.0005870835958116896,0.002146307965826765,0.0,0.0012872423084153088,-1525.670888044881,-21.22091034037261,337.29671077661925,-0.0041096751700141505,0.0044129561167977034,-0.031996048030366826,-0.004110912575634682,0.004411803427998774,-0.031996048030366826,-4.2943751208220175e-19,-1.2197836017867076e-21,5.499009838028518e-20,-4.2943715311985373e-19,-1.3402147968416736e-21,5.499009838028518e-20,-1525.6749989574566,-21.21649853694461,337.2647147285889,-1678266.9488841854,7.91634632797045,156703.39818114205,-0.0892646772589955,4555.590027183701
4.068803214629393,2001.0,12.0,14.0,14.0,21.0,32.0,1.0,3470472.320600833,48238.82220229376,-766734.122092588,574.2151262374351,-283.68339998118375,4509.01883426096,3554488.194663908,4554.278222764264,3470486.088650565,47237.91387111438,-766734.122092588,3554488.1946639074,577.4816210733127,-529.8452397940521,4509.01883426096,4576.622318755388,12759590.810739955,0.7241917827597874,1.6336281756532438,0.0,3.6500241499888574e-08,6.06533088908169,-0.21741758558909327,0.013610484457087846,158288.1946639074,-0.09143534328021702,-0.09098769638430093,15.215894907712936,-16088695388.07844,-1012214848.8290684,-193253781.44237748,-16091262001.524302,-1866099560.9213934,16120505519.07621,16200258868.209875,-0.9763673132634261,-0.013289652766896002,0.2157087265738088,-0.01361006424796302,0.9999073787862386,0.0,0.2156887473697346,0.0029358096275158255,0.9764577539657852,4525.867166214145,-537.6557268496623,-0.11824202567671639,1.2280634669820112e-10,198.61170666272486,0.0,-92.1,0.3,0.0,3.058094148366611e-17,2.2994246750158136,1.5707963267948966,16.70662352988024,461.0,0.0005896622673810739,0.002212438691284178,0.0,0.0012928871688039916,-1525.759475815059,-21.20773003732393,337.0872158435695,-0.004124924242192964,0.004432341047555784,-0.03213644678619351,-0.0041262023860341515,0.004431151208790464,-0.03213644678619351,-4.3130965191243818e-19,-1.2207571613764316e-21,5.519305973029915e-20,-4.3130928190050827e-19,-1.3451495617595908e-21,5.519305973029915e-20,-1525.763602017445,-21.20329888611514,337.0550793967833,-1678266.9850176945,8.104830764350698,156626.7942420469,-0.08916130940518907,4555.650108053929
4.108134527613562,2001.0,12.0,14.0,14.0,21.0,32.0,1.0,3470494.9026755476,48227.664526151384,-766556.7758964614,574.0849507603921,-283.68520879403235,4509.047587787639,3554471.840906238,4554.290392290724,3470508.799156189,47217.07426421289,-766556.7758964614,3554471.840906238,577.3491765707624,-529.8502210976603,4509.047587787639,4576.634514292976,12759590.714305136,0.7241917806799164,1.6336281756090438,0.0,3.6500241499888574e-08,6.065381072678406,-0.21736750549008735,0.013604391744897769,158271.84090623865,-0.09141431185737552,-0.09096676916985749,15.373606473207474,-16088695378.284039,-1012214847.498922,-193256242.37921086,-16091260252.58955,-1866110593.5008063,16120505509.217613,16200258431.240002,-0.9763781947056747,-0.013283850984785002,0.21565982520233504,-0.013603972099834768,0.9999074616898841,0.0,0.21563986840655092,0.0029338302451078087,0.9764685554556779,4525.888194384221,-537.6554317435166,-0.11824141711055039,1.230049026340745e-10,198.6,0.0,-92.1,0.31165584823050085,0.0,3.0580738082600765e-17,2.29942135322433,1.5707963267948966,16.7071604366241,461.0,0.0005906202996398932,0.0022356491075964198,0.0,0.0012949908887217067,-1525.7904636240733,-21.203117330653,337.013898965113,-0.004130677251417643,0.004439559197870796,-0.03218881164251814,-0.0041319698504728684,0.004438356180114618,-0.03218881164251814,-4.320102010469258e-19,-1.221228899204734e-21,5.526991836824304e-20,-4.3200982711611377e-19,-1.3470277409991788e-21,5.526991836824304e-20,-1525.7945955939238,-21.198678974472887,336.9817101534705,-1678266.9977017492,8.293315200730948,156550.2780508774,-0.08905794561691473,4555.710120423535
4.148537002917782,2001.0,12.0,14.0,14.0,21.0,32.0,1.0,3470518.094427223,48216.202903980295,-766374.598616082,573.9512272863614,-283.68706645828433,4509.077117879984,3554455.045625588,4554.302890450754,3470532.122743581,47195.666900396995,-766374.598616082,3554455.045625588,577.2131222465493,-529.8553365100446,4509.077117879984,4576.647039166408,12759590.615086986,0.7241917785400117,1.6336281755635615,0.0,3.6500241499888574e-08,6.0654326234722475,-0.21731606101042822,0.01359813314617341,158255.0456255884,-0.09139270743368112,-0.09094527179281979,15.535854548215866,-16088695368.20703,-1012214846.1302817,-193258769.15880862,-16091258456.408163,-1866121924.0133057,16120505499.074553,16200257982.45408,-0.9763893700145991,-0.013277891067571657,0.21560959100024268,-0.013597714080004167,0.9999075468121033,0.0,0.2155896572062136,0.0029317975713279397,0.9764796486710351,4525.909790469377,-537.6551286945952,-0.11824079212036039,1.232208419567207e-10,198.6,0.0,-92.1,0.3356491063022988,0.0,3.05807207617827e-17,2.299421070353904,1.5707963267948966,16.70720615910188,461.0,0.0005916620056061182,0.0022595327877108218,0.0,0.001297284731920784,-1525.8222887387744,-21.198378762922516,336.93858158219473,-0.0041370207459990056,0.004447423626665209,-0.03224594902316489,-0.004138328368027549,0.004446206909965451,-0.03224594902316489,-4.3277683848098516e-19,-1.2218530414213721e-21,5.53549427190583e-20,-4.3277646047407305e-19,-1.3491145187146426e-21,5.53549427190583e-20,-1525.8264270671425,-21.19393255601255,336.9063356331716,-1678267.0107518993,8.481799637111196,156473.8496076335,-0.08895458588939986,4555.770064289927
4.305172736642434,2001.0,12.0,14.0,14.0,21.0,32.0,1.0,3470607.9550952297,48171.76680831999,-765668.3070500204,573.4327704448491,-283.6942644754623,4509.191540186884,3554389.9692505,4554.351317587312,3470622.493633168,47112.67106862002,-765668.3070500204,3554389.9692505,576.6856286877419,-529.8751534864467,4509.191540186884,4576.695569809098,12759590.22879533,0.7241917702085776,1.633628175386472,0.0,3.942476676500724e-08,6.065632484548294,-0.21711661208289432,0.013573869707018278,158189.9692505002,-0.09130894743122639,-0.09086192679991245,16.167203813791275,-16088695328.97422,-1012214840.8015478,-193268553.89960867,-16091251496.490406,-1866165826.8417552,16120505459.584566,16200256243.359337,-0.9764326716139714,-0.013254783936539881,0.21541482889438657,-0.013573452880081128,0.9999078764450814,0.0,0.21539498411456665,0.0029239230296686947,0.976522632350322,4525.993470261265,-537.6539547112575,-0.11823837054139244,1.2405753820785443e-10,198.6,0.0,-92.1,0.4,0.0,3.0580653649025547e-17,2.2994199743194037,1.5707963267948966,16.70738332186875,461.0,0.000595698446313027,0.002352524398172818,0.0,0.0013061572559622235,-1525.9456075354774,-21.18000561269451,336.6465486995765,-0.004161497082527403,0.0044778711729643915,-0.032466958263271124,-0.004162863359506778,0.004476601038692809,-0.032466958263271124,-4.357422518704876e-19,-1.2241733844605388e-21,5.568302409250157e-20,-4.357418580119214e-19,-1.3571447812194192e-21,5.568302409250157e-20,-1525.9497703988368,-21.17552901165582,336.6140817413132,-1678267.0615607835,8.670284073491445,156397.5089123153,-0.08885123021787213,4555.829939650521
4.435859691484744,2001.0,12.0,14.0,14.0,21.0,32.0,1.0,3470682.8670099364,48134.691276722464,-765079.0083063869,573.0001707758024,-283.70026526043046,4509.286930930621,3554335.7186416285,4554.391689532164,3470697.830161326,47043.422219070024,-765079.0083063869,3554335.7186416285,576.2454890125443,-529.8916694048426,4509.286930930621,4576.736028041561,12759589.904409843,0.724191763212297,1.633628175237796,0.0,3.942476676500724e-08,6.0657992415882935,-0.21695019889204556,0.013553626344851822,158135.71864162898,-0.09123906077080907,-0.09079238639969402,16.696795731782913,-16088695296.029266,-1012214836.3273528,-193276703.9393691,-16091245694.030478,-1866202427.0654016,16120505426.423685,16200254793.32732,-0.9764687707912221,-0.013235503324106017,0.21525231966517205,-0.013553211380025383,0.999908151012526,0.0,0.21523254895755936,0.0029173601884628715,0.9765584666975975,4526.063231734068,-537.6529763109099,-0.11823635187587367,1.2474892980995432e-10,198.5938837737557,0.0,-92.0938837737557,0.4061162262442904,0.0,3.058050024447372e-17,2.29941746903295,1.5707963267948966,16.707788290447645,461.0,0.0005990341989890093,0.002430594275753095,0.0,0.0013134627344249773,-1526.048419668587,-21.16467345729037,336.4028510485711,-0.004181535171055066,0.0045029421729204065,-0.032648923898154325,-0.004182950798339465,0.0045016271744900095,-0.032648923898154325,-4.381826893082244e-19,-1.2259034023615585e-21,5.595149660239438e-20,-4.381822821945944e-19,-1.3636785825935281e-21,5.595149660239438e-20,-1526.0526026193854,-21.16017183011588,336.37020212467297,-1678267.1042271573,8.858768509871695,156321.25596492275,-0.08874787859755955,4555.88974650273
4.500790321477458,2001.0,12.0,14.0,14.0,21.0,32.0,1.0,3470720.065293813,48116.27034302498,-764786.2159272475,572.785226709068,-283.7032450773522,4509.334299249941,3554308.7799426108,4554.411736942054,3470735.239044136,47009.015752922714,-764786.2159272475,3554308.779942611,576.0267986469894,-529.8998690617246,4509.334299249941,4576.756118298536,12759589.742622722,0.724191759722894,1.633628175163637,0.0,3.942476676500724e-08,6.065882095203394,-0.21686751610720667,0.01354356878865103,158108.77994261123,-0.09120433733479134,-0.09075783500075653,16.96079656481743,-16088695279.598246,-1012214834.0957589,-193280748.57142514,-16091242812.647081,-1866220601.5691032,16120505409.884964,16200254073.225384,-0.9764866965498072,-0.013225923425167842,0.2151715743558994,-0.013543154746915632,0.9999082872741385,0.0,0.2151518403842873,0.0029141019286394085,0.976576261020717,4526.097873263133,-537.6524905727459,-0.11823534951108614,1.2505680065587132e-10,198.5553999180161,0.0,-92.05539991801608,0.4446000819839139,0.0,3.0579859230828936e-17,2.2994070004856884,1.5707963267948966,16.709480705778297,461.0,0.0006005202603743263,0.00246953772197326,0.0,0.0013167345091679584,-1526.0994747991863,-21.15705488151199,336.2817572443503,-0.004190346117420561,0.004513865910377864,-0.03273034248713981,-0.004191785947627746,0.004512528848652772,-0.03273034248713981,-4.392677452579345e-19,-1.2264173197958553e-21,5.606870775150002e-20,-4.392673316442491e-19,-1.3665553677723192e-21,5.606870775150002e-20,-1526.1036665851339,-21.152542352663335,336.24902690186315,-1678267.125506999,9.047252946251943,156245.09076545585,-0.08864453102369063,4555.949484843968
4.5773519104245315,2001.0,12.0,14.0,14.0,21.0,32.0,1.0,3470763.9089384642,48094.54943733236,-764440.9719907738,572.5317706877111,-283.7067572852609,4509.390130681102,3554277.0287266,4554.435366020716,3470779.3306995817,46968.445407012,-764440.9719907738,3554277.0287265996,575.7689251580084,-529.9095322885664,4509.390130681102,4576.779797878857,12759589.551335486,0.7241917555972287,1.6336281750759662,0.0,3.942476676500724e-08,6.065979791915312,-0.21677002081981614,0.013531709781594434,158077.02872659918,-0.09116339317261063,-0.09071709369319081,17.272765517234802,-16088695260.171387,-1012214831.4574318,-193285513.75803402,-16091239416.418526,-1866242023.1361768,16120505390.330778,16200253224.417492,-0.9765078249803918,-0.013214627061256253,0.2150763617501847,-0.013531296826528849,0.9999084478121947,0.0,0.21505667103872128,0.0029102620912116453,0.9765972345938235,4526.138704036278,-537.651918141351,-0.11823416809765659,1.2541967169600912e-10,198.51004103799886,0.0,-92.01004103799886,0.48995896200113875,0.0,3.057910363895519e-17,2.299394660733945,1.5707963267948966,16.71147608964893,461.0,0.0006022718509326726,0.0025155819079341,0.0,0.0013205909689109018,-1526.1596530799113,-21.148070802304506,336.13895938267177,-0.004200720656566777,0.0045267399320320385,-0.03282631161274948,-0.0042021891520774395,0.004525376755246234,-0.03282631161274948,-4.405466652448342e-19,-1.2270058527406005e-21,5.6206714974598e-20,-4.405462439502998e-19,-1.3699426957275599e-21,5.6206714974598e-20,-1526.1638552690633,-21.14354542554926,336.10613307105905,-1678267.15066698,9.235737382632191,156169.01331391462,-0.08854118749149421,4556.009154671647
4.638729647711173,2001.0,12.0,14.0,14.0,21.0,32.0,1.0,3470799.0434072106,48077.13607213613,-764164.1944548612,572.3285733676961,-283.70957186570547,4509.434872368634,3554251.584625961,4554.454301581656,3470814.6637488618,46935.92052131994,-764164.1944548612,3554251.5846259613,575.5621863750581,-529.9172749994519,4509.434872368634,4576.798773909773,12759589.397568773,0.7241917522807967,1.6336281750054988,0.0,3.942476676500724e-08,6.066058114473472,-0.21669185973425695,0.013522202793707432,158051.58462596126,-0.09113056855351517,-0.09068443169871933,17.523412257432938,-16088695244.555199,-1012214829.33673,-193289330.8121086,-16091236694.747509,-1866259189.6767128,16120505374.612244,16200252544.168789,-0.976524756649752,-0.01320557068169932,0.21500002919328504,-0.013521790708416031,0.9999085764088824,0.0,0.2149803731185258,0.002907185397054937,0.9766140422126269,4526.171424614812,-537.6514594830181,-0.1182332213784278,1.2573676909478382e-10,198.5,0.0,-92.0,0.5263076771982007,0.0,3.0578917378717116e-17,2.2993916188734147,1.5707963267948966,16.711968045850977,461.0,0.0006038020160720984,0.0025525940902612703,0.0,0.0013239606173743276,-1526.2078792456236,-21.140867842589575,336.0244716068286,-0.004209925483077296,0.004538214210694164,-0.03291023106209573,-0.0042114174389394675,0.004536829724621214,-0.03291023106209573,-4.4167066170917665e-19,-1.227742692238675e-21,5.632986322782837e-20,-4.416702341473672e-19,-1.3729657498087272e-21,5.632986322782837e-20,-1526.2120906630626,-21.136331012864954,335.99156137576654,-1678267.170891896,9.424221819012441,156093.02361029902,-0.08843784799619936,4556.068755983187
4.685065808719603,2001.0,12.0,14.0,14.0,21.0,32.0,1.0,3470825.559362053,48063.99001051907,-763955.2437722096,572.1751684813158,-283.7116960527804,4509.468639299297,3554232.381984005,4554.468592352749,3470841.3294749744,46911.366053769256,-763955.2437722096,3554232.381984005,575.4061078716159,-529.9231178293662,4509.468639299297,4576.813095223554,12759589.28121994,0.7241917497713887,1.63362817495218,0.0,4.2146848510894035e-08,6.066117243603308,-0.2166328525026046,0.013515025710834303,158032.38198400522,-0.09110578777556784,-0.09065977369201504,17.713001549243927,-16088695232.739168,-1012214827.7321013,-193292210.61570075,-16091234640.658354,-1866272145.362341,16120505362.718775,16200252030.754442,-0.9765375350999191,-0.013198733513193334,0.21494240152799543,-0.013514614281349396,0.999908673430142,0.0,0.21492277157574685,0.0029048636493577834,0.9766267270689339,4526.196119102316,-537.6511133717438,-0.1182325068997571,1.2598366020564724e-10,198.5,0.0,-92.0,0.553740022849692,0.0,3.0578897580427695e-17,2.2993912955428115,1.5707963267948966,16.712020339462757,461.0,0.0006049932872489773,0.0025805993005756935,0.0,0.0013265841872413318,-1526.2442765543274,-21.13542971471098,335.9380350320203,-0.00421712617861234,0.004547207779782627,-0.032975587357936334,-0.004218636021553903,0.004545807069872304,-0.032975587357936334,-4.425475273073744e-19,-1.228370390149321e-21,5.642638255678341e-20,-4.425470949769885e-19,-1.3753352736524386e-21,5.642638255678341e-20,-1526.2484951903489,-21.13088390764111,335.90505944466236,-1678267.1861952431,9.61270625539269,156017.12165460907,-0.08833451253303565,4556.128288776001
4.754228676416835,2001.0,12.0,14.0,14.0,21.0,32.0,1.0,3470865.124718984,48044.367586404034,-763643.3542468122,571.9461845303445,-283.71486566524226,4509.519024748139,3554203.7290696534,4554.489916287407,3470881.118154932,46874.71474979625,-763643.3542468122,3554203.729069653,575.1731331203109,-529.9318351733659,4509.519024748139,4576.834464732044,12759589.107122459,0.7241917460164524,1.6336281748723966,0.0,3.942476676500724e-08,6.066205502861115,-0.21654477518914464,0.013504313072321805,158003.72906965297,-0.09106879862306397,-0.09062296779239946,17.996592462062836,-16088695215.058498,-1012214825.3310381,-193296506.1901096,-16091231575.607399,-1866291477.1591885,16120505344.92223,16200251264.620771,-0.9765566024723823,-0.013188527817471554,0.2148563820360132,-0.01350390262041016,0.9999088181499444,0.0,0.2148367910336029,0.0029013996603879655,0.9766456548300385,4526.232967055373,-537.6505969877643,-0.11823144081714573,1.2635205481874763e-10,198.5,0.0,-92.0,0.5946727576386246,0.0,3.057886803870435e-17,2.299390813089857,1.5707963267948966,16.71209836923,461.0,0.0006067708649168805,0.0026225040274608868,0.0,0.0013304990797799359,-1526.2985879117896,-21.127312001263817,335.8090076604459,-0.0042278621117933035,0.004560627987783696,-0.03307311309693252,-0.004229398762051728,0.004559202977588145,-0.03307311309693252,-4.43855998760768e-19,-1.2292929190844803e-21,5.657029040711603e-20,-4.438555592974021e-19,-1.3788683005006678e-21,5.657029040711603e-20,-1526.3028173105517,-21.12275279828623,335.775934547349,-1678267.2090942636,9.801190691772938,155941.3074468448,-0.08823118109723305,4556.187753047505
4.789700549809923,2001.0,12.0,14.0,14.0,21.0,32.0,1.0,3470885.4106386695,48034.303659785095,-763483.3927006994,571.8287413323029,-283.7164908054908,4509.544858645914,3554189.038169216,4554.500849567213,3470901.5185042275,46855.916995564534,-763483.3927006994,3554189.0381692164,575.0536431089042,-529.9363042859734,4509.544858645914,4576.845421378452,12759589.017638175,0.7241917440864523,1.6336281748313892,0.0,4.2146848510894035e-08,6.066250769337988,-0.2164996020246565,0.013498818883885676,157989.03816921636,-0.0910498275715593,-0.09060409072687813,18.142307579517365,-16088695205.970882,-1012214824.0969268,-193298707.9270374,-16091230004.06272,-1866301389.0262113,16120505335.775055,16200250871.78639,-0.9765663787799282,-0.01318329342991286,0.2148122636419964,-0.01349840893274051,0.9999088923278383,0.0,0.2147926925967042,0.002899623778407334,0.9766553595762435,4526.251859927982,-537.6503322558422,-0.11823089422317883,1.265233205963158e-10,198.5,0.0,-92.0,0.6,0.0,3.0578852892083437e-17,2.2993905657267657,1.5707963267948966,16.71213837691522,461.0,0.0006075976799667243,0.0026440423590769866,0.0,0.0013323119188758715,-1526.3264351776222,-21.123148360518332,335.74282848011006,-0.004232734373834027,0.0045668581298672906,-0.033118283686478435,-0.004234284602305646,0.004565420831035011,-0.033118283686478435,-4.444620432202315e-19,-1.2295640077502614e-21,5.663561981575738e-20,-4.44461600161569e-19,-1.380461143828277e-21,5.663561981575738e-20,-1526.3306694622245,-21.118582939687297,335.7097101964236,-1678267.2208641246,9.989675128153188,155865.58098700616,-0.08812785368402175,4556.24714879512
4.812226610937947,2001.0,12.0,14.0,14.0,21.0,32.0,1.0,3470898.2908478314,48027.912633148044,-763381.8102328036,571.7541590825255,-283.71752266810324,4509.561261560814,3554179.7104249815,4554.507791503605,3470914.471343084,46843.979586021196,-763381.8102328036,3554179.7104249815,574.9777610388232,-529.9391417211117,4509.561261560814,4576.85237815109,12759588.960749699,0.7241917428594788,1.6336281748053192,0.0,4.2146848510894035e-08,6.066279515558891,-0.21647091506009453,0.013495329872007173,157979.71042498108,-0.09103778010307328,-0.09059210294334288,18.234928518533707,-16088695200.193575,-1012214823.3123549,-193300105.64181373,-16091229006.225025,-1866307682.4314587,16120505329.959885,16200250622.355244,-0.976572586119473,-0.013179969332619917,0.2147842462759218,-0.013494920238655604,0.9999089394178613,0.0,0.2147646878974217,0.0028984962720133268,0.9766615214861719,4526.263855721874,-537.6501641785882,-0.11823054717487834,1.2662825771896282e-10,198.5,0.0,-92.0,0.6,0.0,3.057884327498299e-17,2.2993904086675956,1.5707963267948966,16.712163779247238,461.0,0.0006081043847772596,0.002657735071380922,0.0,0.0013334209552966687,-1526.3441166157008,-21.120504185973072,335.70080052552197,-0.004235690919251892,0.0045706733201696164,-0.03314592005525311,-0.004237249738524202,0.004569228251742286,-0.03314592005525311,-4.448328358620353e-19,-1.2296918315759616e-21,5.667526744370924e-20,-4.448323905334515e-19,-1.381425117749582e-21,5.667526744370924e-20,-1526.3483538654393,-21.11593495772133,335.66765460546674,-1678267.2283466589,10.178159564533436,155789.94227509317,-0.08802453028863244,4556.30647601626
4.844088302002318,2001.0,12.0,14.0,14.0,21.0,32.0,1.0,3470916.506221619,48018.872889842925,-763238.1276154872,571.6486657242889,-283.7189819516771,4509.584458939216,3554166.5189972874,4554.517608929639,3470932.7893969915,46827.094764879046,-763238.1276154872,3554166.518997287,574.8704291512084,-529.9431542576932,4509.584458939216,4576.862216558763,12759588.880205285,0.7241917411222913,1.633628174768408,0.0,4.2146848510894035e-08,6.066320175530541,-0.21643033890179522,0.013490394908830108,157966.51899728738,-0.09102073959958884,-0.09057514686056177,18.36604306101799,-16088695192.013912,-1012214822.2015326,-193302081.98931462,-16091227595.054098,-1866316582.6928854,16120505321.726614,16200250269.596651,-0.9765813646728692,-0.01317526753869992,0.21474461692661898,-0.013489985724694852,0.99990900600262,0.0,0.21472507645550898,0.0028969018167951544,0.9766702358017468,4526.280820445195,-537.6499264945021,-0.11823005637758033,1.267766612805169e-10,198.5,0.0,-92.0,0.6,0.0,3.0578829674337964e-17,2.2993901865522064,1.5707963267948966,16.712199703735678,461.0,0.0006088209817470267,0.0026771216624189025,0.0,0.001334989381712431,-1526.3691223228843,-21.116764040973973,335.64135261784037,-0.004239870401381313,0.004576068892601547,-0.033185004276901166,-0.0042414413923130174,0.004574612819236039,-0.033185004276901166,-4.4535722218966735e-19,-1.2298698646310424e-21,5.673131512851161e-20,-4.453567736480535e-19,-1.3827878279334945e-21,5.673131512851161e-20,-1526.3733637642767,-21.112189428154736,335.60816761356347,-1678267.2389406543,10.366644000913684,155714.39131110586,-0.08792121090629608,4556.365734708346
4.909523362786838,2001.0,12.0,14.0,14.0,21.0,32.0,1.0,3470953.9049983253,48000.30762297449,-762943.0411238392,571.4320062577242,-283.72197810290857,4509.6320870164855,3554139.435103006,4554.537765666569,3470970.3988664467,46792.41763282652,-762943.0411238392,3554139.4351030067,574.6499937987065,-529.9513918204559,4509.6320870164855,4576.882416374049,12759588.714495035,0.7241917375482357,1.633628174692466,0.0,4.2146848510894035e-08,6.066403680760337,-0.21634700579757327,0.013480259953090247,157939.43510300666,-0.09098574269913395,-0.09054032333720095,18.635723382234573,-16088695175.185383,-1012214819.9161241,-193306138.53723952,-16091224697.663116,-1866334856.3494067,16120505304.787788,16200249545.29727,-0.9765993884721775,-0.013165611109872051,0.21466322721852568,-0.013479851690482474,0.9999091426716742,0.0,0.2146437234912108,0.0028936284663060668,0.976688127746072,4526.315651831768,-537.6494385431957,-0.11822904871244883,1.2708135509117482e-10,198.5,0.0,-92.0,0.6,0.0,3.057880175024154e-17,2.2993897305171043,1.5707963267948966,16.712273462422537,461.0,0.0006102922870606725,0.002717008069716682,0.0,0.0013382096282497482,-1526.420463978514,-21.10908235556285,335.51925571365115,-0.004248445210313779,0.004587147057688891,-0.0332652515501613,-0.004250041273796988,0.004585668326964349,-0.0332652515501613,-4.46433885106241e-19,-1.2302253369530478e-21,5.684630622784256e-20,-4.464334299573045e-19,-1.3855836274194433e-21,5.684630622784256e-20,-1526.4247140197876,-21.104496687235887,335.485990462101,-1678267.2607365046,10.555128437293934,155638.9280950442,-0.08781789553224412,4556.424924868795
4.969931031157444,2001.0,12.0,14.0,14.0,21.0,32.0,1.0,3470988.4178320537,47983.16855630354,-762670.6234367704,571.231986324581,-283.72474308971147,4509.67604042088,3554114.4411853706,4554.5563671545215,3471005.105986013,46760.40427530947,-762670.6234367704,3554114.44118537,574.4464880133775,-529.9589928203386,4509.67604042088,4576.90105761619,12759588.561150748,0.7241917342408858,1.6336281746221943,0.0,4.2146848510894035e-08,6.066480771390488,-0.21627007406429047,0.013470903772990914,157914.4411853701,-0.09095343409304786,-0.09050817478809677,18.885170876979828,-16088695159.612783,-1012214817.801328,-193309880.64945337,-16091222023.787886,-1866351720.0566373,16120505289.113129,16200248876.84604,-0.9766160216350156,-0.013156696287954621,0.2145880882728143,-0.013470496359870804,0.9999092687478293,0.0,0.2145686184268644,0.00289060806195058,0.9767046392699376,4526.347795839601,-537.6489883030456,-0.1182281188200961,1.273714704738129e-10,198.5,0.0,-92.0,0.6079411637569908,0.0,3.057877598093375e-17,2.2993893096723705,1.5707963267948966,16.712341530051983,461.0,0.0006116929949916252,0.0027539157471728718,0.0,0.0013412800845918876,-1526.4678453752308,-21.101990298822482,335.40653068950724,-0.004256669268234136,0.004597700850730359,-0.03334176132179089,-0.004258288684152198,0.004596201024145586,-0.03334176132179089,-4.474603978667924e-19,-1.2306399901112408e-21,5.695658341183022e-20,-4.474599365711486e-19,-1.388271456567023e-21,5.695658341183022e-20,-1526.472103663915,-21.097394097798336,335.37318892818547,-1678267.2809058633,10.743612873674182,155563.55262690817,-0.08771458416170821,4556.484046495027
5.004925830899386,2001.0,12.0,14.0,14.0,21.0,33.0,1.0,3471008.40595349,47973.23963771677,-762512.8077814088,571.1161098259976,-283.7263444499504,4509.70149632983,3554099.9659480336,4554.567140293051,3471025.206562958,46741.858389462075,-762512.8077814088,3554099.9659480336,574.3285920937562,-529.9633945483968,4509.70149632983,4576.9118537783925,12759588.472149488,0.724191732321292,1.6336281745814072,0.0,4.2146848510894035e-08,6.0665254313013675,-0.2162255062019933,0.01346548368496134,157899.9659480336,-0.09093471714552409,-0.0904895505634883,19.029914021492004,-16088695150.574488,-1012214816.5738763,-193312047.27827045,-16091220475.182083,-1866361486.753821,16120505280.015596,16200248489.692371,-0.9766256548265333,-0.013151531706282206,0.2145445584218432,-0.013465076763414767,0.999909341744418,0.0,0.21452510818643206,0.0028888589483230427,0.9767142020322916,4526.366412250471,-537.648727571491,-0.11822758027893664,1.2755758066813916e-10,198.5,0.0,-92.0,0.628620074237684,0.0,3.057876105661881e-17,2.299389065939811,1.5707963267948966,16.712380951736584,461.0,0.0006125911066141549,0.0027753376761174655,0.0,0.001343258152868517,-1526.4952870371048,-21.097881550868692,335.341224004903,-0.004262073581996513,0.004604481811240248,-0.033391040218091354,-0.004263706804122325,0.004602969504230487,-0.033391040218091354,-4.481215531788119e-19,-1.2310742385621601e-21,5.702902820485304e-20,-4.481210882425053e-19,-1.3900501877051683e-21,5.702902820485304e-20,-1526.499550743909,-21.093278581364462,335.3078329646849,-1678267.2926121857,10.93209731005443,155488.2649066978,-0.08761127678992046,4556.5430995844645
5.111187495526131,2001.0,12.0,14.0,14.0,21.0,33.0,1.0,3471069.075006944,47943.090145784496,-762033.5952878265,570.7642382204813,-283.7312050635881,4509.778762758892,3554056.0299057723,4554.599839874999,3471086.216654323,46685.54288711765,-762033.5952878265,3554056.029905772,573.9705883836865,-529.9767531447196,4509.778762758892,4576.944623243159,12759588.201093405,0.7241917264751004,1.6336281744571897,0.0,4.712160915387242e-08,6.066661043289768,-0.21609017370991476,0.01344902580058332,157856.02990577184,-0.09087788211966746,-0.09043299709163616,19.470540434122086,-16088695123.04834,-1012214812.8356689,-193318620.77764693,-16091215774.628267,-1866391131.5077777,16120505252.30904,16200247314.487389,-0.9766548944211076,-0.013135848870777485,0.21441237529055784,-0.01344862036925699,0.9999095632156758,0.0,0.21439298452481725,0.00288355063775337,0.9767432279377528,4526.422918690765,-537.6479362976899,-0.11822594569757383,1.2812247264007634e-10,198.5,0.0,-92.0,0.6913858488973711,0.0,3.057871575746787e-17,2.299388326148535,1.5707963267948966,16.712500607914432,461.0,0.0006153171824079451,0.002840577468486471,0.0,0.0013492624225201982,-1526.5785826658052,-21.085404243424403,335.1429028636922,-0.00427846114242077,0.004625064877179609,-0.03354062434398236,-0.004280136490374699,0.0046235145170192594,-0.03354062434398236,-4.501284603982977e-19,-1.2323658461551022e-21,5.724870638150231e-20,-4.501279843796638e-19,-1.395444166455363e-21,5.724870638150231e-20,-1526.5828628022957,-21.080780728907385,335.10936223934823,-1678267.3282641675,11.120581746434679,155413.06493441307,-0.08750797341211336,4556.602084134527
5.32975317229296,2001.0,12.0,14.0,14.0,21.0,33.0,1.0,3471193.745380191,47881.075151130266,-761047.8950847408,570.0404262227494,-283.74119362198996,4509.937545374045,3553965.7446206626,4554.667036750405,3471211.5864472366,46569.70515955877,-761047.8950847408,3553965.744620663,573.234162848996,-530.0041956733444,4509.937545374045,4577.011963722949,12759587.639783155,0.7241917143685956,1.6336281741999534,0.0,4.942156062059701e-08,6.066939989081598,-0.21581180276078848,0.01341517516217685,157765.7446206631,-0.09076097535354509,-0.0903166694481315,20.382111251354218,-16088695066.047709,-1012214805.0945151,-193332115.72718638,-16091206114.682686,-1866452050.8382256,16120505194.934816,16200244899.082582,-0.9767149814826763,-0.01310358864039345,0.214140470047207,-0.01341477278449471,0.9999100178871799,0.0,0.21412120123527187,0.002872645749648177,0.9768028762692917,4526.539039354562,-537.6463108229435,-0.11822258688998606,1.2928328344861697e-10,198.4,0.0,-92.0,0.7203648276241068,0.0,3.0577028825109056e-17,2.29936077645241,1.5707963267948966,16.716957849627885,461.0,0.0006209188722423479,0.0029756769810790275,0.0,0.00136154376291699,-1526.7497639609762,-21.05973493484132,334.73490084788176,-0.004311758949472162,0.004667215826481903,-0.03384621256974787,-0.00431352184812467,0.00466558657352616,-0.03384621256974787,-4.542100101742988e-19,-1.2346742074694286e-21,5.769276492261216e-20,-4.542095113194671e-19,-1.4062680633889722e-21,5.769276492261216e-20,-1526.7540774828244,-21.055069348267793,334.701054635312,-1678267.4020932466,11.309066182814929,155337.95271005403,-0.08740467402351965,4556.661000142639
5.629753172292959,2001.0,12.0,14.0,14.0,21.0,33.0,1.0,3471364.608468026,47795.950738925094,-759694.8811678977,569.0468005493424,-283.75488391644376,4510.155172767964,3553842.006941799,4554.759134993585,3471383.405058917,46410.69825986963,-759694.8811678977,3553842.0069417995,572.2232226258054,-530.0417877676026,4510.155172767964,4577.1042587795355,12759586.861023445,0.7241916975719618,1.633628173843068,0.0,5.16191365590357e-08,6.067322888961803,-0.21542969180723015,0.013368714409429787,157642.00694179954,-0.09060050011808603,-0.09015698911790966,21.64481246471405,-16088694986.968012,-1012214794.3546952,-193350582.14360476,-16091192874.101568,-1866535545.3667927,16120505115.336807,16200241587.743996,-0.9767973360318736,-0.013059302627751759,0.2137672073446058,-0.013368316197922484,0.9999106400684175,0.0,0.2137481051215829,0.002857707620529548,0.976884630375608,4526.698193972798,-537.6440842455678,-0.1182179838761328,1.3087419646257724e-10,198.4,0.0,-92.0,0.8971329402863579,0.0,3.0576901282350187e-17,2.2993586935210875,1.5707963267948966,16.717294945659734,461.0,0.0006285976538550431,0.0031631047872874235,0.0,0.0013784584404814997,-1526.9844039252819,-21.02449024544519,334.17470249464725,-0.00435764029256919,0.004725201098894465,-0.03426763493015042,-0.004359525537962888,0.004723461805526255,-0.03426763493015042,-4.598637712505129e-19,-1.2378650960535832e-21,5.830783890556435e-20,-4.598632406656273e-19,-1.421373718407268e-21,5.830783890556435e-20,-1526.9887634508198,-21.019766783639664,334.1404348597171,-1678267.5045234468,11.497550619195177,155262.9282336206,-0.08730137861937255,4556.7198476062185
5.9297531722929575,2001.0,12.0,14.0,14.0,21.0,33.0,1.0,3471535.173445261,47710.82222307808,-758341.8020175683,568.053022273036,-283.76855123326925,4510.372435266695,3553718.4851521477,4554.851076774758,3471554.920365391,46251.68009559089,-758341.8020175683,3553718.485152147,571.2121281882843,-530.0792929341425,4510.372435266695,4577.196397031765,12759586.072679834,0.7241916805684828,1.6336281734817868,0.0,5.16191365590357e-08,6.067705815450825,-0.21504755413660642,0.013322256117522259,157518.48515214724,-0.09044001246817901,-0.08999729638495702,22.920728981494904,-16088694906.91835,-1012214783.4828489,-193368983.22794962,-16091179654.955118,-1866618898.1890159,16120505034.762455,16200238281.049833,-0.9768795516217603,-0.01301500957063308,0.21339388732844464,-0.013321862043114547,0.9999112600584635,0.0,0.21337495076735888,0.002842803927833469,0.9769662475494509,4526.857081366859,-537.641862897756,-0.11821338923347884,1.3246233375810694e-10,198.3,0.0,-92.0,0.9735926397896613,0.0,3.057517981384978e-17,2.299330579806968,1.5707963267948966,16.72184617508069,461.0,0.0006362633895922635,0.0033528341979939635,0.0,0.0013952875244962841,-1527.2186723214775,-20.989232408837147,333.61429516894657,-0.0044029423211587974,0.004782943741947548,-0.03468655270136794,-0.004404952274693709,0.004781092697256261,-0.03468655270136794,-4.654650473446682e-19,-1.2405101125997622e-21,5.891281510409515e-20,-4.654644848241999e-19,-1.4361518916572496e-21,5.891281510409515e-20,-1527.223077273752,-20.98445131613989,333.5796086162452,-1678267.6082142312,11.686035055575426,155187.99150511285,-0.0871980871949056,4556.778626522692
6.033617249394861,2001.0,12.0,14.0,14.0,21.0,34.0,1.0,3471594.1558787646,47681.34861891546,-757873.3324449444,567.7089272096921,-283.7732776878675,4510.447569436863,3553675.7705464517,4554.882871798373,3471614.23060516,46196.62322567445,-757873.3324449444,3553675.7705464517,570.8620376599212,-530.0922574710723,4510.447569436863,4577.2282599965365,12759585.797508216,0.7241916746333817,1.6336281733556843,0.0,5.575503985246929e-08,6.067838395998341,-0.21491524666354944,0.013306172198102942,157475.7705464512,-0.09038444657336837,-0.08994200570392712,23.36553019285202,-16088694878.977745,-1012214779.6881185,-193375338.72843125,-16091175083.303104,-1866647723.0378053,16120505006.638712,16200237137.309603,-0.9769079833840123,-0.01299967307331776,0.213264625525588,-0.013305779549258859,0.9999114741968843,0.0,0.21324574610333719,0.0028376520928987178,0.9769944726043391,4526.91202805051,-537.641095054398,-0.11821180045645076,1.330028681693599e-10,198.3,0.0,-92.0,1.0,0.0,3.0575135797365574e-17,2.2993298609632293,1.5707963267948966,16.721962579872923,461.0,0.0006388730933327406,0.0034190556210217677,0.0,0.0014010165239485989,-1527.2996925879947,-20.977022606323843,333.4202258935434,-0.004418291860937797,0.004802620033331086,-0.03482930421590216,-0.004420345427077464,0.0048007299922301,-0.03482930421590216,-4.67380132705231e-19,-1.2412918807945529e-21,5.911861949000753e-20,-4.67379559089524e-19,-1.4411795082043112e-21,5.911861949000753e-20,-1527.3041129334217,-20.972221876331613,333.38539658932746,-1678267.6444075387,11.874519491955676,155113.14252453076,-0.0870947997453527,4556.837336889483
6.124632599973132,2001.0,12.0,14.0,14.0,21.0,34.0,1.0,3471645.812383454,47655.52070615669,-757462.8094831585,567.4073841520509,-283.7774171811576,4510.513373001589,3553638.3613197706,4554.910718128122,3471666.1738522085,46148.37617634013,-757462.8094831585,3553638.3613197706,570.555240660834,-530.1036096339319,4510.513373001589,4577.256165828895,12759585.555470308,0.7241916694129182,1.63362817324476,0.0,5.575503985246929e-08,6.06795457800363,-0.2147993039408395,0.013292078216012474,157438.36131977104,-0.09033575335514132,-0.08989355365472415,23.756559878587723,-16088694854.401834,-1012214776.3502425,-193380901.5847915,-16091171079.31394,-1866672968.0784755,16120504981.90171,16200236135.519815,-0.9769328842349847,-0.012986233117767582,0.2131513486931877,-0.01329168681352841,0.9999116616289916,0.0,0.21313251925026588,0.002833140970711039,0.9770191925188958,4526.960151094003,-537.6404227132723,-0.11821040904727002,1.3347048350286176e-10,198.3,0.0,-92.0,1.0,0.0,3.057509724790894e-17,2.2993292314028264,1.5707963267948966,16.722064528095284,461.0,0.0006411309740337588,0.003477305727464215,0.0,0.0014059593049801512,-1527.3706534228809,-20.966321950394445,333.25014381854135,-0.00443146367333986,0.004819621240287782,-0.034952470410707634,-0.004433555590200186,0.004817696961886315,-0.034952470410707634,-4.690324983540824e-19,-1.2418548506181247e-21,5.929524247366644e-20,-4.690319150309386e-19,-1.4454750612685346e-21,5.929524247366644e-20,-1527.375086978471,-20.961504253432558,333.21519134813065,-1678267.6762427744,12.063003928335924,155038.3812918743,-0.08699151626594805,4556.895978704015
6.210886119402356,2001.0,12.0,14.0,14.0,21.0,34.0,1.0,3471694.7409425415,47631.043736091495,-757073.75914222,567.1216045943004,-283.7813381473813,4510.575702775626,3553602.927649236,4554.937094269049,3471715.373710263,46102.65241065989,-757073.75914222,3553602.9276492363,570.2644819063152,-530.1143604761005,4510.575702775626,4577.2825983302255,12759585.325291542,0.7241916644482308,1.6336281731392759,0.0,5.575503985246929e-08,6.068064683738247,-0.21468942496096471,0.013278721825212733,157402.92764923628,-0.09028960666510401,-0.08984763551698491,24.1282100379467,-16088694831.030325,-1012214773.1760142,-193386167.86388266,-16091167286.63222,-1866696880.280934,16120504958.377007,16200235186.538328,-0.9769564704875052,-0.012973495730756141,0.21304399353448195,-0.013278331601425298,0.9999118390687664,0.0,0.2130252113776182,0.0028288687918427585,0.977042607473635,4527.005733675904,-537.6397859916876,-0.11820909114621792,1.3391950165267614e-10,198.27561092748044,0.0,-92.0,1.0243890725195708,0.0,3.057467188788706e-17,2.2993222847464976,1.5707963267948966,16.723189524525942,461.0,0.0006432988413007112,0.00353269826734913,0.0,0.0014107201893212074,-1527.4378700604107,-20.956180027872435,333.08894255745275,-0.004444177072997011,0.0048359569957291265,-0.03507100586105235,-0.004446305634923317,0.004834000012571671,-0.03507100586105235,-4.706180172834958e-19,-1.2424412794648751e-21,5.946511537809752e-20,-4.706174247023459e-19,-1.4496270946429378e-21,5.946511537809752e-20,-1527.4423163660456,-20.951346027859863,333.0538715515917,-1678267.706518175,12.251488364716172,154963.7078071435,-0.08688823675192629,4556.954551963714
6.30316089678505,2001.0,12.0,14.0,14.0,21.0,34.0,1.0,3471747.057856278,47604.85768283477,-756657.543698132,566.8158611739531,-283.78553072729824,4510.642350299684,3553565.0401595323,4554.965297370069,3471767.9803865342,46053.73569571907,-756657.543698132,3553565.0401595323,569.9534115506112,-530.1258538626414,4510.642350299684,4577.310861694761,12759585.078180382,0.7241916591183191,1.6336281730260285,0.0,5.771194914292421e-08,6.06818247825363,-0.21457187301977942,0.013264433264677232,157365.04015953233,-0.09024023739577475,-0.08979851075599,24.526995569467545,-16088694805.93988,-1012214769.7682395,-193391795.81596243,-16091163231.15216,-1866722448.7898147,16120504933.122097,16200234171.73616,-0.9769816905421477,-0.012959868519432406,0.21292913880764738,-0.013264044299227614,0.9999120286949388,0.0,0.2129104071534209,0.0028243015297410206,0.9770676444579637,4527.054473851348,-537.6391052987336,-0.1182076820100467,1.3440662652029855e-10,198.22148594218905,0.0,-92.0,1.0785140578109507,0.0,3.057376983514896e-17,2.2993075531073224,1.5707963267948966,16.725575802651683,461.0,0.0006456504368639003,0.0035921671387191306,0.0,0.0014159019342258991,-1527.5097449621037,-20.945328909694577,332.9164689525699,-0.0044580450064896655,0.00485369133889991,-0.0351999075546546,-0.004460213107859568,0.004851699076166734,-0.0351999075546546,-4.723367932810697e-19,-1.2431311011800396e-21,5.964972790763631e-20,-4.723361907285966e-19,-1.4541629817277362e-21,5.964972790763631e-20,-1527.5142051752116,-20.94047721061841,332.88126904501524,-1678267.7390206978,12.439972801096422,154889.12207033837,-0.0867849611985224,4557.0130566660055
6.367603952316936,2001.0,12.0,14.0,14.0,21.0,34.0,1.0,3471783.578321855,47586.569581821226,-756366.8626236586,566.6023269012958,-283.78845745988036,4510.688875248829,3553538.5923308935,4554.984985126841,3471804.7029255703,46019.57250739221,-756366.8626236586,3553538.5923308935,569.7361569516635,-530.133875758402,4510.688875248829,4577.330591519278,12759584.90505311,0.7241916553841499,1.6336281729466906,0.0,5.771194914292421e-08,6.068264745325734,-0.21448977535125177,0.013254454526840709,157338.5923308935,-0.0902057580862705,-0.08976420220739122,24.806238025426865,-16088694788.361563,-1012214767.3808134,-193395722.62510207,-16091160400.079727,-1866740297.4231002,16120504915.428558,16200233463.275982,-0.9769992959745202,-0.012950351125131956,0.21284892311455958,-0.013254066438573462,0.9999121610035763,0.0,0.21283022667876333,0.0028211137683391875,0.9770851221510705,4527.088498113122,-537.6386302074801,-0.11820669836413832,1.347629667015213e-10,198.2,0.0,-92.0,1.1,0.0,3.0573399968920545e-17,2.2993015127334173,1.5707963267948966,16.726554446149294,461.0,0.00064737042766833,0.0036338288111747363,0.0,0.0014196810683198436,-1527.5599202297053,-20.93774994740563,332.79600478214957,-0.004468220682194319,0.004866652440231795,-0.035293979747674016,-0.004470416794443505,0.004864635209628838,-0.035293979747674016,-4.735946280365635e-19,-1.2437296574094269e-21,5.978562143125665e-20,-4.735940184384465e-19,-1.4574868356636757e-21,5.978562143125665e-20,-1527.5643906464998,-20.932885312196003,332.7607108024019,-1678267.7617921215,12.62845723747667,154814.62408145887,-0.0866816896009716,4557.071492808319
6.441035163531569,2001.0,12.0,14.0,14.0,21.0,34.0,1.0,3471825.175683264,47565.730529248394,-756035.6353301947,566.3590015162247,-283.7917911029469,4510.74186869306,3553508.4678551196,4555.00741001334,3471846.5302522676,45980.643799321435,-756035.6353301947,3553508.4678551196,569.4885922600837,-530.143011610691,4510.74186869306,4577.353064321626,12759584.70720483,0.7241916511167656,1.6336281728560178,0.0,5.771194914292421e-08,6.068358488037583,-0.214396225663987,0.01324308414841859,157308.4678551196,-0.09016646910084562,-0.08972510780030006,25.125242084264755,-16088694768.27343,-1012214764.6523918,-193400193.46389046,-16091157175.34828,-1866760627.5065532,16120504895.208746,16200232656.261543,-0.9770193490907473,-0.012939505903886345,0.21275751617570626,-0.013242697058057439,0.9999123116426902,0.0,0.21273885981860752,0.0028174833335396334,0.9771050298257318,4527.127252843017,-537.6380891461835,-0.11820557799556886,1.3519331635543424e-10,198.2,0.0,-92.0,1.1,0.0,3.057336893454487e-17,2.2993010059036,1.5707963267948966,16.72663656662203,461.0,0.0006494472829276889,0.003681442385774234,0.0,0.0014242285583072097,-1527.617072727552,-20.929113177174273,332.65872723373326,-0.004480558509092307,0.004882288114831213,-0.03540726800750313,-0.004482787078869377,0.004880241981207833,-0.03540726800750313,-4.751144501653157e-19,-1.244594524569066e-21,5.995101409620224e-20,-4.751138324213388e-19,-1.4615106324895883e-21,5.995101409620224e-20,-1527.621555514631,-20.924232935193064,332.6233199657258,-1678267.7878150959,12.816941673856919,154740.21384050502,-0.08657842195450968,4557.129860388078
6.60575727447709,2001.0,12.0,14.0,14.0,21.0,34.0,1.0,3471918.422576451,47518.98313072365,-755292.6066213269,565.8131368648627,-283.7992641725852,4510.860664852352,3553440.9392025033,4555.057679756203,3471940.2918749982,45893.315836624715,-755292.6066213269,3553440.9392025033,568.9332175777097,-530.1634863471594,4510.860664852352,4577.403441475451,12759584.261097744,0.7241916414946654,1.6336281726515598,0.0,6.143906154658886e-08,6.068568779015112,-0.21418636765793053,0.013217578460413312,157240.9392025033,-0.09007833270403667,-0.0896374078873788,25.844037383794785,-16088694722.979591,-1012214758.5002627,-193410208.35152033,-16091149946.232649,-1866806201.3738642,16120504849.617989,16200230846.94553,-0.9770643022574632,-0.01291517619733523,0.2125524581789832,-0.013217193602299357,0.9999126490815482,0.0,0.21253389152654206,0.002809346990396258,0.9771496571774825,4527.214129791587,-537.6368765632011,-0.11820306659020824,1.361580113928099e-10,198.2,0.0,-92.0,1.1558011392809888,0.0,3.0573299366109976e-17,2.299299869764838,1.5707963267948966,16.726820655620944,461.0,0.0006541030956262267,0.0037888041061280987,0.0,0.0014344571853676601,-1527.7451970242118,-20.90973617737386,332.3507386032832,-0.004508315384129428,0.004917397775080196,-0.03566209321887618,-0.004510617371190447,0.004915286300090434,-0.03566209321887618,-4.785329672198812e-19,-1.2465463123417898e-21,6.032309322574986e-20,-4.785323310904506e-19,-1.4706104556029558e-21,6.032309322574986e-20,-1527.749707641583,-20.90482089107377,332.31507651006433,-1678267.8464915492,13.005426110237169,154665.89134747686,-0.0864751582543726,4557.188159402714
6.8599285012677305,2001.0,12.0,14.0,14.0,21.0,34.0,1.0,3472062.1289431383,47446.848059662436,-754146.0523608626,564.9707613269013,-283.8107817354444,4511.043754812077,3553336.868201976,4555.135154834884,3472084.789411444,45758.55952322657,-754146.0523608626,3553336.8682019757,568.0761668287931,-530.1950280249756,4511.043754812077,4577.4810820898365,12759583.566347811,0.7241916265095018,1.6336281723332022,0.0,6.143906154658886e-08,6.068893280040463,-0.21386253465718083,0.01317822385456792,157136.86820197618,-0.08994232825991565,-0.08950207695805776,26.961821973323822,-16088694652.442463,-1012214748.9202127,-193425623.19994435,-16091138804.106726,-1866876439.320654,16120504778.618513,16200228057.790731,-0.9771335840635774,-0.012877630582315397,0.21223601373389292,-0.013177842423889792,0.9999131684646678,0.0,0.21221758495496762,0.0027968127456597506,0.9772184374408553,4527.348025287603,-537.6350085879039,-0.11819919636565461,1.376447399717688e-10,198.1,0.0,-91.99552600282313,1.2044739971768799,0.0,3.0571597367219924e-17,2.299272074013586,1.5707963267948966,16.731325722520303,461.0,0.0006612783527759396,0.0039559703000453614,0.0,0.0014501990935804725,-1527.942676424232,-20.879829138956566,331.8753797789246,-0.004550813297521475,0.00497138231073223,-0.03605388079926921,-0.004553230083751891,0.004969168899602463,-0.03605388079926921,-4.837690787066386e-19,-1.2492199577211295e-21,6.089032186383537e-20,-4.837684140855908e-19,-1.484451509826607e-21,6.089032186383537e-20,-1527.9472296543158,-20.874859970056963,331.8393258981253,-1678267.937872002,13.193910546617417,154591.6566023743,-0.08637189849579674,4557.246389849654
7.025082559555972,2001.0,12.0,14.0,14.0,21.0,35.0,1.0,3472155.3909541536,47399.974939908294,-753401.025363638,564.4233485849903,-283.8182567027816,4511.162581446559,3553269.3286008136,4555.185435908102,3472178.5635053166,45670.99397264242,-753401.025363638,3553269.328600813,567.5192178918146,-530.2154895336398,4511.162581446559,4577.531470592148,12759583.110906536,0.7241916166859641,1.6336281721245085,0.0,6.322027276634106e-08,6.0691041427978245,-0.21365210592164804,0.013152653162983221,157069.32860081317,-0.08985395125475196,-0.08941413759030829,27.693623036146164,-16088694606.203436,-1012214742.6402006,-193435614.41147164,-16091131572.459312,-1866922023.5768774,16120504732.076403,16200226247.223711,-0.9771785480929395,-0.012853231699896639,0.21203037419634838,-0.013152273948342055,0.9999135051043104,0.0,0.21201203465124924,0.0027886815667998504,0.9772630763607906,4527.4349242349845,-537.6337968248416,-0.11819668481100752,1.3860959141695448e-10,198.1,0.0,-91.89904085830456,1.3009591416954487,0.0,3.0571527806045736e-17,2.2992709379934,1.5707963267948966,16.7315098994573,461.0,0.0006659356956524341,0.004065567767231272,0.0,0.0014604487025577583,-1528.0708502146226,-20.8603912702978,331.5664236627432,-0.004578494923625302,0.005005758528178091,-0.03630935145074179,-0.004580986995523374,0.005003478025827242,-0.03630935145074179,-4.871948264725122e-19,-1.2509492559918961e-21,6.126127295146066e-20,-4.871941431547368e-19,-1.4935499134843898e-21,6.126127295146066e-20,-1528.0754312016181,-20.855387792271973,331.53011431129244,-1678267.9977761898,13.382394982997665,154517.50960519744,-0.08626864267401882,4557.30455172633
7.0611443082297525,2001.0,12.0,14.0,14.0,21.0,35.0,1.0,3472175.7428917857,47389.739927851995,-753238.3444848155,564.3038137116166,-283.8198879502793,4511.188512766022,3553254.5898906225,4555.196408573147,3472199.027047864,45651.87339441654,-753238.3444848155,3553254.589890623,567.3976007053479,-530.219953840438,4511.188512766022,4577.542466700757,12759583.01104314,0.7241916145319779,1.6336281720787553,0.0,6.495265578539184e-08,6.069150186205209,-0.21360615727946833,0.013147069845087352,157054.58989062347,-0.08983465344625856,-0.08939493534136825,27.85396099090576,-16088694596.064856,-1012214741.2633129,-193437793.40044615,-16091129994.275635,-1866931971.2778287,16120504721.871374,16200225852.066753,-0.9771883604756691,-0.012847903869399296,0.2119854700611255,-0.013146691113169713,0.9999135785220515,0.0,0.21196714996349922,0.002786907495373703,0.9772728178369455,4527.453888018595,-537.6335324432163,-0.11819613674492474,1.387926263672065e-10,198.08073736327935,0.0,-91.9,1.319262636720651,0.0,3.057120539043003e-17,2.2992656725468095,1.5707963267948966,16.73236361340211,461.0,0.0006668197526214975,0.00408959834783848,0.0,0.0014623958102694633,-1528.0988222164365,-20.856146442801414,331.49895405261987,-0.004583606342418077,0.005012432381118115,-0.03635779900540119,-0.004586114543594355,0.005010137609943361,-0.03635779900540119,-4.878408601558683e-19,-1.2510518182297117e-21,6.132933535733902e-20,-4.878401728865232e-19,-1.4952211597191593e-21,6.132933535733902e-20,-1528.10340833098,-20.85113630519147,331.46259625361444,-1678268.0109112207,13.570879419377913,154443.4503559462,-0.08616539078427594,4557.362645030171
7.120151918087983,2001.0,12.0,14.0,14.0,21.0,35.0,1.0,3472209.035340197,47372.99231589724,-752972.1487814115,564.1082148392719,-283.8225564328317,4511.230932626854,3553230.479766203,4555.214358192002,3472232.501952722,45620.586166780085,-752972.1487814115,3553230.4797662026,567.1985945078187,-530.2272560449239,4511.230932626854,4577.5604546694885,12759582.84734822,0.7241916110011835,1.6336281720037578,0.0,6.495265578539184e-08,6.069225527562464,-0.21353097098259743,0.013137933973544673,157030.47976620262,-0.08980307618118606,-0.08936351444014426,28.1167072057724,-16088694579.445919,-1012214739.0063465,-193441356.84647092,-16091127412.573803,-1866948244.2148132,16120504705.143515,16200225205.619812,-0.977204412076638,-0.01283918575689519,0.21191199193781426,-0.013137556030614044,0.9999136985868042,0.0,0.2118937036334369,0.0027840056676420666,0.9772887534771634,4527.484909994494,-537.6330999992443,-0.11819524020868284,1.3909400292246712e-10,198.0505997077533,0.0,-91.9,1.3494002922467117,0.0,3.057069984383894e-17,2.299257416344426,1.5707963267948966,16.733702416063306,461.0,0.0006682753833332697,0.004128988862959888,0.0,0.0014656017181458598,-1528.144581006972,-20.84920025171539,331.38854749185685,-0.004592027549912181,0.005023408989268343,-0.036437574973884286,-0.004594562245189561,0.005021090784649598,-0.036437574973884286,-4.889049231962507e-19,-1.251228555730744e-21,6.144150496938897e-20,-4.889042294440137e-19,-1.4979753621582903e-21,6.144150496938897e-20,-1528.1491755692173,-20.844179160930743,331.35210991688297,-1678268.0324420184,13.759363855758163,154369.47885462065,-0.08606214282180553,4557.420669758607
7.205559269952727,2001.0,12.0,14.0,14.0,21.0,35.0,1.0,3472257.202238851,47348.75161806928,-752586.8538727129,563.825095528397,-283.8264172052811,4511.292305895193,3553195.5976840607,4555.240327653455,3472280.932581913,45575.30040981538,-752586.8538727129,3553195.597684061,566.9105433408193,-530.2378192594277,4511.292305895193,4577.586479614901,12759582.609781805,0.7241916058770194,1.6336281718949162,0.0,6.828569911354543e-08,6.069334578116054,-0.21342214485549738,0.013124710920769734,156995.59768406162,-0.08975737054458496,-0.08931803512467676,28.497851967811584,-16088694555.327496,-1012214735.7308946,-193446510.12311876,-16091123677.303507,-1866971787.8665752,16120504680.867016,16200224270.276201,-0.9772276355529407,-0.012826566721944866,0.21180563613307463,-0.013124334117859087,0.999913872217984,0.0,0.211787393783416,0.0027798079366561585,0.9773118092514096,4527.529792720594,-537.6324744378559,-0.11819394313952294,1.3953002894922964e-10,198.00699710507703,0.0,-91.9,1.3930028949229651,0.0,3.056996837572894e-17,2.2992454705636423,1.5707963267948966,16.735639904162227,461.0,0.0006703814221238701,0.004186154448230282,0.0,0.0014702402007846194,-1528.2107865291446,-20.839145471357078,331.22873131251373,-0.004604198266635111,0.00503929044265151,-0.036552999743214805,-0.004606771468700181,0.005036938204808015,-0.036552999743214805,-4.904444254414565e-19,-1.2514630618039705e-21,6.160361402540483e-20,-4.904437222911329e-19,-1.5019559292901362e-21,6.160361402540483e-20,-1528.2153933006132,-20.83410853315227,331.1921783127705,-1678268.0636891313,13.947848292138412,154295.59510122074,-0.08595889878184539,4557.478625909072
7.240315445849872,2001.0,12.0,14.0,14.0,21.0,35.0,1.0,3472276.7966407416,47338.88686990089,-752430.0581700227,563.7098777603687,-283.8279877968379,4511.317273015366,3553181.4075751207,4555.250892184557,3472300.634187292,45556.871296238205,-752430.0581700227,3553181.4075751207,566.7933185370932,-530.2421158972818,4511.317273015366,4577.597066717025,12759582.512882704,0.7241916037869611,1.633628171850524,0.0,6.828569911354543e-08,6.069378956409306,-0.21337785788931438,0.01311932990954231,156981.40757512068,-0.08973877053529707,-0.0892995272161258,28.653248965740204,-16088694545.49009,-1012214734.3949355,-193448605.72553033,-16091122157.748583,-1866981365.567105,16120504670.965136,16200223889.749777,-0.9772370830221624,-0.012821431295096363,0.21176235375033128,-0.01311895356989624,0.9999139428256968,0.0,0.21174413008054374,0.0027781004867025393,0.9773211885220332,4527.548051352212,-537.6322199887067,-0.11819341549663956,1.3972274892684724e-10,198.0,0.0,-91.9,1.4,0.0,3.056984214072463e-17,2.299243408989572,1.5707963267948966,16.735974318315517,461.0,0.0006713119682658431,0.0042094699771924714,0.0,0.0014722821076325057,-1528.2377199464524,-20.835053416493388,331.163689953922,-0.004609627693478712,0.005046300184652255,-0.03660385152608967,-0.004612216901288663,0.005043933810189668,-0.03660385152608967,-4.911251382713688e-19,-1.2516781158370145e-21,6.16762335303179e-20,-4.911244312193257e-19,-1.5037285893886038e-21,6.16762335303179e-20,-1528.2423321633537,-20.8300094826832,331.12708610239594,-1678268.0764342695,14.13633272851866,154221.79909574645,-0.08585565865963359,4557.536513479
7.282940950360127,2001.0,12.0,14.0,14.0,21.0,35.0,1.0,3472300.822047037,47326.788517681365,-752237.7603427682,563.5685701585179,-283.82991357234124,4511.3478863723485,3553164.0085683395,4555.26384581456,3472324.7909743446,45534.26934625618,-752237.7603427682,3553164.0085683386,566.6495494469658,-530.2473837644382,4511.3478863723485,4577.610048022192,12759582.393857697,0.7241916012196572,1.6336281717959922,0.0,6.828569911354543e-08,6.069433383108555,-0.21332354319286445,0.01311273059989017,156964.00856833812,-0.08971595897461479,-0.08927682860940421,28.844093531370163,-16088694533.406488,-1012214732.7538842,-193451174.61783123,-16091120294.53564,-1866993109.2039986,16120504658.802338,16200223423.150465,-0.9772486669911512,-0.012815133001587254,0.2117092705343101,-0.013112354827876418,0.9999140293799602,0.0,0.2116910697570541,0.002776007075596756,0.9773326888884001,4527.570439109922,-537.6319080234864,-0.1181927685406891,1.3997130616659816e-10,198.0,0.0,-91.9,1.4,0.0,3.056982422573088e-17,2.299243116415522,1.5707963267948966,16.73602177875966,461.0,0.0006725119010337943,0.004238110652724091,0.0,0.001474909515003272,-1528.2707446666527,-20.83003461893553,331.08391843989955,-0.004616666574029782,0.00505533371412249,-0.03666931490311369,-0.0046192756840011595,0.005052949769402323,-0.03666931490311369,-4.920032747886007e-19,-1.2520367810985691e-21,6.177060071243871e-20,-4.920025628887917e-19,-1.5060244583498456e-21,6.177060071243871e-20,-1528.2753639423368,-20.824981669166128,331.0472491249964,-1678268.0920896288,14.32481716489891,154148.09083819785,-0.08575242245040861,4557.594332465824
7.440607775895812,2001.0,12.0,14.0,14.0,21.0,35.0,1.0,3472389.636908511,47282.037394861174,-751526.461518973,563.0458630999957,-283.8370327535876,4511.461057493877,3553099.6895574233,4555.311732296721,3472414.0908862674,45450.665389267684,-751526.461518973,3553099.6895574233,566.117737349084,-530.2668537250879,4511.461057493877,4577.658036811456,12759581.951777574,0.7241915916842038,1.6336281715934375,0.0,6.828569911354543e-08,6.06963470581671,-0.2131226347503852,0.013088320941652432,156899.68955742335,-0.08963157948465363,-0.0891928669251601,29.55253690481186,-16088694488.526487,-1012214726.6585351,-193460665.29994822,-16091113406.479485,-1867036522.656105,16120504613.628166,16200221698.055058,-0.9772914903265193,-0.0127918351187408,0.21151291187458454,-0.013087947264248181,0.9999143491501701,0.0,0.21149479561393247,0.0027682698363221355,0.9773752033432883,4527.653201861102,-537.63075501021,-0.11819037699324132,1.4089014917966618e-10,197.9709850820334,0.0,-91.9,1.4290149179666167,0.0,3.056929511560417e-17,2.2992344753913976,1.5707963267948966,16.7374236245764,461.0,0.0006769476995971898,0.004344493250576916,0.0,0.0014846410388942223,-1528.3928338593655,-20.811468377988476,330.7888164485811,-0.0046427124680120035,0.005088744071870104,-0.03691166525911577,-0.004645395665695518,0.005086294761293777,-0.03691166525911577,-4.952482762252192e-19,-1.2533295984440049e-21,6.211904711239852e-20,-4.952475463305066e-19,-1.5145272351498377e-21,6.211904711239852e-20,-1528.3974792550312,-20.80638208322718,330.75190478332195,-1678268.150236439,14.513301601279158,154074.47032857488,-0.08564919014940932,4557.652082866977
7.7112501579994674,2001.0,12.0,14.0,14.0,21.0,35.0,1.0,3472541.899554125,47205.21741217889,-750305.4426901754,562.14851500219,-283.84923832291634,4511.65508539889,3552989.4221683806,4555.393830682627,3472567.182796172,45307.148188319494,-750305.4426901754,3552989.42216838,565.2047590118581,-530.3002187427567,4511.65508539889,4577.740310591454,12759581.186036393,0.7241915751674527,1.6336281712426326,0.0,7.146345858741881e-08,6.069980302497067,-0.21277774910694836,0.013046422203186863,156789.42216838012,-0.08948673028187142,-0.08904873491262931,30.777872294187546,-16088694410.790434,-1012214716.1014633,-193476914.85372812,-16091101596.572632,-1867110952.4090219,16120504535.382622,16200218739.77044,-0.9773649088650743,-0.012751838748979066,0.2111758166260641,-0.013046052102969453,0.9999148966409724,0.0,0.21115784485472383,0.002755010706590755,0.9774480929810621,4527.795095445689,-537.6287791477636,-0.11818627718012273,1.4246539759456962e-10,197.9,0.0,-91.9,1.5,0.0,3.056804903036092e-17,2.2992141252750358,1.5707963267948966,16.740726016634188,461.0,0.0006845528665272882,0.0045287332770747105,0.0,0.0015013398061059235,-1528.602165302106,-20.779590178329723,330.2821269000158,-0.004687272156989994,0.005146039542758225,-0.03732744854010449,-0.004690084238697151,0.005143476750530664,-0.03732744854010449,-5.008109131860594e-19,-1.2553408232884273e-21,6.271462709974217e-20,-5.008101522156019e-19,-1.5290796653520556e-21,6.271462709974217e-20,-1528.6068553863447,-20.774446701579194,330.24479945147567,-1678268.2509544007,14.701786037659407,154000.93756687758,-0.08554596175187486,4557.709764679897
7.914789694022097,2001.0,12.0,14.0,14.0,21.0,35.0,1.0,3472656.2503145104,47147.441936823474,-749387.1276744073,561.4735737062041,-283.8584052998879,4511.8008100215975,3552906.61026345,4555.455489579648,3472682.1544266785,45199.208578269674,-749387.1276744073,3552906.6102634496,564.5180619781287,-530.3252645752501,4511.8008100215975,4577.802101211661,12759580.604539849,0.7241915626247102,1.6336281709762157,0.0,7.146345858741881e-08,6.070240226329701,-0.21251835995790655,0.013014913105290933,156706.6102634496,-0.08937778828822156,-0.0889403322958739,31.707085609436035,-16088694351.76035,-1012214708.0843394,-193489100.87744454,-16091092726.275948,-1867166851.961628,16120504475.96562,16200216517.405975,-0.9774200493744971,-0.012721755322163712,0.2109222700955936,-0.013014545680132597,0.9999153072139358,0.0,0.21090440650089623,0.0027450575191163688,0.9775028368131324,4527.901664397334,-537.6272959559473,-0.11818319835743972,1.4365326728864896e-10,197.89515751921374,0.0,-91.9,1.6,0.0,3.056788651842455e-17,2.2992114712537055,1.5707963267948966,16.74115680769766,461.0,0.0006902885243478971,0.004668648315129809,0.0,0.0015139636105193416,-1528.759395118842,-20.755608854234026,329.90095461064305,-0.004720935403278828,0.005189329175374763,-0.03764198490393899,-0.004723845972308622,0.005186679824534262,-0.03764198490393899,-5.050287704600765e-19,-1.2568151683808155e-21,6.316580224411092e-20,-5.0502798588600615e-19,-1.5401456775756972e-21,6.316580224411092e-20,-1528.7641189648143,-20.750422174409493,329.8633126257391,-1678268.327438673,14.890270474039657,153927.49255310593,-0.08544273725304476,4557.767377902018
7.964735054806782,2001.0,12.0,14.0,14.0,21.0,35.0,1.0,3472684.2891785023,47133.26447022231,-749161.7832627735,561.3079432537417,-283.8606531091152,4511.836542784978,3552886.3047427055,4555.47060865869,3472710.345276695,45172.72113826163,-749161.7832627735,3552886.3047427055,564.3495467439428,-530.3314042980641,4511.836542784978,4577.817252589355,12759580.461089581,0.7241915595305114,1.6336281709104923,0.0,7.45058059692383e-08,6.0703040093472564,-0.21245470813535236,0.013007181445097023,156686.30474270508,-0.08935105479541267,-0.08891373115838194,31.936137557029724,-16088694337.198374,-1012214706.1065884,-193492086.59554437,-16091090551.14906,-1867180558.830573,16120504461.308197,16200215972.391493,-0.9774335701767364,-0.01271437284045963,0.21086004983123904,-0.01300681467436561,0.9999154078080938,0.0,0.2108422127174384,0.0027426175903824236,0.9775162604198292,4527.927795872119,-537.6269323681985,-0.1181824434518366,1.4397235404320573e-10,197.86614963243585,0.0,-91.9,1.6,0.0,3.056740274917945e-17,2.299203570702372,1.5707963267948966,16.7424393326174,461.0,0.0006918284935470743,0.004703163945837516,0.0,0.0015173364570319643,-1528.7979505451624,-20.74972330456934,329.80740646303417,-0.004730005664828105,0.0052009065366348615,-0.03772588973941056,-0.004732941130606034,0.005198235339645067,-0.03772588973941056,-5.061482436667343e-19,-1.2573357028011745e-21,6.328663924967272e-20,-5.061474531647302e-19,-1.5430861436112376e-21,6.328663924967272e-20,-1528.802683486293,-20.744525069229695,329.76968057329475,-1678268.3463066928,15.078754910419905,153854.13528725994,-0.08533951664815882,4557.824922530779
8.04977859292216,2001.0,12.0,14.0,14.0,21.0,36.0,1.0,3472732.0127995154,47109.123793245475,-748778.0781333074,561.0259094559851,-283.8644790544859,4511.897362743241,3552851.7436786117,4555.49634238457,3472758.3273575604,45127.61943491211,-748778.0781333074,3552851.7436786117,564.0626008370922,-530.341853042244,4511.897362743241,4577.843041289292,12759580.216104584,0.7241915542462158,1.633628170798247,0.0,7.598131170262078e-08,6.070412616373932,-0.21234632449127414,0.012994016658513786,156651.7436786117,-0.08930553405407754,-0.08886843578333659,32.32715865969658,-16088694312.329603,-1012214702.7289509,-193497166.35936785,-16091086848.850878,-1867203888.8867352,16120504436.276415,16200215044.662973,-0.9774565835842834,-0.012701802014453636,0.21075410181850843,-0.01299365100029379,0.9999155789533847,0.0,0.21073630973665444,0.002738465245910081,0.977539108458927,4527.9722736620715,-537.6263136055414,-0.1181811585838654,1.4451545647895892e-10,197.816776683731,0.0,-91.9,1.6,0.0,3.0566579283952124e-17,2.299190122494645,1.5707963267948966,16.744622897745753,461.0,0.0006944496704182617,0.004762110814179744,0.0,0.0015230773212071254,-1528.8635762595682,-20.73970096498603,329.64810591209425,-0.00474542824658362,0.005220612316724038,-0.03786870316229176,-0.004748406289045552,0.005217903785923717,-0.03786870316229176,-5.080536210611794e-19,-1.2581970426379093e-21,6.349209886805222e-20,-5.080528204464859e-19,-1.5480857680943343e-21,6.349209886805222e-20,-1528.8683246658572,-20.73448306120011,329.61023720893195,-1678268.378529586,15.267239346800153,153780.86576933958,-0.08523629993245734,4557.882398563616
8.093538766749827,2001.0,12.0,14.0,14.0,21.0,36.0,1.0,3472756.560215351,47096.70179124813,-748580.6360360604,560.8807808610181,-283.86644701871546,4511.928646920981,3552833.966636567,4555.509579068898,3472783.007604234,45104.41146565958,-748580.6360360604,3552833.9666365674,563.9149446081175,-530.3472268413876,4511.928646920981,4577.85630625044,12759580.08967596,0.7241915515191625,1.6336281707403242,0.0,7.598131170262078e-08,6.0704685022458715,-0.21229055356013504,0.012987242635376164,156633.96663656738,-0.08928211042630763,-0.08884512812086458,32.528860449790955,-16088694299.495752,-1012214700.9859214,-193499778.19446614,-16091084944.45493,-1867215889.198038,16120504423.358442,16200214567.427773,-0.9774684210452657,-0.012695333328047264,0.21069958322446863,-0.012986877548728222,0.9999156669497354,0.0,0.21068181428592583,0.0027363296869042453,0.9775508608911534,4527.995151848874,-537.6259953755722,-0.11818049770159049,1.4477541704290762e-10,197.8,0.0,-91.9,1.6075417042907605,0.0,3.056629324705877e-17,2.299185451157676,1.5707963267948966,16.74538151401792,461.0,0.0006957048115653565,0.0047925295319008986,0.0,0.0015258308358331238,-1528.8973330603799,-20.734543442951285,329.56612943384755,-0.004752742566195379,0.005230061387241934,-0.03793724178774991,-0.0047557422132808135,0.005227333929993698,-0.03793724178774991,-5.08969426946636e-19,-1.2584777456833687e-21,6.358972426023665e-20,-5.089686212158672e-19,-1.5504677495700369e-21,6.358972426023665e-20,-1528.9020888025932,-20.72931610902129,329.5281921920598,-1678268.3951587472,15.455723783180403,153707.68399934488,-0.08513308710118075,4557.939805997972
8.112780139772081,2001.0,12.0,14.0,14.0,21.0,36.0,1.0,3472767.351717742,47091.239802728924,-748493.8202015971,560.8169667217354,-283.8673121784783,4511.94240012667,3552826.151516958,4555.515398190112,3472793.8574774084,45094.20683410928,-748493.8202015971,3552826.1515169577,563.8500190561465,-530.3495891172893,4511.94240012667,4577.862137802678,12759580.03402201,0.7241915503187109,1.6336281707148252,0.0,7.598131170262078e-08,6.070493075471923,-0.21226603087284704,0.012984264109911253,156626.1515169572,-0.0892718109615521,-0.08883487964618811,32.61763674020767,-16088694293.846312,-1012214700.2186201,-193500926.1858477,-16091084107.235853,-1867221164.7849238,16120504417.67197,16200214357.61866,-0.9774736250448456,-0.012692488996360071,0.2106756109870479,-0.012983899274393845,0.9999157056270456,0.0,0.21065785221852296,0.002735390912627211,0.9775560275172129,4528.005209595461,-537.6258554845181,-0.11818020716762465,1.4487310603803476e-10,197.8,0.0,-91.9,1.6173106038034766,0.0,3.0566285204468174e-17,2.2991853198122043,1.5707963267948966,16.745402845304994,461.0,0.000696176904286358,0.004805920479912977,0.0,0.001526870687536654,-1528.9121734283522,-20.73227559013226,329.53008293978183,-0.0047554338693487,0.005233627439252333,-0.03796316208917243,-0.004758442696077994,0.00523089194753492,-0.03796316208917243,-5.093170630312032e-19,-1.2584702629379546e-21,6.362581814450878e-20,-5.093162551321423e-19,-1.5513543450209848e-21,6.362581814450878e-20,-1528.9169318710483,-20.727044698184727,329.49211977769266,-1678268.4024789147,15.644208219560651,153634.58997727584,-0.08502987814957005,4557.997144831282
8.13971448868779,2001.0,12.0,14.0,14.0,21.0,36.0,1.0,3472782.4557545944,47083.59400518916,-748372.2937114639,560.7276377371599,-283.86852308224366,4511.96164953166,3552815.2132944255,4555.523542795455,3472809.0431865985,45079.92216870276,-748372.2937114639,3552815.213294425,563.7591342893413,-530.3528952630207,4511.96164953166,4577.870299806777,12759579.956054851,0.7241915486369637,1.6336281706791032,0.0,7.45058059692383e-08,6.070527473606272,-0.21223170348266968,0.01298009474413957,156615.2132944255,-0.08925739353899635,-0.08882053360035765,32.741987973451614,-16088694285.931879,-1012214699.1436892,-193502532.71544367,-16091082935.433577,-1867228548.645272,16120504409.70566,16200214063.957453,-0.9774809087147431,-0.012688507412380007,0.21064205391575078,-0.012979730259963395,0.9999157597529796,0.0,0.21062430937709603,0.002734077041231111,0.9775632588851496,4528.019286721018,-537.625659698782,-0.11817980053183319,1.4500983381968077e-10,197.8,0.0,-91.9,1.6309833819680768,0.0,3.056627394786854e-17,2.2991851359779805,1.5707963267948966,16.745432701172767,461.0,0.0006968376622424426,0.004824680102643964,0.0,0.0015283261114571083,-1528.932944605691,-20.7291009276107,329.4796231159144,-0.004759199385497014,0.005238618651367381,-0.0379994414772126,-0.00476222107799443,0.005235871901572355,-0.0379994414772126,-5.098036321307597e-19,-1.2584576547317361e-21,6.367631888668263e-20,-5.098028211952597e-19,-1.5525948401882323e-21,6.367631888668263e-20,-1528.937706826769,-20.723865055709126,329.4416236744372,-1678268.4127339404,15.8326926559409,153561.58370313246,-0.0849266730728664,4558.054415060989
8.204473870885124,2001.0,12.0,14.0,14.0,21.0,36.0,1.0,3472818.761175465,47065.210760754,-748080.1003641952,560.5128553544681,-283.8714337485079,4512.00791960685,3552788.9211993935,4555.543120036401,3472845.544804191,45045.576585537725,-748080.1003641952,3552788.9211993935,563.5406112224695,-530.3608414940111,4512.00791960685,4577.889918868972,12759579.768289188,0.7241915445868645,1.633628170593074,0.0,7.598131170262078e-08,6.070610179345797,-0.2121491678328175,0.012970070243433518,156588.92119939346,-0.08922272872277152,-0.08878604039856683,33.04137581586838,-16088694266.87194,-1012214696.5549663,-193506393.23687574,-16091080118.730482,-1867246297.2829607,16120504390.520786,16200213358.050068,-0.9774984165487057,-0.012678934095057553,0.21056136937953782,-0.012969706603071755,0.9999158898180538,0.0,0.21054365902444847,0.0027309191827936223,0.9775806410342902,4528.053124100873,-537.625189133607,-0.1181788231163688,1.453384850075816e-10,197.8,0.0,-91.9,1.6638485007581607,0.0,3.056624689047735e-17,2.2991846940972493,1.5707963267948966,16.745504465915786,461.0,0.0006984259483028534,0.004869858298927774,0.0,0.0015318246107884582,-1528.9828732888013,-20.721467525291562,329.358293640948,-0.004768244340429537,0.005250616373925523,-0.03808664937585117,-0.004771297042863557,0.005247842501917772,-0.03808664937585117,-5.109732390715561e-19,-1.2584171553105829e-21,6.379762539924636e-20,-5.109724208295824e-19,-1.5555746753153124e-21,6.379762539924636e-20,-1528.9876445858442,-20.716219682789646,329.32020699157215,-1678268.437430773,16.02117709232115,153488.66517691474,-0.08482347186631135,4558.111616684537
8.263263311738408,2001.0,12.0,14.0,14.0,21.0,36.0,1.0,3472851.707681186,47048.52204024709,-747814.8407072116,560.3178669361965,-283.8740751605244,4512.049909434576,3552765.061603744,4555.560886190056,3472878.6692101657,45014.396756263486,-747814.8407072116,3552765.061603744,563.3422268972275,-530.3680516746634,4512.049909434576,4577.907722974685,12759579.597455692,0.7241915409019862,1.6336281705148055,0.0,7.598131170262078e-08,6.070685261790643,-0.2120742397935375,0.012960969964142335,156565.06160374405,-0.08919125904102668,-0.08875472651118271,33.31365293264389,-16088694249.530905,-1012214694.1997364,-193509895.27193192,-16091077562.557795,-1867262404.0026023,16120504373.066082,16200212717.406542,-0.97751430477153,-0.012670243029226272,0.2104881205878676,-0.0129606070886698,0.9999160078046021,0.0,0.21047044122851424,0.0027280538277719003,0.9775964152406592,4528.083831314397,-537.6247621569056,-0.11817793614300495,1.4563672995319932e-10,197.8,0.0,-91.9,1.6936729953199319,0.0,3.056622233636971e-17,2.2991842930982402,1.5707963267948966,16.745569591713267,461.0,0.0006998673241195402,0.004910960757468233,0.0,0.0015349995713515173,-1529.0281841400063,-20.714537295836116,329.2481407802353,-0.004776444914719755,0.005261504572390585,-0.038165793228476436,-0.004779525861601159,0.005258706012597104,-0.038165793228476436,-5.1203469187077905e-19,-1.258367935302433e-21,6.390760901783316e-20,-5.120338669888344e-19,-1.558276459687351e-21,6.390760901783316e-20,-1529.0329636658678,-20.70927858982352,329.20997498700683,-1678268.459900517,16.209661528701396,153415.83439862265,-0.0847202745251469,4558.168749699363
8.288445104218448,2001.0,12.0,14.0,14.0,21.0,36.0,1.0,3472865.816437805,47041.373567954026,-747701.2189763328,560.2343440833929,-283.8752063087166,4512.067891002301,3552754.844155177,4555.568494278328,3472892.8541072747,45001.04109917466,-747701.2189763328,3552754.844155177,563.2572494276079,-530.3711390506903,4512.067891002301,4577.915347315264,12759579.524172325,0.724191539321262,1.6336281704812297,0.0,7.598131170262078e-08,6.070717422815316,-0.21204214490549209,0.012957071990801322,156554.844155177,-0.0891777792148269,-0.08874131341787045,33.43042433261871,-16088694242.09207,-1012214693.189396,-193511394.5728064,-16091076467.90305,-1867269301.464778,16120504365.578485,16200212443.049183,-0.9775211086745016,-0.012666520228157096,0.2104567446319622,-0.012956709442629673,0.9999160583171066,0.0,0.21043907853864152,0.0027268268904380466,0.977603170329821,4528.096981253118,-537.6245793270086,-0.11817755631626659,1.4578102041864684e-10,197.79263450739575,0.0,-91.9,1.7,0.0,3.056609427282627e-17,2.2991822016618597,1.5707963267948966,16.745909268063887,461.0,0.0007005641715732533,0.004928592808193675,0.0,0.0015365296485632726,-1529.0475881400373,-20.711568657914132,329.20095562396517,-0.004780475819957137,0.005266754573467127,-0.03820389131710762,-0.004783569237034984,0.005263945113393975,-0.03820389131710762,-5.125441378960487e-19,-1.2584705883046514e-21,6.396146355520809e-20,-5.125433100836211e-19,-1.5595923667391102e-21,6.396146355520809e-20,-1529.0523717092744,-20.706304712800737,329.1627517326481,-1678268.4695394821,16.398145965081646,153343.09136825622,-0.08461708104461516,4558.225814102916
8.318489894204493,2001.0,12.0,14.0,14.0,21.0,36.0,1.0,3472882.647063981,47032.84457672666,-747565.6545218928,560.1346902759874,-283.87655568672506,4512.089341716491,3552742.6555504757,4555.577570160636,3472909.775529935,44985.106154360554,-747565.6545218928,3552742.6555504757,563.1558600796839,-530.3748218441364,4512.089341716491,4577.92444258529,12759579.436632514,0.7241915374330253,1.6336281704411217,0.0,7.884953353001449e-08,6.070755794877902,-0.2120038517505048,0.012952421280220202,156542.6555504757,-0.08916169611084597,-0.08872530993404587,33.56988945603371,-16088694233.206127,-1012214691.9825027,-193513182.8187689,-16091075162.049938,-1867277529.6245837,16120504356.634296,16200212115.750399,-0.9775292252322815,-0.012662078432300744,0.21041930896795058,-0.012952059122296921,0.9999161185641986,0.0,0.210401658694194,0.002725363330225759,0.9776112286657975,4528.1126681787,-537.6243612373872,-0.11817710321616526,1.459725556353819e-10,197.77522221496528,0.0,-91.9,1.7,0.0,3.05658038328786e-17,2.299177458417557,1.5707963267948966,16.74667968537178,461.0,0.0007014886779690493,0.004949655099360705,0.0,0.0015385545056044317,-1529.070735909771,-20.70802661001646,329.1446563756006,-0.004785892815517545,0.0052737051471558665,-0.038254264280408186,-0.004789001540276226,0.0052708823045096225,-0.038254264280408186,-5.13216139164417e-19,-1.2587388008823117e-21,6.40336250616649e-20,-5.132153077544841e-19,-1.5613483497861254e-21,6.40336250616649e-20,-1529.0755249113113,-20.702755727711953,329.1064021113202,-1678268.4810536,16.586630401461896,153270.43608581545,-0.08451389141995883,4558.2828098926375
8.442422142900519,2001.0,12.0,14.0,14.0,21.0,36.0,1.0,3472952.0403431146,46997.66277201003,-747006.4556619673,559.7236106993041,-283.8821193133692,4512.177785300928,3552692.4014935615,4555.6149907782265,3472979.5427858154,44919.37466909438,-747006.4556619673,3552692.4014935615,562.7376213770132,-530.39000382253,4512.177785300928,4577.961943139229,12759579.07433404,0.7241915296182163,1.633628170275121,0.0,8.024520884654679e-08,6.070914079208438,-0.21184589289505298,0.01293323774401522,156492.40149356192,-0.08909535335414136,-0.08865929560506322,34.14684048295021,-16088694196.43054,-1012214686.9874706,-193520552.36250854,-16091069777.775219,-1867311455.0287662,16120504319.617638,16200210766.144352,-0.9775626905739899,-0.012643755662665913,0.21026488399274976,-0.012932877192852445,0.9999163668465051,0.0,0.2102472988774322,0.0027193299226475984,0.97764445406268,4528.177347007439,-537.623462182995,-0.1181752351029427,1.467622622440272e-10,197.70343070508844,0.0,-91.9,1.7,0.0,3.056460623161792e-17,2.299157900104719,1.5707963267948966,16.749857204657904,461.0,0.0007053005642579631,0.005036828421418698,0.0,0.001546903233132887,-1529.1661788915385,-20.69341458306101,328.91240481946517,-0.004808201569809152,0.005302363443531062,-0.03846195875810283,-0.0048113737426978866,0.005299485176060699,-0.03846195875810283,-5.15986783410513e-19,-1.2598037408189018e-21,6.433079865368531e-20,-5.1598593713157e-19,-1.5685796914553129e-21,6.433079865368531e-20,-1529.1709902652813,-20.68811509788495,328.8739428607071,-1678268.52870675,16.775114837842143,153197.86855130031,-0.08441070564642078,4558.339737065974
8.480944350316584,2001.0,12.0,14.0,14.0,21.0,36.0,1.0,3472973.5996706868,46986.72697286925,-746832.6360847147,559.5958284589934,-283.8838478690964,4512.205263735065,3552676.788400886,4555.626616875894,3473001.218176869,44898.94278455159,-746832.6360847147,3552676.7884008856,562.6076137910409,-530.3947198499035,4512.205263735065,4577.973594071807,12759578.961300813,0.7241915271800757,1.6336281702233417,0.0,7.884953353001449e-08,6.0709632800805515,-0.21179679318783579,0.012927274955884183,156476.78840088565,-0.08907473142439552,-0.08863877576182302,34.32671359181404,-16088694184.95703,-1012214685.4292607,-193522840.82232395,-16091068104.904858,-1867321995.2150512,16120504308.068926,16200210346.79551,-0.9775730878519124,-0.012638060104747467,0.21021688168286073,-0.012926914903178306,0.9999164439447358,0.0,0.21019931678947737,0.002717455740725843,0.9776547768284745,4528.197441984301,-537.6231829067368,-0.1181746547229249,1.4698873713020504e-10,197.7,0.0,-91.9,1.7188737130205034,0.0,3.056453540496662e-17,2.2991567434177242,1.5707963267948966,16.750045163710674,461.0,0.0007063943076812087,0.005064019448440131,0.0,0.001549310731414761,-1529.19583270063,-20.68887223501125,328.84020625260825,-0.0048145695851810515,0.0053106179408811075,-0.038521937446721374,-0.004817761189569247,0.005307722706099015,-0.038521937446721374,-5.167904752674754e-19,-1.2600038051829148e-21,6.441608262182206e-20,-5.167896244380437e-19,-1.5706718173934264e-21,6.441608262182206e-20,-1529.2006504618196,-20.68356451230515,328.80168431516154,-1678268.5435740184,16.963599274222393,153125.38876471086,-0.08430752371924424,4558.396595620373
8.525833600938608,2001.0,12.0,14.0,14.0,21.0,36.0,1.0,3472998.7161659608,46973.983594474346,-746630.0858532334,559.4469229343824,-283.88586164500174,4512.237276254123,3552658.5992361205,4555.6401612989475,3473026.4698107275,44875.13363973253,-746630.0858532334,3552658.599236121,562.4561150776811,-530.4002135411848,4512.237276254123,4577.98716742741,12759578.829391256,0.7241915243347662,1.633628170162904,0.0,7.884953353001449e-08,6.071020613535811,-0.21173957761552525,0.012920326674028832,156458.59923612047,-0.08905070079839172,-0.08861486409566958,34.53661000728607,-16088694171.567583,-1012214683.6106575,-193525506.18674168,-16091066155.986353,-1867334274.552393,16120504294.59171,16200209858.233084,-0.9775852007162986,-0.012631423027639473,0.2101609442612276,-0.012919967201581986,0.9999165337404468,0.0,0.21014340291330594,0.0027152725069085606,0.9776668029074267,4528.220852729418,-537.6228575784272,-0.11817397859030283,1.4724858234113604e-10,197.7,0.0,-91.9,1.744858234113603,0.0,3.0564516691381726e-17,2.29915643780169,1.5707963267948966,16.750094826364833,461.0,0.0007076493513156125,0.005095757049080219,0.0,0.0015520760711104243,-1529.2303799835202,-20.683578847048725,328.75607024609906,-0.004821866443026101,0.0053200971464993805,-0.038590851301290474,-0.0048250806630463225,0.005317182170818346,-0.038590851301290474,-5.177147148642261e-19,-1.2602047187570333e-21,6.451391237003159e-20,-5.177138587443348e-19,-1.5730756278985955e-21,6.451391237003159e-20,-1529.2352050641832,-20.67826166487791,328.71747939479775,-1678268.5609240923,17.152083710602643,153052.99672604704,-0.08420434563367286,4558.45338555328
8.623853884811124,2001.0,12.0,14.0,14.0,21.0,36.0,1.0,3473053.537376001,46946.156806291394,-746187.7916497608,559.1217607528496,-283.8902571363968,4512.307150372306,3552618.8981547095,4555.669724721643,3473081.5857051113,44823.143072570674,-746187.7916497608,3552618.8981547095,562.1252902806158,-530.412202798365,4512.307150372306,4578.016794000599,12759578.54052985,0.7241915181039712,1.6336281700305577,0.0,8.024520884654679e-08,6.071145809054617,-0.21161463949781778,0.012905154575779714,156418.8981547095,-0.08899822651053942,-0.08856264956974984,34.99603748321533,-16088694142.247055,-1012214679.6282585,-193531321.2816755,-16091061901.988533,-1867361076.683245,16120504265.078981,16200208791.761156,-0.977611639545432,-0.012616929751697425,0.21003879477118795,-0.0129047963682047,0.9999167296483719,0.0,0.2100213047668918,0.002710507875945319,0.9776930523896888,4528.271951621338,-537.6221475922194,-0.11817250283634545,1.4781731471170772e-10,197.6984259352993,0.0,-91.9,1.8,0.0,3.0564450719433637e-17,2.2991553603980153,1.5707963267948966,16.750269907071974,461.0,0.0007103963389618242,0.005165255309310854,0.0,0.0015581277799359718,-1529.3057884127809,-20.67201918281941,328.5723346133912,-0.004837822955425701,0.005340842455402285,-0.03874165740255997,-0.004841086796819697,0.005337884197613262,-0.03874165740255997,-5.197369205027056e-19,-1.2606258460728225e-21,6.472780383901354e-20,-5.197360528054947e-19,-1.578329915898913e-21,6.472780383901354e-20,-1529.3106294995778,-20.6666812986218,328.53359295598864,-1678268.5989180617,17.34056814698289,152980.69243530888,-0.08410117138495052,4558.510106862146
8.658254000715468,2001.0,12.0,14.0,14.0,21.0,36.0,1.0,3473072.7692665136,46936.39092202009,-746032.5673391825,559.0076416248062,-283.89179914574794,4512.331663351682,3552604.9705735715,4555.680096001397,3473100.9208832053,44804.89675898254,-746032.5673391825,3552604.970573571,562.0091838239786,-530.4164082102567,4512.331663351682,4578.027187434269,12759578.438880766,0.7241915159113772,1.6336281699839854,0.0,8.161702118890975e-08,6.0711897469530465,-0.21157079193124315,0.012899830004910236,156404.97057357104,-0.08897981040516603,-0.08854432462784328,35.15764185786247,-16088694131.929377,-1012214678.226874,-193533360.45716554,-16091060409.593575,-1867370479.265438,16120504254.69367,16200208417.598572,-0.9776209146953003,-0.01261184317707824,0.2099959251080862,-0.012899472240531205,0.9999167983467003,0.0,0.20997845309993102,0.002708836606556428,0.977702261139862,4528.28987793597,-537.6218985538173,-0.11817198513373071,1.4803617670102642e-10,197.67852939081578,0.0,-91.9,1.8,0.0,3.056411878221718e-17,2.299149939451883,1.5707963267948966,16.75115088160245,461.0,0.0007114528819118775,0.005189711271578498,0.0,0.0015604418277978022,-1529.3322434554052,-20.667962002890185,328.50784757400396,-0.004843982650866312,0.0053487859287848286,-0.03879922620362696,-0.004847264381824815,0.005345812084852301,-0.03879922620362696,-5.205048232421532e-19,-1.260883846820223e-21,6.480985271465182e-20,-5.20503951391904e-19,-1.5803264962244496e-21,6.480985271465182e-20,-1529.337090719787,-20.662616190805334,328.4690483478003,-1678268.6122879758,17.52905258336314,152908.47589249638,-0.08399800096832151,4558.566759544417
8.71693638319979,2001.0,12.0,14.0,14.0,21.0,36.0,1.0,3473105.5674547036,46919.73139771277,-745767.7717399315,558.8129638193832,-283.8944289246391,4512.373468374613,3552581.218388291,4555.6977833695455,3473133.895109571,44773.77045000948,-745767.7717399315,3552581.218388291,561.8111158320305,-530.423579482949,4512.373468374613,4578.044912583872,12759578.265134398,0.7241915121636233,1.6336281699043793,0.0,8.161702118890975e-08,6.071264700417608,-0.21149599255831192,0.012890747012706668,156381.21838829108,-0.0889483944155973,-0.08851306415232692,35.4337939620018,-16088694114.293728,-1012214675.8315029,-193536837.0915993,-16091057864.397785,-1867386514.6041028,16120504236.942413,16200207779.45871,-0.9776367327318239,-0.012603165894774986,0.20992279300464975,-0.012890390003515622,0.9999169154712592,0.0,0.209905351668321,0.0027059866724572163,0.9777179659682679,4528.320449891461,-537.6214738811998,-0.1181711022503405,1.484094253268544e-10,197.64459769755868,0.0,-91.9,1.8,0.0,3.0563552663878876e-17,2.299140694037798,1.5707963267948966,16.752653604063973,461.0,0.000713254749216636,0.005231513919334923,0.0,0.0015643882678869788,-1529.3773611632666,-20.661040558036277,328.39783433939664,-0.004854480076936004,0.005362333015243703,-0.03889740580926413,-0.004857792412431674,0.005359332520143014,-0.03889740580926413,-5.218143976733529e-19,-1.261312140412498e-21,6.494967900992743e-20,-5.218135187305484e-19,-1.5837290056250551e-21,6.494967900992743e-20,-1529.382218955679,-20.655681225516133,328.35893693358736,-1678268.6351408511,17.71753701974339,152836.3470976095,-0.08389483437903042,4558.623343597547
8.94767629200288,2001.0,12.0,14.0,14.0,21.0,36.0,1.0,3473234.419589729,46854.22443078428,-744726.5681437864,558.0474324211057,-283.90476068964,4512.53771035839,3552487.9047041154,4555.7672720827795,3473263.437499958,44651.3773111917,-744726.5681437864,3552487.9047041154,561.0322535955721,-530.4517446862982,4512.53771035839,4578.114549726973,12759577.577727797,0.7241914973360297,1.63362816958941,0.0,8.429369702178808e-08,6.071559428136693,-0.21120187068735824,0.012855033461404305,156287.9047041149,-0.08882486180041041,-0.08839014302473146,36.52543085813522,-16088694044.521809,-1012214666.3543241,-193550483.4499173,-16091047864.565777,-1867449513.0160263,16120504166.713097,16200205271.941906,-0.9776988777078592,-0.012569044148486887,0.20963521569141397,-0.012854679411243856,0.9999173751951879,0.0,0.20961789462263572,0.002694793491020084,0.9777796665619582,4528.440559687704,-537.61980597377,-0.11816763384434861,1.498757832210519e-10,197.6,0.0,-91.9,1.8887075655501726,0.0,3.056274466634019e-17,2.299127498436597,1.5707963267948966,16.754798863185037,461.0,0.0007203345981361293,0.005396907237886521,0.0,0.0015799532122159313,-1529.5546257554608,-20.633820542051428,327.9651844985092,-0.004895935126255665,0.00541571310664278,-0.039285033732451694,-0.004899368962115458,0.005412606856869078,-0.039285033732451694,-5.270035260498078e-19,-1.2630624537723686e-21,6.55041996015068e-20,-5.270026189809359e-19,-1.5973048948384337e-21,6.55041996015068e-20,-1529.5595251244229,-20.62840793519456,327.92589946477676,-1678268.7255555168,17.906021456123636,152764.3060506483,-0.08379167161232211,4558.679859018988
9.009236306200899,2001.0,12.0,14.0,14.0,21.0,37.0,1.0,3473268.7667099303,46836.74716502312,-744448.7749124059,557.8431782797863,-283.9075148350552,4512.581492496069,3552463.0307937483,4555.7857955517575,3473297.968256317,44618.72246333229,-744448.7749124059,3552463.0307937483,560.8244427111408,-530.4592502785258,4512.581492496069,4578.133112761834,12759577.393112242,0.7241914933537986,1.6336281695048558,0.0,8.560065398421929e-08,6.071638062324778,-0.2111233981260814,0.012845505542589493,156263.03079374786,-0.08879190282546916,-0.08835734719213427,36.81821846961975,-16088694025.783506,-1012214663.8096567,-193554117.80394995,-16091045198.794895,-1867466306.3951545,16120504147.851988,16200204603.390053,-0.9777154436650837,-0.012559939984333308,0.20955848617123235,-0.012845152279088137,0.9999174976281429,0.0,0.20954119709908042,0.002691810666244665,0.9777961141636948,4528.472577429871,-537.6193615006637,-0.11816670933073206,1.5024241723217327e-10,197.6,0.0,-91.9,1.9,0.0,3.0562719082114836e-17,2.2991270806144892,1.5707963267948966,16.754866799430847,461.0,0.0007221054918096428,0.005441306443146337,0.0,0.0015838386340928567,-1529.6018814597653,-20.626557112923198,327.84973557778596,-0.004906141519562218,0.005429060740662262,-0.039381860548712656,-0.004909607495051792,0.005425926591864637,-0.039381860548712656,-5.283021082670658e-19,-1.2632736362284455e-21,6.564104597700748e-20,-5.28301193823662e-19,-1.6006449324874616e-21,6.564104597700748e-20,-1529.6067910672605,-20.621131186331333,327.81035371723726,-1678268.7498380225,18.094505892503886,152692.35275161275,-0.0836885126634419,4558.73630580619
9.084112671319899,2001.0,12.0,14.0,14.0,21.0,37.0,1.0,3473310.526678163,46815.489076901606,-744110.8872197903,557.59473240486,-283.91086343373104,4512.634724569852,3552432.788559112,4555.808317014112,3473339.951288829,44579.00326119341,-744110.8872197903,3552432.788559112,560.5716706279514,-530.4683744953575,4512.634724569852,4578.155682329291,12759577.168054573,0.724191488499202,1.6336281694017372,0.0,8.560065398421929e-08,6.071733707743831,-0.21102794928840904,0.012833916729210564,156232.7885591127,-0.08875181364077482,-0.08831745644056231,37.17513644695282,-16088694002.94074,-1012214660.7069019,-193558534.68460637,-16091041957.602974,-1867486724.3630252,16120504124.859474,16200203790.488586,-0.9777355851671542,-0.012548866062931176,0.20946515571420732,-0.012833564420951503,0.9999176464210706,0.0,0.20944790550897324,0.0026881845698029177,0.9778161118234977,4528.511505860197,-537.6188211737732,-0.1181655853056857,1.5067444915553305e-10,197.6,0.0,-91.9,1.9,0.0,3.056268797623588e-17,2.2991265726169345,1.5707963267948966,16.75494939862295,461.0,0.0007241926512161842,0.0054954532445169475,0.0,0.0015884086383123244,-1529.659338029191,-20.617721761657414,327.7093016654446,-0.0049180501985359865,0.005444777851698409,-0.0394957565879101,-0.004921555089423209,0.005441609974211484,-0.0394957565879101,-5.298296223122703e-19,-1.2633711415907573e-21,6.58007373072687e-20,-5.2982869898669495e-19,-1.604529922012926e-21,6.58007373072687e-20,-1529.6642595842804,-20.6122801516832,327.66980590885674,-1678268.779439887,18.282990328884136,152620.48720050286,-0.08358535752763536,4558.792683956609
9.152327482988495,2001.0,12.0,14.0,14.0,21.0,37.0,1.0,3473348.5551775703,46796.12204681747,-743803.0570385854,557.3683819832856,-283.9139128648679,4512.683200852812,3552405.2486241884,4555.828826285298,3473378.182725086,44542.81717756094,-743803.0570385854,3552405.248624188,560.3413788050341,-530.4766822272414,4512.683200852812,4578.176235407187,12759576.962444408,0.724191484064089,1.6336281693075325,0.0,8.815645848363069e-08,6.071820845256833,-0.21094099086176987,0.012823359072657466,156205.24862418743,-0.08871529042500906,-0.08828111400446745,37.50105580687523,-16088693982.072023,-1012214657.8723265,-193562555.13247114,-16091039005.932562,-1867505318.0856237,16120504103.853952,16200203050.155596,-0.9777539271653456,-0.01253877698632833,0.20938012557172445,-0.012823007633144163,0.9999177818577087,0.0,0.20936291072676722,0.002684882948434906,0.977834322886842,4528.546956377354,-537.6183291974834,-0.11816456173574874,1.5107466447705494e-10,197.59321232026772,0.0,-91.9,1.9067876797322676,0.0,3.0562551278742326e-17,2.2991243401774484,1.5707963267948966,16.755312397986053,461.0,0.0007261259457160585,0.005544918842515234,0.0,0.0015926465690114374,-1529.7116625321362,-20.609671767489584,327.58135064875773,-0.004929120171509328,0.005459339958703212,-0.03960134344026322,-0.0049326608184279775,0.005456141099735157,-0.03960134344026322,-5.312442149010939e-19,-1.26350481431666e-21,6.59489917882555e-20,-5.312432834266662e-19,-1.6081431373477687e-21,6.59489917882555e-20,-1529.7165951929546,-20.60421562638985,327.54174930531747,-1678268.80648382,18.471474765264382,152548.70939731863,-0.08348220620014839,4558.848993467699
9.194353051772252,2001.0,12.0,14.0,14.0,21.0,37.0,1.0,3473371.975970558,46784.19036367817,-743613.4083329518,557.2289288654091,-283.91579095480023,4512.713056536837,3552388.2874733936,4555.841457530762,3473401.728408932,44520.523485757265,-743613.4083329518,3552388.287473394,560.1994974408252,-530.4817981848997,4512.713056536837,4578.188893632118,12759576.83549117,0.7241914813256409,1.6336281692493646,0.0,8.815645848363069e-08,6.071874529336033,-0.2108874171106237,0.012816854806415616,156188.2874733936,-0.08869278900261708,-0.0882587239565472,37.702230513095856,-16088693969.186817,-1012214656.1221061,-193565030.38883469,-16091037188.026983,-1867516769.5874329,16120504090.884275,16200202594.169834,-0.977765223654467,-0.012532561162513603,0.2093277390185971,-0.012816503901399804,0.9999178652408134,0.0,0.20931054593516174,0.0026828497838030495,0.977845538762315,4528.568789713367,-537.6180262346654,-0.1181639313532366,1.513411968466718e-10,197.568982104848,0.0,-91.9,1.9310178951519805,0.0,3.0562146964708627e-17,2.29911773722819,1.5707963267948966,16.756386147011842,461.0,0.0007274128760118789,0.005575461946539237,0.0,0.0015954817700432823,-1529.7438888094255,-20.604712019574418,327.5025176985891,-0.004936633098403377,0.005469043848381224,-0.039671882246013916,-0.004940196321041556,0.005465825397260299,-0.039671882246013916,-5.321849430102748e-19,-1.263766722515716e-21,6.604905187678991e-20,-5.321840063725678e-19,-1.6106006398328242e-21,6.604905187678991e-20,-1529.7488290057465,-20.59924619417716,327.4628458163431,-1678268.8231819943,18.659959201644632,152477.01934206003,-0.08337905867622722,4558.905234336917
9.307909339373989,2001.0,12.0,14.0,14.0,21.0,37.0,1.0,3473435.2314239005,46751.949652396695,-743100.956811851,556.8521012250621,-283.92086343090466,4512.793692890926,3552342.47838068,4555.875572700184,3473465.320816469,44460.28315756613,-743100.956811851,3552342.4783806805,559.8161083412786,-530.4956133343976,4512.793692890926,4578.223081668425,12759576.491346003,0.7241914739022319,1.6336281690916747,0.0,8.940696716308596e-08,6.072019590366158,-0.21074265418397672,0.012799280019725233,156142.47838068102,-0.08863198725119452,-0.08819822314854943,38.24733778834343,-16088693934.257944,-1012214651.3775034,-193571712.4356715,-16091032278.003008,-1867547698.4553127,16120504055.726412,16200201362.501507,-0.9777957339293009,-0.01251576485886382,0.20918618104372366,-0.012798930556231861,0.9999180903337117,0.0,0.20916904667344224,0.0026773594045019647,0.9778758314123233,4528.627758702776,-537.617208110662,-0.11816222883256636,1.520610540178696e-10,197.50354054383004,0.0,-91.9,1.9964594561699636,0.0,3.056105488534268e-17,2.2990999022186718,1.5707963267948966,16.75928712943272,461.0,0.0007308887526114138,0.005658261664788658,0.0,0.001603139599153715,-1529.830929899134,-20.591309135193967,327.2894849121406,-0.004956901483395939,0.005495253607998257,-0.03986240705337892,-0.004960525988966017,0.0054919820142734855,-0.03986240705337892,-5.347257438809802e-19,-1.2644367492082705e-21,6.631898643013252e-20,-5.347247932670311e-19,-1.6172306240349736e-21,6.631898643013252e-20,-1529.835890425123,-20.585817153179693,327.24962250508725,-1678268.8684474565,18.848443638024882,152405.41703472708,-0.08327591495111843,4558.96140656172
9.33747223120133,2001.0,12.0,14.0,14.0,21.0,37.0,1.0,3473451.692131863,46743.55611116225,-742967.5452706944,556.7539955699319,-283.92218344084364,4512.814676891358,3552330.557667344,4555.884450444168,3473481.869123803,44444.60012005072,-742967.5452706944,3552330.5576673434,559.7162944596702,-530.4992078779507,4512.814676891358,4578.231978374278,12759576.401450295,0.7241914719631284,1.6336281690505001,0.0,8.940696716308596e-08,6.0720573557181154,-0.21070496643737383,0.012794704710783611,156130.55766734388,-0.08861615802558923,-0.08818247226988933,38.38960835337639,-16088693925.134039,-1012214650.1384084,-193573450.51479647,-16091031000.240637,-1867555747.0365376,16120504046.542706,16200201041.954344,-0.9778036735986313,-0.012511391999858117,0.2091493269586285,-0.012794355621918321,0.9999181488823072,0.0,0.20913220785245226,0.0026759308671935617,0.9778837144736345,4528.643104195618,-537.61699524355,-0.11816178580020828,1.522298320740215e-10,197.5,0.0,-91.9,2.0,0.0,3.056098608780638e-17,2.2990987786696397,1.5707963267948966,16.759469917035922,461.0,0.0007317042297467014,0.005679881450841965,0.0,0.0016049276257883603,-1529.8535811005963,-20.587819566348372,327.2340197932257,-0.0049615341697261525,0.005501396877022045,-0.039906955969418345,-0.00496517424864697,0.005498111821020111,-0.039906955969418345,-5.353224003906731e-19,-1.2644336633134274e-21,6.638101467778289e-20,-5.353214462580196e-19,-1.6187429515621558e-21,6.638101467778289e-20,-1529.858546274845,-20.582321454527353,327.1941128372563,-1678268.8802714497,19.03692807440513,152333.9024753198,-0.08317277502006891,4559.017510139565
9.371881829269565,2001.0,12.0,14.0,14.0,21.0,37.0,1.0,3473470.8478484387,46733.786436517476,-742812.2607113535,556.6398040920417,-283.9237195783828,4512.839096644694,3552316.685250733,4555.894781735389,3473501.1267376845,44426.34578356472,-742812.2607113535,3552316.685250733,559.6001146800724,-530.5033906649285,4512.839096644694,4578.242331731888,12759576.296729306,0.7241914697042309,1.633628169002519,0.0,8.940696716308596e-08,6.072101312852031,-0.2106610996299311,0.012789379329414444,156116.68525073305,-0.0885977335194589,-0.08816413895548875,38.55536466836929,-16088693914.505564,-1012214648.6947101,-193575472.76172683,-16091029513.261055,-1867565113.4080904,16120504035.844553,16200200668.914944,-0.9778129132348217,-0.012506302145871033,0.20910643012080538,-0.012789030676256174,0.9999182170029516,0.0,0.209089328770248,0.002674268549417398,0.9778928882460147,4528.660962232611,-537.6167475407755,-0.11816127023691267,1.5242057780242056e-10,197.5,0.0,-91.9,2.0,0.0,3.056097182306477e-17,2.29909854570873,1.5707963267948966,16.75950781742765,461.0,0.0007326260279924154,0.005705075157692047,0.0,0.0016069458452696666,-1529.8799412848653,-20.583757740130743,327.1694589020917,-0.004966728380959474,0.005508339122027553,-0.039957261926518994,-0.004970386480539112,0.0055050385037310684,-0.039957261926518994,-5.35997038945045e-19,-1.2643743975284802e-21,6.645067690981084e-20,-5.359960807531436e-19,-1.6204375158376074e-21,6.645067690981084e-20,-1529.884911671346,-20.57825270162701,327.1295016401652,-1678268.8940454163,19.22541251078538,152262.47566383818,-0.08306963887832586,4559.073545067916
9.42781117133213,2001.0,12.0,14.0,14.0,21.0,37.0,1.0,3473501.975155939,46717.90669987406,-742559.8594800616,556.4541931272805,-283.926215767513,4512.878778208425,3552294.143103816,4555.911569801696,3473532.419523032,44396.67488789119,-742559.8594800616,3552294.1431038165,559.4112718872021,-530.5101869170628,4512.878778208425,4578.259155655258,12759576.12623824,0.7241914660266267,1.6336281689244017,0.0,9.064022496787044e-08,6.072172761485193,-0.21058979781036652,0.012780723524867142,156094.14310381655,-0.08856778599589077,-0.0881343396552206,38.82515272498131,-16088693897.201967,-1012214646.3442816,-193578757.92529228,-16091027096.928577,-1867580333.510239,16120504018.427517,16200200062.70675,-0.9778279274159525,-0.01249802890734144,0.20903670404705,-0.012780375579127522,0.999918327664843,0.0,0.20901963153129696,0.0026715675875442248,0.9779077954291734,4528.689981140989,-537.6163450691886,-0.11816043247536985,1.527305323225224e-10,197.5,0.0,-91.9,2.0,0.0,3.0560948643392005e-17,2.2990981671559463,1.5707963267948966,16.759569404529167,461.0,0.0007341239415213457,0.005746092167498419,0.0,0.001610225413499606,-1529.922776595803,-20.577155287728377,327.0645159064068,-0.004975162816727531,0.005519620261059104,-0.04003900880355295,-0.004978850277375643,0.005516294299139494,-0.04003900880355295,-5.3709332156523535e-19,-1.2642685488925252e-21,6.656379665496757e-20,-5.370923567710002e-19,-1.6231891798944821e-21,6.656379665496757e-20,-1529.9277554460805,-20.57163899342924,327.0244768976033,-1678268.9164701328,19.41389694716563,152191.1366002822,-0.08296650652113688,4559.1295113442275
9.497791453546718,2001.0,12.0,14.0,14.0,21.0,37.0,1.0,3473540.9078510194,46698.03735391823,-742244.045212857,556.2219444261318,-283.92933793569136,4512.928410891325,3552265.9483576305,4555.932567788058,3473571.5590138244,44359.54933787488,-742244.045212857,3552265.9483576305,559.174979360683,-530.5186863002293,4512.928410891325,4578.280198490132,12759575.912419677,0.7241914614144128,1.6336281688264334,0.0,9.064022496787044e-08,6.072262161193056,-0.21050058179446288,0.012769893269290558,156065.948357631,-0.08853031426185776,-0.08809705338268867,39.16336610913277,-16088693875.501125,-1012214643.3965608,-193582865.2792619,-16091024074.60005,-1867599370.343309,16120503996.584406,16200199304.428165,-0.9778467067252693,-0.012487676875202506,0.20894945817782287,-0.012769546207333879,0.9999184660209345,0.0,0.20893242169707404,0.002668189761199087,0.9779264409592341,4528.726277230094,-537.6158417376979,-0.11815938465520737,1.5311821008257395e-10,197.5,0.0,-91.9,2.0,0.0,3.056091965123431e-17,2.2990976936780796,1.5707963267948966,16.75964643574115,461.0,0.0007359975135896883,0.005797531914009598,0.0,0.0016143274235756835,-1529.9763549326244,-20.568893491874118,326.9331983966143,-0.0049857018549672,0.0055337306700954545,-0.04014125709690975,-0.004989426175504738,0.005530372912830257,-0.04014125709690975,-5.384645407934684e-19,-1.264119516601836e-21,6.670514469599177e-20,-5.384635677306021e-19,-1.6266274633114265e-21,6.670514469599177e-20,-1529.9813443588,-20.563363118961288,326.89305713951734,-1678268.9445937201,19.602381383545875,152119.8852846519,-0.08286337794374973,4559.185408965968
9.531761834872626,2001.0,12.0,14.0,14.0,21.0,37.0,1.0,3473559.8010076093,46688.3921403046,-742090.7389047468,556.1092014946656,-283.93085307027263,4512.952496787483,3552252.2660848377,4555.942757714656,3473590.552452795,44341.52734574984,-742090.7389047468,3552252.2660848373,559.0602734131332,-530.5228104271868,4512.952496787483,4578.290410180715,12759575.80842741,0.724191459171225,1.6336281687787855,0.0,9.064022496787044e-08,6.072305558816292,-0.21045727333832637,0.012764636008192269,156052.26608483726,-0.0885121241983706,-0.08807895334761146,39.32780700922012,-16088693864.946829,-1012214641.9629116,-193584857.84936175,-16091022607.898697,-1867608608.562052,16120503985.960918,16200198936.428854,-0.9778558199869233,-0.012482651575480997,0.20890710549750796,-0.012764289374704564,0.9999185331399547,0.0,0.20889008649158192,0.002666550747002126,0.9779354893205651,4528.743891097164,-537.6155975073856,-0.11815887617813554,1.5332153295255723e-10,197.48895154976753,0.0,-91.9,2.0110484502324746,0.0,3.0560729146709486e-17,2.2990945825030873,1.5707963267948966,16.760152618298648,461.0,0.0007369796835226912,0.005822550096544038,0.0,0.0016164859044141865,-1530.0023559991248,-20.56488273262366,326.86944919158645,-0.004991332743706011,0.005541133292614818,-0.04019500089178003,-0.004995075380994649,0.005537759715182419,-0.04019500089178003,-5.391828378486136e-19,-1.2641776929145215e-21,6.678034374282243e-20,-5.391818606641783e-19,-1.6284675121739728e-21,6.678034374282243e-20,-1530.0073510745058,-20.559344972908477,326.82925419069466,-1678268.958271835,19.790865819926125,152048.7217169472,-0.0827602531414127,4559.241237930597
9.573247720392342,2001.0,12.0,14.0,14.0,21.0,37.0,1.0,3473582.8688342283,46676.612979063655,-741903.5144640675,555.971513059699,-283.93270300699464,4512.981904997073,3552235.560549435,4555.955199297043,3473613.7426575185,44319.518032723674,-741903.5144640675,3552235.560549435,558.9201876433907,-530.5278454468074,4512.981904997073,4578.302878336116,12759575.68123103,0.7241914564275047,1.633628168720505,0.0,9.064022496787044e-08,6.0723585580508646,-0.21040438299595712,0.012758215688328944,156035.56054943474,-0.08848990960911578,-0.08805684870457857,39.52889412641525,-16088693852.037588,-1012214640.2093654,-193587290.13816267,-16091020817.080088,-1867619888.1416287,16120503972.967043,16200198487.092371,-0.9778669470107562,-0.012476514374477079,0.20885538186248973,-0.012757869577621508,0.9999186150701668,0.0,0.20883838418189155,0.0026645497223859805,0.9779465371210604,4528.765397132675,-537.6152993335853,-0.11815825535257568,1.5358404850888282e-10,197.46508649919247,0.0,-91.9,2.0349135008075288,0.0,3.056033084819976e-17,2.2990880777947904,1.5707963267948966,16.761211025154903,461.0,0.0007382473983455577,0.005853150749255904,0.0,0.0016192790111189943,-1530.0341029438368,-20.559984420883143,326.7915927409194,-0.004998692857992741,0.005550692991304496,-0.04026449453384157,-0.005002458264964449,0.00554729972865658,-0.04026449453384157,-5.401095024786819e-19,-1.2643710581985548e-21,6.687836040608383e-20,-5.401085201586551e-19,-1.6308752158456928e-21,6.687836040608383e-20,-1530.0391054021018,-20.554437121154486,326.7513282463855,-1678268.9750019982,19.979350256306375,151977.6458971682,-0.08265713210937427,4559.29699823558
9.729717378448804,2001.0,12.0,14.0,14.0,21.0,37.0,1.0,3473669.8208773737,46632.18558043349,-741197.3610539746,555.452176698644,-283.93967632037476,4513.092758951691,3552172.590576031,4556.002097375545,3473701.155371363,44236.50503728025,-741197.3610539746,3552172.5905760312,558.3918091416656,-530.5468206998671,4513.092758951691,4578.349876579272,12759575.199542703,0.7241914460371036,1.6336281684997904,0.0,9.305772182939053e-08,6.07255845634771,-0.21020489538124057,0.0127340009918336,155972.59057603125,-0.08840612217585794,-0.08797347595041792,40.289964377880096,-16088693803.151415,-1012214633.5686425,-193596452.85323822,-16091014066.43858,-1867662406.121603,16120503923.760363,16200196793.129444,-0.9779088900655182,-0.012453365907568903,0.2086602894860409,-0.012733656848099607,0.9999189237049546,0.0,0.20864337208284628,0.002657008524140371,0.9779881817238906,4528.8464638561245,-537.6141756136961,-0.1181559152635967,1.545735766623661e-10,197.4,0.0,-91.9,2.1,0.0,3.055922658574866e-17,2.299070043820393,1.5707963267948966,16.76414613034002,461.0,0.0007430262794573305,0.005969038014401323,0.0,0.0016297907331360953,-1530.1537763486074,-20.541507553894917,326.49791129253055,-0.005026337070013158,0.005586716086938117,-0.04052614459486576,-0.005030188838741895,0.005583248268171322,-0.04052614459486576,-5.436038630113584e-19,-1.2650075072202166e-21,6.724718172700107e-20,-5.436028613002132e-19,-1.6399119141855364e-21,6.724718172700107e-20,-1530.158806537446,-20.535924305626747,326.45738514793567,-1678269.0383585393,20.167834692686622,151906.65782531482,-0.08255401484288324,4559.352689878383
9.869382161365053,2001.0,12.0,14.0,14.0,21.0,37.0,1.0,3473747.365610973,46592.52877291948,-740567.0340301353,554.9885828760277,-283.945895390314,4513.191622886959,3552116.433299846,4556.04392247581,3473779.1101044505,44162.40514923902,-740567.0340301353,3552116.433299847,557.920143950674,-530.5637379643348,4513.191622886959,4578.391791007585,12759574.766886268,0.7241914367043271,1.6336281683015743,0.0,9.424321830774487e-08,6.072736891500201,-0.21002682677937506,0.012712387509901139,155916.43329984695,-0.08833133074227442,-0.08789905466192703,40.97282391786575,-16088693759.24217,-1012214627.6044452,-193604616.82210386,-16091008045.714336,-1867700324.9575093,16120503879.563269,16200195282.11758,-0.9779462963373015,-0.012432702018219884,0.20848613719065592,-0.01271204511553565,0.9999191986900644,0.0,0.2084692912376675,0.0026502851819313732,0.9780253220644745,4528.918762276523,-537.61317376007,-0.11815382842218351,1.5546114343119505e-10,197.39490471406708,0.0,-91.9,2.105095285932921,0.0,3.0559087471401735e-17,2.299067771910696,1.5707963267948966,16.764515968879618,461.0,0.0007473132276377927,0.006073110260501021,0.0,0.0016391824786790973,-1530.2605106373287,-20.525012146181787,326.23572424265967,-0.00505097555955877,0.005618999897983309,-0.04076016063045408,-0.005054905179508202,0.005615465037107579,-0.04076016063045408,-5.467409861994031e-19,-1.2654711751357026e-21,6.757737540023943e-20,-5.467399671348638e-19,-1.6479517466068037e-21,6.757737540023943e-20,-1530.2655655425083,-20.51939668114468,326.19496408202923,-1678269.0952659156,20.356319129066872,151835.7575013871,-0.0824509013371888,4559.4083128564735
9.929366533019543,2001.0,12.0,14.0,14.0,21.0,37.0,1.0,3473780.6502804267,46575.49637673425,-740296.3117936719,554.7894648870011,-283.94856487004654,4513.234059370608,3552092.3288085796,4556.06187540339,3473812.5705177807,44130.57939903682,-740296.3117936719,3552092.3288085796,557.7175593015975,-530.5709979253726,4513.234059370608,4578.4097822776575,12759574.58029758,0.7241914326794358,1.6336281682160807,0.0,9.541398640621977e-08,6.072813529015485,-0.20995034668534399,0.012703104934531806,155892.3288085796,-0.08829920789982725,-0.08786709079316989,41.26716768741608,-16088693740.30603,-1012214625.0321591,-193608118.9053494,-16091005461.304152,-1867716601.1783187,16120503860.50298,16200194633.452501,-0.9779623525954194,-0.01242382666720795,0.2084113371123935,-0.012702763289663025,0.9999193166475017,0.0,0.20839452178701662,0.0026473998822208974,0.9780412642435002,4528.949795719115,-537.6127438168184,-0.11815293270484035,1.558743632814923e-10,197.3604697265423,0.0,-91.9,2.1395302734576918,0.0,3.055851265695524e-17,2.2990583844783865,1.5707963267948966,16.766044305288197,461.0,0.0007493081968524226,0.00611799765940407,0.0,0.0016435766335282408,-1530.3063267948817,-20.51792670708058,326.12310439040505,-0.005062659923261266,0.005634041082323609,-0.040869486654894586,-0.005066624002534586,0.005630476501402556,-0.040869486654894586,-5.481993343145649e-19,-1.2659417031122881e-21,6.773303652195898e-20,-5.481983075458986e-19,-1.6517733319513902e-21,6.773303652195898e-20,-1530.311393418884,-20.512296230579178,326.08223490375013,-1678269.1198079567,20.544803565447122,151764.94492538506,-0.08234779158754035,4559.463867167321
10.022903324082385,2001.0,12.0,14.0,14.0,21.0,38.0,1.0,3473832.528984931,46548.936544529766,-739874.1552685905,554.4789578192699,-283.9527256867708,4513.300203544547,3552054.758665986,4556.089857806202,3473864.7228540173,44080.95096125432,-739874.1552685905,3552054.7586659864,557.4016463650198,-530.5823118050819,4513.300203544547,4578.437824442537,12759574.288353458,0.7241914263819156,1.633628168082312,0.0,9.771344846937065e-08,6.072933036002484,-0.20983108516434146,0.01268863031668871,155854.75866598636,-0.08824911609228436,-0.08781724688259938,41.72749504446983,-16088693710.678097,-1012214621.0074456,-193613574.80137452,-16091001432.992899,-1867741970.1891434,16120503830.680796,16200193622.303806,-0.977987378820327,-0.01240998631952662,0.20829469294174355,-0.01268828983835042,0.999919500410397,0.0,0.20827792530444525,0.002642903435835046,0.9780661127410073,4528.998166365338,-537.612073792184,-0.11815153663268364,1.5651842286880504e-10,197.30679809426627,0.0,-91.9,2.193201905733753,0.0,3.055761665094569e-17,2.299043751589782,1.5707963267948966,16.768427213798972,461.0,0.0007524177200209195,0.006188230781729437,0.0,0.001650425918420183,-1530.3777404121565,-20.506876981897058,325.947474002196,-0.00508085160955373,0.005657485926795428,-0.041039896632550955,-0.005084869671113792,0.005653874823338431,-0.041039896632550955,-5.504724212492796e-19,-1.2666422203829422e-21,6.797538263706485e-20,-5.504713824457944e-19,-1.6577233710183845e-21,6.797538263706485e-20,-1530.3828252818275,-20.50122310707372,325.90643410556345,-1678269.1582074184,20.73328800182737,151694.22009730863,-0.08224468558918777,4559.519352808393
10.063838121530386,2001.0,12.0,14.0,14.0,21.0,38.0,1.0,3473855.2236873265,46537.31295997362,-739689.4036468494,554.3430650852073,-283.9545458911679,4513.329139204072,3552038.323344033,4556.102099023779,3473887.537147654,44059.23158051036,-739689.4036468494,3552038.323344033,557.263387796534,-530.587260465384,4513.329139204072,4578.450091803469,12759574.16020378,0.7241914236175976,1.6336281680235978,0.0,9.771344846937065e-08,6.072985337011705,-0.2097788915758311,0.012682295817749703,155838.3233440332,-0.08822719388783815,-0.08779543316642509,41.929458290338516,-16088693697.672934,-1012214619.2408577,-193615960.53299782,-16090999670.719816,-1867753068.1542811,16120503817.59037,16200193179.924679,-0.9779983268528463,-0.012403929116122599,0.20824364387782723,-0.012681955849081456,0.9999195807642942,0.0,0.20822689708314598,0.002640936697510447,0.9780769830562851,4529.019326744258,-537.6117807237674,-0.11815092592098718,1.567834903080492e-10,197.3,0.0,-91.9,2.2,0.0,3.055749115475777e-17,2.299041702081499,1.5707963267948966,16.76876102431931,461.0,0.0007536979612341333,0.006219057469100622,0.0,0.0016532345898808507,-1530.408981900999,-20.50204086279787,325.8706060745216,-0.005088220435774145,0.005667130325424798,-0.04110985571973347,-0.0050922617802846145,0.00566349920891948,-0.04110985571973347,-5.514090244704236e-19,-1.2667829327578938e-21,6.807398356942898e-20,-5.514079805159657e-19,-1.6601294309065642e-21,6.807398356942898e-20,-1530.4140741627791,-20.49637736358895,325.82949621880186,-1678269.1750629712,20.92177243820762,151623.5830171579,-0.0821415833373811,4559.574769777162
10.118567349211247,2001.0,12.0,14.0,14.0,21.0,38.0,1.0,3473885.557483275,46521.77228040039,-739442.3915703715,554.1613741451904,-283.9569788057419,4513.367815086451,3552016.3558517443,4556.118460780537,3473918.0306840516,44030.19276853099,-739442.3915703715,3552016.3558517443,557.0785337255121,-530.5938742143337,4513.367815086451,4578.466488503524,12759573.988545973,0.7241914199147598,1.633628167944945,0.0,9.771344846937065e-08,6.073055263453724,-0.20970910875034393,0.012673826754550347,155816.3558517443,-0.08819788386771832,-0.08776626819387529,42.199925035238266,-16088693680.252508,-1012214616.8744276,-193619148.3680958,-16090997315.208412,-1867767901.8308244,16120503800.05573,16200192588.601181,-0.9780129601489503,-0.012395830524821138,0.20817539039542493,-0.012673487466502984,0.9999196881327201,0.0,0.20815867144110056,0.0026383082010107838,0.9780915125046902,4529.047610046809,-537.6113890445564,-0.1181501096515629,1.5712869375830376e-10,197.3,0.0,-91.9,2.2,0.0,3.055746857814061e-17,2.2990413333773607,1.5707963267948966,16.768821077904978,461.0,0.0007553655475412027,0.006260352324842446,0.0,0.001656886456110189,-1530.4507404003414,-20.495574667939433,325.7678288291518,-0.005097745810531236,0.005679687927098581,-0.04120086404570308,-0.005101818129836318,0.005676030220857849,-0.04120086404570308,-5.526294328326889e-19,-1.2668763188419154e-21,6.820169865245572e-20,-5.526283820530027e-19,-1.663237225127859e-21,6.820169865245572e-20,-1530.4558422184712,-20.489898637718575,325.7266279651061,-1678269.1976411566,21.11025687458787,151553.0336849328,-0.08203848482737075,4559.630118071102
10.339908782184855,2001.0,12.0,14.0,14.0,21.0,38.0,1.0,3474008.135030349,46458.919747387365,-738443.3789680719,553.4265108575188,-283.9668103967509,4513.524107389387,3551927.586173868,4556.184579262784,3474041.252503593,43912.74740214798,-738443.3789680719,3551927.586173868,556.3308772631466,-530.6205925800687,4513.524107389387,4578.53274819036,12759573.290506259,0.7241914048572601,1.6336281676250703,0.0,1.0106459234841571e-07,6.073338075790416,-0.2094268772032216,0.012639576131039392,155727.5861738678,-0.08807934123525903,-0.08764831218120585,43.29893919825554,-16088693609.41446,-1012214607.2509392,-193632019.31357095,-16090987796.070656,-1867827845.3363323,16120503728.7532,16200190198.636929,-0.9780720941571407,-0.012363075073118462,0.20789933382721978,-0.01263923958629659,0.9999201216210624,0.0,0.20788272716545145,0.002627689490073686,0.9781502272116478,4529.16190498565,-537.6098067142859,-0.11814681125141006,1.585236458392201e-10,197.22512310552546,0.0,-91.9,2.274876894474551,0.0,3.055618103917533e-17,2.2990203062703425,1.5707963267948966,16.772246658185498,461.0,0.000762104041716852,0.006428292038418351,0.0,0.0016716978043154838,-1530.6194968803607,-20.469419070237688,325.35209742128876,-0.005136338314107982,0.005730477836334456,-0.0415696365865314,-0.005140536899602483,0.00572671178718812,-0.0415696365865314,-5.575573728231683e-19,-1.2672065789684035e-21,6.871702116481129e-20,-5.575562943149826e-19,-1.6758495552488836e-21,6.871702116481129e-20,-1530.6246374172601,-20.4636923584505,325.31052778470223,-1678269.2894544564,21.298741310968115,151482.57210063335,-0.08193539005440752,4559.685397687683
10.4062548600813,2001.0,12.0,14.0,14.0,21.0,38.0,1.0,3474044.8453998473,46440.07956578617,-738143.9227964375,553.206223188828,-283.9697549195037,4513.570916364694,3551901.000816413,4556.204381295589,3474078.1554391976,43877.54254179681,-738143.9227964375,3551901.000816413,556.1067547359595,-530.6285920337289,4513.570916364694,4578.5525925121665,12759573.07991434,0.7241914003145471,1.6336281675286355,0.0,1.0106459234841571e-07,6.073422850239542,-0.20934227683397416,0.012629309917333216,155701.00081641367,-0.08804380734213452,-0.08761295412587798,43.62996932864189,-16088693588.043434,-1012214604.348737,-193635870.5735184,-16090984945.002663,-1867845798.024543,16120503707.242115,16200189482.715103,-0.9780898044851678,-0.012353256054071171,0.20781658121292604,-0.012628974191973045,0.9999202513255037,0.0,0.20780000811603594,0.002624510240802113,0.9781678120716155,4529.196135864189,-537.6093329604066,-0.11814582345776957,1.5893498775379488e-10,197.2,0.0,-91.9,2.3,0.0,3.0555752285300644e-17,2.2990133041881915,1.5707963267948966,16.773387707919664,461.0,0.0007640913228304844,0.006478921450168376,0.0,0.0016760681158846907,-1530.670041045854,-20.46157768782433,325.227462190267,-0.005147669760898355,0.00574545912433114,-0.04167843956721048,-0.005151906325137383,0.005741660538000893,-0.04167843956721048,-5.59010548598165e-19,-1.2672167932965076e-21,6.886824421835072e-20,-5.59009461799826e-19,-1.6795537179393e-21,6.886824421835072e-20,-1530.6751929521793,-20.45583602728633,325.1857837506998,-1678269.3171536531,21.487225747348365,151412.19826425955,-0.08183229901374238,4559.740608624386
10.468236302816052,2001.0,12.0,14.0,14.0,21.0,38.0,1.0,3474079.1275417753,46422.478625457254,-737864.163804321,553.0004207591153,-283.9725047129433,4513.614629753764,3551876.17396353,4556.222873688239,3474112.617249227,43844.65318460376,-737864.163804321,3551876.17396353,555.8973696593685,-530.6360613802658,4513.614629753764,4578.571124396625,12759572.88281093,0.7241913960627829,1.6336281674383222,0.0,1.0215721428991925e-07,6.0735020488704805,-0.20926324082401065,0.012619719180951228,155676.17396353045,-0.08801061054395908,-0.0875799215983545,43.93986079096794,-16088693568.041613,-1012214601.6315536,-193639465.66426066,-16090982282.452984,-1867862563.3875651,16120503687.10915,16200188814.102858,-0.9781063435475775,-0.01234408268677836,0.20773927008298268,-0.012619384219858898,0.9999203724006785,0.0,0.20772272830362118,0.0026215416667301973,0.9781842340098258,4529.228102958902,-537.6088905991252,-0.11814490101644412,1.5930739054704315e-10,197.2,0.0,-91.9,2.3,0.0,3.055572677690448e-17,2.2990128876044675,1.5707963267948966,16.773455598912875,461.0,0.0007658909647522886,0.006526336432840841,0.0,0.0016800088569044567,-1530.717243522894,-20.454251590216813,325.111017178262,-0.005157804331034166,0.005759012789023097,-0.04177666220662564,-0.005162076174791344,0.005755184044582584,-0.04177666220662564,-5.603276216482322e-19,-1.267090223412308e-21,6.900414950997813e-20,-5.603265271968992e-19,-1.6828603807999104e-21,6.900414950997813e-20,-1530.722405599069,-20.448496406172232,325.06924051605534,-1678269.3430787083,21.67571018372861,151341.91217581142,-0.08172921170062676,4559.795750878683
10.569297681094307,2001.0,12.0,14.0,14.0,21.0,38.0,1.0,3474134.997569702,46393.779746266395,-737408.0080886096,552.664844176562,-283.9769861629767,4513.685871277908,3551835.7133362726,4556.253011327698,3474168.77975162,43791.02575779275,-737408.0080886096,3551835.7133362726,555.555951393749,-530.6482322371585,4513.685871277908,4578.60132639644,12759572.560431827,0.7241913891086543,1.633628167290607,0.0,1.0323827311807144e-07,6.073631185421316,-0.20913436941848598,0.012604081605281361,155635.7133362731,-0.08795648171781931,-0.0875260606182395,44.4464545249939,-16088693535.327312,-1012214597.1873963,-193645321.67802885,-16090977943.098732,-1867889886.4461017,16120503654.180353,16200187724.337805,-0.9781332978625581,-0.012329124794079912,0.2076132083811825,-0.012603747887829345,0.999920569614997,0.0,0.20759671758410905,0.0026167045366198025,0.9782109975387068,4529.280201026144,-537.6081697927207,-0.11814339773177104,1.5991429995590323e-10,197.2,0.0,-91.9,2.3,0.0,3.0555685205521474e-17,2.2990122086922615,1.5707963267948966,16.77356624301758,461.0,0.0007688239567109885,0.006603886692512999,0.0,0.0016864312668298288,-1530.794173260338,-20.442305138052774,324.9211337173745,-0.005174299740247584,0.005781102261244206,-0.04193674253434947,-0.005178629355243388,0.0057772241741082305,-0.04193674253434947,-5.624741446329809e-19,-1.266850288483715e-21,6.922535833643134e-20,-5.624730376895218e-19,-1.688242452592702e-21,6.922535833643134e-20,-1530.7993518896933,-20.436527913878667,324.87919697484017,-1678269.3854812998,21.86419462010886,151271.71383528892,-0.08162612811031227,4559.850824448056
10.62527850281269,2001.0,12.0,14.0,14.0,21.0,38.0,1.0,3474165.9309985647,46377.88241178489,-737155.3271405587,552.478951339145,-283.97946743852515,4513.7253160879745,3551813.311594492,4556.269697756374,3474199.8749364647,43761.319445117115,-737155.3271405587,3551813.311594492,555.3668226041015,-530.654969764082,4513.7253160879745,4578.6180484594015,12759572.381316273,0.7241913852448955,1.6336281672085373,0.0,1.0536712127723512e-07,6.073702719157767,-0.20906298254847108,0.012595419616102888,155613.31159449182,-0.08792649760482535,-0.08749622487346172,44.72777700424194,-16088693517.151249,-1012214594.7182335,-193648562.39036712,-16090975540.450136,-1867905014.5219848,16120503635.885115,16200187120.905634,-0.9781482218097819,-0.012320838852161302,0.20754337643090606,-0.012595086586203284,0.9999206787510128,0.0,0.20752691383106853,0.0026140267965402437,0.9782258159032909,4529.309046522014,-537.6077707669023,-0.11814256542724305,1.6026224637227136e-10,197.2,0.0,-91.9,2.3238405792973973,0.0,3.055566218877115e-17,2.2990118328002036,1.5707963267948966,16.77362750378497,461.0,0.0007705052194697399,0.006646972770526571,0.0,0.00169013024467989,-1530.8367685187893,-20.435687025920153,324.81594181424555,-0.005183879667231614,0.005793793003240552,-0.0420289352681685,-0.005188241761765612,0.00578988714831367,-0.0420289352681685,-5.637103239305778e-19,-1.266836277847072e-21,6.935380781528062e-20,-5.637092099436102e-19,-1.6913913865768546e-21,6.935380781528062e-20,-1530.841956760551,-20.42989713877184,324.7739128789774,-1678269.4090404082,22.05267905648911,151201.60324269207,-0.08152304823805094,4559.905829329983
10.705278758685019,2001.0,12.0,14.0,14.0,21.0,38.0,1.0,3474210.1188296117,46355.16383993271,-736794.2257062261,552.2132893370182,-283.9830119459701,4513.781663110434,3551781.3111207634,4556.293534247581,3474244.293612973,43718.866526786886,-736794.2257062261,3551781.3111207634,555.0965361219111,-530.664592855417,4513.781663110434,4578.641935853572,12759572.124667127,0.7241913797086245,1.6336281670909385,0.0,1.0536712127723512e-07,6.073804947109571,-0.2089609644715838,0.012583041211037238,155581.31112076342,-0.08788364761654655,-0.08745358691375642,45.130715161561966,-16088693491.107582,-1012214591.1802053,-193653189.7420335,-16090972108.20045,-1867926624.9225795,16120503609.670685,16200186258.832853,-0.9781695406569602,-0.01230899728817803,0.20744357863455587,-0.01258270916204356,0.99992083458149,0.0,0.20742715627683606,0.00261020221749213,0.9782469839888538,4529.350252371849,-537.607200841715,-0.11814137651491632,1.6076511095943202e-10,197.2,0.0,-91.9,2.369555541766548,0.0,3.0555629309746173e-17,2.2990112958449767,1.5707963267948966,16.773715014524587,461.0,0.0007729349636576459,0.006708710666993686,0.0,0.0016954843642561514,-1530.8976172197974,-20.426228535737764,324.66560338467724,-0.005197774624063736,0.005812147360234268,-0.04216237900015953,-0.005202183474256007,0.005808201535743813,-0.04216237900015953,-5.654996040583104e-19,-1.266860299221779e-21,6.954010619603261e-20,-5.6549847993770155e-19,-1.6959697145001655e-21,6.954010619603261e-20,-1530.9028194032717,-20.42042033420202,324.6234410056771,-1678269.4427975286,22.241163492869358,151131.58039802092,-0.08141997207909507,4559.960765521944
10.78245054370237,2001.0,12.0,14.0,14.0,21.0,38.0,1.0,3474252.7242261,46333.24823211295,-736445.8870217149,551.9570100144344,-283.98642957614254,4513.835993195127,3551750.4566333788,4556.316517380165,3474287.1213426273,43677.91383492204,-736445.8870217149,3551750.4566333783,554.835795718086,-530.6738698326874,4513.835993195127,4578.664968066255,12759571.876313295,0.7241913743512843,1.6336281669771446,0.0,1.0641557616804321e-07,6.073903562455855,-0.20886255157261752,0.012571100614582477,155550.4566333783,-0.08784231180947322,-0.08741245563958706,45.520423859357834,-16088693465.90593,-1012214587.7566104,-193657649.21243307,-16090968798.739643,-1867947461.6706645,16120503584.303793,16200185427.539806,-0.9781900963379684,-0.012297573933818345,0.20734730550855615,-0.012570769509974392,0.9999209847552591,0.0,0.20733092191046504,0.002606515186062303,0.978267394375557,4529.389983236193,-537.6066514108403,-0.11814023020087437,1.6126360057065772e-10,197.18636661911185,0.0,-91.9,2.4,0.0,3.055537975906475e-17,2.2990072203730674,1.5707963267948966,16.774379248961306,461.0,0.0007753432199749414,0.006768450343120819,0.0,0.0017007808702611293,-1530.9562892436659,-20.41710359393676,324.5205665556961,-0.00521154732555494,0.005830312582504411,-0.04229431463756001,-0.0052160018266114265,0.005826327769787275,-0.04229431463756001,-5.672655328724709e-19,-1.2669315309799526e-21,6.972437286537637e-20,-5.672643988960371e-19,-1.7004839634940676e-21,6.972437286537637e-20,-1530.9615052454924,-20.41127726616697,324.47827224105856,-1678269.4754635692,22.429647929249608,151061.64530127536,-0.08131689962869722,4560.015633021426
10.839791541834954,2001.0,12.0,14.0,14.0,21.0,38.0,1.0,3474284.368532288,46316.964094003706,-736187.058003454,551.7665802733928,-283.988967988718,4513.876346373153,3551727.540079963,4556.333587808616,3474318.930626225,43647.484268007334,-736187.058003454,3551727.540079963,554.642051191543,-530.6807591698424,4513.876346373153,4578.682074947996,12759571.691261185,0.7241913703594433,1.633628166892353,0.0,1.0536712127723512e-07,6.073976837783853,-0.20878942666427255,0.01256222848800604,155527.5400799634,-0.08781159752284175,-0.08738189332764723,45.81068658828735,-16088693447.127977,-1012214585.2056133,-193660960.01623315,-16090966340.62189,-1867962937.9066384,16120503565.402716,16200184810.052439,-0.9782053638461258,-0.012289085740801127,0.20727576924070015,-0.012561898083936571,0.9999210962453632,0.0,0.20725941440426182,0.00260377708847123,0.9782825540127331,4529.419492959511,-537.6062433855641,-0.11813937881269779,1.616564557720563e-10,197.15362868566197,0.0,-91.9,2.4,0.0,3.0554833065348634e-17,2.298998292187137,1.5707963267948966,16.775834586289566,461.0,0.0007772405106900188,0.006812964142499998,0.0,0.0017049368199201533,-1530.9998682465714,-20.410322933772207,324.412791024433,-0.005222414212792756,0.005844579690008449,-0.04239772009022748,-0.005226903353636411,0.005840565323201469,-0.04239772009022748,-5.686445051776564e-19,-1.2670893710185849e-21,6.98691234990679e-20,-5.686433637566565e-19,-1.7040069631968885e-21,6.98691234990679e-20,-1531.005095149925,-20.404482368449006,324.37039330434277,-1678269.4998035133,22.618132365629858,150991.7979524555,-0.08121383088211033,4560.07043182591
10.956020421645128,2001.0,12.0,14.0,14.0,21.0,38.0,1.0,3474348.4773111437,46283.95607546938,-735662.4104603898,551.380566954198,-283.9941106994627,4513.958100166483,3551681.113015166,4556.368171535891,3474383.3732273662,43585.80302672605,-735662.4104603898,3551681.1130151656,554.2493187071927,-530.6947139121312,4513.958100166483,4578.716732526731,12759571.314788254,0.7241913622383617,1.633628166719847,0.0,1.0745380149674388e-07,6.074125368078003,-0.20864120125450406,0.012544245158933504,155481.11301516602,-0.08774933902138854,-0.08731994287665513,46.400893211364746,-16088693408.926264,-1012214580.015786,-193667663.83043456,-16090961360.45958,-1867994291.9088311,16120503526.950514,16200183558.911322,-0.9782362950591084,-0.012271879608505813,0.2071307606317889,-0.01254391617178593,0.9999213219884229,0.0,0.20711446399540592,0.002598230897963417,0.9783132668016399,4529.479278340383,-537.6054168994186,-0.1181376540054798,1.624523483114398e-10,197.1,0.0,-91.9,2.412695692619985,0.0,3.055392830889576e-17,2.2989835163929486,1.5707963267948966,16.778243687888423,461.0,0.0007810844824987309,0.006903525241541435,0.0,0.001713365970314589,-1531.0881597449047,-20.396577256449497,324.194309690262,-0.005244446956024859,0.005873508782582636,-0.042607511418086566,-0.005249006673996935,0.005869434234231558,-0.042607511418086566,-5.714450439333764e-19,-1.2673937870115666e-21,7.016296125156649e-20,-5.714438873735912e-19,-1.71117105755654e-21,7.016296125156649e-20,-1531.0934087515786,-20.390707822215266,324.1517021788439,-1678269.5493210908,22.806616802010105,150922.0383515613,-0.08111076583458764,4560.125161932883
11.247251562141726,2001.0,12.0,14.0,14.0,21.0,39.0,1.0,3474508.9156497153,46201.24627192259,-734347.7754910559,550.4132474830885,-284.0069813770031,4514.162705942909,3551564.924854268,4556.454723159396,3474544.6445840867,43431.24311463974,-734347.7754910559,3551564.924854268,553.2651622230867,-530.7296223174883,4514.162705942909,4578.803468970994,12759570.363331897,0.7241913417139216,1.633628166283856,0.0,1.1050996910178164e-07,6.07449755289812,-0.20826978029820797,0.01249918645002907,155364.92485426785,-0.08759333186166576,-0.08716470759699078,47.89066481590271,-16088693312.382097,-1012214566.8994548,-193684419.5952093,-16090948895.850367,-1868072760.7127354,16120503429.773273,16200180426.852627,-0.9783137062394145,-0.012228762259336105,0.20676738030382158,-0.012498860995292486,0.9999218861860262,0.0,0.20675122891514067,0.0025843567447782433,0.9783901320241812,4529.628903372586,-537.6033493586644,-0.11813333772006894,1.644441453554081e-10,197.02132122038265,0.0,-91.9,2.5,0.0,3.055255139767921e-17,2.298961029726303,1.5707963267948966,16.78191137792616,461.0,0.0007907055308988812,0.0071324028449861855,0.0,0.0017345036234852492,-1531.3091411186504,-20.362126696123166,323.64673358719017,-0.005299621471059107,0.005946020135470378,-0.04313388494072348,-0.0053043601423389,0.0059417932199207595,-0.04313388494072348,-5.784842452240201e-19,-1.268019749473669e-21,7.090035733852447e-20,-5.784830504824966e-19,-1.7292052957068485e-21,7.090035733852447e-20,-1531.3144454787928,-20.356184902903244,323.6035997022494,-1678269.6744663864,22.995101238390355,150852.36649859272,-0.08100770448138266,4560.179823339833
11.320679027284633,2001.0,12.0,14.0,14.0,21.0,39.0,1.0,3474549.3221429437,46180.39224041416,-734016.3100780091,550.1693373349194,-284.0102229894106,4514.214238080798,3551535.66279321,4556.476521809088,3474585.260330325,43392.272661348536,-734016.3100780091,3551535.66279321,553.017006769163,-530.7384107056607,4514.214238080798,4578.825314168002,12759570.12146597,0.7241913364964693,1.6336281661730911,0.0,1.1250129990683128e-07,6.074591394873803,-0.20817613089987613,0.012487826250515921,155335.66279320978,-0.08755399632929041,-0.08712556667871944,48.26871392130852,-16088693287.840303,-1012214563.5662981,-193688634.7722923,-16090945756.327915,-1868092523.6731215,16120503405.070616,16200179637.810524,-0.9783332029383692,-0.012217890169578475,0.20667575375006098,-0.012487501682361579,0.9999220281110588,0.0,0.20665963885114275,0.0025808638226572336,0.9784094913745697,4529.666587970445,-537.6028288316488,-0.1181322507080863,1.6492529896384605e-10,197.0,0.0,-91.9,2.5,0.0,3.0552180519994725e-17,2.298954972834067,1.5707963267948966,16.782899572498714,461.0,0.0007930302722801933,0.007190549232678974,0.0,0.0017395951803418584,-1531.3648007026839,-20.353438850019643,323.50864419500283,-0.0053127500221764575,0.005963514791754272,-0.04326067735577231,-0.005317533652828532,0.00595924972799798,-0.04326067735577231,-5.801792286527662e-19,-1.2679175369514315e-21,7.107577025709002e-20,-5.801780244397073e-19,-1.7334740372122867e-21,7.107577025709002e-20,-1531.3701182363368,-20.347479600291646,323.46538351764707,-1678269.7062790766,23.183585674770605,150782.7823935498,-0.08090464681774917,4560.234416044251
11.395749790889505,2001.0,12.0,14.0,14.0,21.0,39.0,1.0,3474590.6144148144,46159.071251742134,-733677.4225911102,549.9199593306577,-284.01353571559315,4514.266900747003,3551505.759260187,4556.498798564514,3474626.7662159964,43352.429386485994,-733677.4225911102,3551505.759260187,552.7632883553682,-530.7473903684233,4514.266900747003,4578.847638491183,12759569.873618854,0.7241913311499747,1.63362816605952,0.0,1.1348386266624797e-07,6.074687338616908,-0.20808038403446916,0.012476211957884032,155305.7592601874,-0.08751377972817792,-0.08708554904784711,48.656157433986664,-16088693262.692116,-1012214560.1496656,-193692940.3660772,-16090942547.882019,-1868112720.0992815,16120503379.75752,16200178831.401346,-0.978353127305584,-0.012206774344501337,0.2065820731609745,-0.012475888294476054,0.999922173077117,0.0,0.20656599551389757,0.0025772948683975973,0.9784292754453506,4529.7050992818695,-537.6022969710116,-0.11813113988657589,1.6539521162562679e-10,197.0,0.0,-91.9,2.5,0.0,3.055214981205217e-17,2.298954471335307,1.5707963267948966,16.782981398479894,461.0,0.0007953014289518345,0.00725016783938527,0.0,0.0017445686284809855,-1531.4216826348152,-20.34455577930254,323.3674517954347,-0.005325462460927211,0.005980620463400054,-0.04338464481564778,-0.0053302916149094775,0.005976316829788235,-0.04338464481564778,-5.818413672512982e-19,-1.267635786916451e-21,7.12462467796702e-20,-5.818401534912116e-19,-1.737622131428297e-21,7.12462467796702e-20,-1531.42701292643,-20.33857946247275,323.32406715061904,-1678269.7388784755,23.37207011115085,150713.28603643255,-0.0808015928389414,4560.288940043625
11.471080131079207,2001.0,12.0,14.0,14.0,21.0,39.0,1.0,3474632.030646713,46137.67629033048,-733337.3593402856,549.6697097270297,-284.01685843943875,4514.319722374652,3551475.7659561406,4556.5211424386,3474668.396472787,43312.44766580969,-733337.3593402856,3551475.7659561406,552.5086832383628,-530.7563955831673,4514.319722374652,4578.870030075868,12759569.62419045,0.7241913257693583,1.6336281659452283,0.0,1.1348386266624797e-07,6.074783615731859,-0.2079843044713167,0.012464557655116736,155275.7659561406,-0.08747342331108991,-0.08704539228969889,49.04587450623512,-16088693237.383703,-1012214556.7113128,-193697256.86784333,-16090939329.687609,-1868132977.386307,16120503354.283152,16200178022.484934,-0.9783731117583242,-0.012195619657888603,0.20648806515025,-0.01246423489788029,0.9999223184069903,0.0,0.20647202482841165,0.002573715747641525,0.978449119244586,4529.743726815973,-537.6017635918598,-0.11813002575026228,1.6587258360901851e-10,196.99395136591514,0.0,-91.89395136591513,2.5060486340848755,0.0,3.0552022320400923e-17,2.2989523892386345,1.5707963267948966,16.783321128223687,461.0,0.0007976085120781931,0.007310164090643878,0.0,0.0017496248203458977,-1531.4787375598896,-20.335641189006957,323.2257584061152,-0.00533840626746666,0.005997941025068672,-0.04351065093036293,-0.0053432814114886575,0.005993598399489986,-0.04351065093036293,-5.8352929550946775e-19,-1.2673809512654216e-21,7.141963417577035e-20,-5.8352807211213155e-19,-1.741846534677984e-21,7.141963417577035e-20,-1531.4840808413012,-20.32964759060747,323.1822477551848,-1678269.7716858648,23.5605545475311,150643.87742724092,-0.0806985425402137,4560.34339533545
11.515393842903698,2001.0,12.0,14.0,14.0,21.0,39.0,1.0,3474656.385289999,46125.090405817624,-733137.3123887653,549.5224939182658,-284.0188123780629,4514.350784318824,3551458.1285182186,4556.534281774557,3474692.876864757,43288.92776252352,-733137.3123887653,3551458.128518219,552.3589052171154,-530.7616904043799,4514.350784318824,4578.883197467865,12759569.47711501,0.7241913225966743,1.6336281658778382,0.0,1.144579909424277e-07,6.0748402523200475,-0.20792778409129783,0.012457701982447677,155258.1285182191,-0.08744968295238785,-0.08702176938239567,49.27557745575905,-16088693222.460724,-1012214554.6839288,-193699794.22491604,-16090937437.186321,-1868144889.7077267,16120503339.26232,16200177546.763744,-0.9783848636600733,-0.012189057619717744,0.20643276250441206,-0.012457379757477948,0.9999224038342065,0.0,0.20641674411354755,0.0025716113169027156,0.9784607884656374,4529.766441862484,-537.6014499769689,-0.11812937059633517,1.6617493968767246e-10,196.9687550260273,0.0,-91.8687550260273,2.531244973972705,0.0,3.055160141476863e-17,2.298945515328009,1.5707963267948966,16.784442825884234,461.0,0.0007990691142012754,0.007345541656125011,0.0,0.0017528404384385735,-1531.5122895156508,-20.330396729469502,323.14240008862276,-0.0053467557380313035,0.006008708879540761,-0.043590698539155474,-0.005351658494634744,0.006004342651618614,-0.043590698539155474,-5.845961221852805e-19,-1.2674050575979942e-21,7.153079228360177e-20,-5.845948929387599e-19,-1.744574322643933e-21,7.153079228360177e-20,-1531.5176411741454,-20.324392386817884,323.0988093900836,-1678269.7910307366,23.74903898391135,150574.55656597496,-0.0805954959168209,4560.397781917218
11.630341951050212,2001.0,12.0,14.0,14.0,21.0,39.0,1.0,3474719.5299128774,46092.442689420524,-732618.3916767873,549.14060659136,-284.0238784668744,4514.431320450791,3551412.3996874997,4556.568348704314,3474756.3471457516,43227.916921306176,-732618.3916767873,3551412.3996874997,551.970371452527,-530.7754160880314,4514.431320450791,4578.917337138981,12759569.09437126,0.7241913143401774,1.6336281657024792,0.0,1.144579909424277e-07,6.0749871681249505,-0.20778116971418012,0.012439918865382623,155212.39968749974,-0.08738810012999508,-0.08696049122567877,49.872998267412186,-16088693183.626118,-1012214549.408196,-193706369.6086018,-16090932530.27675,-1868175775.3209867,16120503300.17308,16200176313.208498,-0.9784153334181935,-0.012172035251414321,0.20628930386717487,-0.012439598018345774,0.9999226252071417,0.0,0.20627334227501926,0.0025661560155920376,0.9784910439600336,4529.825336463141,-537.6006369890638,-0.1181276720017332,1.6695886250000433e-10,196.90342812499964,0.0,-91.80342812499964,2.596571875000362,0.0,3.0550510027562164e-17,2.298927691622313,1.5707963267948966,16.787352056763936,461.0,0.0008028561516635031,0.007437610875983169,0.0,0.0017611780653787466,-1531.5992837392735,-20.31679149962358,322.9261510998904,-0.005368377969873657,0.006036624014876653,-0.04379825159359111,-0.0053733526539407415,0.006032196347997826,-0.04379825159359111,-5.873621498962875e-19,-1.2674257259165964e-21,7.181864432522224e-20,-5.873609054589796e-19,-1.751638423678695e-21,7.181864432522224e-20,-1531.6046570919275,-20.31075930327558,322.88235284829676,-1678269.8413731344,23.937523420291598,150505.32345263465,-0.08049245296401797,4560.452099786428
11.660439914802616,2001.0,12.0,14.0,14.0,21.0,39.0,1.0,3474736.0564217474,46083.89412912271,-732482.5161702058,549.0406097946353,-284.02520440775896,4514.452399079672,3551400.4313214943,4556.577264954337,3474772.9587985924,43211.94160807286,-732482.5161702058,3551400.4313214947,551.8686343185722,-530.7790078963959,4514.452399079672,4578.926272427231,12759568.9938196,0.7241913121710888,1.6336281656564327,0.0,1.1638178938488153e-07,6.075025637121172,-0.2077427796416635,0.012435262599036689,155200.43132149428,-0.08737197501855325,-0.08694444588804298,50.02979934215546,-16088693173.423798,-1012214548.022562,-193708089.77282235,-16090931245.96656,-1868183858.9378421,16120503289.903887,16200175990.317583,-0.9784233082118569,-0.01216757795797008,0.20625173937303523,-0.012434942112142652,0.9999226831183837,0.0,0.20623579263171898,0.0025647284396324264,0.9784989627003176,4529.840750869983,-537.6004242399366,-0.11812722744518138,1.6714353017758592e-10,196.9,0.0,-91.8,2.6,0.0,3.055044292803858e-17,2.298926595803933,1.5707963267948966,16.78753095320339,461.0,0.0008037488392513286,0.007461789255960343,0.0,0.0017631351245366274,-1531.6220531370743,-20.313228802559568,322.8695236376974,-0.005373340808737147,0.006043315196628737,-0.043847024748508594,-0.0053783338906648,0.006038871961978515,-0.043847024748508594,-5.8801517533722515e-19,-1.2672527823023286e-21,7.188509477843632e-20,-5.880139270814985e-19,-1.753258302709925e-21,7.188509477843632e-20,-1531.627431470965,-20.307189930597588,322.8256766129489,-1678269.8545987234,24.126007856671848,150436.17808722,-0.08038941367706029,4560.506348940576
11.69619532223718,2001.0,12.0,14.0,14.0,21.0,39.0,1.0,3474755.6854686765,46073.73866406121,-732321.09963773,548.9218148999203,-284.0267792798683,4514.477435001319,3551386.216122655,4556.587855112331,3474792.688925728,43192.96331212109,-732321.09963773,3551386.2161226547,551.7477719396669,-530.7832737059329,4514.477435001319,4578.93688519753,12759568.874265352,0.7241913095920741,1.6336281656016662,0.0,1.1638178938488153e-07,6.075071337380507,-0.20769717313902253,0.012429731136171936,155186.21612265473,-0.0873528187509453,-0.08692538438927859,50.2162561416626,-16088693161.293528,-1012214546.3747804,-193710132.4462325,-16090929720.53228,-1868193460.1483738,16120503277.694086,16200175606.797062,-0.9784327801777216,-0.012162282749207281,0.20620711324302718,-0.01242941107676315,0.9999227518865069,0.0,0.2061911841325403,0.002563032977450235,0.9785083681031947,4529.8590591661805,-537.6001715674917,-0.11812669943570928,1.6735675816017893e-10,196.9,0.0,-91.8,2.6,0.0,3.055042833439181e-17,2.298926357471594,1.5707963267948966,16.78756986237102,461.0,0.0008047797851643364,0.007490546303352416,0.0,0.0017653925242731554,-1531.6490975186468,-20.308996266769473,322.80224939115465,-0.005379026729339947,0.006051079644974074,-0.043903301379660954,-0.005384041551526078,0.006046618062703633,-0.043903301379660954,-5.887696777668553e-19,-1.2669923619385932e-21,7.196135741866428e-20,-5.887684250223401e-19,-1.7551136843232356e-21,7.196135741866428e-20,-1531.6544815601983,-20.302949648706768,322.758346089775,-1678269.8703237306,24.314492293052098,150367.12046973102,-0.08028637805120352,4560.560529377162
11.753330356428645,2001.0,12.0,14.0,14.0,21.0,39.0,1.0,3474787.042712364,46057.51071243694,-732063.1636724586,548.7319833038725,-284.0292951500445,4514.517430089074,3551363.5074575073,4556.604772918328,3474824.207536188,43162.63679695464,-732063.1636724586,3551363.507457508,551.5546365809955,-530.7900876424206,4514.517430089074,4578.9538391265205,12759568.682910698,0.7241913054641814,1.6336281655140068,0.0,1.1733186057227575e-07,6.075144364460288,-0.20762429587374542,0.012420892254243527,155163.5074575073,-0.08732220781029577,-0.08689492488399739,50.51461073756218,-16088693141.87833,-1012214543.7373751,-193713394.65703627,-16090927283.61127,-1868208798.11256,16120503258.151598,16200174994.088192,-0.9784479116934678,-0.012153821118654123,0.2061358016815793,-0.012420572877136282,0.9999228617095439,0.0,0.2061199007182358,0.0025603247473729674,0.9785233933151994,4529.888306807081,-537.5997679618456,-0.11812585595413688,1.676973881373904e-10,196.9,0.0,-91.8,2.6,0.0,3.055040502114761e-17,2.2989259767374235,1.5707963267948966,16.787632019870568,461.0,0.00080642674258328,0.007536574254482768,0.0,0.001768998745235672,-1531.6923017415222,-20.302232547911856,322.6947431317642,-0.005388103176557834,0.006063483572614507,-0.04399320464846605,-0.005393152817301263,0.006058992619721042,-0.04399320464846605,-5.899750124296273e-19,-1.266565517791671e-21,7.208309703034157e-20,-5.899737525096254e-19,-1.7580754423368793e-21,7.208309703034157e-20,-1531.6976948943395,-20.296173555292135,322.6507499271157,-1678269.8954926636,24.502976729432344,150298.15060016766,-0.08018334608170356,4560.614641093688
11.820517209060638,2001.0,12.0,14.0,14.0,21.0,39.0,1.0,3474823.9027880207,46038.42757868893,-731759.8458757737,548.5087476122743,-284.0322525650626,4514.564444487467,3551336.81368538,4556.62465978215,3474861.2571265223,43126.97441249931,-731759.8458757737,3551336.81368538,551.3275158224824,-530.7980963068767,4514.564444487467,4578.973768452537,12759568.457384894,0.7241913005991432,1.6336281654106952,0.0,1.1733186057227575e-07,6.075230240453573,-0.2075385960470901,0.012410498449591925,155136.81368537946,-0.08728621090238443,-0.08685910605413673,50.86610120534897,-16088693118.996244,-1012214540.6290287,-193717227.86368403,-16090924418.955751,-1868226827.8810613,16120503235.11949,16200174273.795088,-0.9784656988139924,-0.012143870512733636,0.20605194163951857,-0.012410179873574284,0.9999229907525407,0.0,0.20603607373455537,0.0025571416590456563,0.9785410555242864,4529.922687518461,-537.5992935855351,-0.11812486446595485,1.6809779471930817e-10,196.9,0.0,-91.8,2.6,0.0,3.0550377616682245e-17,2.29892552918854,1.5707963267948966,16.78770508594708,461.0,0.0008083627685539023,0.007590820553017411,0.0,0.0017732378839499746,-1531.7430894426684,-20.294278290155262,322.56831379354827,-0.005398761789157719,0.006078064692433734,-0.04409888773689415,-0.005403852498244402,0.006073539119714038,-0.04409888773689415,-5.913919057127395e-19,-1.2660467334486713e-21,7.222605994129957e-20,-5.913906373507828e-19,-1.7615534939244864e-21,7.222605994129957e-20,-1531.7484932951666,-20.288204751035547,322.5242149058114,-1678269.9251561426,24.691461165812594,150229.26847853,-0.08008031776381673,4560.6686840876555
11.84695270009301,2001.0,12.0,14.0,14.0,21.0,39.0,1.0,3474838.40172509,46030.91903124749,-731640.5009034545,548.4209107626722,-284.0334158778826,4514.582937823451,3551326.3136710627,4556.632482347423,3474875.830558908,43112.94246254916,-731640.5009034545,3551326.3136710627,551.2381503248336,-530.8012462128437,4514.582937823451,4578.981607720354,12759568.368501877,0.7241912986817584,1.6336281653699782,0.0,1.1920928955078133e-07,6.075264029769554,-0.20750487604455467,0.012406408912222201,155126.31367106223,-0.08727204731267539,-0.08684501253157263,51.00458949804306,-16088693109.978134,-1012214539.403979,-193718735.21855423,-16090923292.117096,-1868233919.9536753,16120503226.042253,16200173990.449505,-0.9784726954496258,-0.012139955232101051,0.206018945115507,-0.012406090651032991,0.9999230414960735,0.0,0.2060030902057104,0.0025558897089331704,0.97854800303996,4529.936211328925,-537.5991070062904,-0.11812447446769658,1.6826846039455843e-10,196.9,0.0,-91.8,2.6052661841968017,0.0,3.055036683711097e-17,2.2989253531447815,1.5707963267948966,16.78773382673549,461.0,0.0008091876310625749,0.007612199946881453,0.0,0.0017750482696141604,-1531.7630673065557,-20.291148414625358,322.5185658340851,-0.005403390686964071,0.006084283109339139,-0.044144013254560216,-0.00540849799692008,0.006079743521553443,-0.044144013254560216,-5.919969049657303e-19,-1.2659463469870283e-21,7.228813041137416e-20,-5.919956331729058e-19,-1.76306930317321e-21,7.228813041137416e-20,-1531.7684758045527,-20.285068671103804,322.47442182083057,-1678269.936846951,24.879945602192844,150160.47410481793,-0.07997729309279944,4560.722658356574
11.876105325836035,2001.0,12.0,14.0,14.0,21.0,39.0,1.0,3474854.388222701,46022.638692678636,-731508.8886594496,548.3240443976315,-284.03469855160813,4514.603328659888,3551314.736377301,4556.641107525676,3474891.899161877,43097.468161850564,-731508.8886594496,3551314.7363773016,551.139598178177,-530.804719090788,4514.603328659888,4578.990251314802,12759568.270365264,0.7241912965647532,1.6336281653250218,0.0,1.1733186057227575e-07,6.075301292304039,-0.20746768994675094,0.012401899058803099,155114.73637730163,-0.0872564278304117,-0.0868294703183094,51.157469660043716,-16088693100.021189,-1012214538.051388,-193720396.9369896,-16090922049.649023,-1868241739.6906943,16120503216.020025,16200173678.019413,-0.9784804099640623,-0.012135637464173147,0.2059825565913266,-0.012401581144559314,0.9999230974355553,0.0,0.20596671600449387,0.002554509389931118,0.9785556634040299,4529.951122740476,-537.598901295457,-0.1181240444592633,1.6848346727868404e-10,196.9,0.0,-91.8,2.6218051752833884,0.0,3.055035495157566e-17,2.2989251590392596,1.5707963267948966,16.787765516393875,461.0,0.0008102261623753383,0.00763580516311304,0.0,0.0017773356591054882,-1531.7850951750638,-20.28769672450351,322.46370277683343,-0.005409387861335962,0.006092123589749607,-0.04420101312190468,-0.005414514332545152,0.0060875677745562415,-0.04420101312190468,-5.9276110719140425e-19,-1.2660534716869402e-21,7.236851732041612e-20,-5.927598313931475e-19,-1.765043041928107e-21,7.236851732041612e-20,-1531.7905096893965,-20.28160915672895,322.41950176371154,-1678269.94975489,25.06843003857309,150091.76747903155,-0.07987427206390864,4560.776563897946
11.99597553600745,2001.0,12.0,14.0,14.0,21.0,39.0,1.0,3474920.0920686782,45988.59107764397,-730967.7171857359,547.9257331631737,-284.03997036969474,4514.687135510469,3551267.154177453,4556.67655702857,3474957.9400934232,43033.839633110816,-730967.7171857359,3551267.1541774524,550.7343551710331,-530.818990251139,4514.687135510469,4579.025776507555,12759567.865529189,0.7241912878316037,1.6336281651395623,0.0,1.20137002293744e-07,6.0754545115085445,-0.20731478502402662,0.012383355609462838,155067.15417745244,-0.08719220221615734,-0.0867655624210249,51.78785091638565,-16088693058.94692,-1012214532.4716038,-193727223.35948658,-16090916942.954863,-1868273878.8464437,16120503174.67645,16200172393.790209,-0.9785121167259229,-0.012117882931586528,0.20583292820588803,-0.012383039119126723,0.9999233272317304,0.0,0.20581714642548143,0.0025488372019779135,0.978587147711531,4530.012408979042,-537.5980559540362,-0.1181222771734826,1.6936713670445478e-10,196.9,0.0,-91.8,2.6897797464965207,0.0,3.05503061024876e-17,2.2989243612731105,1.5707963267948966,16.78789576096159,461.0,0.0008144946064448359,0.007733183022844016,0.0,0.0017867372546722105,-1531.875632305035,-20.273502748071596,322.2380959246347,-0.005434009506986374,0.006124349403242836,-0.04443529624329611,-0.0054392150949396124,0.006119726634907824,-0.04443529624329611,-5.959021561966039e-19,-1.2664498945000418e-21,7.26985543803541e-20,-5.959008639073459e-19,-1.7731468003960426e-21,7.26985543803541e-20,-1531.8810715201298,-20.26738302143669,322.1936606283914,-1678270.0030031037,25.25691447495334,150023.14860117083,-0.07977125467240141,4560.830400709283
12.041237678514017,2001.0,12.0,14.0,14.0,21.0,40.0,1.0,3474944.888957258,45975.73477503097,-730763.3720579179,547.7753275398005,-284.04196000871985,4514.718765109369,3551249.19646872,4556.689935966414,3474982.864047017,43009.81350648495,-730763.3720579179,3551249.19646872,550.5813320965874,-530.8243753115045,4514.718765109369,4579.039184011071,12759567.712090835,0.7241912845216151,1.6336281650692819,0.0,1.20137002293744e-07,6.075512367061246,-0.20725704813753798,0.012376353832430376,155049.1964687202,-0.08716795058139319,-0.08674143075440625,52.026611328125,-16088693043.37934,-1012214530.3569784,-193729798.35159078,-16090915015.58161,-1868286008.4395666,16120503159.006811,16200171909.04992,-0.978524083159937,-0.012111178666158634,0.2057764272877758,-0.012376037878636408,0.9999234139104988,0.0,0.2057606676758983,0.002546696858643984,0.9785990302328522,4530.0355390430705,-537.5977369696849,-0.11812161020593409,1.6968520339336762e-10,196.88456638388604,0.0,-91.8,2.7,0.0,3.055004089906846e-17,2.2989200301725954,1.5707963267948966,16.78860289991585,461.0,0.0008160312505638384,0.00777008423687446,0.0,0.0017901109805808046,-1531.9098028355415,-20.268142674219874,322.15289996861014,-0.005442736796804327,0.006135923483082872,-0.044519298551396295,-0.005447971894000318,0.0061312758110949675,-0.044519298551396295,-5.970246190871737e-19,-1.266427227752463e-21,7.281509969423795e-20,-5.970233207165837e-19,-1.7759939896222737e-21,7.281509969423795e-20,-1531.9152508074355,-20.262011398408777,322.10838067005875,-1678270.0231848992,25.44539891133359,149954.61747123575,-0.07966824091353518,4560.884168788095
12.095550681578583,2001.0,12.0,14.0,14.0,21.0,40.0,1.0,3474974.6353789596,45960.307538365225,-730518.1630933179,547.5948415717871,-284.0443468105601,4514.756708481242,3551227.6543479143,4556.705985495163,3475012.762785957,42980.98266513733,-730518.1630933179,3551227.6543479143,550.3977052325524,-530.8308345717887,4514.756708481242,4579.055267807304,12759567.527622858,0.7241912805422469,1.6336281649847773,0.0,1.2105760581248946e-07,6.0755817924910485,-0.2071877650992703,0.012367952013487815,155027.65434791427,-0.08713884910009985,-0.08671247323106947,52.31360366940498,-16088693024.663713,-1012214527.8145425,-193732886.36013126,-16090912703.443096,-1868300559.2448187,16120503140.168474,16200171327.512506,-0.9785384382584869,-0.012103133577627429,0.20570862647989194,-0.012367636702719587,0.9999235178564356,0.0,0.20569289344318908,0.002544129558918746,0.9786132847002212,4530.063286225943,-537.5973543520174,-0.11812081011908747,1.7005449689289818e-10,196.85379192559182,0.0,-91.8,2.7,0.0,3.054952670768848e-17,2.298911632790095,1.5707963267948966,16.789974117070937,461.0,0.0008178155969787683,0.007814453690173603,0.0,0.0017940194102131575,-1531.950794963492,-20.261710388711023,322.05066169181805,-0.0054527581599464105,0.006149340340376494,-0.04461655587217125,-0.005458028360903074,0.0061446630976988124,-0.04461655587217125,-5.9832102926373e-19,-1.2662651455397085e-21,7.294855274282446e-20,-5.983197237139222e-19,-1.7792418396565684e-21,7.294855274282446e-20,-1531.9562529918528,-20.255565725613323,322.0060451359459,-1678270.0474480335,25.633883347713837,149886.17408922632,-0.07956523078256765,4560.937868131896
12.31636851246282,2001.0,12.0,14.0,14.0,21.0,40.0,1.0,3475095.4730634945,45897.58441094183,-729521.2072859278,546.860998505188,-284.05404289828556,4514.910848904415,3551140.144663552,4556.77118413112,3475134.217982826,42863.76285448448,-729521.2072859278,3551140.1446635514,549.6510918627246,-530.8570661856105,4514.910848904415,4579.120605646882,12759566.77356069,0.7241912642754547,1.633628164639306,0.0,1.2467205919833125e-07,6.075864060862221,-0.20690607560366972,0.01233379392852815,154940.14466355136,-0.08702052853234764,-0.08659473795022161,53.485861390829086,-16088692948.160084,-1012214517.4211596,-193745419.88341427,-16090903310.291342,-1868359669.613901,16120503063.1632,16200168964.671648,-0.9785967538355413,-0.012070422767994011,0.20543295323959834,-0.012333481223034997,0.9999239397278781,0.0,0.20541732795327214,0.0025337034713732126,0.97867119183271,4530.176005721358,-537.5958004734082,-0.1181175600642998,1.7155466291054791e-10,196.8,0.0,-91.8,2.7712219092123265,0.0,3.054857668632629e-17,2.2988961177638383,1.5707963267948966,16.792508193228322,461.0,0.0008250649791960116,0.007995842565442958,0.0,0.001809952411757718,-1532.1173274876794,-20.235554651924677,321.63492805196927,-0.005493653617525984,0.006203989144514973,-0.04501340417964675,-0.005499067688168331,0.006199190748441199,-0.04501340417964675,-6.03628152117794e-19,-1.2656463654101463e-21,7.349526181151419e-20,-6.0362681716362965e-19,-1.792621201171993e-21,7.349526181151419e-20,-1532.1228265553675,-20.229355461176237,321.5899146477896,-1678270.1466300823,25.822367784094087,149817.81845514255,-0.07946222427475684,4560.991498738201
12.54688653937486,2001.0,12.0,14.0,14.0,21.0,40.0,1.0,3475221.446074402,45832.10366833719,-728480.4204235323,546.0948337587045,-284.06415152428843,4515.071547796805,3551048.91601377,4556.839155748577,3475260.8326239153,42741.3875798775,-728480.4204235323,3551048.91601377,548.8715949618198,-530.8843995918211,4515.071547796805,4579.188722384145,12759565.979018327,0.724191247135328,1.6336281642753974,0.0,1.264405455326822e-07,6.076158743670837,-0.20661199703947508,0.01229813669286712,154848.9160137698,-0.08689700340696352,-0.0864718238290081,54.71891522407532,-16088692867.551462,-1012214506.471708,-193758467.6356837,-16090893516.809196,-1868421294.1243682,16120502982.026121,16200166500.545918,-0.9786575501542428,-0.012036271138685651,0.2051451381416869,-0.012297826691639941,0.9999243788700536,0.0,0.2051296248345376,0.002522839355499,0.9787315629409467,4530.293521065708,-537.5941812644575,-0.11811417207000441,1.731201311728463e-10,196.7,0.0,-91.8,2.8015485517574072,0.0,3.054688367927717e-17,2.298868468860493,1.5707963267948966,16.797026069654137,461.0,0.0008326302144953474,0.008186906049591365,0.0,0.0018265463938669845,-1532.290957541901,-20.208242584208698,321.20081505085267,-0.0055360194700562896,0.006260934565102516,-0.04542649729592886,-0.005541585460459914,0.006256008614584625,-0.04542649729592886,-6.091413427571112e-19,-1.264663298843615e-21,7.406030752144657e-20,-6.091399771255111e-19,-1.80640436437674e-21,7.406030752144657e-20,-1532.2964991273614,-20.201986575594113,321.15538855355675,-1678270.2511365134,26.010852220474337,149749.5505689844,-0.07935922138536106,4561.045060604525
12.607798796309801,2001.0,12.0,14.0,14.0,21.0,40.0,1.0,3475254.7037769,45814.80059846871,-728205.3959331303,545.8923673060414,-284.0668203491504,4515.113974698535,3551024.831051379,4556.857101075726,3475294.2593579073,42709.049993200766,-728205.3959331303,3551024.831051379,548.6656054622923,-530.891613570301,4515.113974698535,4579.206706023936,12759565.767875265,0.7241912425804622,1.6336281641786714,0.0,1.2731557704981472e-07,6.076236613401743,-0.2065342869627343,0.012288714830285976,154824.83105137898,-0.08686436185705039,-0.08643934373240361,55.04635438323021,-16088692846.130869,-1012214503.561685,-193761909.18714035,-16090890931.07704,-1868437563.7553625,16120502960.465075,16200165849.85849,-0.9786736012006287,-0.01202724622473439,0.2050690802174777,-0.012288405541004983,0.9999244946941043,0.0,0.2050535964138461,0.0025199720216332482,0.9787475018301491,4530.324546830492,-537.5937539029426,-0.11811327764798014,1.7356742333153292e-10,196.7,0.0,-91.8,2.835955640887148,0.0,3.054685896642697e-17,2.298868065269021,1.5707963267948966,16.797092035851364,461.0,0.000834791312877853,0.008237689544272115,0.0,0.0018313070328356685,-1532.3368004696208,-20.20102437007393,321.08608479147625,-0.005548368326325742,0.0062772528472674,-0.045545140306104126,-0.005553975905883606,0.006272291927992971,-0.045545140306104126,-6.107318455213942e-19,-1.264677560397675e-21,7.422584504146109e-20,-6.107304714369065e-19,-1.810470036693572e-21,7.422584504146109e-20,-1532.3423544455268,-20.19475207814594,321.04053965117015,-1678270.278908236,26.199336656854584,149681.37043075197,-0.07925622210963885,4561.0985537283905
12.711883220843585,2001.0,12.0,14.0,14.0,21.0,40.0,1.0,3475311.5046644346,45785.23342969159,-727735.4391217207,545.5463867232961,-284.0713785178276,4515.186436967292,3550983.6963025993,4556.8877502889245,3475351.3485830375,42653.791803922584,-727735.4391217207,3550983.6963025997,548.3136046948842,-530.9039321859061,4515.186436967292,4579.237420671409,12759565.405820534,0.7241912347700499,1.6336281640128092,0.0,1.2990531157078375e-07,6.076369676518263,-0.2064014966457246,0.012272615353411773,154783.69630259974,-0.08680858414539638,-0.08638384190675577,55.60754108428955,-16088692809.400595,-1012214498.5717424,-193767783.9824607,-16090886514.707165,-1868465351.0282402,16120502923.493958,16200164738.399652,-0.9787010152149352,-0.012011824173773344,0.20493911021880012,-0.012272307278134865,0.9999246924014183,0.0,0.2049236767465541,0.002515075733912664,0.9787747243889814,4530.377536694881,-537.593024127293,-0.11811175009272948,1.7433135438029063e-10,196.7,0.0,-91.8,2.8947195677146635,0.0,3.054681675928125e-17,2.2988673759740217,1.5707963267948966,16.797204700946782,461.0,0.0008384823739879795,0.00832477019796244,0.0,0.0018394382311973975,-1532.4150990210119,-20.18868896376401,320.89001906909374,-0.005569433494826589,0.006305124547600139,-0.045747786179616445,-0.00557511245482592,0.006300103660265526,-0.045747786179616445,-6.134484675444594e-19,-1.264659793465338e-21,7.45082306628152e-20,-6.134470789993682e-19,-1.817405893518648e-21,7.45082306628152e-20,-1532.4206741334667,-20.182388860103746,320.8442712829141,-1678270.3265294265,26.387821093234834,149613.27804044515,-0.07915322644284914,4561.151978107317
12.739167947405965,2001.0,12.0,14.0,14.0,21.0,40.0,1.0,3475326.388510982,45777.48260352579,-727612.2432356225,545.4556883311104,-284.07257293591033,4515.205424919835,3550972.9175397377,4556.895781543913,3475366.307910841,42639.30619128658,-727612.2432356225,3550972.917539738,548.221328139547,-530.9071596508194,4515.205424919835,4579.245469072509,12759565.310634477,0.7241912327166489,1.6336281639692085,0.0,1.2990531157078375e-07,6.076404558238191,-0.20636668643546882,0.012268395077887701,154772.91753973812,-0.08679396231936876,-0.08636929240180238,55.755000323057175,-16088692799.744074,-1012214497.2599514,-193769322.7536704,-16090885357.419876,-1868472632.3502355,16120502913.774124,16200164447.12558,-0.9787081987430981,-0.012007781298661346,0.2049050387406904,-0.012268087320320331,0.9999247441850316,0.0,0.20488961844500886,0.0025137929076444105,0.9787818577694808,4530.391422107255,-537.5928329243253,-0.11811134982527742,1.7451508997925535e-10,196.69114692467267,0.0,-91.8,2.9,0.0,3.054666408945484e-17,2.2988648826865448,1.5707963267948966,16.797612241262634,461.0,0.0008393704417350545,0.008347661112031312,0.0,0.0018413875105863747,-1532.4356167137819,-20.185455103454316,320.83861831723203,-0.0055743840860266085,0.006311813810020918,-0.04579632918971131,-0.00558008126871897,0.006306777667351941,-0.04579632918971131,-6.140969985639074e-19,-1.2645023515311484e-21,7.45743445619529e-20,-6.140956063805641e-19,-1.8190204738051386e-21,7.45743445619529e-20,-1532.4411967950507,-20.179148325786965,320.7928219880423,-1678270.3390492834,26.576305529615084,149545.273398064,-0.07905023438025106,4561.205333738826
12.76351115628229,2001.0,12.0,14.0,14.0,21.0,40.0,1.0,3475339.665667794,45770.56735257779,-727502.3284406732,545.374766945042,-284.07363842405505,4515.222363245156,3550963.3023288646,4556.902945863233,3475379.6523750625,42626.382172363206,-727502.3284406732,3550963.3023288646,548.1389987188044,-530.9100385580497,4515.222363245156,4579.2526486870465,12759565.225639498,0.7241912308830938,1.6336281639302717,0.0,1.2990531157078375e-07,6.076435679600528,-0.20633562887256296,0.012264629799147858,154763.30232886458,-0.08678091676307592,-0.08635631136985705,55.88666391372681,-16088692791.121475,-1012214496.0885438,-193770695.19461972,-16090884325.048128,-1868479127.68927,16120502905.094988,16200164187.285456,-0.9787146068492932,-0.012004174231935068,0.20487464006275366,-0.012264322324852653,0.9999247903707119,0.0,0.204859231517024,0.0025126486219177813,0.9787882211485573,4530.403808676211,-537.5926623699738,-0.11811099276828912,1.7467133715595073e-10,196.6791279110807,0.0,-91.8,2.9,0.0,3.0546461968351206e-17,2.298861581798423,1.5707963267948966,16.798151819522054,461.0,0.0008401258045649582,0.008368103298016863,0.0,0.0018430418913472479,-1532.4539197949748,-20.1825697912667,320.7927575806197,-0.005578535975434007,0.006317494976521688,-0.045837509317296764,-0.005584249178584503,0.006312445446819046,-0.045837509317296764,-6.146460242930657e-19,-1.2642920552841376e-21,7.46296614043422e-20,-6.146446289356497e-19,-1.8203665099128644e-21,7.46296614043422e-20,-1532.4595040441534,-20.17625734581988,320.7469200713024,-1678270.3502287045,26.76478996599533,149477.3565036085,-0.07894724591710407,4561.258620620446
12.80434283822723,2001.0,12.0,14.0,14.0,21.0,40.0,1.0,3475361.9314656975,45758.968111643524,-727317.9637372758,545.2390326155702,-284.07542526032984,4515.25076902459,3550947.177615933,4556.914960486048,3475402.0309929806,42604.70412396253,-727317.9637372758,3550947.177615933,548.0009026233035,-530.9148661531597,4515.25076902459,4579.264688959957,12759565.082904553,0.72419122780394,1.6336281638648837,0.0,1.2990531157078375e-07,6.07648788088481,-0.20628353459960883,0.01225831420539124,154747.17761593312,-0.08675903483698134,-0.08633453767278856,56.10772633552551,-16088692776.641314,-1012214494.1213586,-193772996.30857745,-16090882593.732847,-1868490020.428988,16120502890.519878,16200163751.513002,-0.9787253533087832,-0.011998123878758135,0.20482365052402415,-0.01225800720584495,0.9999248678072475,0.0,0.2048082616740327,0.002510729784050956,0.9787988926158491,4530.424581098963,-537.5923763682667,-0.11811039398815262,1.7493336374108687e-10,196.65897201991638,0.0,-91.8,2.9,0.0,3.0546123000435085e-17,2.298856046032252,1.5707963267948966,16.799056801934213,461.0,0.0008413925639116954,0.00840243263609944,0.0,0.0018458163117638408,-1532.484614586475,-20.177729972680105,320.71583084575786,-0.005585495023357552,0.006327022412142089,-0.045906569121891214,-0.005591235140507089,0.006321950400252991,-0.045906569121891214,-6.15566737250631e-19,-1.2639335604064226e-21,7.472237801926984e-20,-6.155653365682081e-19,-1.8226225887635508e-21,7.472237801926984e-20,-1532.4902058216153,-20.171408022279852,320.669924276636,-1678270.369002683,26.95327440237558,149409.52735707862,-0.07884426104866793,4561.311838749703
12.874976266995041,2001.0,12.0,14.0,14.0,21.0,40.0,1.0,3475400.4352754476,45738.90278119169,-726999.0343587341,545.0042236936007,-284.0785152374154,4515.299891176652,3550919.293464571,4556.935737304537,3475440.729738789,42567.20349175371,-726999.0343587341,3550919.293464571,547.7620080917798,-530.923213431913,4515.299891176652,4579.285510134686,12759564.835483946,0.7241912224664442,1.6336281637515373,0.0,1.3075715880680275e-07,6.076578183344842,-0.20619341725029303,0.012247389163270853,154719.29346457077,-0.08672118146704043,-0.08629687152528087,56.49079033732414,-16088692751.541197,-1012214490.7113768,-193776974.189627,-16090879599.721584,-1868508857.1885653,16120502865.255177,16200162997.879202,-0.9787439371363074,-0.011987657272328941,0.20473544293072735,-0.012247082983815613,0.9999250016668187,0.0,0.2047200881137644,0.0025074119593008633,0.9788173468058067,4530.4605028611695,-537.5918818443399,-0.11810935854292565,1.7538648120072487e-10,196.62411683071346,0.0,-91.8,2.9,0.0,3.0545536798088195e-17,2.298846472621415,1.5707963267948966,16.800622093992807,461.0,0.0008435831920835292,0.008461940428575085,0.0,0.0018506141312627004,-1532.5376960164847,-20.169357169644798,320.5827489153893,-0.00559751830573515,0.006343498366057341,-0.046025994999910114,-0.005603305105786904,0.006338387381240962,-0.046025994999910114,-6.171588980365085e-19,-1.2632963834414484e-21,7.488256388089411e-20,-6.171574881395853e-19,-1.8265203605165092e-21,7.488256388089411e-20,-1532.5432993215904,-20.163018782263556,320.53672292038937,-1678270.4015460107,27.141758838755827,149341.78595847444,-0.0787412797702026,4561.36498812413
12.965650999553965,2001.0,12.0,14.0,14.0,21.0,40.0,1.0,3475449.8397210385,45713.14385802957,-726589.6078908717,544.7027789154535,-284.0824800704302,4515.362921173216,3550883.5151597676,4556.96239645963,3475490.3840079512,42519.0616858101,-726589.6078908717,3550883.5151597676,547.4553183445283,-530.9339220352963,4515.362921173216,4579.31222620356,12759564.516909193,0.7241912155939569,1.633628163605594,0.0,1.3075715880680275e-07,6.076694110012285,-0.20607772820750975,0.012233364475403848,154683.51515976805,-0.08667258673415779,-0.0862485171376357,56.983763605356216,-16088692719.22302,-1012214486.3207624,-193782075.64840496,-16090875757.937288,-1868533027.0282154,16120502832.725084,16200162030.773388,-0.9787677824885156,-0.011974220360730984,0.20462220311898335,-0.012233059346572832,0.9999251733299963,0.0,0.20460689192091513,0.0025031555543810037,0.9788410259029469,4530.506595041415,-537.5912474168239,-0.11810802998277793,1.7598259726111873e-10,196.6,0.0,-91.8,2.923549771759895,0.0,3.054511426227665e-17,2.298839572087942,1.5707963267948966,16.80175054738731,461.0,0.0008464650366010991,0.00853856101875974,0.0,0.0018569444615510167,-1532.605807918018,-20.158607664046006,320.41189036864586,-0.00561348554925296,0.006365218260631226,-0.046183674925040274,-0.0056193330421375545,0.006360056578261401,-0.046183674925040274,-6.192665069592759e-19,-1.2626104426113644e-21,7.509594683697325e-20,-6.192650850504551e-19,-1.8317380067161543e-21,7.509594683697325e-20,-1532.6114272510601,-20.152247607467743,320.3657066937208,-1678270.4434482716,27.330243275136077,149274.13230779587,-0.07863830207696845,4561.418068741254
13.059680647807998,2001.0,12.0,14.0,14.0,21.0,41.0,1.0,3475501.0432345425,45686.43148912287,-726165.0268318161,544.3901666946265,-284.0865893622739,4515.4282477156175,3550846.4339844743,4556.9900267739695,3475541.846086049,42469.13763409827,-726165.0268318161,3550846.4339844743,547.1372669491868,-530.9450184131987,4515.4282477156175,4579.339915504258,12759564.18538041,0.7241912084420004,1.6336281634537124,0.0,1.332800374925012e-07,6.076814328366067,-0.20595775625947807,0.01221882110822036,154646.43398447428,-0.0866221928733014,-0.08619837251573607,57.49649494886398,-16088692685.591131,-1012214481.7515724,-193787359.81310976,-16090871776.069473,-1868558077.3608093,16120502798.872658,16200161028.310886,-0.9787924965783652,-0.011960285645595441,0.20450476818198304,-0.012218517066327888,0.9999253511341233,0.0,0.20448950213297187,0.0024987450001769883,0.978865567782846,4530.554366589555,-537.5905900035739,-0.11810665307286064,1.7661827455186953e-10,196.6,0.0,-91.8,2.976522879322461,0.0,3.0545076224672127e-17,2.298838950886718,1.5707963267948966,16.801852140967345,461.0,0.0008495379958270383,0.008618298376758484,0.0,0.0018637168664392828,-1532.6764034815171,-20.147459209934738,320.2346907146471,-0.005630689919584827,0.006388432598942384,-0.04635249418794742,-0.005636601284558962,0.006383217527286078,-0.04635249418794742,-6.2152949754206385e-19,-1.2620588643603742e-21,7.532663257313427e-20,-6.21528062951868e-19,-1.8374087096279674e-21,7.532663257313427e-20,-1532.6820400828017,-20.14107599240745,320.1883382204592,-1678270.4870543797,27.518727711516327,149206.56640504298,-0.07853532796422603,4561.471080598613
13.12083091131437,2001.0,12.0,14.0,14.0,21.0,41.0,1.0,3475534.3266203944,45669.05943766936,-725888.9059065251,544.1868579878743,-284.0892605335058,4515.47071208438,3550822.3304221756,4557.007987270705,3475575.297349651,42436.669985819004,-725888.9059065251,3550822.3304221756,546.9304209074179,-530.9522301055073,4515.47071208438,4579.357914343428,12759563.969110271,0.7241912037764707,1.6336281633546421,0.0,1.34110450744629e-07,6.076892511265176,-0.20587973359980374,0.012209363249758381,154622.33042217558,-0.0865894196261273,-0.08616576135662579,57.83077645301819,-16088692663.651825,-1012214478.7710506,-193790792.96056026,-16090869187.665789,-1868574360.804662,16120502776.789495,16200160376.609396,-0.9788085614907186,-0.011951223135620387,0.2044283938645335,-0.01220905991333798,0.9999254666504062,0.0,0.20441315713158667,0.0024958785086795434,0.97888152080932,4530.585419623838,-537.5901627346091,-0.11810575806808724,1.770424350167389e-10,196.58904346025085,0.0,-91.8,3.0,0.0,3.054487620622596e-17,2.298835684337598,1.5707963267948966,16.80238638565597,461.0,0.000851588163035556,0.00867030921946556,0.0,0.001868226151067799,-1532.722293951922,-20.140208372505768,320.11944192108655,-0.005642165890249072,0.0064038968195827065,-0.04646483614772078,-0.005648119300375321,0.006398646636412999,-0.04646483614772078,-6.230326521834399e-19,-1.2617288153370166e-21,7.548016711741147e-20,-6.230312092800719e-19,-1.8411706454927847e-21,7.548016711741147e-20,-1532.7279420712223,-20.133809725869355,320.0729770849388,-1678270.5155004784,27.707212147896573,149139.08825021575,-0.0784323574272362,4561.524023693744
13.170828295417126,2001.0,12.0,14.0,14.0,21.0,41.0,1.0,3475561.530384176,45654.85566320861,-725663.1433152163,544.0206251774018,-284.09144380742157,4515.505420226298,3550802.629673768,4557.022667176023,3475602.6382121,42410.123615884855,-725663.1433152163,3550802.629673768,546.7612958719812,-530.9581237943834,4515.505420226298,4579.372625587476,12759563.79189252,0.7241911999534003,1.6336281632734564,0.0,1.34110450744629e-07,6.076956435577988,-0.205815940297488,0.012201630433442884,154602.62967376783,-0.08656262335414046,-0.08613909761064259,58.10461610555649,-16088692645.674297,-1012214476.328655,-193793598.0213866,-16090867072.005121,-1868587669.986218,16120502758.694082,16200159843.90269,-0.9788216920779467,-0.011943813283640975,0.20436594736381816,-0.01220132767301023,0.9999255610309279,0.0,0.20435073457338296,0.0024935358889911067,0.9788945599798219,4530.610800729424,-537.5898135488814,-0.11810502655654588,1.774083060585973e-10,196.56089953395406,0.0,-91.8,3.0,0.0,3.0544405705422195e-17,2.2988280004763557,1.5707963267948966,16.80364322157178,461.0,0.0008533560303106777,0.008712930804718418,0.0,0.0018720989354992343,-1532.759803033613,-20.134279586796023,320.02520654371426,-0.005652072969075096,0.006417190879560748,-0.04656121025670952,-0.005658061462279434,0.006411911424960215,-0.04656121025670952,-6.243174002917186e-19,-1.26153345981984e-21,7.561212395230043e-20,-6.243159504819592e-19,-1.8443826848340083e-21,7.561212395230043e-20,-1532.7654610950754,-20.127867675371064,319.97864533345756,-1678270.538809998,27.895696584276823,149071.69784331415,-0.07832939046126013,4561.5768980241855
13.31893350440071,2001.0,12.0,14.0,14.0,21.0,41.0,1.0,3475642.066205874,45612.77976183832,-724994.3658310147,543.528176640042,-284.097907448347,4515.608174693519,3550744.306274975,4557.066127145525,3475683.5793069433,42331.484659938695,-724994.3658310147,3550744.306274975,546.2602795713805,-530.9755681702346,4515.608174693519,4579.4161783343125,12759563.26477343,0.7241911885819747,1.633628163031974,0.0,1.3657139822709094e-07,6.077145800113636,-0.20562696383037893,0.012178724209529245,154544.30627497518,-0.08648324391290554,-0.08606011074759662,58.9186195731163,-16088692592.20235,-1012214469.0639737,-193801897.14000952,-16090860808.332989,-1868627071.9474688,16120502704.871498,16200158266.58791,-0.9788605654213449,-0.011921862293809583,0.20418095568013284,-0.0121784231510133,0.9999258402549436,0.0,0.2041658136725142,0.0024866020776509504,0.9789331628551295,4530.685942171876,-537.5887799926791,-0.11810286099169033,1.7849145489331807e-10,196.5,0.0,-91.8,3.022419607178313,0.0,3.054337142175669e-17,2.298811109342255,1.5707963267948966,16.80640676136331,461.0,0.0008585901086891806,0.00883970489922996,0.0,0.0018835826151584682,-1532.8708530609413,-20.116714924081723,319.74602414365427,-0.005681446040561449,0.006456595871212985,-0.04684710356486168,-0.005687539034268088,0.006451229269654952,-0.04684710356486168,-6.281341873593578e-19,-1.2609399184584393e-21,7.600403955205023e-20,-6.2813271701221205e-19,-1.8539465836912748e-21,7.600403955205023e-20,-1532.8765405999754,-20.11026369481207,319.6991770400894,-1678270.608142186,28.084181020657073,149004.3951843382,-0.07822642706155923,4561.6297035874795
13.61893350440071,2001.0,12.0,14.0,14.0,21.0,41.0,1.0,3475804.9750215146,45527.548427724185,-723639.6521899643,542.5305699600457,-284.11098278289495,4515.816037648421,3550626.3290117932,4557.154041258834,3475847.305150121,42172.18669683629,-723639.6521899643,3550626.3290117932,545.2453170276788,-531.0108379362725,4515.816037648421,4579.504280119092,12759562.187142657,0.7241911653343478,1.6336281625382927,0.0,1.3978528260658483e-07,6.077529393490019,-0.2052441564353108,0.012132327406513469,154426.32901179278,-0.08632244506513216,-0.08590010710945743,60.580368995666504,-16088692482.888636,-1012214454.2124149,-193818661.04502907,-16090848136.586079,-1868706777.3515673,16120502594.840952,16200155074.806065,-0.97893920200764,-0.011877393673406803,0.20380619787477527,-0.01213202977568123,0.9999264042185915,0.0,0.2037911985983868,0.002472582861085154,0.97901125310582,4530.8379462038365,-537.5866901999487,-0.11809848069128234,1.806824612095626e-10,196.5,0.0,-91.8,3.1,0.0,3.0543250434227456e-17,2.298809133465957,1.5707963267948966,16.806730093939724,461.0,0.0008691795208116487,0.009098870838309547,0.0,0.0019068403417338772,-1533.095512249824,-20.081126726003504,319.1803657659448,-0.005740844452771737,0.006536448912240908,-0.04742679586054627,-0.005747151686516987,0.006530903988378663,-0.04742679586054627,-6.359048267680217e-19,-1.2595506394710173e-21,7.680041720601983e-20,-6.359033145756829e-19,-1.8734156883124665e-21,7.680041720601983e-20,-1533.1012594015106,-20.074595822015127,319.1329389700843,-1678270.749883417,28.27266545703732,148937.18027328793,-0.07812346722339525,4561.682440381169
13.831469002763962,2001.0,12.0,14.0,14.0,21.0,41.0,1.0,3475920.206913099,45467.16377531035,-722679.8653492271,541.8237254105518,-284.12023197652485,4515.963075474015,3550542.878996077,4557.216228651092,3475963.1127150976,42059.32539330401,-722679.8653492271,3550542.8789960765,544.5261757878816,-531.035771908358,4515.963075474015,4579.566600259155,12759561.415693734,0.7241911486918448,1.6336281621848734,0.0,1.4370159448672777e-07,6.0778011662448606,-0.2049729404414381,0.012099458929158112,154342.87899607653,-0.08620851967109593,-0.08578674508974146,61.76804509758949,-16088692404.636267,-1012214443.5806304,-193830499.68284753,-16090839172.128618,-1868763158.2982748,16120502516.07542,16200152816.184452,-0.978994827320022,-0.011845885777669126,0.20354066687220698,-0.012099163710759727,0.9999268024398087,0.0,0.20352576819199222,0.002462671850284041,0.9790664925985453,4530.945470389787,-537.5852127311315,-0.11809538251613694,1.8221571631375622e-10,196.4,0.0,-91.8,3.2,0.0,3.0541564494125504e-17,2.298781599974617,1.5707963267948966,16.811237020989303,461.0,0.0008765902558724242,0.009284398469539448,0.0,0.0019231562754958643,-1533.254443553603,-20.055906564145385,318.779502650742,-0.005782257035428607,0.00659233048884316,-0.047832951531517766,-0.005788717423492391,0.0065866583552549865,-0.047832951531517766,-6.413227922489736e-19,-1.2582064644880659e-21,7.735250692584304e-20,-6.413212504754029e-19,-1.8869632197843667e-21,7.735250692584304e-20,-1533.2602322710266,-20.04931990579013,318.7316696992105,-1678270.8513524346,28.46114989341757,148870.0531101633,-0.0780205109420301,4561.735108402801
13.86907549785372,2001.0,12.0,14.0,14.0,21.0,41.0,1.0,3475940.580652498,45456.478978450425,-722510.0353171402,541.6986471634013,-284.1218673356766,4515.989073404417,3550528.124496681,4557.227223975677,3475983.5880432706,42039.35491627944,-722510.0353171402,3550528.1244966816,544.3989216599474,-531.0401792065078,4515.989073404417,4579.577619054434,12759561.27852759,0.724191145732744,1.6336281621220343,0.0,1.444721179430584e-07,6.0778492556371555,-0.20492494955780802,0.012093643231046908,154328.12449668162,-0.08618836084349915,-0.08576668594740942,61.979048162698746,-16088692390.72296,-1012214441.6902819,-193832591.1784262,-16090837587.05163,-1868773126.9970808,16120502502.070871,16200152416.766422,-0.9790046624503284,-0.011840310354459982,0.20349368037172283,-0.012093348438138857,0.9999268727879823,0.0,0.20347879944621403,0.002460919981694502,0.9790762595675432,4530.964481847779,-537.5849515677138,-0.11809483475486149,1.8245547692892358e-10,196.4,0.0,-91.8,3.2,0.0,3.0541549367255565e-17,2.298781352934083,1.5707963267948966,16.811277470139906,461.0,0.000877750007302244,0.009317385267362796,0.0,0.0019256959906097477,-1533.282545433129,-20.05144339418554,318.7085625738999,-0.005788522631517699,0.006601066641039532,-0.04789627574462867,-0.005795009162446549,0.006595372913050335,-0.04789627574462867,-6.421715869423729e-19,-1.2577076081594161e-21,7.74365541983313e-20,-6.421700402168253e-19,-1.8890083202667086e-21,7.74365541983313e-20,-1533.2883404422914,-20.04484802127249,318.66066629815526,-1678270.8693939596,28.64963432979782,148803.01369496435,-0.0779175582127261,4561.787707649926
13.924277969071413,2001.0,12.0,14.0,14.0,21.0,41.0,1.0,3475970.478688747,45440.79468300249,-722260.7405071893,541.5150409940284,-284.1242672141067,4516.027225203505,3550506.4725775523,4557.243359490689,3476013.6350531857,42010.04000756056,-722260.7405071893,3550506.4725775523,544.2121214789333,-531.0466461765731,4516.027225203505,4579.593789012215,12759561.076850394,0.7241911413819339,1.633628162029641,0.0,1.444721179430584e-07,6.077919846647279,-0.20485450314520992,0.012085106450122757,154306.4725775523,-0.08615876941835794,-0.08573724085030966,62.28919869661331,-16088692370.266169,-1012214438.9108752,-193835659.5053191,-16090835260.93115,-1868787755.9549623,16120502481.479927,16200151830.588758,-0.9790190954164669,-0.011832126016957416,0.20342470745669464,-0.012084812281045137,0.999926975989813,0.0,0.20340985256878502,0.0024583494029406776,0.9790905925378705,4530.992381032268,-537.5845683500152,-0.1180940309353652,1.8280732061477497e-10,196.4,0.0,-91.8,3.2,0.0,3.054152716888125e-17,2.298780990407119,1.5707963267948966,16.81133682881216,461.0,0.0008794519484861187,0.009365886267390053,0.0,0.0019294230133675013,-1533.3237853342607,-20.044891560247724,318.6044241234697,-0.005797710249828394,0.006613887049839656,-0.04798920454311415,-0.0058042352367080035,0.006608161572325478,-0.04798920454311415,-6.434171989713629e-19,-1.256964334999489e-21,7.755979922340362e-20,-6.434156449763329e-19,-1.8920071837250893e-21,7.755979922340362e-20,-1533.3295895694973,-20.038283398675397,318.5564349189266,-1678270.8959206548,28.838118766178066,148736.06202769102,-0.07781460903074579,4561.840238120093
14.019547678002095,2001.0,12.0,14.0,14.0,21.0,42.0,1.0,3476022.0535744545,45413.726049550176,-721830.4967727212,541.198157580822,-284.128407131052,4516.093039106698,3550469.122457035,4557.271193968565,3476065.466626384,41959.4468167756,-721830.4967727212,3550469.1224570344,543.8897256481572,-531.0578000540523,4516.093039106698,4579.621682904806,12759560.727867577,0.7241911338532646,1.6336281618697637,0.0,1.4523855365528125e-07,6.078041676276416,-0.2047329230574072,0.012070373660790126,154269.12245703395,-0.08610769890507282,-0.08568642287424588,62.825622856616974,-16088692334.86801,-1012214434.1014147,-193840949.93403706,-16090831248.164776,-1868812991.5679948,16120502445.84963,16200150819.305376,-0.9790439929867181,-0.011818000768230415,0.20330566803329703,-0.012070080566248862,0.9999271539242868,0.0,0.20329085801321053,0.002453915792736941,0.9791153176952829,4531.0405085955845,-537.5839073850698,-0.11809264435030604,1.8341629722651266e-10,196.39874636719134,0.0,-91.8,3.2012536328086654,0.0,3.054146881131e-17,2.298780037355655,1.5707963267948966,16.811492879610025,461.0,0.0008823977161548957,0.00944981125425529,0.0,0.0019358748907484977,-1533.3949279728351,-20.033583248736562,318.4246836032608,-0.005813607532241433,0.006636077905621869,-0.0481500682396422,-0.0058201991875767205,0.006630297423596346,-0.0481500682396422,-6.455730703024854e-19,-1.255666346185655e-21,7.777301053423865e-20,-6.455715037415528e-19,-1.8971965161771076e-21,7.777301053423865e-20,-1533.4007481720228,-20.026952951312964,318.37653353502117,-1678270.941822525,29.026603202558316,148669.19810834335,-0.07771166339135192,4561.892699810858
14.050824839669723,2001.0,12.0,14.0,14.0,21.0,42.0,1.0,3476038.9790897365,45404.839298179766,-721689.2458628714,541.0941211636567,-284.12976576023095,4516.1146377845025,3550456.865133983,4557.280328590758,3476082.476297973,41942.836778871715,-721689.2458628714,3550456.8651339826,543.7838794650245,-531.0614599611166,4516.1146377845025,4579.63083702535,12759560.613032293,0.7241911313758986,1.6336281618171542,0.0,1.4675941767984797e-07,6.078081673650251,-0.20469300760588707,0.012065536919347256,154256.86513398308,-0.08609093213287852,-0.08566973901057019,63.00206729769707,-16088692323.22009,-1012214432.5188248,-193842685.41890502,-16090829931.23898,-1868821273.3074384,16120502434.125324,16200150487.397118,-0.9790521638028117,-0.011813363285935578,0.20326658604135364,-0.01206524417700246,0.9999272122924495,0.0,0.20325179073253408,0.0024524609936146117,0.9791234319528325,4531.056302996969,-537.5836905001408,-0.11809218931643228,1.836439332260283e-10,196.38123590569015,0.0,-91.8,3.218764094309869,0.0,3.0541175978794585e-17,2.2987752550377554,1.5707963267948966,16.812275972467486,461.0,0.0008834980031546776,0.009477427445879169,0.0,0.0019382997695426428,-1533.418275864521,-20.029870439126356,318.36567016599093,-0.005819746846317043,0.006644376935922181,-0.04821041720606387,-0.005826361463420666,0.006638577431905001,-0.04821041720606387,-6.463773257771005e-19,-1.2554434367264188e-21,7.785476627932362e-20,-6.463757548316249e-19,-1.899205840854478e-21,7.785476627932362e-20,-1533.4241022259846,-20.023231861694452,318.31745974878487,-1678270.95692686,29.215087638938567,148602.42193692134,-0.07760872128980767,4561.945092719777
14.103504188515247,2001.0,12.0,14.0,14.0,21.0,42.0,1.0,3476067.478960237,45389.87146687017,-721451.3389264363,540.9188916211758,-284.1320534950035,4516.151006842418,3550436.2257552953,4557.295709929273,3476111.117782902,41914.86064464301,-721451.3389264363,3550436.225755295,543.6056017421886,-531.0676221012484,4516.151006842418,4579.646251195996,12759560.419295356,0.7241911271963651,1.6336281617283974,0.0,1.4751396978812924e-07,6.078149040859649,-0.204625778373404,0.012057390572778008,154236.22575529478,-0.08606269198284315,-0.08564163850157819,63.299665570259094,-16088692303.56916,-1012214429.8488591,-193845606.92346013,-16090827713.696188,-1868835218.5233495,16120502414.345522,16200149928.478132,-0.9790659222567556,-0.011805552326383877,0.20320075986520778,-0.012057098422986851,0.999927310546931,0.0,0.20318598931310997,0.0024500115613205263,0.979137095196685,4531.082898481413,-537.5833253297477,-0.11809142311940293,1.840272359730969e-10,196.35175107899255,0.0,-91.8,3.2482489210074537,0.0,3.054068287212742e-17,2.298767201994747,1.5707963267948966,16.813594809682467,461.0,0.0008853507400831664,0.009524018382518566,0.0,0.0019423830043078542,-1533.4575908384297,-20.023616736252922,318.2662703740762,-0.0058300778606471945,0.00665835152837869,-0.04831203856456335,-0.005836731231492068,0.006652519933679003,-0.04831203856456335,-6.477315802743578e-19,-1.2550572692849692e-21,7.799233990668726e-20,-6.477300019420124e-19,-1.9025870982928607e-21,7.799233990668726e-20,-1533.4634275696612,-20.016964216319245,318.21795833551164,-1678270.9824091718,29.403572075318813,148535.73351342496,-0.0775057827213763,4561.99741684441
14.32440418259385,2001.0,12.0,14.0,14.0,21.0,42.0,1.0,3476186.886779088,45327.10563895709,-720453.7043607386,540.1840537339094,-284.1416388402421,4516.303389176818,3550349.751566401,4557.36015538834,3476231.1176842004,41797.54495840142,-720453.7043607386,3550349.751566401,542.8579814425159,-531.0934323762424,4516.303389176818,4579.710834214212,12759559.602493424,0.7241911095752401,1.6336281613542054,0.0,1.4975481660844235e-07,6.078431539880081,-0.20434385789231224,0.01202323132906571,154149.75156640122,-0.08594426876115294,-0.08552380083954422,64.55321401357651,-16088692220.721603,-1012214418.5924461,-193857836.7622245,-16090818422.031128,-1868893646.909374,16120502330.954649,16200147586.213795,-0.979123568361258,-0.011772796451944066,0.2029247129928191,-0.012022941655263502,0.9999277218249097,0.0,0.20291004596488327,0.0024397519847237556,0.97919434274141,4531.194330496988,-537.5817957501253,-0.11808821303465124,1.8563318519540576e-10,196.3,0.0,-91.72821652343033,3.3,0.0,3.0539765809234204e-17,2.298752225221136,1.5707963267948966,16.816048109145573,461.0,0.0008931142478166539,0.009720450021139021,0.0,0.0019594237056233476,-1533.622322949753,-19.997388893845134,317.8493906244596,-0.005873050541308472,0.006716071328186447,-0.048736637820524134,-0.005879866659513275,0.006710104679689879,-0.048736637820524134,-6.534077463216889e-19,-1.2531821696229633e-21,7.856677088584126e-20,-6.534061370974094e-19,-1.916617379755496e-21,7.856677088584126e-20,-1533.6282028164126,-19.990678789165443,317.8006539866391,-1678271.089843519,29.592056511699063,148469.13283785427,-0.0774028476813215,4562.049672182317
14.407922966928751,2001.0,12.0,14.0,14.0,21.0,42.0,1.0,3476231.990691104,45303.374323592136,-720076.5057897203,539.9062026255451,-284.1452596256402,4516.360950421163,3550317.0876725465,4557.38449888644,3476276.4447175837,41753.188273627995,-720076.5057897203,3550317.0876725465,542.5752972982654,-531.1031784662059,4516.360950421163,4579.735229672601,12759559.29174323,0.7241911028713068,1.6336281612119103,0.0,1.504943510645939e-07,6.078538351857833,-0.20423726463651193,0.012010316589534368,154117.08767254604,-0.08589949314892248,-0.08547924661970316,65.0294403731823,-16088692189.202925,-1012214414.3110541,-193862451.8891635,-16090814911.99776,-1868915717.557425,16120502299.229336,16200146701.241789,-0.9791453436054918,-0.011760411040074116,0.20282033632713503,-0.012010027848183667,0.9999278770146804,0.0,0.2028057083189956,0.002435877887466869,0.9792159675843465,4531.2364230233925,-537.581218149751,-0.1180870005324352,1.8625824654907925e-10,196.2815538179229,0.0,-91.7,3.3,0.0,3.0539437025652726e-17,2.2987468557777717,1.5707963267948966,16.816927842201267,461.0,0.0008961356842095165,0.00979516565856066,0.0,0.0019660389668493443,-1533.6845520506288,-19.98747078501137,317.69174674810216,-0.005889759862037059,0.006738500334244134,-0.048901470336900565,-0.005896638601314831,0.00673248180038795,-0.048901470336900565,-6.556116938054104e-19,-1.2524977178128321e-21,7.879017658206714e-20,-6.556100727729533e-19,-1.9220519179066865e-21,7.879017658206714e-20,-1533.6904486892302,-19.980738303210984,317.6428452777653,-1678271.1307166442,29.780540948079313,148402.6199102092,-0.07729991616490711,4562.101858731066
14.481050302797547,2001.0,12.0,14.0,14.0,21.0,42.0,1.0,3476271.463697833,45282.59542187904,-719746.2345034461,539.6629126283761,-284.14842843227194,4516.411326391435,3550288.501636157,4557.405803503119,3476316.112753366,41714.349801266784,-719746.2345034461,3550288.501636157,542.32777550011,-531.1117063708882,4516.411326391435,4579.756579762721,12759559.018823313,0.724191096983485,1.6336281610869094,0.0,1.5269146510898484e-07,6.078631875846465,-0.20414393214793217,0.01199900885623674,154088.50163615635,-0.08586028778905315,-0.08544023510717433,65.44757577776909,-16088692161.521662,-1012214410.5504365,-193866488.84565112,-16090811840.039183,-1868935033.0632076,16120502271.366562,16200145926.653051,-0.9791644006258363,-0.011749566206251309,0.20272894278077677,-0.011998720929665934,0.9999280127569444,0.0,0.20271434888309842,0.002432488008792754,0.9792348930460906,4531.273261185716,-537.5807127340244,-0.1180859394218992,1.8682996727687325e-10,196.2407166230805,0.0,-91.7,3.3,0.0,3.053875392379157e-17,2.2987356998777746,1.5707963267948966,16.818755937511835,461.0,0.0008988986043540103,0.009860798864098495,0.0,0.0019720920163473557,-1533.7390144658375,-19.978785891746732,317.55370427790257,-0.005905136323193382,0.006759275536688965,-0.04905211039932308,-0.005912071276418604,0.0067532106437550015,-0.04905211039932308,-6.576198165543617e-19,-1.2520247256631058e-21,7.899500865391715e-20,-6.576181849778825e-19,-1.9270384795244753e-21,7.899500865391715e-20,-1533.744926537114,-19.972032681102977,317.50465216750325,-1678271.1666139401,29.96902538445956,148336.1947304898,-0.07719698816739738,4562.153976488223
14.562623470800604,2001.0,12.0,14.0,14.0,21.0,42.0,1.0,3476315.4746418563,45259.416390279854,-719377.8142325812,539.3915136910053,-284.1519615903257,4516.467494661273,3550256.629261675,4557.42955761791,3476360.3408861575,41671.02494903328,-719377.8142325812,3550256.629261675,542.0516559071933,-531.1212130659376,4516.467494661273,4579.780384578746,12759558.71338581,0.7241910903941351,1.6336281609470178,0.0,1.5269146510898484e-07,6.078736203149522,-0.2040398184542393,0.011986395300695937,154056.62926167483,-0.08581655358337109,-0.08539671713798012,65.91528975963593,-16088692130.542557,-1012214406.3418121,-193870987.69640347,-16090808414.76958,-1868956569.3827457,16120502240.184328,16200145062.897703,-0.9791856487876244,-0.011737468386249967,0.20262698992049646,-0.011986108281186045,0.9999281640239321,0.0,0.20261243401289783,0.002428709041877864,0.9792559945978166,4531.314335024806,-537.5801492968865,-0.11808475634412617,1.8746259942603893e-10,196.2,0.0,-91.7,3.3048153404645344,0.0,3.0538069328775304e-17,2.2987245195927035,1.5707963267948966,16.82058844266734,461.0,0.0009019561173139581,0.009934250434295331,0.0,0.001978794339472003,-1533.799740445493,-19.96909705649702,317.39970460127864,-0.005922127328585625,0.006782276145436593,-0.04921893730267255,-0.005929125062376136,0.0067761595172813145,-0.04921893730267255,-6.598448431480014e-19,-1.2514444087849075e-21,7.922148974273586e-20,-6.598431998318362e-19,-1.9325573218834814e-21,7.922148974273586e-20,-1533.8056695705552,-19.96232089697974,317.350485663976,-1678271.2067882866,30.15750982083981,148269.85729869604,-0.07709406368405668,4562.206025451357
14.610388226066155,2001.0,12.0,14.0,14.0,21.0,42.0,1.0,3476341.23475009,45245.843891985634,-719162.0854828473,539.2325924294693,-284.15402961542713,4516.50037104387,3550237.9739968586,4557.443461297606,3476386.2279894175,41645.655941395285,-719162.0854828473,3550237.9739968586,541.889970439205,-531.1267766577178,4516.50037104387,4579.7943179344675,12759558.534072416,0.7241910865257146,1.6336281608648902,0.0,1.534168443230839e-07,6.078797292341166,-0.2039788543365154,0.011979009576879324,154037.9739968581,-0.08579094483570907,-0.08537123500687412,66.18976077437401,-16088692112.355785,-1012214403.8710421,-193873619.84526962,-16090806409.8493,-1868969174.9563053,16120502221.878302,16200144557.276522,-0.9791980857203499,-0.011730384342239063,0.20256729006625282,-0.011978723087603263,0.999928252522745,0.0,0.2025527563742162,0.0024264974743098498,0.9792683457537135,4531.338376330068,-537.5798195512307,-0.11808406388559818,1.878090543440637e-10,196.2,0.0,-91.7,3.3314657187741297,0.0,3.0538050213070917e-17,2.29872420740956,1.5707963267948966,16.820639617008148,461.0,0.000903631285631451,0.009977371966589864,0.0,0.00198248609557012,-1533.8352852284731,-19.963423376777854,317.30952401494767,-0.005931408636180945,0.006794929350641833,-0.049310968800909176,-0.005938442410753285,0.00678878302965579,-0.049310968800909176,-6.610782888955014e-19,-1.2509920725122024e-21,7.934593791885561e-20,-6.610766388395451e-19,-1.935616382202868e-21,7.934593791885561e-20,-1533.841223670884,-19.9566345937482,317.26021304614676,-1678271.23037347,30.34599425722006,148203.60761482795,-0.07699114271014972,4562.258005618043
14.691029099716372,2001.0,12.0,14.0,14.0,21.0,42.0,1.0,3476384.708119028,45222.9293220453,-718797.8687096584,538.9642785118823,-284.1575197094582,4516.555854764817,3550206.490930046,4557.4669256868565,3476429.91546347,41602.825035530965,-718797.8687096584,3550206.490930046,541.6169896482497,-531.1361645899837,4516.555854764817,4579.81783240571,12759558.230583645,0.7241910799783842,1.6336281607258871,0.0,1.5485740967710726e-07,6.078900430213722,-0.20387592761872939,0.01196654044900963,154006.49093004595,-0.08574770910277793,-0.08532821304035566,66.65411791205406,-16088692081.574854,-1012214399.6892416,-193878060.1129189,-16090803026.182196,-1868990448.6217556,16120502190.895533,16200143703.888142,-0.9792190748185892,-0.011718424024579,0.20246649611678086,-0.011966254853431139,0.9999284018092409,0.0,0.20245199988196957,0.002422765691814626,0.979289190152834,4531.378949539768,-537.5792631326315,-0.11808289529361059,1.8839373987057497e-10,196.2,0.0,-91.7,3.3764415285057674,0.0,3.053801795294108e-17,2.298723680561658,1.5707963267948966,16.820725980809467,461.0,0.0009064584085303009,0.010050355548851588,0.0,0.0019887166819866717,-1533.8952734114887,-19.95384382370032,317.15726132869827,-0.005947056644057235,0.0068162841840377925,-0.04946629233330084,-0.005954151452364409,0.006810087612321581,-0.04946629233330084,-6.631599987063885e-19,-1.2502033572852931e-21,7.955575704952214e-20,-6.631583372682557e-19,-1.940774148150187e-21,7.955575704952214e-20,-1533.9012275629411,-19.947033736088,317.10779503636496,-1678271.2702915035,30.534478693600306,148137.4456788855,-0.07688822524094152,4562.309916985855
14.761458600922273,2001.0,12.0,14.0,14.0,21.0,42.0,1.0,3476422.6588518205,45202.91614238585,-718479.7682281171,538.7299319980436,-284.16056648671963,4516.6042908940535,3550179.007312063,4557.48740949432,3476468.05288185,41565.41709182581,-718479.7682281171,3550179.007312063,541.3785671298525,-531.1443585729958,4516.6042908940535,4579.83835993303,12759557.964727098,0.7241910742429041,1.633628160604127,0.0,1.5557269020245316e-07,6.07899050946325,-0.20378603277950944,0.011955650395954542,153979.00731206313,-0.08570994751624461,-0.08529063815212487,67.06067523360252,-16088692054.61095,-1012214396.0261022,-193881934.45345646,-16090800072.237387,-1869009019.994769,16120502163.754826,16200142958.815022,-0.979237397810534,-0.011707977824841037,0.20237846225452663,-0.011955365579374804,0.9999285320630987,0.0,0.20236399868335606,0.002419508501644571,0.9793073868890672,4531.414369082098,-537.5787774683673,-0.11808187517150905,1.8891985375873777e-10,196.18429616009016,0.0,-91.7,3.4,0.0,3.0537738336361955e-17,2.2987191140763774,1.5707963267948966,16.821474582719187,461.0,0.0009090018909687438,0.010114285049311876,0.0,0.0019943083884647744,-1533.9476430181862,-19.94547656557459,317.024267524989,-0.005961130926606874,0.006835460564210948,-0.04960559233583459,-0.005968279789279134,0.006829219531243243,-0.04960559233583459,-6.650227142161728e-19,-1.2495515463198482e-21,7.97439567198689e-20,-6.650210427433824e-19,-1.9453819719267185e-21,7.97439567198689e-20,-1533.9536112979756,-19.938647346043346,316.9746619326532,-1678271.305259753,30.722963129980556,148071.3714908687,-0.07678531127169723,4562.3617595523765
14.818050118746731,2001.0,12.0,14.0,14.0,21.0,42.0,1.0,3476453.1410680832,45186.83499537193,-718224.1656349719,538.5416240722172,-284.1630137049657,4516.643195557767,3550156.9323342727,4557.503862334569,3476498.684895721,41535.358640173625,-718224.1656349719,3550156.9323342727,541.1869839939061,-531.1509391052879,4516.643195557767,4579.854847889301,12759557.750558324,0.7241910696225068,1.633628160506035,0.0,1.5557269020245316e-07,6.079062890956774,-0.2037137994586286,0.011946900112389032,153956.93233427266,-0.08567960485279734,-0.0852604455049506,67.38807013630867,-16088692032.889555,-1012214393.0750917,-193885045.08793548,-16090797699.531315,-1869023936.7522411,16120502141.890997,16200142360.303623,-0.9792521150916782,-0.011699583830189614,0.20230772310189976,-0.011946615920716424,0.9999286366376567,0.0,0.2022932857425512,0.0024168926656930457,0.9793220028026149,4531.442818602564,-537.5783874274276,-0.11808105581646601,1.8936135331454668e-10,196.15276047753238,0.0,-91.7,3.4,0.0,3.053721073252974e-17,2.2987104976519097,1.5707963267948966,16.822887295477503,461.0,0.0009111357694399862,0.010165787342101208,0.0,0.0019989833329839748,-1533.9897079072987,-19.93875280439121,316.91739636561294,-0.005972941906473926,0.006851506248746412,-0.04972193911305466,-0.005980135010301892,0.006845228860548425,-0.04972193911305466,-6.665734972912152e-19,-1.249085084961092e-21,7.990128165391025e-20,-6.665718176440073e-19,-1.949211983201837e-21,7.990128165391025e-20,-1533.995688042309,-19.931907575530662,316.8676744264999,-1678271.33342948,30.911447566360806,148005.38505077758,-0.07668240079768243,4562.413533315183
15.003624344505674,2001.0,12.0,14.0,14.0,21.0,43.0,1.0,3476553.023215149,45134.100919842764,-717385.9812388587,537.9240907550728,-284.17103278837243,4516.770679110419,3550084.598480757,4557.557774835364,3476599.056956844,41436.788715097195,-717385.9812388587,3550084.598480757,540.5587102808256,-531.1724960400778,4516.770679110419,4579.908875456095,12759557.044778341,0.7241910543962241,1.6336281601827576,0.0,1.5840151626966388e-07,6.0793002497824995,-0.2034769264893455,0.011918206866362531,153884.59848075686,-0.0855801026138169,-0.08516143520029555,68.4662099480629,-16088691961.30922,-1012214383.3499416,-193895229.97396052,-16090789924.27763,-1869072815.8803594,16120502069.84126,16200140398.728157,-0.9793003407424824,-0.01167205669769951,0.2020757425177588,-0.011917924717422534,0.9999289790132246,0.0,0.20206139089912184,0.0024083234865439093,0.9793698965589541,4531.536042445247,-537.577109659735,-0.11807837108241419,1.9080803038486253e-10,196.1,0.0,-91.7,3.4505735989187527,0.0,3.0536291689303426e-17,2.298695488537005,1.5707963267948966,16.825348715128037,461.0,0.0009181286550265506,0.010335519649079963,0.0,0.002014346117985827,-1534.1275519074234,-19.916701194928365,316.5668959516876,-0.006011781615207895,0.006904199343146932,-0.050104571976105024,-0.006019120776967442,0.00689780195650332,-0.050104571976105024,-6.716872417833957e-19,-1.2475708511682528e-21,8.042027652473699e-20,-6.716855351572178e-19,-1.9619042220532774e-21,8.042027652473699e-20,-1534.1335710282003,-19.909803392971863,316.51679137971155,-1678271.426261101,31.099932002741053,147939.48635861208,-0.07657949381416282,4562.465238271864
15.110348365389294,2001.0,12.0,14.0,14.0,21.0,43.0,1.0,3476610.4136837525,45103.77279884339,-716903.9294035676,537.5689212772227,-284.1756405448618,4516.843931113921,3550043.036760157,4557.588752601851,3476656.728273018,41380.09918984167,-716903.9294035676,3550043.0367601574,540.1973637309643,-531.1848782848424,4516.843931113921,4579.939919337482,12759556.636319142,0.7241910455842229,1.633628159995717,0.0,1.6049041769309372e-07,6.079436759578395,-0.20334069609217756,0.011901705738238271,153843.03676015744,-0.08552287668297089,-0.0851044921835437,69.08940970897675,-16088691919.883795,-1012214377.7225245,-193901076.5876309,-16090785456.378538,-1869100901.5391595,16120502028.144232,16200139271.34083,-0.9793280510328366,-0.011656224660196233,0.20194232069305526,-0.011901424759602876,0.9999291755362935,0.0,0.2019280182364925,0.002403401335507992,0.9793974163296038,4531.589608765925,-537.5763756804887,-0.11807682853518427,1.9161315264744143e-10,196.1,0.0,-91.7,3.5,0.0,3.053624911333588e-17,2.2986947932186883,1.5707963267948966,16.82546276196696,461.0,0.0009220214631679981,0.010433720378585405,0.0,0.002022915949821075,-1534.2067604641952,-19.90401710760141,316.3652880878557,-0.006033318267323469,0.006933587031519217,-0.05031820364537086,-0.006040741073285935,0.006927121027092484,-0.05031820364537086,-6.745503348703455e-19,-1.2465090393162055e-21,8.070904333776546e-20,-6.745486128784796e-19,-1.968990147132604e-21,8.070904333776546e-20,-1534.2128012052685,-19.897089986574315,316.3149698842103,-1678271.4799859598,31.288416439121303,147873.67541437226,-0.07647659031640448,4562.516874420004
15.134431152433242,2001.0,12.0,14.0,14.0,21.0,43.0,1.0,3476623.3588765077,45096.92904489407,-716795.1510141059,537.4887730443457,-284.1766799002844,4516.860454319446,3550033.661954825,4557.5957401181095,3476669.7367492076,41367.306743909874,-716795.1510141059,3550033.661954825,540.115821586556,-531.1876708647311,4516.860454319446,4579.946921766855,12759556.543943161,0.7241910435913211,1.6336281599534077,0.0,1.6049041769309372e-07,6.079467564109437,-0.20330995460651757,0.011897982220058747,153833.66195482528,-0.08550996317146493,-0.08509164251315308,69.2303204536438,-16088691910.51525,-1012214376.4497089,-193902394.82104746,-16090784448.550938,-1869107236.6985195,16120502018.714252,16200139017.01849,-0.9793343015330116,-0.011652651969821317,0.2019122124660088,-0.011897701505057034,0.9999292198445331,0.0,0.20189792108821977,0.0024022912341462284,0.9794036238737742,4531.601691532384,-537.5762101422007,-0.11807648059816393,1.9176549323408904e-10,196.1,0.0,-91.7,3.5,0.0,3.053623950974824e-17,2.2986946363801994,1.5707963267948966,16.825488487001945,461.0,0.0009227587368793158,0.010455933640242283,0.0,0.002024530409093205,-1534.2246276148137,-19.901154663136435,316.31979082028136,-0.006037210377416068,0.006939140801991663,-0.05035846618909785,-0.006044650963920944,0.006932660307228053,-0.05035846618909785,-6.750899297928083e-19,-1.2460492700101704e-21,8.076126471429105e-20,-6.750882046215401e-19,-1.9702607207802948e-21,8.076126471429105e-20,-1534.2306722657777,-19.894222002829206,316.26943235409226,-1678271.4921362232,31.476900875501553,147807.95221805808,-0.07637369029967365,4562.5684417571965
15.187964312268878,2001.0,12.0,14.0,14.0,21.0,43.0,1.0,3476652.1275801035,45081.71610743779,-716553.3482185099,537.3106097494775,-284.1789897265706,4516.897174910645,3550012.8278891626,4557.611268884955,3476698.6460040757,41338.87042330881,-716553.3482185099,3550012.8278891617,539.9345597590446,-531.1938764142897,4516.897174910645,4579.962483675821,12759556.338333972,0.7241910391555443,1.633628159859235,0.0,1.6118070224511593e-07,6.079536039485384,-0.20324161937044913,0.011889705337190115,153812.82788916165,-0.08548125770589929,-0.08506307895901258,69.54388177394867,-16088691889.66297,-1012214373.6166862,-193905323.6687879,-16090782208.765705,-1869121315.6981626,16120501997.725233,16200138451.793407,-0.9793481924039472,-0.011644710153875389,0.201845284216782,-0.011889425207620017,0.9999293182861638,0.0,0.2018310174461638,0.0023998244102062345,0.9794174193057047,4531.628543839555,-537.5758422859898,-0.11807570736850012,1.9210404680112293e-10,196.1,0.0,-91.7,3.5,0.0,3.053621816724201e-17,2.2986942878306222,1.5707963267948966,16.82554565725405,461.0,0.0009243972386666279,0.010505375768895403,0.0,0.002028118332104981,-1534.2643353979695,-19.89479150170866,316.21865123068216,-0.006045854312400049,0.006951483433571115,-0.05044794498231032,-0.006053334487790518,0.006944970689132233,-0.05044794498231032,-6.762891155053524e-19,-1.2450184246647685e-21,8.087724369911192e-20,-6.762873832678079e-19,-1.973082530120202e-21,8.087724369911192e-20,-1534.2703887324574,-19.887846531019527,316.16820328569986,-1678271.5191801134,31.6653853118818,147742.31676966956,-0.07627079375923689,4562.619940281035
15.277340537250325,2001.0,12.0,14.0,14.0,21.0,43.0,1.0,3476700.137081099,45056.31708984158,-716149.6422616278,537.0131471514376,-284.18284444446283,4516.95845553403,3549978.0597914816,4557.63718370719,3476746.8897926365,41291.39385713178,-716149.6422616278,3549978.0597914816,539.6319239057082,-531.2042306662456,4516.95845553403,4579.988453805999,12759555.994247787,0.7241910317322747,1.6336281597016364,0.0,1.625524776374657e-07,6.079650364258132,-0.20312752856058522,0.011875886841121472,153778.0597914816,-0.08543333169474111,-0.0850153898766994,70.06838843226433,-16088691854.767086,-1012214368.8756295,-193910209.13573775,-16090778470.858515,-1869144811.121432,16120501962.600515,16200137508.440882,-0.9793713739168443,-0.011631450437628098,0.20173354037677996,-0.01187560768713165,0.9999294824846707,0.0,0.201719314628754,0.0023957083828507714,0.9794404416232005,4531.673355895542,-537.575228487523,-0.1180744170164328,1.9266902838842445e-10,196.1,0.0,-91.7,3.5,0.0,3.05361825506317e-17,2.298693706167234,1.5707963267948966,16.825641064500854,461.0,0.0009271316610518167,0.010588116973871136,0.0,0.0020341060018964226,-1534.330602552269,-19.88416700419917,316.04977961987635,-0.006060261933627916,0.0069720816451125,-0.050597272607257805,-0.006067808403886347,0.006965514937463017,-0.050597272607257805,-6.782903864984386e-19,-1.2432702371336149e-21,8.107056005729498e-20,-6.782886424671518e-19,-1.977785921717142e-21,8.107056005729498e-20,-1534.336670360673,-19.877201489261708,315.9991823472691,-1678271.5644379593,31.85386974826205,147676.76906920667,-0.07616790069036102,4562.671369989115
15.320002679653744,2001.0,12.0,14.0,14.0,21.0,43.0,1.0,3476723.044183604,45044.19320162836,-715956.9385130277,536.8711541705451,-284.1846836973734,4516.98769518897,3549961.4706505532,4557.649548738599,3476769.908565093,41268.73144122292,-715956.9385130277,3549961.4706505532,539.4874615182205,-531.2091703416131,4516.98769518897,4580.000845226883,12759555.829638356,0.7241910281810063,1.6336281596262412,0.0,1.6323404237781964e-07,6.079704935931885,-0.20307306856149865,0.011869290901539452,153761.47065055324,-0.08541045470268101,-0.08499262597872449,70.31920540332794,-16088691838.073175,-1012214366.6075258,-193912539.19176468,-16090776687.306555,-1869156021.7628515,16120501945.79713,16200137058.288002,-0.9793824347980746,-0.011625120943540877,0.20168019975209028,-0.011869012212420616,0.9999295607937098,0.0,0.20166599355889528,0.002393744753860989,0.9794514265791627,4531.694737668291,-537.5749356584877,-0.11807380135130723,1.9297058698893544e-10,196.08781521507603,0.0,-91.7,3.5121847849239605,0.0,3.0535970412475175e-17,2.298690241688224,1.5707963267948966,16.826209348395615,461.0,0.0009285902004622157,0.010627700013028915,0.0,0.0020373113355923586,-1534.3622221152411,-19.87909519852708,315.96916554900054,-0.006068169453459232,0.006983075838450085,-0.05067712022101412,-0.006075748921487821,0.006976482188358302,-0.05067712022101412,-6.793570976274228e-19,-1.2426460335070432e-21,8.117620887651135e-20,-6.793553476611146e-19,-1.9803712193139926e-21,8.117620887651135e-20,-1534.3682978641625,-19.872118716338722,315.91848842877954,-1678271.5860891324,32.0423541846423,147611.30911666946,-0.07606501108831307,4562.72273087904
15.368688112640523,2001.0,12.0,14.0,14.0,21.0,43.0,1.0,3476749.178043641,45030.35749617005,-715737.0261991752,536.7091102151957,-284.18678205197403,4517.02105394482,3549942.544717563,4557.663655631229,3476796.1697325865,41242.86915557743,-715737.0261991752,3549942.544717563,539.3225994749577,-531.2148052644126,4517.02105394482,4580.014982226292,12759555.641447885,0.7241910241209989,1.633628159540045,0.0,1.6323404237781964e-07,6.079767212975405,-0.20301091895668738,0.011861763765763183,153742.54471756285,-0.08538434751287943,-0.08496664785057076,70.60586902499199,-16088691818.987904,-1012214364.0145098,-193915196.69208992,-16090774652.467016,-1869168811.6513429,16120501926.586702,16200136544.68484,-0.9793950538456402,-0.0116178976521601,0.20161932684353345,-0.011861485606513652,0.9999296501050494,0.0,0.20160514294507,0.0023915047433495434,0.979463959032266,4531.719131563021,-537.5746016096058,-0.11807309896931228,1.9334910564874302e-10,196.06077816794692,0.0,-91.7,3.539221832053073,0.0,3.0535517997709865e-17,2.298682853194405,1.5707963267948966,16.827421427655572,461.0,0.0009304200425108952,0.010672953432118075,0.0,0.0020413438320557573,-1534.3982965340879,-19.873307016447946,315.87716499708995,-0.006078306028756032,0.006996875754235317,-0.05077748535039166,-0.006085924599339856,0.006990250086410928,-0.05077748535039166,-6.806946192938568e-19,-1.2421622813435978e-21,8.131121351433045e-20,-6.806928622227141e-19,-1.9836889350702112e-21,8.131121351433045e-20,-1534.4043824586872,-19.866316766361535,315.82638751173954,-1678271.6108419318,32.23083862102255,147545.9369120579,-0.07596212494836035,4562.774022948411
15.495320616122415,2001.0,12.0,14.0,14.0,21.0,43.0,1.0,3476817.116174594,44994.36986703476,-715165.0190227333,536.2876104120127,-284.1922370755354,4517.107775674387,3549893.3444651742,4557.700328647489,3476864.4383521136,41175.59916738438,-715165.0190227333,3549893.3444651742,538.8937695472667,-531.2294510870404,4517.107775674387,4580.051733508816,12759555.150232337,0.7241910135235256,1.63362815931505,0.0,1.6526187220825896e-07,6.079929200833542,-0.20284926255659128,0.011842185708884468,153693.34446517378,-0.08531644035621545,-0.08489907638908979,71.35371366143227,-16088691769.17202,-1012214357.2461559,-193922101.3250556,-16090769362.395596,-1869202060.9385233,16120501876.444132,16200135209.30637,-0.9794278590857036,-0.011599108810292408,0.20146098759214412,-0.011841908924677177,0.9999298821382525,0.0,0.2014468615784686,0.0023856826669416895,0.9794965392886276,4531.782547572672,-537.5737333528875,-0.11807127307931164,1.943331106965239e-10,196.0,0.0,-91.7,3.6,0.0,3.0534494081579407e-17,2.2986661313750005,1.5707963267948966,16.83016530437294,461.0,0.0009351771722399208,0.010791075967157856,0.0,0.002051819080707633,-1534.4920805250367,-19.858250210510082,315.63784383527326,-0.006104594314684056,0.007032745656027739,-0.05103826013998783,-0.0061123150112412615,0.007026036465362579,-0.05103826013998783,-6.841723846952438e-19,-1.2408339106329238e-21,8.166164695167757e-20,-6.841706091523546e-19,-1.9922902565991057e-21,8.166164695167757e-20,-1534.498192840048,-19.85122417404472,315.58680557513327,-1678271.6754517946,32.41932305740279,147480.65245537198,-0.07585924226577048,4562.825246194835
15.739965597889611,2001.0,12.0,14.0,14.0,21.0,43.0,1.0,3476948.216631512,44924.842374481166,-714059.9107988434,535.4732298665793,-284.2027640496769,4517.275129471629,3549798.402558866,4557.771098502002,3476996.1746604727,41045.63309125967,-714059.9107988434,3549798.402558866,538.06522698826,-531.2577015518677,4517.275129471629,4580.122654394206,12759554.194045924,0.7241909928946909,1.6336281588771164,0.0,1.6858739404357632e-07,6.080242162531241,-0.2025369411562591,0.011804363461434606,153598.40255886596,-0.08518524264138927,-0.0847685272189993,72.80757993459702,-16088691672.203962,-1012214344.0717808,-193935409.4447602,-16090759153.04894,-1869266223.9408848,16120501778.840193,16200132631.56913,-0.9794911655135363,-0.011562806795358293,0.201155060040625,-0.011804089320781391,0.9999303293106511,0.0,0.20114104542892594,0.002374452296046681,0.9795594120930351,4531.904926283846,-537.5720584613546,-0.1180677498036882,1.9623194882268084e-10,195.95486079837994,0.0,-91.7,3.6451392016200606,0.0,3.053367374907048e-17,2.2986527343284484,1.5707963267948966,16.83236429061828,461.0,0.0009443582664702796,0.011020985676779138,0.0,0.002071971474866623,-1534.6730728804214,-19.829155224608968,315.1753921109717,-0.00615496687410066,0.007101921522309732,-0.05154036477118594,-0.006162886555505651,0.0070950500938534835,-0.05154036477118594,-6.908886419554431e-19,-1.2379351650444612e-21,8.23355636960628e-20,-6.908868308153943e-19,-2.008748956424885e-21,8.23355636960628e-20,-1534.679235766977,-19.822060174515116,315.1238517462005,-1678271.8012195546,32.60780749378304,147415.45574661173,-0.07575636303581128,4562.876400615923
15.875666436293942,2001.0,12.0,14.0,14.0,21.0,43.0,1.0,3477020.8501456073,44886.27542532826,-713446.9064842722,535.0214639962566,-284.208596527665,4517.367852126278,3549745.801947066,4557.810308108588,3477069.15937773,40973.53991402508,-713446.9064842722,3549745.801947066,537.6056052482859,-531.2733465222872,4517.367852126278,4580.161947676452,12759553.659648037,0.7241909813654945,1.6336281586323498,0.0,1.7055158529072421e-07,6.080415764810883,-0.20236369400623122,0.011783384698910345,153545.8019470661,-0.08511246590945909,-0.0846961102280809,73.61916440725327,-16088691618.011364,-1012214336.70871,-193942773.57844275,-16090753496.165693,-1869301773.1166866,16120501724.2922,16200131202.94922,-0.979526240293186,-0.011542668743083167,0.20098535114625404,-0.011783112017265977,0.9999305767257988,0.0,0.200971398085111,0.0023682329063858484,0.9795942469331969,4531.972730307495,-537.5711308548264,-0.11806579789081509,1.9730424399144057e-10,195.9,0.0,-91.7,3.7,0.0,3.0532740956964526e-17,2.298637500677299,1.5707963267948966,16.834865461203396,461.0,0.0009495425845459863,0.011149482959639414,0.0,0.0020833782474722513,-1534.773357643526,-19.813013098198198,314.91882026517004,-0.006183513510988782,0.007141005547855794,-0.05182439291930985,-0.006191545401299911,0.007134042691120511,-0.05182439291930985,-6.946793130789437e-19,-1.2363611788036006e-21,8.271645483364307e-20,-6.946774819563187e-19,-2.018086129495958e-21,8.271645483364307e-20,-1534.7795491889274,-19.805879055507077,314.86699587225075,-1678271.8715092354,32.79629193016329,147350.3467857771,-0.07565348725375078,4562.927486209288
15.954831764991217,2001.0,12.0,14.0,14.0,21.0,43.0,1.0,3477063.194863168,44863.77582375034,-713089.2854333456,534.7578986104754,-284.211996886003,4517.4219098639805,3549715.1362402397,4557.8331673087105,3477111.7084882716,40931.481123927515,-713089.2854333456,3549715.1362402397,537.337456758079,-531.282465221496,4517.4219098639805,4580.184855658798,12759553.34650629,0.7241909746097,1.6336281584889196,0.0,1.7184857420132772e-07,6.0805170435019384,-0.20226262248007412,0.01177114629922273,153515.13624023972,-0.08507000821962575,-0.08465386240545955,74.09441158175468,-16088691586.256508,-1012214332.3941265,-193947063.85564876,-16090750198.045685,-1869322498.304649,16120501692.32909,16200130369.912256,-0.9795466889692823,-0.011530919962011658,0.20088634103429212,-0.011770874466326015,0.9999307208573492,0.0,0.20087242380081502,0.002364607902314209,0.9796145558258381,4532.0122603316495,-537.5705901773542,-0.11806465997044661,1.9796136628057773e-10,195.9,0.0,-91.7,3.7,0.0,3.05327095599771e-17,2.298636987925583,1.5707963267948966,16.834949661894374,461.0,0.0009527193168912936,0.011224779624203237,0.0,0.0020903377337996043,-1534.831825984096,-19.803594904411174,314.7691223065121,-0.006201036014989223,0.007164927899393235,-0.051997863765087755,-0.0062091349803127605,0.0071579104673747795,-0.051997863765087755,-6.970040859334977e-19,-1.2355541440874808e-21,8.295138436064171e-20,-6.970022429016256e-19,-2.0238063486381667e-21,8.295138436064171e-20,-1534.8380351190763,-19.7964369939438,314.717124442747,-1678271.9126969613,32.98477636654354,147285.32557286817,-0.07555061491485736,4562.978502972548
16.033712194434568,2001.0,12.0,14.0,14.0,21.0,44.0,1.0,3477105.3664377714,44841.35692582291,-712732.9471298241,534.4952717544704,-284.2153833943758,4517.475747459796,3549684.595921962,4557.85593328413,3477154.083359418,40889.57297678078,-712732.9471298241,3549684.595921962,537.0702631908692,-531.2915450327044,4517.475747459796,4580.207670216995,12759553.033438621,0.7241909678554909,1.633628158345528,0.0,1.7249341164216756e-07,6.080617959449322,-0.20216191294418467,0.011758952102351413,153484.59592196206,-0.08502770251517444,-0.08461176581370279,74.56928703188896,-16088691554.50946,-1012214328.0806597,-193951334.42972246,-16090746913.256788,-1869343138.9852045,16120501660.373842,16200129540.157417,-0.979567054310721,-0.011519213009447818,0.20078768348845524,-0.011758681113383351,0.9999308643193657,0.0,0.20077380189529428,0.002360998341635693,0.9796347820281495,4532.051629349219,-537.5700517904656,-0.11806352672350835,1.986080815607588e-10,195.89227988851724,0.0,-91.7,3.7077201114827707,0.0,3.0532554599059537e-17,2.298634457221748,1.5707963267948966,16.835365250121836,461.0,0.0009558459333429401,0.011300055156866816,0.0,0.0020971943357106096,-1534.890057583275,-19.794209740759168,314.61994934664324,-0.006218245955174007,0.00718847930413724,-0.05216873113565136,-0.0062264116971558325,0.007181407580869389,-0.05216873113565136,-6.992917220863183e-19,-1.2346779301946232e-21,8.318186720542813e-20,-6.992898672463946e-19,-2.0294271505896194e-21,8.318186720542813e-20,-1534.896283994972,-19.7870283331783,314.5677806155076,-1678271.953874942,33.17326080292379,147220.39210788487,-0.0754477460143996,4563.029450903322
16.083493204814438,2001.0,12.0,14.0,14.0,21.0,44.0,1.0,3477131.97002692,44827.20834369376,-712508.0617773378,534.3295242435715,-284.2175197728611,4517.509710921881,3549665.329814753,4557.870295137598,3477180.8150625057,40863.12460430226,-712508.0617773378,3549665.3298147526,536.9016336018,-531.2972721327596,4517.509710921881,4580.22206271852,12759552.8353554,0.7241909635819811,1.6336281582547996,0.0,1.731358474287728e-07,6.080681647847243,-0.20209835480722657,0.011751256492822435,153465.32981475256,-0.08500100319864634,-0.08458519846744977,74.86963149905205,-16088691534.422737,-1012214325.351427,-193954027.37635303,-16090744840.998837,-1869356160.1091988,16120501640.155386,16200129016.653059,-0.9795799017604767,-0.011511824582751523,0.20072541932129745,-0.011750986035547462,0.999930954779975,0.0,0.2007115601905558,0.002358721599423975,0.9796475417405431,4532.076465291234,-537.5697121946239,-0.1180628118346249,1.9899340370494845e-10,195.86475687821797,0.0,-91.7,3.7352431217820325,0.0,3.0532093881011017e-17,2.298626933125023,1.5707963267948966,16.836600971309228,461.0,0.0009577091632663932,0.01134768423439883,0.0,0.0021013011019724932,-1534.926793701724,-19.78828637126831,314.52580004953103,-0.006228449406061008,0.007202532924799351,-0.052270950502330646,-0.006236656503285306,0.007195427589567525,-0.052270950502330646,-7.006535970299419e-19,-1.2339980243444208e-21,8.33177420158447e-20,-7.006517349147524e-19,-2.032767342312787e-21,8.33177420158447e-20,-1534.9330303582271,-19.78109094367874,314.4735290990287,-1678271.9799289554,33.36174523930404,147155.5463908272,-0.0753448805476463,4563.080329999236
16.15730661868857,2001.0,12.0,14.0,14.0,21.0,44.0,1.0,3477171.4016426834,44806.22916139923,-712174.6071052871,534.0837527524823,-284.2206863345054,4517.560051934165,3549636.7737529115,4557.891582335636,3477220.4363767207,40823.9074255851,-712174.6071052871,3549636.773752911,536.6515886000017,-531.3057596183423,4517.560051934165,4580.243395342866,12759552.540931027,0.7241909572299683,1.6336281581199437,0.0,1.7504900879369298e-07,6.080776083883451,-0.20200411191129047,0.011739845848373863,153436.77375291148,-0.08496141386131137,-0.08454580481125169,75.31587335467339,-16088691504.566732,-1012214321.2948054,-193958017.25928733,-16090741769.408192,-1869375460.0823572,16120501610.103579,16200128240.63423,-0.97959894434505,-0.011500868969875858,0.20063309360870998,-0.011739576178184588,0.9999310888012016,0.0,0.2006192677417108,0.0023553474862842904,0.9796664543348408,4532.113277375055,-537.569208907032,-0.1180617522473974,1.995645249417703e-10,195.82396250415928,0.0,-91.7,3.7760374958407357,0.0,3.053141096138958e-17,2.2986157802012257,1.5707963267948966,16.838433019883517,461.0,0.0009604708897347742,0.011418477937186085,0.0,0.0021073883878725682,-1534.9812453687482,-19.779502789523306,314.3861889632578,-0.006243558296179458,0.007223363834207387,-0.052422466373487735,-0.0062518268873523915,0.007216208550873809,-0.052422466373487735,-7.026721921277752e-19,-1.2329664520448913e-21,8.351893629311881e-20,-7.026703192250094e-19,-2.0377134607808383e-21,8.351893629311881e-20,-1534.9874971956356,-19.772286580972434,314.33376649688427,-1678272.0186547786,33.550229675684285,147090.7884216952,-0.07524201850986663,4563.131140257913
16.21230388159778,2001.0,12.0,14.0,14.0,21.0,44.0,1.0,3477200.7697515106,44790.597736737254,-711926.1526364147,533.9006264478099,-284.22304477536824,4517.597545715061,3549615.5056025153,4557.907436878626,3477249.9456219315,40794.68688922718,-711926.1526364147,3549615.505602516,536.465278109935,-531.3120800653827,4517.597545715061,4580.259283718741,12759552.321002327,0.7241909524851422,1.6336281580192116,0.0,1.7504900879369298e-07,6.080846447737581,-0.20193389195866202,0.011731344039523712,153415.50560251577,-0.08493191598214757,-0.08451645273157353,75.64905944466591,-16088691482.265104,-1012214318.2646444,-193960987.64121157,-16090739481.647297,-1869389834.5630643,16120501587.655691,16200127662.599997,-0.9796131271495837,-0.011492705850771475,0.20056430098210642,-0.011731074954780107,0.9999311885726964,0.0,0.2005504998662897,0.002352834848074168,0.9796805403658679,4532.1406948503245,-537.5688341109543,-0.11806096309352153,1.9998988794968442e-10,195.79357943216542,0.0,-91.7,3.8064205678346017,0.0,3.053090229588496e-17,2.29860747306312,1.5707963267948966,16.839797870927335,461.0,0.0009625278331990714,0.011471357769375825,0.0,0.002111922322898939,-1535.0218015195442,-19.77295778463117,314.28215905028776,-0.00625479986264363,0.007238878983335005,-0.052535318825074666,-0.006263114407033926,0.007231686399554401,-0.052535318825074666,-7.041756407255542e-19,-1.2321796549837591e-21,8.366862902488125e-20,-7.041737597852039e-19,-2.0413936212492547e-21,8.366862902488125e-20,-1535.0280646339513,-19.765726098231617,314.2296237314627,-1678272.0475821365,33.738714112064535,147026.11820048885,-0.07513915989632984,4563.181881676989
16.23280413668945,2001.0,12.0,14.0,14.0,21.0,44.0,1.0,3477211.714150854,44784.77108280771,-711833.5405911081,533.8323647952183,-284.22392368507536,4517.611518360686,3549607.57975573,4557.913345306483,3477260.9425851214,40783.794831911204,-711833.5405911081,3549607.57975573,536.3958295383386,-531.314435261067,4517.611518360686,4580.265204754857,12759552.2389124,0.7241909507141008,1.633628157981612,0.0,1.7568209949957745e-07,6.0808726761119765,-0.20190771722264728,0.011728175006113365,153407.57975573,-0.08492092053358861,-0.084505511629938,75.77339458465576,-16088691473.940908,-1012214317.1336101,-193962094.32394937,-16090738629.066862,-1869395191.4255638,16120501579.276903,16200127447.174732,-0.9796184125864451,-0.011489662988244402,0.2005386580338815,-0.011727906139376573,0.9999312257438439,0.0,0.20052486613684467,0.002351898558737898,0.9796857897479018,4532.1509123994165,-537.5686944483756,-0.11806066900784255,2.001173542747246e-10,195.8,0.0,-91.7,3.8,0.0,3.0530997077016566e-17,2.2986090209564654,1.5707963267948966,16.83954353683205,461.0,0.0009631451001004431,0.011491095719357487,0.0,0.0021132679901269646,-1535.0369155733817,-19.77051802392228,314.2433801496303,-0.006257963123437124,0.00724352462290839,-0.05256892297217023,-0.00626629351949923,0.007236319295364254,-0.05256892297217023,-7.0462780659341475e-19,-1.231666806181334e-21,8.371130644814328e-20,-7.046259229767356e-19,-2.042424282959427e-21,8.371130644814328e-20,-1535.0431818669013,-19.763281704626912,314.1908112266581,-1678272.0583794788,33.927198548444785,146961.5357272082,-0.07503630470230556,4563.232554254095
16.276880164288897,2001.0,12.0,14.0,14.0,21.0,44.0,1.0,3477235.2401264687,44772.24357966458,-711634.4215591869,533.6855983703737,-284.22581299332955,4517.641554030182,3549590.542431678,4557.926046063045,3477284.58149184,40760.37649062788,-711634.4215591869,3549590.5424316786,536.2465111870399,-531.3194976004828,4517.641554030182,4580.277932614018,12759552.06222441,0.7241909469021598,1.6336281579006835,0.0,1.7568209949957745e-07,6.08092906812596,-0.20185144053073348,0.011721361546534083,153390.54243167862,-0.08489727987740556,-0.08448198782108221,76.04095605015755,-16088691456.024223,-1012214314.6991985,-193964472.74606192,-16090736796.33771,-1869406706.539919,16120501561.242716,16200126984.075169,-0.9796297741738109,-0.011483120659518273,0.20048352424098906,-0.011721093148115733,0.9999313056282483,0.0,0.20046975215124474,0.0023498860622911512,0.979697073848806,4532.172876088743,-537.5683942493711,-0.11806003684878526,2.0041550744562395e-10,195.8,0.0,-91.7,3.8,0.0,3.053097963816377e-17,2.298608736158387,1.5707963267948966,16.839590331357886,461.0,0.000964588113772137,0.011533579262190976,0.0,0.0021164282252578806,-1535.0694051282217,-19.765272284423258,314.16000147631524,-0.006265554941333248,0.00725439495493931,-0.05264773414670961,-0.006273920481687807,0.007247161283880235,-0.05264773414670961,-7.056838930835196e-19,-1.2307255921616876e-21,8.381316129400443e-20,-7.056820034654617e-19,-2.0449029237658768e-21,8.381316129400443e-20,-1535.0756790487033,-19.758025123139376,314.1073537421685,-1678272.0816193633,34.115682984825035,146897.04100185315,-0.0749334529230636,4563.283157986871
16.35281903601143,2001.0,12.0,14.0,14.0,21.0,44.0,1.0,3477275.758007335,44750.65966854837,-711291.3549923568,533.432726265261,-284.2290669157714,4517.693283961159,3549561.1997052706,4557.947920268326,3477325.2936785924,40720.02835641782,-711291.3549923568,3549561.1997052706,535.9892422782748,-531.3282150983688,4517.693283961159,4580.299853497086,12759551.757190978,0.7241909403212303,1.6336281577609664,0.0,1.7756782901008428e-07,6.081026227557539,-0.20175447978281544,0.011709622709427582,153361.19970527058,-0.08485654864712779,-0.08444145790836768,76.50270015001297,-16088691425.09317,-1012214310.4964192,-193968567.43449244,-16090733639.801483,-1869426538.7509637,16120501530.108803,16200126186.421453,-0.9796493419996037,-0.011471848508992862,0.20038853113771282,-0.011709355116593956,0.999931443151356,0.0,0.2003747931315136,0.002346420472384125,0.9797165082759757,4532.210703765017,-537.5678772868564,-0.11805894812062118,2.009290051577646e-10,195.8,0.0,-91.7,3.8,0.0,3.05309496038865e-17,2.298608245661416,1.5707963267948966,16.83967092443455,461.0,0.0009670734168304547,0.011606923265714181,0.0,0.002121871058208998,-1535.125362332032,-19.756233735585386,314.0163378017547,-0.0062786167190690655,0.007273117041846792,-0.05278347102033897,-0.006287042961305136,0.007265834447059703,-0.05278347102033897,-7.075027939989002e-19,-1.2290833049561887e-21,8.398840619538279e-20,-7.075008940451704e-19,-2.049167466423371e-21,8.398840619538279e-20,-1535.1316493749932,-19.748967901138325,313.9635543307343,-1678272.1217406094,34.304167421205285,146832.63402442375,-0.07483060455387404,4563.333692872958
16.40587639684084,2001.0,12.0,14.0,14.0,21.0,44.0,1.0,3477304.055852767,44735.57916410231,-711051.6571512866,533.2560428144766,-284.23133949760205,4517.729412837527,3549540.7066310486,4557.96319743458,3477353.7270845203,40691.83732209366,-711051.6571512866,3549540.7066310486,535.8094867912507,-531.3343025506058,4517.729412837527,4580.315163263304,12759551.543596966,0.7241909357130489,1.6336281576631337,0.0,1.788139343261721e-07,6.081094112359795,-0.2016867337939109,0.011701421045726199,153340.70663104858,-0.08482808989788769,-0.08441313981712965,76.82588675618172,-16088691403.434443,-1012214307.5535393,-193971425.99750894,-16090731435.190235,-1869440389.7743473,16120501508.30803,16200125629.27962,-0.9796630083966434,-0.011463972577093006,0.20032215881422086,-0.011701154014779055,0.9999315391539175,0.0,0.20030844458973937,0.0023440004328582277,0.9797300815469586,4532.237123106815,-537.5675162822247,-0.11805818775990419,2.012848579061017e-10,195.80100947292655,0.0,-91.70100947292656,3.8,0.0,3.0530944804925886e-17,2.298608167288442,1.5707963267948966,16.83968380189542,461.0,0.0009687958518538236,0.011658279678197922,0.0,0.0021256432270386925,-1535.1644443335097,-19.749918162550433,313.91595460448707,-0.0062876434479324705,0.007286105394258537,-0.0528775511509688,-0.006296112113581543,0.007278788649066768,-0.0528775511509688,-7.087637943291597e-19,-1.2279043174527261e-21,8.410955671106162e-20,-7.087618871822536e-19,-2.0521156718219953e-21,8.410955671106162e-20,-1535.1707404456233,-19.742639373901365,313.8630770533361,-1678272.149834767,34.492651857585535,146768.31479492004,-0.07472775959000719,4563.384158910002
16.429087485586518,2001.0,12.0,14.0,14.0,21.0,44.0,1.0,3477316.432409045,44728.98183372157,-710946.7955495705,533.1787474072472,-284.23233345857784,4517.7452145587295,3549531.7436276083,4557.969879204817,3477366.1628934154,40679.50444354633,-710946.7955495705,3549531.7436276088,535.7308474412109,-531.3369647757172,4517.7452145587295,4580.321859291708,12759551.450030392,0.7241909336943965,1.6336281576202771,0.0,1.794337418495463e-07,6.081123810279156,-0.20165709660034212,0.011697833073318608,153331.7436276083,-0.08481563988838732,-0.08440075134162234,76.96742707490921,-16088691393.946712,-1012214306.2643851,-193972675.93387917,-16090730470.945564,-1869446447.794599,16120501498.758074,16200125385.588743,-0.9796689856728988,-0.011460527016437391,0.20029312227617532,-0.01169756628793178,0.9999315811308989,0.0,0.20027941844726044,0.0023429420748423864,0.9797360181032752,4532.248678155987,-537.567358401909,-0.11805785520579387,2.0147692226553672e-10,195.78820518229756,0.0,-91.68820518229755,3.8,0.0,3.0530730435535003e-17,2.298604666370609,1.5707963267948966,16.840259058438487,461.0,0.00096972440524872,0.011680777174276168,0.0,0.0021276760602253033,-1535.181537857556,-19.74715515628918,313.87203786068994,-0.006292712781560649,0.007292935826527632,-0.052928167842728836,-0.006301201373498519,0.007285602814571175,-0.052928167842728836,-7.094381372284022e-19,-1.2275947094201706e-21,8.417706196945231e-20,-7.094362266075779e-19,-2.053757453315056e-21,8.417706196945231e-20,-1535.1878390589293,-19.739869553474605,313.81910969284723,-1678272.1621416397,34.68113629396578,146704.08331334195,-0.07462491802673361,4563.434556095654
16.46690086383131,2001.0,12.0,14.0,14.0,21.0,44.0,1.0,3477336.5913178865,44718.23401837642,-710775.9638543183,533.0528229711965,-284.2339524300269,4517.7709525335995,3549517.1447064537,4557.980762503052,3477386.4182643862,40659.412715939245,-710775.9638543183,3549517.1447064537,535.6027335582323,-531.3413007046058,4517.7709525335995,4580.332765813621,12759551.297408378,0.7241909304016491,1.6336281575503742,0.0,1.794337418495463e-07,6.081172191727804,-0.20160881407908202,0.011691987906957172,153317.14470645366,-0.08479535732444202,-0.08438056902334957,77.19824603199959,-16088691378.470766,-1012214304.1616222,-193974711.42877775,-16090728900.35756,-1869456315.1286588,16120501483.180632,16200124988.642843,-0.9796787214988835,-0.011454913741317282,0.2002458179176085,-0.01169172152129022,0.999931649488038,0.0,0.2002321310134356,0.0023412183388956662,0.9797456876182247,4532.267499111237,-537.5671012614808,-0.11805731354615086,2.0178975629027882e-10,195.76734958064807,0.0,-91.66734958064808,3.8,0.0,3.0530381259223786e-17,2.298598963888694,1.5707963267948966,16.841196154351454,461.0,0.000971236848003575,0.011717474368102481,0.0,0.0021309871533988695,-1535.2093801822896,-19.742653760238856,313.80049019174874,-0.006300965598386196,0.007304060718872079,-0.0530106128607356,-0.006309486697405489,0.007296701177400621,-0.0530106128607356,-7.105364972300814e-19,-1.2270839370013783e-21,8.428695856808398e-20,-7.105345809500049e-19,-2.0564302037682465e-21,8.428695856808398e-20,-1535.215689668987,-19.735357059061457,313.747479578888,-1678272.1822161134,34.86962073034603,146639.93957968953,-0.07452207985932413,4563.484884427564
16.651563756287597,2001.0,12.0,14.0,14.0,21.0,44.0,1.0,3477434.9696121886,44665.745824914564,-709941.687602633,532.4378339855732,-284.24185341320384,4517.896560377472,3549445.899929719,4558.033875319667,3477485.266445301,40561.291740693145,-709941.687602633,3549445.899929719,534.9770520067381,-531.3624553407873,4517.896560377472,4580.38599196511,12759550.548680736,0.72419091424816,1.633628157207496,0.0,1.818918528517145e-07,6.081408469848423,-0.201373019046782,0.011663443365607566,153245.8999297195,-0.08469630408478661,-0.08428200533928562,78.32960578799248,-16088691302.550455,-1012214293.8468244,-193984637.83357248,-16090721235.166908,-1869504469.8708084,16120501406.76246,16200123051.089262,-0.9797262345973937,-0.011427499639167983,0.20001479318692816,-0.01166317892621535,0.9999319828154989,0.0,0.20000118874383702,0.0023328083208291025,0.9797928773503053,4532.359350058116,-537.5658466415993,-0.1180546702387728,2.0331643007743904e-10,195.7,0.0,-91.6,3.8344286718292704,0.0,3.052922889230659e-17,2.2985801443087457,1.5707963267948966,16.844289567424735,461.0,0.0009786183841723273,0.011897507441008362,0.0,0.0021471822414143265,-1535.3452622433367,-19.72066820403994,313.4510396469906,-0.00634133182167966,0.007358839369203681,-0.0534140254003413,-0.006350013056398534,0.007351349557595342,-0.0534140254003413,-7.159213479947054e-19,-1.2245769434082865e-21,8.482572370978615e-20,-7.159194039445995e-19,-2.06957939099687e-21,8.482572370978615e-20,-1535.351612256393,-19.713316854482343,313.39762562159024,-1678272.2806967571,35.05810516672628,146575.88359396276,-0.07441924508304974,4563.535143903393
16.802044224927652,2001.0,12.0,14.0,14.0,21.0,44.0,1.0,3477515.0533973305,44622.97249365946,-709261.8247172904,531.9366436254456,-284.2482853383528,4517.998813667919,3549387.9038899806,4558.0771122101505,3477565.731677545,40481.33077398677,-709261.8247172904,3549387.9038899806,534.4671479481199,-531.3796695271087,4517.998813667919,4580.429321114699,12759549.93429237,0.7241909009929324,1.6336281569261721,0.0,1.843171846397668e-07,6.081601018194775,-0.2011808643339229,0.011640183265187632,153187.90388998063,-0.08461558304224351,-0.08420168323513633,79.25684854388237,-16088691240.253246,-1012214285.3833693,-193992709.613897,-16090714994.776487,-1869543670.6615288,16120501344.056757,16200121473.341454,-0.9797649132308921,-0.011405158261124664,0.19982651767646167,-0.01163992040472898,0.9999322538317141,0.0,0.19981298019556717,0.0023259647605081823,0.9798312930465626,4532.434122841441,-537.5648256516519,-0.11805251856558964,2.045419222003869e-10,195.7,0.0,-91.6,3.9,0.0,3.052916954560246e-17,2.2985791751035167,1.5707963267948966,16.844448909616343,461.0,0.0009845449249998675,0.01204522151227212,0.0,0.0021602258823171946,-1535.4558849076043,-19.70274884950471,313.16621955052074,-0.006373763325944827,0.007403568997748952,-0.05373919907731249,-0.006382576221384055,0.007395972797260109,-0.05373919907731249,-7.202785611237589e-19,-1.2224175275462569e-21,8.526057149184471e-20,-7.202765944395906e-19,-2.0802455695402392e-21,8.526057149184471e-20,-1535.4622674838256,-19.695352876707453,313.1124803514434,-1678272.3615076784,35.24658960310653,146511.91535616165,-0.07431641369318177,4563.5853345208
16.869486371213313,2001.0,12.0,14.0,14.0,21.0,44.0,1.0,3477550.9207713855,44603.8020820697,-708957.1196359338,531.7120090436241,-284.2511660875709,4518.044611212626,3549361.92902338,4558.096477137226,3477601.769582548,40445.49312863878,-708957.1196359338,3549361.92902338,534.2386079546055,-531.3873773971643,4518.044611212626,4580.4487273621735,12759549.657779666,0.7241908950272443,1.6336281567995525,0.0,1.843171846397668e-07,6.0816873163069,-0.20109474263030025,0.01162975876965487,153161.92902337993,-0.08457940463629923,-0.08416568362579231,79.67388981580734,-16088691212.216066,-1012214281.5742136,-193996322.21270278,-16090712199.69973,-1869561227.9172895,16120501315.835724,16200120766.57237,-0.979782236673571,-0.011395144799946482,0.1997421321952946,-0.011629496614783578,0.999932375117681,0.0,0.19972862465711075,0.0023229004501948325,0.9798484988129937,4532.467612294146,-537.5643684709968,-0.11805155491305558,2.0506141953240104e-10,195.7,0.0,-91.6,3.9,0.0,3.052914296579498e-17,2.2985787410223186,1.5707963267948966,16.844520275752835,461.0,0.0009870580116709327,0.012111705604235586,0.0,0.0021657306885071205,-1535.5054325432022,-19.694716761734032,313.0385531205058,-0.0063872389053485565,0.007422494621885352,-0.05387644959223806,-0.006396109777512881,0.007414851782734388,-0.05387644959223806,-7.221177089610089e-19,-1.221174743816086e-21,8.544130500039029e-20,-7.221157324953189e-19,-2.0846451977115535e-21,8.544130500039029e-20,-1535.5118286529798,-19.687301909951298,312.9846766709136,-1678272.3978775851,35.43507403948678,146448.03486628618,-0.07421358568499174,4563.6354562774495
16.963477647353262,2001.0,12.0,14.0,14.0,21.0,44.0,1.0,3477600.8823485496,44577.0847636249,-708532.4598589446,531.3989332061132,-284.2551789016359,4518.108406132163,3549325.747247102,4558.123451872175,3477651.968382175,40395.546846361955,-708532.4598589446,3549325.747247102,533.9200891884832,-531.3981121359382,4518.108406132163,4580.475759654535,12759549.271235261,0.7241908866876345,1.6336281566225466,0.0,1.8611544365878127e-07,6.081807588450334,-0.20097471633048256,0.011615230782505332,153125.74724710174,-0.0845289833356794,-0.08411551150736757,80.25657919049263,-16088691173.022552,-1012214276.2493025,-194001351.77922204,-16090708306.110392,-1869585684.6391442,16120501276.385195,16200119781.93463,-0.9798063677529406,-0.011381188913892505,0.19962452316710874,-0.011614969608860697,0.9999325439653343,0.0,0.19961105728835385,0.0023186327697692763,0.9798724660639794,4532.514262294931,-537.5637317359491,-0.11805021261484963,2.0579113041924829e-10,195.69392463871677,0.0,-91.6,3.9060753612832193,0.0,3.052900856173914e-17,2.2985765460375127,1.5707963267948966,16.844881156983636,461.0,0.0009905879202631194,0.01220464510415947,0.0,0.0021734686175759314,-1535.5744528895907,-19.683521733261262,312.8606131672149,-0.006406192283349063,0.007449082449138202,-0.05406934016975185,-0.006415144511308192,0.007441374187899185,-0.05406934016975185,-7.24700606179037e-19,-1.219448235776026e-21,8.569528768142628e-20,-7.246986160175454e-19,-2.090835363596934e-21,8.569528768142628e-20,-1535.580868034102,-19.676080359073364,312.8065438270452,-1678272.448720038,35.62355847586703,146384.24212433636,-0.07411076105375139,4563.685509171013
17.017464674826318,2001.0,12.0,14.0,14.0,21.0,45.0,1.0,3477629.566143073,44561.73860928081,-708288.5396275899,531.2191012830256,-284.25748276077513,4518.1450324513835,3549304.9746715375,4558.13893868304,3477680.7882020236,40366.85807553845,-708288.5396275899,3549304.974671537,533.7371308739845,-531.4042740978233,4518.1450324513835,4580.491279510107,12759549.048567127,0.7241908818836109,1.6336281565205826,0.0,1.867110146007193e-07,6.08187667187784,-0.20090577410637983,0.011606886249518132,153104.97467153706,-0.08450002166178164,-0.08408669296006917,80.59207490086555,-16088691150.445421,-1012214273.1819078,-194004237.9629427,-16090706070.638338,-1869599725.8100777,16120501253.660011,16200119216.560543,-0.9798202219925769,-0.011373172596776953,0.19955696810560408,-0.011606625638358318,0.999932640852018,0.0,0.19954352611825862,0.0023161830223275576,0.9798862262938993,4532.541045254493,-537.5633662260319,-0.11804944199156052,2.0623625703849144e-10,195.66424953076722,0.0,-91.6,3.935750469232762,0.0,3.05285116365774e-17,2.2985684306337557,1.5707963267948966,16.846215563853097,461.0,0.00099274037817729,0.012258182379007342,0.0,0.002178212273673791,-1535.6140801239355,-19.67709094419367,312.75839866085374,-0.006417955003573224,0.007465314433753398,-0.05418741680835552,-0.006426955278675129,0.007457567423001101,-0.05418741680835552,-7.262739077542255e-19,-1.2186277374380743e-21,8.585195779771705e-20,-7.26271909431501e-19,-2.0946858660411695e-21,8.585195779771705e-20,-1535.6205070792141,-19.66963337677067,312.7042112440454,-1678272.4780077375,35.81204291224727,146320.5371303122,-0.07400793979473275,4563.735493199162
17.138098911567972,2001.0,12.0,14.0,14.0,21.0,45.0,1.0,3477693.6251158165,44527.44711438662,-707743.4917150595,530.817249333225,-284.2626280151043,4518.226830804607,3549258.583673883,4558.1735254900495,3477745.1505139656,40302.751696467254,-707743.4917150595,3549258.583673883,533.3282928219575,-531.4180327593247,4518.226830804607,4580.525940115263,12759548.549286226,0.7241908711116917,1.6336281562919428,0.0,1.8848643661548996e-07,6.082031041998641,-0.2007517194911283,0.011588240623337714,153058.58367388276,-0.08443530532033414,-0.08402229643686744,81.34394577145576,-16088691099.8221,-1012214266.3038864,-194010679.99519807,-16090701077.94505,-1869631084.0827172,16120501202.704708,16200117953.715721,-0.979851162862895,-0.011355259343980895,0.19940600974259395,-0.011587981266114898,0.999932857091003,0.0,0.19939262104302835,0.0023107131052479035,0.9799169573379861,4532.600860174414,-537.5625500726217,-0.1180477210075371,2.0723034984536936e-10,195.6,0.0,-91.6,4.0,0.0,3.052743419336588e-17,2.298550834650779,1.5707963267948966,16.849109605646817,461.0,0.0009975475930742853,0.01237823093521302,0.0,0.0021888049522148455,-1535.7025827570394,-19.66271986793079,312.5299768521461,-0.00644418246750397,0.0075015653762040176,-0.05445109770507557,-0.006453290528711708,0.007493731521744575,-0.05445109770507557,-7.297877626058077e-19,-1.2167339420320838e-21,8.620134934642784e-20,-7.297857460530518e-19,-2.1032708972206873e-21,8.620134934642784e-20,-1535.7090360475681,-19.655226136409045,312.47552575444104,-1678272.5436785072,36.00052734862752,146256.9198842137,-0.07390512190320801,4563.785408359575
17.321996289855576,2001.0,12.0,14.0,14.0,21.0,45.0,1.0,3477791.1846853374,44475.171241796015,-706912.5901911167,530.2046131860105,-284.2704642944554,4518.3514107832825,3549187.931809577,4558.226201061241,3477843.170878537,40205.023387059,-706912.5901911167,3549187.931809577,532.7050064678551,-531.438979453206,4518.3514107832825,4580.578728078523,12759547.78342881,0.7241908545883629,1.6336281559412693,0.0,1.9082797281243975e-07,6.082266374818597,-0.20051686760040346,0.011559817547343997,152987.93180957716,-0.08433664674582149,-0.08392412540342199,82.49597230553627,-16088691022.17126,-1012214255.7543029,-194020481.3522966,-16090693473.55201,-1869678842.6734352,16120501124.544682,16200116029.884912,-0.9798982859454657,-0.011327949987297574,0.19917586889536518,-0.011559560093852214,0.9999331860531666,0.0,0.1991625611694503,0.0023023854257412037,0.9799637611921046,4532.6919589738,-537.5613074520487,-0.11804510010024086,2.0874431836620386e-10,195.6,0.0,-91.6,4.0,0.0,3.052736191580531e-17,2.298549654268637,1.5707963267948966,16.849303782077744,461.0,0.0010048701043778913,0.012562350620895906,0.0,0.002204846291598629,-1535.8373794767658,-19.64080843972829,312.1817045310872,-0.0064837303229995395,0.007556707306325599,-0.05485101621610025,-0.0064930037398069,0.0075487407327124445,-0.05485101621610025,-7.351464705432262e-19,-1.2135537887197325e-21,8.673168375555025e-20,-7.351444263775686e-19,-2.116183110271631e-21,8.673168375555025e-20,-1535.8438724805055,-19.633259698995577,312.1268535148711,-1678272.6444122847,36.18901178500777,146193.39038604085,-0.0738023073744497,4563.835254649932
17.356416923933992,2001.0,12.0,14.0,14.0,21.0,45.0,1.0,3477809.432690743,44465.38644693549,-706757.0652694694,530.0899382314676,-284.27193006128584,4518.374713345366,3549174.7167493594,4558.236053895611,3477861.504914756,40186.73085299365,-706757.0652694694,3549174.7167493594,532.5883380218986,-531.4428964464519,4518.374713345366,4580.588601935252,12759547.639487728,0.7241908514828334,1.6336281558753543,0.0,1.9198803196437874e-07,6.082310423820071,-0.20047290861088413,0.01155449760861179,152974.7167493594,-0.0843181800342161,-0.08390574994682409,82.71236082911491,-16088691007.577192,-1012214253.7714374,-194022313.3526183,-16090692051.101196,-1869687775.807043,16120501109.854906,16200115669.971378,-0.9799071002342994,-0.011322838141313067,0.19913279048622848,-0.011554240510402557,0.9999332475351681,0.0,0.19911949788163466,0.002300828154785486,0.9799725158151976,4532.708998898561,-537.5610750737372,-0.11804460988549158,2.0898656094951132e-10,195.58089593669925,0.0,-91.6,4.019104063300756,0.0,3.0527042116097577e-17,2.2985444315430654,1.5707963267948966,16.850162991969405,461.0,0.0010060425565609325,0.012596958604581343,0.0,0.002207432535475421,-1535.862593877456,-19.636706693648964,312.11650911710836,-0.006489901779566693,0.007565553915268279,-0.05491539840220495,-0.006499204492880982,0.007557563900687163,-0.05491539840220495,-7.360032937099751e-19,-1.2127277786012427e-21,8.681379479949913e-20,-7.360012447468209e-19,-2.1182048359940854e-21,8.681379479949913e-20,-1535.869093081949,-19.629149129748278,312.06159371870615,-1678272.6633449625,36.37749622138802,146129.94863579367,-0.07369949620373045,4563.885032067921
17.40354612516709,2001.0,12.0,14.0,14.0,21.0,45.0,1.0,3477834.4117060783,44451.98889065413,-706544.1171266334,529.932920667113,-284.2739365113502,4518.406611627181,3549156.627145321,4558.249541148735,3477886.601613357,40161.684247435966,-706544.1171266334,3549156.627145321,532.4285909114549,-531.4482577732807,4518.406611627181,4580.602117965108,12759547.442120103,0.7241908472246217,1.6336281557849741,0.0,1.92565440883042e-07,6.082370736844287,-0.2004127188299567,0.011547213524685868,152956.62714532064,-0.08429289491315496,-0.08388058977359047,83.00898504257202,-16088690987.566355,-1012214251.0526091,-194024820.44921228,-16090690103.91789,-1869700004.112948,16120501089.71284,16200115177.26499,-0.9799191658697554,-0.011315838794000775,0.19907380579451217,-0.011546956912400735,0.9999333316706985,0.0,0.19906053387647216,0.002298696657896864,0.9799844997990983,4532.7323244083445,-537.5607570040096,-0.11804393885500755,2.0932574102523783e-10,195.5582839316508,0.0,-91.6,4.041716068349189,0.0,3.052666107383286e-17,2.2985382086506365,1.5707963267948966,16.851186861750914,461.0,0.0010076840438898653,0.012644411470655566,0.0,0.002211049591409755,-1535.8971096381788,-19.631090262670657,312.0272384659948,-0.006498568519061829,0.0075779359137678635,-0.05500546239796477,-0.006507911747246843,0.007569913486966729,-0.05500546239796477,-7.3720314066324025e-19,-1.2116266354527229e-21,8.692924819862415e-20,-7.37201085065266e-19,-2.1210425369114777e-21,8.692924819862415e-20,-1535.9036175499261,-19.62352034918369,311.97223300359684,-1678272.6893048715,36.56598065776827,146066.59463347212,-0.07359668838632323,4563.934740611232
17.50620455954129,2001.0,12.0,14.0,14.0,21.0,45.0,1.0,3477888.7962338617,44422.80554914548,-706080.2610128709,529.5908874361807,-284.27830503737067,4518.476061929045,3549117.2423032015,4558.278906012242,3477941.2420375533,40107.126002208206,-706080.2610128709,3549117.242303201,532.0806119682222,-531.4599285015234,4518.476061929045,4580.631545481598,12759547.011087146,0.724190837925057,1.6336281555875947,0.0,1.9428737179048833e-07,6.082502114856011,-0.20028160926171812,0.011531347279202572,152917.24230320146,-0.08423781700824393,-0.08382578403522824,83.65645936131477,-16088690943.864902,-1012214245.1150005,-194030276.28048766,-16090685864.320864,-1869726627.9733193,16120501045.724796,16200114104.404364,-0.9799454356093749,-0.011300592024449626,0.19894531873921975,-0.01153109172324078,0.999933514751691,0.0,0.19893209181030347,0.002294056718291316,0.9800105918569199,4532.783109673471,-537.5600645969744,-0.11804247790658327,2.100642068149723e-10,195.50905287900184,0.0,-91.6,4.090947120998152,0.0,3.052583140624974e-17,2.298524659150753,1.5707963267948966,16.853416645367506,461.0,0.001011258002223143,0.012748042202783519,0.0,0.002218925064488904,-1535.972260473294,-19.61885530376184,311.83276928173154,-0.006517414557515286,0.007604895244143971,-0.05520156105302054,-0.006526846308111641,0.007596802054759964,-0.05520156105302054,-7.39815515905312e-19,-1.209191397777988e-21,8.718029975102322e-20,-7.398134458642799e-19,-2.12721331784088e-21,8.718029975102322e-20,-1535.9787873196021,-19.61125850170708,311.7775677206785,-1678272.7459989581,36.754465094148514,146003.32837907624,-0.07349388391750124,4563.984380277558
17.547125492315708,2001.0,12.0,14.0,14.0,21.0,45.0,1.0,3477910.4647972803,44411.172580128245,-705895.3601916126,529.4545440578133,-284.2800456251503,4518.503733601502,3549101.5501020006,4558.2906060424475,3477963.012434329,40085.378071077845,-705895.3601916126,3549101.550102,531.9418985082189,-531.4645777347861,4518.503733601502,4580.643270474799,12759546.838837223,0.7241908342087469,1.6336281555087193,0.0,1.9428737179048833e-07,6.082554484581994,-0.2002293465371487,0.011525022870153242,152901.55010200012,-0.08421586188949501,-0.0838039374058138,83.91507658362389,-16088690926.401024,-1012214242.7422432,-194032449.0521871,-16090684175.060911,-1869737235.8941638,16120501028.146393,16200113676.889122,-0.979955902454911,-0.011294514260919302,0.19889410044390685,-0.011524767734440788,0.9999335876590341,0.0,0.19888089142109205,0.0022922083113665627,0.980020987942916,4532.803344465161,-537.559788756563,-0.11804189582676879,2.1038106924285433e-10,195.5,0.0,-91.6,4.1,0.0,3.052567019159136e-17,2.29852202631558,1.5707963267948966,16.85384999092754,461.0,0.0010127910771252182,0.012789454041261488,0.0,0.0022222920597324675,-1536.0022040863957,-19.61397789264665,311.75524501947643,-0.006525583967604186,0.007616448746498757,-0.05528545960228544,-0.0065350521169583,0.007608326455596797,-0.05528545960228544,-7.409368680253335e-19,-1.2083213987033916e-21,8.728954527477525e-20,-7.409347920257802e-19,-2.1298839186585062e-21,8.728954527477525e-20,-1536.0087391385127,-19.606369566191052,311.6999595598742,-1678272.7686551157,36.942949530528765,145940.14987260598,-0.07339108279253781,4564.033951064599
17.592558666141926,2001.0,12.0,14.0,14.0,21.0,45.0,1.0,3477934.5161587754,44398.256791509004,-705690.0695282745,529.3031633477518,-284.28197763440585,4518.534448484021,3549084.132297447,4558.30359274966,3477987.176744454,40061.23183131007,-705690.0695282745,3549084.132297447,531.787886342952,-531.4697377133986,4518.534448484021,4580.656284890086,12759546.647276927,0.7241908300758086,1.633628155420999,0.0,1.948579673561758e-07,6.082612629518015,-0.20017132039870839,0.011518001135178608,152884.13229744695,-0.08419148558620763,-0.08377968155492137,84.2026138305664,-16088690906.979443,-1012214240.1034487,-194034860.08066288,-16090682299.99315,-1869749010.394806,16120501008.597445,16200113202.32398,-0.9799675203791325,-0.011287766177968013,0.1988372332755765,-0.011517746465511956,0.9999336685582481,0.0,0.19882404411521937,0.0022901568407719475,0.9800325273496354,4532.825804582889,-537.5594826077771,-0.11804124974450576,2.1075430791185067e-10,195.5,0.0,-91.6,4.1,0.0,3.052565237787146e-17,2.298521735395456,1.5707963267948966,16.85389787568739,461.0,0.0010145965153086887,0.012835509536119631,0.0,0.002226247222630706,-1536.0354411881162,-19.60856239296009,311.6691680805787,-0.006535281901536017,0.00763004511817957,-0.055384068119699086,-0.006544791499950397,0.007621889677775265,-0.055384068119699086,-7.422581100593542e-19,-1.2074541701543344e-21,8.741959967041008e-20,-7.422560272510186e-19,-2.133050396151533e-21,8.741959967041008e-20,-1536.0419859796161,-19.600940503282313,311.613784012459,-1678272.7938511875,37.131433966909015,145877.0591140614,-0.07328828500670662,4564.083452970058
17.75404639452531,2001.0,12.0,14.0,14.0,21.0,45.0,1.0,3478019.9486772735,44352.34818645454,-704960.372852899,528.765069054386,-284.28884043944856,4518.643552753614,3549022.2627478144,4558.349723298148,3478073.009759991,39975.40451069604,-704960.372852899,3549022.262747814,531.2404385377881,-531.4880620527706,4518.643552753614,4580.702513860099,12759545.96366155,0.72419081532668,1.6336281551079381,0.0,1.9824705564454337e-07,6.0828193045582895,-0.1999650675908631,0.011493043494289475,152822.26274781395,-0.08410484027265962,-0.0836934643795328,85.22809427976608,-16088690837.671186,-1012214230.6862674,-194043418.5306115,-16090675639.184479,-1869790835.0583725,16120500938.834642,16200111516.300997,-0.9800087889747723,-0.011263779585238574,0.1986350945871742,-0.011492790476514608,0.9999339557026069,0.0,0.1986219758719146,0.002282871523373054,0.9800735172416121,4532.9055865119335,-537.558395349906,-0.11803895485835382,2.1208008397541573e-10,195.4746610683056,0.0,-91.6,4.1,0.0,3.05251827744641e-17,2.2985140661898096,1.5707963267948966,16.855160310532327,461.0,0.001021009603682088,0.012999872386851094,0.0,0.002240296664724506,-1536.1535083690605,-19.5893112392698,311.36317962494445,-0.006569652194809733,0.007678320794469223,-0.055734188324797665,-0.00657930976298671,0.007670047146283691,-0.055734188324797665,-7.469415270217735e-19,-1.2042640113714394e-21,8.787962046651668e-20,-7.469394200546722e-19,-2.1442504092978e-21,8.787962046651668e-20,-1536.1600876788236,-19.581641192123517,311.3074454366197,-1678272.8837676365,37.319918403289265,145814.05610344248,-0.07318549055528151,4564.132885991642
17.905117615457883,2001.0,12.0,14.0,14.0,21.0,45.0,1.0,3478099.791835334,44309.399839771635,-704277.7281525075,528.2616462399543,-284.29525444907875,4518.745522265375,3548964.440967366,4558.392836689681,3478153.226214168,39895.110666952634,-704277.7281525075,3548964.440967366,530.7282651720209,-531.5051813814388,4518.745522265375,4580.7457192340635,12759545.320169903,0.7241908014431783,1.633628154813282,0.0,2.0047462056687076e-07,6.083012654865315,-0.19977211225231703,0.011469696302633203,152764.44096736657,-0.08402378083764467,-0.08361280546915505,86.19229799509048,-16088690772.432028,-1012214221.8223764,-194051408.95803228,-16090669413.569813,-1869829924.2445154,16120500873.16765,16200109940.111824,-0.9800473586221966,-0.011241338517350187,0.19844598047326095,-0.011469444823677014,0.9999342237544611,0.0,0.19843292744172314,0.0022760652235185525,0.9801118266983652,4532.980151087264,-537.5573795198793,-0.11803681018960989,2.1332706360305007e-10,195.4,0.0,-91.6,4.107941475190629,0.0,3.052392627052908e-17,2.2984935459232987,1.5707963267948966,16.85853913545602,461.0,0.00102704123089602,0.013154570222922005,0.0,0.0022535190193147397,-1536.2638597242144,-19.57129860957531,311.0768769513775,-0.006601929025195137,0.007723696746721865,-0.05606337514570357,-0.006611726289239691,0.007715311644075868,-0.05606337514570357,-7.513290935923485e-19,-1.201179526327242e-21,8.830977070492291e-20,-7.513269640022166e-19,-2.154732875853117e-21,8.830977070492291e-20,-1536.2704714505037,-19.563583297931235,311.02081357623183,-1678272.9684065934,37.508402839669515,145751.1408407492,-0.07308269943353658,4564.182250127064
17.99349646462006,2001.0,12.0,14.0,14.0,21.0,45.0,1.0,3478146.4659768096,44284.27398665833,-703878.3639892571,527.9671198448447,-284.2990039935835,4518.805132352566,3548930.639925454,4558.418040009593,3478200.118126365,39848.13640854122,-703878.3639892571,3548930.639925453,530.4286194109615,-531.5151861143416,4518.805132352566,4580.77097632443,12759544.941939158,0.7241907932827242,1.6336281546400746,0.0,2.0102765505361653e-07,6.08312577050537,-0.19965922766020242,0.011456038124931083,152730.63992545335,-0.08397635853543375,-0.08356561748091476,86.75864005088806,-16088690734.086456,-1012214216.6121653,-194056076.32000715,-16090665773.982788,-1869852775.1101422,16120500834.570593,16200109018.502466,-0.9800699058461807,-0.011228209410533381,0.19833533968532063,-0.011455787543289181,0.9999343803129098,0.0,0.19832232498239155,0.0022720875137611247,0.9801342219471313,4533.023740550123,-537.5567858249973,-0.11803555650858814,2.1409965884678062e-10,195.4,0.0,-91.6,4.156228677923789,0.0,3.052389171063455e-17,2.298492981517389,1.5707963267948966,16.858632089239638,461.0,0.001030777841528668,0.013245504894771963,0.0,0.002261752172566653,-1536.3283719916749,-19.56075950920282,310.90936267517986,-0.006622312347195205,0.007751913705519286,-0.05626862653190094,-0.006632193915617858,0.007743461163283075,-0.05626862653190094,-7.540790142680521e-19,-1.1996806294404927e-21,8.858305690842873e-20,-7.540768708399277e-19,-2.161447975948935e-21,8.858305690842873e-20,-1536.3350041855906,-19.553016048039538,310.85309404864796,-1678273.0181555804,37.696887276049765,145688.31332598155,-0.07297991163674612,4564.231545374041
18.0924652154324,2001.0,12.0,14.0,14.0,21.0,46.0,1.0,3478198.701901713,44256.1370616969,-703431.1401884702,527.637287457432,-284.303200418648,4518.871846989543,3548892.811084217,4558.4462469572245,3478252.5973791163,39795.53246050173,-703431.1401884702,3548892.811084217,530.0930540890062,-531.5263806090351,4518.871846989543,4580.799243449928,12759544.51675661,0.7241907841092488,1.6336281544453664,0.0,2.0267770452403228e-07,6.083252442658331,-0.19953281422806052,0.011440743604448527,152692.81108421693,-0.08392325271500173,-0.08351277405199913,87.39489191770554,-16088690690.981358,-1012214210.755222,-194061296.68034458,-16090661700.458559,-1869878349.2699823,16120500791.182793,16200107986.879032,-0.9800951402407898,-0.011213506459312829,0.19821143596995994,-0.011440494025088987,0.9999345554067336,0.0,0.19819846410315214,0.002267636748918635,0.9801592863666224,4533.072525125993,-537.5561214992922,-0.1180341534662473,2.14954048195351e-10,195.38973012030993,0.0,-91.6,4.2,0.0,3.052368831552199e-17,2.2984896598231224,1.5707963267948966,16.859179171065716,461.0,0.001034910319788483,0.013347726156135878,0.0,0.002270848509270354,-1536.40057504937,-19.548956301397716,310.721755977396,-0.006644726112236013,0.00778309728862511,-0.0564953394537988,-0.006654701974475988,0.007774569450570241,-0.0564953394537988,-7.5711328294028e-19,-1.1978631691775512e-21,8.88832134480111e-20,-7.571111241663754e-19,-2.1688117271413293e-21,8.88832134480111e-20,-1536.4072297513444,-19.541181731947145,310.6652606379422,-1678273.0740801785,37.88537171243001,145625.5735591396,-0.07287712716018466,4564.280771730296
18.160454150961407,2001.0,12.0,14.0,14.0,21.0,46.0,1.0,3478234.5676962906,44236.807491775864,-703123.9053444815,527.4106922772858,-284.30608178045776,4518.9176548286,3548866.837361095,4558.465614391247,3478288.6300047673,39759.394286412826,-703123.9053444815,3548866.8373610945,529.8625204439196,-531.5340653957859,4518.9176548286,4580.818652202787,12759544.223707993,0.7241907777865995,1.633628154311167,0.0,2.0322474385776934e-07,6.083339464665845,-0.19944596994767197,0.011430236813182204,152666.837361095,-0.08388676968057213,-0.08347647127433279,87.83317703008652,-16088690661.272331,-1012214206.7184513,-194064879.0985517,-16090658903.388325,-1869895908.994295,16120500761.27892,16200107278.43995,-0.9801124667137951,-0.011203405511821784,0.19812631399472797,-0.011429987920804066,0.9999346755544235,0.0,0.19811337150311215,0.002264581375753174,0.9801764961999765,4533.10602173932,-537.5556654360197,-0.11803319013925945,2.1551062797653512e-10,195.35262480156433,0.0,-91.6,4.2,0.0,3.0523066602411866e-17,2.298479506477512,1.5707963267948966,16.860851651848527,461.0,0.0010376028368800198,0.013418179788005122,0.0,0.002276747591431705,-1536.4501525773803,-19.54084702955835,310.59286273577806,-0.006659026402649978,0.007803344972970563,-0.05664218560016737,-0.006669065784238667,0.007794766639474946,-0.05664218560016737,-7.590691524225637e-19,-1.196333081336318e-21,8.907364845165577e-20,-7.5906698353704385e-19,-2.1734480264759675e-21,8.907364845165577e-20,-1536.4568216431646,-19.533052262918876,310.5362205501779,-1678273.1126250997,38.07385614881026,145562.92154022327,-0.072774345999127,4564.329929193552
18.223259393664463,2001.0,12.0,14.0,14.0,21.0,46.0,1.0,3478267.6852794914,44218.951495752146,-702840.0922960498,527.2013669373597,-284.3087423927162,4518.959953221712,3548842.853870773,4558.483497954459,3478321.9014613815,39726.01093761316,-702840.0922960498,3548842.8538707737,529.6495568555837,-531.5411602625052,4518.959953221712,4580.836573918797,12759543.952325813,0.7241907719314038,1.6336281541868884,0.0,2.0431442857983876e-07,6.0834198529680705,-0.19936574581687458,0.011420531196609015,152642.8538707737,-0.08385306770153417,-0.08344293580920163,88.23888671398163,-16088690633.76006,-1012214202.9801337,-194068185.60972697,-16090656320.54292,-1869912123.3580127,16120500733.586206,16200106624.203896,-0.9801284657244055,-0.011194074399288611,0.19804767954981498,-0.011420282937706703,0.9999347864424073,0.0,0.19803476415605856,0.0022617605356151566,0.9801923875571233,4533.136952081336,-537.5552443695592,-0.11803230064024421,2.160245599119925e-10,195.31836267253385,0.0,-91.6,4.2,0.0,3.0522492486392306e-17,2.2984701304513804,1.5707963267948966,16.86239639677339,461.0,0.0010400890992745757,0.013483424702476418,0.0,0.0022821947454801637,-1536.4959327292254,-19.533355471838753,310.473787782995,-0.006672216417426167,0.007822041600955502,-0.056777782254084336,-0.0066823146391313355,0.007813416524907708,-0.056777782254084336,-7.6087513167461e-19,-1.1948972811796293e-21,8.924929449078385e-20,-7.608729534538356e-19,-2.17772422614924e-21,8.924929449078385e-20,-1536.5026150438646,-19.525542055313846,310.4170100007409,-1678273.1483202148,38.26234058519051,145500.3572692326,-0.07267156814884805,4564.379017761544
18.296289032927483,2001.0,12.0,14.0,14.0,21.0,46.0,1.0,3478306.177717104,44198.18841792681,-702510.0724854753,526.9579565784842,-284.3118348534168,4519.00911717012,3548814.977953619,4558.504284138137,3478360.5725349407,39687.192377327985,-702510.0724854753,3548814.9779536184,529.4019158807421,-531.549405300304,4519.00911717012,4580.857404447334,12759543.635938281,0.7241907651051855,1.6336281540420015,0.0,2.0593814493842838e-07,6.0835133294692465,-0.19927246020713701,0.011409245676463006,152614.9779536184,-0.0838138785631868,-0.08340394029303017,88.71166169643402,-16088690601.685493,-1012214198.6219064,-194072027.05909824,-16090653318.389805,-1869930969.4314575,16120500701.301275,16200105863.689117,-0.9801470615243782,-0.0111832238715959,0.19795624084368846,-0.011408998152802592,0.9999349152625632,0.0,0.19794335691372916,0.0022584823861213866,0.9802108582907229,4533.172902781695,-537.5547550271989,-0.11803126679491621,2.1664336106015095e-10,195.3,0.0,-91.57853993374056,4.221460066259435,0.0,3.052216941931959e-17,2.2984648543656885,1.5707963267948966,16.86326578616538,461.0,0.0010430824694757977,0.013559489748714014,0.0,0.002288770945152368,-1536.5491446245744,-19.524643644825407,310.3353171963051,-0.006688285406430912,0.007844329758642184,-0.05694165935863815,-0.006698452965937138,0.007835649233045338,-0.05694165935863815,-7.630644868832369e-19,-1.1933722616563441e-21,8.946405713532814e-20,-7.630622975158756e-19,-2.1829772160156686e-21,8.946405713532814e-20,-1536.5558430775404,-19.516807995592362,310.27837553694644,-1678273.1899349242,38.45082502157076,145437.8807461676,-0.07256879360462312,4564.428037432002
18.37827280747423,2001.0,12.0,14.0,14.0,21.0,46.0,1.0,3478349.368517903,44174.87931829435,-702139.584799142,526.6846917269837,-284.3153048308958,4519.06428292303,3548783.6995192585,4558.527607709673,3478403.963506061,39643.61357150344,-702139.584799142,3548783.6995192585,529.1239015993791,-531.5586550583133,4519.06428292303,4580.880777776452,12759543.279651549,0.7241907574181069,1.6336281538788595,0.0,2.070135472632919e-07,6.083618268833079,-0.19916773513146727,0.01139657660308962,152583.69951925846,-0.0837698836450361,-0.08336016273776081,89.24373257160187,-16088690565.566381,-1012214193.7143542,-194076335.22205052,-16090649949.634434,-1869952116.0772402,16120500664.94529,16200105010.214766,-0.9801679273879862,-0.011171042511515657,0.19785358710204243,-0.011396329903077256,0.9999350597237504,0.0,0.19784073843543906,0.0022548047511221064,0.980231583897833,4533.213242221103,-537.5542060346409,-0.11803010677942948,2.1735829670266378e-10,195.3,0.0,-91.53385645608351,4.2661435439164865,0.0,3.0522137447429654e-17,2.2984643322251013,1.5707963267948966,16.86335182915393,461.0,0.0010465407027290352,0.013645147412573418,0.0,0.002296385279674341,-1536.6088538395384,-19.51486279444871,310.1798549618652,-0.006707018712879416,0.007869871263585083,-0.05713157026704929,-0.006717265063719113,0.007861127386326694,-0.05713157026704929,-7.656078867240123e-19,-1.1917887295991265e-21,8.971514654948764e-20,-7.656056845628076e-19,-2.1891412697063293e-21,8.971514654948764e-20,-1536.6155711046022,-19.507001667062383,310.12272339159813,-1678273.2367976084,38.63930945795101,145375.4919710282,-0.07246602236172754,4564.476988202675
18.553318441661258,2001.0,12.0,14.0,14.0,21.0,46.0,1.0,3478441.5113061164,44125.11051734833,-701348.532022249,526.1012014816871,-284.3227078303519,4519.181976066161,3548716.970445165,4558.577366809706,3478496.532379753,39550.56482252802,-701348.532022249,3548716.970445165,528.5302703733771,-531.5783824971513,4519.181976066161,4580.930643028826,12759542.514993915,0.7241907409201519,1.633628153528778,0.0,2.1020674675205215e-07,6.083842333703658,-0.1989441277632196,0.011369527109387956,152516.97044516494,-0.08367594609722635,-0.0832666892896286,90.38451987504959,-16088690488.049261,-1012214183.1827457,-194085518.52993366,-16090642762.19491,-1869997230.9234493,16120500586.919846,16200103188.953453,-0.9802124433562242,-0.011145032176957927,0.19763439515275547,-0.011369282161811278,0.9999353676228905,0.0,0.19762162157199814,0.002246961203370584,0.98027580091146,4533.299304131942,-537.5530350976038,-0.11802763208687568,2.1888353268194395e-10,195.2385292073785,0.0,-91.5,4.3,0.0,3.0521083055931274e-17,2.2984471127051695,1.5707963267948966,16.866189926058887,461.0,0.0010539182309371204,0.013828985546036437,0.0,0.002312578382371096,-1536.7362449944237,-19.49397637591222,309.84787469590793,-0.0067466338580148095,0.007924991499194917,-0.05753494458478906,-0.006757050200945296,0.007916112130227101,-0.05753494458478906,-7.709919198971283e-19,-1.1881246141455576e-21,9.024401346063718e-20,-7.709896906777546e-19,-2.2020570789530493e-21,9.024401346063718e-20,-1536.7430020446247,-19.48606026378199,309.79033975132313,-1678273.3373736627,38.82779389433126,145313.19094381452,-0.07236325441543702,4564.525870071301
18.631347181552666,2001.0,12.0,14.0,14.0,21.0,46.0,1.0,3478482.5521711856,44102.92504618132,-700995.9039035796,525.8410879611519,-284.32600524555806,4519.234398555881,3548687.248976245,4558.599530133986,3478537.7626056387,39509.08608854824,-700995.9039035796,3548687.248976245,528.26563623164,-531.5871666083733,4519.234398555881,4580.952853633911,12759542.172342533,0.7241907335272193,1.6336281533719221,0.0,2.1073424255447054e-07,6.0839422160796826,-0.19884444931308062,0.011357469713781031,152487.24897624506,-0.08363407101714168,-0.08322502108885427,90.89523044228554,-16088690453.313442,-1012214178.4637598,-194089605.4533066,-16090639560.614412,-1870017325.6632595,16120500551.956263,16200102377.541796,-0.9802322714150581,-0.011133437047726916,0.19753668179854642,-0.011357225544676348,0.9999355046341376,0.0,0.1975239415979826,0.0022434686485330547,0.9802954959317215,4533.337637501024,-537.5525136777599,-0.11802652987776013,2.1956288054297004e-10,195.19606996606436,0.0,-91.5,4.3,0.0,3.0520371421913704e-17,2.2984354908396964,1.5707963267948966,16.868105985913495,461.0,0.0010572042283402121,0.013911349559071496,0.0,0.002319778287008947,-1536.792989239169,-19.484664648844415,309.6998689649828,-0.006764175889108256,0.007949698812841235,-0.05771417186250471,-0.006774668628861241,0.00794075888330619,-0.05771417186250471,-7.733795661903333e-19,-1.186396571699158e-21,9.047767213530004e-20,-7.733773249798903e-19,-2.207746480589448e-21,9.047767213530004e-20,-1536.7997639077978,-19.476723889961107,309.64215479312026,-1678273.3824428897,39.0162783307115,145250.97766452646,-0.07226048976102742,4564.574683035635
18.651899121592784,2001.0,12.0,14.0,14.0,21.0,46.0,1.0,3478493.358521653,44097.08158624901,-700903.024727372,525.7725752276285,-284.32687348677985,4519.248201909434,3548679.423103142,4558.605365932646,3478548.618773041,39498.160917210116,-700903.024727372,3548679.423103142,528.1959327987341,-531.5894792611405,4519.248201909434,4580.958701881944,12759542.081935506,0.7241907315766245,1.6336281533305324,0.0,2.11785292678355e-07,6.083968524312655,-0.19881819479043533,0.011354293949479146,152479.42310314206,-0.08362304143690434,-0.08321404599854605,91.02994865179062,-16088690444.148632,-1012214177.2186149,-194090681.22355062,-16090638717.591938,-1870022616.7876205,16120500542.731354,16200102163.872417,-0.980237492326434,-0.01113038294190884,0.19751094454017135,-0.011354049985139277,0.9999355406969666,0.0,0.1974982131223448,0.002242549136921177,0.9803006818251476,4533.347731047217,-537.5523763967515,-0.1180262396615277,2.1971153793715878e-10,195.2,0.0,-91.5,4.3,0.0,3.052042648502455e-17,2.298436390088539,1.5707963267948966,16.867957713501557,461.0,0.0010579241041526774,0.013933084242256989,0.0,0.0023213548106563167,-1536.8079307671862,-19.48221190056738,309.66088362966445,-0.006767871822521167,0.007955124070621215,-0.057753520280582636,-0.006778383299576654,0.007946169380844668,-0.057753520280582636,-7.7390794796527e-19,-1.1857818868728562e-21,9.05274124733547e-20,-7.739057038887109e-19,-2.2089569975827455e-21,9.05274124733547e-20,-1536.814709150486,-19.474265731186534,309.60313010938387,-1678273.3943342008,39.20476276709175,145188.85213316407,-0.0721577283937748,4564.623427093431
18.69063695394992,2001.0,12.0,14.0,14.0,21.0,46.0,1.0,3478513.723310242,44086.067347795826,-700727.9583442822,525.6434354963363,-284.3285097147322,4519.274214771315,3548664.6750851544,4558.616363658372,3478569.077393779,39477.56820866617,-700727.9583442822,3548664.6750851544,528.064548730316,-531.5938372010672,4519.274214771315,4580.969723068773,12759541.911355812,0.7241907278962448,1.6336281532524368,0.0,2.1230886651240339e-07,6.084018112350971,-0.1987687079879206,0.011348308060446234,152464.67508515436,-0.0836022519129043,-0.08319335918137802,91.28408858180046,-16088690426.85656,-1012214174.8692636,-194092708.14300576,-16090637128.87234,-1870032588.0618148,16120500525.325888,16200101761.18695,-0.9802473312895665,-0.011124626253315655,0.197462432352098,-0.011348064481749224,0.9999356086431356,0.0,0.1974497174781491,0.002240816415054652,0.9803104548099001,4533.366752653607,-537.5521177021066,-0.11802569274676139,2.200064982969127e-10,195.2,0.0,-91.5,4.3,0.0,3.0520411414174096e-17,2.298436143962873,1.5707963267948966,16.86799829559921,461.0,0.00105935199281109,0.013974093615980473,0.0,0.002324482324745704,-1536.8360887979334,-19.4775886204621,309.58739866300675,-0.006775283726514743,0.007965877829660975,-0.057831519000775836,-0.006785831262830039,0.007956894698577972,-0.057831519000775836,-7.749528700847393e-19,-1.1846928853791691e-21,9.06268509156766e-20,-7.749506204655739e-19,-2.2113773602588353e-21,9.06268509156766e-20,-1536.842874629196,-19.469631725763524,309.52956714400597,-1678273.4167706948,39.393247203472,145126.81434972733,-0.07205497030895548,4564.672102242449
18.836205555042515,2001.0,12.0,14.0,14.0,21.0,46.0,1.0,3478590.205168009,44044.67759703818,-700070.0868069155,525.1581344811597,-284.33465483300984,4519.371910356083,3548609.2875318467,4558.657667150093,3478645.911075757,39400.18364619284,-700070.0868069155,3548609.287531846,527.5708137601716,-531.6102003264035,4519.371910356083,4581.011114670891,12759541.268304564,0.7241907140219207,1.6336281529580259,0.0,2.1387189767371642e-07,6.084204457413886,-0.19858274333125725,0.011325814689061168,152409.2875318462,-0.08352412755172138,-0.08311562077239612,92.24158468842506,-16088690361.669687,-1012214166.0126193,-194100315.856472,-16090631161.9767,-1870070036.6001296,16120500459.711533,16200100248.615156,-0.9802842830001296,-0.011102992877978047,0.19728012584158938,-0.011325572555873971,0.9999358636464049,0.0,0.1972674730136811,0.002234310379050868,0.9803471588921583,4533.438191372654,-537.5511463162229,-0.11802363880021761,2.2111730279802034e-10,195.19898218835172,0.0,-91.5,4.301017811648255,0.0,3.052033848291015e-17,2.2984349529049455,1.5707963267948966,16.868194684438446,461.0,0.0010647294382671747,0.014128692399004326,0.0,0.0023362615447858996,-1536.9418437495237,-19.46021347751013,309.3112285466643,-0.006803172891878193,0.008006377656295657,-0.05812528307249502,-0.006813856577688856,0.007997287234475384,-0.05812528307249502,-7.788879937268968e-19,-1.180550419031572e-21,9.100098051372987e-20,-7.788857232723245e-19,-2.220485025893094e-21,9.100098051372987e-20,-1536.9486576061015,-19.452216190275657,309.2531032635918,-1678273.5013517775,39.58173163985225,145064.86431421622,-0.07195221550184597,4564.720708480458
18.876225644934213,2001.0,12.0,14.0,14.0,21.0,46.0,1.0,3478611.2193737286,44033.29846483386,-699889.2206001114,525.0247084407137,-284.3363433005968,4519.3987537732855,3548594.06921089,4558.669015864426,3478667.0217907205,39378.90846826809,-699889.2206001114,3548594.06921089,527.4350689774227,-531.6146952933058,4519.3987537732855,4581.022487594504,12759541.09089621,0.7241907101941916,1.63362815287681,0.0,2.1439037576225677e-07,6.084255688889914,-0.1985316164331995,0.011319630847388813,152394.06921089021,-0.08350264892872321,-0.08309424825680178,92.50555688142776,-16088690343.68577,-1012214163.5693386,-194102404.89195436,-16090629522.416985,-1870080326.120362,16120500441.609688,16200099832.945608,-0.9802944360340095,-0.011097045111453076,0.1972300034745162,-0.011319389110594167,0.9999359336628337,0.0,0.1972173676706143,0.002232523153611888,0.9803572439317426,4533.457820282584,-537.5508794633231,-0.1180230744683235,2.2148689059266597e-10,195.17724172984316,0.0,-91.5,4.322758270156822,0.0,3.0519974087324546e-17,2.2984290018734175,1.5707963267948966,16.86917599762989,461.0,0.0010665168120293112,0.014171339369099048,0.0,0.002340199905705519,-1536.9709023911948,-19.455436152172503,309.2352950995451,-0.006812873055359301,0.008019853844885383,-0.058223322070944106,-0.0068235974495311795,0.008010731103246146,-0.058223322070944106,-7.801944031384505e-19,-1.1797681530477437e-21,9.113021501007168e-20,-7.801921262591379e-19,-2.2236602041422185e-21,9.113021501007168e-20,-1536.9777259886444,-19.447425421069255,309.17707177747417,-1678273.5246864539,39.7702160762325,145003.00202663077,-0.07184946396772302,4564.769245805225
18.952825605202687,2001.0,12.0,14.0,14.0,21.0,46.0,1.0,3478651.4264642065,44011.51818848714,-699543.0328677928,524.76931893274,-284.3395739314017,4519.450114678904,3548564.9515555697,4558.690729855205,3478707.413344736,39338.18647434145,-699543.0328677928,3548564.9515555697,527.1752412396451,-531.6232944687445,4519.450114678904,4581.044247905606,12759540.750536695,0.7241907028506465,1.633628152720982,0.0,2.159383408157448e-07,6.084353749088017,-0.19843375639465988,0.011307794853347557,152364.95155557012,-0.0834615374641935,-0.08305333988637549,93.01184216141701,-16088690309.183767,-1012214158.8816634,-194106400.38311055,-16090626385.284815,-1870100013.5197144,16120500406.881424,16200099037.538628,-0.9803138623177207,-0.011085660544862489,0.1971340647326004,-0.011307553874049102,0.9999360675690149,0.0,0.19712146147261206,0.002229104057374162,0.9803765401732147,4533.495377276983,-537.5503689405429,-0.11802199472989673,2.2219403365044006e-10,195.13564507938588,0.0,-91.5,4.364354920614122,0.0,3.051927683379928e-17,2.298417614859207,1.5707963267948966,16.871054023806497,461.0,0.0010699367182237104,0.014253165230083882,0.0,0.002347735597763292,-1537.0265027454911,-19.446291562051687,309.0899459339149,-0.006831415651705569,0.008045639087295949,-0.05841091118619946,-0.00684221816442326,0.008036454362455411,-0.05841091118619946,-7.826940349701264e-19,-1.178243669967991e-21,9.137725211393567e-20,-7.826917457981389e-19,-2.2297298995237387e-21,9.137725211393567e-20,-1537.0333449636555,-19.438255107689233,309.03153502272875,-1678273.569454236,39.95870051261275,144941.22748697098,-0.07174671570186357,4564.817714214529
19.028449729395504,2001.0,12.0,14.0,14.0,21.0,47.0,1.0,3478691.102150242,43990.01513668909,-699201.2514945805,524.5171738656004,-284.34276191114026,4519.500797554818,3548536.2187390137,4558.71215707132,3478747.2708108556,39297.98260747112,-699201.2514945805,3548536.2187390146,526.9187143933159,-531.6317784761806,4519.500797554818,4581.065720829847,12759540.413432805,0.7241906955773307,1.6336281525666483,0.0,2.1645186910530892e-07,6.0844505616349105,-0.1983371414498612,0.011296109786796443,152336.21873901458,-0.08342094899885573,-0.08301295192853306,93.51302003860474,-16088690275.012094,-1012214154.2389095,-194110341.10807395,-16090623289.46103,-1870119440.9241142,16120500372.48566,16200098252.516653,-0.9803330320937351,-0.011074420601922392,0.1970393447873682,-0.011295869553780992,0.9999361996302684,0.0,0.19702677360431908,0.0022257307356805876,0.9803955816943305,4533.532438445978,-537.5498652353856,-0.11802092928029172,2.228864288225239e-10,195.1,0.0,-91.5,4.4,0.0,3.0518675432131e-17,2.298407793224614,1.5707963267948966,16.872674225216088,461.0,0.0010732855577301108,0.014334205811579822,0.0,0.0023551095530102285,-1537.0813703222839,-19.43726268337113,308.9464359494398,-0.006849507746204804,0.00807088480312255,-0.05859451107583867,-0.006860387372051469,0.008061638975790895,-0.05859451107583867,-7.851420692248742e-19,-1.17666682248953e-21,9.161847831963052e-20,-7.851397679894375e-19,-2.2356504692413956e-21,9.161847831963052e-20,-1537.0882307096558,-19.42920104439534,308.8878414383639,-1678273.613793807,40.147184948992994,144879.54069523685,-0.07164397069954481,4564.866113706149
19.083005244244067,2001.0,12.0,14.0,14.0,21.0,47.0,1.0,3478719.7124927924,43974.50260820824,-698954.6868047186,524.3352699188441,-284.34506080900104,4519.537345727493,3548515.4993562954,4558.727608479459,3478776.0120844585,39268.978995218225,-698954.6868047186,3548515.4993562954,526.7336493600241,-531.637895402495,4519.537345727493,4581.081205198358,12759540.16960999,0.7241906903166283,1.6336281524550191,0.0,2.1798519549262258e-07,6.084520403525296,-0.19826744210563724,0.011287680226760782,152315.49935629498,-0.08339166788068804,-0.08298381545761517,93.87536418437958,-16088690250.296373,-1012214150.8808554,-194113181.57709336,-16090621056.954607,-1870133450.2540596,16120500347.607857,16200097686.3577,-0.9803468556683809,-0.011066311814712846,0.19697101137969095,-0.01128744053115315,0.9999362948139525,0.0,0.19695846330476505,0.002223298577309352,0.9804093128260571,4533.559163788763,-537.549502054367,-0.11802016099032447,2.2336001471325743e-10,195.1,0.0,-91.5,4.4,0.0,3.0518654265013755e-17,2.298407447539356,1.5707963267948966,16.87273125620437,461.0,0.0010755769532934617,0.01439282171979396,0.0,0.00236012951893952,-1537.1209368948194,-19.430748733756392,308.8428996363184,-0.0068616674572529665,0.008088139317601809,-0.058719675534194736,-0.006872601585757914,0.008078850497335524,-0.058719675534194736,-7.868188281929292e-19,-1.1753332778111523e-21,9.17815508999422e-20,-7.868165185761779e-19,-2.239621144536028e-21,9.17815508999422e-20,-1537.127809496405,-19.422669883259058,308.78417996078423,-1678273.6458640397,40.335669385373244,144817.94165142838,-0.0715412289560441,4564.914444277873
19.164662088364675,2001.0,12.0,14.0,14.0,21.0,47.0,1.0,3478762.5169396857,43951.28374745567,-698585.6334153578,524.0629935111698,-284.34850027707665,4519.5920268695645,3548484.5007160343,4558.7507258152045,3478819.012182269,39225.56674882728,-698585.6334153578,3548484.500716034,526.456641458727,-531.6470455801623,4519.5920268695645,4581.104371846712,12759539.803695511,0.7241906824216725,1.6336281522874898,0.0,2.184939130934359e-07,6.084624942018417,-0.19816311696350958,0.011275063286466195,152284.50071603386,-0.08334784018631941,-0.0829402042670032,94.4189139008522,-16088690213.204851,-1012214145.8412585,-194117429.36258158,-16090617716.720404,-1870154410.0647047,16120500310.273088,16200096839.201405,-0.9803675376009934,-0.011054174462622598,0.19686872896708246,-0.011274824393725019,0.9999364371473272,0.0,0.19685621542906723,0.0022196603477197007,0.9804298565195194,4533.5991485894965,-537.5489587606875,-0.1180190115555331,2.2406855506208369e-10,195.1,0.0,-91.5,4.4,0.0,3.051862259650439e-17,2.29840693035335,1.5707963267948966,16.872816582050884,461.0,0.0010790052378535733,0.014480789880461318,0.0,0.0023676401059605687,-1537.1801351551762,-19.420998117052203,308.6879179483531,-0.006879839148101733,0.008113954924694316,-0.05890694159958781,-0.006890855089204178,0.008104601616570254,-0.05890694159958781,-7.893275248748426e-19,-1.1733051413705864e-21,9.202525396966331e-20,-7.893252027223004e-19,-2.2455550314381162e-21,9.202525396966331e-20,-1537.1870260102655,-19.412893515435634,308.62901100675356,-1678273.6939930934,40.524153821753494,144756.43035554554,-0.071438490466639,4564.962705927495
19.234058858439393,2001.0,12.0,14.0,14.0,21.0,47.0,1.0,3478798.8771893424,43931.55077858922,-698271.9867150157,523.8315888258109,-284.3514219772524,4519.63847650137,3548458.1689120387,4558.770363036932,3478855.538403834,39188.67189138161,-698271.9867150157,3548458.1689120387,526.2212155914125,-531.654816819221,4519.63847650137,4581.124050957058,12759539.491788853,0.7241906756919746,1.6336281521446923,0.0,2.200130084191774e-07,6.084713786387013,-0.19807445390651057,0.011264340802602276,152258.16891203867,-0.0833105921751023,-0.08290314025399166,94.88198971748352,-16088690181.588198,-1012214141.5455887,-194121035.86368912,-16090614879.222464,-1870172214.5707185,16120500278.449095,16200096119.473257,-0.9803851060953764,-0.011043859058199606,0.19678180028513814,-0.011264102590764824,0.9999365579839676,0.0,0.19676931605100959,0.0022165703864071907,0.9804473076491872,4533.633114194144,-537.5484973236673,-0.11801803518440705,2.2468732642191784e-10,195.08309844576954,0.0,-91.48309844576954,4.4,0.0,3.05183244402778e-17,2.298402061092649,1.5707963267948966,16.873619961292544,461.0,0.0010819987030478717,0.014555771778408524,0.0,0.002374196299329115,-1537.2304230190557,-19.4127107577476,308.55619408142553,-0.006895755088629356,0.00813625636902537,-0.05907031964090743,-0.0069068412862344514,0.008126847444835593,-0.05907031964090743,-7.915103699574802e-19,-1.1716245669510077e-21,9.223801490518796e-20,-7.9150803701203935e-19,-2.2507331475166127e-21,9.223801490518796e-20,-1537.237329860342,-19.404583910302765,308.4971237617846,-1678273.7350184582,40.712638258133744,144695.00680758836,-0.07133575522660734,4565.010898652812
19.297242171545005,2001.0,12.0,14.0,14.0,21.0,47.0,1.0,3478831.9679485518,43913.584429653034,-697986.4196464362,523.6208964310433,-284.35408099430873,4519.6807499861625,3548434.2048471333,4558.788234646664,3478888.7800319167,39155.07995520908,-697986.4196464362,3548434.2048471333,526.0068619871521,-531.6618881683389,4519.6807499861625,4581.141960688817,12759539.207048405,0.7241906695484055,1.633628152014339,0.0,2.215216867226144e-07,6.084794677197172,-0.19799372816848881,0.011254578463745661,152234.20484713325,-0.08327667863961587,-0.08286939424288461,95.30452460050583,-16088690152.72551,-1012214137.6241882,-194124316.64735532,-16090612296.760967,-1870188418.2575135,16120500249.397135,16200095464.372227,-0.9804010950181299,-0.011034466949316278,0.19670265231154413,-0.01125434087071407,0.9999366679003054,0.0,0.19669019471955776,0.0022137586992876704,0.9804631898106139,4533.664026035124,-537.5480774297718,-0.11801714662119914,2.2526931085533553e-10,195.0488640673332,0.0,-91.4488640673332,4.4,0.0,3.0517750496208707e-17,2.298392687874681,1.5707963267948966,16.87516667190511,461.0,0.0010848136672430746,0.014624225108243677,0.0,0.002380359589102168,-1537.2761905348564,-19.405164838862998,308.43625507784384,-0.006910780682069046,0.0081569657336553,-0.059223806053646015,-0.0069219315892697555,0.008147505304641105,-0.059223806053646015,-7.935546704173029e-19,-1.1701510516072148e-21,9.243812191832905e-20,-7.935523274869421e-19,-2.255600730388985e-21,9.243812191832905e-20,-1537.2831124664456,-19.397017333558356,308.3770312717902,-1678273.772470627,40.901122694513994,144633.67100755684,-0.0712330232312271,4565.059022451626
19.501471602190577,2001.0,12.0,14.0,14.0,21.0,47.0,1.0,3478938.8371998677,43855.510080474625,-697063.3538756326,522.9398258078058,-284.3626687253321,4519.817279318487,3548356.810984252,4558.845953441119,3478996.135359137,39046.49661849485,-697063.3538756326,3548356.8109842525,525.3139566965269,-531.6847184463064,4519.817279318487,4581.199802601438,12759538.281618303,0.7241906495812275,1.6336281515907511,0.0,2.2500259981366294e-07,6.085056150587505,-0.1977327883099872,0.011223024028174,152156.8109842525,-0.08316705536075164,-0.08276031246163318,96.67634978890419,-16088690058.920855,-1012214124.8805541,-194134902.93147987,-16090603955.771023,-1870240750.3380098,16120500154.977402,16200093348.071646,-0.9804527336680451,-0.011004106604393046,0.19644680369172887,-0.01122278842795343,0.9999370225268697,0.0,0.19643443196842783,0.002204680915179974,0.9805144839926146,4533.763860908987,-537.5467216804929,-0.11801427702152618,2.2714887609672477e-10,194.93830140607503,0.0,-91.4,4.461698593924988,0.0,3.051589662498868e-17,2.2983624118600567,1.5707963267948966,16.880164644052286,461.0,0.001093905257168256,0.014846704534433772,0.0,0.0024003373271102853,-1537.4240101783373,-19.380770209403426,308.04851335828977,-0.006959472760606192,0.008224771949209255,-0.059721219114780164,-0.006970835295201979,0.008215143943308925,-0.059721219114780164,-8.00180533839699e-19,-1.1653709712157086e-21,9.308667506712691e-20,-8.001781584507808e-19,-2.271467323879775e-21,9.308667506712691e-20,-1537.4309810136326,-19.372555065460116,307.98879213917496,-1678273.8941932973,41.089607130894244,144572.42295545095,-0.07113029447577655,4565.107077321746
19.732468587289606,2001.0,12.0,14.0,14.0,21.0,47.0,1.0,3479059.545742867,43789.822040698244,-696019.2718949561,522.1694110181379,-284.3723689539742,4519.971495704423,3548269.3948160284,4558.9111485099165,3479117.390773101,38923.67607371476,-696019.2718949561,3548269.3948160284,524.5301553374696,-531.7104918999527,4519.971495704423,4581.265136731919,12759537.22556616,0.7241906267956125,1.633628151107378,0.0,2.2843047554427274e-07,6.085351907983037,-0.19743763430764238,0.011187335130875154,152069.39481602795,-0.08304305778595104,-0.08263692736239535,98.23953640460968,-16088689951.878801,-1012214110.338417,-194146843.069891,-16090594533.308897,-1870299861.0828962,16120500047.233463,16200090956.608574,-0.9805110614926934,-0.010969763493882878,0.1961573923648048,-0.011187101771111513,0.9999374224190046,0.0,0.19614511730969625,0.002194432711540924,0.9805724233429369,4533.876628938532,-537.545190973357,-0.11801103597430941,2.29271840182178e-10,194.9,0.0,-91.4,4.5,0.0,3.0515192424060493e-17,2.2983509113861462,1.5707963267948966,16.882063950467835,461.0,0.0011041758481288876,0.01510057986976461,0.0,0.0024228797641838995,-1537.5909900719455,-19.35317143652242,307.60984320939724,-0.0070142352135176824,0.008302129609926198,-0.060282989198953654,-0.007025840404070249,0.008292310794169427,-0.060282989198953654,-8.076929092245949e-19,-1.1596579052268761e-21,9.381950846354998e-20,-8.076904971787707e-19,-2.2893635048286176e-21,9.381950846354998e-20,-1537.5980159123496,-19.34487912572825,307.54956022019826,-1678274.0330968276,41.27809156727449,144511.26265127075,-0.07102756895553404,4565.155063260989
19.785557486920254,2001.0,12.0,14.0,14.0,21.0,47.0,1.0,3479087.2624420472,43774.72496541685,-695779.3106418516,521.9923385562366,-284.37459634984583,4520.006907391794,3548249.322602563,4558.926118663262,3479145.232719931,38895.44799172803,-695779.3106418516,3548249.322602563,524.3500061896971,-531.7164079193957,4520.006907391794,4581.280138816155,12759536.981473327,0.7241906215289929,1.6336281509956516,0.0,2.2843047554427274e-07,6.085419882503377,-0.19736979845226035,0.011179133115403585,152049.32260256354,-0.08301455907468545,-0.08260856941426335,98.60050961375237,-16088689927.137846,-1012214106.9772015,-194149582.17040974,-16090592369.555037,-1870313434.1669452,16120500022.330276,16200090407.323814,-0.9805244548508936,-0.010961870053482902,0.19609087394442526,-0.011178900268526028,0.9999375141421519,0.0,0.19607862103795065,0.002192080323392839,0.9805857275912757,4533.902523081866,-537.5448395885106,-0.11801029179937994,2.2972689469552489e-10,194.88665325320443,0.0,-91.4,4.5,0.0,3.05149576327627e-17,2.2983470769532635,1.5707963267948966,16.882697306709154,461.0,0.0011063781195470416,0.015159259696573927,0.0,0.0024277044593922427,-1537.629334140803,-19.346827522091186,307.5090095268912,-0.007025749013303455,0.008318699963893658,-0.06040320721189642,-0.007037408636035932,0.008308838545589012,-0.06040320721189642,-8.092987904329367e-19,-1.1581136468304053e-21,9.397342360459736e-20,-8.092963703528368e-19,-2.293110803541872e-21,9.397342360459736e-20,-1537.636371549439,-19.338518683545598,307.4486063196793,-1678274.0652025882,41.46657600365474,144450.19009501618,-0.07092484666577824,4565.202980267172
19.81660678373248,2001.0,12.0,14.0,14.0,21.0,47.0,1.0,3479103.4683293137,43765.895313949535,-695638.9672843379,521.8887748333192,-284.37589871353225,4520.027612698541,3548237.586427678,4558.934871724252,3479161.5117831836,38878.938517460505,-695638.9672843379,3548237.586427678,524.2446430321721,-531.7198666556422,4520.027612698541,4581.288910547063,12759536.838497847,0.7241906184441087,1.6336281509302084,0.0,2.2891598188485577e-07,6.085459638082366,-0.197330123970499,0.011174336159985938,152037.58642767742,-0.08299789130107302,-0.08259198396680423,98.81188854575157,-16088689912.646101,-1012214105.0083961,-194151183.27356642,-16090591104.381235,-1870321370.363353,16120500007.743505,16200090086.132143,-0.980532285969599,-0.010957253444971069,0.19605196955954088,-0.011174103612721656,0.9999375677553335,0.0,0.19603972959500998,0.002190705021336462,0.9805935066233229,4533.917663450142,-537.544634150489,-0.11800985668619171,2.2997628841185438e-10,194.8719830345968,0.0,-91.4,4.5,0.0,3.0514710096264466e-17,2.2983430343754625,1.5707963267948966,16.883365096900793,461.0,0.00110758542282266,0.015193631155794444,0.0,0.002430349251727042,-1537.6517542917122,-19.34311707606621,307.4500336467687,-0.007031960876602319,0.008327778403883344,-0.06046906745923137,-0.007043651531682709,0.008317892762862197,-0.06046906745923137,-8.10176077101596e-19,-1.1571149660577707e-21,9.405619301384072e-20,-8.101736525100847e-19,-2.2951255400222796e-21,9.405619301384072e-20,-1537.6587979432438,-19.33479918330335,307.3895645793095,-1678274.0840082914,41.65506044003499,144389.20528668727,-0.07082212760178799,4565.250828338123
19.864866147013082,2001.0,12.0,14.0,14.0,21.0,47.0,1.0,3479128.650465145,43752.171465310545,-695420.8328533514,521.7278046045568,-284.37792245669476,4520.05978669048,3548219.3497248446,4558.948473073003,3479186.8075442268,38853.277925570415,-695420.8328533514,3548219.349724845,524.0808759450549,-531.7252406376899,4520.05978669048,4581.302540906781,12759536.615968958,0.7241906136427491,1.6336281508283512,0.0,2.303663616439751e-07,6.085521429984423,-0.19726845811405216,0.011166880386181025,152019.34972484503,-0.08297198463728946,-0.08256620526130137,99.1407964527607,-16088689890.091072,-1012214101.9441206,-194153670.56093124,-16090589138.396914,-1870333702.3934996,16120499985.040577,16200089586.99914,-0.980544454731647,-0.010950077798483171,0.19599150004840582,-0.01116664830408693,0.9999376510391299,0.0,0.19597928018203842,0.0021885681516309844,0.9806055944714857,4533.941190072081,-537.544314946044,-0.11800918057497999,2.3036381834704304e-10,194.8491871560563,0.0,-91.4,4.5,0.0,3.0514325437895714e-17,2.298336752427573,1.5707963267948966,16.884402915640525,461.0,0.001109461463868163,0.015247127469798455,0.0,0.0024344590030711253,-1537.6865933806553,-19.33734973683857,307.35836436897546,-0.00704160672534547,0.00834188548113493,-0.06057140814393678,-0.007053345687876513,0.008331962149584822,-0.06057140814393678,-8.115392763903516e-19,-1.1555525493224627e-21,9.418471708502748e-20,-8.11536844791689e-19,-2.298253993737841e-21,9.418471708502748e-20,-1537.693646726343,-19.329017774688985,307.29779296083154,-1678274.1132777277,41.84354487641524,144328.30822628402,-0.07071941175884232,4565.298607471673
19.921730543527868,2001.0,12.0,14.0,14.0,21.0,47.0,1.0,3479158.312808983,43736.0004185868,-695163.8013037683,521.5381274061821,-284.3803062728146,4520.097685234645,3548197.868490929,4558.964494377837,3479216.6036003456,38823.04151067938,-695163.8013037683,3548197.868490929,523.8879031398583,-531.7315699240803,4520.097685234645,4581.318596383993,12759536.353276087,0.7241906079747913,1.6336281507081092,0.0,2.3084779657169732e-07,6.08559424069396,-0.19719579592136993,0.01115809526228521,151997.86849092878,-0.0829414582269096,-0.08253582962554579,99.52893599867821,-16088689863.465288,-1012214098.3267733,-194156599.35545376,-16090586822.567629,-1870348228.5488796,16120499958.240198,16200088999.005413,-0.9805587885886643,-0.010941622465714142,0.19592024657842036,-0.011157863727503662,0.999937749100932,0.0,0.19590805036692524,0.00218605141278093,0.9806198330549158,4533.968902652003,-537.5439389875119,-0.11800838418473975,2.3082029456776293e-10,194.822335613661,0.0,-91.4,4.5,0.0,3.0513872321737035e-17,2.2983293524791306,1.5707963267948966,16.885625605222433,461.0,0.0011116713172770992,0.015310279457757082,0.0,0.002439299991459347,-1537.7276318324343,-19.330553628988685,307.2503432738062,-0.007052958237263668,0.008358502686508066,-0.060691958397382714,-0.00706475423705077,0.008348534879068373,-0.060691958397382714,-8.131449959520257e-19,-1.153695640106912e-21,9.433596608787679e-20,-8.13142556104456e-19,-2.3019355684920582e-21,9.433596608787679e-20,-1537.7346965866714,-19.322205094109616,307.1896513154088,-1678274.1478299722,42.03202931279549,144267.4989138064,-0.07061669913222046,4565.3463176656605
19.990819748568033,2001.0,12.0,14.0,14.0,21.0,47.0,1.0,3479194.337502458,43716.35270927797,-694851.5097578563,521.3076662562074,-284.38320143513994,4520.143713325038,3548171.7796938946,4558.9839522933025,3479252.790499636,38786.304333691696,-694851.5097578563,3548171.7796938946,523.6534378206264,-531.7392556408374,4520.143713325038,4581.338095801564,12759536.033404395,0.724190601073111,1.633628150561694,0.0,2.318076668099177e-07,6.085682705562519,-0.19710751149270178,0.011147421605238924,151971.77969389502,-0.08290436864222599,-0.08249892322979299,100.0013632774353,-16088689831.044277,-1012214093.9220667,-194160154.88250634,-16090584009.90508,-1870365870.6112776,16120499925.606588,16200088284.805876,-0.9805761971309617,-0.010931349083960597,0.19583367235331597,-0.011147190734266735,0.9999378681391828,0.0,0.195821504842842,0.002182995297914312,0.9806371259403828,4534.002559787938,-537.5434824414559,-0.11800741698841752,2.3139963600540616e-10,194.8,0.0,-91.38825670556434,4.5,0.0,3.051348700180001e-17,2.2983230597270117,1.5707963267948966,16.886665497930593,461.0,0.0011144755181909305,0.015387177591791321,0.0,0.0024454414374782,-1537.7774742733682,-19.322295891633186,307.11909023096297,-0.007067495578548275,0.008379437259583858,-0.06084498025883597,-0.007079362112356826,0.00836941423411629,-0.06084498025883597,-8.151869088281628e-19,-1.1515437051832194e-21,9.453007563050298e-20,-8.151844586971165e-19,-2.3066591446215276e-21,9.453007563050298e-20,-1537.7845536354805,-19.313926477399068,307.05824525070415,-1678274.1899030078,42.22051374917574,144206.77734925447,-0.07051398971720188,4565.393958917927
20.04047569756201,2001.0,12.0,14.0,14.0,21.0,48.0,1.0,3479220.2194168004,43702.23133988666,-694627.0569110974,521.1420240852874,-284.3852814862885,4520.176782572921,3548153.0362169766,4558.997931925944,3479278.7888240386,38759.90017924992,-694627.0569110974,3548153.0362169766,523.4849177187593,-531.7447766558898,4520.176782572921,4581.352105251366,12759535.802976677,0.7241905961013027,1.6336281504562271,0.0,2.3276357876976346e-07,6.085746288033768,-0.19704405870379424,0.011139750283783587,151953.0362169766,-0.08287771115810715,-0.08247239740798808,100.34153181314468,-16088689807.689142,-1012214090.7491452,-194162708.35124007,-16090581989.073183,-1870378545.6429353,16120499902.098309,16200087771.626486,-0.9805887044076399,-0.010923965168248645,0.19577144779857222,-0.011139519889116949,0.9999379536234435,0.0,0.1957593008896031,0.002180799936473416,0.980649550158899,4534.026741012559,-537.5431544718264,-0.11800672211616849,2.3185483473056844e-10,194.8,0.0,-91.36148030996657,4.5,0.0,3.051346786909162e-17,2.2983227472661714,1.5707963267948966,16.886717136313894,461.0,0.0011166780953736155,0.015442573241496437,0.0,0.002450262992186756,-1537.813284587632,-19.316360472251148,307.0247493936878,-0.0070791254451964955,0.00839565246030942,-0.06096524653332093,-0.007091044459260718,0.00838558798057214,-0.06096524653332093,-8.167972866246154e-19,-1.150178862676228e-21,9.468597736512918e-20,-8.167948286837172e-19,-2.3104511003667484e-21,9.468597736512918e-20,-1537.8203756320913,-19.307974884270575,306.96378414715446,-1678274.2202113885,42.40899818555598,144146.14353262816,-0.07041128350906621,4565.441531226325
20.140338355742593,2001.0,12.0,14.0,14.0,21.0,48.0,1.0,3479272.2454109862,43673.8316609294,-694175.6567225697,520.8088908391461,-284.3894627184421,4520.243257048897,3548115.359404957,4559.026033066538,3479331.0484968144,38706.79817825712,-694175.6567225697,3548115.359404957,523.1459965752024,-531.7558726275087,4520.243257048897,4581.380266328318,12759535.338197604,0.7241905860730088,1.6336281502435184,0.0,2.3419013091179352e-07,6.0858741602320485,-0.19691644729874722,0.011124322739913584,151915.35940495692,-0.08282409957029087,-0.08241905060601573,101.02725145220757,-16088689760.581604,-1012214084.349642,-194167838.63006467,-16090577926.74297,-1870404024.3606079,16120499854.6819,16200086739.906385,-0.9806138459602739,-0.010909114912416073,0.19564630413792058,-0.011124093301145102,0.9999381253598781,0.0,0.19563419859326087,0.0021763877412544395,0.9806745248435753,4534.075349108539,-537.5424953002803,-0.11800532535646018,2.327698430224748e-10,194.8,0.0,-91.3076562927956,4.5,0.0,3.0513429409870636e-17,2.2983221191794283,1.5707963267948966,16.886820937141643,461.0,0.0011211056822312843,0.015554308631692524,0.0,0.0024599550721061286,-1537.8852706043187,-19.30442278864039,306.83500524967246,-0.007102473602012508,0.008428243891996184,-0.061207004153469906,-0.007114498476838757,0.0084180958531793,-0.061207004153469906,-8.200344350544872e-19,-1.1473885682776084e-21,9.499897172624101e-20,-8.200319614233074e-19,-2.318063826090172e-21,9.499897172624101e-20,-1537.8923851027955,-19.29600469278721,306.773798245519,-1678274.2813442368,42.59748262193623,144085.59746392752,-0.0703085805030933,4565.489034588709
20.191556683912566,2001.0,12.0,14.0,14.0,21.0,48.0,1.0,3479298.9159959005,43659.26565321258,-693944.1365474077,520.6380248474308,-284.3916062148441,4520.277335021372,3548096.0447789673,4559.040438964148,3479357.838708354,38679.56238581995,-693944.1365474077,3548096.0447789677,522.9721619826568,-531.7615598339196,4520.277335021372,4581.394702951682,12759535.09909057,0.724190580913914,1.6336281501341026,0.0,2.3560804576936265e-07,6.0859397453598225,-0.1968509959236339,0.011116410238755673,151896.04477896774,-0.0827966023559555,-0.08239168919754182,101.3798034787178,-16088689736.347197,-1012214081.057618,-194170467.3068849,-16090575844.127705,-1870417085.8973851,16120499830.288605,16200086210.919281,-0.9806267346759787,-0.01090149812678747,0.19558211722271393,-0.011116181289222208,0.9999382133479774,0.0,0.19557003285849525,0.0021741262719775973,0.9806873280626607,4534.100267909677,-537.5421574292789,-0.11800460933420971,2.3325884854082964e-10,194.78006396995391,0.0,-91.3,4.5199360300460905,0.0,3.051308952953833e-17,2.29831656851237,1.5707963267948966,16.887738326338482,461.0,0.0011234713207093207,0.01561178972967551,0.0,0.002465158402826359,-1537.9221748622122,-19.298299573394537,306.73767948057696,-0.007115110019765059,0.008445963310388943,-0.061336608921507385,-0.007127190803766222,0.008435771338799285,-0.061336608921507385,-8.217634924081652e-19,-1.146068864958324e-21,9.516760228130319e-20,-8.217610104737932e-19,-2.3221959000370893e-21,9.516760228130319e-20,-1537.9293020530158,-19.289863802055738,306.67634287165544,-1678274.3127942216,42.78596705831648,144025.1391431525,-0.07020588069456321,4565.53646900294
20.262692082048826,2001.0,12.0,14.0,14.0,21.0,48.0,1.0,3479335.9433483295,43639.03523722227,-693622.5831365684,520.4007080657113,-284.3945821123558,4520.3246467983945,3548069.229864193,4559.060439141292,3479395.0319539104,38641.73503472656,-693622.5831365684,3548069.2298641936,522.730722145113,-531.7694543489104,4520.3246467983945,4581.414745786057,12759534.766159594,0.7241905737304132,1.6336281499817502,0.0,2.3607879158489252e-07,6.0860308355000505,-0.19676009154190827,0.011105420942507228,151869.2298641936,-0.08275841185620944,-0.08235368731445811,101.8705022931099,-16088689702.603634,-1012214076.4738024,-194174115.28608724,-16090572952.668285,-1870435219.6660833,16120499796.323807,16200085476.415073,-0.9806446285398688,-0.010890919125669262,0.19549296763950616,-0.011105192671294586,0.9999383354466082,0.0,0.1954809126529654,0.0021709870715198734,0.9807051032820717,4534.134863633163,-537.5416884076269,-0.11800361527853503,2.339483749207364e-10,194.74175694884798,0.0,-91.3,4.558243051152022,0.0,3.0512446924328833e-17,2.298306073972884,1.5707963267948966,16.889473099148923,461.0,0.0011268067491833492,0.015691827085979212,0.0,0.002472507734520334,-1537.973411390098,-19.289794658050422,306.6024976528003,-0.007132999895713699,0.008471104449002634,-0.06151957123800221,-0.007145159305783326,0.008460850819695487,-0.06151957123800221,-8.242010912560225e-19,-1.1442803549675379e-21,9.540594743197458e-20,-8.241985976566844e-19,-2.3280519547655243e-21,9.540594743197458e-20,-1537.9805565494037,-19.281333807230727,306.5409780815623,-1678274.3565849643,42.97445149469673,143964.7685703032,-0.07010318407875615,4565.583834466888
20.358752004108997,2001.0,12.0,14.0,14.0,21.0,48.0,1.0,3479385.9176071854,43611.716122904974,-693188.3580361201,520.0802273384761,-284.39859862023604,4520.388502594811,3548033.0389024275,4559.087432826547,3479445.229766316,38590.652790670814,-693188.3580361201,3548033.0389024275,522.4046735965113,-531.7801071069849,4520.388502594811,4581.441797043978,12759534.314999226,0.7241905639959115,1.633628149775299,0.0,2.3795246217655165e-07,6.086153844115296,-0.19663733376076828,0.011090581400160194,151833.03890242707,-0.08270683909598579,-0.08230236925962679,102.53507339954376,-16088689656.877628,-1012214070.262289,-194179036.09918624,-16090569049.964775,-1870459694.333006,16120499750.298008,16200084484.899117,-0.9806687794662339,-0.010876632874480987,0.19537257698438898,-0.0110903540427991,0.9999385001324859,0.0,0.19536056159678855,0.0021667510490108967,0.980729094175593,4534.181556781258,-537.5410554846494,-0.1180022736684495,2.348690552267714e-10,194.69005557489578,0.0,-91.3,4.6,0.0,3.051157954759726e-17,2.298291908635871,1.5707963267948966,16.891815250310902,461.0,0.00113126067354025,0.01580028428918723,0.0,0.0024823116981466443,-1538.0425660233454,-19.278308690886437,306.4199333382914,-0.0071567681069085835,0.008504660032599322,-0.06176364310489504,-0.007169033524861724,0.008494323417763468,-0.06176364310489504,-8.274525354081546e-19,-1.1417437881344121e-21,9.572258816706273e-20,-8.274500262130546e-19,-2.335819401495554e-21,9.572258816706273e-20,-1538.0497350568703,-19.269814367468673,306.3581696951865,-1678274.4159265403,43.16293593107698,143904.4857453795,-0.0700004906509526,4565.631130978425
20.422483047437336,2001.0,12.0,14.0,14.0,21.0,48.0,1.0,3479419.0560871167,43593.59101861677,-692900.2676111953,519.867596153694,-284.40126205159993,4520.430846761807,3548009.0402781847,4559.105332819458,3479478.51626792,38556.761664549165,-692900.2676111953,3548009.040278185,522.1883483574503,-531.7871697124655,4520.430846761807,4581.459735213957,12759534.014722986,0.7241905575169615,1.6336281496378906,0.0,2.3888378652753583e-07,6.086235455675287,-0.19655588861012815,0.011080736218586585,151809.04027818516,-0.08267262245592114,-0.08226832160469069,102.97715839743614,-16088689626.444334,-1012214066.128118,-194182297.42629635,-16090566461.902834,-1870475923.9330685,16120499719.66518,16200083827.300379,-0.9806847944206782,-0.010867154290431596,0.19529270070768132,-0.011080509466165532,0.9999386092705743,0.0,0.19528071154633336,0.002163942618864495,0.9807450030717975,4534.212520000998,-537.5406358473136,-0.11800138404791381,2.354518789583604e-10,194.6557718259788,0.0,-91.3,4.6,0.0,3.051100433016166e-17,2.2982825146222505,1.5707963267948966,16.893368864357807,461.0,0.0011340808346242397,0.01587246999720062,0.0,0.002488490888777139,-1538.08842502459,-19.270687626340223,306.2987999231492,-0.007171548682570615,0.008525859504199236,-0.06191747695501686,-0.007183883145490892,0.008515469085362043,-0.06191747695501686,-8.295012539758155e-19,-1.13983367776939e-21,9.59194536893174e-20,-8.294987348389162e-19,-2.3406129326984132e-21,9.59194536893174e-20,-1538.0956089077354,-19.26217215725486,306.2368824461942,-1678274.4554221798,43.35142036745722,143844.29066838147,-0.06989780040643319,4565.678358535433
20.5342920609555,2001.0,12.0,14.0,14.0,21.0,48.0,1.0,3479477.1611149954,43561.79213295843,-692394.8385463994,519.4945431168323,-284.40593219231556,4520.505094369393,3547966.961077907,4559.136719030696,3479536.8804145,38497.3023734438,-692394.8385463994,3547966.961077907,521.8088143636639,-531.7995506747395,4520.505094369393,4581.4911883648865,12759533.486109441,0.7241905461112373,1.6336281493959925,0.0,2.4119636500237414e-07,6.08637863672399,-0.19641299949533733,0.011063464188092292,151766.96107790712,-0.08261259193141611,-0.08220858754691318,103.75496256351471,-16088689572.869406,-1012214058.8502437,-194188012.52985233,-16090561923.733349,-1870504381.2683022,16120499665.738989,16200082674.049898,-0.9807128754539988,-0.010850524482265176,0.195152560929159,-0.011063238494361862,0.9999388005043193,0.0,0.19514061769084934,0.0021590193243447705,0.9807728982607496,4534.266811852024,-537.5399001722004,-0.11799982421731066,2.3647814371095984e-10,194.6,0.0,-91.3,4.6,0.0,3.051006539660701e-17,2.298267180673633,1.5707963267948966,16.89590548238103,461.0,0.00113904681718174,0.015999547122351198,0.0,0.002499371600970999,-1538.1688376947684,-19.257315990423674,306.0862637452942,-0.007197561885540278,0.008563193214591907,-0.06218838856560984,-0.007210018148122987,0.008552707958907061,-0.06218838856560984,-8.331106190443609e-19,-1.1364467168302344e-21,9.626609988361811e-20,-8.331080824378832e-19,-2.3490534884805914e-21,9.626609988361811e-20,-1538.1760477129164,-19.24876328246477,306.0240753567286,-1678274.5249512568,43.53990480383747,143784.1833393091,-0.06979511334047878,4565.725517135797
20.580839846036618,2001.0,12.0,14.0,14.0,21.0,48.0,1.0,3479501.3388205883,43548.553621523584,-692184.4183277669,519.3392297391275,-284.4078754837266,4520.535989555067,3547949.4517752845,4559.149779075678,3479561.1657814966,38472.54816236866,-692184.4183277669,3547949.4517752845,521.6508028090549,-531.8047014541264,4520.535989555067,4581.5042762637095,12759533.265346067,0.7241905413478875,1.6336281492949682,0.0,2.425733297482095e-07,6.086438246161231,-0.19635351158973832,0.011056273671691054,151749.45177528402,-0.0825875998487935,-0.08218371888831529,104.07962676882744,-16088689550.495277,-1012214055.810801,-194190389.36211807,-16090560035.28604,-1870516222.5948105,16120499643.218163,16200082194.09566,-0.9807245602218012,-0.010843600982848891,0.1950942164583036,-0.011056048417730658,0.999938880028867,0.0,0.19508229230542545,0.0021569711031822303,0.9807845057424799,4534.289403228242,-537.5395940991301,-0.11799917517777808,2.369283829212679e-10,194.6,0.0,-91.3,4.6,0.0,3.051004753356678e-17,2.2982668889480475,1.5707963267948966,16.89595374874069,461.0,0.0011412252581500533,0.01605261816550731,0.0,0.0025041444688520187,-1538.2022989919255,-19.251748677615527,305.9977737956719,-0.007209096683500788,0.008579591416937928,-0.06230738646959226,-0.007221605074711638,0.00856906552773149,-0.06230738646959226,-8.347044298021738e-19,-1.1351393579282665e-21,9.642076558017555e-20,-8.347018856519183e-19,-2.3528199816026202e-21,9.642076558017555e-20,-1538.2095205970002,-19.243179612087797,305.9354664092023,-1678274.553988494,43.72838924021772,143724.16375816235,-0.06969242944837035,4565.772606777413
20.669319055185174,2001.0,12.0,14.0,14.0,21.0,48.0,1.0,3479547.276484031,43523.38927426196,-691784.4422812716,519.0439968197468,-284.4115677868639,4520.594691239256,3547916.184083802,4559.174593387068,3479607.3077441994,38425.49407002415,-691784.4422812716,3547916.1840838026,521.3504410353038,-531.8144863464566,4520.594691239256,4581.529143497419,12759532.84455678,0.7241905322686198,1.6336281491024056,0.0,2.4303058430999715e-07,6.086551554907824,-0.1962404338454909,0.011042605903979872,151716.18408380216,-0.08254009350941297,-0.0821364471571511,104.69819048047066,-16088689507.849112,-1012214050.0173903,-194194903.33308777,-16090556447.07045,-1870538721.335765,16120499600.292377,16200081282.044771,-0.9807467615368025,-0.010830440201040705,0.19498331031174423,-0.011042381484360793,0.9999390310469704,0.0,0.19497142238345627,0.0021530800955457795,0.9808065602859077,4534.33232742493,-537.5390126309696,-0.11799794202057688,2.3778383784508674e-10,194.6,0.0,-91.3,4.6,0.0,3.051001359377374e-17,2.2982663346691634,1.5707963267948966,16.896045455657298,461.0,0.0011453644006447627,0.016153776038432037,0.0,0.0025132130716140856,-1538.2658775985153,-19.241165381056618,305.82955702504114,-0.007230988127249728,0.008610748984917491,-0.06253348885181541,-0.007243595885333416,0.008600145698048664,-0.06253348885181541,-8.377327517646367e-19,-1.1326159919061712e-21,9.67143049406262e-20,-8.37730193288812e-19,-2.3599683102213375e-21,9.67143049406262e-20,-1538.2731211944006,-19.23256523535857,305.7670235361893,-1678274.6093353443,43.91687367659797,143664.2319249413,-0.06958974872538917,4565.81962745818
20.969319055185178,2001.0,12.0,14.0,14.0,21.0,48.0,1.0,3479702.839519208,43438.0639277391,-690428.2340454971,518.0428812981498,-284.42407184445085,4520.793486084762,3547803.5265672496,4559.258626502195,3479763.5601040367,38265.944753935415,-690428.2340454971,3547803.52656725,520.331934591675,-531.8476062958686,4520.793486084762,4581.613355828378,12759531.406454407,0.7241905012388884,1.6336281484444235,0.0,2.480047490759683e-07,6.086935758380235,-0.19585701353800578,0.010996265043699428,151603.52656724956,-0.08237900986567902,-0.08197615898923521,106.80906257033348,-16088689362.103607,-1012214030.21989,-194210169.81371075,-16090544294.351057,-1870614912.9797149,16120499453.591373,16200078192.132116,-0.980821946324337,-0.010785812818377915,0.19460723483567174,-0.010996043437594045,0.9999395416867555,0.0,0.1945954692105084,0.0021399096075231114,0.9808812487501296,4534.477691126901,-537.5370442414262,-0.11799376624461053,2.406807454135827e-10,194.5,0.0,-91.2,4.7,0.0,3.0508291867388344e-17,2.298238216743463,1.5707963267948966,16.900698997179976,461.0,0.001159381125624442,0.016499488446452444,0.0,0.00254401850247804,-1538.4812003615868,-19.205273500355897,305.2590716121648,-0.0073051891092457116,0.008714930215812326,-0.06330104168865894,-0.007318134513532319,0.008704062490019699,-0.06330104168865894,-8.479755901779905e-19,-1.1238239138303772e-21,9.770499559407166e-20,-8.479729830823693e-19,-2.3842148159288162e-21,9.770499559407166e-20,-1538.4885184961004,-19.19656943786588,305.19577057047616,-1678274.7984904628,44.10535811297822,143604.38783964585,-0.06948707116681666,4565.866579176001
21.102865757790692,2001.0,12.0,14.0,14.0,21.0,49.0,1.0,3479771.9926774115,43400.07965957813,-689824.4910803712,517.597183979763,-284.4296305609048,4520.881861149791,3547753.44639828,4559.295983162093,3479833.0184407956,38194.91727704818,-689824.4910803712,3547753.44639828,519.8784951645493,-531.8623215223122,4520.881861149791,4581.650792155908,12759530.76065008,0.7241904873043853,1.6336281481489527,0.0,2.5067633153886743e-07,6.087106796563197,-0.1956863239466942,0.010975636862591672,151553.4463982801,-0.08230729891280758,-0.08190480215034464,107.75558859109879,-16088689296.655846,-1012214021.3297148,-194216946.56302986,-16090538891.249634,-1870648783.8148427,16120499387.71454,16200076817.890007,-0.9808553697477377,-0.010765944661634845,0.19443980578207568,-0.01097541650129326,0.9999397683023828,0.0,0.19442809434248906,0.0021340578528888502,0.9809144518903923,4534.542313031548,-537.5361695662848,-0.1179919100568936,2.4194745603869774e-10,194.49180799785012,0.0,-91.2,4.7,0.0,3.050810914531237e-17,2.298235232665505,1.5707963267948966,16.90119302085562,461.0,0.001165511436990008,0.016654736193419326,0.0,0.0025574493078450574,-1538.5769289732293,-19.189292120386774,305.00505471346537,-0.007337273062918728,0.008761064573262,-0.0636358763713581,-0.00735036983326886,0.008750079529402594,-0.0636358763713581,-8.52457098737144e-19,-1.1195624491972985e-21,9.813492490467924e-20,-8.524544703950447e-19,-2.394683889424137e-21,9.813492490467924e-20,-1538.5842793430627,-19.18054204085737,304.94141883709403,-1678274.8834337983,44.29384254935847,143544.63150227608,-0.06938439676793437,4565.913461928794
21.13675992341944,2001.0,12.0,14.0,14.0,21.0,49.0,1.0,3479789.534285004,43390.43913067286,-689671.2591818502,517.4840615457763,-284.4310406250103,4520.904279026238,3547740.7429051064,4559.305459271477,3479850.637338226,38176.89018418196,-689671.2591818502,3547740.742905106,519.7634077394806,-531.8660534733099,4520.904279026238,4581.660288474035,12759530.596224306,0.7241904837565674,1.6336281480737282,0.0,2.511188320272082e-07,6.087150206836606,-0.19564300214219896,0.01097040149838714,151540.7429051064,-0.08228909830836685,-0.08188669142039343,107.99643158912659,-16088689279.992607,-1012214019.0662991,-194218664.62143588,-16090537520.606907,-1870657375.6966908,16120499370.94206,16200076469.23293,-0.9808638481538854,-0.010760901923436605,0.19439731061551738,-0.010970181452273213,0.9999398257489819,0.0,0.19438561290295114,0.002132573771286143,0.9809228744531622,4534.558705492509,-537.5359477270541,-0.11799143921923079,2.4223328463510566e-10,194.47592863138303,0.0,-91.2,4.7,0.0,3.050784100322939e-17,2.298230853572967,1.5707963267948966,16.901918047933602,461.0,0.0011668954139140426,0.01669426312181443,0.0,0.002560481145596239,-1538.6012127906556,-19.18523566215902,304.940579120997,-0.007344312448681531,0.00877146867454551,-0.06371137971701131,-0.007357445820824837,0.008760455413163108,-0.06371137971701131,-8.534626782898172e-19,-1.1182910990039426e-21,9.822872373981958e-20,-8.534600449682007e-19,-2.396967143473584e-21,9.822872373981958e-20,-1538.6085702364765,-19.176475206745856,304.87686774127997,-1678274.9050608985,44.482326985738716,143484.96291283198,-0.06928172552402419,4565.960275714477
21.188590915400724,2001.0,12.0,14.0,14.0,21.0,49.0,1.0,3479816.3515141346,43375.69673181811,-689436.9353401854,517.3110711533286,-284.43319631819327,4520.93855128703,3547721.3220803267,4559.319946222118,3479877.5726302583,38149.32289117699,-689436.9353401854,3547721.3220803267,519.587412446944,-531.8717582040209,4520.93855128703,4581.674806319368,12759530.344403604,0.7241904783230225,1.63362814795852,0.0,2.5244167962815556e-07,6.08721659047009,-0.19557675379268155,0.010962395629057629,151521.32208032627,-0.08226126564577346,-0.0818589961942368,108.36518287658691,-16088689254.47273,-1012214015.5998375,-194221290.40595743,-16090535425.142025,-1870670510.8572257,16120499345.254883,16200075936.167343,-0.9808768098475429,-0.010753190408091817,0.1943323256675388,-0.010962176064339416,0.999939913542776,0.0,0.19432064892656534,0.002130305168960106,0.9809357508015729,4534.583766139558,-537.5356086104309,-0.11799071941967056,2.426702531926591e-10,194.45165260040784,0.0,-91.2,4.7,0.0,3.0507431057007665e-17,2.2982241586430976,1.5707963267948966,16.903026622797405,461.0,0.0011690112402310835,0.016754799378153783,0.0,0.0025651162016511403,-1538.638338143618,-19.179032222843183,304.84197822252315,-0.007355065938481994,0.008787374476137658,-0.06382680907839597,-0.007368255372383009,0.00877631801558276,-0.06382680907839597,-8.54999979149875e-19,-1.1163345794237248e-21,9.837201114575592e-20,-8.549973382209232e-19,-2.4004550227192155e-21,9.837201114575592e-20,-1538.6457063989903,-19.170255904827602,304.77815141344473,-1678274.938183153,44.670811422118966,143425.3820713135,-0.06917905743036802,4566.007020530976
21.292981106716034,2001.0,12.0,14.0,14.0,21.0,49.0,1.0,3479870.33552995,43346.0044695101,-688964.9900984381,516.9626472441597,-284.43753586882906,4521.00754363286,3547682.227283912,4559.349109252553,3479931.793957886,38093.80009720503,-688964.9900984381,3547682.227283912,519.2329363959767,-531.8832398409251,4521.00754363286,4581.704031541899,12759529.835842965,0.7241904673497686,1.63362814772585,0.0,2.537576312709815e-07,6.087350292605214,-0.19544332411603127,0.01094627161195107,151482.22728391178,-0.08220520825385753,-0.08180321560706671,109.10950687527657,-16088689202.93495,-1012214008.5991894,-194226573.46542197,-16090531206.69427,-1870696952.678716,16120499293.379225,16200074862.91973,-0.9809029025190074,-0.010737658464515142,0.1942014379979873,-0.010946053014643626,0.9999400901671063,0.0,0.19418980342228911,0.002125739235845996,0.9809616717688382,4534.634214858913,-537.5349260536467,-0.11798927046319467,2.435427269851253e-10,194.4031818341597,0.0,-91.2,4.7,0.0,3.0506612153541617e-17,2.298210784934587,1.5707963267948966,16.905241550004074,461.0,0.0011732361071561412,0.016877054969176568,0.0,0.0025743712322332866,-1538.7130756307047,-19.16653708978638,304.6433736603004,-0.007376466605182776,0.008819135433525041,-0.0640572977410116,-0.0073897688908890515,0.008807992115770881,-0.0640572977410116,-8.580695485521826e-19,-1.1123162145567786e-21,9.86571698361273e-20,-8.580668924065418e-19,-2.4073960388072955e-21,9.86571698361273e-20,-1538.7204653995955,-19.15772909767061,304.57931636255944,-1678275.0050746873,44.859295858499216,143365.8889777207,-0.06907639248224813,4566.053696376222
21.33218860285987,2001.0,12.0,14.0,14.0,21.0,49.0,1.0,3479890.6017754623,43334.85235398077,-688787.7322048286,516.8317797236185,-284.43916501051336,4521.033444561327,3547667.550629512,4559.3600575043665,3479952.14917119,38072.94620264098,-688787.7322048286,3547667.5506295124,519.099795732889,-531.887549430102,4521.033444561327,4581.715003141372,12759529.644345984,0.7241904632178153,1.6336281476382382,0.0,2.541947679107193e-07,6.087400510017189,-0.19539320903210422,0.01094021572603048,151467.5506295124,-0.08218415352671642,-0.08178226484424748,109.38964769244194,-16088689183.528725,-1012214005.9631135,-194228555.8448196,-16090529622.966866,-1870706879.3534212,16120499273.845772,16200074459.950485,-0.980912698134213,-0.010731824687430244,0.19415227677762742,-0.01093999749132947,0.9999401564368188,0.0,0.1941406580135853,0.002124025420883149,0.980971402958345,4534.653154175184,-537.5346698469998,-0.11798872651625124,2.439201266696809e-10,194.38221518501774,0.0,-91.2,4.7,0.0,3.050626017994178e-17,2.2982050367694815,1.5707963267948966,16.90619373486699,461.0,0.0011750623925314372,0.016923090121981222,0.0,0.002578372817550866,-1538.7411339640405,-19.161843713508553,304.56877453924193,-0.007385997920635241,0.00883286201011938,-0.06415692258644981,-0.007399345429500058,0.008821683727519078,-0.06415692258644981,-8.593963179405176e-19,-1.1110169400458049e-21,9.878413275586974e-20,-8.593936555489772e-19,-2.410487611726624e-21,9.878413275586974e-20,-1538.74853330947,-19.153022029781035,304.5046176166555,-1678275.0302624982,45.047780294879466,143306.48363205354,-0.06897373067494686,4566.100303248158
21.42023588189805,2001.0,12.0,14.0,14.0,21.0,49.0,1.0,3479936.0944692087,43309.808098430636,-688389.6649516298,516.5378851560359,-284.44282207363983,4521.091586465397,3547634.6051812256,4559.38463381177,3479997.841332842,38026.11452527996,-688389.6649516298,3547634.605181225,518.800796341848,-531.8972218854851,4521.091586465397,4581.739631858475,12759529.21322432,0.7241904539154372,1.633628147440992,0.0,2.5593584831532414e-07,6.087513283495342,-0.19528066534193939,0.010926616314825104,151434.60518122558,-0.08213687075499496,-0.08173521554322505,110.02007666230202,-16088689139.83938,-1012214000.0284194,-194233003.91623893,-16090526067.73806,-1870729162.4699256,16120499229.869997,16200073555.255352,-0.9809346870871083,-0.0107187235319398,0.19404187340665102,-0.010926398892950093,0.9999403051218768,0.0,0.19403029010066722,0.002120178910776394,0.980993247359449,4534.695668762297,-537.5340947924618,-0.1179875055074931,2.4476729533991356e-10,194.3351502588937,0.0,-91.2,4.7,0.0,3.050547003164177e-17,2.29819213266847,1.5707963267948966,16.908331707615584,461.0,0.0011791620429753582,0.01702673146380113,0.0,0.002587355522608047,-1538.804119922945,-19.151303163543446,304.401237201891,-0.0074073700696895275,0.008863675423168722,-0.06438055969396508,-0.007420819394401402,0.008852418475890838,-0.06438055969396508,-8.623745513150603e-19,-1.108063618317839e-21,9.906881757988186e-20,-8.623718749141696e-19,-2.417419668481526e-21,9.906881757988186e-20,-1538.8115407423393,-19.142450745067556,304.336856642197,-1678275.086968409,45.236264731259716,143247.16603431205,-0.06887107200374672,4566.146841144731
21.609752853874237,2001.0,12.0,14.0,14.0,21.0,49.0,1.0,3480033.927218947,43255.90061064077,-687532.8295125667,515.9052522984146,-284.4506868523096,4521.2166250310775,3547563.7554792613,4559.437486473222,3480096.101901435,37925.30900340248,-687532.8295125667,3547563.7554792617,518.1571752315508,-531.9180155907825,4521.2166250310775,4581.792597227791,12759528.28018187,0.7241904337829685,1.6336281470141176,0.0,2.5895457263265276e-07,6.08775602935127,-0.1950384140569277,0.010897344970949048,151363.75547926128,-0.08203509385520287,-0.08163394117947664,111.38315951824188,-16088689045.287617,-1012213987.1846976,-194242560.7522162,-16090518421.441801,-1870777083.5716155,16120499134.698345,16200071609.088099,-0.9809819757365539,-0.010690522177318538,0.19380422084047472,-0.01089712929174659,0.9999406245238759,0.0,0.19379271362258746,0.002111909651784862,0.9810402254670378,4534.78709948586,-537.5328584372922,-0.11798487978966175,2.4658914481899586e-10,194.3,0.0,-91.13393639894467,4.766063601055327,0.0,3.0504832723199314e-17,2.2981817246317546,1.5707963267948966,16.91005653717458,461.0,0.0011879795455383927,0.0172510383190145,0.0,0.0026067373299431666,-1538.939581405088,-19.128611666219378,304.04056597743516,-0.007453542424891278,0.008929170997281672,-0.06486372481204083,-0.00746721093576123,0.008917743560968673,-0.06486372481204083,-8.688307861883034e-19,-1.1017093300393354e-21,9.968637775036675e-20,-8.688280793945934e-19,-2.432539318324772e-21,9.968637775036675e-20,-1538.9470486160237,-19.11969392265841,303.97570225262314,-1678275.2096925285,45.424749167639966,143187.9361844962,-0.06876841646393052,4566.193310063893
21.69273281032629,2001.0,12.0,14.0,14.0,21.0,49.0,1.0,3480076.725520408,43232.296762370526,-687157.656885779,515.6282366426859,-284.4541274984523,4521.271326393042,3547532.7612876175,4559.460608003763,3480139.0868677394,37881.17009240193,-687157.656885779,3547532.7612876175,517.8753482013283,-531.927109048802,4521.271326393042,4581.815768063962,12759527.869380414,0.7241904249189856,1.633628146826253,0.0,2.602375924076591e-07,6.087862318605682,-0.1949323413366267,0.010884528799050353,151332.7612876175,-0.08199052944440093,-0.08158959680527478,111.9824954867363,-16088689003.658741,-1012213981.5311729,-194246737.73900652,-16090515076.143705,-1870798047.7171707,16120499092.796627,16200070757.440306,-0.9810026632719759,-0.010678173435289864,0.19370015814494335,-0.010884313879919604,0.9999407641012359,0.0,0.19368868414198487,0.002108293319839629,0.9810607772888609,4534.827098177035,-537.5323177089164,-0.11798373116739036,2.473964793360965e-10,194.28965898231073,0.0,-91.1,4.8,0.0,3.050463487737763e-17,2.298178493564286,1.5707963267948966,16.910592066971923,461.0,0.001191886949277779,0.017349777062151017,0.0,0.002615330940538946,-1538.9988448676722,-19.11867468045985,303.88262202208983,-0.0074740323577974065,0.00895813606890339,-0.06507799998591224,-0.00748779783444129,0.008946633171474445,-0.06507799998591224,-8.716957175814866e-19,-1.0989144200007576e-21,9.996062841303105e-20,-8.71692997375747e-19,-2.4392599064331663e-21,9.996062841303105e-20,-1539.0063326655068,-19.109728047288375,303.8175440221039,-1678275.2637257148,45.61323360402021,143128.794082606,-0.06866576405078118,4566.239710003606
21.752034620602597,2001.0,12.0,14.0,14.0,21.0,49.0,1.0,3480107.2973381216,43215.428044789165,-686889.5361526825,515.4302602492868,-284.4565852646944,4521.310401400771,3547510.621419362,4559.4771243966015,3480169.791841281,37849.625659313904,-686889.5361526825,3547510.6214193613,517.6739332847419,-531.933603581258,4521.310401400771,4581.832319676948,12759527.574994609,0.7241904185669249,1.6336281466916054,0.0,2.6193850981067117e-07,6.087938279592192,-0.19485653509020326,0.010875369797067878,151310.62141936133,-0.08195868085937606,-0.08155790547038884,112.41184991598129,-16088688973.827265,-1012213977.4794565,-194249720.04537374,-16090512686.405031,-1870813023.0371814,16120499062.769608,16200070148.992086,-0.9810174410271005,-0.01066934808617155,0.19362578705341763,-0.010875155420022443,0.999940863748747,0.0,0.19361433675022538,0.0021057105275300862,0.9810754581518919,4534.855670557974,-537.5319315033926,-0.11798291069279188,2.479974186173356e-10,194.2580305990876,0.0,-91.1,4.8,0.0,3.050410379930164e-17,2.298169820401111,1.5707963267948966,16.912029765128665,461.0,0.0011947947002298818,0.017420544679975135,0.0,0.002621702551846833,-1539.0411796012063,-19.11157262475673,303.76973801490203,-0.007489265515431719,0.008979988143622936,-0.06523663026973221,-0.007503102272940623,0.00896843025852554,-0.06523663026973221,-8.738086363821275e-19,-1.0969350040949847e-21,1.0016357983535692e-19,-8.73805906455832e-19,-2.4442023847901324e-21,1.0016357983535692e-19,-1539.0486827034792,-19.102604194498202,303.7045013846323,-1678275.302446615,45.80171804040046,143069.73972864146,-0.06856311475958178,4566.286040961838
21.85531286754033,2001.0,12.0,14.0,14.0,21.0,49.0,1.0,3480160.5122666103,43186.0496463942,-686422.5796279451,515.0854575226028,-284.46086344854274,4521.378418540538,3547472.083589515,4559.505873998772,3480223.238183146,37794.68790551614,-686422.5796279451,3547472.0835895156,517.3231420029651,-531.9449060487215,4521.378418540538,4581.861130585163,12759527.060589675,0.7241904074674153,1.6336281464563245,0.0,2.632069845893345e-07,6.088070573216544,-0.19472451094525614,0.010859418961419488,151272.08358951565,-0.08190321326844988,-0.0815027117425478,113.16168564558029,-16088688921.70074,-1012213970.3995895,-194254908.3984325,-16090508526.459452,-1870839090.1622138,16120499010.301395,16200069089.691566,-0.981043164309182,-0.010653977540895409,0.19349625971781778,-0.010859205526263876,0.9999410370893568,0.0,0.19348485061514625,0.002101215652839117,0.9811010128805365,4534.905405933485,-537.5312593512618,-0.11798148255676671,2.4904344542743234e-10,194.20297655645092,0.0,-91.1,4.8,0.0,3.050317929473707e-17,2.2981547220957848,1.5707963267948966,16.914533125766766,461.0,0.0011998562319058578,0.017544202386998452,0.0,0.0026327935348867634,-1539.11487260884,-19.09920277116718,303.57312470964564,-0.007515744503756667,0.009018026053274543,-0.0655127569240117,-0.007529705810272822,0.009006372174967603,-0.0655127569240117,-8.774864403471e-19,-1.0934316511443322e-21,1.0051635139825196e-19,-8.774836935184349e-19,-2.4527933150030116e-21,1.0051635139825196e-19,-1539.1224023146503,-19.090196398992212,303.5076119527216,-1678275.370106887,45.99020247678071,143010.77312260258,-0.06846046858561565,4566.332302936566
21.923916903956275,2001.0,12.0,14.0,14.0,21.0,49.0,1.0,3480195.84135129,43166.53438552356,-686112.3932691764,514.8564083071889,-284.4637037561919,4521.423575505694,3547446.498546134,4559.524960899805,3480258.720645557,37758.19408044794,-686112.3932691764,3547446.4985461337,517.0901147162517,-531.9524081034448,4521.423575505694,4581.880258186918,12759526.717713406,0.7241904000690293,1.633628146299495,0.0,2.640492490927786e-07,6.088158452712645,-0.19463681044670292,0.010848823538071659,151246.49854613375,-0.0818663673965256,-0.08146604778873863,113.66120862960815,-16088688886.956215,-1012213965.6804837,-194258350.94529924,-16090505764.52991,-1870856396.1789556,16120498975.329115,16200068386.28794,-0.9810602420845213,-0.01064376702958665,0.19341021592584098,-0.010848610727043701,0.9999411520911083,0.0,0.19339883413907547,0.002098232143212917,0.9811179788259512,4534.938425505774,-537.530813181957,-0.11798053444344779,2.4970432309941793e-10,194.2,0.0,-91.1,4.8,0.0,3.050310535769994e-17,2.2981535146123337,1.5707963267948966,16.91473336466259,461.0,0.0012030552645528642,0.017626627263747408,0.0,0.002639801998363885,-1539.1637990235058,-19.090985129648274,303.4425089627302,-0.0075323141732358614,0.009042098881859768,-0.06568750045125005,-0.007546356665603339,0.009030382609234425,-0.06568750045125005,-8.798253543483064e-19,-1.0909377898118916e-21,1.0073844450926507e-19,-8.798225966330811e-19,-2.4582012136688182e-21,1.0073844450926507e-19,-1539.1713453801715,-19.08195474703904,303.37682146227894,-1678275.4152058028,46.17868691316096,142951.89426448935,-0.06835782552416625,4566.37849592577
22.035504502751156,2001.0,12.0,14.0,14.0,21.0,50.0,1.0,3480253.2721545203,43134.79150621923,-685607.8543728438,514.4838337421111,-284.46832102631396,4521.496983793902,3547404.907613207,4559.555988833437,3480316.400341701,37698.834108157134,-685607.8543728438,3547404.907613207,516.7110694851307,-531.9646007002419,4521.496983793902,4581.911352283453,12759526.15807203,0.724190387993384,1.6336281460435125,0.0,2.6656007498500305e-07,6.088301395428061,-0.1944941588656019,0.010831589844886464,151204.90761320665,-0.08180643464169987,-0.08140641093321078,114.47605264186859,-16088688830.246964,-1012213957.977918,-194263943.7758203,-16090501274.473848,-1870884529.108645,16120498918.248117,16200067242.605938,-0.9810880040427511,-0.010627158469350475,0.19327025592749147,-0.010831378046415147,0.9999413389042457,0.0,0.19325891848250207,0.002093383207078068,0.9811455591163433,4534.992102902094,-537.5300880082233,-0.11797899322524821,2.5077380423182817e-10,194.2,0.0,-91.1,4.8,0.0,3.05030629734432e-17,2.298152822424892,1.5707963267948966,16.91484815342233,461.0,0.0012082325076945473,0.01776116247541662,0.0,0.002651144019835567,-1539.2433370792337,-19.077617411777265,303.2300350483613,-0.007559066434101733,0.00908106293415099,-0.0659703364740383,-0.007573241179287128,0.009069245140006095,-0.0659703364740383,-8.836128045559533e-19,-1.0867992319456481e-21,1.0109723484681592e-19,-8.836100292139957e-19,-2.4669374231076488e-21,1.0109723484681592e-19,-1539.250910320413,-19.06854816663726,303.16406471188725,-1678275.4888160862,46.36717134954121,142893.10315430176,-0.06825518557051727,4566.424619927441
22.090296306018892,2001.0,12.0,14.0,14.0,21.0,50.0,1.0,3480281.4566393825,43119.20491187456,-685360.1124129123,514.3008849295646,-284.47058701276427,4521.533009918158,3547384.4966322463,4559.571216122661,3480344.706773781,37669.686644524154,-685360.1124129123,3547384.4966322463,516.5249433740706,-531.9705830550851,4521.533009918158,4581.926612042484,12759525.882374486,0.7241903820445168,1.6336281459174122,0.0,2.669762502188827e-07,6.088371584461873,-0.19442411277898355,0.010823127859379096,151184.4966322463,-0.08177700585630197,-0.08137712744098359,114.87723076343536,-16088688802.310408,-1012213954.1834798,-194266686.96650642,-16090499070.826511,-1870898335.6561093,16120498890.128433,16200066681.229883,-0.9811016285598277,-0.01061900300919913,0.19320153004659277,-0.01082291655690943,0.9999414305234093,0.0,0.1931902143341014,0.0020910040383615037,0.9811590945344468,4535.018445800801,-537.5297321781738,-0.11797823687773674,2.5132080569617173e-10,194.17785233178043,0.0,-91.1,4.8,0.0,3.050268602642756e-17,2.298146666412956,1.5707963267948966,16.915869105506033,461.0,0.0012108798133836634,0.017827435646705532,0.0,0.0026569444351246326,-1539.282372403368,-19.0710529765566,303.12569627752924,-0.007572824653346825,0.009100964472821126,-0.06611480356718845,-0.007587065766554408,0.009089095698685757,-0.06611480356718845,-8.855392763783633e-19,-1.0848211835421503e-21,1.0128080828084584e-19,-8.855364921843387e-19,-2.4714076093977617e-21,1.0128080828084584e-19,-1539.2899594691346,-19.061963880857917,303.05958147396206,-1678275.5250789095,46.55565578592146,142834.39979203983,-0.06815254871995255,4566.470674939576
22.168354285365663,2001.0,12.0,14.0,14.0,21.0,50.0,1.0,3480321.591754715,43096.99958671544,-685007.1686801194,514.0402427724509,-284.47381385061647,4521.58431232307,3547355.4310994274,4559.592900183345,3480385.015317956,37628.16176326559,-685007.1686801194,3547355.4310994274,516.2597746681571,-531.9791006154117,4521.58431232307,4581.948342340635,12759525.488571974,0.7241903735472239,1.633628145737283,0.0,2.682209014892586e-07,6.088471579170162,-0.19432432171005684,0.010811072798526219,151155.4310994274,-0.08173508011222899,-0.08133540868634166,115.4500402212143,-16088688762.406572,-1012213948.7634314,-194270591.57922304,-16090495932.654827,-1870917996.5572824,16120498849.963013,16200065881.69863,-0.9811210302767108,-0.010607384146900538,0.19310361816994923,-0.010810862201329033,0.999941560921669,0.0,0.193092333372481,0.002087616606613378,0.981178369436299,4535.055958946108,-537.5292255311069,-0.11797715984365227,2.52109727301256e-10,194.13633014203916,0.0,-91.1,4.8,0.0,3.0501988661411674e-17,2.2981352775779653,1.5707963267948966,16.917758239375104,461.0,0.0012146976976319173,0.017922103639533768,0.0,0.0026653099898407005,-1539.3379610691918,-19.061700398372235,302.97704121710103,-0.007592686244242896,0.00912965635181876,-0.06632308181110978,-0.007607022707008475,0.009117714353985729,-0.06632308181110978,-8.883130938616004e-19,-1.0820062470026471e-21,1.0154540590135875e-19,-8.883102969786706e-19,-2.4778509142639634e-21,1.0154540590135875e-19,-1539.3455680918987,-19.052582684018248,302.9107181352899,-1678275.576876223,46.7441402223017,142775.78417770355,-0.06804991496775613,4566.516660960181
22.250458055527023,2001.0,12.0,14.0,14.0,21.0,50.0,1.0,3480363.785141832,43073.643074819556,-684635.9273468212,513.7660812219551,-284.47720622319605,4521.638246560757,3547324.874982352,4559.6156965073005,3480427.3907415518,37584.48390590079,-684635.9273468212,3547324.8749823524,515.9808518564583,-531.9880532106387,4521.638246560757,4581.971187273267,12759525.073017335,0.7241903645805562,1.633628145547205,0.0,2.6987150723151696e-07,6.088576758426613,-0.19421935663899373,0.01079839307798825,151124.87498235237,-0.08169098050859,-0.08129152680128263,116.05416026711464,-16088688720.299007,-1012213943.0440395,-194274694.2411274,-16090492633.358608,-1870938665.963933,16120498807.579414,16200065041.004898,-0.9811414272449085,-0.010595162617037657,0.1930006276490893,-0.010798183220913525,0.9999416979199975,0.0,0.19298937531105556,0.002084056139106175,0.9811986331661177,4535.095396501075,-537.5286929774292,-0.11797602759536298,2.529217191691312e-10,194.09359372794046,0.0,-91.09359372794046,4.806406272059537,0.0,3.0501270189010847e-17,2.298123544033219,1.5707963267948966,16.919705010292155,461.0,0.0012186277193519334,0.01802199967566376,0.0,0.0026739272344968126,-1539.3964027982404,-19.051862189771175,302.82066727722383,-0.007613041301834627,0.00915910820377376,-0.06653765000100871,-0.007627477252009717,0.00914708979522722,-0.06653765000100871,-8.911704114482617e-19,-1.0789408877944804e-21,1.018165657021113e-19,-8.911676014107768e-19,-2.484461725611602e-21,1.018165657021113e-19,-1539.4040302754925,-19.042715099975947,302.7541296272228,-1678275.6315346193,46.93262465868195,142717.25631129293,-0.0679472843092122,4566.562577987266
22.294459274954004,2001.0,12.0,14.0,14.0,21.0,50.0,1.0,3480386.3882432897,43061.12569086261,-684436.9691144725,513.6191477218223,-284.4790235472331,4521.667139629724,3547308.5059951493,4559.627908651333,3480450.091239479,37561.0756773353,-684436.9691144725,3547308.5059951497,515.8313666499154,-531.9928483883031,4521.667139629724,4581.983425457088,12759524.84979273,0.7241903597638996,1.6336281454451045,0.0,2.706930357901008e-07,6.088633127051603,-0.19416310279702678,0.010791597804357555,151108.50599514972,-0.08166734621196836,-0.08126800918516953,116.37852588295937,-16088688697.680145,-1012213939.9718156,-194276891.1221129,-16090490865.84287,-1870949738.7113004,16120498784.812277,16200064590.58052,-0.9811523540614874,-0.010588612637963396,0.19294543115089535,-0.01079138834321216,0.9999417712735207,0.0,0.19293419618415944,0.002082149076597817,0.9812094886404203,4535.116523551424,-537.5284077193744,-0.11797542105558352,2.5331048261519395e-10,194.07313249393715,0.0,-91.07313249393715,4.8268675060628405,0.0,3.050092440646297e-17,2.2981178969756653,1.5707963267948966,16.92064210750161,461.0,0.0012205104038305057,0.018075661512169234,0.0,0.002678071797418426,-1539.4277111370398,-19.046589305484655,302.7368571319135,-0.007622614627982,0.009172992093602127,-0.06664091153922666,-0.0076371010355969025,0.009160934749691051,-0.06664091153922666,-8.925450221372888e-19,-1.0771191279111326e-21,1.0194407879059541e-19,-8.925422055091477e-19,-2.4875917140009226e-21,1.0194407879059541e-19,-1539.4353482380754,-19.037428370734965,302.67021622037424,-1678275.6608956214,47.1211090950622,142658.81619280795,-0.06784465673960514,4566.608426018853
22.436894740994944,2001.0,12.0,14.0,14.0,21.0,50.0,1.0,3480459.5119511904,43020.60536978765,-683792.9166901453,513.1434917387331,-284.48490290970244,4521.760613874005,3547255.5503844824,4559.667416849565,3480523.529457539,37485.29992326672,-683792.9166901453,3547255.5503844824,515.3474503901122,-532.0083577663717,4521.760613874005,4582.023017897125,12759524.124816068,0.7241903441205906,1.6336281451135504,0.0,2.7273603108112786e-07,6.088815600357832,-0.19398100103583296,0.010769601285336178,151055.55038448237,-0.08159083844213331,-0.08119187912101505,117.43118408322334,-16088688624.220627,-1012213929.9947517,-194283993.86831984,-16090485147.373922,-1870985560.8164852,16120498710.87125,16200063133.115192,-0.9811877041337745,-0.010567408913971179,0.1927667479767647,-0.010769393102411158,0.9999420084045904,0.0,0.19275556912550762,0.0020759808860352,0.9812446080740839,4535.184873281019,-537.52748503051,-0.11797345886789153,2.545681783685442e-10,194.00693798060294,0.0,-91.00693798060294,4.893062019397064,0.0,3.0499805662042024e-17,2.298099626492752,1.5707963267948966,16.923674728785567,461.0,0.0012266013123230664,0.01824993951337385,0.0,0.0026914806780943827,-1539.529001909022,-19.029518780220165,302.4655287411376,-0.0076535357181175675,0.00921790396770164,-0.0669749956711464,-0.007668186003438357,0.009205720284852408,-0.0669749956711464,-8.969921481857465e-19,-1.071145048118654e-21,1.0235592647861742e-19,-8.96989310273964e-19,-2.4977015098852898e-21,1.0235592647861742e-19,-1539.5366700950256,-19.02031305993531,302.3985537454664,-1678275.756252678,47.30959353144245,142600.46382224862,-0.06774203225421953,4566.654205052968
22.474270641313897,2001.0,12.0,14.0,14.0,21.0,50.0,1.0,3480478.6888184766,43009.9724616125,-683623.9113582637,513.0186716400227,-284.486444812884,4521.7851281596795,3547241.662648811,4559.677778086914,3480542.7886592564,37465.41555593442,-683623.9113582637,3547241.6626488115,515.2204626961048,-532.0124242288659,4521.7851281596795,4582.033401227092,12759523.9339646,0.7241903400024521,1.633628145026282,0.0,2.7395451532081204e-07,6.088863483322331,-0.19393321556282947,0.010763829352192021,151041.66264881147,-0.08157076193494849,-0.08117190172640858,117.70808619260788,-16088688604.882463,-1012213927.3685067,-194285855.46138266,-16090483647.60297,-1870994955.3647387,16120498691.406343,16200062750.817085,-0.9811969749081744,-0.010561844700470191,0.19271985851896686,-0.010763621503811252,0.9999420705481507,0.0,0.19270869436320237,0.002074363613366214,0.9812538184039996,4535.202798469796,-537.5272430922327,-0.11797294428965671,2.549262995322604e-10,194.0,0.0,-91.0,4.9,0.0,3.0499679903928247e-17,2.298097572706895,1.5707963267948966,16.924015696417165,461.0,0.0012283351335792344,0.018295816168499367,0.0,0.0026952860601421338,-1539.5555668173602,-19.02503892486565,302.3943234366875,-0.007662448771546126,0.009230853363506377,-0.0670698567020275,-0.007677144062930553,0.00921863515018009,-0.0670698567020275,-8.982595619242435e-19,-1.0696615317238185e-21,1.0247515539779415e-19,-8.982567181472723e-19,-2.5006134084077076e-21,1.0247515539779415e-19,-1539.563243961423,-19.01582028971547,302.3272535799855,-1678275.7813556045,47.4980779678227,142542.19919961496,-0.06763941084834009,4566.699915087647
22.519885250025986,2001.0,12.0,14.0,14.0,21.0,50.0,1.0,3480502.086490066,42996.99568083884,-683417.6512167541,512.8663347321957,-284.4883261016462,4521.8150382563035,3547224.718240149,4559.690419884952,3480566.2867043484,37441.14790421864,-683417.6512167541,3547224.7182401493,515.0654803651854,-532.0173852020699,4521.8150382563035,4582.046069980301,12759523.700671948,0.7241903349685229,1.6336281449196022,0.0,2.7435947417500656e-07,6.088921921556824,-0.19387489630699167,0.010756785167589732,151024.71824014932,-0.08154625975962816,-0.08114752051109812,118.0464853644371,-16088688581.244043,-1012213924.1581736,-194288126.15840343,-16090481817.68163,-1871006417.705636,16120498667.61299,16200062284.331038,-0.9812082862433166,-0.010555053845811596,0.1926626321987888,-0.010756577727007726,0.9999421463442787,0.0,0.1926514859611952,0.002072390578336173,0.9812650560140386,4535.22466914276,-537.5269479254754,-0.1179723164591203,2.55386219195947e-10,194.0,0.0,-91.0,4.9,0.0,3.0499662645883876e-17,2.2980972908616413,1.5707963267948966,16.924062489218393,461.0,0.0012305614024668689,0.018351897152021783,0.0,0.002700163546427366,-1539.587979281772,-19.019571329206467,302.3074184401299,-0.00767397879558864,0.009247605175923516,-0.06719148056313803,-0.00768873061887065,0.009235343713980137,-0.06719148056313803,-8.998880901576134e-19,-1.0679228390173423e-21,1.0262977293704456e-19,-8.998852389914062e-19,-2.5043785830347344e-21,1.0262977293704456e-19,-1539.595668012391,-19.01033598549249,302.24022695956677,-1678275.8120408766,47.68656240420295,142484.02232490695,-0.06753679251725178,4566.745556120933
22.68459125455504,2001.0,12.0,14.0,14.0,21.0,50.0,1.0,3480586.513354431,42950.13818611459,-682672.8722380582,512.3162473373616,-284.4951145735536,4521.922966455837,3547163.5769731174,4559.736036445839,3480651.0749945403,37353.51997214172,-682672.8722380582,3547163.576973117,514.5058405727877,-532.0352814112306,4521.922966455837,4582.091783804706,12759522.854807815,0.7241903167166378,1.63362814453279,0.0,2.7717762049642705e-07,6.089132935962136,-0.1936643114880844,0.010731350329525513,150963.57697311696,-0.0814577847241533,-0.08105948224212074,119.27262011170387,-16088688495.537867,-1012213912.5180657,-194296313.85299394,-16090475214.20409,-1871047778.3706417,16120498581.345045,16200060600.671799,-0.9812491021247649,-0.010530532117161737,0.19245598840429007,-0.010731144356965233,0.9999424196126445,0.0,0.19244490671392886,0.0020652729939288636,0.9813056060816772,4535.303587646887,-537.5258830613285,-0.11797005108237837,2.570457678725391e-10,193.97653853302427,0.0,-91.0,4.9,0.0,3.049922293387186e-17,2.2980901098195265,1.5707963267948966,16.925254798122182,461.0,0.001238594593222223,0.018555239755002378,0.0,0.002717763643777728,-1539.704940597191,-18.999826526581323,301.993583599678,-0.0077154874431758355,0.009308029396584237,-0.06763017864171149,-0.007730444190926413,0.00929561134861244,-0.06763017864171149,-9.057534111492233e-19,-1.0615164029991852e-21,1.0318542083736891e-19,-9.057505334025552e-19,-2.5179091553067144e-21,1.0318542083736891e-19,-1539.7126710413818,-18.99053091523271,301.9259534210363,-1678275.9232984297,47.875046840583195,142425.9331981246,-0.06743417725623967,4566.791128150876
22.958185258179032,2001.0,12.0,14.0,14.0,21.0,50.0,1.0,3480726.55499839,42872.300487928514,-681435.6767330847,511.40240197578487,-284.50637529828845,4522.101998347893,3547062.159921188,4559.811704203802,3480791.713527351,37207.95424926125,-681435.6767330847,3547062.1599211884,513.5761267792992,-532.0649501898819,4522.101998347893,4582.167612896782,12759521.437495733,0.7241902861340058,1.6336281438846845,0.0,2.823367017730546e-07,6.089483469122532,-0.19331449183777055,0.010689101851567006,150862.15992118884,-0.08131081089514798,-0.0809132339351858,121.32396671175957,-16088688351.93409,-1012213893.0148448,-194309875.13357592,-16090464259.080627,-1871116386.7080007,16120498436.800022,16200057806.468863,-0.9813168071474367,-0.010489794813770043,0.19211269665153693,-0.010688898302125827,0.9999428720947446,0.0,0.19210172165560427,0.0020534730770554272,0.9813728709238271,4535.434497834108,-537.5241174233613,-0.1179662936071227,2.597985164248745e-10,193.83165703026978,0.0,-91.0,4.968342969730239,0.0,3.049678842228307e-17,2.298050351228062,1.5707963267948966,16.93185929696793,461.0,0.0012519193723410783,0.018895934965516337,0.0,0.0027470396651553385,-1539.898968839815,-18.96702032463517,301.4721436319275,-0.007784297551016837,0.009408288189485222,-0.06835910848712783,-0.007799597629992389,0.009395608113868466,-0.06835910848712783,-9.15458512812202e-19,-1.050576167335621e-21,1.0410196232056276e-19,-9.15455591018257e-19,-2.5403275430152237e-21,1.0410196232056276e-19,-1539.9067684374452,-18.9576247165213,301.4037845234404,-1678276.1097192708,48.063531276963445,142367.9318192679,-0.06733156506058902,4566.836631175534
23.058413874338793,2001.0,12.0,14.0,14.0,21.0,51.0,1.0,3480777.795374825,42843.784601148625,-680982.4294246271,511.0675944184762,-284.5104956718825,4522.167507449079,3547025.0520455088,4559.839391211094,3480843.1714818757,37154.62557176397,-680982.4294246271,3547025.052045509,513.2355056908,-532.0758007252037,4522.167507449079,4582.195358935198,12759520.91446866,0.7241902748481237,1.6336281436455138,0.0,2.842960361888852e-07,6.089611888685076,-0.19318633363768406,0.010673624971904466,150825.05204550922,-0.08125696606509684,-0.08085965489556281,122.08001810312271,-16088688298.941566,-1012213885.8176663,-194314830.90383536,-16090460250.133636,-1871141490.7091534,16120498383.460154,16200056783.63175,-0.9813415807352509,-0.010474869792740125,0.1919869240934501,-0.010673422305345445,0.9999430374057773,0.0,0.1919759880201969,0.002049157517953693,0.9813974836818851,4535.482398763367,-537.5234716016067,-0.11796491882627483,2.6082708441402273e-10,193.8,0.0,-91.0,5.0,0.0,3.0496241162050996e-17,2.2980414137902234,1.5707963267948966,16.93334467590837,461.0,0.0012568982930289089,0.01902165948169378,0.0,0.0027579861648394455,-1539.969969011274,-18.954999578607616,301.28107922652885,-0.007810083522586399,0.009445784929283638,-0.068631827675529,-0.007825511603414093,0.009433007246095429,-0.068631827675529,-9.190977918856367e-19,-1.0465577630459553e-21,1.0444636553168258e-19,-9.190948537278565e-19,-2.5487611058203525e-21,1.0444636553168258e-19,-1539.9777945228775,-18.94556657136152,301.2124473988533,-1678276.1785136927,48.252015713343695,142310.01818833684,-0.06722895592558527,4566.882065192976
23.148612928403217,2001.0,12.0,14.0,14.0,21.0,51.0,1.0,3480823.8795992797,42818.1218564102,-680574.5315355255,510.76627680055293,-284.5142014911895,4522.226425694614,3546991.6782144685,4559.864292456252,3480889.45101392,37106.63239777068,-680574.5315355255,3546991.6782144685,512.928956155833,-532.0855570702618,4522.226425694614,4582.220313271348,12759520.441982713,0.7241902646527938,1.6336281434294448,0.0,2.8585383434967613e-07,6.089727459997104,-0.19307099752242832,0.010659697024103566,150791.67821446853,-0.0812085082478482,-0.08081143627292224,122.76259991526604,-16088688251.070389,-1012213879.3158445,-194319285.14217806,-16090456644.343527,-1871164068.864986,16120498335.275185,16200055863.50517,-0.981363861774318,-0.010461437681311367,0.19187373224346613,-0.010659495149881777,0.9999431859676576,0.0,0.1918628311230368,0.002045277118238942,0.9814196201803603,4535.525480353017,-537.5228908645905,-0.11796368241086279,2.6178062244375646e-10,193.8,0.0,-91.0,5.0,0.0,3.049620718937085e-17,2.2980408589742534,1.5707963267948966,16.93343689379567,461.0,0.001261513878751171,0.019135238944421772,0.0,0.0027680988541756595,-1540.033827609758,-18.94418056600432,301.1091158381256,-0.007833984076096341,0.009480515055640256,-0.06888398810396316,-0.007849529420876975,0.009467648076240445,-0.06888398810396316,-9.224739103562361e-19,-1.042946730908953e-21,1.0476684714114653e-19,-9.224709572644019e-19,-2.5565659597918247e-21,1.0476684714114653e-19,-1540.0416771391788,-18.93471291792808,301.04023185002166,-1678276.2406603768,48.440500149723945,142252.19230533144,-0.06712634984651407,4566.927430201276
23.313546185812093,2001.0,12.0,14.0,14.0,21.0,51.0,1.0,3480908.0765063413,42771.1954438712,-679828.6571207539,510.2152709037765,-284.520972265788,4522.334073361642,3546930.7034800355,4559.909788297372,3480974.0038297693,37018.87232370851,-679828.6571207539,3546930.7034800355,512.3683831378708,-532.1033764023508,4522.334073361642,4582.265906110841,12759519.573561715,0.7241902459138961,1.6336281430323139,0.0,2.88559745714622e-07,6.089938793242328,-0.19286009431667164,0.010634229621757725,150730.70348003553,-0.08111989820670489,-0.08072326361293293,124.0160870552063,-16088688163.085379,-1012213867.3656913,-194327416.16209793,-16090450055.865217,-1871205320.3647156,16120498246.713438,16200054181.882431,-0.9814045705529139,-0.010436874982470846,0.1916667434336247,-0.010634029190987696,0.9999434571130336,0.0,0.1916559060426155,0.0020381897446147142,0.9814600651384391,4535.60419327232,-537.5218300841117,-0.11796142351520966,2.6352275771327013e-10,193.74386211433648,0.0,-90.9438621143365,5.0,0.0,3.0495241566737905e-17,2.2980250891599088,1.5707963267948966,16.936058485244125,461.0,0.0012699464050627475,0.019344000016382062,0.0,0.0027865662309326487,-1540.1505058928878,-18.92439468457242,300.7946280603553,-0.007877482706060904,0.0095430343879444,-0.06934415355195031,-0.007893241990194252,0.009530003672507803,-0.06934415355195031,-9.286120757216666e-19,-1.0361508788185418e-21,1.0534756240403519e-19,-9.28609095527503e-19,-2.570698025603374e-21,1.0534756240403519e-19,-1540.158399134878,-18.91486468089991,300.7252839068034,-1678276.3548849262,48.628984586104195,142194.4541702517,-0.06702374681866118,4566.972726198515
23.410773687957427,2001.0,12.0,14.0,14.0,21.0,51.0,1.0,3480957.667670654,42743.53198665416,-679388.9587941122,509.8904355571962,-284.5249602834739,4522.397478438592,3546894.7899498176,4559.936585335892,3481023.804061628,36967.13673152811,-679388.9587941122,3546894.7899498176,512.0379078223968,-532.1138683436852,4522.397478438592,4582.292760280442,12759519.05885075,0.7241902348073661,1.633628142797026,0.0,2.9085906290923363e-07,6.090063376749247,-0.19273576430060024,0.010619216998965461,150694.78994981805,-0.08106766135242142,-0.08067128459458177,124.75807863473892,-16088688110.937529,-1012213860.2843748,-194332201.03416625,-16090446174.931595,-1871229617.5258796,16120498194.22385,16200053191.092787,-0.981428548127552,-0.010422394494551988,0.19154471700687922,-0.010619017415854687,0.9999436166450195,0.0,0.19153391707310558,0.002034016685811008,0.9814838874819874,4535.6505555648255,-537.5212054393002,-0.11796009308560053,2.645237386918212e-10,193.7,0.0,-90.9,5.0,0.0,3.0494498962630783e-17,2.298012961514491,1.5707963267948966,16.938075171519223,461.0,0.001274792131374709,0.019467715052447793,0.0,0.002797176199984862,-1540.2192326290372,-18.91272928934912,300.60921179507795,-0.007902280382818507,0.00957876351767168,-0.06960847884353977,-0.007918164599969553,0.00956563720532747,-0.06960847884353977,-9.321330039586852e-19,-1.0319493821609376e-21,1.056780966123523e-19,-9.321300081502663e-19,-2.578738907697217e-21,1.056780966123523e-19,-1540.227150793637,-18.903163652143792,300.53960331623443,-1678276.422585534,48.81746902248444,142136.8037830976,-0.06692114683731257,4567.017953182786
23.433122721579434,2001.0,12.0,14.0,14.0,21.0,51.0,1.0,3480969.0623947466,42737.17311851024,-679287.8874180057,509.81576578516393,-284.5258766335721,4522.412047403525,3546886.537980647,4559.942742624929,3481035.246765163,36955.24447385752,-679287.8874180057,3546886.537980647,511.9619416087738,-532.1162787469483,4522.412047403525,4582.298930696673,12759518.940288767,0.7241902322490085,1.6336281427428216,0.0,2.9085906290923363e-07,6.09009201427976,-0.19270718503627585,0.010615766180555647,150686.53798064683,-0.08105565385115436,-0.08065933636048254,124.92894545197487,-16088688098.925552,-1012213858.6531154,-194333300.02742934,-16090445283.160921,-1871235200.4091065,16120498182.133148,16200052963.405558,-0.9814340575853392,-0.010419065870344218,0.19151666684120816,-0.010615566791950373,0.9999436532833665,0.0,0.19150587550585108,0.0020330579686245525,0.9814893612882585,4535.661208501134,-537.5210619278582,-0.11795978739242405,2.6471972295963784e-10,193.7,0.0,-90.9,5.0,0.0,3.0494490564929495e-17,2.2980128243696214,1.5707963267948966,16.938097979964564,461.0,0.0012757417659291952,0.01949621594949004,0.0,0.0027992561088530233,-1540.235024651901,-18.910047665421196,300.5665885761217,-0.007906969406711314,0.009585909848897267,-0.06966036510044023,-0.00792288064082508,0.009572763194662942,-0.06966036510044023,-9.328276317115748e-19,-1.0308504408569836e-21,1.0574101780350973e-19,-9.328246326840008e-19,-2.5802703764748683e-21,1.0574101780350973e-19,-1540.2429475325418,-18.900474902226534,300.49692821102127,-1678276.4381801505,49.00595345886469,142079.24114386918,-0.06681854989775438,4567.063111152187
23.46931937719238,2001.0,12.0,14.0,14.0,21.0,51.0,1.0,3480987.5138316876,42726.87420648485,-679124.1907996061,509.6948284608764,-284.5273604842607,4522.435639015027,3546873.1755957655,4559.952713138279,3481053.7758484897,36935.98357353075,-679124.1907996061,3546873.175595766,511.838904542687,-532.1201816155015,4522.435639015027,4582.308922466842,12759518.748077737,0.7241902281014332,1.633628142654946,0.0,2.9124051758188207e-07,6.09013839611228,-0.19266089757078733,0.010610177235984177,150673.17559576593,-0.0810362062840359,-0.0806399847830257,125.20589756965637,-16088688079.451975,-1012213856.0085428,-194335079.27275783,-16090443839.092346,-1871244240.7883081,16120498162.531944,16200052594.689444,-0.981442979072343,-0.010413674734035743,0.19147123598112134,-0.010609978162131812,0.9999437125975638,0.0,0.1914604585626067,0.0020315056324360843,0.9814982250579273,4535.678458859802,-537.5208295524218,-0.11795929238769243,2.650370796005588e-10,193.7,0.0,-90.9,5.0,0.0,3.049447696656088e-17,2.2980126022914082,1.5707963267948966,16.938134913736167,461.0,0.001277279522073555,0.019542421097360665,0.0,0.0028026241216278554,-1540.2605969808283,-18.905704347087514,300.49755346399115,-0.007914558268833366,0.00959748202926345,-0.06974438532408342,-0.00793051330431673,0.009584302406688179,-0.06974438532408342,-9.339524526570417e-19,-1.0290644657436714e-21,1.0584285236517824e-19,-9.339494484208295e-19,-2.5827489631715666e-21,1.0584285236517824e-19,-1540.2685274941325,-18.896120044680828,300.42780907866705,-1678276.4634619243,49.19443789524494,142021.7662525664,-0.06671595599527287,4567.108200104827
23.54374222763039,2001.0,12.0,14.0,14.0,21.0,51.0,1.0,3481025.4375206754,42705.698755790785,-678787.6164439132,509.4461665717633,-284.5304103105392,4522.484127963864,3546845.711559757,4559.973205920318,3481091.858945079,36896.38137434814,-678787.6164439132,3546845.7115597567,511.5859253770167,-532.1282021533975,4522.484127963864,4582.329458938536,12759518.352150489,0.7241902195580083,1.633628142473933,0.0,2.9276136613471166e-07,6.090233761492968,-0.19256572621016774,0.010598686075832616,150645.71155975712,-0.08099622021718145,-0.08060019607807739,125.7761704325676,-16088688039.339455,-1012213850.5610881,-194338734.83749852,-16090440870.956263,-1871262821.8397326,16120498122.156528,16200051836.768843,-0.9814613157825347,-0.010402589899554053,0.1913778245926041,-0.010598487648087553,0.9999438344525023,0.0,0.19136707575230696,0.002028315510062581,0.9815164431909444,4535.71391431626,-537.5203519926284,-0.1179582750046517,2.656893504557681e-10,193.7,0.0,-90.9,5.0,0.0,3.049444901750111e-17,2.2980121458486242,1.5707963267948966,16.938210825145475,461.0,0.0012804401728226382,0.019637597483830385,0.0,0.002809546572178028,-1540.3131578161888,-18.896773634073245,300.3556037544865,-0.007930140080724651,0.009621267200925904,-0.06991707798111024,-0.00794618534768936,0.009608019706042192,-0.06991707798111024,-9.36264373727081e-19,-1.0253686030613903e-21,1.0605194760772881e-19,-9.362613588016031e-19,-2.5878381539119124e-21,1.0605194760772881e-19,-1540.3211040015365,-18.887165614367202,300.28568667650535,-1678276.5155387614,49.38292233162519,141964.37910918923,-0.06661336512515457,4567.153220038821
23.61192481870659,2001.0,12.0,14.0,14.0,21.0,51.0,1.0,3481060.165113687,42686.29863996147,-678479.2602441607,509.21834721078807,-284.53320314393983,4522.528531037572,3546820.5621111384,4559.991971799544,3481126.732297548,36860.09924437723,-678479.2602441607,3546820.5621111384,511.3541506656927,-532.1355454170555,4522.528531037572,4582.348264825383,12759517.988559576,0.7241902117123326,1.6336281423077035,0.0,2.9427435484724594e-07,6.090321131903895,-0.1924785335450217,0.010588158552586144,150620.56211113837,-0.08095958632625601,-0.08056374300108532,126.29961428046227,-16088688002.503342,-1012213845.5585567,-194342080.71461427,-16090438152.839693,-1871279837.0996094,16120498085.07899,16200051142.61777,-0.9814781073180403,-0.010392434181231133,0.1912922428306653,-0.010587960715538074,0.9999439459729161,0.0,0.19128152013010472,0.002025394752278254,0.9815331262024801,4535.746382132202,-537.5199147357561,-0.11795734337811839,2.662839396817606e-10,193.70080301591196,0.0,-90.9,4.99919698408803,0.0,3.04944363506103e-17,2.2980119389825986,1.5707963267948966,16.93824522945253,461.0,0.0012833214755417065,0.019724999892823836,0.0,0.002815856097177829,-1540.3612906363153,-18.88859110350678,300.22554607169104,-0.00794430621769351,0.009642949625918317,-0.07007449009870036,-0.00796043418892046,0.009629639987681172,-0.07007449009870036,-9.383720356148664e-19,-1.0219427248325987e-21,1.0624208958698997e-19,-9.38369010953407e-19,-2.592464704822812e-21,1.0624208958698997e-19,-1540.369251070504,-18.878961463519097,300.15547158159234,-1678276.5633623619,49.57140676800544,141907.07971373777,-0.06651077728268608,4567.198170952293
23.63999559896766,2001.0,12.0,14.0,14.0,21.0,51.0,1.0,3481074.457953556,42678.31155480706,-678352.3090830601,509.1245518856226,-284.5343526010851,4522.546806190763,3546810.2113493658,4559.999695321166,3481141.085068231,36845.16174199898,-678352.3090830601,3546810.211349366,511.2587269024076,-532.138567315985,4522.546806190763,4582.356004812945,12759517.83861836,0.724190208476851,1.6336281422391519,0.0,2.9427435484724594e-07,6.090357102670985,-0.19244263595417788,0.010583824402895486,150610.21134936623,-0.08094450398159198,-0.08054873509769506,126.51540729403496,-16088687987.312588,-1012213843.4955645,-194343457.33109027,-16090437034.10789,-1871286840.1177497,16120498069.788675,16200050856.895357,-0.9814850182648619,-0.010388252978436483,0.19125700803285564,-0.010583626808694529,0.9999439918533309,0.0,0.19124629608229826,0.002024192797567236,0.9815399925007234,4535.7597450372205,-537.5197347892819,-0.11795695995248832,2.6657967573239334e-10,193.68601621338033,0.0,-90.9,5.013983786619667,0.0,3.049418778003963e-17,2.2980078795171126,1.5707963267948966,16.93892039671269,461.0,0.001284753069695114,0.01976104369521421,0.0,0.002819010766059989,-1540.3811011270864,-18.885222175249332,300.1719984558305,-0.007951710149469623,0.009653735450644196,-0.0701530403172331,-0.007967875343956297,0.009640397551728665,-0.0701530403172331,-9.394178802908197e-19,-1.0207471194029587e-21,1.0634071790636913e-19,-9.394148510043637e-19,-2.594888673500186e-21,1.0634071790636913e-19,-1540.3890690024302,-18.875581777697604,300.10184541551325,-1678276.5830843337,49.75989120438569,141849.86806621193,-0.06640819246315423,4567.243052843376
23.683213167004865,2001.0,12.0,14.0,14.0,21.0,51.0,1.0,3481096.4579580254,42666.0146338304,-678156.8550008783,508.9801429298749,-284.53612189457317,4522.574936099202,3546794.2791198543,4560.011583668666,3481163.177252378,36822.16390675191,-678156.8550008783,3546794.2791198543,511.1118107925077,-532.1432183000854,4522.574936099202,4582.367918505352,12759517.607442085,0.7241902034884485,1.63362814213346,0.0,2.954040110349518e-07,6.090412483410373,-0.1923873678742742,0.010577151615099785,150594.27911985433,-0.08092128312283278,-0.0805256288483514,126.84803283214569,-16088687963.891897,-1012213840.3148868,-194345575.75481892,-16090435312.07392,-1871297619.4425097,16120498046.214485,16200050417.062965,-0.98149565587893,-0.010381815523817025,0.19120275991004604,-0.01057695439439373,0.9999440624533649,0.0,0.1911920644967468,0.002022342871650771,0.9815505614092335,4535.780313793364,-537.5194578271836,-0.11795636977585211,2.670348822898768e-10,193.66325588550615,0.0,-90.9,5.036744114493838,0.0,3.049380515739563e-17,2.298001630815131,1.5707963267948966,16.939959785307842,461.0,0.001286956653565189,0.01981661528562802,0.0,0.0028238666541895684,-1540.4115946035274,-18.88003519328754,300.08955368504536,-0.007963099745888833,0.009670337668151058,-0.07027395052300109,-0.007979322326824197,0.00965695621734307,-0.07027395052300109,-9.410276938941888e-19,-1.018895794485814e-21,1.0649243806625603e-19,-9.410246574937835e-19,-2.598617548388201e-21,1.0649243806625603e-19,-1540.4195739258541,-18.8703782370702,300.01927973452234,-1678276.6134912614,49.94837564076593,141792.74416661175,-0.066305610661846,4567.287865710212
23.876869347246487,2001.0,12.0,14.0,14.0,21.0,51.0,1.0,3481194.9624494757,42610.91168804855,-677281.0182150181,508.33301711690143,-284.54404403654354,4522.700890027114,3546722.9429450594,4560.064814225769,3481262.093466649,36719.109067324396,-677281.0182150181,3546722.9429450594,510.4534501847678,-532.1640366974016,4522.700890027114,4582.421262543598,12759516.56668563,0.7241901810305769,1.6336281416576315,1.4901161193847656e-08,2.9876735293512787e-07,6.090660648363445,-0.1921397077123371,0.010547251678140645,150522.9429450594,-0.08081722854559426,-0.08042208783392911,128.34431478381157,-16088687858.453396,-1012213825.9955046,-194355053.37203968,-16090427601.031775,-1871345884.3719854,16120497940.08492,16200048447.142754,-0.9815432864276524,-0.010352967981433106,0.19095966307777923,-0.01054705612524023,0.9999443782566564,0.0,0.19094904156841053,0.002014062284138302,0.981597884613257,4535.872411951893,-537.518217994357,-0.11795372734218625,2.690730587125891e-10,193.56134706437055,0.0,-90.9,5.1,0.0,3.0492091754647285e-17,2.29797364882474,1.5707963267948966,16.944615841716324,461.0,0.0012968235568414394,0.020066798016509138,0.0,0.0028455633185636934,-1540.5481362031717,-18.856789490684516,299.7200735815082,-0.008013813594088601,0.009744598878978007,-0.07081418884940795,-0.008030294344056062,0.009731021959732692,-0.07081418884940795,-9.48220137022496e-19,-1.0103518269681108e-21,1.0716798531884105e-19,-9.482170690219797e-19,-2.6151636930775578e-21,1.0716798531884105e-19,-1540.5561664975157,-18.847058468724782,299.6492593926588,-1678276.7503833733,50.13686007714618,141735.70801493723,-0.06620303187404847,4567.332609550952
24.038236366228457,2001.0,12.0,14.0,14.0,21.0,52.0,1.0,3481276.94712287,42564.99513187087,-676551.194996018,507.7937456859308,-284.55063780127756,4522.805724357456,3546663.570291133,4560.10911864085,3481344.4195526536,36633.23394547552,-676551.194996018,3546663.570291133,509.9048167650847,-532.1813558786766,4522.805724357456,4582.465661408241,12759515.693332836,0.7241901621849322,1.6336281412583598,1.4901161193847656e-08,3.0209325153698576e-07,6.090867443267042,-0.1919333333962206,0.010522337785419464,150463.57029113313,-0.08073051990264594,-0.08033580712847083,129.5983394086361,-16088687769.976284,-1012213813.9798131,-194362932.08399722,-16090421182.32927,-1871386055.9206758,16120497851.027927,16200046806.85871,-0.9815829301415477,-0.010328928363077987,0.1907570824205585,-0.010522143615002484,0.9999446407145474,0.0,0.19074652224478067,0.0020071734168079823,0.981637272879548,4535.949067225623,-537.5171864110678,-0.1179515281459387,2.7079289126600603e-10,193.5,0.0,-90.87652898733305,5.1,0.0,3.049104343726853e-17,2.2979565285027093,1.5707963267948966,16.947465883278472,461.0,0.0013051496285399703,0.02027672740730078,0.0,0.0028638024681882594,-1540.6617886391339,-18.83741584750443,299.41213813797725,-0.00805635604041438,0.009806802057301865,-0.07126857060039224,-0.008073054019392456,0.009793060708531968,-0.07126857060039224,-9.542782746535045e-19,-1.003004294083957e-21,1.0773569910245977e-19,-9.542751804037978e-19,-2.62898432526224e-21,1.0773569910245977e-19,-1540.6698616931533,-18.8276227867959,299.34086956737684,-1678276.8652566765,50.32534451352643,141678.75961118838,-0.06610045609504904,4567.377284363752
24.136899271541026,2001.0,12.0,14.0,14.0,21.0,52.0,1.0,3481327.031262724,42536.920340488025,-676104.9586831748,507.464005139642,-284.55466600438706,4522.86976890531,3546627.2997523383,4560.136184472433,3481394.7116945274,36580.72686489759,-676104.9586831748,3546627.2997523383,509.569351930032,-532.1919325874142,4522.86976890531,4582.492784938683,12759515.156570772,0.7241901506023737,1.633628141012984,0.0,3.035597322503245e-07,6.090993885057251,-0.1918071487430403,0.01050710526168631,150427.29975233832,-0.0806775029789913,-0.08028305185552204,130.3683259189129,-16088687715.599182,-1012213806.5952988,-194367740.93170503,-16090417260.78286,-1871410596.9979894,16120497796.294449,16200045804.483711,-0.981607148836201,-0.010314229202333164,0.1906332133433889,-0.010506911933310823,0.9999448008773413,0.0,0.19062269055726272,0.002002966384163041,0.9816613356806786,4535.995896792877,-537.5165563642925,-0.11795018470284929,2.718810074298504e-10,193.5,0.0,-90.82471393191189,5.1,0.0,3.049100654673791e-17,2.2979559260346245,1.5707963267948966,16.94756619501909,461.0,0.0013104173004787124,0.020405757661110562,0.0,0.0028753349603897606,-1540.7312228424266,-18.825568728135117,299.2238334425936,-0.008083419626192115,0.009845597445865632,-0.07155625248431467,-0.008100252426974753,0.009831753278964711,-0.07155625248431467,-9.581282107102476e-19,-9.985690302209824e-22,1.0809846247699524e-19,-9.581251000051165e-19,-2.6378095295855e-21,1.0809846247699524e-19,-1540.7393230948537,-18.81573697485615,299.1522771901093,-1678276.935857743,50.51382894990668,141621.89895536515,-0.06599788332013512,4567.421890146782
24.215796777178948,2001.0,12.0,14.0,14.0,21.0,52.0,1.0,3481367.0585045423,42514.46956012356,-675748.1135209174,507.2003116918675,-284.55788539643487,4522.920954195193,3546598.3123395336,4560.157815714229,3481434.9048623745,36538.73791548769,-675748.1135209174,3546598.312339533,509.30108085258496,-532.2003835703733,4522.920954195193,4582.514462293384,12759514.725780679,0.7241901413065194,1.63362814081608,1.4901161193847656e-08,3.053829302179706e-07,6.091094998286571,-0.1917062411283956,0.010494924478940168,150398.3123395336,-0.08063510620843715,-0.08024086431930547,130.9858342707157,-16088687671.958078,-1012213800.6691682,-194371581.85498273,-16090414126.46888,-1871430210.4563892,16120497752.367357,16200045003.200174,-0.9816265046846613,-0.010302474285954507,0.19053415526923778,-0.010494731822154041,0.9999449287855712,0.0,0.19052366232191695,0.0019996048625113088,0.9816805670256685,4536.033323600343,-537.5160529092117,-0.1179491110438878,2.727339331561831e-10,193.48330334219085,0.0,-90.8,5.1,0.0,3.0490708162576304e-17,2.2979510530514613,1.5707963267948966,16.948377598513336,461.0,0.0013145466846512558,0.020509311241312646,0.0,0.0028843781532718596,-1540.7867170222262,-18.81609404543019,299.07323757268733,-0.008104510760384417,0.009876245269440836,-0.07178167935317405,-0.008121451119604736,0.009862319554709748,-0.07178167935317405,-9.611387333736692e-19,-9.949065859678608e-22,1.0838048559868288e-19,-9.611356097533241e-19,-2.6446728269627396e-21,1.0838048559868288e-19,-1540.7948384733459,-18.80623172587548,299.00145589333414,-1678276.9925201703,50.70231338628693,141565.12604746758,-0.06589531354459437,4567.466426898217
24.28217510921003,2001.0,12.0,14.0,14.0,21.0,52.0,1.0,3481400.7182519585,42495.580992466595,-675447.8881434103,506.97845281789324,-284.5605926868445,4522.963997593195,3546573.936215983,4560.176006039254,3481468.703927521,36503.41110587865,-675447.8881434103,3546573.936215983,509.0753706401559,-532.2074888553491,4522.963997593195,4582.532691395703,12759514.362326529,0.7241901334636675,1.6336281406499524,0.0,3.061091688897344e-07,6.091180068507701,-0.19162134388912996,0.010484676615697429,150373.93621598324,-0.0805994362092729,-0.08020537035447682,131.5065658390522,-16088687635.138758,-1012213795.6693416,-194374810.1802204,-16090411490.616337,-1871446703.984108,16120497715.30675,16200044329.26169,-0.9816427816085724,-0.010292584269320483,0.1904508126127153,-0.010484484522722683,0.9999450362816412,0.0,0.19044034472788965,0.0019967785971779714,0.9816967393116657,4536.064797015481,-537.5156295971992,-0.11794820819575426,2.734303938290504e-10,193.4484803085475,0.0,-90.8,5.1,0.0,3.049012251054557e-17,2.29794148862797,1.5707963267948966,16.9499704111173,461.0,0.0013179188436779656,0.020596680126732745,0.0,0.002891766653006933,-1540.833384870733,-18.80812213296379,298.9465275673207,-0.008121596089196829,0.009901576776338508,-0.0719656534957912,-0.008138626425762272,0.009887583405244546,-0.0719656534957912,-9.635876509002278e-19,-9.91710745136677e-22,1.0860806256034163e-19,-9.635845166991258e-19,-2.6502142052438738e-21,1.0860806256034163e-19,-1540.8415234971587,-18.798234549558543,298.8745619138249,-1678277.0403258093,50.89079782266718,141508.4408874957,-0.06579274676371454,4567.510894616245
24.504963870398743,2001.0,12.0,14.0,14.0,21.0,52.0,1.0,3481513.5844018445,42432.18307891659,-674440.2065136158,506.23376817738153,-284.5696708758301,4523.108332616616,3546492.1994412383,4560.237001978221,3481582.03580716,36384.83860472038,-674440.2065136158,3546492.1994412383,508.31775909734364,-532.2313050846774,4523.108332616616,4582.593817360616,12759513.135706503,0.7241901069947613,1.6336281400892527,1.4901161193847656e-08,3.111453804049072e-07,6.091465602271255,-0.19133639066817335,0.0104502820013871,150292.19944123784,-0.08047971130962814,-0.08008623629095406,133.26235488057137,-16088687510.879644,-1012213778.794997,-194385624.64039955,-16090402651.26784,-1871502010.301683,16120497590.233284,16200042068.635414,-0.9816973617919407,-0.010259387743881949,0.19017106723648686,-0.010450091792673512,0.9999453962999804,0.0,0.19016068319257906,0.001987305108931974,0.9817509690273474,4536.170334919176,-537.5142105285669,-0.11794518090614639,2.7576573025034763e-10,193.4,0.0,-90.8,5.168286512517382,0.0,3.048925849734383e-17,2.297927378221568,1.5707963267948966,16.95232085692135,461.0,0.0013292275811291547,0.020891557727868725,0.0,0.002916627763804343,-1540.9898799805474,-18.78136136048611,298.52117698056736,-0.008179131060246795,0.00998674337741849,-0.07258527726591575,-0.0081964653834049,0.009972521416660437,-0.07258527726591575,-9.718624915525785e-19,-9.80961157101826e-22,1.0937747133653768e-19,-9.718593215685338e-19,-2.6690545005047093e-21,1.0937747133653768e-19,-1540.9980764459308,-18.77138883906945,298.4485917033014,-1678277.2016648967,51.079282259047424,141451.84347544942,-0.06569018297278367,4567.555293299059
24.586314608435806,2001.0,12.0,14.0,14.0,21.0,52.0,1.0,3481554.7558301445,42409.03299166482,-674072.246174048,505.9618296728035,-284.57298251885123,4523.160984858895,3546462.383416031,4560.259252544225,3481623.3765776563,36341.54084217711,-674072.246174048,3546462.38341603,508.0411001871892,-532.2399893900108,4523.160984858895,4582.616115357578,12759512.685039101,0.7241900972699006,1.633628139883316,1.4901161193847656e-08,3.118582000800436e-07,6.091569867457005,-0.19123233745225887,0.010437723195766763,150262.3834160301,-0.0804359925446161,-0.08004273326964238,133.90656185150146,-16088687465.226725,-1012213772.596392,-194389565.48478448,-16090399426.460655,-1871522185.4016626,16120497544.281237,16200041243.67174,-0.9817172720789104,-0.010247265278243878,0.19006891186161884,-0.010437533671986647,0.9999455274617943,0.0,0.19005855832555574,0.001983850667553509,0.9817707516236874,4536.208834233312,-537.5136930168111,-0.11794407664470331,2.766284975190971e-10,193.38911916575728,0.0,-90.8,5.2,0.0,3.048905290677862e-17,2.297924020672838,1.5707963267948966,16.952880241382303,461.0,0.0013334055456241966,0.020999859280237856,0.0,0.002925820945012838,-1541.0469705919154,-18.771588098132476,298.36583531742207,-0.008200425479737332,0.010018229288832631,-0.07281445986826056,-0.008217872146898222,0.010003922906019598,-0.07281445986826056,-9.749258770177914e-19,-9.770093859042339e-22,1.0966254660342897e-19,-9.749226938618777e-19,-2.676045468499937e-21,1.0966254660342897e-19,-1541.0551884640622,-18.761584175226456,298.2930208575538,-1678277.2609418351,51.267766695427675,141395.33381132883,-0.06558762216708985,4567.59962294486
24.650671604130235,2001.0,12.0,14.0,14.0,21.0,52.0,1.0,3481587.311090623,42390.718645183806,-673781.1477821948,505.74669055027306,-284.5756011512877,4523.2026188760265,3546438.8071530545,4560.276846769296,3481656.0655335714,36307.28725452415,-673781.1477821948,3546438.807153055,507.8222266586194,-532.2468549924491,4523.2026188760265,4582.633747087456,12759512.327583207,0.7241900895564151,1.6336281397199288,0.0,3.1292438507080205e-07,6.091652353430205,-0.19115001916124505,0.010427787971717525,150238.80715305544,-0.08040140582225984,-0.08000831722379873,134.4174095094204,-16088687429.016659,-1012213767.6791588,-194392680.06632793,-16090396876.394407,-1871538138.5031543,16120497507.833866,16200040591.23983,-0.9817330158104466,-0.010237674813757819,0.18998809352728702,-0.010427598988619306,0.9999456311116782,0.0,0.18997776408584757,0.001981119651914848,0.981786394445282,4536.239277001357,-537.5132838597342,-0.1179432034917832,2.773357854083362e-10,193.35543879007923,0.0,-90.8,5.2,0.0,3.04884863696783e-17,2.2979147684198513,1.5707963267948966,16.954421911378013,461.0,0.0013368298250513693,0.02108578385675171,0.0,0.0029333241700857634,-1541.0921151165485,-18.76385579936886,298.24293386341867,-0.008217841001719442,0.01004395309099292,-0.0730012907982363,-0.008235378224981906,0.010029578750630621,-0.0730012907982363,-9.774132096168575e-19,-9.738660241551082e-22,1.0989456209919382e-19,-9.77410015938693e-19,-2.681695598726219e-21,1.0989456209919382e-19,-1541.1003504947735,-18.75382622061823,298.16993257262044,-1678277.3079585303,51.456251131807925,141338.91189513388,-0.06548506434192136,4567.643883551864
24.74777865212751,2001.0,12.0,14.0,14.0,21.0,52.0,1.0,3481636.4068968543,42363.08415686665,-673341.909879602,505.42205928584957,-284.5795503059517,4523.26540712684,3546403.25235713,4560.303380453479,3481705.362615395,36255.60183095227,-673341.909879602,3546403.252357131,507.49196050560914,-532.2572066820485,4523.26540712684,4582.660337331706,12759511.786489764,0.7241900778802198,1.6336281394726035,1.4901161193847656e-08,3.153981341200592e-07,6.091776817018139,-0.19102580857514406,0.010412797089796645,150203.25235713087,-0.08034921760716092,-0.07995638654014116,135.19027018547058,-16088687374.204742,-1012213760.2357997,-194397374.51796168,-16090393030.461617,-1871562197.2480795,16120497452.662737,16200039607.115635,-0.981756758851737,-0.010223203412317774,0.18986614379852682,-0.010412608920564894,0.9999457873182263,0.0,0.18985585064569346,0.0019770019026297972,0.981809985404038,4536.285187697136,-537.5126669065565,-0.11794188673378915,2.7840242928607335e-10,193.30464622447272,0.0,-90.8,5.2,0.0,3.048763191453773e-17,2.297900814108434,1.5707963267948966,16.956747619018916,461.0,0.0013419940438238061,0.02121585022714412,0.0,0.0029446398205762152,-1541.1601991224488,-18.752187645242493,298.0574737361657,-0.00824406760898223,0.010082747550422938,-0.07328305235859008,-0.008261741879528134,0.010068270458379667,-0.07328305235859008,-9.81164241400781e-19,-9.690667650159797e-22,1.1024395444857086e-19,-9.811610318883986e-19,-2.6902040179341665e-21,1.1024395444857086e-19,-1541.1684608643284,-18.742119374784114,297.9841906838071,-1678277.3791293409,51.644735568188175,141282.57772686458,-0.06538250949256665,4567.688075118292
24.78994520395756,2001.0,12.0,14.0,14.0,21.0,52.0,1.0,3481657.715830252,42351.084382368696,-673151.1787997718,505.28109099283597,-284.58126436970264,4523.292659329496,3546387.820595516,4560.314896900133,3481726.758777801,36233.15828514479,-673151.1787997718,3546387.8205955154,507.3485453461802,-532.2616987910401,4523.292659329496,4582.671878326978,12759511.550898695,0.7241900727964176,1.6336281393649168,0.0,3.153981341200592e-07,6.091830863307308,-0.1909718721423113,0.010406287707147332,150187.8205955159,-0.08032655568639686,-0.0799338364469484,135.52661755681038,-16088687350.339941,-1012213756.9949569,-194399411.0756386,-16090391361.132837,-1871572639.5025601,16120497428.641535,16200039179.902601,-0.9817670640976721,-0.010216919332601491,0.18981318819404672,-0.010406099890586116,0.9999458550766972,0.0,0.1898029107735301,0.0019752149968978714,0.9818202246784344,4536.3051144628935,-537.512399164398,-0.11794131523310848,2.788197093677077e-10,193.2847757443949,0.0,-90.8,5.2,0.0,3.048729607268894e-17,2.2978953293948163,1.5707963267948966,16.957661914918265,461.0,0.0013440153779074155,0.021272481606342823,0.0,0.002949068126491703,-1541.189750443278,-18.74712062403302,297.9769356843922,-0.008254086675258369,0.010097934191328975,-0.07339334290930581,-0.00827181770849128,0.010083414777374705,-0.07339334290930581,-9.826324391619831e-19,-9.6680446308029e-22,1.1037745759762e-19,-9.826292233131723e-19,-2.6934541485275587e-21,1.1037745759762e-19,-1541.1980222609864,-18.737037209255647,297.9035423414829,-1678277.4101169836,51.833220004568425,141226.33130652094,-0.06527995761431432,4567.732197642375
24.83194390869793,2001.0,12.0,14.0,14.0,21.0,52.0,1.0,3481678.9340330972,42339.1323020289,-672961.2057970458,505.1406811471777,-284.58297114843083,4523.319795720043,3546372.4545402373,4560.326364370242,3481748.0637598727,36210.803889287075,-672961.2057970458,3546372.4545402373,507.20569834831815,-532.2661712857703,4523.319795720043,4582.683370241177,12759511.31590044,0.724190067725403,1.6336281392575003,0.0,3.164523926615028e-07,6.091884694927701,-0.19091814993870265,0.01039980427812085,150172.45454023732,-0.08030398375528951,-0.07991137589848421,135.86202329397202,-16088687326.535313,-1012213753.7622676,-194401438.38210037,-16090389698.862577,-1871583037.3535311,16120497404.680897,16200038754.466528,-0.9817773255322833,-0.010210660147365023,0.18976044237414727,-0.010399616812385735,0.999945922522891,0.0,0.1897501806081686,0.0019734358868399365,0.9818304204443697,4536.32495653947,-537.5121325819578,-0.11794074617097092,2.792230683187704e-10,193.26556817529664,0.0,-90.8,5.2,0.0,3.048697096574436e-17,2.297890019995489,1.5707963267948966,16.95854708356959,461.0,0.0013459696009424807,0.021328970564884992,0.0,0.0029533491696129466,-1541.219176531256,-18.7420735392141,297.8967145125463,-0.00826369656473069,0.01011261721737323,-0.0734999732878315,-0.008281483445304607,0.010098056240891166,-0.0734999732878315,-9.840518786925803e-19,-9.64498083631408e-22,1.1050551675352363e-19,-9.840486566818604e-19,-2.6965714483540228e-21,1.1050551675352363e-19,-1541.2274580147011,-18.73197548297321,297.82321453925846,-1678277.4410266522,52.021704440948675,141170.17263410296,-0.06517740870245317,4567.776251122351
24.89655820073013,2001.0,12.0,14.0,14.0,21.0,52.0,1.0,3481711.566361521,42320.74409001323,-672668.9333423915,504.92465775509856,-284.58559609797305,4523.361530304408,3546348.8224651446,4560.344000769392,3481780.829396784,36176.411665242995,-672668.9333423915,3546348.8224651446,506.9859253889797,-532.2730487652268,4523.361530304408,4582.701044233868,12759510.953702865,0.724190059909551,1.6336281390919407,0.0,3.175031505921871e-07,6.091967514867821,-0.19083549833008026,0.010389829715849392,150148.82246514503,-0.08026925679935086,-0.07987682030322245,136.37879127264023,-16088687289.846,-1012213748.779792,-194404555.12879208,-16090387142.295797,-1871599028.740702,16120497367.751131,16200038100.090872,-0.9817931071361788,-0.01020103026416222,0.18967929186244137,-0.010389642788996267,0.9999460262047732,0.0,0.18966905415118362,0.001970700086920532,0.9818461010965837,4536.355472772682,-537.5117226325283,-0.11793987099746948,2.798434102899429e-10,193.2360280814313,0.0,-90.8,5.2,0.0,3.04864709461859e-17,2.2978818540563988,1.5707963267948966,16.959908673938823,461.0,0.001348975135147655,0.021416035964710964,0.0,0.0029599332414544607,-1541.2644332508971,-18.734308230711623,297.7732883820955,-0.008278461499499247,0.010135199238198193,-0.07366396699902288,-0.008296334457306069,0.010120574241078446,-0.07366396699902288,-9.862348790602963e-19,-9.609281468408057e-22,1.1070226882636265e-19,-9.862316475896664e-19,-2.701360870491322e-21,1.1070226882636265e-19,-1541.2727295853545,-18.724187656470544,297.6996244150964,-1678277.4886670355,52.21018887732892,141114.1017096106,-0.06507486275227206,4567.8202355564745
24.994586652447442,2001.0,12.0,14.0,14.0,21.0,52.0,1.0,3481761.0472797477,42292.84640953424,-672225.5121128849,504.5969095024933,-284.58957641028576,4523.42481412726,3546312.988774033,4560.370743387328,3481830.512099059,36124.233251271056,-672225.5121128849,3546312.9887740333,506.6524884296331,-532.2834749962389,4523.42481412726,4582.727843855475,12759510.402659265,0.7241900480185723,1.6336281388400569,1.4901161193847656e-08,3.195943026174204e-07,6.092093165805102,-0.1907101027638479,0.010374697173539822,150112.98877403373,-0.08021657041922169,-0.07982439390089537,137.1645668745041,-16088687234.027819,-1012213741.1994909,-194409278.48845208,-16090383265.512186,-1871623276.9973898,16120497311.567122,16200037107.662298,-0.9818170373345231,-0.010186419914323262,0.18955617122370083,-0.010374511062258432,0.9999461833119916,0.0,0.18954596993837403,0.001966552595279638,0.9818698783194294,4536.401745726128,-537.511101108467,-0.11793854398126084,2.80810336778988e-10,193.2,0.0,-90.78998396290532,5.2,0.0,3.048585394039208e-17,2.297871777587097,1.5707963267948966,16.96158913923202,461.0,0.001353659452546503,0.02154849692378672,0.0,0.0029701932970952363,-1541.3330594029642,-18.722526176285726,297.5860178581716,-0.008301597690251862,0.010170237596121042,-0.07391961243922208,-0.008319603010797236,0.010155513906990748,-0.07391961243922208,-9.896416666222791e-19,-9.555531049492075e-22,1.1101098207789558e-19,-9.896384205336233e-19,-2.7088743739248616e-21,1.1101098207789558e-19,-1541.3413790059749,-18.712370662378735,297.5120982457324,-1678277.5611466262,52.39867331370917,141058.11853304395,-0.06497231975906015,4567.864150943001
25.05634721975487,2001.0,12.0,14.0,14.0,21.0,53.0,1.0,3481792.205094489,42275.26991843677,-671946.1415994555,504.39041177331006,-284.59208282383025,4523.464664163627,3546290.4245300908,4560.387583202969,3481861.7967568426,36091.35891916575,-671946.1415994555,3546290.4245300917,506.442406590199,-532.2900389634591,4523.464664163627,4582.744719565945,12759510.054449635,0.7241900405045361,1.6336281386808988,1.4901161193847656e-08,3.2063476430401363e-07,6.092172330583471,-0.190631098869503,0.010365163382537575,150090.42453009123,-0.08018337597207563,-0.0797913632473357,137.66080287098885,-16088687198.756113,-1012213736.4096055,-194412251.1408271,-16090380824.181482,-1871638546.1292124,16120497276.064257,16200036482.611311,-0.9818321062122862,-0.01017721466620944,0.189478599088086,-0.0103649777838619,0.9999462821749676,0.0,0.18946842070985281,0.0019639414700652873,0.9818848509309105,4536.430883939063,-537.5107097933925,-0.11793770838212032,2.81487264097263e-10,193.2,0.0,-90.75774932870176,5.2,0.0,3.048583100965966e-17,2.2978714030998177,1.5707963267948966,16.96165159959999,461.0,0.001356937585717775,0.02163220108755478,0.0,0.0029773694088626197,-1541.3762744982203,-18.715102513855612,297.4680220395045,-0.008318167154277849,0.010194360451403204,-0.0740986462149049,-0.008336259750204286,0.010179570874882917,-0.0740986462149049,-9.920372371998913e-19,-9.523690896867192e-22,1.1123310869417365e-19,-9.920339811197459e-19,-2.7142773963087853e-21,1.1123310869417365e-19,-1541.3846107579704,-18.70492294298073,297.3939233932896,-1678277.6069471613,52.58715775008942,141002.2231044029,-0.06486977971810665,4567.9079972802
25.205466946210883,2001.0,12.0,14.0,14.0,21.0,53.0,1.0,3481867.382479183,42232.8311738738,-671271.5966152152,503.89180302911046,-284.5981303989626,4523.560816061147,3546235.981660518,4560.428214717375,3481937.279489205,36011.98279332899,-671271.5966152152,3546235.9816605174,505.9351438513036,-532.3058721163709,4523.560816061147,4582.785437687128,12759509.210254693,0.7241900222875575,1.6336281382950875,1.4901161193847656e-08,3.2339296362118123e-07,6.092363476590406,-0.19044034129225113,0.010342144601401437,150035.9816605174,-0.08010322667083064,-0.07971160942441255,138.86284437775612,-16088687113.244894,-1012213724.7979324,-194419418.39063957,-16090374933.276733,-1871675387.907919,16120497189.992672,16200034974.078539,-0.9818684649008597,-0.010154987705151663,0.18929129366650146,-0.010341960236500636,0.9999465204992048,0.0,0.1892811704626113,0.001957643032214723,0.981920977544559,4536.501189813814,-537.5097658040182,-0.11793569229943984,2.831205501844784e-10,193.1799738007391,0.0,-90.7,5.220026199260877,0.0,3.048545294646082e-17,2.2978652288592265,1.5707963267948966,16.9626814639767,461.0,0.001364847097326357,0.021835136882954184,0.0,0.0029947135209686983,-1541.4805488666232,-18.697176149121653,297.18309042897124,-0.00835815891775264,0.010252911634109347,-0.07453115197863423,-0.008376463655857088,0.010237962399489856,-0.07453115197863423,-9.978165409444277e-19,-9.446123051943563e-22,1.1176835420268464e-19,-9.9781326075368e-19,-2.727331813089275e-21,1.1176835420268464e-19,-1541.488925330279,-18.686938186722163,297.1085592769926,-1678277.7179854028,52.77564218646967,140946.41542368752,-0.06476724262470093,4567.9517745663525
25.37803707323572,2001.0,12.0,14.0,14.0,21.0,53.0,1.0,3481954.2893598727,42183.71743510731,-670490.9555593012,503.3147415417732,-284.6051217460649,4523.671973462213,3546173.044381095,4560.475186629664,3482024.5381253147,35920.12112239452,-670490.9555593012,3546173.0443810946,505.3480670499261,-532.3241679440234,4523.671973462213,4582.832509718843,12759508.227075003,0.7241900010713335,1.6336281378458166,1.4901161193847656e-08,3.268079787412495e-07,6.092584689308727,-0.19021957805154815,0.0103155065787899,149973.04438109463,-0.08001046976865661,-0.07961931019620705,140.2610539495945,-16088687013.657219,-1012213711.2756218,-194427694.82735404,-16090368122.391542,-1871717978.795632,16120497089.752438,16200033229.4331,-0.9819104974706682,-0.010129263482872018,0.1890745169984564,-0.010315323634811155,0.9999467956338023,0.0,0.18906445740861536,0.0019503648339346806,0.9819627421759954,4536.582467527527,-537.5086748339024,-0.11793336173956835,2.8501860516559675e-10,193.1,0.0,-90.7,5.3,0.0,3.048410001727438e-17,2.297843133848855,1.5707963267948966,16.966367978760907,461.0,0.0013740384073943914,0.022071457911738476,0.0,0.0030149553414911164,-1541.601101821938,-18.676427050069638,296.8532927070351,-0.008404806884538835,0.010322132655177476,-0.07503529215253492,-0.008423361297643879,0.01030699693251278,-0.07503529215253492,-1.0045308508796937e-18,-9.35597871291314e-22,1.1239018605701574e-19,-1.0045275426053933e-18,-2.7426008874107843e-21,1.1239018605701574e-19,-1541.6095251832357,-18.666120053137124,296.77825741488255,-1678277.847304538,52.96412662284992,140890.6954908978,-0.0646647084741326,4567.995482799742
25.441593861098283,2001.0,12.0,14.0,14.0,21.0,53.0,1.0,3481986.2716739425,42165.6287659952,-670203.4441993219,503.10220106441295,-284.6076946634489,4523.712881067899,3546149.883040996,4560.49247284952,3482056.6495538023,35886.288094264084,-670203.4441993219,3546149.883040996,505.13183786977476,-532.3308988518888,4523.712881067899,4582.849832783286,12759507.863301562,0.724189993221373,1.6336281376795811,0.0,3.2748670840019003e-07,6.092666162912948,-0.19013826997715225,0.010305696096898154,149949.8830409958,-0.07997630690483301,-0.07958531589247028,140.77798718214035,-16088686976.81063,-1012213706.2723353,-194430738.15852073,-16090365615.709723,-1871733652.7695518,16120497052.6644,16200032587.19144,-0.9819259660191716,-0.010119788863377046,0.18899467487386343,-0.010305513674383636,0.9999468967839777,0.0,0.18898463864881654,0.001947687206298289,0.9819781122149936,4536.612378922327,-537.5082734317053,-0.11793250409968542,2.857465329972742e-10,193.1,0.0,-90.7,5.3,0.0,3.048407648634515e-17,2.2978427495596176,1.5707963267948966,16.966432111474735,461.0,0.0013775632581455447,0.022158899817955175,0.0,0.003022678154960472,-1541.645468614632,-18.66878426465846,296.7318140238077,-0.008422689239279564,0.010348644385319275,-0.07522788073292155,-0.008441337866984196,0.01033343842342396,-0.07522788073292155,-1.0071085576882167e-18,-9.322637553275654e-22,1.1262998057370165e-19,-1.007105238869274e-18,-2.748440760172273e-21,1.1262998057370165e-19,-1541.653909952499,-18.658450826235036,296.6565861430748,-1678277.8951522242,53.15261105923017,140835.06330603373,-0.0645621772616913,4568.039121978672
25.549176974140742,2001.0,12.0,14.0,14.0,21.0,53.0,1.0,3482040.3776217382,42135.00955004425,-669716.7653620295,502.74241805694214,-284.61204745273534,4523.782087487827,3546110.699939428,4560.521717034653,3482110.9735203693,35829.017666516105,-669716.7653620295,3546110.6999394284,504.7658108309614,-532.3422832839886,4523.782087487827,4582.87913930005,12759507.245418558,0.7241899798878901,1.633628137397221,1.4901161193847656e-08,3.301876754486626e-07,6.092804076391279,-0.19000063667977524,0.01028909003166833,149910.6999394279,-0.07991847800626893,-0.07952777231803096,141.65550833940506,-16088686914.225948,-1012213697.7740602,-194435883.6943196,-16090361374.751299,-1871760169.4457817,16120496989.669603,16200031500.42864,-0.9819521352167172,-0.01010375047432335,0.188859520198698,-0.010288908489569112,0.9999470677801366,0.0,0.18884952344505157,0.001943158320708333,0.9820041148744325,4536.66298219785,-537.5075944615102,-0.11793105321759012,2.8697800190369446e-10,193.1,0.0,-90.7,5.3,0.0,3.048403667801373e-17,2.297842099440229,1.5707963267948966,16.966540608817052,461.0,0.0013835265914053574,0.022307423181499725,0.0,0.003035743456939,-1541.7205290134755,-18.655846046751055,296.52616678970236,-0.008452896284731708,0.010393497187614415,-0.07555370273635198,-0.008471704890573022,0.010378172075872563,-0.07555370273635198,-1.0114695240830605e-18,-9.265510530646474e-22,1.1303505410288506e-19,-1.0114661874702812e-18,-2.7583056394813466e-21,1.1303505410288506e-19,-1541.729000718366,-18.645467874675184,296.45061308696603,-1678277.97642334,53.34109549561041,140779.5188690953,-0.06445964898266698,4568.082692101445
25.619658328507807,2001.0,12.0,14.0,14.0,21.0,53.0,1.0,3482075.8032815307,42114.949607026065,-669397.9214766393,502.50670248031633,-284.6148974703267,4523.8274009049455,3546085.044955403,4560.5408647525655,3482146.5416474636,35791.497198754856,-669397.9214766393,3546085.044955403,504.5260044866585,-532.3497354551673,4523.8274009049455,4582.898327829328,12759506.83920517,0.7241899711220714,1.6336281372115864,1.4901161193847656e-08,3.315299073053463e-07,6.092894429846717,-0.1899104667717226,0.010278210984103005,149885.04495540308,-0.07988059155945877,-0.07949007279746974,142.23207196593285,-16088686873.081491,-1012213692.1870297,-194439250.665188,-16090358597.805473,-1871777531.3384361,16120496948.255522,16200030788.705162,-0.9819692696319008,-0.010093242757860868,0.18877097221030067,-0.010278030017247275,0.9999471796544879,0.0,0.18876100126232587,0.0019401937187624215,0.9820211403278332,4536.69611503984,-537.507149976803,-0.11793010327629601,2.877486513379073e-10,193.0643499362901,0.0,-90.7,5.3,0.0,3.048343595506494e-17,2.2978322888899676,1.5707963267948966,16.96817805003087,461.0,0.0013872588684929656,0.022405067448277947,0.0,0.0030439209719776788,-1541.7696766029635,-18.647368955777118,296.3914271886662,-0.00847155914680013,0.010421531813369588,-0.0757573457083494,-0.008490470480257478,0.010406130440210892,-0.0757573457083494,-1.0141801752367148e-18,-9.226297554642498e-22,1.132836960487063e-19,-1.0141768274825594e-18,-2.7643600073736236e-21,1.132836960487063e-19,-1541.7781670734437,-18.63696282533691,296.3156698429579,-1678278.0298532266,53.52957993199066,140724.06218008255,-0.0643571236323496,4568.126193166381
25.760575870510177,2001.0,12.0,14.0,14.0,21.0,53.0,1.0,3482146.582083646,42074.84197401443,-668760.4284593537,502.035399851806,-284.620591779972,4523.91793683585,3546033.787503596,4560.579121470723,3482217.6044283663,35716.478733577314,-668760.4284593537,3546033.7875035955,504.04652272976995,-532.3646204059372,4523.91793683585,4582.936666086612,12759506.023746632,0.724189953524965,1.633628136838934,0.0,3.335331273913308e-07,6.093075082765374,-0.1897301808104541,0.010256460216998374,149833.78750359546,-0.07980484111898568,-0.07941469609140478,143.38864889740944,-16088686790.486513,-1012213680.9713801,-194445972.85582918,-16090353049.14326,-1871812220.0621908,16120496865.119291,16200029366.319302,-0.9820035039428782,-0.01007223305639219,0.1885939245181757,-0.010256280396596146,0.9999474029729896,0.0,0.1885840050384338,0.0019342721709528987,0.9820551571245032,4536.762314189714,-537.5062620796641,-0.11792820538126435,2.89295249887e-10,192.99112500513635,0.0,-90.7,5.3,0.0,3.048220339768183e-17,2.297812159700327,1.5707963267948966,16.971538762586974,461.0,0.0013947491869578316,0.022601081708036534,0.0,0.003060332421190319,-1541.8678761150989,-18.630418250093552,296.12200323900026,-0.008508976151626222,0.010477792269056693,-0.07616602001056341,-0.008528094094494064,0.01046223767164097,-0.07616602001056341,-1.0196189957199164e-18,-9.147043505811543e-22,1.1378209909026268e-19,-1.019615625707749e-18,-2.7764959094752434e-21,1.1378209909026268e-19,-1541.8764042091934,-18.619956012421913,296.0458372189897,-1678278.1371117793,53.71806436837091,140668.69323899542,-0.06425460120602937,4568.169625171808
25.82400621290656,2001.0,12.0,14.0,14.0,21.0,53.0,1.0,3482178.4196324553,42056.78831118584,-668473.4735039978,501.82324551375905,-284.6231532275608,4523.9586622937295,3546010.731001182,4560.596330221919,3482249.5694266222,35682.710451115614,-668473.4735039978,3546010.7310011815,503.83068667797164,-532.3713141167775,4523.9586622937295,4582.953911515508,12759505.655239554,0.724189945572783,1.6336281366705268,1.4901161193847656e-08,3.351933324099197e-07,6.093156400646999,-0.18964902809611262,0.010246669833564684,149810.731001182,-0.0797707432474763,-0.07938076644738508,143.9109546840191,-16088686753.162167,-1012213675.9029583,-194448994.50208667,-16090350553.057705,-1871827823.8673503,16120496827.550346,16200028726.33105,-0.9820189033786266,-0.010062775653541507,0.18851422745561203,-0.010246490527616134,0.999947503337984,0.0,0.18850433108792808,0.0019316092459448018,0.9820704587995781,4536.792092290308,-537.5058627584015,-0.11792735169341502,2.900198828199943e-10,192.95818714454572,0.0,-90.7,5.3,0.0,3.048164891111694e-17,2.2978031042475178,1.5707963267948966,16.973051085878442,461.0,0.0013982581374691516,0.022689662844662374,0.0,0.0030680209642797215,-1541.9120501279174,-18.622787482997815,296.0007155794943,-0.008526627031304143,0.01050414841223134,-0.07635747500963873,-0.008545840227712466,0.0104885231181306,-0.07635747500963873,-1.0221674460919564e-18,-9.111815541622968e-22,1.140172509501186e-19,-1.0221640657650311e-18,-2.78222225540042e-21,1.140172509501186e-19,-1541.920595968145,-18.612298959879684,295.92435810448467,-1678278.1855821013,53.90654880475116,140613.41204583397,-0.06415208169899661,4568.212988116062
25.91834266302888,2001.0,12.0,14.0,14.0,21.0,53.0,1.0,3482225.744972785,42029.937793681136,-668046.6964476582,501.5077088236371,-284.6269607785915,4524.0192001049345,3545976.458361905,4560.621910631234,3482297.0838835468,35632.48796190944,-668046.6964476582,3545976.458361905,503.50967427110584,-532.381262000274,4524.0192001049345,4582.979546444833,12759505.105471231,0.7241899337090609,1.6336281364192815,0.0,3.3684535489849357e-07,6.093277342198099,-0.18952833217895812,0.010232109314018783,149776.45836190507,-0.07972003045266328,-0.07933030384889353,144.6897542476654,-16088686697.479254,-1012213668.3414795,-194453483.642732,-16090346842.484838,-1871851018.5849667,16120496771.502522,16200027774.807676,-0.9820417943474516,-0.010048709679919925,0.18839569418807373,-0.010231930771363248,0.9999476524262108,0.0,0.18838583213057064,0.0019276517005552918,0.9820932045439444,4536.836356977704,-537.5052692627311,-0.11792608273937652,2.910970229115552e-10,192.90922623129296,0.0,-90.7,5.3,0.0,3.0480824617800346e-17,2.297789642516067,1.5707963267948966,16.975299805142075,461.0,0.0014034742050174575,0.02282181562009565,0.0,0.003079449912096737,-1541.9777156284397,-18.611437687711533,295.8203156152751,-0.008552827522500731,0.010543326831447337,-0.07664207198412618,-0.00857218278577822,0.010527596192463448,-0.07664207198412618,-1.0259555696469103e-18,-9.058869384477719e-22,1.1436629704752823e-19,-1.0259521740273043e-18,-2.7907220049924923e-21,1.1436629704752823e-19,-1541.9862878112256,-18.60091009151907,295.743673543291,-1678278.2578940094,54.09503324113141,140558.21860059816,-0.06404956510654174,4568.256281997494
25.961631515522566,2001.0,12.0,14.0,14.0,21.0,53.0,1.0,3482247.451531979,42017.61658135786,-667850.8562467898,501.36291171048873,-284.6287071971465,4524.046967154203,3545960.73864245,4560.633643608822,3482318.8770511406,35609.44168924082,-667850.8562467898,3545960.7386424495,503.362364433252,-532.3858239342478,4524.046967154203,4582.991304428923,12759504.852524588,0.7241899282505913,1.6336281363036835,1.4901161193847656e-08,3.3783269073828124e-07,6.093332840307035,-0.18947294678174287,0.010225427893729601,149760.73864244996,-0.07969675913944563,-0.07930714734541867,145.0479090809822,-16088686671.859936,-1012213664.8624697,-194455541.69187573,-16090345140.476198,-1871861657.3255002,16120496745.71531,16200027338.295021,-0.9820522937838071,-0.010042254924366051,0.1883413002769096,-0.010225249700601874,0.9999477207677211,0.0,0.1883314539383247,0.0019258368242674375,0.9821036374079891,4536.8566599738215,-537.5049970783117,-0.11792550072094296,2.9154311063568903e-10,192.9,0.0,-90.68842330306244,5.311576696937572,0.0,3.0480659874165465e-17,2.2977869520483343,1.5707963267948966,16.975749309321525,461.0,0.001405635630021457,0.022882619307934553,0.0,0.0030841979182694833,-1542.0078351937386,-18.606229134036933,295.73752796353784,-0.008563487584893068,0.010559402013131953,-0.07676045561916749,-0.008582904715007033,0.010543625426989658,-0.07676045561916749,-1.0275356310127845e-18,-9.033177571174585e-22,1.1450883209290634e-19,-1.0275322288777416e-18,-2.7942085376818733e-21,1.1450883209290634e-19,-1542.0164180984536,-18.595685508609943,295.66076750791865,-1678278.2911644932,54.283517677511654,140503.112903288,-0.0639470514239555,4568.299506814457
25.999795215978647,2001.0,12.0,14.0,14.0,21.0,53.0,1.0,3482266.582960054,42006.75406726153,-667678.2014064618,501.23525539933706,-284.63024644291147,4524.071440287288,3545946.8838126897,4560.643984709669,3482338.0847434597,35589.12379940899,-667678.2014064618,3545946.8838126897,503.2324928673007,-532.3898442360512,4524.071440287288,4583.001667569653,12759504.629219506,0.7241899234317679,1.633628136201637,1.4901161193847656e-08,3.388171494275965e-07,6.093381768165136,-0.18942411828895833,0.010219537552413387,149746.88381269062,-0.07967624282622725,-0.07928673224930567,145.36398866772652,-16088686649.242922,-1012213661.7912363,-194457355.0808382,-16090343640.339548,-1871871034.002379,16120496722.95008,16200026953.52997,-0.9820615476899541,-0.010036564270568737,0.1882933454120321,-0.010219359667050827,0.9999477809805848,0.0,0.18828351291817227,0.0019242374196777906,0.9821128326590307,4536.874554483858,-537.5047572011961,-0.11792498775403285,2.919067999168716e-10,192.9,0.0,-90.67110476586326,5.328895234136743,0.0,3.0480645806135824e-17,2.297786722299975,1.5707963267948966,16.975787695185122,461.0,0.001407398644880016,0.022936297426542893,0.0,0.003088079013625279,-1542.0343820747075,-18.60163703952039,295.6645386567109,-0.008572051275109448,0.010572405092655519,-0.07685732752402381,-0.008591520876270707,0.010556589484247198,-0.07685732752402381,-1.0288315280636573e-18,-9.00970469826077e-22,1.1462369914532424e-19,-1.0288281204913466e-18,-2.7970291079769896e-21,1.1462369914532424e-19,-1542.0429735955838,-18.591080450036145,295.58768132918686,-1678278.3205361702,54.472002113891904,140448.09495390352,-0.0638445406465286,4568.342662565323
26.091596172193043,2001.0,12.0,14.0,14.0,21.0,54.0,1.0,3482312.582740847,41980.62456855975,-667262.8846207751,500.92817524558717,-284.6339474634995,4524.130284456322,3545913.571133232,4560.668849142456,3482384.26762797,35540.249458932114,-667262.8846207751,3545913.571133232,502.9200839385539,-532.3995090252508,4524.130284456322,4583.0265849953275,12759504.090926329,0.7241899118156249,1.6336281359556657,0.0,3.404515879987454e-07,6.093499463350035,-0.18930666211492495,0.010205368760435995,149713.57113323174,-0.07962689108663935,-0.07923762398329338,146.12551948428154,-16088686594.723372,-1012213654.3881402,-194461713.26858607,-16090340033.232512,-1871893579.5634723,16120496668.073269,16200026028.256348,-0.9820837980873405,-0.010022875274868549,0.18817798889766107,-0.01020519161392854,0.999947925676194,0.0,0.18816818965613405,0.001920392434224349,0.9821349421003367,4536.917580726202,-537.5041805039097,-0.11792375438887538,2.927812577526669e-10,192.9,0.0,-90.62946391653966,5.370536083460329,0.0,3.048061198084171e-17,2.2977861698910003,1.5707963267948966,16.975879991230126,461.0,0.0014116377515517827,0.023065692693978606,0.0,0.0030974111000850978,-1542.0982136073487,-18.59059019404364,295.48895394401774,-0.00859261761075868,0.010603668055760523,-0.07709025868007033,-0.008612213687766799,0.010587758451991553,-0.07709025868007033,-1.0319475393625764e-18,-8.952870818478757e-22,1.1489956610257617e-19,-1.0319441187500591e-18,-2.8038032383224872e-21,1.1489956610257617e-19,-1542.1068258210364,-18.58000243559165,295.41186368533766,-1678278.391338747,54.660486550272154,140393.16475244466,-0.063742032769552,4568.3857492484685
26.16169927652263,2001.0,12.0,14.0,14.0,21.0,54.0,1.0,3482347.691141014,41960.67074624882,-666945.7274694575,500.6936672549348,-284.6367722341986,4524.175196781867,3545888.1459056754,4560.687826601745,3482419.515524483,35502.92634210118,-666945.7274694575,3545888.145905676,502.6815065879798,-532.4068838984647,4524.175196781867,4583.045602900355,12759503.678749042,0.7241899029209934,1.6336281357673526,1.4901161193847656e-08,3.420782173648194e-07,6.093589341871715,-0.1892169661053527,0.010194549005211972,149688.14590567583,-0.07958920331108424,-0.07920012213513491,146.70821350812912,-16088686552.97747,-1012213648.7200084,-194465037.72130078,-16090337280.021755,-1871910787.1895206,16120496626.053839,16200025321.92312,-0.9821007804618772,-0.01001242139662394,0.1880898945556302,-0.01019437242153882,0.9999480360353387,0.0,0.18808012065899635,0.001917458433828061,0.982151816964186,4536.950420125969,-537.5037404135425,-0.11792281306424483,2.934582715359021e-10,192.89735129382262,0.0,-90.6,5.4,0.0,3.048054345144979e-17,2.2977850507210986,1.5707963267948966,16.976066984424897,461.0,0.0014149195172108693,0.023164766237505005,0.0,0.0031046328714692106,-1542.146933602592,-18.58215361086851,295.3548581932007,-0.008608559677004959,0.010627906763374719,-0.07727048232996875,-0.008628253286151629,0.010611924760077949,-0.07727048232996875,-1.0343574082739233e-18,-8.909346542013823e-22,1.1511328048992051e-19,-1.0343539776439716e-18,-2.809047489821016e-21,1.1511328048992051e-19,-1542.1555618558782,-18.571541686108432,295.2775877108707,-1678278.4455530997,54.848970986652404,140338.32229891146,-0.0636395277883168,4568.428766862283
26.18793765768063,2001.0,12.0,14.0,14.0,21.0,54.0,1.0,3482360.8273807624,41953.202324263126,-666827.020215785,500.60589305827006,-284.63782916611524,4524.192001437682,3545878.6327440976,4560.694927292305,3482432.7039019354,35488.95681115465,-666827.020215785,3545878.6327440976,502.59220928208924,-532.4096429455174,4524.192001437682,4583.052718724183,12759503.524218194,0.7241898995862721,1.6336281356967524,0.0,3.420782173648194e-07,6.093622982180678,-0.18918339410579155,0.010190499387836408,149678.63274409762,-0.07957509727322741,-0.07918608568683552,146.9265976846218,-16088686537.326462,-1012213646.5949692,-194466281.19511622,-16090336249.83738,-1871917225.675057,16120496610.300282,16200025057.608143,-0.982107134672835,-0.010008508605860071,0.18805692164927215,-0.01019032301451385,0.9999480773104471,0.0,0.18804715722811108,0.0019163607767212058,0.9821581309645608,4536.962707500454,-537.5035757620743,-0.11792246085968483,2.9375725661407453e-10,192.88376106299663,0.0,-90.6,5.4,0.0,3.0480314632568457e-17,2.297781313825179,1.5707963267948966,16.97669138359719,461.0,0.0014163675012865212,0.023201910979423163,0.0,0.003107805570194586,-1542.1651632045634,-18.578995777991828,295.3046658389395,-0.008615795432252233,0.010638781231716833,-0.07734948924060284,-0.008635528951242496,0.010622769731054207,-0.07734948924060284,-1.0354089404047987e-18,-8.894063166449252e-22,1.1520967374851207e-19,-1.0354055055740404e-18,-2.811394805000531e-21,1.1520967374851207e-19,-1542.1737987335148,-18.568373008260775,295.2273163496989,-1678278.4658787977,55.037455423032654,140283.56759330392,-0.06353702569811423,4568.471715405164
26.237611955875657,2001.0,12.0,14.0,14.0,21.0,54.0,1.0,3482385.6904998454,41939.06309017023,-666602.28336318,500.43971679249876,-284.6398296474535,4524.223808044709,3545860.6270686914,4560.7083669144695,3482457.665618263,35462.5096060901,-666602.28336318,3545860.627068691,502.42314945086133,-532.4148645009257,4524.223808044709,4583.066186989255,12759503.231235921,0.7241898932638112,1.6336281355628963,1.4901161193847656e-08,3.433739728272846e-07,6.0936866702437635,-0.18911983536290106,0.010182832728795648,149660.62706869096,-0.07954839160231827,-0.0791595117625407,147.34053817391396,-16088686507.653116,-1012213642.5659933,-194468634.11992812,-16090334299.936409,-1871929411.9340806,16120496580.432508,16200024557.284796,-0.9821191614339219,-0.010001100814672011,0.18799449653334233,-0.01018265675324724,0.9999481554067918,0.0,0.18798475003514417,0.0019142834296985531,0.9821700816422658,4536.985964123705,-537.5032641446012,-0.11792179424327535,2.943231492697128e-10,192.8580386695585,0.0,-90.6,5.4,0.0,3.047988152677636e-17,2.297774240670823,1.5707963267948966,16.977873369775473,461.0,0.0014191081540405014,0.02327233615527599,0.0,0.003113810628845686,-1542.199667212616,-18.573017146640584,295.2096381427259,-0.008629481292274263,0.01065936371697772,-0.07749902813212203,-0.008649290469601152,0.010643296321957745,-0.07749902813212203,-1.0373991743384612e-18,-8.864989036939857e-22,1.1539199224639975e-19,-1.037395731567526e-18,-2.8158344952537366e-21,1.1539199224639975e-19,-1542.2083165030856,-18.562373850318625,295.13213911459377,-1678278.5044152383,55.225939859412904,140228.90063562203,-0.06343452649423563,4568.514594875525
26.3987535634516,2001.0,12.0,14.0,14.0,21.0,54.0,1.0,3482466.288725475,41893.195247846474,-665873.2343567342,499.90062146758686,-284.6463146856694,4524.32691691395,3545802.2584670675,4560.751934376601,3482538.5827037315,35376.71405517885,-665873.2343567342,3545802.2584670675,501.8746997022777,-532.4317863601757,4524.32691691395,4583.1098473023785,12759502.276907947,0.7241898726696759,1.6336281351268842,0.0,3.4627169485754695e-07,6.093893276431678,-0.18891364866165986,0.010157962771688131,149602.25846706703,-0.07946175730859174,-0.07907330485194541,148.68789196014404,-16088686410.999657,-1012213629.442448,-194476256.02617016,-16090327978.450422,-1871968916.4000785,16120496483.145737,16200022934.92915,-0.982158148945766,-0.009977069073917568,0.18779198212948475,-0.010157788082366035,0.9999484083397872,0.0,0.18778229362935203,0.0019075511580387756,0.9822088227296063,4537.061356059909,-537.5022541638441,-0.11791963333611337,2.9618293608208345e-10,192.8,0.0,-90.6,5.4,0.0,3.0478886195573196e-17,2.2977579856787083,1.5707963267948966,16.980590368930567,461.0,0.00142811532247907,0.023501732218345072,0.0,0.0031335457220767232,-1542.3115236832086,-18.55362046255767,294.90133644235794,-0.008674529830395622,0.010727036841251562,-0.07799069954346871,-0.008694587127338388,0.010710786238979537,-0.07799069954346871,-1.0439540845646903e-18,-8.770283655546937e-22,1.159933554319455e-19,-1.0439506158089483e-18,-2.8304787885226344e-21,1.159933554319455e-19,-1542.320218270336,-18.54290967631869,294.82334574281447,-1678278.6299395785,55.41442429579315,140174.3214258658,-0.06333203017197263,4568.557405271783
26.496027405233235,2001.0,12.0,14.0,14.0,21.0,54.0,1.0,3482514.900150848,41865.506417008124,-665433.1326710078,499.57517527223195,-284.65022611399326,4524.38910678756,3545767.0544547304,4560.778211730205,3482587.3858806263,35324.92187353391,-665433.1326710078,3545767.0544547304,501.5436064884526,-532.4419889747085,4524.38910678756,4583.1361806573805,12759501.697848272,0.7241898601736897,1.6336281348623196,1.4901161193847656e-08,3.481901122792954e-07,6.094017998450202,-0.18878917985055632,0.01014295021159337,149567.05445473036,-0.07940945860200997,-0.07902126413849724,149.50471103191376,-16088686352.353933,-1012213621.4794271,-194480848.96628398,-16090324165.350798,-1871992743.2318861,16120496424.115736,16200021956.077694,-0.9821816640507367,-0.009962561367124605,0.18766972631069764,-0.010142776295650071,0.9999485607215085,0.0,0.18766007271538152,0.0019034920514352806,0.9822321893658688,4537.106828472726,-537.501645146083,-0.11791833005822312,2.973396393445739e-10,192.8,0.0,-90.6,5.4,0.0,3.047885045988637e-17,2.297757402070653,1.5707963267948966,16.98068793497834,461.0,0.0014337173223812577,0.023640923820883078,0.0,0.0031458193124580666,-1542.378992107312,-18.54190992513203,294.7152026368826,-0.008702696656350484,0.010769165621109932,-0.07829678644197055,-0.008722906876331236,0.010752802094998458,-0.07829678644197055,-1.04805035885142e-18,-8.713357397945858e-22,1.1637106973122944e-19,-1.048046874021716e-18,-2.8396774237988454e-21,1.1637106973122944e-19,-1542.3877150141882,-18.53115712303703,294.63690585044066,-1678278.7061042674,55.6029087321734,140119.82996403522,-0.06322953672661687,4568.600146592368
26.578985939200006,2001.0,12.0,14.0,14.0,21.0,54.0,1.0,3482556.332661951,41841.89211325849,-665057.7937847391,499.2976121264678,-284.65355995750815,4524.442113403629,3545737.0493556485,4560.800608688344,3482628.98149013,35280.75090604676,-665057.7937847391,3545737.0493556485,501.2612272613108,-532.4506827803265,4524.442113403629,4583.158625346612,12759501.202225653,0.7241898494782342,1.6336281346358734,1.4901161193847656e-08,3.500980175873873e-07,6.094124367700125,-0.18868302653431487,0.010130147153144206,149537.049355648,-0.07936485552480271,-0.07897688108770645,150.20340552926064,-16088686302.159048,-1012213614.6637915,-194484761.19724074,-16090320915.12617,-1872013051.5628383,16120496373.591942,16200021121.569756,-0.9822017067292154,-0.009950188187941961,0.18756545804929253,-0.010129973894950052,0.9999486904981113,0.0,0.18755583415906849,0.0019000331936336824,0.9822521055954826,4537.145586174928,-537.5011261477205,-0.11791721926915533,2.983070202510628e-10,192.78149907949714,0.0,-90.6,5.4,0.0,3.047852158725209e-17,2.297752031172946,1.5707963267948966,16.98158588203779,461.0,0.0014384027251273595,0.02376005936274608,0.0,0.0031560848260474943,-1542.4364992764224,-18.53192179233038,294.55644568934764,-0.008726105827478067,0.010804381252506837,-0.07855264139761071,-0.008746445580980288,0.010787922268018911,-0.07855264139761071,-1.0514663084869168e-18,-8.66360631705715e-22,1.1668411944192389e-19,-1.0514628102516932e-18,-2.8473007322895324e-21,1.1668411944192389e-19,-1542.4452457220034,-18.52113387006236,294.47789304795003,-1678278.771294348,55.79139316855365,140065.4262501303,-0.06312704615346015,4568.642818835726
26.65112997806669,2001.0,12.0,14.0,14.0,21.0,54.0,1.0,3482592.345300965,41821.35595122904,-664731.3805949773,499.0562237670221,-284.65645773404924,4524.488186801158,3545710.969285311,4560.820076029478,3482665.1356411898,35242.33749073989,-664731.3805949773,3545710.969285311,501.01565056639595,-532.458237765347,4524.488186801158,4583.178134175005,12759500.769924385,0.724189840149226,1.6336281344383563,1.4901161193847656e-08,3.513641989991562e-07,6.0942168720876415,-0.18859070992364788,0.010119013237554231,149510.96928531118,-0.07932606623416136,-0.07893828314140808,150.81251174211502,-16088686258.377525,-1012213608.7189245,-194488159.8468156,-16090318089.893507,-1872030703.4957247,16120496329.523531,16200020396.070665,-0.9822191277884026,-0.009939427605923413,0.18747477906496238,-0.010118840550008093,0.9999488032224068,0.0,0.18746518096039425,0.0018970273965063496,0.982269416817272,4537.179274378693,-537.5006751005104,-0.11791625380062576,2.9912667960450585e-10,192.74424183615884,0.0,-90.6,5.4,0.0,3.047789412889692e-17,2.2977417840003636,1.5707963267948966,16.983299354757445,461.0,0.0014423729449345676,0.02386397434787951,0.0,0.003164783600312597,-1542.486485647989,-18.523234984216923,294.41837272093153,-0.00874578416783022,0.010834197862817202,-0.07876926567924317,-0.00876623537910764,0.010817656923706913,-0.07876926567924317,-1.0543489829232599e-18,-8.619209037957528e-22,1.1694625233800744e-19,-1.0543454733573265e-18,-2.8536835620118804e-21,1.1694625233800744e-19,-1542.4952518833682,-18.512417327293218,294.3396034552523,-1678278.8281556629,55.9798776049339,140011.11028415101,-0.06302455844779452,4568.685422000306
26.876532248689866,2001.0,12.0,14.0,14.0,21.0,54.0,1.0,3482704.7487066523,41757.19271957169,-663711.5344708719,498.301994851595,-284.665502574296,4524.631996163335,3545629.5676222816,4560.880838953586,3482777.979231305,35122.31753735245,-663711.5344708719,3545629.5676222816,500.2483354039254,-532.4818091510841,4524.631996163335,4583.239026589844,12759499.41165798,0.7241898108378975,1.6336281338177305,1.4901161193847656e-08,3.5576034743527725e-07,6.094505895683048,-0.18830227295915514,0.010084227932378962,149429.56762228115,-0.07920487134670183,-0.07881768608190205,152.72442480921745,-16088686120.820955,-1012213590.0400314,-194498756.92057845,-16090309270.670485,-1872085800.1362307,16120496191.06554,16200018130.710222,-0.9822735039878616,-0.009905805687678104,0.1871914484614253,-0.010084057019613386,0.9999491546043855,0.0,0.18718193063817262,0.0018876492398690332,0.9823234506123294,4537.28442555927,-537.4992676410202,-0.1179132404552707,3.016850175854492e-10,192.62795374611594,0.0,-90.6,5.472046253884057,0.0,3.047593538255977e-17,2.2977097952450993,1.5707963267948966,16.98865063761501,461.0,0.0014547655117926714,0.024190485623813752,0.0,0.003192034080848645,-1542.642515129068,-18.496090093646657,293.9869167021828,-0.008807411437366262,0.010927433084499302,-0.0794478954628185,-0.008828212989589235,0.0109106345119662,-0.0794478954628185,-1.0633790006618201e-18,-8.479803469246668e-22,1.1776712359315787e-19,-1.063375455539322e-18,-2.873791178889854e-21,1.1776712359315787e-19,-1542.6513433420575,-18.48517945913469,293.90746880672,-1678279.0068107713,56.16836204131415,139956.8820660974,-0.06292207360491205,4568.727956084572
26.95570391756291,2001.0,12.0,14.0,14.0,21.0,54.0,1.0,3482744.1896182336,41734.655151227074,-663353.3098103178,498.03705679018543,-284.66867637822855,4524.682458492051,3545601.0048222374,4560.902160256547,3482817.5740559543,35080.159736775924,-663353.3098103178,3545601.0048222383,499.97880067815544,-532.4900766666944,4524.682458492051,4583.260393329376,12759498.93166218,0.7241898004795779,1.6336281335984764,1.4901161193847656e-08,3.5762786865234566e-07,6.094607417235914,-0.1882009574445159,0.010072010015669403,149401.00482223835,-0.07916230064744967,-0.078775325368757,153.39915192127228,-16088686072.210695,-1012213583.4402592,-194502471.3959125,-16090306175.723665,-1872105133.217957,16120496142.136799,16200017335.476257,-0.9822925843373537,-0.009893995316750172,0.18709192289491006,-0.010071839723376278,0.9999492777359192,0.0,0.1870824331689896,0.0018843598609358068,0.9823424109685406,4537.32132277911,-537.4987739099216,-0.11791218314528776,3.025955558407399e-10,192.6,0.0,-90.58714974605478,5.5,0.0,3.047545533615357e-17,2.2977019554923395,1.5707963267948966,16.989962655299138,461.0,0.0014591762668776827,0.02430583431678052,0.0,0.003201733863457217,-1542.6972678105224,-18.486553984279247,293.8353444642803,-0.008829373429339517,0.010960407972631061,-0.07968960098299208,-0.008850299174999006,0.01094351783451067,-0.07968960098299208,-1.066600583162374e-18,-8.4303953226751e-22,1.180602572409561e-19,-1.0665970254555697e-18,-2.8809733251592586e-21,1.180602572409561e-19,-1542.7061181096974,-18.475610466444735,293.7556548632973,-1678279.0699454527,56.3568464776944,139902.74159596945,-0.06281959162010503,4568.770421086999
27.02465784886942,2001.0,12.0,14.0,14.0,21.0,55.0,1.0,3482778.523275612,41715.02603160689,-663041.3136522258,497.8063034369311,-284.6714392385512,4524.726387012994,3545576.1406570217,4560.920720796553,3482852.0414661793,35043.44220449994,-663041.3136522258,3545576.140657022,499.74404382448614,-532.4972721773345,4524.726387012994,4583.278993422287,12759498.51250777,0.7241897914341969,1.6336281334069818,1.4901161193847656e-08,3.58557981715084e-07,6.094695837947408,-0.18811271617117517,0.010061369039902854,149376.14065702166,-0.07912522341762915,-0.07873843102522472,153.98814687132835,-16088686029.76249,-1012213577.6765541,-194505703.226221,-16090303481.391357,-1872121962.9948075,16120496099.41045,16200016643.08373,-0.982309194133053,-0.009883708828773347,0.18700523902142438,-0.010061199286774094,0.9999493848535094,0.0,0.18699577372385678,0.001881496977465374,0.9823589163735116,4537.353442563457,-537.4983441671939,-0.11791126276221575,3.034125212692881e-10,192.6,0.0,-90.55162951003095,5.5,0.0,3.047543011064604e-17,2.2977015435285377,1.5707963267948966,16.990031605098373,461.0,0.0014631336301869455,0.024406587104145852,0.0,0.003210397233047877,-1542.744932161055,-18.478247920485178,293.70332325591625,-0.008849063770682918,0.010989531188261698,-0.07990575198743785,-0.008870098755407192,0.010972560021467796,-0.07990575198743785,-1.0694920416823412e-18,-8.3870889762231945e-22,1.1832422605800673e-19,-1.069488472872359e-18,-2.887394608810196e-21,1.1832422605800673e-19,-1542.7538022598103,-18.46727536046371,293.6234175039288,-1678279.1250775624,56.54533091407464,139848.68887376713,-0.06271711248866596,4568.81281700607
27.126684538609744,2001.0,12.0,14.0,14.0,21.0,55.0,1.0,3482829.2953867572,41685.98173855799,-662579.6674828542,497.4648594866799,-284.67552497776956,4524.791348928556,3545539.3718924364,4560.948168120766,3482903.0109763676,34989.11272775935,-662579.6674828542,3545539.3718924364,499.39667602912886,-532.5079103429935,4524.791348928556,4583.3064992367135,12759497.89022667,0.7241897780053005,1.6336281331227227,1.4901161193847656e-08,3.6071891894669146e-07,6.0948266706460394,-0.18798214896364188,0.01004562448025131,149339.3718924364,-0.07907036156979028,-0.07868383978341476,154.86194342374802,-16088685966.744024,-1012213569.1203165,-194510479.5897986,-16090299496.76851,-1872146850.895797,16120496035.979086,16200015618.933777,-0.9823337567726299,-0.009868487995123815,0.18687697356726896,-0.010045455522789352,0.9999495431387224,0.0,0.1868675443417377,0.0018772643262034816,0.9823833247517683,4537.400941566954,-537.4977087625115,-0.11790990173787197,3.046206378199464e-10,192.6,0.0,-90.49910270348059,5.5,0.0,3.047539280755882e-17,2.297700934322892,1.5707963267948966,16.99013356805046,461.0,0.0014689858974199232,0.024556164360693612,0.0,0.0032232086877312413,-1542.815420348284,-18.465956836814307,293.50796191929635,-0.008878136815329438,0.011032593504851742,-0.08022540285199356,-0.008899333898771379,0.011015502208850187,-0.08022540285199356,-1.0737680050876654e-18,-8.322337504537552e-22,1.1871398861022e-19,-1.07376441991433e-18,-2.896875731246434e-21,1.1871398861022e-19,-1542.824319682183,-18.454941334605458,293.4277365164444,-1678279.2069272846,56.73381535045489,139794.72389949046,-0.0626146362058873,4568.855143840284
27.169712522896663,2001.0,12.0,14.0,14.0,21.0,55.0,1.0,3482850.6971988548,41673.73268748709,-662384.9742426235,497.32085675326624,-284.67724724904036,4524.818732505294,3545523.872868022,4560.959738004043,3482924.4958568886,34966.19988929757,-662384.9742426235,3545523.8728680224,499.25017497279595,-532.5123937390941,4524.818732505294,4583.318093775177,12759497.627079701,0.7241897723265496,1.6336281330025233,1.4901161193847656e-08,3.6164108215307183e-07,6.094881847875508,-0.18792708369613792,0.010038984559577779,149323.87286802288,-0.07904722415945886,-0.07866081649683591,155.23124319314957,-16088685940.095333,-1012213565.5022187,-194512491.9471295,-16090297817.044786,-1872157341.914145,16120496009.155798,16200015187.141115,-0.9823441106996422,-0.00986206866547282,0.18682287808340475,-0.01003881593692398,0.9999496098177071,0.0,0.18681346404452165,0.0018754804858856894,0.9823936136929196,4537.420963939843,-537.4974409555293,-0.11790932803828996,3.050636550443424e-10,192.5798410850286,0.0,-90.5,5.5,0.0,3.04750517813595e-17,2.2976953649424052,1.5707963267948966,16.99106577598918,461.0,0.0014711331649918003,0.024619417609416158,0.0,0.003227912688362722,-1542.8451340331853,-18.46077287941182,293.4255652098024,-0.008888435616426462,0.011048735483512463,-0.08034257273378527,-0.00890969736424909,0.011031597181255246,-0.08034257273378527,-1.0753268827946739e-18,-8.2929681778586855e-22,1.188511987884173e-19,-1.07532329154632e-18,-2.900215873026876e-21,1.188511987884173e-19,-1542.8540437305496,-18.449741282230566,293.3452226370686,-1678279.2415394709,56.92229978683514,139740.84667313946,-0.06251216276706183,4568.897401588147
27.238487987883985,2001.0,12.0,14.0,14.0,21.0,55.0,1.0,3482884.892756778,41654.153782796195,-662073.7762255642,497.0906785804945,-284.67999910087616,4524.862486124525,3545499.1087132334,4560.978224345816,3482958.8239672473,34929.57585547709,-662073.7762255642,3545499.1087132334,499.01600345334634,-532.5195561743644,4524.862486124525,4583.336619510694,12759497.205665296,0.7241897632323516,1.6336281328100295,1.4901161193847656e-08,3.6317281743747017e-07,6.094970043561953,-0.1878390669634904,0.010028371473132713,149299.10871323338,-0.07901024110627937,-0.07862401585825705,155.8224292099476,-16088685897.419302,-1012213559.7080411,-194515706.02563366,-16090295133.089138,-1872174104.4583457,16120495966.20016,16200014497.129534,-0.9823606542186712,-0.009851807822948252,0.18673641028381205,-0.0100282033847091,0.9999497163042125,0.0,0.18672702048696488,0.0018726307016565513,0.9824100534269363,4537.452955773167,-537.4970130978558,-0.11790841139886478,3.0577562449454023e-10,192.54888589154172,0.0,-90.5,5.5,0.0,3.0474527110097045e-17,2.297686796410436,1.5707963267948966,16.992500191889352,461.0,0.0014745840031475518,0.024720714518537253,0.0,0.0032354721220473606,-1542.8926114518374,-18.452486397529334,293.2938552459293,-0.008904994171253159,0.011074652430943629,-0.08053088206290408,-0.008926359705335403,0.011057438675716126,-0.08053088206290408,-1.07783278142413e-18,-8.245880185159847e-22,1.190718686400773e-19,-1.077829180445315e-18,-2.905587454771779e-21,1.190718686400773e-19,-1542.9015378115428,-18.441428958853617,293.2133243638664,-1678279.296968853,57.11078422321539,139687.05719471409,-0.06240969216748241,4568.9395902481765
27.324664816244226,2001.0,12.0,14.0,14.0,21.0,55.0,1.0,3482927.718027054,41629.62081486754,-661683.8355665003,496.8022514131367,-284.6834454675561,4524.9172823773615,3545468.0949883508,4561.001376177141,3483001.814940308,34883.684622616776,-661683.8355665003,3545468.0949883508,498.7225724603562,-532.5285242689499,4524.9172823773615,4583.3598206772795,12759496.676232405,0.7241897518070741,1.633628132568194,0.0,3.646981194770481e-07,6.095080555993106,-0.18772877875597893,0.010015073253093434,149268.09498835076,-0.07896389990110993,-0.07857790322242841,156.5647513270378,-16088685843.804878,-1012213552.4286958,-194519729.06496686,-16090291771.604277,-1872195097.4681237,16120495912.234457,16200013632.81326,-0.982381372959937,-0.009838950369325321,0.1866280609045149,-0.010014905832467159,0.9999498495730508,0.0,0.18661870142757983,0.0018690624556546623,0.9824306422760951,4537.4930217460915,-537.4964773358114,-0.1179072634519113,3.066672690849156e-10,192.51011873543845,0.0,-90.5,5.5,0.0,3.047386998467971e-17,2.297676064737961,1.5707963267948966,16.99429708301402,461.0,0.0014789058220962493,0.024847975752814624,0.0,0.0032449394525238336,-1542.9520726098065,-18.4421024260146,293.1288066116013,-0.008925701079770733,0.011107110694359011,-0.0807667190644382,-0.008947196984610651,0.011089802246241311,-0.0807667190644382,-1.0809710509125416e-18,-8.186429867834906e-22,1.1934781838008122e-19,-1.0809674377932764e-18,-2.912304576002561e-21,1.1934781838008122e-19,-1542.961019806791,-18.431012623768357,293.04803989253685,-1678279.3666061014,57.29926865959564,139633.3554642144,-0.062307224402442025,4568.981709818904
27.36624707538547,2001.0,12.0,14.0,14.0,21.0,55.0,1.0,3482948.3732933593,41617.78299950766,-661495.6787340209,496.66307483737637,-284.6851077205436,4524.943711750834,3545453.136606439,4561.012542734145,3483022.550007701,34861.54079360379,-661495.6787340209,3545453.1366064386,498.5809813886413,-532.5328489669363,4524.943711750834,4583.371011029406,12759496.420209749,0.7241897462820405,1.6336281324512472,0.0,3.656102462525775e-07,6.095133881418115,-0.18767556152051296,0.010008656625445476,149253.13660643855,-0.07894153890456866,-0.07855565251603755,156.92356410622597,-16088685817.878258,-1012213548.9085623,-194521668.57958275,-16090290150.231255,-1872205222.7932794,16120495886.137964,16200013215.87209,-0.9823913660135151,-0.009832746182331946,0.18657577839744832,-0.010008489526409687,0.9999499138143869,0.0,0.1865664335283806,0.0018673417239725963,0.9824405727143939,4537.5123463873815,-537.4962189581131,-0.117906709787474,3.0712551150273324e-10,192.5,0.0,-90.5,5.5,0.0,3.047369149669577e-17,2.297673149807973,1.5707963267948966,16.994785221523387,461.0,0.0014811264020031573,0.024909516498465095,0.0,0.00324980403239757,-1542.980752475195,-18.437091580605237,293.0491614399077,-0.00893650524274184,0.011123798049961806,-0.08088797261265078,-0.008958066183686995,0.01110644224126565,-0.08088797261265078,-1.0825889566899962e-18,-8.158351398445405e-22,1.1949226058788877e-19,-1.0825853373848843e-18,-2.9158212164207327e-21,1.1949226058788877e-19,-1542.9897105413786,-18.425985138363973,292.9682734672951,-1678279.4002812188,57.48775309597589,139579.74148164035,-0.06220475946723383,4569.023760298871
27.4093145867225,2001.0,12.0,14.0,14.0,21.0,55.0,1.0,3482969.7602318763,41605.52228333852,-661300.8000800933,496.51892436747045,-284.6868288684046,4524.97107755375,3545437.6483532656,4561.024104900578,3483044.0194918294,34838.60583267187,-661300.8000800933,3545437.648353266,498.43433015512636,-532.5373263452933,4524.97107755375,4583.3825978338455,12759496.154617263,0.724189740550482,1.633628132329927,1.4901161193847656e-08,3.665201031043801e-07,6.095189112015569,-0.18762044297440347,0.010002010849137589,149237.6483532656,-0.07891837898782486,-0.078532606829049,157.29568427801132,-16088685790.982674,-1012213545.2568303,-194523676.20952064,-16090288471.366056,-1872215706.8448887,16120495859.06616,16200012784.110332,-0.9824017131170207,-0.009826320270743786,0.18652162741805509,-0.010001844082742416,0.9999499803064874,0.0,0.18651229766341818,0.00186556023549476,0.9824508550076794,4537.532355719314,-537.4959514471433,-0.11790613651569477,3.0763441124984437e-10,192.5,0.0,-90.5,5.5,0.0,3.047367578778126e-17,2.2976728932619297,1.5707963267948966,16.994828184498104,461.0,0.0014835918321880876,0.02497335820093722,0.0,0.0032552052450775665,-1543.0104488598183,-18.431901518773856,292.9666677022799,-0.008948695482287257,0.011142337041277314,-0.08102268711286054,-0.008970326323332136,0.011124930167379182,-0.08102268711286054,-1.0843915445159812e-18,-8.130094359176508e-22,1.1965575613140943e-19,-1.084387918392461e-18,-2.9198024870800067e-21,1.1965575613140943e-19,-1543.0194191861417,-18.420776588606476,292.88564501516703,-1678279.4352150783,57.67623753235613,139526.21524699195,-0.062102297357151136,4569.065741686629
27.57660455491486,2001.0,12.0,14.0,14.0,21.0,55.0,1.0,3483052.7760300213,41557.896473809546,-660543.8089247687,495.9589648917568,-284.6935098200733,4525.077303110826,3545377.5289633977,4561.068985283923,3483127.3549056146,34749.516226561405,-660543.8089247687,3545377.5289633973,497.86465655098397,-532.5547008316154,4525.077303110826,4583.427573852261,12759495.118800158,0.7241897181972096,1.633628131856757,1.4901161193847656e-08,3.6953678034655197e-07,6.0954036524228785,-0.18740633779058866,0.009976196638509691,149177.52896339726,-0.07882841526774313,-0.07844308682105672,158.74595272541046,-16088685686.09059,-1012213531.0147657,-194531463.37721154,-16090281954.09505,-1872256402.4116251,16120495753.486792,16200011107.67804,-0.9824418771910073,-0.009801358513354575,0.18631127532359001,-0.009976031160003807,0.9999502381630271,0.0,0.18630200413228115,0.0018586470880881823,0.9824907677364187,4537.6100256581285,-537.4949132586306,-0.11790391134651268,3.096097626312327e-10,192.48218423342468,0.0,-90.5,5.5178157665753345,0.0,3.0473327260200654e-17,2.29766720137459,1.5707963267948966,16.995781445293634,461.0,0.0014931617901893534,0.02522234895220888,0.0,0.0032761962308491674,-1543.1257244045946,-18.411739133615054,292.6461955049108,-0.00899599907018503,0.01121432085869105,-0.08154607834321519,-0.009017902444930217,0.011196715013170815,-0.08154607834321519,-1.0913867913833306e-18,-8.019349239309921e-22,1.2028930886984894e-19,-1.0913831388442747e-18,-2.9352601319963222e-21,1.2028930886984894e-19,-1543.1347423070395,-18.400542418601884,292.5646494265676,-1678279.571457971,57.86472196873638,139472.7767602692,-0.06199983806748737,4569.107653980742
27.851870625237627,2001.0,12.0,14.0,14.0,21.0,55.0,1.0,3483189.1698822835,41479.52849894916,-659298.1846503885,495.03749260777664,-284.7044869604508,4525.2518376261105,3545278.75360359,4561.142725011057,3483264.2711301064,34602.91805871769,-659298.1846503885,3545278.75360359,496.92719936851597,-532.5832296973499,4525.2518376261105,4583.501470706166,12759493.39979089,0.7241896811002364,1.6336281310715512,0.0,3.7549743558031996e-07,6.095756682170112,-0.18705402409666408,0.009933722269108002,149078.7536035902,-0.07868037774170417,-0.0782957794047101,161.14888888597488,-16088685512.019358,-1012213507.3802067,-194544237.98226574,-16090271244.315952,-1872323266.5687544,16120495578.275023,16200008351.563515,-0.9825078684121948,-0.009760281338539496,0.18596511881618516,-0.009933558895218795,0.9999506609866685,0.0,0.1859559434807087,0.0018472954602169363,0.9825563467728872,4537.737641422596,-537.493208167843,-0.11790025559390656,3.128552387391794e-10,192.3410765765574,0.0,-90.5,5.6,0.0,3.0470949168207454e-17,2.2976283641850457,1.5707963267948966,17.00228874774337,461.0,0.001508884802817233,0.02563553018825717,0.0,0.00331076182417222,-1543.315140279687,-18.378555175128334,292.118751151332,-0.009073574359534809,0.011332582672984584,-0.08240691454012891,-0.009095929519260876,0.011314647492461997,-0.08240691454012891,-1.102840420589315e-18,-7.833317148059757e-22,1.2132267598286108e-19,-1.1028367249775116e-18,-2.9605633026453975e-21,1.2132267598286108e-19,-1543.3242362092062,-18.36724052763587,292.0363442367919,-1678279.7975624148,58.05320640511663,139419.4260214721,-0.061897381593536145,4569.149497179786
27.97721643460986,2001.0,12.0,14.0,14.0,21.0,55.0,1.0,3483251.1944574756,41443.84167171082,-658730.9583213066,494.61785133434483,-284.70947894753715,4525.331209538784,3545233.835891907,4561.176258629667,3483326.53211591,34536.160169953706,-658730.9583213066,3545233.8358919066,496.5002788218567,-532.5961959926761,4525.331209538784,4583.535075777407,12759492.611075543,0.7241896640793322,1.633628130711268,0.0,3.778553704352987e-07,6.095917445128762,-0.18689358716684862,0.009914381631255497,149033.8358919071,-0.07861296398859989,-0.07822869811889514,162.24990594387054,-16088685432.153961,-1012213496.5360767,-194550039.10981622,-16090266373.273745,-1872353673.5591125,16120495497.886314,16200007097.51424,-0.9825378785598715,-0.009741574679873018,0.18580747809984263,-0.009914219209757609,0.9999508529210127,0.0,0.18579834620504004,0.0018421360686940761,0.9825861697999705,4537.795676289736,-537.4924330473091,-0.11789859322480323,3.143541979917567e-10,192.3,0.0,-90.47690841701014,5.6,0.0,3.047024038779713e-17,2.2976167889225154,1.5707963267948966,17.004229222323044,461.0,0.0015161469566563825,0.02582511301801671,0.0,0.0033266683642097414,-1543.4012845104824,-18.363441193373408,291.8785210890531,-0.009109207667856719,0.01138671326439414,-0.0828033277810854,-0.009131770631439093,0.011368626497359105,-0.0828033277810854,-1.108124821130003e-18,-7.746350316040502e-22,1.217984692264278e-19,-1.1081211060260952e-18,-2.9721445685988716e-21,1.217984692264278e-19,-1543.4104162811138,-18.35207256687605,291.795717761272,-1678279.9013036117,58.24169084149688,139366.16303060067,-0.06179492793059117,4569.191271282346
28.07858066946472,2001.0,12.0,14.0,14.0,21.0,56.0,1.0,3483301.313817672,41414.98210873953,-658272.2483345493,494.2784800845329,-284.7135128348218,4525.395347903407,3545197.539843783,4561.203356033496,3483376.8419885775,34482.17343310474,-658272.2483345493,3545197.5398437823,496.15502083267467,-532.6066702391373,4525.395347903407,4583.5622309189275,12759491.970449563,0.7241896502542388,1.6336281304186635,1.4901161193847656e-08,3.801986820153341e-07,6.096047453356637,-0.18676384257449608,0.009898741578540633,148997.53984378232,-0.07855844667025305,-0.07817444966037661,163.14338701963425,-16088685367.284948,-1012213487.7286153,-194554723.05652416,-16090262436.81557,-1872378244.477716,16120495432.59228,16200006083.833895,-0.9825621288629437,-0.009726446282771644,0.18567999129423848,-0.009898579924493724,0.9999510078576243,0.0,0.18567089443366866,0.0018379682342053185,0.9826102690451446,4537.842572693546,-537.4918068259698,-0.11789724996876189,3.1559863392746365e-10,192.3,0.0,-90.42505691968901,5.6,0.0,3.047020359539715e-17,2.2976161880570256,1.5707963267948966,17.004329963834422,461.0,0.0015221759600527907,0.025979102158683837,0.0,0.003339866737901615,-1543.4708976127038,-18.35121738002371,291.68422897555905,-0.00913892250744461,0.011431078225220393,-0.08313264117302356,-0.0091616553932553,0.011412866618138565,-0.08313264117302356,-1.112529462676336e-18,-7.675974175785163e-22,1.2219684034071858e-19,-1.1125257314721148e-18,-2.9818351947180015e-21,1.2219684034071858e-19,-1543.480059268097,-18.33980451340557,291.601096334386,-1678279.985566344,58.43017527787713,139312.98778765489,-0.06169247707394629,4569.232976287024
28.2426070731475,2001.0,12.0,14.0,14.0,21.0,56.0,1.0,3483382.343498414,41368.28104012831,-657529.9555036027,493.7292811249159,-284.72003470868526,4525.499045187297,3545138.858783572,4561.247165983858,3483458.1786902845,34394.81048768954,-657529.9555036027,3545138.8587835724,495.5962957171572,-532.6235981437995,4525.499045187297,4583.606134215652,12759490.928433463,0.7241896277668345,1.633628129942784,0.0,3.831076661402738e-07,6.096257836751396,-0.1865538857608333,0.009873433542281124,148938.85878357245,-0.07847022476591292,-0.07808666282426498,164.5951544046402,-16088685261.773254,-1012213473.4038059,-194562288.76622427,-16090256071.883417,-1872417969.7870586,16120495326.389328,16200004444.338053,-0.9826013359277972,-0.009701964255214328,0.18547368148203314,-0.009873273124961827,0.9999512580510111,0.0,0.18546464113331157,0.001831232314764288,0.9826492321665454,4537.918393511386,-537.4907946188835,-0.11789507834151863,3.176105559918018e-10,192.24122683367492,0.0,-90.4,5.6,0.0,3.046919503254622e-17,2.2975997169757036,1.5707963267948966,17.007091998747576,461.0,0.0015319228995824888,0.026229578696458915,0.0,0.0033612172077877515,-1543.5834504841653,-18.331434132604862,291.3697829947713,-0.009186812427230602,0.011503820223573137,-0.0836646602917936,-0.009209823531352083,0.01148540608035965,-0.0836646602917936,-1.1196196373451469e-18,-7.560297529277753e-22,1.2283607358148209e-19,-1.1196158803471755e-18,-2.9973962508215354e-21,1.2283607358148209e-19,-1543.5926603076966,-18.3199487265245,291.2861183344795,-1678280.1226246953,58.61865971425738,139259.90029263476,-0.061590029018895556,4569.274612192428
28.36051016665111,2001.0,12.0,14.0,14.0,21.0,56.0,1.0,3483440.5324339727,41334.71139122612,-656996.3807776979,493.33448911698633,-284.7247183031684,4525.573514134902,3545096.718811021,4561.278627227728,3483516.58734896,34332.011801424196,-656996.3807776979,3545096.7188110217,495.1946560235003,-532.6357496754606,4525.573514134902,4583.637662493175,12759490.17525711,0.724189611512735,1.6336281295988324,1.4901161193847656e-08,3.8628224721001985e-07,6.096409065798337,-0.1864029633211855,0.009855242375145517,148896.71881102212,-0.07840680836521614,-0.07802355915489366,165.64341196417809,-16088685185.509844,-1012213463.0500906,-194567716.51410127,-16090251500.543951,-1872446497.7841163,16120495249.626291,16200003266.485176,-0.9826294918456514,-0.009684365343052954,0.18532537555083847,-0.009855082842866542,0.9999514374919215,0.0,0.18531637568579112,0.0018263969289388667,0.9826772131157518,4537.972843236342,-537.4900679060205,-0.11789351890137241,3.190363819235591e-10,192.2,0.0,-90.4,5.618973127111266,0.0,3.0468486510135617e-17,2.297588145926629,1.5707963267948966,17.009032904243803,461.0,0.0015388311975158275,0.02641060795639459,0.0,0.0033763801596303823,-1543.6642821472044,-18.31721167431997,291.1437232998723,-0.009220678062825323,0.01155575692842551,-0.08404247372031369,-0.009243889490806007,0.011537197632392738,-0.08404247372031369,-1.124655152414025e-18,-7.475921973770788e-22,1.2328818560094998e-19,-1.124651377114015e-18,-3.008438308649766e-21,1.2328818560094998e-19,-1543.6735260366952,-18.305674476687578,291.059680826152,-1678280.2216914203,58.807144150637626,139206.90054554027,-0.061487583760733114,4569.316178997183
28.438313045674942,2001.0,12.0,14.0,14.0,21.0,56.0,1.0,3483478.9051426253,41312.55886824781,-656644.2762184424,493.07395914006275,-284.7278069533902,4525.6226236101265,3545068.9295956357,4561.299374582461,3483555.104608165,34290.570894941986,-656644.2762184424,3545068.9295956357,494.9296072324628,-532.6437608444055,4525.6226236101265,4583.65845405322,12759489.67645381,0.7241896007481659,1.6336281293710335,1.4901161193847656e-08,3.877166459339192e-07,6.096508862048817,-0.18630336938593112,0.009843238414344811,148868.92959563574,-0.07836495970380916,-0.07798191686209374,166.33719417452812,-16088685135.003788,-1012213456.1930304,-194571293.40328735,-16090248485.727491,-1872465310.81203,16120495198.78934,16200002489.532736,-0.9826480595415426,-0.009672751524990319,0.1852275059411445,-0.009843079464298531,0.9999515557199056,0.0,0.1852185327279655,0.0018232090599525138,0.9826956655256108,4538.008750751041,-537.4895887540878,-0.11789249054930215,3.1994945614339736e-10,192.2,0.0,-90.4,5.658672006234666,0.0,3.0468458348870737e-17,2.297587686018272,1.5707963267948966,17.009110057883547,461.0,0.0015432562707410624,0.0265305053957194,0.0,0.0033861315299983413,-1543.7175890461772,-18.30782545554374,290.9945334959342,-0.009242362193113831,0.011589126127099916,-0.08428572379530397,-0.009265704467574954,0.011570472074124344,-0.08428572379530397,-1.1279094104841426e-18,-7.419812460724726e-22,1.2357903461525004e-19,-1.1279056232747565e-18,-3.0155895010182624e-21,1.2357903461525004e-19,-1543.7268547506449,-18.296254983469616,290.9102477721389,-1678280.2872999795,58.995628587017876,139153.98854637146,-0.06138514129475323,4569.357676699921
28.542276664867913,2001.0,12.0,14.0,14.0,21.0,56.0,1.0,3483530.148798801,41282.95732052584,-656173.7727020138,492.7258135148184,-284.7319316617416,4525.688206477092,3545031.8193405992,4561.327081284295,3483606.5408703485,34235.19476576439,-656173.7727020138,3545031.8193405992,494.5754232382265,-532.654456429133,4525.688206477092,4583.68621978762,12759489.007676473,0.7241895863153928,1.6336281290656136,0.0,3.8943095044410416e-07,6.096642216610565,-0.18617028515385498,0.009827198417047373,148831.81934059924,-0.07830903854968847,-0.07792627146781,167.266783952713,-16088685067.28781,-1012213446.9994504,-194576067.02377847,-16090244459.375315,-1872490434.3811889,16120495130.629713,16200001451.702574,-0.9826728555340086,-0.009657232011004172,0.18509672300319913,-0.009827040242781682,0.9999517134742391,0.0,0.18508778532551556,0.0018189529457594519,0.9827203076834614,4538.05670311958,-537.4889489832537,-0.11789111729427629,3.2115564560627427e-10,192.18977417574902,0.0,-90.4,5.7,0.0,3.04682555864148e-17,2.2975843746560725,1.5707963267948966,17.00966558922287,461.0,0.0015491022268542538,0.026691255113523122,0.0,0.003398998283806604,-1543.7887791309436,-18.29528195779953,290.79516013567155,-0.009270818871033898,0.011633171922428387,-0.08460659935758068,-0.00929433546289666,0.01161439192637462,-0.08460659935758068,-1.1321973757559252e-18,-7.3434826508120905e-22,1.2396023568975602e-19,-1.1321935729605236e-18,-3.0249434476571925e-21,1.2396023568975602e-19,-1543.7980734664065,-18.283667565873156,290.71055353631397,-1678280.3752655555,59.184113023398126,139101.16429512828,-0.061282701616250435,4569.399105299287
28.61241348173295,2001.0,12.0,14.0,14.0,21.0,56.0,1.0,3483564.6987821907,41262.98703164528,-655856.353786296,492.4909354957185,-284.7347127039871,4525.732425107169,3545006.798512816,4561.345762144159,3483641.2204366177,34197.835824846334,-655856.353786296,3545006.798512816,494.3364714787097,-532.6616659715901,4525.732425107169,4583.704940448945,12759488.555108875,0.7241895765485864,1.6336281288589307,1.4901161193847656e-08,3.9142148305665795e-07,6.096732182966623,-0.18608050116167923,0.009816377521381732,148806.79851281643,-0.07827131181280322,-0.0778887307670433,167.89546811580658,-16088685021.464272,-1012213440.778061,-194579283.5848624,-16090241744.49752,-1872507373.6189346,16120495084.505953,16200000751.797152,-0.982689573937646,-0.009646761704150424,0.18500848970485403,-0.009816219869044377,0.9999518197530732,0.0,0.1849995759501365,0.0018160840125826803,0.9827369224452335,4538.089034524984,-537.4885176943177,-0.11789019142216887,3.219375464744861e-10,192.15849814102054,0.0,-90.4,5.7,0.0,3.0467725074926596e-17,2.2975757107459787,1.5707963267948966,17.011119269960968,461.0,0.0015528923140409013,0.0268000363091752,0.0,0.003407301319490072,-1543.836779535278,-18.28681896885999,290.6606446612444,-0.009288892539353054,0.011661633405933819,-0.08481344062394071,-0.00931252455758434,0.011642770489296307,-0.08481344062394071,-1.1349498785273472e-18,-7.290019889208622e-22,1.2420114108979888e-19,-1.1349460658615503e-18,-3.030808230440046e-21,1.2420114108979888e-19,-1543.8460920598357,-18.275176198370694,290.5758312206205,-1678280.4347926546,59.372597459778376,139048.42779181077,-0.061180264720519226,4569.440464793941
28.742404370594276,2001.0,12.0,14.0,14.0,21.0,56.0,1.0,3483628.689821748,41225.973778426734,-655268.0444818849,492.0555955670309,-284.73986364416226,4525.814325281194,3544960.4567022016,4561.380361907719,3483705.450888298,34128.593793611726,-655268.0444818849,3544960.4567022016,493.8935811390152,-532.675015275994,4525.814325281194,4583.739613929883,12759487.713391583,0.7241895583835442,1.633628128474525,0.0,3.934019441140941e-07,6.096898929077765,-0.1859140930248923,0.009796322484069397,148760.45670220163,-0.07820138788460593,-0.07781915163780335,169.0639218389988,-16088684936.239403,-1012213429.2071108,-194585236.91142797,-16090236715.785559,-1872538747.6769536,16120494998.72271,16199999455.123112,-0.9827205390406842,-0.009627355286597696,0.18484495172379614,-0.009796165796015973,0.9999520164166363,0.0,0.18483608220064576,0.0018107717936428755,0.9827676957563407,4538.1489175465795,-537.4877190264186,-0.11788847662319686,3.233843416388012e-10,192.1,0.0,-90.4,5.7,0.0,3.0466733188181166e-17,2.2975595120061274,1.5707963267948966,17.01383787951167,461.0,0.0015599055893273993,0.027002354698392485,0.0,0.003422665298168823,-1543.9256866452904,-18.27113206968539,290.41130832034145,-0.009322262952977122,0.011714298470291575,-0.08519617750839296,-0.0093461094747675,0.011695281651212442,-0.08519617750839296,-1.140042581665003e-18,-7.189963123628036e-22,1.2464589958186618e-19,-1.1400387508406554e-18,-3.0416355437039915e-21,1.2464589958186618e-19,-1543.9350327547652,-18.259436788034176,290.32611214283304,-1678280.5455053784,59.561081896158626,138995.77903641888,-0.06107783060285433,4569.481755182554
28.78216985845942,2001.0,12.0,14.0,14.0,21.0,56.0,1.0,3483648.254004563,41214.650927525676,-655088.0727694442,491.92241580466197,-284.74143848068854,4525.839365281687,3544946.2884739037,4561.390940304556,3483725.088113581,34107.41163062663,-655088.0727694442,3544946.288473903,493.7580915850876,-532.6790956398578,4525.839365281687,4583.750214864547,12759487.455128638,0.7241895528099792,1.6336281283565774,1.4901161193847656e-08,3.948104768840032e-07,6.096949939217064,-0.18586318627077772,0.009790187530458119,148746.28847390367,-0.0781799970635616,-0.07779786629452283,169.42222559452057,-16088684910.090235,-1012213425.6568127,-194587055.96152845,-16090235178.234652,-1872548339.8698714,16120494972.402218,16199999058.592476,-0.9827300062177591,-0.009621418451818024,0.1847949219708655,-0.009790031136597438,0.9999520764968411,0.0,0.18478606595083868,0.001809148039979867,0.9827771043394233,4538.1672260504965,-537.4874748821002,-0.11788795236160787,3.2387010946615993e-10,192.1,0.0,-90.4,5.7,0.0,3.046671883432092e-17,2.2975592775898,1.5707963267948966,17.013877227860167,461.0,0.0015622596091256742,0.02706443181916288,0.0,0.003427822377059638,-1543.9528695731103,-18.266332858048635,290.3350269685916,-0.009333719779457513,0.011731997847917754,-0.08532481389641972,-0.009357635351853535,0.011712931274737513,-0.08532481389641972,-1.1417635241451244e-18,-7.160140383247047e-22,1.2479957502803974e-19,-1.1417596872456966e-18,-3.045377645879574e-21,1.2479957502803974e-19,-1543.962227208462,-18.2546199267739,290.24970215469517,-1678280.5794752128,59.749566332538876,138943.2180289527,-0.060975399258550673,4569.522976463804
28.844608790650398,2001.0,12.0,14.0,14.0,21.0,56.0,1.0,3483678.9625863205,41196.87189897799,-654805.4829650655,491.7132950117091,-284.74391041743945,4525.878669263642,3544924.049559014,4561.407544597032,3483755.9111997467,34074.151516751845,-654805.4829650655,3544924.049559014,493.5453439618616,-532.6854994030646,4525.878669263642,4583.76685453311,12759487.048827352,0.7241895440415907,1.633628128171018,1.4901161193847656e-08,3.959336953039917e-07,6.097030035084619,-0.1857832527319382,0.009780554630048307,148724.04955901345,-0.07814640926334053,-0.07776444411361234,169.98571845889091,-16088684868.952408,-1012213420.0714195,-194589910.18218625,-16090232764.738163,-1872563396.1863594,16120494930.994856,16199998436.090517,-0.9827448663203725,-0.009612096349706181,0.1847163645287472,-0.009780398697375887,0.999952170756842,0.0,0.1847075296848329,0.0018065996910209686,0.9827918725118167,4538.195963938918,-537.4870916979673,-0.11788712947225297,3.2463258654811006e-10,192.1,0.0,-90.4,5.7,0.0,3.046669630404298e-17,2.2975589096424387,1.5707963267948966,17.013938990666773,461.0,0.0015659546213480525,0.02716209308614991,0.0,0.003435917192470396,-1543.9955378025693,-18.258796825590085,290.21524505694634,-0.009351685865692443,0.011759779976445645,-0.08552672978732499,-0.009375710042333958,0.011740635196916814,-0.08552672978732499,-1.1444648229938708e-18,-7.113060517118347e-22,1.2504056606516985e-19,-1.1444609765846966e-18,-3.051245892039667e-21,1.2504056606516985e-19,-1544.0049135126117,-18.24705619039317,290.129718327159,-1678280.632916825,59.93805076891912,138890.74476941212,-0.06087297068290321,4569.564128636391
29.08445854157139,2001.0,12.0,14.0,14.0,21.0,57.0,1.0,3483796.8035568697,41128.5750050145,-653719.9339996488,490.90993526020736,-284.75339646341143,4526.029498463973,3544838.7100492334,4561.471262904182,3483874.189915952,33946.384085443824,-653719.9339996488,3544838.7100492334,492.72805178710803,-532.7100628366526,4526.029498463973,4583.830708592039,12759485.479198089,0.7241895101673009,1.6336281274541766,1.4901161193847656e-08,4.0094924113374354e-07,6.097337720606061,-0.18547619072093538,0.009743552141783005,148638.71004923293,-0.07801738243859722,-0.07763605349453861,172.16024655103683,-16088684710.030968,-1012213398.494251,-194600851.38161856,-16090223501.99092,-1872621174.3207564,16120494771.032171,16199996046.230808,-0.9828018916740969,-0.009576284525783785,0.1844145777765357,-0.009743397972224453,0.9999525319713706,0.0,0.18440582398007813,0.0017968246231565264,0.9828485455569959,4538.306245543367,-537.4856216407793,-0.11788397182019753,3.2755851259772787e-10,192.02672864176134,0.0,-90.32672864176133,5.7,0.0,3.046542611985798e-17,2.297538165960491,1.5707963267948966,17.0174217305032,461.0,0.0015801335500137462,0.027539387899461924,0.0,0.003466966214973763,-1544.1592841934767,-18.22984362199303,289.7550466540653,-0.009420323351924944,0.011864876907839748,-0.08630069262938816,-0.009444763650318457,0.011845431004511167,-0.08630069262938816,-1.1547818381490076e-18,-6.928848231943154e-22,1.259572431224468e-19,-1.1547779557524465e-18,-3.0735511025728313e-21,1.259572431224468e-19,-1544.1687289571269,-18.21799819098852,289.66874596143595,-1678280.839373298,60.12653520529937,138838.35925779722,-0.060770544871207116,4569.605211699017
29.187455573795983,2001.0,12.0,14.0,14.0,21.0,57.0,1.0,3483847.348055285,41099.24604083412,-653253.7630635923,490.5649278561759,-284.75746535057425,4526.094194394691,3544802.106117309,4561.498593559878,3483924.9213668522,33891.515987666906,-653253.7630635923,3544802.1061173095,492.3770612345341,-532.7205935748882,4526.094194394691,4583.858097474448,12759484.800736576,0.7241894955253154,1.6336281271444362,0.0,4.0288286908256607e-07,6.097469852420932,-0.1853443266332911,0.009727662829582666,148602.10611730907,-0.07796197321721028,-0.07758091747654479,173.09870517253876,-16088684641.339432,-1012213389.1695077,-194605538.6632522,-16090219528.403143,-1872645957.1236858,16120494701.890676,16199995020.635529,-0.9828263516754853,-0.009560904945632899,0.18428497374684588,-0.00972750941302915,0.9999526866610337,0.0,0.1842762546094166,0.001792633816802273,0.9828728546720192,4538.353549108105,-537.4849912827885,-0.11788261748463037,3.288390672389623e-10,191.97443731044152,0.0,-90.3,5.7,0.0,3.046454413536733e-17,2.2975237620606683,1.5707963267948966,17.019840929270295,461.0,0.0015863385696183614,0.02770245313380445,0.0,0.0034805557816017184,-1544.2295241075656,-18.217408173823888,289.5573906877045,-0.009450383545991559,0.011910939077122996,-0.08663921827228074,-0.009475005556252105,0.011891361931010062,-0.08663921827228074,-1.1592846233691646e-18,-6.848822754855742e-22,1.2635763522641577e-19,-1.1592807254225902e-18,-3.083294924253788e-21,1.2635763522641577e-19,-1544.2389991131217,-18.205516811892878,289.47075146943223,-1678280.9286127146,60.31501964167962,138786.06149410797,-0.060668121818757664,4569.646225650403
29.295406252696612,2001.0,12.0,14.0,14.0,21.0,57.0,1.0,3483900.2853541495,41068.50604905721,-652765.1644643819,490.20331045529207,-284.76172693771906,4526.161954399187,3544763.769338944,4561.527218395233,3483978.053948263,33834.00784266785,-652765.1644643819,3544763.7693389435,492.00917276847923,-532.7316195875428,4526.161954399187,4583.886783292904,12759484.086835,0.72418948011845,1.6336281268184678,1.4901161193847656e-08,4.056292053704349e-07,6.097608342039558,-0.1852061176003281,0.009711009585776129,148563.769338944,-0.07790389772360404,-0.07752312832732108,174.0855940580368,-16088684569.060757,-1012213379.3569609,-194610444.21311194,-16090215366.322548,-1872671913.4974272,16120494629.138493,16199993946.148289,-0.9828519700194249,-0.00954478494034526,0.18414913008042702,-0.009710856955795084,0.9999528485169609,0.0,0.18414044717584335,0.0017882458607451285,0.9828983151326601,4538.403092971098,-537.4843311993112,-0.11788119906536966,3.302082378948581e-10,191.91967048420568,0.0,-90.3,5.7,0.0,3.0463620294884226e-17,2.297508674600614,1.5707963267948966,17.022375700335427,461.0,0.0015929726163385089,0.02787405768416846,0.0,0.003495091089697767,-1544.3030928177116,-18.204373177837628,289.3502051719984,-0.009482621874105852,0.011960740369736064,-0.08700122727531746,-0.009507438218574634,0.011941023671339536,-0.08700122727531746,-1.164100948603725e-18,-6.764695326484264e-22,1.2678715447935341e-19,-1.1640970341158267e-18,-3.093754007191961e-21,1.2678715447935341e-19,-1544.3126002559302,-18.192432154166287,289.2632039447231,-1678281.022513643,60.50350407805987,138733.85147834435,-0.06056570152085026,4569.687170489281
29.51033164355524,2001.0,12.0,14.0,14.0,21.0,57.0,1.0,3484005.565118203,41007.30261263184,-651792.3628527562,489.4832937026829,-284.7702024597405,4526.296717077757,3544687.5265551056,4561.584147426403,3484083.720496222,33719.507934961264,-651792.3628527562,3544687.526555105,491.2766701043103,-532.7535377877502,4526.296717077757,4583.9438336047515,12759482.656548137,0.7241894492510043,1.63362812616542,0.0,4.1025578671503963e-07,6.097884078100816,-0.18493094012584282,0.009677854466368001,148487.52655510558,-0.07778826763593524,-0.07740806834345766,176.06047761440277,-16088684424.254581,-1012213359.698267,-194620189.1453503,-16090207087.72783,-1872723535.618913,16120494483.38368,16199991808.17234,-0.9829029200444698,-0.009512688405494369,0.18387865163567713,-0.009677703394368693,0.9999531699319777,0.0,0.18387004058591316,0.001779523051086531,0.9829489516107361,4538.501626800649,-537.4830188011791,-0.11787837825984275,3.329311944605149e-10,191.9,0.0,-90.3,5.789247778420596,0.0,3.0463225199355164e-17,2.297502222200962,1.5707963267948966,17.02345997588446,461.0,0.001606168171671374,0.02821784596231637,0.0,0.003524134478425652,-1544.4494145468313,-18.17841657496757,288.9376364069849,-0.009547142743688335,0.012060139899584021,-0.0877254869685948,-0.009572348780459306,0.012040143179843775,-0.0877254869685948,-1.1737796298656779e-18,-6.5969702239960945e-22,1.2765145027452198e-19,-1.1737756820208492e-18,-3.1149613576061482e-21,1.2765145027452198e-19,-1544.4589868956118,-18.16637643178773,288.84991092001627,-1678281.2106422205,60.69198851444012,138681.72921050643,-0.06046328397278051,4569.728046214394
29.73315049231059,2001.0,12.0,14.0,14.0,21.0,57.0,1.0,3484114.548052814,40943.84946621178,-650783.8030826745,488.73676124804865,-284.7789764317402,4526.436225668203,3544608.6019639918,4561.643080322501,3484193.1015866995,33600.79787786175,-650783.8030826745,3544608.6019639918,490.51719250530925,-532.7762129747025,4526.436225668203,4584.00289204712,12759481.161297387,0.7241894169813856,1.6336281254826883,0.0,4.150983177776402e-07,6.098169953461392,-0.18464564379763235,0.00964348281030963,148408.60196399176,-0.07766838503019381,-0.07728877678483465,178.12192752957344,-16088684272.875172,-1012213339.1465595,-194630261.34595314,-16090198516.261332,-1872776974.9769318,16120494331.012531,16199989593.494612,-0.9829556638936618,-0.009479409901348282,0.1835982124294595,-0.00964333334222741,0.9999535019799924,0.0,0.1835896754761046,0.0017704987634943577,0.9830013715111018,4538.603630450588,-537.4816607331143,-0.11787545836660979,3.357499298574366e-10,191.79800280570254,0.0,-90.3,5.8,0.0,3.046149669783446e-17,2.297473993628905,1.5707963267948966,17.028205253130785,461.0,0.0016198277184927379,0.028577252695539013,0.0,0.003554078739470833,-1544.600898456563,-18.15150041697835,288.50981593135634,-0.009613120703247375,0.01216272441713357,-0.08847139384362433,-0.009638732955865753,0.012142437230961825,-0.08847139384362433,-1.1837074825513219e-18,-6.4167242330707495e-22,1.2853101921680256e-19,-1.183703501301729e-18,-3.1363988130293745e-21,1.2853101921680256e-19,-1544.610537189519,-18.139357979747388,288.4213445375127,-1678281.4073156714,60.88047295082036,138629.69469059413,-0.06036086916984415,4569.768852824497
29.770984149477933,2001.0,12.0,14.0,14.0,21.0,57.0,1.0,3484133.0363538954,40933.07520789035,-650612.5509985917,488.6099960595998,-284.78046491656943,4526.459893038914,3544595.212880518,4561.653078077871,3484211.6572064264,33580.640932527895,-650612.5509985917,3544595.2128805183,490.3882292209828,-532.7800582687688,4526.459893038914,4584.0129111006245,12759480.906181058,0.724189411475599,1.6336281253662008,1.4901161193847656e-08,4.161667836835695e-07,6.09821849509642,-0.18459720047292713,0.00963764676941653,148395.21288051875,-0.07764802890402293,-0.07726852101640361,178.47332701086998,-16088684247.047548,-1012213335.6400757,-194631968.46779364,-16090197061.996683,-1872786040.7901714,16120494305.0157,16199989217.638845,-0.9829646117405262,-0.009473759037562587,0.18355059235942228,-0.009637497572534466,0.9999535582418513,0.0,0.18354206794720387,0.0017689683883011956,0.9830102644654862,4538.620935155791,-537.481430394873,-0.11787496303765475,3.3616209748378885e-10,191.8,0.0,-90.3,5.8,0.0,3.046151542955007e-17,2.2974742995410358,1.5707963267948966,17.028153814002813,461.0,0.0016218268749722694,0.0286385738794183,0.0,0.0035584572030544323,-1544.6265983452045,-18.14692953984837,288.4371638521939,-0.009622407725112258,0.012177758927891054,-0.08858066946704878,-0.0096480842462309,0.012157426261827026,-0.08858066946704878,-1.1851701426155429e-18,-6.384482583571392e-22,1.2865578387999606e-19,-1.1851661564977534e-18,-3.139435596977452e-21,1.2865578387999606e-19,-1544.6362464294507,-18.134772113586543,288.3485831827269,-1678281.4408716597,61.06895738720061,138577.7479186075,-0.060258457107336974,4569.80959031836
29.826165554728075,2001.0,12.0,14.0,14.0,21.0,57.0,1.0,3484159.9934387654,40917.360561762674,-650362.7736286822,488.42510184474105,-284.7826352368465,4526.494401828041,3544575.690769849,4561.667655498928,3484238.7123282445,33551.24122553632,-650362.7736286822,3544575.6907698484,490.2001289891602,-532.7856642078339,4526.494401828041,4584.0275195756585,12759480.53351357,0.7241894034328762,1.6336281251960374,1.4901161193847656e-08,4.1749852079516653e-07,6.098289295030794,-0.18452654392344597,0.00962913480661798,148375.6907698484,-0.07761833864097463,-0.07723897712808943,178.98647743463516,-16088684209.319414,-1012213330.5178823,-194634456.74203423,-16090194941.50887,-1872799259.3829558,16120494267.040388,16199988669.547092,-0.9829776583418085,-0.009465516934200184,0.18348113578791417,-0.009628986004697401,0.999953640239647,0.0,0.18347262964642974,0.001766737288627809,0.9830232310632221,4538.646166693446,-537.4810945736591,-0.11787424082442616,3.3677216344223744e-10,191.8,0.0,-90.3,5.8,0.0,3.0461495668478175e-17,2.297473976818241,1.5707963267948966,17.02820807985343,461.0,0.0016247856773101569,0.028728150547949693,0.0,0.003564937671634083,-1544.6640711769835,-18.140262463885527,288.3311936154033,-0.009636193612016168,0.01220000619514103,-0.08874237128348889,-0.00966196468866902,0.012179606596464996,-0.08874237128348889,-1.1873330821775715e-18,-6.337437650308339e-22,1.2884081886239592e-19,-1.1873290888833935e-18,-3.1439395322134868e-21,1.2884081886239592e-19,-1544.673733141672,-18.128082857289062,288.2424512441198,-1678281.489889402,61.25744182358086,138525.8888945465,-0.06015604778055497,4569.850258694766
29.93470652710568,2001.0,12.0,14.0,14.0,21.0,57.0,1.0,3484212.987836302,40886.44974605202,-649871.4598428718,488.0614046890156,-284.78690188676694,4526.562243011474,3544537.3126401575,4561.696313224977,3484291.899046709,33493.41155343008,-649871.4598428718,3544537.312640158,489.8301255261984,-532.7966822587701,4526.562243011474,4584.056238350052,12759479.79849464,0.7241893875700357,1.6336281248604216,1.4901161193847656e-08,4.196205091574438e-07,6.0984285596785375,-0.18438756130027217,0.009612392113466461,148337.31264015846,-0.07755993729198096,-0.0771808636969277,179.99798321723938,-16088684134.90821,-1012213320.415341,-194639345.57154477,-16090190772.606304,-1872825245.8187134,16120494192.141674,16199987591.818874,-0.9830033066999723,-0.00944930426715763,0.1833445108689837,-0.009612244086384319,0.9999538013146526,0.0,0.1833360405936159,0.0017623521903714142,0.9830487222585731,4538.695769593775,-537.4804344799144,-0.11787282106393242,3.3797147999504803e-10,191.8,0.0,-90.3,5.8,0.0,3.0461456820603945e-17,2.297473342384308,1.5707963267948966,17.02831476099007,461.0,0.0016306024925193062,0.028904822070054407,0.0,0.00357767773535704,-1544.7377410632319,-18.127147290164206,288.1227337030717,-0.009663251745651422,0.012243743161923665,-0.0890602677012659,-0.009689209269511074,0.012223211715691112,-0.0890602677012659,-1.191585290257995e-18,-6.244265475046012e-22,1.2920400550001303e-19,-1.1915812829378151e-18,-3.152779728138938e-21,1.2920400550001303e-19,-1544.7474302725013,-18.114924078448514,288.0336734353704,-1678281.5865680054,61.44592625996111,138474.11761841117,-0.060053641184794324,4569.890857952507
29.968335697445806,2001.0,12.0,14.0,14.0,21.0,57.0,1.0,3484229.399041611,40876.87257660272,-649719.234956918,487.9487171441315,-284.7882231911263,4526.583252221272,3544525.427773161,4561.705187966565,3484308.3696997776,33475.49398568493,-649719.234956918,3544525.427773161,489.7154840701186,-532.8000936206621,4526.583252221272,4584.065131996962,12759479.570232833,0.7241893826437867,1.6336281247561941,1.4901161193847656e-08,4.20677489444411e-07,6.098471708553146,-0.18434449980201514,0.009607204792525267,148325.42777316086,-0.07754184255959426,-0.07716285817017578,180.31195428967476,-16088684111.799839,-1012213317.2779635,-194640858.77675554,-16090189481.514011,-1872833293.3209841,16120494168.881905,16199987258.00428,-0.9830112495169163,-0.009444280953209531,0.1833021791481695,-0.009607057004961232,0.9999538511629942,0.0,0.18329371996578117,0.0017609944842100803,0.9830566164364758,4538.711130720665,-537.4802300876587,-0.11787238140166456,3.3836329381568364e-10,191.79346824737266,0.0,-90.3,5.8,0.0,3.046133920530012e-17,2.297471421580631,1.5707963267948966,17.028637755826143,461.0,0.0016325022619376188,0.02895968805902858,0.0,0.0035818391926752597,-1544.760555765198,-18.12308351934146,288.0581418546838,-0.009672195631803505,0.012258018212261298,-0.08916402785477964,-0.009698212595524733,0.012237444638649602,-0.08916402785477964,-1.1929699714655363e-18,-6.215580544647657e-22,1.2932367631160112e-19,-1.1929659595958935e-18,-3.155693005798905e-21,1.2932367631160112e-19,-1544.7702539777936,-18.11084607470281,287.968977826829,-1678281.6165917665,61.63441069634136,138422.43409020148,-0.05995123731535125,4569.931388090389
30.00836811122997,2001.0,12.0,14.0,14.0,21.0,58.0,1.0,3484248.9301214716,40865.47178513387,-649538.0244026376,487.814570884344,-284.7897956936925,4526.608255586744,3544511.283517337,4561.715749895471,3484327.971461026,33454.164630612366,-649538.0244026376,3544511.2835173374,489.57901183984785,-532.8041530797817,4526.608255586744,4584.0757164252,12759479.298138777,0.7241893767715628,1.6336281246319506,1.4901161193847656e-08,4.209413198180687e-07,6.098523073669627,-0.18429323869690434,0.009601029801402814,148311.2835173374,-0.07752030228025997,-0.07714142408205456,180.68612232804298,-16088684084.254171,-1012213313.5381118,-194642659.18427393,-16090187944.926744,-1872842870.7482686,16120494141.155766,16199986860.684576,-0.9830207023641946,-0.00943830106739417,0.18325178633881486,-0.009600882298624316,0.9999539104674214,0.0,0.18324334034963832,0.0017593788316516128,0.9830660114171547,4538.729412213889,-537.4799868539616,-0.11787185816079668,3.388684458093783e-10,191.77326216762486,0.0,-90.3,5.8,0.0,3.0460998249693664e-17,2.297465853353013,1.5707963267948966,17.02957415905463,461.0,0.0016349504856460041,0.02902509033591898,0.0,0.00358720309056024,-1544.787708149533,-18.11824578768128,287.9812482393284,-0.009683928702687514,0.012276397250318712,-0.08929762559519348,-0.00971001945806157,0.012255771158537255,-0.08929762559519348,-1.1947469970960985e-18,-6.181990959949469e-22,1.2947998788188102e-19,-1.1947429793918109e-18,-3.1594990498464532e-21,1.2947998788188102e-19,-1544.797418168991,-18.105990016522743,287.89195061373323,-1678281.65238088,61.82289513272161,138370.83830991745,-0.0598488361675222,4569.9718491072335
30.142997146902335,2001.0,12.0,14.0,14.0,21.0,58.0,1.0,3484314.573758069,40827.130453732454,-648928.6058403642,487.3634196180921,-284.7950809270964,4526.692292847627,3544463.7449072427,4561.751248701338,3484393.8521160497,33382.43280287303,-648928.6058403642,3544463.744907243,489.1200381730571,-532.8177934695332,4526.692292847627,4584.111290850851,12759478.38010962,0.7241893569589893,1.633628124212753,0.0,4.2409448238485497e-07,6.098695817590436,-0.1841208445499147,0.009580263574486792,148263.74490724318,-0.07744786090522837,-0.077069339829436,181.94778096675873,-16088683991.317677,-1012213300.9200157,-194648706.59785414,-16090182780.079605,-1872875060.6701312,16120494047.610363,16199985524.938923,-0.9830524736280619,-0.009418189945048127,0.18308230879008366,-0.009580117026745353,0.9999541096259137,0.0,0.1830739070744447,0.001753949943735731,0.9830975883441544,4538.790856952439,-537.479169467495,-0.11787009958869821,3.4056625331274285e-10,191.70534986749027,0.0,-90.3,5.8,0.0,3.045985219878438e-17,2.297447136921302,1.5707963267948966,17.03272246580796,461.0,0.001643179166495531,0.029245756156439713,0.0,0.0036052314233950646,-1544.8789705473694,-18.101974988365324,287.72263104479686,-0.009723298384013583,0.012338170536196682,-0.08974665588921148,-0.00974963798886759,0.012317367524388603,-0.08974665588921148,-1.2007194585349263e-18,-6.068075940235751e-22,1.3000447269758546e-19,-1.2007154213324355e-18,-3.172269587305052e-21,1.3000447269758546e-19,-1544.8887201853581,-18.089657620840935,287.63288438890766,-1678281.7731312327,62.011379569101855,138319.3302775591,-0.05974643773660367,4570.012241001875
30.217544923826065,2001.0,12.0,14.0,14.0,21.0,58.0,1.0,3484350.896305444,40805.89950458259,-648591.1492601605,487.113593365274,-284.79800545334797,4526.738794027742,3544437.440401163,4561.77089145292,3484430.3054539785,33342.71213961476,-648591.1492601605,3544437.440401163,488.8658803371489,-532.8253388502455,4526.738794027742,4584.130975445011,12759477.86975109,0.7241893459445896,1.6336281239797252,1.4901161193847656e-08,4.2618363040909765e-07,6.098791472608332,-0.1840253832008308,0.009568764927687547,148237.44040116295,-0.07740774720741635,-0.07702942388092775,182.64860302209854,-16088683939.65222,-1012213293.9055552,-194652050.33932132,-16090179921.946411,-1872892872.5265415,16120493995.606415,16199984785.587591,-0.9830700538643468,-0.009407053361856205,0.1829884601339592,-0.009568618906990229,0.9999542197181893,0.0,0.18298008287068615,0.0017509468393988297,0.9831150611488985,4538.824856749406,-537.4787172616536,-0.11786912654030927,3.4153792795680425e-10,191.66777200166138,0.0,-90.26777200166137,5.832227998338624,0.0,3.045921798582103e-17,2.2974367794375965,1.5707963267948966,17.034465226005413,461.0,0.0016478879936986743,0.02936842622078328,0.0,0.003615591548827468,-1544.929471145984,-18.092964404961748,287.57941178626527,-0.009746128428171642,0.012372952881953492,-0.09000478311993053,-0.009772607566930873,0.012352049372481562,-0.09000478311993053,-1.2041522410585102e-18,-6.0056676987633815e-22,1.3030853691911925e-19,-1.2041481925694704e-18,-3.179726144654963e-21,1.3030853691911925e-19,-1544.939243753551,-18.080612355589267,287.48940700314535,-1678281.8402597979,62.199864005482105,138267.90999312635,-0.059644042017892404,4570.052563773154
30.299865338215106,2001.0,12.0,14.0,14.0,21.0,58.0,1.0,3484390.9843429406,40782.45468189076,-648218.5041341827,486.83770977705603,-284.80123320247003,4526.790116642237,3544408.408956593,4561.79257071433,3484470.5375435837,33298.84939419026,-648218.5041341827,3544408.408956593,488.5852134506002,-532.8336645842835,4526.790116642237,4584.152700886689,12759477.304484524,0.7241893337451583,1.6336281237216514,0.0,4.2722437342499377e-07,6.098897102629745,-0.18391996703131808,0.009556067537302183,148208.40895659244,-0.07736345033333834,-0.07698534537495995,183.42431735992432,-16088683882.428734,-1012213286.1368562,-194655738.67598027,-16090176767.288385,-1872912531.0942357,16120493938.008045,16199983969.384544,-0.9830894568296508,-0.009394755217836991,0.18288482289347863,-0.009555922097123972,0.9999543411340708,0.0,0.18287647257986964,0.0017476331203163963,0.9831343456289282,4538.862381755247,-537.4782182409703,-0.11786805263527676,3.4261623875513743e-10,191.62629850941778,0.0,-90.22629850941779,5.873701490582208,0.0,3.045851796776824e-17,2.297425347275225,1.5707963267948966,17.036389242287683,461.0,0.0016531136018617513,0.02950429640271191,0.0,0.0036270966112372915,-1544.9852090642519,-18.083013518282304,287.42124682024445,-0.009771488814791793,0.012411447861795133,-0.09029145391566057,-0.00979812264651253,0.012390432772407848,-0.09029145391566057,-1.2079644161803752e-18,-5.936450460160085e-22,1.3064628240292408e-19,-1.2079603551906233e-18,-3.1880182211661833e-21,1.3064628240292408e-19,-1544.9950071868984,-18.070623085509897,287.3309553663288,-1678281.9146105368,62.388348441862355,138216.57745661927,-0.0595416490066852,4570.092817419933
30.562334470555506,2001.0,12.0,14.0,14.0,21.0,58.0,1.0,3484518.6487711887,40707.701799839444,-647030.3400025686,485.9580203762266,-284.8115125956617,4526.9535639268015,3544315.955371904,4561.861611801106,3484598.658636087,33158.993525147016,-647030.3400025686,3544315.955371905,487.6902724417181,-532.8601656709812,4526.9535639268015,4584.221889038831,12759475.490277115,0.724189294591263,1.6336281228934548,1.4901161193847656e-08,4.33160121850632e-07,6.09923390326352,-0.18358384817441734,0.009515584421279512,148115.95537190512,-0.07722220948873865,-0.07684480077683464,185.91063579916954,-16088683698.77514,-1012213261.2050292,-194667470.25302997,-16090166719.361097,-1872975137.1238766,16120493753.15137,16199981368.66504,-0.9831512490738001,-0.009355541081175322,0.18255436257648078,-0.009515440821695007,0.9999547271681698,0.0,0.182546097823524,0.0017370852338387565,0.98319576113015,4538.981887541096,-537.4766295090473,-0.11786463279747003,3.460502290435239e-10,191.59422195986446,0.0,-90.2,5.9,0.0,3.045790570096561e-17,2.297415348199523,1.5707963267948966,17.038072441871062,461.0,0.0016697575421251896,0.029940372667558047,0.0,0.0036635960464425177,-1545.162726236484,-18.051280487203982,286.91686424713345,-0.009851552411066574,0.01253604558573752,-0.09120166284927453,-0.009878686489806394,0.012514674469269963,-0.09120166284927453,-1.2201217239326512e-18,-5.709847694799568e-22,1.317183793014582e-19,-1.2201176239851528e-18,-3.214168137663241e-21,1.317183793014582e-19,-1545.172604922974,-18.038765812734713,286.82566258428415,-1678282.153237233,62.576832878242605,138165.33266803785,-0.05943925869827905,4570.133001941082
30.86233447055551,2001.0,12.0,14.0,14.0,21.0,58.0,1.0,3484664.2853393913,40622.25658659441,-645672.2259569161,484.95241911380435,-284.8232396377455,4527.1400304020335,3544210.4865007997,4561.9403746115095,3484744.8122648997,32999.13094230026,-645672.2259569161,3544210.4865007997,486.66723757885455,-532.8903730987921,4527.1400304020335,4584.300819617156,12759473.394301621,0.7241892493560091,1.6336281219366564,1.4901161193847656e-08,4.402782530395471e-07,6.09961888497955,-0.18319964560738627,0.009469314510247415,148010.48650079966,-0.07706076238128147,-0.07668414948247,188.77727097272873,-16088683486.604654,-1012213232.4018452,-194680826.73234275,-16090155253.92809,-1873046559.0601149,16120493539.590986,16199978399.128,-0.9832217430476001,-0.009310714210678923,0.18217660277688205,-0.009469172995263495,0.999955166376366,0.0,0.18216843513963824,0.001725061767383696,0.983265826417594,4539.118223596058,-537.4748179561276,-0.11786073175340174,3.4996764425601265e-10,191.5,0.0,-90.2,5.9,0.0,3.045627508387551e-17,2.297388718201532,1.5707963267948966,17.042556900027343,461.0,0.0016887455074911515,0.03044414865775256,0.0,0.003705196150252273,-1545.3652598672459,-18.01499914079163,286.34018819342054,-0.009942183206771697,0.012678645212206184,-0.0922384115977588,-0.009969895137311918,0.012656865420988567,-0.0922384115977588,-1.2339401281261128e-18,-5.442883786220009e-22,1.3292898011124688e-19,-1.2339359848907803e-18,-3.2436463041808456e-21,1.3292898011124688e-19,-1545.3752297623832,-18.00234227537064,286.2479497818228,-1678282.4289255925,62.765317314622855,138114.1756273821,-0.059336871087971026,4570.173117335486
31.162334470555514,2001.0,12.0,14.0,14.0,21.0,59.0,1.0,3484809.620208432,40536.80785861603,-644314.0560249196,483.9466861126874,-284.83494297341844,4527.326120869254,3544105.2361181215,4562.018976773679,3484890.658964288,32839.25931034373,-644314.0560249196,3544105.2361181215,485.64406976436743,-532.9204918754799,4527.326120869254,4584.379589198864,12759471.274750063,0.7241892036116129,1.6336281209690275,0.0,4.4653785418784086e-07,6.10000388951785,-0.1828154200893773,0.009423046673162362,147905.23611812107,-0.0768993046117194,-0.07652348753584867,191.67014050483704,-16088683272.055182,-1012213203.2740526,-194694127.19336766,-16090143809.076616,-1873117835.6470363,16120493323.63593,16199975432.88721,-0.9832920939958624,-0.00926588154766893,0.1817987935173845,-0.009422907222414354,0.9999556034242109,0.0,0.18179072227346973,0.0017130731644611783,0.9833357507360461,4539.254284308748,-537.4730110429781,-0.11785683903102388,3.5387694418407397e-10,191.3931944544587,0.0,-90.2,5.9,0.0,3.045444080537176e-17,2.297358762160246,1.5707963267948966,17.04760438753664,461.0,0.0017076958601146583,0.030953615906255956,0.0,0.0037467129131038726,-1545.567401798016,-17.978706336181208,285.7633300073403,-0.01003209836650452,0.01282094536210784,-0.09327297186430039,-0.010060393540813777,0.01279875460415308,-0.09327297186430039,-1.2477215583669735e-18,-5.168342836294921e-22,1.341293072728014e-19,-1.2477173728994517e-18,-3.272872786471981e-21,1.341293072728014e-19,-1545.5774621915568,-17.965907581577056,285.670057035476,-1678282.7077150568,62.953801751003105,138063.106334652,-0.0592344861710584,4570.213163602042
31.204987187643773,2001.0,12.0,14.0,14.0,21.0,59.0,1.0,3484830.2587998374,40524.658838929,-644120.9527010799,483.80368461432704,-284.8366049785018,4527.352547880202,3544090.28981056,4562.030139047684,3484911.3699008524,32816.52871219619,-644120.9527010799,3544090.28981056,485.498589360595,-532.9247668354178,4527.352547880202,4584.390775247576,12759470.971519085,0.7241891970672227,1.6336281208305918,0.0,4.4753126554731523e-07,6.100058629667317,-0.18276079068752,0.00941646867807791,147890.28981056064,-0.07687634837197443,-0.07650064444360784,192.0835074186325,-16088683241.361542,-1012213199.1069119,-194696013.65428495,-16090142183.571287,-1873127957.643991,16120493292.7412,16199975011.430746,-0.9833020845772891,-0.009259506961926275,0.18174507420224603,-0.009416329519166542,0.9999556653864142,0.0,0.18173701660461017,0.0017113715071737229,0.9833456808280698,4539.273606478666,-537.4727545203198,-0.11785628625605755,3.5436521889357773e-10,191.37536226320083,0.0,-90.2,5.924637736799176,0.0,3.045413717329045e-17,2.297353803472051,1.5707963267948966,17.04844020827227,461.0,0.0017100643460083772,0.03102650281296787,0.0,0.003751940465210254,-1545.5961096563135,-17.973545451298158,285.68130000850357,-0.010043072311576392,0.012838794399396218,-0.09340323251817136,-0.010071445633745372,0.012816548908814389,-0.09340323251817136,-1.249454236002155e-18,-5.128370029032427e-22,1.342755994113419e-19,-1.249450045236985e-18,-3.2764802482600772e-21,1.342755994113419e-19,-1545.6061811019472,-17.96072890238934,285.58789677598537,-1678282.7475997265,63.14228618738335,138012.12478984753,-0.059132103942838556,4570.253140739662
31.274952555971545,2001.0,12.0,14.0,14.0,21.0,59.0,1.0,3484864.100096696,40504.73004560502,-643804.1932964914,483.569106407594,-284.8393302101458,4527.3958809544365,3544065.7822062178,4562.048442047673,3484945.329640095,32779.242189387645,-643804.1932964914,3544065.7822062173,485.25994482945913,-532.9317753831117,4527.3958809544365,4584.409117231149,12759470.473166477,0.7241891863116646,1.6336281206030776,0.0,4.492644498253304e-07,6.100148423647829,-0.18267117836659255,0.009405678556886598,147865.78220621683,-0.07683869164713986,-0.07646317332065922,192.76258772611618,-16088683190.917616,-1012213192.2583596,-194699105.66354963,-16090139518.083998,-1873144554.894553,16120493241.96679,16199974320.247723,-0.9833184663605992,-0.009249050159837109,0.18165695358389108,-0.009405539875803136,0.9999557669315402,0.0,0.181648918339427,0.0017085817206502069,0.9833619634776505,4539.30528953793,-537.4723339366303,-0.11785537987611464,3.55192350540182e-10,191.34472775777104,0.0,-90.2,5.955272242228963,0.0,3.04536167102339e-17,2.2973453036653,1.5707963267948966,17.04987310650753,461.0,0.0017140759237423229,0.03114628934780532,0.0,0.0037607773296328318,-1545.643183422952,-17.96507929524112,285.54673417543694,-0.010061738478430343,0.01286899410404428,-0.09362340779325493,-0.010090242263785984,0.012846657211755878,-0.09362340779325493,-1.2523826737441544e-18,-5.062630115611747e-22,1.3452439020626566e-19,-1.2523784740922874e-18,-3.2825945634363723e-21,1.3452439020626566e-19,-1545.6532736652157,-17.952232638029365,285.4531107676437,-1678282.8131492008,63.3307706237636,137961.23099296875,-0.059029724398609,4570.29304874727
31.371065676433183,2001.0,12.0,14.0,14.0,21.0,59.0,1.0,3484910.5619459967,40477.35306891971,-643369.048291405,483.246848995849,-284.8430718243993,4527.455375294002,3544032.1348957345,4562.073571075913,3484991.9537327043,32728.019991087865,-643369.048291405,3544032.1348957345,484.93210130246393,-532.9413953317284,4527.455375294002,4584.4342997811955,12759469.78666357,0.7241891714953763,1.6336281202896683,1.4901161193847656e-08,4.5172889206481717e-07,6.100271777831895,-0.18254807372213047,0.009390856089512558,147832.13489573402,-0.07678696074957404,-0.07641169738977793,193.69748958945274,-16088683121.429523,-1012213182.8242393,-194703348.27828717,-16090135858.284395,-1873167342.047901,16120493172.023443,16199973371.064375,-0.9833409577239155,-0.009234684885849866,0.18153589578282223,-0.009390718063039628,0.9999559062350002,0.0,0.18152789118169455,0.0017047524156178283,0.983384318840975,4539.348788901072,-537.4717565821328,-0.1178541354979723,3.5632070387273703e-10,191.3,0.0,-90.20304985104858,6.0,0.0,3.045285891044351e-17,2.297332927855541,1.5707963267948966,17.05195986853954,461.0,0.0017195487092724392,0.031311298624896074,0.0,0.003772838669982352,-1545.7078150322875,-17.95344811819589,285.3618617226711,-0.010087134349564507,0.012910263255343142,-0.09392388875633839,-0.01011581736092557,0.012887801047068671,-0.09392388875633839,-1.2563776369016485e-18,-4.971689915529704e-22,1.3486272344954568e-19,-1.2563734252024247e-18,-3.290916088892978e-21,1.3486272344954568e-19,-1545.7179308496484,-17.940560317148822,285.26793783391474,-1678282.903446529,63.51925506014385,137910.4249440156,-0.058927347533667414,4570.332887623805
31.42052627909981,2001.0,12.0,14.0,14.0,21.0,59.0,1.0,3484934.459525088,40463.26451132531,-643145.1168631768,483.0810074276031,-284.84499634138166,4527.4859765239535,3544014.828454486,4562.086496253556,3485015.934594298,32701.660266139064,-643145.1168631768,3544014.8284544856,484.7633850251416,-532.9463422893937,4527.4859765239535,4584.447252487668,12759469.43250081,0.7241891638517285,1.6336281201279863,0.0,4.524656072464319e-07,6.100335257820238,-0.18248472214408484,0.009383228408496487,147814.8284544861,-0.07676033917889316,-0.07638520702743976,194.1795355975628,-16088683085.581324,-1012213177.9573191,-194705529.32951954,-16090133975.751186,-1873179062.6888397,16120493135.940386,16199972882.744898,-0.9833525262404399,-0.009227292166946146,0.18147359647014988,-0.009383090718083622,0.9999559778353126,0.0,0.18146560760959965,0.001702783218616316,0.9833958174530687,4539.3711630134785,-537.4714596562401,-0.11785349546359668,3.5696351454765925e-10,191.3,0.0,-90.17832636355156,6.0,0.0,3.0452841417043966e-17,2.2973326421666465,1.5707963267948966,17.052008046573413,461.0,0.0017226653990447792,0.03139642532842596,0.0,0.003779660652795768,-1545.7410593072177,-17.9474621618243,285.266717573744,-0.010101822799266663,0.01293316883476711,-0.09409414984941106,-0.010130601971647304,0.012910638391204005,-0.09409414984941106,-1.2586538308813891e-18,-4.924856492968978e-22,1.3505970972126734e-19,-1.258649612422183e-18,-3.2957069044225602e-21,1.3505970972126734e-19,-1545.7511899091894,-17.934551523433097,285.1726234238946,-1678282.9500303846,63.7077394965241,137859.70664298808,-0.058824973343311604,4570.372657368215
31.52669402989865,2001.0,12.0,14.0,14.0,21.0,59.0,1.0,3484985.7282518316,40433.0229395251,-642664.4403746363,482.7250145522059,-284.84912516196704,4527.551627879352,3543977.700040594,4562.114225542028,3485067.381607723,32645.077988321365,-642664.4403746363,3543977.7000405937,484.401221443256,-532.9569528502203,4527.551627879352,4584.47504083511,12759468.670127803,0.7241891473979332,1.633628119779983,1.4901161193847656e-08,4.5491270787936093e-07,6.10047152043015,-0.18234873515668684,0.009366855693299002,147777.70004059374,-0.0767031946971833,-0.07632834418685172,195.21650978922844,-16088683008.41492,-1012213167.4813468,-194710205.85898545,-16090129936.762897,-1873204207.8310013,16120493058.268461,16199971834.864868,-0.9833773450571666,-0.009211423082020926,0.1813398657579801,-0.00936671872239159,0.9999561313279576,0.0,0.18133191061888096,0.00169855951571125,0.9834204864079646,4539.419164012981,-537.4708227264849,-0.11785212238629382,3.583425699208037e-10,191.3,0.0,-90.12528577227678,6.0,0.0,3.045280388757603e-17,2.2973320292639228,1.5707963267948966,17.052111406280282,461.0,0.0017293519744425024,0.03157967151099291,0.0,0.0037942964015212086,-1545.8123825298321,-17.934612189755907,285.062472907473,-0.01013328768738783,0.012982304642450612,-0.09445942989093555,-0.010162273741935932,0.012959627524690667,-0.09445942989093555,-1.2635371867249849e-18,-4.823636937077934e-22,1.3548169451322132e-19,-1.2635329538546324e-18,-3.3059696020796022e-21,1.3548169451322132e-19,-1545.8225448035741,-17.921652562231216,284.9680134775821,-1678283.0503071006,63.89622393290435,137809.07608988625,-0.058722601822839504,4570.412357979468
31.614034591273732,2001.0,12.0,14.0,14.0,21.0,59.0,1.0,3485027.876935601,40408.14390879844,-642268.9991168649,482.43213912785166,-284.85251957351227,4527.605601663705,3543947.176290724,4562.13702238188,3485109.6764706504,32598.528848006186,-642268.9991168649,3543947.176290724,484.1032694777613,-532.9656734665903,4527.605601663705,4584.497886228034,12759468.040715259,0.7241891338137063,1.6336281194927147,1.4901161193847656e-08,4.5710389763647616e-07,6.100583621132194,-0.1822368611883922,0.009353386616773646,147747.17629072396,-0.07665618289826569,-0.0762815640853288,196.07191202044487,-16088682944.707249,-1012213158.8331418,-194714047.84280404,-16090126615.957582,-1873224880.2205956,16120492994.143476,16199970973.117558,-0.9833977492063931,-0.009198367590265686,0.18122984547108753,-0.009353250235887506,0.9999562573983048,0.0,0.18122191800614182,0.0016950880949023058,0.9834407674641751,4539.458626914971,-537.4702991808554,-0.11785099358407232,3.594946287863614e-10,191.28168041531995,0.0,-90.1,6.0,0.0,3.045247656840873e-17,2.297326683736257,1.5707963267948966,17.05301292935954,461.0,0.0017349374022592704,0.031730955452971416,0.0,0.0038065269469494795,-1545.871020870157,-17.924039887649013,284.894430804689,-0.010159612712169318,0.01302372119643751,-0.09476442243368025,-0.010188771741592401,0.013000922069666299,-0.09476442243368025,-1.267605508496447e-18,-4.739913617185965e-22,1.3583376098556687e-19,-1.2676012636816916e-18,-3.3145363062798827e-21,1.3583376098556687e-19,-1545.8812096418987,-17.911038965579348,284.79966638225534,-1678283.1330952272,64.0847083692846,137758.53328471005,-0.05862023296754923,4570.451989456538
31.692287699861964,2001.0,12.0,14.0,14.0,21.0,59.0,1.0,3485065.6184829413,40385.85319471556,-641914.698012879,482.16972683763055,-284.85555910134525,4527.653932590047,3543919.844154932,4562.157435723556,3485147.548611172,32556.822321790492,-641914.698012879,3543919.844154932,483.8363087547153,-532.9734803506312,4527.653932590047,4584.5183430459265,12759467.475050984,0.7241891216052961,1.6336281192345388,0.0,4.588009213906761e-07,6.100684059817774,-0.18213662563636704,0.00934131909485024,147719.844154933,-0.07661406173426834,-0.07623965051219617,196.8402283489704,-16088682887.452581,-1012213151.0608345,-194717486.0702584,-16090123642.147884,-1873243391.2557254,16120492936.513762,16199970201.26491,-0.9834160200771204,-0.009186670058434645,0.18113126883261862,-0.009341183241148163,0.9999563701960478,0.0,0.18112336611086985,0.0016919803728671597,0.9834589281973527,4539.493964013836,-537.4698304409703,-0.11784998282840961,3.605488683097264e-10,191.24263450704717,0.0,-90.1,6.0,0.0,3.045181702198796e-17,2.2973159125257943,1.5707963267948966,17.054829794102933,461.0,0.0017400478667436983,0.03186692005701312,0.0,0.003817723690227856,-1545.923529875797,-17.914566772202658,284.7438597908522,-0.010183771951991223,0.01306207501749543,-0.09504331633781779,-0.010213089192235679,0.01303916500717282,-0.09504331633781779,-1.2713145918612275e-18,-4.664660972474892e-22,1.3615565371900926e-19,-1.2713103361881448e-18,-3.32237431450885e-21,1.3615565371900926e-19,-1545.9337429649893,-17.901527607195487,284.6488164745144,-1678283.207498394,64.27319280566485,137708.0782274595,-0.058517866772738944,4570.491551798422
31.904229326730057,2001.0,12.0,14.0,14.0,21.0,59.0,1.0,3485167.7350005796,40325.4795722698,-640955.085809734,481.45896158590745,-284.8637832851645,4527.784704028671,3543845.892165342,4562.212668514579,3485250.0170414024,32443.86081694759,-640955.085809734,3543845.892165342,483.11322406511175,-532.9945942956878,4527.784704028671,4584.57369346933,12759465.934709987,0.7241890883608775,1.633628118531476,1.4901161193847656e-08,4.636153336198385e-07,6.100956096870791,-0.1818651387079227,0.00930863598262491,147645.89216534188,-0.07649997666332518,-0.07612612768610881,198.93031576275826,-16088682731.547033,-1012213129.8959715,-194726779.17630646,-16090115594.862196,-1873293477.0524166,16120492779.586905,16199968111.873652,-0.9834654562001462,-0.009154986363451577,0.18086426591707716,-0.009308501549897371,0.9999566749609182,0.0,0.1808564299656878,0.001683575299610163,0.9835080667255743,4539.589577248712,-537.4685624790455,-0.11784724812895933,3.6340130219395627e-10,191.2,0.0,-90.1,6.0,0.0,3.0451052225785727e-17,2.2973034224559594,1.5707963267948966,17.056937095313764,461.0,0.0017538768017221224,0.032237174548391666,0.0,0.003848019480212407,-1546.0656118127804,-17.888905782187475,284.3359896096291,-0.010249031762982364,0.013165948119879927,-0.09579863734707976,-0.010278779624890981,0.01314273683054322,-0.09579863734707976,-1.2813928473478615e-18,-4.458348749435083e-22,1.3702873566910148e-19,-1.2813885625051157e-18,-3.3436333633872014e-21,1.3702873566910148e-19,-1546.0758905924054,-17.875763045356933,284.24019097228205,-1678283.4101031478,64.4616772420451,137657.71091813463,-0.05841550323370707,4570.531045004121
32.006953686990116,2001.0,12.0,14.0,14.0,22.0,0.0,1.0,3485217.1748683425,40296.21691800231,-640489.968772975,481.114442736949,-284.8677651392842,4527.848019031854,3543810.088195187,4562.239409991131,3485299.626535526,32389.1087635124,-640489.968772975,3543810.088195187,482.76273398746616,-533.0048119201791,4527.848019031854,4584.60049189761,12759465.183635158,0.7241890721507462,1.6336281181887045,1.4901161193847656e-08,4.6600388798451516e-07,6.101087952494268,-0.1817335496996945,0.009292795425609323,147610.08819518657,-0.07644467974325764,-0.07607110327794483,199.94816732406616,-16088682655.528234,-1012213119.5767064,-194731273.38952407,-16090111698.15773,-1873317726.6251292,16120492703.07016,16199967099.747952,-0.9834893913038496,-0.009139628805562693,0.18073484550047308,-0.00929266167800734,0.9999568222873116,0.0,0.18072704178324128,0.0016795077726628235,0.9835318579598324,4539.635869790404,-537.4679487492439,-0.11784592416256412,3.647964721925377e-10,191.18584027883793,0.0,-90.1,6.01415972116206,0.0,3.0450786850017786e-17,2.297299088540775,1.5707963267948966,17.057668431630752,461.0,0.0017606408994966835,0.03241768486491657,0.0,0.003862861173713228,-1546.1344059416615,-17.87646630903723,284.1382696381915,-0.010281024549504221,0.013216803892346559,-0.0961687386074702,-0.01031098340344414,0.013193445045557856,-0.0961687386074702,-1.2863345235306815e-18,-4.357517575767895e-22,1.3745711715866557e-19,-1.2863302244659383e-18,-3.3540918157423258e-21,1.3745711715866557e-19,-1546.144716925065,-17.86327286399167,284.04210089958406,-1678283.50889384,64.65016167842535,137607.4313567354,-0.058313142345752085,4570.570469072654
32.08579609045554,2001.0,12.0,14.0,14.0,22.0,0.0,1.0,3485255.096663135,40273.757138313966,-640132.9804379218,480.85000922926116,-284.8708193808999,4527.896584254457,3543782.6255252636,4562.259921663133,3485337.678104892,32347.08507416971,-640132.9804379218,3543782.6255252636,482.4937173820456,-533.012647035864,4527.896584254457,4584.621047253143,12759464.605243431,0.7241890596675323,1.6336281179247103,0.0,4.676686175607252e-07,6.101189155355637,-0.18163255145745316,0.009280637736960726,147582.62552526407,-0.07640223773170293,-0.0760288704239156,200.73157700896263,-16088682596.987974,-1012213111.6295401,-194734718.3402523,-16090108709.014841,-1873336326.94443,16120492644.14641,16199966323.183884,-0.9835077504473885,-0.009127841205941685,0.1806355095899937,-0.00928050451361346,0.9999569351906975,0.0,0.18062773055621995,0.0016763886620688039,0.9835501068451792,4539.671378047516,-537.4674780698178,-0.11784490866121518,3.6589497898943776e-10,191.14660789323435,0.0,-90.1,6.053392106765635,0.0,3.0450124029248265e-17,2.297288263856139,1.5707963267948966,17.059495351726483,461.0,0.0017659657986146585,0.03255670846477591,0.0,0.00387459315376387,-1546.1871751925376,-17.866917931975614,283.98650237066283,-0.010306459110607237,0.013256877655849205,-0.09646097456674906,-0.010336582771004464,0.01323340323571176,-0.09646097456674906,-1.2902213010875312e-18,-4.280523945907573e-22,1.377960206681301e-19,-1.2902169907168074e-18,-3.3624209313575986e-21,1.377960206681301e-19,-1546.1975117753086,-17.8536845287399,283.8900413960961,-1678283.584971115,64.83864611480558,137557.23954326182,-0.058210784104172644,4570.609824003056
32.260298747641386,2001.0,12.0,14.0,14.0,22.0,0.0,1.0,3485338.9551993296,40224.0458339696,-639342.8410803704,480.2647038865571,-284.8775735317803,4528.003981648462,3543721.8958227984,4562.305280833903,3485421.822587446,32254.071439359017,-639342.8410803704,3543721.8958227984,481.89826793166384,-533.0299667798771,4528.003981648462,4584.666503023444,12759463.318843214,0.7241890319035532,1.633628117337572,1.4901161193847656e-08,4.721575831697883e-07,6.101413154189412,-0.18140900547746752,0.00925372951134335,147521.89582279837,-0.0763082978183385,-0.07593539344332721,202.47233402729034,-16088682466.79051,-1012213093.9545461,-194742329.4402305,-16090102098.131535,-1873377459.4680161,16120492513.096039,16199964605.171686,-0.9835483497437894,-0.00910175019021071,0.1804156364058937,-0.009253597443437147,0.999957184550596,0.0,0.18040791182934146,0.0016694936718016638,0.9835904626114755,4539.749901091523,-537.4664374424328,-0.11784266308554289,3.683241670880653e-10,191.05985117542625,0.0,-90.1,6.1,0.0,3.0448658105181474e-17,2.297264323499331,1.5707963267948966,17.063537292110894,461.0,0.0017777415329867385,0.03286590181151979,0.0,0.0039004716338301064,-1546.3038734540373,-17.845781623699416,283.65055001405045,-0.010362328770179731,0.013345387107680596,-0.0971055858563709,-0.010392818362958791,0.013321656844014883,-0.0971055858563709,-1.298794293289309e-18,-4.107087898166881e-22,1.3854045867152144e-19,-1.2987899584751162e-18,-3.380639997379843e-21,1.3854045867152144e-19,-1546.3142662724003,-17.832459966855403,283.5534444281941,-1678283.7541745007,65.02713055118583,137507.1354777139,-0.0581084285042675,4570.6491097943735
32.401222457334335,2001.0,12.0,14.0,14.0,22.0,0.0,1.0,3485406.6025754027,40183.89944551827,-638704.7318560972,479.7919946010881,-284.8830221402752,4528.090619929175,3543672.906116792,4562.341871964183,3485489.699594175,32178.953894829243,-638704.7318560972,3543672.9061167915,481.4173662403004,-533.0439318304204,4528.090619929175,4584.703172078816,12759462.273764513,0.724189009347859,1.6336281168605629,0.0,4.7497086079446605e-07,6.101594055279644,-0.18122847006780232,0.009231999650223682,147472.90611679154,-0.0762324318313007,-0.07585990131090416,203.88496932387352,-16088682361.019285,-1012213079.5951647,-194748462.25695875,-16090096764.407522,-1873410641.0585268,16120492406.631897,16199963218.525536,-0.9835811012855658,-0.009080678366020924,0.18023806055960148,-0.009231868510508244,0.9999573853939,0.0,0.18023037978564652,0.0016639340756752629,0.9836230179930284,4539.813246111548,-537.4655981970371,-0.11784085167271517,3.702571532663066e-10,190.99113264598944,0.0,-90.09113264598942,6.1,0.0,3.0447495887933677e-17,2.297245343051276,1.5707963267948966,17.06674324486391,461.0,0.0017871129511468496,0.03311709724216089,0.0,0.003921001831650281,-1546.398018884434,-17.82870969707943,283.3791992201331,-0.01040628406163643,0.013415527654306507,-0.09761701514985341,-0.010437067697975996,0.013391592440139337,-0.09761701514985341,-1.305595474856475e-18,-3.9637454882554113e-22,1.3912615322619548e-19,-1.305591121192176e-18,-3.3948995042968964e-21,1.3912615322619548e-19,-1546.4084559521318,-17.81531810463929,283.28158220498324,-1678283.8916362952,65.21561498756608,137457.11916009162,-0.058006075541335626,4570.688326445663
32.44321002507334,2001.0,12.0,14.0,14.0,22.0,0.0,1.0,3485426.744917372,40171.93786626701,-638514.6078028531,479.65114748916835,-284.8846445148846,4528.116417335431,3543658.319188642,4562.352767258436,3485509.910130302,32156.572589355615,-638514.6078028531,3543658.319188642,481.27407818819967,-533.0480888663113,4528.116417335431,4584.714090575615,12759461.961360754,0.7241890026053068,1.6336281167179785,1.4901161193847656e-08,4.763712693198303e-07,6.101647954887141,-0.18117467940777832,0.009225525426088751,147458.31918864185,-0.07620982746084425,-0.07583740832911964,204.30694577097893,-16088682329.401579,-1012213075.3028754,-194750287.1354335,-16090095176.12638,-1873420521.15018,16120492374.807066,16199962805.51938,-0.9835908533439945,-0.009074399869544477,0.18018515056752077,-0.00922539456207639,0.999957445142129,0.0,0.1801774828140479,0.0016622791082125216,0.9836327116942379,4539.832107700654,-537.465348344437,-0.11784031232559693,3.7078592941173214e-10,190.97289898580235,0.0,-90.07289898580234,6.1,0.0,3.0447185875544413e-17,2.297240280164745,1.5707963267948966,17.067598618913976,461.0,0.001789677663538994,0.03319218671804957,0.0,0.003926615892888899,-1546.4260523198407,-17.82362271109558,283.2983438062549,-0.010418029195962984,0.013434378599213198,-0.09775694583620688,-0.01044889600752285,0.013410385262881443,-0.09775694583620688,-1.3074560036445918e-18,-3.920162094262843e-22,1.3928266894759093e-19,-1.3074516449737333e-18,-3.39870541149909e-21,1.3928266894759093e-19,-1546.4365012158482,-17.8102123258327,283.2005868604187,-1678283.9327275418,65.40409942394633,137407.190590395,-0.05790372521067602,4570.727473956004
32.50924255011072,2001.0,12.0,14.0,14.0,22.0,0.0,1.0,3485458.4101803545,40153.12612962909,-638215.6035030285,479.42963650693287,-284.8871950315204,4528.156973179444,3543635.38745025,4562.369895570473,3485541.6824327526,32121.37386232406,-638215.6035030285,3543635.3874502494,481.0487283691823,-533.0546229891085,4528.156973179444,4584.731255363753,12759461.469143441,0.7241889919818575,1.633628116493338,0.0,4.777675730550751e-07,6.101732721996847,-0.18109008363147774,0.009215343698982798,147435.3874502494,-0.076174277861478,-0.07580203390758958,204.97150695323944,-16088682279.585623,-1012213068.5402488,-194753154.86828658,-16090092679.105982,-1873436053.4919558,16120492324.664782,16199962156.13094,-0.9836061844220104,-0.009064525649586184,0.18010193875003702,-0.009215213267774377,0.9999575390207474,0.0,0.18009429144535238,0.0016596777755212293,0.983647951077253,4539.861759799558,-537.4649555919349,-0.11783946444105091,3.716172049284589e-10,190.94423431281177,0.0,-90.04423431281175,6.1,0.0,3.044669848966164e-17,2.297232320549236,1.5707963267948966,17.06894357482134,461.0,0.0017937096547916366,0.033310496875690696,0.0,0.003935441698916074,-1546.4701240519134,-17.81562211885538,283.1711778968334,-0.01043647350247008,0.013464011888502167,-0.09797693030408121,-0.010467471317678683,0.013439927065094582,-0.09797693030408121,-1.3103808691339083e-18,-3.8513333439474226e-22,1.3952845569501733e-19,-1.3103765026359274e-18,-3.4046819907021534e-21,1.3952845569501733e-19,-1546.4805915232312,-17.802182191790287,283.0732009665293,-1678283.9974701162,65.59258386032658,137357.34976862403,-0.05780137750758797,4570.7665523244805
32.60809283297067,2001.0,12.0,14.0,14.0,22.0,0.0,1.0,3485505.785545578,40124.96476120704,-637767.9909062983,479.0980241328615,-284.89101098934265,4528.217650923607,3543601.0785771925,4562.395521982575,3485589.2175616287,32068.680778941187,-637767.9909062983,3543601.078577193,480.7113691726923,-533.0643964948345,4528.217650923607,4584.7569363487955,12759460.73022347,0.7241889760338339,1.6336281161561426,0.0,4.800857214208593e-07,6.10185961988182,-0.18096344222076746,0.0092001019018086,147401.07857719297,-0.07612105937548938,-0.07574907766263025,205.96844825148582,-16088682204.80223,-1012213058.3887777,-194757442.83115286,-16090088942.954655,-1873459292.1331987,16120492249.391542,16199961184.305658,-0.9836291219781271,-0.009049743486311733,0.17997736674196163,-0.009199972116711998,0.9999576793610077,0.0,0.17996974998479695,0.0016557867556652964,0.983670751552891,4539.9061238363165,-537.464368061526,-0.11783819591642675,3.728553160877198e-10,190.9,0.0,-90.0,6.1,0.0,3.044594740603515e-17,2.2972200544227577,1.5707963267948966,17.071016643122903,461.0,0.0017997152225740901,0.03348810373875419,0.0,0.0039485869800351524,-1546.5360635837635,-17.803644254608827,282.9807949900057,-0.010463864021491416,0.013508108822341998,-0.0983045707966638,-0.010495057856225107,0.013483887229244537,-0.0983045707966638,-1.3147360582558355e-18,-3.7475798080977293e-22,1.398933636015689e-19,-1.3147316802175682e-18,-3.413554441610541e-21,1.398933636015689e-19,-1546.5465586416196,-17.79016036737958,282.88249041920903,-1678284.0946621224,65.78106829670683,137307.5966947787,-0.057699032427370775,4570.805561550197
32.63808818465537,2001.0,12.0,14.0,14.0,22.0,0.0,1.0,3485520.1547501157,40116.41933778248,-637632.1651493411,478.99739613280855,-284.89216840229193,4528.236055026873,3543590.672510412,4562.403294664371,3485603.6351328637,32052.69128044655,-637632.1651493411,3543590.6725104116,480.60899731849605,-533.0673602837583,4528.236055026873,4584.764725582843,12759460.505504234,0.7241889711837366,1.6336281160536004,1.4901161193847656e-08,4.807789863616775e-07,6.101898126545299,-0.18092501337972874,0.009195476940635468,147390.6725104116,-0.07610491041235833,-0.07573300827471435,206.27147978544235,-16088682182.05938,-1012213055.3016223,-194758742.7914131,-16090087809.691814,-1873466340.5934024,16120492226.499725,16199960889.484371,-0.983636079125226,-0.009045257831017834,0.17993956528213195,-0.0091953473511718,0.9999577218998268,0.0,0.17993195777916582,0.0016546068049880572,0.9836776671481758,4539.919579837049,-537.4641898789431,-0.11783781117108827,3.732864245686624e-10,190.9,0.0,-90.0,6.1,0.0,3.044593689956022e-17,2.2972198828390016,1.5707963267948966,17.071045645782352,461.0,0.0018018052898255232,0.03354211794642575,0.0,0.0039531658310897,-1546.556063985644,-17.80000942117243,282.9230209040943,-0.010473743532557034,0.013523813779373287,-0.09841879329938145,-0.010505002342310155,0.013499546974361964,-0.09841879329938145,-1.3162633518949598e-18,-3.716564745057878e-22,1.4002588422497124e-19,-1.3162589696841138e-18,-3.416781585737908e-21,1.4002588422497124e-19,-1546.5665689879863,-17.786509874198067,282.8246021107949,-1678284.1242200136,65.96955273308708,137257.93136885908,-0.05759668996532392,4570.844501632269
32.68652390236176,2001.0,12.0,14.0,14.0,22.0,0.0,1.0,3485543.3513975292,40102.62033588412,-637412.8360665027,478.8349018939217,-284.89403686131277,4528.2657655446865,3543573.8736777687,4562.415842392592,3485626.9097711416,32026.87166439807,-637412.8360665027,3543573.8736777687,480.4436871240687,-533.0721442599827,4528.2657655446865,4584.777300031847,12759460.142081834,0.7241889633400148,1.633628115887765,0.0,4.819322117804403e-07,6.101960306584878,-0.18086295900300758,0.00918800871621494,147373.8736777692,-0.07607883326222488,-0.07570705962077873,206.76141607761383,-16088682145.279154,-1012213050.3089736,-194760840.76542047,-16090085980.157978,-1873477719.1914926,16120492189.478584,16199960413.47876,-0.9836473103221958,-0.009038014390584255,0.17987852343119098,-0.00918787944223725,0.9999577905448584,0.0,0.1798709308567253,0.001652702187533431,0.9836888312917934,4539.941302415603,-537.4639022513022,-0.11783719006983005,3.739823762067045e-10,190.9,0.0,-90.0,6.1,0.0,3.044591993864686e-17,2.2972196058462653,1.5707963267948966,17.071092465849627,461.0,0.0018051793943031338,0.033629471483404685,0.0,0.003960557675958866,-1546.5883518223607,-17.79413974701106,282.8297250032039,-0.010489680444596977,0.013549167182494893,-0.09860318892181355,-0.010521044299866056,0.013524827319016417,-0.09860318892181355,-1.3187289437727546e-18,-3.666307441682136e-22,1.4023965982413564e-19,-1.3187245548499555e-18,-3.421987418821845e-21,1.4023965982413564e-19,-1546.5988728666605,-17.78061491969204,282.7311218142821,-1678284.1720218789,66.15803716946733,137208.35379086505,-0.057494350116747035,4570.883372569827
32.9037973448873,2001.0,12.0,14.0,14.0,22.0,0.0,1.0,3485647.310314711,40040.71951775385,-636428.9497051605,478.1059418190628,-284.9024107928358,4528.398920435838,3543498.5874339635,4562.472077490746,3485731.2168623167,31911.046915360297,-636428.9497051605,3543498.5874339635,479.702094827414,-533.0935757975861,4528.398920435838,4584.833654882468,12759458.50350184,0.7241889279745376,1.6336281151400442,0.0,4.869739603510009e-07,6.102239241674918,-0.18058458757010465,0.009154508334054868,147298.58743396308,-0.07596185273599053,-0.07559065550725114,208.96831807494164,-16088681979.448921,-1012213027.7983737,-194770234.13793114,-16090077779.75119,-1873528714.7198377,16120492022.56213,16199958279.18791,-0.9836976453789193,-0.009005519863482938,0.179604685595778,-0.009154380468960653,0.9999580977812168,0.0,0.17959715976094767,0.0016441696259518088,0.9837388662201172,4540.038657279218,-537.4626134817487,-0.11783440659532836,3.771013777358148e-10,190.85512490566157,0.0,-89.95512490566156,6.1,0.0,3.044511704301705e-17,2.297206493565559,1.5707963267948966,17.073309138810238,461.0,0.0018203008477961494,0.034023332303363574,0.0,0.003993675601643367,-1546.73306285546,-17.76780586933223,282.41115954398396,-0.010560845734897333,0.013661725370544229,-0.0994289783828135,-0.010592680208348625,0.013637057187682773,-0.0994289783828135,-1.3297443338310623e-18,-3.437981369774609e-22,1.41191513068387e-19,-1.329739915343014e-18,-3.44515551596958e-21,1.41191513068387e-19,-1546.7436555356685,-17.754168812144545,282.3117305656011,-1678284.3875484914,66.34652160584758,137158.8639607967,-0.057392012876939916,4570.922174362015
33.203797344887306,2001.0,12.0,14.0,14.0,22.0,1.0,1.0,3485790.5911065354,39955.24706275525,-635070.4024919852,477.0993191723456,-284.9139525981916,4528.582448936036,3543394.8245906816,4562.549585215633,3485874.973883632,31751.114413253374,-635070.4024919852,3543394.824590682,478.67802924113425,-533.123090820782,4528.582448936036,4584.911327654656,12759456.218519915,0.7241888786574753,1.633628114097651,1.4901161193847656e-08,4.946646890848279e-07,6.102624400310381,-0.1802002070924918,0.009108254489603814,147194.82459068205,-0.0758003229723925,-0.07542992163304262,212.03918054699898,-16088681748.20686,-1012212996.412753,-194783156.399306,-16090066474.609015,-1873599001.1652005,16120491789.805653,16199955334.892782,-0.9837670218661861,-0.008960648187694162,0.17922654232169738,-0.009108128552872278,0.9999585201368426,0.0,0.1792191080292477,0.0016324183875528237,0.983807830080351,4540.172841925232,-537.4608379736925,-0.11783057048824376,3.8140012410031456e-10,190.70689227240294,0.0,-89.9,6.193107727597053,0.0,3.044261071428013e-17,2.2971655621110587,1.5707963267948966,17.08023257533156,461.0,0.0018411422822789856,0.03457254960246779,0.0,0.004039485616955632,-1546.932533393654,-17.731435651599732,281.8330708438788,-0.010658922865707235,0.013817132699392895,-0.10057027218035018,-0.010691412813847083,0.01379200800223214,-0.10057027218035018,-1.3449189698747604e-18,-3.117986191519867e-22,1.4249816657476695e-19,-1.344914511110551e-18,-3.47714705380628e-21,1.4249816657476695e-19,-1546.943224806468,-17.7176436435975,281.73250057169844,-1678284.6880980954,66.53500604222783,137109.461878654,-0.057289678241202444,4570.960907007992
33.30852226724388,2001.0,12.0,14.0,14.0,22.0,1.0,1.0,3485840.5368943033,39925.40926049235,-634596.1436962613,476.74789367875377,-284.9179760493444,4528.646426862353,3543358.6542367325,4562.576603930759,3485925.084682839,31695.282600464838,-634596.1436962613,3543358.6542367325,478.32051443555054,-533.1333731065641,4528.646426862353,4584.93840390283,12759455.414706804,0.7241888613085906,1.6336281137309494,0.0,4.966805372386911e-07,6.102758857962331,-0.18006602105098726,0.00909210853561258,147158.65423673205,-0.07574393319326841,-0.0753738096877164,213.11788806319237,-16088681666.862186,-1012212985.371887,-194787654.3522181,-16090062532.970396,-1873623502.6723816,16120491707.928234,16199954307.804455,-0.9837912062654959,-0.00894498290839606,0.17909452743020687,-0.0090919832674265,0.9999586670659267,0.0,0.1790871249279117,0.0016283244466830974,0.9838318709233559,4540.21961850989,-537.4602192537161,-0.11782923332674836,3.8294338985434086e-10,190.65522033818863,0.0,-89.9,6.2,0.0,3.044173685895694e-17,2.297151290970616,1.5707963267948966,17.082647866950573,461.0,0.001848623983849043,0.03476575404634077,0.0,0.004055890284522561,-1547.0020725507682,-17.718736763686934,281.6312275734513,-0.010694080316982671,0.013873286562731273,-0.10097890528227298,-0.010726805125378424,0.013847999338528707,-0.10097890528227298,-1.35035327452573e-18,-3.0040795723560847e-22,1.4296667891226017e-19,-1.3503488016601577e-18,-3.488570234122499e-21,1.4296667891226017e-19,-1547.0127993558935,-17.704888764348404,281.53024866816907,-1678284.7938257456,66.72349047860808,137060.14754443694,-0.0571873462048347,4570.99957050693
33.442909273068,2001.0,12.0,14.0,14.0,22.0,1.0,1.0,3485904.5753132487,39887.119640094425,-633987.5469496838,476.2969079665602,-284.9231348499495,4528.728458459212,3543312.2781079146,4562.611246618495,3485989.3339165156,31623.63551702123,-633987.5469496838,3543312.278107915,477.861714476968,-533.1465518725815,4528.728458459212,4584.973120356851,12759454.378447477,0.724188838942704,1.633628113258204,0.0,5.002442101119367e-07,6.102931403144833,-0.17989382438560883,0.009071389796601145,147112.27810791554,-0.07567156981033461,-0.075301802833405,214.50732952356339,-16088681561.99572,-1012212971.1383021,-194793416.46050477,-16090057478.53542,-1873654917.928346,16120491602.374964,16199952990.337564,-0.9838222150089438,-0.008924879614028223,0.17892511220835022,-0.009071265382831381,0.9999588552257309,0.0,0.17891775037499735,0.001623077176494828,0.983862695817475,4540.279594709485,-537.4594261063678,-0.1178275189150277,3.8493093823219187e-10,190.5889687255936,0.0,-89.88896872559361,6.2,0.0,3.044061629990171e-17,2.297132990852475,1.5707963267948966,17.08574607223701,461.0,0.0018582597489246943,0.0350148311704866,0.0,0.004076999842170416,-1547.0912375923695,-17.70243905269361,281.37218258201955,-0.010739239462250727,0.013945330055748599,-0.10150476763411555,-0.010772266834552614,0.013919833398303525,-0.10150476763411555,-1.3573460206622747e-18,-2.8561987785199464e-22,1.4356843747564274e-19,-1.357341529912507e-18,-3.503221546113392e-21,1.4356843747564274e-19,-1547.102009859204,-17.688519219295305,281.2706778143854,-1678284.9301276766,66.91197491498832,137010.92095814555,-0.05708501676313688,4571.038164858018
33.592127320625885,2001.0,12.0,14.0,14.0,22.0,1.0,1.0,3485975.610045064,39844.60353918171,-633311.7721409069,475.79612070833053,-284.9288573882305,4528.81945445742,3543260.8353030556,4562.649674621717,3486060.601498331,31544.07933900556,-633311.7721409069,3543260.8353030556,477.35225031135934,-533.1611641748434,4528.81945445742,4585.011630185205,12759453.221519325,0.7241888139723053,1.6336281127304777,1.4901161193847656e-08,5.042232369091752e-07,6.103122995803429,-0.17970261867555812,0.009048385001806627,147060.8353030556,-0.07559121789131286,-0.0752218467920204,216.05676513910294,-16088681444.91972,-1012212955.2484838,-194799801.53684238,-16090051871.063313,-1873689765.9353793,16120491484.532257,16199951528.173094,-0.9838566121819727,-0.00890255637539244,0.17873698877343294,-0.009048261532165631,0.9999590636437301,0.0,0.1787296719323819,0.0016172590198937735,0.9838968893355674,4540.346124995572,-537.4585465032625,-0.11782561725511492,3.8713562986904624e-10,190.51547900436512,0.0,-89.81547900436512,6.2,0.0,3.0439373136278915e-17,2.297112688449796,1.5707963267948966,17.08918462816559,461.0,0.0018689487361836154,0.03529291590660454,0.0,0.0041004014927250275,-1547.190150407517,-17.68434006396204,281.0845070659786,-0.010789163100470392,0.014023840448101569,-0.10208791743499691,-0.010822524499788936,0.013998110757306849,-0.10208791743499691,-1.3650979461266392e-18,-2.6898140202034893e-22,1.4423344707749216e-19,-1.3650934358901928e-18,-3.519397629064932e-21,1.4423344707749216e-19,-1547.2009729320168,-17.670341953204733,280.9824191485436,-1678285.0823015235,67.10045935136857,136961.78211977982,-0.05698268991140932,4571.076690060455
33.65657855881914,2001.0,12.0,14.0,14.0,22.0,1.0,1.0,3486006.268723375,39826.23944192624,-633019.8828537678,475.5798074870444,-284.9313272849989,4528.858729191473,3543238.6325246217,4562.666260371408,3486091.3603503443,31509.716238624835,-633019.8828537678,3543238.6325246217,477.13218921381997,-533.1674688207963,4528.858729191473,4585.028251250645,12759452.71978603,0.7241888031431877,1.6336281125016416,0.0,5.055426196362839e-07,6.103205751475973,-0.17962003012632857,0.00903844877543875,147038.6325246212,-0.0755565109621165,-0.07518731085362891,216.72811883687973,-16088681394.147118,-1012212948.3579019,-194802555.212738,-16090049450.603527,-1873704806.566481,16120491433.42718,16199950896.855663,-0.9838714582614609,-0.00889291394301986,0.17865572954727288,-0.00903832571210416,0.9999591534999427,0.0,0.1786484320860057,0.0016147486739818435,0.9839116476086314,4540.374840063038,-537.4581669295944,-0.11782479651401657,3.880262803267046e-10,190.48579065577653,0.0,-89.8,6.2,0.0,3.043886943643061e-17,2.2971044624070114,1.5707963267948966,17.09057825665085,461.0,0.0018732683197095659,0.03541351571119095,0.0,0.004109860801364644,-1547.232843358752,-17.676521767869428,280.96023866564656,-0.010808980157202108,0.014055891349528934,-0.10232362625544089,-0.010842481912173766,0.01403006484848648,-0.10232362625544089,-1.3682315730234602e-18,-2.6169460565945597e-22,1.4449751355970836e-19,-1.3682270551610417e-18,-3.5258229766206426e-21,1.4449751355970836e-19,-1547.2436858406643,-17.66249170302094,280.8579150393911,-1678285.1482958533,67.28894378774882,136912.73102933972,-0.056880365644952476,4571.1151461134605
33.70548382017165,2001.0,12.0,14.0,14.0,22.0,1.0,1.0,3486029.52306449,39812.304755083824,-632798.3971054819,475.41566616579917,-284.9332006974479,4528.888519039159,3543221.791910071,4562.678840591377,3486114.6905415524,31483.641427293427,-632798.3971054819,3543221.7919100705,476.9652039877593,-533.1722500175807,4528.888519039159,4585.0408582572745,12759452.338337202,0.7241887949102082,1.633628112327668,1.4901161193847656e-08,5.066394805908257e-07,6.103268546736,-0.179557361674784,0.009030909281582958,147021.79191007093,-0.07553017520406213,-0.07516110484279759,217.23830765485764,-16088681355.546877,-1012212943.1192969,-194804642.9946335,-16090047614.605932,-1873716214.8310282,16120491394.574173,16199950417.916069,-0.9838827189709359,-0.008885597141894217,0.17859406897708052,-0.009030786525953488,0.999959221615923,0.0,0.1785867861995419,0.0016128449117334266,0.9839228417544792,4540.396620400909,-537.4578790523116,-0.11782417399613324,3.8865780337234034e-10,190.46473988758865,0.0,-89.8,6.2,0.0,3.0438511158395633e-17,2.2970986112826672,1.5707963267948966,17.091569677959516,461.0,0.0018763322189465676,0.03550520367256867,0.0,0.004116572216883669,-1547.2652264187332,-17.67058893895283,280.8659389419382,-0.010822776271285823,0.014078878773368575,-0.10249085461999252,-0.010856381542083236,0.014052981660353438,-0.10249085461999252,-1.370455087362629e-18,-2.561160471834491e-22,1.4468142575814215e-19,-1.3704505642516973e-18,-3.530299667910197e-21,1.4468142575814215e-19,-1547.2760828002752,-17.656535957292476,280.76344808731824,-1678285.1984688453,67.47742822412907,136863.7676868253,-0.056778043959067014,4571.153533016262
33.81354192963962,2001.0,12.0,14.0,14.0,22.0,1.0,1.0,3486080.875987125,39781.51518851516,-632309.0104189429,475.0529772402072,-284.93733783599225,4528.954305350387,3543184.6025194395,4562.706621910908,3486166.2105648075,31426.027271484603,-632309.0104189429,3543184.6025194395,476.596231232011,-533.1828058914897,4528.954305350387,4585.068698730117,12759451.493316831,0.7241887766717267,1.6336281119422567,0.0,5.090442553919228e-07,6.10340729745686,-0.17941889113062187,0.009014250663013633,146984.60251944,-0.07547198431937925,-0.0751032006406432,218.36790323257446,-16088681270.036865,-1012212931.514166,-194809250.8543943,-16090043559.844238,-1873741408.1132298,16120491308.504204,16199949359.99436,-0.9839075864367641,-0.00886942984826097,0.1784578229340151,-0.009014128585443414,0.999959371917602,0.0,0.17845057253488036,0.0016086417630055048,0.9839475623394022,4540.444718898499,-537.4572434081817,-0.11782279930194194,3.9005240552100046e-10,190.4182531493,0.0,-89.8,6.2,0.0,3.043771991280368e-17,2.2970856892615177,1.5707963267948966,17.093759623030948,461.0,0.0018830984496800338,0.035708322407915334,0.0,0.00413139339974208,-1547.3367409615473,-17.657479058020765,280.65756311096027,-0.010853193792567143,0.014129643474466031,-0.10286015558531936,-0.010887028285169409,0.014103590157561291,-0.10286015558531936,-1.3753652672949757e-18,-2.437204700964265e-22,1.450869096322693e-19,-1.3753607327098722e-18,-3.540169602031691e-21,1.450869096322693e-19,-1547.3476279898325,-17.643375467863205,280.5547029553749,-1678285.3096166607,67.66591266050932,136814.89209223652,-0.056675724849053685,4571.191850768106
33.86763137350219,2001.0,12.0,14.0,14.0,22.0,1.0,1.0,3486106.566428218,39766.10303043542,-632064.0409097522,474.87142379094155,-284.939407558708,4528.987216893663,3543165.9976997026,4562.720520248786,3486191.984394582,31397.187567279554,-632064.0409097522,3543165.997699703,476.41153229909264,-533.1880853995838,4528.987216893663,4585.082626660706,12759451.069167301,0.7241887675170869,1.6336281117488127,0.0,5.105686694089174e-07,6.103476751450112,-0.17934957737695395,0.009005912142834565,146965.9976997031,-0.07544285584702759,-0.07507421567024414,218.93453058600426,-16088681227.11633,-1012212925.6892585,-194811554.68397325,-16090041531.201183,-1873754011.7335324,16120491265.302614,16199948830.601435,-0.9839200270768826,-0.008861336891261447,0.1783896214064205,-0.009005790403729147,0.9999594470473311,0.0,0.178382387180547,0.0016065395405868174,0.9839599295573341,4540.468781570845,-537.456925454198,-0.1178221115918305,3.9077724472743494e-10,190.39428242814728,0.0,-89.8,6.2,0.0,3.043731245686878e-17,2.297079035001119,1.5707963267948966,17.09488757345615,461.0,0.0018866146021683879,0.0358102702745765,0.0,0.004139095821580361,-1547.3725190081311,-17.65091624275472,280.55325002845706,-0.01086914017299782,0.014156022930383207,-0.10305206420636023,-0.010903092019484653,0.01412988951550791,-0.10305206420636023,-1.3779169113023938e-18,-2.3749624249039035e-22,1.4529946749490935e-19,-1.3779123707236782e-18,-3.5453440238284435e-21,1.4529946749490935e-19,-1547.3834221001507,-17.636786353239213,280.4501979642507,-1678285.3654062003,67.85439709688957,136766.1042455734,-0.0565734083102134,4571.230099368251
33.901873395310936,2001.0,12.0,14.0,14.0,22.0,1.0,1.0,3486122.8250180366,39756.346106600526,-631908.9588740768,474.7564868608316,-284.94071742369835,4529.008045632806,3543154.2233542143,4562.729316063913,3486208.2956867362,31378.930072030507,-631908.9588740768,3543154.223354214,476.29460406030984,-533.1914261676394,4529.008045632806,4585.091441204017,12759450.800226249,0.7241887617123857,1.6336281116261493,1.4901161193847656e-08,5.116547558721775e-07,6.103520720574192,-0.1793056970308958,0.009000633368899233,146954.2233542134,-0.07542441551547105,-0.07505586618460916,219.29371452331543,-16088681199.901796,-1012212921.9957622,-194813012.23060185,-16090040247.286152,-1873761988.1691604,16120491237.909866,16199948495.514738,-0.9839279003741563,-0.008856213445409912,0.17834644473247477,-0.009000511843738235,0.9999594945729305,0.0,0.17833922073356456,0.0016052092881032457,0.9839677564083522,4540.484010114784,-537.4567242461661,-0.1178216763677959,3.912986800276918e-10,190.3774619345906,0.0,-89.8,6.2,0.0,3.043702782026096e-17,2.2970743865325485,1.5707963267948966,17.095675617720513,461.0,0.0018891426122671577,0.035874915539719866,0.0,0.004144634686310761,-1547.3951621438343,-17.64676137868184,280.48721027837985,-0.010880964822603168,0.014174986789293331,-0.10319003562643099,-0.010914996501311494,0.014148798440988758,-0.10319003562643099,-1.379751656321398e-18,-2.335802812303387e-22,1.454570506526343e-19,-1.3797471112462654e-18,-3.5491814514255955e-21,1.454570506526343e-19,-1547.4060771403356,-17.632612580240853,280.3840202427534,-1678285.4007807504,68.04288153326982,136717.4041468359,-0.05647109433784723,4571.268278815972
34.00620287241775,2001.0,12.0,14.0,14.0,22.0,2.0,1.0,3486172.33784609,39726.6181824069,-631436.4465231614,474.4062836789793,-284.94470644292187,4529.071476868787,3543118.3665456735,4562.756102435277,3486257.968669257,31323.301958620636,-631436.4465231614,3543118.366545674,475.9383336142468,-533.2015977699931,4529.071476868787,4585.118284608849,12759449.978612682,0.7241887439790244,1.6336281112514035,1.4901161193847656e-08,5.142520048242089e-07,6.10365468863277,-0.17917199945241813,0.008984550026876214,146918.36654567393,-0.07536823019780547,-0.07499995765943479,220.39049208164215,-16088681116.762217,-1012212910.7120382,-194817448.7142195,-16090036337.047983,-1873786279.2703001,16120491154.225832,16199947474.79848,-0.9839518774158674,-0.008840602745416875,0.17821488903255966,-0.008984429152014448,0.9999596392019092,0.0,0.17820769613740664,0.001601159044347149,0.9839915921018393,4540.530386643288,-537.4561115670489,-0.11782035098388528,3.928866244058688e-10,190.32623792239133,0.0,-89.8,6.2,0.0,3.0436160945169166e-17,2.2970602293879345,1.5707963267948966,17.098076110488357,461.0,0.0018968414205167172,0.03607241054619625,0.0,0.00416150263714979,-1547.464120192629,-17.634101328406803,280.28598430685577,-0.010916926597696814,0.014232739234305843,-0.10361021219064996,-0.010951202012353634,0.014206383316519048,-0.10361021219064996,-1.3853389995053412e-18,-2.2157922179178525e-22,1.4593629499976607e-19,-1.385334440841824e-18,-3.5608517635806225e-21,1.4593629499976607e-19,-1547.4750713946414,-17.619894945090284,280.18237409466514,-1678285.5088498332,68.23136596965007,136668.79179602407,-0.05636878292725637,4571.306389110556
34.09953507959861,2001.0,12.0,14.0,14.0,22.0,2.0,1.0,3486216.600610934,39700.02349763908,-631013.7356398788,474.0929818525888,-284.94827254425974,4529.128183203507,3543086.311791905,4562.780048759324,3486302.3741704077,31273.53665239538,-631013.7356398788,3543086.311791905,475.619603948988,-533.2106880867924,4529.128183203507,4585.142281918729,12759449.240751391,0.7241887280533024,1.6336281109148725,0.0,5.164064005364075e-07,6.103774537536887,-0.1790523925044201,0.008970162222192202,146886.31179190474,-0.07531796625026811,-0.07494994132894739,221.37471497058868,-16088681042.09836,-1012212900.5788207,-194821411.9319453,-16090032841.055902,-1873807994.9267175,16120491079.073038,16199946561.969145,-0.9839733123541156,-0.00882663697700858,0.178097195526898,-0.008970041927104284,0.9999597683646207,0.0,0.1780900303854655,0.0015975393109759646,0.9840129008023492,4540.571846343704,-537.4555639375841,-0.11781916615973961,3.9428663748979694e-10,190.3,0.0,-89.78044541700677,6.2,0.0,3.043570308253675e-17,2.297052751923694,1.5707963267948966,17.099344275432635,461.0,0.0019036300364266758,0.036249766505920246,0.0,0.004176370374535289,-1547.5257690563446,-17.622774610152597,280.10595106457066,-0.01094848500178783,0.014283236651811264,-0.10398086261598727,-0.010982976362813878,0.014256731859016264,-0.10398086261598727,-1.3902778526047869e-18,-2.1073963736310326e-22,1.4635795270955042e-19,-1.3902732821268384e-18,-3.571114509642063e-21,1.4635795270955042e-19,-1547.5367520327075,-17.60851787829358,280.0019702019547,-1678285.605902763,68.41985040603032,136620.2671931379,-0.056266474073742176,4571.344430251308
34.182829252431375,2001.0,12.0,14.0,14.0,22.0,2.0,1.0,3486256.078148563,39676.28883450284,-630636.4835476594,473.81336561606474,-284.9514531605332,4529.178759834819,3543057.722463019,4562.801406442493,3486341.9786650166,31229.122971574387,-630636.4835476594,3543057.7224630187,475.3351435518053,-533.2187934625438,4529.178759834819,4585.163685075587,12759448.580075353,0.724188713793488,1.633628110613567,1.4901161193847656e-08,5.185518455894443e-07,6.103881498316232,-0.178945647647244,0.008957322015369352,146857.72246301873,-0.07527310742141885,-0.07490530348629536,222.25534743070602,-16088680975.245504,-1012212891.5060054,-194824944.41961995,-16090029722.726221,-1873827363.112268,16120491011.782415,16199945747.561306,-0.9839924301999304,-0.008814172790237499,0.1779921561958808,-0.008957202236124855,0.9999598834593821,0.0,0.1779850157663171,0.0015943117394904278,0.984031906155863,4540.608824398123,-537.4550755798886,-0.1178181094451239,3.955118944420554e-10,190.3,0.0,-89.73960351859816,6.2,0.0,3.0435674266887116e-17,2.2970522813284227,1.5707963267948966,17.099424094100232,461.0,0.001909572331574518,0.03640857467364732,0.0,0.004189377320279973,-1547.5807552716856,-17.61266518135013,279.94526610588736,-0.010975951057009471,0.014326916292209176,-0.10430548861785673,-0.011010632344115048,0.014300279977418747,-0.10430548861785673,-1.3946158681303982e-18,-2.0097882965124523e-22,1.4672627785800963e-19,-1.3946112874604055e-18,-3.580072851805002e-21,1.4672627785800963e-19,-1547.5917659040297,-17.59836490137271,279.8409606172695,-1678285.6928033102,68.60833484241057,136571.8303381774,-0.05616416777260615,4571.382402237545
34.27753019830282,2001.0,12.0,14.0,14.0,22.0,2.0,1.0,3486300.933668842,39649.30349122436,-630207.563313744,473.49544508634017,-284.9550671196999,4529.2362273728895,3543025.2384403683,4562.825673871588,3486386.9780383166,31178.626211453713,-630207.563313744,3543025.238440368,475.01171536618983,-533.228000512721,4529.2362273728895,4585.188004173104,12759447.826419434,0.7241886975267926,1.633628110269897,1.4901161193847656e-08,5.206884506242378e-07,6.104003108996464,-0.17882428244654652,0.008942723587833578,146825.23844036786,-0.07522210439552121,-0.07485455171059718,223.2591452896595,-16088680898.984867,-1012212881.157018,-194828955.53714767,-16090026179.258642,-1873849370.032423,16120490935.022444,16199944821.90341,-0.9840141527112057,-0.008800001160922714,0.17787272765552187,-0.00894260439327356,0.9999600141138971,0.0,0.177865615256893,0.0015906454357758212,0.9840535009624144,4540.650840554686,-537.4545207713157,-0.11781690879684754,3.9691086906942406e-10,190.29319777195408,0.0,-89.7,6.206802228045937,0.0,3.043553119748771e-17,2.2970499448278163,1.5707963267948966,17.099820404397335,461.0,0.001916357066110397,0.03658973270373236,0.0,0.004204242426951089,-1547.6432346975491,-17.601170259300417,279.7625593357309,-0.011007332067297183,0.014376956729054053,-0.10467638963572427,-0.01104223083570817,0.014350170110482216,-0.10467638963572427,-1.3995684911060413e-18,-1.898254595177943e-22,1.4714670685256412e-19,-1.3995638988535234e-18,-3.590314257946667e-21,1.4714670685256412e-19,-1547.654276928385,-17.586820089189935,279.6578829460952,-1678285.7919337712,68.79681927879082,136523.48123114253,-0.0560618640191499,4571.420305068599
34.35859822294302,2001.0,12.0,14.0,14.0,22.0,2.0,1.0,3486339.3079774156,39626.202621488934,-629840.3850866733,473.22328143547657,-284.9581589376009,4529.285392142142,3542997.448061284,4562.846435056725,3486425.475076814,31135.398151539466,-629840.3850866733,3542997.448061284,474.7348368366896,-533.2358751029876,4529.285392142142,4585.208809560956,12759447.179095589,0.7241886835551117,1.633628109974728,1.4901161193847656e-08,5.228163240208934e-07,6.104107214659699,-0.17872038691367326,0.008930226875037896,146797.4480612846,-0.07517844281809943,-0.07481110521475909,224.1207264661789,-16088680833.484352,-1012212872.268402,-194832384.89059782,-16090023147.504921,-1873868197.3452508,16120490869.093058,16199944029.73258,-0.9840327367395011,-0.008787869200576661,0.17777048793284334,-0.008930108179472063,0.9999601257889751,0.0,0.1777633994748935,0.001587509688357824,0.9840719758331292,4540.68678628479,-537.4540461926933,-0.11781588164932101,3.981415858573965e-10,190.25349723040657,0.0,-89.7,6.246502769593435,0.0,3.043485923422402e-17,2.297038970834921,1.5707963267948966,17.101682035459564,461.0,0.0019223246412779585,0.036745330356797924,0.0,0.004217388606869129,-1547.6966885274244,-17.591329230594916,279.6061404777635,-0.011035266558465274,0.014421836495956068,-0.10500387593665012,-0.011070357005039113,0.01439491826004767,-0.10500387593665012,-1.4039227127108809e-18,-1.8032568855134435e-22,1.4751894248167786e-19,-1.403918110027143e-18,-3.599461160688665e-21,1.4751894248167786e-19,-1547.7077588844295,-17.576934312334867,279.5011366018269,-1678285.8770780899,68.98530371517107,136475.2198720333,-0.05595956280867522,4571.458138743821
34.50711094146547,2001.0,12.0,14.0,14.0,22.0,2.0,1.0,3486409.550628774,39583.882290251764,-629167.7219152792,472.72466634062266,-284.9638184894462,4529.375388127534,3542946.5788736865,4562.88443800524,3486495.941571977,31056.204771823115,-629167.7219152792,3542946.5788736865,474.22758409207796,-533.2502841383345,4529.375388127534,4585.246893420558,12759445.988024216,0.7241886578472462,1.633628109431611,1.4901161193847656e-08,5.266248299799113e-07,6.104297935442948,-0.178530051053085,0.0089073338815367,146746.5788736865,-0.07509845493796183,-0.07473151135554496,225.70471972227097,-16088680712.965435,-1012212855.9133755,-194838656.93984672,-16090017597.315247,-1873902660.4504173,16120490747.785017,16199942579.064766,-0.984066754593953,-0.008765642969896537,0.17758318052746183,-0.008907216096472832,0.9999603299638495,0.0,0.1775761357962706,0.0015817717640570488,0.9841057941063811,4540.752584767592,-537.4531776507018,-0.11781400153961301,4.003943641653117e-10,190.1808269624093,0.0,-89.6808269624093,6.3,0.0,3.0433629087400736e-17,2.2970188810127103,1.5707963267948966,17.105091167900678,461.0,0.0019332484599079828,0.037031631532910426,0.0,0.004241414213317166,-1547.7945386818294,-17.573298816149247,279.3195549041931,-0.011086154118594574,0.014503478232378728,-0.10560243957260938,-0.011121595637694714,0.014476318746488172,-0.10560243957260938,-1.4118800919490094e-18,-1.6270073822478533e-22,1.481969605346709e-19,-1.411875470602732e-18,-3.61607850954896e-21,1.481969605346709e-19,-1547.805660277467,-17.55882249740276,279.2139524646205,-1678286.033743063,69.1737881515513,136427.04626084978,-0.055857264136484085,4571.495903262569
34.686142224392164,2001.0,12.0,14.0,14.0,22.0,2.0,1.0,3486494.1293226485,39532.86424220742,-628356.8123281568,472.12354663102485,-284.97063329190195,4529.483754802429,3542885.327632788,4562.930197816021,3486580.7884030235,30960.734736691684,-628356.8123281568,3542885.327632788,473.61605136614025,-533.2676251964632,4529.483754802429,4585.2927506554515,12759444.543143036,0.7241886266610832,1.6336281087729283,1.4901161193847656e-08,5.308244565295304e-07,6.104527855573994,-0.178300594903223,0.008879737158779332,146685.3276327881,-0.07500202658908882,-0.07463555799989229,227.62345272302628,-16088680566.767109,-1012212836.0760872,-194846200.05966362,-16090010913.181616,-1873944158.020679,16120490600.629587,16199940831.23025,-0.9841077161626948,-0.008738847541920978,0.17735736672798247,-0.008879620465090183,0.9999605753930482,0.0,0.1773503744835092,0.0015748661032322978,0.9841465157522613,4540.831814409593,-537.4521321122456,-0.11781173778657435,4.031135939296867e-10,190.09332518969728,0.0,-89.6,6.3,0.0,3.043214762754323e-17,2.296994686937185,1.5707963267948966,17.109198641422022,461.0,0.0019464346861559477,0.03737892095310497,0.0,0.0042702837565597425,-1547.912368028264,-17.55155959949479,278.9740195336374,-0.011146967877486744,0.014600446735890121,-0.10632185500654505,-0.011182831328660717,0.014572996302202584,-0.10632185500654505,-1.4214415383145458e-18,-1.4098111127776915e-22,1.4900703885514738e-19,-1.4214368954676376e-18,-3.635783962294168e-21,1.4900703885514738e-19,-1547.9235508595925,-17.536986603192588,278.8676976786308,-1678286.2237923946,69.36227258793156,136378.96039759187,-0.055754967997878525,4571.5335986242235
34.75435447893355,2001.0,12.0,14.0,14.0,22.0,2.0,1.0,3486526.3261223803,39513.42566435821,-628047.8446224415,471.8945034946138,-284.9732275512018,4529.525007934732,3542862.010957673,4562.947617533594,3486613.086874551,30924.359124632407,-628047.8446224415,3542862.0109576737,473.383040684855,-533.2742239403073,4529.525007934732,4585.310207459612,12759443.990041763,0.7241886147229694,1.6336281085207949,1.4901161193847656e-08,5.327034870302584e-07,6.104615458942783,-0.178213168301797,0.008869222790451879,146662.0109576732,-0.07496528569500137,-0.07459899808266876,228.3572477400303,-16088680510.803095,-1012212828.4825823,-194849068.92903802,-16090008368.37373,-1873959955.2367942,16120490544.299206,16199940165.563274,-0.9841233093727187,-0.008728637759242906,0.17727132546510704,-0.008869106510796932,0.9999606687013746,0.0,0.17726435315366745,0.001572238266860183,0.9841620177429344,4540.861975585434,-537.4517341807951,-0.11781087605886184,4.041794990777965e-10,190.06001565381885,0.0,-89.6,6.3,0.0,3.043158360483858e-17,2.2969854757473946,1.5707963267948966,17.1107629802463,461.0,0.0019516030924033793,0.037511868461230634,0.0,0.004281607572882037,-1547.9572249260955,-17.543275747110062,278.8423513106854,-0.011170928593147377,0.01463920534103168,-0.1066039371105161,-0.01120695791317726,0.014611641693607248,-0.1066039371105161,-1.425192119849571e-18,-1.3264480270128204e-22,1.493263571621071e-19,-1.425187468562549e-18,-3.6435598293988444e-21,1.493263571621071e-19,-1547.9684318840086,-17.528664105416453,278.7357473735749,-1678286.2965433914,69.5507570243118,136330.9622822596,-0.0556526743881608,4571.571224828175
34.887152738327295,2001.0,12.0,14.0,14.0,22.0,2.0,1.0,3486588.9632820785,39475.58138058504,-627446.3262555586,471.4485744010326,-284.9782746231461,4529.605265122986,3542816.6496076724,4562.981506990996,3486675.92119651,30853.54038357935,-627446.3262555586,3542816.649607672,472.9293872506568,-533.2870574463045,4529.605265122986,4585.344169066799,12759442.909063298,0.724188591391122,1.6336281080280146,1.4901161193847656e-08,5.360277220191111e-07,6.10478601186927,-0.17804295949247667,0.008848753309687851,146616.64960767236,-0.07489375555928625,-0.0745278202811193,229.7903481721878,-16088680401.428543,-1012212813.6417592,-194854646.06517515,-16090003417.037966,-1873990688.2318897,16120490434.208616,16199938870.037949,-0.9841536455414991,-0.008708760129315764,0.17710380985283034,-0.008848637833267519,0.999960850037888,0.0,0.1770968762453847,0.0015671274722795713,0.9841921766279249,4540.9206535151,-537.4509601467009,-0.11780919964703049,4.0624837451736665e-10,189.99521372524623,0.0,-89.6,6.3,0.0,3.0430486215861275e-17,2.296967554025343,1.5707963267948966,17.113807481565352,461.0,0.0019616351688218564,0.03777170578354161,0.0,0.004303587242096526,-1548.044495555062,-17.527146763960697,278.58598815210553,-0.011217319239390067,0.014714436978938145,-0.10715146467367997,-0.011253671996156255,0.014686652890582704,-0.10715146467367997,-1.4324716726766585e-18,-1.1628213565461142e-22,1.4994457683401906e-19,-1.4324670052346216e-18,-3.6586140481910665e-21,1.4994457683401906e-19,-1548.0557492270582,-17.512460111070116,278.47883668743185,-1678286.4387276024,69.73924146069206,136283.05191485301,-0.05555038330263327,4571.608781873831
34.991605944999165,2001.0,12.0,14.0,14.0,22.0,2.0,1.0,3486638.1892781653,39445.81427880927,-626973.1911664548,471.0978087369509,-284.98224114589914,4529.66833985894,3542781.0005190116,4563.008140720959,3486725.3015509313,30797.836313732638,-626973.1911664548,3542781.0005190116,472.5725458055449,-533.2971394712024,4529.66833985894,4585.370859498471,12759442.054971298,0.7241885729563454,1.6336281076386647,1.4901161193847656e-08,5.391255770661164e-07,6.104920164275756,-0.17790907773526218,0.008832653203367055,146581.00051901164,-0.0748374917059002,-0.07447183355944748,230.92166548967361,-16088680315.01174,-1012212801.915963,-194859025.28772902,-16089999525.321728,-1874014841.3510604,16120490347.226068,16199937851.429974,-0.984177486850057,-0.008693124499996135,0.17697204288794716,-0.008832538356119128,0.9999609923722963,0.0,0.17696513962838423,0.0015631123567685526,0.9842158787766364,4540.966768885457,-537.4503519518069,-0.11780788220073767,4.078271198723421e-10,189.9442864557309,0.0,-89.6,6.3,0.0,3.0429623682806926e-17,2.296953467791582,1.5707963267948966,17.11620120776944,461.0,0.001969291842536373,0.03797700370624545,0.0,0.004320361670172852,-1548.1130844161012,-17.514458884279772,278.38431983212274,-0.011252391147306697,0.014771854509182144,-0.10756933445429005,-0.011288994946088675,0.014743899934536158,-0.10756933445429005,-1.4380261823687691e-18,-1.0327806059359837e-22,1.5041189533873914e-19,-1.4380215029681264e-18,-3.669992608316962e-21,1.5041189533873914e-19,-1548.1243734110474,-17.499714984345236,278.27675049766844,-1678286.5510688014,69.9277258970723,136235.22929537206,-0.055448094736598466,4571.646269760614
35.08389572807999,2001.0,12.0,14.0,14.0,22.0,3.0,1.0,3486681.652491061,39419.51316796046,-626555.146487709,470.7878762878579,-284.9857433698002,4529.724031531215,3542749.5247937622,4563.031656718488,3486768.900619269,30748.618025699696,-626555.146487709,3542749.5247937622,472.2572449755809,-533.306038490131,4529.724031531215,4585.394425559633,12759441.297579587,0.7241885566087161,1.6336281072933874,1.4901161193847656e-08,5.411809622447222e-07,6.1050386970682675,-0.17779078406170712,0.008818428133855742,146549.52479376225,-0.07478777865025375,-0.07442236536488983,231.92419785261154,-16088680238.379902,-1012212791.5176538,-194862889.06157798,-16089996088.836332,-1874036167.155475,16120490270.092531,16199936951.73252,-0.9841985373838269,-0.008679309053746805,0.17685561513812728,-0.008818313840600866,0.9999611179145961,0.0,0.17684873862299533,0.0015595683187605278,0.9842368065633974,4541.00748628543,-537.4498150388881,-0.11780671900785503,4.0922104484767186e-10,189.89932113394607,0.0,-89.6,6.3,0.0,3.0428862048079303e-17,2.2969410293525456,1.5707963267948966,17.118315495616642,461.0,0.0019760523815367755,0.03815906183142002,0.0,0.0043351726739354396,-1548.1736463847856,-17.50324736310605,278.20611758633066,-0.011283296821462396,0.014822551728746308,-0.10793829447641397,-0.011320123050070166,0.014794446290546114,-0.10793829447641397,-1.442930353681563e-18,-9.170161787731214e-23,1.5082369329885536e-19,-1.4429256638662281e-18,-3.680019156410411e-21,1.5082369329885536e-19,-1548.1849665078357,-17.4884529168155,278.09817929185425,-1678286.6506907437,70.11621033345256,136187.49442381677,-0.055345808685359064,4571.68368848796
35.11100797838103,2001.0,12.0,14.0,14.0,22.0,3.0,1.0,3486694.415375459,39411.78654921791,-626432.3352543623,470.6968241849673,-284.9867718003341,4529.740385449502,3542740.282010756,4563.038562183229,3486781.7033201787,30734.158863483433,-626432.3352543623,3542740.2820107555,472.16461576650994,-533.308651182895,4529.740385449502,4585.401345725438,12759441.074591855,0.7241885517957172,1.6336281071917345,1.4901161193847656e-08,5.420009338698815e-07,6.105073519206217,-0.17775603216820554,0.008814249228075296,146540.2820107555,-0.07477317410825188,-0.07440783275665096,232.21922248601913,-16088680215.81846,-1012212788.456278,-194864023.15511337,-16089995079.654911,-1874042429.477565,16120490247.383385,16199936687.478802,-0.9842047188796984,-0.008675250347744834,0.1768214109386584,-0.008814135097228006,0.9999611547567675,0.0,0.1768145422679418,0.0015585278040958052,0.9842429520365701,4541.01944298493,-537.4496573901185,-0.11780637744267831,4.095887195697802e-10,189.8878525134444,0.0,-89.58785251344436,6.3,0.0,3.0428666555080747e-17,2.2969378367095947,1.5707963267948966,17.118858268959283,461.0,0.0019778365554974243,0.03821266186597193,0.0,0.004339077618730176,-1548.1914307581944,-17.499953519671934,278.1537633794078,-0.011291208953423702,0.014835638871734372,-0.1080356378382911,-0.011328096159790383,0.014807491946880599,-0.1080356378382911,-1.4442239592425463e-18,-8.827249650090123e-23,1.5092913085656657e-19,-1.4442192668803615e-18,-3.682582490691379e-21,1.5092913085656657e-19,-1548.2027588543542,-17.485146027725055,278.0457277415695,-1678286.680020975,70.3046947698328,136139.84730018713,-0.055243525144217875,4571.721038055323
35.152235482265375,2001.0,12.0,14.0,14.0,22.0,3.0,1.0,3486713.8181764768,39400.03722374586,-626245.5848524999,470.558366282866,-284.9883352824598,4529.765247677495,3542726.230651088,4563.049060265803,3486801.166585144,30712.171797121482,-626245.5848524999,3542726.230651088,472.0237596629951,-533.3126227112841,4529.765247677495,4585.4118661573175,12759440.735132257,0.7241885444687669,1.6336281070369907,1.4901161193847656e-08,5.430241572346932e-07,6.105126470887551,-0.17770318730015716,0.00880789472044085,146526.23065108806,-0.074750965947688,-0.07438573398034559,232.66821932792664,-16088680181.472763,-1012212783.7959532,-194865746.831747,-16089993545.393162,-1874051949.8233814,16120490212.812838,16199936285.699358,-0.9842141163542106,-0.008669078499886552,0.17676939850286072,-0.00880778083625804,0.9999612107460671,0.0,0.17676254174977463,0.0015569461205703573,0.9842522947664063,4541.0376202850275,-537.4494177371544,-0.11780585818106099,4.101507739564775e-10,189.87028831386007,0.0,-89.57028831386008,6.3,0.0,3.0428367253182846e-17,2.2969329487386614,1.5707963267948966,17.119689330002533,461.0,0.0019805639283222132,0.03829425973286152,0.0,0.004345047185368244,-1548.218467900263,-17.494944651827947,278.07414960620895,-0.011303314517052085,0.014855667678894572,-0.10818444347273463,-0.011340294862961474,0.014827457424597207,-0.10818444347273463,-1.4462014446770822e-18,-8.304693846322708e-23,1.510904483286466e-19,-1.446196748428937e-18,-3.6865046376045435e-21,1.510904483286466e-19,-1548.229808195126,-17.48011719440335,277.9659651627362,-1678286.7246710882,70.49317920621306,136092.28792448316,-0.05514124410847789,4571.758318462169
35.22391579098895,2001.0,12.0,14.0,14.0,22.0,3.0,1.0,3486747.5393175106,39379.609074487635,-625920.8883322207,470.3176303267404,-284.9910525640748,4529.8084574730465,3542701.810059403,4563.067305533865,3486834.992616586,30673.943536305425,-625920.8883322207,3542701.810059403,471.77885401619824,-533.319523822064,4529.8084574730465,4585.4301502673625,12759440.143826166,0.7241885317059044,1.633628106767458,1.4901161193847656e-08,5.448611169690623e-07,6.105218536465254,-0.17761130742805142,0.008796846529251442,146501.81005940307,-0.07471235320489651,-0.07434731141920815,233.44995611906052,-16088680121.646212,-1012212775.6784015,-194868741.26081625,-16089990878.769754,-1874068495.838103,16120490152.594635,16199935587.28884,-0.9842304488387408,-0.008658347549660435,0.1766789647818893,-0.0087967330730824,0.9999613079950849,0.0,0.17667212871851556,0.0015541976928148062,0.984268532161625,4541.0692118602765,-537.4490012687321,-0.1178049557393369,4.1112759762387676e-10,189.83976257425385,0.0,-89.53976257425384,6.3,0.0,3.042784705511171e-17,2.29692445325945,1.5707963267948966,17.121133944843386,461.0,0.001985304059003919,0.03843639676872771,0.0,0.004355422107366838,-1548.2654583444253,-17.48623546890638,277.935720935713,-0.011324328815657097,0.01489047461080372,-0.10844306416657422,-0.011361471336562203,0.01486215416178245,-0.10844306416657422,-1.4496381901292046e-18,-7.392665725802181e-23,1.5137048046272254e-19,-1.449633487190866e-18,-3.693313021654117e-21,1.5137048046272254e-19,-1548.2768198157619,-17.471373314744596,277.8272778715464,-1678286.802447319,70.6816636425933,136044.8162967048,-0.055038965573442254,4571.795529707981
35.32422012245226,2001.0,12.0,14.0,14.0,22.0,3.0,1.0,3486794.6973177167,39351.02304689795,-625466.5258925119,469.98074926646865,-284.9948526524292,4529.868885988425,3542667.6585970963,4563.092821208601,3486882.2968912264,30620.448794056647,-625466.5258925119,3542667.6585970963,471.43613807751245,-533.3291722248962,4529.868885988425,4585.455720261351,12759439.314013192,0.7241885137950307,1.6336281063892502,1.4901161193847656e-08,5.473008058132883e-07,6.105347368617812,-0.17748273512721238,0.008781386667860951,146467.6585970968,-0.07465832028367975,-0.07429354462561104,234.54619324207306,-16088680037.689013,-1012212764.2873173,-194872926.24143597,-16089987149.254944,-1874091635.1723127,16120490068.087854,16199934610.287598,-0.9842532895880047,-0.008643330886471696,0.17655241365208893,-0.008781273808814317,0.9999614438718598,0.0,0.1765456064746047,0.0015503550858860398,0.9842912400471833,4541.11339235703,-537.4484189288196,-0.11780369372337805,4.1250703556128907e-10,189.79665513870972,0.0,-89.5,6.3,0.0,3.042711272979407e-17,2.2969124608169245,1.5707963267948966,17.123173631767912,461.0,0.0019919977762859727,0.03863586381603868,0.0,0.004370073835178686,-1548.3311755850023,-17.474047388435675,277.74199670235896,-0.011354033587281867,0.01493970175359435,-0.10880827841941586,-0.011391404939790023,0.014911225995376849,-0.10880827841941586,-1.4544913964880965e-18,-6.109307501202585e-23,1.5176631498722242e-19,-1.4544866841747043e-18,-3.7029378513336836e-21,1.5176631498722242e-19,-1548.342566989942,-17.4591361624403,277.63318842393954,-1678286.9115950745,70.87014807897356,135997.43241685216,-0.05493668953441421,4571.8326717922555
35.378241626147066,2001.0,12.0,14.0,14.0,22.0,3.0,1.0,3486820.081483637,39335.62714115702,-625221.8146850859,469.7993072929311,-284.99689818527014,4529.901413836319,3542649.2755786953,4563.106555865688,3486907.7595945555,30591.637409947885,-625221.8146850859,3542649.2755786953,471.2515535257341,-533.3343645042553,4529.901413836319,4585.469484157305,12759438.865880297,0.7241885041224096,1.633628106185009,1.4901161193847656e-08,5.487189483500182e-07,6.105416755546289,-0.17741348814260008,0.008773060450790283,146449.27557869582,-0.07462921897094954,-0.0742645866432629,235.13785019516945,-16088679992.34908,-1012212758.1357961,-194875177.6543766,-16089985141.572733,-1874104090.7026527,16120490022.451132,16199934084.238909,-0.9842655844120967,-0.008635243014551788,0.17648425402849263,-0.008772947912466052,0.9999615169519901,0.0,0.17647746237647186,0.0015482871679623929,0.9843034634095353,4541.137174097236,-537.4481055050508,-0.11780301441698061,4.133474021167626e-10,189.77039368385118,0.0,-89.5,6.3,0.0,3.042666777783191e-17,2.29690519419993,1.5707963267948966,17.12440979072485,461.0,0.001996073392841452,0.03874358576277618,0.0,0.004379002764384292,-1548.3665510184285,-17.467482664831042,277.63765327791623,-0.011372697242367882,0.014970259766886745,-0.10903070871471593,-0.011410202263796935,0.01494169349015945,-0.10903070871471593,-1.457448072227671e-18,-5.416470606027818e-23,1.5201501492176452e-19,-1.4574433538020763e-18,-3.70899341139918e-21,1.5201501492176452e-19,-1548.3779612206922,-17.452540971340884,277.5286225692015,-1678286.9705393277,71.0586325153538,135950.1362849251,-0.05483441598669718,4571.869744714507
35.465844226827215,2001.0,12.0,14.0,14.0,22.0,3.0,1.0,3486861.2242367896,39310.66052644833,-624824.9812307856,469.50506770634155,-285.00021362888833,4529.954135748519,3542619.4803121546,4563.128817199396,3486949.0293450374,30544.915563988172,-624824.9812307856,3542619.4803121546,470.95221777828556,-533.342778302249,4529.954135748519,4585.4917928813875,12759438.137246132,0.7241884883953487,1.6336281058529236,1.4901161193847656e-08,5.509400828878994e-07,6.105529276623209,-0.17730119399285865,0.008759558590382532,146419.48031215463,-0.07458202685286044,-0.07421762695390927,236.0993506014347,-16088679918.629963,-1012212748.1338233,-194878824.85710028,-16089981887.25975,-1874124278.8359234,16120489948.249454,16199933231.382368,-0.9842855120973332,-0.008622127138898003,0.1763737213954827,-0.008759446570851799,0.9999616353119616,0.0,0.1763669548726832,0.0015449361890660315,0.984323275352721,4541.175720078303,-537.4475975619949,-0.11780191341002906,4.147094714443598e-10,189.72782901736375,0.0,-89.5,6.3,0.0,3.0425946545873436e-17,2.296893415588187,1.5707963267948966,17.126413899979973,461.0,0.002002679319154786,0.038918735788057005,0.0,0.004393475033181142,-1548.4238894642021,-17.456836379570355,277.46843520666266,-0.01140290489608037,0.015019789319305319,-0.10939123116139123,-0.011440627114317158,0.014991076095348287,-0.10939123116139123,-1.4622402048525473e-18,-4.2868623839241636e-23,1.5241753782678745e-19,-1.4622354766227309e-18,-3.7187942714524135e-21,1.5241753782678745e-19,-1548.4353300913165,-17.441845303475006,277.35904397550127,-1678287.0663787555,71.24711695173406,135902.92790092374,-0.0547321449255948,4571.906748474262
35.558518142607504,2001.0,12.0,14.0,14.0,22.0,3.0,1.0,3486904.7206859393,39284.24827822613,-624405.1700598155,469.19378272585,-285.00371879104523,4530.009874653655,3542587.9805168,4563.152352259668,3486992.659657436,30495.48818815662,-624405.1700598155,3542587.9805168,470.63554151442975,-533.3516709196849,4530.009874653655,4585.51537804302,12759437.363798933,0.7241884717009951,1.6336281055004136,1.4901161193847656e-08,5.53152298726762e-07,6.10564831359861,-0.1771823970692318,0.008745275293229297,146387.98051680066,-0.0745321018234147,-0.07416794780937376,237.11930778622627,-16088679840.377693,-1012212737.5167459,-194882678.15755922,-16089978446.428507,-1874145622.1101496,16120489869.484945,16199932329.4159,-0.9843065800581038,-0.008608251469228966,0.17625678557423605,-0.00874516382077977,0.9999617603237374,0.0,0.1762500455718166,0.001541394464370747,0.9843442210624481,4541.216471797667,-537.4470606348799,-0.11780074943741475,4.1616663277939743e-10,189.7,0.0,-89.5,6.3171706902847715,0.0,3.0425462871756876e-17,2.2968855165904207,1.5707963267948966,17.12775817259904,461.0,0.0020097465912115304,0.03910465680138882,0.0,0.004408989942293781,-1548.4845105618895,-17.445572747377543,277.28940467354755,-0.011435393356431551,0.015072860399704615,-0.10977794780058835,-0.011473347710806603,0.015043989967832048,-0.10977794780058835,-1.4673911877653028e-18,-3.0885438739936584e-23,1.5285155392439489e-19,-1.4673864489171109e-18,-3.729399362848312e-21,1.5285155392439489e-19,-1548.4959839096002,-17.43052875740971,277.17962672574697,-1678287.1681125835,71.43560138811429,135855.80726484803,-0.05462987634641074,4571.943683071065
35.64880834684649,2001.0,12.0,14.0,14.0,22.0,3.0,1.0,3486947.070596462,39258.51508015503,-623996.1520926525,468.8904927362783,-285.00713160702094,4530.064145179964,3542557.311035911,4563.17526714572,3487035.1395075205,30447.33136602952,-623996.1520926525,3542557.3110359106,470.3269988089487,-533.3603266420646,4530.064145179964,4585.538341709666,12759436.607583584,0.7241884553785459,1.6336281051557557,1.4901161193847656e-08,5.555555785389986e-07,6.10576429079316,-0.17706665373932395,0.00873135956763486,146357.31103591016,-0.07448345999237918,-0.07411954553960268,238.11587193608284,-16088679763.869608,-1012212727.1362305,-194886427.3658649,-16089975095.9477,-1874166403.0032146,16120489792.476036,16199931450.902336,-0.9843270929293294,-0.008594732192808516,0.17614285311595546,-0.008731248626471885,0.9999618819222175,0.0,0.17613613888897955,0.001537947044331525,0.984364615016291,4541.256149916706,-537.4465379339908,-0.1177996161668914,4.1761247973566446e-10,189.7,0.0,-89.5,6.360984234414075,0.0,3.0425432012782796e-17,2.296885012625129,1.5707963267948966,17.127843946191895,461.0,0.002016759121211597,0.039286434470438676,0.0,0.0044244349317305665,-1548.5435361278805,-17.434597811361076,277.11496283953005,-0.011467931573687397,0.015125650142591285,-0.11016326721783394,-0.011506115497988063,0.015096623892837993,-0.11016326721783394,-1.4725404021925336e-18,-1.9204476927523304e-23,1.5328795630437866e-19,-1.472535652523393e-18,-3.7401210764247104e-21,1.5328795630437866e-19,-1548.5550422433785,-17.41950118746824,277.0047995723122,-1678287.2675798666,71.62408582449454,135808.77437669795,-0.05452761024444896,4571.980548504473
35.77055381242888,2001.0,12.0,14.0,14.0,22.0,3.0,1.0,3487004.1309928726,39223.81647429313,-623444.6328727277,468.4815244089962,-285.0117299585888,4530.13726823252,3542515.98833343,4563.206141952801,3487092.374360883,30382.396454933772,-623444.6328727277,3542515.98833343,469.9109476640065,-533.3719850834938,4530.13726823252,4585.569282241366,12759435.583722757,0.7241884332790793,1.6336281046891261,1.4901161193847656e-08,5.589425365183144e-07,6.105920675238417,-0.17691058461319575,0.00871259617476316,146315.98833342968,-0.07441787086143214,-0.07405427942952555,239.46405464410782,-16088679660.284388,-1012212713.0820397,-194891474.9462657,-16089970581.110926,-1874194402.5928195,16120489688.212748,16199930266.724361,-0.9843547314521449,-0.008576502281144852,0.1759892220461159,-0.008712485947288772,0.9999620455740399,0.0,0.17598254247621797,0.001533303623951068,0.9843920934889729,4541.3096113775055,-537.4458337839766,-0.11779808928031693,4.1954053332892904e-10,189.67998333347097,0.0,-89.47998333347097,6.4,0.0,3.042506532495829e-17,2.296879024158499,1.5707963267948966,17.12886323597675,461.0,0.0020261107949544853,0.03953253982910698,0.0,0.004444990693251032,-1548.6230683128472,-17.41979783719505,276.8797236863708,-0.011510962191347089,0.015195459267823962,-0.11067591472801577,-0.011549453255753638,0.01516622439580402,-0.11067591472801577,-1.4793780940296657e-18,-3.2614118833166416e-24,1.5386379042160794e-19,-1.4793733304745913e-18,-3.7542224226519855e-21,1.5386379042160794e-19,-1548.634617766103,-17.404631612799243,276.7690477716428,-1678287.402251387,71.81257026087479,135761.82923647354,-0.054425346615013435,4572.017344774061
35.87734261761826,2001.0,12.0,14.0,14.0,22.0,3.0,1.0,3487054.140420393,39193.38019696787,-622960.8615041025,468.122781318048,-285.0157601613534,4530.20135672312,3542479.7718886416,4563.233201841134,3487142.536103076,30325.43775244725,-622960.8615041025,3542479.7718886416,469.54599173913664,-533.3821992021747,4530.20135672312,4585.59639973254,12759434.68182096,0.7241884138119792,1.6336281042781273,1.4901161193847656e-08,5.617164619258348e-07,6.106057850551188,-0.17677368586369446,0.008696138171278716,146279.77188864164,-0.07436033808075354,-0.07399702998727942,240.6505055129528,-16088679569.039024,-1012212700.7027733,-194895895.0765805,-16089966623.670666,-1874218942.5825036,16120489596.370136,16199929228.409882,-0.9843789550402815,-0.0085605111970137,0.1758544583507887,-0.008696028567279189,0.9999621888287362,0.0,0.1758478090877465,0.0015292353935018668,0.9844161769689437,4541.3564674608715,-537.4452167543066,-0.11779675110181054,4.211961422335246e-10,189.62824555520234,0.0,-89.42824555520237,6.4,0.0,3.042418849582121e-17,2.2968647044519894,1.5707963267948966,17.131301086486992,461.0,0.0020341414229461175,0.03974933330361702,0.0,0.004462570524131954,-1548.692776221468,-17.40681456108048,276.67336015717683,-0.011547358264117681,0.015254379430326023,-0.11111403283067467,-0.011586113848345228,0.015224964386737446,-0.11111403283067467,-1.4851989219522307e-18,1.0949463621051097e-23,1.5434856098393546e-19,-1.4851941472543822e-18,-3.766012385475799e-21,1.5434856098393546e-19,-1548.7043623353163,-17.391589596693745,276.56224612434613,-1678287.520881286,72.00105469725504,135714.97184417478,-0.05432308545340841,4572.054071879416
35.97007951142869,2001.0,12.0,14.0,14.0,22.0,3.0,1.0,3487097.5382270343,39166.948558494485,-622540.7421228021,467.8112306915266,-285.01925759469856,4530.256973199438,3542448.3435289827,4563.256684428687,3487186.0656436537,30275.97313314496,-622540.7421228021,3542448.3435289827,469.2290456842159,-533.3910601406393,4530.256973199438,4585.619932307279,12759433.895696638,0.7241883968438392,1.6336281039199296,1.4901161193847656e-08,5.640832552536712e-07,6.106176977780638,-0.1766547987920169,0.008681846015996166,146248.34352898272,-0.07431037474889907,-0.07394731271145852,241.6837696135044,-16088679489.5077,-1012212689.9133513,-194899728.01479295,-16089963189.051903,-1874240238.44176,16120489516.318275,16199928327.0149,-0.9843999763648561,-0.008546623746384421,0.17573742275169713,-0.008681736951512106,0.9999623130115979,0.0,0.17573079973748407,0.0015257060768669132,0.9844370768335533,4541.3971294776165,-537.4446813825814,-0.11779558986344373,4.2264951934795665e-10,189.58334789854678,0.0,-89.4,6.4,0.0,3.042342751279117e-17,2.2968522766559825,1.5707963267948966,17.133417433236026,461.0,0.0020411909875956372,0.039938297987178704,0.0,0.004478007260612719,-1548.753270900958,-17.395538560707877,276.4941330324858,-0.0115793445748644,0.015306523023357608,-0.11149868499522025,-0.011618333082268324,0.015276950096059344,-0.11149868499522025,-1.4903101575257129e-18,2.3376190996178135e-23,1.5477467421571955e-19,-1.4903053731106744e-18,-3.776380305942888e-21,1.5477467421571955e-19,-1548.76488923404,-17.380261610611818,276.3826343474906,-1678287.6242826302,72.1895391336353,135668.2021998017,-0.05422082675493821,4572.090729820148
36.05953621527956,2001.0,12.0,14.0,14.0,22.0,4.0,1.0,3487139.3736351086,39141.45152434994,-622135.4778679294,467.51068836543055,-285.02262916094685,4530.310588229785,3542418.046646337,4563.279321792239,3487228.027651988,30228.25734502043,-622135.4778679294,3542418.046646337,468.92329866862013,-533.3995996031991,4530.310588229785,4585.642617858266,12759433.134773282,0.7241883804196168,1.6336281035732176,1.4901161193847656e-08,5.662441253662185e-07,6.106291893364761,-0.1765401148588362,0.00866805956830113,146218.04664633656,-0.07426217773385713,-0.07389935305007918,242.68322610855103,-16088679412.526705,-1012212679.469907,-194903420.47981766,-16089959877.74408,-1874260767.821855,16120489438.833435,16199927457.755024,-0.9844202411269335,-0.008533227006800622,0.17562452248031957,-0.008667951022562148,0.9999624326068807,0.0,0.17561792472484217,0.0015223047592202751,0.9844572246184999,4541.4363281667665,-537.444165356949,-0.11779447045185247,4.240778009584184e-10,189.54006663762368,0.0,-89.4,6.4,0.0,3.0422693858514195e-17,2.296840295172382,1.5707963267948966,17.13545829039075,461.0,0.002048118457970353,0.040121206634535375,0.0,0.004493184227200295,-1548.8115900200949,-17.384660397994868,276.3212293634486,-0.011610883605749377,0.015358455976774354,-0.11187677040586588,-0.011650101619251235,0.015328728595610769,-0.11187677040586588,-1.495335530928074e-18,3.543714795250132e-23,1.551949613671877e-19,-1.4953307369494856e-18,-3.786614034244185e-21,1.551949613671877e-19,-1548.8232401217142,-17.369331669399255,276.20935259304275,-1678287.7243692297,72.37802357001554,135621.52030335422,-0.05411857051490737,4572.127318595873
36.247765598748984,2001.0,12.0,14.0,14.0,22.0,4.0,1.0,3487227.313364371,39087.80122344855,-621282.7296900265,466.87826843054245,-285.02971647962715,4530.42329191136,3542354.3613661896,4563.326907060476,3487316.232245306,30127.854178081994,-621282.7296900265,3542354.361366189,468.27992701316913,-533.4175419849387,4530.42329191136,4585.690304418046,12759431.525267461,0.7241883456789766,1.633628102839861,1.4901161193847656e-08,5.713191483223758e-07,6.106533698177348,-0.17629879743355592,0.008639051538528791,146154.36136618955,-0.07416076150265903,-0.0737984362468423,244.79507556557655,-16088679249.698902,-1012212657.3802196,-194911174.24525538,-16089952916.138489,-1874303922.0840442,16120489274.939915,16199925629.512587,-0.9844628392570932,-0.00850503679323107,0.17538695068621388,-0.008638944078903043,0.9999626836263449,0.0,0.17538040588122783,0.0015151580591475273,0.9844995772111798,4541.518727252387,-537.4430808793674,-0.11779211746752594,4.270801070224921e-10,189.44908766598508,0.0,-89.34908766598508,6.4,0.0,3.042115146964816e-17,2.2968151060506354,1.5707963267948966,17.139750505839164,461.0,0.0020626809336949403,0.04050809349591458,0.0,0.004525074171906897,-1548.9341867224375,-17.36176800599762,275.95736473763003,-0.011676967731887401,0.015466337802264989,-0.11267137990588437,-0.011716667227715357,0.015436284834774576,-0.11267137990588437,-1.5058946119287999e-18,6.10941830271092e-23,1.560753734362469e-19,-1.5058897983642551e-18,-3.808037703786194e-21,1.560753734362469e-19,-1548.9459033896653,-17.346331721162848,275.84469335772417,-1678287.9360725377,72.5665080063958,135574.9261548324,-0.05401631672862055,4572.163838206226
36.38173633009239,2001.0,12.0,14.0,14.0,22.0,4.0,1.0,3487289.8312342516,39049.615246309346,-620675.7802002412,466.4281181960068,-285.0347551003578,4530.50341713379,3542309.0864022407,4563.360736750924,3487378.937374259,30056.39098567514,-620675.7802002412,3542309.0864022407,467.8219817104607,-533.4302909893873,4530.50341713379,4585.7242061181,12759430.372813554,0.7241883208035569,1.6336281023148775,1.4901161193847656e-08,5.748063779469185e-07,6.106705806059069,-0.17612703641340557,0.008618405787371598,146109.08640224067,-0.07408857686031299,-0.07372660707055735,246.30506494641304,-16088679133.111332,-1012212641.5654372,-194916679.97496924,-16089947966.10745,-1874334601.7477942,16120489157.589386,16199924328.943232,-0.9844931236410621,-0.008484971314629696,0.17521784944820637,-0.008618299096330719,0.999962861770719,0.0,0.17521134216753945,0.001510079833560489,0.9845296873303241,4541.57730770563,-537.4423100951541,-0.1177904447435729,4.291638279047713e-10,189.38635800280085,0.0,-89.3,6.4,0.0,3.042008645490558e-17,2.2967977130399593,1.5707963267948966,17.1427155693095,461.0,0.00207278949278508,0.0407851220363383,0.0,0.0045472056241089645,-1549.0213490483177,-17.34547187528924,275.6983448167007,-0.011722407612199162,0.015540866310186177,-0.11322291773581471,-0.011762445737501338,0.01551058464952115,-0.11322291773581471,-1.513222843612188e-18,7.956670210593222e-23,1.5668074866067395e-19,-1.5132180170877486e-18,-3.822763612750208e-21,1.5668074866067395e-19,-1549.0331114940552,-17.329961290639716,275.58512189896487,-1678288.0876584202,72.75499244277604,135528.41975423627,-0.053914065391382576,4572.200288650859
36.47367348981513,2001.0,12.0,14.0,14.0,22.0,4.0,1.0,3487332.6991097927,39023.40980164723,-620259.2560577908,466.11918879475326,-285.038210091907,4530.558359271857,3542278.0418140953,4563.383933677198,3487421.9331517452,30007.348518023344,-620259.2560577908,3542278.0418140953,467.50770282872793,-533.4390297013551,4530.558359271857,4585.74745242049,12759429.57883757,0.7241883036657455,1.633628101953192,1.4901161193847656e-08,5.773118325415488e-07,6.106823917301961,-0.17600916318862178,0.008604237909579825,146078.04181409534,-0.07403903910164121,-0.07367731325087677,247.34449362754822,-16088679052.790052,-1012212630.6699831,-194920452.0468377,-16089944571.506493,-1874355638.753333,16120489076.742472,16199923436.772898,-0.9845138896453604,-0.008471200782041317,0.17510179854208718,-0.008604131743844345,0.9999629837733668,0.0,0.17509531693422847,0.0015065989432402097,0.9845503339836549,4541.617476471104,-537.4417816677371,-0.11778929779906047,4.304832229009478e-10,189.3475522676192,0.0,-89.3,6.4,0.0,3.0419424494623597e-17,2.296786902408152,1.5707963267948966,17.144559041821886,461.0,0.0020791928101658685,0.04097598229320735,0.0,0.004561231255138593,-1549.0811183655524,-17.33428740922943,275.52057258427294,-0.011750532499429301,0.015588868986481753,-0.11357241991183886,-0.011790795711773595,0.015558437800147491,-0.11357241991183886,-1.5178681327461286e-18,9.23106840230941e-23,1.5705571701903465e-19,-1.5178632987006481e-18,-3.8318905344608705e-21,1.5705571701903465e-19,-1549.092909161264,-17.31872897142928,275.4070001643611,-1678288.1920925882,72.9434768791563,135482.00110156578,-0.05381181649849844,4572.236669929439
36.56873859755762,2001.0,12.0,14.0,14.0,22.0,4.0,1.0,3487376.9955962244,38996.31244380864,-619828.5553408465,465.79973625407274,-285.0417802756586,4530.61513332945,3542245.962636401,4563.407903875229,3487466.3613744834,29956.636650066215,-619828.5553408465,3542245.9626364014,467.18271869304135,-533.4480569383817,4530.61513332945,4585.771473640023,12759428.755247619,0.7241882858886866,1.6336281015780247,1.4901161193847656e-08,5.799979107388507e-07,6.106946049175172,-0.17588727741977264,0.008589588199166436,146045.9626364014,-0.07398781492210599,-0.07362634131073115,248.4219185113907,-16088678969.473755,-1012212619.3683329,-194924347.13105714,-16089941063.428345,-1874377377.0662637,16120488992.880943,16199922514.548023,-0.9845353479572755,-0.008456961195255417,0.17498179456728757,-0.008589482574785196,0.9999631097141022,0.0,0.17497533943885907,0.0015030030753403595,0.984571669087635,4541.658984529046,-537.4412357085042,-0.11778811265337799,4.3184658795293966e-10,189.30745329550177,0.0,-89.3,6.4,0.0,3.041874041833307e-17,2.2967757305945153,1.5707963267948966,17.14646453664789,461.0,0.002085809723356566,0.0411739561539962,0.0,0.0045757246000351194,-1549.142882102032,-17.322721325178904,275.33673469842205,-0.01177953785023201,0.01563847276947872,-0.11393357867143787,-0.011820034381209222,0.01560788678052887,-0.11393357867143787,-1.5226681826729971e-18,1.0556843719827978e-22,1.5744242065809777e-19,-1.5226633410117443e-18,-3.841302947527686e-21,1.5744242065809777e-19,-1549.154702136413,-17.307113438398375,275.2228011197506,-1678288.3004219923,73.13196131553654,135435.67019682092,-0.05370957004527328,4572.272982041646
36.60091995479428,2001.0,12.0,14.0,14.0,22.0,4.0,1.0,3487391.983923829,38987.13939301265,-619682.753687637,465.6915925722522,-285.04298830846454,4530.6343438280655,3542235.108203876,4563.416014571832,3487481.3941782094,29939.46951843839,-619682.753687637,3542235.108203876,467.0727024349916,-533.4511108061234,4530.6343438280655,4585.779601600428,12759428.475859005,0.7241882798581184,1.633628101450752,1.4901161193847656e-08,5.807630798192427e-07,6.106987393649662,-0.17584601625335644,0.008584629037217042,146035.10820387583,-0.07397047432425503,-0.07360908610094552,248.78725296258926,-16088678941.210348,-1012212615.5344014,-194925664.46583685,-16089939876.34242,-1874384732.5775008,16120488964.432573,16199922202.427425,-0.9845426087334361,-0.008452140697577661,0.17494116984286037,-0.008584523595675103,0.9999631522984411,0.0,0.17493472366284366,0.0015017866003710406,0.9845788882024697,4541.673029498924,-537.4410509937451,-0.11778771164799454,4.3233760152603045e-10,189.29301171982263,0.0,-89.3,6.4,0.0,3.041849473791801e-17,2.296771718328853,1.5707963267948966,17.14714898678735,461.0,0.002088192128806846,0.04124111673818474,0.0,0.0045809433875664,-1549.1637813020486,-17.31880573295162,275.2744980592276,-0.011790147876063,0.015656331168315284,-0.11406360809982723,-0.01183072630536226,0.015625690630465042,-0.11406360809982723,-1.5243963442830762e-18,1.100824070366957e-22,1.5758384384716752e-19,-1.5243914997504831e-18,-3.8447457934340564e-21,1.5758384384716752e-19,-1549.175612028354,-17.303180042321156,275.16043445112774,-1678288.3371708654,73.3204457519168,135389.42704000176,-0.05360732602701242,4572.309224987179
36.641578513478855,2001.0,12.0,14.0,14.0,22.0,4.0,1.0,3487410.915495136,38975.54992492346,-619498.5441319781,465.5549596340379,-285.0445141681077,4530.658608523325,3542221.398104333,4563.426259126326,3487500.381855356,29917.78008673145,-619498.5441319781,3542221.398104333,466.93370362875663,-533.4549676580442,4530.658608523325,4585.789867960591,12759428.122389555,0.7241882722285182,1.6336281012897318,1.4901161193847656e-08,5.815272420969049e-07,6.107039629431561,-0.175793885722266,0.00857836356732061,146021.3981043324,-0.07394856570370006,-0.07358728536151057,249.24933540821075,-16088678905.452955,-1012212610.6838789,-194927327.92627227,-16089938376.885519,-1874394023.270314,16120488928.441172,16199921808.13282,-0.9845517797734887,-0.008446050295654121,0.1748898429848318,-0.008578258356478378,0.999963206064888,0.0,0.17488340809929726,0.0015002502570478247,0.9845880066407171,4541.690769630257,-537.4408176956538,-0.11778720514667027,4.3300352064671283e-10,189.273425863332,0.0,-89.3,6.4,0.0,3.041816254689723e-17,2.296766293237781,1.5707963267948966,17.148074540150436,461.0,0.0020914221836101834,0.041326085604433405,0.0,0.00458801972920032,-1549.190179247679,-17.313858514976953,275.1958641762856,-0.011804784024034976,0.01568054158515149,-0.11423989441430488,-0.011845470316993349,0.015649828856157056,-0.11423989441430488,-1.5267392821310635e-18,1.1581178581979863e-22,1.577788877563423e-19,-1.5267344334899132e-18,-3.849494860240329e-21,1.577788877563423e-19,-1549.202024717996,-17.298208686120795,275.0816242818713,-1678288.3836638294,73.50893018829703,135343.27163110822,-0.05350508443902129,4572.345398765751
36.78636804930738,2001.0,12.0,14.0,14.0,22.0,4.0,1.0,3487478.2877560076,38934.2780688203,-618842.5459221549,465.068376014524,-285.04994435875244,4530.744961282037,3542172.607626812,4563.46271698699,3487567.9531339877,29840.54039594976,-618842.5459221549,3542172.607626812,466.4386947296893,-533.4686890468703,4530.744961282037,4585.826403421426,12759426.859232116,0.7241882449633436,1.6336281007142985,1.4901161193847656e-08,5.85712313861663e-07,6.107225649985179,-0.17560823995769048,0.008556051845952994,145972.60762681253,-0.07387054520166943,-0.07350964903725306,250.89952233433723,-16088678777.67175,-1012212593.3499713,-194933243.6586371,-16089933040.153652,-1874427086.6325805,16120488799.82371,16199920404.409811,-0.9845844173784043,-0.008424360894129988,0.17470705537886466,-0.008555947453913458,0.9999633972117009,0.0,0.17470066061350228,0.0014947843856495146,0.9846204572325553,4541.753902819972,-537.4399875679601,-0.1177854026803744,4.3537334384053404e-10,189.20372518116076,0.0,-89.3,6.4,0.0,3.0416980259149606e-17,2.296746985013591,1.5707963267948966,17.151369480995875,461.0,0.0021029174030313923,0.04162973403693541,0.0,0.0046132029955058326,-1549.2841261268024,-17.296239287282507,274.9158141959359,-0.011856773206401506,0.015766702068845118,-0.11486726380743252,-0.011897844600167554,0.015735731913896774,-0.11486726380743252,-1.5350770211822605e-18,1.3635274526282188e-22,1.5847169440845905e-19,-1.53507215816937e-18,-3.866363550714034e-21,1.5847169440845905e-19,-1549.2960239714025,-17.28050355536861,274.8009469321285,-1678288.549810987,73.69741462467728,135297.20397014034,-0.05340284527660557,4572.381503377089
36.86975679917079,2001.0,12.0,14.0,14.0,22.0,4.0,1.0,3487517.057541395,38910.50798005194,-618464.7306924433,464.7881241413795,-285.0530692491202,4530.7946544857,3542144.530843417,4563.483697105469,3487606.836986219,29796.054779774833,-618464.7306924433,3542144.5308434176,466.15359036054963,-533.476582206561,4530.7946544857,4585.847428195253,12759426.1286062,0.7241882291927889,1.633628100381485,1.4901161193847656e-08,5.877936757599206e-07,6.107332787264012,-0.1755013185178043,0.00854320204874878,145944.53084341763,-0.07382560971038067,-0.0734649348067621,251.85313099622726,-16088678703.762396,-1012212583.3242718,-194936645.02413896,-16089929968.688595,-1874446113.3898146,16120488725.430681,16199919596.247347,-0.9846031991686651,-0.008411868719732934,0.17460177734339405,-0.008543098126341638,0.999963507071335,0.0,0.17459540561318868,0.0014916401168782695,0.984639131534253,4541.790233868446,-537.4395099480987,-0.11778436546316295,4.3670068881031206e-10,189.16361549059658,0.0,-89.2636154905966,6.4,0.0,3.0416299825612384e-17,2.296735872690631,1.5707963267948966,17.153266390035984,461.0,0.0021093568954847195,0.04180536270782255,0.0,0.0046272997331726585,-1549.338191161898,-17.286090664601346,274.75450624002775,-0.011885611130780446,0.01581402664147986,-0.11521857428853945,-0.011926899115111671,0.015782910633578184,-0.11521857428853945,-1.5397435713431808e-18,1.4828020689026609e-22,1.58855795172488e-19,-1.5397387006854628e-18,-3.875705241097101e-21,1.58855795172488e-19,-1549.3501180610133,-17.270307753967767,274.63928766573923,-1678288.6459125727,73.88589906105753,135251.2240570981,-0.053300608535070994,4572.41753882094
36.96891560180901,2001.0,12.0,14.0,14.0,22.0,4.0,1.0,3487563.128852325,38882.24227488552,-618015.4595913735,464.4548597377377,-285.0567827022906,4530.85370735243,3542111.1663510054,4563.508628624235,3487653.0434090574,29743.155415666206,-618015.4595913735,3542111.1663510054,465.81455566947847,-533.4859591277404,4530.85370735243,4585.872412779193,12759425.256940398,0.7241882103778493,1.6336280999844615,1.4901161193847656e-08,5.906200761379809e-07,6.107460187997513,-0.17537417442766834,0.008527922363194716,145911.16635100497,-0.07377217522032896,-0.07341176342215876,252.9899460375309,-16088678615.586464,-1012212571.3638486,-194940684.23244447,-16089926318.39534,-1874468723.692021,16120488636.677744,16199918635.532082,-0.9846255184028995,-0.008397013537637459,0.1744765848859672,-0.008527818997391369,0.9999636374904578,0.0,0.1744702404794844,0.0014879047351905189,0.9846613231596587,4541.833407786244,-537.4389424565607,-0.11778313292859763,4.382735863097662e-10,189.11595193000707,0.0,-89.2159519300071,6.4,0.0,3.04154911710252e-17,2.2967226663590132,1.5707963267948966,17.15552131906758,461.0,0.0021169879807019626,0.042014902147069155,0.0,0.004644003447684606,-1549.4024408652465,-17.274021676805162,274.5626749123362,-0.011919693398321711,0.01586998271877974,-0.11563487281339102,-0.01196123882686259,0.01583869337827829,-0.11563487281339102,-1.545272879901664e-18,1.6255349938572624e-22,1.5930971529777348e-19,-1.5452680003832992e-18,-3.8867434470249495e-21,1.5930971529777348e-19,-1549.4144021040734,-17.258182983426885,274.4470400395228,-1678288.7605656069,74.07438349743778,135205.33189198154,-0.05319837420972354,4572.453505097061
37.03417030147136,2001.0,12.0,14.0,14.0,22.0,5.0,1.0,3487593.429558755,38863.640900459744,-617719.7988263188,464.2355366337771,-285.0592250388754,4530.892546464876,3542089.2228101008,4563.525025992997,3487683.4327181387,29708.34274845237,-617719.7988263188,3542089.222810101,465.59143517231,-533.4921246114635,4530.892546464876,4585.888845048388,12759424.681584038,0.7241881979587373,1.633628099722427,1.4901161193847656e-08,5.923094425902391e-07,6.107544029529882,-0.17529050178005204,0.008517867183504708,145889.22281010123,-0.07373701029329445,-0.07337677164085164,253.73978012800217,-16088678557.385084,-1012212563.4696597,-194943339.16363195,-16089923917.401546,-1874483594.4298449,16120488578.095531,16199918003.466599,-0.9846401977280516,-0.008387237271477704,0.17439419505538414,-0.00851776418290199,0.9999637231886587,0.0,0.1743878685900711,0.0014854486283487742,0.9846759186305841,4541.861803275521,-537.4385692686835,-0.1177823223142414,4.393388594949381e-10,189.1,0.0,-89.2,6.41539598556966,0.0,3.041520968923573e-17,2.296718069412535,1.5707963267948966,17.156306373827665,461.0,0.0021221560408270198,0.04215321143709664,0.0,0.004655350764985324,-1549.4446988746176,-17.26607862654527,274.436423572007,-0.011943046447719286,0.01590837639551827,-0.11591782765367363,-0.011984765842024353,0.01587697029365834,-0.11591782765367363,-1.5490422305298719e-18,1.7196546215034353e-22,1.5962185778081623e-19,-1.5490373447369632e-18,-3.894373805844478e-21,1.5962185778081623e-19,-1549.4566836404597,-17.250201656251612,274.32050574435334,-1678288.8362441063,74.26286793381803,135159.5274747906,-0.053096142295869335,4572.489402205227
37.09998902490548,2001.0,12.0,14.0,14.0,22.0,5.0,1.0,3487623.977668815,38844.87858512521,-617421.5799741682,464.0143117662307,-285.0616873409304,4530.931703134667,3542067.1001013713,4563.541557341662,3487714.069945658,29673.228773309056,-617421.5799741682,3542067.1001013713,465.3663800357064,-533.4983391184356,4530.931703134667,4585.905411582372,12759424.099796785,0.7241881854007949,1.633628099457465,1.4901161193847656e-08,5.939940043686343e-07,6.107628596787926,-0.1752061048597837,0.008507725187601073,145867.1001013713,-0.07370154093107051,-0.07334147692137179,254.49762111902237,-16088678498.5336,-1012212555.4872794,-194946014.46874532,-16089921496.614128,-1874498586.6942143,16120488518.85896,16199917366.06336,-0.9846549970343144,-0.008377376242381131,0.174311090819397,-0.00850762255447973,0.99996380952436,0.0,0.17430478241811093,0.0014829729677510665,0.9846906334566974,4541.890430910284,-537.4381930706782,-0.11778150509173176,4.4044499493143516e-10,189.1,0.0,-89.2,6.4469998551838605,0.0,3.0415187468418003e-17,2.2967177065190425,1.5707963267948966,17.156368351023836,461.0,0.002127522081808196,0.04229306614884984,0.0,0.004667168508012157,-1549.4873031472355,-17.258066392862457,274.309072590602,-0.011967578075024727,0.01594875086384418,-0.11621266681393486,-0.012009477630598307,0.015917224197043337,-0.11621266681393486,-1.5529812497258356e-18,1.8146783307058194e-22,1.5995088186182092e-19,-1.5529763571158509e-18,-3.902456889408039e-21,1.5995088186182092e-19,-1549.499312624866,-17.242149168665414,274.1928599237881,-1678288.9127684887,74.45135237019828,135113.81080552534,-0.05299391278881466,4572.525230145232
37.231915014089026,2001.0,12.0,14.0,14.0,22.0,5.0,1.0,3487685.1639655493,38807.27121469084,-616823.8271533753,463.5708738867758,-285.0666192776646,4531.010133256391,3542022.7894507777,4563.574669074084,3487775.4341089088,29602.84565622583,-616823.8271533753,3542022.789450778,464.9152646654188,-533.5107824702745,4531.010133256391,4585.938593788959,12759422.929219961,0.7241881601337093,1.6336280989243614,1.4901161193847656e-08,5.977204775849545e-07,6.107798105205687,-0.1750369378445735,0.008487397021233734,145822.78945077816,-0.07363044523181343,-0.07327073127458188,256.02127000689507,-16088678380.123556,-1012212539.4266818,-194951369.02932245,-16089916647.32312,-1874528615.7551591,16120488399.674118,16199916088.83753,-0.9846846396631229,-0.008357610161174603,0.1741445111506522,-0.008487295122041981,0.9999639822621169,0.0,0.17413823885929577,0.0014780158600193158,0.984720107053827,4541.947771491865,-537.4374396767114,-0.11777986826858422,4.426502266764892e-10,189.08969921539736,0.0,-89.18969921539738,6.5,0.0,3.04149754274625e-17,2.296714243627446,1.5707963267948966,17.156959788440048,461.0,0.002138220379962387,0.042574450657508846,0.0,0.004690707555305154,-1549.5726410302111,-17.24200520409077,274.05378695525496,-0.012016247825732934,0.016028926449390996,-0.11679984786256353,-0.012058507646866765,0.01599715875585016,-0.11679984786256353,-1.5608188093088525e-18,2.0067869295319676e-22,1.606029685055975e-19,-1.5608139035438626e-18,-3.9184522980889645e-21,1.606029685055975e-19,-1549.584699537858,-17.22600804533492,273.9369871073924,-1678289.066738315,74.63983680657853,135068.1818841857,-0.052891685683865965,4572.560988916879
37.31103424811764,2001.0,12.0,14.0,14.0,22.0,5.0,1.0,3487721.830817086,38784.716845196024,-616465.3352427661,463.3049216548511,-285.06957486481,4531.057134588124,3541996.2355958014,4563.594511987799,3487812.2071454627,29560.634396842295,-616465.3352427661,3541996.235595801,464.6447079518917,-533.5182367912687,4531.057134588124,4585.958478935293,12759422.224419836,0.7241881449204505,1.633628098603407,1.4901161193847656e-08,5.997601687162641e-07,6.107899765565232,-0.17493548221973473,0.00847520590744236,145796.23559580045,-0.07358780645944434,-0.07322830243808529,256.93785774707794,-16088678308.830095,-1012212529.7571127,-194954575.3148955,-16089913740.946342,-1874546611.3515038,16120488327.914183,16199915323.101524,-0.9847024037163541,-0.008345755452749624,0.1740446048608152,-0.008475104446716545,0.9999640856573886,0.0,0.17403835416324656,0.0014750462045829188,0.9847377699260056,4541.982134313981,-537.4369882650295,-0.11777888739677676,4.4393998534683523e-10,189.0517651368578,0.0,-89.15176513685779,6.5,0.0,3.041433175618423e-17,2.2967037316777357,1.5707963267948966,17.15875541426684,461.0,0.0021444776895441675,0.04274387197262532,0.0,0.004704404974968536,-1549.6237834723415,-17.232371896033865,273.9006696972276,-0.012044205132222353,0.016074821840600977,-0.11714122376571787,-0.01208667594912022,0.01604291242184761,-0.11714122376571787,-1.5653532893265487e-18,2.1236797695730892e-22,1.6097535344308718e-19,-1.5653483766182684e-18,-3.9275086447770415e-21,1.6097535344308718e-19,-1549.6358701482907,-17.216328983612016,273.7835284734619,-1678289.1594430078,74.82832124295878,135022.64071077175,-0.05278946097632987,4572.596678519993
37.437081275329845,2001.0,12.0,14.0,14.0,22.0,5.0,1.0,3487780.2023213673,38748.784376168405,-615894.204244642,462.88120770833814,-285.07428006043784,4531.131959296545,3541953.9633961436,4563.626101047285,3487870.7470635055,29493.385261340347,-615894.204244642,3541953.9633961436,464.2136583197811,-533.5300996807069,4531.131959296545,4585.990135226469,12759421.097329598,0.7241881205919155,1.6336280980902176,1.4901161193847656e-08,6.032670283316811e-07,6.1080617266154436,-0.1747738473188472,0.008455784192783861,145753.96339614363,-0.07351987599292704,-0.0731607064275275,258.4023096859455,-16088678194.821442,-1012212514.2950828,-194959675.63790864,-16089909113.60532,-1874575259.6226156,16120488213.15963,16199914103.574549,-0.9847306834330559,-0.008326868605898284,0.17388543459613523,-0.008455683427978963,0.9999642500698541,0.0,0.17387921820399505,0.0014703201876814607,0.9847658887447885,4542.036838828541,-537.4362697546087,-0.11777732593696785,4.4600183019281797e-10,188.9913762802052,0.0,-89.1,6.5,0.0,3.041330696252356e-17,2.296686995527176,1.5707963267948966,17.161615047583158,461.0,0.0021544809484947062,0.043014804856901276,0.0,0.00472630463182165,-1549.7052029470021,-17.217023227453566,273.6567092581028,-0.012088856930901533,0.016148414857848216,-0.11768699258098207,-0.012131666213988888,0.016116278701652546,-0.11768699258098207,-1.5726029038354562e-18,2.311241116445152e-22,1.6157013944035773e-19,-1.572597980221135e-18,-3.94197596023061e-21,1.6157013944035773e-19,-1549.717334613216,-17.200906948751914,273.53902226552185,-1678289.3076929431,75.01680567933903,134977.18728528343,-0.05268723866151313,4572.6322989544105
37.55919049153706,2001.0,12.0,14.0,14.0,22.0,5.0,1.0,3487836.699320259,38713.97390117468,-615340.9068501298,462.47070969497344,-285.0788342400311,4531.204382661774,3541913.048698909,4563.656676012197,3487927.4063330023,29428.235618153005,-615340.9068501298,3541913.0486989096,463.79605360714106,-533.5415769705176,4531.204382661774,4586.020775263781,12759420.000387497,0.7241880969140687,1.633628097590772,1.4901161193847656e-08,6.065706144883613e-07,6.1082186315430524,-0.17461725832835315,0.008436969560600732,145713.04869890912,-0.07345406601288565,-0.07309522045634714,259.8262176513672,-16088678083.863861,-1012212499.2470062,-194964607.60830843,-16089904634.202343,-1874602988.2779179,16120488101.476124,16199912922.59333,-0.9847580554283403,-0.008308570880632773,0.17373122896852872,-0.008436869466922115,0.9999644089834389,0.0,0.17372504569748132,0.0014657477011354348,0.9847931052160573,4542.089787637404,-537.4355744469726,-0.11777581465743904,4.480475650545438e-10,188.93292671272732,0.0,-89.1,6.5,0.0,3.0412314954080296e-17,2.2966707947998484,1.5707963267948966,17.164384137294302,461.0,0.0021644053863430885,0.043278494456652765,0.0,0.004748046474755758,-1549.7840120598887,-17.202152212870896,273.42034092038176,-0.012133350880464067,0.016222778425550408,-0.11822864594101502,-0.012176497474791353,0.016190418545527527,-0.11822864594101502,-1.5798005205141222e-18,2.494607918422172e-22,1.6216307673230665e-19,-1.5797955860314897e-18,-3.9564128703218914e-21,1.6216307673230665e-19,-1549.7961885573634,-17.18596179432537,273.30211227444073,-1678289.451977415,75.20529011571928,134931.82160772078,-0.052585018734722745,4572.667850219986
37.73168782127327,2001.0,12.0,14.0,14.0,22.0,5.0,1.0,3487916.424265861,38664.79800905108,-614559.2773763596,461.8907849561603,-285.0852609459692,4531.3065844333505,3541855.312499084,4563.69982200463,3488007.359030995,29336.199724141352,-614559.2773763596,3541855.312499084,463.2060892924005,-533.5577651924558,4531.3065844333505,4586.06401308178,12759418.44225432,0.7241880632811517,1.6336280968813277,1.4901161193847656e-08,6.113109438647727e-07,6.108440289113039,-0.17439604702732303,0.008410391666542966,145655.31249908404,-0.07336109680647632,-0.07300270896301839,261.84659296274185,-16088677926.258581,-1012212477.8721368,-194971559.6429674,-16089898312.040997,-1874642117.808338,16120487942.839703,16199911255.026993,-0.9847966817622218,-0.008282721098350607,0.17351337735553493,-0.00841029251582191,0.999964632864482,0.0,0.17350724068440382,0.0014592982589682383,0.9848315124317844,4542.164507343133,-537.4345934887266,-0.11777368209769573,4.509343750457984e-10,188.8504464272629,0.0,-89.1,6.5,0.0,3.0410914887098615e-17,2.29664792997086,1.5707963267948966,17.168293858021897,461.0,0.002178410774619834,0.04365305614517316,0.0,0.0047787281526787805,-1549.895229613433,-17.18114160399029,273.08638638633136,-0.012195950086136175,0.01632771985770354,-0.11899302098172752,-0.012239575082891592,0.016295043296825903,-0.11899302098172752,-1.589957079491645e-18,2.7563031336498763e-22,1.6299727021888305e-19,-1.589952130181424e-18,-3.976723428020854e-21,1.6299727021888305e-19,-1549.907469188516,-17.164846560693466,272.9673933653496,-1678289.6569239385,75.39377455209953,134886.54367808378,-0.0524828011912658,4572.703332316588
37.85172201253159,2001.0,12.0,14.0,14.0,22.0,5.0,1.0,3487971.8427312425,38630.5777622374,-614015.3613920077,461.48721330400167,-285.0897283786885,4531.377628769379,3541815.178866563,4563.729814064558,3488062.9349585692,29272.153874214746,-614015.3613920077,3541815.1788665624,462.7955312741909,-533.5690125695342,4531.377628769379,4586.0940689712625,12759417.352034902,0.7241880397482617,1.6336280963849479,1.4901161193847656e-08,6.145712920219184e-07,6.108594536252957,-0.1742421104034519,0.008391897526879594,145615.1788665629,-0.07329640116174671,-0.07293833182486847,263.25864869356155,-16088677815.984507,-1012212462.9165821,-194976386.86894757,-16089893916.596851,-1874669317.989992,16120487831.844162,16199910095.139105,-0.9848235322303873,-0.008264732177126843,0.17336177366219951,-0.008391799028806036,0.9999647882345959,0.0,0.1733556692880953,0.0014548171638505377,0.9848582108266632,4542.216447759771,-537.4339117525192,-0.1177721997532566,4.5294105667185525e-10,188.79311266651843,0.0,-89.1,6.5,0.0,3.040994152777616e-17,2.2966320338067883,1.5707963267948966,17.171013076133036,461.0,0.0021881466644241587,0.04391512410976205,0.0,0.004800056301867132,-1549.972544198992,-17.166518996645966,272.85396636940834,-0.012239334357543997,0.016400669810770784,-0.11952437362356536,-0.012283293566834103,0.016367772447974008,-0.11952437362356536,-1.597016937619495e-18,2.940243466446914e-22,1.635753936848653e-19,-1.597011978357523e-18,-3.990798974751246e-21,1.635753936848653e-19,-1549.9848274925587,-17.15015122419799,272.7344419957848,-1678289.8003242183,75.58225898847978,134841.3534963724,-0.0523805860264496,4572.7387452441035
37.88594890863716,2001.0,12.0,14.0,14.0,22.0,5.0,1.0,3487987.6360367443,38620.82000393508,-613860.2660541981,461.3721340265774,-285.091001534479,4531.397875444329,3541803.7414745474,4563.738361342985,3488078.773009642,29253.891408213723,-613860.2660541981,3541803.7414745474,462.6784598518636,-533.5722170661968,4531.397875444329,4586.102634439967,12759417.040332416,0.7241880330200069,1.6336280962430276,1.4901161193847656e-08,6.152934677023561e-07,6.108638519366069,-0.174198215827664,0.00838662411220383,145603.7414745479,-0.07327795336054203,-0.07291997484381924,263.6621361374855,-16088677784.456537,-1012212458.6406672,-194977761.7517252,-16089892663.860565,-1874677069.63772,16120487800.10992,16199909764.488111,-0.9848311842252054,-0.008259602604641935,0.17331854356182697,-0.008386525799699854,0.999964832474128,0.0,0.17331244837746215,0.0014535404371476648,0.9848658195193938,4542.231250062714,-537.4337174919616,-0.11777177731703094,4.5341131048852996e-10,188.77967684318486,0.0,-89.07967684318486,6.5,0.0,3.0409711370371744e-17,2.2966282750511278,1.5707963267948966,17.171656184278632,461.0,0.0021904304440185495,0.04399005452506962,0.0,0.004805051904117229,-1549.9945782642706,-17.16234914245236,272.78768834083286,-0.012248925723514971,0.01641724009025735,-0.11964895622412257,-0.012292969106290099,0.016384287110312035,-0.11964895622412257,-1.5986712670803847e-18,2.9923696918973325e-22,1.6370321037538083e-19,-1.5986663061647074e-18,-3.993903461091487e-21,1.6370321037538083e-19,-1550.0068712333768,-17.145964855342047,272.66803938460873,-1678289.8413235098,75.77074342486002,134796.25106258673,-0.05227837323558161,4572.7740890024315
37.94313320291693,2001.0,12.0,14.0,14.0,22.0,5.0,1.0,3488014.013779201,38604.51721540362,-613601.1402976515,461.1798626559073,-285.0931279549547,4531.431691402648,3541784.6389135667,4563.752636939772,3488105.225358253,29223.37930451282,-613601.1402976515,3541784.6389135662,462.48286009016863,-533.5775683648565,4531.431691402648,4586.116940417852,12759416.518785924,0.7241880217621532,1.6336280960055756,1.4901161193847656e-08,6.170952093854244e-07,6.108712004408223,-0.1741248787048615,0.008377813656826145,145584.63891356625,-0.07324713155915955,-0.07288930477972101,264.3369945883751,-16088677731.703602,-1012212451.4863263,-194980057.2755744,-16089890571.455008,-1874690016.389657,16120487747.011856,16199909212.143227,-0.984843964546704,-0.00825103225742066,0.17324631587025915,-0.008377715653838701,0.9999649063244287,0.0,0.17324023602025607,0.0014514083724361544,0.9848785275542271,4542.255972828475,-537.4333930633896,-0.11777107177665268,4.5424704753147705e-10,188.7557986419578,0.0,-89.0557986419578,6.5,0.0,3.0409303546300645e-17,2.2966216147786085,1.5707963267948966,17.172795853131138,461.0,0.002194487933821485,0.04411543003998719,0.0,0.004813931741565093,-1550.0313799660646,-17.155382075854142,272.6769498307774,-0.012266291676816988,0.016447003552117128,-0.11987033066189226,-0.012310481456759819,0.016413953930935584,-0.11987033066189226,-1.601611379489586e-18,3.0799893619314885e-22,1.6393462739961624e-19,-1.601606415303824e-18,-3.999528911523502e-21,1.6393462739961624e-19,-1550.0436904475214,-17.138968121923206,272.5570795001155,-1678289.9099243116,75.95922786124027,134751.23637672668,-0.05217616281396947,4572.809363591488
38.05133775462129,2001.0,12.0,14.0,14.0,22.0,6.0,1.0,3488063.89585562,38573.66862371236,-613110.8153026673,460.81603282890495,-285.0971492088713,4531.495640549482,3541748.5146920974,4563.779633255549,3488155.2480841847,29165.643235476084,-613110.8153026673,3541748.514692098,462.1127321473743,-533.587685276268,4531.495640549482,4586.143994186201,12759415.529292801,0.7241880004033864,1.6336280955551183,1.4901161193847656e-08,6.199671048735098e-07,6.108851055519263,-0.17398610747566973,0.008361142642432,145548.5146920979,-0.07318880930492787,-0.07283126964483488,265.6164356172085,-16088677631.620056,-1012212437.9136627,-194984395.57981437,-16089886614.2219,-1874714499.7898877,16120487646.27357,16199908167.29401,-0.9848681332439064,-0.008234814842016415,0.17310964139868304,-0.00836104522332832,0.9999650458504904,0.0,0.17310359049839605,0.0014473775403285372,0.9849025596752297,4542.302725852599,-537.4327796243003,-0.11776973757406703,4.5582748222071614e-10,188.7106433651224,0.0,-89.01064336512239,6.5,0.0,3.040853226865776e-17,2.296609018858815,1.5707963267948966,17.17495162599903,461.0,0.002202161120882627,0.044353297359832206,0.0,0.004830724342007796,-1550.1009769635007,-17.142197850712147,272.4673922736224,-0.012299073190821765,0.016503283172963387,-0.12028897292671561,-0.012343540538252923,0.0164700505105696,-0.12028897292671561,-1.607171259077715e-18,3.246601272624339e-22,1.6437146666505359e-19,-1.6071662888840022e-18,-4.010147686774593e-21,1.6437146666505359e-19,-1550.113320504039,-17.125727800201577,272.34710330069566,-1678290.0400757547,76.14771229762052,134706.3094387923,-0.052073954756920976,4572.8445690112085
38.108029099501536,2001.0,12.0,14.0,14.0,22.0,6.0,1.0,3488090.014732835,38557.50602321331,-612853.9177712647,460.6254058387501,-285.09925481371425,4531.529125591918,3541729.5995992166,4563.79376896977,3488181.440379492,29135.393281855246,-612853.9177712647,3541729.599599216,461.91880534387616,-533.592981178246,4531.529125591918,4586.15815998324,12759415.009460835,0.7241879891824997,1.6336280953184878,1.4901161193847656e-08,6.217553032942235e-07,6.1089239093546155,-0.17391340027159635,0.008352408340908198,145529.59959921567,-0.07315825214234895,-0.07280086291247158,266.28812405467033,-16088677579.041441,-1012212430.7835616,-194986665.7680346,-16089884541.976053,-1874727319.7206998,16120487593.351004,16199907620.022234,-0.9848807884075104,-0.008226317809567457,0.17303803142978944,-0.008352311226785787,0.9999651188402378,0.0,0.1730319956625702,0.0014452674925719423,0.9849151433899792,4542.327206640991,-537.4324584599586,-0.11776903898016079,4.5673487775462294e-10,188.6851422845938,0.0,-89.0,6.5,0.0,3.040809815454361e-17,2.29660192923731,1.5707963267948966,17.176165251055995,461.0,0.0022065647845909706,0.04447826206704637,0.0,0.0048403673373556035,-1550.1374201323047,-17.13528970327838,272.35759025693847,-0.012318366195341858,0.01653598858026938,-0.1205292785839009,-0.012362987999123097,0.016502654082991577,-0.1205292785839009,-1.6103635641608945e-18,3.334857302613054e-22,1.6462856859617385e-19,-1.6103585900331598e-18,-4.0164033818041285e-21,1.6462856859617385e-19,-1550.1497831203037,-17.11878704919539,272.2370609783546,-1678290.1084510535,76.33619673400077,134661.47024878356,-0.05197174905974412,4572.879705261537
38.16792673619514,2001.0,12.0,14.0,14.0,22.0,6.0,1.0,3488117.599074005,38540.42918501912,-612582.4888267821,460.42399268898646,-285.1014785776429,4531.564489743455,3541709.623228418,4563.808697878854,3488209.1020878204,29103.432155831957,-612582.4888267821,3541709.623228418,461.7139057107172,-533.5985731435677,4531.564489743455,4586.173120662951,12759414.45904678,0.7241879773014637,1.6336280950679363,1.4901161193847656e-08,6.231821675994045e-07,6.109000884425712,-0.1738365801194926,0.008343180129795794,145509.6232284177,-0.0731259663650001,-0.07276873607357333,266.9990169405937,-16088677523.369942,-1012212423.2340103,-194989062.2836805,-16089882353.307276,-1874740859.0307224,16120487537.315317,16199907041.899914,-0.9848941537189517,-0.008217340000138958,0.17296236958816158,-0.00834308333720858,0.9999651958745506,0.0,0.1729563497841524,0.001443039463675103,0.9849284332917028,4542.353061220839,-537.432119305181,-0.11776830119825438,4.5776223396708826e-10,188.65660461202532,0.0,-89.0,6.5,0.0,3.040761351475048e-17,2.2965940144688486,1.5707963267948966,17.177520337689693,461.0,0.0022115491718941254,0.04461057942656057,0.0,0.004851286484712876,-1550.175909014808,-17.127990427148525,272.2415714182643,-0.012340582590486104,0.01657332985978243,-0.12080131022704135,-0.01238537540213217,0.016539882631446453,-0.12080131022704135,-1.613978009524247e-18,3.4289310281727713e-22,1.6492463342340624e-19,-1.613973030552877e-18,-4.023611747148584e-21,1.6492463342340624e-19,-1550.18829439021,-17.11145054451708,272.1207701080373,-1678290.1808489263,76.52468117038102,134616.71880670046,-0.051869545717747045,4572.914772342441
38.27546472605802,2001.0,12.0,14.0,14.0,22.0,6.0,1.0,3488167.0927007734,38509.769730530716,-612095.1700782615,460.0623704564994,-285.10546864863505,4531.627943309246,3541673.7803189047,4563.835484495973,3488258.7340926705,29046.049498433847,-612095.1700782615,3541673.7803189047,461.34602386600557,-533.6086038363094,4531.627943309246,4586.199964284843,12759413.467743976,0.7241879559035257,1.633628094616685,1.4901161193847656e-08,6.263807283933177e-07,6.109139084776398,-0.17369865789087915,0.008326612339075265,145473.78031890467,-0.07306800066629775,-0.07271105572800934,268.27854883670807,-16088677423.105778,-1012212409.6371628,-194993359.57056314,-16089878425.850073,-1874765152.3641195,16120487436.39525,16199906004.215923,-0.984918134887786,-0.008201221032790444,0.17282652441895602,-0.00832651612197122,0.9999653339637682,0.0,0.17282053320839869,0.00143904284187869,0.9849522792791862,4542.3994518040745,-537.4315108466428,-0.11776697744320722,4.596055835991889e-10,188.6054004555781,0.0,-89.0,6.5,0.0,3.0406743869068636e-17,2.296579812077066,1.5707963267948966,17.179952483692254,461.0,0.0022204927227294454,0.044848885613751215,0.0,0.004870878687021147,-1550.2449708056647,-17.11488448376366,272.0332581125185,-0.012380376513588844,0.016640331582746224,-0.12128941747383888,-0.01242547703359946,0.01660668173626074,-0.12128941747383888,-1.620463190615092e-18,3.5987912146756785e-22,1.6545493705966344e-19,-1.6204582031429963e-18,-4.036523008538494e-21,1.6545493705966344e-19,-1550.2573962826982,-17.0982778020274,271.91196869504466,-1678290.3112384435,76.71316560676127,134572.05511254302,-0.05176734472623812,4572.949770253897
38.35808612544696,2001.0,12.0,14.0,14.0,22.0,6.0,1.0,3488205.092219637,38486.213791185,-611720.7586235228,459.78452527815523,-285.10853213146737,4531.676661573661,3541646.2613550103,4563.856050515925,3488296.839470098,29001.961690784377,-611720.7586235228,3541646.261355011,461.0633693343265,-533.6163026357084,4531.676661573661,4586.220574070977,12759412.703427335,0.7241879394052015,1.6336280942687758,1.4901161193847656e-08,6.286806794920365e-07,6.109245265949325,-0.173592690387356,0.00831388348261866,145446.26135501126,-0.07302346475586542,-0.07266673905509427,269.264347165823,-16088677345.800636,-1012212399.153984,-194996656.52821392,-16089875410.130516,-1874783804.1483188,16120487358.58441,16199905207.187994,-0.9849365470326499,-0.008188836363259051,0.17272215051468254,-0.008313787706099411,0.9999654398697877,0.0,0.1727161812146702,0.0014359752915200199,0.9849705877444176,4542.435069441525,-537.4310437585104,-0.11776596112792549,4.609869322494364e-10,188.6,0.0,-88.9660876500161,6.5,0.0,3.0406628333552946e-17,2.2965779252389056,1.5707963267948966,17.180275656676912,461.0,0.0022271963174852424,0.04503262362139539,0.0,0.004885552023630939,-1550.297996293324,-17.104814237692697,271.87319590248626,-0.012409985247639525,0.01668968647757848,-0.1216555848250702,-0.012455317104797498,0.01665588317638652,-0.1216555848250702,-1.6253491402404174e-18,3.7300402739114625e-22,1.6585168861693938e-19,-1.6253441467268234e-18,-4.0461726512011334e-21,1.6585168861693938e-19,-1550.3104516104288,-17.08815835451631,271.7515403176612,-1678290.4117716905,76.90165004314152,134527.47916631127,-0.05166514608052581,4572.984698995903
38.45387947992032,2001.0,12.0,14.0,14.0,22.0,6.0,1.0,3488249.1210916997,38458.90211847057,-611286.6514107061,459.4623726026285,-285.11208174108435,4531.733110775535,3541614.375979136,4563.879879914861,3488340.9905798426,28950.84436795282,-611286.6514107061,3541614.375979136,460.7356404683384,-533.6252203583631,4531.733110775535,4586.244454180303,12759411.814396597,0.7241879202147954,1.6336280938641408,1.4901161193847656e-08,6.313240577076438e-07,6.109368377162568,-0.17346982689491242,0.008299125508449983,145414.3759791362,-0.07297182772552553,-0.07261535621519745,270.41010546684265,-16088677255.882395,-1012212386.9610071,-195000474.05400273,-16089871915.53366,-1874805415.605247,16120487268.077997,16199904283.345098,-0.9849578808577752,-0.008174476748318735,0.17260113228496426,-0.008299030241063416,0.9999655624555567,0.0,0.17259518832580023,0.0014324220164747055,0.9849918015567176,4542.476339077876,-537.4305026295034,-0.11776478357507017,4.62581201043189e-10,188.6,0.0,-88.92053711305175,6.5,0.0,3.0406596353355564e-17,2.296577402962647,1.5707963267948966,17.18036511309409,461.0,0.002234933684262643,0.04524634457152863,0.0,0.0049024856929688046,-1550.3594376819606,-17.093137500339147,271.687599206501,-0.012444065867400246,0.016746481654636027,-0.12207827844907058,-0.012489665498621726,0.016712500676254134,-0.12207827844907058,-1.630993300327651e-18,3.88309187885085e-22,1.6630879079546533e-19,-1.630988300053599e-18,-4.057288008037929e-21,1.6630879079546533e-19,-1550.3719273474592,-17.076424999662894,271.5655209280519,-1678290.5287090354,77.09013447952177,134482.99096800512,-0.05156294977591883,4573.01955856847
38.52750679173081,2001.0,12.0,14.0,14.0,22.0,6.0,1.0,3488282.940955388,38437.90998195069,-610952.9904876321,459.2147555618691,-285.11480833376874,4531.776471676436,3541589.8838897105,4563.898184107208,3488374.904033039,28911.554725337588,-610952.9904876321,3541589.8838897105,460.48373746056836,-533.632068394183,4531.776471676436,4586.262797324684,12759411.128978118,0.7241879054194865,1.6336280935522112,1.4901161193847656e-08,6.334308179269027e-07,6.10946300263531,-0.17337539181252942,0.00828778258216562,145389.88388971053,-0.07293213851164321,-0.0725758623741672,271.2927968800068,-16088677186.55848,-1012212377.5611212,-195003404.54165617,-16089869230.955929,-1874822016.1492293,16120487198.300653,16199903573.456326,-0.9849742681673167,-0.008163439492769323,0.1725081137335488,-0.00828768770486794,0.9999656565265163,0.0,0.17250218920571905,0.0014296933731794926,0.9850080967667693,4542.508039912112,-537.4300870246356,-0.1177638790771347,4.638347086867286e-10,188.5855484138722,0.0,-88.9,6.5,0.0,3.040633647362749e-17,2.296573158804605,1.5707963267948966,17.18109209594935,461.0,0.0022410165008158547,0.04541111718109132,0.0,0.00491580363553119,-1550.4066343506713,-17.08416193735369,271.544936509358,-0.012470963125398634,0.016791518493699042,-0.12241044627247524,-0.012516772868525934,0.01675739871092833,-0.12241044627247524,-1.635419401661028e-18,4.0015509816578685e-22,1.6666857188800958e-19,-1.6354143960357143e-18,-4.066041386527643e-21,1.6666857188800958e-19,-1550.41915112354,-17.067404538642762,271.42252606308557,-1678290.6188645586,77.27861891590202,134438.59051762466,-0.05146075580772606,4573.054348971623
38.59326642451221,2001.0,12.0,14.0,14.0,22.0,6.0,1.0,3488313.1314772936,38419.1608568189,-610654.9812582083,458.9935920471581,-285.1172423495475,4531.815179801815,3541568.020142113,4563.914524101818,3488405.1778768636,28876.463075504707,-610654.9812582083,3541568.0201421133,460.2587459138957,-533.6381801226851,4531.815179801815,4586.2791720911455,12759410.515191881,0.7241878921703969,1.6336280932728804,1.4901161193847656e-08,6.353558780350745e-07,6.109547517706111,-0.1732910467801971,0.008277651839821633,145368.02014211332,-0.07289668989895291,-0.07254058825762333,272.0828246176243,-16088677124.48,-1012212369.1436293,-195006019.17692375,-16089866834.261599,-1874836835.3343217,16120487135.816133,16199902939.55223,-0.9849888970188081,-0.008153581382956463,0.1724250325802593,-0.008277557310023718,0.9999657404356308,0.0,0.17241912537375675,0.001427258088865803,0.985022643465467,4542.536339112303,-537.4297160578452,-0.1177630716552668,4.6499036391686767e-10,188.5543144887333,0.0,-88.9,6.5,0.0,3.040580593797726e-17,2.2965644944999157,1.5707963267948966,17.18257640490807,461.0,0.0022466234543489115,0.045558670840159646,0.0,0.004928086467998613,-1550.4487674389807,-17.07614493062104,271.4175096492268,-0.0124959091696676,0.016833517110263707,-0.12271645675198273,-0.012541911819379014,0.01679927058514877,-0.12271645675198273,-1.639485381431996e-18,4.108063265903308e-22,1.6700103856582876e-19,-1.6394803707598797e-18,-4.074135994571434e-21,1.6700103856582876e-19,-1550.4613093508,-17.05934566003589,271.29479319247486,-1678290.6995980423,77.46710335228227,134394.27781516983,-0.05135856417125652,4573.089070205406
38.72394391175916,2001.0,12.0,14.0,14.0,22.0,6.0,1.0,3488373.082889452,38381.90213617367,-610062.7700149671,458.55407825394866,-285.1220758115155,4531.892046473267,3541524.6037826114,4563.946971831077,3488465.294119107,28806.72778613793,-610062.7700149671,3541524.603782612,459.8116249035615,-533.6503126324117,4531.892046473267,4586.311688869039,12759409.290932221,0.7241878657436686,1.6336280927157256,1.4901161193847656e-08,6.391886052348489e-07,6.109715469068296,-0.17312343329870478,0.00825752031618234,145324.60378261236,-0.0728262450035657,-0.07247049012214686,273.65745013952255,-16088677000.659405,-1012212352.3541429,-195011207.40496325,-16089862074.390158,-1874866263.125478,16120487011.185652,16199901680.211468,-0.985017946901503,-0.008133990585684538,0.17225992708433382,-0.008257426474405657,0.9999659068728393,0.0,0.17225405420473505,0.0014224236823853662,0.9850515303885884,4542.592535651668,-537.4289795091619,-0.11776146833204347,4.672775197513644e-10,188.49229111801765,0.0,-88.9,6.507708881982342,0.0,3.0404752312624895e-17,2.2965472874920976,1.5707963267948966,17.185524979698382,461.0,0.0022577206699431443,0.04585298154521849,0.0,0.004952412541455941,-1550.5324376091232,-17.060211985692053,271.164262367936,-0.01254519658080298,0.01691666755073659,-0.12332251385154393,-0.012591582886137624,0.016882169253228725,-0.12332251385154393,-1.647537602599749e-18,4.320841570694055e-22,1.6765789049522314e-19,-1.6475325821905592e-18,-4.090146373444856e-21,1.6765789049522314e-19,-1550.5450291920095,-17.043329816438824,271.04093985408446,-1678290.8606292922,77.65558778866252,134350.05286064066,-0.051256374861819456,4573.123722269876
38.80568920959585,2001.0,12.0,14.0,14.0,22.0,6.0,1.0,3488410.556291257,38358.59462367295,-609692.3071859364,458.2791283531451,-285.12509707527,4531.9400938302115,3541497.46582819,4563.967253884726,3488502.870124933,28763.104072500482,-609692.3071859364,3541497.4658281896,459.53191620348383,-533.657893523993,4531.9400938302115,4586.332014082266,12759408.52206477,0.7241878491469443,1.6336280923658157,1.4901161193847656e-08,6.41615693021159e-07,6.109820533122322,-0.17301858059259836,0.00824492723087355,145297.46582818916,-0.07278217722690164,-0.07242663926202104,274.6455680131912,-16088676922.897688,-1012212341.8099297,-195014447.78145415,-16089859098.776627,-1874884657.5536718,16120486932.915302,16199900892.673964,-0.9850361051463116,-0.008121735042883658,0.17215664081898702,-0.008244833817780104,0.999966010780025,0.0,0.17215078934905206,0.0014194028941798068,0.9850695868931911,4542.6276626009585,-537.4285191915225,-0.11776046617473529,4.686731859788434e-10,188.4535226116988,0.0,-88.9,6.546477388301202,0.0,3.04040936602972e-17,2.2965365308832832,1.5707963267948966,17.187368754081522,461.0,0.0022644933238167293,0.04603781592162301,0.0,0.0049673308593534875,-1550.5847391417012,-17.050244080681022,271.0058268197933,-0.012575277408960176,0.01696753668708305,-0.1236942024263617,-0.012621901343079955,0.016932882496059842,-0.1236942024263617,-1.6524750051439067e-18,4.453613118310039e-22,1.6805871154576204e-19,-1.6524699788499208e-18,-4.09999656031724e-21,1.6805871154576204e-19,-1550.5973610430442,-17.03331119818496,270.88213261736695,-1678290.9617611896,77.84407222504277,134305.91565403715,-0.051154187874724304,4573.15830516511
38.911784978988564,2001.0,12.0,14.0,14.0,22.0,6.0,1.0,3488459.158837121,38328.34384922298,-609211.4842085454,457.9222619296515,-285.12901567055786,4532.002411647182,3541462.2682316406,4563.993559671607,3488551.60525864,28706.484706172905,-609211.4842085454,3541462.2682316406,459.16887329883,-533.6677227584054,4532.002411647182,4586.358375846412,12759407.520721152,0.724187827531959,1.6336280919101074,1.4901161193847656e-08,6.445505843723578e-07,6.10995689628215,-0.17288249172225192,0.008228583105560752,145262.26823164057,-0.07272498132488925,-0.07236972489316676,275.93153885006905,-16088676821.62483,-1012212328.0776242,-195018647.53755412,-16089855238.992552,-1874908515.1424613,16120486830.980026,16199899870.825657,-0.9850596564454092,-0.008105828195229346,0.17202258221792185,-0.00822849024689088,0.9999661454010614,0.0,0.17201675846239248,0.0014154861400251545,0.9850930063740572,4542.673222490751,-537.4279222473002,-0.11775916641241516,4.704833480870556e-10,188.40324033091514,0.0,-88.9,6.5967596690848795,0.0,3.0403239315725023e-17,2.2965225783775853,1.5707963267948966,17.189760943798586,461.0,0.0022732776339609868,0.04627853505212165,0.0,0.004986680861463217,-1550.6525763610398,-17.037305707561085,270.80017696168807,-0.012614218536724372,0.017033516293971297,-0.12417630775338223,-0.012661151645061776,0.016998659525091265,-0.12417630775338223,-1.6588788974119077e-18,4.626993465530604e-22,1.6857758708969766e-19,-1.6588738637003088e-18,-4.112748623681586e-21,1.6857758708969766e-19,-1550.6652375126848,-17.020307048035995,270.6760006539347,-1678291.0934715346,78.032556661423,134261.8661953593,-0.05105200320528062,4573.192818891195
38.99192441630107,2001.0,12.0,14.0,14.0,22.0,6.0,1.0,3488495.845667944,38305.4936518245,-608848.2902005186,457.65269253127076,-285.1319735972297,4532.049451956537,3541435.6999056903,4564.013416317717,3488588.391805252,28663.716577928517,-608848.2902005186,3541435.699905691,458.8946384056691,-533.675139878365,4532.049451956537,4586.378274745904,12759406.761748573,0.7241878111487572,1.6336280915647212,1.4901161193847656e-08,6.467859272423709e-07,6.110059899981943,-0.1727796951958436,0.008216237732726232,145235.69990569074,-0.072681777564787,-0.07232673378989808,276.90550312399864,-16088676744.86539,-1012212317.6695347,-195021815.42942667,-16089852325.158407,-1874926523.8290994,16120486753.718525,16199899099.181349,-0.9850774339622075,-0.008093812511883765,0.17192131716996367,-0.008216145291377276,0.9999662469086399,0.0,0.17191551429403848,0.0014125305205533762,0.985110684493141,4542.707613118818,-537.4274717151872,-0.11775818532583769,4.718844335563457e-10,188.36528557955825,0.0,-88.86528557955823,6.6,0.0,3.0402594367553597e-17,2.2965120455746275,1.5707963267948966,17.191567275009024,461.0,0.0022800762555991237,0.04646098615952386,0.0,0.0050015708998314605,-1550.7037842390414,-17.0275318048015,270.6448249935177,-0.012644209113432545,0.017083482899469676,-0.12454740774890548,-0.012691376766944956,0.017048471129111058,-0.12454740774890548,-1.6638073777006827e-18,4.760191659774243e-22,1.6897710561612247e-19,-1.6638023385899132e-18,-4.1224735541024014e-21,1.6897710561612247e-19,-1550.7164756158083,-17.01048333367239,270.52027758576884,-1678291.1933019515,78.22104109780325,134217.90448460708,-0.05094982084879822,4573.227263448238
39.097399032586615,2001.0,12.0,14.0,14.0,22.0,7.0,1.0,3488544.0976987956,38275.41926112089,-608370.270760294,457.2978882366738,-285.13586403604285,4532.111322266634,3541400.756149136,4564.039532800161,3488636.774506033,28607.426882923377,-608370.270760294,3541400.756149136,458.53369355505,-533.6848921400231,4532.111322266634,4586.404446801564,12759405.759389648,0.7241877895117645,1.6336280911086274,1.4901161193847656e-08,6.49697463410855e-07,6.110195469484991,-0.1726443983465001,0.008199989721748123,145200.75614913646,-0.07262491432677443,-0.07227015043877459,278.1907506287098,-16088676643.491804,-1012212303.9246675,-195025979.05489227,-16089848492.315344,-1874950209.829703,16120486651.68193,16199898083.861795,-0.9851008159549619,-0.008077997620927445,0.1717880332249735,-0.008199897827735957,0.9999663802726643,0.0,0.17178225775813694,0.0014086443204724926,0.9851339358892757,4542.7528457377075,-537.4268792371919,-0.11775689498343325,4.737314606885016e-10,188.3153659273378,0.0,-88.8153659273378,6.6,0.0,3.040174602621507e-17,2.2964981911091744,1.5707963267948966,17.193943856940948,461.0,0.002289038937299182,0.04670194927422218,0.0,0.005021189976430294,-1550.7711376615187,-17.01466680934155,270.4403414389189,-0.012683658065556701,0.01714921328149247,-0.12503638462696132,-0.012731135185956758,0.01711399704846805,-0.12503638462696132,-1.6703009958937536e-18,4.936742316601778e-22,1.695026042731205e-19,-1.6702959499072795e-18,-4.13525346882357e-21,1.695026042731205e-19,-1550.7838687967046,-16.99755281229308,270.3153050542919,-1678291.325145878,78.4095255341835,134174.0305217805,-0.05084764080058703,4573.261638836361
39.149760868854266,2001.0,12.0,14.0,14.0,22.0,7.0,1.0,3488568.0380442655,38260.4889731667,-608132.9602857411,457.12174340733327,-285.1377943071918,4532.1420197533935,3541383.418731496,4564.052490632913,3488660.779480727,28579.482035337398,-608132.9602857411,3541383.418731496,458.35450025741574,-533.6897294606185,4532.1420197533935,4586.41743220701,12759405.260315707,0.7241877787387,1.633628090881564,1.4901161193847656e-08,6.51404052805745e-07,6.110262772621709,-0.17257723055985466,0.00819192364597211,145183.4187314962,-0.07259668466859115,-0.07224205972811376,278.8302208483219,-16088676593.01835,-1012212297.0815405,-195028043.61584237,-16089846590.452063,-1874961961.7868626,16120486600.878391,16199897579.930132,-0.9851124170933024,-0.008070146227085009,0.17172186357148841,-0.00819183202287255,0.9999664463811319,0.0,0.17171610168152682,0.00140671666103227,0.9851454722890093,4542.775288268955,-537.4265853118789,-0.1177562547870917,4.746043836683005e-10,188.29177341437025,0.0,-88.8,6.6,0.0,3.040134423626778e-17,2.2964916293813755,1.5707963267948966,17.195069687366857,461.0,0.0022932758147352927,0.04682192395975616,0.0,0.005030466046877753,-1550.8045563461612,-17.00827960944189,270.338819650517,-0.012702042279568044,0.017180514755017768,-0.1252675705981145,-0.012749669710553179,0.017145200132722867,-0.1252675705981145,-1.6733713634157667e-18,5.024350898724561e-22,1.6974757153405306e-19,-1.6733663145591585e-18,-4.141212341925981e-21,1.6974757153405306e-19,-1550.8173060158717,-16.991134409309165,270.2135520799189,-1678291.390790904,78.59800997056375,134130.2443068796,-0.05074546305595721,4573.295945055702
39.18025844824534,2001.0,12.0,14.0,14.0,22.0,7.0,1.0,3488581.977586473,38251.79294350855,-607994.7406521193,457.01914802602187,-285.138918236659,4532.159893843823,3541373.3238201784,4564.060035508084,3488674.756591959,28563.205747497428,-607994.7406521193,3541373.323820178,458.2501293138951,-533.6925456535238,4532.159893843823,4586.424993136679,12759404.969241424,0.7241877724555326,1.633628090749133,1.4901161193847656e-08,6.522556730580234e-07,6.110301972900871,-0.17253810911200076,0.00818722567563056,145173.32382017793,-0.07258024247125566,-0.07222569845937091,279.2030642926693,-16088676563.580917,-1012212293.0904214,-195029245.35416627,-16089845483.017439,-1874968804.5301602,16120486571.248442,16199897286.460842,-0.985119172024662,-0.008065573193137826,0.17168332312286647,-0.008187134210074524,0.9999664848550807,0.0,0.17167756913141177,0.0014055944080384986,0.9851521895430622,4542.788355776476,-537.4264141809907,-0.11775588202836057,4.750712733167709e-10,188.27915477522242,0.0,-88.8,6.6,0.0,3.040112850407386e-17,2.2964881062072804,1.5707963267948966,17.19567424011862,461.0,0.0022955428935659047,0.04689189757712126,0.0,0.005035431250353984,-1550.82401511008,-17.004559302015405,270.27968696790055,-0.01271163713823867,0.017197495908470306,-0.1253913101435678,-0.012759348755479422,0.017162127012469847,-0.1253913101435678,-1.6750150350425483e-18,5.075039910634747e-22,1.698754969541047e-19,-1.675009984968449e-18,-4.144325625038112e-21,1.698754969541047e-19,-1550.8367744588354,-16.987397175002936,270.15429565775696,-1678291.4290769715,78.786494406944,134086.54583990437,-0.05064328761021914,4573.330182106412
39.22801523167542,2001.0,12.0,14.0,14.0,22.0,7.0,1.0,3488603.7995146876,38238.17558392673,-607778.2986054069,456.85848923259505,-285.1406777240901,4532.1878753719275,3541357.520544344,4564.07184682112,3488696.637241489,28537.718202909513,-607778.2986054069,3541357.520544344,458.0866901088769,-533.6969537365657,4532.1878753719275,4586.436829582513,12759404.512865728,0.7241877626041388,1.6336280905414928,1.4901161193847656e-08,6.534460767889348e-07,6.110363357867344,-0.1724768475864741,0.008179869068219969,145157.5205443441,-0.07255449508904509,-0.07220007780509242,279.7874754667282,-16088676517.426128,-1012212286.8327372,-195031126.0828912,-16089843749.284845,-1874979516.6816137,16120486524.791805,16199896826.97138,-0.9851297467151069,-0.008058412074283584,0.17162297087473533,-0.008179777849000222,0.9999665450575539,0.0,0.17161722923812228,0.0014038377755407703,0.985162705276712,4542.808812686723,-537.4261462963692,-0.11775529849032497,4.758021748240858e-10,188.2594006804301,0.0,-88.8,6.6,0.0,3.040079077057044e-17,2.296482590600599,1.5707963267948966,17.19662076931643,461.0,0.0022990919802121585,0.04700160952759371,0.0,0.005043204190289308,-1550.8544777280897,-16.99873337085036,270.18708630348914,-0.012726644762555766,0.017224079684218498,-0.125585022629628,-0.012774488335523464,0.017188625763747706,-0.125585022629628,-1.6775881421974632e-18,5.154592864957743e-22,1.7007558869849324e-19,-1.677583090257913e-18,-4.1491951656750856e-21,1.7007558869849324e-19,-1550.8672522164252,-16.981544745086612,270.0615012808595,-1678291.4891057462,78.97497884332425,134042.9351208548,-0.05054111445868331,4573.36434998866
39.32565979107215,2001.0,12.0,14.0,14.0,22.0,7.0,1.0,3488648.393222768,38210.33297251396,-607335.7523250752,456.52999294020816,-285.14427332326045,4532.245057091677,3541325.226117186,4564.09598371846,3488741.35059915,28485.605159244107,-607335.7523250752,3541325.226117186,457.75250884135113,-533.7059595667288,4532.245057091677,4586.461017839303,12759403.577557152,0.7241877424143947,1.633628090115946,1.4901161193847656e-08,6.564972034666265e-07,6.1104888686056995,-0.1723515892282031,0.00816482774210215,145125.22611718532,-0.07250185063678163,-0.07214769246425322,280.98453426361084,-16088676422.836014,-1012212274.0080512,-195034967.29258615,-16089840206.060192,-1875001407.429153,16120486429.583075,16199895887.71728,-0.9851513565796695,-0.008043769871562056,0.1714995696656125,-0.008164737025164365,0.9999666679791431,0.0,0.17149385323837946,0.0014002488862485819,0.985184194759797,4542.850617420206,-537.4255989258519,-0.11775410603102435,4.772957920801794e-10,188.21903264648162,0.0,-88.8,6.6,0.0,3.0400100559885497e-17,2.296471318604699,1.5707963267948966,17.198555484375913,461.0,0.002306344802510866,0.04722645746269063,0.0,0.005059088653856497,-1550.9167308828125,-16.986820688149237,269.9977393463029,-0.012757264508473198,0.01727840548823768,-0.12598088699639176,-0.012805378362154365,0.017242777588230406,-0.12598088699639176,-1.6828463167147203e-18,5.317924319314046e-22,1.70483829942626e-19,-1.6828412611174313e-18,-4.159130219752497e-21,1.70483829942626e-19,-1550.9295362611747,-16.969577910561007,269.87175845930653,-1678291.6121303365,79.1634632797045,133999.41214973084,-0.050438943596660436,4573.398448702634
39.38571142496225,2001.0,12.0,14.0,14.0,22.0,7.0,1.0,3488675.802528547,38193.2095266528,-607063.582548965,456.32796039762076,-285.1464833663761,4532.280204024217,3541305.3765044515,4564.110819448479,3488768.833214027,28453.555078186608,-607063.582548965,3541305.3765044515,457.5469799690008,-533.7114934825927,4532.280204024217,4586.475885137081,12759403.00086996,0.7241877299658971,1.6336280898535651,1.4901161193847656e-08,6.581861622738294e-07,6.110566059138136,-0.1722745539036511,0.008155577393532643,145105.3765044515,-0.07246947364538815,-0.07211547482747746,281.72216644883156,-16088676364.514673,-1012212266.1007217,-195037326.86612338,-16089838028.037039,-1875014862.5855865,16120486370.880312,16199895310.225147,-0.9851646391076609,-0.00803476460035551,0.1714236751726237,-0.008155486984578478,0.9999667434630236,0.0,0.17141797421483168,0.0013980435517189412,0.9851974033615348,4542.876312814004,-537.4252625265453,-0.11775337310281538,4.782443847647071e-10,188.19339500635925,0.0,-88.79339500635926,6.6,0.0,3.0399662840437174e-17,2.296464170103618,1.5707963267948966,17.199782680532774,461.0,0.002310950421433063,0.04736509205661839,0.0,0.005069173945353375,-1550.9549957880358,-16.979493788906357,269.8812814400503,-0.012776863191299913,0.01731271447639862,-0.12623223460565938,-0.012825146146191662,0.017276977220547638,-0.12623223460565938,-1.6861845503047116e-18,5.41918957597126e-22,1.7074506737554641e-19,-1.6861794922502425e-18,-4.165486426984932e-21,1.7074506737554641e-19,-1550.967820934182,-16.96221681168581,269.75504920544466,-1678291.6879841425,79.35194771608475,133955.97692653254,-0.050336775019461474,4573.432478248528
39.42555392304639,2001.0,12.0,14.0,14.0,22.0,7.0,1.0,3488693.9811040903,38181.84854923412,-606883.0047192202,456.1939149782349,-285.1479491359,4532.303514592589,3541292.211717013,4564.120658938358,3488787.060312143,28432.29060592133,-606883.0047192202,3541292.2117170133,457.41061481355223,-533.7151631017405,4532.303514592589,4586.485745563499,12759402.61758563,0.7241877216922269,1.6336280896791846,1.4901161193847656e-08,6.593658593248721e-07,6.1106172732684705,-0.17222344274617887,0.00814944010153329,145092.21171701327,-0.07244799223872238,-0.07209409914813651,282.21221739053726,-16088676325.752693,-1012212260.8453708,-195038891.20625788,-16089836583.426386,-1875023786.4483492,16120486331.864836,16199894927.13444,-0.9851734484855142,-0.008028789748512675,0.17137332036911182,-0.008149349896530649,0.9999667934967961,0.0,0.17136762966039992,0.0013965811506181352,0.9852061637371469,4542.89335480967,-537.4250394339698,-0.11775288701013126,4.789402378150133e-10,188.1745881671618,0.0,-88.77458816716181,6.6,0.0,3.0399343129088425e-17,2.296458948821058,1.5707963267948966,17.200679142375908,461.0,0.0023143274099686013,0.04745723397052479,0.0,0.005076565736432542,-1550.9803746323798,-16.97463236609432,269.8040112189928,-0.012791618086394526,0.017337471560454277,-0.12641646793142616,-0.012840018961525031,0.017301656754351996,-0.12641646793142616,-1.6886308166037641e-18,5.487378467637829e-22,1.7094160733431027e-19,-1.6886257562823318e-18,-4.1702658239511365e-21,1.7094160733431027e-19,-1550.9932146513413,-16.957330709339967,269.67759475106135,-1678291.7383989561,79.540432152465,133912.6294512599,-0.05023460872239749,4573.466438626563
39.541795809576236,2001.0,12.0,14.0,14.0,22.0,7.0,1.0,3488746.9872149634,38148.70216520529,-606356.157256685,455.80282022308785,-285.15222315660736,4532.371485737779,3541253.8250909755,4564.149349662362,3488840.207461138,28370.2499265919,-606356.157256685,3541253.8250909755,457.01275203867425,-533.7258603551192,4532.371485737779,4586.514497335275,12759401.496173266,0.7241876974850997,1.6336280891690245,1.4901161193847656e-08,6.627248513083903e-07,6.110766694458059,-0.17207432196934946,0.00813153453268658,145053.8250909755,-0.07238531846790154,-0.07203173384141097,283.64503839612007,-16088676212.343916,-1012212245.4700141,-195043449.90290868,-16089832370.735811,-1875049807.363705,16120486217.714418,16199893809.70822,-0.9851991356116668,-0.008011357368844651,0.17122640375576792,-0.008131444920959845,0.9999669392552423,0.0,0.17122074288333758,0.0013923180711540588,0.9852317081056957,4542.943047413788,-537.4243890020581,-0.11775146965503086,4.809692451912951e-10,188.11975012996498,0.0,-88.71975012996499,6.6,0.0,3.039841082399741e-17,2.2964437231234665,1.5707963267948966,17.203293853714353,461.0,0.002324174464173476,0.04772682828125375,0.0,0.005098119403865092,-1551.054378188649,-16.960447900749585,269.57855525241524,-0.012834570869561896,0.017409652385575826,-0.12695367511714217,-0.012883316441823377,0.01737361111145971,-0.12695367511714217,-1.6957636536315896e-18,5.687305811363359e-22,1.7151374445985109e-19,-1.6957585869108456e-18,-4.184178600800265e-21,1.7151374445985109e-19,-1551.0672615050908,-16.943074289638126,269.4516015772981,-1678291.8859025147,79.72891658884525,133869.36972391294,-0.05013244470077979,4573.500329836968
39.79825089070921,2001.0,12.0,14.0,14.0,22.0,7.0,1.0,3488863.7695170944,38075.57222094832,-605193.7883525565,454.939913487471,-285.1616398668401,4532.521243415666,3541169.2522258097,4564.212561630957,3488957.298141715,28233.370196344804,-605193.7883525565,3541169.2522258097,456.13491299844094,-533.7494134799648,4532.521243415666,4586.577843802565,12759399.005199155,0.7241876437140015,1.6336280880359617,2.1073424255447017e-08,6.702210350051356e-07,6.1110963617609695,-0.17174531737278442,0.008092031954388788,144969.25222580973,-0.07224704105952189,-0.07189413697734072,286.8228152692318,-16088675960.435753,-1012212211.319684,-195053479.3867435,-16089823087.194838,-1875107137.3979456,16120485964.159023,16199891345.739624,-0.9852557304197542,-0.007972894878887435,0.1709022487338499,-0.008091943642312614,0.9999672596880808,0.0,0.17089665334091866,0.0013829313650988056,0.9852879890558462,4543.052532576305,-537.4229563669553,-0.11774834707000556,4.854405934560434e-10,188.0,0.0,-88.69893175115675,6.6,0.0,3.039637381838475e-17,2.2964104562972425,1.5707963267948966,17.209009640312598,461.0,0.00234587580701188,0.04832565721449663,0.0,0.005145649260240989,-1551.2174348893286,-16.92914810505714,269.0810584757079,-0.012928924482230634,0.017571557592675823,-0.12813796751284176,-0.012978442229892969,0.017535015306103297,-0.12813796751284176,-1.7114920948762517e-18,6.1332491453141e-22,1.727710338345252e-19,-1.711487015031438e-18,-4.2147799621980436e-21,1.727710338345252e-19,-1551.2304133315586,-16.91161308975104,268.95292050819506,-1678292.2135497387,79.9174010252255,133826.1977444916,-0.05003028294991987,4573.534151879991
39.90536080510698,2001.0,12.0,14.0,14.0,22.0,7.0,1.0,3488912.478789924,38045.028371728564,-604708.3070443337,454.57948875408636,-285.1655676273883,4532.583708421149,3541133.977336678,4564.23892740082,3489006.13507683,28176.199816457978,-604708.3070443337,3541133.977336678,455.768251472106,-533.7592312779179,4532.583708421149,4586.604265670753,12759397.95795816,0.7241876211077727,1.6336280875596514,2.1073424255447017e-08,6.731961368368108e-07,6.111234053814535,-0.17160790207199098,0.008075533898886681,144933.9773366782,-0.07218928654870928,-0.07183666670168998,288.1568228304386,-16088675854.532019,-1012212196.9632622,-195057656.8620583,-16089819214.182932,-1875131049.9060242,16120485857.562819,16199890317.18772,-0.9852793363387359,-0.007956829647448012,0.17076685347532114,-0.008075446125861483,0.9999673930533277,0.0,0.17076128528963647,0.0013790185253228376,0.9853114643371091,4543.098199522559,-537.4223589797689,-0.11774704470179899,4.873555160088981e-10,188.0,0.0,-88.64853905239742,6.6,0.0,3.0396338500504254e-17,2.2964098795124825,1.5707963267948966,17.20910877613888,461.0,0.0023551702637194263,0.04857742235462377,0.0,0.005165991161828369,-1551.2854503025187,-16.91607322574018,268.87323889543364,-0.012969506955505488,0.017639793811319335,-0.12864572255825613,-0.013019350681616162,0.017603037925422584,-0.12864572255825613,-1.7182703425358567e-18,6.322560799898308e-22,1.733153002094406e-19,-1.718265257074589e-18,-4.2280156619653255e-21,1.733153002094406e-19,-1551.2984696532003,-16.89847018781476,268.7445931728754,-1678292.3512973357,80.10588546160574,133783.11351299591,-0.049928123465129405,4573.567904755896
40.08160881269464,2001.0,12.0,14.0,14.0,22.0,8.0,1.0,3488992.5452528875,37994.76793946175,-603909.4391451816,453.9863800204453,-285.1720240605953,4532.686388437024,3541075.9938060697,4564.282266958646,3489086.4101524553,28082.124393441518,-603909.4391451816,3541075.9938060697,455.1648798785538,-533.7753615879624,4532.686388437024,4586.647697440419,12759396.225761032,0.7241875837156457,1.6336280867719042,1.4901161193847656e-08,6.782893345797813e-07,6.111460630288763,-0.1713817809521278,0.008048387094935746,144875.99380606972,-0.07209424945376541,-0.07174209731465657,290.3606913983822,-16088675679.36371,-1012212173.2186471,-195064516.24955517,-16089812846.704676,-1875170356.967048,16120485681.24923,16199888625.39278,-0.9853181395303143,-0.00793039303380154,0.1705440493797703,-0.008048300204112674,0.999967611907418,0.0,0.1705385257833097,0.0013725897074334072,0.9853500531390611,4543.173266744549,-537.4213772177648,-0.11774490397605748,4.905031933847873e-10,187.96570543724243,0.0,-88.6,6.6,0.0,3.039572124144244e-17,2.296399798907001,1.5707963267948966,17.21084158801808,461.0,0.0023704481078598108,0.04899386257485073,0.0,0.005199439694483618,-1551.3972582965473,-16.89455567656482,268.5312267072591,-0.013035987003768046,0.017752864874234407,-0.12948000653604183,-0.01308637161649901,0.017715757006691087,-0.12948000653604183,-1.7293840646512815e-18,6.636623100704369e-22,1.7420457954913533e-19,-1.7293789706098665e-18,-4.249650551220225e-21,1.7420457954913533e-19,-1551.4103446681638,-16.87683991955813,268.4017467007231,-1678292.5791398697,80.29436989798599,133740.1170294259,-0.04982596624172029,4573.6015884649605
40.25229724607839,2001.0,12.0,14.0,14.0,22.0,8.0,1.0,3489069.9864517427,37946.091840457135,-603135.753530339,453.4119395933601,-285.17826894811157,4532.785704558623,3541019.9114705552,4564.324186064907,3489164.051659333,27991.01378218733,-603135.753530339,3541019.9114705552,454.5804999733383,-533.7909537292676,4532.785704558623,4586.689705734434,12759394.537478052,0.7241875472713332,1.633628086004146,2.1073424255447017e-08,6.835070217359029e-07,6.111680066667596,-0.17116278552042613,0.008022097247425237,144819.91147055477,-0.07200220692056156,-0.07165050773898139,292.505795776844,-16088675508.639303,-1012212150.0764886,-195071141.97717804,-16089806686.612888,-1875208375.8929782,16120485509.408602,16199886987.754707,-0.9853556712168595,-0.00790478858690261,0.17032825813166974,-0.008022011205301893,0.9999678231504362,0.0,0.17032277750493138,0.001366375195311808,0.9853873778782796,4543.245874535553,-537.4204278825488,-0.11774283351000182,4.935620752119481e-10,187.88558781507825,0.0,-88.6,6.6,0.0,3.039435853236462e-17,2.296377544178883,1.5707963267948966,17.214668359907662,461.0,0.002385294475894911,0.04939973167054375,0.0,0.005231959795543828,-1551.5054083456837,-16.873713323223864,268.1999464621266,-0.013100393459297185,0.017864014316561524,-0.1302902528901008,-0.01315130927699277,0.017826563903108064,-0.1302902528901008,-1.7401450318536676e-18,6.943940381886237e-22,1.7506289804965756e-19,-1.7401399301525146e-18,-4.2705452677410614e-21,1.7506289804965756e-19,-1551.5185596549607,-16.855886759320757,268.0696562092365,-1678292.8012062665,80.48285433436624,133697.20829378153,-0.04972381127500461,4573.635203007479
40.351093269909384,2001.0,12.0,14.0,14.0,22.0,8.0,1.0,3489114.765323315,37917.9171830039,-602687.9294886712,453.07942992711406,-285.18188000093795,4532.843133450907,3540987.4829476606,4564.348425238479,3489208.9456958277,27938.27691316551,-602687.9294886712,3540987.4829476606,454.24223708925257,-533.7999654045473,4532.843133450907,4586.7139964788275,12759393.555445978,0.7241875260725219,1.6336280855575522,2.1073424255447017e-08,6.865862627928555e-07,6.111807081608942,-0.17103602578208218,0.008006880729457166,144787.4829476606,-0.07194893038376407,-0.07159749337949123,293.7522873580456,-16088675409.33464,-1012212136.6152333,-195074969.24449864,-16089803124.030436,-1875230359.907125,16120485409.454655,16199886040.228886,-0.9853773735430632,-0.007889967713161349,0.17020334931739708,-0.0080067951760253,0.9999679451017464,0.0,0.17019789346635228,0.001362783356257884,0.9854089607270375,4543.287859440156,-537.4198790536416,-0.11774163633383192,4.953688072017662e-10,187.83926135380088,0.0,-88.6,6.6,0.0,3.0393570466451663e-17,2.296364674085832,1.5707963267948966,17.216882219239206,461.0,0.0023940630772932513,0.04963582377226912,0.0,0.005251167197736715,-1551.5679476383516,-16.861647982193194,268.00817305202463,-0.013138537065300186,0.017929661809151485,-0.13076880726486995,-0.013189765327651624,0.017892009932042045,-0.13076880726486995,-1.746501160008496e-18,7.123841427535203e-22,1.7557125060883687e-19,-1.7464960538148125e-18,-4.282920904855607e-21,1.7557125060883687e-19,-1551.5811374036793,-16.843755972261153,267.87740424475976,-1678292.9303767793,80.67133877074649,133654.38730606282,-0.049621658560294636,4573.6687483837595
40.45202983036346,2001.0,12.0,14.0,14.0,22.0,8.0,1.0,3489160.4804571075,37889.13171887662,-602230.3969347248,452.7397021882347,-285.1855666066921,4532.901764058345,3540954.376390388,4564.373171415932,3489254.777902725,27884.396516472567,-602230.3969347248,3540954.376390388,453.89663136327556,-533.8091623335948,4532.901764058345,4586.738795305166,12759392.548419813,0.7241875043341225,1.6336280850995903,2.1073424255447017e-08,6.89490753487319e-07,6.111936850876548,-0.17090651723140773,0.007991334743274592,144754.37639038824,-0.07189449842717303,-0.07154332928162571,295.0295322537422,-16088675307.503616,-1012212122.8114132,-195078873.5603329,-16089799486.477512,-1875252803.807172,16120485306.957823,16199885072.436417,-0.9853995299029058,-0.007874825132567122,0.17007572900406362,-0.007991249687200826,0.9999680694544385,0.0,0.17007029839324975,0.001359117616204176,0.9854309952521975,4543.330722835881,-537.419318829219,-0.1177404141495908,4.97167121456558e-10,187.79297048798531,0.0,-88.59297048798531,6.6,0.0,3.039278222519567e-17,2.2963518011292123,1.5707963267948966,17.21909716196149,461.0,0.0024027920647111184,0.049877923682153394,0.0,0.005270284743499756,-1551.6317972782572,-16.849320022841486,267.8122254351013,-0.013176169426731934,0.01799480684379651,-0.13124517312324324,-0.01322771233701174,0.017956952426198564,-0.13124517312324324,-1.7528274827474422e-18,7.308129104902424e-22,1.7607278176985442e-19,-1.752822372701497e-18,-4.295127395096568e-21,1.7607278176985442e-19,-1551.6450249905943,-16.831363070415286,267.68098026197805,-1678293.0628348757,80.85982320712674,133611.65406626975,-0.04951950809290287,4573.70222459413
40.47940092801655,2001.0,12.0,14.0,14.0,22.0,8.0,1.0,3489172.871178904,37881.325863208076,-602106.3262203945,452.6475753672376,-285.186565840793,4532.917655584305,3540945.403122535,4564.379878705301,3489267.200269129,27869.785539653192,-602106.3262203945,3540945.403122535,453.8029105802489,-533.8116545357026,4532.917655584305,4586.745516864562,12759392.274744121,0.7241874984263518,1.633628084975134,2.1073424255447017e-08,6.901345358437085e-07,6.111972040993264,-0.17087139781097888,0.007987119155738747,144745.40312253544,-0.07187973784839936,-0.07152864133862223,295.3764677643776,-16088675279.829573,-1012212119.0600486,-195079931.27608016,-16089798500.46875,-1875258887.0879645,16120485279.102837,16199884810.049593,-0.9854055352539933,-0.007870718795911565,0.17004112113376138,-0.007987034234199997,0.9999681031333658,0.0,0.17003569735479826,0.0013581242557171008,0.9854369676055255,4543.3423407306855,-537.4191669989341,-0.11774008289035898,4.975933516795665e-10,187.78175390316932,0.0,-88.5817539031693,6.6,0.0,3.039259026558433e-17,2.296348666190853,1.5707963267948966,17.219636654262068,461.0,0.0024048623399010125,0.049943719253976275,0.0,0.005274814930788782,-1551.6491036898522,-16.84597682383397,267.7590867230957,-0.013184730412429088,0.018009977630671664,-0.131358121518372,-0.013236351655336882,0.017972072923343782,-0.131358121518372,-1.7543267936255977e-18,7.35742766427016e-22,1.761868719840288e-19,-1.7543216832166364e-18,-4.297900189225188e-21,1.761868719840288e-19,-1551.6623400415076,-16.828004750910626,267.62772860157736,-1678293.098832516,81.04830764350699,133569.00857440234,-0.049417359868142,4573.735631638929
40.52729279847061,2001.0,12.0,14.0,14.0,22.0,8.0,1.0,3489194.5454578954,37867.66770328432,-601889.2356495683,452.4863763713707,-285.1883137451706,4532.945453765031,3540929.7067721123,4564.391611365919,3489288.9298124993,27844.220196661157,-601889.2356495683,3540929.7067721123,453.6389225693402,-533.8160134151576,4532.945453765031,4586.757274486779,12759391.795326415,0.7241874880772688,1.6336280847571243,2.1073424255447017e-08,6.917413704654808e-07,6.112033614417759,-0.17080994808301053,0.007979743079061274,144729.7067721123,-0.07185391070754121,-0.07150294129052177,295.9840175509453,-16088675231.351118,-1012212112.4886785,-195081780.93786126,-16089796775.632372,-1875269528.215947,16120485230.307425,16199884351.002604,-0.9854160400696889,-0.007863533733360599,0.16998056597916666,-0.007979658392579051,0.9999681620191404,0.0,0.16997515414116052,0.0013563868498909944,0.985447414725617,4543.362663272284,-537.4189014268209,-0.11773950344441513,4.983389283246666e-10,187.76213346514035,0.0,-88.56213346514035,6.6,0.0,3.039225447242759e-17,2.296343182272438,1.5707963267948966,17.22058046741884,461.0,0.002408483779492636,0.050058978362252614,0.0,0.005282739340276636,-1551.679377152425,-16.840126932027005,267.666105205638,-0.013199692915836189,0.01803651382178458,-0.1315556965232174,-0.013251451336144904,0.01799852108928913,-0.1315556965232174,-1.7569494252275987e-18,7.443860218075315e-22,1.763862730667466e-19,-1.756944314226406e-18,-4.302746290833544e-21,1.763862730667466e-19,-1551.6926286037612,-16.822128410937715,267.5345495091148,-1678293.1618922185,81.23679207988724,133526.45083046058,-0.04931521388132489,4573.7689695185145
40.60591401910839,2001.0,12.0,14.0,14.0,22.0,8.0,1.0,3489230.1100861295,37845.245737185935,-601532.8481516019,452.2217387954405,-285.1911818515271,4532.9910673862205,3540903.951134788,4564.410863216447,3489324.5848753345,27802.250648946396,-601532.8481516019,3540903.951134788,453.3697063757173,-533.8231641961801,4532.9910673862205,4586.776567295914,12759391.006729651,0.7241874710539825,1.6336280843985427,2.1073424255447017e-08,6.941446482451171e-07,6.112134697007177,-0.17070906855185436,0.007967634321471715,144703.95113478787,-0.07181151128334587,-0.07146075050740455,296.9828297495842,-16088675151.609156,-1012212101.6798083,-195084814.5233217,-16089793945.192863,-1875286989.0189705,16120485150.04412,16199883597.569656,-0.9854332772164229,-0.00785173815291893,0.1698811536412398,-0.007967550019923183,0.9999682585695808,0.0,0.16987576137042196,0.0013535365890788335,0.9854645572710982,4543.396010203627,-537.418465698424,-0.11773855266163641,4.995623210975762e-10,187.72993891848483,0.0,-88.52993891848483,6.6,0.0,3.0391703450531083e-17,2.296334183401957,1.5707963267948966,17.22212945608437,461.0,0.0024144262009800016,0.05024856983504867,0.0,0.00529574238504577,-1551.7290532530985,-16.830522919121776,267.5134535451674,-0.013224209454614869,0.018080053244427456,-0.13187989587352494,-0.01327619339322922,0.018041915918394973,-0.13187989587352494,-1.761252776293269e-18,7.58623034322896e-22,1.767129963722972e-19,-1.76124766443865e-18,-4.310686610858244e-21,1.767129963722972e-19,-1551.7423294464918,-16.81248100320338,267.3815736492939,-1678293.2656194698,81.42527651626749,133483.98083444446,-0.049213070127764665,4573.802238233258
40.69290240014353,2001.0,12.0,14.0,14.0,22.0,8.0,1.0,3489269.435387519,37820.437280043465,-601138.528403515,451.9289276380884,-285.1943532749728,4533.041504974127,3540875.472045965,4564.432150946505,3489364.0098162256,27755.813892278566,-601138.528403515,3540875.472045965,453.071829242746,-533.831068847928,4533.041504974127,4586.7979003155115,12759390.131943809,0.7241874521701143,1.633628084000808,1.4901161193847656e-08,6.963802245586014e-07,6.112246538886194,-0.17059745133144838,0.007954237059434767,144675.47204596503,-0.07176459875822429,-0.07141406882844553,298.08999848365784,-16088675063.152601,-1012212089.6902466,-195088166.76528275,-16089790815.151972,-1875306296.3319836,16120485061.009285,16199882764.181442,-0.9854523372435983,-0.007838686819517233,0.16977115776855298,-0.007954153182419862,0.9999683652231958,0.0,0.16976578709586918,0.0013503857948478403,0.9854835127945698,4543.432883775626,-537.4179839536498,-0.11773750135781126,5.009522717248063e-10,187.6935314942357,0.0,-88.5,6.6,0.0,3.0391080926226526e-17,2.2963240168085357,1.5707963267948966,17.223879794312865,461.0,0.002421176901977301,0.05045888278558145,0.0,0.005310516654955993,-1551.7839841523273,-16.819895950021706,267.3445424342453,-0.013252254021786404,0.018129704590602175,-0.13224821238627862,-0.013304492303477158,0.018091404305558275,-0.13224821238627862,-1.766142023651301e-18,7.744998034961194e-22,1.7708673535954478e-19,-1.766136910639988e-18,-4.3197722274572785e-21,1.7708673535954478e-19,-1551.7972886446307,-16.80180454571615,267.212294221859,-1678293.3806835245,81.61376095264774,133441.59858635403,-0.0491109286027746,4573.8354377835485
40.733687629984686,2001.0,12.0,14.0,14.0,22.0,8.0,1.0,3489287.8646130003,37808.805532485654,-600953.6467818096,451.79163710791744,-285.1958395293916,4533.065142057981,3540862.125738829,4564.442127181225,3489382.4856067738,27734.04139390803,-600953.6467818096,3540862.1257388294,452.93216345699653,-533.834772426072,4533.065142057981,4586.807897774462,12759389.720896734,0.7241874432968919,1.6336280838139232,2.1073424255447017e-08,6.978135987501343e-07,6.112298977503466,-0.17054511804338102,0.007947955696855434,144662.12573882984,-0.07174260314011784,-0.07139218144476604,298.60997197031975,-16088675021.588646,-1012212084.0566393,-195089736.9772678,-16089789348.185955,-1875315344.4813623,16120485019.17361,16199882373.514917,-0.9854612695146062,-0.007832567439524662,0.16971958394353345,-0.007947872018393157,0.9999684151663888,0.0,0.16971422337871403,0.0013489095321981381,0.985492396127963,4543.450164202065,-537.4177582117792,-0.11773700868567297,5.016958516937664e-10,187.67446534118548,0.0,-88.5,6.6,0.0,3.039075646673644e-17,2.296318717982943,1.5707963267948966,17.224792216376777,461.0,0.00242478615767564,0.05055770596051397,0.0,0.005318422283016804,-1551.809727417265,-16.814913095124158,267.2653420947609,-0.013267821921480783,0.018156721030348662,-0.13244518553355722,-0.013320190444086548,0.018118337220818494,-0.13244518553355722,-1.7687577880057707e-18,7.821077319040559e-22,1.7729420492560814e-19,-1.768752673562005e-18,-4.3248226358448425e-21,1.7729420492560814e-19,-1551.8230476077092,-16.79679475790334,267.1328969092273,-1678293.4347501844,81.80224538902799,133399.30408618922,-0.04900878930166822,4573.868568169785
40.836088405656064,2001.0,12.0,14.0,14.0,22.0,8.0,1.0,3489334.1107779564,37779.601066312156,-600489.4543576655,451.44692735972546,-285.1995691623058,4533.12445747839,3540828.6346122557,4564.467161614994,3489428.848257169,27679.375823313145,-600489.4543576655,3540828.6346122557,452.58148999312004,-533.8440638465718,4533.12445747839,4586.832985468008,12759388.686191238,0.7241874209607952,1.6336280833434853,2.1073424255447017e-08,7.009883812868187e-07,6.112430638544949,-0.17041372144398872,0.007932185036525843,144628.63461225526,-0.07168737723009187,-0.07133722728308035,299.91816198825836,-16088674916.962849,-1012212069.8754734,-195093675.09890974,-16089785666.64357,-1875338050.009264,16120484913.863827,16199881392.849918,-0.9854836842843384,-0.007817202886562236,0.16959009212921797,-0.007932101855189529,0.9999685403852258,0.0,0.16958475689025004,0.001345205884399933,0.9855146881967835,4543.493528046501,-537.4171917943725,-0.11773577239452811,5.035617858886357e-10,187.62662087465037,0.0,-88.5,6.6,0.0,3.0389942212497335e-17,2.29630542020207,1.5707963267948966,17.227082446195187,461.0,0.0024338433996443747,0.0508064694390346,0.0,0.005338260910333088,-1551.874329361107,-16.80240160643195,267.06647735202205,-0.013306828535052861,0.01822451719530503,-0.1329394772685713,-0.013359524643874814,0.01818592351113815,-0.1329394772685713,-1.7753216885085835e-18,8.012917642759189e-22,1.7781403195474434e-19,-1.775316570658422e-18,-4.337476579699316e-21,1.7781403195474434e-19,-1551.8876888857508,-16.784215682920813,266.9335378747535,-1678293.570849141,81.99072982540824,133357.09733395008,-0.04890665221975924,4573.90162939239
41.078816182296954,2001.0,12.0,14.0,14.0,22.0,9.0,1.0,3489443.5903166626,37710.37413704205,-599389.1220887342,450.62978022778486,-285.20839861225073,4533.264880093957,3540749.350349146,4564.526426975792,3489538.601470069,27549.794371496082,-599389.1220887342,3540749.350349146,451.7502061560095,-533.8660464093422,4533.264880093957,4586.892376910975,12759386.218165701,0.7241873676835396,1.6336280822214675,2.1073424255447017e-08,7.08079598576842e-07,6.112742733894299,-0.170102252855472,0.007894803623516179,144549.35034914687,-0.07155646673327556,-0.07120696093475767,303.03412544727325,-16088674667.409264,-1012212036.0516808,-195102985.59216565,-16089776949.247702,-1875391802.24649,16120484662.678867,16199879069.408606,-0.9855367483512983,-0.00778078074596821,0.1692831270390912,-0.007894721612651383,0.9999688361997382,0.0,0.16927785153353248,0.001336443161692723,0.9855674623788404,4543.596186866255,-537.4158512305648,-0.11773284579154272,5.07979051976103e-10,187.51335764163838,0.0,-88.41335764163838,6.686642358361617,0.0,3.038801428051628e-17,2.2962739346834304,1.5707963267948966,17.23250760479007,461.0,0.002455285953519713,0.05139983405522162,0.0,0.005385399758318742,-1552.0272742228483,-16.772739741159093,266.59501472834626,-0.013399458746122209,0.018382751892314517,-0.1341143477973987,-0.013452928092598347,0.018343657965596775,-0.1341143477973987,-1.7909180458238595e-18,8.470188591860121e-22,1.790479796129978e-19,-1.7909129201146685e-18,-4.367707047257896e-21,1.790479796129978e-19,-1552.040727150941,-16.754396083193495,266.4609003805489,-1678293.8954784982,82.17921426178849,133314.9783296366,-0.04880451735236161,4573.934621451794
41.24463096272069,2001.0,12.0,14.0,14.0,22.0,9.0,1.0,3489518.265110251,37663.08186977202,-598637.4318275154,450.07151570097113,-285.21442125259284,4533.360663999604,3540695.271420435,4564.566851874858,3489613.461246154,27461.270247772347,-598637.4318275154,3540695.2714204346,451.1822840180105,-533.8810297716096,4533.360663999604,4586.9328878086535,12759384.519542368,0.724187331015203,1.6336280814495006,2.1073424255447017e-08,7.132350172862156e-07,6.112955943787616,-0.1698894710715613,0.007869267957768964,144495.27142043458,-0.07146703402254521,-0.07111796826502567,305.174597799778,-16088674495.656902,-1012212012.7768701,-195109326.23919183,-16089771001.567436,-1875428466.8273933,16120484489.803984,16199877483.063026,-0.9855729436569705,-0.007755897681857157,0.16907341240562554,-0.007869186740121374,0.9999690374706854,0.0,0.1690681774651376,0.0013304702550094212,0.9856034604330066,4543.666211462541,-537.4149371113471,-0.11773084966491953,5.110559188323088e-10,187.43610202919228,0.0,-88.33610202919228,6.7,0.0,3.038669899249502e-17,2.2962524543999367,1.5707963267948966,17.23621083052383,461.0,0.0024702214679373237,0.051808191982098004,0.0,0.005418121042763755,-1552.1316053491128,-16.75247277236342,266.272879948704,-0.013463681815918335,0.01849224834272886,-0.13492993543468387,-0.013517686600567099,0.018452808072981657,-0.13492993543468387,-1.8017445560754803e-18,8.788824393461832e-22,1.7990350214498062e-19,-1.8017394257942195e-18,-4.388544256025897e-21,1.7990350214498062e-19,-1552.1451230357134,-16.734019964290436,266.1379500132693,-1678294.118905358,82.36769869816872,133272.94707324874,-0.048702384694789415,4573.967544348448
41.35844292243867,2001.0,12.0,14.0,14.0,22.0,9.0,1.0,3489569.4668250917,37630.620822514946,-598121.4774282438,449.6883123334708,-285.2185508309849,4533.426340932505,3540658.1915206653,4564.5945700191305,3489664.7890024865,27400.507617053074,-598121.4774282438,3540658.1915206653,450.7924516737336,-533.8912982660157,4533.426340932505,4586.960664918642,12759383.347732266,0.7241873057191511,1.633628080917014,2.1073424255447017e-08,7.166513595826211e-07,6.113102290559606,-0.16974341811948768,0.007851741124858244,144458.19152066484,-0.07140564743872127,-0.0710568837181781,306.64946112036705,-16088674377.173777,-1012211996.7216429,-195113669.11888236,-16089766922.697138,-1875453606.7195356,16120484370.546541,16199876394.638117,-0.9855977618397902,-0.00773881751214311,0.1689294603078753,-0.007851660448677963,0.9999691752390164,0.0,0.16892425309763823,0.0013263767621158585,0.9856281435917351,4543.7142257127,-537.4143104577247,-0.11772948103165795,5.131579009915296e-10,187.4,0.0,-88.3,6.7,0.0,3.038607247394803e-17,2.2962422225755867,1.5707963267948966,17.237975389321637,461.0,0.0024804257416014166,0.05208991562908067,0.0,0.005440459798648073,-1552.2031455723377,-16.738560033221237,266.05174292265457,-0.013507347838877184,0.018567546851624598,-0.13548693736747514,-0.013561722042646029,0.018527869196583384,-0.13548693736747514,-1.8091515256238845e-18,9.009500177434655e-22,1.804865314445646e-19,-1.8091463927449235e-18,-4.402725995866818e-21,1.804865314445646e-19,-1552.2167072943803,-16.720032164024655,265.9162559852871,-1678294.2730383556,82.55618313454897,133231.00356478657,-0.04860025424235706,4574.000398082816
41.45414652329595,2001.0,12.0,14.0,14.0,22.0,9.0,1.0,3489612.4881958994,37603.32421410538,-597687.609562107,449.36606589775903,-285.22202068869046,4533.481525796549,3540627.0357648223,4564.617859909499,3489707.915776662,27349.411884554916,-597687.609562107,3540627.0357648223,450.4646308661554,-533.899923016574,4533.481525796549,4586.984004353742,12759382.358671864,0.7241872843680965,1.6336280804675785,2.1073424255447017e-08,7.197430536588182e-07,6.1132253547958815,-0.16962060093876954,0.007837003159372953,144427.03576482227,-0.07135402682854163,-0.07100551708957353,307.8932875394821,-16088674277.1698,-1012211983.170494,-195117315.21313876,-16089763495.014147,-1875474730.3124712,16120484269.889017,16199875479.651888,-0.985618615156634,-0.007724454343338391,0.1688084069642762,-0.007836922936634747,0.9999692908479166,0.0,0.1688032230012338,0.0013229384764351089,0.9856488835981012,4543.754569501529,-537.4137840004184,-0.11772833108351283,5.148937216741875e-10,187.4,0.0,-88.3,6.7,0.0,3.038604133521189e-17,2.2962417140414337,1.5707963267948966,17.23806309982043,461.0,0.0024888540399551078,0.05232770398926479,0.0,0.005458918071711113,-1552.2632587151695,-16.726859724555602,265.86577152932097,-0.013543224240598646,0.01863070328544873,-0.1359475531679426,-0.013597909553189892,0.01859082794081092,-0.1359475531679426,-1.8153007440282308e-18,9.19571597818491e-22,1.8096800371019798e-19,-1.8152956094116824e-18,-4.414445836166738e-21,1.8096800371019798e-19,-1552.2768566247228,-16.70826889661479,265.729823976153,-1678294.4031335544,82.74466757092922,133189.14780425004,-0.04849812599037906,4574.033182655378
41.584381980164004,2001.0,12.0,14.0,14.0,22.0,9.0,1.0,3489670.9830341903,37566.177886690115,-597097.1846379797,448.92752617595437,-285.22673862046196,4533.556560336493,3540584.674238766,4564.649526738343,3489766.55319309,27279.87842068559,-597097.1846379797,3540584.674238766,450.0185052524081,-533.911645158402,4533.556560336493,4587.015738546731,12759381.007325834,0.7241872551962332,1.6336280798535245,1.4901161193847656e-08,7.235890950071364e-07,6.11339282664036,-0.16945346527068628,0.007816947741328883,144384.67423876608,-0.07128377880571646,-0.07093561469165212,309.59122091531754,-16088674140.536707,-1012211964.6558611,-195122268.3902328,-16089758833.792608,-1875503451.7444334,16120484132.362995,16199874234.90486,-0.985646969153025,-0.007704907785195344,0.16864366752261248,-0.007816868132900822,0.9999694478195785,0.0,0.1686385150908554,0.0013182653104730306,0.9856770837371246,4543.809424638286,-537.4130683064133,-0.11772676756752444,5.172757577847958e-10,187.3781060553801,0.0,-88.2781060553801,6.7,0.0,3.038564150317237e-17,2.296235184288695,1.5707963267948966,17.239189414928337,461.0,0.0025004194911337927,0.052652588875307806,0.0,0.005484240855513498,-1552.3449966468568,-16.710935950427345,265.61266995972574,-0.013592412763154907,0.01871665273092577,-0.13657920875823848,-0.013647522824932477,0.018676506496585348,-0.13657920875823848,-1.823715514961955e-18,9.451141346762454e-22,1.8162635177432154e-19,-1.8237103782504366e-18,-4.430464459286251e-21,1.8162635177432154e-19,-1552.3586441696816,-16.69225944393076,265.4760907509675,-1678294.580881713,82.93315200730947,133147.37979163916,-0.04839599993417023,4574.0658980666285
41.70378373891819,2001.0,12.0,14.0,14.0,22.0,9.0,1.0,3489724.561766044,37532.12105441923,-596555.86590742,448.52544629376166,-285.23106011454274,4533.625290102605,3540545.872920248,4564.678532458229,3489820.261774544,27216.127790368282,-596555.86590742,3540545.872920248,449.60947034197653,-533.9223773991812,4533.625290102605,4587.044805968949,12759379.762843147,0.7241872283311822,1.6336280792880986,2.1073424255447017e-08,7.272621596999584e-07,6.113546370765584,-0.16930022933363767,0.007798560959371748,144345.8729202482,-0.0712193727590367,-0.07087152552041572,311.15318500995636,-16088674014.710052,-1012211947.6065717,-195126800.9276389,-16089754563.5936,-1875529759.6630843,16120484005.714098,16199873094.086359,-0.9856729405672506,-0.007686986348215389,0.16849262439166754,-0.007798481911379664,0.9999695913775968,0.0,0.16848750076307467,0.0013139866835193072,0.9857029144349775,4543.859670493652,-537.4124128768611,-0.11772533548843989,5.194929759858187e-10,187.32267560035453,0.0,-88.22267560035453,6.7,0.0,3.038469755300175e-17,2.2962197684125214,1.5707963267948966,17.24184910047091,461.0,0.0025111835691868827,0.05295178756214496,0.0,0.005507799553852515,-1552.4198690220767,-16.696335031649536,265.380594607064,-0.013638196310581567,0.018795491022596877,-0.13716643400683168,-0.013693697290632412,0.018755093598780227,-0.13716643400683168,-1.8315095671552152e-18,9.687599121356346e-22,1.8223624110952477e-19,-1.8315044287261545e-18,-4.4452933911953454e-21,1.8223624110952477e-19,-1552.4335627193673,-16.677579938050755,265.24342817305717,-1678294.7445737254,83.12163644368972,133105.69952695392,-0.04829387606904557,4574.0985443170775
41.80761431375529,2001.0,12.0,14.0,14.0,22.0,9.0,1.0,3489771.114268376,37502.50515452628,-596085.133886771,448.1757858833699,-285.23481495165055,4533.685007831424,3540512.159944606,4564.703734630331,3489866.926517726,27160.689839000323,-596085.133886771,3540512.1599446065,449.25376177486964,-533.9316985472567,4533.685007831424,4587.070061751602,12759378.67631256,0.7241872048758361,1.633628078794493,1.4901161193847656e-08,7.304609405265103e-07,6.1136798939243295,-0.1691669741544039,0.007782572243740762,144312.159944606,-0.07116336463182307,-0.07081579294607668,312.5155735015869,-16088673904.854795,-1012211932.7221806,-195130735.68949753,-16089750852.816853,-1875552617.8620749,16120483895.141018,16199872102.337742,-0.985695506429874,-0.0076714013713273825,0.16836127287756505,-0.007782493680947377,0.9999697159374907,0.0,0.16835617421425308,0.001310270542285907,0.9857253581982387,4543.903327910194,-537.411843488477,-0.11772409123605186,5.214449175302199e-10,187.27451420658002,0.0,-88.2,6.7,0.0,3.0383877300393846e-17,2.2962063726708517,1.5707963267948966,17.244160945436942,461.0,0.0025206595839913555,0.05321301343428002,0.0,0.005528547683604822,-1552.4849258425368,-16.68363684245241,265.17876232466136,-0.013678564751404837,0.01886568989412109,-0.13768349675628522,-0.013734411615347447,0.018825071750719215,-0.13768349675628522,-1.838373771122972e-18,9.89494328214505e-22,1.8277413598292546e-19,-1.8383686312325168e-18,-4.4583799978932604e-21,1.8277413598292546e-19,-1552.4986602541521,-16.664811770701693,265.0410788279051,-1678294.8874896634,83.31012088006997,133064.10701019433,-0.048191754390320286,4574.13112140725
41.92178168906805,2001.0,12.0,14.0,14.0,22.0,9.0,1.0,3489822.259373755,37469.94040882808,-595567.5312230464,447.79129828968127,-285.23894027971744,4533.750618117926,3540475.1210398157,4564.7314233326515,3489918.194313154,27099.731673900442,-595567.5312230464,3540475.1210398157,448.86262375992186,-533.9419353064062,4533.750618117926,4587.097809353107,12759377.476852166,0.7241871789825698,1.6336280782495833,1.4901161193847656e-08,7.340996227713751e-07,6.113826712835603,-0.16902044988174655,0.007764992043513417,144275.1210398157,-0.07110177927757697,-0.07075451057848413,314.018296867609,-16088673783.583008,-1012211916.2908453,-195135054.9995158,-16089746775.339254,-1875577731.3949409,16120483773.076801,16199871012.163465,-0.9857202988304538,-0.007654264116376962,0.16821683837962736,-0.007764914011918178,0.9999698526007609,0.0,0.168211767079442,0.001306189285374544,0.985750016629755,4543.951293088569,-537.4112180223718,-0.11772272426078768,5.23614339096507e-10,187.22160148545103,0.0,-88.2,6.7,0.0,3.038297602925226e-17,2.2961916537961162,1.5707963267948966,17.246701878906546,461.0,0.00253119122821709,0.053501392298533575,0.0,0.005551615461307213,-1552.5564041076725,-16.66967301472201,264.956813257551,-0.013723480467772123,0.018944484221249343,-0.13825826403909752,-0.013779713612139166,0.018903621116757363,-0.13825826403909752,-1.8460053482912073e-18,1.0124767029848715e-21,1.833727579743944e-19,-1.846000206860685e-18,-4.4729519474763696e-21,1.833727579743944e-19,-1552.5701838212847,-16.650769393605255,264.8185549935119,-1678295.0452597607,83.49860531645022,133022.60224136044,-0.048089634893309786,4574.16362933769
41.99121844186141,2001.0,12.0,14.0,14.0,22.0,9.0,1.0,3489853.344428304,37450.13425601076,-595252.7209179326,447.557443753748,-285.2414476090246,4533.790495430844,3540452.6094743046,4564.7482521331385,3489949.353616634,27062.65626379168,-595252.7209179326,3540452.6094743046,448.62472435542145,-533.9481549900104,4533.790495430844,4587.114673951292,12759376.744886208,0.7241871631812746,1.6336280779170576,1.4901161193847656e-08,7.360630652444808e-07,6.113916009792806,-0.16893133211453543,0.007754299876945392,144252.60947430506,-0.07106432228199897,-0.07071723786043912,314.9346688389778,-16088673709.578083,-1012211906.2637802,-195137678.33702293,-16089744296.805735,-1875592995.07885,16120483698.588305,16199870349.274042,-0.9857353673588164,-0.007643840844351821,0.1681289898712462,-0.0077542221672475195,0.9999699355673555,0.0,0.16812393516855462,0.0013037095402165509,0.9857650038243772,4543.980445836211,-537.4108379240412,-0.11772189345264258,5.248695262847458e-10,187.19076184288133,0.0,-88.19076184288136,6.7,0.0,3.038244976285848e-17,2.2961830592136754,1.5707963267948966,17.248185929053875,461.0,0.0025372861501445215,0.05367737219564103,0.0,0.005564961225338609,-1552.599848977239,-16.66117943978667,264.82181151708835,-0.013749062326513281,0.018989798947253517,-0.13859086160121736,-0.013805523274224832,0.01894879167757918,-0.13859086160121736,-1.8504206553113593e-18,1.0264090043138627e-21,1.8371370180261118e-19,-1.850415513753896e-18,-4.481247289429442e-21,1.8371370180261118e-19,-1552.6136545005131,-16.64223064810909,264.6832206554871,-1678295.1415383536,83.68708975283047,132981.18522045214,-0.04798751757332977,4574.196068108949
42.02439281251956,2001.0,12.0,14.0,14.0,22.0,10.0,1.0,3489868.1900115577,37440.67153063785,-595102.3149556455,447.44571419799195,-285.24264506653543,4533.809540175063,3540441.858413266,4564.756289255882,3489964.234574195,27044.942820521726,-595102.3149556455,3540441.858413266,448.5110622881103,-533.9511248408944,4533.809540175063,4587.122728170251,12759376.394612527,0.7241871556197419,1.633628077757936,2.1073424255447017e-08,7.371181372423122e-07,6.11395867305058,-0.16888875446471702,0.0077491915822792195,144241.85841326648,-0.07104642649682498,-0.07069943011658113,315.3729999959469,-16088673674.164087,-1012211901.4655379,-195138930.69281667,-16089743113.03312,-1875600284.739336,16120483662.942905,16199870032.620104,-0.9857425638217672,-0.007638860882930179,0.16808701816172594,-0.007749114026058178,0.9999699751651602,0.0,0.16808197137676692,0.001302525470035326,0.985772161468105,4543.994368696902,-537.4106564101776,-0.1177214966795738,5.254070793366747e-10,187.17732301658313,0.0,-88.17732301658313,6.7,0.0,3.038221948361892e-17,2.2961792984682967,1.5707963267948966,17.248835390589754,461.0,0.002539897808044758,0.053761586814553175,0.0,0.005570675699297985,-1552.6205978060195,-16.657121314935743,264.75730935818535,-0.013759641160745684,0.01900892263477519,-0.13873334490204756,-0.013816203584475262,0.018967851304765342,-0.13873334490204756,-1.8523114442285404e-18,1.0329662918213855e-21,1.8385469178200735e-19,-1.8523063032725016e-18,-4.484673493060408e-21,1.8385469178200735e-19,-1552.634414009604,-16.638153463630978,264.6185760132833,-1678295.1876113433,83.87557418921072,132939.85594746954,-0.04788540242569611,4574.228437721598
42.10150845097165,2001.0,12.0,14.0,14.0,22.0,10.0,1.0,3489902.685059018,37418.674754655396,-594752.6856318889,447.18598696538373,-285.2454274881687,4533.853792747952,3540416.877356236,4564.774964317091,3489998.8116034414,27003.766572565106,-594752.6856318889,3540416.8773562363,448.24684277791164,-533.9580242012593,4533.853792747952,4587.14144295598,12759375.578976842,0.724187138012187,1.6336280773874312,1.4901161193847656e-08,7.395240779923106e-07,6.11405784712345,-0.16878977938624748,0.007737317162051694,144216.87735623633,-0.07100482629960296,-0.07065803457664052,316.39319184422493,-16088673591.700699,-1012211890.2928646,-195141839.4148914,-16089740362.242287,-1875617223.0177803,16120483579.940702,16199869296.668406,-0.9857592855589243,-0.007627284443613274,0.16798945046155508,-0.007737239961812118,0.9999700671108978,0.0,0.16798442205196407,0.001299774689274001,0.9857887930655455,4544.026719984323,-537.4102346796329,-0.11772057475123329,5.266561321881837e-10,187.1460966952954,0.0,-88.1460966952954,6.7,0.0,3.038168438415572e-17,2.2961705596308857,1.5707963267948966,17.250344739096708,461.0,0.0025459663334995064,0.053957686998337695,0.0,0.005583953912880364,-1552.668810703386,-16.647687477974788,264.60736255374786,-0.013784190823120912,0.019053355630565753,-0.13906442194833785,-0.013840989417389543,0.019012135318809752,-0.13906442194833785,-1.8567048261095184e-18,1.0482514302711931e-21,1.8418187753377762e-19,-1.856699686663416e-18,-4.492624334520436e-21,1.8418187753377762e-19,-1552.6826516928033,-16.628675342655978,264.46829813179954,-1678295.2948953938,84.06405862559097,132898.6144224126,-0.04778328944572487,4574.260738176226
42.22201354380068,2001.0,12.0,14.0,14.0,22.0,10.0,1.0,3489956.548792779,37384.30096611343,-594206.3289955845,446.78010690834594,-285.24977227689635,4533.922893890119,3540377.8696402926,4564.804125507907,3490052.8027527584,26939.421262257507,-594206.3289955845,3540377.8696402926,447.83394270694197,-533.9687936997134,4533.922893890119,4587.170666176104,12759374.300536932,0.7241871104137739,1.633628076806759,2.1073424255447017e-08,7.432677694165833e-07,6.11421282471782,-0.16863511273484097,0.007718761798792982,144177.86964029353,-0.07093981826343687,-0.07059334635026507,317.9908591210842,-16088673462.447592,-1012211872.7817372,-195146377.8934077,-16089736066.381617,-1875643672.2723143,16120483449.843115,16199868146.993093,-0.9857853967173715,-0.0076091937793619155,0.1678369798012427,-0.007718685152638129,0.9999702105060503,0.0,0.16783198002254837,0.0012954808040554777,0.9858147636403085,4544.077237007279,-537.4095762439836,-0.11771913519442828,5.286247782113798e-10,187.09695662899074,0.0,-88.1,6.7,0.0,3.0380842545010723e-17,2.2961568113543116,1.5707963267948966,17.252719859021976,461.0,0.0025555308423908856,0.05426505940369229,0.0,0.005604882558153042,-1552.7440979021203,-16.63294424092724,264.3730251034604,-0.013822916149087204,0.01912347318188044,-0.13958623453144528,-0.013880086812312455,0.019082018433212614,-0.13958623453144528,-1.8636292203502575e-18,1.0722912704043333e-21,1.8469798591375595e-19,-1.863624083397788e-18,-4.505167214637338e-21,1.8469798591375595e-19,-1552.7579779889327,-16.613862222494028,264.23343886892894,-1678295.4630540814,84.25254306197122,132857.46064528127,-0.047681178628732425,4574.292969473431
42.268328283462374,2001.0,12.0,14.0,14.0,22.0,10.0,1.0,3489977.2376845656,37371.089658523735,-593996.3409224326,446.62410636245613,-285.2514411157762,4533.9494357808435,3540362.8868984454,4564.815326304025,3490073.540390195,26914.690540818996,-593996.3409224326,3540362.886898446,447.6752440555967,-533.9729289973882,4533.9494357808435,4587.181890797412,12759373.807837095,0.7241870997775609,1.6336280765829843,1.4901161193847656e-08,7.447599768400245e-07,6.11427238946994,-0.1685756674844467,0.0077116303410639155,144162.8868984459,-0.07091483275315454,-0.07056848375557259,318.6061572134495,-16088673412.634974,-1012211866.0333074,-195148119.98432022,-16089734416.176355,-1875653831.4349787,16120483399.705053,16199867705.237597,-0.9857954260298138,-0.007602240617881338,0.1677783774992643,-0.007711553907155363,0.999970265526099,0.0,0.1677733886974774,0.001293832002540639,0.9858247390097868,4544.0966406793705,-537.4093233707007,-0.11771858227380456,5.295023388053126e-10,187.07555271206553,0.0,-88.1,6.7,0.0,3.0380477843276496e-17,2.2961508553229972,1.5707963267948966,17.253749019558587,461.0,0.002559791512637948,0.05438351870916787,0.0,0.005614214444772864,-1552.773016502303,-16.627277390938886,264.2829529448124,-0.01384094280761374,0.01915534446974564,-0.13981875605479346,-0.013898271522926333,0.019113790001809277,-0.13981875605479346,-1.8667161159987414e-18,1.0818101796814831e-21,1.849382312920786e-19,-1.8667109789108536e-18,-4.5110150048933454e-21,1.849382312920786e-19,-1552.786914773826,-16.608163600937075,264.1431341887576,-1678295.5278610159,84.44102749835147,132816.39461607562,-0.047579069970035304,4574.32513161383
42.348652930950855,2001.0,12.0,14.0,14.0,22.0,10.0,1.0,3490013.1017421545,37348.17682086662,-593632.1511841165,446.3535443744094,-285.25433406141974,4533.995446439834,3540336.9144141097,4564.834742902921,3490109.488692112,26871.799065642175,-593632.1511841165,3540336.91441411,447.4000026271593,-533.9800958834356,4533.995446439834,4587.2013486970045,12759372.95141304,0.724187081289385,1.6336280761940105,2.1073424255447017e-08,7.472898911309317e-07,6.1143756950887544,-0.1684725691121585,0.007699262208263527,144136.91441411013,-0.07087149928970184,-0.0705253634677636,319.6751658022404,-16088673326.049927,-1012211854.3030041,-195151138.4075169,-16089731555.305834,-1875671442.388067,16120483312.554312,16199866939.219475,-0.9858128119056967,-0.007590181306258302,0.1676767396818098,-0.0076991861415253915,0.9999703608271387,0.0,0.16767176988193755,0.0012909744304143507,0.9858420314480807,4544.130277130137,-537.4088850550147,-0.11771762380087997,5.310235843164077e-10,187.03844916301443,0.0,-88.1,6.7,0.0,3.03798455957367e-17,2.296140529937094,1.5707963267948966,17.2555334757285,461.0,0.0025671775003725194,0.054589429127155274,0.0,0.005630391423723906,-1552.8231480496884,-16.617448649675367,264.12672930227075,-0.013872148959928535,0.019210594060889517,-0.1402218368157537,-0.013929752207160336,0.019168866538891695,-0.1402218368157537,-1.872067172192599e-18,1.0983781851083014e-21,1.85354120037938e-19,-1.8720620350156477e-18,-4.5211380097558696e-21,1.85354120037938e-19,-1552.8370778018955,-16.598279783136476,263.986507465455,-1678295.640510179,84.62951193473171,132775.41633479562,-0.0474769634649503,4574.357224598054
42.45506194028924,2001.0,12.0,14.0,14.0,22.0,10.0,1.0,3490060.5787102757,37317.82298598964,-593149.6899793034,445.9951075225865,-285.25816380074104,4534.056356423678,3540302.5319458875,4564.860446845557,3490157.076682998,26814.97826792801,-593149.6899793034,3540302.5319458875,447.03536663538824,-533.9895802563193,4534.056356423678,4587.227107313428,12759371.81307516,0.7241870567153043,1.6336280756769928,2.1073424255447017e-08,7.506991456633982e-07,6.114512550158133,-0.16833598857464796,0.007682877898499279,144102.53194588795,-0.07081409277339595,-0.07046823935405616,321.09504505991936,-16088673210.964334,-1012211838.7113903,-195155131.31815237,-16089727767.581194,-1875694756.0478995,16120483196.71681,16199865924.69267,-0.9858358276417333,-0.0075742053188854064,0.16754209128373143,-0.007682802316345859,0.9999704868387707,0.0,0.16753714658697869,0.0012871927670000812,0.9858649236321748,4544.174805793804,-537.4083048860173,-0.11771635499308299,5.330480832467231e-10,186.9893313512685,0.0,-88.0893313512685,6.7,0.0,3.037900854711707e-17,2.2961268598957365,1.5707963267948966,17.257896551619528,461.0,0.0025770069555803576,0.05486312014926653,0.0,0.005651916548731819,-1552.889514995246,-16.60442698069356,263.91975543642985,-0.013913647473452414,0.019283784648040442,-0.14075822163380808,-0.013971615367173498,0.01924182684672301,-0.14075822163380808,-1.879187321111171e-18,1.1204678429059584e-21,1.8590712840339516e-19,-1.8791821840148985e-18,-4.53459525887826e-21,1.8590712840339516e-19,-1552.903486610613,-16.585185153846837,263.77899721479605,-1678295.7902407069,84.81799637111196,132734.52580144128,-0.0473748591087944,4574.389248426747
42.55155203019545,2001.0,12.0,14.0,14.0,22.0,10.0,1.0,3490103.597136906,37290.29823268155,-592712.1958108373,445.67006912659417,-285.2616339375978,4534.111547269248,3540271.378320193,4564.883737116685,3490200.19521312,26763.453150793885,-592712.1958108373,3540271.378320193,446.7047068408486,-533.9981708234895,4534.111547269248,4587.250447123738,12759370.777049743,0.7241870343498625,1.6336280752064856,2.1073424255447017e-08,7.537984770501875e-07,6.114636650565157,-0.1682121370936369,0.007668021059286102,144071.37832019292,-0.07076203633780379,-0.07041643899787403,322.3861745595932,-16088673106.223577,-1012211824.5218719,-195158746.411947,-16089724335.067867,-1875715880.5453663,16120483091.291769,16199865004.971685,-0.9858566822267644,-0.007559717968144224,0.16741998916819495,-0.007667945914757624,0.9999706008705698,0.0,0.1674150671662642,0.001283767421991026,0.9858856664070745,4544.215153387696,-537.4077792740733,-0.11771520536025969,5.34917300788424e-10,186.9448261717042,0.0,-88.04482617170419,6.7,0.0,3.037825002953194e-17,2.2961144723635005,1.5707963267948966,17.26003850593089,461.0,0.00258608203657952,0.05511221446156883,0.0,0.005671778389889931,-1552.9496520306475,-16.592617970443087,263.73205626155357,-0.01395205188240234,0.019350258226545243,-0.1412533010171895,-0.014010351698806968,0.01930808873086524,-0.1412533010171895,-1.8857579217376794e-18,1.1406984828027075e-21,1.8641875964889296e-19,-1.88575278471501e-18,-4.547035190768803e-21,1.8641875964889296e-19,-1552.9636623823462,-16.57330988171222,263.5908029605364,-1678295.9265136588,85.00648080749221,132693.72301601258,-0.04727275689688486,4574.421203100571
42.672959282698756,2001.0,12.0,14.0,14.0,22.0,10.0,1.0,3490157.6798882736,37255.66513660934,-592161.7175729983,445.26107640553266,-285.2659966554038,4534.180934383444,3540232.2119921558,4564.913017871856,3490254.4031476425,26698.62124456049,-592161.7175729983,3540232.2119921558,446.28864092621416,-534.0089666452981,4534.180934383444,4587.2797901592685,12759369.468318626,0.7241870060972547,1.6336280746122127,2.1073424255447017e-08,7.577647051269665e-07,6.114792801186497,-0.168056299659379,0.007649327936268512,144032.21199215576,-0.07069653564038327,-0.07035126050996862,324.0155509710312,-16088672973.914066,-1012211806.5987709,-195163287.4666507,-16089720019.044092,-1875742438.543913,16120482958.11794,16199863848.062355,-0.9858829009364927,-0.007541488706340162,0.16726634924316947,-0.00764925333996295,0.9999707440337148,0.0,0.16726145570449535,0.0012794626806117233,0.985911744737257,4544.265879174151,-537.4071185741662,-0.11771376007166313,5.372561547451619e-10,186.88887427450825,0.0,-87.98887427450825,6.7,0.0,3.03772963191315e-17,2.296098897090677,1.5707963267948966,17.262732441766236,461.0,0.002597437818330064,0.05542687630714233,0.0,0.005696631145865266,-1553.0252597731599,-16.57775789335018,263.49586168008483,-0.013999929751285632,0.019433414828133908,-0.1418727914010753,-0.014058647034851431,0.019390979564548317,-0.1418727914010753,-1.893979060768271e-18,1.16628630036732e-21,1.870565769839642e-19,-1.8939739243342663e-18,-4.5625425207748126e-21,1.870565769839642e-19,-1553.0393184201946,-16.558366913785633,263.3539888886838,-1678296.0986568108,85.19496524387246,132653.00797850953,-0.047170656824539164,4574.453088620199
42.799726028885985,2001.0,12.0,14.0,14.0,22.0,10.0,1.0,3490214.0971173025,37219.50260590456,-591586.9296206704,444.8340075457446,-285.27054776467793,4534.253318016694,3540191.3550525187,4564.943562809573,3490310.950169559,26630.925951761827,-591586.9296206704,3540191.355052519,445.85418644966853,-534.0202234256293,4534.253318016694,4587.310400065342,12759368.095800925,0.7241869764675539,1.633628073989067,2.1073424255447017e-08,7.617102813203553e-07,6.114955848709335,-0.1678935791246656,0.007629809941209904,143991.3550525196,-0.07062814171456133,-0.07028320301909162,325.7224411070347,-16088672835.157614,-1012211787.8036975,-195168019.9730795,-16089715515.936604,-1875770143.2590926,16120482818.455141,16199862640.47117,-0.9859102517688002,-0.007522453811360927,0.16710591894315668,-0.007629735914466386,0.9999708931413331,0.0,0.1671010550147916,0.0012749740312805113,0.9859389493544533,4544.3187954937775,-537.406429473431,-0.11771225243221349,5.396492040667092e-10,186.83050721788516,0.0,-87.93050721788515,6.7,0.0,3.037630132034488e-17,2.296082647527337,1.5707963267948966,17.265543934126704,461.0,0.0026090581453222447,0.055756880157084986,0.0,0.005722061348404444,-1553.1041352512398,-16.562239966014864,263.2492108473561,-0.014048521729155074,0.019518455967313213,-0.14250669108170697,-0.014107671019481443,0.0194757465717895,-0.14250669108170697,-1.9023899883827515e-18,1.193085939970325e-21,1.8770384801910796e-19,-1.9023848534731775e-18,-4.578277931921207e-21,1.8770384801910796e-19,-1553.1182429222592,-16.542764219443075,263.10670415627436,-1678296.2791901361,85.38344968025271,132612.38068893214,-0.047068558887075014,4574.484904986323
42.947163438750536,2001.0,12.0,14.0,14.0,22.0,10.0,1.0,3490279.6456729514,37177.442665348615,-590918.4048548375,444.33727328872175,-285.27583558308453,4534.337419027972,3540143.8852733406,4564.979051912345,3490376.6485044914,26552.190429270133,-590918.4048548375,3540143.8852733406,445.3488620434232,-534.0332956687406,4534.337419027972,4587.345964651395,12759366.491746405,0.7241869418393673,1.6336280732609,2.1073424255447017e-08,7.662153322805617e-07,6.115145487573776,-0.16770432053615333,0.007607109755208533,143943.88527334016,-0.07054859322996213,-0.0702040458307319,327.71487006545067,-16088672672.995874,-1012211765.8397522,-195173512.59534806,-16089710282.977976,-1875802332.5185027,16120482655.234264,16199861236.469522,-0.9859420299339029,-0.007500313910890656,0.1669193185375887,-0.007607036387232275,0.9999710660801158,0.0,0.16691448890739902,0.0012697613298474522,0.9859705579270341,4544.380277734216,-537.4056289907251,-0.11771050082076959,5.424668835995906e-10,186.8,0.0,-87.9,6.7,0.0,3.0375755152013336e-17,2.2960737279215873,1.5707963267948966,17.26708760417056,461.0,0.0026227410795995115,0.05614255718357248,0.0,0.005752016382554351,-1553.1957823036798,-16.54418929332607,262.9623031048537,-0.014105863550444117,0.019619876986747418,-0.14325384251568207,-0.014165524854728327,0.019576845125528344,-0.14325384251568207,-1.912335785861002e-18,1.2245855773286443e-21,1.8847085287375752e-19,-1.9123306528077414e-18,-4.596936628773315e-21,1.8847085287375752e-19,-1553.2099478285345,-16.524612448200543,262.819049262338,-1678296.4901785664,85.57193411663296,132571.8411472804,-0.04696646307981035,4574.516652199645
43.06026296020167,2001.0,12.0,14.0,14.0,22.0,11.0,1.0,3490329.878456912,37145.17787567052,-590405.569817412,443.9562076124348,-285.2798879435876,4534.401870717315,3540107.5070624454,4565.006249054585,3490426.9953260124,26491.79095273249,-590405.569817412,3540107.5070624454,444.9612066803523,-534.0433087780424,4534.401870717315,4587.373219639506,12759365.255555412,0.7241869151525091,1.6336280726997345,2.1073424255447017e-08,7.701176142348569e-07,6.115290963343489,-0.16755913645398923,0.007589696708452584,143907.5070624454,-0.07048756982974129,-0.07014332259608529,329.24878656864166,-16088672548.02496,-1012211748.9131155,-195177717.57155395,-16089706271.985245,-1875827000.9015558,16120482529.447119,16199860159.813389,-0.9859663833266867,-0.007483329503378607,0.16677616954840058,-0.007589623843151625,0.9999711983901933,0.0,0.1667713661262402,0.001265768392874039,0.9859947815636567,4544.427395210341,-537.4050156545418,-0.11770915851520838,5.446495762532761e-10,186.8,0.0,-87.9,6.7,0.0,3.037571885819224e-17,2.2960731351985078,1.5707963267948966,17.26719019383155,461.0,0.002633340935117577,0.05643978610731312,0.0,0.005775228677756471,-1553.2660193874924,-16.530340852449985,262.7421880421028,-0.014150342962587945,0.019699250020727904,-0.143833103941414,-0.014210403265155165,0.01965596846710123,-0.143833103941414,-1.9200668225086304e-18,1.2489837365065512e-21,1.8906779696249612e-19,-1.9200616909984826e-18,-4.611466015273515e-21,1.8906779696249612e-19,-1553.2802297907576,-16.510684883982883,262.5983549381614,-1678296.6527803056,85.76041855301321,132531.38935355432,-0.04686436939806335,4574.548330260886
43.21160558719838,2001.0,12.0,14.0,14.0,22.0,11.0,1.0,3490397.029367828,37102.00245799093,-589719.3150053398,443.44626266315873,-285.2853052106826,4534.488031184771,3540058.8768686485,4565.0426063944915,3490494.2976688514,26410.966422756086,-589719.3150053398,3540058.876868649,444.4424436029815,-534.0566878107273,4534.488031184771,4587.409654307003,12759363.593564318,0.7241868792733858,1.6336280719453184,2.1073424255447017e-08,7.748603820800975e-07,6.115485634473685,-0.16736485561055478,0.00756639609069563,143858.87686864892,-0.07040590999808198,-0.07006206442899794,331.30881479382515,-16088672380.01069,-1012211726.1569762,-195183332.97375238,-16089700909.098951,-1875859977.8901036,16120482360.33552,16199858719.580866,-0.9859989393047498,-0.00746060089433254,0.16658460650433438,-0.007566323894431805,0.9999713749616659,0.0,0.1665798380135873,0.0012604330886382652,0.9860271643701284,4544.490382800628,-537.404195898299,-0.11770736417250183,5.475673878810645e-10,186.74125266949846,0.0,-87.84125266949846,6.7,0.0,3.037470970852386e-17,2.2960566545337304,1.5707963267948966,17.270043205598483,461.0,0.002647509958598949,0.0568393957526821,0.0,0.005806239489179564,-1553.3599171645872,-16.51180739035393,262.44760656152744,-0.01420949548158575,0.019803320319149213,-0.144606254824572,-0.01427008512635025,0.019759704653429192,-0.144606254824572,-1.9303348295345404e-18,1.2818490266404435e-21,1.898567177360356e-19,-1.930329700943425e-18,-4.630648630419283e-21,1.898567177360356e-19,-1553.3741872497135,-16.492047685700502,262.30300030670287,-1678296.8713894952,85.94890298939346,132491.02530775388,-0.04676227783715245,4574.57993917078
43.31856309313346,2001.0,12.0,14.0,14.0,22.0,11.0,1.0,3490444.440000009,37071.48884869162,-589234.314221116,443.0858536021895,-285.2891300346168,4534.548864396708,3540024.5424386626,4565.0682760479895,3490541.8145167744,26353.844546375487,-589234.314221116,3540024.542438662,444.07580240127555,-534.066129375721,4534.548864396708,4587.435378555885,12759362.413630947,0.7241868538008683,1.6336280714097988,2.1073424255447017e-08,7.78148853131964e-07,6.115623216494698,-0.1672275493933098,0.007549929268644313,143824.5424386626,-0.07034819751282785,-0.07000463581121308,332.7696436047554,-16088672260.730207,-1012211710.0025942,-195187293.6311744,-16089697122.036373,-1875883260.9663696,16120482240.276068,16199857702.067461,-0.9860219251791402,-0.007444537242733571,0.16644921727440978,-0.007549857542718817,0.9999714994194008,0.0,0.16644447337507717,0.001256667878518846,0.9860500281774431,4544.534854829871,-537.4036172272536,-0.11770609734111638,5.495933439218856e-10,186.69317804832824,0.0,-87.8,6.7,0.0,3.037388924740513e-17,2.29604325538682,1.5707963267948966,17.27236348824864,461.0,0.0026573490446979943,0.057123101821239766,0.0,0.0058277729332372645,-1553.4262155186696,-16.498707719256927,262.2393928706238,-0.014250244796925923,0.01987554616082399,-0.14514302156055223,-0.014311205826105795,0.019831696845358317,-0.14514302156055223,-1.937457134695783e-18,1.3051530151447237e-21,1.9039964019514305e-19,-1.937452008922792e-18,-4.643848514291884e-21,1.9039964019514305e-19,-1553.4405267244956,-16.47887602241157,262.09424984906326,-1678297.026591489,86.13738742577371,132450.7490098791,-0.046660188392396294,4574.611478930071
43.367562482790056,2001.0,12.0,14.0,14.0,22.0,11.0,1.0,3490466.146891128,37057.50981253757,-589012.1234119674,442.9207378064749,-285.2908812430514,4534.5767171423895,3540008.822468212,4565.08002893151,3490563.5698448317,26327.675526112795,-589012.1234119674,3540008.822468212,443.9078314932582,-534.0704509514774,4534.5767171423895,4587.447156435746,12759361.871684425,0.7241868421012541,1.6336280711638442,2.1073424255447017e-08,7.797166974515593e-07,6.115686246479786,-0.16716464575384943,0.00754238556558944,143808.82246821234,-0.07032175784495401,-0.06997832618913302,333.44016739726067,-16088672205.944803,-1012211702.5830476,-195189105.90932614,-16089695387.950842,-1875893921.1728828,16120482185.132895,16199857236.025434,-0.9860324493234157,-0.007437177941199667,0.16638719080967954,-0.0075423140544491115,0.9999715563448313,0.0,0.16638245814979966,0.001254944447724152,0.9860604964881533,4544.555216517725,-537.4033523120863,-0.11770551733254464,5.504382923335864e-10,186.67352808526542,0.0,-87.8,6.7,0.0,3.037355218727256e-17,2.296037750777119,1.5707963267948966,17.273316889318313,461.0,0.002661454478113316,0.057253409423361275,0.0,0.005836762392222304,-1553.456571121748,-16.492706047004315,262.14399884659167,-0.014266744045861564,0.01990624491978822,-0.14536708184529135,-0.014327868243987463,0.01986229503505716,-0.14536708184529135,-1.940431194671273e-18,1.3156711804918565e-21,1.9061967065710047e-19,-1.940426071038757e-18,-4.649201773781396e-21,1.9061967065710047e-19,-1553.470898989992,-16.472843751969258,261.9986317647464,-1678297.0978761837,86.32587186215396,132410.56045992998,-0.04655810105911376,4574.642949539528
43.48128482975647,2001.0,12.0,14.0,14.0,22.0,11.0,1.0,3490516.4950863253,37025.06563295074,-588496.437031104,442.5375092531549,-285.2949431396613,4534.641321220483,3539972.3606764437,4565.10728940704,3490614.0299178497,26266.93921106636,-588496.437031104,3539972.3606764437,443.5179764254319,-534.0804716758515,4534.641321220483,4587.474474889017,12759360.610653954,0.7241868148779093,1.6336280705915391,2.1073424255447017e-08,7.835517421445396e-07,6.115832534487929,-0.16701865096710297,0.0075248776307668365,143772.36067644367,-0.0702603931972558,-0.06991726336473195,334.99939677119255,-16088672078.468246,-1012211685.3188437,-195193306.740642,-16089691365.383047,-1875918647.262652,16120482056.823856,16199856154.652296,-0.9860568598481481,-0.007420097259190771,0.166243229345059,-0.0075248066164610985,0.9999716882419146,0.0,0.16623852270696646,0.0012509481521175599,0.9860847776418243,4544.602445136951,-537.4027379222648,-0.1177041720480253,5.52398113641153e-10,186.62795084555458,0.0,-87.8,6.7,0.0,3.037277033747865e-17,2.2960249822009966,1.5707963267948966,17.275528833164064,461.0,0.0026709770905716827,0.05755661815279689,0.0,0.005857613406621755,-1553.5269820365734,-16.478775720852592,261.92258224455026,-0.014304941194391147,0.019977450937618855,-0.14588679079062422,-0.01436644477936572,0.019933267492847045,-0.14588679079062422,-1.947329339479573e-18,1.3401802692637353e-21,1.911290591960613e-19,-1.947324221082538e-18,-4.661594833479277e-21,1.911290591960613e-19,-1553.5413484813528,-16.458842453359747,261.77669545375966,-1678297.263745295,86.51435629853421,132370.45965790653,-0.04645601583262403,4574.6743509999205
43.55425423905639,2001.0,12.0,14.0,14.0,22.0,11.0,1.0,3490548.7778151394,37004.2477344546,-588165.5454212361,442.2916033039688,-285.29754761733557,4534.682745287221,3539948.9817619994,4565.124768660251,3490646.3840356437,26227.967440170174,-588165.5454212361,3539948.9817619994,443.2678185279247,-534.0868946600559,4534.682745287221,4587.4919913168,12759359.79914474,0.724186797358872,1.6336280702232442,2.1073424255447017e-08,7.858155294320314e-07,6.115926401081639,-0.1669249725080542,0.007513643889277535,143748.98176199943,-0.07022101812071868,-0.06987808195236618,336.002073764801,-16088671996.434223,-1012211674.2088764,-195195998.3051713,-16089688785.837824,-1875934501.5175755,16120481974.254108,16199855460.98649,-0.986072511784671,-0.00740913713030838,0.16615085371328667,-0.007513573192544201,0.9999717727105502,0.0,0.16614616372504656,0.0012483866003784839,0.9861003467245846,4544.632728042174,-537.402344033098,-0.11770330948076713,5.536625489057493e-10,186.5985453742849,0.0,-87.7985453742849,6.7,0.0,3.037226600995446e-17,2.2960167459074863,1.5707963267948966,17.276955945990363,461.0,0.0026771208640688307,0.05775174054730756,0.0,0.005871065521060332,-1553.5721305380198,-16.469836593361578,261.78049861863843,-0.014329580784435225,0.020023343283313916,-0.1462220861306293,-0.014391329031444628,0.01997900924489968,-0.1462220861306293,-1.951779529338933e-18,1.3559976538208238e-21,1.9145762987250132e-19,-1.9517744144294292e-18,-4.6695882905141296e-21,1.9145762987250132e-19,-1553.5865218670513,-16.44985758411668,261.6342765325078,-1678297.3704868332,86.70284073491445,132330.4466038087,-0.04635393270824648,4574.705683312044
43.591822305216446,2001.0,12.0,14.0,14.0,22.0,11.0,1.0,3490565.391477164,36993.52963213442,-587995.185759423,442.16499662727307,-285.2988879695889,4534.704063543078,3539936.9502703054,4565.1337640460415,3490663.0343310656,26207.902766297142,-587995.185759423,3539936.950270305,443.1390227260096,-534.0901994499877,4534.704063543078,4587.501005833698,12759359.380579982,0.7241867883227938,1.6336280700332866,2.1073424255447017e-08,7.869449810094377e-07,6.115974728477605,-0.16687674196949204,0.00750786027696467,143736.95027030492,-0.07020074576388696,-0.06985790930312155,336.5190059840679,-16088671954.122498,-1012211668.4785913,-195197382.86661327,-16089687458.225721,-1875942660.6381333,16120481931.666067,16199855103.909607,-0.9860805667921636,-0.007403494224465196,0.16610329336925744,-0.007507789743361402,0.99997181614942,0.0,0.16609861193885628,0.001247068602296261,0.9861083591228128,4544.648312660219,-537.4021413413157,-0.11770286558228556,5.544016262526972e-10,186.58135752900705,0.0,-87.78135752900704,6.7,0.0,3.0371972839071784e-17,2.29601195806363,1.5707963267948966,17.27778565403566,461.0,0.0026807098922308247,0.057852382680088604,0.0,0.005878919751774468,-1553.5953658519602,-16.46523406876195,261.70734344917037,-0.014344516661230114,0.02004961222273446,-0.14641787185100474,-0.014406399207292872,0.020005193585827724,-0.14641787185100474,-1.954377285546925e-18,1.3643845495231982e-21,1.9165660968323662e-19,-1.9543721717094115e-18,-4.674425612046623e-21,1.9165660968323662e-19,-1553.6097722511674,-16.445228875176124,261.5609255773194,-1678297.4255425837,86.8913251712947,132290.52129763653,-0.046251851681300714,4574.736946476703
43.653043689893266,2001.0,12.0,14.0,14.0,22.0,11.0,1.0,3490592.455114825,36976.06317232371,-587717.5638344251,441.95867276393574,-285.3010714159617,4534.738791228319,3539917.350983175,4565.148417571244,3490690.1574907512,26175.20485996223,-587717.5638344251,3539917.350983175,442.92913140330893,-534.0955819717095,4534.738791228319,4587.515690523387,12759358.697287502,0.7241867735716929,1.6336280697232053,2.1073424255447017e-08,7.891990349808755e-07,6.11605348409976,-0.16679814418259128,0.007498435294127837,143717.35098317498,-0.07016770935312802,-0.06982503537737378,337.36250483989716,-16088671885.050411,-1012211659.1244075,-195199637.44432384,-16089685295.391851,-1875955951.900868,16120481862.142925,16199854522.083817,-0.9860936884645763,-0.00739429830266866,0.16602578692160502,-0.007498365025823557,0.9999718868657956,0.0,0.1660211194163759,0.001244921954037797,0.9861214114281577,4544.673700166237,-537.4018111787685,-0.11770214247874362,5.556055824621085e-10,186.55335854739283,0.0,-87.75335854739282,6.7,0.0,3.037149524091107e-17,2.296004158293753,1.5707963267948966,17.27913748992864,461.0,0.0026865565032600475,0.05801667856634057,0.0,0.005891714382970151,-1553.6332169376096,-16.457733383319248,261.58812324619424,-0.014368820574419827,0.0200924016375909,-0.14673680996874697,-0.014430922216975499,0.020047845077058504,-0.14673680996874697,-1.9586089821972474e-18,1.3780882459688488e-21,1.9198039094055066e-19,-1.958603870201244e-18,-4.682296835953321e-21,1.9198039094055066e-19,-1553.6476478598265,-16.43768553824219,261.4413864362255,-1678297.5154192038,87.07980960767495,132250.68373939002,-0.04614977274710666,4574.768140494716
43.88720860157183,2001.0,12.0,14.0,14.0,22.0,11.0,1.0,3490695.853927237,36909.254695068004,-586655.6715856304,441.1694608038694,-285.3094136083251,4534.871474224448,3539842.470324144,4565.204403131816,3490793.7819528854,26050.13600764635,-586655.6715856304,3539842.470324144,442.1262739257526,-534.116135144937,4534.871474224448,4587.571795149614,12759356.070096908,0.7241867168550141,1.6336280685311424,2.1073424255447017e-08,7.967593899545195e-07,6.116354723505324,-0.16649750842465974,0.00746238651717906,143642.4703241433,-0.07004134505297305,-0.06969929256753556,340.60145431756973,-16088671619.479143,-1012211623.1614875,-195208241.28743175,-16089677030.333784,-1876006732.9729726,16120481594.837574,16199852297.47719,-0.9861438217145391,-0.007359122962683969,0.16572931606527402,-0.007462317257454575,0.9999721565229449,0.0,0.1657247015848648,0.001236724735340038,0.9861712801519503,4544.770697233782,-537.4005500184735,-0.11769937987867074,5.60205394374054e-10,186.4463861773476,0.0,-87.7,6.7,0.0,3.0369670274782235e-17,2.2959743543350912,1.5707963267948966,17.284305055921365,461.0,0.002708894956874025,0.05864839216244653,0.0,0.005940617194025652,-1553.777839014474,-16.429040053780923,261.132054978774,-0.014461407364664676,0.020257630326086032,-0.14795561125412365,-0.014524355311964963,0.020212545415333846,-0.14795561125412365,-1.9747817979894258e-18,1.4309003133163742e-21,1.9321410282662687e-19,-1.9747766940409667e-18,-4.712305028915054e-21,1.9321410282662687e-19,-1553.792363369786,-16.40882750836559,260.9840993675199,-1678297.8609858137,87.2682940440552,132210.93392906917,-0.04604769590098439,4574.799265366918
44.06434108663138,2001.0,12.0,14.0,14.0,22.0,12.0,1.0,3490773.9464922505,36858.71657161184,-585852.3896567003,440.5724178900565,-285.3157142645381,4534.971687065347,3539785.916261442,4565.246687167748,3490872.0430863686,25955.525315235427,-585852.3896567003,3539785.916261442,441.5189085451272,-534.1316462530685,4534.971687065347,4587.614169109715,12759354.068250842,0.7241866736382924,1.6336280676228698,2.1073424255447017e-08,8.025904303488489e-07,6.116582602469599,-0.16627008603108556,0.007435118420491293,143585.91626144154,-0.06994575368139548,-0.06960417132175893,343.065338075161,-16088671417.125443,-1012211595.7597562,-195214728.92112696,-16089670786.214426,-1876045086.440433,16120481391.162605,16199850615.530596,-0.9861816860306815,-0.007332512736433636,0.16550503434836267,-0.007435049917234511,0.9999723596343693,0.0,0.16550045972869956,0.0012305381919336888,0.9862089452065153,4544.843956995024,-537.399597783507,-0.11769729348761175,5.637138349951027e-10,186.36559465920223,0.0,-87.66559465920221,6.7,0.0,3.036829168094749e-17,2.2959518401892054,1.5707963267948966,17.288210801663936,461.0,0.0027259336345538793,0.059129726063546044,0.0,0.005977919635015541,-1553.887075098482,-16.40733091379311,260.7869974272845,-0.014531905001961169,0.020383848556792556,-0.14888527412035882,-0.0145955006116689,0.02033836047637692,-0.14888527412035882,-1.98711785158616e-18,1.4713734761484854e-21,1.9415352036556313e-19,-1.9871127545570957e-18,-4.735156683129898e-21,1.9415352036556313e-19,-1553.9016705990937,-16.386992553316734,260.6381121531642,-1678298.1242980435,87.45677848043545,132171.27186667395,-0.045945621138254324,4574.830321094156
44.223692254502005,2001.0,12.0,14.0,14.0,22.0,12.0,1.0,3490844.1094250265,36813.250728128376,-585129.7294456244,440.03527282706773,-285.3213752648603,4535.061726510961,3539735.1047808207,4565.284678065499,3490942.356103628,25870.409703529287,-585129.7294456244,3539735.1047808207,440.97247693071085,-534.145573642747,4535.061726510961,4587.6522407999855,12759352.256649567,0.7241866345285097,1.6336280668010295,2.1073424255447017e-08,8.076924224417222e-07,6.116787612157631,-0.16606548703691537,0.007410588170568109,143535.1047808202,-0.06985975528654462,-0.06951859586211001,345.29180559515953,-16088671234.005514,-1012211570.9641883,-195220550.09452492,-16089665174.740997,-1876079546.0009124,16120481206.847097,16199849103.04338,-0.9862157061947114,-0.007308572234286208,0.16530325352745723,-0.0074105203431019066,0.9999725417171436,0.0,0.16529871458396478,0.0012249831230461538,0.9862427867281145,4544.909779428776,-537.3987424335425,-0.1176954190098314,5.669076994913009e-10,186.3,0.0,-87.59300682974316,6.7,0.0,3.036716734788891e-17,2.295933478436913,1.5707963267948966,17.291397547091215,461.0,0.002741444670313839,0.05956534320106691,0.0,0.006011862565985436,-1553.985226092571,-16.387797897218512,260.47652842790814,-0.014596063517320611,0.020497367701402907,-0.14973151540774673,-0.014660244382034107,0.020451513086987238,-0.14973151540774673,-1.998350815415288e-18,1.5082373806657117e-21,1.9500884799268388e-19,-1.9983457251426054e-18,-4.7559494550138276e-21,1.9500884799268388e-19,-1553.999886336953,-16.367346384131526,260.3267969125004,-1678298.3625865523,87.6452629168157,132131.6975522044,-0.04584354845423708,4574.861307677291
44.488129620124155,2001.0,12.0,14.0,14.0,22.0,12.0,1.0,3490960.353328594,36737.7998549444,-583930.4699415404,439.1438256322686,-285.3307544982645,4535.210906150917,3539650.921796729,4565.347621192029,3491058.8458013344,25729.158605344153,-583930.4699415404,3539650.921796729,440.0656184266921,-534.168629929701,4535.210906150917,4587.715317779915,12759349.227597699,0.724186569135477,1.633628065427305,2.1073424255447017e-08,8.165781950247668e-07,6.117127831070195,-0.16572594957117012,0.007369882294241224,143450.92179672886,-0.06971703809021182,-0.06937658051660739,349.00718754529953,-16088670927.829676,-1012211529.5123887,-195230178.38983554,-16089655874.865858,-1876136638.7589211,16120480898.672647,16199846594.380243,-0.9862720711536354,-0.007268840677736667,0.16496837762892647,-0.0073698155783602295,0.9999728425404066,0.0,0.16496389750687682,0.0012157865193864754,0.9862988565249784,4545.0188353913545,-537.3973257168993,-0.1176923135506556,5.721992013484715e-10,186.27274542389839,0.0,-87.5,6.7,0.0,3.03666373159801e-17,2.2959248223589452,1.5707963267948966,17.292900261824265,461.0,0.002767146577193752,0.06029368220416642,0.0,0.006068109806220957,-1554.147854182038,-16.355377040444075,259.96121267485853,-0.014702015262630848,0.020686513081941877,-0.15113516450970507,-0.014767175394522268,0.020640048622505687,-0.15113516450970507,-2.017052158192942e-18,1.5701551492726626e-21,1.964282286430097e-19,-2.0170470806928396e-18,-4.7904620331769595e-21,1.964282286430097e-19,-1554.1626213574325,-16.33473699182157,259.81007751034883,-1678298.7610122636,87.83374735319595,132092.2109856605,-0.045741477844253524,4574.8922251172
44.66047567603796,2001.0,12.0,14.0,14.0,22.0,12.0,1.0,3491035.9879649,36688.623698756375,-583148.8358625806,438.5627780720977,-285.3368573085638,4535.307973866106,3539596.1477466407,4565.388576042847,3491134.6384394174,25637.095456666724,-583148.8358625806,3539596.1477466407,439.4745261881548,-534.1836193569128,4535.307973866106,4587.756359722151,12759347.23829658,0.7241865261890142,1.6336280645251473,2.1073424255447017e-08,8.222687042547335e-07,6.117349576129192,-0.16550464858243746,0.007343353174451602,143396.14774664072,-0.06962401864361085,-0.06928401850233976,351.4429665207863,-16088670726.756155,-1012211502.2899703,-195236432.31345648,-16089649821.892336,-1876173787.2025142,16120480696.286592,16199844960.2275,-0.9863087461720528,-0.007242943654175824,0.16475010467898202,-0.007343287176443802,0.9999730377032394,0.0,0.16474566263776833,0.0012098073310069426,0.9863353400381963,4545.089795351654,-537.3964041921743,-0.11769029305006105,5.756421416397255e-10,186.19449678091533,0.0,-87.5,6.7,0.0,3.036530163524753e-17,2.295903009037202,1.5707963267948966,17.296688305343732,461.0,0.002783869261238605,0.06077203034721243,0.0,0.006104730425281953,-1554.2536785348586,-16.334242482964235,259.62528785075625,-0.014770554408916633,0.020811475589351258,-0.1520477151715233,-0.014836361926848644,0.020764613132165162,-0.1520477151715233,-2.0291612687963494e-18,1.6108982951576562e-21,1.9734174934441261e-19,-2.029156200927633e-18,-4.812692953444872e-21,1.9734174934441261e-19,-1554.2685148967855,-16.31347786983207,259.4732401355847,-1678299.022674678,88.0222317895762,132052.81216704226,-0.04563940930362482,4574.92307341477
44.699600717708776,2001.0,12.0,14.0,14.0,22.0,12.0,1.0,3491053.1441713506,36677.45985524155,-582971.3913183549,438.43086637950057,-285.3382416278457,4535.329992100278,3539583.723347389,4565.39786590105,3491151.830273442,25616.19543380705,-582971.3913183549,3539583.723347389,439.34033416305164,-534.1870180600627,4535.329992100278,4587.765669335206,12759346.785078166,0.7241865164045866,1.6336280643196215,2.1073424255447017e-08,8.234829830913836e-07,6.1173999164089725,-0.16545440910673673,0.007337330767242785,143383.72334738914,-0.06960290144206535,-0.06926300514493905,351.9974128007889,-16088670680.946472,-1012211496.0881482,-195237849.7082306,-16089648448.684225,-1876182213.6705747,16120480650.177889,16199844589.350208,-0.9863170652654757,-0.007237064422248439,0.1647005515007392,-0.0073372649314797835,0.9999730819093708,0.0,0.16469611807636722,0.0012084515807217538,0.986343615752316,4545.105891442764,-537.3961951923368,-0.11768983474873908,5.763155617093605e-10,186.17965418423643,0.0,-87.47965418423644,6.720345815763566,0.0,3.0365046225177277e-17,2.2958988378742116,1.5707963267948966,17.297412854431432,461.0,0.002787142573031261,0.060881011244446545,0.0,0.006111942810227179,-1554.2776837320357,-16.32944415187668,259.5490204132684,-0.014783473508644103,0.020835336386498624,-0.15222760598263307,-0.014849414148399106,0.02078839173117199,-0.15222760598263307,-2.0315474670460092e-18,1.6198470000722283e-21,1.9751396616720808e-19,-2.0315424021983904e-18,-4.816932151536363e-21,1.9751396616720808e-19,-1554.292533146184,-16.308655760145506,259.39679280728575,-1678299.082288701,88.21071622595645,132013.50109634968,-0.04553734282767234,4574.953852570907
44.76432726240091,2001.0,12.0,14.0,14.0,22.0,12.0,1.0,3491081.5152237234,36658.99082269878,-582677.8339004326,438.2126336881619,-285.34053087878124,4535.366403736995,3539563.1772386557,4565.4132285076175,3491180.260070431,25581.619172027058,-582677.8339004326,3539563.1772386557,439.11832896479734,-534.1926373659755,4535.366403736995,4587.7810646101125,12759346.034074761,0.7241865001913297,1.6336280639790763,2.1073424255447017e-08,8.259061849445946e-07,6.117483197664835,-0.16537129461135,0.007327367662607938,143363.17723865528,-0.06956796582121876,-0.0692282413190733,352.9157231450081,-16088670605.038141,-1012211485.8118021,-195240192.67996013,-16089646177.660404,-1876196148.51009,16120480573.77409,16199843975.879023,-0.9863308225491345,-0.007227337920263999,0.16461857148005513,-0.007327302094668693,0.9999731549616787,0.0,0.16461415228819534,0.001206210003627176,0.9863573013486877,4545.13250959122,-537.3958495957856,-0.11768907686750957,5.774712803256404e-10,186.1539715483191,0.0,-87.4539715483191,6.746028451680897,0.0,3.0364605210235744e-17,2.295891635553643,1.5707963267948966,17.29866407691109,461.0,0.0027927592307405574,0.06106159648780543,0.0,0.006124298553310577,-1554.3173817513202,-16.32150563792589,259.422841100464,-0.014805825293878735,0.0208765480362595,-0.1525357091558644,-0.014871991961875103,0.02082946412246441,-0.1525357091558644,-2.0356346300200943e-18,1.6348247022501073e-21,1.9781191143801316e-19,-2.0356295700007084e-18,-4.82424373188994e-21,1.9781191143801316e-19,-1554.332253743282,-16.300676173803424,259.2703053913081,-1678299.1810718477,88.3992006623367,131974.27777358273,-0.04543527841171776,4574.984562586525
44.876013911289014,2001.0,12.0,14.0,14.0,22.0,12.0,1.0,3491130.436695125,36627.121874540215,-582171.2905185878,437.83605671169846,-285.34447838194353,4535.42919081444,3539527.748666478,4565.439719106105,3491229.2823323854,25521.956445462492,-582171.2905185878,3539527.748666478,438.73524236136456,-534.2023237703269,4535.42919081444,4587.807611539876,12759344.734654844,0.724186472138368,1.6336280633899156,2.1073424255447017e-08,8.296615425989302e-07,6.117626903017509,-0.16522787699234417,0.007310176376303866,143327.74866647786,-0.06950768281173747,-0.06916825474543487,354.50333845615387,-16088670473.699251,-1012211468.0323447,-195244229.95795432,-16089642261.157948,-1876220177.183607,16120480441.577986,16199842917.591595,-0.9863545450795551,-0.007210554135386542,0.16447710877190375,-0.0073101112687834514,0.9999732807796606,0.0,0.16447271407179367,0.0012023459662904152,0.9863809004081716,4545.178409034003,-537.3952537399305,-0.1176877700402542,5.79464137510621e-10,186.1096858330973,0.0,-87.40968583309731,6.790314166902687,0.0,3.036384469260345e-17,2.295879215358158,1.5707963267948966,17.30082221522143,461.0,0.002802444543015307,0.0613740501243277,0.0,0.006145605048799487,-1554.3858373269334,-16.30780646446659,259.20509854598185,-0.014844289164316368,0.0209476056355522,-0.15306701192298697,-0.014910846564064667,0.02090028127560439,-0.15306701192298697,-2.0426824271429946e-18,1.6607760486100735e-21,1.9832462605572421e-19,-2.0426773757614934e-18,-4.836826234028776e-21,1.9832462605572421e-19,-1554.4007481734975,-16.286906183190986,259.05203153405887,-1678299.3519909233,88.58768509871695,131935.14219874144,-0.045333216051082974,4575.015203462555
44.94667370220983,2001.0,12.0,14.0,14.0,22.0,12.0,1.0,3491161.365681894,36606.95940517637,-581850.8166376619,437.5978025641115,-285.34697409008913,4535.468886437931,3539505.3501200806,4565.45646702253,3491260.27470992,25484.20960464351,-581850.8166376619,3539505.3501200806,438.492869755757,-534.2084455753053,4535.468886437931,4587.824395069754,12759343.910169834,0.7241864543386624,1.6336280630161244,2.1073424255447017e-08,8.317998490901747e-07,6.117717821274229,-0.165137140764101,0.007299300252664213,143305.35012008063,-0.06946954340902266,-0.06913030288675749,355.5098697245121,-16088670390.365164,-1012211456.7518104,-195246780.555404,-16089639784.760767,-1876235368.654597,16120480357.70003,16199842248.221561,-0.9863695430186246,-0.007199935325363737,0.16438760761243718,-0.0072992354353132,0.9999733602261912,0.0,0.1643832283637534,0.0011999038506110634,0.9863958203801654,4545.207427820722,-537.3948770762019,-0.11768694385562536,5.808417779948152e-10,186.0790716001152,0.0,-87.4,6.8,0.0,3.036332099717778e-17,2.295870662762813,1.5707963267948966,17.302308642388493,461.0,0.002809137208024585,0.06157230133727208,0.0,0.006160282762465933,-1554.4291177461414,-16.299138782558924,259.06732941555,-0.01487141744588312,0.020997323124046702,-0.1534328481641994,-0.014938237783496277,0.02094983740149473,-0.1534328481641994,-2.0475363333580314e-18,1.6776479510759433e-21,1.9868622677507206e-19,-2.047531286844194e-18,-4.845649394974468e-21,1.9868622677507206e-19,-1554.444055983925,-16.278188945157428,258.9138965673858,-1678299.4604394957,88.7761695350972,131896.0943718258,-0.04523115574109018,4575.045775199941
45.02556117333253,2001.0,12.0,14.0,14.0,22.0,13.0,1.0,3491195.876173791,36584.44899413879,-581493.0232194827,437.33179808027774,-285.3497588214443,4535.5131792330785,3539480.3578737406,4565.475154402719,3491294.8556300397,25442.06698191888,-581493.0232194827,3539480.357873741,438.2222671928712,-534.2152743415537,4535.5131792330785,4587.843122187203,12759342.987284938,0.7241864344145802,1.6336280625977206,2.1073424255447017e-08,8.34465026855493e-07,6.117819327475575,-0.1650358377774715,0.007287157826866268,143280.35787374107,-0.06942696239229132,-0.0690879312524127,356.63586488366127,-16088670297.086117,-1012211444.1249951,-195249624.8234716,-16089637021.290771,-1876252319.3825462,16120480263.812204,16199841501.041689,-0.9863862778228136,-0.007188079720606954,0.16428768192650767,-0.007287093332448936,0.9999734487828985,0.0,0.16428331988859773,0.0011971796715701457,0.9864124682744104,4545.239807255289,-537.3944568372176,-0.11768602201329263,5.824484224023588e-10,186.0433683910587,0.0,-87.4,6.8,0.0,3.036271132957057e-17,2.2958607061351937,1.5707963267948966,17.304039421749437,461.0,0.002816941011630932,0.06179421477445421,0.0,0.006177372635936028,-1554.4774114368195,-16.289461144064507,258.91350745219404,-0.014903323484880143,0.021055629377344672,-0.15385871439037208,-0.014970446890745922,0.021007957998397553,-0.15385871439037208,-2.053187205422109e-18,1.6967823229195527e-21,1.9911150329399351e-19,-2.05318216406902e-18,-4.855999192384895e-21,1.9911150329399351e-19,-1554.4923818837103,-16.26845318606611,258.7596487378037,-1678299.581831107,88.96465397147743,131857.13429283584,-0.04512909747706178,4575.076277799642
45.19799733491039,2001.0,12.0,14.0,14.0,22.0,13.0,1.0,3491271.2378577096,36535.24385251972,-580710.9283935571,436.7503234558733,-285.35584002469756,4535.6099047190455,3539425.7814921862,4565.515962983868,3491370.369996465,25349.94766496271,-580710.9283935571,3539425.7814921867,437.63074162139765,-534.2301794470859,4535.6099047190455,4587.884017543345,12759340.961128045,0.7241863906719347,1.633628061679106,2.1073424255447017e-08,8.402986633701384e-07,6.118041209750011,-0.16481439966520958,0.007260616755892051,143225.7814921867,-0.06933388436378746,-0.06899531090447647,359.1055485904217,-16088670092.298397,-1012211416.4030796,-195255829.76925957,-16089630985.459087,-1876289335.6761315,16120480057.687916,16199839868.297342,-0.9864228226660365,-0.007162163929956861,0.1640692485854966,-0.007260552963608955,0.999973641837955,0.0,0.1640649240216558,0.0011912334690545217,0.9864488236439792,4545.310516521802,-537.3935392994923,-0.11768400900224102,5.859569040737114e-10,185.9654021316953,0.0,-87.3654021316953,6.8,0.0,3.0361379815991797e-17,2.295838960868237,1.5707963267948966,17.3078206911872,461.0,0.0028339830766062595,0.0622814266362059,0.0,0.006214680646107834,-1554.5828774365675,-16.26830476538632,258.5772357735413,-0.014972776286850849,0.021181758164880892,-0.1547885624920814,-0.015040560192001421,0.021133680649673015,-0.1547885624920814,-2.065523029782504e-18,1.7388860959792227e-21,2.0003704670761515e-19,-2.065518000504939e-18,-4.878511743076634e-21,2.0003704670761515e-19,-1554.5979179967594,-16.247171084736646,258.42244721104925,-1678299.8483416028,89.15313840785768,131818.2619617715,-0.0450270412543205,4575.106711262626
45.37102052480184,2001.0,12.0,14.0,14.0,22.0,13.0,1.0,3491346.7553126486,36485.870147678,-579926.1543150878,436.1668296606824,-285.36193392892335,4535.706832701801,3539371.0923003373,4565.556856381236,3491446.0389116565,25257.512163631654,-579926.1543150878,3539371.092300337,437.03716233640876,-534.2451055677376,4535.706832701801,4587.924997894359,12759338.91571538,0.7241863465134131,1.6336280607520273,2.1073424255447017e-08,8.460920790778883e-07,6.118263854228216,-0.16459220081739526,0.0072339859475848076,143171.0923003368,-0.06924048626683767,-0.06890237204910168,361.5945770740509,-16088669885.567768,-1012211388.4222131,-195262039.0359232,-16089624935.547773,-1876326429.0860882,16120479849.60829,16199838230.642183,-0.9864594437432859,-0.007136158234037021,0.16385005674501837,-0.0072339228546694275,0.9999738348377585,0.0,0.16384576958170036,0.001185278670226671,0.9864852552900394,4545.381373649121,-537.3926200748389,-0.11768199189391022,5.894853631207235e-10,185.88727471476687,0.0,-87.3,6.8,0.0,3.036004532630581e-17,2.2958171669977605,1.5707963267948966,17.31161213195385,461.0,0.002851122803054353,0.06277324881573301,0.0,0.006252190596305356,-1554.688568998484,-16.247072898801306,258.2397642414008,-0.015042403485216366,0.021307525990936983,-0.15572358979262543,-0.015110850688062666,0.02125903944089621,-0.15572358979262543,-2.0779253123309003e-18,1.781550082865911e-21,2.0096474417649526e-19,-2.0779202961374457e-18,-4.901065826474294e-21,2.0096474417649526e-19,-1554.703679849172,-16.22581385936041,258.0840406516082,-1678300.1173849907,89.34162284423793,131779.47737863282,-0.04492498706818927,4575.13707558988
45.47623723829028,2001.0,12.0,14.0,14.0,22.0,13.0,1.0,3491392.628685238,36455.84510806269,-579448.9190507927,435.81198325685716,-285.36563575825255,4535.765713236685,3539337.8711376637,4565.581697461505,3491492.0035351315,25201.300172586987,-579448.9190507927,3539337.8711376633,436.67618271046007,-534.254167693479,4535.765713236685,4587.949891794583,12759337.66585115,0.7241863195299454,1.633628060185521,2.1073424255447017e-08,8.49758233391266e-07,6.118399249370332,-0.1644570766422959,0.0072177918529418034,143137.87113766326,-0.06918368861083862,-0.0688458536628199,363.11385640501976,-16088669759.24537,-1012211371.3242891,-195265806.71656153,-16089621259.72151,-1876348961.9158049,16120479722.461576,16199837235.090899,-0.9864816896988836,-0.00712034315177896,0.16371675724322363,-0.007217729182799702,0.9999739518534689,0.0,0.16371249272514135,0.0011816632164677497,0.9865073863878382,4545.424416919712,-537.3920617900169,-0.117680766624556,5.916684680964145e-10,185.83981591094752,0.0,-87.3,6.8,0.0,3.035923457588229e-17,2.295803926438538,1.5707963267948966,17.31391640961508,461.0,0.002861726988579236,0.06307379352378234,0.0,0.006275412730515335,-1554.7527754464907,-16.2341599444666,258.0345182956243,-0.015085605237206727,0.021386741528713393,-0.15630227094619242,-0.01515446611320553,0.021338002610660125,-0.15630227094619242,-2.0856034851328217e-18,1.8077834830600273e-21,2.0154059992508226e-19,-2.085598477000821e-18,-4.915079973850653e-21,2.0154059992508226e-19,-1554.767929912604,-16.212821941855942,257.8782160246781,-1678300.2817859426,89.53010728061818,131740.7805434198,-0.044822934913991384,4575.1673707823975
45.668854788673535,2001.0,12.0,14.0,14.0,22.0,13.0,1.0,3491476.511155861,36400.87802628579,-578575.2405985277,435.1623370362513,-285.3724049192273,4535.873382601521,3539277.124061894,4565.627121443144,3491576.051384365,25098.391847972336,-578575.2405985277,3539277.124061894,436.01530824537264,-534.2707289578486,4535.873382601521,4587.99541236022,12759335.365752453,0.724186269872679,1.633628059142996,2.1073424255447017e-08,8.563955453337104e-07,6.118647120351866,-0.16420970166829743,0.007188146328127243,143077.1240618946,-0.06907970752820886,-0.0687423838349127,365.90643191337585,-16088669526.78046,-1012211339.8596314,-195272688.02221733,-16089614536.675972,-1876390165.2429483,16120479488.4797,16199835413.16771,-0.9865223685499981,-0.00709138927758442,0.16347271499738308,-0.007188084427028781,0.9999741653874213,0.0,0.16346849174312394,0.0011750556769168036,0.9865478556316386,4545.50312598487,-537.3910411276986,-0.11767852619965254,5.956604187897832e-10,185.75303437413515,0.0,-87.25303437413515,6.8,0.0,3.0357751851457974e-17,2.29577971171107,1.5707963267948966,17.31813218667596,461.0,0.002881118304483047,0.06362688031834729,0.0,0.00631785974575754,-1554.870188375219,-16.21051721038709,257.65872703547205,-0.015164303266222758,0.021529941116128472,-0.1573602472604235,-0.015233918613099947,0.021480739784825394,-0.1573602472604235,-2.099637784825125e-18,1.8561837322545516e-21,2.0258933370894801e-19,-2.099632792537093e-18,-4.940585622488712e-21,2.0258933370894801e-19,-1554.885422293832,-16.189036470602264,257.5013667882116,-1678300.5843296256,89.71859171699843,131702.17145613243,-0.04472088478705028,4575.197596841192
45.85734851598649,2001.0,12.0,14.0,14.0,22.0,13.0,1.0,3491558.4766067415,36347.086494452175,-577720.2469997441,434.5265518466803,-285.37901953516945,4535.978594381585,3539217.7652773038,4565.671507865909,3491658.1765793664,24997.683642257412,-577720.2469997441,3539217.7652773038,435.3685348122543,-534.2868999182008,4535.978594381585,4588.039893158811,12759333.099896204,0.7241862209544764,1.6336280581162503,2.1073424255447017e-08,8.627244726497279e-07,6.118889692763128,-0.16396761458836792,0.007159136234405688,143017.7652773033,-0.0689779487843116,-0.06864112540358515,368.6525681912899,-16088669297.780567,-1012211308.8678491,-195279401.8790682,-16089607965.329094,-1876430427.6396573,16120479257.985699,16199833631.014599,-0.986562118566273,-0.007063053279034047,0.16323387971988176,-0.007159075079751134,0.9999743734936424,0.0,0.16322969660582534,0.0011686036004736995,0.9865874013545861,4545.580038285153,-537.3900440396454,-0.11767633705240323,5.995929028096363e-10,185.7,0.0,-87.16823611043327,6.8,0.0,3.035682347453561e-17,2.295764550165341,1.5707963267948966,17.320772891287067,461.0,0.0029002220079737636,0.06417174453972849,0.0,0.006359660423171023,-1554.9849270177137,-16.187376502085737,257.2909152564465,-0.015241705605365002,0.021669700317318404,-0.15840288579809364,-0.015312061826854444,0.0216200431131298,-0.15840288579809364,-2.113494563757914e-18,1.904143927612426e-21,2.0362333681674656e-19,-2.1134895879626086e-18,-4.9657196854305456e-21,2.0362333681674656e-19,-1555.0002390795405,-16.165756458972606,257.13251237064844,-1678300.8823693283,89.90707615337868,131663.65011677073,-0.044618836682689775,4575.227753767285
46.02601924740294,2001.0,12.0,14.0,14.0,22.0,14.0,1.0,3491631.7205349375,36298.95090788906,-576955.1522416811,433.9575894107152,-285.38493045218166,4536.072613661484,3539164.722555451,4565.71117180512,3491731.561696181,24907.563861830047,-576955.1522416811,3539164.722555451,434.7897393893648,-534.3013402808929,4536.072613661484,4588.079641431037,12759331.059546154,0.7241861769046178,1.6336280571918704,2.1073424255447017e-08,8.687517551868479e-07,6.11910676184093,-0.16375097975406566,0.0071331776139055,142964.72255545156,-0.06888688831799282,-0.06855051263724687,371.1213981807232,-16088669091.57515,-1012211280.96362,-195285392.81802505,-16089602091.550003,-1876466406.5156739,16120479050.435062,16199832036.902117,-0.98659763967555,-0.007037695562201909,0.16302014669300022,-0.007133117122070543,0.9999745589964391,0.0,0.1630159992968677,0.0011628417996182915,0.9866227403482005,4545.648768427629,-537.389153253131,-0.11767438090437347,6.031468034988966e-10,185.69246079350225,0.0,-87.1,6.8,0.0,3.035664713742729e-17,2.295761670361818,1.5707963267948966,17.3212745644902,461.0,0.0029174877171491823,0.06466238472882915,0.0,0.006397439861203317,-1555.0874644600735,-16.166665916662517,256.96172924824765,-0.01531167847264274,0.021796372420299293,-0.15934592880341242,-0.01538270606362836,0.02174630319143891,-0.15934592880341242,-2.1260639617081004e-18,1.9476093824152944e-21,2.045616029110485e-19,-2.1260590013046363e-18,-4.9885296213167335e-21,2.045616029110485e-19,-1555.102847166137,-16.144919613471078,256.80238331944423,-1678301.1507471353,90.09556058975893,131625.21652533466,-0.044516790596233896,4575.2578415617145
46.18089253393693,2001.0,12.0,14.0,14.0,22.0,14.0,1.0,3491698.888516367,36254.751985940595,-576252.6290899946,433.4351356643545,-285.3903511355192,4536.158835688462,3539116.079989624,4565.747545796213,3491798.8578562476,24824.8138321422,-576252.6290899946,3539116.0799896247,434.258256735209,-534.3145744724613,4536.158835688462,4588.116092758649,12759329.175541442,0.7241861362300126,1.6336280563383783,2.1073424255447017e-08,8.742296781464277e-07,6.119306080138654,-0.16355206013880375,0.007109342949895581,142916.07998962468,-0.06880327402847934,-0.0684673094278136,373.39795860648155,-16088668901.173662,-1012211255.1986918,-195290879.69186455,-16089596703.659199,-1876499401.2574096,16120478858.791496,16199830573.713146,-0.9866302147022215,-0.007014410737331616,0.16282388485310262,-0.0071092830624145216,0.9999747287278506,0.0,0.1628197700863961,0.0011575610867426947,0.9866551487330026,4545.711798462981,-537.3883365327578,-0.11767258708093714,6.063433149675215e-10,185.62297141374953,0.0,-87.1,6.8,0.0,3.035545952174278e-17,2.2957422751258147,1.5707963267948966,17.324654076590985,461.0,0.0029330175981790827,0.06511543128135483,0.0,0.006431446148460291,-1555.181502177271,-16.14764659117461,256.65942509795514,-0.015373955986635194,0.02191234363079028,-0.1601933786506395,-0.015445601589973521,0.021861901051753,-0.1601933786506395,-2.137305608625545e-18,1.9875479930356098e-21,2.0539172385744804e-19,-2.1373006638379216e-18,-5.008729101988057e-21,2.0539172385744804e-19,-1555.1969477788612,-16.125784690122856,256.4992317193045,-1678301.3985601086,90.28404502613918,131586.87068182425,-0.04441474652300695,4575.287860225529
46.258941656442516,2001.0,12.0,14.0,14.0,22.0,14.0,1.0,3491732.707473059,36232.47741294086,-575898.5841789657,433.17183066148476,-285.3930804782391,4536.202249088566,3539091.588545846,4565.765860170629,3491832.7408792456,24783.110788504557,-575898.5841789657,3539091.588545846,433.9904014741052,-534.3212348589009,4536.202249088566,4588.134446071623,12759328.222313218,0.724186115650298,1.633628055906543,2.1073424255447017e-08,8.770191055275579e-07,6.119406529600355,-0.16345181158086855,0.007097331544856336,142891.58854584536,-0.0687611352470408,-0.06842537781299617,374.54874151945114,-16088668804.839558,-1012211242.162723,-195293639.75377214,-16089593990.373724,-1876516014.2282193,16120478761.82895,16199829836.527714,-0.9866466163747918,-0.007002675734280029,0.16272497327925692,-0.00709727196040621,0.9999748140481939,0.0,0.16272087489592227,0.0011549033901127198,0.9866714666347989,4545.743534479039,-537.3879253774984,-0.11767168391305709,6.079046872492783e-10,185.5894856823067,0.0,-87.0894856823067,6.8,0.0,3.0354886121593004e-17,2.295732910790724,1.5707963267948966,17.326286249461326,461.0,0.0029406046707631667,0.0653446556406235,0.0,0.006448054835885314,-1555.2288522655406,-16.13806066571604,256.507060857525,-0.015404005572169699,0.021968624938658463,-0.1606073594929132,-0.015475956503326867,0.021917998076239,-0.1606073594929132,-2.1427967288843505e-18,2.007634748804665e-21,2.0579229887675388e-19,-2.142791792698633e-18,-5.01847169323583e-21,2.0579229887675388e-19,-1555.2443282220438,-16.1161426676398,256.3464534980321,-1678301.5239432193,90.47252946251943,131548.6125862395,-0.04431270445833357,4575.317809759788
46.29279058701999,2001.0,12.0,14.0,14.0,22.0,14.0,1.0,3491747.367943605,36222.81714234701,-575745.0382654219,433.05763607381806,-285.39426365276836,4536.221068897908,3539080.971539091,4565.773799456235,3491847.429024139,24765.024537261677,-575745.0382654219,3539080.9715390904,433.87423347591135,-534.3241215006894,4536.221068897908,4588.142402236996,12759327.808179408,0.7241861067093474,1.6336280557189398,2.1073424255447017e-08,8.780312456283992e-07,6.119450093708945,-0.16340833459895657,0.007092122387127976,142880.9715390904,-0.06874285998213572,-0.06840719239385558,375.0484557747841,-16088668762.987047,-1012211236.4993562,-195294835.70185226,-16089592814.071259,-1876523215.9658806,16120478719.70342,16199829516.866041,-0.9866537265197382,-0.006997586304585667,0.16268207562796722,-0.007092062933779174,0.9999748510054357,0.0,0.16267798433733155,0.0011537515185513667,0.9866785404929898,4545.757292104923,-537.3877471554187,-0.1176712923950034,6.085417076545773e-10,185.57621442386298,0.0,-87.07621442386296,6.8,0.0,3.0354657951977944e-17,2.295729184498127,1.5707963267948966,17.326935818723864,461.0,0.0029437010630353373,0.06544424338593913,0.0,0.006454828940000988,-1555.2493789348348,-16.13390315149946,256.44097892295514,-0.015416001949895853,0.021991272278275537,-0.16077628039306405,-0.015488079717642978,0.021940568798378475,-0.16077628039306405,-2.1450371164794262e-18,2.0162411985777717e-21,2.059522461800335e-19,-2.1450321844260707e-18,-5.02235793843995e-21,2.059522461800335e-19,-1555.2648670145525,-16.111962582701082,256.2802026425621,-1678301.5784164201,90.66101389889968,131510.44223858038,-0.0442106643975386,4575.347690165569
46.33374237305963,2001.0,12.0,14.0,14.0,22.0,14.0,1.0,3491765.0995983346,36211.129708221575,-575559.2714446741,432.91947689215044,-285.39569469419155,4536.243831350861,3539068.1304029226,4565.7834019466245,3491865.1940711043,24743.14293867819,-575559.2714446741,3539068.1304029226,433.7336867670834,-534.327612350781,4536.243831350861,4588.152025143216,12759327.30656024,0.7241860958796218,1.6336280554917137,2.1073424255447017e-08,8.794210362243639e-07,6.119502799652735,-0.16335573406226728,0.007085820171715946,142868.13040292263,-0.06872074967522782,-0.06838519078608259,375.6535304784775,-16088668712.293427,-1012211229.6397567,-195296281.75357625,-16089591391.2705,-1876531926.4078076,16120478668.679115,16199829130.164934,-0.9866623261851575,-0.006991428824474532,0.16263017558216566,-0.007085760876720726,0.9999748956812855,0.0,0.16262609286240526,0.001152358535514332,0.9866870962924943,4545.773931867204,-537.3875316087126,-0.11767081886204563,6.093121758246413e-10,185.56016300365332,0.0,-87.0601630036533,6.8,0.0,3.035438197516813e-17,2.29572467745479,1.5707963267948966,17.327721556345296,461.0,0.0029474461524814127,0.06556486923886036,0.0,0.0064630221821829975,-1555.2742060646856,-16.128873048802184,256.3610275623224,-0.015430498298273847,0.022018662887096706,-0.16098058983188093,-0.01550272963327243,0.02196786669174544,-0.16098058983188093,-2.1477468222769045e-18,2.026671021113512e-21,2.0614552541347243e-19,-2.147741895276057e-18,-5.027054005864834e-21,2.0614552541347243e-19,-1555.2897087943188,-16.106905182110438,256.20004697249055,-1678301.6443970315,90.84949833527993,131472.35963884695,-0.04410862633594717,4575.377501443959
46.388899870023614,2001.0,12.0,14.0,14.0,22.0,14.0,1.0,3491788.9732209975,36195.387942917034,-575309.0627440467,432.73338836744983,-285.397621437589,4536.274478586819,3539050.841297921,4565.796330631528,3491889.112514859,24713.67063541163,-575309.0627440467,3539050.841297921,433.5443824807057,-534.3323114993319,4536.274478586819,4588.164981315615,12759326.629925173,0.7241860812713677,1.633628055185223,2.1073424255447017e-08,8.815645848363352e-07,6.119573789293687,-0.16328488638909253,0.007077331843345179,142850.84129792033,-0.0686909692718194,-0.06835555678856746,376.46936401724815,-16088668643.913017,-1012211220.3870867,-195298227.94692236,-16089589475.499254,-1876543654.0638764,16120478599.852661,16199828609.387909,-0.9866739046998926,-0.00698313523700272,0.1625602706891479,-0.007077272761188492,0.9999749557915257,0.0,0.16255619949583913,0.0011504833757997345,0.9866986157857276,4545.7963355330385,-537.3872414184252,-0.11767018131021634,6.103495221247795e-10,185.53855162240043,0.0,-87.03855162240042,6.8,0.0,3.035401038955322e-17,2.2957186090011725,1.5707963267948966,17.328779619926415,461.0,0.0029524885548763424,0.06572758220926977,0.0,0.0064740535191400266,-1555.3076335838807,-16.122097755586754,256.2533371340629,-0.015449993253683514,0.022055539335040678,-0.1612556718654279,-0.015522431626048355,0.022004618226932417,-0.1612556718654279,-2.151395102157691e-18,2.040748920506505e-21,2.064054507193376e-19,-2.151390182053903e-18,-5.033369282209348e-21,2.064054507193376e-19,-1555.3231560155068,-16.10009313735982,256.0920814621975,-1678301.733398417,91.03798277166017,131434.36478703914,-0.04400659026888474,4575.407243596058
46.49234514379281,2001.0,12.0,14.0,14.0,22.0,14.0,1.0,3491833.719393125,36165.86472103362,-574839.8036174149,432.3843773642369,-285.4012327558792,4536.331921194035,3539018.436443183,4565.820562909936,3491933.9422685513,24658.396027673214,-574839.8036174149,3539018.436443183,433.18934038101435,-534.3411163655389,4536.331921194035,4588.189265113469,12759325.357823476,0.7241860538072044,1.6336280546090596,2.1073424255447017e-08,8.852092468905229e-07,6.1197069288661945,-0.16315201305872762,0.007061412553123255,142818.43644318264,-0.06863511666494387,-0.06829997875980232,378.0020522773266,-16088668515.356024,-1012211202.992588,-195301873.37049845,-16089585884.367538,-1876565635.2965765,16120478470.457136,16199827632.90268,-0.9866956064173679,-0.006967580551079476,0.16242916332336085,-0.007061353868756489,0.9999750683299761,0.0,0.16242511369305862,0.0011469698008322938,0.9867202069999748,4545.838327039364,-537.3866975737491,-0.11766898636819656,6.123049816720228e-10,185.49776634740377,0.0,-87.0,6.8,0.0,3.035330930427577e-17,2.2957071594097,1.5707963267948966,17.330776275236122,461.0,0.002961993738847555,0.06603348963167048,0.0,0.006494848951044952,-1555.3702886004482,-16.109390070961116,256.05135384477444,-0.015486745631180396,0.022125124630183846,-0.1617742203153267,-0.015559574468244882,0.022073968209481386,-0.1617742203153267,-2.1582722410051603e-18,2.0672811626919626e-21,2.0689546200510262e-19,-2.1582673340294988e-18,-5.04527561608607e-21,2.0689546200510262e-19,-1555.3858481749164,-16.087316102751632,255.88957962445912,-1678301.9007246997,91.22646720804042,131396.457683157,-0.043904556191677,4575.436916622976
46.537238270861714,2001.0,12.0,14.0,14.0,22.0,14.0,1.0,3491853.1270799916,36153.05213206526,-574636.1529327744,432.23290937078605,-285.4027991015455,4536.356835966312,3539004.3815364456,4565.831073188804,3491953.3860339737,24634.40769833418,-574636.1529327744,3539004.381536446,433.0352549798292,-534.3449341825687,4536.356835966312,4588.199797737704,12759324.804432413,0.7241860418596943,1.6336280543584256,2.1073424255447017e-08,8.865877855207922e-07,6.119764709465139,-0.16309434799836825,0.007054503975713881,142804.38153644558,-0.0686108774260612,-0.0682758586825033,378.6683831214905,-16088668459.431433,-1012211195.4257905,-195303453.55546844,-16089584326.6168,-1876575169.2478468,16120478414.167776,16199827209.205698,-0.9867050191438177,-0.006960829951738924,0.1623722637730384,-0.0070544454634210284,0.9999751170900222,0.0,0.16236822347861604,0.0011454462795591133,0.9867295718469264,4545.856540135741,-537.3864617156682,-0.11766846809480244,6.132486682672243e-10,185.477687909208,0.0,-87.0,6.8,0.0,3.0352966026450284e-17,2.2957015532573672,1.5707963267948966,17.331754087067335,461.0,0.0029665786478476636,0.06616656685530825,0.0,0.006504888534188338,-1555.3974646893214,-16.10387481389248,255.96369115841898,-0.015505080838789397,0.02215935710255763,-0.16202441235581275,-0.015578092739674577,0.022108090501220673,-0.16202441235581275,-2.1615909963624606e-18,2.0791494054522077e-21,2.071398702526459e-19,-2.161586094414446e-18,-5.051222783296678e-21,2.071398702526459e-19,-1555.413042782061,-16.08176672339126,255.80166674606318,-1678301.9735151697,91.41495164442067,131358.63832720052,-0.043802524099649964,4575.46652052584
46.65228980341261,2001.0,12.0,14.0,14.0,22.0,14.0,1.0,3491902.8338079103,36120.21587178674,-574114.2344546621,431.84471704475345,-285.40681084504354,4536.4206481412075,3538968.3842828833,4565.857992119126,3492003.184687105,24572.92993226413,-574114.2344546621,3538968.3842828833,432.64035469656045,-534.3547092753731,4536.4206481412075,4588.226773898456,12759323.382336192,0.7241860111571061,1.6336280537143386,2.1073424255447017e-08,8.907106002497047e-07,6.119912790930853,-0.1629465626186213,0.007036798949628914,142768.38428288326,-0.06854875643934386,-0.06821404308247542,380.3796424269676,-16088668315.718437,-1012211175.9806329,-195307498.1128242,-16089580336.420246,-1876599587.6639836,16120478269.517395,16199826123.553326,-0.9867291271082391,-0.006943529092092597,0.16222643779593907,-0.007036740876783886,0.999975241832433,0.0,0.16222242136660833,0.0011415454061337227,0.9867535573181585,4545.903187801048,-537.3858577007802,-0.11766714071844499,6.156656267206953e-10,185.4262632612618,0.0,-87.0,6.8,0.0,3.0352086759749206e-17,2.2956871937424164,1.5707963267948966,17.33425916158368,461.0,0.002978321739772983,0.06650855210689308,0.0,0.006530602208085327,-1555.4670700345046,-16.089739326977107,255.73901355051873,-0.01555195376947535,0.02224703463546653,-0.16266521320577904,-0.015625435641462473,0.022195485512465366,-0.16266521320577904,-2.1700908391072808e-18,2.1096816721530928e-21,2.0776468367477555e-19,-2.1700859503854785e-18,-5.066426122486455e-21,2.0776468367477555e-19,-1555.482695470146,-16.06754384146464,255.57634833731296,-1678302.1605710853,91.60343608080092,131320.90671916967,-0.043700493988129877,4575.496055305785
46.775814700683895,2001.0,12.0,14.0,14.0,22.0,14.0,1.0,3491956.151639467,36084.96075903311,-573553.8693327791,431.42791562482824,-285.4111140955032,4536.489097380044,3538929.7718932345,4565.886866872374,3492056.6003549006,24506.923174305324,-573553.8693327791,3538929.7718932345,432.2163511319895,-534.3651896180039,4536.489097380044,4588.25571003942,12759321.849205285,0.7241859780572314,1.6336280530199865,2.1073424255447017e-08,8.950625310946529e-07,6.120071781701538,-0.16278788971817595,0.007017790276814742,142729.77189323446,-0.0684820587787222,-0.06814767330121263,382.222685277462,-16088668160.786413,-1012211155.0177395,-195311832.3515839,-16089576055.524675,-1876625780.3173187,16120478113.574825,16199824958.243256,-0.9867549868012052,-0.006924953235563859,0.16206986470543686,-0.007017732673319473,0.9999753754108777,0.0,0.16206587380160936,0.0011373629849038107,0.9867792858356733,4545.953225144454,-537.3852099040502,-0.11766571694107525,6.182870701782079e-10,185.37110270462068,0.0,-86.97110270462068,6.8,0.0,3.035114350749423e-17,2.29567178926407,1.5707963267948966,17.33694736904228,461.0,0.002991058188496006,0.06687723102790501,0.0,0.006558479975063939,-1555.541735731857,-16.074561092804274,255.49776191168777,-0.015602801366330674,0.022341070757628666,-0.16336008255790532,-0.015676789079777823,0.022289215715737953,-0.16336008255790532,-2.1793064113506032e-18,2.1427584125882294e-21,2.0844233203614235e-19,-2.1793015372000334e-18,-5.082905176156205e-21,2.0844233203614235e-19,-1555.5574125209369,-16.052271877088536,255.33440182912986,-1678302.3622320294,91.79192051718117,131283.26285906447,-0.04359846585244335,4575.52552096396
46.90996837181207,2001.0,12.0,14.0,14.0,22.0,14.0,1.0,3492013.9989136015,36046.67149705937,-572945.277683842,430.9752276064815,-285.41578298609664,4536.563362932652,3538887.8793138945,4565.918194831226,3492114.552875877,24435.235359862912,-572945.277683842,3538887.8793138945,431.75584107248096,-534.3765545385454,4536.563362932652,4588.287104600529,12759320.176732924,0.7241859419489102,1.6336280522626205,2.580956827951785e-08,8.997636520535372e-07,6.120244456838056,-0.1626155597749828,0.006997146343590986,142687.87931389455,-0.06840962024948374,-0.06807559086557852,384.2309078872204,-16088667991.77524,-1012211132.1512372,-195316529.92963108,-16089571409.995537,-1876654198.4143257,16120477943.461359,16199823693.010847,-0.9867830437038074,-0.006904778052646393,0.16189981068146256,-0.006997089246950176,0.9999755200714017,0.0,0.161895847385657,0.001132827424402531,0.9868072006736203,4546.0075141922725,-537.3845071915218,-0.11766417224710504,6.21159704190089e-10,185.31125616270648,0.0,-86.91125616270648,6.8,0.0,3.035011999735783e-17,2.295655074075052,1.5707963267948966,17.339865284370905,461.0,0.0030050149985607105,0.06727942944584415,0.0,0.00658901789832864,-1555.6227486820667,-16.05807485667024,255.23572012948287,-0.015658501490910835,0.022443070021212364,-0.16412139492301134,-0.015733040002787968,0.02239088013429958,-0.16412139492301134,-2.1894016386254716e-18,2.1790110464137337e-21,2.0918450355735802e-19,-2.189396780777925e-18,-5.100943471538544e-21,2.0918450355735802e-19,-1555.6384817220694,-16.03568397653594,255.07159873455987,-1678302.5822213609,91.98040495356142,131245.70674688497,-0.0434964396879172,4575.554917501527
47.1609939953407,2001.0,12.0,14.0,14.0,22.0,15.0,1.0,3492122.0784154716,35975.023726960084,-571806.4666159747,430.1281036637915,-285.42450635008294,4536.702121668474,3538809.608915517,4565.976727397746,3492222.826494618,24301.090487697,-571806.4666159747,3538809.608915517,430.89408017309626,-534.3977722052618,4536.702121668474,4588.3457616026935,12759317.026356708,0.7241858739326779,1.6336280508361267,2.1073424255447017e-08,9.086043369428319e-07,6.120567573968187,-0.16229308848775612,0.0069585188191586935,142609.6089155171,-0.06827406963700805,-0.06794070657286638,388.0075237751007,-16088667673.421015,-1012211089.0808988,-195325293.11774677,-16089562727.766727,-1876707294.555986,16120477623.030928,16199821326.493433,-0.9868354651508997,-0.00686702399204352,0.16158158528093497,-0.006958462662906401,0.9999757896056128,0.0,0.1615776733270296,0.0011243594281906124,0.9868593574051472,4546.108948279495,-537.3831945929891,-0.11766128630303804,6.265273759138039e-10,185.19944130788153,0.0,-86.89944130788156,6.8,0.0,3.034820735819189e-17,2.2956238383070366,1.5707963267948966,17.345320739786033,461.0,0.0030310955307723134,0.06803703921994562,0.0,0.006646120410485233,-1555.7741219102,-16.027220610484935,254.74530486794816,-0.01576218941355941,0.022637326392241697,-0.16554449214327827,-0.01583777512601424,0.022584508857967478,-0.16554449214327827,-2.208276422773412e-18,2.247437897935416e-21,2.1056663853439565e-19,-2.2082715970977527e-18,-5.134569639482908e-21,2.1056663853439565e-19,-1555.789959685326,-16.004636101626968,254.57976037580488,-1678302.9966075365,92.16888938994167,131208.23838263107,-0.04339441548987856,4575.584244919657
47.282501692781466,2001.0,12.0,14.0,14.0,22.0,15.0,1.0,3492174.3173774304,35940.34219620423,-571255.2183119751,429.7180279485138,-285.42872277815405,4536.769190938762,3538771.777834276,4566.00501874252,3492275.1580981677,24236.156422147167,-571255.2183119751,3538771.777834276,430.47691927303885,-534.4080199706891,4536.769190938762,4588.374113091363,12759315.491613792,0.7241858407976343,1.6336280501412679,2.580956827951785e-08,9.131141722115315e-07,6.1207239823056465,-0.16213699273133952,0.006939821819164667,142571.7778342762,-0.06820845465273263,-0.06787541411951205,389.8443930745125,-16088667518.333849,-1012211068.1000595,-195329522.35325652,-16089558530.038149,-1876732958.3836925,16120477466.932394,16199820181.4375,-0.9868608029409107,-0.006848748080889145,0.16142753875515042,-0.006939766114358946,0.9999759195332045,0.0,0.16142365150466356,0.0011202693633773585,0.9868845675819713,4546.157976484026,-537.3825603134936,-0.11765989146224339,6.291755516006648e-10,185.14539690610889,0.0,-86.84539690610889,6.8,0.0,3.034728274087477e-17,2.29560873816032,1.5707963267948966,17.347959318956143,461.0,0.003043962108407577,0.06840612319135837,0.0,0.006674272707343333,-1555.847291952996,-16.012283178298404,254.50788066392073,-0.015813404800329615,0.02273136171102574,-0.16624633159556287,-0.01588949989767971,0.022678235593145496,-0.16624633159556287,-2.217582710059297e-18,2.2810607039364178e-21,2.1124908051362359e-19,-2.2175779004989383e-18,-5.151156238289965e-21,2.1124908051362359e-19,-1555.8631814528937,-15.989604942705258,254.34163433232516,-1678303.198480716,92.35737382632192,131170.85776630286,-0.043292393253654915,4575.613503219535
47.42890584237161,2001.0,12.0,14.0,14.0,22.0,15.0,1.0,3492237.1937092734,35898.553875204394,-570591.0105661858,429.22390369940996,-285.43379787269737,4536.849919063588,3538726.2432456813,4566.03907129388,3492338.144909918,24157.91596776138,-570591.0105661858,3538726.2432456813,429.97425790591893,-534.4203479296344,4536.849919063588,4588.408238033126,12759313.63379264,0.7241858006872267,1.6336280493002278,2.1073424255447017e-08,9.182066025140546e-07,6.1209124425190575,-0.16194890911424636,0.006917294274999176,142526.24324568128,-0.06812939334790181,-0.0677967414328095,392.06529408693314,-16088667330.601778,-1012211042.7042074,-195334607.2892196,-16089553476.413223,-1876763848.4814842,16120477277.976152,16199818802.13889,-0.9868913006694701,-0.006826726428434883,0.16124191908183488,-0.006917239110908208,0.9999760756153532,0.0,0.16123806146814157,0.0011153489089907648,0.9869149120014384,4546.216989310321,-537.3817970051381,-0.11765821263153323,6.323826253084791e-10,185.0803474938304,0.0,-86.8,6.8,0.0,3.0346169701434866e-17,2.295590560846818,1.5707963267948966,17.351136702322542,461.0,0.003059544390524053,0.06885290740743988,0.0,0.006708374545044611,-1555.9353663517418,-15.994282884315405,254.22177355580214,-0.01587536431441005,0.02284597261431327,-0.16709639902029114,-0.015952079710062527,0.022792472655089605,-0.16709639902029114,-2.2288553691801892e-18,2.32189496346796e-21,2.1207480919029183e-19,-2.2288505796209727e-18,-5.1712322354543065e-21,2.1207480919029183e-19,-1555.951318431452,-15.971490411660316,254.05467715678185,-1678303.4428502247,92.54585826270217,131133.56489790027,-0.04319037297457393,4575.642692402359
47.540559572267,2001.0,12.0,14.0,14.0,22.0,15.0,1.0,3492285.097120458,35866.68391113741,-570084.4509165324,428.8470457432657,-285.4376644779193,4536.911424341475,3538691.5519385454,4566.065015006415,3492386.131737466,24098.245418390823,-570084.4509165324,3538691.5519385454,429.5908890466345,-534.4297353792851,4536.911424341475,4588.434236897118,12759312.210524926,0.7241857699587535,1.6336280486559307,2.580956827951785e-08,9.223084524538714e-07,6.121056173148201,-0.16180546566939522,0.00690011415014396,142491.55193854542,-0.06806909648021993,-0.06773674094242509,393.76489183306694,-16088667186.78301,-1012211023.2490059,-195338477.30188555,-16089549625.392336,-1876787382.9004896,16120477133.219578,16199817750.496199,-0.986914536200333,-0.006809931033743098,0.1611003509487093,-0.006900059396056918,0.99997619430681,0.0,0.16109651584318183,0.0011116019902717086,0.9869380309442952,4546.261950014133,-537.3812155593997,-0.11765693361497741,6.348605758181836e-10,185.03078848363631,0.0,-86.8,6.8,0.0,3.0345321608235167e-17,2.29557671043378,1.5707963267948966,17.353558556305355,461.0,0.0030715838084978435,0.06919519007207921,0.0,0.006734736774757726,-1556.0024708689223,-15.980553487348757,254.00355055819793,-0.015923319741589923,0.02293583185011935,-0.1677533652062195,-0.01600051805638948,0.02288204353149016,-0.1677533652062195,-2.2375695497725962e-18,2.3533431787923528e-21,2.1271413079936164e-19,-2.2375647757138474e-18,-5.1867888232228054e-21,2.1271413079936164e-19,-1556.0184713869787,-15.957671443817267,253.83579719299172,-1678303.6300605573,92.73434269908242,131096.35977742338,-0.043088354647963664,4575.671812469333
47.62848879192477,2001.0,12.0,14.0,14.0,22.0,15.0,1.0,3492322.7922580405,35841.58546628811,-569685.5217077791,428.5502522227786,-285.4407071397317,4536.959823483572,3538664.253389575,4566.085430199124,3492423.8920551804,24051.25310413872,-569685.5217077791,3538664.253389575,429.2889679866618,-534.4371194148675,4536.959823483572,4588.454695488188,12759311.085736923,0.7241857456744313,1.6336280481467562,2.1073424255447017e-08,9.253129182017193e-07,6.121169365447647,-0.16169249951879014,0.006886584686078111,142464.25338957505,-0.06802161074372659,-0.06768948860895191,395.10696640610695,-16088667073.126228,-1012211007.8739794,-195341520.15594956,-16089546594.519358,-1876805902.2694926,16120477018.821667,16199816922.468596,-0.9869328204024719,-0.006796703892182137,0.1609888593307758,-0.006886530253438237,0.9999762875693946,0.0,0.16098504189362067,0.0011086546502479002,0.9869562235334329,4546.297330006354,-537.3807580772678,-0.11765592717621555,6.367807129406528e-10,184.99281673696882,0.0,-86.79281673696882,6.8,0.0,3.034467103123329e-17,2.2955660857050444,1.5707963267948966,17.355416849096283,461.0,0.003080913937061425,0.06946568854611329,0.0,0.006755163049449309,-1556.0552774789408,-15.969740352085209,253.83168031371213,-0.015960219161507277,0.023005200471308506,-0.16826246425560631,-0.01603779407042634,0.02295118745867052,-0.16826246425560631,-2.244322094372591e-18,2.3781184262407835e-21,2.1320608696092158e-19,-2.2443173331035506e-18,-5.198756311772038e-21,2.1320608696092158e-19,-1556.0713152730111,-15.946789164626539,253.66341784945652,-1678303.778010225,92.92282713546267,131059.2424048721,-0.04298633826915242,4575.700863421681
47.67812701945044,2001.0,12.0,14.0,14.0,22.0,15.0,1.0,3492344.060574498,35827.416652910244,-569460.3143859664,428.3827004613326,-285.4424238814882,4536.987131482678,3538648.851026979,4566.096948888109,3492445.1969683366,24024.72448942249,-569460.3143859664,3538648.8510269793,429.11852156610837,-534.4412844851234,4536.987131482678,4588.466238663264,12759310.449322104,0.72418573193413,1.6336280478586702,2.580956827951785e-08,9.272306672397019e-07,6.1212332660783755,-0.1616287265491721,0.006878947036819964,142448.85102697928,-0.06799480350768178,-0.06766281313503712,395.86587741971016,-16088667008.818678,-1012210999.1748306,-195343236.03781152,-16089544884.253706,-1876816351.3155918,16120476954.09479,16199816455.097443,-0.986943136772321,-0.006789236655242037,0.16092591787419058,-0.006878892785086532,0.9999763401371311,0.0,0.16092211038904164,0.0011069921353981974,0.9869664882640896,4546.31729225751,-537.3804999795692,-0.11765535933120914,6.378011194626231e-10,184.9735637837241,0.0,-86.77356378372409,6.8,0.0,3.034433959751011e-17,2.2955606729815816,1.5707963267948966,17.356363707223935,461.0,0.00308587366570881,0.06961874171418946,0.0,0.006766014020731911,-1556.0850728100945,-15.963635679632992,253.73464910784756,-0.01597942028893196,0.023041496291428792,-0.16853303999261057,-0.016057198504149637,0.022987361751984327,-0.16853303999261057,-2.2479107987567866e-18,2.3919208880202236e-21,2.1346214880602355e-19,-2.247906045334243e-18,-5.204978642903675e-21,2.1346214880602355e-19,-1556.1011300085986,-15.940648317881008,253.56611606785495,-1678303.8617214393,93.11131157184292,131022.21278024648,-0.0428843238334688,4575.72984526063
47.833017652331,2001.0,12.0,14.0,14.0,22.0,15.0,1.0,3492410.372550791,35783.203880523106,-568757.5709811895,427.85985297523666,-285.4477765345121,4537.07227573687,3538600.828368288,4566.132862957082,3492511.622216894,23941.943534933933,-568757.5709811895,3538600.828368288,428.5866414487926,-534.4542653500878,4537.07227573687,4588.502229076434,12759308.456913857,0.7241856889176103,1.633628046956843,2.580956827951785e-08,9.329602624475417e-07,6.1214326645310955,-0.1614297264239546,0.006855114912163519,142400.828368288,-0.06791115281055539,-0.06757957358865749,398.2396108806133,-16088666807.494633,-1012210971.941994,-195348581.52144566,-16089539550.994473,-1876848930.4479673,16120476751.45805,16199814997.062204,-0.9869753022771302,-0.006765935095870645,0.16072950823431922,-0.006855061222343643,0.999976503791783,0.0,0.16072573170032714,0.001101810619183445,0.9869984929992315,4546.379532939697,-537.3796953675968,-0.11765358889310512,6.409826206009199e-10,184.91353546036,0.0,-86.71353546036,6.8,0.0,3.034330614153589e-17,2.295543795364706,1.5707963267948966,17.35931682907961,461.0,0.003101337953384344,0.07009791289886445,0.0,0.00679984654581845,-1556.17797482173,-15.944584916220546,253.43184521800117,-0.01603913933863582,0.0231546502716008,-0.1693766809798482,-0.01611755323796841,0.023100136310108047,-0.1693766809798482,-2.2590997684805904e-18,2.4351851374454328e-21,2.1425854856054216e-19,-2.2590950401529992e-18,-5.224330754241945e-21,2.1425854856054216e-19,-1556.194092374968,-15.921484779910438,253.26246853702133,-1678304.1237941403,93.29979600822315,130985.27090354654,-0.04278231133624176,4575.7587579874225
47.87597899737824,2001.0,12.0,14.0,14.0,22.0,15.0,1.0,3492428.75086972,35770.94062835987,-568562.6517487115,427.714827502917,-285.4492600359686,4537.095873754725,3538587.518920282,4566.142816575396,3492530.0317058163,23918.9825837005,-568562.6517487115,3538587.518920282,428.4391105902416,-534.4578615624512,4537.095873754725,4588.512203853382,12759307.90246699,0.7241856769469608,1.6336280467059388,2.1073424255447017e-08,9.345059824154213e-07,6.121487971773065,-0.16137452965971216,0.006848504784748669,142387.5189202819,-0.06788795053173104,-0.06755648534934347,398.8994990289211,-16088666751.470676,-1012210964.3645798,-195350061.83297426,-16089538072.646967,-1876857959.8125145,16120476695.068853,16199814592.739202,-0.9869842170164782,-0.006759471810661568,0.16067502886637525,-0.006848451250092009,0.9999765490827648,0.0,0.16067126088957154,0.0011003751022984972,0.9870073632444641,4546.396783130839,-537.379472397884,-0.11765309822604296,6.418878531786547e-10,184.89645560040276,0.0,-86.69645560040274,6.796455600402742,0.0,3.034301241990529e-17,2.295538998526453,1.5707963267948966,17.36015633487736,461.0,0.0031057375981908297,0.07023124143009085,0.0,0.006809461921384174,-1556.203723586533,-15.93930040467789,253.34785012385328,-0.01605620355587531,0.023186820328218175,-0.1696164350555103,-0.01613479687232988,0.023132199191806826,-0.1696164350555103,-2.2622794664229933e-18,2.4473364317832046e-21,2.1448608769182558e-19,-2.262274745102778e-18,-5.229849412113419e-21,2.1448608769182558e-19,-1556.2198583834054,-15.916168205486084,253.17823368879777,-1678304.196723681,93.4882804446034,130948.41677477222,-0.04268030077280045,4575.787601603313
47.91500623995098,2001.0,12.0,14.0,14.0,22.0,15.0,1.0,3492445.4408291886,35759.80030455543,-568385.580989263,427.58308037365396,-285.4506072590482,4537.117304024963,3538575.4321708204,4566.1518558069365,3492546.7498876443,23898.12410336931,-568385.580989263,3538575.4321708204,428.3050874839768,-534.4611268645543,4537.117304024963,4588.521262299733,12759307.398112552,0.7241856660578074,1.633628046477689,2.580956827951785e-08,9.359305350448357e-07,6.121538214718822,-0.16132438707092597,0.0068424999993087,142375.43217082042,-0.06786687278947627,-0.06753551120380745,399.4996035397053,-16088666700.50856,-1012210957.4715546,-195351405.70595294,-16089536730.021614,-1876866159.706884,16120476643.774483,16199814225.474277,-0.9869923128203772,-0.006753600300872619,0.16062553756006095,-0.006842446605346333,0.9999765901882168,0.0,0.1606217773464591,0.001099071664209769,0.9870154186655553,4546.412448684983,-537.3792699220763,-0.1176526526382999,6.428029927807378e-10,184.87918881545778,0.0,-86.67918881545778,6.779188815457776,0.0,3.034271683024533e-17,2.2955341711809663,1.5707963267948966,17.361001264812092,461.0,0.0031101833672145186,0.07035253754438787,0.0,0.00681913948413204,-1556.227107279955,-15.934499630051326,253.27154382476118,-0.01607387468615432,0.02321925448609727,-0.16985768389659966,-0.016152642049077414,0.023164528511297546,-0.16985768389659966,-2.265479032352279e-18,2.45878853571773e-21,2.147216214786097e-19,-2.2654743169973283e-18,-5.2355223590163194e-21,2.147216214786097e-19,-1556.243259922004,-15.911335101540027,253.1016861408646,-1678304.2630642895,93.67676488098365,130911.65039392357,-0.04257829213847444,4575.816376109565
48.024785185389014,2001.0,12.0,14.0,14.0,22.0,16.0,1.0,3492492.3601071257,35728.46362996727,-567887.4977284569,427.2124809027952,-285.4543946415749,4537.177550048935,3538541.4535647715,4566.177267247447,3492593.7480753516,23839.451020634846,-567887.4977284569,3538541.4535647715,427.92808587812107,-534.4703036278502,4537.177550048935,4588.546727757212,12759305.975608176,0.7241856353454923,1.6336280458339663,2.580956827951785e-08,9.398369211686885e-07,6.121679543920689,-0.16118334014723032,0.006825609424038775,142341.45356477145,-0.06780758277594393,-0.06747651259617338,401.19103199243546,-16088666556.773726,-1012210938.0309082,-195355181.3610728,-16089532955.105804,-1876889211.62621,16120476499.10259,16199813192.535252,-0.9870150721441651,-0.006737084002963616,0.16048632047431852,-0.006825556424506354,0.9999767056184339,0.0,0.16048258204473326,0.0010954084357588704,0.9870380645854618,4546.4564885528325,-537.3787007684538,-0.11765140000619087,6.453756586673034e-10,184.83064794967353,0.0,-86.63064794967352,6.730647949673521,0.0,3.034188580121405e-17,2.295520599446947,1.5707963267948966,17.36337718138403,461.0,0.0031226817105756044,0.07069465651279123,0.0,0.006846344850228482,-1556.2928461525971,-15.920994698936369,253.05688860753523,-0.016123464487916024,0.02331042468835226,-0.1705358805021565,-0.016202722168083415,0.02325540368577441,-0.1705358805021565,-2.274473343369283e-18,2.4911163203259944e-21,2.1538258724055831e-19,-2.274468645140392e-18,-5.251440868362049e-21,2.1538258724055831e-19,-1556.3090488747653,-15.897739295250593,252.88635272703308,-1678304.4501743987,93.8652493173639,130874.97176100058,-0.04247628542859349,4575.845081507455
48.274634998082306,2001.0,12.0,14.0,14.0,22.0,16.0,1.0,3492598.9936901,35657.141827369014,-566753.8676582903,426.36896201258986,-285.46300240888064,4537.314474940593,3538464.230283249,4566.235020453658,3492700.5586317894,23705.911110645397,-566753.8676582903,3538464.2302832496,427.06999567394274,-534.4911445762501,4537.314474940593,4588.604603726584,12759302.716850508,0.7241855649876211,1.6336280443594613,2.580956827951785e-08,9.491232597407566e-07,6.122001210147011,-0.16086231629527084,0.006787168468105507,142264.2302832501,-0.06767263781493923,-0.06734223086050987,405.0597501397133,-16088666227.503126,-1012210893.4982821,-195363749.7937098,-16089524373.12213,-1876941602.6006835,16120476167.685507,16199810842.340034,-0.9870667982850299,-0.006699491521706796,0.16016944944867292,-0.006787116358997761,0.9999769672605112,0.0,0.1601657603074697,0.001087088690564753,0.9870895336611107,4546.556580426066,-537.3774075350337,-0.1176485532360261,6.512225642682067e-10,184.72032897607156,0.0,-86.6,6.7,0.0,3.0339996794262864e-17,2.2954897496222872,1.5707963267948966,17.36878037162935,461.0,0.0031510882363904673,0.07147840736057441,0.0,0.0069084406142040115,-1556.4422619715585,-15.890253241639481,252.56826602563854,-0.01623650442668088,0.02352104587449628,-0.17208349513970983,-0.016316894000822233,0.02346534988432343,-0.17208349513970983,-2.2950008871650304e-18,2.565073513047546e-21,2.168896281724276e-19,-2.294996228467567e-18,-5.288006244969007e-21,2.168896281724276e-19,-1556.4585788655593,-15.866787891755157,252.39618253049883,-1678304.8788175303,94.05373375374415,130838.38087600323,-0.042374280638487784,4575.873717798264
48.438056518881424,2001.0,12.0,14.0,14.0,22.0,16.0,1.0,3492668.6264690924,35610.49056997822,-566012.365518587,425.81719019250176,-285.46862349379603,4537.403890918161,3538413.802720094,4566.272734274875,3492770.3051959756,23618.562643477668,-566012.365518587,3538413.8027200946,426.50869271321557,-534.5047425457011,4537.403890918161,4588.642397712318,12759300.56942554,0.7241855186236557,1.6336280433878745,2.580956827951785e-08,9.55186516674635e-07,6.122211612827839,-0.16065233372088736,0.00676202572526734,142213.8027200941,-0.06758436961449361,-0.06725439646506214,407.6046652793884,-16088666010.527985,-1012210864.1539838,-195369335.67278564,-16089518766.956478,-1876975815.0268798,16120475949.295975,16199809305.660414,-0.9871005766795757,-0.006674901229845221,0.1599621743176207,-0.006761974193123225,0.9999771375911609,0.0,0.15995851719699267,0.0010816600946116299,0.9871231446924842,4546.62194315069,-537.3765632530201,-0.11764669433494981,6.550923615927416e-10,184.6482896001344,0.0,-86.54828960013441,6.7,0.0,3.033876301053964e-17,2.2954696004049926,1.5707963267948966,17.372311287421663,461.0,0.0031698893224776105,0.07199489498862575,0.0,0.006949585748751981,-1556.5398401316108,-15.870142068083378,252.2486073428279,-0.016311420527616468,0.023659316532698836,-0.17310912694502145,-0.01639255621280874,0.023603173499194764,-0.17310912694502145,-2.308602815298879e-18,2.614079933108139e-21,2.1788821514961296e-19,-2.3085981832797808e-18,-5.312285487700674e-21,2.1788821514961296e-19,-1556.5562326878237,-15.846538894584183,252.0754982158829,-1678305.161280807,94.2422181901244,130801.87773893154,-0.04227227776348771,4575.9022849832945
48.61276695059822,2001.0,12.0,14.0,14.0,22.0,16.0,1.0,3492742.9696420794,35560.61569907393,-565219.6253833079,425.22726454620914,-285.47462493504094,4537.499357874388,3538359.9639227656,4566.312999642681,3492844.768291535,23525.17782129656,-565219.6253833079,3538359.9639227656,425.9085772245543,-534.5192503981846,4537.499357874388,4588.682748666568,12759298.259531245,0.7241854687517147,1.6336280423429386,2.1073424255447017e-08,9.613270232850273e-07,6.1224365564009435,-0.16042783922411902,0.006735146753679824,142159.96392276557,-0.06749000089537893,-0.06716049152033529,410.33794167637825,-16088665777.140795,-1012210832.5923699,-195375291.21221453,-16089512779.744154,-1877012342.3192348,16120475714.387554,16199807663.277533,-0.987136640676668,-0.0066486106730688915,0.15974056657499683,-0.006735095833614292,0.9999773189848418,0.0,0.15973694349678497,0.0010758680243984477,0.987159030445601,4546.691728931804,-537.3756620429297,-0.11764470974548762,6.592456402437996e-10,184.57137703252224,0.0,-86.47137703252223,6.7,0.0,3.0337445553436925e-17,2.295448084697711,1.5707963267948966,17.376083308294316,461.0,0.0031900682524255626,0.07255047070264309,0.0,0.006993736736018984,-1556.644026201587,-15.84863829865109,251.90681392595798,-0.016391614462655753,0.023806857266200115,-0.17420980276054537,-0.016473550362583383,0.0237502340206786,-0.17420980276054537,-2.3231981052716696e-18,2.6669836642579027e-21,2.1895702513274805e-19,-2.3231935029353073e-18,-5.338263661279676e-21,2.1895702513274805e-19,-1556.6604997519496,-15.824888064630413,251.73260412319743,-1678305.4651147202,94.43070262650465,130765.46234978549,-0.04217027679892404,4575.930783063849
48.864703552758456,2001.0,12.0,14.0,14.0,22.0,16.0,1.0,3492849.9927869127,35488.69310352176,-564076.4458968452,424.3765082121499,-285.4832647073562,4537.636794663917,3538282.4585192953,4566.370965595998,3492951.961232936,23390.510227796894,-564076.4458968452,3538282.4585192953,425.04312634220895,-534.5401174869194,4537.636794663917,4588.74083782703,12759294.902760135,0.7241853962767741,1.6336280408248656,2.580956827951785e-08,9.709796045807332e-07,6.122760942371838,-0.16010410074526632,0.0066963877155056094,142082.45851929486,-0.06735391334921745,-0.06702507275297939,414.30192214250565,-16088665437.985912,-1012210786.7341586,-195383849.80568966,-16089504157.344059,-1877064927.3275812,16120475373.022459,16199805295.723772,-0.9871885589073832,-0.006610696150466569,0.15942097684674406,-0.0066963376694851705,0.9999775792795638,0.0,0.15941740251359052,0.0010675366925649754,0.98721069288234,4546.792194077231,-537.3743650104643,-0.11764185287231783,6.652246285115387e-10,184.46065502756412,0.0,-86.4,6.7,0.0,3.033554857916579e-17,2.2954171047568424,1.5707963267948966,17.38151753299168,461.0,0.0032191193069043963,0.07335782555653995,0.0,0.007057314078421025,-1556.794023574061,-15.817623270999487,251.4138430292099,-0.016506516525321237,0.024020749022101304,-0.17579458977522494,-0.016589616705506526,0.023963432328192525,-0.17579458977522494,-2.3442133271906207e-18,2.7440210154670443e-21,2.2048863684505032e-19,-2.3442087699253898e-18,-5.375503171281436e-21,2.2048863684505032e-19,-1556.8106131907664,-15.793659838671294,251.23804843943466,-1678305.9066506606,94.6191870628849,130729.1347085651,-0.04206827774012777,4575.959212041249
49.05523663367436,2001.0,12.0,14.0,14.0,22.0,17.0,1.0,3492930.7892511296,35434.2984759905,-563211.8660908298,423.733048944285,-285.48978740605935,4537.740555014468,3538223.946291772,4566.414727124967,3493032.883651217,23288.6611523378,-563211.8660908298,3538223.9462917717,424.38855353858463,-534.5558566919219,4537.740555014468,4588.784692369126,12759292.343991578,0.7241853410309789,1.6336280396676626,2.580956827951785e-08,9.780430246247406e-07,6.123006276401876,-0.1598592563248786,0.0066670761104857465,142023.94629177172,-0.06725098949859881,-0.06692265468632057,417.31814846396446,-16088665179.463812,-1012210751.7778174,-195390299.39428636,-16089497645.329313,-1877104626.7935216,16120475112.815569,16199803505.84798,-0.9872277551318035,-0.006582020105523687,0.15917925904071248,-0.00666702671878016,0.9999777751303931,0.0,0.15917572130243618,0.0010612523731000584,0.9872496966275806,4546.868041763235,-537.3733860832955,-0.11763969617721344,6.697842966582617e-10,184.37706613110248,0.0,-86.37706613110247,6.7,0.0,3.0334116168281094e-17,2.2953937117118324,1.5707963267948966,17.385623267853994,461.0,0.003241274607826133,0.07397326908088922,0.0,0.007105812716003749,-1556.9072732582981,-15.794162652705417,251.04094630234255,-0.01659397160913759,0.024185084292096034,-0.17700335437767406,-0.01667796631307084,0.02412723845865351,-0.17700335437767406,-2.360243583308522e-18,2.803060169570206e-21,2.2165459743115645e-19,-2.3602390616111955e-18,-5.4038634392913894e-21,2.2165459743115645e-19,-1556.9239512246113,-15.770035414246763,250.8639429479649,-1678306.2432207689,94.80767149926515,130692.89481527037,-0.04196628058243032,4575.98757191682
49.16816588360211,2001.0,12.0,14.0,14.0,22.0,17.0,1.0,3492978.619570987,35402.058110371116,-562699.4189846735,423.3516475487289,-285.4936488105691,4537.801980945452,3538189.3079121946,4566.440633498465,3493080.7876247745,23228.293634502897,-562699.4189846735,3538189.3079121946,424.00056495820314,-534.5651682557198,4537.801980945452,4588.810653804492,12759290.819008606,0.7241853081053082,1.6336280389780944,2.580956827951785e-08,9.823471143156393e-07,6.123151690066486,-0.15971413282370625,0.0066497034199497675,141989.30791219464,-0.06718998459237689,-0.06686194956064218,419.11326640844345,-16088665025.391207,-1012210730.9462671,-195394112.71830785,-16089493789.237356,-1877128128.5915039,16120474957.738968,16199802445.22574,-0.9872509590748728,-0.006565022844469955,0.15903598423248574,-0.006649654413344748,0.9999778908036833,0.0,0.15903246807468893,0.0010575343344321746,0.9872727868827361,4546.912943340961,-537.3728066775057,-0.11763841947940103,6.72555367024428e-10,184.32758273170666,0.0,-86.32758273170664,6.7,0.0,3.033326807962595e-17,2.2953798613730125,1.5707963267948966,17.388055101485367,461.0,0.003254738334654499,0.07434006645936374,0.0,0.00713527082934105,-1556.9743194996583,-15.780255575126414,250.81989911066796,-0.016647310311076056,0.02428352923729122,-0.1777377404198385,-0.016731840916908595,0.024225363409924316,-0.1777377404198385,-2.3699814146597926e-18,2.8386111954222725e-21,2.223655338811235e-19,-2.3699769143918976e-18,-5.421143404412637e-21,2.223655338811235e-19,-1556.9910513405753,-15.75603021171649,250.64216137024812,-1678306.4438109472,94.9961559356454,130656.74266990129,-0.04186428532116334,4576.015862691901
49.24956036746896,2001.0,12.0,14.0,14.0,22.0,17.0,1.0,3493013.066871861,35378.82038899699,-562330.0651340781,423.07673984843814,-285.49642981513375,4537.846220388784,3538164.361420111,4566.459291303793,3493115.287550723,23184.782705691,-562330.0651340781,3538164.361420111,423.72090942141375,-534.5718717381634,4537.846220388784,4588.829351265018,12759289.71596156,0.7241852842895408,1.6336280384793722,2.580956827951785e-08,9.853938589910333e-07,6.12325649965711,-0.15960953235693476,0.006637182099466017,141964.36142011033,-0.06714601409193367,-0.06681819512970914,420.4105327129364,-16088664913.948795,-1012210715.8793876,-195396856.88181233,-16089491011.587944,-1877145054.6759763,16120474845.570408,16199801680.883102,-0.9872676706710973,-0.006552771532746246,0.1589327141683085,-0.0066371333691763795,0.9999779739877472,0.0,0.15892921351439887,0.001054857620660252,0.987289416719887,4546.945281763444,-537.3723894387051,-0.11763750001985011,6.744876523674132e-10,184.29295177513794,0.0,-86.3,6.7,0.0,3.033267379268572e-17,2.295370155930747,1.5707963267948966,17.3897595971575,461.0,0.00326412820444036,0.07460537823590091,0.0,0.0071558172099542485,-1557.0226079541326,-15.770231068087128,250.66056375511374,-0.016684076593941007,0.024352455052704176,-0.178249953561606,-0.016768987356449917,0.024294063923635548,-0.178249953561606,-2.376773252119913e-18,2.864079911157742e-21,2.2285567860399727e-19,-2.3767687680603293e-18,-5.433058014537762e-21,2.2285567860399727e-19,-1557.039376941489,-15.745937004163492,250.48231380155212,-1678306.5889013875,95.18464037202565,130620.67827245785,-0.0417622919516588,4576.044084367842
49.27898256370254,2001.0,12.0,14.0,14.0,22.0,17.0,1.0,3493025.5132568125,35370.42044223235,-562196.5514969459,422.9773650654855,-285.49743464466405,4537.862204965942,3538155.347835979,4566.466032700208,3493127.7528633103,23169.054391554437,-562196.5514969459,3538155.347835979,423.61981839036076,-534.5742932641205,4537.862204965942,4588.83610698947,12759289.316500826,0.7241852756648182,1.6336280382987671,2.580956827951785e-08,9.862947907074442e-07,6.123294386226943,-0.15957172137785422,0.006632655968447237,141955.34783597896,-0.06713011961842424,-0.06680237876041133,420.88010612130165,-16088664873.59093,-1012210710.4230947,-195397847.94377053,-16089490007.880848,-1877151170.3818161,16120474804.949577,16199801404.620506,-0.9872737088833003,-0.0065483428831708,0.15889538367522468,-0.006632607337782248,0.9999780040180398,0.0,0.15889188861523182,0.001053890687704021,0.9872954254156672,4546.956966258856,-537.3722386934953,-0.11763716780698963,6.751073362764466e-10,184.2816847949737,0.0,-86.3,6.7,0.0,3.033247954673385e-17,2.2953669836536137,1.5707963267948966,17.390316796062336,461.0,0.003267141198513716,0.0747014596739963,0.0,0.007162412572808901,-1557.0400557671924,-15.766607260344236,250.60296484315143,-0.016695412473436082,0.024374926236904706,-0.17841436404892483,-0.01678045232430553,0.024316460402460296,-0.17841436404892483,-2.3789535746793174e-18,2.872974090333679e-21,2.2300693068103123e-19,-2.3789490970500632e-18,-5.436736550112845e-21,2.2300693068103123e-19,-1557.0568362195168,-15.742290799941776,250.4245504791025,-1678306.6414448768,95.3731248084059,130584.70162294008,-0.04166030046924904,4576.072236945996
49.32273657691863,2001.0,12.0,14.0,14.0,22.0,17.0,1.0,3493044.0169809875,35357.92875102082,-561998.0012941445,422.82958186967215,-285.4989285053503,4537.885968956892,3538141.9475694937,4566.476054983494,3493146.2846415606,23145.664542109393,-561998.0012941445,3538141.947569493,423.46948293024104,-534.5778927408895,4537.885968956892,4588.846150573837,12759288.72177658,0.7241852628241667,1.6336280380298782,2.1073424255447017e-08,9.879818233401449e-07,6.123350728041778,-0.15951549197228818,0.006625925150173633,141941.9475694932,-0.06710648263747186,-0.06677885792907977,421.579008102417,-16088664813.505636,-1012210702.2996684,-195399320.88859424,-16089488515.604694,-1877160262.475077,16120474744.472773,16199800993.820713,-0.9872826857727282,-0.006541756912271192,0.1588398683891713,-0.00662587666740941,0.999978048638263,0.0,0.15883638163776204,0.0010524533778141917,0.9873043584478449,4546.974337384195,-537.3720145944968,-0.11763667391773903,6.760286045973415e-10,184.26493446186652,0.0,-86.3,6.7,0.0,3.033219075761657e-17,2.295362267369416,1.5707963267948966,17.391145262609303,461.0,0.0032716205881532724,0.07484450767089794,0.0,0.007172217802462328,-1557.0659953683764,-15.76121808291889,250.5173061164056,-0.016712249867648774,0.02440833388296862,-0.17865879112089042,-0.01679748182694255,0.024349756936255754,-0.17865879112089042,-2.3821949926494446e-18,2.886220774574686e-21,2.232315887772826e-19,-2.3821905246495386e-18,-5.442200327388867e-21,2.232315887772826e-19,-1557.0827928502033,-15.736868325982636,250.3386473252847,-1678306.7196725663,95.56160924478614,130548.81272134796,-0.04155831086926665,4576.100320427737
49.42700484829957,2001.0,12.0,14.0,14.0,22.0,17.0,1.0,3493088.0863298336,35328.160085746815,-561524.8408172608,422.4773962845913,-285.50248638462654,4537.942567015525,3538110.0328578413,4566.499924628781,3493190.420394691,23089.92458242258,-561524.8408172608,3538110.032857841,423.1112150775164,-534.5864628010055,4537.942567015525,4588.870070950573,12759287.30123386,0.7241852321532755,1.633628037387611,2.580956827951785e-08,9.92242802058886e-07,6.123484995463706,-0.15938149241628663,0.0066098853861121,141910.03285784088,-0.06705015358357609,-0.06672280566699511,423.24738973379135,-16088664669.988548,-1012210682.8962361,-195402826.79564354,-16089484961.094328,-1877181916.7752724,16120474600.020533,16199800015.020815,-0.9873040657170103,-0.006526061758393685,0.15870756861784194,-0.006609837254590896,0.9999781547871273,0.0,0.15870410161722096,0.0010490311996357526,0.987325634055661,4547.015709681444,-537.3714809181813,-0.11763549766287097,6.782227410234382e-10,184.2250410723011,0.0,-86.3,6.7,0.0,3.033150292232506e-17,2.2953510341666354,1.5707963267948966,17.393118826311213,461.0,0.0032822891461587334,0.0751861901476749,0.0,0.007195570746776804,-1557.1277761896124,-15.748374501768927,250.31316275098527,-0.016752276538544244,0.024487900600869382,-0.17924094074283667,-0.016837966977094526,0.02442905878539313,-0.17924094074283667,-2.389914849121448e-18,2.9178850418425405e-21,2.2376565961271916e-19,-2.3899104043912267e-18,-5.455188986185347e-21,2.2376565961271916e-19,-1557.1446141565896,-15.723945442983533,250.13392181024244,-1678306.9065251965,95.75009368116639,130513.01156768149,-0.041456323147044595,4576.128334814439
49.51512134008755,2001.0,12.0,14.0,14.0,22.0,17.0,1.0,3493125.300442337,35303.00247587525,-561124.971132524,422.1797554585509,-285.50549084816436,4537.990361593111,3538083.0826596846,4566.520081324013,3493227.690130617,23042.818379998946,-561124.971132524,3538083.0826596846,422.8084340774899,-534.5936968548688,4537.990361593111,4588.890270485445,12759286.097124038,0.7241852061553263,1.633628036843198,2.580956827951785e-08,9.95593851118729e-07,6.123598465937594,-0.15926824830173855,0.0065963304465824065,141883.0826596846,-0.0670025493586751,-0.06667543535800041,424.6604662835598,-16088664548.33878,-1012210666.4491487,-195405785.0029417,-16089481959.029224,-1877200202.7786999,16120474477.578093,16199799188.016249,-0.9873221200630063,-0.006512797422121856,0.15859575878323054,-0.006596282610564923,0.9999782442912053,0.0,0.15859230842008637,0.0010461424457711727,0.9873436004228575,4547.050646721877,-537.371030311382,-0.11763450439781477,6.801533872252318e-10,184.19011808526372,0.0,-86.29011808526371,6.7,0.0,3.033090171621603e-17,2.2953412157257684,1.5707963267948966,17.394844210574345,461.0,0.0032916749850126475,0.07547581366619105,0.0,0.007216112829097468,-1557.1799486672635,-15.737519514751561,250.14062725817965,-0.016787906413644436,0.02455750015830873,-0.17975303355070035,-0.016873993490445608,0.024498427693691215,-0.17975303355070035,-2.396705094070816e-18,2.9450884838914244e-21,2.242409156333155e-19,-2.396700668876219e-18,-5.46674486882691e-21,2.242409156333155e-19,-1557.196822660754,-15.71302108705787,249.96087422462895,-1678307.0649091192,95.93857811754664,130477.29816194068,-0.04135433729791611,4576.156280107491
49.56955722567101,2001.0,12.0,14.0,14.0,22.0,17.0,1.0,3493148.2771664066,35287.460681148346,-560877.9408051742,421.99587635742876,-285.50734587720615,4538.019871203852,3538066.443077887,4566.532526507782,3493250.7009909335,23013.71717713845,-560877.9408051742,3538066.4430778865,422.62137948240695,-534.5981619794937,4538.019871203852,4588.902742119132,12759285.351425653,0.7241851900549195,1.633628036506064,2.580956827951785e-08,9.975990774224246e-07,6.123668565658098,-0.1591982884132287,0.006587956664224896,141866.4430778874,-0.06697314040803427,-0.06664617091437756,425.5350177884102,-16088664473.002283,-1012210656.2638855,-195407610.3891697,-16089480105.257977,-1877211492.9837513,16120474401.75072,16199798677.177458,-0.9873332672497901,-0.006504602880526466,0.15852668394696595,-0.006587909010153815,0.9999782994919809,0.0,0.15852324383738972,0.001044359369524023,0.9873546933482308,4547.072217731847,-537.3707521215684,-0.11763389114410147,6.814845537690051e-10,184.1663472541249,0.0,-86.26634725412491,6.7,0.0,3.0330494158082185e-17,2.2953345597963337,1.5707963267948966,17.396014051885317,461.0,0.003298143466783816,0.07565517745508234,0.0,0.007230264871814202,-1557.212161899814,-15.730813173444908,250.03403275844792,-0.016813281673529634,0.02460477657942978,-0.1801058494733549,-0.016899629232265047,0.0245455495552468,-0.1801058494733549,-2.401382612201956e-18,2.962551405520596e-21,2.2457913109751445e-19,-2.4013781983805928e-18,-5.474964757598439e-21,2.2457913109751445e-19,-1557.2290615290462,-15.70626762388966,249.85392690897456,-1678307.1629954036,96.12706255392689,130441.67250412551,-0.04125235331721479,4576.184156308291
49.678279727241545,2001.0,12.0,14.0,14.0,22.0,17.0,1.0,3493194.137648898,35256.41940697578,-560384.5527301421,421.62861098263755,-285.51104846164606,4538.078771706552,3538033.231239157,4566.557366617271,3493296.6291349116,22955.593843207047,-560384.5527301421,3538033.231239157,422.2477717375299,-534.6070711372266,4538.078771706552,4588.9276350211585,12759283.857727816,0.7241851578043664,1.6336280358308175,2.580956827951785e-08,1.0017083256399043e-06,6.123808574840003,-0.15905855849691908,0.006571232238031288,141833.2312391568,-0.06691440223130081,-0.06658772135625761,427.2854862511158,-16088664322.097977,-1012210635.8629969,-195411251.33383054,-16089476404.657633,-1877234027.8645675,16120474249.863205,16199797657.025078,-0.9873555167008488,-0.006488235791716151,0.1583887194111723,-0.00657118494596819,0.9999784095311288,0.0,0.1583852997244563,0.0010408015686058751,0.987376834629661,4547.11527291408,-537.3701969210092,-0.1176326671353942,6.841415008674563e-10,184.118901770224,0.0,-86.218901770224,6.7,0.0,3.0329680627869814e-17,2.2953212738397153,1.5707963267948966,17.39834966981312,461.0,0.0033110545646000134,0.07601446123970478,0.0,0.0072585120374586325,-1557.2764601278527,-15.717417883860133,249.82112021213928,-0.016863831996449426,0.024699128825505758,-0.18081006556611073,-0.016950700644912664,0.024639592975330544,-0.18081006556611073,-2.4107185626518196e-18,2.9975580785724074e-21,2.2525289052304047e-19,-2.4107141719543135e-18,-5.4913392828616536e-21,2.2525289052304047e-19,-1557.2934108284976,-15.692778290884803,249.64031014657317,-1678307.3594706766,96.31554699030714,130406.134594236,-0.04115037120027456,4576.211963418242
49.79048996309769,2001.0,12.0,14.0,14.0,22.0,17.0,1.0,3493241.427427512,35224.381930656855,-559875.3304328405,421.24954810998634,-285.514866485852,4538.139508859173,3537998.9843138005,4566.582981030332,3493343.98802244,22895.604942367634,-559875.3304328405,3537998.984313801,421.86216291122577,-534.616253728159,4538.139508859173,4588.953303871705,12759282.309984136,0.7241851243868246,1.6336280351312318,2.580956827951785e-08,1.0060215252410745e-06,6.123953078149741,-0.15891434339071286,0.0065539715517604355,141798.98431380047,-0.06685377849653205,-0.0665273954999324,429.0974042713642,-16088664165.735168,-1012210614.725556,-195415002.34263042,-16089472587.937334,-1877257265.282492,16120474092.481714,16199796604.315233,-0.987378459832989,-0.0064713429946923135,0.15824632310951017,-0.0065539246313856235,0.9999785228053281,0.0,0.15824292442242263,0.0010371344748536268,0.9873996664078435,4547.159670574484,-537.3696244913564,-0.11763140500334628,6.869112773048181e-10,184.06997759114353,0.0,-86.16997759114354,6.6699775911435415,0.0,3.03288416551474e-17,2.2953075723753744,1.5707963267948966,17.400759013453545,461.0,0.0033245137819272914,0.07638674737792958,0.0,0.007287864652268658,-1557.3427652170599,-15.703591491913652,249.6013554709247,-0.016916262116814126,0.024797333957027042,-0.18154182660299423,-0.017003673006246393,0.02473747763369853,-0.18154182660299423,-2.4204199113463382e-18,3.0340823016917362e-21,2.25951757634801e-19,-2.420415545380832e-18,-5.5082280307654026e-21,2.25951757634801e-19,-1557.359768890066,-15.678854014279954,249.4198136443217,-1678307.5630549807,96.50403142668739,130370.68443227214,-0.04104839094242964,4576.23970143876
49.93456057249033,2001.0,12.0,14.0,14.0,22.0,17.0,1.0,3493302.0820462997,35183.24727700314,-559221.5122951553,420.7628324836915,-285.5197636096082,4538.217412696509,3537955.0586647713,4566.615834675957,3493404.7302955776,22818.58160467896,-559221.5122951553,3537955.0586647713,421.3670425221695,-534.628025156203,4538.217412696509,4588.986227339116,12759280.313602647,0.7241850812825663,1.6336280342289722,2.580956827951785e-08,1.0115243642614999e-06,6.124138615033247,-0.15872917651011262,0.006531810325629266,141755.05866477126,-0.06677593967506903,-0.0664499391366532,431.43178233504295,-16088663964.05061,-1012210587.4630578,-195419808.37183386,-16089467691.374329,-1877287070.274577,16120473889.48331,16199795252.950037,-0.9874078874291842,-0.0064496527588145,0.1580634866815426,-0.006531763879607854,0.9999786678027792,0.0,0.15806011484007132,0.001032433372991377,0.9874289514583182,4547.216616624363,-537.368890394134,-0.11762978620894296,6.904880801543395e-10,184.00722666395896,0.0,-86.10722666395895,6.607226663958956,0.0,3.0327765444782865e-17,2.295289996526317,1.5707963267948966,17.403850664082313,461.0,0.0033418947664678763,0.07686696498880619,0.0,0.007325693367929234,-1557.4278135304203,-15.685837237249515,249.31915898405128,-0.016983656335294202,0.024924018466936232,-0.18248488828073492,-0.01707176781869976,0.024863749166205092,-0.18248488828073492,-2.432922463951506e-18,3.0814212669609814e-21,2.26850128844899e-19,-2.4329181308489805e-18,-5.529859238362597e-21,2.26850128844899e-19,-1557.444885298239,-15.660973488083311,249.13667409577056,-1678307.825651465,96.69251586306764,130335.32201823394,-0.04094641253901458,4576.267370371272
50.19064716353892,2001.0,12.0,14.0,14.0,22.0,18.0,1.0,3493409.7229834003,35110.128380927345,-558059.3179605373,419.897626193624,-285.5284544872407,4538.355668899319,3537877.1058521043,4566.674139046436,3493512.524049809,22681.667862285176,-558059.3179605373,3537877.1058521047,420.486896188277,-534.6488978326545,4538.355668899319,4589.0446556173665,12759276.73942985,0.7241850041115789,1.6336280326137516,2.580956827951785e-08,1.0214634592303402e-06,6.124468419541662,-0.15840002959893523,0.006492419596718628,141677.10585210472,-0.06663757529580565,-0.06631225458449197,435.603888630867,-16088663602.976578,-1012210538.6566547,-195428323.3499507,-16089458998.390394,-1877339964.667591,16120473526.0572,16199792851.558044,-0.9874601122438904,-0.006411095463086261,0.15773846893591506,-0.006492373985930762,0.9999789243179212,0.0,0.15773514449009218,0.0010240971323000824,0.9874809240779051,4547.317678642289,-537.3675879286975,-0.11762691350939003,6.968356663286164e-10,183.79586550300675,0.0,-86.09586550300672,6.6,0.0,3.032420862137681e-17,2.2952319091919353,1.5707963267948966,17.414076527680898,461.0,0.003372738761604533,0.07772672988897868,0.0,0.007393197076431546,-1557.5787568801627,-15.654273175482194,248.81746135178298,-0.017103597830027906,0.02515316580201028,-0.18416510441063308,-0.017192975098970255,0.02509215845320891,-0.18416510441063308,-2.4550972152323977e-18,3.1658307774974313e-21,2.2843972642938357e-19,-2.455092941318324e-18,-5.568502072081509e-21,2.2843972642938357e-19,-1557.5959498552618,-15.629181017028985,248.63329624737236,-1678308.2957848646,96.88100029944789,130300.04735212139,-0.040844435985364275,4576.294970217209
50.45077965208955,2001.0,12.0,14.0,14.0,22.0,18.0,1.0,3493518.837676452,35035.852007226815,-556878.7259710203,419.0186647262851,-285.5372645894123,4538.495823082437,3537798.0857540765,4566.733242373035,3493621.7900571623,22542.585563529334,-556878.7259710203,3537798.0857540765,419.5927579682034,-534.6700332719844,4538.495823082437,4589.103884545996,12759273.075312935,0.7241849249981441,1.633628030958176,2.580956827951785e-08,1.0314144182606327e-06,6.124803449398792,-0.1580656676147461,0.006452407866262285,141598.08575407602,-0.06649701798713374,-0.06617238784974647,439.87113124132156,-16088663232.82524,-1012210488.6273332,-195436936.5218294,-16089450182.088217,-1877393584.377928,16120473153.49491,16199790413.110874,-0.9875130534230311,-0.006371925422850811,0.15740828404352605,-0.006452363093562659,0.9999791832885867,0.0,0.15740500732070306,0.0010156554025834755,0.9875336106252144,4547.42012760786,-537.3662680260406,-0.11762400160890064,7.0328718037656e-10,183.68297964868,0.0,-85.98297964868,6.6,0.0,3.0322271286304664e-17,2.2952002701091647,1.5707963267948966,17.419651606509795,461.0,0.0034040928071180517,0.07860815760233578,0.0,0.007461787577499622,-1557.731782596128,-15.622202924284352,248.30771803527838,-0.017225047554527594,0.02538218410337583,-0.18587511350751107,-0.01731570569719676,0.025320423956195312,-0.18587511350751107,-2.477762328538719e-18,3.2528178426862738e-21,2.300584341405461e-19,-2.4777581176782282e-18,-5.607836407786516e-21,2.300584341405461e-19,-1557.7490983018251,-15.596882500328157,248.12184292177088,-1678308.7777494546,97.06948473582814,130264.86043393449,-0.04074246127681396,4576.3225009780135
50.63117711774144,2001.0,12.0,14.0,14.0,22.0,18.0,1.0,3493594.37259751,34984.341258095454,-556059.9840730296,418.4090691616999,-285.54336354209715,4538.592848142065,3537743.3838911424,4566.774157195207,3493697.42759383,22446.131125606207,-556059.9840730296,3537743.3838911424,418.9726371871629,-534.684650682038,4538.592848142065,4589.144886315188,12759270.514290413,0.7241848697018075,1.6336280298012915,2.580956827951785e-08,1.038494413139028e-06,6.125035795652578,-0.15783378445215768,0.006424661196074965,141543.3838911429,-0.06639953979227355,-0.06607538855989165,442.8475755751133,-16088662974.11449,-1012210453.6642705,-195442888.1472121,-16089444076.411016,-1877430703.4140856,16120472893.09932,16199788722.591625,-0.9875497028705156,-0.006344759551473698,0.157179287396878,-0.00642461699848956,0.9999793619352465,0.0,0.1571760435205668,0.0010098167216204582,0.9875700844058661,4547.491050078923,-537.3653545523691,-0.11762198591538355,7.078196204481595e-10,183.60483413020415,0.0,-85.90483413020415,6.6,0.0,3.0320929881979146e-17,2.2951783633140552,1.5707963267948966,17.423513941194802,461.0,0.003426120328404511,0.079224237806268,0.0,0.007509975174042663,-1557.837724316236,-15.599958312187507,247.95414916116533,-0.017310300557188147,0.025543075406353692,-0.18707646440079498,-0.017401859336321934,0.025480786844870477,-0.18707646440079498,-2.493685386336656e-18,3.3140346080752615e-21,2.311947379750934e-19,-2.4936812207204094e-18,-5.6354485844441946e-21,2.311947379750934e-19,-1557.8551261755724,-15.574477525342637,247.76707269676453,-1678309.1146171931,97.25796917220839,130229.76126367325,-0.040640488408699174,4576.349962655137
50.66839134391214,2001.0,12.0,14.0,14.0,22.0,18.0,1.0,3493609.9410272483,34973.714959389785,-555891.0834801296,418.28331042054464,-285.54462060534877,4538.612846186079,3537732.1093428186,4566.782590150129,3493713.0169559144,22426.233194046396,-555891.0834801296,3537732.1093428177,418.84470715694107,-534.6876620686413,4538.612846186079,4589.153337190545,12759269.98395171,0.7241848582509693,1.6336280295617533,2.580956827951785e-08,1.0399900338897123e-06,6.125083727292726,-0.1577859483363622,0.006418937410374647,141532.10934281768,-0.06637943058168934,-0.0660553781430865,443.46330684423447,-16088662920.54099,-1012210446.4246186,-195444113.7247308,-16089442817.715025,-1877438354.0497308,16120472839.176954,16199788373.906872,-0.9875572567321723,-0.006339155283923512,0.15713204570014602,-0.006418893330811893,0.9999793986919969,0.0,0.1571288085744754,0.001008613840201497,0.9875776021225305,4547.5056680361095,-537.3651663008451,-0.11762157047056272,7.08672072645718e-10,183.5901366785221,0.0,-85.9,6.6,0.0,3.0320676593232893e-17,2.2951742267949147,1.5707963267948966,17.424243440293328,461.0,0.003430265004333766,0.07935181734343479,0.0,0.007519045108364189,-1557.8595608060527,-15.595369015457615,247.88120419411217,-0.017325839687775388,0.025573760296492686,-0.1873025722204168,-0.017417575785067176,0.025511369825244583,-0.1873025722204168,-2.4966827278447023e-18,3.3263385768266008e-21,2.3140200994302906e-19,-2.496678572212872e-18,-5.640487521952778e-21,2.3140200994302906e-19,-1557.8769783818377,-15.569857645632371,247.69390162189177,-1678309.1843760647,97.44645360858864,130194.74984133766,-0.04053851737635577,4576.377355250039
50.70601780121855,2001.0,12.0,14.0,14.0,22.0,18.0,1.0,3493625.6771542076,34962.97090300776,-555720.3111773365,418.15615682581245,-285.5458912142886,4538.633059748539,3537720.713349288,4566.791113957708,3493728.774164943,22406.114734297546,-555720.3111773365,3537720.7133492883,418.71535820726797,-534.6907054078971,4538.633059748539,4589.161879111547,12759269.447106522,0.724184846659636,1.633628029319275,2.580956827951785e-08,1.0414835068587866e-06,6.125132190192574,-0.157737582016873,0.00641315024867943,141520.7133492888,-0.06635909847188828,-0.06603514592155905,444.08640292286873,-16088662866.310423,-1012210439.0961351,-195445352.11930442,-16089441545.377422,-1877446087.1191256,16120472784.593239,16199788021.385372,-0.9875648919886905,-0.006333488861839765,0.15708428002255043,-0.00641310628823232,0.9999794358224252,0.0,0.15708104971352183,0.0010073981839950647,0.9875852008661313,4547.520443522169,-537.364976029982,-0.1176211505534416,7.094982821765619e-10,183.575891686611,0.0,-85.9,6.6,0.0,3.0320430631390644e-17,2.295170209933197,1.5707963267948966,17.424951897720437,461.0,0.00343428291686759,0.07948096213655022,0.0,0.0075278391016951685,-1557.8816328381697,-15.590728725013014,247.80744870283107,-0.017340670737759353,0.025603704225675844,-0.187521795004241,-0.017432582402454714,0.02554121380226282,-0.187521795004241,-2.499589033917708e-18,3.3386308066320332e-21,2.31599914727728e-19,-2.4995848886418834e-18,-5.645299856295262e-21,2.31599914727728e-19,-1557.8990654205722,-15.56518751121075,247.61992690782682,-1678309.2549907826,97.63493804496888,130159.82616692773,-0.040436548175120025,4576.404678764185
50.775359059752304,2001.0,12.0,14.0,14.0,22.0,18.0,1.0,3493654.6645039353,34943.17071037824,-555405.5953577532,417.9218225682321,-285.5482318027744,4538.670295216472,3537699.7209124602,4566.806815614695,3493757.800150127,22369.038413501192,-555405.5953577532,3537699.7209124607,418.4769781247831,-534.6963102328511,4538.670295216472,4589.177614134961,12759268.456126584,0.7241848252627933,1.6336280288716718,2.580956827951785e-08,1.0441451097342759e-06,6.1252215025895955,-0.1576484476007245,0.006402485244548455,141499.72091246024,-0.0663216283377842,-0.06599785987046665,445.2360983490944,-16088662766.204988,-1012210425.5682079,-195447632.34055656,-16089439201.40114,-1877460332.186355,16120472683.835917,16199787371.799192,-0.9875789568847296,-0.0063230460972339576,0.156996251568378,-0.006402441503053865,0.9999795041613603,0.0,0.1569930337985388,0.0010051593168652687,0.9875991985585441,4547.547661469989,-537.364625556374,-0.1176203770357879,7.11020233846632e-10,183.5496511405753,0.0,-85.9,6.6,0.0,3.0319977528155e-17,2.295162810195804,1.5707963267948966,17.426257152260973,461.0,0.0034416843846258515,0.0797193559146316,0.0,0.007544038592199533,-1557.9222923533623,-15.582176787051475,247.67151919650186,-0.0173679536376883,0.025658864342043095,-0.18792562812803482,-0.017460189187469784,0.02559618968561579,-0.18792562812803482,-2.50494267969093e-18,3.3613321017775518e-21,2.319639781150411e-19,-2.504938553667591e-18,-5.654152491203377e-21,2.319639781150411e-19,-1557.9397525425497,-15.55658059736586,247.48359356837383,-1678309.385340793,97.82342248134913,130124.99024044344,-0.04033458080032844,4576.431933199052
50.8837245531478,2001.0,12.0,14.0,14.0,22.0,18.0,1.0,3493699.932965344,34912.22693728795,-554913.7569609438,417.55559620592624,-285.55188704720587,4538.728445187708,3537666.937807498,4566.831336416436,3493803.128428653,22311.09530986404,-554913.7569609438,3537666.9378074976,418.10442891181214,-534.7050597603018,4538.728445187708,4589.202187043514,12759266.903159654,0.7241847917316898,1.6336280281702305,2.580956827951785e-08,1.0484955121429614e-06,6.125361080795191,-0.1575091475267308,0.006385818323646491,141466.93780749757,-0.0662630695787197,-0.06593958879450905,447.03646525740623,-16088662609.33089,-1012210404.3686264,-195451190.65144104,-16089435540.33439,-1877482578.3400998,16120472525.940243,16199786356.81573,-0.9876009216950113,-0.006306725789085038,0.1568586774041699,-0.006385774922865939,0.9999796107314561,0.0,0.15685547917047288,0.0010016642086014662,0.987621058565994,4547.590167199612,-537.3640782925307,-0.11761916908068372,7.133970089564264e-10,183.50867225937196,0.0,-85.9,6.6,0.0,3.031926988297293e-17,2.295151253472959,1.5707963267948966,17.42829607139007,461.0,0.003453243277143291,0.08009294203299736,0.0,0.00756933717308866,-1557.98579103746,-15.568810872547663,247.45907352797857,-0.01741046372638364,0.02574500772103697,-0.18855629271740174,-0.01750320630634013,0.02568204506501904,-0.18855629271740174,-2.5133031924026205e-18,3.396934167897322e-21,2.3253123790900644e-19,-2.513299096902803e-18,-5.6679458800566906e-21,2.3253123790900644e-19,-1558.0032942437665,-15.543128827482644,247.27051723526117,-1678309.5896126404,98.01190691772938,130090.24206188481,-0.04023261524731792,4576.459118556124
50.95187187300209,2001.0,12.0,14.0,14.0,22.0,18.0,1.0,3493728.3804124845,34892.76726323018,-554604.453536587,417.3252814343831,-285.5541840844953,4538.764988042241,3537646.336363988,4566.846745759106,3493831.6131417854,22274.656405823785,-554604.453536587,3537646.336363988,417.87013785818107,-534.7105560328683,4538.764988042241,4589.217629130774,12759265.923816044,0.7241847705860146,1.633628027727885,2.580956827951785e-08,1.0511393599837548e-06,6.125448858030992,-0.15742154518884974,0.00637533719064049,141446.33636398753,-0.06622624337919922,-0.06590294350952403,448.1709881424904,-16088662510.402628,-1012210390.9996842,-195453425.1134297,-16089433239.299175,-1877496558.2913024,16120472426.36775,16199785718.633732,-0.9876147248604745,-0.006296462192068018,0.15677215888872953,-0.006375294003212014,0.9999796776066865,0.0,0.15676897290325598,0.0009994686044339184,0.9876347959632482,4547.616878795989,-537.3637344186484,-0.11761840999334691,7.150516493210504e-10,183.4804805199822,0.0,-85.8804805199822,6.6,0.0,3.031878494508008e-17,2.295143333836159,1.5707963267948966,17.429693595603464,461.0,0.003461286696335104,0.0803285379310088,0.0,0.0075869354388861335,-1558.0256960528734,-15.560404840655266,247.3254631355591,-0.017441025143116063,0.025804120520330716,-0.18899502204436272,-0.017534105069871825,0.02574096255522032,-0.18899502204436272,-2.5191183294039645e-18,3.4201726379330336e-21,2.3293873136105586e-19,-2.5191142524987103e-18,-5.677849747919563e-21,2.3293873136105586e-19,-1558.0432301579433,-15.534663878100046,247.13646811351472,-1678309.7184321024,98.20039135410963,130055.58163125183,-0.040130651511425704,4576.486234836893
51.027652017997084,2001.0,12.0,14.0,14.0,22.0,19.0,1.0,3493759.995678569,34871.127829011864,-554260.5037286147,417.0691633780293,-285.55673693113283,4538.805600598052,3537623.4408078934,4566.863871090077,3493863.2695296304,22234.13573094046,-554260.5037286147,3537623.4408078934,417.6095981033346,-534.7166624695966,4538.805600598052,4589.23479085249,12759264.832011605,0.7241847470120851,1.6336280272347807,2.580956827951785e-08,1.0541979167356975e-06,6.1255464679299045,-0.157324129767961,0.006363682228065656,141423.4408078934,-0.06618529191098464,-0.0658621932196467,449.43494045734406,-16088662400.114893,-1012210376.0961952,-195455906.91243243,-16089430681.671566,-1877512095.0947697,16120472315.361845,16199785009.039116,-0.9876300652088994,-0.006285048734826003,0.15667594728568318,-0.0063636392770611725,0.9999797518425818,0.0,0.1566727748864389,0.0009970292119179393,0.9876500633028552,4547.646565171498,-537.3633522834089,-0.11761756638687752,7.169814176204132e-10,183.44777258270486,0.0,-85.84777258270486,6.6,0.0,3.0318223278776605e-17,2.29513416112932,1.5707963267948966,17.43131253095187,461.0,0.003470665830410837,0.080591189949267,0.0,0.007607452891747226,-1558.0700460303851,-15.551056686458935,247.1768780985027,-0.017477133542326363,0.02587262005291676,-0.1895065411753429,-0.017570599259143893,0.02580923685298486,-0.1895065411753429,-2.5258976708183972e-18,3.446529597984207e-21,2.3342002541751567e-19,-2.5258936143652544e-18,-5.68954487669909e-21,2.3342002541751567e-19,-1558.0876166296443,-15.525247449605951,246.98737155732735,-1678309.8620442934,98.38887579048988,130021.0089485445,-0.040028689587989344,4576.513282042858
51.1488687406999,2001.0,12.0,14.0,14.0,22.0,19.0,1.0,3493810.52660481,34836.51332987125,-553710.3206537822,416.65946581784914,-285.56081720587474,4538.870512841367,3537586.846661729,4566.891242751436,3493913.8655369165,22169.3185381023,-553710.3206537822,3537586.8466617293,417.192827546443,-534.7264183081568,4538.870512841367,4589.2622206770575,12759263.079448607,0.7241847091711655,1.6336280264433434,2.580956827951785e-08,1.0589264633918225e-06,6.125702605793705,-0.15716830296789455,0.006345039368952903,141386.84666172927,-0.06611978536732538,-0.06579700847877898,451.4619368314743,-16088662223.082773,-1012210352.1747376,-195459870.34107798,-16089426593.008305,-1877536927.881451,16120472137.177021,16199783874.122368,-0.9876545840376966,-0.006266791318218109,0.1565220430351541,-0.006344996794327185,0.9999798703052377,0.0,0.15651889229420424,0.0009931318612995945,0.987674465623214,4547.694013701116,-537.3627415819734,-0.11761621806695441,7.200702861374904e-10,183.39549523104182,0.0,-85.8,6.6,0.0,3.0317325479863047e-17,2.295119498960372,1.5707963267948966,17.433900975564722,461.0,0.0034856788043398043,0.08101280086589316,0.0,0.007640296387671144,-1558.1409337087164,-15.536102199482972,246.9391827226654,-0.017534822035992256,0.025982445068357795,-0.1903253383379468,-0.0176289073047552,0.025918701024636608,-0.1903253383379468,-2.5367494163801623e-18,3.48888930946193e-21,2.3418899359486555e-19,-2.5367453932044936e-18,-5.7082317304450064e-21,2.3418899359486555e-19,-1558.158562616021,-15.510183498458336,246.74885738432747,-1678310.092570439,98.57736022687013,129986.52401376283,-0.03992672947234674,4576.540260175529
51.24836088049713,2001.0,12.0,14.0,14.0,22.0,19.0,1.0,3493851.9642177853,34808.10210666931,-553258.7360660739,416.32318073338513,-285.5641632493837,4538.923744580368,3537556.8378294893,4566.91368883448,3493955.3559263926,22116.11706468517,-553258.7360660739,3537556.8378294893,416.8507369868514,-534.7344147320517,4538.923744580368,4589.284714456141,12759261.635283154,0.7241846779890183,1.6336280257912112,2.580956827951785e-08,1.062903076417914e-06,6.125830762872287,-0.15704040118537332,0.006329737917615067,141356.83782948926,-0.06606601784929195,-0.0657435050907397,453.1306192576885,-16088662077.204426,-1012210332.4634085,-195463117.54286814,-16089423239.391611,-1877557292.0489185,16120471990.348846,16199782942.7286,-0.987674690781831,-0.006251805434808162,0.15639571643053304,-0.006329695650260699,0.9999799672758325,0.0,0.15639258339828482,0.0009899372860097508,0.9876944769928504,4547.732924127334,-537.3622408417322,-0.11761511240542571,7.226424717580633e-10,183.35262547069897,0.0,-85.8,6.6,0.0,3.03165891682268e-17,2.2951074740788022,1.5707963267948966,17.43602443097859,461.0,0.003498180144856489,0.08136022103603417,0.0,0.0076676632826704,-1558.199067303683,-15.523826651129006,246.7440679641897,-0.017582986866896095,0.026075585522240558,-0.19100737820952673,-0.017677592943986083,0.02601154157668967,-0.19100737820952673,-2.545791590711716e-18,3.524001119670653e-21,2.348312977141209e-19,-2.5457875951048322e-18,-5.7238564565064846e-21,2.348312977141209e-19,-1558.216744896627,-15.497815109552317,246.55306058598018,-1678310.2825310752,98.76584466325038,129952.12682690682,-0.03982477115983618,4576.567169236416
51.40571615838149,2001.0,12.0,14.0,14.0,22.0,19.0,1.0,3493917.433020143,34763.16666239769,-552544.5058406817,415.79129165996454,-285.5694498519899,4539.007848829944,3537509.4257758786,4566.949152404575,3494020.9070200925,22031.97278850173,-552544.5058406817,3537509.4257758786,416.3096658626199,-534.7470415755334,4539.007848829944,4589.320253382222,12759259.340688981,0.7241846284444394,1.6336280247550428,2.580956827951785e-08,1.0690479790679392e-06,6.126033458599783,-0.15683810919543933,0.006305537768192416,141309.4257758786,-0.06598097788357495,-0.06565888287093102,455.779143512249,-16088661845.425312,-1012210301.1445878,-195468242.42490253,-16089417939.540882,-1877589466.461932,16120471757.060574,16199781469.871298,-0.9877064585499308,-0.006228102921215391,0.15619591055068147,-0.0063054959837818446,0.9999801201625953,0.0,0.15619280540137645,0.0009848926866604703,0.9877260943840875,4547.794401079851,-537.3614498174006,-0.11761336556865407,7.266912560330894e-10,183.28489396554087,0.0,-85.78489396554086,6.6,0.0,3.031542570197314e-17,2.2950884732329344,1.5707963267948966,17.439380854556084,461.0,0.0035178590710010183,0.08191223243190668,0.0,0.007710735201722422,-1558.2909193595015,-15.504409585137145,246.4354417354525,-0.017658470280374445,0.026221550918823496,-0.19208091130135413,-0.017753897842025416,0.02615703378914066,-0.19208091130135413,-2.560022027276998e-18,3.579771038572756e-21,2.358378025563914e-19,-2.560018076412693e-18,-5.748334051979677e-21,2.358378025563914e-19,-1558.3086732573436,-15.478252551348005,246.24336082415115,-1678310.584354315,98.95432909963063,129917.81738797645,-0.03972281464579623,4576.594009227044
51.52442365532031,2001.0,12.0,14.0,14.0,22.0,19.0,1.0,3493966.7667467175,34729.26719131627,-552005.6878180817,415.39001826649417,-285.5734336021126,4539.07122641167,3537473.698632072,4566.9758759701235,3494070.3018704276,21968.493741154543,-552005.6878180817,3537473.6986320717,415.9014654468842,-534.7565507965217,4539.07122641167,4589.347033731378,12759257.601243865,0.7241845908864561,1.633628023969649,2.580956827951785e-08,1.0738145246623359e-06,6.126186374124267,-0.15668549821927977,0.006287281700589419,141273.69863207173,-0.06591682277693221,-0.06559504290980858,457.7843610942364,-16088661669.724604,-1012210277.4045144,-195472099.80957943,-16089413944.778152,-1877613711.609398,16120471580.215921,16199780358.950836,-0.9877303973232568,-0.006210221082251347,0.1560451708889144,-0.006287240278056757,0.9999802351095175,0.0,0.15604208667320146,0.0009810934836090323,0.9877499200922516,4547.840727532636,-537.3608538371209,-0.11761204927868296,7.297025438682398e-10,183.23385518867389,0.0,-85.7338551886739,6.6,0.0,3.031454886334521e-17,2.295074153371427,1.5707963267948966,17.441911286272603,461.0,0.003532496651862694,0.08233069626903478,0.0,0.007742753869553407,-1558.3601378412225,-15.489759697335883,246.20258782778612,-0.017714166645783073,0.026328397069409735,-0.19287918547815647,-0.017810204147368624,0.026263526427883408,-0.19287918547815647,-2.5705997862237214e-18,3.621906462775792e-21,2.3658017774784366e-19,-2.570595870241347e-18,-5.766371302626625e-21,2.3658017774784366e-19,-1558.3779480453697,-15.463496170908,246.00970864230797,-1678310.8131551817,99.14281353601088,129883.59569697174,-0.03962085992556585,4576.620780148943
51.63260661243903,2001.0,12.0,14.0,14.0,22.0,19.0,1.0,3494011.6850853334,34698.372816591895,-551514.6345488278,415.02430601773943,-285.5770608455857,4539.128932568968,3537441.16908119,4567.000207877311,3494115.2751974333,21910.641727973296,-551514.6345488278,3537441.1690811897,415.5294402018769,-534.7652046782121,4539.128932568968,4589.371417339602,12759256.009721117,0.72418455652232,1.6336280232511413,2.580956827951785e-08,1.0781481840557223e-06,6.126325734919149,-0.15654641495130267,0.006270644446135068,141241.16908118967,-0.06585835437440027,-0.06553686171330342,459.6170752942562,-16088661508.967144,-1012210255.6849526,-195475608.6289367,-16089410306.737068,-1877635787.0019112,16120471418.4119,16199779346.668156,-0.9877521937997319,-0.0061939239921449596,0.15590778989324575,-0.006270603351566537,0.9999803395735375,0.0,0.15590472467960761,0.0009776359098399182,0.987771613810907,4547.8829083229475,-537.3603112666352,-0.11761085082049423,7.32469551496329e-10,183.18738440169952,0.0,-85.68738440169953,6.5873844016995236,0.0,3.031375041702494e-17,2.2950611137534604,1.5707963267948966,17.444216151206213,461.0,0.0035459467427373533,0.08271357423094217,0.0,0.007772132975885958,-1558.4231640609844,-15.476407300933264,245.99035700664248,-0.01776521752993585,0.026426506539827758,-0.19361164478258194,-0.01786181514899708,0.026361311829432115,-0.19361164478258194,-2.5803055393576134e-18,3.660648924217494e-21,2.3726066381341393e-19,-2.5803016558710664e-18,-5.7828625405347586e-21,2.3726066381341393e-19,-1558.4410258761334,-15.450045989103833,245.7967453618599,-1678311.0224988777,99.33129797239113,129849.46175389268,-0.039518906994484314,4576.6474820036465
51.72008329662893,2001.0,12.0,14.0,14.0,22.0,19.0,1.0,3494047.97710102,34673.39135402754,-551117.5645611299,414.72858045816236,-285.57999152451197,4539.17555719224,3537414.8866537428,4567.019867048913,3494151.6111773103,21863.86193530309,-551117.5645611299,3537414.8866537428,415.228609873304,-534.7721936548819,4539.17555719224,4589.391118283041,12759254.718361577,0.7241845286392448,1.6336280226681987,2.580956827951785e-08,1.081746304803039e-06,6.126438423850074,-0.15643395041356556,0.006257191738153919,141214.88665374322,-0.06581107598201501,-0.06548981555635837,461.10278540849686,-16088661378.529942,-1012210238.0626737,-195478441.27953783,-16089407366.78941,-1877653623.069888,16120471287.125574,16199778528.23087,-0.987769804542956,-0.006180745724170754,0.15579669962956075,-0.006257150907504357,0.9999804238396474,0.0,0.15579364972838639,0.0009748434604732897,0.9877891416615878,4547.916988918161,-537.3598729417573,-0.11760988253590463,7.347598773166612e-10,183.14983807677604,0.0,-85.64983807677605,6.549838076776045,0.0,3.031310524872974e-17,2.2950505773556085,1.5707963267948966,17.446079011719124,461.0,0.003557078965117978,0.08302425002054821,0.0,0.007796359041927735,-1558.4740884001285,-15.465609612791711,245.81873221538575,-0.017807404168179927,0.026507584136380498,-0.19421561111512817,-0.017904462191312646,0.02644212346987395,-0.19421561111512817,-2.588309497904684e-18,3.69245247568376e-21,2.3782306206485226e-19,-2.5883056413184808e-18,-5.7964012809431535e-21,2.3782306206485226e-19,-1558.4919928623199,-15.439167489321838,245.6245166042706,-1678311.1923601292,99.51978240877138,129815.41555873927,-0.039416955847891275,4576.6741147927005
51.90158157440211,2001.0,12.0,14.0,14.0,22.0,19.0,1.0,3494123.193940253,34621.55852607479,-550293.7032438443,414.1149726470577,-285.58606556753654,4539.272190587157,3537360.415136664,4567.060611778077,3494226.9178098375,21766.800388952513,-550293.7032438443,3537360.415136664,414.60441035359463,-534.7866701333942,4539.272190587157,4589.431949585367,12759252.026208369,0.7241844705100223,1.633628021453083,2.9802322387695312e-08,1.0892127083882924e-06,6.126672238282928,-0.1562006015145441,0.006229280282703323,141160.41513666417,-0.06571297939540521,-0.06539220081847222,464.19619795680046,-16088661106.605238,-1012210201.3276953,-195484305.4695158,-16089401271.96998,-1877690589.5065422,16120471013.430847,16199776830.37873,-0.9878063040615668,-0.006153401925291677,0.1555661958812823,-0.006229239996019198,0.9999805980963191,0.0,0.1555631776009338,0.0009690591694122406,0.9878254697561845,4547.987623613537,-537.3589646294311,-0.11760787576854277,7.395066809478374e-10,183.07202162380594,0.0,-85.6,6.5,0.0,3.031176793963075e-17,2.2950287374406235,1.5707963267948966,17.449941675078104,461.0,0.0035801518846894204,0.08367194800994131,0.0,0.007846674267497316,-1558.5796369756315,-15.443203666282326,245.46259894877437,-0.017894860567679447,0.026676973918791688,-0.19546985262332203,-0.017992881343892205,0.02661096001923261,-0.19546985262332203,-2.604931982659687e-18,3.7587300527263166e-21,2.3898911026238997e-19,-2.604928182629733e-18,-5.824575202747172e-21,2.3898911026238997e-19,-1558.5976298569753,-15.416592706263094,245.26712909615105,-1678311.5464773476,99.70826684515163,129781.45711151152,-0.03931500648112673,4576.700678517653
52.07561493298266,2001.0,12.0,14.0,14.0,22.0,20.0,1.0,3494195.212558898,34571.856517722874,-549503.7104057419,413.52656313690665,-285.591881440254,4539.364717351397,3537308.2597481213,4567.099624301964,3494299.0207232004,21673.728462990166,-549503.7104057419,3537308.2597481213,414.0058444656182,-534.8005202957693,4539.364717351397,4589.47104500018,12759249.428484973,0.7241844144195249,1.6336280202805726,2.580956827951785e-08,1.096121962762112e-06,6.1268964427837025,-0.15597684334712433,0.00620251741349733,141108.25974812172,-0.06561891431971022,-0.06529859777619217,467.17670983076096,-16088660844.223093,-1012210165.8812602,-195489911.95109424,-16089395434.209953,-1877725984.6068034,16120470749.340755,16199775202.678534,-0.9878412521989295,-0.0061271811421189145,0.15534515797186135,-0.00620247764383616,0.9999807644505356,0.0,0.15534216982239113,0.0009635248693986667,0.9878602542337137,4548.055256339269,-537.358095108623,-0.1176059543870122,7.440516505208223e-10,182.99751392588817,0.0,-85.6,6.5,0.0,3.031048727952752e-17,2.2950078226739477,1.5707963267948966,17.45364237671511,461.0,0.0036022448643570513,0.0842969368010833,0.0,0.00789503329346496,-1558.680704687029,-15.421715846242185,245.1210589164877,-0.017978771468547178,0.026841513412158634,-0.19667508708669532,-0.018077727295539595,0.026774966696551473,-0.19667508708669532,-2.620906890862934e-18,3.8226141118866696e-21,2.4010814729321906e-19,-2.6209031457633435e-18,-5.851792825305077e-21,2.4010814729321906e-19,-1558.6987824143246,-15.394940879545633,244.924383829401,-1678311.8881737143,99.89675128153186,129747.5864122094,-0.039213058889530986,4576.727173180062
52.1161366500825,2001.0,12.0,14.0,14.0,22.0,20.0,1.0,3494211.966589369,34560.283816882846,-549319.7671167073,413.3895530982163,-285.59323442817407,4539.386242601863,3537296.1265942953,4567.108700007582,3494315.7941270596,21652.05736234591,-549319.7671167073,3537296.126594295,413.86646958611624,-534.8037408080479,4539.386242601863,4589.480139988953,12759248.821416477,0.7241844013115658,1.6336280200065758,2.9802322387695312e-08,1.0978424821135274e-06,6.126948647232514,-0.15592474281479582,0.006196286064149808,141096.12659429433,-0.06559701187959786,-0.06527680291578183,467.8725820183754,-16088660782.906975,-1012210157.5978975,-195491215.03916132,-16089394075.857237,-1877734218.8036263,16120470687.625515,16199774823.739172,-0.9878493824296762,-0.006121075699475715,0.15529368971593335,-0.006196246414231687,0.9999808030809262,0.0,0.1552907085555392,0.0009622379680551602,0.9878683464583787,4548.070990259559,-537.357892852059,-0.11760550741514009,7.44957847185058e-10,182.9826582428679,0.0,-85.5826582428679,6.5,0.0,3.0310230200402805e-17,2.295003624253229,1.5707963267948966,17.454385449981274,461.0,0.003606653055324156,0.08444299335069069,0.0,0.007904671936915452,-1558.7042175354115,-15.416712168488404,245.04152752247828,-0.01799458189201097,0.026873583212853044,-0.19691548428732275,-0.01809373298537108,0.02680692594872677,-0.19691548428732275,-2.6240918786973018e-18,3.836787374918202e-21,2.4031906175098083e-19,-2.6240881474045653e-18,-5.856913297189542e-21,2.4031906175098083e-19,-1558.7223112683969,-15.389905242539678,244.84461203819095,-1678311.9680256173,100.08523571791211,129713.80346083298,-0.03911111306844476,4576.753598781488
52.17191409694428,2001.0,12.0,14.0,14.0,22.0,20.0,1.0,3494235.0191435423,34544.35410350128,-549066.5709156912,413.2009577535391,-285.5950960686714,4539.415860269318,3537279.432092779,4567.121187668611,3494338.8731916347,21622.22725154022,-549066.5709156912,3537279.4320927793,413.6746190527788,-534.8081711052163,4539.415860269318,4589.492654182377,12759247.98455657,0.7241843832418807,1.6336280196288808,2.9802322387695312e-08,1.1002668703779973e-06,6.127020506341559,-0.1558530267408746,0.006187708771268375,141079.43209277932,-0.06556686327483292,-0.06524680239287595,468.83143040537834,-16088660698.381474,-1012210146.1793599,-195493007.2864442,-16089392206.679888,-1877745548.614834,16120470602.549831,16199774302.181257,-0.9878605691957619,-0.006112671522460905,0.15522284327728214,-0.006187669285780027,0.9999808561911622,0.0,0.15521987172084317,0.0009604676197982855,0.9878794809717004,4548.09263932995,-537.3576145744433,-0.11760489241336429,7.46230802925578e-10,182.96179011597414,0.0,-85.56179011597413,6.5,0.0,3.030986940594932e-17,2.2949977320326522,1.5707963267948966,17.455428417403272,461.0,0.0036128448134269825,0.08464433681520789,0.0,0.00791821238630003,-1558.7365704341696,-15.409824395942604,244.93204921830022,-0.018016939692687802,0.026918778615243784,-0.19725316198220375,-0.018116363753191714,0.02685196682532765,-0.19725316198220375,-2.6285658972270846e-18,3.856464852497885e-21,2.4061730668976616e-19,-2.6285621849335673e-18,-5.8641558351067155e-21,2.4061730668976616e-19,-1558.754686797923,-15.382972429117276,244.734796056318,-1678312.0781035777,100.27372015429236,129680.10825738218,-0.03900916901320908,4576.779955323504
52.29472915268998,2001.0,12.0,14.0,14.0,22.0,20.0,1.0,3494285.740941224,34509.27847428314,-548509.0583013506,412.7856802721508,-285.59919221436337,4539.481027879526,3537242.6997146537,4567.148663981652,3494389.6527219103,21556.544157684795,-548509.0583013506,3537242.699714653,413.2521739418138,-534.8179151181483,4539.481027879526,4589.520188873464,12759246.136852112,0.7241843433457155,1.6336280187950447,2.9802322387695312e-08,1.1054010407551513e-06,6.127178733612015,-0.15569511439946765,0.006168822844334594,141042.6997146532,-0.06550047865483495,-0.065180743831863,470.94669276475906,-16088660511.758997,-1012210120.96969,-195496947.75368983,-16089388093.319447,-1877770477.4149985,16120470414.712685,16199773153.963667,-0.987885183282391,-0.0060941659896347365,0.1550668429807201,-0.0061687837192924404,0.9999809728726965,0.0,0.15506389250415814,0.0009565738163815434,0.9879039802571871,4548.14027360726,-537.3570023521677,-0.11760353926527395,7.49031646757694e-10,182.9158746433165,0.0,-85.5158746433165,6.5,0.0,3.030907550464227e-17,2.2949847666403835,1.5707963267948966,17.4577238445063,461.0,0.0036264686881986074,0.0850888853019855,0.0,0.0079480054056412,-1558.8077579752235,-15.394657161995607,244.69097228709185,-0.018066018006651176,0.027018211729557536,-0.19799615775256585,-0.018166044062193232,0.02695105962314467,-0.19799615775256585,-2.6384098118590013e-18,3.899938904604783e-21,2.412719978370779e-19,-2.6384061419355822e-18,-5.880053903340373e-21,2.412719978370779e-19,-1558.8259240192856,-15.367706102372463,244.4929761293393,-1678312.3211449515,100.46220459067261,129646.50080185704,-0.03890722671916536,4576.806242807682
52.35139739064726,2001.0,12.0,14.0,14.0,22.0,20.0,1.0,3494309.1273489404,34493.09401779682,-548251.8130590745,412.5940602094833,-285.60108085040014,4539.511075220762,3537225.7634382905,4567.161332595447,3494413.065471292,21526.236841561447,-548251.8130590745,3537225.76343829,413.0572466058467,-534.8224060343731,4539.511075220762,4589.532884403592,12759245.281951744,0.7241843248864264,1.6336280184092806,2.9802322387695312e-08,1.1076084336131263e-06,6.127251742543721,-0.15562225077196584,0.006160108765799294,141025.76343828999,-0.06546984753447839,-0.06515026315923496,471.92455649375916,-16088660425.412766,-1012210109.3062661,-195498763.22286817,-16089386196.451908,-1877781971.4728665,16120470327.804487,16199772624.249619,-0.9878965322458291,-0.006085627065160041,0.15499486030152546,-0.006160069806326919,0.9999810265899954,0.0,0.15499191952049235,0.0009547791590792858,0.9879152763674174,4548.16223668587,-537.356720102685,-0.11760291537595115,7.503752383228859e-10,182.88789553797142,0.0,-85.5,6.5,0.0,3.030859706424964e-17,2.2949769531158157,1.5707963267948966,17.459107473655905,461.0,0.003633002949683851,0.08529456971025665,0.0,0.007962298701836332,-1558.8405817216108,-15.387658270770741,244.57972779509944,-0.018089841607557774,0.02706614994467586,-0.19835240982822808,-0.018190153643633307,0.026998836134826617,-0.19835240982822808,-2.643123345584044e-18,3.92032287802965e-21,2.415891531602771e-19,-2.6431196952083857e-18,-5.887758859608079e-21,2.415891531602771e-19,-1558.8587718752544,-15.360659434635915,244.3813753852712,-1678312.433595946,100.65068902705286,129612.98109425754,-0.03880528618165538,4576.832461235603
52.39540919579177,2001.0,12.0,14.0,14.0,22.0,20.0,1.0,3494327.2830832824,34480.524166409785,-548052.0204688169,412.44523428800017,-285.60254707554463,4539.534402243001,3537212.6151797744,4567.171167728514,3494431.241534779,21502.69826532724,-548052.0204688169,3537212.6151797744,412.9058520448412,-534.8258917237897,4539.534402243001,4589.5427404327265,12759244.616853379,0.7241843105253889,1.633628018109163,2.9802322387695312e-08,1.1095112841717742e-06,6.127308445948813,-0.15556566021461576,0.006153340955510572,141012.61517977435,-0.06544605742445571,-0.06512658989574813,472.6849957704544,-16088660358.237152,-1012210100.232341,-195500172.0417557,-16089384723.696424,-1877790894.7698157,16120470260.191673,16199772212.869682,-0.9879053429071802,-0.006078995131095446,0.15493895337726618,-0.006153302124305612,0.9999810682572781,0.0,0.15493602011286323,0.0009533861909540201,0.9879240460310486,4548.179287538447,-537.3565009941323,-0.11760243103170123,7.515397983628441e-10,182.85032908506955,0.0,-85.5,6.5,0.0,3.030796408960587e-17,2.2949666158554036,1.5707963267948966,17.460938358647628,461.0,0.0036386634546042547,0.0854545907476298,0.0,0.007974690017307183,-1558.866064513793,-15.382222286355566,244.49332506233225,-0.018111216399685357,0.027108244476426947,-0.1986607982353505,-0.018211768850419526,0.027040794245155833,-0.1986607982353505,-2.647189426106709e-18,3.93678364849923e-21,2.418722781121973e-19,-2.647185790442108e-18,-5.894644862493965e-21,2.418722781121973e-19,-1558.8842762826434,-15.35518149211041,244.2946642640969,-1678312.5210809726,100.83917346343311,129579.5491345837,-0.038703347396021194,4576.858610608857
52.50956358623294,2001.0,12.0,14.0,14.0,22.0,20.0,1.0,3494374.3434847128,34447.92116474872,-547533.8092339978,412.0592098653378,-285.6063476186844,4539.59486747317,3537178.534359141,4567.196660865797,3494478.354137477,21441.645025992657,-547533.8092339978,3537178.534359141,412.51316519844005,-534.8349236117506,4539.59486747317,4589.568287733125,12759242.886991084,0.7241842731735304,1.6336280173285713,2.9802322387695312e-08,1.114104726464731e-06,6.127455520774895,-0.15541887806837032,0.006135787312116327,140978.53435914125,-0.06538435157717365,-0.06506518711673842,474.6615460216999,-16088660183.520649,-1012210076.6317569,-195503821.32633817,-16089380905.638857,-1877814024.454767,16120470084.338043,16199771145.95538,-0.9879281806652147,-0.006061793267632562,0.1547939420969032,-0.00613574881228532,0.999981176116087,0.0,0.15479102827370672,0.0009497767463700364,0.9879467776606696,4548.223484448948,-537.3559331046542,-0.11760117560850629,7.545583853332029e-10,182.75295531183215,0.0,-85.5,6.5,0.0,3.0306323132219275e-17,2.294939816987555,1.5707963267948966,17.465686697134664,461.0,0.003653336034293974,0.0858707979793057,0.0,0.008006809302862341,-1558.932118991334,-15.368121860308378,244.26920459739443,-0.018166512435451553,0.027217356297893607,-0.19946016109936401,-0.018267689417498987,0.02714955213736868,-0.19946016109936401,-2.657728326981375e-18,3.979616520927999e-21,2.426046839440378e-19,-2.6577247299578836e-18,-5.912457794026227e-21,2.426046839440378e-19,-1558.9503866807515,-15.34097230817101,244.06974443629508,-1678312.7486218642,101.02765789981336,129546.20492283553,-0.03860141035760533,4576.884690929035
52.760319586794076,2001.0,12.0,14.0,14.0,22.0,20.0,1.0,3494477.5634830208,34376.30261388448,-546395.4619488242,411.21119609190174,-285.6146836867895,4539.727492200724,3537103.7831403674,4567.252576634219,3494581.6861328674,21307.52947664854,-546395.4619488242,3537103.783140368,411.6505160460301,-534.8547176860151,4539.727492200724,4589.624322298615,12759239.062667796,0.7241841905969405,1.6336280156030565,2.9802322387695312e-08,1.1244207310625599e-06,6.12777860098053,-0.15509644069869022,0.00609722918087543,140903.78314036783,-0.065248801471286,-0.06493030274667713,479.02405232191086,-16088659797.269632,-1012210024.4598583,-195511813.1895395,-16089372528.15498,-1877864756.6720417,16120469695.573307,16199768802.769865,-0.987978272729745,-0.006024004604617778,0.15447538309540773,-0.006097191402306664,0.9999814119557441,0.0,0.1544725117001503,0.0009418659776773482,0.9879966376549705,4548.320425858851,-537.3546877700433,-0.11759842210926148,7.611792075674194e-10,182.6196902005255,0.0,-85.4196902005255,6.5,0.0,3.030404902545474e-17,2.294902678005668,1.5707963267948966,17.472271568870656,461.0,0.003685522430479696,0.08679093020665699,0.0,0.008077222600045498,-1559.0770100093212,-15.33714328416264,243.77681287750354,-0.018287355537567607,0.027453322308255753,-0.2012149081658307,-0.01838989669058467,0.027384739875120242,-0.2012149081658307,-2.680946670121742e-18,4.074605868718291e-21,2.4421295047119124e-19,-2.6809431604626096e-18,-5.951539178858821e-21,2.4421295047119124e-19,-1559.0953999060118,-15.309758544287519,243.5755979693377,-1678313.2516620923,101.21614233619361,129512.948459013,-0.03849947506175061,4576.910702197733
52.937402110099214,2001.0,12.0,14.0,14.0,22.0,20.0,1.0,3494550.328771572,34325.72472454803,-545591.5472690004,410.6122858926922,-285.62056034306374,4539.820989115983,3537051.087013976,4567.291994939094,3494654.528302165,21212.81481885295,-545591.5472690004,3537051.087013976,411.0412700601275,-534.8686582917146,4539.820989115983,4589.663824348516,12759236.341757998,0.7241841318455061,1.6336280143756212,2.580956827951785e-08,1.1317037073402725e-06,6.128006766637421,-0.15486872894326656,0.00607000037296198,140851.08701397665,-0.06515307289905149,-0.06483504431691944,482.1217095553875,-16088659522.467197,-1012209987.3448441,-195517436.91021168,-16089366619.818905,-1877900521.0907354,16120469418.982666,16199767148.39419,-0.9880135859876419,-0.005997316492468611,0.15425040064366044,-0.006069963098266611,0.9999815776043005,0.0,0.15424755898174297,0.0009362942397998592,0.9880317879002023,4548.388766726852,-537.3538100707739,-0.11759648109088232,7.659021687421016e-10,182.54441001996665,0.0,-85.34441001996665,6.5,0.0,3.030275378942927e-17,2.2948815251961174,1.5707963267948966,17.47602433725529,461.0,0.0037084834918258906,0.08744560043470798,0.0,0.008127443348820703,-1559.179159956375,-15.315262224232514,243.42902242567328,-0.018373450266572142,0.027620855923916006,-0.20246699923827932,-0.018476963185635416,0.027551718423804338,-0.20246699923827932,-2.6975338976566356e-18,4.1426171462202736e-21,2.45360615454502e-19,-2.6975304515087897e-18,-5.979420223228566e-21,2.45360615454502e-19,-1559.1976369195606,-15.28771050580871,243.226555426435,-1678313.6095627416,101.40462677257386,129479.77974311613,-0.03839754150380023,4576.936644416558
53.12545368154349,2001.0,12.0,14.0,14.0,22.0,21.0,1.0,3494627.485253056,34272.012743185725,-544737.8174722462,409.97623434471245,-285.6267917447479,4539.920130720369,3536995.210814964,4567.333792291726,3494731.7644227413,21112.230537755277,-544737.8174722462,3536995.210814964,410.3942421678147,-534.8834281037973,4539.920130720369,4589.705710498727,12759233.433830185,0.7241840690556284,1.6336280130641059,2.9802322387695312e-08,1.139524835008752e-06,6.128249072987359,-0.15462690455087744,0.006041085591682877,140795.21081496403,-0.06505141113733462,-0.06473388182291816,485.42646011710167,-16088659228.781479,-1012209947.683712,-195523390.80457118,-16089360352.55239,-1877938444.3096824,16120469123.38613,16199765391.858387,-0.9880510309250645,-0.005968973458940811,0.15401146594901166,-0.0060410488471336395,0.9999817526979312,0.0,0.15400865565527044,0.0009303907888166387,0.9880690605196767,4548.461233305573,-537.3528795878312,-0.11759442300069411,7.709310266532363e-10,182.46458687852007,0.0,-85.3,6.5,0.0,3.030138015549563e-17,2.2948590920515635,1.5707963267948966,17.480006079054405,461.0,0.0037329325458670603,0.08814528581301749,0.0,0.00818093474086286,-1559.2874820902032,-15.29202202008541,243.05962892754613,-0.018464855190771748,0.027800830537336892,-0.20380042999950712,-0.018569412432992767,0.02773110127051047,-0.20380042999950712,-2.7152002396429156e-18,4.2154788428745745e-21,2.46579327884741e-19,-2.7151968626682804e-18,-6.009041117053192e-21,2.46579327884741e-19,-1559.3060515026361,-15.264290918814899,242.8558284975466,-1678313.9920633733,101.59311120895411,129446.6987751449,-0.038295609679097745,4576.962517587117
53.31670944240061,2001.0,12.0,14.0,14.0,22.0,21.0,1.0,3494705.8337048343,34217.38436867193,-543869.5219656028,409.32929986730505,-285.63311952185296,4540.020806457062,3536938.4713967997,4567.376235625949,3494810.191753368,21009.929567290998,-543869.5219656028,3536938.4713967997,409.7361439776598,-534.8984133132171,4540.020806457062,4589.748244000939,12759230.456701057,0.7241840047712544,1.6336280117213902,2.9802322387695312e-08,1.1475829171831137e-06,6.128495515771533,-0.15438095187685943,0.0060116788358524275,140738.4713967992,-0.06494801352033663,-0.06463099198389759,488.8044151365757,-16088658928.112165,-1012209907.0792487,-195529426.9711203,-16089353985.935642,-1877976953.9258807,16120468820.760546,16199763605.714483,-0.9880890549880574,-0.005940145619494988,0.15376844306562648,-0.006011642625289364,0.9999819299132089,0.0,0.15376566445651454,0.0009244009267577009,0.988106910165683,4548.5348209977865,-537.351934920722,-0.11759233318213336,7.760540437212149e-10,182.38353056685602,0.0,-85.28353056685602,6.5,0.0,3.029998505415622e-17,2.2948363083176675,1.5707963267948966,17.484051973792788,461.0,0.0037578403867355513,0.08886160576201602,0.0,0.00823544281615443,-1559.3974857851715,-15.268381859220753,242.68387827345126,-0.018557650546650716,0.027985475607601323,-0.20515904058652337,-0.018663280877205087,0.0279151425877391,-0.20515904058652337,-2.7332011469450363e-18,4.290229710265695e-21,2.478167948742021e-19,-2.7331978422087735e-18,-6.0391289052087455e-21,2.478167948742021e-19,-1559.4161490660488,-15.240466716633014,242.47871923286473,-1678314.3836667314,101.78159564533436,129413.70555509932,-0.03819367958298707,4576.988321711023
53.442012662103785,2001.0,12.0,14.0,14.0,22.0,21.0,1.0,3494757.0974280676,34181.59335969458,-543300.6386131702,408.90542919763016,-285.63725987231106,4540.08668038882,3536901.3465554756,4567.404006621117,3494861.5059972326,20942.904459867834,-543300.6386131702,3536901.3465554756,409.3049590970165,-534.9082112008906,4540.08668038882,4589.776073992665,12759228.495455373,0.7241839624224446,1.6336280108369516,2.9802322387695312e-08,1.1529878792451851e-06,6.128656979608389,-0.1542198091056295,0.005992413073778047,140701.34655547608,-0.06488026949260582,-0.06456358063404757,491.0264736711979,-16088658730.042929,-1012209880.3320692,-195533371.15797082,-16089349818.846596,-1878002151.2211492,16120468621.402687,16199762435.679316,-0.9881139346453117,-0.005921257736030367,0.153609214784088,-0.005992377210234499,0.9999820455465039,0.0,0.1536064568145846,0.0009204843579541853,0.9881316760095367,4548.582970603358,-537.3513169252169,-0.11759096584142027,7.794483149279019e-10,182.33049507925153,0.0,-85.23049507925154,6.5,0.0,3.029907209897049e-17,2.294821398628011,1.5707963267948966,17.486700660912447,461.0,0.003774343054078613,0.08933351053329834,0.0,0.00827153666198337,-1559.4694660954265,-15.252891591854349,242.43766682695002,-0.018619101368303647,0.028105862423826854,-0.20605893237696132,-0.018725435229323312,0.028035129994752415,-0.20605893237696132,-2.7451213980017876e-18,4.3397602290016885e-21,2.4863598821291216e-19,-2.745118141619628e-18,-6.059029372330347e-21,2.4863598821291216e-19,-1559.4881915306557,-15.224856461859597,242.23160789457307,-1678314.6416436806,101.97008008171461,129380.80008297942,-0.038091751210812534,4577.0140567898925
53.579872798811635,2001.0,12.0,14.0,14.0,22.0,21.0,1.0,3494813.4370396114,34142.21505431876,-542674.7366519843,408.43905888624005,-285.64181023414955,4540.159078089757,3536860.545789406,4567.434527493367,3494917.9001333206,20869.16119876357,-542674.7366519843,3536860.5457894066,408.83054143029915,-534.9189728183858,4540.159078089757,4589.806659702356,12759226.327743413,0.7241839156153166,1.6336280098595546,2.9802322387695312e-08,1.1588467416301172e-06,6.128834627990784,-0.15404251393280566,0.005971216996081371,140660.5457894071,-0.06480573486232546,-0.0644894120216959,493.47934490442276,-16088658511.124931,-1012209850.7717022,-195537701.03568253,-16089345237.87466,-1878029843.6959922,16120468401.060566,16199761148.543491,-0.9881412780874218,-0.005900476122421076,0.1534340213944914,-0.005971181511757292,0.999982172336764,0.0,0.15343128602442901,0.0009161823918253598,0.9881588946514193,4548.635888540545,-537.3506378335102,-0.11758946314641187,7.832064624121978e-10,182.2722082705816,0.0,-85.17220827058158,6.472208270581572,0.0,3.029806862455509e-17,2.294805010647148,1.5707963267948966,17.48961292437144,461.0,0.0037926149882750275,0.08985509619760178,0.0,0.008311400875748191,-1559.548577592061,-15.235847029622589,242.16675049688945,-0.018686771646149885,0.028238983599083615,-0.20705281452061813,-0.018793884548795377,0.02816781022428288,-0.20705281452061813,-2.75828660670869e-18,4.394767660331087e-21,2.495381472872265e-19,-2.758283404951925e-18,-6.080846827639683e-21,2.495381472872265e-19,-1559.5673714766099,-15.207679219398306,241.95969768236884,-1678314.9267787337,102.15856451809485,129347.98235878516,-0.037989824557918744,4577.039722825353
53.71941848232511,2001.0,12.0,14.0,14.0,22.0,21.0,1.0,3494870.4000080284,34102.35465159912,-542041.1719418148,407.9669623961511,-285.64641099911546,4540.232278144407,3536819.2935920707,4567.465386188249,3494974.917163074,20794.514806151372,-542041.1719418148,3536819.2935920707,408.35029901206605,-534.9298466571147,4540.232278144407,4589.837583951332,12759224.122888194,0.7241838680060185,1.6336280088655402,2.9802322387695312e-08,1.1645808030713216e-06,6.129014452538391,-0.1538630468794108,0.0059497621371965535,140619.2935920707,-0.0647302869933828,-0.06441433464755104,495.9709845483303,-16088658288.458658,-1012209820.7071055,-195542073.6574375,-16089340604.848154,-1878057842.847408,16120468176.945906,16199759845.826927,-0.9881689244048149,-0.005879439428479256,0.1532566769594004,-0.00594972703398982,0.9999823002174694,0.0,0.15325396434954686,0.0009118353940447893,0.9881864150894617,4548.689392812391,-537.3499513285296,-0.11758794386052734,7.870370235934358e-10,182.21327656010098,0.0,-85.11327656010099,6.4132765601009885,0.0,3.029705391665885e-17,2.2947884392096207,1.5707963267948966,17.492558812022487,461.0,0.0038112391160968736,0.09038564008736454,0.0,0.008351922649327987,-1559.6285687016084,-15.218591961094177,241.8924882510702,-0.01875534383047901,0.02837447911879477,-0.20806307647047131,-0.01886325078518256,0.028302857758143736,-0.20806307647047131,-2.7716687375454516e-18,4.451007364667284e-21,2.504523919205651e-19,-2.7716655926389994e-18,-6.102846423004631e-21,2.504523919205651e-19,-1559.6474319523936,-15.190289103336033,241.68442517459974,-1678315.2167996187,102.3470489544751,129315.25238251654,-0.037887899619650764,4577.0653198190275
53.77279080940651,2001.0,12.0,14.0,14.0,22.0,21.0,1.0,3494892.1693353252,34087.10899102949,-541798.8484335612,407.78639226837294,-285.64816927147535,4540.260253090505,3536803.5283917985,4567.477179376035,3494996.706866794,20765.96424458195,-541798.8484335612,3536803.5283917985,408.16661324599113,-534.9340004481055,4540.260253090505,4589.849402191489,12759223.276746258,0.7241838497352929,1.6336280084841168,2.9802322387695312e-08,1.1668665379555824e-06,6.1290832315087,-0.15379440463218022,0.005941556351840948,140603.52839179803,-0.06470142977443122,-0.06438561913297963,496.92629489302635,-16088658203.008308,-1012209809.1701614,-195543743.35396764,-16089338833.895216,-1878068543.253707,16120468090.939762,16199759347.61417,-0.988179489985972,-0.005871393216468639,0.153188845262185,-0.00594152139367461,0.9999823490059855,0.0,0.1531861413267942,0.0009101748013975817,0.9881969326441153,4548.709840563993,-537.3496889960502,-0.11758736325003666,7.884258181664117e-10,182.1919104897475,0.0,-85.1,6.4,0.0,3.0296685199416567e-17,2.2947824176000835,1.5707963267948966,17.49362952226687,461.0,0.003817993105520166,0.09058924464289904,0.0,0.008366648992126963,-1559.65913975129,-15.211991818239285,241.78758168291003,-0.01877980764908153,0.0284240374992932,-0.20843021755160795,-0.01888801039349429,0.028352251171167676,-0.20843021755160795,-2.7765322768784804e-18,4.4721496111089804e-21,2.507786982784811e-19,-2.7765291541201883e-18,-6.110727515893483e-21,2.507786982784811e-19,-1559.6780277616836,-15.183639567068118,241.57915146535842,-1678315.3280989379,102.53553339085535,129282.61015417358,-0.03778597639135397,4577.09084777255
53.806091363473236,2001.0,12.0,14.0,14.0,22.0,21.0,1.0,3494905.7469722307,34077.59673046462,-541647.6549610008,407.67372749568204,-285.6492659191174,4540.27770130353,3536793.69555862,4567.484534857718,3495010.297132901,20748.150602847138,-541647.6549610008,3536793.6955586197,408.0520045220364,-534.9365906766593,4540.27770130353,4589.856773298409,12759222.748113045,0.7241838383205155,1.633628008245816,2.9802322387695312e-08,1.1683878769823178e-06,6.129126145026433,-0.15375157641746973,0.005936436550370318,140593.6955586197,-0.06468342476805765,-0.06436770254023559,497.52292135357857,-16088658149.622822,-1012209801.9623255,-195544784.367451,-16089337729.250233,-1878075217.1717088,16120468037.207037,16199759036.785791,-0.9881860798162503,-0.005866372875777836,0.15314652241129664,-0.005936401682495717,0.9999823794122895,0.0,0.15314382387956593,0.0009091392733107895,0.9882034925425665,4548.7225939921955,-537.3495253857341,-0.11758700112303552,7.892247358621514e-10,182.1796194482746,0.0,-85.1,6.4,0.0,3.029647233203248e-17,2.294778941211884,1.5707963267948966,17.49424772524862,461.0,0.003821879878780292,0.09071645044372707,0.0,0.00837515373396579,-1559.6782073856791,-15.207873639118615,241.72212491169734,-0.018793547132241465,0.02845296141714499,-0.208642241231551,-0.01890192701269102,0.02838107789398113,-0.208642241231551,-2.779341395974237e-18,4.484959216410866e-21,2.5096209465686814e-19,-2.779338287208292e-18,-6.115185464890388e-21,2.5096209465686814e-19,-1559.6971093126917,-15.179492561224635,241.51348267046578,-1678315.3976339884,102.7240178272356,129250.05567375629,-0.0376840548683741,4577.116306687555
53.86087515200986,2001.0,12.0,14.0,14.0,22.0,21.0,1.0,3494928.075806402,34061.94773208055,-541398.9205614667,407.488376137224,-285.6510693968526,4540.30639558617,3536777.525167262,4567.49663119035,3495032.6466029203,20718.844633111294,-541398.9205614667,3536777.5251672626,407.8634550856648,-534.9408495304978,4540.30639558617,4589.868895327131,12759221.87727799,0.7241838195165569,1.6336280078532528,2.9802322387695312e-08,1.1707610115657145e-06,6.129196743920266,-0.1536811178545981,0.005928013850353033,140577.52516726265,-0.06465380392442477,-0.06433822714887162,498.5054025352001,-16088658061.679512,-1012209790.0885996,-195546495.70317408,-16089335912.473545,-1878086192.668034,16120467948.691706,16199758525.468306,-0.9881969170332907,-0.005858113631880607,0.15307689463330398,-0.005927979130680886,0.9999824293773497,0.0,0.1530742049769519,0.000907436636775663,0.9882142805735122,4548.743567498523,-537.3492563366057,-0.11758640559862901,7.905385801599105e-10,182.1594064590783,0.0,-85.1,6.4,0.0,3.029612225293525e-17,2.294773223986354,1.5707963267948966,17.495264512808028,461.0,0.003828271874183998,0.09092600121797761,0.0,0.008389140156928876,-1559.709565221061,-15.201098430481341,241.61443574349914,-0.01881611550824162,0.02850052816756863,-0.20899092417931947,-0.01892478703282772,0.028428484736474774,-0.20899092417931947,-2.783961056570924e-18,4.506066354914824e-21,2.5126334211959206e-19,-2.7839579709529844e-18,-6.122508050773181e-21,2.5126334211959206e-19,-1559.7284900080938,-15.172669945744866,241.40544481931983,-1678315.512181405,102.91250226361585,129217.58894126464,-0.03758213504605735,4577.141696565682
53.95799261431903,2001.0,12.0,14.0,14.0,22.0,21.0,1.0,3494967.634087658,34034.20586993949,-540957.9750572946,407.1597870418914,-285.6542645028625,4540.357231559333,3536748.8773261197,4567.51806139678,3495072.241035592,20666.892168985847,-540957.9750572946,3536748.8773261197,407.5291965579228,-534.9483919990241,4540.357231559333,4589.890371057093,12759220.32993552,0.7241837861047056,1.6336280071557214,2.9802322387695312e-08,1.1748315897243117e-06,6.129321899044671,-0.1535562114891701,0.0059130827272374144,140548.8773261197,-0.06460129310558892,-0.06428597417989125,500.25000953674316,-16088657905.418652,-1012209768.9907638,-195549525.58263612,-16089332693.354935,-1878105637.2233915,16120467791.41445,16199757619.143127,-0.9882161166268507,-0.005843471754944217,0.15295345918545222,-0.005913048269254166,0.9999825177772687,0.0,0.1529507852190112,0.0009044211871129759,0.9882333931431402,4548.780724979345,-537.3487797224628,-0.1175853505671601,7.92866217252774e-10,182.1235966576496,0.0,-85.1,6.4,0.0,3.029550200725713e-17,2.294763094605727,1.5707963267948966,17.497066286790304,461.0,0.0038395963239429686,0.09129834314719464,0.0,0.008413919189084625,-1559.765121122581,-15.18908693839583,241.42351799138422,-0.01885601681257701,0.028584800033474907,-0.2096086699787229,-0.018965206055424882,0.028512473099771778,-0.2096086699787229,-2.7921452915327307e-18,4.543586638940247e-21,2.517959590181325e-19,-2.7921422473445237e-18,-6.1354544913054396e-21,2.517959590181325e-19,-1559.7840863286362,-15.160574465296058,241.21390932140548,-1678315.7157149147,103.1009866999961,129185.20995669864,-0.03748021691975017,4577.167017408575
54.013547148108856,2001.0,12.0,14.0,14.0,22.0,22.0,1.0,3494990.2484385,34018.33642971837,-540705.7368208844,406.9718174963305,-285.6560910678092,4540.3862933437795,3536732.500165183,4567.530312475712,3495094.8758187215,20637.1732407332,-540705.7368208844,3536732.500165183,407.33798386216887,-534.9527023100354,4540.3862933437795,4589.902648160391,12759219.442745812,0.7241837669475382,1.6336280067557813,2.9802322387695312e-08,1.1771917343140328e-06,6.129393492993954,-0.1534847598322028,0.0059045416918867815,140532.5001651831,-0.06457125468429593,-0.06425608325797898,501.2496572434902,-16088657815.825024,-1012209756.8940573,-195551256.5512849,-16089330852.802729,-1878116753.1896775,16120467701.238056,16199757100.75618,-0.9882270925650959,-0.005835095880101008,0.15288284788166218,-0.005904507383004243,0.999982568244349,0.0,0.15288018286521465,0.0009026979040519889,0.9882443193985951,4548.801967049888,-537.3485072783361,-0.11758474744319711,7.941642701398784e-10,182.1035716645473,0.0,-85.10357166454729,6.4,0.0,3.0295154791081e-17,2.294757424135247,1.5707963267948966,17.498075095506998,461.0,0.0038459125150775144,0.09151182996544609,0.0,0.00842774077058605,-1559.796881797983,-15.1822154899392,241.3142991286767,-0.018878009705414298,0.028631971159109808,-0.2099532409219305,-0.018987491663676373,0.028559484995630307,-0.2099532409219305,-2.7967104047046487e-18,4.564921341046148e-21,2.5208960160376115e-19,-2.796707384558168e-18,-6.1425929297835285e-21,2.5208960160376115e-19,-1559.8158692896466,-15.153656004943569,241.1043458877548,-1678315.8324136212,103.28947113637635,129152.9187200583,-0.03737830048479947,4577.192269217881
54.04193127551894,2001.0,12.0,14.0,14.0,22.0,22.0,1.0,3495001.7986154193,34010.22831759419,-540576.8617071888,406.87577792412293,-285.6570239812318,4540.4011366010245,3536724.135604645,4567.536569668496,3495106.436365437,20621.989043833782,-540576.8617071888,3536724.1356046447,407.240287276596,-534.9549033587292,4540.4011366010245,4589.90891864496,12759218.988877986,0.7241837571471212,1.6336280065511795,2.9802322387695312e-08,1.1783229245823834e-06,6.129430072293294,-0.15344825323147832,0.005900177897437673,140524.13560464466,-0.06455590722419287,-0.06424081115890616,501.7608755528927,-16088657769.990969,-1012209750.7056314,-195552140.31893748,-16089329912.671904,-1878122430.6367705,16120467655.105871,16199756835.91711,-0.9882326984962618,-0.005830816386336055,0.15284677033900773,-0.005900143664567528,0.9999825940008843,0.0,0.15284410988825836,0.0009018179036653044,0.9882498999731468,4548.812816393852,-537.348368135086,-0.11758443940253399,7.949529287049312e-10,182.0916222923495,0.0,-85.09162229234953,6.4,0.0,3.02949489770209e-17,2.2947540629365695,1.5707963267948966,17.49867312865195,461.0,0.003849747113951714,0.09162104601953543,0.0,0.00843612709687265,-1559.8131036816515,-15.178704574631215,241.25849456558757,-0.01889220131073387,0.028659941328891866,-0.21016233044600516,-0.019001847767452767,0.02858736239605482,-0.21016233044600516,-2.7994798763111254e-18,4.576561082114912e-21,2.522788039521735e-19,-2.7994768680687056e-18,-6.147188830950212e-21,2.522788039521735e-19,-1559.8321055294189,-15.15011721223516,241.04833223514157,-1678315.892114263,103.4779555727566,129120.71523134361,-0.03727638573655251,4577.21745199525
54.08650416495756,2001.0,12.0,14.0,14.0,22.0,22.0,1.0,3495019.930883312,33997.49572600497,-540374.4823899647,406.7249605877191,-285.65848853794915,4540.424438684038,3536711.004337993,4567.5463926530765,3495124.5848225737,20598.144481069383,-540374.4823899647,3536711.0043379925,407.0868678414164,-534.9583581393705,4540.424438684038,4589.918762495843,12759218.275229253,0.7241837417372144,1.6336280062294837,2.9802322387695312e-08,1.1802998988815546e-06,6.129487514781922,-0.15339092490192802,0.005893325263226192,140511.00433799252,-0.06453180624538064,-0.06421682852310959,502.5644151568413,-16088657697.923056,-1012209740.9753749,-195553527.2863555,-16089328436.671373,-1878131343.5093763,16120467582.5692,16199756420.038809,-0.9882414991034295,-0.005824096019099241,0.15279011537192674,-0.005893291149494514,0.9999826344089318,0.0,0.15278746208126393,0.0009004366346516216,0.9882586607992025,4548.829848514278,-537.3481497066098,-0.1175839558219071,7.961910195607058e-10,182.0728633399893,0.0,-85.0728633399893,6.4,0.0,3.029462586493022e-17,2.2947487861156786,1.5707963267948966,17.499612079725864,461.0,0.003855766994477661,0.09179277476144972,0.0,0.008449292601329934,-1559.8385702772525,-15.17319104754173,241.17085930678624,-0.01891445979800235,0.028703848956876266,-0.21049057602584395,-0.019024364742598863,0.028631124332271253,-0.21049057602584395,-2.803827552078318e-18,4.5948656893062315e-21,2.5257555396927656e-19,-2.8038245626252214e-18,-6.154397101397432e-21,2.5257555396927656e-19,-1559.857594641995,-15.144559923209458,240.9603687307604,-1678315.9859858453,103.66644000913685,129088.59949055457,-0.0371744726703569,4577.242565742335
54.298725588666414,2001.0,12.0,14.0,14.0,22.0,22.0,1.0,3495106.170435672,33936.87213547865,-539410.8952870411,406.0068519798515,-285.6654542477994,4540.535268420809,3536648.550232581,4567.593112283364,3495210.899864763,20484.613113319785,-539410.8952870411,3536648.550232581,406.35636981029,-534.9747798588338,4540.535268420809,4589.965581368082,12759214.862156985,0.7241836680381157,1.6336280046911706,2.9802322387695312e-08,1.1894823338673283e-06,6.129761017036956,-0.1531179661357834,0.005860698872230235,140448.55023258133,-0.06441705341355727,-0.06410263915112865,506.40264347195625,-16088657353.257486,-1012209694.4435613,-195560116.6586574,-16089321414.64975,-1878173734.7370448,16120467235.661999,16199754440.144785,-0.9882833564660835,-0.005792097468088157,0.15252035581866558,-0.00586066532194426,0.9999828261535216,0.0,0.15251773645748992,0.0008938707602370527,0.9883003293842149,4548.910856766298,-537.3471109689931,-0.11758165589540691,8.020795494994741e-10,181.9836431894019,0.0,-85.0,6.4,0.0,3.029308891681395e-17,2.2947236858481186,1.5707963267948966,17.50407982112115,461.0,0.0038843994012569827,0.09261409035878632,0.0,0.008511918855606227,-1559.9596988987114,-15.146936961696428,240.753561340246,-0.019019994873803212,0.02891342485784626,-0.21205189817532086,-0.019131136343886915,0.02884000631417115,-0.21205189817532086,-2.824507670539897e-18,4.682451735142825e-21,2.539826693112305e-19,-2.8245047721211834e-18,-6.188582845096775e-21,2.539826693112305e-19,-1559.9788300350554,-15.118096955382256,240.54150944207066,-1678316.4349330403,103.8549244455171,129056.57149769118,-0.03707256128156068,4577.267610460793
54.59872558866642,2001.0,12.0,14.0,14.0,22.0,22.0,1.0,3495227.8202096513,33851.17102478531,-538048.7112471694,404.99162570603187,-285.6752803129939,4540.69161033107,3536560.4522787393,4567.6590156014145,3495332.6518669194,20324.1172066374,-538048.7112471694,3536560.4522787393,405.32362891481296,-534.9979170242783,4540.69161033107,4590.031624674056,12759209.994349571,0.7241835629260852,1.6336280024973184,2.9802322387695312e-08,1.2023861370903495e-06,6.1301476610819225,-0.1527320902454293,0.005814579092208515,140360.4522787393,-0.06425482909856703,-0.06394121135997083,511.86454463005066,-16088656861.698742,-1012209628.0815475,-195569391.28726923,-16089311503.82401,-1878233532.996433,16120466740.906334,16199751641.872921,-0.9883424018992083,-0.005746859831999141,0.1521389832034355,-0.005814546327759994,0.9999830953826181,0.0,0.15213641135213557,0.0008846191660946752,0.9883591097317942,4549.0251304815465,-537.3456461072519,-0.11757841174995762,8.103859280045791e-10,181.8577889696276,0.0,-84.95778896962759,6.4,0.0,3.0290920379416644e-17,2.2946882709448366,1.5707963267948966,17.510387547337004,461.0,0.0039247912545509345,0.09378547099057775,0.0,0.00860029360341975,-1560.130580163088,-15.10981538448914,240.1635290210347,-0.019167947719160763,0.02921189002215328,-0.21425479779798895,-0.019280856434372825,0.029137489829907496,-0.21425479779798895,-2.8536870718008915e-18,4.807480991921821e-21,2.5595580947900163e-19,-2.8536843065000158e-18,-6.236543318120334e-21,2.5595580947900163e-19,-1560.1498610195224,-15.080677894659233,239.9492742232367,-1678317.0752329677,104.04340888189735,129024.63125275345,-0.036970651565512214,4577.2925861522845
54.83313556825409,2001.0,12.0,14.0,14.0,22.0,22.0,1.0,3495322.661306117,33784.20498998638,-536984.313528579,404.1982844228755,-285.6829411250958,4540.813502428181,3536491.7689883914,4567.710395790692,3495427.5691842027,20198.70624320049,-536984.313528579,3536491.7689883914,404.51660171419803,-535.0159329601499,4540.813502428181,4590.083113998886,12759206.155868335,0.7241834800401372,1.6336280007678592,2.9802322387695312e-08,1.2125920063293085e-06,6.130449785137808,-0.15243056629126048,0.005778543832121497,140291.76898839138,-0.06412806620652281,-0.06381507085067117,516.1604466736317,-16088656474.092268,-1012209575.7606719,-195576605.44675317,-16089303772.593756,-1878280154.030238,16120466350.77946,16199749455.85337,-0.9883884361998855,-0.0057115094739718,0.15184096234505942,-0.005778511673067848,0.9999833042620483,0.0,0.15183842724814178,0.0008774147733607814,0.9884049383497263,4549.114223641615,-537.3445043792884,-0.11757588264826671,8.169021111111088e-10,181.71933996683256,0.0,-84.85966998341628,6.4,0.0,3.028856186616887e-17,2.2946497535004697,1.5707963267948966,17.517253216753588,461.0,0.0039564779667065324,0.09470918145466248,0.0,0.008669590759662598,-1560.2638170078094,-15.080803044532987,239.7023897033699,-0.01928331439645653,0.029442726041457108,-0.21598155292280954,-0.01939760356110031,0.029367555345164036,-0.21598155292280954,-2.8765033602773554e-18,4.906328658382289e-21,2.5748946424663284e-19,-2.876500702813159e-18,-6.273791773969144e-21,2.5748946424663284e-19,-1560.2832146113706,-15.051435489187822,239.4864081504471,-1678317.5801380947,104.23189331827759,128992.77875574137,-0.036868743517560275,4577.31749281847
55.01334748645524,2001.0,12.0,14.0,14.0,22.0,23.0,1.0,3495395.447694187,33732.720989222085,-536165.9963850045,403.5883259489583,-285.68882056533073,4540.907051746072,3536439.0575699317,4567.749828048324,3495500.411988758,20102.28875048227,-536165.9963850045,3536439.057569932,403.8961213087814,-535.0297460338782,4540.907051746072,4590.122630011812,12759203.183863463,0.7241834158640983,1.6336279994290557,3.332000937312528e-08,1.220622504727463e-06,6.13068206284853,-0.15219874986737816,0.005750841016142315,140239.05756993173,-0.06403060852383814,-0.06371809165262446,519.48007401824,-16088656173.987432,-1012209535.2549219,-195582132.13456953,-16089297836.498613,-1878315934.1434107,16120466048.723442,16199747775.5188,-0.9884237661345973,-0.005684330600142047,0.15161182976907608,-0.005750809317393818,0.9999834639593772,0.0,0.15160932270970012,0.0008718907232631282,0.9884401110204263,4549.182600285787,-537.3436283379451,-0.11757394174014003,8.219629789209177e-10,181.58436795704532,0.0,-84.8,6.4,0.0,3.0286275850173073e-17,2.294612420026077,1.5707963267948966,17.52391317344018,461.0,0.003981087015004571,0.0954243989257928,0.0,0.008723419437210942,-1560.3660785880354,-15.058494627490242,239.3478064988061,-0.01937274189081629,0.02962266010561418,-0.21732202736279788,-0.019488107157365056,0.02954689153741881,-0.21732202736279788,-2.8941806427019386e-18,4.9831990274765226e-21,2.5867525197362624e-19,-2.8941780702165703e-18,-6.3025979280989525e-21,2.5867525197362624e-19,-1560.3855666951927,-15.028947735952825,239.1304844714433,-1678317.971069092,104.42037775465784,128961.01400665495,-0.03676683713305401,4577.342330461016
55.16403694736956,2001.0,12.0,14.0,14.0,22.0,23.0,1.0,3495456.225771012,33689.670324892235,-535481.7236625933,403.078260654291,-285.6937300810333,4540.985168917558,3536395.042489539,4567.782754898588,3495561.235784185,20021.664537840916,-535481.7236625933,3536395.0424895384,403.3772575658853,-535.0412712850036,4540.985168917558,4590.155626798385,12759200.684503108,0.72418336189393,1.6336279983032227,2.9802322387695312e-08,1.2271538251587496e-06,6.130876293924122,-0.1520049044675071,0.005727676971278385,140195.0424895389,-0.06394911396315166,-0.06363699719307861,522.2676702141762,-16088655921.61279,-1012209501.192065,-195586740.45494068,-16089292877.906786,-1878345811.5817273,16120465794.707981,16199746370.606869,-0.988453267744486,-0.005661602931030617,0.1514202223532207,-0.005727645654030681,0.9999835969031001,0.0,0.15141773859264085,0.000867281378493784,0.988469481705177,4549.239697159851,-537.3428969474173,-0.11757232108756988,8.262387295876497e-10,181.52148927076985,0.0,-84.8,6.4,0.0,3.028519152288205e-17,2.2945947116175502,1.5707963267948966,17.52707403024631,461.0,0.004001880098718154,0.09602587547886947,0.0,0.008768922988542665,-1560.4514744493804,-15.039838103135084,239.05126863537762,-0.0194484256059744,0.0297772922935771,-0.21845614776904013,-0.01956471052443177,0.02970101845027264,-0.21845614776904013,-2.9092027144486795e-18,5.048304590582483e-21,2.5968478335529143e-19,-2.9092002142125333e-18,-6.327144739599382e-21,2.5968478335529143e-19,-1560.4710391599049,-15.01013708468481,238.83281248760858,-1678318.299829604,104.60886219103809,128929.33700549416,-0.036664932407342934,4577.367099081589
55.238631760552174,2001.0,12.0,14.0,14.0,22.0,23.0,1.0,3495486.283900595,33668.358963953935,-535142.9882820155,402.825756052223,-285.6961581309646,4541.023802740302,3536373.274590781,4567.799039095726,3495591.3160549384,19981.753021706576,-535142.9882820155,3536373.274590781,403.1203974492781,-535.0469681434336,4541.023802740302,4590.171945582555,12759199.442436827,0.724183335073194,1.6336279977437413,2.9802322387695312e-08,1.2304064842071723e-06,6.130972444634618,-0.15190894466148477,0.005716210386053507,140173.27459078096,-0.06390877141431496,-0.06359685270443116,523.651623994112,-16088655796.195595,-1012209484.2645745,-195589017.31146193,-16089290424.986214,-1878360587.7435532,16120465668.475386,16199745675.18991,-0.9884678580655314,-0.00565035177855166,0.1513253683164826,-0.00571617925651702,0.9999836625138969,0.0,0.15132289604038068,0.0008650029313554758,0.9884840074092656,4549.267935072713,-537.3425352748055,-0.1175715195998337,8.282800665451437e-10,181.49159323847618,0.0,-84.79159323847618,6.4,0.0,3.028467509511377e-17,2.2945862777120576,1.5707963267948966,17.52857985307239,461.0,0.004011808964195912,0.09632477852152133,0.0,0.008790645659842028,-1560.4937092602097,-15.030601781030715,238.90446105167544,-0.01948401950049172,0.029850720157445092,-0.21899765440615057,-0.019600748690673506,0.02977420293775639,-0.21899765440615057,-2.9163744611253046e-18,5.080227078755111e-21,2.6015961432400404e-19,-2.9163719974105028e-18,-6.3386852702547446e-21,2.6015961432400404e-19,-1560.5133100089004,-15.000827578092958,238.6854633972693,-1678318.4632083941,104.79734662741834,128897.74775225905,-0.036563029335776986,4577.391798681856
55.27132026365918,2001.0,12.0,14.0,14.0,22.0,23.0,1.0,3495499.4498630324,33659.01996681756,-534994.5487347308,402.7151028053681,-285.6972216623382,4541.040725116433,3536363.7398878764,4567.80617185746,3495604.4916175664,19964.263096449053,-534994.5487347308,3536363.7398878764,403.00783553834276,-535.049462832545,4541.040725116433,4590.179093493922,12759198.897233253,0.7241833233002488,1.6336279974981625,2.9802322387695312e-08,1.231849353637796e-06,6.131014579607827,-0.15186689334219886,0.005711185599361191,140163.73988787597,-0.06389109256489323,-0.0635792606479481,524.2588167190552,-16088655741.144138,-1012209476.834365,-195590014.15094334,-16089289350.44569,-1878367059.9736285,16120465613.066013,16199745370.467854,-0.988474248898502,-0.00564542127589003,0.15128380112609494,-0.005711154551844945,0.9999836912238543,0.0,0.1512813338724479,0.0008640051694217025,0.988490369966668,4549.280303823554,-537.3423768649928,-0.11757116853794032,8.291024346706974e-10,181.47967485984498,0.0,-84.77967485984496,6.4,0.0,3.028446836510943e-17,2.2945829015548753,1.5707963267948966,17.52918272068902,461.0,0.00401581045010994,0.0964559844935187,0.0,0.008799394671184029,-1560.5122091917117,-15.026554105080622,238.840124888096,-0.019497896210600368,0.0298798958366688,-0.21921584709048003,-0.0196148085852647,0.02980327861180625,-0.21921584709048003,-2.91926363891348e-18,5.093808190805203e-21,2.6034478190580724e-19,-2.9192611915385387e-18,-6.343180688767419e-21,2.6034478190580724e-19,-1560.5318240002969,-14.996750826468816,238.62090904100552,-1678318.5349233393,104.98583106379859,128866.24624694958,-0.03646112791370643,4577.4164292634905
55.32855260130099,2001.0,12.0,14.0,14.0,22.0,23.0,1.0,3495522.4926457107,33642.668793694764,-534734.6535111106,402.52136351780905,-285.69908303948296,4541.070342465944,3536347.0524569973,4567.818655481148,3495627.551058394,19933.640840005886,-534734.6535111106,3536347.052456997,402.8107544620491,-535.0538280588033,4541.070342465944,4590.191603632078,12759197.941375118,0.7241833026597466,1.6336279970676308,2.9802322387695312e-08,1.2343703167995244e-06,6.131088351747109,-0.1517932676635632,0.005702388050822022,140147.05245699687,-0.06386013947427518,-0.06354845951809526,525.3228918612003,-16088655644.627583,-1012209463.8079834,-195591758.1208989,-16089287469.635944,-1878378387.567552,16120465515.92198,16199744836.981535,-0.9884854340384065,-0.005636788625187766,0.15121102244181198,-0.005702357146562127,0.999983741429316,0.0,0.15120856396671542,0.0008622592544600327,0.9885015056600075,4549.301951453269,-537.3420996327388,-0.11757055412158346,8.305417255840197e-10,181.4588155712461,0.0,-84.75881557124609,6.4,0.0,3.028410653790134e-17,2.2945769924681354,1.5707963267948966,17.53023798740989,461.0,0.004022813851851529,0.09668601708592826,0.0,0.008814707102924257,-1560.544587928245,-15.019466995254737,238.7274781581637,-0.019522153069451542,0.029930956227354814,-0.21959772681913067,-0.01963938641131974,0.029854163906192308,-0.21959772681913067,-2.9243201834179113e-18,5.117623856981638e-21,2.6066846159828143e-19,-2.9243177648001993e-18,-6.351038755306757e-21,2.6066846159828143e-19,-1560.5642273146564,-14.989612831348545,238.50788043134457,-1678318.6606549434,105.17431550017884,128834.83248956577,-0.03635922813648196,4577.440990828165
55.41727092807776,2001.0,12.0,14.0,14.0,22.0,23.0,1.0,3495558.1903452026,33617.32192115039,-534331.7753128984,402.22103190340647,-285.701966689199,4541.116225866232,3536321.200418821,4567.837995058612,3495663.2742023724,19886.171459704383,-534331.7753128984,3536321.2004188206,402.5052425373495,-535.0605883056513,4541.116225866232,4590.210984285321,12759196.456362693,0.7241832705928017,1.6336279963988065,2.9802322387695312e-08,1.238321461338881e-06,6.131202710505729,-0.1516791359297432,0.005688750712347522,140121.20041882014,-0.06381215710709982,-0.06350071271248126,526.9748782813549,-16088655494.681334,-1012209443.571116,-195594458.163301,-16089284555.462801,-1878395936.2797084,16120465365.000933,16199744010.080843,-0.9885027620761279,-0.005623406453392634,0.15109820206649086,-0.005688720029281428,0.9999838191013035,0.0,0.15109575716179,0.000859555368484059,0.9885187571979976,4549.335488066577,-537.3416701795885,-0.11756960228403582,8.327714638767629e-10,181.4265005235252,0.0,-84.72650052352517,6.4,0.0,3.028354596576914e-17,2.2945678376304697,1.5707963267948966,17.53187315250234,461.0,0.004033663687558893,0.09704339557608452,0.0,0.008838429257583368,-1560.5947502135389,-15.008480262548527,238.5528485060752,-0.019559656498874593,0.030010052926288045,-0.22018934099809742,-0.01967738799034071,0.02993298917365541,-0.22018934099809742,-2.932153662417253e-18,5.1546353541028136e-21,2.6116890607837274e-19,-2.9321512887522404e-18,-6.363187968280243e-21,2.6116890607837274e-19,-1560.6144276015293,-14.978547273374872,238.3326591650771,-1678318.855990447,105.36279993655909,128803.50648010761,-0.036257329999454635,4577.465483377555
55.47875048351143,2001.0,12.0,14.0,14.0,22.0,23.0,1.0,3495582.9123176145,33599.757029865366,-534052.5885294016,402.01290402946375,-285.70396373625965,4541.148002120323,3536303.296929481,4567.8513884606855,3495688.0135375764,19853.276028729633,-534052.5885294016,3536303.2969294805,402.2935247976128,-535.065268364679,4541.148002120323,4590.22440613372,12759195.42494114,0.7241832483205368,1.6336279959343079,3.332000937312528e-08,1.2411871208524785e-06,6.131281959207142,-0.1516000445436879,0.00567930046937686,140103.2969294805,-0.06377890608462419,-0.06346762492861134,528.1214416623116,-16088655390.536234,-1012209429.5161413,-195596326.82892686,-16089282536.97891,-1878408089.4750526,16120465260.178823,16199743437.116798,-0.9885147624562717,-0.005614132714795118,0.1510200182753305,-0.005679269938970309,0.9999838728164371,0.0,0.15101758274777408,0.0008576834499738311,0.9885307046724036,4549.358713602366,-537.3413727909034,-0.11756894310964153,8.342750169512065e-10,181.40470989925788,0.0,-84.7,6.404709899257877,0.0,3.028316747741266e-17,2.294561656446527,1.5707963267948966,17.532977365771746,461.0,0.0040409810116497965,0.0972916144309647,0.0,0.0088544425242413,-1560.629490441192,-15.000866238272236,238.4318266829055,-0.01958467398600784,0.030063191158009133,-0.2205887586045435,-0.019702744689992533,0.02998594286365166,-0.2205887586045435,-2.937441761772138e-18,5.180089186518932e-21,2.615027603108038e-19,-2.9374394195574532e-18,-6.371307319145513e-21,2.615027603108038e-19,-1560.649193185882,-14.970880295408584,238.21123792430095,-1678318.9916615617,105.55128437293934,128772.2682185751,-0.036155433497975904,4577.489906913333
55.50839220084739,2001.0,12.0,14.0,14.0,22.0,23.0,1.0,3495594.8271832317,33591.28825946582,-533917.9808769671,401.912555720116,-285.70492622596146,4541.163316918842,3536294.6682623657,4567.85784348031,3495699.936695623,19837.415741864763,-533917.9808769671,3536294.668262366,402.19144566021953,-535.067523453954,4541.163316918842,4590.23087486313,12759194.926968332,0.7241832375674238,1.6336279957100561,3.332000937312528e-08,1.2425281236430592e-06,6.131320168415421,-0.15156191118120552,0.0056747441602693904,140094.6682623662,-0.0637628743225071,-0.06345167187037593,528.6747645735741,-16088655340.254934,-1012209422.7305307,-195597227.08594966,-16089281564.070576,-1878413946.781254,16120465209.57067,16199743160.885218,-0.9885205461153808,-0.005609661411958156,0.15098232216585025,-0.005674713703284338,0.9999838986825667,0.0,0.15097989115155425,0.0008567814525482411,0.9885364628547636,4549.369907310667,-537.3412294699424,-0.11756862541997398,8.3512555699533e-10,181.39238323195175,0.0,-84.7,6.39238323195174,0.0,3.028295483493572e-17,2.2945581837313402,1.5707963267948966,17.533597798556187,461.0,0.004045117412347518,0.09741145570583232,0.0,0.0088634475415451,-1560.6462339411064,-14.997195071835336,238.37347498323234,-0.019599508914153407,0.030093867880927782,-0.22081319283700787,-0.019717763205252325,0.030016519583261368,-0.22081319283700787,-2.9404143699523694e-18,5.193190611798445e-21,2.6170067152642156e-19,-2.9404120428837354e-18,-6.37607366785745e-21,2.6170067152642156e-19,-1560.6659517043117,-14.967178552252074,238.15266179039534,-1678319.0571639072,105.73976880931959,128741.11770496824,-0.0360535386273976,4577.514261437179
55.554099660599185,2001.0,12.0,14.0,14.0,22.0,23.0,1.0,3495613.1940488443,33578.229379139266,-533710.4152978647,401.7578167469888,-285.7064099163201,4541.186924920781,3536281.367099346,4567.867793955517,3495718.316247591,19812.959085133003,-533710.4152978647,3536281.367099346,402.0340377386663,-535.0709990722634,4541.186924920781,4590.240846472013,12759194.158093253,0.7241832209644938,1.6336279953638038,3.332000937312528e-08,1.24449231389844e-06,6.131379087289602,-0.15150310925803193,0.005667718374739122,140081.36709934613,-0.06373815321230555,-0.06342707212154786,529.528836876154,-16088655262.62038,-1012209412.2534088,-195598614.38730463,-16089280064.195028,-1878422975.8903556,16120465131.431448,16199742734.9451,-0.988529461702583,-0.005602766586807173,0.15092419405971744,-0.005667688030738474,0.9999839385272077,0.0,0.15092176999488086,0.0008553912482211113,0.9885453391966526,4549.387162575142,-537.3410085476107,-0.11756813570169246,8.364366716358816e-10,181.37338157049447,0.0,-84.7,6.373381570494469,0.0,3.0282627033415316e-17,2.2945528303262503,1.5707963267948966,17.53455432319957,461.0,0.004051493775351158,0.09759649372552069,0.0,0.008877328763461922,-1560.6720445581614,-14.991533956617728,238.2834938553745,-0.01962235419992225,0.030141156380875566,-0.2211591582524103,-0.019740891775337343,0.03006365387370638,-0.2211591582524103,-2.944996581052179e-18,5.213421291871035e-21,2.6200544908599576e-19,-2.9449942774482995e-18,-6.3834134565712344e-21,2.6200544908599576e-19,-1560.6917854499368,-14.961470302744022,238.06233469712208,-1678319.158300206,105.92825324569984,128710.05493928705,-0.035951645383071947,4577.538546950771
55.76999710273954,2001.0,12.0,14.0,14.0,22.0,23.0,1.0,3495699.8536312217,33516.54534006784,-532729.9726277356,401.02687850938383,-285.7134104203946,4541.298315351889,3536218.6088002007,4567.914742987104,3495805.0341044795,19697.436855048112,-532729.9726277356,3536218.6088002007,401.29049257012247,-535.0873877471394,4541.298315351889,4590.287895216501,12759190.510113535,0.7241831421905544,1.6336279937209188,3.332000937312528e-08,1.2541786082090254e-06,6.131657394294939,-0.15122535461685674,0.005634532879063132,140018.60880020075,-0.06362138120611441,-0.06331087336366427,533.5766314566135,-16088654894.282602,-1012209362.5431963,-195605152.62139988,-16089272985.299978,-1878465577.9101965,16120464760.699175,16199740723.191504,-0.988571528186875,-0.005570197726472354,0.1506496151855512,-0.005634503064955662,0.9999841260616146,0.0,0.15064722378284195,0.0008488357184973794,0.9885872209595091,4549.468578470725,-537.3399663132394,-0.11756582513461478,8.426228468373547e-10,181.28372685742966,0.0,-84.68372685742965,6.3,0.0,3.028108019592098e-17,2.2945275685528896,1.5707963267948966,17.539069454021362,461.0,0.004081580179844947,0.09847444979439746,0.0,0.008942876427512153,-1560.793831740882,-14.964790862608243,237.8584232273666,-0.019729944307090155,0.03036357049852393,-0.2227929417035267,-0.019849820338220633,0.030285338834493407,-0.2227929417035267,-2.966633220708793e-18,5.309408454871963e-21,2.6344066545957308e-19,-2.9666310294609476e-18,-6.418027005727322e-21,2.6344066545957308e-19,-1560.8136815612204,-14.93450552377375,237.63563028566307,-1678319.6381483804,106.11673768208009,128679.0799215315,-0.03584975376035156,4577.562763455787
56.01749617615311,2001.0,12.0,14.0,14.0,22.0,24.0,1.0,3495799.0037112213,33445.830544302495,-531605.9897271252,400.1888802356167,-285.72142007514185,4541.425764491675,3536146.8049619943,4567.9684591887,3495904.247640203,19565.0009033876,-531605.9897271252,3536146.8049619943,400.4380415309358,-535.1061178659317,4541.425764491675,4590.341725500562,12759186.295039361,0.7241830511704199,1.633627991823002,3.332000937312528e-08,1.26519546193652e-06,6.131976450097971,-0.1509069319320261,0.005596490994545513,139946.8049619943,-0.06348751124140554,-0.06317766056063831,538.2434324920177,-16088654468.693914,-1012209305.1117108,-195612618.2122109,-16089264881.821548,-1878514321.0300732,16120464332.344143,16199738417.274986,-0.9886196587581371,-0.005532858781748989,0.15033481895637496,-0.005596461780244666,0.9999843396851484,0.0,0.15033246466577696,0.0008413430685293538,0.9886351410957199,4549.561731360053,-537.3387741304308,-0.11756318163912391,8.4971950380057e-10,181.18114994570612,0.0,-84.58114994570613,6.3,0.0,3.0279310031790253e-17,2.2944986595787764,1.5707963267948966,17.54423942063305,461.0,0.004116096540280553,0.09948889816114144,0.0,0.009018350424635148,-1560.9331847578544,-14.934127143169777,237.37103583477662,-0.019853633098965137,0.03061503586161562,-0.22467475302991477,-0.019975037936247532,0.03053596285499782,-0.22467475302991477,-2.991546076639955e-18,5.4203246278058514e-21,2.650898725109095e-19,-2.9915440163617235e-18,-6.458076288472908e-21,2.650898725109095e-19,-1560.9531597957907,-14.903591180314779,237.1463610817467,-1678320.1925914008,106.30522211846034,128648.19265170161,-0.03574786375458944,4577.586910953907
56.159993396393816,2001.0,12.0,14.0,14.0,22.0,24.0,1.0,3495855.995136333,33405.11570808477,-530958.8439591067,399.7063700405893,-285.72602409217046,4541.499023977389,3536105.5321447216,4567.999335363581,3495961.273977221,19488.749002466986,-530958.8439591067,3536105.5321447216,399.9472099289765,-535.1168738770031,4541.499023977389,4590.372667248863,12759183.852081567,0.7241829984170743,1.6336279907232307,3.332000937312528e-08,1.2715851576140293e-06,6.132160151835333,-0.1507235946624628,0.0055745889605205365,139905.53214472206,-0.06341043307784892,-0.06310096075939385,540.9431079924107,-16088654222.037003,-1012209271.8295469,-195616902.16350052,-16089260221.858858,-1878542338.9142983,16120464084.08415,16199737089.786222,-0.9886473246336761,-0.005511359552283117,0.1501535627634589,-0.005574560087871881,0.9999844620191989,0.0,0.15015122968028347,0.0008370400580329434,0.988662686455517,4549.615276699464,-537.3380889950162,-0.11756166220751392,8.538467855277932e-10,181.12218877817438,0.0,-84.52218877817438,6.3,0.0,3.0278292360234514e-17,2.2944820397410166,1.5707963267948966,17.547213077043637,461.0,0.004136170728005583,0.10007686343184556,0.0,0.009062244817920949,-1561.0132907521281,-14.916469577689053,237.09037598107,-0.019925489513240118,0.03076127915152525,-0.22576918349777264,-0.020047784366722044,0.030681717184110138,-0.22576918349777264,-3.0060348386883275e-18,5.484950176762489e-21,2.660480000311066e-19,-3.0060328554879426e-18,-6.481343487797541e-21,2.660480000311066e-19,-1561.0333385364947,-14.885787860504943,236.86460679757224,-1678320.513933694,106.49370655484057,128617.39312979736,-0.035645975361138976,4577.610989446811
56.303056609257844,2001.0,12.0,14.0,14.0,22.0,24.0,1.0,3495913.1437605466,33364.23849476436,-530309.1172614922,399.22191841923626,-285.7306408596829,4541.572486829639,3536064.1454841774,4568.030296790989,3496018.456459143,19412.1926919966,-530309.1172614922,3536064.1454841774,399.45440366610853,-535.1276521520832,4541.572486829639,4590.403694429718,12759181.387473956,0.7241829451960629,1.633627989613858,3.332000937312528e-08,1.2781166450812218e-06,6.132344587512906,-0.15053952486468586,0.0055526003171468405,139864.1454841774,-0.06333304675757122,-0.06302395430608242,543.6629852354527,-16088653973.197351,-1012209238.2549666,-195621192.59597895,-16089255547.497858,-1878570434.3409643,16120463833.627367,16199735757.118486,-0.9886750671431752,-0.005489773910574401,0.14997157727999283,-0.005552571784811424,0.9999845843544662,0.0,0.14996926537131736,0.0008327279485285542,0.9886903084425128,4549.668970532793,-537.3374020649975,-0.11756013862038205,8.580223866048641e-10,181.06306497739627,0.0,-84.5,6.3,0.0,3.027727174818713e-17,2.294465371881384,1.5707963267948966,17.55019637511827,461.0,0.004156480000495077,0.10067004499146084,0.0,0.009106672882886043,-1561.0936220552653,-14.898739693195008,236.80856664080147,-0.019998167341972902,0.030911108085678318,-0.226876674781554,-0.020121370698188434,0.030831051577072794,-0.226876674781554,-3.0206992614169127e-18,5.550400441630911e-21,2.6701739350635453e-19,-3.0206973567595544e-18,-6.504900889811729e-21,2.6701739350635453e-19,-1561.1137434259635,-14.867908641617936,236.58168996601992,-1678320.8381238878,106.68219099122082,128586.68135581879,-0.03554408857535395,4577.634998936179
56.485259949466744,2001.0,12.0,14.0,14.0,22.0,24.0,1.0,3495985.8271161397,33312.176882496984,-529481.6190698881,398.60489139504006,-285.7365126768751,4541.665920982259,3536011.508671662,4568.069674592587,3496091.1812049514,19314.6893979429,-529481.6190698881,3536011.508671662,398.82673602174015,-535.1413495323114,4541.665920982259,4590.443155857248,12759178.231072007,0.7241828770361339,1.633627988193077,3.332000937312528e-08,1.2862559431530866e-06,6.132579488462806,-0.15030508984194083,0.0055245964404758005,139811.5086716623,-0.0632344856987023,-0.06292587704317604,547.1414341330528,-16088653654.51537,-1012209195.2563267,-195626641.5686186,-16089249600.24229,-1878606167.3278856,16120463512.874329,16199734059.968716,-0.9887103513750422,-0.005462281259711922,0.14973978952596603,-0.005524568337664669,0.9999847394558992,0.0,0.1497375044153043,0.0008272477001037236,0.9887254398632208,4549.73726113035,-537.3365285421866,-0.11755820092712958,8.633612633028237e-10,180.98786953094614,0.0,-84.48786953094614,6.3,0.0,3.027597350963091e-17,2.294444170036785,1.5707963267948966,17.553992708427373,461.0,0.004182447815312988,0.10142973675209825,0.0,0.00916348756462347,-1561.195796143543,-14.876155991812233,236.44960783753348,-0.020090878225754318,0.031103494955623708,-0.2282928331759382,-0.020215249298441686,0.031022805839228198,-0.2282928331759382,-3.0394514054261663e-18,5.634431888458487e-21,2.6825414416815814e-19,-3.0394496026482376e-18,-6.5349622242067535e-21,2.6825414416815814e-19,-1561.2160113928414,-14.845133185973005,236.22131500435754,-1678321.2533116918,106.87067542760107,128556.05732976584,-0.03544220339258854,4577.658939423693
56.72651618195376,2001.0,12.0,14.0,14.0,22.0,24.0,1.0,3496081.894469763,33243.24023155762,-528385.8989600539,397.7878211065266,-285.7442737249282,4541.7894183687,3535941.9373174394,4568.121721385405,3496187.300380365,19185.581029416826,-528385.8989600539,3535941.9373174394,397.9955759892124,-535.1594351213666,4541.7894183687,4590.4953131783395,12759174.0214456,0.724182786132279,1.6336279862985779,3.332000937312528e-08,1.2975138513872688e-06,6.132890532514799,-0.1499946626388391,0.005487517344810658,139741.93731743935,-0.06310397557160793,-0.06279600751692575,551.7711431384087,-16088653229.503902,-1012209137.9163656,-195633830.30889735,-16089241735.70376,-1878653397.1225424,16120463085.101124,16199731812.965088,-0.9887569881966913,-0.005425875585494503,0.1494328550431223,-0.005487489804057446,0.9999849436144778,0.0,0.14943060512444706,0.000820011268440328,0.9887718755272428,4549.827524439914,-537.3353742198964,-0.11755563991912761,8.704293044919525e-10,180.88848188205623,0.0,-84.38848188205623,6.3,0.0,3.027425726416048e-17,2.2944161416212183,1.5707963267948966,17.559013998677816,461.0,0.004216827901650744,0.10244291971641342,0.0,0.00923866090442573,-1561.3308529350304,-14.846247368279682,235.97422234505922,-0.020212930303066395,0.0313538972850127,-0.2301671721808361,-0.020338837743643305,0.03127236968369198,-0.2301671721808361,-3.0642623129167585e-18,5.7466511745398834e-21,2.6988166854287303e-19,-3.064260648596078e-18,-6.574483038784503e-21,2.6988166854287303e-19,-1561.351191772774,-14.814974998595991,235.74405517287838,-1678321.8070391864,107.05915986398132,128525.52105163856,-0.03534031980819731,4577.682810911032
56.93637903904304,2001.0,12.0,14.0,14.0,22.0,24.0,1.0,3496165.3007733435,33183.27241461503,-527432.7348020404,397.07701429127775,-285.75101203183056,4541.896642552689,3535881.535012233,4568.166908923871,3496270.748997868,19073.269294772996,-527432.7348020404,3535881.535012233,397.27251243478696,-535.1751199042085,4541.896642552689,4590.540596676182,12759170.331485815,0.7241827064498738,1.6336279846383226,3.332000937312528e-08,1.3069771022051263e-06,6.133161111961296,-0.14972461969010598,0.005455264039157266,139681.5350122326,-0.06299044339892498,-0.06268303259131768,555.8204521238804,-16088652856.96634,-1012209087.6613616,-195640059.3166538,-16089234904.023748,-1878694402.9255905,16120462710.143147,16199729858.526945,-0.9887974793210293,-0.005394204841398061,0.14916583872491523,-0.0054552369811735986,0.9999851200840336,0.0,0.14916361914976994,0.0008137349997399345,0.9888121927633642,4549.905893444525,-537.334372244835,-0.11755341651670129,8.766421130275031e-10,180.80219287461802,0.0,-84.30219287461802,6.3,0.0,3.0272766901800777e-17,2.2943918021567993,1.5707963267948966,17.563376829300584,461.0,0.00424704835752611,0.1033310503740562,0.0,0.009304738677385212,-1561.4481201145793,-14.820225553863112,235.56061610169522,-0.02032003272768235,0.03157398927260541,-0.23181472961137325,-0.020447292729771742,0.03149172508237215,-0.23181472961137325,-3.0860708808396563e-18,5.84556790027026e-21,2.7130989174942855e-19,-3.086069339982338e-18,-6.609164206253665e-21,2.7130989174942855e-19,-1561.4685674073091,-14.78873382878074,235.32880137208383,-1678322.2924108673,107.24764430036157,128495.07252143693,-0.03523843781753523,4577.706613399875
56.972541234097015,2001.0,12.0,14.0,14.0,22.0,24.0,1.0,3496179.6577351107,33172.93900980344,-527268.4895159268,396.95452731451087,-285.7521719263359,4541.915099629853,3535871.1377933095,4568.1746871985715,3496285.1129910895,19053.91613890339,-527268.4895159268,3535871.137793309,397.1479134177575,-535.1778181463392,4541.915099629853,4590.548391468455,12759169.69303789,0.724182692662949,1.6336279843510986,3.332000937312528e-08,1.3087597496836217e-06,6.133207737369575,-0.14967808671984523,0.005449706443678286,139671.13779330906,-0.06297087984326119,-0.06266356505720945,556.520231872797,-16088652792.50946,-1012209078.9667512,-195641130.37808335,-16089233727.72748,-1878701461.4251006,16120462645.26752,16199729521.769798,-0.9888044492404989,-0.005388747326011063,0.14911982619507683,-0.005449679468306954,0.9999851503865909,0.0,0.14911761182330618,0.0008126552551328116,0.9888191328223529,4549.91938349186,-537.3341997922682,-0.11755303380382406,8.775975986021841e-10,180.77784448327267,0.0,-84.3,6.3,0.0,3.0272352821282714e-17,2.294385039708747,1.5707963267948966,17.564589391913614,461.0,0.004251698085328116,0.1034847193005568,0.0,0.009314910533906129,-1561.468306581158,-14.815741172040864,235.48933866041554,-0.020335756457164803,0.03160838742188124,-0.23206803034959622,-0.02046323596383343,0.03152600704157338,-0.23206803034959622,-3.089409702007807e-18,5.8618928937835e-21,2.715185205955481e-19,-3.089408182900023e-18,-6.614233034996799e-21,2.715185205955481e-19,-1561.488769817122,-14.78421516499929,235.25727063006593,-1678322.3763913624,107.43612873674182,128464.71173916096,-0.03513655741595764,4577.730346891904
57.01657378666363,2001.0,12.0,14.0,14.0,22.0,25.0,1.0,3496197.133372547,33160.35658118547,-527068.4969058762,396.8053800741827,-285.7535837822904,4541.937566138572,3535858.4820495327,4568.1841551103225,3496302.59708719,19030.350821190084,-527068.4969058762,3535858.4820495327,396.99619445621,-535.1811018664073,4541.937566138572,4590.55787948572,12759168.914708426,0.7241826758553475,1.6336279840009427,3.332000937312528e-08,1.310794092491318e-06,6.133264510722355,-0.14962142592064204,0.0054429393234515285,139658.4820495327,-0.06294705829372312,-0.06263986042757251,557.3730375766754,-16088652713.930624,-1012209068.3671683,-195642433.64159864,-16089232295.787548,-1878710053.222683,16120462566.178188,16199729111.739315,-0.9888129332202757,-0.005382101947179541,0.1490637986734031,-0.005442912448444586,0.9999851872423304,0.0,0.14906159062747606,0.0008113412054119035,0.9888275804836024,4549.935803970781,-537.3339898872268,-0.11755256795957274,8.787366155420579e-10,180.74620512383174,0.0,-84.3,6.3,0.0,3.0271815548854514e-17,2.2943762653841246,1.5707963267948966,17.566162959223956,461.0,0.004257241445183365,0.10367205666636008,0.0,0.009327038524970946,-1561.4928784027627,-14.810280619636835,235.40254538080578,-0.020354315196449504,0.031649523715201675,-0.23236996657114317,-0.020482059198874226,0.031567004125975275,-0.23236996657114317,-3.093386207664937e-18,5.8816293241038155e-21,2.717645037944471e-19,-3.0933847151871443e-18,-6.620210096049343e-21,2.717645037944471e-19,-1561.5133604619616,-14.77871361551086,235.17017541423462,-1678322.478771681,107.62461317312207,128434.43870481063,-0.03503467859882031,4577.754011388797
57.08394314958256,2001.0,12.0,14.0,14.0,22.0,25.0,1.0,3496223.8582114656,33141.10547155476,-526762.5083081406,396.5771817505186,-285.7557428907299,4541.971923570718,3535839.128093645,4568.198634055321,3496329.334648612,18994.295842174597,-526762.5083081406,3535839.1280936454,396.76406139201606,-535.1861221658575,4541.971923570718,4590.572389177182,12759167.721939,0.724182650098109,1.633627983464331,3.332000937312528e-08,1.3138397005294983e-06,6.133351374163867,-0.14953473467918185,0.0054325857676219245,139639.12809364544,-0.0629106111965277,-0.06260359221697495,558.6793206334114,-16088652593.511246,-1012209052.1235172,-195644425.70064098,-16089230105.716068,-1878723192.386946,16120462444.976484,16199728484.440739,-0.9888259075105786,-0.005371934399180488,0.14897807542283337,-0.005432559045688151,0.9999852435422311,0.0,0.14897587703415488,0.000809332191247525,0.9888404992936467,4549.960915345925,-537.3336689051664,-0.11755185556779696,8.804784715719105e-10,180.6978202341136,0.0,-84.3,6.3,0.0,3.027099384040567e-17,2.2943628458667678,1.5707963267948966,17.568570150056324,461.0,0.004265718824618304,0.10395914788267366,0.0,0.009345585600870655,-1561.5304559593912,-14.801925630834443,235.26974620026513,-0.02038265122676376,0.031712432384183836,-0.23283170992606303,-0.020510800282060284,0.031629699817462095,-0.23283170992606303,-3.099467153509098e-18,5.91188064590537e-21,2.721400711018016e-19,-3.099465702007619e-18,-6.629335787292202e-21,2.721400711018016e-19,-1561.5509667596732,-14.770295931016982,235.03691449033906,-1678322.6356668472,107.81309760950232,128404.25341838597,-0.034932801361479394,4577.777606892229
57.178045044117766,2001.0,12.0,14.0,14.0,22.0,25.0,1.0,3496261.1618778175,33114.21517295471,-526335.0978884536,396.25842388809826,-285.75875668592136,4542.019881619365,3535812.113018874,4568.218844424001,3496366.655642094,18943.93348450024,-526335.0978884536,3535812.113018874,396.43980739597515,-535.1931269361445,4542.019881619365,4590.592642462783,12759166.051898997,0.7241826140343997,1.6336279827129978,3.332000937312528e-08,1.318226489698772e-06,6.133472707076895,-0.1494136422844234,0.005418124006083947,139612.11301887408,-0.06285970095162993,-0.06255293184252249,560.507014721632,-16088652424.908936,-1012209029.3802063,-195647204.3324883,-16089227048.190039,-1878741532.6902797,16120462275.27881,16199727608.309607,-0.988844017692133,-0.00535773193794676,0.14885833326677222,-0.005418097496986961,0.9999853220020347,0.0,0.14885614832445943,0.0008065289628783495,0.988858532155656,4549.99596717378,-537.3332209006744,-0.11755086119405014,8.829098283013322e-10,180.6302825471852,0.0,-84.3,6.3,0.0,3.0269846707412984e-17,2.2943441117632943,1.5707963267948966,17.57193181426764,461.0,0.004277552167001961,0.1043611168151479,0.0,0.009371474787483408,-1561.5829099051837,-14.790254530424042,235.08423875990886,-0.02042211246472559,0.031800243935491114,-0.2334762381713985,-0.020550828062524614,0.031717213903859696,-0.2334762381713985,-3.107954841126995e-18,5.954246654689743e-21,2.726630782449091e-19,-3.1079534473333756e-18,-6.642043852349182e-21,2.726630782449091e-19,-1561.6034607332463,-14.758537316520181,234.85076252173747,-1678322.8553415425,108.00158204588257,128374.15587988694,-0.034830925699291394,4577.801133403882
57.233095660547946,2001.0,12.0,14.0,14.0,22.0,25.0,1.0,3496282.9710153276,33098.48392875472,-526085.0561224503,396.0719421574699,-285.76051867554804,4542.047919973997,3535796.318981837,4568.230660194187,3496388.4746763753,18914.47066026661,-526085.0561224503,3535796.318981837,396.2501103323999,-535.1972206885947,4542.047919973997,4590.6044833236665,12759165.072764797,0.7241825928904349,1.633627982272494,3.332000937312528e-08,1.3206666391207036e-06,6.133543688985793,-0.14934280107505246,0.005409663797265985,139596.31898183748,-0.06282991751317683,-0.06252329458131793,561.5778869390488,-16088652326.059114,-1012209016.0459559,-195648827.7626656,-16089225260.357632,-1878752255.1804407,16120462175.786785,16199727095.808762,-0.988854605653074,-0.005349423143727123,0.14878828095899507,-0.005409637412154128,0.999985367804484,0.0,0.14878610385977759,0.0008048906511658794,0.9888690749787189,4550.016459964603,-537.3329589996463,-0.11755027985246698,8.843838776083776e-10,180.59474140262495,0.0,-84.29474140262496,6.3,0.0,3.0269241420167895e-17,2.2943342266724174,1.5707963267948966,17.57370614119892,461.0,0.004284725449090886,0.10459678937777334,0.0,0.009387166073207583,-1561.613577331181,-14.783426376158346,234.97570799690658,-0.020446354282183193,0.031853215988115226,-0.23386703653886692,-0.020575408341970317,0.03177000698424929,-0.23386703653886692,-3.113107818976389e-18,5.979460820162214e-21,2.7298490367543906e-19,-3.1131064591268565e-18,-6.649862124429647e-21,2.7298490367543906e-19,-1561.634152739523,-14.751656369174096,234.7418409603677,-1678322.9841354955,108.19006648226282,128344.14608931358,-0.03472905160761328,4577.824590925428
57.27723114843502,2001.0,12.0,14.0,14.0,22.0,25.0,1.0,3496300.448544398,33085.87171768157,-525884.5901256086,395.92243233504763,-285.76193071394727,4542.0703896434925,3535783.6618677136,4568.240129190633,3496405.960012098,18890.849397429047,-525884.5901256086,3535783.6618677136,396.0980226761644,-535.2005005612441,4542.0703896434925,4590.613972427344,12759164.286497852,0.7241825759113346,1.633627981918772,3.332000937312528e-08,1.3227666033013918e-06,6.133600597453638,-0.14928600540580803,0.005402881072186569,139583.6618677131,-0.06280603915545481,-0.06249953341782978,562.4374178051949,-16088652246.680822,-1012209005.3384768,-195650128.18939334,-16089223827.448597,-1878760848.056787,16120462095.8928,16199726684.934881,-0.9888630907257446,-0.005342761663039729,0.14873211723813998,-0.005402854786196487,0.999985404473565,0.0,0.14872994641459109,0.0008035780314812216,0.9888775239137859,4550.032882675644,-537.332749125809,-0.11754981397741703,8.857038337956345e-10,180.57665981101871,0.0,-84.2766598110187,6.3,0.0,3.02689289359272e-17,2.294329123417488,1.5707963267948966,17.574622296612063,461.0,0.004291146353090716,0.10478604118979588,0.0,0.009401205261938904,-1561.638154223605,-14.777951838089326,234.8886924178089,-0.020468971960584805,0.03189997350816737,-0.23421708300095706,-0.02059831505648408,0.031816607923831355,-0.23421708300095706,-3.117740813120549e-18,6.0006859843561626e-21,2.732865177379296e-19,-3.11773948044181e-18,-6.657185914327504e-21,2.732865177379296e-19,-1561.6587525386615,-14.746135230165494,234.65447533480793,-1678323.0875599738,108.37855091864307,128314.22404666587,-0.03462717908180239,4577.847979458543
57.3927427218709,2001.0,12.0,14.0,14.0,22.0,25.0,1.0,3496346.159567477,33052.86269406946,-525359.9250329392,395.531123491463,-285.7656238043755,4542.1291577587535,3535750.5582386795,4568.2648945919245,3496451.690928228,18829.02705009363,-525359.9250329392,3535750.5582386795,395.69996703533945,-535.2090754159126,4542.1291577587535,4590.638790417034,12759162.223148162,0.7241825313541009,1.6336279809905967,3.332000937312528e-08,1.3280437857690472e-06,6.13374954043633,-0.14913735762351554,0.0053851294691286715,139550.55823868,-0.06274354372654502,-0.06243734471093171,564.6912716329098,-16088652038.374947,-1012208977.2408271,-195653526.96099395,-16089220079.077227,-1878783322.1211307,16120461886.233706,16199725609.622978,-0.9888852828662132,-0.005325326755933042,0.14858512114458808,-0.005385103441382241,0.999985500225341,0.0,0.14858296669381382,0.0008001462472139185,0.988899621687888,4550.075835254743,-537.3322002591605,-0.11754859553568556,8.891560693947973e-10,180.52936891240003,0.0,-84.22936891240003,6.3,0.0,3.026811160002507e-17,2.2943157753092382,1.5707963267948966,17.577019067109482,461.0,0.004307940058726491,0.10528268862601994,0.0,0.009437923998512645,-1561.7024349691533,-14.76362287835223,234.66093936781397,-0.020528000694518142,0.03202225268290966,-0.23513261437888988,-0.020658101253742147,0.031938477296082686,-0.23513261437888988,-3.1298578280870538e-18,6.056393443829976e-21,2.7407368901225997e-19,-3.1298565671548986e-18,-6.676299626918436e-21,2.7407368901225997e-19,-1561.723093070407,-14.731684401056148,234.42580675343507,-1678323.358970223,108.56703535502331,128284.38975194382,-0.03452530811721647,4577.871299004896
57.55386030495832,2001.0,12.0,14.0,14.0,22.0,25.0,1.0,3496409.8426147643,33006.82041291213,-524628.1015646685,394.98529209838995,-285.77076894392513,4542.211032860987,3535704.439383829,4568.299396974866,3496515.4004210643,18742.79449541557,-524628.1015646685,3535704.4393838295,395.14472489645294,-535.2210134385056,4542.211032860987,4590.673366063383,12759159.331663763,0.724182468913441,1.6336279796900728,3.332000937312528e-08,1.3357126938727848e-06,6.133957293366609,-0.1489300164062887,0.005360369634597214,139504.43938382994,-0.06265637183250128,-0.06235060064012927,567.8454637527466,-16088651746.468075,-1012208937.8691626,-195658256.25403827,-16089214855.22663,-1878814632.491386,16120461592.430683,16199724109.815863,-0.9889162005380759,-0.005301007144896392,0.14838007830091585,-0.005360343964214668,0.999985633253091,0.0,0.14837794656188455,0.0007953682571300141,0.9889304082509619,4550.135676159498,-537.3314356947551,-0.11754689808179157,8.940021222808346e-10,180.4634848340428,0.0,-84.2,6.263484834042776,0.0,3.026697277209251e-17,2.2942971768376905,1.5707963267948966,17.580359716504148,461.0,0.004331514280942662,0.10597866610125517,0.0,0.009489339419013025,-1561.791993376545,-14.743634232865718,234.3432278840869,-0.020610364237301594,0.032195577295509606,-0.23641431470340726,-0.020741535944871707,0.032111228535092975,-0.23641431470340726,-3.1468239181524173e-18,6.1347990467958665e-21,2.751724260956514e-19,-3.146822759448085e-18,-6.702852751965075e-21,2.751724260956514e-19,-1561.8127349124898,-14.711523004330624,234.1068135693835,-1678323.7393123526,108.75551979140356,128254.64320514741,-0.03442343870921362,4577.894549566162
57.74162278858045,2001.0,12.0,14.0,14.0,22.0,25.0,1.0,3496483.9463135805,32953.16282132811,-523775.2357926366,394.34915406253253,-285.77675607145346,4542.306307421152,3535650.7739591803,4568.339545180343,3496589.533025756,18642.298765040614,-523775.2357926366,3535650.7739591803,394.497619524014,-535.2348928847482,4542.306307421152,4590.713599519082,12759155.942169463,0.7241823957181511,1.6336279781654899,3.332000937312528e-08,1.344576949564389e-06,6.1341994103308135,-0.14868837918373137,0.0053315157391150515,139450.7739591808,-0.06255478066490333,-0.06224950805011421,571.5374145507812,-16088651404.290709,-1012208891.7156847,-195663750.95988205,-16089208774.011496,-1878851066.6562364,16120461248.030529,16199722362.060514,-0.9889521778505054,-0.005272664060134306,0.14814111157424045,-0.005331490481041753,0.9999857875036278,0.0,0.14813900611922962,0.0007898129262090073,0.9889662335295116,4550.205310223372,-537.3305461640607,-0.1175449229234492,8.996753243151709e-10,180.3868199416869,0.0,-84.18681994168688,6.2,0.0,3.026564738420401e-17,2.294275531610847,1.5707963267948966,17.584249280210802,461.0,0.004359112910146647,0.10679455473166403,0.0,0.00954945620981441,-1561.8962133171858,-14.720336491669688,233.97291964585094,-0.020706300236259623,0.03239945005498531,-0.23791277112137887,-0.020838732929178438,0.0323144308822852,-0.23791277112137887,-3.1666603548684416e-18,6.227008321865424e-21,2.764524636036758e-19,-3.1666593179306165e-18,-6.733713044814852e-21,2.764524636036758e-19,-1561.917052050115,-14.688022060787402,233.73500687472955,-1678324.1851622798,108.94400422778381,128224.98440627666,-0.034321570853152385,4577.917731144007
57.984834626136006,2001.0,12.0,14.0,14.0,22.0,25.0,1.0,3496579.7564859367,32883.65758979523,-522670.4781454966,393.52509088979156,-285.7844970670843,4542.42949298325,3535581.388842375,4568.391453744718,3496685.377579071,18512.121122261342,-522670.4781454966,3535581.388842375,393.65934972704014,-535.2528186196832,4542.42949298325,4590.7656183028885,12759151.519769704,0.7241823002170955,1.6336279761766839,3.6500241499888574e-08,1.3559237916562792e-06,6.134513039270921,-0.14837537157104155,0.005294141785946207,139381.38884237548,-0.062423182874144674,-0.062118556079683945,576.344425112009,-16088650957.847528,-1012208831.5040945,-195670841.67323655,-16089200907.346722,-1878898173.7384868,16120460798.687593,16199720098.277178,-0.9889986944195225,-0.005235948232073539,0.14783155036253603,-0.0052941170553352365,0.999985986064107,0.0,0.14782947866066629,0.000782637532090952,0.9890125543780569,4550.295343432623,-537.3293962983787,-0.11754236928949024,9.070226240311966e-10,180.28769834625072,0.0,-84.0876983462507,6.2,0.0,3.026393342818321e-17,2.294247540584831,1.5707963267948966,17.589281805056537,461.0,0.0043948574316598835,0.10785908301857494,0.0,0.009627604064381711,-1562.0309722612353,-14.69015301058527,233.4931653240379,-0.02083082094135687,0.03265964022220363,-0.23986130468499056,-0.020964879066853567,0.03257374780781079,-0.23986130468499056,-3.192446086719669e-18,6.3472641507431565e-21,2.7811310477344267e-19,-3.1924452096901595e-18,-6.7740313168942024e-21,2.7811310477344267e-19,-1562.0519371403022,-14.657579262777459,233.25330401935292,-1678324.7668796778,109.13248866416406,128195.41335533156,-0.034219704544391716,4577.940843740098
58.196221828329996,2001.0,12.0,14.0,14.0,22.0,26.0,1.0,3496662.8669474265,32823.245694588346,-521710.2553861222,392.80879987004107,-285.7912120938746,4542.536353077115,3535521.200773936,4568.4364819041275,3496768.5151160546,18398.973884057596,-521710.2553861222,3535521.200773936,392.93071062822673,-535.2683505708862,4542.536353077115,4590.810742069946,12759147.64664482,0.7241822165771498,1.6336279744352793,3.332000937312528e-08,1.3659578379969597e-06,6.134785639317561,-0.1481033114646371,0.005261659161020907,139321.20077393623,-0.06230880020627732,-0.062004734729762166,580.5450447201729,-16088650566.861645,-1012208778.7776784,-195676980.1487974,-16089194079.601063,-1878939037.2974706,16120460405.162518,16199718130.804325,-0.989039045883985,-0.005204034381134527,0.14756247403407405,-0.005261634882832105,0.9999861575033725,0.0,0.14756043140102487,0.0007764198607746907,0.9890527368431591,4550.373444413248,-537.3283990541262,-0.1175401542222957,9.134713456496893e-10,180.20171539133747,0.0,-84.00171539133747,6.2,0.0,3.0262446351964205e-17,2.2942232547871617,1.5707963267948966,17.59365058381336,461.0,0.004426230824848577,0.10879141981042509,0.0,0.00969619489848543,-1562.1478787362378,-14.663914019198025,233.07610707058342,-0.020939899131969766,0.03288799470095285,-0.24157154828948024,-0.021075386378929056,0.03280133625457692,-0.24157154828948024,-3.2150779448303623e-18,6.4531382776067746e-21,2.795678511060314e-19,-3.215077210126223e-18,-6.809350573983614e-21,2.795678511060314e-19,-1562.1689541226167,-14.631112682943447,232.83453552229395,-1678325.2763464246,109.32097310054431,128165.93005231212,-0.034117839778290936,4577.963887356097
58.42495179943132,2001.0,12.0,14.0,14.0,22.0,26.0,1.0,3496752.625447474,32757.875849285287,-520671.2279750134,392.0336820445071,-285.7984643666918,4542.651763938224,3535456.198235946,4568.48511199312,3496858.299972658,18276.540052485954,-520671.2279750134,3535456.198235946,392.142231223785,-535.2851063311333,4542.651763938224,4590.859475412001,12759143.424808972,0.7241821254063903,1.6336279725373122,3.6500241499888574e-08,1.3768866463330294e-06,6.135080614577097,-0.1478089203557917,0.005226512505725122,139256.19823594578,-0.06218502842130776,-0.06188157031913844,585.1144466102123,-16088650140.682262,-1012208721.308238,-195683596.72205386,-16089186701.684963,-1878983170.121003,16120459976.215572,16199716001.99523,-0.9890826258058164,-0.005169499783820044,0.1472712993120401,-0.005226488710811199,0.9999863418146049,0.0,0.14726928785333074,0.0007697117832808747,0.9890961350642027,4550.457794529665,-537.3273222524352,-0.11753776205490488,9.204359032915226e-10,180.1088546227797,0.0,-84.0,6.2,0.0,3.0260840003982435e-17,2.2941970211337868,1.5707963267948966,17.598372290495,461.0,0.0044601158059733815,0.1098077055082284,0.0,0.009770326707583491,-1562.2741469709272,-14.635517015583194,232.62474806403432,-0.02105708215842311,0.0331395190707904,-0.24341932140483846,-0.021194141837704076,0.03305203148118347,-0.24341932140483846,-3.2395351544748706e-18,6.56854543345943e-21,2.8113148925316365e-19,-3.2395345771582402e-18,-6.847354512250112e-21,2.8113148925316365e-19,-1562.2953411127648,-14.60246498410201,232.38132874262948,-1678325.8316825908,109.50945753692456,128136.53449721832,-0.0340159765502098,4577.986861993666
58.4718965728032,2001.0,12.0,14.0,14.0,22.0,26.0,1.0,3496771.025645436,32744.45907026853,-520457.9736624181,391.8745883165831,-285.79995107249323,4542.675423168446,3535442.872928656,4568.495081015187,3496876.7052020663,18251.411133924998,-520457.9736624181,3535442.872928656,391.98039509657144,-535.2885388111196,4542.675423168446,4590.869465600305,12759142.554334903,0.7241821066084042,1.633627972145979,3.332000937312528e-08,1.3789815069747199e-06,6.135141156933809,-0.14774849787957495,0.005219299089690837,139242.8729286557,-0.06215962474974484,-0.06185629130626894,586.0554459095001,-16088650052.812084,-1012208709.4589882,-195684951.4381279,-16089185188.719034,-1878992217.277602,16120459887.774767,16199715565.086477,-0.9890915596397001,-0.005162411553494024,0.14721153540554485,-0.005219275393163174,0.999986379489426,0.0,0.14720953030927025,0.0007683375443319296,0.9891050317552439,4550.475086257981,-537.3271015386465,-0.11753727167916525,9.217859806168874e-10,180.09109116081964,0.0,-83.99109116081965,6.2,0.0,3.026053181488758e-17,2.2941919880239126,1.5707963267948966,17.599278483256064,461.0,0.00446668623473464,0.11001724758944814,0.0,0.009784694886948178,-1562.3000328741828,-14.629688105610326,232.53209987129247,-0.021079234291802224,0.03318782498687261,-0.24377756427014552,-0.021216603972582383,0.03310017464543923,-0.24377756427014552,-3.2442762086499707e-18,6.59179459695796e-21,2.814271520034532e-19,-3.2442756641685817e-18,-6.854535122427991e-21,2.814271520034532e-19,-1562.3212494781553,-14.596587930964887,232.28832230702233,-1678325.946183946,109.69794197330481,128107.22669005019,-0.033914114855508416,4578.009767654465
58.507891367306115,2001.0,12.0,14.0,14.0,22.0,26.0,1.0,3496785.1288952776,32734.171739251382,-520294.4606676841,391.75260178791524,-285.80109059552524,4542.693557413964,3535432.659444116,4568.50272200461,3496890.8122225576,18232.14348562754,-520294.4606676841,3535432.659444116,391.8563058270029,-535.291169160451,4542.693557413964,4590.877122813013,12759141.886087216,0.7241820921775071,1.6336279718455695,3.6500241499888574e-08,1.3809927992938258e-06,6.135187577950573,-0.14770216877834128,0.00521376824745144,139232.65944411606,-0.06214014640066264,-0.061836908539072956,586.7775447666645,-16088649985.355942,-1012208700.3627088,-195685989.40850365,-16089184028.96299,-1878999151.6946378,16120459819.880575,16199715230.100735,-0.9890984072009963,-0.005156976597171057,0.14716571090042796,-0.00521374462617687,0.99998640834112,0.0,0.14716371067428657,0.0007672844343646051,0.9891118508718676,4550.488339952105,-537.3269323742173,-0.11753689582203276,9.227690285038297e-10,180.07832430514506,0.0,-83.97832430514507,6.2,0.0,3.026030968551062e-17,2.29418836037589,1.5707963267948966,17.599931687803004,461.0,0.004471471616190485,0.11017811141040737,0.0,0.00979515505426516,-1562.3198740190633,-14.625218645888717,232.4610595961776,-0.021095007252815212,0.03322266532638341,-0.24403844624788348,-0.021232605738193997,0.033134895140193465,-0.24403844624788348,-3.247728401388216e-18,6.609278937098495e-21,2.816377218482245e-19,-3.247727882230859e-18,-6.859645179246293e-21,2.816377218482245e-19,-1562.3411066248016,-14.592083750748523,232.2170211499297,-1678326.0340846404,109.88642640968506,128078.00663080771,-0.033812254689547336,4578.0326043401465
58.56916492927047,2001.0,12.0,14.0,14.0,22.0,26.0,1.0,3496809.126610588,32716.65962900779,-520016.1127070708,391.54494183158516,-285.8030295847949,4542.7244143455955,3535415.2804500004,4568.51572372092,3496914.81618252,18199.34415189768,-520016.1127070708,3535415.280450001,391.64506637152033,-535.2956437886752,4542.7244143455955,4590.890152134313,12759140.74690414,0.7241820675766744,1.6336279713334774,3.6500241499888574e-08,1.3838036973768265e-06,6.1352666005749485,-0.14762330261612566,0.005204353207536743,139215.28045000043,-0.06210698832401634,-0.061803913170737454,588.007939606905,-16088649870.361794,-1012208684.8564303,-195687754.82811242,-16089182055.334593,-1879010951.1508667,16120459704.139694,16199714659.883217,-0.9891100588719013,-0.00514772458345578,0.14708770298715268,-0.005204329713997242,0.9999864573844128,0.0,0.14708571103493354,0.0007654929032196396,0.9891234541906097,4550.510892197663,-537.3266445418036,-0.11753625627849652,9.244417566874589e-10,180.05660056250053,0.0,-83.95660056250054,6.2,0.0,3.0259931701840234e-17,2.2941821874340973,1.5707963267948966,17.601043320645562,461.0,0.004479614401372092,0.1104523418871783,0.0,0.009812953921094653,-1562.3536357949833,-14.61761001864931,232.34012350778846,-0.021121808284856373,0.0332819459521896,-0.24448236050358663,-0.02125979655507285,0.03319397177235062,-0.24448236050358663,-3.2536025212850173e-18,6.639088375363359e-21,2.8199552036465516e-19,-3.253602045437741e-18,-6.868328037112058e-21,2.8199552036465516e-19,-1562.3748955915385,-14.58441604687696,232.09564114728488,-1678326.1839317735,110.07491084606531,128048.87431949086,-0.03371039604768751,4578.055372052363
58.66961302969362,2001.0,12.0,14.0,14.0,22.0,26.0,1.0,3496848.4394583413,32687.951098028512,-519559.8021296342,391.2045071873325,-285.80620603934074,4542.774964393452,3535386.810333235,4568.5370230495255,3496954.1387928748,18145.574353218628,-519559.8021296342,3535386.8103332357,391.29876364808,-535.3029710739936,4542.774964393452,4590.911496684846,12759138.874913352,0.7241820271506774,1.6336279704920313,3.6500241499888574e-08,1.3886091419723845e-06,6.1353961470649665,-0.14749401260761932,0.005188918921135346,139186.81033323565,-0.06205263023568082,-0.06174982181707636,590.0282200574875,-16088649681.396137,-1012208659.3764457,-195690644.8442679,-16089178821.554903,-1879030281.015423,16120459513.947021,16199713725.168827,-0.9891291466529123,-0.00513255700908956,0.14695981797835073,-0.005188895635997185,0.9999865375904211,0.0,0.14695783954508945,0.0007625591581748047,0.9891424628938796,4550.5478373921915,-537.3261730532129,-0.11753520859739375,9.271820054260672e-10,180.02101291654458,0.0,-83.92101291654458,6.2,0.0,3.025931245356852e-17,2.294172074342353,1.5707963267948966,17.60286481628283,461.0,0.004492954132801018,0.11090298056696359,0.0,0.009842112206815998,-1562.4089457043465,-14.605136052226777,232.1418547958179,-0.021165610450717114,0.03337905141309595,-0.2452095889716506,-0.021304238508209276,0.03329074286607227,-0.2452095889716506,-3.2632253454780314e-18,6.6880814667301095e-21,2.8258029623155856e-19,-3.2632249411800286e-18,-6.882518762964396e-21,2.8258029623155856e-19,-1562.4302499428547,-14.571845309360706,231.89664520684624,-1678326.4301718324,110.26339528244556,128019.8297560997,-0.03360853892529027,4578.078070792763
58.74124620900704,2001.0,12.0,14.0,14.0,22.0,26.0,1.0,3496876.4539852575,32667.47780975186,-519234.38742586854,390.9617235451033,-285.8084696109245,4542.810986976541,3535366.5223889416,4568.552201077872,3496982.159921796,18107.2287125524,-519234.38742586854,3535366.522388941,391.0517952137866,-535.3081902462794,4542.810986976541,4590.926706938311,12759137.536529213,0.7241819982479657,1.6336279698904899,3.6500241499888574e-08,1.3920428395638767e-06,6.135488532627196,-0.14740180994211902,0.005177912285866299,139166.52238894114,-0.06201386492103762,-0.06171124672112504,591.4713997840881,-16088649546.2957,-1012208641.1603749,-195692702.70749706,-16089176516.693308,-1879044055.645652,16120459377.96938,16199713058.639824,-0.9891427487859993,-0.005121740164105211,0.1468686157821645,-0.005177889148589886,0.9999865946421307,0.0,0.14686664695581017,0.0007604694119268869,0.9891560087762855,4550.574164947237,-537.3258370953929,-0.11753446202499203,9.291775692006758e-10,179.99503198420163,0.0,-83.9,6.2,0.0,3.025886082343576e-17,2.2941646986625557,1.5707963267948966,17.60419351583348,461.0,0.004502667927684768,0.11122516593015273,0.0,0.009863348157758536,-1562.4483610755633,-14.596239768822644,232.00045192418528,-0.02119772579274996,0.033450022686476975,-0.24573917011878602,-0.021336818109815133,0.0333614716320954,-0.24573917011878602,-3.2702330021933844e-18,6.723421966228188e-21,2.8300901741704595e-19,-3.2702326493103795e-18,-6.892925511573048e-21,2.8300901741704595e-19,-1562.4696978936731,-14.562878297190547,231.7547127540665,-1678326.606221782,110.45187971882581,127990.87294063416,-0.03350668331771737,4578.100700562991
58.78529829991109,2001.0,12.0,14.0,14.0,22.0,26.0,1.0,3496893.673378006,32654.887318420002,-519034.2666155848,390.8124164055234,-285.8098609420435,4542.833128747179,3535354.0522128874,4568.561530402247,3496999.383225705,18083.647196847895,-519034.2666155848,3535354.0522128865,390.89991454074,-535.3113973129401,4542.833128747179,4590.936056070045,12759136.711956397,0.7241819804411058,1.6336279695198876,3.6500241499888574e-08,1.3941149260047085e-06,6.135545347286293,-0.14734510775423096,0.005171143607674043,139154.0522128865,-0.06199002526017674,-0.061687524038832785,592.3600687086582,-16088649463.061329,-1012208629.9376413,-195693966.9408691,-16089175099.789932,-1879052522.3808746,16120459294.194572,16199712648.755945,-0.9891511095011335,-0.005115088030724612,0.1468125282362329,-0.0051711205610156215,0.9999866296666888,0.0,0.14681056530379613,0.0007591852833770704,0.9891643349579914,4550.590347518402,-537.3256306065136,-0.11753400314144562,9.305314740294632e-10,179.97721744698075,0.0,-83.9,6.2,0.0,3.025855254374294e-17,2.2941596640731046,1.5707963267948966,17.605100596595488,461.0,0.004509255565928924,0.1114236642465586,0.0,0.009877760061194129,-1562.4725886249587,-14.590768575007983,231.91348948294007,-0.021220343161878125,0.03349893115447938,-0.2460983958037254,-0.021359743247430518,0.0334102188080872,-0.2460983958037254,-3.2749873513508473e-18,6.7461084909240234e-21,2.833108385069691e-19,-3.274987030185709e-18,-6.900261096240057e-21,2.833108385069691e-19,-1562.493948368206,-14.557358356199895,231.66739108713634,-1678326.7146854252,110.64036415520606,127962.00387309429,-0.03340482922033095,4578.123261364689
58.90860230165577,2001.0,12.0,14.0,14.0,22.0,26.0,1.0,3496941.8363470077,32619.64557881704,-518474.11329199135,390.3944859502114,-285.81375254280016,4542.895060302571,3535319.1728931046,4568.587624717778,3497047.5565394657,18017.640606383025,-518474.11329199135,3535319.1728931046,390.4747805496537,-535.3203637025254,4542.895060302571,4590.962205786648,12759134.397569746,0.7241819304612491,1.6336279684796773,3.6500241499888574e-08,1.4001542118221914e-06,6.135704376469867,-0.1471863933646502,0.005152197929209298,139119.1728931046,-0.061923295868636916,-0.06162112207704267,594.852543592453,-16088649229.443342,-1012208598.4378692,-195697500.38876867,-16089171135.854683,-1879076204.1135345,16120459059.059694,16199711501.484945,-0.9891744947253746,-0.005096467878920932,0.14665553177415142,-0.005152175134933989,0.9999867274576093,0.0,0.14665358528238912,0.0007555949842073045,0.9891876237600432,4550.635610840142,-537.3250530954723,-0.11753271965239458,9.34318371605785e-10,179.92738984729232,0.0,-83.9,6.2,0.0,3.025769021452374e-17,2.2941455811682245,1.5707963267948966,17.60763842471157,461.0,0.004527681730241008,0.11198081002016479,0.0,0.009918071048286731,-1562.540355645077,-14.575453350114955,231.67006009522967,-0.021283459058533773,0.033635731446060926,-0.2471031746982059,-0.021423721819988077,0.033546567675212045,-0.2471031746982059,-3.288285181915589e-18,6.80978808484538e-21,2.841531086400079e-19,-3.2882849502882288e-18,-6.92073170542962e-21,2.841531086400079e-19,-1562.5617793668969,-14.541906782439742,231.42295692053148,-1678327.0191180632,110.8288485915863,127933.22255348007,-0.033302976628493595,4578.14575319949
59.02565219204293,2001.0,12.0,14.0,14.0,22.0,27.0,1.0,3496987.5087588807,32586.190894472355,-517942.3644866391,389.99773660314935,-285.8174429333893,4542.953790129176,3535286.0972179696,4568.6123696905615,3497093.237949604,17954.9809191195,-517942.3644866391,3535286.0972179696,390.0711929193723,-535.3288611955736,4542.953790129176,4590.987003294993,12759132.191795161,0.7241818828267843,1.6336279674883032,3.6500241499888574e-08,1.4056937572701172e-06,6.13585534240671,-0.14703572623199218,0.0051342134543866285,139086.0972179696,-0.06185994971343191,-0.06155808674521897,597.2254713177681,-16088649006.791216,-1012208568.416829,-195700847.52736425,-16089167375.757051,-1879098661.3922682,16120458834.961887,16199710412.414606,-0.9891966708724308,-0.005078791482604152,0.1465064920471994,-0.005134190897978779,0.9999868199550548,0.0,0.14650456108504945,0.0007521922979635316,0.9892097087008517,4550.678534039418,-537.3245055053729,-0.1175315025569664,9.379491671405287e-10,179.86027776562747,0.0,-83.88013888281374,6.2,0.0,3.025654218260793e-17,2.2941268323842223,1.5707963267948966,17.61101825054575,461.0,0.004545347311612181,0.11251180132856296,0.0,0.009956708451596267,-1562.6046212266183,-14.560913458323185,231.4389543138823,-0.021343948903086333,0.03376570889051711,-0.24806579807829113,-0.021485033270733325,0.03367611315179037,-0.24806579807829113,-3.300995329021983e-18,6.870701819374207e-21,2.849577422485656e-19,-3.3009951834722437e-18,-6.940278199558154e-21,2.849577422485656e-19,-1562.626106259889,-14.527237345171395,231.190888515804,-1678327.3092640564,111.01733302796654,127904.52898179152,-0.03320112553756823,4578.168176069031
59.13507953546492,2001.0,12.0,14.0,14.0,22.0,27.0,1.0,3497030.164880515,32554.914462372508,-517445.2381203991,389.6268096802287,-285.82088962876765,4543.008642043953,3535255.20592126,4568.635480475085,3497135.9017595807,17896.40086989552,-517445.2381203991,3535255.2059212597,389.69387293316476,-535.3367928814881,4543.008642043953,4591.010163144962,12759130.121867742,0.7241818381258791,1.6336279665580682,3.6500241499888574e-08,1.4110542060328816e-06,6.135996479645341,-0.14689486831586268,0.005117400395632729,139055.20592125924,-0.06180072761212027,-0.061499155226847645,599.4498179554939,-16088648797.853647,-1012208540.2461717,-195703970.45375413,-16089163862.96991,-1879119635.685239,16120458624.667763,16199709394.26896,-0.9892173826382231,-0.0050622656152009985,0.1463671525760633,-0.0051173780600968785,0.9999869061351704,0.0,0.14636523606435198,0.0007490160553115986,0.9892303354865213,4550.718622939132,-537.3239941293862,-0.11753036586113114,9.413913402025411e-10,179.77201691788355,0.0,-83.83600845894178,6.2,0.0,3.025504441216198e-17,2.2941023719365736,1.5707963267948966,17.61542973470128,461.0,0.004562093614097485,0.11301010379668516,0.0,0.009993322988406066,-1562.6646451078382,-14.54731914118263,231.22287806109958,-0.021401342547799462,0.03388741070794726,-0.2489774552855347,-0.021543197746290946,0.03379740667864259,-0.2489774552855347,-3.312994427832498e-18,6.928148917257885e-21,2.857178596962394e-19,-3.312994363737213e-18,-6.958731354014166e-21,2.857178596962394e-19,-1562.6861883055844,-14.513521734503987,230.97390060581404,-1678327.5815409068,111.2058174643468,127875.9231580286,-0.03309927594291822,4578.190529974937
59.376962984516375,2001.0,12.0,14.0,14.0,22.0,27.0,1.0,3497124.3099903897,32485.778199451015,-516346.34487448045,388.80684445564845,-285.82849681675896,4543.129706575627,3535187.026619132,4568.686487674333,3497230.0613818215,17766.909643601623,-516346.34487448045,3535187.0266191317,388.8597758189414,-535.3542828307587,4543.129706575627,4591.061278633202,12759125.519523159,0.7241817387360561,1.633627964490141,3.6500241499888574e-08,1.4228853459456166e-06,6.136308464855883,-0.14658350045847832,0.005080236782805557,138987.02661913168,-0.06166981617142119,-0.061368886108273644,604.386852234602,-16088648333.301987,-1012208477.6173131,-195710852.15666956,-16089156106.505878,-1879165927.9062417,16120458157.100298,16199707143.703896,-0.9892630955727367,-0.005025734002139334,0.1460591309558768,-0.005080214930359691,0.9999870956248692,0.0,0.14605724615405968,0.0007420117777974067,0.9892758615595622,4550.807103462489,-537.3228656571969,-0.11752785716180371,9.48988462439613e-10,179.63860945590238,0.0,-83.73860945590239,6.1386094559023965,0.0,3.025275893723188e-17,2.294065047298454,1.5707963267948966,17.62216571360689,461.0,0.004599058122610287,0.11411807057241924,0.0,0.010073870342826224,-1562.7971307114638,-14.51726517527499,230.7451822395777,-0.02152677835909488,0.0341557577460579,-0.2509847461835759,-0.021670341319216527,0.034064854041044215,-0.2509847461835759,-3.339499036018305e-18,7.056242689722805e-21,2.873866559281947e-19,-3.339499156494951e-18,-6.99899261301344e-21,2.873866559281947e-19,-1562.8188010527829,-14.483200321233944,230.49419749339413,-1678328.1869305,111.39430190072704,127847.40508219133,-0.03299742783990736,4578.212814918831
59.57847201245326,2001.0,12.0,14.0,14.0,22.0,27.0,1.0,3497202.5892497767,32428.18053942176,-515430.85307826375,388.1236921541973,-285.83482208780987,4543.230371196465,3535130.337265293,4568.72889890518,3497308.3501211377,17659.029458253033,-515430.85307826375,3535130.3372652936,388.1648501055247,-535.3688085857758,4543.230371196465,4591.103779901514,12759121.657192787,0.7241816553268076,1.6336279627550252,3.6500241499888574e-08,1.4326829125550917e-06,6.136568383601389,-0.14632409594086226,0.005049277220262182,138930.33726529358,-0.061560751785350414,-0.06126035683380358,608.5211495161057,-16088647943.453424,-1012208425.0640413,-195716562.76027188,-16089149653.534239,-1879204419.1841106,16120457764.721172,16199705268.7955,-0.9893011053240504,-0.00499529798720624,0.14580250341688694,-0.005049255764900392,0.99998725242686,0.0,0.14580064478881063,0.0007361941309146255,0.989313716673012,4550.880674285065,-537.3219275398585,-0.117525771315129,9.553476514882949e-10,179.55762466470512,0.0,-83.7,6.1,0.0,3.0251356266935834e-17,2.2940421399541155,1.5707963267948966,17.626302447245735,461.0,0.004630001585120475,0.1150479315139911,0.0,0.010141371308267314,-1562.9072981344664,-14.492223065966776,230.34714787069404,-0.02163165745827204,0.03438295229869566,-0.2526675063263723,-0.02177666549809757,0.03429129412766985,-0.2526675063263723,-3.3617642146810924e-18,7.164137363102923e-21,2.887860698891111e-19,-3.3617644919508575e-18,-7.032825387770028e-21,2.887860698891111e-19,-1562.9290747999644,-14.457931771839107,230.09448036436768,-1678328.69497942,111.5827863371073,127818.97475427973,-0.03289558122389981,4578.235030902332
59.764746128774426,2001.0,12.0,14.0,14.0,22.0,27.0,1.0,3497274.8278282797,32374.93636661747,-514584.55819947337,387.4921461343446,-285.84065931643283,4543.323269736564,3535078.0225340733,4568.768037355803,3497380.5953526394,17559.302858661817,-514584.55819947337,3535078.0225340733,387.52242049216676,-535.3821998869282,4543.323269736564,4591.143001439796,12759118.063836996,0.7241815777259053,1.6336279611407347,3.6500241499888574e-08,1.4418750417125016e-06,6.136808658779476,-0.14608429604771273,0.0050206589876244535,138878.02253407333,-0.061459929670517666,-0.06116002937701016,612.3609009087086,-16088647580.760466,-1012208376.170863,-195721823.51856712,-16089143695.532116,-1879239940.5276945,16120457399.673882,16199703535.613138,-0.9893361824148903,-0.004967161331866352,0.14556526190349833,-0.005020637895011905,0.9999873965181397,0.0,0.14556342727436045,0.0007308304701100365,0.9893486516526749,4550.948568983756,-537.3210619565733,-0.11752384648820785,9.61251742583152e-10,179.48288933439048,0.0,-83.68288933439048,6.1,0.0,3.0250061612978334e-17,2.2940209966504566,1.5707963267948966,17.630122407294394,461.0,0.004658731353865729,0.11591305783220524,0.0,0.010204208643013548,-1563.0089713864004,-14.46907048494948,229.97914679245685,-0.02172919480732954,0.034595192951291036,-0.2542338961501058,-0.021875553842063532,0.03450283215063531,-0.2542338961501058,-3.3824903173838526e-18,7.264703875461928e-21,2.9008765545999977e-19,-3.382490741553035e-18,-7.06444802604672e-21,2.9008765545999977e-19,-1563.0308469402426,-14.434567652798846,229.72491289630673,-1678329.167647833,111.77127077348754,127790.63217429377,-0.03279373609026013,4578.257177927053
59.975335879349124,2001.0,12.0,14.0,14.0,22.0,27.0,1.0,3497356.3545184964,32314.740559781487,-513627.769845301,386.77811062181206,-285.84724714897146,4543.428115099166,3535018.981406551,4568.812208072508,3497462.1271227165,17446.55526445746,-513627.769845301,3535018.9814065513,386.79608033076704,-535.3972973047191,4543.428115099166,4591.187265925231,12759113.974607388,0.7241814894159191,1.6336279593040501,3.6500241499888574e-08,1.4522326458175763e-06,6.137080307223198,-0.14581318486108016,0.004988305783283397,138818.98140655132,-0.0613459425748588,-0.061046601514077176,616.7219017744064,-16088647168.023722,-1012208320.5370209,-195727750.09565708,-16089136967.989079,-1879280029.4786828,16120456984.258308,16199701576.142313,-0.9893757701213556,-0.004935349811761305,0.14529703307022507,-0.004988285095811891,0.9999875584285051,0.0,0.14529522534680012,0.0007247830245298911,0.989388079663885,4551.02519467132,-537.3200852435989,-0.11752167424331503,9.67914955546349e-10,179.3985448665019,0.0,-83.59854486650191,6.1,0.0,3.0248600238130537e-17,2.2939971305880325,1.5707963267948966,17.634436350062316,461.0,0.004691156785218956,0.11689755283214716,0.0,0.01027508864703365,-1563.123725709523,-14.442891298132121,229.5630390054992,-0.02183860593490425,0.034830992252690554,-0.2560012703202182,-0.021986481431105192,0.03473783765243155,-0.2560012703202182,-3.4058684432854454e-18,7.379154119151731e-21,2.9154715508104126e-19,-3.4058690369227597e-18,-7.09987422227794e-21,2.9154715508104126e-19,-1563.145712190954,-14.40815346047969,229.307037735179,-1678329.7055435944,111.9597552098678,127762.37734223346,-0.032691892434353324,4578.279255994603
60.025791614023014,2001.0,12.0,14.0,14.0,22.0,28.0,1.0,3497375.8653761414,32300.31788713933,-513398.52720866975,386.60702524467104,-285.84882375298434,4543.453206922242,3535004.8517634533,4568.822778955374,3497481.6388126607,17419.541309374996,-513398.52720866975,3535004.8517634533,386.6220467971905,-535.4009079236034,4543.453206922242,4591.197859248398,12759112.990782486,0.7241814681694224,1.633627958862192,3.942476676500724e-08,1.4547532882041707e-06,6.137145393503638,-0.1457482272915088,0.004980554316541546,138804.8517634538,-0.06131863149011771,-0.061019424417896116,617.7698182463646,-16088647068.724821,-1012208307.15265,-195729166.76896828,-16089135357.427122,-1879289623.58173,16120456884.314941,16199701106.675938,-0.9893852442855703,-0.004927727694824854,0.14523276451871303,-0.004980533725360684,0.9999875970649889,0.0,0.1452309632061732,0.0007233366817128168,0.989397515718658,4551.043532849811,-537.319851523979,-0.11752115439522888,9.693148236546198e-10,179.38106470431725,0.0,-83.6,6.1,0.0,3.024829549108667e-17,2.293992153691117,1.5707963267948966,17.6353362315687,461.0,0.004697973222367592,0.1171344185332361,0.0,0.010289997326890562,-1563.1511898769343,-14.436618276730417,229.46333181749313,-0.021860328828610356,0.03488165934276537,-0.2563729780606433,-0.022008543941349427,0.034788333225111476,-0.2563729780606433,-3.4107868976736647e-18,7.405210689336908e-21,2.9183742276610353e-19,-3.4107875322419423e-18,-7.106925539224685e-21,2.9183742276610353e-19,-1563.1731984208757,-14.401829943505305,229.20695883943247,-1678329.834955614,112.14823964624804,127734.21025809881,-0.03259005025154479,4578.301265106581
60.10084798900923,2001.0,12.0,14.0,14.0,22.0,28.0,1.0,3497404.8731468804,32278.86302265352,-513057.510680811,386.3525184168344,-285.8511677792145,4543.490512466728,3534983.8445140836,4568.838495228623,3497510.6475462792,17379.355856634134,-513057.510680811,3534983.8445140845,386.36315434519764,-535.4062742404467,4543.490512466728,4591.21360888456,12759111.524602674,0.72418143650604,1.6336279582036985,3.6500241499888574e-08,1.4583357727122813e-06,6.137242214778556,-0.1456515974754983,0.004969023562392541,138783.8445140845,-0.06127800392590594,-0.06097899617127541,619.3306327164173,-16088646920.741957,-1012208287.2061856,-195731271.81729096,-16089132962.565018,-1879303887.6683023,16120456735.371641,16199700408.343008,-0.989399330063146,-0.0049163890476062655,0.1451371585409142,-0.004969003113896027,0.9999876544278204,0.0,0.1451353667396475,0.0007211869927318239,0.989411544914789,4551.07079730516,-537.3195040606787,-0.1175203815185948,9.714155485915494e-10,179.35480564260564,0.0,-83.6,6.1,0.0,3.0247837885019656e-17,2.293984680416907,1.5707963267948966,17.636687666220993,461.0,0.004708202089814386,0.1174874166152198,0.0,0.010312368459751012,-1563.1920231731453,-14.427286237726786,229.31500275622585,-0.021893000390253596,0.03495756527477848,-0.2569307477370974,-0.0220417236512843,0.0348639821952177,-0.2569307477370974,-3.4181669690185383e-18,7.444193467049492e-21,2.922739389002863e-19,-3.4181676648300916e-18,-7.117528767480163e-21,2.922739389002863e-19,-1563.2140648967966,-14.392422255531569,229.05807200848875,-1678330.02781648,112.3367240826283,127706.13092188982,-0.03248820953720028,4578.323205264587
60.232823802742345,2001.0,12.0,14.0,14.0,22.0,28.0,1.0,3497455.8328034296,32241.137310425624,-512457.8754982173,385.90498872873275,-285.8552856967504,4543.556050099625,3534946.9398430786,4568.8661049633965,3497561.6080976427,17308.69455600276,-512457.8754982173,3534946.9398430786,385.90791305723866,-535.4156964240165,4543.556050099625,4591.24127722932,12759108.938813724,0.7241813806636401,1.6336279570423569,3.6500241499888574e-08,1.4650198466934626e-06,6.137412463804752,-0.1454816850812972,0.004948748642026199,138746.93984307908,-0.061206564914642145,-0.060907907632430064,622.0807844400406,-16088646659.758335,-1012208252.0281718,-195734966.42859715,-16089128754.331482,-1879328946.3793545,16120456472.69417,16199699180.516848,-0.9894240755571014,-0.0048964510219129675,0.14496904316220544,-0.004948728442815257,0.9999877549684293,0.0,0.14496726801169513,0.0007174124272245187,0.9894361912345003,4551.118694856701,-537.3188937075641,-0.11751902378273212,9.751060156920932e-10,179.30867480384885,0.0,-83.6,6.1,0.0,3.0247033917744815e-17,2.2939715506349097,1.5707963267948966,17.639062519209997,461.0,0.004726172239319435,0.1181099713671363,0.0,0.010351669882928759,-1563.2637601502595,-14.410875777383847,229.05416498936015,-0.021950217919621793,0.035090916622323255,-0.257910636994463,-0.022099836136764566,0.034996881844557,-0.257910636994463,-3.4311318406682694e-18,7.512953275787063e-21,2.9303842955586265e-19,-3.431132645150129e-18,-7.136098347877284e-21,2.9303842955586265e-19,-1563.2858599863962,-14.375878895539289,228.79625435236568,-1678330.3679505214,112.52520851900854,127678.13933360648,-0.032386370286686054,4578.345076470208
60.26829974289504,2001.0,12.0,14.0,14.0,22.0,28.0,1.0,3497469.52101178,32230.996305800993,-512296.68826349406,385.7846863911471,-285.8563918116033,4543.573654251202,3534937.0269263606,4568.873521186496,3497575.296372967,17289.70013592744,-512296.68826349406,3534937.0269263615,385.78553776811566,-535.4182261859837,4543.573654251202,4591.248709195441,12759108.242071113,0.7241813656168408,1.6336279567294278,3.942476676500724e-08,1.4669131761385418e-06,6.137458228431055,-0.14543601093915512,0.0049432986681070485,138737.0269263615,-0.06118736137114314,-0.06088879829840128,622.8212690651417,-16088646589.43665,-1012208242.5493916,-195735958.08349052,-16089127623.73861,-1879335677.4007182,16120456401.91607,16199698850.490612,-0.9894307224516867,-0.004891091412443318,0.14492385136177027,-0.004943278535557742,0.9999877819240193,0.0,0.14492208067114293,0.0007163989637269996,0.9894428115391367,4551.13156066125,-537.3187297735924,-0.11751865908780355,9.761440270924567e-10,179.295752751945,0.0,-83.59575275194497,6.1,0.0,3.024680911199723e-17,2.2939678792784375,1.5707963267948966,17.639726695413298,461.0,0.0047312257072043154,0.11827772015456468,0.0,0.010362720149711152,-1563.2830299197765,-14.406464233515186,228.98404524615867,-0.021966594284476483,0.035128170294727964,-0.2581861575414173,-0.022116459501608867,0.0350340096453132,-0.2581861575414173,-3.4347768838672765e-18,7.531842039321663e-21,2.932571243028597e-19,-3.4347777178252022e-18,-7.141409174725503e-21,2.932571243028597e-19,-1563.305146379278,-14.371430223869872,228.72585908861726,-1678330.4595998917,112.7136929553888,127650.2354932488,-0.03228453249536867,4578.366878725033
60.30976336323436,2001.0,12.0,14.0,14.0,22.0,28.0,1.0,3497485.5141264778,32219.143638104208,-512108.29482405697,385.64407737089556,-285.85768418392877,4543.594222788411,3534925.444810531,4568.882186199866,3497591.289472736,17267.49969660249,-512108.29482405697,3534925.444810531,385.642505907542,-535.4211813234231,4543.594222788411,4591.257392602667,12759107.426704671,0.7241813480082362,1.6336279563632343,3.6500241499888574e-08,1.4688796499566998e-06,6.1375117175998595,-0.14538262752368158,0.004936928868701355,138725.4448105311,-0.061164916474713386,-0.06086646351239401,623.6874946951866,-16088646507.142626,-1012208231.4570295,-195737116.31673673,-16089126302.635378,-1879343541.8497624,16120456319.087942,16199698464.760077,-0.9894384886129343,-0.004884827124699942,0.14487103131859844,-0.0049369088138785,0.9999878133914251,0.0,0.1448692658320459,0.0007152150713924568,0.9894505466594506,4551.146592942746,-537.3185382414847,-0.11751823298581592,9.774842433528286e-10,179.2792068721873,0.0,-83.5792068721873,6.1,0.0,3.0246522335771025e-17,2.2939631958672466,1.5707963267948966,17.640574035219135,461.0,0.004737747688342508,0.1184740300256988,0.0,0.01037697685335152,-1563.3055447712406,-14.401307937885546,228.9020879681169,-0.02198855830910258,0.035175605801325296,-0.25854164431217297,-0.02213872907312771,0.03508128582349404,-0.25854164431217297,-3.4394791146507732e-18,7.554926186879265e-21,2.9355014111076207e-19,-3.4394799833210713e-18,-7.148521682071655e-21,2.9355014111076207e-19,-1563.3276835003137,-14.366226652062052,228.6435463238047,-1678330.5668530352,112.90217739176904,127622.41940081675,-0.03218269615861517,4578.388612030636
60.47051478389309,2001.0,12.0,14.0,14.0,22.0,28.0,1.0,3497547.4631435815,32173.19120676115,-511377.89919183636,385.09892733771767,-285.86269019213427,4543.673895508855,3534880.581710843,4568.91574995744,3497653.237482233,17181.429061115956,-511377.89919183636,3534880.5817108424,385.08796256712895,-535.4326218566532,4543.673895508855,4591.291027607704,12759104.255029034,0.7241812795127762,1.6336279549389334,3.6500241499888574e-08,1.4769448868471375e-06,6.137719094481103,-0.1451756606109281,0.004912233917465054,138680.58171084244,-0.061077897714391746,-0.0607798716434863,627.0535952746868,-16088646187.031702,-1012208188.3116537,-195741598.6113025,-16089121183.9917,-1879374004.80166,16120455996.899569,16199696969.280678,-0.9894685708984851,-0.004860540169309011,0.14466624469229883,-0.004912214162087049,0.9999879350032308,0.0,0.144664499294524,0.0007106315759534607,0.9894805089776291,4551.204820717704,-537.3177964071718,-0.11751658251413158,9.826755448882318e-10,179.2151167297749,0.0,-83.51511672977492,6.1,0.0,3.0245411413321206e-17,2.2939450531268153,1.5707963267948966,17.643857282379315,461.0,0.004763011132814322,0.11923766100430182,0.0,0.010432200670669566,-1563.3927588361846,-14.381315676583712,228.58431888349668,-0.022073394179687775,0.03535932538340882,-0.2599186412673995,-0.02222475136808082,0.0352643878269373,-0.2599186412673995,-3.4576927474699703e-18,7.644715020465104e-21,2.946819303130572e-19,-3.4576937520106782e-18,-7.175993345507126e-21,2.946819303130572e-19,-1563.4149835875528,-14.346051288756776,228.32440024222927,-1678330.984054748,113.09066182814928,127594.69105631037,-0.03208086127179296,4578.410276388589
60.74306114937626,2001.0,12.0,14.0,14.0,22.0,28.0,1.0,3497652.294494649,32095.279214741226,-510139.5190066765,384.17458197798254,-285.8711615633041,4543.808722489091,3534804.6634833897,4568.9725471947695,3497758.0636745673,17035.49620927993,-510139.5190066765,3534804.6634833897,384.147690822796,-535.4519594465179,4543.808722489091,4591.347945408576,12759098.839109588,0.7241811625501371,1.6336279525074215,3.6500241499888574e-08,1.4905630871856027e-06,6.138070704028164,-0.14482474604361692,0.004870365875033382,138604.6634833892,-0.06093035596895707,-0.06063305367711397,632.7888801693916,-16088645640.42361,-1012208114.6475309,-195749168.7755731,-16089112517.104921,-1879425555.3952208,16120455446.744684,16199694433.643223,-0.9895194774999775,-0.0048193600017750965,0.144319012667579,-0.004870346620500015,0.9999881397915659,0.0,0.14431730101400775,0.0007028836156194422,0.9895312135464223,4551.303356808512,-537.3165412824441,-0.11751378964757181,9.914603683506773e-10,179.10666211912744,0.0,-83.40666211912745,6.1,0.0,3.024353112480959e-17,2.2939143456850797,1.5707963267948966,17.64941721940219,461.0,0.004805764889103646,0.1205416302965892,0.0,0.010525654240203413,-1563.5403558923028,-14.34741365368618,228.04545962384466,-0.022216079094644785,0.03567014350164906,-0.26224891655677984,-0.022369454477436216,0.0355741593597046,-0.26224891655677984,-3.488512890829884e-18,7.798010617141233e-21,2.9658553211321033e-19,-3.488514130447591e-18,-7.222196573559946e-21,2.9658553211321033e-19,-1563.5627253467803,-14.311839494326476,227.78321070728788,-1678331.6964644194,113.27914626452953,127567.05045972965,-0.03197902783026987,4578.431871800459
60.94336750420605,2001.0,12.0,14.0,14.0,22.0,28.0,1.0,3497729.179061641,32038.016781992254,-509229.3553380479,383.4951841347873,-285.8773746514379,4543.907608789827,3534748.9841453447,4569.014202955628,3497834.941682764,16928.240359823245,-509229.3553380479,3534748.9841453447,383.4565875931504,-535.4661239383461,4543.907608789827,4591.389689589876,12759094.828106124,0.7241810759277536,1.6336279507069176,3.6500241499888574e-08,1.5007326303359355e-06,6.138329126961056,-0.1445668337983674,0.0048395960584712286,138548.9841453447,-0.060821916554311455,-0.06052514620366037,637.0267454385757,-16088645235.616589,-1012208060.0969945,-195754708.92406338,-16089106156.703419,-1879463363.681315,16120455039.311207,16199692570.019903,-0.9895568136158596,-0.0047890926444148245,0.14406379565341973,-0.004839577166573577,0.9999882891778528,0.0,0.14406210854793097,0.0006972078559742119,0.9895684022754211,4551.375625874323,-537.3156209354908,-0.11751174140094489,9.978303833891783e-10,179.02712020763528,0.0,-83.4,6.1,0.0,3.024215180798689e-17,2.293891819731904,1.5707963267948966,17.653498112795774,461.0,0.004836769698480316,0.12150736261781066,0.0,0.010593467801850092,-1563.648614681292,-14.32249267844625,227.64935055463695,-0.022318461556166957,0.0358997230268279,-0.2639393279414036,-0.0224733328067893,0.03580297686215977,-0.2639393279414036,-3.510873210761783e-18,7.910931818670315e-21,2.979521455082154e-19,-3.510874626652443e-18,-7.255399028267556e-21,2.979521455082154e-19,-1563.6710880140988,-14.286689701584091,227.38541122669554,-1678332.2240719292,113.46763070090978,127539.49761107456,-0.03187719582941413,4578.4533982678
61.17799053989991,2001.0,12.0,14.0,14.0,22.0,29.0,1.0,3497819.0625049267,31970.94251201197,-508163.2363725625,382.6993313653606,-285.8846382751854,4544.023216571052,3534683.891098126,4569.062901445543,3497924.8144619414,16802.60573080361,-508163.2363725625,3534683.8910981263,382.64702364814354,-535.4826638625009,4544.023216571052,4591.4384914469665,12759090.097281726,0.7241809737595211,1.6336279485833807,3.942476676500724e-08,1.5126697107276538e-06,6.138631833438734,-0.14426472541007745,0.004803555647014486,138483.89109812677,-0.06069489438386782,-0.06039874711141339,642.0151232779026,-16088644758.171415,-1012207995.7587365,-195761172.95010805,-16089098716.660421,-1879507564.7112496,16120454558.768337,16199690387.07486,-0.9896004627942091,-0.004753637453442412,0.14376483216853958,-0.004803537174044395,0.999988462948757,0.0,0.1437631735463039,0.0006905797156418334,0.9896118799971794,4551.460115103672,-537.3145451741995,-0.11750934693760634,1.005269588785512e-09,178.9341301401811,0.0,-83.3341301401811,6.1,0.0,3.024053897783723e-17,2.293865480216694,1.5707963267948966,17.65827236749275,461.0,0.004872980819275406,0.1226464319482489,0.0,0.010672630715940046,-1563.7751868113212,-14.293296967582956,227.1852962342961,-0.022437177443524973,0.03616438691949437,-0.2659131140392203,-0.022593790696639717,0.036066749712880396,-0.2659131140392203,-3.5369744870253e-18,8.044050229378516e-21,2.995363076066815e-19,-3.5369761136136495e-18,-7.293856213623605e-21,2.995363076066815e-19,-1563.7977806020178,-14.257230217870076,226.91938312025687,-1678332.8463651314,113.65611513729003,127512.03251034515,-0.03177536526459435,4578.474855792167
61.29675032997076,2001.0,12.0,14.0,14.0,22.0,29.0,1.0,3497864.4878745917,31936.990694544296,-507623.5856620739,382.29646781644016,-285.88830920809374,4544.081643659732,3534650.994317434,4569.087512719812,3497970.233207435,16739.011426215286,-507623.5856620739,3534650.9943174343,382.23721970735534,-535.4910148457965,4544.081643659732,4591.463154960031,12759087.68913154,0.7241809217522359,1.6336279475026827,3.942476676500724e-08,1.5187492735674537e-06,6.13878505943389,-0.1441118021181161,0.00478531335029354,138450.9943174338,-0.060630597245319676,-0.06033476535986052,644.549730181694,-16088644515.13911,-1012207963.0127125,-195764434.49097064,-16089094954.827408,-1879529903.268843,16120454314.159468,16199689282.09878,-0.9896225225152441,-0.004735690016673826,0.14361349578166757,-0.004785295086987509,0.9999885504099186,0.0,0.14361185146601071,0.0006872329557891152,0.9896338534171963,4551.502815005791,-537.3140015827137,-0.11750813685484554,1.0091578734727965e-09,178.8742694783823,0.0,-83.3,6.08713473919115,0.0,3.023950933757909e-17,2.2938486649151906,1.5707963267948966,17.661321679479737,461.0,0.0048919051612338876,0.12322624244196267,0.0,0.010713945357894817,-1563.83915805266,-14.278516738319805,226.95037030774517,-0.02249952938755939,0.03630254839615049,-0.26694279477757255,-0.022657045950462452,0.03620444878071106,-0.26694279477757255,-3.5505728679525865e-18,8.112801979440352e-21,3.003667285287362e-19,-3.550574603378283e-18,-7.313962138557758e-21,3.003667285287362e-19,-1563.8618150986104,-14.242312289539093,226.6834275129676,-1678333.1631336715,113.84459957367028,127484.65515754138,-0.03167353613117961,4578.496244375101
61.38283042551823,2001.0,12.0,14.0,14.0,22.0,29.0,1.0,3497897.383422796,31912.381287129243,-507232.4288585208,382.0044518272112,-285.8909675893246,4544.123955084763,3534627.171558717,4569.1053353736725,3498003.1234390377,16692.916048287436,-507232.4288585208,3534627.171558717,381.94017307633334,-535.4970589918512,4544.123955084763,4591.481015443022,12759085.937600141,0.7241808839254464,1.633627946716623,3.942476676500724e-08,1.5231290267922726e-06,6.138896123273851,-0.14400095766712212,0.004772091031347318,138427.1715587168,-0.06058399222709314,-0.06028838894282371,646.3915969729424,-16088644338.374924,-1012207939.1950006,-195766794.1837895,-16089092229.848806,-1879546080.1905456,16120454136.24856,16199688481.13586,-0.9896384975438504,-0.0047226808480980795,0.14350379947847203,-0.004772072919013499,0.9999886135952027,0.0,0.1435021654861212,0.0006848105952667598,0.9896497660966946,4551.533737126889,-537.3136079621906,-0.11750726056673022,1.0122207995935548e-09,178.80620445347657,0.0,-83.3,6.053102226738279,0.0,3.023835162482907e-17,2.2938297580311677,1.5707963267948966,17.664751585777495,461.0,0.004906806944957772,0.12364798073757838,0.0,0.010746389746382014,-1563.8854856292583,-14.267802750111663,226.78007567966276,-0.022549683737947614,0.036412664372380575,-0.2677503879001419,-0.022707899838009034,0.03631420725176363,-0.2677503879001419,-3.561208075116485e-18,8.164718663252568e-21,3.010319260838655e-19,-3.561209891069596e-18,-7.329983204869967e-21,3.010319260838655e-19,-1563.9081935290963,-14.2314885428599,226.5123252917626,-1678333.3935305197,114.03308401005053,127457.36555266325,-0.03157170842453934,4578.517564018136
61.50947031881303,2001.0,12.0,14.0,14.0,22.0,29.0,1.0,3497945.733222024,31876.175838068186,-506656.95754752785,381.57482604936797,-285.8948748904968,4544.186145012037,3534592.156923277,4569.13153103329,3498051.4646293744,16625.100195543866,-506656.95754752785,3534592.156923277,381.5031461777425,-535.5059375246256,4544.186145012037,4591.507266703059,12759083.351159938,0.7241808280675006,1.6336279455558458,3.942476676500724e-08,1.5296025634443448e-06,6.139059521620505,-0.14383788205762066,0.004752638773297539,138392.15692327637,-0.06051542627831333,-0.060220159310222544,649.108866661787,-16088644077.354391,-1012207904.0237875,-195770259.08683598,-16089088223.445091,-1879569857.1058629,16120453873.534678,16199687302.657524,-0.9896619777695345,-0.004703541301923603,0.14334240983224295,-0.004752620881553377,0.9999887062336036,0.0,0.1433407909565516,0.0006812521301808999,0.9896731549069547,4551.579186783402,-537.313029464566,-0.11750597262140848,1.016722681293034e-09,178.70616263793258,0.0,-83.3,6.003081318966288,0.0,3.023664967527193e-17,2.293801963085583,1.5707963267948966,17.669796386452546,461.0,0.004928710148210735,0.12427076391287305,0.0,0.01079407562085529,-1563.9535804200607,-14.25203909213473,226.52951853295542,-0.022623177322954,0.03657451141462659,-0.2689373569377856,-0.0227824243398928,0.03647552848968101,-0.2689373569377856,-3.576838084295515e-18,8.24135903681586e-21,3.020066339666815e-19,-3.576840019897855e-18,-7.35345651325756e-21,3.020066339666815e-19,-1563.9763628444007,-14.215563563645048,226.26058117601764,-1678333.7337515876,114.22156844643078,127430.1636957108,-0.03146988214004338,4578.538814722803
61.55608970860909,2001.0,12.0,14.0,14.0,22.0,29.0,1.0,3497963.518320872,31862.84755995722,-506445.10982916265,381.416665077417,-285.8963121667661,4544.209021304049,3534579.277060883,4569.141166894545,3498069.246323041,16600.13515941179,-506445.10982916265,3534579.2770608827,381.34226063146707,-535.5092018819569,4544.209021304049,4591.516923016278,12759082.396202715,0.7241808074437714,1.6336279451272662,3.942476676500724e-08,1.5319959118933836e-06,6.1391196735480005,-0.14377784893042347,0.004745477971146673,138379.27706088265,-0.060490185016663874,-0.06019504185552163,650.1113428771496,-16088643980.981964,-1012207891.0380124,-195771532.61536932,-16089086749.355425,-1879578603.2947483,16120453776.537037,16199686868.801826,-0.9896706148381538,-0.004696495355796728,0.1432829963995851,-0.004745460160153149,0.9999887402405431,0.0,0.1432813830675114,0.0006799437510415983,0.9896817584166925,4551.595905207112,-537.312816682366,-0.11750549886697312,1.0182254787562662e-09,178.68468151554666,0.0,-83.28468151554667,6.0,0.0,3.0236278959665896e-17,2.293795908840289,1.5707963267948966,17.6708956319398,461.0,0.004936025336738952,0.12450071064031874,0.0,0.010810051378107465,-1563.978629347802,-14.246235671966385,226.43727544955303,-0.022646968550378694,0.03662779804294868,-0.2693355983669635,-0.022806568375490877,0.03652863551969791,-0.2693355983669635,-3.58209888733752e-18,8.268450783278646e-21,3.0232370501709745e-19,-3.582100866751166e-18,-7.361138743419256e-21,3.0232370501709745e-19,-1564.0014359161776,-14.209707036446687,226.16793985118608,-1678333.8593669645,114.41005288281103,127403.04958668398,-0.03136805727306201,4578.559996490619
61.60745540990589,2001.0,12.0,14.0,14.0,22.0,29.0,1.0,3497983.1055797185,31848.162254727926,-506211.692698834,381.24239883051683,-285.89789508624347,4544.234215780167,3534565.092084903,4569.151779154198,3498088.8296829523,16572.628261386573,-506211.692698834,3534565.092084903,381.16499240184294,-535.5127960548741,4544.234215780167,4591.52755780017,12759081.342421893,0.7241807846857748,1.633627944654359,3.942476676500724e-08,1.5346749246795783e-06,6.139185950036352,-0.14371170333303943,0.004737588174182959,138365.09208490234,-0.06046237371087035,-0.06016736696164723,651.2170121073723,-16088643874.636885,-1012207876.7088184,-195772934.56202504,-16089085125.684948,-1879588235.75717,16120453669.50207,16199686390.774372,-0.989680127129747,-0.004688731945692086,0.14321753299505355,-0.004737570451879032,0.9999887776501362,0.0,0.14321592575779163,0.000678503152508376,0.9896912337910297,4551.614317783846,-537.3125823482139,-0.11750497711105261,1.019846618868304e-09,178.66441726414618,0.0,-83.2644172641462,6.0,0.0,3.02359272480223e-17,2.2937901649532537,1.5707963267948966,17.671938657916478,461.0,0.004943917515682378,0.12475445489805981,0.0,0.010827299374961238,-1564.0062169673042,-14.239841149010582,226.33563701883799,-0.022672429713815032,0.03668509732283849,-0.2697656970593158,-0.02283241251231522,0.03658574003052946,-0.2697656970593158,-3.5877845622676664e-18,8.298079278213261e-21,3.026634225636385e-19,-3.587786590028113e-18,-7.369381272907898e-21,3.026634225636385e-19,-1564.0290493798166,-14.203255408980052,226.06587132177867,-1678333.9979816508,114.59853731919128,127376.02322558282,-0.03126623381896587,4578.581109323098
61.80299120160818,2001.0,12.0,14.0,14.0,22.0,29.0,1.0,3498057.5872539934,31792.258394843968,-505323.12289493944,380.57898467217035,-285.90391426948906,4544.330020506225,3534511.1528995587,4569.192132865812,3498163.2951042177,16467.915006951444,-505323.12289493944,3534511.152899559,380.4901502890475,-535.5264538805941,4544.330020506225,4591.5679971603395,12759077.31556978,0.7241806977195703,1.6336279428474647,3.942476676500724e-08,1.5448415497178702e-06,6.139438252127826,-0.1434598994686964,0.004707554213082264,138311.15289955912,-0.060356501081274876,-0.06006201361857421,655.4368352293968,-16088643468.260622,-1012207821.9563464,-195778259.52656013,-16089078949.5499,-1879624863.978358,16120453260.489769,16199684571.035284,-0.9897162984574195,-0.004659177548058346,0.1429683203801449,-0.004707536825697736,0.9999889194871284,0.0,0.1429667362178307,0.0006730286330976842,0.9897272651431203,4551.68433341602,-537.3116913671298,-0.11750299314199518,1.0259952987995987e-09,178.5889411244489,0.0,-83.1889411244489,6.0,0.0,3.0234616047645525e-17,2.293768751426061,1.5707963267948966,17.675828240903016,461.0,0.004973852432975586,0.12572410259107816,0.0,0.010892720232351605,-1564.1111251588793,-14.215496403058669,225.94868683693082,-0.022768548989154862,0.036902485663207155,-0.2713970935246753,-0.022929990262075806,0.03680238875094745,-0.2713970935246753,-3.6093520182710175e-18,8.411166309721616e-21,3.0394614813280615e-19,-3.60935423200135e-18,-7.400503341024538e-21,3.0394614813280615e-19,-1564.1340551491414,-14.178694014307721,225.67728974340613,-1678334.5276753418,114.78702175557153,127349.08461240731,-0.03116441177312607,4578.602153221739
61.929017892150085,2001.0,12.0,14.0,14.0,22.0,29.0,1.0,3498105.5234191404,31756.226626563253,-504750.4121356285,380.15137751835874,-285.9077882312354,4544.3916811993795,3534476.4378131228,4569.218104375683,3498211.2196097253,16400.423826700837,-504750.4121356285,3534476.4378131228,380.0551774321279,-535.5352362626413,4544.3916811993795,4591.594023792388,12759074.70743321,0.7241806413925711,1.6336279416773476,3.942476676500724e-08,1.5512244787821802e-06,6.139600869875439,-0.14329760280425885,0.004688197093008341,138276.43781312322,-0.06028826217834275,-0.05999410940779422,658.1655342280865,-16088643205.05986,-1012207786.4971075,-195781681.610516,-16089074972.915916,-1879648437.9777358,16120452995.581875,16199683398.182684,-0.9897395784520109,-0.004640128210006749,0.14280768906410687,-0.004688179919229888,0.9999890104241371,0.0,0.1428061196681741,0.0006695081401819716,0.9897504553897257,4551.729395885217,-537.3111180085718,-0.11750171629751206,1.029900746023636e-09,178.54554726640404,0.0,-83.14554726640404,6.0,0.0,3.0233858490434387e-17,2.2937563795779217,1.5707963267948966,17.6780762894165,461.0,0.0049928682577512875,0.1263521376392987,0.0,0.01093427890665404,-1564.1786476582508,-14.199803661416,225.69925686162682,-0.022828985378688202,0.03704084644958579,-0.2724335868126314,-0.02299136218362675,0.03694027807236228,-0.2724335868126314,-3.623061419034752e-18,8.484001946043947e-21,3.047534327391735e-19,-3.6230637541509075e-18,-7.420090637160987e-21,3.047534327391735e-19,-1564.2016390204344,-14.162863383343637,225.42682327481418,-1678334.8707508221,114.97550619195178,127322.23374715747,-0.031062591130914054,4578.623128188041
62.09898141533184,2001.0,12.0,14.0,14.0,22.0,30.0,1.0,3498170.0862767347,31707.63228809963,-503978.02425613307,379.57466394251395,-285.9130059224542,4544.474730284898,3534429.6817732574,4569.253084111307,3498275.7652726243,16309.401366404076,-503978.02425613307,3534429.6817732574,379.46853004145964,-535.5470551840734,4544.474730284898,4591.629077768168,12759071.174273957,0.7241805650879536,1.6336279400924547,3.942476676500724e-08,1.5600028429393443e-06,6.139820186263149,-0.1430787193981903,0.0046620919271065904,138229.68177325744,-0.06019623071601112,-0.059902529323840714,661.8565037548542,-16088642848.514597,-1012207738.4655604,-195786284.39216226,-16089069614.887178,-1879680188.8759303,16120452636.72425,16199681816.452278,-0.9897709334303422,-0.004614436510226875,0.14259104569404885,-0.004662075038618353,0.9999891324691156,0.0,0.14258949608145594,0.0006647701548607142,0.9897816899134262,4551.79008908882,-537.3103458717586,-0.11749999661772365,1.0351792259134346e-09,178.48525967608208,0.0,-83.1,6.0,0.0,3.023280732058778e-17,2.2937392126715563,1.5707963267948966,17.68119661412145,461.0,0.005018569974235374,0.12720291988454102,0.0,0.010990457292703348,-1564.2695952437641,-14.178637373871819,225.36282701278793,-0.022910436355914762,0.037228616563553966,-0.2738345467500305,-0.023074083914246465,0.03712741085468873,-0.2738345467500305,-3.641589237907455e-18,8.582803366007519e-21,3.058413387170881e-19,-3.641591738773348e-18,-7.446492779920068e-21,3.058413387170881e-19,-1564.2926693276784,-14.14150996301713,225.0889924660379,-1678335.3355044294,115.16399062833202,127295.47062983326,-0.030960771887701702,4578.644034223486
62.29930410964417,2001.0,12.0,14.0,14.0,22.0,30.0,1.0,3498246.055610198,31650.35680928126,-503067.65304288117,378.89489375864446,-285.91914549644815,4544.572453809283,3534374.6652295557,4569.2942437755,3498351.7121723243,16202.117745184545,-503067.65304288117,3534374.6652295557,378.7770513571581,-535.5609479521131,4544.572453809283,4591.6703247868645,12759066.986597046,0.7241804746475615,1.633627938213989,4.4703483581542975e-08,1.570641767150487e-06,6.140078684710023,-0.1428207312102646,0.0046313244743246195,138174.66522955615,-0.060087756978011504,-0.059794587593286645,666.2237704396248,-16088642425.926174,-1012207681.537064,-195791691.14954993,-16089063307.127634,-1879717549.6261704,16120452211.395147,16199679952.192162,-0.989807828408341,-0.004584153996059788,0.14233568896697804,-0.004631307918000835,0.9999892754359762,0.0,0.14233416247876884,0.0006592004033268695,0.9898184437796134,4551.861506251405,-537.3094374515456,-0.11749797317509941,1.0414668309078668e-09,178.40666461365166,0.0,-83.1,6.0,0.0,3.02314425046741e-17,2.2937169235361967,1.5707963267948966,17.685249678842258,461.0,0.005049184785727885,0.12821132473504973,0.0,0.01105741016163154,-1564.3766179019528,-14.153686548517214,224.96624340674674,-0.023007462671859852,0.03745555511733555,-0.2755035128566589,-0.023172638606398357,0.03735359109593135,-0.2755035128566589,-3.663654395651015e-18,8.70048270368482e-21,3.071368211701047e-19,-3.663657094936567e-18,-7.477960499800226e-21,3.071368211701047e-19,-1564.3997905405593,-14.116332957421283,224.69073989389008,-1678335.8863539677,115.35247506471227,127268.79526043474,-0.03085895403886129,4578.664871329554
62.35211196835176,2001.0,12.0,14.0,14.0,22.0,30.0,1.0,3498266.059506538,31635.25798875055,-502827.6632232975,378.71568909904715,-285.9207621515791,4544.598186269194,3534360.1785253887,4569.305081742776,3498371.709764162,16173.835821776744,-502827.6632232975,3534360.1785253887,378.5947601211563,-535.5646035628661,4544.598186269194,4591.681185755594,12759065.878395665,0.7241804507139038,1.6336279377168967,4.4703483581542975e-08,1.5733961040722342e-06,6.140146829840394,-0.1427527205799962,0.004623213863383358,138160.1785253887,-0.060059161163495196,-0.059766132023927256,667.3781310021877,-16088642314.096169,-1012207666.4721464,-195793113.17396533,-16089061645.629976,-1879727387.348574,16120452098.839882,16199679460.742308,-0.9898175435033784,-0.004576170793245192,0.14226837046163418,-0.004623197393890101,0.9999893129658222,0.0,0.14226685003469663,0.0006577347595512186,0.9898281218303465,4551.880311694766,-537.3091982739759,-0.1174974403817453,1.0432627610214492e-09,178.3859693219839,0.0,-83.0859693219839,6.0,0.0,3.023108308741531e-17,2.293711053806916,1.5707963267948966,17.686317352918053,461.0,0.0050579266364709965,0.12847818499424576,0.0,0.011076520865358177,-1564.4047999019494,-14.147108482285912,224.8616876158837,-0.02303599822501661,0.03751949275774065,-0.27597999177288224,-0.02320159628264835,0.0374173152558828,-0.27597999177288224,-3.669955139083223e-18,8.732797266615357e-21,3.0751769230957163e-19,-3.6699578916335976e-18,-7.487206938149157e-21,3.0751769230957163e-19,-1564.428001498232,-14.109691167030029,224.58570762411082,-1678336.0321275052,115.54095950109252,127242.20763896183,-0.03075713757976551,4578.685639507709
62.41573740310393,2001.0,12.0,14.0,14.0,22.0,30.0,1.0,3498290.1485879775,31617.06609401299,-502538.5102019985,378.49977045980427,-285.92270896409315,4544.629173984148,3534342.733353987,4569.318133022402,3498395.7910331353,16139.760151014618,-502538.5102019985,3534342.7333539873,378.3751225981087,-535.5690042939958,4544.629173984148,4591.694264733818,12759064.540548109,0.7241804218205762,1.6336279371168205,3.942476676500724e-08,1.5767090399757228e-06,6.140228935090289,-0.1426707773754288,0.004613441877225743,138142.73335398687,-0.060024707213108174,-0.059731847047913324,668.7709015011787,-16088642179.092932,-1012207648.2858709,-195794824.68486458,-16089059644.48049,-1879739234.1557662,16120451962.961119,16199678868.590221,-0.9898292426533465,-0.00456655207733588,0.14218726029580733,-0.004613425511945453,0.9999893580958978,0.0,0.14218574715261872,0.0006559703341223063,0.9898397764333238,4551.902957680713,-537.3089102636916,-0.11749679878728575,1.0455057116302582e-09,178.3610476485527,0.0,-83.06104764855269,6.0,0.0,3.0230650247918257e-17,2.293703985001488,1.5707963267948966,17.68760331018855,461.0,0.005068843004817314,0.12880034597704254,0.0,0.011100381442162929,-1564.4387379258544,-14.139182536646036,224.73570780768011,-0.02307206659406513,0.037598874300816834,-0.27657494929193693,-0.023238184244281607,0.0374964318120861,-0.27657494929193693,-3.677823250256903e-18,8.772475637495049e-21,3.0799903743275465e-19,-3.677826067544306e-18,-7.498889960941631e-21,3.0799903743275465e-19,-1564.4619761100987,-14.10168610483395,224.4591328583882,-1678336.2081088796,115.72944393747277,127215.7077654146,-0.030655322505787463,4578.706338759411
62.640298440345006,2001.0,12.0,14.0,14.0,22.0,30.0,1.0,3498375.059320501,31552.858223160714,-501517.9512924846,377.73766491691293,-285.92957125635,4544.738403077069,3534281.241498246,4569.36413690343,3498480.672300845,16019.49047865735,-501517.9512924846,3534281.2414982454,377.59989129167565,-535.584503803432,4544.738403077069,4591.740366246916,12759059.79573681,0.7241803193471733,1.6336279349889193,4.4703483581542975e-08,1.5885644258176976e-06,6.140518725628672,-0.14238155870373362,0.004578952985542332,138081.2414982454,-0.05990310165753438,-0.059610837876985366,673.7032214403152,-16088641700.296038,-1012207583.79209,-195800849.51541764,-16089052587.7174,-1879780992.8034341,16120451481.059433,16199676778.37777,-0.989870480940497,-0.00453260207211648,0.1419009742076672,-0.00457893698455256,0.9999895166130951,0.0,0.1418994866048524,0.0006497556189435262,0.9898808582445238,4551.982782610347,-537.3078951714568,-0.11749453730367616,1.0534118073684494e-09,178.27320214035058,0.0,-83.0,6.0,0.0,3.022912435378753e-17,2.293679065259212,1.5707963267948966,17.692138256356202,461.0,0.005107323161451734,0.1299429323351017,0.0,0.01118450584510304,-1564.5583710336516,-14.111205238432222,224.29101957716037,-0.023198704318352557,0.0378803094109273,-0.27867236681785634,-0.023366667157373962,0.037776931970111574,-0.27867236681785634,-3.705561897745645e-18,8.913140870445498e-21,3.096893614484504e-19,-3.7055649463435254e-18,-7.539929349386176e-21,3.096893614484504e-19,-1564.581737700809,-14.07342830646211,224.0123472103425,-1678336.832244886,115.91792837385302,127189.29563979301,-0.030553508812300623,4578.726969086108
62.835069111151746,2001.0,12.0,14.0,14.0,22.0,30.0,1.0,3498448.567162863,31497.16695005317,-500632.7603334745,377.07661343136743,-285.9355120449558,4544.832965531812,3534228.007546893,4569.4039626662425,3498554.152200237,15915.173019776748,-500632.7603334745,3534228.007546893,376.9274549958762,-535.5979060821501,4544.832965531812,4591.7802765282595,12759055.651382796,0.7241802298414237,1.6336279331303274,4.4703483581542975e-08,1.5988050199750765e-06,6.140770080525756,-0.14213069973400294,0.0045490401307619124,138028.00754689332,-0.05979762455556033,-0.059505878046406786,678.0030290782452,-16088641282.098658,-1012207527.4608636,-195806055.15831196,-16089046474.857895,-1879817143.8956223,16120451060.15021,16199674965.129944,-0.9899061816978194,-0.0045031540086808,0.1416526492530864,-0.004549024441316063,0.9999896531347874,0.0,0.14165118359221757,0.0006443813636294616,0.9899164242296327,4552.051888779699,-537.307016528187,-0.11749257958265627,1.0602277089264779e-09,178.19715363841902,0.0,-82.99715363841902,6.0,0.0,3.0227803132063326e-17,2.293657488070995,1.5707963267948966,17.696066864502313,461.0,0.005140499526467361,0.13094093464123227,0.0,0.011257065857578965,-1564.6619460840568,-14.086935277190943,223.90525800756802,-0.023307097029551298,0.03812602787559478,-0.2804810681577925,-0.023476674733549623,0.038021842629870815,-0.2804810681577925,-3.7294845622440104e-18,9.035685330360582e-21,3.111366978398706e-19,-3.72948781491364e-18,-7.57509316559939e-21,3.111366978398706e-19,-1564.6854227587903,-14.048913434561072,223.62477693941022,-1678337.3773966748,116.10641281023327,127162.97126209707,-0.030451696494678892,4578.747530489236
62.90335387263735,2001.0,12.0,14.0,14.0,22.0,30.0,1.0,3498474.3078363654,31477.641840778113,-500322.4163677274,376.8448446450335,-285.93759237822724,4544.866079474183,3534209.3663006206,4569.417908664694,3498579.8825522126,15878.599684364097,-500322.4163677274,3534209.3663006197,376.69169473306414,-535.6025957649284,4544.866079474183,4591.794252122587,12759054.192283984,0.7241801983291325,1.6336279324760123,4.4703483581542975e-08,1.6024118731941582e-06,6.140858204963123,-0.14204274914819276,0.004538553125077487,138009.36630062014,-0.05976064444470015,-0.05946907928676737,679.5149447917938,-16088641134.865942,-1012207507.6290954,-195807875.83092025,-16089044333.476822,-1879829803.2110145,16120450911.96278,16199674329.376513,-0.9899186833445291,-0.0044928293823703995,0.14156558497592128,-0.00453853754388932,0.9999897007854445,0.0,0.14156412696158793,0.0006425007223358726,0.989928878834447,4552.07608835049,-537.3067088778954,-0.11749189404960507,1.062358137071984e-09,178.1705232866002,0.0,-82.9705232866002,6.0,0.0,3.0227340418510553e-17,2.2936499313852123,1.5707963267948966,17.69744315507649,461.0,0.005150874632581756,0.13129230307555487,0.0,0.011279736628818761,-1564.6982172785738,-14.078425547409417,223.76999916836547,-0.023339252611759842,0.03820124459377931,-0.2810464245585752,-0.023509349399147277,0.03809680159564718,-0.2810464245585752,-3.7369546219371345e-18,9.076635190431149e-21,3.115658447482666e-19,-3.7369579462287616e-18,-7.58550205359923e-21,3.115658447482666e-19,-1564.7217266279729,-14.040328745813769,223.4889527438069,-1678337.569327835,116.29489724661352,127136.7346323268,-0.03034988554829657,4578.7680229702255
63.017588967607004,2001.0,12.0,14.0,14.0,22.0,31.0,1.0,3498517.334596247,31444.97753408905,-499803.2299971772,376.45710147351076,-285.9410697707184,4544.9214315404615,3534178.20657054,4569.441220051666,3498622.891435598,15817.414623315726,-499803.2299971772,3534178.20657054,376.29727405162265,-535.610430759721,4544.9214315404615,4591.817612979973,12759051.744736904,0.724180145469135,1.6336279313785373,3.942476676500724e-08,1.6082902731696934e-06,6.141005632357192,-0.14189561257697586,0.004521009364876441,137978.20657054055,-0.05969877862962072,-0.05940751685904407,682.0487363934517,-16088640887.89413,-1012207474.364236,-195810916.60081884,-16089040753.173841,-1879850963.952939,16120450663.389599,16199673265.81075,-0.9899395805596787,-0.004475556607165111,0.1414199287030778,-0.00452099396367768,0.9999897802545686,0.0,0.14141848342740754,0.0006393586440103426,0.989949697593578,4552.116539395571,-537.306194662004,-0.11749074816440849,1.0659192490810807e-09,178.1260093864865,0.0,-82.9260093864865,6.0,0.0,3.022656690871323e-17,2.2936372990115705,1.5707963267948966,17.699744370307126,461.0,0.005168217526410715,0.1318817064788193,0.0,0.011317632358239361,-1564.7588482855592,-14.064188376040995,223.54370487349377,-0.023392849939513932,0.038326960173275096,-0.2819914603201674,-0.023563816219810737,0.03822208614891941,-0.2819914603201674,-3.7494409578606315e-18,9.145319620453066e-21,3.122811658380855e-19,-3.749444402841703e-18,-7.602851625146251e-21,3.122811658380855e-19,-1564.782412101779,-14.025966289892075,223.2617134131736,-1678337.8912804592,116.48338168299377,127110.58575048216,-0.03024807596852836,4578.788446530492
63.102128746394094,2001.0,12.0,14.0,14.0,22.0,31.0,1.0,3498549.1480665365,31420.804030634397,-499419.0016149623,376.17014213406213,-285.9436409263615,4544.962358626509,3534155.1674391865,4569.458456201481,3498654.6911852253,15772.133991222985,-499419.0016149623,3534155.167439187,376.0053729507911,-535.6162206077346,4544.962358626509,4591.834885707218,12759049.928128498,0.7241801062355241,1.6336279305640677,4.4703483581542975e-08,1.6129775683211333e-06,6.141114737788033,-0.14178672235659462,0.004508026238999692,137955.16743918695,-0.05965299400280615,-0.05936195675499847,683.9274226725101,-16088640704.5892,-1012207449.676136,-195813162.83937204,-16089038105.229847,-1879866610.027751,16120450478.896202,16199672478.719328,-0.9899550318047623,-0.00446277349012135,0.1413121320241398,-0.004508010970104504,0.9999898388669224,0.0,0.14131069613276084,0.0006370366413736782,0.9899650909717939,4552.146448664164,-537.3058144861188,-0.11748990092343603,1.0686213292473946e-09,178.0930963416956,0.0,-82.89309634169562,5.993096341695615,0.0,3.022599493486143e-17,2.2936279579696928,1.5707963267948966,17.70144640878904,461.0,0.005181375719192432,0.1323191705300553,0.0,0.0113463517622903,-1564.803679719058,-14.053651295434948,223.37622207782928,-0.0234337750508682,0.038422328064983476,-0.28270764147155464,-0.02360539652532812,0.038317128832285136,-0.28270764147155464,-3.758904736919745e-18,9.196898821278616e-21,3.1282739244673133e-19,-3.758908272311528e-18,-7.616070745152489e-21,3.1282739244673133e-19,-1564.8272851155832,-14.015334166602663,223.09351443635774,-1678338.1302389055,116.67186611937402,127084.5246165632,-0.030146267750749366,4578.808801171446
63.154303929848304,2001.0,12.0,14.0,14.0,22.0,31.0,1.0,3498568.7701924564,31405.88482733698,-499181.86671151593,375.9930361191597,-285.94522678597355,4544.987602087864,3534140.9572088853,4569.4690872205465,3498674.3046347178,15744.18802351444,-499181.86671151593,3534140.957208886,375.8252170152381,-535.6197903261743,4544.987602087864,4591.845539286573,12759048.804568531,0.7241800819697671,1.633627930060354,3.942476676500724e-08,1.6155910159735076e-06,6.141182074792333,-0.1417195181667265,0.004500013541873817,137940.95720888535,-0.05962473690035582,-0.059333838220941654,685.088575899601,-16088640591.216991,-1012207434.4072455,-195814547.4108371,-16089036471.695097,-1879876260.3486874,16120450364.788967,16199671992.936625,-0.9899645619675063,-0.004454884005517575,0.14124560190314214,-0.004499998354252083,0.9999898749561477,0.0,0.1412441717852289,0.0006356049761094846,0.9899745855035972,4552.164896405208,-537.3055800103641,-0.11748937836186102,1.0704483588575981e-09,178.07279601269335,0.0,-82.87279601269336,5.9727960126933555,0.0,3.02256421278026e-17,2.2936221961931698,1.5707963267948966,17.702496435694222,461.0,0.005190269499676174,0.13258974383712777,0.0,0.011365690637682948,-1564.831331827292,-14.047147793774199,223.27285144869253,-0.02346225810124887,0.03848678105043942,-0.2831898528893928,-0.023634309522909045,0.03838136636715025,-0.2831898528893928,-3.765280151216564e-18,9.23020392462515e-21,3.132076049472484e-19,-3.7652837436275224e-18,-7.62520715965737e-21,3.132076049472484e-19,-1564.854966136815,-14.008766427407048,222.98966159580314,-1678338.278033113,116.86035055575427,127058.55123056988,-0.03004446089033508,4578.829086894483
63.287405192477024,2001.0,12.0,14.0,14.0,22.0,31.0,1.0,3498618.7852716255,31367.824887547096,-498576.9188401414,375.5412164480738,-285.949269018975,4545.051946064128,3534104.7365766917,4569.496184715018,3498724.296859151,15672.895747721344,-498576.9188401414,3534104.736576692,375.36561676378597,-535.6288844401832,4545.051946064128,4591.872694284589,12759045.929673325,0.7241800198799423,1.6336279287715931,4.4703483581542975e-08,1.6228589153146906e-06,6.141353856982758,-0.14154807476982822,0.004479573005473746,137904.7365766922,-0.05955265060891935,-0.05926210542479071,688.0568734705448,-16088640301.129477,-1012207395.3400751,-195818073.52732763,-16089032306.82615,-1879900858.2692497,16120450072.820831,16199670753.596724,-0.9899888536546848,-0.00443475700805146,0.14107587522238732,-0.004479558023874678,0.9999899667296221,0.0,0.14107445976998742,0.000631957568827588,0.9899987865801844,4552.211918420967,-537.3049823912244,-0.11748804641681004,1.0751052972824281e-09,178.02105225241746,0.0,-82.82105225241746,5.921052252417464,0.0,3.0224742780409863e-17,2.2936075087356373,1.5707963267948966,17.705173663839513,461.0,0.00521293951022827,0.13328208419157123,0.0,0.011414982810338323,-1564.901816959207,-14.030555820264835,223.00912847990824,-0.0235346564159534,0.03865104666426397,-0.2844189497967502,-0.023707806104917514,0.038545082572900576,-0.2844189497967502,-3.7815297231487494e-18,9.315401943594573e-21,3.141740480375701e-19,-3.781533462143911e-18,-7.64842838170756e-21,3.141740480375701e-19,-1564.925524765312,-13.992010737691935,222.72470953011148,-1678338.6561998408,117.04883499213452,127032.6655925022,-0.0299426553826614,4578.849303700987
63.36784198024065,2001.0,12.0,14.0,14.0,22.0,31.0,1.0,3498648.9816188836,31344.823948719586,-498211.32789880055,375.2681594072058,-285.9517095073084,4545.090793829938,3534082.8685555626,4569.51254465864,3498754.478892625,15629.811260094131,-498211.32789880055,3534082.8685555626,375.087857636701,-535.6343716286784,4545.090793829938,4591.889088945223,12759044.186266648,0.7241799822270734,1.6336279279901322,4.4703483581542975e-08,1.6271631353760007e-06,6.141457671423003,-0.14144446505643343,0.004467220373547537,137882.86855556257,-0.05950908606877336,-0.05921875451237113,689.8549773395061,-16088640125.214878,-1012207371.6501023,-195820200.28981015,-16089029791.518028,-1879915709.20549,16120449895.765858,16199670004.568419,-0.9900035197314495,-0.004422593312443261,0.14097330097480923,-0.004467205515544317,0.9999900219876606,0.0,0.1409718943414726,0.0006297567076591567,0.9900133980973519,4552.240307957712,-537.3046216087573,-0.11748724227475792,1.0778022874992097e-09,177.98217138890644,0.0,-82.8,5.9,0.0,3.022407212351062e-17,2.2935965560772917,1.5707963267948966,17.707170659398287,461.0,0.0052260706979484406,0.1337019470080099,0.0,0.011443582027926677,-1564.944373617198,-14.02052796330334,222.8497395891408,-0.02357584849018051,0.03874678640895111,-0.2851317590437063,-0.02374964755906981,0.038640501159700226,-0.2851317590437063,-3.790939292962801e-18,9.365999475651048e-21,3.147229655809651e-19,-3.7909431206358515e-18,-7.661656426393967e-21,3.147229655809651e-19,-1564.968123264757,-13.981887462143641,222.5646078300971,-1678338.8855294678,117.23731942851477,127006.86770236019,-0.029840851223104637,4578.869451592335
63.40490691394982,2001.0,12.0,14.0,14.0,22.0,31.0,1.0,3498662.8885764726,31334.225146731518,-498042.86407823325,375.1423333696763,-285.9528334798871,4545.10868531767,3534072.797216699,4569.520079243699,3498768.379127186,15609.95796079481,-498042.86407823325,3534072.797216699,374.95986488102426,-535.636897912508,4545.10868531767,4591.896639519127,12759043.381538378,0.7241799648470976,1.6336279276294239,4.4703483581542975e-08,1.6290724717042397e-06,6.141505509110334,-0.14139672170284637,0.004461528371093685,137872.79721669946,-0.059489011510813886,-0.05919877839335383,690.6844996809959,-16088640044.015959,-1012207360.7152445,-195821179.23727348,-16089028632.905533,-1879922548.8378375,16120449814.040564,16199669659.41963,-0.9900102742316691,-0.004416988233261245,0.14092603425443667,-0.004461513569812999,0.999990047398806,0.0,0.14092463167381988,0.0006287434141661008,0.9900201275071722,4552.253382851032,-537.3044554573802,-0.11748687192961477,1.0789353131213088e-09,177.9569930417487,0.0,-82.8,5.9,0.0,3.022364175934519e-17,2.293589527697097,1.5707963267948966,17.708452388152473,461.0,0.005231589138290819,0.13389575007176108,0.0,0.011455649421155973,-1564.963973538745,-14.015906949337051,222.77629036663694,-0.023592523917842934,0.03878762200451335,-0.2854322169499856,-0.023766607862863765,0.03868119900251104,-0.2854322169499856,-3.794891628801277e-18,9.388350308376146e-21,3.1494420728573555e-19,-3.794895496867098e-18,-7.667028456002493e-21,3.1494420728573555e-19,-1564.9877401466078,-13.97722575033454,222.49085814968694,-1678338.9913843293,117.425803864895,126981.15756014382,-0.029739048407041495,4578.889530569888
63.48420354357,2001.0,12.0,14.0,14.0,22.0,31.0,1.0,3498692.625425969,31311.549955505496,-497682.45076122164,374.873136153813,-285.9552368452989,4545.146942409263,3534051.26196075,4569.536190225581,3498798.101323756,15567.48354594403,-497682.45076122164,3534051.2619607495,374.68603215851476,-535.6422979991079,4545.146942409263,4591.912784689266,12759041.657032385,0.7241799276023432,1.6336279268564369,4.4703483581542975e-08,1.6333603179258532e-06,6.14160785385279,-0.14129457877039073,0.00444935099613933,137851.2619607495,-0.05944606362448749,-0.05915604110743561,692.4611867666245,-16088639870.010252,-1012207337.2822406,-195823271.3597146,-16089026155.089653,-1879937173.8684947,16120449638.90685,16199668921.013714,-0.9900247172370004,-0.004404996530046633,0.14082490996044558,-0.004449336315724707,0.9999901016541861,0.0,0.14082351602678758,0.0006265773860456725,0.9900345169410167,4552.281340657846,-537.3041001962874,-0.11748608003811868,1.0813580294156777e-09,177.90315490187385,0.0,-82.8,5.9,0.0,3.0222721436422985e-17,2.293574497683172,1.5707963267948966,17.7111939780741,461.0,0.005243389235117304,0.13431106585298547,0.0,0.01148145304736184,-1565.0058843590846,-14.00602029816878,222.61914588416676,-0.023628113981991303,0.03887494018010804,-0.2860746823682028,-0.02380280790558522,0.038768222556144635,-0.2860746823682028,-3.8033425512463986e-18,9.436243974894992e-21,3.1541639402161164e-19,-3.8033465061124e-18,-7.678493629276016e-21,3.1541639402161164e-19,-1565.0296871669902,-13.967252075612635,222.33307120179856,-1678339.218227826,117.61428830127525,126955.53516585313,-0.029637246929849072,4578.909540634999
63.627663635164296,2001.0,12.0,14.0,14.0,22.0,31.0,1.0,3498746.369825407,31270.526479394368,-497030.39860378014,374.3860976687471,-285.9595805522251,4545.216086542173,3534012.3405739535,4569.565308122752,3498851.818279677,15490.639552941973,-497030.39860378014,3534012.3405739535,374.190607190635,-535.6520515396867,4545.216086542173,4591.941964375216,12759038.527297152,0.724179860008209,1.6336279254535573,4.4703483581542975e-08,1.641023146860331e-06,6.141793014759166,-0.14110978294486445,0.004427320488493863,137812.34057395346,-0.05936836266152679,-0.05907872115510391,695.6823440492153,-16088639554.21748,-1012207294.7545612,-195827048.60284472,-16089021675.517872,-1879963606.3149588,16120449321.066893,16199667585.14869,-0.9900508207369286,-0.004383300922606898,0.14064195331107932,-0.004427306025066877,0.9999901994326547,0.0,0.14064057494014431,0.0006226649672713159,0.990060523891769,4552.331870208592,-537.3034581754205,-0.117484648850161,1.0856990690631264e-09,177.80334367707638,0.0,-82.80334367707637,5.9,0.0,3.0221015895370134e-17,2.2935466440840115,1.5707963267948966,17.716277014444138,461.0,0.005264534024992621,0.13506481211450724,0.0,0.011527692565418583,-1565.081634185837,-13.98813217965961,222.33482117929577,-0.023691382133467352,0.03903160612609385,-0.28722583916105354,-0.023867176211668555,0.03892435951762938,-0.28722583916105354,-3.818478441449756e-18,9.522811565628387e-21,3.162553996547002e-19,-3.818482554525585e-18,-7.698866178467943e-21,3.162553996547002e-19,-1565.1055013620487,-13.94920782014198,222.0475953401347,-1678339.629916951,117.8027727376555,126930.00051948807,-0.029535446786904854,4578.929481789009
63.67503150752751,2001.0,12.0,14.0,14.0,22.0,31.0,1.0,3498764.0998895424,31256.98114854074,-496815.1008480465,374.2252813777656,-285.96101353060925,4545.2388971458895,3533999.500562649,4569.574913994704,3498869.5390182612,15465.266778759611,-496815.1008480465,3533999.500562649,374.0270218037201,-535.6552674337353,4545.2388971458895,4591.9515906308125,12759037.491079556,0.7241798376285624,1.6336279249890835,4.4703483581542975e-08,1.6435920003208032e-06,6.141854152360108,-0.1410487658796165,0.004420046501353504,137799.50056264875,-0.05934270682257815,-0.05905319111920124,696.7478839755058,-16088639449.663158,-1012207280.6742555,-195828293.5923222,-16089020197.342018,-1879972326.3132362,16120449215.834778,16199667144.072878,-0.990059432227199,-0.00437613722817374,0.1405815424617203,-0.004420032109098657,0.9999902316103666,0.0,0.14058016920643826,0.00062137493162742,0.9900691036079671,4552.348539839065,-537.3032463904168,-0.11748417671369463,1.0873499276594474e-09,177.78500080378393,0.0,-82.78500080378392,5.9,0.0,3.0220696896123746e-17,2.2935414344309653,1.5707963267948966,17.71722806581459,461.0,0.005272571265584924,0.13531437031916113,0.0,0.01154525677078282,-1565.1066246016326,-13.982225398441095,222.24093518164142,-0.023716983320207392,0.03908997190019538,-0.2876638175163939,-0.023893171257183612,0.03898252901293033,-0.2876638175163939,-3.824267668573185e-18,9.553470475978932e-21,3.1659712433185563e-19,-3.824271835188376e-18,-7.707157533726653e-21,3.1659712433185563e-19,-1565.1305177728898,-13.943242869428165,221.95327136412502,-1678339.7662222981,117.99125717403575,126904.55362104866,-0.029433647973586736,4578.949354033243
63.78127970543353,2001.0,12.0,14.0,14.0,22.0,31.0,1.0,3498803.8414881565,31226.598135506716,-496332.17468930513,373.8645540965926,-285.96422553414124,4545.290027070221,3533970.7199233007,4569.596445341666,3498909.259222186,15408.353989013438,-496332.17468930513,3533970.7199233007,373.66008325830376,-535.6624726150573,4545.290027070221,4591.97316766689,12759035.161053753,0.7241797873058922,1.6336279239447582,4.4703483581542975e-08,1.6493909480599498e-06,6.141991288261746,-0.14091190033000803,0.004403730775336274,137770.71992330067,-0.059285158909146575,-0.058995925388141,699.1419450044632,-16088639214.565105,-1012207249.0149236,-195831082.2126513,-16089016883.28444,-1879991872.0850828,16120448979.212736,16199666154.661283,-0.9900787348057385,-0.004360068379216184,0.1404460347934284,-0.004403716541872207,0.9999903035932993,0.0,0.14044467297155555,0.0006184845266601802,0.9900883351049052,4552.385904715797,-537.3027717035504,-0.1174831184410622,1.0910502955756284e-09,177.74388560471525,0.0,-82.74388560471525,5.9,0.0,3.021998181736362e-17,2.2935297563085775,1.5707963267948966,17.719360356963364,461.0,0.005290586942628321,0.13587552765845598,0.0,0.011584626996927269,-1565.1626416684676,-13.96897541055097,222.03033175799652,-0.023774236119798904,0.03922078660298112,-0.2886455511873258,-0.023951308460242758,0.039112903598158465,-0.2886455511873258,-3.837243915693349e-18,9.622395065742212e-21,3.1736134656372548e-19,-3.83724820314982e-18,-7.725699703086861e-21,3.1736134656372548e-19,-1565.1865929769278,-13.92986250695281,221.7416862068092,-1678340.0727168676,118.179741610416,126879.19447053492,-0.029331850485273023,4578.969157369021
63.99206224575079,2001.0,12.0,14.0,14.0,22.0,31.0,1.0,3498882.570183955,31166.321198723886,-495374.0962314409,373.148880086108,-285.9705886012403,4545.391317815022,3533913.7050487325,4569.639099132736,3498987.943520414,15295.444188501811,-495374.0962314409,3533913.705048732,372.9320866596601,-535.6767331417997,4545.391317815022,4592.015911966985,12759030.515133107,0.7241796869654168,1.6336279218627623,4.4703483581542975e-08,1.6607275627791717e-06,6.142263354528968,-0.14064037034593987,0.004371363093937782,137713.705048732,-0.05917098829842008,-0.05888231459311021,703.9078012406826,-16088638745.80089,-1012207185.8938339,-195836598.33578938,-16089010315.001865,-1880030592.8051639,16120448507.410122,16199664191.561733,-0.9901169738586368,-0.004328188367092821,0.14017719094943484,-0.0043713491720227555,0.9999904456075649,0.0,0.14017585164154206,0.0006127634475932877,0.9901264339151469,4552.4599259872375,-537.3018314443133,-0.11748102203707608,1.0983807794487417e-09,177.66243578390285,0.0,-82.7,5.9,0.0,3.021856503936248e-17,2.2935066185679305,1.5707963267948966,17.72358661386518,461.0,0.0053262777215131035,0.13699445356332546,0.0,0.01166264719928972,-1565.2736185533668,-13.942685809303457,221.6124687216995,-0.02388715232515415,0.03948232899426548,-0.2905907543195603,-0.024065994206249507,0.03937357326788234,-0.2905907543195603,-3.8629571631184466e-18,9.759761803805825e-21,3.1886900367621932e-19,-3.862961693281878e-18,-7.762298331596274e-21,3.1886900367621932e-19,-1565.297684547573,-13.903312236035575,221.32187796737995,-1678340.6838475298,118.36822604679625,126853.92306794683,-0.029230054317342387,4578.988891797643
64.27483878912983,2001.0,12.0,14.0,14.0,22.0,32.0,1.0,3498987.9521753965,31085.454219568815,-494088.7470105182,372.18868377196424,-285.9791059400651,4545.526903483634,3533837.3880040143,4569.696192927458,3499093.261870349,15143.964676793485,-494088.7470105182,3533837.3880040143,371.95535838282586,-535.6957942248941,4545.526903483634,4592.073126908308,12759024.23335012,0.724179551293648,1.6336279190477065,4.4703483581542975e-08,1.6760329044822566e-06,6.1426283602902725,-0.1402760839178253,0.004327941266227225,137637.38800401473,-0.05901781564823975,-0.05872989297268036,710.3369438946247,-16088638111.994755,-1012207100.5486141,-195843964.88361174,-16089001516.597193,-1880082422.7933056,16120447869.495802,16199661557.456823,-0.9901681593353423,-0.004285416394144586,0.13981649203434057,-0.004327927755074035,0.9999906344768169,0.0,0.13981518257974304,0.0006051156764925103,0.9901774328650452,4552.559008731315,-537.3005730727078,-0.11747821600643613,1.1081929709123912e-09,177.55341143430675,0.0,-82.65341143430676,5.9,0.0,3.0216668207826676e-17,2.293475640958106,1.5707963267948966,17.729248144650192,461.0,0.005374054504753396,0.13850735699827219,0.0,0.011767093089435875,-1565.422179228434,-13.907409843023041,221.0517708689385,-0.024037183141090053,0.03983316959667585,-0.2931947245263419,-0.02421841106652254,0.03972324431474327,-0.2931947245263419,-3.8973766214893654e-18,9.945367150987186e-21,3.20872455222218e-19,-3.8973814836799134e-18,-7.810936473014603e-21,3.20872455222218e-19,-1565.4463976395007,-13.867686598708298,220.75857614441216,-1678341.5101624392,118.5567104831765,126828.73941328438,-0.029128259465173906,4579.008557320402
64.4361987623671,2001.0,12.0,14.0,14.0,22.0,32.0,1.0,3499047.964322778,31039.308247277306,-493355.2746801681,371.6407288407984,-285.98395637269135,4545.604117497716,3533793.9275433975,4569.728706132137,3499153.2356072315,15057.523942811014,-493355.2746801681,3533793.9275433975,371.39796959782313,-535.7066349430596,4545.604117497716,4592.105709100739,12759020.623747434,0.7241794733343456,1.6336279174305148,4.4703483581542975e-08,1.6848858341048502e-06,6.142836649496153,-0.14006820511900472,0.004303164219360218,137593.92754339706,-0.05893040789459593,-0.05864291377993167,714.022734194994,-16088637747.807213,-1012207051.5145721,-195848151.1965595,-16088996502.83828,-1880111938.8167996,16120447502.948034,16199660054.12308,-0.9901973084321171,-0.004261007928461357,0.1396106521194732,-0.004303150938931108,0.9999907414031376,0.0,0.13960935952072753,0.0006007657087526954,0.9902064763546922,4552.615434577419,-537.2998565728822,-0.11747661810210332,1.1138674938004195e-09,177.4913250619958,0.0,-82.5913250619958,5.9,0.0,3.0215587805130825e-17,2.293457996643083,1.5707963267948966,17.732474530925394,461.0,0.005401684308442506,0.13937671276554778,0.0,0.011827470801006844,-1565.506787096411,-13.887276831683842,220.73176442184086,-0.024123888123351877,0.040033722282633785,-0.2947003229776925,-0.024306485479552723,0.0399231218922486,-0.2947003229776925,-3.917274310941353e-18,1.005274267629015e-20,3.2202996920805736e-19,-3.917279366419992e-18,-7.839018851601397e-21,3.2202996920805736e-19,-1565.5310935818907,-13.847353709791593,220.43706409886317,-1678341.984975215,118.74519491955675,126803.64350654758,-0.029026465924147083,4579.028153938574
64.49345343389591,2001.0,12.0,14.0,14.0,22.0,32.0,1.0,3499069.236924478,31022.93428056799,-493095.01682590815,371.4462932047296,-285.98567571958523,4545.631487961929,3533778.522044239,4569.740231107596,3499174.494214003,15026.85212543909,-493095.01682590815,3533778.522044239,371.20018654115904,-535.7104752105256,4545.631487961929,4592.117258530042,12759019.338361409,0.7241794455728352,1.6336279168546781,4.712160915387242e-08,1.6881115068645579e-06,6.142910557088987,-0.13999444313754514,0.004294372794760172,137578.5220442391,-0.05889939280178064,-0.058612050752068115,715.3338058292866,-16088637618.120535,-1012207034.0543112,-195849633.6014058,-16088994725.000723,-1880122401.4520235,16120447372.420927,16199659520.635754,-0.990207641023802,-0.00425234689488867,0.1395376121479905,-0.004294359595561138,0.9999907791953204,0.0,0.13953632549892342,0.0005992246836694113,0.9902167716192435,4552.635436094862,-537.299602611816,-0.11747605169958548,1.1160682793944147e-09,177.46931720605585,0.0,-82.56931720605584,5.9,0.0,3.021520479659186e-17,2.2934517416389584,1.5707963267948966,17.73361859425733,461.0,0.0054123967150397625,0.13968629456599407,0.0,0.011850883658380454,-1565.5367793405894,-13.880132495458659,220.61820795207876,-0.02415861857632094,0.04011160847951835,-0.2952841169220986,-0.024341733642746083,0.04000074986292046,-0.2952841169220986,-3.924993157624495e-18,1.0092673984542646e-20,3.224936274585396e-19,-3.92499828314607e-18,-7.850271821261256e-21,3.224936274585396e-19,-1565.5611210742322,-13.840131745595738,220.32292383515667,-1678342.15405697,118.933679355937,126778.63534773646,-0.02892467368964174,4579.047681653428
64.62319453059311,2001.0,12.0,14.0,14.0,22.0,32.0,1.0,3499117.400191445,30985.829932773402,-492505.25759050134,371.0056814299412,-285.98956850094584,4545.693457936904,3533743.6424751366,4569.766324712351,3499222.6250587497,14957.34789695616,-492505.25759050134,3533743.642475136,370.75198930395993,-535.7191651812269,4545.693457936904,4592.143407499997,12759016.416269494,0.7241793824619571,1.6336279155457454,4.712160915387242e-08,1.6952649708955142e-06,6.143078036654854,-0.13982729350868475,0.004274451329511458,137543.64247513656,-0.05882911040426294,-0.058542112940046964,718.3113989233971,-16088637323.303635,-1012206994.3637836,-195852986.9604686,-16088990698.588697,-1880146089.9672425,16120447075.693598,16199658311.563059,-0.9902310351544893,-0.0042327201433547115,0.13937209583362317,-0.0042744383131535415,0.9999908645468253,0.0,0.13937082260636782,0.000595737426215746,0.9902400814463851,4552.680721793341,-537.2990276516373,-0.1174747693261994,1.1210510749804927e-09,177.41948925019508,0.0,-82.51948925019506,5.9,0.0,3.021433755696153e-17,2.2934375785409786,1.5707963267948966,17.736209642470904,461.0,0.005436651239268191,0.14039007781224888,0.0,0.011903893320533586,-1565.6046869775826,-13.86394196719039,220.3608657436311,-0.02423703741987497,0.04028793251287693,-0.29660590606366005,-0.024421327198565147,0.04017648898193031,-0.29660590606366005,-3.942469071259095e-18,1.0183412980737316e-20,3.2354055364335364e-19,-3.942474356720293e-18,-7.875680123171212e-21,3.2354055364335364e-19,-1565.629108304781,-13.82376547820846,220.06425983756745,-1678342.5384337772,119.12216379231725,126753.71493685097,-0.028822882757038183,4579.0671404662135
64.68166394702446,2001.0,12.0,14.0,14.0,22.0,32.0,1.0,3499139.086871827,30969.10823837124,-492239.47273124865,370.80710807850556,-285.9913213249289,4545.7213616692825,3533727.9371018396,4569.778073956235,3499244.296805962,14926.024595673694,-492239.47273124865,3533727.937101839,370.5499974302248,-535.723075884348,4545.7213616692825,4592.155181673084,12759015.095120989,0.7241793539279459,1.6336279149540085,4.4703483581542975e-08,1.6984055648112365e-06,6.143153514447235,-0.13975196439617493,0.004265473572824474,137527.9371018391,-0.05879743627760665,-0.05851059410551991,719.656316190958,-16088637190.010775,-1012206976.4198196,-195854495.55391914,-16088988885.045887,-1880156756.3312225,16120446941.53705,16199657766.599167,-0.9902415689861628,-0.004223874860019689,0.13929750153175496,-0.004265460638310294,0.9999909028813927,0.0,0.13929623432586183,0.0005941680097986687,0.9902505774131165,4552.701112909832,-537.2987687765506,-0.1174741919144778,1.1232357597898156e-09,177.3970530026273,0.0,-82.49705300262731,5.9,0.0,3.0213947029294457e-17,2.293431200740174,1.5707963267948966,17.73737667653018,461.0,0.005447286853049047,0.14070827479670214,0.0,0.011927136643729807,-1565.6352650548438,-13.856644957957496,220.24488259168032,-0.02427097662364061,0.04036520044170462,-0.297185489419287,-0.024455786810782715,0.040253499281799665,-0.297185489419287,-3.950130605964562e-18,1.0223883859345091e-20,3.239936677497805e-19,-3.9501359637776254e-18,-7.886675455479744e-21,3.239936677497805e-19,-1565.6597208416545,-13.816391458675696,219.94769710226103,-1678342.7122199014,119.3106482286975,126728.88227389114,-0.028721093121717046,4579.086530378169
64.71952775965356,2001.0,12.0,14.0,14.0,22.0,32.0,1.0,3499153.124608146,30958.279495086143,-492067.3540473845,370.67851323824436,-285.99245592587147,4545.739423774822,3533717.7710512537,4569.785679206814,3499258.3247651807,14905.740029592864,-492067.3540473845,3533717.7710512537,370.4191887988574,-535.7256065547726,4545.739423774822,4592.1628030601805,12759014.238324136,0.7241793354229293,1.63362791457027,4.712160915387242e-08,1.7004960717212432e-06,6.143202392953938,-0.13970318216878466,0.0042596597600675955,137517.77105125412,-0.05877692447857639,-0.058490182871215116,720.5280959606171,-16088637103.567463,-1012206964.7830231,-195855471.61977836,-16088987710.977955,-1880163660.6568725,16120446854.533636,16199657413.680626,-0.9902483875287466,-0.004218146721196277,0.13924919473718989,-0.004259646878370305,0.9999909276630822,0.0,0.1392479314215797,0.0005931523976778496,0.990257371477256,4552.714312078867,-537.29860121283,-0.11747381815992966,1.1243975941423855e-09,177.38253007322018,0.0,-82.48253007322019,5.9,0.0,3.021369423108082e-17,2.2934270722320393,1.5707963267948966,17.738132211371667,461.0,0.005452947741977055,0.14091463512100336,0.0,0.011939502945036137,-1565.6550585069374,-13.851919355367208,220.16977095756164,-0.02428746397841232,0.040406146302745145,-0.29749390002881176,-0.02447256986476352,0.04029430344050868,-0.29749390002881176,-3.954202557598646e-18,1.0247829556670604e-20,3.2421379891162215e-19,-3.954207961233624e-18,-7.892011588886074e-21,3.2421379891162215e-19,-1565.679531076802,-13.811625051926699,219.8722770575328,-1678342.8249244317,119.49913266507775,126704.13735885697,-0.02861930477905935,4579.105851390521
64.83575384218553,2001.0,12.0,14.0,14.0,22.0,32.0,1.0,3499196.1841802676,30925.03950996696,-491539.0173409295,370.2837706543324,-285.9959362313223,4545.794828198858,3533686.587548325,4569.809007653417,3499301.3538021334,14843.474289947659,-491539.0173409295,3533686.587548325,370.01765073541276,-535.7333656462318,4545.794828198858,4592.186181003758,12759011.60276803,0.7241792785003498,1.6336279133899558,4.4703483581542975e-08,1.7068823220193134e-06,6.143352431289493,-0.1395534393560129,0.0042418139402522976,137486.58754832484,-0.058713961010900644,-0.05842752809595661,723.2076098620892,-16088636837.664564,-1012206928.9890908,-195858463.44675088,-16088984108.864285,-1880184839.1683505,16120446586.907923,16199656330.380274,-0.9902693029236506,-0.004200563327334038,0.13910090925238497,-0.004241801219780952,0.9999910035207377,0.0,0.13909965783393952,0.0005900384065394061,0.9902782119410483,4552.754799668049,-537.2980872543476,-0.11747267171256583,1.1279614230485893e-09,177.33798221189264,0.0,-82.43798221189263,5.9,0.0,3.0212918741934273e-17,2.2934144075331706,1.5707963267948966,17.7404503221428,461.0,0.005470312382408626,0.14154941886287384,0.0,0.011977435911131144,-1565.7157748983977,-13.837412837558423,219.93919543812078,-0.02433790721296168,0.04053173364161757,-0.2984399365447041,-0.024523921686646608,0.040419456015748034,-0.2984399365447041,-3.9666927380336556e-18,1.0321481708123395e-20,3.248873072101351e-19,-3.966698283100311e-18,-7.908337539489266e-21,3.248873072101351e-19,-1565.7402988200845,-13.796993381542675,219.64075550157608,-1678343.1716101188,119.68761710145799,126679.48019174844,-0.028517517724446568,4579.125103504481
65.01426641617134,2001.0,12.0,14.0,14.0,22.0,33.0,1.0,3499262.2303717434,30873.985162726625,-490727.528219452,369.67745253856697,-286.001274476026,4545.8798106167005,3533638.7572611934,4569.844789540433,3499367.3515562555,14747.83808616088,-490727.528219452,3533638.7572611934,369.4008951949287,-535.745256428146,4545.8798106167005,4592.2220388096,12759007.538503516,0.7241791907203494,1.6336279115701073,4.4703483581542975e-08,1.7166758565803096e-06,6.143582881498508,-0.13932344300436286,0.004214404859883397,137438.7572611929,-0.05861725251916897,-0.05833129372952983,727.3332852423191,-16088636427.623188,-1012206873.7968104,-195863046.0361578,-16088978581.591875,-1880217323.687006,16120446174.210125,16199654666.566734,-0.9903013839107027,-0.00417355567426237,0.13887314519942573,-0.0042143923844073635,0.9999911194089827,0.0,0.13887191192381992,0.0005852659255271578,0.9903101784503778,4552.816901604535,-537.297299013137,-0.11747091329244021,1.1333898081157987e-09,177.24689315298227,0.0,-82.37344657649113,5.8734465764911254,0.0,3.0211348249165455e-17,2.293388759439861,1.5707963267948966,17.745146800262386,461.0,0.005496762750732029,0.14252830980983863,0.0,0.012035082521704194,-1565.8089085300974,-13.815129540745428,219.5850109996882,-0.024413634348323707,0.040722882392144374,-0.2998767780764267,-0.02460104033920475,0.04060994344550228,-0.2998767780764267,-3.9856218352355314e-18,1.0434595997695298e-20,3.2589532803654337e-19,-3.9856276001888874e-18,-7.93264851422725e-21,3.2589532803654337e-19,-1565.8335095704365,-13.774519597299925,219.28513422161177,-1678343.7062308993,119.87610153783824,126654.91077256558,-0.028415731953260477,4579.144286721245
65.16791547992189,2001.0,12.0,14.0,14.0,22.0,33.0,1.0,3499318.990871959,30830.04098214278,-490029.0524304816,369.1555544727352,-286.00586223299,4545.952846276436,3533597.6516193836,4569.875540668316,3499424.0688735144,14665.520544506551,-490029.0524304816,3533597.6516193836,368.8700132585646,-535.7554653675439,4545.952846276436,4592.252855181365,12759004.024887746,0.7241791148330043,1.6336279099970201,4.712160915387242e-08,1.7254489452996163e-06,6.1437812392049915,-0.13912547590209948,0.00419081380230394,137397.6516193836,-0.05853401141722025,-0.05824846071806182,730.8939961791039,-16088636073.14129,-1012206826.0857911,-195866978.16708416,-16088973829.290932,-1880245241.2954097,16120445817.431925,16199653234.565203,-0.9903289547608207,-0.004150308549640791,0.13867709364304967,-0.004190801535159894,0.9999912185526896,0.0,0.1386758758574587,0.0005811681769308049,0.9903376513587256,4552.870273108015,-537.296621676992,-0.11746940213279941,1.1380141928193454e-09,177.14412904845898,0.0,-82.32206452422949,5.8220645242294955,0.0,3.020958850447204e-17,2.293360020628072,1.5707963267948966,17.75041228820212,461.0,0.005519296211893697,0.14337461210610503,0.0,0.012084045840279396,-1565.8889528114553,-13.795947358497974,219.2801175769212,-0.02447698649385457,0.04088556612500934,-0.30109625660986,-0.024665585565697007,0.04077206487147946,-0.30109625660986,-4.0016424616802915e-18,1.0531888590757135e-20,3.267352169132231e-19,-4.001648418500556e-18,-7.952767567735384e-21,3.267352169132231e-19,-1565.913618397021,-13.755175293626495,218.97902132031135,-1678344.168418618,120.06458597421849,126630.42910130836,-0.02831394746088331,4579.163401041998
65.23955756265478,2001.0,12.0,14.0,14.0,22.0,33.0,1.0,3499345.4292273633,30809.550849985662,-489703.36968249606,368.9121994855997,-286.00799916640057,4545.986865799112,3533578.5051073097,4569.889864158053,3499450.4866220984,14627.137736922725,-489703.36968249606,3533578.505107309,368.62246929547223,-535.7602173781055,4545.986865799112,4592.2672090605265,12759002.381720454,0.7241790793436677,1.633627909261426,4.4703483581542975e-08,1.7292410747279113e-06,6.143873729193627,-0.13903316802931973,0.004179814119364366,137378.5051073092,-0.05849519778310163,-0.05820983736528661,732.5572697818279,-16088635907.366829,-1012206803.774639,-195868807.7555996,-16088971615.053045,-1880258245.047882,16120445650.583654,16199652566.888733,-0.9903417970094951,-0.004139468732838728,0.1385856770904329,-0.004179801948560149,0.9999912645896817,0.0,0.13858446648767928,0.0005792606831451191,0.9903504481270184,4552.895133136854,-537.2963062082188,-0.11746869826467483,1.1401922004888173e-09,177.09786443901314,0.0,-82.29786443901314,5.8,0.0,3.020879550082157e-17,2.293347069895648,1.5707963267948966,17.752786162994436,461.0,0.005529908920838426,0.14377039815858403,0.0,0.012107116604881446,-1565.926237944916,-13.787002464041676,219.13794191080282,-0.024506925594228308,0.04096220167134738,-0.30167091880108104,-0.024696085779786894,0.04084843589420021,-0.30167091880108104,-4.009195177200045e-18,1.0577611830491446e-20,3.271323950004446e-19,-4.009201224266818e-18,-7.962291980532183e-21,3.271323950004446e-19,-1565.9509340306959,-13.746154028147476,218.83627099200174,-1678344.3845640589,120.25307041059874,126606.0351779768,-0.02821216424269765,4579.182446467909
65.28148561998034,2001.0,12.0,14.0,14.0,22.0,33.0,1.0,3499360.894013424,30797.55906399506,-489512.7648673907,368.7697748907189,-286.0092491419112,4546.006765207315,3533567.305594001,4569.898242497129,3499465.9392089397,14604.674293557311,-489512.7648673907,3533567.3055940005,368.4775931126714,-535.7629960647499,4546.006765207315,4592.275605175397,12759001.418524839,0.7241790585404219,1.6336279088302519,4.712160915387242e-08,1.731679066545905e-06,6.14392785881234,-0.13897914498857894,0.004173376668593904,137367.3055940005,-0.05847248214326473,-0.05818723308655694,733.5316900610924,-16088635810.193224,-1012206790.6965595,-195869877.3751318,-16088970319.652676,-1880265851.4490101,16120445552.780622,16199652176.131836,-0.990349308945927,-0.004133124695385485,0.13853217514562172,-0.004173364553936898,0.9999912914762308,0.0,0.13853096873488166,0.0005781452693325158,0.9903579335015309,4552.909674764033,-537.2961216859804,-0.11746828654926139,1.1416321379142212e-09,177.08186513428643,0.0,-82.28186513428643,5.8,0.0,3.020851681086191e-17,2.293342518543212,1.5707963267948966,17.75362058406717,461.0,0.005536922133213735,0.14400240511731352,0.0,0.01212243934260013,-1565.9480478524788,-13.78176728710379,219.05473078079706,-0.024528185501881315,0.04101302975516248,-0.30205302835328934,-0.02471770205587242,0.04089909166215876,-0.30205302835328934,-4.0142427490967374e-18,1.0605999368348408e-20,3.2741626695903015e-19,-4.014248849800439e-18,-7.969176506022173e-21,3.2741626695903015e-19,-1565.9727655545346,-13.740868195441632,218.75267775244376,-1678344.5112647228,120.44155484697899,126581.72900257088,-0.028110382294086484,4579.2014230001305
65.40199829304582,2001.0,12.0,14.0,14.0,22.0,33.0,1.0,3499405.310777453,30763.091108450975,-488964.90999514447,368.3603967048957,-286.01283923575113,4546.063919202369,3533535.13921661,4569.922306072816,3499510.32033676,14540.107581925815,-488964.90999514447,3533535.1392166098,368.06116832343383,-535.7709729149785,4546.063919202369,4592.299719804825,12758998.643292705,0.7241789986004344,1.6336279075880185,4.712160915387242e-08,1.7383978465904855e-06,6.144083443997217,-0.13882386612070238,0.004154873848726794,137335.13921660976,-0.0584071903110556,-0.05812226133732596,736.3368993997574,-16088635530.211117,-1012206753.0167031,-195872947.0898697,-16088966598.201244,-1880287698.036986,16120445270.985064,16199651052.934017,-0.9903708842450076,-0.0041148897659326455,0.1383783918174219,-0.0041548618944887055,0.9999913685240677,0.0,0.13837719740766338,0.000574943107182834,0.9903794326812447,4552.9514403516,-537.2955917438286,-0.11746710406622879,1.1457678150073147e-09,177.0359131665854,0.0,-82.23591316658539,5.8,0.0,3.0207716322761307e-17,2.293329445580442,1.5707963267948966,17.756017764471864,461.0,0.005557065355175936,0.1446708887899708,0.0,0.012166448588485966,-1566.0106903662925,-13.766718989702708,218.8155438605851,-0.024589089178326803,0.04115900132208471,-0.30315050969998275,-0.024779631145693364,0.041044568175758196,-0.30315050969998275,-4.028739767253535e-18,1.0687774353137135e-20,3.2822949771872116e-19,-4.028746023053282e-18,-7.988898738941309e-21,3.2822949771872116e-19,-1566.0354699974382,-13.72567442152695,218.51239335088513,-1678344.876324378,120.63003928335924,126557.51057509062,-0.028008601610433167,4579.220330639804
65.5164484151157,2001.0,12.0,14.0,14.0,22.0,33.0,1.0,3499447.4474205277,30730.356709248637,-488444.6093228172,367.97159767262735,-286.0162450477376,4546.11813983193,3533504.6240889574,4569.945134291426,3499552.4223501496,14478.788095906406,-488444.6093228172,3533504.624088958,367.66567707920814,-535.778534943249,4546.11813983193,4592.3225964556295,12758995.99833274,0.7241789414739539,1.6336279064042654,4.712160915387242e-08,1.7448362611224805e-06,6.144231204865781,-0.1386763961382989,0.004137302070661584,137304.6240889579,-0.058345181852986525,-0.05806055686112738,739.0070997774601,-16088635263.374105,-1012206717.1084614,-195875855.9783239,-16088963066.541151,-1880308423.2324293,16120445002.419903,16199649986.155851,-0.9903913521133252,-0.004097571571634625,0.1382323390757562,-0.004137290267453337,0.9999914413779964,0.0,0.13823115599741737,0.0005719073111054358,0.9903998285710903,4552.991062255433,-537.2950890447473,-0.11746598230503155,1.1496143898333806e-09,176.9846402541655,0.0,-82.19232012708274,5.8,0.0,3.020682824653733e-17,2.293314942195064,1.5707963267948966,17.758678025414884,461.0,0.005575802232391902,0.14530798570768838,0.0,0.012207383767329336,-1566.0701195905945,-13.752426384396381,218.58836837210058,-0.02464498130084106,0.04129466528890316,-0.30417107548207223,-0.024836485654378525,0.0411797700938361,-0.30417107548207223,-4.042205027486638e-18,1.076491945331915e-20,3.289747419397822e-19,-4.0422114314032986e-18,-8.006969562987954e-21,3.289747419397822e-19,-1566.0949560762488,-13.711246614302546,218.28419729661852,-1678345.2242479157,120.81852371973949,126533.37989553603,-0.027906822187121448,4579.239169388053
65.57007184923904,2001.0,12.0,14.0,14.0,22.0,33.0,1.0,3499467.1744369953,30715.019493218744,-488200.83017555915,367.78942817938554,-286.01783954459836,4546.143524393302,3533490.337890939,4569.955821712222,3499572.132878035,14450.057716046062,-488200.83017555915,3533490.3378909384,367.4803720444186,-535.7820734522603,4546.143524393302,4592.3333065505885,12758994.756183602,0.7241789146456719,1.6336279058483822,4.712160915387242e-08,1.7476972235915202e-06,6.1443004362902665,-0.13860730099529972,0.004129069225204616,137290.3378909384,-0.058316128558206726,-0.05803164599164229,740.2600176334381,-16088635138.06064,-1012206700.2456392,-195877216.7396636,-16088961412.736044,-1880318126.1346986,16120444876.294891,16199649486.332035,-0.9904009345521095,-0.004089457260174929,0.13816390692805897,-0.004129057492318062,0.9999914754057783,0.0,0.13816272913681632,0.0005704867150692374,0.9904093773901652,4553.009612071494,-537.2948537109627,-0.11746545713916509,1.1512470981784704e-09,176.94382254553824,0.0,-82.17191127276912,5.8,0.0,3.0206130866162404e-17,2.293303553109241,1.5707963267948966,17.760767629765883,461.0,0.005583758099819188,0.14560719102088177,0.0,0.012224763139556042,-1566.0979432530385,-13.745729408948026,218.48192251021055,-0.024667424918189858,0.0413520506799977,-0.30460378115916364,-0.02485935226426213,0.041236956150241706,-0.30460378115916364,-4.047879972307652e-18,1.079946786485129e-20,3.292715377843577e-19,-4.047886445039096e-18,-8.014161485314067e-21,3.292715377843577e-19,-1566.1228026053027,-13.704492452797785,218.1773187290514,-1678345.3876428455,121.00700815611974,126509.33696390706,-0.027805044019535468,4579.257939245987
65.72135851987721,2001.0,12.0,14.0,14.0,22.0,33.0,1.0,3499522.7771970956,30671.74846649499,-487513.05384407827,367.27545975599264,-286.0223338299429,4546.215074305973,3533450.0706736534,4569.985945343307,3499627.688212896,14369.00027570469,-487513.05384407827,3533450.070673653,366.95755727171354,-535.7920409728064,4546.215074305973,4592.363494090542,12758991.24220739,0.7241788387496787,1.6336279042759871,4.712160915387242e-08,1.7562521479031427e-06,6.144495760455349,-0.13841236129507772,0.004105842338626142,137250.07067365292,-0.05823415970488133,-0.05795007896109668,743.8006547391415,-16088634783.55817,-1012206652.5445087,-195881048.463889,-16088956749.988728,-1880345474.954141,16120444519.49678,16199648076.218683,-0.9904279438553638,-0.004066563836563633,0.13797083419693937,-0.0041058308026276705,0.9999915710411864,0.0,0.13796967124646045,0.0005664849009100288,0.9904362922020783,4553.0618971857475,-537.2941904456636,-0.11746397692399997,1.1558490658682393e-09,176.82877335329403,0.0,-82.114386676647,5.8,0.0,3.020416484800582e-17,2.293271445596153,1.5707963267948966,17.766661276318523,461.0,0.0056061831508399385,0.14645363593433783,0.0,0.012273749454742291,-1566.1763701050563,-13.726833838900017,218.18158465020522,-0.024730458918554545,0.04151377794976952,-0.30582341970182814,-0.024923581187386395,0.04139812144023981,-0.30582341970182814,-4.0638743649129785e-18,1.0897188594034228e-20,3.3010507042804277e-19,-4.063881033149571e-18,-8.034358922452624e-21,3.3010507042804277e-19,-1566.2012936862436,-13.685435717459777,217.8757612305034,-1678345.8498789016,121.19549259249999,126485.38178020377,-0.02770326710305971,4579.276640214703
65.80392755089775,2001.0,12.0,14.0,14.0,22.0,33.0,1.0,3499553.091194685,30648.131778371087,-487137.67565993674,366.994935916014,-286.0247840763513,4546.254082969938,3533428.117440504,4570.002368381744,3499657.9757622555,14324.760221817536,-487137.67565993674,3533428.117440504,366.6722052139874,-535.7974713144358,4546.254082969938,4592.379951970903,12758989.31835616,0.7241787971976195,1.6336279034152286,4.712160915387242e-08,1.7608608301549384e-06,6.144602366075348,-0.1383059654931,0.004093165767025731,137228.11744050402,-0.05818942198451312,-0.05790556054779345,745.7367312312126,-16088634589.475,-1012206626.4306364,-195883135.15458256,-16088954207.084507,-1880360385.2985091,16120444324.156889,16199647306.620605,-0.9904426691145733,-0.004054068668076912,0.13786545515260198,-0.004093154337548005,0.9999916230086975,0.0,0.13786430025488325,0.0005643045857559028,0.9904509661137021,4553.09040270058,-537.2938288709087,-0.11746316994133556,1.1585277576494818e-09,176.78302491500577,0.0,-82.08302491500575,5.8,0.0,3.020337717653211e-17,2.293258581944784,1.5707963267948966,17.76902366190234,461.0,0.00561923358693161,0.1469170580029796,0.0,0.012302259206782448,-1566.2191292855273,-13.716520086215219,218.0176514921279,-0.024768363015378613,0.041608118352471475,-0.30653389417037336,-0.024962167195641934,0.041492138149192385,-0.30653389417037336,-4.073228838318601e-18,1.0952385846997004e-20,3.3060917766705695e-19,-4.073235615162698e-18,-8.046579161247302e-21,3.3060917766705695e-19,-1566.2440914527228,-13.675027948066028,217.71111759795753,-1678346.1029465739,121.38397702888024,126461.51434442612,-0.02760149143307908,4579.295272295275
65.88797894750246,2001.0,12.0,14.0,14.0,22.0,33.0,1.0,3499583.925630503,30624.09089103995,-486755.5549870317,366.7093679476995,-286.02727639676175,4546.293761664174,3533405.7873084764,4570.019073344239,3499688.782865553,14279.7254639806,-486755.5549870317,3533405.7873084764,366.3817222965287,-535.8029920969569,4546.293761664174,4592.396692373124,12758987.355205385,0.7241787547966817,1.6336279025369609,4.712160915387242e-08,1.7656461290836987e-06,6.144710886941802,-0.13819765819979027,0.004080261733071453,137205.7873084764,-0.058143880453774686,-0.057860242261908196,747.7106367051601,-16088634391.428501,-1012206599.7846065,-195885255.98669434,-16088951619.881302,-1880375551.6769357,16120444124.828075,16199646523.172611,-0.9904576472467355,-0.004041348863827492,0.13775818128090264,-0.004080250411350282,0.9999916757436437,0.0,0.13775703454648647,0.0005620878758382697,0.9904658921387338,4553.119397781375,-537.2934611086058,-0.11746234911424147,1.1613987746244622e-09,176.75112472639486,0.0,-82.05112472639486,5.8,0.0,3.0202821095824396e-17,2.2932495004576468,1.5707963267948966,17.770691852065625,461.0,0.005633218877044763,0.14738995043446307,0.0,0.012332812671799412,-1566.2626238297894,-13.70602047863747,217.85076423916826,-0.024809979586204286,0.041709397572886914,-0.307295830182593,-0.025004503514581406,0.04159307318472998,-0.307295830182593,-4.0832912385722864e-18,1.1010172016968237e-20,3.3116492291821364e-19,-4.083298127543376e-18,-8.060055198283663e-21,3.3116492291821364e-19,-1566.287628333304,-13.66442740545274,217.54346840898566,-1678346.3611838743,121.57246146526049,126437.73465657412,-0.027499717004978844,4579.313835488769
66.07049123923596,2001.0,12.0,14.0,14.0,22.0,34.0,1.0,3499650.798008761,30571.886903847793,-485925.7926372858,366.0892478499655,-286.03268165765854,4546.379816184873,3533357.358691927,4570.055302223466,3499755.594470509,14181.933739640714,-485925.7926372858,3533357.3586919275,365.7509295237719,-535.8149556327926,4546.379816184873,4592.432998111183,12758983.075616647,0.7241786623641111,1.6336279006226309,4.712160915387242e-08,1.775990882003874e-06,6.144946537827126,-0.1379624710337055,0.004052241858366509,137157.35869192798,-0.05804498770685661,-0.05776183427903275,752.0076740980148,-16088633959.699797,-1012206541.7017944,-195889849.71440303,-16088946006.617474,-1880408444.0245514,16120443690.304247,16199644821.829655,-0.9904901313933729,-0.004013727540112433,0.13752523260686506,-0.004052230768291894,0.9999917896791956,0.0,0.13752410348058663,0.0005572839789860382,0.9904982637018742,4553.182281649835,-537.2926635902626,-0.1174605689750696,1.1676253110378294e-09,176.66388197693712,0.0,-81.98194098846857,5.8,0.0,3.020131230278868e-17,2.293224859997446,1.5707963267948966,17.775219725331183,461.0,0.00566354966885368,0.14842085029690014,0.0,0.012399076828748589,-1566.3569572774368,-13.683218844630874,217.4883409656292,-0.024899791699341294,0.04192892534512259,-0.308947656673951,-0.025095880822034067,0.041811854455808484,-0.308947656673951,-4.10507243399211e-18,1.1135985826483572e-20,3.323617001692966e-19,-4.10507956870311e-18,-8.089074021417549e-21,3.323617001692966e-19,-1566.3820531582587,-13.641406990175065,217.17939330895524,-1678346.9241309483,121.76094590164072,126414.04271664779,-0.027397943814144635,4579.332329796232
66.35836346650154,2001.0,12.0,14.0,14.0,22.0,34.0,1.0,3499756.0441422104,30489.544813943397,-484616.99665447243,365.1110715221814,-286.0411887189977,4546.515254901603,3533281.140002773,4570.112320200111,3499860.740788469,14027.684786984351,-484616.99665447243,3533281.140002773,364.7559189621395,-535.8337572480182,4546.515254901603,4592.490137047376,12758976.278893804,0.7241785155645915,1.6336278975831553,4.942156062059701e-08,1.792232477901894e-06,6.145318237303175,-0.13759150286295393,0.004008047951093898,137081.14000277268,-0.05788900047084984,-0.05760661165508173,758.81512388587,-16088633274.053024,-1012206449.4701773,-195897063.26864073,-16088937165.985373,-1880460211.6369054,16120443000.219185,16199642137.960093,-0.9905412567270893,-0.003970158113988445,0.13715777982334348,-0.0040080372199226165,0.9999919677865636,0.0,0.13715667814278149,0.000549733486533912,0.9905492130297875,4553.281252188896,-537.2914086163008,-0.11745776742499757,1.1774248567863686e-09,176.47305714681812,0.0,-81.84611429363626,5.773057146818126,0.0,3.019803976250699e-17,2.2931714153588127,1.5707963267948966,17.78504880697174,461.0,0.00571128542633593,0.15005810124188157,0.0,0.012503204605097643,-1566.5054347656624,-13.647247708741373,216.91659346076295,-0.025039469928836468,0.04227194506015026,-0.31154158888318034,-0.025238024109104553,0.042153701291271266,-0.31154158888318034,-4.1391730827047624e-18,1.1335358401280454e-20,3.342149854068253e-19,-4.139180612051759e-18,-8.133864552485967e-21,3.342149854068253e-19,-1566.5306727897714,-13.605094007450102,216.60505187187977,-1678347.818188481,121.94943033802097,126390.43852464709,-0.02729617185596248,4579.350755218694
66.65836346650153,2001.0,12.0,14.0,14.0,22.0,34.0,1.0,3499865.424543537,30403.731130502725,-483253.02095365874,364.09158696021797,-286.0500300462712,4546.656017852045,3533201.9272952415,4570.171577529108,3499970.0120124337,13866.931731798013,-483253.02095365874,3533201.9272952415,363.7188903336936,-535.8532621512162,4546.656017852045,4592.549520082923,12758969.135747068,0.7241783612818798,1.6336278943904188,4.712160915387242e-08,1.8093716188267005e-06,6.145705613036681,-0.13720488909588885,0.003961993710202612,137001.92729524104,-0.05772643372833308,-0.05744484174403844,765.9459103643894,-16088632553.475513,-1012206352.5654011,-195904539.11492518,-16088927969.949696,-1880514013.3901167,16120442274.978884,16199639340.59126,-0.9905943911594526,-0.003924749283269386,0.13677480961967026,-0.0039619833447145925,0.9999921513131872,0.0,0.13677373611702567,0.0005418995176896428,0.9906021660856102,4553.384112633376,-537.2901045924441,-0.11745485595042962,1.187609347754723e-09,176.35989613605864,0.0,-81.65989613605863,5.7,0.0,3.019606554978975e-17,2.2931391740183935,1.5707963267948966,17.790983807023295,461.0,0.005760904312817286,0.15177893323418057,0.0,0.012611146831543428,-1566.659760467074,-13.609752476820182,216.32062099958918,-0.02518275602912055,0.042625137079149195,-0.314234094247223,-0.025383873781933637,0.042505675668801327,-0.314234094247223,-4.174713410819443e-18,1.1545312402788084e-20,3.3612810249945572e-19,-4.1747213615619124e-18,-8.1798553064937e-21,3.3612810249945572e-19,-1566.685144340856,-13.56724680115138,216.00638690534197,-1678348.7578164898,122.13791477440122,126366.92208057205,-0.027194401125818758,4579.369111757172
66.83253500879773,2001.0,12.0,14.0,14.0,22.0,34.0,1.0,3499928.787388603,30353.90890944046,-482461.1157594018,363.499656887668,-286.0551517686958,4546.737562086059,3533156.0402559843,4570.20590443091,3500033.309057311,13773.60035969866,-482461.1157594018,3533156.0402559843,363.1167743809573,-535.864544555031,4546.737562086059,4592.5839198029125,12758964.960383808,0.7241782710990085,1.6336278925246375,4.942156062059701e-08,1.8194067632674337e-06,6.145930520375069,-0.1369804240661567,0.003935256622710975,136956.04025598476,-0.0576320483610152,-0.057350918997912906,770.103641629219,-16088632132.28626,-1012206295.9298555,-195908859.94132,-16088922638.962034,-1880545180.41966,16120441851.064585,16199637716.304281,-0.9906251717101424,-0.0038983843913954997,0.13655245063120577,-0.003935246465661012,0.9999922568876494,0.0,0.13655139329023877,0.0005373675487238024,0.9906328422915385,4553.443699535035,-537.2893492986626,-0.11745316942395988,1.1935091099448175e-09,176.29434322283538,0.0,-81.59434322283535,5.7,0.0,3.019492167716117e-17,2.2931204931607065,1.5707963267948966,17.794424465515746,461.0,0.005789649688561282,0.15278482279424488,0.0,0.012673936487687573,-1566.7491669608473,-13.587979752398018,215.9745518053923,-0.025265765876662582,0.042833014749993896,-0.3157999810915694,-0.02546839222235986,0.04271284438568289,-0.3157999810915694,-4.1953852389020474e-18,1.1667903409818e-20,3.372368558074071e-19,-4.195393437129065e-18,-8.206732695972627e-21,3.372368558074071e-19,-1566.7746353530697,-13.545266908012335,215.65875182430074,-1678349.3070550617,122.32639921078147,126343.49338442268,-0.027092631619100256,4579.387399412658
66.87267322279692,2001.0,12.0,14.0,14.0,22.0,34.0,1.0,3499943.3748778705,30342.427142877597,-482278.61745734845,363.36324051240956,-286.0563309039772,4546.756335515038,3533145.4760727007,4570.213807203341,3500047.881131249,13752.091661835542,-482278.61745734845,3533145.476072701,362.9780106172136,-535.8671402777322,4546.756335515038,4592.591839339438,12758963.995345907,0.7241782502552941,1.633627892093466,4.942156062059701e-08,1.8216631468538607e-06,6.1459823515873415,-0.13692869477819183,0.003929095075700943,136945.47607270116,-0.05761029666131633,-0.057329273910629114,771.063490241766,-16088632034.938988,-1012206282.8408946,-195909853.66393346,-16088921411.267378,-1880552355.7701771,16120441753.087543,16199637341.974457,-0.9906322580925137,-0.00389230835666631,0.13650120571696062,-0.00392908496628587,0.9999922811158732,0.0,0.13650015207997052,0.0005363248352624048,0.9906399047271496,4553.457417827383,-537.2891754259775,-0.1174527811553795,1.1946339418211206e-09,176.26369018175288,0.0,-81.58184509087643,5.7,0.0,3.019439725065856e-17,2.293111928625969,1.5707963267948966,17.796002350804383,461.0,0.0057951345481219415,0.1530173136878542,0.0,0.012685915423421786,-1566.7697510204173,-13.582961759105707,215.89479270432142,-0.025279823791382244,0.042872593844024594,-0.3160981621319496,-0.025482759108870136,0.042752283939426296,-0.3160981621319496,-4.199288017602886e-18,1.1693846365941468e-20,3.37422419480764e-19,-4.199296271590909e-18,-8.211225773101883e-21,3.37422419480764e-19,-1566.7952337795261,-13.54020947516628,215.57869454218948,-1678349.4339988101,122.51488364716172,126320.15243619896,-0.02699086333119409,4579.405618186141
66.94330985497244,2001.0,12.0,14.0,14.0,22.0,34.0,1.0,3499969.033154438,30322.22101379134,-481957.4487361044,363.12316585188273,-286.0584049175966,4546.789356720285,3533126.894483049,4570.22770756416,3500073.5120505723,13714.239650526744,-481957.4487361044,3533126.894483049,362.7338049130968,-535.8717043812829,4546.789356720285,4592.605769186823,12758962.29469417,0.7241782135231212,1.6336278913336646,4.942156062059701e-08,1.8258027422863678e-06,6.146073566714937,-0.13683765901498168,0.0039182518366296226,136926.89448304893,-0.0575720169101009,-0.05729118177996874,772.7540222406387,-16088631863.388132,-1012206259.7753296,-195911600.61494476,-16088919251.516386,-1880564976.6922486,16120441580.42691,16199636683.229399,-0.9906447225306034,-0.0038816153679454377,0.13641102149166434,-0.003918241810681485,0.9999923236610935,0.0,0.13640997435443278,0.0005344913678464098,0.9906523271136048,4553.481547355736,-537.2888696090278,-0.11745209822619987,1.196724370656996e-09,176.2172362076223,0.0,-81.55861810381116,5.7,0.0,3.019359993662839e-17,2.2930989074997026,1.5707963267948966,17.798401850806222,461.0,0.005805325514779364,0.15342702611044873,0.0,0.012708173350235693,-1566.8059574973447,-13.57413053627526,215.75442376396273,-0.025306885377097025,0.042946173910393966,-0.3166525310359662,-0.02551038358908814,0.0428256071780531,-0.3166525310359662,-4.20656307635384e-18,1.1740706052442864e-20,3.377810613382578e-19,-4.206571429627211e-18,-8.219912783750148e-21,3.377810613382578e-19,-1566.8314678809338,-13.531304929097207,215.43777123292676,-1678349.6577072758,122.70336808354197,126296.89923590088,-0.026889096257487775,4579.423768078579
67.10056708248156,2001.0,12.0,14.0,14.0,22.0,35.0,1.0,3500026.094870551,30277.23589936961,-481242.427472143,362.5886714694055,-286.06301736165335,4546.862793763141,3533085.570685741,4570.258620678655,3500130.511813719,13629.96915414296,-481242.427472143,3533085.570685741,362.19011352838135,-535.881847327705,4546.862793763141,4592.636747875953,12758958.497935059,0.7241781315171861,1.6336278896375558,4.712160915387242e-08,1.834719654515212e-06,6.14627664094908,-0.13663498407174954,0.003894112008859785,136885.5706857415,-0.05748679369951653,-0.05720637626753099,776.5237055420876,-16088631480.398846,-1012206208.2837124,-195915481.4191292,-16088914446.921747,-1880593044.6341288,16120441194.960188,16199635216.749582,-0.9906724424832921,-0.003857808955218003,0.1362102382871916,-0.0038941021670778502,0.9999924179554125,0.0,0.1362092055350916,0.0005304165840923431,0.9906799538628742,4553.535209743516,-537.28818955363,-0.11745057947792906,1.2013732978540809e-09,176.11392671435374,0.0,-81.50696335717687,5.7,0.0,3.019182645814891e-17,2.293069944398167,1.5707963267948966,17.803741501969064,461.0,0.005827989946846144,0.15434173190395972,0.0,0.012757673741382118,-1566.886480634279,-13.554467971317143,215.44189473867687,-0.025366811210055646,0.043109790796545845,-0.317885412873252,-0.02557156430887345,0.04298865283171483,-0.317885412873252,-4.222741191159099e-18,1.1845308027070561e-20,3.3857523175792824e-19,-4.222749767067267e-18,-8.23914846090918e-21,3.3857523175792824e-19,-1566.9120521985878,-13.511479318485428,215.12400932580363,-1678350.1571437567,122.89185251992222,126273.73378352847,-0.026787330393369186,4579.441849090925
67.17149591157744,2001.0,12.0,14.0,14.0,22.0,35.0,1.0,3500051.8043105304,30256.945710791322,-480919.9226445539,362.3475857316329,-286.0650955309133,4546.895881557305,3533066.9520428833,4570.272548709698,3500156.1928373347,13591.959520193206,-480919.9226445539,3533066.952042883,361.94487954612475,-535.8864140211165,4546.895881557305,4592.650705451575,12758956.78049149,0.7241780944221563,1.6336278888704103,4.942156062059701e-08,1.8388298572188046e-06,6.146368236488533,-0.13654356861552044,0.0038832241910434864,136866.9520428828,-0.057448354155744424,-0.05716812512172942,778.2268662750721,-16088631307.157263,-1012206184.9931557,-195917228.01264262,-16088912281.492287,-1880605690.844735,16120441020.598036,16199634555.329422,-0.9906849319154513,-0.0038470710305487108,0.13611967425821844,-0.0038832144315828748,0.9999924602944156,0.0,0.1361186479559503,0.0005285818835018738,0.9906924014444829,4553.559387806367,-537.2878831750191,-0.11744989520970761,1.2036775944864985e-09,176.08136006126114,0.0,-81.48136006126113,5.7,0.0,3.019126190992403e-17,2.2930607246259798,1.5707963267948966,17.805441960062716,461.0,0.00583921981697092,0.15475549824839346,0.0,0.012782201849362674,-1566.922762161056,-13.545598636374907,215.30092001507649,-0.0253981599982073,0.04319093159347446,-0.31849689827937017,-0.025603515203359205,0.04306951488510268,-0.31849689827937017,-4.230799296176547e-18,1.1894778010445383e-20,3.3899314113024397e-19,-4.230807974810078e-18,-8.249276048906889e-21,3.3899314113024397e-19,-1566.9483656762593,-13.502529121489804,214.98242311679712,-1678350.3830612637,123.08033695630247,126250.6560790817,-0.02668556573422657,4579.459861224105
67.25698331362845,2001.0,12.0,14.0,14.0,22.0,35.0,1.0,3500082.768044018,30232.490641949054,-480531.2186245005,362.05700825899305,-286.0675984265114,4546.9357318679995,3533044.52826763,4570.2893232088645,3500187.1219308097,13546.147747825962,-480531.2186245005,3533044.52826763,361.6493023303885,-535.8919113203067,4546.9357318679995,4592.667515533056,12758954.706040926,0.7241780496160677,1.63362788794387,4.942156062059701e-08,1.8437740917485505e-06,6.146478633842846,-0.13643338829685012,0.0038701016962482755,136844.5282676299,-0.05740202406626548,-0.05712202210057714,780.2823673188686,-16088631097.905035,-1012206156.8624107,-195919329.97400662,-16088909672.894936,-1880620921.6324906,16120440809.992378,16199633758.12279,-0.9906999738967538,-0.003834128791597227,0.13601051862771768,-0.0038700920353934433,0.9999925111657775,0.0,0.13600950006749116,0.0005263732248708617,0.9907073931401841,4553.58850735107,-537.287514199176,-0.11744907110545379,1.2065606513047238e-09,176.04932609661418,0.0,-81.44932609661419,5.7,0.0,3.019070258914227e-17,2.293051590224417,1.5707963267948966,17.807127004613612,461.0,0.005853268484214572,0.155255278219814,0.0,0.012812887265471012,-1566.9664597981491,-13.534908164063108,215.13099899957976,-0.02543810591972513,0.043292467828754184,-0.319262157670812,-0.02564420570758356,0.043170704385196323,-0.319262157670812,-4.240899699777012e-18,1.1955633489853776e-20,3.3952675577622987e-19,-4.2409085036851614e-18,-8.262209860420957e-21,3.3952675577622987e-19,-1566.9921040038566,-13.49173745967791,214.81173684190895,-1678350.6559405867,123.26882139268272,126227.66612256058,-0.02658380227544851,4579.477804479035
67.37156404581526,2001.0,12.0,14.0,14.0,22.0,35.0,1.0,3500124.230487734,30199.712615032808,-480010.22434162174,361.6675278718095,-286.07094997629014,4546.989094511606,3533014.501380072,4570.311785288255,3500228.53727536,13484.744438677275,-480010.22434162174,3533014.5013800715,361.25312059340513,-535.8992679284012,4546.989094511606,4592.690025258851,12758951.917802323,0.724177989392738,1.6336278866986536,4.942156062059701e-08,1.8504458523690675e-06,6.146626604139877,-0.13628570887962468,0.0038525135093636156,136814.5013800715,-0.05733992576031561,-0.057060228140434356,783.0421988666058,-16088630816.654379,-1012206119.0545756,-195922141.9178811,-16088906178.749523,-1880641316.7168407,16120440526.922739,16199632689.553204,-0.9907201161806992,-0.003816781514315846,0.13586421005464863,-0.0038525039796261104,0.9999925790790084,0.0,0.13586320181708023,0.0005234174099242916,0.9907274682909656,4553.627500575546,-537.2870201470129,-0.11744796759246805,1.2104212511336639e-09,176.0064305429593,0.0,-81.4064305429593,5.7,0.0,3.018995355822123e-17,2.293039357621163,1.5707963267948966,17.809384099287225,461.0,0.005872081028107829,0.1559270270511309,0.0,0.0128539775468624,-1567.0249757772037,-13.520578360287473,214.9032321823972,-0.02549141271658486,0.043428416753859674,-0.3202869073686998,-0.025698511733122455,0.043306188919561506,-0.3202869073686998,-4.2544245344981445e-18,1.2037405085165485e-20,3.4023887526468327e-19,-4.25443350744146e-18,-8.279469807639992e-21,3.4023887526468327e-19,-1567.0506742889368,-13.477272171367911,214.5829452750285,-1678351.0227138195,123.45730582906297,126204.76391396511,-0.026482040012424015,4579.495678856608
67.42267905987765,2001.0,12.0,14.0,14.0,22.0,35.0,1.0,3500142.7126877685,30185.09005622573,-479777.8043222772,361.4937741094122,-286.0724439588223,4547.012881498609,3533001.1166660134,4570.3217979073115,3500246.9982165555,13457.351856293339,-479777.8043222772,3533001.1166660134,361.0763772975781,-535.9025454794805,4547.012881498609,4592.700059116425,12758950.671033423,0.724177962463658,1.6336278861418987,4.942156062059701e-08,1.8534433044461173e-06,6.146692615204561,-0.13621982757098916,0.0038446674067902035,136801.11666601337,-0.057312223031389435,-0.057032661181977244,784.2751825153828,-16088630690.893156,-1012206102.1495094,-195923394.35943943,-16088904620.80999,-1880650408.007452,16120440400.348202,16199632212.834864,-0.9907290947928239,-0.003809042627473788,0.13579893933773476,-0.0038446579351595032,0.9999926092753694,0.0,0.13579793568516899,0.000522100469711066,0.9907364170528639,4553.644882200127,-537.2867999305138,-0.11744747569903402,1.212269047712376e-09,175.9746190457525,0.0,-81.38730952287625,5.68730952287624,0.0,3.018940659443637e-17,2.293030425024675,1.5707963267948966,17.81103266881656,461.0,0.005881082021705183,0.15622740337807992,0.0,0.012873571563434556,-1567.0510604635256,-13.514185353451646,214.8016177525371,-0.025517548510884287,0.04349338065834066,-0.3207750375712566,-0.02572511460015365,0.04337093406770963,-0.3207750375712566,-4.260846022889521e-18,1.2075150135756893e-20,3.405861472733327e-19,-4.260855072861056e-18,-8.287828331820154e-21,3.405861472733327e-19,-1567.0767855781257,-13.470814419383936,214.48084271496586,-1678351.186717581,123.64579026544322,126181.94945329531,-0.02638027894054239,4579.513484357702
67.48901805605165,2001.0,12.0,14.0,14.0,22.0,35.0,1.0,3500166.6863418953,30166.112233173793,-479476.15902856184,361.2682655963231,-286.07438183777845,4547.043736265534,3532983.755069028,4570.334785459646,3500270.944052301,13421.800478389232,-479476.15902856184,3532983.755069028,360.8469888283121,-535.906795282466,4547.043736265534,4592.713074217462,12758949.050024796,0.7241779274512962,1.6336278854180595,4.942156062059701e-08,1.857213206098435e-06,6.146778287597932,-0.13613432357291202,0.0038344845045988995,136783.75506902812,-0.05727626903690261,-0.05699688339583231,785.8772878348827,-16088630527.38324,-1012206080.1707058,-195925018.00467706,-16088902599.585684,-1880662200.5346813,16120440235.780878,16199631594.087412,-0.9907407411738614,-0.003798998639360286,0.13571422691673085,-0.003834475108028072,0.9999926483732997,0.0,0.13571322919639664,0.0005203928249174778,0.9907480247834937,4553.667428357831,-537.28651429223,-0.11744683765899004,1.2147492758531247e-09,175.9250144829375,0.0,-81.36250724146876,5.662507241468753,0.0,3.018855699849433e-17,2.2930165500699924,1.5707963267948966,17.81359401018399,461.0,0.005893161789287533,0.15661795014232519,0.0,0.012899826834344456,-1567.0848961465842,-13.505887888292348,214.66973267530904,-0.02555298631647925,0.04358051185416462,-0.32142878946259706,-0.025761172756542338,0.043457773773730515,-0.32142878946259706,-4.269433216318332e-18,1.2124994666080306e-20,3.410558905217094e-19,-4.269442367458718e-18,-8.299099134756805e-21,3.410558905217094e-19,-1567.1106573193408,-13.462430114518616,214.34830388584643,-1678351.3999500126,123.83427470182347,126159.22274055115,-0.02627851905519333,4579.531220983176
67.65569079892346,2001.0,12.0,14.0,14.0,22.0,35.0,1.0,3500226.852696808,30118.431025883103,-478718.2843222216,360.7016675100026,-286.0792453183915,4547.121172853931,3532940.1829031403,4570.36737999944,3500331.039379475,13332.478534330694,-478718.2843222216,3532940.182903141,360.27064245213484,-535.9174530846201,4547.121172853931,4592.745737894717,12758944.962803278,0.7241778391706931,1.6336278835931546,4.942156062059701e-08,1.8669317511653255e-06,6.146993538025589,-0.13591949619436575,0.0038089009038364944,136740.18290314078,-0.057185935060218566,-0.056906992133566654,789.9119174778461,-16088630115.112085,-1012206024.7564925,-195929088.24892837,-16088897525.006569,-1880691796.184332,16120439820.84377,16199630039.294712,-0.990769970099842,-0.003773762884197753,0.13550138398574357,-0.003808891694094669,0.9999927461457221,0.0,0.13550040107844968,0.0005161100960016311,0.9907771570529612,4553.7240125564385,-537.2857974751726,-0.11744523640525681,1.2209738709798902e-09,175.8005225804022,0.0,-81.30026129020109,5.600261290201097,0.0,3.0186424321827484e-17,2.292981720816883,1.5707963267948966,17.82002691586621,461.0,0.005923479072827493,0.1576027067129827,0.0,0.01296571783705385,-1567.1698164972727,-13.485039116151123,214.33834930359322,-0.025641578650668656,0.04379914990053914,-0.3230694550337092,-0.025851325982712496,0.043675680105109506,-0.3230694550337092,-4.2909819724059984e-18,1.2250602842666715e-20,3.4223017992459655e-19,-4.290991379779427e-18,-8.327270977447908e-21,3.4223017992459655e-19,-1567.1956678232555,-13.441363436046013,214.01527984855952,-1678351.9375958722,124.02275913820371,126136.58377573267,-0.02617676035176691,4579.548888733872
67.71546066035886,2001.0,12.0,14.0,14.0,22.0,35.0,1.0,3500248.4057131023,30101.332056960535,-478446.50269071764,360.4984744992428,-286.08098753721345,4547.148912758551,3532924.5743188034,4570.379056090186,3500352.5665289885,13300.446708386757,-478446.50269071764,3532924.5743188034,360.0639535989748,-535.9212682166697,4547.148912758551,4592.7574387517525,12758943.49216586,0.7241778074060687,1.633627882936597,4.942156062059701e-08,1.8703777026565752e-06,6.14707072942443,-0.13584245649194654,0.003799726583326104,136724.57431880338,-0.05715354014491244,-0.056874755978880726,791.3619056642056,-16088629966.772686,-1012206004.8188906,-195930544.70659578,-16088895706.508316,-1880702398.0861444,16120439671.545195,16199629481.6708,-0.9907804406506201,-0.0037647128968076727,0.1354250544063678,-0.0037997174399732976,0.9999927810476316,0.0,0.13542407677935053,0.0005145769410372083,0.990787593099062,4553.74428250589,-537.2855407105569,-0.11744466280747753,1.2229833018681379e-09,175.77796331257625,0.0,-81.27796331257625,5.6,0.0,3.0186030353831224e-17,2.2929752868312385,1.5707963267948966,17.82121578913521,461.0,0.005933271805861216,0.15795704403770333,0.0,0.01298710381655967,-1567.2002381636923,-13.477561961520859,214.21950274775367,-0.025668970220304392,0.04386987705228881,-0.32360279144995974,-0.02587924175135252,0.04374616544485771,-0.32360279144995974,-4.298019303673469e-18,1.2293694438294287e-20,3.4259609405426803e-19,-4.2980288014962274e-18,-8.336137091658917e-21,3.4259609405426803e-19,-1567.2261174054438,-13.433815796076,213.8958999563037,-1678352.1310481895,124.21124357458396,126114.0325588398,-0.026075002825653504,4579.566487610614
67.86175665228639,2001.0,12.0,14.0,14.0,22.0,35.0,1.0,3500301.108814338,30059.479243384267,-477781.2680665984,360.0011114887827,-286.08524775850805,4547.216745161938,3532886.4070013054,4570.407607286174,3500405.205435653,13222.042892605437,-477781.2680665984,3532886.407001306,359.5580338701914,-535.9305911528154,4547.216745161938,4592.786050507375,12758939.88234142,0.7241777294365039,1.6336278813251763,4.942156062059701e-08,1.8789649326980631e-06,6.147259670184408,-0.1356538870081488,0.0037772712681820642,136686.4070013063,-0.057074247236657695,-0.05679585166303146,794.9171576797962,-16088629602.661953,-1012205955.8829226,-195934102.590169,-16088891258.37505,-1880728322.7697344,16120439305.080242,16199628116.7329,-0.9908060441736017,-0.0037425610023584747,0.1352382196947386,-0.0037772622859770085,0.9999928661193653,0.0,0.13523725492142205,0.0005108302268756092,0.9908131125160777,4553.793848499208,-537.2849128889076,-0.11744326022264316,1.2278905284034757e-09,175.72343857329471,0.0,-81.22343857329471,5.6,0.0,3.01850776406034e-17,2.2929597278434803,1.5707963267948966,17.824091461588615,461.0,0.005957187401191732,0.15882680909228983,0.0,0.013039334855415367,-1567.2746301984635,-13.45925900388941,213.9285841264319,-0.025735586752689547,0.04404258554393286,-0.3249053934180535,-0.02594714191030809,0.043918283135684924,-0.3249053934180535,-4.315207437646356e-18,1.2399375569296893e-20,3.434861291545427e-19,-4.315217158290012e-18,-8.357704972488793e-21,3.434861291545427e-19,-1567.3005773403738,-13.415340720753726,213.60367873301385,-1678352.605896147,124.39972801096421,126091.56908987262,-0.02597324647224391,4579.584017614203
68.12494300467758,2001.0,12.0,14.0,14.0,22.0,36.0,1.0,3500395.7384442026,29984.184503445165,-476584.4866422983,359.1062964670954,-286.09289713036486,4547.338542094865,3532817.876702219,4570.458871313931,3500499.7164278133,13080.991073636822,-476584.4866422983,3532817.876702219,358.6478249547513,-535.9473087990492,4547.338542094865,4592.837423268449,12758933.351847757,0.7241775883820347,1.6336278784105818,5.16191365590357e-08,1.8944410651705041e-06,6.147599584635608,-0.13531464039745464,0.0037368750877229957,136617.87670221832,-0.056931594598458486,-0.05665389810645866,801.3349170088768,-16088628943.963728,-1012205867.363903,-195940478.1533686,-16088883266.645779,-1880774871.4681337,16120438642.123669,16199625660.979933,-0.9908520163217206,-0.003702707450588294,0.13490208192876782,-0.0037368663906284906,0.9999930178904144,0.0,0.13490114002764847,0.0005041110559854236,0.9908589346073859,4553.882846610263,-537.2837857593524,-0.11744074192337543,1.2367015668576428e-09,175.62553814602617,0.0,-81.12553814602619,5.6,0.0,3.018336672322727e-17,2.292931786442297,1.5707963267948966,17.829258113916612,461.0,0.006000130579307421,0.160400313927815,0.0,0.013133119312542064,-1567.4082121593294,-13.426326774837497,213.40513872379807,-0.025854337857488408,0.044352619398108944,-0.3272443279090877,-0.026068208036750536,0.04422725588678731,-0.3272443279090877,-4.346067918098324e-18,1.2590451838051654e-20,3.4507283455773153e-19,-4.3460780449527505e-18,-8.396152729987278e-21,3.4507283455773153e-19,-1567.4342803673662,-13.38209951895071,213.077894395889,-1678353.464939043,124.58821244734446,126069.19336883107,-0.025871491286929216,4579.601478745427
68.21138897929785,2001.0,12.0,14.0,14.0,22.0,36.0,1.0,3500426.7690326488,29959.45281593753,-476191.38580750953,358.8123696228943,-286.0954054960231,4547.37848191994,3532795.40450486,4570.475681531281,3500530.7071646936,13034.660349701879,-476191.38580750953,3532795.4045048603,358.34884174273697,-535.9527846315945,4547.37848191994,4592.854269140403,12758931.196537543,0.7241775418285549,1.6336278774488762,4.942156062059701e-08,1.8994743445037416e-06,6.14771123551779,-0.1352032088534322,0.0037236068462519543,136595.4045048603,-0.056884737692410495,-0.05660727082138804,803.4489774405956,-16088628726.571209,-1012205838.1530215,-195942565.24774328,-16088880644.612709,-1880790135.6321478,16120438423.325962,16199624854.290932,-0.9908670914542563,-0.0036896165379633,0.13479166815046575,-0.003723598241469224,0.9999930673840375,0.0,0.13479073369159553,0.0005019100184897775,0.9908739608028938,4553.912030873854,-537.2834161937103,-0.11743991615295163,1.239656499305673e-09,175.58687001388654,0.0,-81.08687001388654,5.6,0.0,3.0182695275959704e-17,2.2929208208762573,1.5707963267948966,17.831286607711025,461.0,0.006014531118151266,0.16091961090752624,0.0,0.013164565574517081,-1567.4520184656892,-13.415508418548164,213.23318501138817,-0.025894381230993996,0.044456103360684646,-0.32802837692694364,-0.026109022285372648,0.044330385297827554,-0.32802837692694364,-4.3564004602087504e-18,1.2654104107092351e-20,3.45606826865755e-19,-4.356410722518667e-18,-8.409089258460677e-21,3.45606826865755e-19,-1567.4781274879747,-13.371178033250336,212.90515663446124,-1678353.748455923,124.77669688372471,126046.90539571518,-0.02576973726510091,4579.618871005054
68.26389693209393,2001.0,12.0,14.0,14.0,22.0,36.0,1.0,3500445.604848311,29944.430491912954,-475952.611636283,358.6338321685482,-286.0969280966532,4547.402725863566,3532781.7637016214,4570.485885442994,3500549.518560821,13006.518478947535,-475952.611636283,3532781.7637016214,358.16723298696536,-535.9561070170186,4547.402725863566,4592.864494694544,12758929.884808151,0.7241775134959016,1.6336278768636239,5.16191365590357e-08,1.9025112627482727e-06,6.147779053813326,-0.13513552377762528,0.0037155476752976564,136581.76370162144,-0.05685627612417207,-0.056578948726990166,804.7346371114254,-16088628594.266096,-1012205820.3759524,-195943831.2720043,-16088879052.66656,-1880799401.1225545,16120438290.165695,16199624364.27491,-0.9908762422089081,-0.003681664860418495,0.13472460046260645,-0.003715539126265226,0.9999930973606774,0.0,0.1347236705072816,0.0005005745242892644,0.9908830819174335,4553.929746033559,-537.2831918732284,-0.117439414908693,1.2416051854826508e-09,175.54789629034698,0.0,-81.04789629034698,5.6,0.0,3.0182027137200007e-17,2.292909909342251,1.5707963267948966,17.833305580923767,461.0,0.006024023793961002,0.16123567269436942,0.0,0.013185288189871382,-1567.4786098736133,-13.408936912463393,213.12873338755566,-0.02592180093700504,0.04452325074485842,-0.3285445679124111,-0.026136931568116282,0.04439730204540426,-0.3285445679124111,-4.36317569032856e-18,1.2694308603390331e-20,3.459699982413374e-19,-4.363186036533263e-18,-8.417882523364841e-21,3.459699982413374e-19,-1567.5047468051814,-13.364539610417989,212.80018881964324,-1678353.9210053422,124.96518132010496,126024.70517052495,-0.02566798440215082,4579.636194393828
68.40584700068206,2001.0,12.0,14.0,14.0,22.0,36.0,1.0,3500496.4786878536,29903.81872140784,-475307.10285896366,358.1511586103268,-286.10104051208026,4547.468207121066,3532744.921121304,4570.513445180191,3500600.3255772702,12930.43883606953,-475307.10285896366,3532744.9211213035,357.67625637582427,-535.9650748428867,4547.468207121066,4592.892112885219,12758926.328387097,0.7241774366789585,1.6336278752771896,4.942156062059701e-08,1.910896001354666e-06,6.147962396483836,-0.134952541229816,0.0036937607342578576,136544.92112130392,-0.056779331865768036,-0.056502381523422116,808.2163820266724,-16088628235.556915,-1012205772.1834133,-195947247.44601038,-16088874751.579723,-1880824426.449237,16120437929.138317,16199623039.408333,-0.9909009576797211,-0.0036601676953130747,0.1345432838972421,-0.003693752334732718,0.9999931780735755,0.0,0.13454236605285844,0.0004969695690180449,0.9909077175792639,4553.977593364082,-537.2825860356467,-0.11743806111203803,1.2468684112422956e-09,175.4426317751541,0.0,-80.94263177515408,5.6,0.0,3.01802222332996e-17,2.292880433024644,1.5707963267948966,17.83876198515247,461.0,0.006049663253949493,0.1620926033796505,0.0,0.013241258563105674,-1567.5504332478506,-13.391170160547976,212.84633752627988,-0.025995617252419084,0.04470456645489829,-0.3299387611132072,-0.026212072883636924,0.04457799472158423,-0.3299387611132072,-4.381473783096444e-18,1.2803263406919268e-20,3.4694765604524124e-19,-4.381484357577397e-18,-8.441553169586741e-21,3.4694765604524124e-19,-1567.5766453207343,-13.346592165826392,212.51639876516668,-1678354.3888294399,125.15366575648521,126002.59269326035,-0.025566232693471087,4579.6534489124815
68.48082996348742,2001.0,12.0,14.0,14.0,22.0,36.0,1.0,3500523.3243635464,29882.3659363595,-474966.1189238976,357.896184718942,-286.10321060224146,4547.5027613261855,3532725.4796166657,4570.527988145633,3500627.1354789487,12890.25040946858,-474966.1189238976,3532725.4796166657,357.416896468693,-535.9698037599502,4547.5027613261855,4592.906686695591,12758924.443692455,0.7241773959703923,1.6336278744366675,4.942156062059701e-08,1.915364446410262e-06,6.148059245990037,-0.13485588193893708,0.0036822522510944573,136525.47961666528,-0.05673868651580536,-0.056461935347579664,810.0591412186623,-16088628045.463572,-1012205746.6474406,-195949048.22102222,-16088872481.117453,-1880837632.1354651,16120437737.816666,16199622339.474897,-0.9909139998783036,-0.0036488117980985305,0.13444750283156337,-0.003682243929834987,0.9999932205168399,0.0,0.134446591346982,0.0004950685011829965,0.990920717808623,4554.002842142645,-537.2822663591336,-0.1174373467366148,1.2496457690478174e-09,175.38708461904366,0.0,-80.88708461904366,5.6,0.0,3.0179269612282865e-17,2.292864875542807,1.5707963267948966,17.84164324811292,461.0,0.006063193322662729,0.16254673252753704,0.0,0.013270793903986264,-1567.5883352077894,-13.38178435898999,212.69715372611878,-0.026034426982335736,0.04480021966471689,-0.33067446919055715,-0.026251583393421974,0.04467331910261055,-0.33067446919055715,-4.391128822969278e-18,1.2860973568854575e-20,3.4746165143580845e-19,-4.391139518904174e-18,-8.453997321890669e-21,3.4746165143580845e-19,-1567.6145867911828,-13.337111039887379,212.36647925692822,-1678354.6367488932,125.34215019286546,125980.56796392144,-0.025464482134454267,4579.670634561719
68.50701976911508,2001.0,12.0,14.0,14.0,22.0,36.0,1.0,3500532.6964288554,29874.872938963283,-474847.0205525137,357.80712681295444,-286.1039682013112,4547.514824564144,3532718.6924135624,4570.533065217813,3500636.4949717307,12876.213442872928,-474847.0205525137,3532718.6924135624,357.3263066205253,-535.9714541252978,4547.514824564144,4592.911774535944,12758923.78454652,0.7241773817331187,1.6336278741427264,4.942156062059701e-08,1.91692883720431e-06,6.148093073520486,-0.13482212084429232,0.003678232627748879,136518.69241356244,-0.056724489923349324,-0.05644780832212073,810.7032619416714,-16088627978.981302,-1012205737.716924,-195949676.57687917,-16088871688.358002,-1880842242.3668835,16120437670.904837,16199622095.001781,-0.9909185530365813,-0.0036448453907536762,0.13441404818680794,-0.0036782243337106406,0.999993235309995,0.0,0.13441313891743964,0.0004944050228332716,0.9909252563387586,4554.011656747155,-537.2821547606457,-0.11743709734357889,1.2502721034742261e-09,175.38586551695306,0.0,-80.88586551695305,5.585865516953043,0.0,3.017924258076971e-17,2.2928644340846955,1.5707963267948966,17.841725020714218,461.0,0.006066252325833102,0.16270555925081398,0.0,0.013277393100428053,-1567.601567348492,-13.378505988883484,212.6450452607594,-0.0260406612522785,0.044822609337692415,-0.3308393523654455,-0.02625800924361792,0.04469562950510246,-0.3308393523654455,-4.3933153677218156e-18,1.2877759877996582e-20,3.475464791093531e-19,-4.39332610368869e-18,-8.455980587837487e-21,3.475464791093531e-19,-1567.6278253577354,-13.333810359378381,212.31420590839394,-1678354.7234553155,125.53063462924571,125958.63098250816,-0.02536273272049318,4579.687751342236
68.54434667898971,2001.0,12.0,14.0,14.0,22.0,36.0,1.0,3500546.0498942696,29864.193541780183,-474677.2755556985,357.6801961085982,-286.1050476416634,4547.532012506866,3532709.0219002264,4570.540299105683,3500649.8304488636,12856.20724082761,-474677.2755556985,3532709.021900227,357.19719251413557,-535.9738051068626,4547.532012506866,4592.919023766417,12758922.844404904,0.7241773614264443,1.633627873723488,5.16191365590357e-08,1.919186261543561e-06,6.1481412862888245,-0.13477400276171367,0.003672503696460937,136509.02190022636,-0.056704256185550084,-0.05642767373448568,811.6216680705547,-16088627884.157705,-1012205724.9794858,-195950571.59026036,-16088870558.721693,-1880848811.1051743,16120437575.468563,16199621746.573095,-0.990925040456879,-0.0036391922349473093,0.13436636660790477,-0.0036724954411168132,0.9999932563658792,0.0,0.13436546049029022,0.0004934598688069606,0.9909317229378571,4554.024215962938,-537.2819957567106,-0.11743674200609405,1.251360036224533e-09,175.37377737528297,0.0,-80.87377737528297,5.573777375282968,0.0,3.017903001811147e-17,2.2928609626730463,1.5707963267948966,17.84236806769679,461.0,0.006071558979195501,0.16293209562944133,0.0,0.013288909927854376,-1567.6204209133884,-13.373833391398573,212.57077607281295,-0.026053680965044703,0.04486077515986884,-0.331126658813303,-0.026271332490352087,0.04473366214557007,-0.331126658813303,-4.397105153677171e-18,1.2903635935643346e-20,3.477208460555603e-19,-4.397115948245733e-18,-8.460141708258566e-21,3.477208460555603e-19,-1567.6466922458787,-13.329099729253004,212.23964941399964,-1678354.8471249342,125.71911906562596,125936.78174902052,-0.025260984446981043,4579.704799254698
68.60499558435275,2001.0,12.0,14.0,14.0,22.0,36.0,1.0,3500567.7365525328,29846.841530651924,-474401.47187040927,357.4739553597748,-286.10680070720366,4547.5599266693725,3532693.3165298523,4570.55204727182,3500671.487705908,12823.700900476602,-474401.47187040927,3532693.316529853,356.9874041455664,-535.9776219965147,4547.5599266693725,4592.930796849521,12758921.315148622,0.7241773283951001,1.6336278730415663,5.16191365590357e-08,1.922769531691958e-06,6.14821962313827,-0.13469581975410175,0.0036631953569610477,136493.31652985234,-0.05667138006988057,-0.056394958718595616,813.1148125827312,-16088627729.916021,-1012205704.260861,-195952024.43814707,-16088868723.891294,-1880859479.067614,16120437420.23031,16199621180.462444,-0.990935576356399,-0.003630006839391669,0.1342888921748836,-0.0036631871642299925,0.9999932905073913,0.0,0.13428799116455412,0.000491925346113699,0.9909422250759338,4554.044612796445,-537.2817375352793,-0.1174361649252946,1.2531268903916117e-09,175.35414566231543,0.0,-80.85414566231543,5.554145662315426,0.0,3.0178684794002454e-17,2.2928553247354917,1.5707963267948966,17.84341254594034,461.0,0.006080177339001174,0.16330058896534808,0.0,0.013307613664022227,-1567.6510405027386,-13.3662410507521,212.45009865916563,-0.026074782801073833,0.04492275506939964,-0.3315932558746434,-0.02629292778377644,0.04479542576765583,-0.3315932558746434,-4.403259820350958e-18,1.2945724715807678e-20,3.4800346209868417e-19,-4.403270710409786e-18,-8.466885664599853e-21,3.4800346209868417e-19,-1567.6773334305224,-13.321445624984444,212.11850540329098,-1678355.0482888576,125.90760350200621,125915.02026345854,-0.025159237309311407,4579.721778299755
68.72663268299566,2001.0,12.0,14.0,14.0,22.0,36.0,1.0,3500611.1934901006,29812.04011580391,-473848.316472128,357.06030794581943,-286.1103136103019,4547.615863116368,3532661.845230523,4570.575588865387,3500714.8850280647,12758.50567253619,-473848.316472128,3532661.845230523,356.5666415719379,-535.9852659553679,4547.615863116368,4592.954388372561,12758918.241591236,0.724177262007327,1.6336278716711077,5.16191365590357e-08,1.9299736390993937e-06,6.148376737163851,-0.13453901425794218,0.0036445267903555145,136461.84523052257,-0.05660544294498165,-0.05632934469537428,816.112937271595,-16088627419.91745,-1012205662.6214279,-195954933.14073113,-16088865046.220203,-1880880856.2048154,16120437108.228895,16199620045.129026,-0.9909566888646333,-0.0036115841910432382,0.13413350533730667,-0.003644518722243815,0.9999933587195883,0.0,0.13413261451908512,0.0004888520714820048,0.990963270129588,4554.085485383772,-537.2812201278567,-0.11743500855363592,1.2566674115662113e-09,175.31480653815322,0.0,-80.8148065381532,5.5148065381532065,0.0,3.017799296875239e-17,2.2928440263717422,1.5707963267948966,17.845506049977807,461.0,0.006097447678171841,0.16404121481154413,0.0,0.013345092751626169,-1567.7123996462835,-13.351012827477659,212.2080517443138,-0.02611690823029892,0.04504694199814122,-0.3325282410378465,-0.02633604390992367,0.04491917931205252,-0.3325282410378465,-4.415592420965018e-18,1.3030306408037935e-20,3.48567679953943e-19,-4.41560350356222e-18,-8.480347743074822e-21,3.48567679953943e-19,-1567.7387356901934,-13.306093648165605,211.87552350327596,-1678355.4525959045,126.09608793838646,125893.34652582224,-0.025057491302878144,4579.738688478037
68.75851692253588,2001.0,12.0,14.0,14.0,22.0,36.0,1.0,3500622.576357745,29802.91769139421,-473703.3189655622,356.95187754836917,-286.11123376325145,4547.630514904488,3532653.6018137196,4570.5817552103035,3500726.252125799,12741.416158055112,-473703.3189655622,3532653.6018137196,356.45634609028224,-535.9872671685746,4547.630514904488,4592.960567795606,12758917.434488934,0.7241772445741703,1.6336278713112586,5.16191365590357e-08,1.9317561001252815e-06,6.148417921287221,-0.134497911005376,0.003639633315720166,136453.60181372007,-0.056588158898537036,-0.05631214534245343,816.8995870947838,-16088627338.5137,-1012205651.687569,-195955694.45756677,-16088864082.703812,-1880886455.6299095,16120437026.299236,16199619747.53973,-0.9909622189756935,-0.0036067550329626063,0.13409277341043443,-0.003639625280063787,0.9999933765419753,0.0,0.13409188525257834,0.00048804744797848235,0.9909687826158289,4554.096191381097,-537.281084607878,-0.117434705663425,1.2574854551828455e-09,175.3102908963431,0.0,-80.80514544817154,5.5,0.0,3.017790909528352e-17,2.2928426566140465,1.5707963267948966,17.845759890631278,461.0,0.006101441243929226,0.1642356992732231,0.0,0.013353723255220724,-1567.7284721369545,-13.347020879402002,212.14460122141185,-0.026125584823935934,0.045075584500030005,-0.33274380057896275,-0.026344961515440603,0.04494771966587371,-0.33274380057896275,-4.418444334688995e-18,1.305142479260569e-20,3.486849121004383e-19,-4.4184554671632005e-18,-8.48310851130361e-21,3.486849121004383e-19,-1567.7548170984699,-13.302073159736128,211.8118574208329,-1678355.5587651413,126.2845723747667,125871.76053611157,-0.024955746423075485,4579.755529790155
68.77965550300289,2001.0,12.0,14.0,14.0,22.0,36.0,1.0,3500630.12105393,29796.869699610594,-473607.1884093444,356.8799898606127,-286.1118436519756,4547.640226304355,3532648.1379818954,4570.585842333821,3500733.786334083,12730.086134061132,-473607.1884093444,3532648.137981895,356.3832218871932,-535.9885933661244,4547.640226304355,4592.964663587432,12758916.89910091,0.7241772330099507,1.6336278710725547,5.16191365590357e-08,1.933134941200288e-06,6.148445225600402,-0.13447066030686516,0.0036363890543032276,136448.13798189443,-0.05657669988999095,-0.056300742483979836,817.4212723970413,-16088627284.514975,-1012205644.4346535,-195956198.93603387,-16088863444.029886,-1880890166.99783,16120436971.951653,16199619550.250301,-0.9909658844013705,-0.0036035533788919836,0.13406576876912038,-0.00363638104011593,0.9999933883446086,0.0,0.1340648823724575,0.0004875142196805957,0.9909724363696221,4554.103287454297,-537.2809947853374,-0.1174345049050576,1.258266002586508e-09,175.29467994826985,0.0,-80.79733997413491,5.5,0.0,3.0177641298884426e-17,2.292838283166955,1.5707963267948966,17.84657041884379,461.0,0.0061052439993780705,0.16436471251926868,0.0,0.013362029829115728,-1567.7391252651478,-13.34437424781201,212.10253400111023,-0.026136389502004895,0.04510303407587152,-0.33295063790257995,-0.026355967236010247,0.04497507676596109,-0.33295063790257995,-4.421159235763527e-18,1.3067810538762198e-20,3.4882809797863037e-19,-4.4211704031425185e-18,-8.48657917139249e-21,3.4882809797863037e-19,-1567.7654812323838,-13.299399171046048,211.76958336320766,-1678355.6291920822,126.47305681114695,125850.26229432656,-0.024854002665297956,4579.772302236697
68.8128604344344,2001.0,12.0,14.0,14.0,22.0,36.0,1.0,3500641.9693547143,29787.369359557986,-473456.1840742368,356.76706616567157,-286.11280143049527,4547.655477263076,3532639.557500758,4570.592260804252,3500745.618107473,12712.288634995708,-473456.1840742368,3532639.5575007577,356.2683558417169,-535.9906756754311,4547.655477263076,4592.971095670647,12758916.057411164,0.7241772148296961,1.6336278706972962,5.16191365590357e-08,1.9350866175592492e-06,6.148488115965053,-0.13442785415970038,0.0036312929146367296,136439.5575007582,-0.05655869975662825,-0.05628283055241209,818.241180062294,-16088627199.623129,-1012205633.032446,-195956990.96517408,-16088862440.954384,-1880895995.3882046,16120436886.511372,16199619240.331797,-0.9909716406459965,-0.0035985241143563743,0.13402334893435705,-0.0036312849340961535,0.999993406863129,0.0,0.1340224653000736,0.00048667696780244253,0.9909781743007359,4554.1144312484075,-537.280853728608,-0.11743418963240304,1.2594917856059683e-09,175.27016428788065,0.0,-80.78508214394031,5.5,0.0,3.017722072665577e-17,2.292831414701224,1.5707963267948966,17.847843501253067,461.0,0.006111215940707654,0.16456753625656706,0.0,0.013375074638158103,-1567.7558552470255,-13.340216775856439,212.03645253733916,-0.026153341542906824,0.045146139931625945,-0.3332754589417137,-0.026373235183562393,0.045018037391010214,-0.3332754589417137,-4.425422683128731e-18,1.3093566865467542e-20,3.490527483628799e-19,-4.4254339054340424e-18,-8.4920243967373e-21,3.490527483628799e-19,-1567.7822284822091,-13.295198738465428,211.70317707839743,-1678355.7399111055,126.6615412475272,125828.85180046721,-0.02475226002494047,4579.789005818231
68.99842616370817,2001.0,12.0,14.0,14.0,22.0,36.0,1.0,3500708.114541316,29734.27613262329,-472612.28716663434,356.13597000404775,-286.1181484047941,4547.740619171691,3532591.6554809194,4570.628092860043,3500811.6697433796,12612.826056000205,-472612.28716663434,3532591.65548092,355.6264047218026,-536.0022921875518,4547.740619171691,4593.007003720959,12758911.338560944,0.7241771129036717,1.633627868593676,5.16191365590357e-08,1.9461281628421737e-06,6.1487278125345695,-0.13418862820479713,0.003602813482471446,136391.65548091987,-0.05645810424683877,-0.05618272795985471,822.832525998354,-16088626723.689407,-1012205569.1110593,-195961407.85989827,-16088856839.074657,-1880928533.483059,16120436407.50315,16199617508.129028,-0.9910037760270898,-0.0035704172137843997,0.13378627740156793,-0.003602805688230886,0.9999935098745255,0.0,0.13378540911184084,0.0004820059612296042,0.9910102078076849,4554.176643807399,-537.2800662992377,-0.11743242959553106,1.2663349312971612e-09,175.13330137405677,0.0,-80.71665068702839,5.5,0.0,3.0174872340841226e-17,2.292793062650393,1.5707963267948966,17.85495558223993,461.0,0.006144556205943471,0.16570466296614358,0.0,0.013447900535902287,-1567.84925672377,-13.316980796001339,211.6671253095367,-0.026247624414353084,0.04538675532468381,-0.335088844083219,-0.026469285852695312,0.04525784189229489,-0.335088844083219,-4.449222479102902e-18,1.3237893559064927e-20,3.503021591916011e-19,-4.449234010552215e-18,-8.522307545929589e-21,3.503021591916011e-19,-1567.8757260096227,-13.271722954109043,211.33203646545346,-1678356.3606466148,126.85002568390745,125807.52905453349,-0.024650518497398227,4579.805640535306
69.08508952524582,2001.0,12.0,14.0,14.0,22.0,37.0,1.0,3500738.965709469,29709.480064071166,-472218.16295719874,355.8412210459769,-286.1206423247617,4547.780331175598,3532569.3132150928,4570.644805406285,3500842.4765312187,12566.374061013832,-472218.16295719874,3532569.3132150923,355.32658617682085,-536.0077054622247,4547.780331175598,4593.023751711566,12758909.126030056,0.724177065113408,1.6336278676074998,5.16191365590357e-08,1.9513695011095593e-06,6.148839758424087,-0.13407690208408313,0.003589513145560971,136369.3132150923,-0.05641112285115297,-0.056135976768504986,824.9821036756039,-16088626500.540306,-1012205539.1427554,-195963465.2154011,-16088854225.087017,-1880943709.825912,16120436182.912663,16199616699.02511,-0.9910187645674253,-0.0035572901610179068,0.13367555484068322,-0.0035895054373229927,0.9999935577046062,0.0,0.133674693663272,0.0004798291309378003,0.9910251490441782,4554.205660969594,-537.27969905536,-0.11743160870209286,1.2693740152024193e-09,175.08473316441757,0.0,-80.68473316441757,5.5,0.0,3.017403364513452e-17,2.292779365710062,1.5707963267948966,17.85749699333527,461.0,0.006159367192077157,0.16623782866756182,0.0,0.013480246995945978,-1567.892822668362,-13.30612793868385,211.4946231885593,-0.02628827968556608,0.04549357620193365,-0.335894861270298,-0.026510741741095967,0.045364299805073616,-0.335894861270298,-4.4598237236415436e-18,1.3304035332366086e-20,3.5084294262473316e-19,-4.459835399437048e-18,-8.535410958376245e-21,3.5084294262473316e-19,-1567.919333410103,-13.260763638878776,211.158728327289,-1678356.6516915057,127.0385101202877,125786.29405652544,-0.024548778078066755,4579.82220638845
69.17910668027962,2001.0,12.0,14.0,14.0,22.0,37.0,1.0,3500772.4058569674,29682.57968817376,-471790.5915647019,355.52145198419043,-286.12334553659286,4547.823376092033,3532545.096022908,4570.66292038815,3500875.8680356727,12515.97986572274,-471790.5915647019,3532545.096022908,355.0013172940773,-536.013569513899,4547.823376092033,4593.041905111763,12758906.720026214,0.7241770131440679,1.633627866535172,5.16191365590357e-08,1.956937224630171e-06,6.148961205038157,-0.13395569387311154,0.0035750843543909815,136345.0960229081,-0.05636015411996265,-0.056085257776233764,827.3174104392529,-16088626257.879826,-1012205506.5553586,-195965693.23963878,-16088851390.941542,-1880960159.7904284,16120435938.684843,16199615821.23006,-0.991035010983189,-0.0035430488572711417,0.1335554334736913,-0.0035750767387343887,0.9999936093927362,0.0,0.13355457997336803,0.00047747092354338193,0.9910413443392029,4554.237113386635,-537.2793010133663,-0.11743071893201891,1.2724876541975287e-09,175.05013717558302,0.0,-80.65013717558301,5.5,0.0,3.0173428184130133e-17,2.2927694777814804,1.5707963267948966,17.859332123753543,461.0,0.006174546688115079,0.1668176280046237,0.0,0.013513391677615477,-1567.9400460377963,-13.294353350400938,211.30747049437915,-0.026328527264012802,0.045602980355168105,-0.33672149836101295,-0.026551827619617205,0.04547332861385723,-0.33672149836101295,-4.470725090361678e-18,1.3374182176428192e-20,3.513809203583983e-19,-4.470736922084134e-18,-8.548441496007147e-21,3.513809203583983e-19,-1567.966597865416,-13.24888002178708,210.97074899601813,-1678356.9681866933,127.22699455666795,125765.14680644305,-0.024447038762341954,4579.838703378165
69.31334527062052,2001.0,12.0,14.0,14.0,22.0,37.0,1.0,3500820.099909898,29644.17063480064,-471180.0940444423,355.06486597330223,-286.12720100739784,4547.8847695840295,3532510.5562205333,4570.688756808907,3500923.4917393825,12444.02559863588,-471180.0940444423,3532510.556220533,354.5368784860967,-536.0219268135422,4547.8847695840295,4593.067796325888,12758903.2744503,0.7241769387199468,1.6336278649997056,5.16191365590357e-08,1.964863747396435e-06,6.1491346105383435,-0.13378262874466737,0.003554483044420578,136310.55622053333,-0.05628737913947534,-0.05601283937654537,830.6576212048531,-16088625910.375042,-1012205459.8909931,-195968867.39353806,-16088847347.307781,-1880983621.6604793,16120435588.935709,16199614567.850529,-0.9910581825649388,-0.003522714341708823,0.13338391677690056,-0.003554475559661668,0.9999936828317946,0.0,0.1333830741682624,0.00047410987223543894,0.9910644432857295,4554.281972766703,-537.2787333424463,-0.1174294499168309,1.2769284859314296e-09,175.0007946007619,0.0,-80.60079460076189,5.5,0.0,3.0172564561149714e-17,2.2927553737478763,1.5707963267948966,17.861950409986274,461.0,0.006196197068086997,0.16764794512237713,0.0,0.01356066499609322,-1568.0074010260582,-13.27754001236541,211.04022874436046,-0.026385686381992565,0.04575899917129011,-0.33790051350615374,-0.026610185263931115,0.045628812073362814,-0.33790051350615374,-4.486272840988095e-18,1.3474604241922483e-20,3.521449889969914e-19,-4.486284896900273e-18,-8.56694761111954e-21,3.521449889969914e-19,-1568.0340112113222,-13.231911200292048,210.7023282308543,-1678357.4214314725,127.4154789930482,125744.0873042863,-0.024345300545620004,4579.855131504938
69.36311235032503,2001.0,12.0,14.0,14.0,22.0,37.0,1.0,3500837.766239123,29629.93088405318,-470953.7585348644,354.89558811005685,-286.12862911342097,4547.9075104994545,3532497.762350097,4570.698326833182,3500941.1317197685,12417.349275697412,-470953.7585348644,3532497.7623500973,354.36468927827445,-536.0250205477737,4547.9075104994545,4593.077386645894,12758901.993913045,0.7241769110604096,1.6336278644291076,5.16191365590357e-08,1.9679125881244628e-06,6.1491988990577475,-0.13371846640625323,0.003546845473234913,136297.76235009683,-0.056260398433283274,-0.055985990868058,831.89777135849,-16088625781.226913,-1012205442.5492476,-195970042.06426272,-16088845849.072437,-1880992312.1843772,16120435458.953531,16199614103.153778,-0.9910667655711876,-0.003515175411586505,0.13332032749018605,-0.0035468380366202278,0.9999937099501887,0.0,0.13331948889868528,0.00047286560859685726,0.9910729994697209,4554.298589202323,-537.2785230824616,-0.11742897986768994,1.278748235700453e-09,174.98251764299548,0.0,-80.58251764299547,5.5,0.0,3.0172244642108014e-17,2.2927501490734326,1.5707963267948966,17.862920525392465,461.0,0.006205065077395422,0.1679565316175536,0.0,0.0135800322711761,-1568.0323507270832,-13.271306263904556,210.94114563112197,-0.02641039641230124,0.04582304902953385,-0.3383835007021107,-0.02663537086359605,0.04569264579750943,-0.3383835007021107,-4.492645984740631e-18,1.3513761135611578e-20,3.5247523265391907e-19,-4.4926581258935304e-18,-8.574951252217536e-21,3.5247523265391907e-19,-1568.058986097947,-13.225613618107047,210.60276213041985,-1678357.5898785107,127.60396342942845,125723.1155500552,-0.024243563423297414,4579.871490769231
69.43345029552442,2001.0,12.0,14.0,14.0,22.0,37.0,1.0,3500862.720451329,29609.805113265764,-470633.86693577416,354.6563358586621,-286.1306463573077,4547.939632877385,3532479.6906297486,4570.711844739988,3500966.04844493,12379.646223520123,-470633.86693577416,3532479.690629749,354.1213222713898,-536.0293887938503,4547.939632877385,4593.090933220768,12758900.180949604,0.7241768719004457,1.633627863621311,5.16191365590357e-08,1.9720829737268115e-06,6.149289761563755,-0.1336277822300118,0.0035360510371204904,136279.6906297491,-0.05622226507691331,-0.055948044352688756,833.6524246037006,-16088625598.381973,-1012205417.9979012,-195971700.3383213,-16088843732.345816,-1881004587.8258822,16120435274.927805,16199613446.332561,-0.9910788893511796,-0.0035045201410098285,0.13323045230356934,-0.003536043668196917,0.9999937481780456,0.0,0.13322961937050265,0.00047110869727904774,0.9910850854386754,4554.322060490359,-537.2782260929406,-0.11742831591498822,1.281329910035844e-09,174.95670089964156,0.0,-80.55670089964156,5.5,0.0,3.017179272407004e-17,2.2927427686917867,1.5707963267948966,17.864291097643083,461.0,0.006217646050555496,0.16839342619130032,0.0,0.013607508520999213,-1568.067593631035,-13.262495435941235,210.80110079612248,-0.026445458425493673,0.04591391777073818,-0.33906871148091694,-0.026671107480947084,0.045783208080391116,-0.33906871148091694,-4.50168756943697e-18,1.3569302948675322e-20,3.5294383489180784e-19,-4.501699831632214e-18,-8.586308190442861e-21,3.5294383489180784e-19,-1568.094264738516,-13.216712227860844,210.46203208464158,-1678357.828363089,127.7924478658087,125702.23154374977,-0.024141827390771028,4579.887781171487
69.6969075530815,2001.0,12.0,14.0,14.0,22.0,37.0,1.0,3500956.0391851566,29534.420923652768,-469435.66340057226,353.76014669898944,-286.1381900589941,4548.059759358337,3532412.109649531,4570.762395913546,3501059.224195289,12238.42323970187,-469435.66340057226,3532412.1096495306,353.2097206303827,-536.045706103791,4548.059759358337,4593.141591598796,12758893.357832326,0.7241767245207907,1.6336278605816579,5.372690074837192e-08,1.9881187118157167e-06,6.149630103651106,-0.1332881080191588,0.003495620213024249,136212.1096495306,-0.05607942924110041,-0.05580590835047275,840.2442331016064,-16088624910.250883,-1012205325.6071666,-195977891.40337732,-16088835812.216566,-1881050493.9984057,16120434582.353338,16199610985.679651,-0.9911242277285273,-0.0034646079958422825,0.132893798579789,-0.003495613093987905,0.9999938903258845,0.0,0.1328929866419877,0.00046454530242530167,0.9911302832115637,4554.409834526843,-537.277115563575,-0.11742583305661808,1.2909843357813403e-09,174.82031328437319,0.0,-80.4601566421866,5.5,0.0,3.016943163151018e-17,2.2927042091240564,1.5707963267948966,17.871455338166385,461.0,0.006264693521151203,0.17003771092489525,0.0,0.013710260796255565,-1568.1993953490542,-13.229489464036998,210.27648312642106,-0.026575684268380233,0.04625344924279723,-0.3416295648289223,-0.02680386408141731,0.046121593982575655,-0.3416295648289223,-4.535397547705234e-18,1.3777876828948648e-20,3.546782247802795e-19,-4.5354102678117795e-18,-8.628339819742711e-21,3.546782247802795e-19,-1568.2261992131355,-13.183367870054422,209.93485356159212,-1678358.7259042766,127.98093230218895,125681.43528536998,-0.024040092443438,4579.904002712125
69.99690755308148,2001.0,12.0,14.0,14.0,22.0,37.0,1.0,3501062.0141428816,29448.578181182787,-468071.2250027774,352.7395602716246,-286.1467569013402,4548.196181041402,3532335.3630858306,4570.819802300827,3501165.031392588,12077.606751497504,-468071.2250027774,3532335.3630858306,352.17158339392114,-536.0642014284081,4548.196181041402,4593.199119725037,12758885.525923893,0.7241765553502351,1.6336278570937155,5.372690074837192e-08,2.006185561924038e-06,6.150017668488868,-0.13290130355971638,0.0034495828493802767,136135.36308583058,-0.05591677405593329,-0.055644050075612364,847.7873724550009,-16088624120.397055,-1012205219.5757147,-195984902.53944978,-16088826809.42583,-1881102626.5158188,16120433787.400354,16199608182.82984,-0.99117571564156,-0.003419156311632474,0.1325104150342828,-0.0034495760079291146,0.9999940501949827,0.0,0.13250962662315058,0.00045710474850299137,0.9911816129788941,4554.5095143999,-537.2758545956829,-0.1174230135753182,1.3019481305956285e-09,174.6505186940437,0.0,-80.30103738808744,5.450518694043714,0.0,3.016649822061027e-17,2.292656302888529,1.5707963267948966,17.88036445422512,461.0,0.006318124521528782,0.1719251358426498,0.0,0.013826619241215357,-1568.3490866724935,-13.191897346488037,209.67897034251783,-0.02672122197990352,0.04663452197706259,-0.34452935569866266,-0.026952271459909267,0.04650136995056998,-0.34452935569866266,-4.573527988392511e-18,1.401688628382683e-20,3.5661381350636507e-19,-4.573541240519642e-18,-8.674962639023347e-21,3.5661381350636507e-19,-1568.3760389439535,-13.145395976537467,209.33444098681917,-1678359.7561472245,128.1694167385692,125660.72677491585,-0.023938358576695767,4579.920155391544
70.16387141917001,2001.0,12.0,14.0,14.0,22.0,38.0,1.0,3501120.8614824335,29400.801615144883,-467311.8342588208,352.17151455532377,-286.15151404232745,4548.271936763928,3532292.7461185115,4570.8516794364705,3501223.783085068,11988.102543530953,-467311.8342588208,3532292.7461185115,351.5937695914072,-536.074455599112,4548.271936763928,4593.231064459492,12758881.13860192,0.7241764605828839,1.6336278551406513,5.372690074837192e-08,2.016452529912011e-06,6.150233373469974,-0.1326860216996549,0.0034239615741936567,136092.74611851107,-0.05582624554277372,-0.05555396508288858,852.0014683008194,-16088623677.939857,-1012205160.1923224,-195988786.77152967,-16088821806.317984,-1881131575.6115196,16120433342.087542,16199606622.531176,-0.9912043068719082,-0.0033938587215638274,0.1322970285439479,-0.0034239548840546527,0.999994138249296,0.0,0.1322962530517477,0.0004529790570289682,0.9912101170985099,4554.564866847528,-537.2751544688902,-0.11742144798356893,1.3079326419057166e-09,174.5792746243174,0.0,-80.18963731215871,5.4,0.0,3.0165257032124116e-17,2.2926360327422786,1.5707963267948966,17.884136861288678,461.0,0.00634729454853893,0.1729825066288585,0.0,0.013889975386116533,-1568.4322159926046,-13.17097188403703,209.3463678531192,-0.026798918678541058,0.04684044769902562,-0.3461094369280876,-0.027031541672655774,0.04670658773431951,-0.3461094369280876,-4.594342684589945e-18,1.4149706180577817e-20,3.5765044621913443e-19,-4.594356236871407e-18,-8.69979028103949e-21,3.5765044621913443e-19,-1568.4592475342772,-13.12426529630271,209.00025841619112,-1678360.3332749978,128.35790117494943,125640.10601238736,-0.023836625785942155,4579.936239210118
70.22975392830755,2001.0,12.0,14.0,14.0,22.0,38.0,1.0,3501144.056041562,29381.94917363416,-467012.18170768215,351.9473603013718,-286.1533890641264,4548.30179602458,3532275.948727077,4570.864243687009,3501246.9394539385,11952.784480255264,-467012.18170768215,3532275.9487270773,351.36576088554466,-536.0784940682133,4548.30179602458,4593.243655353539,12758879.402084094,0.7241764230735371,1.6336278543677407,5.372690074837192e-08,2.02046778285329e-06,6.150318490227046,-0.13260107189075432,0.0034138517656142377,136075.94872707734,-0.055790523103259076,-0.05551841765331854,853.6672583222389,-16088623502.815222,-1012205136.6901842,-195990315.9623253,-16088819833.61245,-1881142985.8770142,16120433165.832767,16199606006.804815,-0.9912155760978073,-0.003383876190240085,0.13221282495666253,-0.0034138451345616053,0.9999941728137206,0.0,0.132212054527903,0.0004513541092049476,0.9912213521292703,4554.5866840537565,-537.2748785322186,-0.11742083091884488,1.3100923065186283e-09,174.5312820773638,0.0,-80.16564103868191,5.4,0.0,3.0164432238819306e-17,2.2926225628454016,1.5707963267948966,17.886644609382714,461.0,0.0063578247328064195,0.1734010251967632,0.0,0.0139129670605031,-1568.4649825226463,-13.16271414698919,209.21511417275636,-0.026825604470455615,0.04691609189575018,-0.34668187920176796,-0.027058821808172477,0.04678197191578583,-0.34668187920176796,-4.601839897345617e-18,1.4199934912842956e-20,3.5800354682399354e-19,-4.601853566095927e-18,-8.708338741811259e-21,3.5800354682399354e-19,-1568.4920413444545,-13.115932175073404,208.86843229355458,-1678360.5617043544,128.5463856113297,125619.57299778453,-0.023734894066575203,4579.952254168203
70.38538940117456,2001.0,12.0,14.0,14.0,22.0,38.0,1.0,3501198.7903280295,29337.413211192816,-466304.2991220549,351.4178179487482,-286.15781373297955,4548.372258285258,3532236.3104113084,4570.893892563164,3501301.5825143345,11869.350908962302,-466304.2991220549,3532236.3104113084,350.827112980224,-536.0880168276012,4548.372258285258,4593.273367101846,12758875.288462412,0.7241763342177784,1.633627852537008,5.372690074837192e-08,2.0298969761037678e-06,6.150519566313701,-0.13240039016355654,0.003389969461956658,136036.31041130843,-0.05570613382969967,-0.055434441810331636,857.6085842698812,-16088623087.967505,-1012205081.0197598,-195993920.55634993,-16088815176.82973,-1881169911.7977917,16120432748.308092,16199604552.214693,-0.9912421692156345,-0.003360293555099145,0.1320139022827033,-0.00338996296909936,0.9999942540590262,0.0,0.13201314373861306,0.00044752224014466566,0.9912478648673564,4554.638168430233,-537.2742274190588,-0.11741937479832262,1.315188661403203e-09,174.4180297465955,0.0,-80.10901487329774,5.4,0.0,3.016248550989763e-17,2.2925907703494257,1.5707963267948966,17.892566443549565,461.0,0.006382674403550848,0.17439246350969753,0.0,0.013967223324425172,-1568.5423075134254,-13.143205105028576,208.90502514991775,-0.02688830263423644,0.04709457347046036,-0.34803273409960417,-0.027122925735416515,0.04695983995358114,-0.34803273409960417,-4.619530514591682e-18,1.4318879471400856e-20,3.5883313202938673e-19,-4.619544460247361e-18,-8.728422018418043e-21,3.5883313202938673e-19,-1568.569430439161,-13.096245265074995,208.55699241581814,-1678361.1028288882,128.73487004770993,125599.12773110735,-0.02363316341399335,4579.96820026613
70.4713504470342,2001.0,12.0,14.0,14.0,22.0,38.0,1.0,3501228.9859997462,29312.814681351563,-465913.31461536954,351.1253283535449,-286.16025472991305,4548.411131134412,3532214.4428453427,4570.9102491107715,3501331.7271922743,11823.267996736578,-465913.31461536954,3532214.442845343,350.52959411340277,-536.0932659898458,4548.411131134412,4593.289758334041,12758873.009579008,0.724176284992929,1.6336278515229383,5.372690074837192e-08,2.035195337129329e-06,6.150630627176435,-0.1322895471002685,0.00337677888846531,136014.44284534315,-0.05565952279759408,-0.05538805912622982,859.7891474068165,-16088622858.150307,-1012205050.1813987,-195995906.73756608,-16088812606.819572,-1881184766.276364,16120432517.008036,16199603748.786097,-0.9912568401061768,-0.003347267893285792,0.13190402852213504,-0.0033767724711057396,0.9999942986875867,0.0,0.13190327649605987,0.0004454098923414919,0.9912624916033249,4554.666571413097,-537.2738682383638,-0.11741857150303579,1.3179446443321054e-09,174.38055355667896,0.0,-80.08055355667894,5.4,0.0,3.016183280373188e-17,2.292580110848805,1.5707963267948966,17.894552846345547,461.0,0.006396115581985,0.17494170729540576,0.0,0.013996567928847285,-1568.584967689729,-13.132428828191527,208.73374020222306,-0.026921675127350737,0.047191392809868137,-0.34876434949064766,-0.027157067571294814,0.04705632612015113,-0.34876434949064766,-4.629159527364377e-18,1.438434329243104e-20,3.5927853946657313e-19,-4.629173626622635e-18,-8.739204870932723e-21,3.5927853946657313e-19,-1568.6121247573003,-13.085372502071376,208.38497585273242,-1678361.402603738,128.9233544840902,125578.77021235583,-0.02353143382359526,4579.9840775042085
70.58514492491373,2001.0,12.0,14.0,14.0,22.0,38.0,1.0,3501268.9200922986,29280.251040851566,-465395.727619718,350.7381209540222,-286.163482981985,4548.462541336064,3532185.522759527,4570.931880745989,3501371.593114751,11762.263148588794,-465395.727619718,3532185.522759527,350.13572893653,-536.100203318008,4548.462541336064,4593.311435839382,12758869.985541778,0.7241762196723084,1.6336278501773924,5.575503985246929e-08,2.0421659505787933e-06,6.150777650672759,-0.13214281190827695,0.0033593175102912855,135985.52275952697,-0.0555978185407888,-0.055326657155375006,862.6796359419823,-16088622553.189362,-1012205009.2613158,-195998530.86756936,-16088809206.914698,-1881204411.5421898,16120432210.079475,16199602685.208399,-0.9912762425851566,-0.003330024165718086,0.13175857401061047,-0.003359311191970586,0.9999943574982388,0.0,0.13175783056262458,0.00044261805231192853,0.9912818358946615,4554.704134893014,-537.2733932445918,-0.11741750915141858,1.3215596550591295e-09,174.3444034494087,0.0,-80.0444034494087,5.4,0.0,3.0161195630648466e-17,2.2925697050226703,1.5707963267948966,17.896492417492848,461.0,0.0064137482250198035,0.17567055322595632,0.0,0.014035061645547835,-1568.6413881006454,-13.118162210586778,208.50697757036593,-0.026965069722598208,0.04731855055507654,-0.34972462420809497,-0.027201477378118635,0.04718304611007663,-0.34972462420809497,-4.641824141109681e-18,1.447097407185202e-20,3.598598680554366e-19,-4.641838444646975e-18,-8.75327804653306e-21,3.598598680554366e-19,-1568.6685895780236,-13.070979164476702,208.15725294615783,-1678361.8003997318,129.11183892047043,125558.50044152996,-0.023429705290779965,4579.999885882724
70.69942921453276,2001.0,12.0,14.0,14.0,22.0,38.0,1.0,3501308.981727414,29247.546865420303,-464875.90686214506,350.34923285764944,-286.1667215535704,4548.514116247455,3532156.5103069264,4570.953581386604,3501411.5855238414,11700.994920223628,-464875.90686214506,3532156.510306927,349.7401543233769,-536.1071573572465,4548.514116247455,4593.333182495928,12758866.940117747,0.7241761538895714,1.6336278488224711,5.372690074837192e-08,2.0490586703481396e-06,6.150925309418259,-0.13199544269039493,0.0033417811866528102,135956.51030692644,-0.05553584756202326,-0.05526498976470744,865.586990237236,-16088622246.0743,-1012204968.0542722,-196001160.38295972,-16088805794.954762,-1881224119.622052,16120431900.98303,16199601617.042597,-0.9912957071145146,-0.003312705676002695,0.13161248815153712,-0.0033417749667652144,0.9999944162544466,0.0,0.13161175326089164,0.0004398193182184901,0.9913012422884183,4554.741818614302,-537.272916763881,-0.11741644342379358,1.3251862116341928e-09,174.30813788365808,0.0,-80.00813788365807,5.4,0.0,3.01605563701494e-17,2.292559265106451,1.5707963267948966,17.898438780477456,461.0,0.006431437672040005,0.17640455488322393,0.0,0.01407367887023033,-1568.697990861026,-13.103832950716274,208.2792192577531,-0.027008400719741383,0.04744610143327843,-0.35068798584930655,-0.027245829246317067,0.04731015788745167,-0.35068798584930655,-4.6545290132385365e-18,1.4558192577682747e-20,3.60440389558286e-19,-4.65454352326356e-18,-8.767331160508294e-21,3.60440389558286e-19,-1568.7252366902724,-13.056522792828822,207.9285312719038,-1678362.2010092381,129.3003233568507,125538.31841862976,-0.023327977810946747,4580.015625401941
70.7388641055906,2001.0,12.0,14.0,14.0,22.0,38.0,1.0,3501322.7950652926,29236.261889916605,-464696.5363529028,350.2150400292694,-286.16783822211863,4548.531899507318,3532146.506750748,4570.961063795126,3501425.3747972813,11679.853545624392,-464696.5363529028,3532146.506750748,349.6036542291818,-536.1095538570513,4548.531899507318,4593.34068077068,12758865.887331089,0.7241761311487991,1.633627848354112,5.575503985246929e-08,2.051603648602812e-06,6.1509762610450816,-0.131944590963582,0.003335730159697917,135946.5067507485,-0.055514463619645064,-0.05524371057854503,866.5912193953991,-16088622139.906902,-1012204953.8097442,-196002066.34922558,-16088804618.22642,-1881230915.0267413,16120431794.13071,16199601248.460693,-0.9913024185449976,-0.0033067296396968506,0.1315620786014284,-0.0033357239735365735,0.9999944364573097,0.0,0.13156134665018768,0.0004388547795990878,0.9913079337290062,4554.75481210519,-537.27275247931,-0.11741607596255664,1.3265489391680937e-09,174.29500964392642,0.0,-79.99500964392642,5.4,0.0,3.016032542170655e-17,2.2925554934321526,1.5707963267948966,17.899142059396716,461.0,0.006438082047093036,0.17665829688376752,0.0,0.014088186258432639,-1568.7175081142027,-13.098888215380592,208.20062450803903,-0.027025579165061108,0.047494045767422124,-0.35104984087856966,-0.027263380117224872,0.04735793932540435,-0.35104984087856966,-4.659302230682681e-18,1.4589567840531174e-20,3.606703212715656e-19,-4.65931681349899e-18,-8.772900318560434e-21,3.606703212715656e-19,-1568.7447714943198,-13.051530276055187,207.84957466716045,-1678362.3394978233,129.48880779323093,125518.22414365518,-0.02322625137949524,4580.0312960620995
70.77979548830753,2001.0,12.0,14.0,14.0,22.0,38.0,1.0,3501337.1270005316,29224.548620895897,-464510.35827528423,350.0757530280485,-286.16899681421876,4548.550350466034,3532136.127628643,4570.968827100059,3501439.6816586424,11657.909789418025,-464510.35827528423,3532136.127628643,349.4619723947646,-536.1120396397223,4548.550350466034,4593.348460537409,12758864.793299766,0.7241761075170995,1.633627847867423,5.372690074837192e-08,2.0540914251286208e-06,6.151029146508262,-0.13189180918856253,0.00332944953287817,135936.12762864353,-0.05549226804879251,-0.05522162373937437,867.6343362480402,-16088622029.580553,-1012204939.0074859,-196003005.95038202,-16088803397.144773,-1881237965.5584848,16120431683.092627,16199600865.866339,-0.9913093819544805,-0.003300526754399115,0.1315097554258592,-0.0033294433815936123,0.9999944573880241,0.0,0.1315090265183138,0.0004378542848176215,0.9913148764281865,4554.768293440728,-537.2725820298193,-0.11741569470774778,1.3281799440703004e-09,174.28018232663365,0.0,-79.98018232663364,5.4,0.0,3.0160065456744197e-17,2.292551247882129,1.5707963267948966,17.899933767245745,461.0,0.006446029596400693,0.17692198068963766,0.0,0.014105543206674433,-1568.7377583790424,-13.093755679693109,208.11904474016237,-0.027047791424892317,0.047551459744466826,-0.3514826770445579,-0.02728601754454874,0.04741516204077242,-0.3514826770445579,-4.665013753876285e-18,1.4624543955558748e-20,3.6096725588043626e-19,-4.6650284148145395e-18,-8.780097594231242e-21,3.6096725588043626e-19,-1568.765044396587,-13.046340517652336,207.76756206311782,-1678362.4834119603,129.67729222961117,125498.21761660629,-0.023124525991825323,4580.04689786342
70.93241634173954,2001.0,12.0,14.0,14.0,22.0,38.0,1.0,3501390.516227452,29180.8729348989,-463816.1493918589,349.5563777023125,-286.1733127944411,4548.619084361745,3532097.463393313,4570.997746747201,3501492.9765284103,11576.087205888087,-463816.1493918589,3532097.463393313,348.93366736183606,-536.1212934650814,4548.619084361745,4593.377441506972,12758860.702154497,0.7241760191458597,1.633627846047612,5.372690074837192e-08,2.0635283832913073e-06,6.151226343260328,-0.13169499903212664,0.0033060312011245724,135897.46339331288,-0.05540950614836442,-0.055139267267897,871.5309866070747,-16088621617.016665,-1012204883.6571628,-196006502.75501844,-16088798846.784687,-1881264230.19776,16120431267.867373,16199599439.036882,-0.9913353220906026,-0.0032773974460961934,0.13131465204424658,-0.0033060251787279176,0.9999945350838262,0.0,0.13131393442068076,0.0004341295459941746,0.9913407396846446,4554.818514254253,-537.2719470971577,-0.11741427447884102,1.3342557524794042e-09,174.22494770473267,0.0,-79.92494770473269,5.4,0.0,3.015909695861638e-17,2.2925354311073907,1.5707963267948966,17.902883909412544,461.0,0.006475636442250194,0.17790803941383337,0.0,0.014170201959865906,-1568.8131969549281,-13.074616597824939,207.81483606426116,-0.027130258521052806,0.047765316211675166,-0.3530951015392969,-0.027370071775188534,0.04762830598752705,-0.3530951015392969,-4.686289895674722e-18,1.4755263810929106e-20,3.620697247246866e-19,-4.6863048496708565e-18,-8.806819206352067e-21,3.620697247246866e-19,-1568.8405670267034,-13.026988291837412,207.46174096272185,-1678363.0215810705,129.86577666599143,125478.29883748302,-0.023022801643337164,4580.062430806095
71.04195403045391,2001.0,12.0,14.0,14.0,22.0,39.0,1.0,3501428.785408356,29149.526002264534,-463317.9014730446,349.1836008398186,-286.1764064723583,4548.668353033717,3532069.7490250356,4571.018476073725,3501531.1771480483,11517.361355553363,-463317.9014730446,3532069.7490250356,348.5544814594844,-536.1279205412019,4548.668353033717,4593.39821478824,12758857.754394243,0.7241759554722677,1.6336278447365877,5.372690074837192e-08,2.070189102391267e-06,6.151367876208586,-0.13155374352431556,0.0032892238387793094,135869.74902503518,-0.05535010577370022,-0.05508015787521796,874.3345640748739,-16088621319.758183,-1012204843.7792821,-196009005.95779777,-16088795583.553059,-1881283056.6296365,16120430968.691519,16199598414.742716,-0.9913539159623287,-0.003260796692571692,0.1311746183950459,-0.0032892179077673167,0.9999945905081463,0.0,0.1311739088070163,0.0004314619038695291,0.9913592787122709,4554.854512556768,-537.2714920038322,-0.11741325648285873,1.3384644249949723e-09,174.17071150010054,0.0,-79.88535575005028,5.385355750050278,0.0,3.015815567450241e-17,2.2925200587712258,1.5707963267948966,17.905752120302058,461.0,0.006496147579226781,0.17861851302781584,0.0,0.014214905179432635,-1568.8672733762808,-13.060878910336102,207.59648056233777,-0.02718584339434855,0.047913109925874935,-0.35420928557403525,-0.02742676997292786,0.047775605414093106,-0.35420928557403525,-4.700957798274549e-18,1.4847634025183483e-20,3.6281064348794565e-19,-4.7009729629200415e-18,-8.824697683799388e-21,3.6281064348794565e-19,-1568.8947001462536,-13.013103304922009,207.24227127676374,-1678363.409343982,130.05426110237167,125458.46780628542,-0.02292107832943127,4580.077894890298
71.14416171200054,2001.0,12.0,14.0,14.0,22.0,39.0,1.0,3501464.456878693,29120.27642783259,-462852.9902789029,348.8357577398035,-286.1792901544541,4548.7142777403415,3532043.9159067874,4571.037798193102,3501566.7840119395,11462.564648222977,-462852.9902789029,3532043.9159067874,348.2006581304709,-536.1340932246616,4548.7142777403415,4593.417577878062,12758854.995925369,0.7241758958873674,1.6336278435098488,5.575503985246929e-08,2.0766146181346656e-06,6.151499940088638,-0.13142193850041745,0.0032735413632466585,135843.91590678738,-0.05529467940438503,-0.05502500301686541,876.9551447331905,-16088621041.590515,-1012204806.463891,-196011336.76460916,-16088792540.729212,-1881300605.1662097,16120430688.729704,16199597458.880356,-0.9913712477476306,-0.0032453063781570147,0.1310439511225822,-0.0032735355166650573,0.9999946419682563,0.0,0.13104324898493225,0.0004289770282438926,0.9913765595747068,4554.888067484624,-537.2710678224875,-0.11741230760224128,1.3421548704589466e-09,174.09690259082106,0.0,-79.84845129541054,5.348451295410535,0.0,3.015688589275194e-17,2.292499321661533,1.5707963267948966,17.909622813240542,461.0,0.006514136904470147,0.17928338774812122,0.0,0.014253961976707006,-1568.9176808631873,-13.048059496790394,207.3927206835919,-0.027232288407467675,0.04804215755765621,-0.3551817371655204,-0.027474211282899876,0.04790421848944766,-0.3551817371655204,-4.713704320380529e-18,1.493125677064425e-20,3.6342602055094877e-19,-4.713719680591833e-18,-8.839411973676974e-21,3.6342602055094877e-19,-1568.9451550744702,-13.000155278300946,207.0375389464264,-1678363.7722067311,130.24274553875193,125438.72452301347,-0.02281935604550841,4580.093290116173
71.36684503771033,2001.0,12.0,14.0,14.0,22.0,39.0,1.0,3501542.0524012703,29056.54837297934,-461840.0563272936,348.07786153243035,-286.18556298871414,4548.814178258716,3531987.7215763717,4571.079828933168,3501644.2366576972,11343.175030967652,-461840.0563272936,3531987.7215763717,347.4297323727489,-536.1475053393433,4548.814178258716,4593.459697738266,12758848.959813163,0.7241757655025991,1.6336278408258493,5.575503985246929e-08,2.0904157062474936e-06,6.151787678759709,-0.13113476375103977,0.0032393740162092264,135787.72157637123,-0.05517391699877253,-0.0549048321641243,882.6795026808977,-16088620432.908445,-1012204724.8162954,-196016398.65832436,-16088785918.095259,-1881338778.3351798,16120430076.12205,16199595375.987358,-0.9914089494894587,-0.003211555623954731,0.13075924740790676,-0.003239368350793228,0.9999947532325797,0.0,0.13075856134454755,0.0004235773676267146,0.9914141512089273,4554.96105956991,-537.2701451772526,-0.1174102435650398,1.3501826319469664e-09,173.96817368053033,0.0,-79.76817368053034,5.3,0.0,3.015466005601113e-17,2.2924629709889572,1.5707963267948966,17.916412045395944,461.0,0.00655327211579893,0.18073833846519194,0.0,0.014339114906257725,-1569.0273372872919,-13.020126002242447,206.94872801395786,-0.027333301874460696,0.0483233272576719,-0.35730329657148974,-0.027577401922656033,0.04818443993457576,-0.35730329657148974,-4.7415765872823094e-18,1.5114371474092688e-20,3.647694331138695e-19,-4.741592377067515e-18,-8.871697923110005e-21,3.647694331138695e-19,-1569.0549146892145,-12.971941562307872,206.59142471738636,-1678364.5662275758,130.43122997513217,125419.06898766718,-0.02271763478696963,4580.108616483849
71.66684503771032,2001.0,12.0,14.0,14.0,22.0,39.0,1.0,3501646.322592096,28970.69143941028,-460475.3919324361,347.05673657605075,-286.193992229439,4548.948423939832,3531912.2095630514,4571.136307665275,3501748.309776698,11182.328078977178,-460475.3919324361,3531912.2095630514,346.39105346471865,-536.1654950430318,4548.948423939832,4593.516296222298,12758840.770840218,0.7241755886134158,1.633627837185586,5.575503985246929e-08,2.1090276256748928e-06,6.152175335982172,-0.13074786612987283,0.0031933448892699067,135712.20956305088,-0.05501121861510386,-0.05474293072916788,890.4231930673122,-16088619607.14767,-1012204614.0654795,-196023182.7797473,-16088777010.898735,-1881390074.430988,16120429245.036644,16199592569.159824,-0.9914596122449812,-0.003166083247680891,0.13037566185412167,-0.003193339461942692,0.999994901278542,0.0,0.13037499710493697,0.0004163337458756632,0.991464667447156,4555.059145179448,-537.2689055048099,-0.11740747008251742,1.3609700624213013e-09,173.82059875157398,0.0,-79.66029937578699,5.3,0.0,3.0152096870524076e-17,2.2924211109932617,1.5707963267948966,17.924236864061836,461.0,0.006605865403283467,0.18271221122789236,0.0,0.014453942641321991,-1569.1747025555844,-12.982486503266951,206.35046192639646,-0.027468811171639622,0.04870186239259546,-0.36016535834012536,-0.027715857011285015,0.04856169537629943,-0.36016535834012536,-4.779225644734969e-18,1.5362714558476248e-20,3.665756201561297e-19,-4.779242020574387e-18,-8.915439811637196e-21,3.665756201561297e-19,-1569.2024184125958,-12.933924807890651,205.99029656805635,-1678365.6434478555,130.61971441151243,125399.50120024654,-0.022615914549216246,4580.123873993426
71.85301258793865,2001.0,12.0,14.0,14.0,22.0,39.0,1.0,3501710.874306495,28917.410919074275,-459628.5176093875,346.4230205813863,-286.19921062606574,4549.031534526792,3531865.4614934614,4571.171272165471,3501812.736548495,11082.51042678557,-459628.5176093875,3531865.4614934614,345.7464439401179,-536.176613011701,4549.031534526792,4593.551334855975,12758835.656447131,0.7241754781373808,1.6336278349125775,5.575503985246929e-08,2.1206818309575036e-06,6.152415908234762,-0.13050776518168203,0.00316478186022347,135665.4614934614,-0.05491025088436367,-0.05464245755516105,895.2467027902603,-16088619091.431217,-1012204544.9052081,-196027372.40222082,-16088771492.063578,-1881421831.0537984,16120428725.995243,16199590826.960241,-0.9914909768583714,-0.003137863134259732,0.13013760649167877,-0.0031647765772324305,0.9999949920820684,0.0,0.13013695477322565,0.00041185644884195606,0.9914959421886793,4555.119868913906,-537.2681381306693,-0.11740575312885913,1.367713193884634e-09,173.69351641923058,0.0,-79.5870328384612,5.3,0.0,3.014990637911952e-17,2.292385337553833,1.5707963267948966,17.93092954510841,461.0,0.0066387393763510764,0.18394504062981124,0.0,0.014525715554702926,-1569.2659409424925,-12.95912474913538,205.97913535998202,-0.027553099540501173,0.048937729891790065,-0.3619527989769454,-0.02780198639861554,0.04879676478560608,-0.3619527989769454,-4.8026614151444e-18,1.551808052004168e-20,3.6769332365959616e-19,-4.802678160253568e-18,-8.942503186186712e-21,3.6769332365959616e-19,-1569.293742928891,-12.910327984349774,205.61718256100508,-1678366.316222543,130.80819884789267,125380.02116075154,-0.02251419532764991,4580.139062644979
71.94950920451545,2001.0,12.0,14.0,14.0,22.0,39.0,1.0,3501744.2871068884,28889.79353323665,-459189.54938164743,346.094530737277,-286.20191173741944,4549.074554106231,3531841.2640883853,4571.189370098903,3501846.0837890957,11030.770920285286,-459189.54938164743,3531841.2640883853,345.4123075471175,-536.1823620381715,4549.074554106231,4593.569471161034,12758832.995139282,0.724175420650291,1.6336278337300612,5.575503985246929e-08,2.12679821490651e-06,6.152540607041273,-0.13038331064540526,0.003149976947183463,135641.26408838574,-0.05485791490577338,-0.054590377922234756,897.7525579184294,-16088618823.077513,-1012204508.9215608,-196029537.90505058,-16088768634.014967,-1881438268.7377574,16120428455.911648,16199589923.750107,-0.9915072116620078,-0.0031232351896575035,0.13001420931644567,-0.003149971737987917,0.9999950388267184,0.0,0.13001356429342417,0.0004095410848836492,0.9915121307254993,4555.151300519792,-537.2677409512895,-0.11740486442870754,1.3715156432536658e-09,173.65894869769394,0.0,-79.51789739538789,5.3,0.0,3.0149299433858376e-17,2.2923754253854987,1.5707963267948966,17.93278488105743,461.0,0.006657272788612909,0.18458655779143027,0.0,0.014566155198364714,-1569.3131693083765,-12.947014325756324,205.78664458927759,-0.027602842227282872,0.04906861590846721,-0.3629616455577065,-0.027852729712614526,0.04892720525181253,-0.3629616455577065,-4.8159630788112466e-18,1.5602682243527315e-20,3.683581245989782e-19,-4.815980021120508e-18,-8.958589978099715e-21,3.683581245989782e-19,-1569.341022038089,-12.898087120504512,205.42368294371988,-1678366.66630546,130.99668328427293,125360.6288691822,-0.022412477117672483,4580.154182438563
72.06127530205701,2001.0,12.0,14.0,14.0,22.0,40.0,1.0,3501782.9474796015,28857.805687768076,-458681.11428915383,345.71404878627754,-286.205037066152,4549.124330415216,3531813.266413384,4571.21031022922,3501884.6675469037,10970.84353853834,-458681.11428915383,3531813.2664133837,345.025285475462,-536.1890090263199,4549.124330415216,4593.590455688637,12758829.903517745,0.7241753538678255,1.6336278323566293,5.575503985246929e-08,2.1337297343816926e-06,6.152685040119707,-0.1302391604705966,0.0031328295156686833,135613.26641338365,-0.05479729636862222,-0.05453005629537008,900.659949183464,-16088618511.335268,-1012204467.1244242,-196032040.86344627,-16088765325.845438,-1881457288.040229,16120428142.160099,16199588877.434244,-0.9915259962492657,-0.0031062920689687024,0.1298712813191713,-0.003132824391082257,0.9999950926936265,0.0,0.12987064400100476,0.00040686391781780536,0.9915308619949843,4555.18766871938,-537.2672814124562,-0.11740383617043358,1.375915277896853e-09,173.61895201911952,0.0,-79.43790403823904,5.3,0.0,3.014859710539086e-17,2.2923639554911914,1.5707963267948966,17.934932284797217,461.0,0.00667871745593189,0.185331809547221,0.0,0.014612946396033864,-1569.367816891512,-12.93298647909869,205.56367706897362,-0.02766017880520723,0.04922002180061866,-0.3641289519852174,-0.027911226513740475,0.04907809564447343,-0.3641289519852174,-4.831353445693072e-18,1.5700905846476697e-20,3.6912444993534623e-19,-4.831370617820854e-18,-8.977132730297026e-21,3.6912444993534623e-19,-1569.3957281180255,-12.883908383454216,205.1995481169884,-1678367.0729943588,131.18516772065317,125341.32432553853,-0.022310759914686167,4580.169233374206
72.13463790889638,2001.0,12.0,14.0,14.0,22.0,40.0,1.0,3501808.300802199,28836.80886496803,-458347.37747189426,345.46429547185016,-286.20708664466906,4549.156973748927,3531794.9056461453,4571.224042606093,3501909.9701825595,10931.507155253752,-458347.37747189426,3531794.905646145,344.77123922354673,-536.1933652104722,4549.156973748927,4593.604217180663,12758827.868791677,0.724175309915396,1.6336278314528927,5.575503985246929e-08,2.138459407712188e-06,6.1527798463748615,-0.13014453990021707,0.0031215741529486006,135594.90564614488,-0.05475750614074761,-0.054490460958171213,902.5712789148092,-16088618306.165903,-1012204439.6189089,-196033680.75314063,-16088763155.622736,-1881469760.8447888,16120427935.668509,16199588190.527765,-0.9915383151451378,-0.0030951704295676882,0.12977746152222824,-0.003121569083397487,0.99999512789136,0.0,0.1297768292323367,0.00040510931160959464,0.9915431460510665,4555.211518943026,-537.2669800593496,-0.11740316185119788,1.3786367942318875e-09,173.5936320576811,0.0,-79.39363205768113,5.293632057681124,0.0,3.0148151852191536e-17,2.2923566839546208,1.5707963267948966,17.936293944200496,461.0,0.006691986311457331,0.18582229451691817,0.0,0.014641859950967177,-1569.4036556553456,-12.923778049114752,205.41731242102708,-0.027694270740118456,0.04931404074805094,-0.36485026428765965,-0.02794605393804275,0.04917179390686712,-0.36485026428765965,-4.840862601228089e-18,1.5763651306974292e-20,3.6958046090574183e-19,-4.8408799231280485e-18,-8.988132569391256e-21,3.6958046090574183e-19,-1569.4316017092835,-12.874606255207885,205.0524621567394,-1678367.3406535275,131.37365215703343,125322.1075298205,-0.022209043714093348,4580.184215451913
72.16251687110717,2001.0,12.0,14.0,14.0,22.0,40.0,1.0,3501817.93066522,28828.829697562825,-458220.5515236907,345.3693837273732,-286.20786512943255,4549.169372602388,3531787.9317406435,4571.229258514801,3501919.580701151,10916.558617629717,-458220.5515236907,3531787.9317406435,344.67469608578403,-536.1950192049992,4549.169372602388,4593.609444147998,12758827.094616018,0.7241752931922918,1.6336278311090564,5.575503985246929e-08,2.1401719814994527e-06,6.1528158745227435,-0.13010858231353292,0.003117296958236141,135587.93174064392,-0.0547423850986983,-0.05447541397779883,903.2980962991714,-16088618228.103045,-1012204429.1538886,-196034303.30683088,-16088762331.17896,-1881474498.3522506,16120427857.102587,16199587929.487154,-0.9915429941953586,-0.003090943971896264,0.12974180793971296,-0.003117291909495444,0.9999951412337716,0.0,0.12974117755459813,0.000404443088213779,0.9915478118943809,4555.220577914822,-537.266865600264,-0.11740290572867948,1.3795085324195072e-09,173.58491467580492,0.0,-79.38491467580494,5.284914675804927,0.0,3.014799792608258e-17,2.2923541701504924,1.5707963267948966,17.936764726023522,461.0,0.00669624009433191,0.186008916503159,0.0,0.014651089194094934,-1569.4172683928796,-12.920278566943583,205.36168942317875,-0.027703850394145395,0.04934455431777788,-0.3650805063278445,-0.027955886714126278,0.04920220285219209,-0.3650805063278445,-4.843897148636237e-18,1.578567653874787e-20,3.697089731289236e-19,-4.843914525727261e-18,-8.99119561000364e-21,3.697089731289236e-19,-1569.4452242795937,-12.871076364091392,204.9966089168509,-1678367.4424929153,131.56213659341367,125302.97848202812,-0.02210732851129678,4580.199128671663
72.19601384105988,2001.0,12.0,14.0,14.0,22.0,40.0,1.0,3501829.497583114,28819.24258564235,-458068.1678844592,345.2553448258947,-286.20880020759773,4549.184265533748,3531779.5550282355,4571.235523600479,3501931.124316284,10898.597675912599,-458068.1678844592,3531779.555028235,344.5586970358798,-536.197005465093,4549.184265533748,4593.6157225167,12758826.163779786,0.7241752730851231,1.633627830695652,5.771194914292421e-08,2.1422978175774785e-06,6.1528591630423755,-0.13006537857282371,0.0031121578645549675,135579.55502823554,-0.054724216864059996,-0.05445733472939599,904.1717007905245,-16088618134.243765,-1012204416.5713649,-196035050.85488424,-16088761340.802427,-1881480188.8181283,16120427762.638456,16199587615.843111,-0.9915486144458096,-0.0030858657812875495,0.12969896924407479,-0.003112152840742784,0.9999951572406218,0.0,0.12969834114317513,0.0004036430155743583,0.9915534163004153,4555.231459125863,-537.266728119799,-0.11740259808819871,1.3805556214705565e-09,173.57444378529442,0.0,-79.37444378529443,5.274443785294435,0.0,3.014781303357438e-17,2.2923511506266863,1.5707963267948966,17.93733025217992,461.0,0.006701349566492934,0.1862333041728216,0.0,0.014662174858580804,-1569.4336195085407,-12.91607379339743,205.29485607472517,-0.02771534095013602,0.04938120456567695,-0.36535706096117665,-0.027967681496583855,0.04923872744136633,-0.36535706096117665,-4.847542052867107e-18,1.5812156466437187e-20,3.6986312442661974e-19,-4.847559496378384e-18,-8.994869588185568e-21,3.6986312442661974e-19,-1569.4615871900373,-12.866835065956064,204.929499013764,-1678367.564940326,131.7506210297939,125283.93718216139,-0.022005614301699405,4580.213973033415
72.24074682649642,2001.0,12.0,14.0,14.0,22.0,40.0,1.0,3501844.9384791674,28806.43958362974,-457864.6688462621,345.1030515701036,-286.21004846195274,4549.204146452898,3531768.372797308,4571.243886968604,3501946.5339906546,10874.611923780463,-457864.6688462621,3531768.3727973085,344.40378612116234,-536.1996562172973,4549.204146452898,4593.624103616487,12758824.919601087,0.7241752462093638,1.6336278301431024,5.575503985246929e-08,2.145094484600431e-06,6.152916972312439,-0.13000768251709166,0.003105294973552054,135568.3727973085,-0.05469995424099885,-0.05443319094169364,905.3388887047768,-16088618008.789503,-1012204399.7535468,-196036048.37468418,-16088760018.568407,-1881487785.1362932,16120427636.375753,16199587196.992544,-0.991556117032943,-0.0030790841232793856,0.12964176030706512,-0.0031052899829019636,0.999995178575438,0.0,0.1296411352490977,0.0004025752596473067,0.9915608977690102,4555.24598469235,-537.2665445982202,-0.11740218741533906,1.3819534003364396e-09,173.5604659966356,0.0,-79.36046599663561,5.260465996635604,0.0,3.014756621022593e-17,2.2923471196955045,1.5707963267948966,17.93808526223584,461.0,0.006708170360436493,0.18653322844416542,0.0,0.014676973237928768,-1569.4554472003472,-12.910458433550756,205.20560196861044,-0.027730652587868967,0.049430127711521464,-0.3657262376064413,-0.027983399573091518,0.049287482861869784,-0.3657262376064413,-4.8524076276658545e-18,1.5847546379729967e-20,3.7006854434281873e-19,-4.852425160059887e-18,-8.999765208743723e-21,3.7006854434281873e-19,-1569.4834305999202,-12.861170950688887,204.83987573100399,-1678367.7286065891,131.93910546617417,125264.98363022032,-0.021903901080704447,4580.228748537099
72.39650302426249,2001.0,12.0,14.0,14.0,22.0,40.0,1.0,3501898.649120843,28761.860256484124,-457156.09671846614,344.5727637380969,-286.2143904817028,4549.273302149803,3531729.475779064,4571.272978556619,3502000.1350075807,10791.094786204534,-457156.09671846614,3531729.475779064,343.86438374481423,-536.2088701312935,4549.273302149803,4593.653256882659,12758820.577699972,0.7241751524188754,1.633627828214969,5.575503985246929e-08,2.154854235950555e-06,6.153118261786192,-0.12980678722508768,0.003081399262215486,135529.475779064,-0.05461547266266565,-0.054349123138477076,909.4077165573835,-16088617570.985916,-1012204341.0656462,-196039514.68319282,-16088755417.788275,-1881514208.750642,16120427195.75104,16199585738.606384,-0.9915822146131604,-0.0030554703751266583,0.1294425577762074,-0.0030813943858924715,0.9999952524930499,0.0,0.1294419432467647,0.00039886357082716733,0.9915869221789652,4555.2965116902915,-537.2659062575354,-0.11740075892308514,1.386815527617001e-09,173.51184472383,0.0,-79.31184472382999,5.211844723829991,0.0,3.0146707582286015e-17,2.2923330972371025,1.5707963267948966,17.940712239483368,461.0,0.00673189683050933,0.18757991596804033,0.0,0.014728448172029604,-1569.5313765940166,-12.89090480476852,204.89480413175758,-0.027783669949269413,0.049600287792240544,-0.367010394387298,-0.028037833582202208,0.049457059687568944,-0.367010394387298,-4.8693316871684556e-18,1.597101786691841e-20,3.707798842578269e-19,-4.869349530677995e-18,-9.016715615514275e-21,3.707798842578269e-19,-1569.5594144275988,-12.84144774508095,204.52779373737027,-1678368.299764922,132.1275899025544,125246.11782620489,-0.021802188843715445,4580.243455182621
72.47344693393306,2001.0,12.0,14.0,14.0,22.0,40.0,1.0,3501925.1518178834,28739.837719839576,-456806.0565314509,344.3107908952852,-286.216532989744,4549.307426304996,3531710.2826379575,4571.2873332921645,3502026.583025869,10749.836604533462,-456806.0565314509,3531710.2826379575,343.59790824333794,-536.2134127857524,4549.307426304996,4593.667642051863,12758818.427114228,0.7241751059634284,1.6336278272600286,5.575503985246929e-08,2.159743275406118e-06,6.153217700862128,-0.12970754286405964,0.0030695948721473788,135510.28263795748,-0.05457373781484965,-0.05430759269716743,911.4205177426338,-16088617354.139446,-1012204311.9984176,-196041223.05736127,-16088753146.774189,-1881527247.1220038,16120426977.507326,16199585018.161322,-0.9915950921121658,-0.003043804769994903,0.12934414772840497,-0.003069590051651376,0.9999952887973597,0.0,0.12934353836191467,0.0003970335091064378,0.9915997637395909,4555.321443635838,-537.2655912966183,-0.1174000540665697,1.3893881945775026e-09,173.47223610844995,0.0,-79.28611805422497,5.2,0.0,3.014601999327386e-17,2.2923218680563684,1.5707963267948966,17.942816496783124,461.0,0.006744446009330322,0.18809836139329897,0.0,0.014755765628469402,-1569.5688442241283,-12.881244434850643,204.74125605239036,-0.02781330978850134,0.049690339863989276,-0.36769117850135336,-0.028068205370510888,0.049546805391152415,-0.36769117850135336,-4.8782737411629596e-18,1.6034019319966528e-20,3.7117473207198355e-19,-4.878291741077139e-18,-9.026208184724022e-21,3.7117473207198355e-19,-1569.5969124294988,-12.83169762945949,204.373564873889,-1678368.5826653298,132.31607433893467,125227.33977011513,-0.02170047758613609,4580.258092969863
72.55845741462613,2001.0,12.0,14.0,14.0,22.0,40.0,1.0,3501954.4095409145,28715.50621422708,-456419.31611866306,344.02134632213495,-286.21889821882695,4549.34509799639,3531689.0943182446,4571.303180175942,3502055.7799349506,10704.252631460797,-456419.31611866306,3531689.0943182446,343.3034889252414,-536.2184247254718,4549.34509799639,4593.683522532554,12758816.046202902,0.7241750545325644,1.6336278262028954,5.575503985246929e-08,2.1651341065114403e-06,6.153327566083471,-0.12959789276064715,0.0030565530560318346,135489.09431824507,-0.05452762702625397,-0.05426170774496793,913.646904617548,-16088617114.070372,-1012204279.8195032,-196043107.4667755,-16088750638.993402,-1881541640.8921702,16120426735.891449,16199584222.136908,-0.9916093082964275,-0.0030309159004629598,0.12923541793442328,-0.0030565482967177884,0.9999953287453446,0.0,0.1292348142428756,0.000395014296563073,0.9916139403776628,4555.348967438343,-537.2652436069907,-0.11739927594690096,1.392415097393562e-09,173.41169805212877,0.0,-79.25584902606438,5.2,0.0,3.0144976740359586e-17,2.2923048304433196,1.5707963267948966,17.94601018360816,461.0,0.006759205740433662,0.18867233800178637,0.0,0.014787988097154876,-1569.6102078106533,-12.870570660058869,204.57160026698543,-0.027849810089569663,0.0497963096329295,-0.3684934845443951,-0.028105548756938426,0.049652416901446395,-0.3684934845443951,-4.888781654794448e-18,1.610575354379254e-20,3.716582612446055e-19,-4.888799830190752e-18,-9.037913411010627e-21,3.716582612446055e-19,-1569.6383133594102,-12.820918243157422,204.20310678244104,-1678368.8958641998,132.5045587753149,125208.64946195102,-0.02159876730337045,4580.2726618986835
72.68919145011047,2001.0,12.0,14.0,14.0,22.0,40.0,1.0,3501999.3557425234,28678.087425079648,-455824.55809161655,343.5762068228853,-286.2225317258302,4549.402970360541,3531656.5444673165,4571.327524285222,3502100.631788074,10634.150129823876,-455824.55809161655,3531656.544467317,342.85069889183524,-536.2261181307986,4549.402970360541,4593.707918253136,12758812.374587502,0.7241749752205978,1.6336278245728626,5.771194914292421e-08,2.173527320828249e-06,6.153496525731422,-0.1294292639128131,0.003036496824186595,135456.5444673174,-0.05445671399386979,-0.05419114201791858,917.0761263668537,-16088616743.861572,-1012204230.1992954,-196045999.14627355,-16088746785.071964,-1881563752.8912668,16120426363.297503,16199582997.847166,-0.9916311475062475,-0.0030110940845828587,0.12906820138150465,-0.0030364921579469077,0.9999953898470606,0.0,0.12906760635735667,0.00039191458133525114,0.9916357190985727,4555.391250191986,-537.2647095049156,-0.11739808060398611,1.3970650760975128e-09,173.31869847804975,0.0,-79.20934923902487,5.2,0.0,3.014337376993039e-17,2.292278651949564,1.5707963267948966,17.95091961634248,461.0,0.006781880448493116,0.1895574773761625,0.0,0.014837489436128379,-1569.6737534833228,-12.854154600980255,204.31067294638012,-0.027905638264949417,0.0499590822476733,-0.36972601032880015,-0.02816267496885194,0.04981463925998857,-0.36972601032880015,-4.904923016024056e-18,1.6216321792492054e-20,3.723978192238446e-19,-4.904941462893596e-18,-9.05581593365056e-21,3.723978192238446e-19,-1569.7019161582916,-12.804339961720267,203.94094693605132,-1678369.3788499907,132.69304321169517,125190.04690171256,-0.021497057990822733,4580.287161968914
72.75193643638694,2001.0,12.0,14.0,14.0,22.0,40.0,1.0,3502020.906724183,28660.128341608033,-455539.10499429127,343.3625584892063,-286.2242739349734,4549.430719435677,3531640.9373361873,4571.339196833558,3502122.137132553,10600.50451374937,-455539.10499429127,3531640.9373361873,342.6333786960632,-536.2298044008902,4549.430719435677,4593.719615547897,12758810.608017843,0.724174937060178,1.6336278237886614,5.771194914292421e-08,2.177456876488273e-06,6.15357761796069,-0.12934833043999192,0.003026871058429309,135440.93733618734,-0.05442267921212943,-0.054157273923661244,918.7243020534515,-16088616565.739704,-1012204206.3262299,-196047384.29167747,-16088744936.558935,-1881574355.260045,16120426184.02812,16199582410.201525,-0.9916416190865938,-0.003001580483927966,0.12898794443635908,-0.003026866436425349,0.9999954190292953,0.0,0.12898735354636437,0.00039042927971791314,0.9916461617886103,4555.411524189944,-537.2644534218394,-0.11739750746376702,1.3994241328848438e-09,173.28705333741053,0.0,-79.18705333741052,5.2,0.0,3.0142823907572813e-17,2.2922696720157916,1.5707963267948966,17.952604325879822,461.0,0.00679338211927741,0.1899833584192658,0.0,0.014862599812175404,-1569.7042235758934,-12.846275252003378,204.18543354225588,-0.02793492981461525,0.05004182814904898,-0.3703518311372529,-0.02819261438457614,0.04989710775595136,-0.3703518311372529,-4.913152286933777e-18,1.6271119708486898e-20,3.727882226376516e-19,-4.9131708666413935e-18,-9.065270290028846e-21,3.727882226376516e-19,-1569.732416190278,-12.796378144247427,203.81508171111864,-1678369.6112350076,132.8815276480754,125171.53208939976,-0.021395349643897464,4580.301593180362
72.82516995761154,2001.0,12.0,14.0,14.0,22.0,40.0,1.0,3502046.043242415,28639.167055749393,-455205.93297783355,343.11319116787394,-286.2263060030747,4549.463085413072,3531622.7335741455,4571.352811339089,3502147.220093454,10561.234359594395,-455205.93297783355,3531622.7335741464,342.3797256899776,-536.234101841521,4549.463085413072,4593.733258916712,12758808.542248957,0.724174892436567,1.6336278228717003,5.771194914292421e-08,2.182193528820052e-06,6.153672266573578,-0.12925386711306378,0.003015636317096842,135422.7335741464,-0.054382954710559386,-0.05411774397365683,920.6501815468073,-16088616357.450851,-1012204178.4108484,-196048998.76792932,-16088742779.962578,-1881586721.6065784,16120425974.39746,16199581724.249613,-0.9916538328965672,-0.0029904763776695924,0.12889426966541995,-0.003015631746368115,0.9999954529722475,0.0,0.12889368357959863,0.0003886976515279731,0.9916583419945693,4555.4351713373235,-537.2641547402816,-0.11739683897367162,1.4022847240627062e-09,173.26104796306632,0.0,-79.16104796306631,5.2,0.0,3.0142366869016786e-17,2.2922622080097392,1.5707963267948966,17.954004884151225,461.0,0.006807327617103344,0.19048137378534116,0.0,0.014893046299404524,-1569.7397639075216,-12.837078318643977,204.03925160856758,-0.027971216369149052,0.05014229892677003,-0.3711111254112627,-0.028229678099260098,0.04999724353645379,-0.3711111254112627,-4.923163417218987e-18,1.6336542553361095e-20,3.732736948005493e-19,-4.923182154135194e-18,-9.077029838164888e-21,3.732736948005493e-19,-1569.7679935856208,-12.787081075107523,203.66814048315632,-1678369.8829785418,133.07001208445567,125153.1050250126,-0.02129364225799939,4580.315955532807
73.04787807096328,2001.0,12.0,14.0,14.0,22.0,41.0,1.0,3502122.3728864044,28575.42144778032,-454192.7196891068,342.3548135039805,-286.2324765847936,4549.561369109488,3531567.455960739,4571.394152802251,3502223.38493743,10441.809221976995,-454192.7196891068,3531567.4559607385,341.60831477418486,-536.2471373487238,4549.561369109488,4593.774688024104,12758802.234169032,0.7241747561724654,1.6336278200720555,5.771194914292421e-08,2.1962916467066296e-06,6.153960105381441,-0.12896659171847483,0.002981471235442125,135367.45596073894,-0.05426214702104813,-0.05399752793112249,926.5214480906725,-16088615721.422068,-1012204093.1748419,-196053893.8779971,-16088736227.658897,-1881624273.3799672,16120425334.271738,16199579637.714716,-0.9916909215555885,-0.0029567067179625405,0.12860938530920593,-0.002981466818309616,0.9999955554179285,0.0,0.12860881369423777,0.0003834446148225937,0.9916953292268691,4555.506978811044,-537.2632478096691,-0.11739480907451232,1.4109712061695952e-09,173.16415988782555,0.0,-79.08207994391277,5.2,0.0,3.014067582526226e-17,2.2922345911694273,1.5707963267948966,17.959188921577883,461.0,0.006849674947807713,0.19200213801361915,0.0,0.014985501862914839,-1569.8476910159188,-12.809106765344824,203.5946538591478,-0.028080727470075003,0.05044723323379275,-0.373416051011544,-0.028341555872639645,0.05030116108909767,-0.373416051011544,-4.953512617998407e-18,1.6535985394655934e-20,3.747359873216051e-19,-4.953531836857026e-18,-9.112448971605101e-21,3.747359873216051e-19,-1569.8760325717915,-12.758805604255727,203.22123780813627,-1678370.7127814628,133.2584965208359,125134.7657085511,-0.021191935828533515,4580.330249026007
73.28898373476345,2001.0,12.0,14.0,14.0,22.0,41.0,1.0,3502204.8175880904,28506.408372718364,-453095.7818723652,341.53372873808553,-286.2391415080871,4549.6675284548855,3531507.7498436943,4571.438805614029,3502305.6479530223,10312.515304317,-453095.7818723652,3531507.749843694,340.77311977459783,-536.2611931901266,4549.6675284548855,4593.819435498026,12758795.361086503,0.7241746077027572,1.6336278170223462,5.771194914292421e-08,2.2117560197963426e-06,6.154271732150267,-0.12865557481444667,0.0029444847302779213,135307.7498436938,-0.05413135489635169,-0.053867376332565595,932.9021499156952,-16088615028.437168,-1012204000.3163668,-196059168.5995428,-16088729144.36137,-1881664833.7007828,16120424636.823671,16199577377.962706,-0.9917309817904366,-0.00292014517164048,0.1283009450828529,-0.0029444804755040777,0.9999956650079687,0.0,0.12830038889927833,0.0003777796277851812,0.9917352809549768,4555.584539823483,-537.2622682998804,-0.1173926166205671,1.4203214509008842e-09,172.99678549099116,0.0,-78.99678549099116,5.196785490991158,0.0,3.013778779258662e-17,2.292187426016542,1.5707963267948966,17.96804960240779,461.0,0.006895257445158983,0.19365914966104322,0.0,0.015085004947132481,-1569.9642733748803,-12.778819354781126,203.1132463709995,-0.028197061847382524,0.050774948496589076,-0.3758938443308292,-0.028460450768957538,0.05062778321913901,-0.3758938443308292,-4.9859958139233425e-18,1.6752034810410984e-20,3.762791494829971e-19,-4.986015560364639e-18,-9.14980508450048e-21,3.762791494829971e-19,-1569.9927338256493,-12.728191571561986,202.73735252666867,-1678371.6169091705,133.44698095721617,125116.51414001525,-0.021090230350905043,4580.344473659693
73.36087591914581,2001.0,12.0,14.0,14.0,22.0,41.0,1.0,3502229.3623928647,28485.829944245692,-452768.69519930735,341.2888882695767,-286.2411257373482,4549.699133762685,3531489.9745952594,4571.452099178181,3502330.137924717,10273.962165461637,-452768.69519930735,3531489.9745952594,340.52407189241774,-536.2653729496468,4549.699133762685,4593.832757243557,12758793.303137088,0.7241745632475791,1.6336278161093307,5.771194914292421e-08,2.2163191895919578e-06,6.154364654135938,-0.12856283465885923,0.0029334563822172002,135289.9745952594,-0.05409235473540316,-0.053828567162676796,934.8093657493591,-16088614820.944895,-1012203972.5148367,-196060736.4264701,-16088727034.381714,-1881676909.038038,16120424427.99517,16199576704.013597,-0.9917429082680932,-0.002909242908622196,0.12820897084698613,-0.002933452175072321,0.9999956974199122,0.0,0.12820841921762108,0.0003760948843948752,0.9917471753397419,4555.607630854243,-537.2619767042887,-0.1173919639136684,1.4228607721057974e-09,172.97139227894203,0.0,-78.97139227894203,5.171392278942027,0.0,3.013734120522642e-17,2.29218013269147,1.5707963267948966,17.96942057126589,461.0,0.006907643593627056,0.19415530511797766,0.0,0.015111874830215683,-1569.99898314688,-12.76978730370883,202.9696851659005,-0.028226314233079627,0.05086364454391647,-0.37656397996076785,-0.02849042196895194,0.05071618092389742,-0.37656397996076785,-4.994823894878526e-18,1.6814004624016397e-20,3.766708923276977e-19,-4.994843797514769e-18,-9.159150027551469e-21,3.766708923276977e-19,-1570.0274735688488,-12.719071122784932,202.59312118593974,-1678371.8876247313,133.6354653935964,125098.35031940506,-0.020988525820519487,4580.35862943357
73.49567134132865,2001.0,12.0,14.0,14.0,22.0,41.0,1.0,3502275.3356318637,28447.245700289182,-452155.41259265726,340.82980605018827,-286.24484226654675,4549.75833202304,3531456.6809604294,4571.476998326632,3502376.007538281,10201.675520640234,-452155.41259265726,3531456.6809604294,340.05710083374925,-536.2731957815396,4549.75833202304,4593.857709175837,12758789.434648015,0.7241744796815166,1.6336278143932088,5.960464477539064e-08,2.225068213789291e-06,6.1545388822298825,-0.12838894746968907,0.00291277882425371,135256.68096042937,-0.05401922957855935,-0.05375580010866562,938.3904467374086,-16088614430.908358,-1012203920.2566515,-196063669.90035653,-16088723080.907429,-1881699526.592339,16120424035.446974,16199575440.274849,-0.991765247021453,-0.002888800979958713,0.1280365167808563,-0.0029127747054500377,0.9999957578627597,0.0,0.12803597363238037,0.0003729415274532076,0.9917694542435885,4555.650881341797,-537.2614305587621,-0.11739074138879883,1.427617005652947e-09,172.92382994347054,0.0,-78.92382994347054,5.123829943470529,0.0,3.013650466099395e-17,2.29216647088738,1.5707963267948966,17.97198924341825,461.0,0.00693084382572863,0.19508798983859113,0.0,0.015162202061361542,-1570.0639978885313,-12.752851227516441,202.70049231697163,-0.028280862243075057,0.05102975473042506,-0.3778191478105692,-0.028546319166014935,0.05088173246982787,-0.3778191478105692,-5.011358345408771e-18,1.6930442003788916e-20,3.7740144232079133e-19,-5.0113785425212335e-18,-9.176574651535455e-21,3.7740144232079133e-19,-1570.0925442076973,-12.701969495046614,202.32267316916108,-1678372.396510264,133.82394982997664,125080.27424672052,-0.020886822232782504,4580.372716347318
73.58880249462548,2001.0,12.0,14.0,14.0,22.0,41.0,1.0,3502307.062734333,28420.587268597414,-451731.6864500087,340.5126116464017,-286.2474071229058,4549.799186343636,3531433.704319317,4571.494181646528,3502407.6624240163,10151.731528233502,-451731.6864500087,3531433.704319317,339.73445591148874,-536.278589908684,4549.799186343636,4593.87492892233,12758786.754335385,0.7241744217819895,1.6336278132043038,5.771194914292421e-08,2.230997952487085e-06,6.154659259613625,-0.128268805605088,0.0028984927163160355,135233.7043193169,-0.053968705976647144,-0.053705523923432696,940.8685003370047,-16088614160.670765,-1012203884.0512977,-196065691.97934663,-16088720351.45458,-1881715135.4774256,16120423763.469286,16199574567.06703,-0.9917806635135756,-0.0028746770796849053,0.1279173628256119,-0.002898488657819241,0.9999957993729276,0.0,0.12791682549247457,0.0003707670252881847,0.9917848296317809,4555.6807295797435,-537.2610536694507,-0.11738989771147074,1.4309893212502028e-09,172.8910061704527,0.0,-78.89100617045271,5.1,0.0,3.013592729000217e-17,2.292157041703518,1.5707963267948966,17.973762548236227,461.0,0.006947291863724727,0.19573421773604702,0.0,0.01519794710978396,-1570.1088675917854,-12.741148989304342,202.51448943874402,-0.028320252396033585,0.05114768844884738,-0.37871062653335846,-0.02858665982785052,0.05099927067441415,-0.37871062653335846,-5.023103566749692e-18,1.701215056634498e-20,3.779289065873967e-19,-5.023123969594345e-18,-9.189213628710342e-21,3.779289065873967e-19,-1570.1374542516132,-12.690149718629929,202.13577881221067,-1678372.749095723,134.0124342663569,125062.28592196164,-0.020785119583100038,4580.38673440059
73.65467441681008,2001.0,12.0,14.0,14.0,22.0,41.0,1.0,3502329.4855651776,28401.731541958823,-451431.98148093827,340.28825369004204,-286.24921981048425,4549.828059915394,3531417.465794384,4571.5063257349875,3502430.033869272,10116.405701178162,-451431.98148093827,3531417.4657943835,339.5062427582821,-536.2823998965001,4549.828059915394,4593.887098754612,12758784.854569392,0.7241743807435949,1.633627812361683,5.771194914292421e-08,2.235223849063044e-06,6.154744403808414,-0.1281838279850711,0.002888388196289729,135217.46579438355,-0.05393297005452962,-0.05366996300020568,942.6233688145876,-16088613969.131475,-1012203858.3904734,-196067119.8939215,-16088718421.882359,-1881726166.922819,16120423570.696705,16199573949.37911,-0.9917915589969505,-0.0028646869986815623,0.12783308284946418,-0.0028883841800904572,0.9999958286097138,0.0,0.12783254960778412,0.0003692310541945851,0.9917956961638833,4555.701824613449,-537.2607873139315,-0.11738930145678969,1.4335410894540152e-09,172.86780827769078,0.0,-78.86780827769077,5.1,0.0,3.013551921182373e-17,2.2921503772811107,1.5707963267948966,17.97501611523417,461.0,0.006959734222400898,0.19619226122411823,0.0,0.015225108165856736,-1570.1405796481795,-12.732871481709518,202.38292142288958,-0.028351610605387694,0.05123723360837319,-0.3793880020519916,-0.028618723229927364,0.051088517422678795,-0.3793880020519916,-5.032031655829796e-18,1.707205317486941e-20,3.783486195145809e-19,-5.032052206777075e-18,-9.199377301243046e-21,3.783486195145809e-19,-1570.1691983714095,-12.681782964286839,202.00353342083758,-1678372.999003183,134.20091870273714,125044.3853451284,-0.02068341786687826,4580.400683593016
73.81899364258308,2001.0,12.0,14.0,14.0,22.0,41.0,1.0,3502385.3554842775,28354.69492061032,-450684.35134445573,339.72856716683566,-286.25373639595824,4549.90000342721,3531377.0050196485,4571.536584359444,3502485.7744988147,10028.283412786046,-450684.35134445573,3531377.0050196485,338.93693923794353,-536.2918848922584,4549.90000342721,4593.917421522529,12758780.10079864,0.7241742780532782,1.6336278102534374,5.960464477539064e-08,2.24587738879021e-06,6.154956801606205,-0.12797184568248401,0.002863182509534025,135177.00501964893,-0.0538438242824275,-0.053581253768807305,947.0089231431484,-16088613489.848093,-1012203794.1836926,-196070673.53975874,-16088713612.00304,-1881753653.500031,16120423088.327515,16199572408.262354,-0.9918187068444502,-0.0028397657340271006,0.12762283684348455,-0.0028631785975626453,0.9999959010957588,0.0,0.12762231372969735,0.0003654069750104944,0.9918227722310178,4555.75438637172,-537.2601236735263,-0.11738781581962773,1.4398992111980236e-09,172.81000717092707,0.0,-78.81000717092705,5.1,0.0,3.013450232640249e-17,2.292133770281902,1.5707963267948966,17.97814065273537,461.0,0.006990737100357196,0.19733842711706126,0.0,0.01529278503026704,-1570.2195980377012,-12.712221283990075,202.05469392505577,-0.02842939143996707,0.05146032265026347,-0.38107581856430256,-0.028698265343013354,0.05131086309172835,-0.38107581856430256,-5.054276886005292e-18,1.7221851237219264e-20,3.7938974612509735e-19,-5.05429780875061e-18,-9.224588129913388e-21,3.7938974612509735e-19,-1570.2482963030443,-12.660910420898347,201.67361810649146,-1678373.624345133,134.3894031391174,125026.57251622083,-0.02058171707952353,4580.414563924197
73.89361118811034,2001.0,12.0,14.0,14.0,22.0,41.0,1.0,3502410.695713609,28333.33529296486,-450344.8477562411,339.4744035826301,-286.25578492655967,4549.9326342337845,3531358.653725008,4571.550308282442,3502511.055495881,9988.266468256143,-450344.8477562411,3531358.6537250085,338.67840851368175,-536.2961830281445,4549.9326342337845,4593.931174537718,12758777.935247501,0.7241742312732212,1.6336278092931604,5.771194914292421e-08,2.2506673615078877e-06,6.15505325327997,-0.1278755826715434,0.00285173672082153,135158.65372500848,-0.05380334234130412,-0.05354097006196892,949.0040538460016,-16088613271.515364,-1012203764.936763,-196072283.3347213,-16088711429.485746,-1881766120.2675982,16120422868.589191,16199571708.318228,-0.9918310199960296,-0.0028284486079373865,0.12752736040594478,-0.0028517328555780455,0.9999959338015932,0.0,0.12752684185439508,0.0003636739636547755,0.9918350529941419,4555.778226278489,-537.2598226864928,-0.11738714200824311,1.442560112811331e-09,172.77163431252126,0.0,-78.77163431252126,5.1,0.0,3.0133835283273993e-17,2.2921228766409114,1.5707963267948966,17.98019085683451,461.0,0.007003716261321519,0.19786056048641373,0.0,0.0153211029367597,-1570.255438816761,-12.70284318685022,201.90563242562905,-0.02846005147639845,0.05155241632044879,-0.38178167638862365,-0.02872967870685191,0.05140264312189777,-0.38178167638862365,-5.0635459226861955e-18,1.7287257925682163e-20,3.797981582090959e-19,-5.063567012010522e-18,-9.23446356971233e-21,3.797981582090959e-19,-1570.2841684954678,-12.651440543728322,201.52385074924044,-1678373.9092159867,134.57788757549764,125008.84743523889,-0.020480017216442475,4580.428375393709
73.95443156829775,2001.0,12.0,14.0,14.0,22.0,41.0,1.0,3502431.336375787,28315.925056546712,-450068.1183152366,339.26723184997365,-286.25745353996814,4549.959213507981,3531343.7058381485,4571.561486943,3502531.647637086,9955.64862408017,-450068.1183152366,3531343.705838148,338.46767712406046,-536.2996822544633,4549.959213507981,4593.9423768948345,12758776.167266339,0.724174193081386,1.6336278085092684,5.960464477539064e-08,2.2546594388412234e-06,6.155131871283266,-0.12779711844062686,0.002842407382469208,135143.70583814755,-0.0537703453737478,-0.0535081346744672,950.6315914988518,-16088613093.266819,-1012203741.0607263,-196073593.66174394,-16088709651.323404,-1881776274.9780266,16120422689.193195,16199571137.77363,-0.9918410495830726,-0.002819223914007895,0.12744953643882564,-0.002842403555036697,0.9999959603628559,0.0,0.12744902158894425,0.0003622630154614971,0.9918450562772032,4555.797644929662,-537.2595775270689,-0.11738659316608167,1.4446154472547103e-09,172.7342645953689,0.0,-78.7342645953689,5.1,0.0,3.013318840719426e-17,2.292112312352821,1.5707963267948966,17.98217953866261,461.0,0.007013743947482697,0.19828683905690114,0.0,0.015342973380466552,-1570.2846332481315,-12.695198769695551,201.78412714769357,-0.028482716065784154,0.05162285654593307,-0.3823266187210998,-0.028752933836620594,0.05147283971409564,-0.3823266187210998,-5.070683226494208e-18,1.7339238187442377e-20,3.800989114789954e-19,-5.0707044503798776e-18,-9.241727562294083e-21,3.800989114789954e-19,-1570.313386181968,-12.643725929981455,201.40180052897247,-1678374.141787935,134.7663720118779,124991.21010218261,-0.020378318273041894,4580.442118001102
74.03817021136713,2001.0,12.0,14.0,14.0,22.0,42.0,1.0,3502459.734210488,28291.954149685385,-449687.1093733656,338.9819876081451,-286.2597492530542,4549.99578200592,3531323.1402368126,4571.576866709872,3502559.978312957,9910.739414898258,-449687.1093733656,3531323.140236813,338.1775318452603,-536.3044939386776,4549.99578200592,4593.957789263571,12758773.728993626,0.7241741404098723,1.6336278074283235,5.960464477539064e-08,2.2601186111137e-06,6.1552401151106,-0.12768908632184742,0.0028295626702712763,135123.1402368131,-0.05372491402299113,-0.0534629257906139,952.8742229789495,-16088612847.44044,-1012203708.1349921,-196075395.08888274,-16088707204.297216,-1881790246.053088,16120422441.78448,16199570352.213202,-0.9918548485138273,-0.0028065229437580267,0.12734238457237568,-0.0028295588944926156,0.9999959967902184,0.0,0.12734187479409614,0.00036032277691266484,0.991858819132754,4555.824361593292,-537.2592402424319,-0.11738583806546019,1.4474432174381983e-09,172.68285059203276,0.0,-78.68285059203275,5.1,0.0,3.013229832387335e-17,2.2920977761890633,1.5707963267948966,17.984916653842486,461.0,0.007027540466011513,0.1988747362619976,0.0,0.015373063368672798,-1570.324800465633,-12.684673237193472,201.6168275687191,-0.028513797224742277,0.05171975539008821,-0.3830763656118186,-0.028784828611693607,0.05156940344409371,-0.3830763656118186,-5.080502494496105e-18,1.7410906899789148e-20,3.805113519364005e-19,-5.080523904334607e-18,-9.251688756985452e-21,3.805113519364005e-19,-1570.3535852942446,-12.633103833749379,201.23375120310726,-1678374.4625345804,134.95485644825814,124973.66051705199,-0.020276620244728844,4580.455791745902
74.18164585317736,2001.0,12.0,14.0,14.0,22.0,42.0,1.0,3502508.334807324,28250.882566516222,-449034.29131755664,338.49324048185633,-286.2636781836509,4550.058366571557,3531287.94387255,4571.603187778546,3502608.4628875763,9833.792192935576,-449034.29131755664,3531287.9438725505,337.68038731585443,-536.3127216821337,4550.058366571557,4593.984166126796,12758769.540221756,0.7241740499239072,1.633627805571713,5.960464477539064e-08,2.26943266285614e-06,6.1554255802173925,-0.12750398392893217,0.00280755512906112,135087.9438725505,-0.053647071752963585,-0.05338546469088264,956.7216548919678,-16088612425.132229,-1012203651.5772513,-196078474.4625343,-16088703014.79617,-1881814156.4746048,16120422016.75832,16199569006.179365,-0.9918784643334627,-0.002784760786782924,0.1271587869510091,-0.0028075514406998175,0.9999960588196875,0.0,0.1271582857953014,0.0003570048355019468,0.9918823735207456,4555.870085255719,-537.2586630348983,-0.11738454579161176,1.452323105742063e-09,172.59706267507215,0.0,-78.59706267507215,5.097062675072153,0.0,3.013081206269112e-17,2.292073503701955,1.5707963267948966,17.989489012911033,461.0,0.007051348936362877,0.19988471168840455,0.0,0.015424971947967799,-1570.3935459258184,-12.666637566076156,201.33015701253322,-0.028567472457254245,0.05188716500603586,-0.38436983603947716,-0.028839907820156392,0.05173623577227526,-0.38436983603947716,-5.097448617781607e-18,1.7534482158030638e-20,3.8122408113399476e-19,-5.0974703487797785e-18,-9.268888775095973e-21,3.8122408113399476e-19,-1570.4223858336386,-12.614901330303882,200.94578717649375,-1678375.0135538373,135.1433408846384,124956.19867984703,-0.020174923126910542,4580.4693966276045
74.25079993422291,2001.0,12.0,14.0,14.0,22.0,42.0,1.0,3502531.7348506893,28231.086199498153,-448719.63517047476,338.25766073624817,-286.2655698714225,4550.088499800994,3531270.9976510876,4571.615860673536,3502631.806578876,9796.70384262137,-448719.63517047476,3531270.997651087,337.44076004947965,-536.3166799552188,4550.088499800994,4593.996865885111,12758767.515978048,0.7241740061960458,1.6336278046746278,5.960464477539064e-08,2.2739289159715243e-06,6.1555149741869375,-0.12741476477391853,0.0027969477916406824,135070.99765108712,-0.053609551805410036,-0.053348128464822134,958.5786543488503,-16088612221.051334,-1012203624.2476603,-196079955.47507834,-16088700996.892775,-1881825668.8005664,16120421811.3641,16199568357.339476,-0.991889834823988,-0.002774271317363604,0.12707029153779242,-0.0027969441449270612,0.9999960885440753,0.0,0.12706979450794773,0.0003554085079108032,0.9918937145725345,4555.8921002284815,-537.2583851342436,-0.117383923601009,1.4549860834005975e-09,172.5728537872673,0.0,-78.57285378726729,5.072853787267294,0.0,3.013038590208413e-17,2.2920665439710795,1.5707963267948966,17.990800504808565,461.0,0.007064335277663628,0.20037279478655937,0.0,0.015453157828303893,-1570.4266463798538,-12.657943847531884,201.1919734556239,-0.02859904513436473,0.051980273413416885,-0.3850727564594053,-0.028872223694535792,0.05182903535339715,-0.3850727564594053,-5.106711248983532e-18,1.759811426591098e-20,3.8164689094135793e-19,-5.1067331410981945e-18,-9.278994020563393e-21,3.8164689094135793e-19,-1570.4555186035484,-12.606114812178488,200.8069006991645,-1678375.2798366155,135.33182532101864,124938.8245905677,-0.020073226914994465,4580.482932645681
74.36346025123414,2001.0,12.0,14.0,14.0,22.0,42.0,1.0,3502569.8214467303,28198.835256161918,-448207.01799415075,337.8738623518574,-286.2686488357457,4550.137545838409,3531243.4154838994,4571.636487322147,3502669.800771189,9736.28187264283,-448207.01799415075,3531243.415483899,337.05036770936135,-536.323118103035,4550.137545838409,4594.0175362566,12758764.210375754,0.7241739347880518,1.633627803209795,5.960464477539064e-08,2.281240760119417e-06,6.155660609540509,-0.12726941419827806,0.0027796673253438287,135043.41548389895,-0.053548426444824916,-0.053287302409407614,961.6080899089575,-16088611887.788193,-1012203579.6202377,-196082363.740708,-16088697711.38817,-1881844406.6202366,16120421475.956406,16199567300.163452,-0.9919083418074722,-0.002757182308631259,0.12692611787361913,-0.0027796637458052456,0.9999961367272677,0.0,0.12692562752340894,0.0003528119282491023,0.9919121738347262,4555.9279325746265,-537.2579328281892,-0.11738291091751762,1.4593204239587393e-09,172.53345069128417,0.0,-78.53345069128419,5.033450691284188,0.0,3.012969221900968e-17,2.2920552152667555,1.5707963267948966,17.99293570977064,461.0,0.00708547267397092,0.20116985362582987,0.0,0.01549903323218588,-1570.4805232234921,-12.643779797399754,200.96684092400196,-0.028650240914436277,0.052131803117771186,-0.38621683557855646,-0.028924631368025963,0.05198006253352437,-0.38621683557855646,-5.1217867115597925e-18,1.770197445931395e-20,3.823325278522729e-19,-5.121808867435342e-18,-9.295379009731241e-21,3.823325278522729e-19,-1570.5094478548601,-12.59179973486623,200.5806240884234,-1678375.714678198,135.5203097573989,124921.53824921403,-0.019971531604388255,4580.4963997995765
74.60826472956549,2001.0,12.0,14.0,14.0,22.0,42.0,1.0,3502652.4323974536,28128.754591018598,-447093.11091709003,337.03984484094764,-286.27532718985526,4550.243929452721,3531183.5889463695,4571.6812265827775,3502752.208372897,9604.985863181138,-447093.11091709003,3531183.588946369,336.2020216621991,-536.3370635899838,4550.243929452721,4594.062370350604,12758756.993730497,0.7241737788927045,1.6336278000123095,5.960464477539064e-08,2.297293226791144e-06,6.155977074681357,-0.1269535677949726,0.0027421185450194952,134983.588946369,-0.05341560086676466,-0.05315512720771465,968.2087275385857,-16088611160.232273,-1012203482.1998495,-196087577.64416385,-16088690580.287457,-1881885049.587289,16120420743.719095,16199565002.375738,-0.9919484841676115,-0.002720047151682381,0.12661281965531937,-0.0027421151085913757,0.9999962403952983,0.0,0.1266123436411673,0.00034718692571820633,0.9919522135158173,4556.005654540831,-537.2569518177768,-0.11738071442887141,1.4687217369991531e-09,172.3959684181972,0.0,-78.4479842090986,5.0,0.0,3.0127306071840473e-17,2.292016246526203,1.5707963267948966,18.000284447097403,461.0,0.0071313188972543405,0.20291002378031162,0.0,0.015598883542087057,-1570.597390393547,-12.612998123092455,200.47757715677156,-0.028761165633839264,0.052460661194040484,-0.38870461755945346,-0.029038195634774798,0.05230782748126315,-0.38870461755945346,-5.154447258434506e-18,1.792800922795027e-20,3.838092469943346e-19,-5.154469990889258e-18,-9.330944216299129e-21,3.838092469943346e-19,-1570.6264285891816,-12.560690295611192,200.0888725392121,-1678376.664005952,135.70879419377914,124904.33965578604,-0.019869837190499777,4580.509798088711
74.90826472956547,2001.0,12.0,14.0,14.0,22.0,42.0,1.0,3502753.391030231,28042.87076829107,-445728.0182309433,336.01769867976833,-286.2834887682468,4550.3739430142305,3531110.4750787388,4571.7359012775705,3502852.913024793,9444.082191055342,-445728.0182309433,3531110.4750787383,335.16231588823774,-536.3540706938884,4550.3739430142305,4594.117160935749,12758748.086665094,0.7241735864795316,1.6336277960669605,5.960464477539064e-08,2.316879005055083e-06,6.156364907015623,-0.12656649358324729,0.0026961050157066984,134910.4750787383,-0.053252820621159734,-0.05299314398341059,976.3304359912872,-16088610262.271755,-1012203361.978877,-196093931.48262316,-16088681856.486069,-1881934719.4013855,16120419839.981785,16199562185.357872,-0.9919975423444334,-0.0026745360298716663,0.12622885105881718,-0.0026961017493846323,0.9999963655110737,0.0,0.12622839228145583,0.00034032582616248916,0.9920011477616197,4556.100639360361,-537.255753027152,-0.11737803020188968,1.4802110590554087e-09,172.243535826769,0.0,-78.34353582676901,5.0,0.0,3.0124653037687406e-17,2.291972919190437,1.5707963267948966,18.008462431429223,461.0,0.007187351931118338,0.2050578263251633,0.0,0.015721186392895627,-1570.740225934573,-12.575268724094823,199.87788174134658,-0.02889594994928182,0.05286299546278528,-0.3917525844816312,-0.02917622660837539,0.05270882292051858,-0.3917525844816312,-5.194492263864658e-18,1.8206748728252102e-20,3.856062671389002e-19,-5.194515712257329e-18,-9.374441890933295e-21,3.856062671389002e-19,-1570.7694021611812,-12.522559901174304,199.48612915686496,-1678377.835704824,135.8972786301594,124887.22881028368,-0.019768143668737078,4580.523127512474
75.07027367499691,2001.0,12.0,14.0,14.0,22.0,43.0,1.0,3502807.784186767,27996.48992591887,-444990.8112717795,335.4656706195769,-286.2878859448782,4550.443991097122,3531071.083754035,4571.765357705373,3502907.166833508,9357.187292445873,-444990.8112717795,3531071.0837540347,334.6008049075506,-536.3632171872536,4550.443991097122,4594.146679798997,12758743.247712588,0.7241734819465026,1.6336277939240174,5.960464477539064e-08,2.3275403908339293e-06,6.156574354663705,-0.12635745528510173,0.0026712569275621377,134871.08375403518,-0.053164911338481065,-0.052905665118729905,980.7313146293163,-16088609774.443735,-1012203296.6740854,-196097346.46401694,-16088677152.316584,-1881961479.9108307,16120419349.015873,16199560663.56838,-0.9920239733915,-0.002649957214256316,0.1260214820707292,-0.002671253750720406,0.999996432195335,0.0,0.12602103245069757,0.00033663535665277974,0.9920275127518878,4556.151814475223,-537.2551072031684,-0.11737658407342699,1.4865284993082561e-09,172.18726250576452,0.0,-78.28726250576453,5.0,0.0,3.0123661561281275e-17,2.2919567271519354,1.5707963267948966,18.011520635553907,461.0,0.007218162424159315,0.20622469653415568,0.0,0.015788433753441775,-1570.8171866619057,-12.55489031980963,199.55397421689224,-0.028970443288329206,0.05308442088179568,-0.393429713542781,-0.029252502410782734,0.052929513764865384,-0.393429713542781,-5.2165882047723074e-18,1.835982547106629e-20,3.866039808683802e-19,-5.216612046892569e-18,-9.398594374161218e-21,3.866039808683802e-19,-1570.8464391643165,-12.501960806044764,199.16054450334946,-1678378.4722558092,136.08576306653964,124870.20571270699,-0.019666451034508422,4580.5363880702325
75.15214630692378,2001.0,12.0,14.0,14.0,22.0,43.0,1.0,3502835.238223675,27973.050692340967,-444618.2529982495,335.18668813686537,-286.29010534164104,4550.47934697409,3531051.2016403507,4571.780225203135,3502934.549865404,9313.273635334583,-444618.2529982495,3531051.2016403507,334.31703009374513,-536.3678293479171,4550.47934697409,4594.16157880933,12758740.794170193,0.7241734289439481,1.6336277928375857,5.960464477539064e-08,2.3329717863542278e-06,6.1566802026201755,-0.12625181418088022,0.002658699886779958,134851.20164035074,-0.053120484792115966,-0.052861456088583815,982.9596715867519,-16088609527.097582,-1012203263.5641187,-196099067.9188258,-16088674776.832346,-1881974986.8413453,16120419100.078815,16199559894.337143,-0.9920373140548387,-0.0026375357091984676,0.12591668248585633,-0.0026586967545290247,0.9999964656595379,0.0,0.12591623745343056,0.0003347742750662079,0.9920408202648499,4556.177644365205,-537.2547812442893,-0.11737585417585776,1.4899368616541565e-09,172.15885948621536,0.0,-78.25885948621536,5.0,0.0,3.012316108048622e-17,2.29194855368028,1.5707963267948966,18.013064774674838,461.0,0.007234780947756117,0.2068163517611997,0.0,0.015824710093088043,-1570.8560328148612,-12.544591009248554,199.39027031602157,-0.029012132443748225,0.053204014417475215,-0.39433439043861607,-0.029295135208550052,0.053048713765569,-0.39433439043861607,-5.228511627676267e-18,1.8440097621060654e-20,3.871621718706717e-19,-5.2285356735979965e-18,-9.412112374205468e-21,3.871621718706717e-19,-1570.8853279500697,-12.491542295482985,198.99593592558296,-1678378.7950127963,136.27424750291988,124853.27036305593,-0.01956475928322227,4580.549579761322
75.30972750602625,2001.0,12.0,14.0,14.0,22.0,43.0,1.0,3502888.015035327,27927.93641798165,-443901.177649333,334.64970790703217,-286.29437183227645,4550.547314553393,3531012.9808638715,4571.8088057501045,3502987.1889085392,9228.751451350226,-443901.177649333,3531012.980863872,333.7708259062464,-536.3766873384784,4550.547314553393,4594.1902199338065,12758736.056022452,0.7241733265880499,1.6336277907397672,6.143906154658886e-08,2.3434178391845506e-06,6.156883932729221,-0.1260484821712296,0.0026345315018725807,134812.98086387198,-0.05303497494974229,-0.05277636490356446,987.2571407556534,-16088609049.440212,-1012203199.6280725,-196102373.03957617,-16088670208.087465,-1882000952.1698916,16120418619.349428,16199558413.403784,-0.9920629598058073,-0.002613627166301832,0.1257149662306626,-0.002634528454266814,0.9999965296238901,0.0,0.12571452995244714,0.0003311996556618723,0.9920664026493505,4556.22729915114,-537.2541546476909,-0.1173744510646318,1.4964889947648028e-09,172.10425837695996,0.0,-78.20425837695998,5.0,0.0,3.01221988777405e-17,2.2919328397169325,1.5707963267948966,18.01603424020844,461.0,0.007266728776907756,0.20795893396375692,0.0,0.015894447616056902,-1570.9307123354386,-12.5247660966736,199.07516033000388,-0.029091897075005882,0.05343388943431021,-0.39607354733587874,-0.029376718338351586,0.05327783249316719,-0.39607354733587874,-5.251432355980274e-18,1.8594989105193568e-20,3.882302497167644e-19,-5.251456796702559e-18,-9.437977688089426e-21,3.882302497167644e-19,-1570.960089053777,-12.471488264180433,198.679086782668,-1678379.418303905,136.46273193930014,124836.42276133053,-0.019463068410287193,4580.562702585058
75.40053583944118,2001.0,12.0,14.0,14.0,22.0,43.0,1.0,3502918.3899669996,27901.938391742093,-443487.9482558134,334.3402540662245,-286.29682734363575,4550.586432620508,3530990.98344688,4571.825254708008,3503017.483789057,9180.04374701907,-443487.9482558134,3530990.98344688,333.4560565717853,-536.3817804672914,4550.586432620508,4594.20670375545,12758733.316372957,0.7241732674045886,1.6336277895269318,6.143906154658886e-08,2.349426916044398e-06,6.157001336993897,-0.12593130729930738,0.002620604314605003,134790.98344687978,-0.05298569779757225,-0.0527273290092662,989.7384969890118,-16088608773.25586,-1012203162.6620637,-196104272.77519146,-16088667577.325409,-1882015896.1498628,16120418341.388956,16199557559.786728,-0.9920777198840321,-0.0025998491047002623,0.1255987201142297,-0.002620601315076759,0.9999965662184783,0.0,0.12559828883566543,0.0003291441711033082,0.9920811264738723,4556.255877361652,-537.2537940298174,-0.11737364353726144,1.4999883154903212e-09,172.04566699108506,0.0,-78.17283349554253,4.972833495542535,0.0,3.012118432048554e-17,2.2919162707395646,1.5707963267948966,18.019166375922538,461.0,0.0072837954669807406,0.2086195928341577,0.0,0.015931513345943046,-1570.973694754716,-12.513340696614538,198.89355762501418,-0.029131739814549903,0.05355598684299553,-0.3969966443052998,-0.029417555996936757,0.05339952612633217,-0.3969966443052998,-5.263528572435482e-18,1.868078280037476e-20,3.887594891553423e-19,-5.2635532380673036e-18,-9.450636059865253e-21,3.887594891553423e-19,-1571.003112310713,-12.459941170488205,198.4965609807089,-1678379.7786979321,136.65121637568038,124819.66290753079,-0.01936137841111206,4580.575756540721
75.50535009881072,2001.0,12.0,14.0,14.0,22.0,43.0,1.0,3502953.414873729,27871.930253411592,-443010.97954484605,333.9830607298537,-286.2996587558663,4550.631539407524,3530965.6185339517,4571.844221636242,3503052.415697743,9123.822980322131,-443010.97954484605,3530965.6185339517,333.09272784518026,-536.3876487698677,4550.631539407524,4594.225710883902,12758730.146322407,0.7241731989232253,1.6336277881236654,6.143906154658886e-08,2.356410285871887e-06,6.157136851042733,-0.12579605800798463,0.0026045292125013403,134765.61853395216,-0.05292881948463519,-0.05267072916563172,992.6065500378609,-16088608453.684998,-1012203119.8905286,-196106461.0830709,-16088664542.713823,-1882033127.8586097,16120418019.763056,16199556574.376125,-0.992094739555182,-0.0025839455735369977,0.12546454069659935,-0.002604526267833584,0.999996608215708,0.0,0.125464115147941,0.00032677569192596874,0.9920981045379491,4556.288830613056,-537.2533782179634,-0.11737271240065866,1.5039742303789467e-09,171.97319581129187,0.0,-78.13659790564594,4.9365979056459395,0.0,3.0119930971201885e-17,2.2918958019924203,1.5707963267948966,18.023037266633324,461.0,0.007303236498030734,0.20938406324872444,0.0,0.015973697528090317,-1571.0232587193077,-12.500152159485783,198.6839304735843,-0.02917643293166541,0.05369491731488426,-0.3980469588082462,-0.029463388755947197,0.05353799685348856,-0.3980469588082462,-5.277277443526299e-18,1.8779329825288185e-20,3.8935226742856054e-19,-5.277302369310416e-18,-9.464779491604361e-21,3.8935226742856054e-19,-1571.0527221080636,-12.446614162632294,198.28588351477606,-1678380.1957103387,136.83970081206064,124802.99080165669,-0.01925968928110583,4580.588741627572
75.61716732115758,2001.0,12.0,14.0,14.0,22.0,43.0,1.0,3502990.73862686,27839.916852089118,-442502.1378782899,333.60198978014535,-286.30267600300493,4550.679607109311,3530938.5888036545,4571.864433295492,3503089.6395303817,9063.845253894102,-442502.1378782899,3530938.5888036545,332.7051115157205,-536.3938968998417,4550.679607109311,4594.245965381114,12758726.755294524,0.7241731256680157,1.6336277866227125,6.143906154658886e-08,2.3637957691679056e-06,6.157281421332432,-0.1256517701472802,0.0025873802729805854,134738.58880365454,-0.05286813996105167,-0.05261034671762111,995.6708157509565,-16088608111.8402,-1012203074.1397836,-196108790.36415654,-16088661307.615557,-1882051490.5831213,16120417675.72011,16199555522.97748,-0.9921128763435366,-0.0025669790130689006,0.12532139167796105,-0.002587377386096196,0.9999966527335289,0.0,0.12532097219386856,0.00032425373482166043,0.992116197220819,4556.323946880235,-537.2529351283097,-0.11737172016324106,1.5082217594257147e-09,171.8979840052208,0.0,-78.09798400522077,4.9,0.0,3.0118629310496406e-17,2.2918745442598825,1.5707963267948966,18.027059187635412,461.0,0.007323954167136471,0.21020184591162497,0.0,0.016018663444761223,-1571.076077613005,-12.486081360922327,198.46028008218678,-0.0292238736687185,0.05384298257461896,-0.39916662790457835,-0.02951204676038003,0.0536855721842385,-0.39916662790457835,-5.291937872261996e-18,1.8884706506156144e-20,3.899818318535437e-19,-5.291963077084382e-18,-9.47980992626891e-21,3.899818318535437e-19,-1571.1055896597654,-12.432395788738088,198.0611134542822,-1678380.6417920012,137.02818524844088,124786.40644370826,-0.0191580010156777,4580.601657844841
75.8598650623291,2001.0,12.0,14.0,14.0,22.0,43.0,1.0,3503071.6027033282,27770.431045742378,-441397.6855740557,332.7748364534222,-286.30921302896434,4550.783749790306,3530880.027321385,4571.908222460002,3503170.2842125376,8933.662025144093,-441397.6855740557,3530880.027321385,331.8637513019138,-536.4074148575287,4550.783749790306,4594.28984735376,12758719.362199778,0.7241729659569648,1.6336277833508817,6.322027276634106e-08,2.3800377972303606e-06,6.157595216710606,-0.1253385877136402,0.0025501594082545055,134680.02732138522,-0.0527364323597824,-0.05247928391791781,1002.3381224870682,-16088607366.562012,-1012202974.4035907,-196113827.47273102,-16088654293.893291,-1882091274.5526893,16120416925.650091,16199553240.366983,-0.9921521708768256,-0.002530151677773486,0.12501067217197726,-0.0025501566441745956,0.9999967483452584,0.0,0.12501026568043233,0.00031879679623210004,0.9921553970236268,4556.4000287964955,-537.251975196158,-0.11736957047280669,1.517424278068037e-09,171.81432474483603,0.0,-78.01432474483603,4.9,0.0,3.011715406060617e-17,2.291850451600819,1.5707963267948966,18.031619718907965,461.0,0.007368847197946756,0.21198480341596898,0.0,0.016116630681658493,-1571.190519242315,-12.455537003774477,197.97478825561709,-0.02932750357364848,0.05416514301120479,-0.4016099905359313,-0.029618331004082524,0.05400666303169671,-0.4016099905359313,-5.324114727636492e-18,1.9115160145057218e-20,3.9137066504362864e-19,-5.324140542595679e-18,-9.513415378764175e-21,3.9137066504362864e-19,-1571.220137573319,-12.40153034074278,197.57317826508114,-1678381.6143368743,137.21666968482114,124769.90983368547,-0.019056313610237,4580.61450519173
75.96964801967364,2001.0,12.0,14.0,14.0,22.0,43.0,1.0,3503108.115169937,27738.9990115702,-440898.08449407085,332.40065850767655,-286.31216467847753,4550.830773765085,3530853.585118784,4571.927994278402,3503206.6963047637,8874.773298113498,-440898.08449407085,3530853.585118784,331.4831468476426,-536.4135100547318,4550.830773765085,4594.309661076469,12758716.003277007,0.7241728933947978,1.6336277818646532,6.143906154658886e-08,2.3872571771823327e-06,6.157737163676958,-0.1251969179810003,0.002533323061462405,134653.5851187841,-0.05267685358201911,-0.052419996813912684,1005.3612012267113,-16088607027.962152,-1012202929.0948356,-196116097.6446287,-16088651124.890827,-1882109238.1924973,16120416584.87343,16199552207.59808,-0.9921699135499299,-0.00251349229985557,0.12487011252811217,-0.002533320351767841,0.9999967911388493,0.0,0.1248697118372592,0.000316335997395007,0.9921730972956365,4556.434382197856,-537.2515417804358,-0.11736859984769869,1.5214622321823846e-09,171.75896279696028,0.0,-77.95896279696025,4.9,0.0,3.011618935375603e-17,2.291834696742344,1.5707963267948966,18.034603269271386,461.0,0.007388547967571069,0.21279487126790758,0.0,0.016159604853178525,-1571.2421958284788,-12.441718692118997,197.75515103776013,-0.029371591376193586,0.054304698909632916,-0.402681176549373,-0.02966358992085908,0.054145749017287435,-0.402681176549373,-5.33817365664222e-18,1.921809182505587e-20,3.9195844558897976e-19,-5.338199747850309e-18,-9.527621595306682e-21,3.9195844558897976e-19,-1571.2718594183996,-12.38757294310171,197.35246986121075,-1678382.0561959315,137.40515412120138,124753.50097158834,-0.018954627060193276,4580.627283667419
76.06958647900242,2001.0,12.0,14.0,14.0,22.0,44.0,1.0,3503141.3177584866,27710.385280786144,-440443.27934051864,332.0600232806009,-286.3148487569448,4550.873535288739,3530829.5399176814,4571.945973638714,3503239.8069062782,8821.164681525479,-440443.27934051864,3530829.5399176814,331.13666133672865,-536.4190480796532,4550.873535288739,4594.327678541806,12758712.937895406,0.7241728271738062,1.6336277805085473,6.322027276634106e-08,2.39399108137911e-06,6.157866383757909,-0.12506795025874312,0.002517996633049049,134629.53991768183,-0.052622616517063625,-0.05236602526839317,1008.1165908873081,-16088606718.955212,-1012202887.7496777,-196118159.7373438,-16088648242.048834,-1882125573.4371557,16120416273.880169,16199551267.339043,-0.9921860478679335,-0.002498326407944105,0.12474215318556192,-0.002517993972237928,0.999996829848153,0.0,0.1247417577339946,0.0003140999898052251,0.9921891932583371,4556.465621566627,-537.25114766705,-0.11736771722249238,1.5250690123477256e-09,171.69884979420456,0.0,-77.89884979420457,4.9,0.0,3.011514614489875e-17,2.2918176598488005,1.5707963267948966,18.037830753712004,461.0,0.007406146333601666,0.2135341525306973,0.0,0.016197982862714528,-1571.2891894575093,-12.429138558207478,197.55519421631368,-0.029410191105594966,0.05442831263929167,-0.40363744069888824,-0.02970323917104582,0.054268942687099996,-0.40363744069888824,-5.3506967965524554e-18,1.931104864411487e-20,3.924712307495643e-19,-5.350723139308328e-18,-9.540005601592063e-21,3.924712307495643e-19,-1571.3188926966805,-12.374869615520378,197.15155677561478,-1678382.459440481,137.59363855758164,124737.17985741686,-0.018852941360956176,4580.639993271054
76.23028013186055,2001.0,12.0,14.0,14.0,22.0,44.0,1.0,3503194.633687852,27664.375955511205,-439711.97733033,331.5122856620129,-286.3191587823758,4550.9422013311505,3530790.92870197,4571.974844209832,3503292.9737014244,8734.964831144229,-439711.97733033,3530790.92870197,330.5795167837604,-536.4279316290628,4550.9422013311505,4594.356610299818,12758707.993764838,0.7241727203661963,1.6336277783218023,6.143906154658886e-08,2.404772274181134e-06,6.158074163757474,-0.12486057600511109,0.002493353195265808,134590.9287019698,-0.052535405615570685,-0.05227924130404848,1012.5536715388298,-16088606220.564608,-1012202821.0728637,-196121466.43463656,-16088643610.634605,-1882151804.2262864,16120415772.286366,16199549755.279078,-0.992211956030301,-0.0024739399776229397,0.1245363960114121,-0.0024933506118160332,0.9999968915965322,0.0,0.12453600890204687,0.00031051289918841815,0.9922150402349729,4556.515785253584,-537.2505148350465,-0.11736629994804924,1.5308540611190317e-09,171.6013267170997,0.0,-77.80132671709971,4.901326717099712,0.0,3.011345376097651e-17,2.291790021121889,1.5707963267948966,18.043069204185272,461.0,0.007434373914834473,0.21472654470030886,0.0,0.01625954793807251,-1571.3646538179055,-12.408908750998526,197.233648508388,-0.029471689813091406,0.05462643930170272,-0.40517141903750825,-0.029766425669705485,0.054466395824137155,-0.40517141903750825,-5.370781273511508e-18,1.9460789375279693e-20,3.932880402941541e-19,-5.3708080231608875e-18,-9.559737216585107e-21,3.932880402941541e-19,-1571.3944202435753,-12.354442355174388,196.82847708935049,-1678383.1098309495,137.78212299396188,124720.94649117102,-0.018751256507935576,4580.652634001757
76.32766124664813,2001.0,12.0,14.0,14.0,22.0,44.0,1.0,3503226.900561322,27636.493749615318,-439268.79948163143,331.180341265839,-286.3217672122791,4550.98375846952,3530767.5611403952,4571.992316558928,3503325.149463251,8682.72661957435,-439268.79948163143,3530767.5611403952,330.2418716747304,-536.4333023883738,4550.98375846952,4594.374119678531,12758704.988349052,0.7241726554402999,1.6336277769927732,6.322027276634106e-08,2.411319146145878e-06,6.158200081616874,-0.12473490401185872,0.0024784193504944247,134567.56114039477,-0.05248255437062531,-0.05222664878593506,1015.2467467188835,-16088605917.607853,-1012202780.5457017,-196123464.9171941,-16088640806.354183,-1882167679.1569033,16120415467.382715,16199548838.836191,-0.9922276357188802,-0.0024591612076468538,0.12441170138646934,-0.0024784168131875865,0.9999969287203336,0.0,0.12441131928334062,0.00030834405247349896,0.9922306831368016,4556.546144530013,-537.250131858857,-0.1173654422260196,1.534526106509396e-09,171.5679444862782,0.0,-77.76794448627821,4.867944486278218,0.0,3.011286471509183e-17,2.291780401272556,1.5707963267948966,18.044893222198642,461.0,0.007452289570923026,0.21545138526838917,0.0,0.016298408022045612,-1571.4103268109247,-12.396648263928485,197.03877235033528,-0.029511495016178058,0.05475450859328697,-0.40614059034112426,-0.02980729913738833,0.05459404241779947,-0.40614059034112426,-5.383541608846014e-18,1.9554173136348413e-20,3.9382185455911455e-19,-5.383568610856058e-18,-9.572464089874947e-21,3.9382185455911455e-19,-1571.4401341100622,-12.342054221510686,196.63263175999415,-1678383.5051876158,137.97060743034214,124704.80087285087,-0.01864957249654146,4580.665205858627
76.50773391001982,2001.0,12.0,14.0,14.0,22.0,44.0,1.0,3503286.4818200916,27584.934592558842,-438449.2848031409,330.56649958699086,-286.32658370678195,4551.060495027585,3530724.4125907444,4572.024579175742,3503384.5607801746,8586.128753631716,-438449.2848031409,3530724.4125907444,329.61748837010344,-536.4432084694055,4551.060495027585,4594.406450669454,12758699.412020663,0.7241725349747299,1.6336277745271308,6.322027276634106e-08,2.423489600735864e-06,6.158432927468559,-0.12450251276804843,0.002450804761499641,134524.4125907449,-0.05238482225182485,-0.05212939509465664,1020.2357491850853,-16088605355.499386,-1012202705.3552964,-196127149.7150393,-16088635625.490698,-1882196992.4816902,16120414901.662212,16199547143.891737,-0.9922565885592559,-0.002431832040760004,0.12418111230647405,-0.0024508023080634608,0.9999969967795137,0.0,0.12418073936321355,0.0003043433566585944,0.9922595685335198,4556.602203652141,-537.2494247134476,-0.11736385845789984,1.5413065928829455e-09,171.50630370106413,0.0,-77.70630370106413,4.806303701064131,0.0,3.011177691151064e-17,2.291762636091902,1.5707963267948966,18.04826267910476,461.0,0.007485372138702367,0.21679631686715764,0.0,0.016370161964004624,-1571.4946663512055,-12.373974497606977,196.67838074597427,-0.029584528473872926,0.05499095221274345,-0.4079301449171249,-0.029882310594719318,0.054829706034287266,-0.4079301449171249,-5.407102192120818e-18,1.9727311893484967e-20,3.948014002796453e-19,-5.407129663993801e-18,-9.595813180075535e-21,3.948014002796453e-19,-1571.5245486618003,-12.31914479157269,196.27045060105715,-1678384.2387433872,138.15909186672238,124688.74300245635,-0.01854788932218402,4580.677708840728
76.5730439295964,2001.0,12.0,14.0,14.0,22.0,44.0,1.0,3503308.0638539996,27566.23454088686,-438152.0540468063,330.3438590313092,-286.3283283750578,4551.088291417194,3530708.7829523208,4572.03626550626,3503406.08070929,8551.093520198669,-438152.0540468063,3530708.7829523203,329.3910244617421,-536.4467931670716,4551.088291417194,4594.4181617665,12758697.383388381,0.7241724911500264,1.6336277736302545,6.322027276634106e-08,2.4277920087474237e-06,6.1585173790360095,-0.12441822607082423,0.002440789432422279,134508.78295232076,-0.05234937542715694,-0.05209412179002412,1022.0481703877449,-16088605151.009695,-1012202678.0033748,-196128482.7143851,-16088633747.948347,-1882207610.613404,16120414695.8586,16199546529.048439,-0.9922670761250945,-0.0024219198030397695,0.12409747758364562,-0.0024407870089415916,0.999997021274952,0.0,0.12409710793138075,0.0003028955111285826,0.9922700318246926,4556.622509950173,-537.2491685729401,-0.11736328478088488,1.5439229224593e-09,171.4839756461725,0.0,-77.6839756461725,4.8,0.0,3.011138283901759e-17,2.291756200399696,1.5707963267948966,18.04948363487055,461.0,0.007498134154653583,0.21728559606183032,0.0,0.016397967505532057,-1571.525217721836,-12.365750299156057,196.5476599776048,-0.029614187239616823,0.055082492700001,-0.40862360457684427,-0.02991271959784129,0.054920945860114874,-0.40862360457684427,-5.4162354007530545e-18,1.97923305022589e-20,3.951989517575212e-19,-5.416263046513859e-18,-9.605398780159899e-21,3.951989517575212e-19,-1571.555130441434,-12.310829353295942,196.13903637302798,-1678384.5056064017,138.3475763031026,124672.77287998749,-0.018446206980273574,4580.690142947102
76.65966537046938,2001.0,12.0,14.0,14.0,22.0,44.0,1.0,3503336.665925576,27541.432268360404,-437757.83062568965,330.048561578825,-286.3306405311325,4551.125129368749,3530688.069425566,4572.051752974689,3503434.6000253353,8504.625520335061,-437757.83062568965,3530688.069425566,329.0906560178537,-536.4515409322885,4551.125129368749,4594.433682056865,12758694.687398711,0.7241724329082591,1.6336277724383987,6.322027276634106e-08,2.43372961447613e-06,6.158629389278354,-0.12430643448580508,0.0024275060864429525,134488.0694255666,-0.052302361355499025,-0.0520473378604897,1024.4547696709633,-16088604879.250694,-1012202641.6546651,-196130247.8728593,-16088631258.932817,-1882221682.53076,16120414422.353508,16199545713.452269,-0.9922809750212045,-0.0024087728377881713,0.12398654936880665,-0.002427503702314756,0.999997053608547,0.0,0.1239861840558973,0.00030097780763000943,0.9922838986780026,4556.649421380867,-537.2488291219338,-0.11736252451001068,1.5474738127600151e-09,171.45438489366654,0.0,-77.65438489366655,4.8,0.0,3.0110860553759996e-17,2.2917476708341433,1.5707963267948966,18.051102096174088,461.0,0.007515453317818772,0.21793584675403452,0.0,0.01643576377122852,-1571.5657075724748,-12.354841860152728,196.37427413813631,-0.029655111538379866,0.05520687825478999,-0.40956622314016683,-0.02995465638789058,0.05504492354137991,-0.40956622314016683,-5.428651676050581e-18,1.9879779707038768e-20,3.9574740878678534e-19,-5.428679554610152e-18,-9.618673802038088e-21,3.9574740878678534e-19,-1571.5956622288627,-12.299796936611347,195.96470791499615,-1678384.8602592424,138.53606073948288,124656.89050544426,-0.018344525466220552,4580.702508176761
76.89350629456807,2001.0,12.0,14.0,14.0,22.0,44.0,1.0,3503413.751576499,27474.475717908404,-436693.57970701816,329.2513464823676,-286.3368720135992,4551.224412535307,3530632.2442458696,4572.093492776841,3503511.460078136,8379.179701072955,-436693.57970701816,3530632.2442458696,328.27975121521996,-536.4643199406466,4551.224412535307,4594.475510315042,12758687.37842508,0.7241722750111766,1.6336277692077086,6.322027276634106e-08,2.4495079739178636e-06,6.158931775638765,-0.12400463834824689,0.00239164730023236,134432.24424586957,-0.052175440382994265,-0.05192103817617033,1030.9672242999077,-16088604142.50561,-1012202543.1198618,-196134997.04742855,-16088624546.408337,-1882259607.862735,16120413680.87519,16199543510.968178,-0.9923184341241051,-0.0023732802289814013,0.12368707627896666,-0.0023916450202051635,0.9999971400129589,0.0,0.12368672253553135,0.00029581558004632683,0.992321272150084,4556.721950886168,-537.2479142918717,-0.11736047554030836,1.5570438435652127e-09,171.34926927391314,0.0,-77.57463463695656,4.8,0.0,3.010902179882277e-17,2.2917176416871516,1.5707963267948966,18.056802435604187,461.0,0.007562130301796019,0.21969872692458386,0.0,0.01653763065378733,-1571.674837548469,-12.325390382806507,195.9061531443842,-0.029764569495432366,0.055541886000200776,-0.41210547975365086,-0.030066851010333198,0.05537883321297179,-0.41210547975365086,-5.462035722203283e-18,2.011631991088073e-20,3.972100547780626e-19,-5.4620642339513195e-18,-9.654073818070194e-21,3.972100547780626e-19,-1571.7049043994793,-12.270011549593535,195.49404766463056,-1678385.8217429984,138.7245451758631,124641.09587882672,-0.01824284477543562,4580.7148045286895
77.19350629456805,2001.0,12.0,14.0,14.0,22.0,45.0,1.0,3503512.373555658,27388.573459828905,-435328.1933200463,328.22849952429556,-286.3448444018206,4551.351435591518,3530560.8225199943,4572.1468926617445,3503609.7879442377,8218.237955804736,-435328.1933200463,3530560.8225199943,327.2393410019493,-536.4806333580448,4551.351435591518,4594.529023363397,12758677.935633656,0.7241720710157535,1.6336277650348894,6.495265578539184e-08,2.4699096088143413e-06,6.15931972806289,-0.12361744301007463,0.0023456444583806225,134360.82251999388,-0.05201260400535528,-0.05175899886943435,1039.355241701007,-16088603190.68925,-1012202415.8364785,-196141055.7527672,-16088615949.21412,-1882308128.8486245,16120412722.944864,16199540683.827686,-0.9923663587938076,-0.0023277429193073176,0.12330284484642409,-0.00234564230740651,0.9999972489772988,0.0,0.1233025056374988,0.00028922436949535313,0.992369088823699,4556.8147444701635,-537.2467439305457,-0.1173578542147467,1.5692875680010471e-09,171.17260359999128,0.0,-77.47260359999127,4.8,0.0,3.0105951636925575e-17,2.2916675021383557,1.5707963267948966,18.066328583395414,461.0,0.007621848688316421,0.22197632815430687,0.0,0.016667961314436354,-1571.8144681220508,-12.287599253343634,195.30547624338553,-0.029902861378814108,0.05597008457025563,-0.41535214877704923,-0.030208661375875474,0.05580562931568668,-0.41535214877704923,-5.504612042239928e-18,2.042088906888303e-20,3.990508059714054e-19,-5.5046413766064e-18,-9.698620313686816e-21,3.990508059714054e-19,-1571.8446767834266,-12.231793624027947,194.89012409460847,-1678387.0639286935,138.91302961224338,124625.3890001348,-0.018141164903329485,4580.72703200185
77.49350629456804,2001.0,12.0,14.0,14.0,22.0,45.0,1.0,3503610.6886671158,27302.6688137591,-433962.768885039,327.20556174558607,-286.35279191700386,4551.478065598961,3530489.6230190485,4572.200124962201,3503707.8036735933,8057.291330175624,-433962.768885039,3530489.6230190485,326.19883951136046,-536.496855646343,4551.478065598961,4594.582368468916,12758668.418865412,0.7241718654209566,1.6336277608305712,6.495265578539184e-08,2.490367013145704e-06,6.159707696041614,-0.12323023197846227,0.0022996430006070987,134289.62301904894,-0.051849760356064235,-0.05159695229745683,1047.7798729389906,-16088602231.436146,-1012202287.5764449,-196147076.21696904,-16088607368.289707,-1882356498.8559453,16120411757.53114,16199537854.990788,-0.992414134523768,-0.00228220224119666,0.12291857935385796,-0.002299640973718418,0.9999973558222002,0.0,0.12291825433527924,0.00028266860151339055,0.9924167586501295,4556.907250031911,-537.2455772701873,-0.11735524114495119,1.581493196734467e-09,171.04178005442554,0.0,-77.37089002721278,4.770890027212774,0.0,3.0103659890733267e-17,2.291630075082752,1.5707963267948966,18.073446237373297,461.0,0.007681388316862526,0.22427181857931766,0.0,0.016797680933636015,-1571.9536772660208,-12.249800121854433,194.7046721121005,-0.03003857981807775,0.05639677170212733,-0.4185858334201283,-0.030347908198872838,0.05623092213241469,-0.4185858334201283,-5.547122417233535e-18,2.0727704779495722e-20,4.0086558533064656e-19,-5.5471525881094616e-18,-9.74236884679802e-21,4.0086558533064656e-19,-1571.9840251742196,-12.193569199722019,194.28608627868036,-1678388.3158477973,139.1015140486236,124609.76986936855,-0.01803948584531309,4580.739190595165
77.72005789447556,2001.0,12.0,14.0,14.0,22.0,45.0,1.0,3503684.7300999304,27237.79445235999,-432931.6134403384,326.4330077569396,-286.3587771718959,4551.57343251176,3530436.002436258,4572.240213436245,3503781.6155293984,7935.745727345623,-432931.6134403384,3530436.002436258,325.41302159965636,-536.509045864647,4551.57343251176,4594.622541892652,12758661.183454607,0.7241717091104733,1.6336277576348097,6.495265578539184e-08,2.5058330715908127e-06,6.160000688876742,-0.12293781067829053,0.0022649049023453762,134236.0024362579,-0.051726780586376725,-0.05147457446247212,1054.165746703744,-16088601502.148373,-1012202190.0750093,-196151597.43176308,-16088600899.04238,-1882392926.461551,16120411023.560307,16199535717.650515,-0.9924501146916511,-0.002247808973698824,0.12262837030372002,-0.0022649029659298613,0.9999974351039881,0.0,0.12262805577470208,0.0002777413596080408,0.9924526602295214,4556.976916737007,-537.2446986925081,-0.11735327329890859,1.5906852966415036e-09,170.8885783893083,0.0,-77.29428919465413,4.694289194654138,0.0,3.0101003409975684e-17,2.291586691459663,1.5707963267948966,18.08170394633947,461.0,0.007726226666974361,0.22601713039434176,0.0,0.016894977267905377,-1572.0585247236015,-12.221249987375566,194.25087756449346,-0.030138427762183,0.05671698013403176,-0.42100841429899577,-0.03045042162215807,0.056550088298191754,-0.42100841429899577,-5.578830626103246e-18,2.0959827520502388e-20,4.0219139616318066e-19,-5.578861437416331e-18,-9.774007684155918e-21,4.0219139616318066e-19,-1572.0889751452237,-12.164699899077375,193.82986915019447,-1678389.2676583957,139.28999848500388,124594.23848652796,-0.017937807596797424,4580.751280307545
77.76198939511913,2001.0,12.0,14.0,14.0,22.0,45.0,1.0,3503698.414927824,27225.786975916068,-432740.7587664446,326.290013274371,-286.3598834025837,4551.591058994909,3530426.091924594,4572.247622767967,3503795.257536271,7913.2490507532575,-432740.7587664446,3530426.091924594,325.26757212422484,-536.5112964018938,4551.591058994909,4594.6299669249565,12758659.83985353,0.7241716800838568,1.6336277570414286,6.495265578539184e-08,2.5087555334474727e-06,6.16005491868012,-0.12288368664981807,0.0022584754572426403,134226.09192459378,-0.05170401831573001,-0.05145192360184074,1055.349774941802,-16088601366.722382,-1012202171.970326,-196152431.8647159,-16088599702.714012,-1882399659.2539449,16120410887.26475,16199535321.973133,-0.9924567647941314,-0.0022414430566479837,0.122574654588092,-0.002258473537271215,0.9999974496453886,0.0,0.12257434197925643,0.0002768316137273655,0.9924592959172733,4556.9897930457955,-537.2445363120099,-0.117352909594736,1.592086211310933e-09,170.88261490574223,0.0,-77.28261490574222,4.7,0.0,3.0100892566909504e-17,2.291584881255019,1.5707963267948966,18.082048673431373,461.0,0.007733068185894948,0.22634123861429659,0.0,0.01690994109846429,-1572.077904133586,-12.215965262628721,194.16687868346227,-0.03015156335817533,0.05676615641622709,-0.42138207241624953,-0.030463996152858747,0.05659910092582946,-0.42138207241624953,-5.583764125998326e-18,2.0999268722060474e-20,4.0236943309624665e-19,-5.583795050689696e-18,-9.778341677899894e-21,4.0236943309624665e-19,-1572.1083681297387,-12.159366161702891,193.74549661104604,-1678389.4444078095,139.4784829213841,124578.794851613,-0.01783613015319368,4580.763301137862
77.84353551007274,2001.0,12.0,14.0,14.0,22.0,45.0,1.0,3503725.011272099,27202.435352273602,-432369.592801764,326.0119202877571,-286.36203335021645,4551.6253160451115,3530406.830930725,4572.262022672907,3503821.770309777,7869.498460612637,-432369.592801764,3530406.8309307247,324.98470477522994,-536.5156680280421,4551.6253160451115,4594.644397343518,12758657.22327445,0.7241716235562669,1.6336277558859134,6.495265578539184e-08,2.5143695017695432e-06,6.160160382735315,-0.12277842829341613,0.0022459718970351474,134206.8309307252,-0.05165975107835672,-0.051407873028988964,1057.6539707928896,-16088601102.989868,-1012202136.7135866,-196154052.4991485,-16088597377.12245,-1882412744.3828986,16120410621.838871,16199534552.439411,-0.992469689218809,-0.0022290627787330654,0.12247018927497881,-0.0022459700087760163,0.9999974778061791,0.0,0.12246988038142417,0.0002750643720807245,0.9924721924260401,4557.014818091437,-537.2442207317755,-0.1173522027443656,1.59497536039122e-09,170.8585386634065,0.0,-77.2585386634065,4.7,0.0,3.0100464720360076e-17,2.2915778939906133,1.5707963267948966,18.08337942376872,461.0,0.007747172590860935,0.22697242178135024,0.0,0.01694070976645467,-1572.1155685703657,-12.205687370656804,194.00351512554664,-0.030179912214146714,0.05686730965730052,-0.42214966975452756,-0.030493229863624127,0.056699920118083835,-0.42214966975452756,-5.593869793133311e-18,2.1078085395954286e-20,4.0275088549089564e-19,-5.5939009422629486e-18,-9.7875616453576e-21,4.0275088549089564e-19,-1572.1460618002293,-12.148987450538721,193.5813654557921,-1678389.7886163443,139.66696735776438,124563.4389646237,-0.017734453509913126,4580.775253084964
77.9939113772589,2001.0,12.0,14.0,14.0,22.0,45.0,1.0,3503773.997038423,27159.373115370694,-431685.13345246995,325.49908287173923,-286.36599316688387,4551.688411940601,3530371.3555820873,4572.288544524192,3503870.600945703,7788.8188466840875,-431685.13345246995,3530371.3555820878,324.46306306576093,-536.5237119115611,4551.688411940601,4594.6709753944,12758652.385759152,0.7241715190481635,1.633627753749805,6.495265578539184e-08,2.5246366836391348e-06,6.1603548676987625,-0.12258432262848101,0.0022229148574959084,134171.35558208823,-0.05157811827094616,-0.0513266397650213,1061.9083085358143,-16088600615.406736,-1012202071.5346351,-196157033.6898003,-16088593091.943848,-1882436844.8978405,16120410131.125267,16199533133.243015,-0.9924934937525816,-0.002206232167153947,0.12227754249419284,-0.002222913026796134,0.9999975293257856,0.0,0.12227724038622159,0.0002718123420949591,0.992495945886723,4557.060909982841,-537.2436395058637,-0.11735090087002337,1.6002966626867639e-09,170.8141944776103,0.0,-77.2141944776103,4.7,0.0,3.009967664022217e-17,2.2915650236652514,1.5707963267948966,18.085831155736,461.0,0.0077731510891154215,0.22813935528046528,0.0,0.016997381000204204,-1572.1849423012238,-12.186732788820976,193.70223855846055,-0.03023181529891777,0.057053597669836593,-0.4235634759778652,-0.030546766385752613,0.056885593314245364,-0.4235634759778652,-5.6124823740332054e-18,2.1223727875633473e-20,4.0344937706669527e-19,-5.6125139392555965e-18,-9.80444388908712e-21,4.0344937706669527e-19,-1572.2154890676095,-12.12984719550673,193.2786750824827,-1678390.4249873366,139.8554517941446,124548.17082556005,-0.017632777662367215,4580.787136147669
78.07566511273312,2001.0,12.0,14.0,14.0,22.0,46.0,1.0,3503800.5964070978,27135.96153781116,-431313.0145213797,325.2202628488682,-286.3681433509319,4551.722673384613,3530352.0923962863,4572.3029458137735,3503897.115420227,7744.955850650405,-431313.0145213797,3530352.0923962863,324.17945643097977,-536.5280754629474,4551.722673384613,4594.685407199869,12758649.748930687,0.7241714620828499,1.6336277525855736,6.664001874625058e-08,2.530347047939609e-06,6.160460603529433,-0.1224787929959209,0.0022103797520714188,134152.09239628632,-0.05153373680584757,-0.05128247551742607,1064.2241667956114,-16088600349.637497,-1012202036.0089722,-196158650.4535099,-16088590764.064337,-1882449931.534333,16120409863.649796,16199532361.596664,-0.992506419676089,-0.0021938196666931842,0.12217280408102829,-0.0022103779521674923,0.9999975571116705,0.0,0.12217250562651102,0.0002700480724951836,0.9925088442643616,4557.085938065047,-537.2433239078141,-0.1173501939600451,1.6033555892080589e-09,170.78870342326618,0.0,-77.17740684653235,4.7,0.0,3.009922464991231e-17,2.291557642103316,1.5707963267948966,18.087237616636898,461.0,0.007788080808277805,0.22877543077376525,0.0,0.017029941288674653,-1572.2226137295913,-12.176427054322621,193.53843244440264,-0.030263009220906398,0.057159568948857035,-0.424375811536501,-0.03057887593765591,0.05699121332199601,-0.424375811536501,-5.623174811350653e-18,2.1305301846899313e-20,4.0386843071008976e-19,-5.623206607366946e-18,-9.814568760856379e-21,4.0386843071008976e-19,-1572.253192605529,-12.119435841000625,193.11405663286615,-1678390.771860065,140.04393623052488,124532.99043442207,-0.01753110260596742,4580.798950324773
78.16355399822318,2001.0,12.0,14.0,14.0,22.0,46.0,1.0,3503829.1664812397,27110.79285933381,-430912.9670709352,324.9205115230875,-286.3704528335909,4551.759473382238,3530331.4020306873,4572.318413954729,3503925.5937929214,7697.8007901803785,-430912.9670709352,3530331.4020306873,323.87455924883494,-536.5327589238906,4551.759473382238,4594.7009081170945,12758646.908282539,0.7241714007141674,1.6336277513315394,6.664001874625058e-08,2.53643852342242e-06,6.160574275506324,-0.12236534268012213,0.002196904072284784,134131.4020306873,-0.05148602416901006,-0.051234996399539795,1066.7164062708616,-16088600063.326593,-1012201997.7404271,-196160385.40773565,-16088588262.85812,-1882463987.7398527,16120409575.500967,16199531531.921434,-0.9925203032716483,-0.0021804754040236885,0.12206020285321346,-0.0021969023051001506,0.9999975868072192,0.0,0.12205990829841311,0.0002681543410092166,0.992522698420259,4557.112820495018,-537.2429849326871,-0.11734943468439485,1.6069025090250298e-09,170.75914575812476,0.0,-77.11829151624951,4.7,0.0,3.009870207915153e-17,2.291549107875143,1.5707963267948966,18.088863985481098,461.0,0.007805386342816969,0.22946067815872678,0.0,0.0170676709212333,-1572.26307723669,-12.165347276376947,193.3623231718619,-0.030301274550714734,0.05728081770053909,-0.4253171675004132,-0.030618167487044524,0.05711205770741827,-0.4253171675004132,-5.635562973347972e-18,2.1396580214238783e-20,4.043814067621873e-19,-5.63559502369587e-18,-9.826958321551406e-21,4.043814067621873e-19,-1572.293695404177,-12.10823521866953,192.93700600436148,-1678391.1455452722,140.2324206669051,124517.89779120975,-0.017429428336125458,4580.810695615039
78.35626267618342,2001.0,12.0,14.0,14.0,22.0,46.0,1.0,3503891.718153157,27055.606300514104,-430035.7957532334,324.26323779577217,-286.375509223028,4551.840044375029,3530286.1022874177,4572.35227965263,3503987.942813581,7594.405284004942,-430035.7957532334,3530286.1022874173,323.20600237927783,-536.5430006827436,4551.840044375029,4594.734845573975,12758640.657807954,0.7241712656800346,1.6336277485729527,6.664001874625058e-08,2.5497537111657496e-06,6.160823521844989,-0.12211658232378855,0.002167357170324468,134086.10228741774,-0.051381405375705055,-0.05113088963112889,1072.1905631422997,-16088599433.342587,-1012201913.5479932,-196164178.16948432,-16088582783.53153,-1882494762.5656438,16120408941.473623,16199529712.261131,-0.9925507002231925,-0.0021512152454397997,0.12181329877898439,-0.002167355473487535,0.9999976512823675,0.0,0.12181301267394168,0.00026401271985220426,0.9925530314499986,4557.171677407124,-537.242242793058,-0.11734777234652999,1.6146681792998135e-09,170.68886367833645,0.0,-76.99443183916823,4.694431839168222,0.0,3.009746305869296e-17,2.2915288731354706,1.5707963267948966,18.09272133267097,461.0,0.007843276088898118,0.23096849463578756,0.0,0.017150242039887877,-1572.3516723767502,-12.141050932990277,192.97614110942328,-0.030384402204838647,0.057546623972056246,-0.4273769739270867,-0.030703550287508943,0.0573769799455239,-0.4273769739270867,-5.6626552955368985e-18,2.1597169294195053e-20,4.0549503318995485e-19,-5.662687907339917e-18,-9.853824631938736e-21,4.0549503318995485e-19,-1572.3823759270376,-12.083673953044753,192.54876413549619,-1678391.9677912723,140.42090510328535,124502.89289592305,-0.017327754848253055,4580.822372017203
78.64327093213409,2001.0,12.0,14.0,14.0,22.0,46.0,1.0,3503984.643894144,26973.413086831275,-428729.3628993083,323.28426678768784,-286.3830208567035,4551.959740902743,3530218.8057217603,4572.4025888570695,3504080.5627077366,7440.410832483731,-428729.3628993083,3530218.8057217603,322.2102266304331,-536.5581843831054,4551.959740902743,4594.78526137763,12758631.293020267,0.7241710633638727,1.6336277444410694,6.664001874625058e-08,2.5696187298234126e-06,6.161194745517368,-0.12174608234728138,0.002123352907364974,134018.8057217598,-0.05122558719148597,-0.05097583402961691,1080.3689213097095,-16088598489.482834,-1012201787.4264431,-196169797.9837358,-16088574635.508354,-1882540481.1191516,16120407991.557154,16199527000.96568,-0.9925958575225822,-0.0021076344674229117,0.12144554955189352,-0.002123351311797424,0.9999977456870623,0.0,0.12144527577561993,0.00025787156695297216,0.99259809514931,4557.259114747499,-537.2411403204388,-0.11734530287875287,1.6262047334126066e-09,170.4982938882283,0.0,-76.89829388822828,4.6,0.0,3.009415498196758e-17,2.2914748481426694,1.5707963267948966,18.10302846386772,461.0,0.007899561395977639,0.23322765885357616,0.0,0.017272358527455355,-1572.4832976044916,-12.104859429774935,192.40088952060603,-0.03050475265700106,0.05794807440886235,-0.4304176162220045,-0.03082730397253605,0.05777712862495612,-0.4304176162220045,-5.702438875476524e-18,2.189602454038231e-20,4.0709374638380586e-19,-5.702472333460325e-18,-9.891944005477778e-21,4.0709374638380586e-19,-1572.514124908464,-12.04708230114998,191.97047190438403,-1678393.1997247022,140.6093895396656,124487.97574856204,-0.017226082137762083,4580.833979529976
78.94327093213407,2001.0,12.0,14.0,14.0,22.0,46.0,1.0,3504081.4756705393,26887.497005845547,-427363.7562575533,322.26089402575417,-286.3908481592095,4552.084470736557,3530148.680409258,4572.455011309411,3504177.069637218,7279.441007607547,-427363.7562575533,3530148.680409258,321.1692880194193,-536.5739661862501,4552.084470736557,4594.837794903827,12758621.433315484,0.7241708503543121,1.633627740091978,6.664001874625058e-08,2.590531623943814e-06,6.161582788032039,-0.12135879615608852,0.00207735807628143,133948.6804092587,-0.051062708719962754,-0.0508137526661156,1088.9501788169146,-16088597495.761263,-1012201654.6594788,-196175635.33299607,-16088566134.729256,-1882588121.3597465,16120406991.459991,16199524165.423508,-0.9926429130545773,-0.00206207773853979,0.12106112091800281,-0.002077356582170839,0.9999978422924874,0.0,0.12106085970351273,0.000251487116383993,0.9926450548922695,4557.35022800705,-537.2399915510305,-0.11734272970354828,1.638226215555647e-09,170.39811487036962,0.0,-76.7981148703696,4.6,0.0,3.0092382456626235e-17,2.2914459006070604,1.5707963267948966,18.108556209675402,461.0,0.007958223315293146,0.23560633126355074,0.0,0.01740033712556,-1572.620467939203,-12.067021961855307,191.79947584335204,-0.030630547018553642,0.05836817716321958,-0.43360950619162536,-0.030956675722036038,0.058195865353592925,-0.43360950619162536,-5.744446793564133e-18,2.2211510487556875e-20,4.087825346400805e-19,-5.744481147592384e-18,-9.932786269409526e-21,4.087825346400805e-19,-1572.6514246149252,-12.008826096501714,191.3658663371604,-1678394.4967662022,140.79787397604585,124473.14634912665,-0.017124410200064555,4580.8455181520385
79.24327093213405,2001.0,12.0,14.0,14.0,22.0,47.0,1.0,3504178.000421698,26801.578580409052,-425998.1122559553,321.237432053191,-286.39865056401123,4552.208807081286,3530078.7774353493,4572.507266048403,3504273.264271644,7118.46646187414,-425998.1122559553,3530078.7774353493,320.1282597700676,-536.5896567998408,4552.208807081286,4594.890160358179,12758611.500988025,0.7241706357745262,1.6336277357120363,6.828569911354543e-08,2.6114896123996525e-06,6.161970845829422,-0.12097149455288408,0.0020313646036498943,133878.7774353493,-0.05089982310865545,-0.05065166416911216,1097.5644974708557,-16088596494.740755,-1012201520.935012,-196181435.13214687,-16088557650.378698,-1882635610.4890506,16120405984.018171,16199521328.327295,-0.9926898194656004,-0.002016517735348049,0.12067665882670436,-0.002031363206598761,0.999997936779633,0.0,0.12067640984416406,0.00024513812463583886,0.9926918676076798,4557.441052938195,-537.2388464654216,-0.1173401647825148,1.650227047720845e-09,170.29650695814087,0.0,-76.69825347907043,4.6,0.0,3.009058537575711e-17,2.2914165520492498,1.5707963267948966,18.11416410302185,461.0,0.00801678783955417,0.23800257475963577,0.0,0.017528099786783817,-1572.757215924396,-12.029176630134195,191.19793713107515,-0.03075448017698238,0.05878743278413267,-0.4367959523626542,-0.031084199362001796,0.058613759940210675,-0.4367959523626542,-5.786374795763042e-18,2.2528938454023405e-20,4.104464943830308e-19,-5.786410058827182e-18,-9.973024278330573e-21,4.104464943830308e-19,-1572.788300123758,-11.970562870193984,190.7611411787125,-1678395.803363219,140.9863584124261,124458.40469761693,-0.01702273903057252,4580.856987882044
79.33276781986089,2001.0,12.0,14.0,14.0,22.0,47.0,1.0,3504206.7365086824,26775.94668857598,-425590.70207876776,320.9320926128546,-286.40097337696716,4552.2458232439485,3530057.9668342276,4572.522822344587,3504301.900856657,7070.443148872687,-425590.70207876776,3530057.9668342276,319.81767982397395,-536.5943200076202,4552.2458232439485,4594.9057496138485,12758608.52358301,0.7241705714498845,1.6336277343993049,6.828569911354543e-08,2.617816388100043e-06,6.162086615331853,-0.12085595061503812,0.0020176439572219206,133857.96683422755,-0.05085122921176019,-0.05060330807093,1100.1409267038107,-16088596194.66967,-1012201480.852667,-196183158.09058258,-16088555122.454035,-1882649748.3147888,16120405682.022427,16199520481.625069,-0.9927037838416379,-0.0020029255086747183,0.12056195849396759,-0.002017642588288727,0.9999979645571214,0.0,0.12056171309698774,0.0002432509419849268,0.9927058044375981,4557.468092245556,-537.2385055718335,-0.11733940120611949,1.6540918736434513e-09,170.23704809779306,0.0,-76.66852404889653,4.6,0.0,3.008955256673595e-17,2.291399684997919,1.5707963267948966,18.117388670094225,461.0,0.008035640564618812,0.23872090260185896,0.0,0.01756923899170469,-1572.7979291726958,-12.017884979408795,191.01846016412426,-0.030796359537156016,0.05892242000665033,-0.43782036901157795,-0.031127208959296777,0.0587483123381954,-0.43782036901157795,-5.79978486302301e-18,2.262758905518202e-20,4.110031074892738e-19,-5.799820405420516e-18,-9.986491129843181e-21,4.110031074892738e-19,-1572.8290563816552,-11.959136667070599,190.5806397951127,-1678396.1950410493,141.17484284880635,124443.75079403287,-0.016921068624698204,4580.868388718619
79.482469269818,2001.0,12.0,14.0,14.0,22.0,47.0,1.0,3504254.7422779966,26733.07175703054,-424909.2196480615,320.4213336353863,-286.4048537879509,4552.307661850906,3530023.201176632,4572.5488099602,3504349.7391406293,6990.1136183236285,-424909.2196480615,3530023.201176632,319.2981549684674,-536.6021020077462,4552.307661850906,4594.931792289398,12758603.527781516,0.7241704635190175,1.6336277321969046,6.828569911354543e-08,2.6283130909057668e-06,6.162280266011109,-0.12066267720961005,0.001994693700085361,133823.2011766322,-0.050769944783172344,-0.050522421409508717,1104.4578848034143,-16088595691.183098,-1012201413.6024214,-196186032.64371794,-16088550897.157827,-1882673366.5745096,16120405175.30671,16199519064.930643,-0.9927271123806083,-0.0019801891432310345,0.1203700926119778,-0.001994692377336759,0.999998010599181,0.0,0.12036985314761697,0.0002401013061924318,0.9927290873166676,4557.513263492185,-537.2379360868983,-0.11733812561369515,1.6605483529111612e-09,170.1377176475206,0.0,-76.61885882376029,4.6,0.0,3.008782683274867e-17,2.2913715016231126,1.5707963267948966,18.12277929423073,461.0,0.00806713625119972,0.23992620487127933,0.0,0.017637966018281603,-1572.8659461631914,-11.998995876548818,190.71822425807892,-0.03086594289399157,0.059147897239323476,-0.43953174711810344,-0.031198684910278537,0.05897306366840607,-0.43953174711810344,-5.822185825349676e-18,2.279296390896909e-20,4.1192794895397496e-19,-5.82222183764112e-18,-1.0008866134368112e-20,4.1192794895397496e-19,-1572.8971448481018,-11.940022812880413,190.2786925109608,-1678396.8522394784,141.3633272851866,124429.18463837446,-0.016819398977853825,4580.879720660363
79.59837233857981,2001.0,12.0,14.0,14.0,22.0,47.0,1.0,3504291.8571763043,26699.87638173653,-424381.59044986824,320.02587451148077,-286.4078538483555,4552.355471692965,3529996.3226586673,4572.568901586475,3504386.723465775,6927.919439672627,-424381.59044986824,3529996.3226586673,318.8959089838603,-536.6081114487434,4552.355471692965,4594.951926483247,12758599.646623544,0.7241703796690387,1.6336277304861144,6.828569911354543e-08,2.636452979398117e-06,6.162430198406537,-0.12051303688777261,0.001976925197202654,133796.32265866688,-0.050707010880116435,-0.050459795470031474,1107.8064255267382,-16088595300.035942,-1012201361.3605468,-196188251.81627613,-16088547628.540129,-1882691626.6321008,16120404781.65111,16199517967.734274,-0.9927451484783406,-0.0019625854551754223,0.1202215389647316,-0.001976923909488779,0.9999980458840187,0.0,0.12022130403790102,0.0002376688348149148,0.9927470884212914,4557.548186987717,-537.2374958013655,-0.11733713942570155,1.6653446870856805e-09,170.08046094095266,0.0,-76.58046094095266,4.580460940952661,0.0,3.0086825410076835e-17,2.291355147149765,1.5707963267948966,18.1259089316911,461.0,0.008090539504924504,0.24086259144574948,0.0,0.01768887816694361,-1572.9185345493822,-11.98437006467004,190.48575191394494,-0.030915503409634403,0.059315129619439674,-0.4408004861286391,-0.03124967266846367,0.0591397574475574,-0.4408004861286391,-5.8388340647987924e-18,2.2918829119504296e-20,4.125901251965737e-19,-5.8388704398236405e-18,-1.0024766166097748e-20,4.125901251965737e-19,-1572.9497842220508,-11.925230307222483,190.0449514278163,-1678397.3628067411,141.55181172156685,124414.70623064169,-0.01671773008545179,4580.8909837058445
79.73400897530742,2001.0,12.0,14.0,14.0,22.0,47.0,1.0,3504335.233023219,26661.02874581956,-423764.12047340866,319.56306802062034,-286.4113599755132,4552.41134698679,3529964.9099760586,4572.592382198511,3504429.945509322,6855.135244164913,-423764.12047340866,3529964.9099760586,318.4251600275796,-536.615126763573,4552.41134698679,4594.975456842414,12758595.090966605,0.7241702812466863,1.6336277284781937,6.828569911354543e-08,2.6459947917362283e-06,6.1626056610532185,-0.12033791601738822,0.0019561316982048675,133764.9099760591,-0.05063336055538947,-0.05038650554372212,1111.7311937510967,-16088594840.916039,-1012201300.0428872,-196190841.75502682,-16088543806.532627,-1882712966.98068,16120404319.587023,16199516683.442907,-0.9927662271104812,-0.001941983962727665,0.12004768638798813,-0.0019561304506980188,0.9999980867749997,0.0,0.1200474567097533,0.00023482893487938964,0.9927681264992804,4557.58900185719,-537.2369812498953,-0.11733598689447633,1.6707297183898694e-09,170.0355856800844,0.0,-76.53558568008442,4.535585680084421,0.0,3.008603066011174e-17,2.2913421678978594,1.5707963267948966,18.12839347403398,461.0,0.008116822255886245,0.2419617468842905,0.0,0.017745869458074024,-1572.9799964747936,-11.967252592564893,190.213675463163,-0.030968667994168274,0.059502574134025515,-0.4422218733683836,-0.03130446436760629,0.059326598053196115,-0.4422218733683836,-5.857534472315042e-18,2.306364526117252e-20,4.133047178496739e-19,-5.8575712704831394e-18,-1.0041777847190825e-20,4.133047178496739e-19,-1573.0113009391612,-11.907925994511697,189.77145358979462,-1678397.9621049054,141.7402961579471,124400.31557083457,-0.016616061942904537,4580.902177853607
79.87148215775073,2001.0,12.0,14.0,14.0,22.0,47.0,1.0,3504379.132131301,26621.654620805384,-423138.2821112619,319.0939765920151,-286.41490838076004,4552.467896726192,3529933.1183466,4572.616145748805,3504473.6876322357,6781.364567388528,-423138.2821112619,3529933.1183465994,317.9480185046018,-536.6222180407684,4552.467896726192,4594.9992707386355,12758590.458625084,0.7241701811673363,1.6336277264367152,6.828569911354543e-08,2.655669546768383e-06,6.162783502660718,-0.12016042078982773,0.0019350569322774806,133733.1183465994,-0.0505587115140105,-0.05031222178191923,1115.7156597077847,-16088594374.072136,-1012201237.697246,-196193458.995473,-16088539936.218122,-1882734564.7496798,16120403849.74963,16199515381.453274,-0.9927875600299507,-0.0019211028481369303,0.11987147289336107,-0.0019350557246585573,0.9999981277779186,0.0,0.1198712484673426,0.00023195797984555143,0.9927894187522227,4557.630309199177,-537.2364604981536,-0.1173348204792981,1.6761182686775968e-09,169.98279586649852,0.0,-76.49139793324926,4.5,0.0,3.008510051077445e-17,2.291326977406398,1.5707963267948966,18.131302196839314,461.0,0.008143123816597157,0.2430794230687553,0.0,0.017802970720362136,-1573.0422024249467,-11.949901719520607,189.93788917404981,-0.03102111630508584,0.0596902564155566,-0.4436456228599114,-0.031358552493644665,0.05951367534669565,-0.4436456228599114,-5.876244490842851e-18,2.3209849502648042e-20,4.1400851533642523e-19,-5.876281718760161e-18,-1.0058580418066757e-20,4.1400851533642523e-19,-1573.0735609774404,-11.890388044173912,189.4942435511899,-1678398.5714913886,141.92878059432735,124386.01265895311,-0.016514394545624617,4580.9133031021665
79.9762698898634,2001.0,12.0,14.0,14.0,22.0,47.0,1.0,3504412.5505309394,26591.641710543157,-422661.2370686805,318.7364032844574,-286.4176096099708,4552.510945756215,3529908.9168203836,4572.634235657117,3504506.9856280284,6725.132859517195,-422661.2370686805,3529908.916820384,317.5843090247559,-536.6276104412347,4552.510945756215,4595.017398972146,12758586.917950796,0.7241701046727089,1.6336277248764723,6.828569911354543e-08,2.6630588872018518e-06,6.162919063007468,-0.12002512445035,0.0019189930657628057,133708.91682038363,-0.05050180993762298,-0.050255598637577115,1118.756870597601,-16088594017.248587,-1012201190.0465001,-196195448.7196854,-16088536988.476723,-1882751006.1444726,16120403490.638186,16199514388.858082,-0.9928037998172382,-0.0019051859461504052,0.11973715102241185,-0.0019189918879700305,0.9999981587333718,0.0,0.11973693055439152,0.00022977462150065077,0.992805627837109,4557.661754685595,-537.2360640794889,-0.11733393255353439,1.6800510166876621e-09,169.92229205095904,0.0,-76.46114602547952,4.5,0.0,3.0084045855581034e-17,2.291309753579999,1.5707963267948966,18.13460143830608,461.0,0.008162322472075068,0.24393372463793475,0.0,0.01784485153453249,-1573.089558734426,-11.936675069299318,189.72765601292673,-0.031058086831933646,0.05982761840814187,-0.4446887902879155,-0.03139674315761328,0.05965059263029186,-0.4446887902879155,-5.8898949410173985e-18,2.3318978010273655e-20,4.145010880706263e-19,-5.8899324933592195e-18,-1.0070483058764604e-20,4.145010880706263e-19,-1573.1209554775835,-11.877024476669026,189.2829672226388,-1678399.0372688863,142.1172650307076,124371.79749499733,-0.016412727889024627,4580.924359450009
80.14442457961304,2001.0,12.0,14.0,14.0,22.0,48.0,1.0,3504466.0993063054,26543.478882293944,-421895.7052024827,318.1625767065297,-286.4219379705361,4552.579926907847,3529870.1369209928,4572.663222089682,3504560.33984544,6634.895684242997,-421895.7052024827,3529870.1369209928,317.0006355201968,-536.6362404624377,4552.579926907847,4595.046446814453,12758581.218771316,0.7241699815442441,1.633627722365341,6.989264130329237e-08,2.675038594660505e-06,6.1631366029028225,-0.11980800818352613,0.0018932154432414643,133670.13692099275,-0.050410497191334766,-0.050164732697602396,1123.6442926824093,-16088593442.899569,-1012201113.3513032,-196198632.19789708,-16088532262.49012,-1882777351.3969352,16120402912.606802,16199512795.741575,-0.9928298220348611,-0.0018796429973003009,0.11952159395033454,-0.0018932143122774487,0.9999982078681781,0.0,0.11952137975188261,0.00022627999229298708,0.9928316013199677,4557.712142264301,-537.2354288797222,-0.11733250978816076,1.6863527503386785e-09,169.82534230248189,0.0,-76.41267115124094,4.5,0.0,3.0082355566424497e-17,2.2912821490632074,1.5707963267948966,18.139891705091408,461.0,0.008193086799360746,0.24530884482360554,0.0,0.017911961332498106,-1573.1654443945824,-11.915448050676778,189.39025967305219,-0.031116892516547312,0.060047696286099635,-0.4463603553460568,-0.031457509095932354,0.05986995866570608,-0.4463603553460568,-5.91176665290458e-18,2.3494500066506744e-20,4.1528463696561e-19,-5.911804728982166e-18,-1.0089415845055172e-20,4.1528463696561e-19,-1573.1969019036783,-11.855578092011072,188.94389931770613,-1678399.7869993765,142.30574946708785,124357.67007896717,-0.01631106196851729,4580.935346895594
80.23419512205086,2001.0,12.0,14.0,14.0,22.0,48.0,1.0,3504494.647182747,26517.7665259634,-421487.0159819761,317.8562240881281,-286.4242454922864,4552.6167023293065,3529849.4626138723,4572.6786751230575,3504588.7831778335,6586.7213515127405,-421487.0159819761,3529849.4626138723,316.68902599948433,-536.6408359250416,4552.6167023293065,4595.061932585741,12758578.167373527,0.724169915619861,1.6336277210209909,6.989264130329237e-08,2.6814638533246484e-06,6.163252740021147,-0.1196920972066999,0.001879454053952848,133649.46261387225,-0.05036174834422691,-0.05011622238192375,1126.257137209177,-16088593135.390026,-1012201072.290268,-196200326.9496331,-16088529741.654106,-1882791396.5474179,16120402603.125826,16199511945.095655,-0.9928436949780479,-0.0018660063045961284,0.1194065130669518,-0.0018794529474722259,0.9999982338267495,0.0,0.11940630217436247,0.0002244189229310634,0.992845448515121,4557.739004916972,-537.235090247699,-0.11733175129669286,1.6899569431380085e-09,169.7849465912461,0.0,-76.38494659124609,4.5,0.0,3.008164689226586e-17,2.2912705755358993,1.5707963267948966,18.14211066427726,461.0,0.008210677610856108,0.24604510841378213,0.0,0.01795033571135227,-1573.2059020715471,-11.90411486059419,189.21012241306235,-0.031152573550831578,0.06017361487635433,-0.44731684699166374,-0.03149428663292161,0.059995472125912615,-0.44731684699166374,-5.924321027779214e-18,2.3591970995384478e-20,4.1576225439357624e-19,-5.924359390839732e-18,-1.0100962899250902e-20,4.1576225439357624e-19,-1573.2373963581801,-11.844119388468277,188.76280556607068,-1678400.1884128638,142.4942339034681,124343.63041086268,-0.01620939677951534,4580.946265437355
80.32455075028761,2001.0,12.0,14.0,14.0,22.0,48.0,1.0,3504523.353350766,26491.886378462237,-421075.65976857254,317.5478668350189,-286.4265657990102,4552.653681817256,3529828.6736716167,4572.694213687496,3504617.3836438917,6538.2326229752425,-421075.65976857254,3529828.673671617,316.375377545105,-536.6454530880603,4552.653681817256,4595.077504069013,12758575.089186046,0.724169849116578,1.6336277196649462,6.989264130329237e-08,2.687832447502107e-06,6.163369635433959,-0.119575429397169,0.001865603094963412,133628.67367161717,-0.05031268113637549,-0.05006739526070306,1128.8901258558035,-16088592825.18258,-1012201030.8706073,-196202029.39729363,-16088527205.841461,-1882805519.5604403,16120402290.929752,16199511088.731281,-0.9928576448438499,-0.001852280444017805,0.11929067915089,-0.0018656020127661404,0.9999982597630508,0.0,0.11929047155684246,0.00022254893112814026,0.9928593726544155,4557.766016546246,-537.234749738952,-0.11733098860789114,1.6938177466996668e-09,169.75524810231025,0.0,-76.35524810231026,4.5,0.0,3.008112055963085e-17,2.2912619798716576,1.5707963267948966,18.143759050084665,461.0,0.008229516769330278,0.24678784105573917,0.0,0.01799143477409416,-1573.2465851853706,-11.892707103859037,189.02879993714194,-0.03119268638104042,0.060308543827286856,-0.44834185785607744,-0.03153555128700556,0.0601299687947563,-0.44834185785607744,-5.9378103541252516e-18,2.3693686491607334e-20,4.163010538187307e-19,-5.937849012853795e-18,-1.0113994651974527e-20,4.163010538187307e-19,-1573.2781207366577,-11.83257713506428,188.58045807928588,-1678400.5933507513,142.68271833984835,124329.67849068381,-0.016107732317431643,4580.957115073693
80.51777711184357,2001.0,12.0,14.0,14.0,22.0,48.0,1.0,3504584.6482588635,26436.54073638633,-420195.95942954114,316.8884151804225,-286.4315202046416,4552.73264285676,3529784.2840347514,4572.727391915661,3504678.4509029347,6434.5376226723365,-420195.95942954114,3529784.284034752,315.70461048375574,-536.6552991533615,4552.73264285676,4595.110752585141,12758568.482879186,0.7241697063889689,1.6336277167550168,6.989264130329237e-08,2.701552168529287e-06,6.163619621955672,-0.11932592956564393,0.0018359830959937835,133584.28403475182,-0.05020774830975941,-0.049962975863502165,1134.5315071940422,-16088592159.431648,-1012200941.9834415,-196205658.83426386,-16088521787.841005,-1882835675.699463,16120401620.911278,16199509256.767008,-0.9928874313239563,-0.0018229265883968639,0.11904295719432245,-0.001835982064528272,0.9999983145835091,0.0,0.11904275655735927,0.00021856073431718285,0.9928891047556271,4557.823693271364,-537.2340226682074,-0.11732936010288274,1.7020615364032347e-09,169.69183433535972,0.0,-76.28366867071946,4.491834335359734,0.0,3.0079996582194e-17,2.291243623927109,1.5707963267948966,18.147280197957535,461.0,0.008269744366901201,0.24838188751535076,0.0,0.018079121089506506,-1573.3334576126922,-11.86830914892064,188.64100259430518,-0.031277600019018734,0.06059568346016274,-0.4505288635810033,-0.031622925879881976,0.06041618719970213,-0.4505288635810033,-5.966589196147828e-18,2.3911732215516937e-20,4.1744170754425327e-19,-5.966628491530515e-18,-1.0141527587801426e-20,4.1744170754425327e-19,-1573.365080538572,-11.807892961720936,188.19047373072416,-1678401.4624160677,142.87120277622859,124315.81431843064,-0.01600606857767907,4580.967895802986
80.78573133516242,2001.0,12.0,14.0,14.0,22.0,48.0,1.0,3504669.4373203213,26359.789282497488,-418976.02085358277,315.97386867715124,-286.43837354400097,4552.841870556091,3529722.8799763387,4572.773286072033,3504762.920656594,6290.73674653713,-418976.02085358277,3529722.8799763382,314.77437220733975,-536.6688904069563,4552.841870556091,4595.156743966178,12758559.268665282,0.72416950731727,1.6336277126978795,7.146345858741881e-08,2.7207578060156806e-06,6.16396629793248,-0.11897992841442734,0.0017949088521341694,133522.87997633824,-0.05006222921380094,-0.04981816876356073,1142.3771525770426,-16088591230.88228,-1012200818.0325072,-196210666.562334,-16088514285.471912,-1882877390.4783304,16120400686.411278,16199506714.930586,-0.9929286348621478,-0.0017822183101749054,0.11869940930218052,-0.0017949078883586784,0.9999983891515387,0.0,0.1186992180954197,0.0002130545060999993,0.9929302343222879,4557.903477495685,-537.233016918428,-0.1173271074601003,1.7134651472514732e-09,169.60411425191174,0.0,-76.10822850382348,4.404114251911745,0.0,3.007844150779417e-17,2.2912182276348734,1.5707963267948966,18.152154201490053,461.0,0.008325393874553697,0.25060525763232855,0.0,0.01819974151259948,-1573.4536363341372,-11.83447028067214,188.10314505807804,-0.03139225704148573,0.06098403821366998,-0.45353822307172936,-0.03174095233241423,0.060803278398754775,-0.45353822307172936,-6.006174990531042e-18,2.4215089479271104e-20,4.189814957470335e-19,-6.0062151803036486e-18,-1.0178179063592149e-20,4.189814957470335e-19,-1573.4853772864697,-11.773667002273385,187.64960683500632,-1678402.6745552905,143.05968721260885,124302.0378941031,-0.015904405555670572,4580.978607623583
80.87907556592516,2001.0,12.0,14.0,14.0,22.0,48.0,1.0,3504698.916788091,26333.05180161895,-418551.03755844996,315.6552618774861,-286.4407562937342,4552.879847164291,3529701.5310071274,4572.789242238462,3504792.2879031585,6240.641581529092,-418551.03755844996,3529701.5310071274,314.45029896470453,-536.6736079416803,4552.879847164291,4595.172733934479,12758556.044671388,0.7241694376631179,1.633627711278683,6.989264130329237e-08,2.7273196036380176e-06,6.164087068393193,-0.11885939300969084,0.001780600524507479,133501.53100712784,-0.05001153503371832,-0.049767722614758904,1145.1161547005177,-16088590905.992626,-1012200774.6690853,-196212404.1443078,-16088511674.983362,-1882891893.8462079,16120400359.439919,16199505829.114904,-0.9929429605066744,-0.0017680366248271576,0.11857972519252216,-0.0017805995835972895,0.9999984147313049,0.0,0.11857953721179594,0.000211143009300886,0.9929445345905611,4557.931216936045,-537.2326672412088,-0.11732632427829469,1.7171661130637976e-09,169.5472314489367,0.0,-76.07361572446835,4.4,0.0,3.0077450359596035e-17,2.291202040956415,1.5707963267948966,18.155262129748795,461.0,0.00834345891856469,0.25138323306071214,0.0,0.018239109341149425,-1573.495422352899,-11.822680763802259,187.9157546072019,-0.031427352066303205,0.06111244384221117,-0.454518727908625,-0.03177718521480407,0.060931270707993805,-0.454518727908625,-6.01899876921748e-18,2.4317087289107928e-20,4.194486570782895e-19,-6.019039265521654e-18,-1.018943984329567e-20,4.194486570782895e-19,-1573.5271995381138,-11.761749493094266,187.46123587929327,-1678403.0986753851,143.24817164898909,124288.34921770121,-0.01580274324681919,4580.989250533806
80.99528915501818,2001.0,12.0,14.0,14.0,22.0,48.0,1.0,3504735.5771694733,26299.763321050046,-418021.92830585403,315.25858451041756,-286.4437194455298,4552.927074746584,3529674.981633965,4572.809084958369,3504828.8078560145,6178.27247468095,-418021.92830585403,3529674.9816339645,314.0468158213527,-536.6794689270268,4552.927074746584,4595.1926186892115,12758552.021140818,0.7241693507348549,1.633627709507727,6.989264130329237e-08,2.7357330742614077e-06,6.164237429671765,-0.11870932435986913,0.0017627868332229643,133474.98163396446,-0.04994841982150988,-0.049704916202375236,1148.5301144868135,-16088590500.534512,-1012200720.5550526,-196214562.45790097,-16088508427.167398,-1882909930.0782607,16120399951.384048,16199504726.08173,-0.9929607757350939,-0.0017503799944268215,0.11843071401218434,-0.0017627859202706873,0.9999984462916927,0.0,0.11843053000540013,0.00020876799518828297,0.992962318508897,4557.965713489743,-537.2322323889133,-0.11732535033332701,1.7217174341775204e-09,169.47137609704134,0.0,-76.03568804852067,4.4,0.0,3.00761302138839e-17,2.291180481340809,1.5707963267948966,18.159403402016874,461.0,0.008365675945266843,0.2523541537814095,0.0,0.018287569283202937,-1573.5473886776176,-11.808001769451764,187.68243686643515,-0.03146989876171948,0.061270836273570876,-0.45572532851611575,-0.031821142476595926,0.06108915449750295,-0.45572532851611575,-6.034763416509388e-18,2.4443516669478e-20,4.200141104720623e-19,-6.0348042947124885e-18,-1.0203100849265273e-20,4.200141104720623e-19,-1573.5792098200943,-11.74691261495426,187.22671153791904,-1678403.6279757433,143.43665608536935,124274.74828922498,-0.015701081646537975,4580.999824531944
81.10650406146924,2001.0,12.0,14.0,14.0,22.0,49.0,1.0,3504770.617513452,26267.906352066813,-417515.5724365104,314.8789571144279,-286.4465516412259,4552.972215571621,3529649.6054873113,4572.828050599298,3504863.713071076,6118.585406452275,-417515.5724365104,3529649.6054873117,313.66067532987773,-536.6850649910893,4552.972215571621,4595.211624506541,12758548.160741877,0.7241692673308574,1.6336277078087413,6.989264130329237e-08,2.7436756725555472e-06,6.164381325579557,-0.11856570847752983,0.0017457395470049132,133449.60548731172,-0.04988801839563176,-0.049644810294825446,1151.8012466281652,-16088590111.518381,-1012200668.6379365,-196216622.77370125,-16088505321.388971,-1882927169.2651124,16120399559.875662,16199503670.303318,-0.992977803695386,-0.0017334823822002378,0.11828810763182461,-0.0017457386602838306,0.999998476197104,0.0,0.11828792738406364,0.00020650012254469106,0.9929793168001446,4557.9986856833175,-537.2318167559672,-0.11732441944017007,1.7260732666421082e-09,169.39943641044533,0.0,-75.99943641044533,4.4,0.0,3.007487779094334e-17,2.291160027721995,1.5707963267948966,18.163334037660462,461.0,0.008386939128041995,0.25328571822463775,0.0,0.018333948207638454,-1573.597060283527,-11.793953078944021,187.45913758966992,-0.03151042041436469,0.061422415669942006,-0.45688014072320526,-0.03186301646335116,0.061240247576878404,-0.45688014072320526,-6.049852121332042e-18,2.4564823321485194e-20,4.2055278277728083e-19,-6.049893366955892e-18,-1.0216114414454396e-20,4.2055278277728083e-19,-1573.6289232999904,-11.732712831367143,187.00225744894672,-1678404.13581625,143.62514052174959,124261.2351086744,-0.015599420750240062,4581.010329616267
81.19105455458015,2001.0,12.0,14.0,14.0,22.0,49.0,1.0,3504797.2284832173,26243.687063933052,-417130.61494106834,314.59033954822127,-286.44870250851665,4553.006497384149,3529630.3338756966,4572.842453674537,3504890.220825186,6073.208240010799,-417130.61494106834,3529630.3338756966,313.3671061842391,-536.6893109735604,4553.006497384149,4595.226058092663,12758545.219101178,0.724169203776527,1.6336277065142253,7.146345858741881e-08,2.7497386942965925e-06,6.164490722989918,-0.11845652394349854,0.0017327795677034926,133430.33387569664,-0.049842097917354715,-0.04959911448321497,1154.2909548431635,-16088589815.088316,-1012200629.0789027,-196218185.7419634,-16088502961.740171,-1882940261.3440654,16120399261.546612,16199502867.499626,-0.9929907353716146,-0.0017206357792551427,0.1181796889429607,-0.0017327787005846187,0.9999984987378605,0.0,0.11817951152426803,0.00020477924784207787,0.9929922261132486,4558.023726048771,-537.231501109277,-0.11732371249282698,1.729652280227764e-09,169.3719055367095,0.0,-75.97190553670951,4.4,0.0,3.0074389420228193e-17,2.2911520520229534,1.5707963267948966,18.16486723003251,461.0,0.008404406497092952,0.2539955800723429,0.0,0.018372049324751137,-1573.634783896584,-11.783271935356593,187.28936435033492,-0.03154607759505081,0.061547366070659026,-0.45783040518951207,-0.031899759161546255,0.061364799741415454,-0.45783040518951207,-6.0623536632334564e-18,2.466143851755315e-20,4.210321627142291e-19,-6.062395196514668e-18,-1.0227704812946444e-20,4.210321627142291e-19,-1573.6666836557454,-11.721907135615178,186.8315339451454,-1678404.5227931216,143.81362495812985,124247.80967604948,-0.015497760553338572,4581.020765785011
81.30930224180662,2001.0,12.0,14.0,14.0,22.0,49.0,1.0,3504834.404197712,26209.81498966118,-416592.2296206545,314.1866832241886,-286.45170726976215,4553.05438953132,3529603.41129567,4572.862574640048,3504927.2514857296,6009.745619719195,-416592.2296206545,3529603.4112956706,312.95652480052763,-536.6952370104447,4553.05438953132,4595.2462216812,12758541.094902383,0.7241691146727761,1.6336277046994723,7.146345858741881e-08,2.7583252867928795e-06,6.164643722201896,-0.11830382243154451,0.0017146546272932502,133403.41129567008,-0.04977787512393201,-0.049535205897098054,1157.7773273736238,-16088589399.494265,-1012200573.6197555,-196220366.73913762,-16088499663.80603,-1882958551.0445826,16120398843.290346,16199501744.48467,-0.9930088010083596,-0.0017026688042306422,0.11802805615142158,-0.001714653787101035,0.9999985299801147,0.0,0.11802788264783201,0.0002023772534642086,0.9930102607531892,4558.058707646966,-537.2310601482211,-0.1173227248943314,1.7346521879469835e-09,169.33344470810013,0.0,-75.93344470810013,4.4,0.0,3.0073707109143025e-17,2.291140909037308,1.5707963267948966,18.167009728117396,461.0,0.008428809070666185,0.2549908168478719,0.0,0.0184252774539609,-1573.6874856524978,-11.76833284936286,187.05191252086138,-0.03159563861211879,0.061721905401503026,-0.4591579515666378,-0.03195083962776317,0.06153878315973317,-0.4591579515666378,-6.0798180962753554e-18,2.479679648490648e-20,4.216985467932963e-19,-6.079860033680636e-18,-1.0243815993283303e-20,4.216985467932963e-19,-1573.7194364921256,-11.706794066203127,186.59275456929475,-1678405.0653374363,144.0021093945101,124234.4719913502,-0.015396101051246766,4581.031133036387
81.44846412781182,2001.0,12.0,14.0,14.0,22.0,49.0,1.0,3504878.093953686,26169.951584058796,-415958.614067427,313.71161580590706,-286.4552385101734,4553.110673793368,3529571.7712577013,4572.886220908254,3504970.7694834564,5935.057614094414,-415958.614067427,3529571.771257702,312.4733074257912,-536.7021930038388,4553.110673793368,4595.2699180396185,12758536.225917688,0.7241690094775786,1.633627702557244,7.146345858741881e-08,2.768289264109244e-06,6.164823785000815,-0.11812410996036225,0.0016933242334414306,133371.7712577018,-0.049702292006291955,-0.049459992561116835,1161.8869877904654,-16088588908.85256,-1012200508.1495824,-196222926.19651365,-16088495785.758776,-1882980045.478562,16120398349.50592,16199500422.445547,-0.9930300321487784,-0.001681523425143317,0.11784959791856205,-0.0016933234242168646,0.9999985663268628,0.0,0.11784942896075928,0.00019955748469004017,0.993031455831301,4558.09981886401,-537.2305419192287,-0.11732156426366389,1.7406457484596405e-09,169.27648930771943,0.0,-75.88824465385972,4.388244653859712,0.0,3.0072704338331743e-17,2.2911245325471725,1.5707963267948966,18.170159438866605,461.0,0.00845805865524473,0.2561657916001978,0.0,0.018488988558556758,-1573.749424353165,-11.7507499937905,186.77243883963854,-0.031655379650260475,0.061930940017148405,-0.4607462581445355,-0.03201239349922,0.06174715422317741,-0.4607462581445355,-6.100682722645919e-18,2.495793031589161e-20,4.224995696772881e-19,-6.100725141257886e-18,-1.0263113563979344e-20,4.224995696772881e-19,-1573.7814367466642,-11.689002839567323,186.31169258149401,-1678405.7058598623,144.19059383089035,124221.22205457659,-0.015294442239377832,4581.041431368578
81.54316912199006,2001.0,12.0,14.0,14.0,22.0,49.0,1.0,3504907.788700859,26142.822728694326,-415527.4099357893,313.3883035329643,-286.45763858214207,4553.148928862734,3529550.2663773065,4572.902292406561,3505000.3466940057,5884.229012332548,-415527.4099357893,3529550.2663773065,312.1444487477653,-536.7069155883603,4553.148928862734,4595.286023582023,12758532.90248839,0.7241689376741871,1.6336277010951588,7.146345858741881e-08,2.7751787549326717e-06,6.16494632646327,-0.1180018068926163,0.001678808246010663,133350.26637730654,-0.049650853944070684,-0.04940880615022751,1164.6882429718971,-16088588573.957193,-1012200463.4639139,-196224663.5043727,-16088493148.527315,-1882994654.6316335,16120398012.465569,16199499522.45899,-0.9930444623732478,-0.0016671327983018244,0.11772814624404891,-0.0016788074574193845,0.9999985908017676,0.0,0.11772798034175332,0.00019764288986266922,0.9930458617717209,4558.12776105764,-537.2301896902733,-0.11732077542528115,1.744946724538689e-09,169.21504679230443,0.0,-75.85752339615222,4.357523396152222,0.0,3.007163430944794e-17,2.291107057649356,1.5707963267948966,18.17352165496803,461.0,0.0084790421508028,0.2569678134190781,0.0,0.018534525015879117,-1573.7915238851992,-11.738783243739144,186.5822312949672,-0.03169936253667007,0.06208061087149715,-0.46188014279662143,-0.0320576552420939,0.061896353461157474,-0.46188014279662143,-6.1155212927913734e-18,2.507067849535937e-20,4.230849337095667e-19,-6.1155640461848346e-18,-1.0277086954138985e-20,4.230849337095667e-19,-1573.8235815404414,-11.676886890277986,186.12035115217057,-1678406.1430623792,144.3790782672706,124208.0598657286,-0.015192784113145081,4581.051660779738
81.72739981580885,2001.0,12.0,14.0,14.0,22.0,49.0,1.0,3504965.4665084756,26090.048009594084,-414688.5733021289,312.7593357364245,-286.46230033871046,4553.223234269137,3529508.496214377,4572.933508448809,3505057.794351507,5785.350280483733,-414688.5733021289,3529508.496214377,311.50469135723733,-536.7160764141878,4553.223234269137,4595.317305748027,12758526.414095817,0.7241687974907077,1.6336276982410078,7.146345858741881e-08,2.7884687509939546e-06,6.165184711992393,-0.11776388507570834,0.001650570508700129,133308.49621437723,-0.049550788919707246,-0.049309230667769,1170.148175239563,-16088587920.140814,-1012200376.2285714,-196228032.68103194,-16088488022.733269,-1883023030.7428234,16120397354.461817,16199497771.003569,-0.9930724910028987,-0.0016391376551972857,0.11749187563846604,-0.0016505697592358575,0.9999986378088072,0.0,0.11749171559206781,0.0001939285368847522,0.9930738437593426,4558.182034789115,-537.2295055276898,-0.11731924324455797,1.7533007571245519e-09,169.09570346964927,0.0,-75.79785173482463,4.297851734824629,0.0,3.00695554482651e-17,2.2910731072697974,1.5707963267948966,18.180057480747386,461.0,0.00851980078570646,0.258533667362027,0.0,0.018622971000392067,-1573.8732996162664,-11.71550200433547,186.21218366135514,-0.03178421340868132,0.06237127659066428,-0.46408248569614347,-0.0321449968000131,0.062186104125317984,-0.46408248569614347,-6.144339678546663e-18,2.5290535192368055e-20,4.242142563700732e-19,-6.1443830872830065e-18,-1.0304040168056306e-20,4.242142563700732e-19,-1573.9054446130665,-11.653315900210151,185.748101175659,-1678406.996621605,144.56756270365085,124194.9854248063,-0.01509112666796179,4581.0618212679965
81.76407995975752,2001.0,12.0,14.0,14.0,22.0,49.0,1.0,3504976.9362689736,26079.54051424255,-414521.56014845264,312.63410498660187,-286.4632273656579,4553.23801064441,3529500.1898340764,4572.939715960684,3505069.21805207,5765.663424226774,-414521.56014845264,3529500.189834076,311.3773123930153,-536.7178962145675,4553.23801064441,4595.323526408903,12758525.11868064,0.7241687695028509,1.6336276976712316,7.45058059692383e-08,2.791214619661059e-06,6.1652321749775965,-0.11771651441006387,0.0016449484632658656,133300.18983407598,-0.04953086576266598,-0.04928940497829877,1171.2368166297674,-16088587789.60654,-1012200358.812938,-196228701.83868626,-16088487002.902351,-1883028673.580545,16120397223.09159,16199497422.18905,-0.9930780647491183,-0.0016335637099081219,0.11744483293764593,-0.0016449477214338394,0.9999986470725817,0.0,0.11744467404331131,0.0001931906103349586,0.9930794083134784,4558.192827621722,-537.2293694747369,-0.11731893856036198,1.7545941519626534e-09,169.08773729259497,0.0,-75.78773729259497,4.3,0.0,3.006941146317982e-17,2.291070755814906,1.5707963267948966,18.18051034219444,461.0,0.008526119752853365,0.25884629356003286,0.0,0.018636765543795893,-1573.8895620050869,-11.710866389023568,186.13850208047333,-0.031794655554455466,0.06241647305816663,-0.4644267887453583,-0.032155862393212754,0.06223115573887466,-0.4644267887453583,-6.148873426273537e-18,2.532935422190874e-20,4.243559724969758e-19,-6.148916957035794e-18,-1.0307472815433299e-20,4.243559724969758e-19,-1573.92171786748,-11.648635233284693,185.67407529172797,-1678407.1670358125,144.7560471400311,124181.99873180964,-0.014989469899241317,4581.071912831453
81.8036559830567,2001.0,12.0,14.0,14.0,22.0,49.0,1.0,3504989.3064098624,26068.203419096822,-414341.36077948974,312.49898587609016,-286.4642271631039,4553.253947000741,3529491.231400014,4572.9464107395315,3505081.5384082412,5744.422225433213,-414341.36077948974,3529491.231400014,311.23987546123914,-536.7198581570789,4553.253947000741,4595.330235368848,12758523.719893297,0.7241687392815828,1.6336276970559969,7.146345858741881e-08,2.7940372617342325e-06,6.1652833853906035,-0.11766540360254303,0.0016388825821697203,133291.2314000139,-0.04950936956627581,-0.04926801394460277,1172.411815494299,-16088587648.656206,-1012200340.007724,-196229423.21498623,-16088485902.844204,-1883034759.3815076,16120397081.238605,16199497045.821854,-0.9930840760349219,-0.0016275496520088027,0.11739407569377538,-0.0016388818485141654,0.9999986570322416,0.0,0.11739391803731669,0.00019239501977762647,0.9930854097166085,4558.204467703113,-537.2292227420413,-0.11731860995984751,1.756049897497739e-09,169.0765392500174,0.0,-75.7765392500174,4.3,0.0,3.006921161939209e-17,2.2910674921181755,1.5707963267948966,18.18113892896819,461.0,0.008533230157095834,0.2591838727690151,0.0,0.018652270182898525,-1573.9071011959616,-11.705864666036028,186.05900133772852,-0.03180693750030921,0.06246729859235832,-0.4648136037714818,-0.03216861341288263,0.06228181899774553,-0.4648136037714818,-6.153960875955816e-18,2.5372096324628467e-20,4.2452194530629617e-19,-6.154004540090364e-18,-1.0311479717946056e-20,4.2452194530629617e-19,-1573.9392698093745,-11.643582847038283,185.59418773395703,-1678407.3510488495,144.94453157641132,124169.09978673863,-0.014887813802397006,4581.081935468182
81.85682699145003,2001.0,12.0,14.0,14.0,22.0,49.0,1.0,3505005.9174698233,26052.971791573666,-414099.25910667115,312.3174488592017,-286.46556972406063,4553.275346950429,3529479.201699642,4572.955400684092,3505098.082437244,5715.884219327142,-414099.25910667115,3529479.2016996425,311.0552244046865,-536.7224915572922,4553.275346950429,4595.339244356119,12758521.838830108,0.7241686986405457,1.6336276962286704,7.146345858741881e-08,2.7978492636366526e-06,6.1653521877909485,-0.11759673502093003,0.0016307330117907013,133279.20169964246,-0.049480488899410695,-0.04923927456562626,1173.9910633563995,-16088587459.109396,-1012200314.7193418,-196230391.39787596,-16088484425.371964,-1883042931.6069186,16120396890.477959,16199496540.146523,-0.9930921481983355,-0.0016194695853639321,0.11732588165054468,-0.0016307322890254234,0.9999986703552168,0.0,0.11732572564879822,0.00019132710354591864,0.9930934686598852,4558.220098426956,-537.229025705138,-0.11731816870598309,1.758004723808098e-09,169.0615021245531,0.0,-75.76150212455309,4.3,0.0,3.006894325388844e-17,2.291063109376901,1.5707963267948966,18.18198311409495,461.0,0.008542778353114152,0.25963784356396985,0.0,0.018673090467753145,-1573.9306537627187,-11.69914456349167,185.95218751553844,-0.031823383556035444,0.06253554628131797,-0.4653330364583807,-0.03218568990952427,0.06234984887475956,-0.4653330364583807,-6.160792443202447e-18,2.5429563212739034e-20,4.247442091381313e-19,-6.1608362868692625e-18,-1.031684547385094e-20,4.247442091381313e-19,-1573.9628394526283,-11.63679471461691,185.48685447908005,-1678407.5985062178,145.1330160127916,124156.28858959328,-0.0147861583728422,4581.091889176228
81.97376311777032,2001.0,12.0,14.0,14.0,22.0,49.0,1.0,3505042.415319015,26019.473445008374,-413566.81397564366,311.9181947460846,-286.46851959132647,4553.322367150422,3529452.7700205417,4572.975153236985,3505134.4322863743,5653.121632084735,-413566.81397564366,3529452.7700205417,310.64912171046683,-536.7282729653605,4553.322367150422,4595.359038749006,12758517.694501307,0.724168609100702,1.6336276944060375,7.146345858741881e-08,2.8063282144977587e-06,6.1655035028321565,-0.11744571426811243,0.0016128102472932246,133252.77002054173,-0.04941697244449992,-0.04917606883821722,1177.4669289290905,-16088587041.505182,-1012200259.0064561,-196232516.6493404,-16088481177.928774,-1883060887.6224146,16120396470.199564,16199495427.93393,-0.9931098843592046,-0.0016016991869399159,0.11717590258991811,-0.0016128095480979,0.9999986994218351,0.0,0.11717575019349774,0.00018898241450400938,0.9931111759779154,4558.254442325719,-537.228592777891,-0.11731719919209974,1.7622998716619674e-09,169.02846252567718,0.0,-75.72846252567717,4.3,0.0,3.0068353567567844e-17,2.2910534790684562,1.5707963267948966,18.183838348582682,461.0,0.008563758049264836,0.26063803012063064,0.0,0.018718837277963456,-1573.9824048102387,-11.684364561717562,185.71726423796946,-0.03185933107079022,0.06268548964766583,-0.4664743504384153,-0.032223024856173024,0.06249931405835023,-0.4664743504384153,-6.1758026172850786e-18,2.5556116998429087e-20,4.2523010693524785e-19,-6.175846857177962e-18,-1.0328575233373525e-20,4.2523010693524785e-19,-1574.0146278350949,-11.621865247659212,185.25078988753106,-1678408.143700663,145.32150044917182,124143.56514037357,-0.014684503605990313,4581.10177395361
82.10575716791459,2001.0,12.0,14.0,14.0,22.0,50.0,1.0,3505083.556921161,25981.661085422536,-412965.79901683144,311.4675127102298,-286.4718447642977,4553.375370218533,3529422.975341644,4572.997418699175,3505175.4058682383,5582.27626378516,-412965.79901683144,3529422.975341644,310.1907091293778,-536.7347821862313,4553.375370218533,4595.381351373512,12758513.00427123,0.724168507766198,1.6336276923435327,7.45058059692383e-08,2.816004079487969e-06,6.165674305492517,-0.11727524377325914,0.0015925797992810606,133222.97534164414,-0.04934527568206479,-0.04910472281693055,1181.3948143869638,-16088586568.89695,-1012200195.958568,-196234908.93638712,-16088477515.419397,-1883081128.2260435,16120395994.565125,16199494172.322845,-0.9931298771377611,-0.0015816399175689058,0.11700660473454783,-0.001592579126068357,0.9999987318450595,0.0,0.11700645635204396,0.00018634227631237184,0.9931311365819185,4558.293155996714,-537.2281047718253,-0.11731610633971021,1.7673045794089429e-09,168.98996477377736,0.0,-75.68996477377736,4.3,0.0,3.006766735234029e-17,2.291042272323327,1.5707963267948966,18.18599776982874,461.0,0.008588200052928168,0.26176996576956957,0.0,0.018772136134213382,-1574.0407424857547,-11.667679940227913,185.45206764675632,-0.031902479700806355,0.06286015301753126,-0.46780398031721176,-0.032267774009584756,0.062673421870153,-0.46780398031721176,-6.193288959658249e-18,2.5701599880233734e-20,4.2581271258726673e-19,-6.193333653193838e-18,-1.0342643657871362e-20,4.2581271258726673e-19,-1574.0730102597643,-11.60500651835776,184.98426366643912,-1678408.7607099004,145.5099848855521,124130.92943907953,-0.014582849497254722,4581.111589798318
82.173198386451,2001.0,12.0,14.0,14.0,22.0,50.0,1.0,3505104.5549046476,25962.341017899795,-412658.71292107285,311.2372341701,-286.4735418683668,4553.402422212796,3529407.768636845,4573.008782490781,3505196.3176093437,5546.078104097737,-412658.71292107285,3529407.7686368455,309.9564807059411,-536.7381011938993,4553.402422212796,4595.392739235484,12758510.602422489,0.7241684558730868,1.6336276912874177,7.45058059692383e-08,2.8209279592553494e-06,6.165761576739628,-0.1171881422340675,0.0015822433248727681,133207.76863684552,-0.04930864232562977,-0.04906826866910523,1183.4038782566786,-16088586326.877676,-1012200163.6734718,-196236128.54139504,-16088475645.32342,-1883091458.6763535,16120395750.996231,16199493530.664764,-0.9931400811086069,-0.001571390575320172,0.11692010104019605,-0.0015822426646834218,0.9999987482532916,0.0,0.11691995468584443,0.00018499597222489472,0.9931413242699905,4558.312914822461,-537.227855701716,-0.11731554857278358,1.7701286817286884e-09,168.96824090977933,0.0,-75.66824090977931,4.3,0.0,3.00672816133843e-17,2.291035972728109,1.5707963267948966,18.187211868330696,461.0,0.008601985967838482,0.26234963122190413,0.0,0.018802202654436075,-1574.0705179368551,-11.659154508162885,185.31655869435244,-0.03192922770177554,0.0629586530646396,-0.4685538769849607,-0.03229539488313429,0.0627716101967116,-0.4685538769849607,-6.203150974647878e-18,2.577994893375932e-20,4.2617274257529403e-19,-6.2031959077320366e-18,-1.0351344766287402e-20,4.2617274257529403e-19,-1574.1028133317382,-11.596382897966173,184.84800481736747,-1678409.0766781252,145.69846932193232,124118.38148571114,-0.01448119604204885,4581.121336708317
82.38234849876963,2001.0,12.0,14.0,14.0,22.0,50.0,1.0,3505169.575523599,25902.424494580442,-411706.35952812264,310.5230618563196,-286.47879693979496,4553.486189649864,3529360.680809895,4573.043970089588,3505261.069077566,5433.818195751953,-411706.35952812264,3529360.6808098946,309.2300588117736,-536.7483648207563,4553.486189649864,4595.428001366416,12758503.12939249,0.7241682944141921,1.6336276880018523,7.45058059692383e-08,2.8361180887640506e-06,6.166032228892652,-0.11691801634178153,0.0015501880561901982,133160.68080989458,-0.04919503198262321,-0.04895521409350078,1189.6444411426783,-16088585573.873976,-1012200063.2295316,-196239899.15160155,-16088469850.932077,-1883123447.0174842,16120394993.17151,16199491540.140278,-0.9931716778442722,-0.0015396041060062571,0.11665182359136131,-0.0015501874353185095,0.9999987984587358,0.0,0.11665168342938173,0.00018083219123831958,0.9931728711824593,4558.374098408638,-537.2270844472403,-0.11731382146602896,1.778873563876719e-09,168.9009725855637,0.0,-75.6009725855637,4.3,0.0,3.006608703888492e-17,2.291016463846035,1.5707963267948966,18.190972810362297,461.0,0.008644675551889986,0.2641532043264263,0.0,0.018895305561573216,-1574.1627219096765,-11.632712816856442,184.89627665032495,-0.03201144625795307,0.06326361927940691,-0.47087599243329087,-0.03238032345290807,0.0630756123152254,-0.47087599243329087,-6.233688139883597e-18,2.6023486026204268e-20,4.2727961506661727e-19,-6.2337338202971635e-18,-1.0378093933913399e-20,4.2727961506661727e-19,-1574.1951022331293,-11.569637204541216,184.42540065789166,-1678410.059771616,145.8869537583126,124105.9212802684,-0.01437954323578607,4581.131014681546
82.67406250656286,2001.0,12.0,14.0,14.0,22.0,50.0,1.0,3505260.0141536356,25818.853550103922,-410378.0268220368,309.52689375975007,-286.4861062324097,4553.602704817916,3529295.1852914393,4573.092911843122,3505351.12802847,5277.239100018426,-410378.0268220368,3529295.1852914393,308.216805201943,-536.7626059758963,4553.602704817916,4595.477046782844,12758492.644955875,0.7241680678910901,1.6336276833932961,7.598131170262078e-08,2.8574895025028055e-06,6.1664097353875,-0.11654124375927008,0.0015054797423634605,133095.1852914393,-0.04903656734673697,-0.0487975246241298,1198.3734661638737,-16088584517.449562,-1012199922.326838,-196245128.872428,-16088461782.279139,-1883167940.116804,16120393929.984392,16199488762.338963,-0.9932156263486381,-0.0014952671349258778,0.11627761501285387,-0.0015054791736762666,0.9999988667655867,0.0,0.11627748324305905,0.0001750535277665983,0.9932167518960413,4558.459200118627,-537.226011679248,-0.11731141926541384,1.7910370173041317e-09,168.71481511839795,0.0,-75.50740755919898,4.207407559198986,0.0,3.0062841158591453e-17,2.2909634545980504,1.5707963267948966,18.201200123682415,461.0,0.008704049418240939,0.26668364013218226,0.0,0.019024051351479356,-1574.2909799633574,-11.595826869561861,184.30998653236475,-0.03212215258872482,0.0636857168126166,-0.47408164672423253,-0.03249480564748995,0.0634963842970761,-0.47408164672423253,-6.275580980459556e-18,2.6362842684542805e-20,4.2875337565860417e-19,-6.275627714290182e-18,-1.0413136564801336e-20,4.2875337565860417e-19,-1574.3234747690049,-11.532330485264785,183.8359048856405,-1678411.439024195,146.07543819469282,124093.54882275131,-0.01427789107387982,4581.140623715911
82.78635884254126,2001.0,12.0,14.0,14.0,22.0,50.0,1.0,3505294.7513568914,25786.68205242517,-409866.6714098435,309.1433937013109,-286.4889136762951,4553.647458291441,3529270.028659472,4573.111709758759,3505385.717744283,5216.962319461368,-409866.6714098435,3529270.028659472,307.82672792249264,-536.7680651377852,4553.647458291441,4595.495884513371,12758488.589709038,0.7241679802744819,1.6336276816111142,7.45058059692383e-08,2.865675778686936e-06,6.1665550615478715,-0.11639620008933184,0.0014882694481492685,133070.02865947178,-0.04897556409692812,-0.04873681977892125,1201.741470336914,-16088584108.843336,-1012199867.8334382,-196247132.97110862,-16088458680.281948,-1883185029.7157202,16120393518.762804,16199487692.531649,-0.9932325068013397,-0.0014781986861580367,0.11613355398751503,-0.0014882688987432648,0.9999988925272293,0.0,0.11613342537276622,0.00017283795650014047,0.9932336067805141,4558.491887445165,-537.2255996271379,-0.11731049660934807,1.7959942681056463e-09,168.6714695135311,0.0,-75.4429390270622,4.2,0.0,3.006207583438174e-17,2.2909509559051986,1.5707963267948966,18.20361328756189,461.0,0.008728244424523133,0.2676624197611664,0.0,0.019076730342078553,-1574.3402464268117,-11.581625585474624,184.08426173568648,-0.0321699203320299,0.06385552504847915,-0.47539542850092154,-0.0325440744324346,0.06366565065027024,-0.47539542850092154,-6.292836005149419e-18,2.6498622376926383e-20,4.293943613147942e-19,-6.292883155574365e-18,-1.0428565634977365e-20,4.293943613147942e-19,-1574.3727905012443,-11.517959934824354,183.60886630718556,-1678411.972502172,146.2639226310731,124081.26411315986,-0.014176239551743472,4581.150163809295
82.91075651023861,2001.0,12.0,14.0,14.0,22.0,50.0,1.0,3505333.181649644,25751.043306499552,-409300.20520599885,308.71855270797437,-286.49201957008495,4553.696969938566,3529242.1974960943,4573.132505853197,3505423.9837936996,5150.18924866986,-409300.20520599885,3529242.1974960943,307.39460087099513,-536.7740976490458,4553.696969938566,4595.516724654504,12758484.084253317,0.72416788293055,1.6336276796314904,7.45058059692383e-08,2.8748429939598933e-06,6.166716050813535,-0.11623552373391996,0.0014692047429386882,133042.19749609474,-0.048907985865436474,-0.04866957210982602,1205.4776469916105,-16088583654.87737,-1012199807.2971408,-196249347.14074117,-16088455246.567062,-1883203936.1466913,16120393061.891546,16199486507.052092,-0.9932511818771483,-0.001459290397333395,0.11597396333308796,-0.001469204214377016,0.9999989207189058,0.0,0.11597383816458191,0.00017038943568697834,0.9932522538755276,4558.528049916131,-537.2251437619867,-0.11730947587526963,1.8015605007810557e-09,168.63171070870675,0.0,-75.36342141741349,4.2,0.0,3.0061369295256925e-17,2.2909394172456388,1.5707963267948966,18.205841682774885,461.0,0.008755411308523876,0.268749879704599,0.0,0.019135938857764975,-1574.3947525572726,-11.565892699406215,183.83419261551578,-0.03222408737807662,0.06404556165507563,-0.47687264263842977,-0.0325999187416863,0.06385507867898575,-0.47687264263842977,-6.312260733469004e-18,2.6650692784303984e-20,4.301225981040273e-19,-6.312308349947988e-18,-1.0446142706219753e-20,4.301225981040273e-19,-1574.4273524760142,-11.50203762072723,183.35731997287735,-1678412.5652066618,146.45240706745332,124069.06715149409,-0.014074588664790444,4581.159634959556
83.01991563108507,2001.0,12.0,14.0,14.0,22.0,51.0,1.0,3505366.8607476354,25719.769940945545,-408803.1252797786,308.3457420449493,-286.4947414566282,4553.740360558089,3529217.807139715,4573.150730611803,3505457.518021314,5091.595171776329,-408803.1252797786,3529217.8071397147,307.015396630886,-536.7793782459462,4553.740360558089,4595.534988013283,12758480.119193198,0.724167797262094,1.6336276778896976,7.598131170262078e-08,2.882941485177006e-06,6.166857321184897,-0.1160945279234944,0.0014524756226671077,133017.80713971518,-0.048848684907382714,-0.048610561221577475,1208.7606607079506,-16088583255.364004,-1012199754.0281925,-196251284.97933865,-16088452235.687159,-1883220505.1022055,16120392659.821758,16199485466.448637,-0.9932675481036242,-0.0014426979149532448,0.1158339177742891,-0.0014524751119560507,0.9999989451574682,0.0,0.11583379558774601,0.00016824588268751854,0.9932685958455846,4558.559741552231,-537.2247442508216,-0.11730858134840715,1.8064072454814669e-09,168.59686734245025,0.0,-75.29686734245026,4.2,0.0,3.006075005127478e-17,2.2909293042239485,1.5707963267948966,18.207795217193784,461.0,0.008779067853427485,0.2697069119271863,0.0,0.019187498496643886,-1574.4425216524935,-11.552086001494164,183.61473962461034,-0.03227071766440849,0.06421128406405165,-0.4781589970769428,-0.032648017507869866,0.06402027157499507,-0.4781589970769428,-6.329174855616185e-18,2.6783932998108227e-20,4.307497020937875e-19,-6.329222882287446e-18,-1.0461279080786133e-20,4.307497020937875e-19,-1574.4751696700014,-11.48806572991917,183.1365806275334,-1678413.0868210457,146.6408915038336,124056.95793775396,-0.013972938408434065,4581.169037164524
83.08156993723709,2001.0,12.0,14.0,14.0,22.0,51.0,1.0,3505385.8650990576,25702.10625909823,-408522.3668226754,308.1351693642035,-286.4962773472734,4553.76484497627,3529204.044214052,4573.161014317636,3505476.4402398905,5058.5003198616405,-408522.3668226754,3529204.044214052,306.8012127644103,-536.7823554419257,4553.76484497627,4595.545293499918,12758477.875109678,0.7241677487767012,1.63362767690402,7.598131170262078e-08,2.8874051986387265e-06,6.166937113144584,-0.11601489103152479,0.0014430269023188733,133004.04421405168,-0.04881519065578998,-0.04857723080503061,1210.6167322993279,-16088583029.254787,-1012199723.8817955,-196252377.38889894,-16088450536.039557,-1883229854.571048,16120392432.265816,16199484878.580862,-0.9932767831848482,-0.0014333261144690093,0.1157548165831972,-0.0014430264015100319,0.9999989588368603,0.0,0.11575469606354892,0.0001670372564315048,0.9932778173490991,4558.577624422607,-537.2245188139575,-0.11730807659223688,1.8089632173904042e-09,168.57720602007382,0.0,-75.2772060200738,4.2,0.0,3.006040060310582e-17,2.2909235973022595,1.5707963267948966,18.208897815967575,461.0,0.008791547317503928,0.2702485616636807,0.0,0.019214711796302297,-1574.4694773457113,-11.544287381127663,183.4907830773587,-0.03229373846784036,0.06430033444763696,-0.4788377479006065,-0.03267184210962789,0.06410904216622478,-0.4788377479006065,-6.3380981406693196e-18,2.6856648627965602e-20,4.3105994907913073e-19,-6.338146395051708e-18,-1.0468773779139367e-20,4.3105994907913073e-19,-1574.502149187821,-11.480178338961439,183.01194532945811,-1678413.3820364457,146.82937594021382,124044.93647193948,-0.01387128877808774,4581.178370421996
83.19462286798215,2001.0,12.0,14.0,14.0,22.0,51.0,1.0,3505420.6788567146,25669.716856218136,-408007.5478250601,307.74904164866473,-286.49909090530093,4553.809697726408,3529178.8321367293,4573.179852666229,3505511.1028155424,4997.815193259428,-408007.5478250601,3529178.832136729,306.40846332879534,-536.787804578454,4553.809697726408,4595.564171747659,12758473.751958953,0.7241676596922598,1.6336276750931353,7.598131170262078e-08,2.895698605827239e-06,6.167083425938835,-0.1158688625651986,0.001425701320135045,132978.83213672927,-0.048753772894152864,-0.048516113461559235,1214.0233563780785,-16088582613.816978,-1012199668.4949853,-196254376.55394343,-16088447421.244638,-1883246981.6791182,16120392014.170027,16199483800.43245,-0.9932937007596023,-0.0014161410999491682,0.11560976851321342,-0.0014257008371492469,0.9999989836880451,0.0,0.11560965101762358,0.000164824943751919,0.9932947102568911,4558.610383762765,-537.2241058372684,-0.11730715194716004,1.8136454603217072e-09,168.5411887667561,0.0,-75.2411887667561,4.2,0.0,3.0059760412030514e-17,2.290913142188577,1.5707963267948966,18.21091814197909,461.0,0.008814408663913757,0.2712437640703439,0.0,0.019264563862394984,-1574.5188582998346,-11.529986549435963,183.2634759799361,-0.03233570291018599,0.0644634506348825,-0.4800811562168206,-0.03271528145209328,0.06427164623659537,-0.4800811562168206,-6.354444312270336e-18,2.6990171412374253e-20,4.316255706770087e-19,-6.354492985723553e-18,-1.0482437114729967e-20,4.316255706770087e-19,-1574.5515735812867,-11.465714903199368,182.78339482371928,-1678413.9244486112,147.01786037659406,124033.00275405066,-0.013769639769164784,4581.187634729752
83.36767877676178,2001.0,12.0,14.0,14.0,22.0,51.0,1.0,3505473.8855014252,25620.13612350621,-407219.47821632645,307.1579527300075,-286.50339089184155,4553.8782475564585,3529140.2999521317,4573.208643226952,3505564.076588182,4904.920171917492,-407219.47821632645,3529140.2999521317,305.8072381060918,-536.7961207220839,4553.8782475564585,4595.593023285269,12758467.419717776,0.7241675228780126,1.6336276723123768,7.598131170262078e-08,2.9085142871300814e-06,6.1673073984409035,-0.11564532526612098,0.0013991805210114413,132940.2999521317,-0.04865975570699048,-0.0484225561415059,1219.246086448431,-16088581975.80287,-1012199583.4393177,-196257426.91209924,-16088442657.726603,-1883273157.346135,16120391372.074226,16199482149.555141,-0.993319556220457,-0.0013898342811658753,0.11538772720989582,-0.0013991800644807722,0.9999990211470945,0.0,0.11538761426228378,0.0001614482075978318,0.9933205285351424,4558.6604506051335,-537.2234746687734,-0.11730573881492586,1.820940009573656e-09,168.47228557751922,0.0,-75.1861427887596,4.186142788759601,0.0,3.005854465045586e-17,2.290893287295305,1.5707963267948966,18.2147561411152,461.0,0.00885002161103988,0.27277218498282685,0.0,0.01934211186306908,-1574.5943314785218,-11.508093464519002,182.91549245854685,-0.032401464935664884,0.06471733352519168,-0.4820145004741515,-0.032783330983091594,0.06452473477854122,-0.4820145004741515,-6.379823112060315e-18,2.719683013364783e-20,4.3250923153282535e-19,-6.379872434542268e-18,-1.0503700109326076e-20,4.3250923153282535e-19,-1574.627114809505,-11.443568729740461,182.4334779580727,-1678414.7574735656,147.20634481297432,124021.15678408749,-0.013667991377078508,4581.196830085538
83.46480671719637,2001.0,12.0,14.0,14.0,22.0,51.0,1.0,3505503.703009147,25592.308522174095,-406777.16753517656,306.8261905930303,-286.50580062325076,4553.91666371,3529118.7061494943,4573.224777445366,3505593.762627491,4852.782044178017,-406777.16753517656,3529118.706149494,305.4697868985245,-536.8007748516558,4553.91666371,4595.609191674677,12758463.854283463,0.7241674458431202,1.6336276707468094,7.742870483855356e-08,2.9157197719895332e-06,6.167433105536263,-0.1155198624109267,0.0013842958634161207,132918.7061494938,-0.04860698739902902,-0.04837004593564528,1222.1820120811462,-16088581616.565506,-1012199535.5507462,-196259133.70850962,-16088439986.509323,-1883287826.3904686,16120391010.538801,16199481222.684467,-0.9933340458395432,-0.001375069088983048,0.1152631014724347,-0.0013842954213008952,0.9999990418626342,0.0,0.11526299103455027,0.00015955818361323182,0.9933349975909211,4558.688508527642,-537.2231209501248,-0.11730494689459767,1.8252587701012383e-09,168.41058899855375,0.0,-75.15529449927686,4.15529449927687,0.0,3.005746799960383e-17,2.2908757042525405,1.5707963267948966,18.21815638450809,461.0,0.008871100036513792,0.2736327994109419,0.0,0.01938783033445215,-1574.636629034051,-11.495804835682547,182.72016866100523,-0.032441607341462994,0.06486729166687588,-0.48315288724862276,-0.032824804090861325,0.06467422710392282,-0.48315288724862276,-6.394706227878814e-18,2.731607139800966e-20,4.330440189872151e-19,-6.3947559228813446e-18,-1.0516434884362118e-20,4.330440189872151e-19,-1574.6694538381419,-11.431130608578624,182.2370157737566,-1678415.226517301,147.39482924935456,124009.39856204997,-0.013566343597242224,4581.205956487078
83.64788580601807,2001.0,12.0,14.0,14.0,22.0,51.0,1.0,3505559.8192228945,25539.854885945842,-405943.43400086666,306.20081890972705,-286.5103356660605,4553.98896281233,3529078.0668534474,4573.255141292796,3505649.6295304555,4754.50424622486,-405943.43400086666,3529078.066853447,304.83369163146614,-536.8095215030396,4553.98896281233,4595.639619829487,12758457.11093299,0.7241673001456613,1.6336276677861443,7.742870483855356e-08,2.9293196748279235e-06,6.167670058396143,-0.11528336988947911,0.00135623973686672,132878.0668534469,-0.04850752104772912,-0.0482710660897117,1227.7254043519497,-16088580937.14154,-1012199444.9839181,-196262340.7023536,-16088434955.948866,-1883315433.2668061,16120390326.76881,16199479474.950926,-0.993361315085931,-0.0013472369146154968,0.11502818195314363,-0.0013562393210919768,0.999999080307029,0.0,0.11502807616253322,0.00015600574339857587,0.9933622286741903,4558.741313186346,-537.2224552420802,-0.11730345653347082,1.8333866293106228e-09,168.29447672413397,0.0,-75.09723836206697,4.09723836206698,0.0,3.005544128945246e-17,2.290842605563959,1.5707963267948966,18.2245606405738,461.0,0.008910770534513869,0.2752605436194737,0.0,0.01947386998878724,-1574.7162358128464,-11.472639527833937,182.35196354016065,-0.03251657987636969,0.06514946448217174,-0.48529525480465396,-0.03290228762550414,0.06495552446234795,-0.48529525480465396,-6.42271280114425e-18,2.75413343566781e-20,4.340428943420016e-19,-6.422763202464769e-18,-1.0540215598531064e-20,4.340428943420016e-19,-1574.749138100472,-11.407684003371589,181.866668285356,-1678416.1136262994,147.58331368573482,123997.7280879381,-0.013464696425069147,4581.2150139320665
83.7023499631957,2001.0,12.0,14.0,14.0,22.0,51.0,1.0,3505576.491125756,25524.25030535923,-405695.40424619796,306.01477112643806,-286.51168299856494,4554.010442675156,3529065.9930799967,4573.26416213153,3505666.2268870072,4725.267297441292,-405695.40424619796,3529065.993079997,304.6444536664781,-536.812116974774,4554.010442675156,4595.648659773184,12758455.099290019,0.7241672566818138,1.6336276669030227,7.598131170262078e-08,2.933258665076472e-06,6.167740550495033,-0.11521301472880091,0.001347893418817797,132865.99307999667,-0.04847793033703616,-0.04824162010983141,1229.3766991347075,-16088580734.460672,-1012199417.9680126,-196263292.18335918,-16088433460.558628,-1883323635.1364396,16120390122.791552,16199478954.872118,-0.9933694166561711,-0.0013389569100455696,0.11495829350930521,-0.0013478930106719624,0.9999990915918033,0.0,0.11495818908024912,0.00015495148033996853,0.9933703190419112,4558.757001235065,-537.2222574600838,-0.11730301375919366,1.83545121100058e-09,168.28249134999587,0.0,-75.08249134999585,4.1,0.0,3.00552246529462e-17,2.290839067621323,1.5707963267948966,18.225245471861143,461.0,0.008920856613464099,0.27574612897694256,0.0,0.019495882465060517,-1574.739887488447,-11.465747547040607,182.24241771774243,-0.03253297939788908,0.06522157268736595,-0.48584461518640965,-0.03291936543898254,0.06502740707895062,-0.48584461518640965,-6.429944524182602e-18,2.760364479917528e-20,4.342656052276233e-19,-6.429995127170608e-18,-1.054560734469532e-20,4.342656052276233e-19,-1574.772806853886,-11.400720139961656,181.75657310255602,-1678416.3782644551,147.77179812211506,123986.1453617519,-0.013363049855972526,4581.224002418172
83.77551146188945,2001.0,12.0,14.0,14.0,22.0,51.0,1.0,3505598.8704827526,25503.288615066802,-405362.22496220854,305.7648494319682,-286.5134915700817,4554.03927602105,3529049.785974469,4573.2762710711195,3505688.5058327625,4685.993191045261,-405362.22496220854,3529049.785974469,304.3902465947682,-536.8155987234555,4554.03927602105,4595.660794357779,12758452.393416056,0.7241671982182373,1.633627665715176,7.598131170262078e-08,2.9386661557159792e-06,6.167835243021227,-0.11511850614451766,0.0013366819078187075,132849.78597446904,-0.048438180894669405,-0.04820206508410387,1231.5961753875017,-16088580461.834461,-1012199381.6295542,-196264568.45377272,-16088431452.6744,-1883334644.8195143,16120389848.421604,16199478256.185003,-0.9933802917049933,-0.001327834254327848,0.1148644109735269,-0.0013366815097730226,0.9999991066408717,0.0,0.11486430835835683,0.00015353713427928287,0.9933811791511377,4558.778059931857,-537.2219919687186,-0.11730241941010398,1.8382874544679202e-09,168.2622324680863,0.0,-75.06223246808628,4.1,0.0,3.005486240460739e-17,2.290833151656997,1.5707963267948966,18.226390730287893,461.0,0.008934710714853281,0.2763993018455232,0.0,0.01952608844386374,-1574.7716366610807,-11.456489186698647,182.09525904953506,-0.03255596211973498,0.06532053132251225,-0.48659819085546174,-0.03294327261148801,0.06512605677792958,-0.48659819085546174,-6.4398534928652295e-18,2.768832303721237e-20,4.345767130182291e-19,-6.4399043692066455e-18,-1.0553116803114687e-20,4.345767130182291e-19,-1574.8045799336921,-11.391363129920718,181.6086608586796,-1678416.7342310715,147.96028255849532,123974.65038349133,-0.013261403885365515,4581.232921943038
83.96408298806638,2001.0,12.0,14.0,14.0,22.0,51.0,1.0,3505656.4682899853,25449.259889597924,-404503.45582531154,305.12066067430914,-286.51814626140407,4554.113484860658,3529008.07370385,4573.30743540133,3505745.8433876066,4584.764209914619,-404503.45582531154,3529008.0737038506,303.7350123131632,-536.8245477749248,4554.113484860658,4595.692024688808,12758445.399855921,0.7241670471137877,1.6336276626453843,7.742870483855356e-08,2.952799604036403e-06,6.168079314093406,-0.1148749091470957,0.0013077849339208781,132808.07370385062,-0.048335726065731395,-0.048100111359763165,1237.3235413581133,-16088579757.214872,-1012199287.7149335,-196267848.23353845,-16088426282.001518,-1883362980.4041255,16120389139.2955,16199476454.984715,-0.9934082807887065,-0.0012991651235024536,0.11462242289538523,-0.001307784561136502,0.9999991448494052,0.0,0.11462232487595211,0.0001499014350226439,0.9934091303031151,4558.832258784609,-537.2213086688732,-0.11730088975553757,1.8455871018261424e-09,168.21009212981326,0.0,-75.01009212981327,4.1,0.0,3.005393000577483e-17,2.290817924428489,1.5707963267948966,18.22933922114309,461.0,0.00897036803172634,0.27808749761092905,0.0,0.019603830785522924,-1574.8533526965177,-11.432623995906894,181.71592948311806,-0.03261462027438359,0.06557519420364027,-0.4885377103173034,-0.03300431586052839,0.06537992570404041,-0.4885377103173034,-6.465355825939612e-18,2.790701310521687e-20,4.353709621876835e-19,-6.465407410530245e-18,-1.057228699613197e-20,4.353709621876835e-19,-1574.8863570123783,-11.367244070202855,181.22739177280076,-1678417.6542576123,148.14876699487556,123963.24315315645,-0.013159758508661266,4581.2417725042815
84.02524333436867,2001.0,12.0,14.0,14.0,22.0,52.0,1.0,3505675.123185438,25431.7362945651,-404224.92393431393,304.9117205376854,-286.51965382172244,4554.137519888047,3528994.5638470305,4573.317528818595,3505764.4134267736,4551.931746251779,-404224.92393431393,3528994.5638470305,303.52248969723627,-536.8274425132641,4554.137519888047,4595.702139481996,12758443.125585973,0.7241669979752736,1.633627661647219,7.742870483855356e-08,2.9573080418158307e-06,6.168158476116858,-0.11479590087549861,0.0012984127429729825,132794.56384703098,-0.04830249580418816,-0.0480670436244953,1239.1832058131695,-16088579528.077982,-1012199257.1763525,-196268908.96220174,-16088424606.385399,-1883372157.7704628,16120388908.693235,16199475870.676723,-0.993417345932397,-0.0012898664659005943,0.1145439349993387,-0.0012984123781459417,0.9999991570622929,0.0,0.11454383844593677,0.00014872526304468553,0.9934181833220426,4558.849812827927,-537.2210873588392,-0.11730039433504182,1.8480872305938047e-09,168.1844681343742,0.0,-74.99223406718711,4.1,0.0,3.005347830540379e-17,2.2908105476016143,1.5707963267948966,18.23076797187676,461.0,0.008982576955850483,0.27863648291716453,0.0,0.01963045296397087,-1574.8798200143144,-11.424883045592352,181.59288955233234,-0.03263583025385599,0.06566231910538022,-0.48920133716693703,-0.03302632780267415,0.06546677965598731,-0.48920133716693703,-6.4740589523581485e-18,2.79799937254305e-20,4.356560461045018e-19,-6.474110771356588e-18,-1.0579171147605272e-20,4.356560461045018e-19,-1574.912846342117,-11.359416265936366,181.1036882151654,-1678417.9534457512,148.33725143125582,123951.92367074719,-0.013058113721272857,4581.25055409949
84.08937123521267,2001.0,12.0,14.0,14.0,22.0,52.0,1.0,3505694.669509412,25413.362339959956,-403932.8758474119,304.6926386612243,-286.5212334141229,4554.16270348558,3528980.408418625,4573.328104462938,3505783.8705418473,4517.506032035195,-403932.8758474119,3528980.4084186256,303.29965150105386,-536.8304736274159,4554.16270348558,4595.712737523396,12758440.73747057,0.7241669463769178,1.6336276605991267,7.742870483855356e-08,2.9621094786687116e-06,6.168241479797064,-0.11471305840019577,0.001288585862244582,132780.40841862513,-0.04826765287967659,-0.04803237111242802,1241.1344964206219,-16088579287.471933,-1012199225.1097687,-196270019.5709845,-16088422850.17734,-1883381773.6635053,16120388666.548498,16199475257.922974,-0.9934268442461622,-0.001280116495194582,0.11446163738506519,-0.0012885855056384554,0.9999991697733527,0.0,0.11446154235596374,0.00014749360688603977,0.9934276690162852,4558.868205688579,-537.2208554712411,-0.11729987524448579,1.8509183162749725e-09,168.14402405321468,0.0,-74.97201202660735,4.1,0.0,3.0052772026589665e-17,2.2907990131932503,1.5707963267948966,18.233002431595892,461.0,0.008996396296481914,0.27921296222583813,0.0,0.019660592206856127,-1574.907552582611,-11.416766164442487,181.4638743189598,-0.032661645974966,0.06576084159187236,-0.4899518281808177,-0.03305302788171425,0.0655649963968272,-0.4899518281808177,-6.483867858475788e-18,2.8059576891537095e-20,4.360000425475704e-19,-6.483919929428257e-18,-1.058748288335076e-20,4.360000425475704e-19,-1574.9406056104929,-11.35120116804566,180.973922490779,-1678418.2676107697,148.52573586763606,123940.69193626358,-0.01295646951861333,4581.259266726231
84.29086860230943,2001.0,12.0,14.0,14.0,22.0,52.0,1.0,3505755.9949188246,25355.62856623614,-403015.21608851,304.00423266351646,-286.52618924153023,4554.241715823357,3528935.9966154294,4573.361284301108,3505844.914078891,4409.335147432834,-403015.21608851,3528935.99661543,302.59944260580505,-536.8399705643633,4554.241715823357,4595.745987628838,12758433.21000942,0.7241667837358519,1.633627657295861,7.742870483855356e-08,2.977101350339638e-06,6.16850229136734,-0.11445275331654843,0.0012577090346418175,132735.99661542987,-0.04815817032853406,-0.04792342401888243,1247.2750823795795,-16088578529.075836,-1012199124.04072,-196273498.67446148,-16088417336.655277,-1883411942.8352098,16120387903.302773,16199473331.904537,-0.9934566445640597,-0.001249480056215751,0.11420303923761671,-0.0012577087030611076,0.9999992090840963,0.0,0.11420294891261673,0.0001436341563651797,0.993457430305341,4558.92591211988,-537.2201279215996,-0.11729824665394475,1.8598006769140218e-09,168.01713318694254,0.0,-74.90856659347128,4.1,0.0,3.0050555639720257e-17,2.2907628168487864,1.5707963267948966,18.240018114732763,461.0,0.009039754812720709,0.28103008315399197,0.0,0.01975515360260685,-1574.9945651873566,-11.391259758697467,181.05845813205514,-0.03274204653595487,0.06606990737579209,-0.4923064681821002,-0.033136210018874124,0.06587310420492909,-0.4923064681821002,-6.51464043314957e-18,2.8310158906342266e-20,4.3707146606967105e-19,-6.51469330012638e-18,-1.0613369538992821e-20,4.3707146606967105e-19,-1575.0277013973755,-11.325386654492538,180.56615166387303,-1678419.2578756437,148.71422030401632,123929.54794970564,-0.012854825896095646,4581.267910382041
84.57960770421668,2001.0,12.0,14.0,14.0,22.0,52.0,1.0,3505843.630404362,25272.896228909518,-401700.21211886866,303.01770325001127,-286.53327110931417,4554.354627192966,3528872.5310709337,4573.408697478228,3505932.1415048325,4254.326500303613,-401700.21211886866,3528872.5310709337,301.5959997622021,-536.8535074799329,4554.354627192966,4595.793501213915,12758422.36069916,0.7241665493205685,1.633627652535866,7.884953353001449e-08,2.998763821121227e-06,6.168876037115873,-0.11407973325416729,0.0012134645624708,132672.53107093414,-0.04800128013659829,-0.047767301124723036,1256.0989769250154,-16088577436.018396,-1012198978.3872753,-196278456.24920028,-16088409448.365757,-1883455055.0076756,16120386803.256617,16199470570.203402,-0.9934992297499794,-0.0012055766998794147,0.11383245174825332,-0.0012134642646671535,0.9999992637519681,0.0,0.11383236793933475,0.00013813161235595346,0.9934999612123705,4559.008375836967,-537.2190881906726,-0.11729591942373659,1.872493785813168e-09,167.91790152990595,0.0,-74.81790152990594,4.017901529905943,0.0,3.004879491258695e-17,2.2907340619925374,1.5707963267948966,18.24559545119756,461.0,0.009101724932936296,0.2836491634811898,0.0,0.019889586179141126,-1575.1189171113901,-11.354704070402903,180.47741708408995,-0.03285410384933096,0.06651095366215837,-0.49565872284677354,-0.03325225764981451,0.06631279256661382,-0.49565872284677354,-6.558685281979052e-18,2.8671587960336775e-20,4.3858141097351575e-19,-6.5587393056625826e-18,-1.0649336199792768e-20,4.3858141097351575e-19,-1575.15216936904,-11.28839127783629,179.98175836124318,-1678420.6851439048,148.90270474039656,123918.49171107335,-0.01275318284913276,4581.276485064432
84.87960770421667,2001.0,12.0,14.0,14.0,22.0,52.0,1.0,3505934.381954334,25186.935146949512,-400333.88818215695,301.9926164893867,-286.54060462517253,4554.471554383229,3528806.808865946,4573.457794513803,3506022.463907759,4093.2683495265433,-400333.88818215695,3528806.808865946,300.55333961577355,-536.8674826379358,4554.471554383229,4595.8427022205815,12758411.010385564,0.7241663040789438,1.633627647557214,7.884953353001449e-08,3.0212632563002608e-06,6.169264373152475,-0.11369215108435624,0.0011674957967019045,132606.8088659458,-0.04783826460114016,-0.04760508281760141,1265.2972152531147,-16088576292.506662,-1012198826.0277512,-196283572.50063565,-16088401267.951006,-1883499699.7426057,16120385652.434652,16199467698.61194,-0.9935433288949279,-0.0011599581873517181,0.11344738033726828,-0.0011674955314767586,0.9999993184768597,0.0,0.11344730302025338,0.000132449309601505,0.9935440060181588,4559.093771503381,-537.218011431295,-0.11729350952431497,1.8856382268108414e-09,167.82401266563684,0.0,-74.72401266563685,4.0,0.0,3.004712327361236e-17,2.2907067620563306,1.5707963267948966,18.25089385735464,461.0,0.009165903174927966,0.2863893127761642,0.0,0.020029370626334548,-1575.2477015641864,-11.316715425107812,179.87359959248968,-0.03296952245991311,0.06696857359477269,-0.4991451002572602,-0.03337183752467275,0.06676900269421467,-0.4991451002572602,-6.604513933785859e-18,2.904928417749647e-20,4.40138668072366e-19,-6.604569172467176e-18,-1.0686841395950925e-20,4.40138668072366e-19,-1575.2810734017112,-11.249946422413597,179.37445449223242,-1678422.1783236656,149.09118917677682,123907.52322036671,-0.01265154037313748,4581.284990770891
85.17960770421665,2001.0,12.0,14.0,14.0,22.0,53.0,1.0,3506024.8259658124,25100.971868657118,-398967.5292260899,300.96744598124263,-286.5479131208794,4554.588086330277,3528741.3093699752,4573.506723095103,3506112.4735001265,3932.2060198845506,-398967.5292260899,3528741.3093699757,299.51059539284284,-536.8813663700328,4554.588086330277,4595.891734413423,12758399.580726467,0.7241660571214696,1.6336276425450549,8.024520884654679e-08,3.0438881762827515e-06,6.169652723522668,-0.11330455446041997,0.0011215283026223858,132541.3093699757,-0.047675242375401126,-0.04744285782604716,1274.5255676358938,-16088575141.022696,-1012198672.6254547,-196288653.53701675,-16088393103.358574,-1883544192.7859862,16120384493.59071,16199464824.798409,-0.9935872783278951,-0.0011143367209841206,0.11306227752278103,-0.001121528067507874,0.9999993710871992,0.0,0.1130622064164674,0.00012680251761816355,0.9935879032080461,4559.178877524554,-537.216938257718,-0.11729110787289837,1.8987381260048634e-09,167.66088391421624,0.0,-74.63044195710812,4.0,0.0,3.004426358485975e-17,2.2906600597948366,1.5707963267948966,18.25996528082783,461.0,0.009229862172311233,0.28914868314415343,0.0,0.02016883825198304,-1575.376060663312,-11.278719388523594,179.2696645699397,-0.03308262310012282,0.06742419376007243,-0.502619363064535,-0.033489106814756454,0.06722322203026572,-0.502619363064535,-6.6499710552377296e-18,2.942765291933217e-20,4.416515521129875e-19,-6.650027521099217e-18,-1.0723380015081197e-20,4.416515521129875e-19,-1575.409549770127,-11.211496166493328,178.76704520687517,-1678423.6819443367,149.27967361315706,123896.64247758573,-0.012549898463522639,4581.293427498878
85.31919520480322,2001.0,12.0,14.0,14.0,22.0,53.0,1.0,3506066.8039657283,25060.973124859713,-398331.7618830239,300.4904142141074,-286.5513051724475,4554.642172915699,3528710.9089254187,4573.529431722599,3506154.247571206,3857.2636429205054,-398331.7618830239,3528710.9089254187,299.0253866118813,-536.8877951854635,4554.642172915699,4595.914491127934,12758394.235511081,0.7241659416283823,1.6336276402015266,8.024520884654679e-08,3.0544472765366723e-06,6.169833424587425,-0.11312420406685317,0.001100140442888986,132510.90892541874,-0.04759938721761276,-0.047367373616677685,1278.829571917653,-16088574602.524931,-1012198600.8930687,-196291005.72961754,-16088389309.83219,-1883564843.3107407,16120383951.651455,16199463486.875399,-0.993607676588876,-0.001093108430380073,0.11288308171561891,-0.0011001402209706874,0.999999394845564,0.0,0.11288301340392126,0.00012418721846247315,0.993608277875333,4559.218377892244,-537.2164401403356,-0.11728999321614364,1.9050779599042917e-09,167.58701275059818,0.0,-74.57402550119636,4.0,0.0,3.0042967517492176e-17,2.2906388934084383,1.5707963267948966,18.264079703636018,461.0,0.009260811743469021,0.29043915883393123,0.0,0.020236315164008103,-1575.4356400410238,-11.26103763634967,178.98861867692602,-0.03313894866855369,0.06764339111749094,-0.5043005938770437,-0.03354742209322146,0.06744174339109367,-0.5043005938770437,-6.671979096391234e-18,2.960835186547431e-20,4.42405154440388e-19,-6.672036146162541e-18,-1.074157727197974e-20,4.42405154440388e-19,-1575.4691874631171,-11.193595892958577,178.48431808304898,-1678424.3851312697,149.4681580495373,123885.8494827304,-0.012448257115700932,4581.301795245831
85.40638793810975,2001.0,12.0,14.0,14.0,22.0,53.0,1.0,3506092.9915553066,25035.987841047463,-397934.6287112795,300.19242920869283,-286.5534212510417,4554.675914415481,3528691.9438862894,4573.543598036581,3506180.3071983433,3810.4507538766934,-397934.6287112795,3528691.9438862894,298.7222938345122,-536.8918008698362,4554.675914415481,4595.928687439733,12758390.887117071,0.7241658692800859,1.633627638733728,8.024520884654679e-08,3.0609828803880725e-06,6.169946300297774,-0.11301154738697744,0.0010867807470964215,132491.94388628984,-0.04755200388739561,-0.04732022199842805,1281.5217375904322,-16088574265.196974,-1012198555.9621161,-196292471.16551998,-16088386941.878984,-1883577725.8958154,16120383612.167913,16199462650.821148,-0.9936204018242655,-0.0010798479477582537,0.11277114438984383,-0.001086780533165022,0.999999409453862,0.0,0.11277107779328004,0.00012255748442562415,0.993620988603303,4559.243019777239,-537.2161293842184,-0.11728929785664338,1.909412825990893e-09,167.55991983755692,0.0,-74.51983967511384,4.0,0.0,3.0042484790561805e-17,2.2906310098793963,1.5707963267948966,18.265612632073875,461.0,0.009281967726812064,0.29124755756521964,0.0,0.020282422853615874,-1575.4728092944656,-11.249991997474071,178.81305171349732,-0.03318051716858681,0.06779161506838327,-0.5054508657913432,-0.03359030396326763,0.06758950564111282,-0.5054508657913432,-6.68710378022668e-18,2.972764457440978e-20,4.429646123471846e-19,-6.687161208505394e-18,-1.0755084126771597e-20,4.429646123471846e-19,-1575.506399598429,-11.182402491832958,178.30760084770597,-1678424.8256277367,149.65664248591756,123875.14423580072,-0.012346616325085005,4581.310094009155
85.5959299225707,2001.0,12.0,14.0,14.0,22.0,53.0,1.0,3506149.829232926,24981.673501438232,-397071.3194557764,299.544636870241,-286.5580139379341,4554.749147318285,3528650.782066052,4573.574343970635,3506236.865171297,3708.6863931329176,-397071.3194557764,3528650.7820660514,298.0633979864834,-536.9004818802908,4554.749147318285,4595.959498478983,12758383.582048217,0.7241657114400191,1.6336276355322865,8.024520884654679e-08,3.075348419640324e-06,6.170191676795373,-0.11276664698275549,0.0010577394376472412,132450.78206605185,-0.047448998751619,-0.0472177205662611,1287.3842973262072,-16088573529.266788,-1012198457.9512134,-196295646.56985617,-16088381798.654867,-1883605686.165313,16120382871.53579,16199460832.41988,-0.9936480206517826,-0.0010510210905487944,0.1125278028287311,-0.001057739240411863,0.9999994405936932,0.0,0.1125277398799685,0.00011902507268927792,0.9936485765050631,4559.296502467944,-537.215454886956,-0.11728778866832987,1.918821242045287e-09,167.50111723721696,0.0,-74.40223447443391,4.0,0.0,3.004143696909521e-17,2.290613897656226,1.5707963267948966,18.268940968976647,461.0,0.009327886088561013,0.2930112322636669,0.0,0.020382496198887667,-1575.5534848194857,-11.225978540233909,178.43136533252198,-0.033270091208571155,0.0681132307552445,-0.5079474650293291,-0.03368273573701759,0.06791012064644023,-0.5079474650293291,-6.719929554600832e-18,2.998754458425783e-20,4.441703783830604e-19,-6.719987810466122e-18,-1.07841928146377e-20,4.441703783830604e-19,-1575.5871675552228,-11.158068419587469,177.92341786749265,-1678425.7866435964,149.8451269222978,123864.52673679669,-0.012244976087087451,4581.318323786237
85.66263609442933,2001.0,12.0,14.0,14.0,22.0,53.0,1.0,3506169.803104404,24962.558259620124,-396767.4887201858,299.31664916344295,-286.5596278775053,4554.774882845738,3528636.3169957544,4573.585148458278,3506256.740104666,3672.871715830724,-396767.4887201858,3528636.3169957544,297.8315025526835,-536.9035283305758,4554.774882845738,4595.970325845133,12758381.002441047,0.7241656557025028,1.6336276344020597,8.024520884654679e-08,3.0804344160326994e-06,6.170278034352496,-0.11268045696767101,0.001047518948173745,132436.31699575484,-0.04741274716373259,-0.04718164624909503,1289.4509424120188,-16088573269.392845,-1012198423.3457608,-196296760.7815494,-16088379989.966896,-1883615511.896867,16120382610.001764,16199460192.133535,-0.9936577264187594,-0.001040875677139142,0.11244215982507079,-0.001047518756600706,0.9999994513520768,0.0,0.11244209813391332,0.00011778527144945601,0.9936582715873065,4559.315297267345,-537.2152178448006,-0.11728725831765593,1.922323015316677e-09,167.46090570215674,0.0,-74.36090570215676,3.9804528510783723,0.0,3.0040733154558403e-17,2.290602403492565,1.5707963267948966,18.271177295182394,461.0,0.009344971737574639,0.2936340270087563,0.0,0.02041956916198549,-1575.581836814347,-11.217526703770506,178.2970260346376,-0.03330428035536934,0.06823271225101032,-0.5088710559120273,-0.03371797083556633,0.06802923308291894,-0.5088710559120273,-6.7320177332565886e-18,3.0081826179168603e-20,4.446265274998831e-19,-6.732076287689699e-18,-1.0795085619593517e-20,4.446265274998831e-19,-1575.6155547851827,-11.149497470687587,177.78815497872557,-1678426.1260032058,150.03361135867806,123853.99698571832,-0.0121433363971207,4581.326484574436
85.75951601378031,2001.0,12.0,14.0,14.0,22.0,53.0,1.0,3506198.784837747,24934.796272523672,-396326.22068767645,298.9855265961366,-286.5619696549243,4554.812224680097,3528615.328435139,4573.600825352135,3506285.5776822106,3620.8563312968354,-396326.22068767645,3528615.328435139,297.4947046165164,-536.9079447499707,4554.812224680097,4595.986035934591,12758377.24767843,0.7241655745732973,1.63362763275715,8.024520884654679e-08,3.0878140059738734e-06,6.170403455975316,-0.1125552786569056,0.00103267545211594,132415.32843513833,-0.04736009701605033,-0.04712925355895614,1292.4558457434177,-16088572891.133633,-1012198372.9789149,-196298375.91834253,-16088377364.401709,-1883629768.8045576,16120382229.326414,16199459261.892298,-0.9936718092864969,-0.001026140849675049,0.11231777448051788,-0.0010326752685719,0.9999994667907527,0.0,0.11231771459164189,0.00011598778792706691,0.9936723391217769,4559.342568119147,-537.2148738896782,-0.11728648879523076,1.9274202371806845e-09,167.4009383861096,0.0,-74.30093838610959,3.9504691930547957,0.0,3.0039683968155143e-17,2.2905852689782873,1.5707963267948966,18.274512070960675,461.0,0.009369841787390098,0.2945405729122743,0.0,0.020473518510451087,-1575.6229760138306,-11.205251133823097,178.101909684259,-0.03335392364827961,0.06840658413015144,-0.5102149794846066,-0.0337691373047554,0.06820256843245223,-0.5102149794846066,-6.749602117118842e-18,3.02191514890003e-20,4.4528857782423625e-19,-6.749661107145207e-18,-1.0810884478079152e-20,4.4528857782423625e-19,-1575.6567451511353,-11.137048565390645,177.5916947047744,-1678426.6199603546,150.2220957950583,123843.5549825656,-0.012041697250597215,4581.334576371085
85.92659006145163,2001.0,12.0,14.0,14.0,22.0,53.0,1.0,3506248.689855712,24886.918867419623,-395565.22440025734,298.4144695968494,-286.5660020155736,4554.876525458211,3528579.1872367603,4573.627819504581,3506335.2328048944,3531.1523130083683,-395565.22440025734,3528579.1872367607,296.913860095751,-536.9155386563968,4554.876525458211,4596.013087246153,12758370.74918498,0.7241654341598956,1.6336276299108916,8.024520884654679e-08,3.100515945069789e-06,6.170619755023531,-0.11233939917657255,0.0010070774426245586,132379.18723676074,-0.047269297699477394,-0.0470388982416166,1297.6474177241325,-16088572236.472752,-1012198285.818015,-196301152.75426337,-16088372839.986387,-1883654318.295184,16120381570.484505,16199457656.718525,-0.9936960591638911,-0.0010007292243237491,0.1121032583967672,-0.001007077272394075,0.9999994928975552,0.0,0.11210320154893079,0.00011289664369270451,0.9936965630698477,4559.389526894079,-537.2142815855758,-0.11728516373756111,1.936197385358104e-09,167.29767781931642,0.0,-74.19767781931643,3.8988389096582097,0.0,3.00378769411701e-17,2.2905557579880775,1.5707963267948966,18.28025855223758,461.0,0.009412667831347336,0.29610960860693614,0.0,0.020566414043907667,-1575.6938182086599,-11.184079534092401,177.76539370670145,-0.033438830851554774,0.06870589386556361,-0.5125290768668348,-0.03385667361511569,0.06850095555760162,-0.5125290768668348,-6.7798781169436e-18,3.045647150142695e-20,4.464209875541931e-19,-6.779937862335629e-18,-1.083790269329849e-20,4.464209875541931e-19,-1575.727674882275,-11.1155785785348,177.25286462983462,-1678427.4748692308,150.41058023143856,123833.20072733852,-0.011940058642929251,4581.342599173494
85.95916168275102,2001.0,12.0,14.0,14.0,22.0,53.0,1.0,3506258.4078856185,24877.584935351766,-395416.86448332027,298.30313721128215,-286.5667872310143,4554.889046798665,3528572.149442126,4573.633075997729,3506344.9019264416,3513.664079370039,-395416.86448332027,3528572.1494421265,296.8006195902176,-536.9170158069363,4554.889046798665,4596.018354869638,12758369.47891072,0.7241654067129368,1.6336276293546161,8.024520884654679e-08,3.1029856917768504e-06,6.170661923727739,-0.11229731226341755,0.001002087074013793,132372.1494421265,-0.0472515958425865,-0.04702128294400888,1298.6608907729387,-16088572108.505552,-1012198268.7819686,-196301692.84886757,-16088371958.458158,-1883659098.8079987,16120381441.700123,16199457343.653221,-0.9937007813431845,-0.0009957750417333977,0.11206143667654248,-0.0010020869063014182,0.99999949791079,0.0,0.11206138041170427,0.00011229529839488872,0.9937012802698753,4559.39867117289,-537.2141662413695,-0.11728490571125093,1.937668243548118e-09,167.29018680265813,0.0,-74.19018680265813,3.9,0.0,3.003774169940684e-17,2.2905535493224707,1.5707963267948966,18.28068878164849,461.0,0.009419850016711692,0.2964163172238458,0.0,0.020582085950370286,-1575.7076137374506,-11.179951798724543,177.69978463803028,-0.03345145291275137,0.06875742533871293,-0.5129200750630615,-0.033869767572459374,0.06855233100172659,-0.5129200750630615,-6.785025029086402e-18,3.049934559928973e-20,4.465919991961384e-19,-6.7850849151300866e-18,-1.0842042476885563e-20,4.465919991961384e-19,-1575.741483505023,-11.111399467722817,177.18686456296723,-1678427.6419801787,150.5990646678188,123822.9342200371,-0.01183842056952906,4581.3505529789445
86.00924558396211,2001.0,12.0,14.0,14.0,22.0,54.0,1.0,3506273.3437834852,24863.232522465853,-395188.73738831026,298.1319445597829,-286.56799404501754,4554.908291196703,3528561.3328687735,4573.641154790181,3506359.76249889,3486.7731237549183,-395188.73738831026,3528561.3328687735,296.6264929022478,-536.9192850504064,4554.908291196703,4596.026450768424,12758367.523785384,0.7241653644682897,1.6336276284984514,8.161702118890975e-08,3.1068831753557656e-06,6.1707267649523985,-0.11223259680204509,0.0009944136399630348,132361.33286877302,-0.04722437635018691,-0.04699419655001077,1300.219979941845,-16088571911.547089,-1012198242.5615143,-196302522.52759123,-16088370603.33066,-1883666446.0936623,16120381243.483923,16199456862.210041,-0.9937080389780746,-0.0009881571538166007,0.11199712860510655,-0.0009944134760739816,0.9999995055707971,0.0,0.11199707323045552,0.00011137145396650877,0.9937085302965911,4559.412725247061,-537.2139889637349,-0.11728450914557853,1.939966765385733e-09,167.27666608596627,0.0,-74.17666608596627,3.9,0.0,3.0037499357373024e-17,2.2905495915767107,1.5707963267948966,18.28145976954056,461.0,0.009431072783389935,0.2968883859808183,0.0,0.020606557283688626,-1575.7288167002146,-11.1736045997179,177.59889788461018,-0.03347141324653698,0.06883769552533664,-0.513530500991242,-0.03389046026756731,0.06863235776812454,-0.513530500991242,-6.7930544875530826e-18,3.056586452191657e-20,4.468619043885647e-19,-6.793114591378593e-18,-1.08485638815349e-20,4.468619043885647e-19,-1575.762707160482,-11.104972241949774,177.08536738361894,-1678427.8991867825,150.78754910419906,123812.75546066134,-0.011736783025808733,4581.358437784697
86.06435664393689,2001.0,12.0,14.0,14.0,22.0,54.0,1.0,3506289.7689600987,24847.439419985436,-394937.71098107024,297.9435658260414,-286.56932118588145,4554.9294545047005,3528549.4377597943,4573.650039058144,3506376.1046195026,3457.1828640954427,-394937.71098107024,3528549.4377597943,296.4348856188889,-536.9217791223825,4554.9294545047005,4596.035353848175,12758365.36977463,0.7241653179262508,1.6336276275552248,8.161702118890975e-08,3.1110612793844153e-06,6.170798115054137,-0.11216138508317414,0.0009859700273612047,132349.4377597943,-0.04719442449548952,-0.04696439115362895,1301.936561718583,-16088571694.553709,-1012198213.6743337,-196303434.36520028,-16088369112.684086,-1883674525.9713943,16120381025.104898,16199456332.362036,-0.9937160202708201,-0.0009797745291873648,0.1119263646286924,-0.0009859698676115724,0.9999995139315919,0.0,0.11192631022482252,0.00011035602291519643,0.9937165032850189,4559.428180657429,-537.2137940065973,-0.11728407304032756,1.9424944760437147e-09,167.26179719974286,0.0,-74.16179719974285,3.9,0.0,3.0037232842145266e-17,2.290545239052735,1.5707963267948966,18.28230773985034,461.0,0.009443414720648247,0.2974084767244928,0.0,0.02063346884155823,-1575.7521341874533,-11.166620067099501,177.48788091011056,-0.03349329654959212,0.06892596586230379,-0.5142017987327437,-0.03391314975371635,0.06872036057525015,-0.5142017987327437,-6.801884519279994e-18,3.063911908020575e-20,4.47157841031987e-19,-6.8019448632512475e-18,-1.08557141088683e-20,4.47157841031987e-19,-1575.786047337207,-11.09789970652425,176.9736791113778,-1678428.1825578604,150.9760335405793,123802.66444921124,-0.01163514600718031,4581.366253587988
86.23035333733284,2001.0,12.0,14.0,14.0,22.0,54.0,1.0,3506339.179512257,24799.86952875837,-394181.60246694105,297.3761447778722,-286.5733134776242,4554.993118545638,3528513.654647625,4573.676764429097,3506425.263928612,3368.0550017836717,-394181.60246694105,3528513.654647625,295.85773998860145,-536.9292727117632,4554.993118545638,4596.062135807572,12758358.864772256,0.7241651773713652,1.6336276247069696,8.161702118890975e-08,3.123739772042229e-06,6.171013027265504,-0.1119468896610639,0.0009605377877593703,132313.6546476246,-0.04710420697876255,-0.04687461477629741,1307.113453090191,-16088571039.249273,-1012198126.4406981,-196306173.77292418,-16088364625.940355,-1883698831.9203272,16120380365.616135,16199454735.89924,-0.9937400296892945,-0.0009545251432844526,0.1117132144147267,-0.0009605376400554257,0.9999995386836146,0.0,0.11171316287959042,0.00010730474733692734,0.9937404881180646,4559.474673834556,-537.2132075128527,-0.11728276115554795,1.950098387379777e-09,167.21706830953073,0.0,-74.11706830953072,3.9,0.0,3.003643104913742e-17,2.290532144779213,1.5707963267948966,18.284859292102304,461.0,0.00948054282975425,0.29897913550242483,0.0,0.020714425715856775,-1575.822280527865,-11.14558089130376,177.15346974162057,-0.03355870052096389,0.06919147912178385,-0.516221244491907,-0.033980983944048894,0.06898507007976641,-0.516221244491907,-6.828446853779574e-18,3.0860136241493166e-20,4.480425087685083e-19,-6.828507924272963e-18,-1.0877087954061092e-20,4.480425087685083e-19,-1575.856261511809,-11.076595821223995,176.63724849712867,-1678429.0383246131,151.16451797695956,123792.6611856868,-0.011533509509055682,4581.374000386023
86.31347226845533,2001.0,12.0,14.0,14.0,22.0,54.0,1.0,3506363.8852910595,24776.04977832784,-393802.99498523347,297.09201257263805,-286.5753096411848,4555.024951294495,3528495.762726005,4573.690127123373,3506449.843296862,3323.425859042927,-393802.99498523347,3528495.7627260047,295.5687383928164,-536.9330144258815,4555.024951294495,4596.075526795768,12758355.597941041,0.7241651067841172,1.6336276232767115,8.161702118890975e-08,3.130130698920575e-06,6.171120641113592,-0.1118394844970218,0.0009478033373889875,132295.76272600517,-0.04705903192572871,-0.046829660614084,1309.709278523922,-16088570710.15598,-1012198082.6341964,-196307541.47564384,-16088362381.082975,-1883710985.0828435,16120380034.421612,16199453936.204388,-0.993752034602952,-0.0009418817769743765,0.1116064809104358,-0.0009478031954821143,0.9999995508344505,0.0,0.11160643078064947,0.00010578097924342465,0.9937524809623313,4559.497920836534,-537.2129142488023,-0.11728210520878621,1.954029052255891e-09,167.18789350287187,0.0,-74.08789350287186,3.9,0.0,3.003591312318736e-17,2.2905236864065546,1.5707963267948966,18.28650788389831,461.0,0.009499732514802996,0.29976792568760385,0.0,0.02075626375401557,-1575.857355649717,-11.135045181963626,176.98600790626594,-0.03359333904295397,0.0693279450452,-0.5172645253183952,-0.03401686316147683,0.06912112132263543,-0.5172645253183952,-6.84214933969343e-18,3.097292778237512e-20,4.485092648548193e-19,-6.8422107796007446e-18,-1.0888362503797952e-20,4.485092648548193e-19,-1575.8913725128784,-11.065924060640992,176.46874338094756,-1678429.4680935089,151.3530024133398,123782.74567008798,-0.011431873526846686,4581.38167817599
86.36751560026725,2001.0,12.0,14.0,14.0,22.0,54.0,1.0,3506379.936141193,24760.56225873266,-393556.8257014798,296.9072684577907,-286.57660649948457,4555.0456324141605,3528484.1387022147,4573.69880849528,3506465.811738632,3294.408144332522,-393556.8257014798,3528484.1387022147,295.38082822265494,-536.935443492853,4555.0456324141605,4596.084226549345,12758353.470136154,0.7241650608080373,1.6336276223452222,8.161702118890975e-08,3.1342778133249893e-06,6.171190611444286,-0.11176964984518149,0.0009395235407612219,132284.13870221516,-0.04702965915987901,-0.04680043147008912,1311.3985199034214,-16088570495.80653,-1012198054.1029419,-196308429.318432,-16088360922.098013,-1883718880.7245858,16120379818.703648,16199453416.10976,-0.9937598339405656,-0.0009336610325657333,0.11153708227982313,-0.0009395234025409543,0.9999995586477907,0.0,0.11153703305268545,0.00010479169905302981,0.9937602725388573,4559.513023918023,-537.2127237159858,-0.11728167905652029,1.9568520294620345e-09,167.154682006329,0.0,-74.054682006329,3.9,0.0,3.0035331668457325e-17,2.290514190530186,1.5707963267948966,18.28835905858141,461.0,0.009513507884627426,0.3002816984358214,0.0,0.0207862888418384,-1575.8801436965625,-11.128194639751694,176.87712065844914,-0.033620307460217026,0.06942438228307934,-0.5180125019730227,-0.03404468623536912,0.06921726134601061,-0.5180125019730227,-6.8519332467650625e-18,3.10503503286726e-20,4.488690001857815e-19,-6.851994935544232e-18,-1.0897048047094976e-20,4.488690001857815e-19,-1575.9141883827979,-11.058977378405684,176.3591081564761,-1678429.7480175924,151.54148684972003,123772.91790241483,-0.011330238055964982,4581.38928695505
86.51925998423168,2001.0,12.0,14.0,14.0,22.0,54.0,1.0,3506424.950793742,24717.075592098307,-392865.61870626133,296.38852445792264,-286.58024350114306,4555.103632732907,3528451.5390941924,4573.723154972548,3506510.594087961,3212.9306896668904,-392865.61870626133,3528451.5390941924,294.85319443118084,-536.9422480167013,4555.103632732907,4596.108624576667,12758347.479254777,0.7241649313611104,1.6336276197230777,8.161702118890975e-08,3.1458747657077524e-06,6.171387078542818,-0.11157356368482926,0.0009162755121668993,132251.5390941929,-0.04694718434285793,-0.04671835991954671,1316.1480332612991,-16088569892.304476,-1012197973.7806112,-196310916.22039148,-16088356828.00422,-1883741023.9613032,16120379211.34901,16199451955.124039,-0.9937817071417498,-0.0009105780975219796,0.11134221750063088,-0.0009162753839554022,0.9999995802196223,0.0,0.11134217076135276,0.00010202013309083646,0.9937821243119853,4559.555380402831,-537.2121893428196,-0.11728048392489018,1.964769077124579e-09,167.0615402691226,0.0,-73.96154026912261,3.9,0.0,3.00337007088738e-17,2.2904875549388515,1.5707963267948966,18.29355360771482,461.0,0.009552141734243354,0.3017282517253319,0.0,0.020870494889233385,-1575.9440546936244,-11.108958233930707,176.57136393394438,-0.03369553630710863,0.06969478262894944,-0.5201102142281687,-0.03412231643741074,0.06948682906612877,-0.5201102142281687,-6.8793706209244014e-18,3.126808960682429e-20,4.498725440011027e-19,-6.879433011461004e-18,-1.0921276757857782e-20,4.498725440011027e-19,-1575.9781770100617,-11.039471404864578,176.05125371971621,-1678430.536150502,151.7299712861003,123763.17788266734,-0.011228603091822142,4581.39682672034
86.68501547844541,2001.0,12.0,14.0,14.0,22.0,54.0,1.0,3506474.031856471,24669.57301344995,-392110.58000958996,295.8218588917342,-286.5842089821532,4555.166872621531,3528415.994589059,4573.749700023462,3506559.4198565027,3123.928947801144,-392110.58000958996,3528415.994589059,294.2768181585416,-536.9496540647461,4555.166872621531,4596.135225832068,12758340.90746715,0.7241647893619081,1.6336276168474662,8.161702118890975e-08,3.1587298590279253e-06,6.171601690268421,-0.11135936802880964,0.000890881273437337,132215.99458905915,-0.0468570924068628,-0.04662870848676435,1321.347003698349,-16088569230.289806,-1012197885.6829524,-196313622.6358291,-16088352360.060839,-1883765167.3203382,16120378545.109005,16199450358.129963,-0.9938055561571894,-0.0008853629936469482,0.11112935113402282,-0.0008908811555931342,0.9999996031653046,0.0,0.11112930703404061,9.900304475859344e-05,0.9938059505338711,4559.601562913548,-537.2116066563191,-0.11727918085345188,1.973601391384784e-09,166.95998454016907,0.0,-73.87999227008454,3.9,0.0,3.0031921965194846e-17,2.2904585058500824,1.5707963267948966,18.299222327149458,461.0,0.009595239640135741,0.30331509644418475,0.0,0.02096445816829844,-1576.0137422289115,-11.08794353840749,176.23734182947402,-0.03378032625408762,0.06999894107091724,-0.522450705137935,-0.03420979006305322,0.06979005987047275,-0.522450705137935,-6.909991819202705e-18,3.150973102634865e-20,4.510041302534147e-19,-6.910054987653916e-18,-1.094861620974061e-20,4.510041302534147e-19,-1576.0479520189745,-11.018153478537018,175.71489112433608,-1678431.40070563,151.91845572248053,123753.5256108455,-0.011126968629829648,4581.404297468973
86.82016697211091,2001.0,12.0,14.0,14.0,22.0,54.0,1.0,3506513.9813989284,24630.84051133238,-391494.9389228431,295.3598001610861,-286.5874366273701,4555.218346788744,3528387.063128514,4573.771305750281,3506599.1600493426,3051.358993108197,-391494.9389228431,3528387.063128514,293.8068415747159,-536.9556720228206,4555.218346788744,4596.156877304599,12758335.526754325,0.7241646730983815,1.6336276144933977,8.296615425989067e-08,3.169151553646089e-06,6.171776680666977,-0.11118471684500067,0.0008701759407527885,132187.06312851375,-0.046783632970835015,-0.046555608223618865,1325.5955622941256,-16088568688.263973,-1012197813.5583793,-196315821.55480304,-16088348720.188171,-1883784818.6472287,16120377999.624018,16199449055.04934,-0.9938249679841381,-0.0008648027947372217,0.1109557800542768,-0.0008701758309356944,0.99999962139694,0.0,0.11095573804607894,9.655103810584846e-05,0.9938253442494546,4559.639152951115,-537.211132342262,-0.11727812023530773,1.981040909810747e-09,166.87732322432504,0.0,-73.83866161216251,3.9,0.0,3.003047380882041e-17,2.2904348556617107,1.5707963267948966,18.303840176344746,461.0,0.009631537902771572,0.3046143619374441,0.0,0.02104363131851362,-1576.070466818755,-11.070807220151638,175.96496532409174,-0.03385311193443421,0.07025826284310793,-0.5244224409651116,-0.034284838803214944,0.07004860108249229,-0.5244224409651116,-6.935800101764147e-18,3.171124910475506e-20,4.5197607111999175e-19,-6.93586391644688e-18,-1.0972122925684355e-20,4.5197607111999175e-19,-1576.1047516575582,-11.000758619069146,175.44054288312662,-1678432.108568918,152.1069401588608,123743.96108694932,-0.011025334665398812,4581.411699198036
86.96419684254069,2001.0,12.0,14.0,14.0,22.0,54.0,1.0,3506556.486570315,24589.563112664917,-390838.8474705373,294.8673695420573,-286.5908706898327,4555.273113864889,3528356.280878466,4573.7942930004765,3506641.4409406404,2974.0208766788187,-390838.8474705373,3528356.2808784666,293.3059728964648,-536.9620648571935,4555.273113864889,4596.179913224977,12758329.77028062,0.7241645487152758,1.6336276119752535,8.296615425989067e-08,3.1803071862555396e-06,6.17196316966681,-0.11099858931135599,0.0008481107104061648,132156.28087846655,-0.04670534637295183,-0.04647770439470081,1330.1328143179417,-16088568108.390768,-1012197736.402487,-196318157.2245775,-16088344844.284409,-1883805726.9279392,16120377416.050425,16199447665.407461,-0.9938456215276481,-0.0008428913182028111,0.11077079987320013,-0.0008481106087329918,0.999999640354133,0.0,0.11077076003493977,9.394589051030017e-05,0.9938459789602468,4559.679147441518,-537.2106276482243,-0.11727699178472238,1.988903215229549e-09,166.79468696923797,0.0,-73.78937393847589,3.8946869692379478,0.0,3.002902404259341e-17,2.2904111791824513,1.5707963267948966,18.308465575979607,461.0,0.009669901423705756,0.3060043703385776,0.0,0.021127251447672666,-1576.1308225312002,-11.052543565996897,175.67467015008594,-0.03392901232143419,0.07053159210578201,-0.5265053168266267,-0.034363137738078094,0.07032110726430804,-0.5265053168266267,-6.963074611368161e-18,3.192568902862781e-20,4.529907036797801e-19,-6.963139117338513e-18,-1.0996621756213268e-20,4.529907036797801e-19,-1576.1651856689384,-10.98222245873259,175.14816483325933,-1678432.8658663444,152.29542459524103,123734.48431097879,-0.010923701193940856,4581.419031904597
87.04853247092242,2001.0,12.0,14.0,14.0,22.0,55.0,1.0,3506581.3422362423,24565.393206811008,-390454.6742994259,294.5790216644905,-286.59287879270914,4555.305139925444,3528338.280401272,4573.807734919634,3506666.164716854,2928.73568604391,-390454.6742994259,3528338.280401272,293.01268414406826,-536.965798338005,4555.305139925444,4596.193383604007,12758326.389318414,0.724164475660911,1.6336276104964806,8.296615425989067e-08,3.1867937014285615e-06,6.172072368420284,-0.11088960219587007,0.0008351907103500464,132138.28040127177,-0.04665950553404226,-0.046432087683936266,1332.7937336564064,-16088567767.814867,-1012197691.0899526,-196319521.17587808,-16088342576.290401,-1883817953.346572,16120377073.30139,16199446851.291685,-0.993857699018034,-0.0008300609106309473,0.11066248280905203,-0.0008351906132530715,0.999999651228259,0.0,0.11066244421310523,9.242426688139964e-05,0.9938580456476349,4559.702534837501,-537.2103325028698,-0.1172763319110139,1.993274759691141e-09,166.76897200181682,0.0,-73.73794400363363,3.868972001816818,0.0,3.002856497133531e-17,2.290403681979855,1.5707963267948966,18.309930722079905,461.0,0.00969123845009387,0.30682078360922055,0.0,0.02117351545547549,-1576.1661177549308,-11.04184864487142,175.5046776577329,-0.033968899313095616,0.07068057893394397,-0.5276594296348721,-0.034404363616487264,0.07046963972609224,-0.5276594296348721,-6.978245517828238e-18,3.204811253109067e-20,4.535283273345493e-19,-6.978310424522571e-18,-1.1009432606834104e-20,4.535283273345493e-19,-1576.2005221185473,-10.971379005145328,174.97701822809805,-1678433.3106518034,152.4839090316213,123725.09528293391,-0.010822068210866837,4581.426295585698
87.21110275932429,2001.0,12.0,14.0,14.0,22.0,55.0,1.0,3506629.186850642,24518.801405472757,-389714.11201517785,294.02316720527546,-286.5967441314082,4555.366786880567,3528303.6313218474,4573.83360864983,3506713.7539171213,2841.440417556068,-389714.11201517785,3528303.6313218474,292.4473053004825,-536.9729747990175,4555.366786880567,4596.219312114752,12758319.851123014,0.7241643343860756,1.6336276076373606,8.296615425989067e-08,3.199414991377748e-06,6.172282869434659,-0.11067950911523369,0.0008102856392315108,132103.6313218479,-0.046571138598290596,-0.04634415279197901,1337.9309982955456,-16088567109.204718,-1012197603.4728755,-196322142.7449126,-16088338207.587738,-1883841487.8027925,16120376410.489363,16199445281.139303,-0.9938809468626606,-0.0008053276345980315,0.11045367766979139,-0.0008102855505642768,0.9999996717186094,0.0,0.11045364140990449,8.949901902251608e-05,0.9938812731353871,4559.747552979981,-537.209764346569,-0.11727506173869713,2.0016895361226537e-09,166.71947331692556,0.0,-73.63894663385113,3.8194733169255675,0.0,3.0027681225632866e-17,2.2903892493172613,1.5707963267948966,18.312751918799236,461.0,0.009732311067021071,0.3083996308963253,0.0,0.021262566814934724,-1576.2340598015885,-11.021230880567392,175.1769646038194,-0.034045156391720816,0.07096728778138242,-0.5298809398166381,-0.034483203628273604,0.07075547523911699,-0.5298809398166381,-7.007446291507257e-18,3.228454878455276e-20,4.545563609983449e-19,-7.007511974513977e-18,-1.1033924606664427e-20,4.545563609983449e-19,-1576.2685430052168,-10.950475405328275,174.64708366400276,-1678434.170790527,152.67239346800153,123715.79400281467,-0.010720435711587728,4581.433490238355
87.30942678951442,2001.0,12.0,14.0,14.0,22.0,55.0,1.0,3506658.079864879,24490.621943912593,-389266.20816533046,293.68696960583736,-286.59907834663517,4555.404015065748,3528282.7069927733,4573.849233228238,3506742.4917030693,2788.6428578909567,-389266.20816533046,3528282.7069927733,292.105347222993,-536.9773021424681,4555.404015065748,4596.234969773587,12758315.883371294,0.724164248652188,1.633627605902687,8.429369702178808e-08,3.2071439372050394e-06,6.172410184404463,-0.11055244085039188,0.0007952229958891701,132082.70699277334,-0.04651769252036546,-0.04629096801898968,1341.0430836081505,-16088566709.525248,-1012197550.3085256,-196323723.40442666,-16088335567.40414,-1883855699.9933558,16120376008.260366,16199444330.969193,-0.9938949860091956,-0.0007903683149777341,0.11032738600958364,-0.000795222912075371,0.9999996838102101,0.0,0.11032735112519064,8.773486518420464e-05,0.9938953002687417,4559.77473897661,-537.2094212205792,-0.11727429470176289,2.0068753447154245e-09,166.67916283649527,0.0,-73.57916283649529,3.8,0.0,3.00269682563587e-17,2.2903776056453933,1.5707963267948966,18.315028598855374,461.0,0.009757620828690815,0.30935777661972397,0.0,0.02131754503387443,-1576.2750910090067,-11.008760037133564,174.97874435655856,-0.034092810995498324,0.0711441426049158,-0.5312517650714581,-0.034532444938766615,0.0709317914275004,-0.5312517650714581,-7.025433583242599e-18,3.242938159842039e-20,4.55196492065144e-19,-7.025499741044313e-18,-1.1049250205236404e-20,4.55196492065144e-19,-1576.3096234539455,-10.937828245706063,174.4474925914871,-1678434.6927724387,152.8608779043818,123706.58047062109,-0.010618803691514295,4581.440615859564
87.3988265685043,2001.0,12.0,14.0,14.0,22.0,55.0,1.0,3506684.3217507857,24464.999954863695,-388858.9545414265,293.38127893268404,-286.601198357666,4555.4378273273405,3528263.7026110464,4573.863423887192,3506768.591958162,2740.6370301974634,-388858.9545414265,3528263.7026110464,291.7944188871187,-536.9812281826191,4555.4378273273405,4596.249190476842,12758312.266643243,0.7241641705029599,1.6336276043217235,8.296615425989067e-08,3.214025374873571e-06,6.172525945094886,-0.11043690445782364,0.0007815276087797736,132063.70261104638,-0.04646909679930525,-0.04624260988638149,1343.8762657344341,-16088566345.207037,-1012197501.8516604,-196325157.40112886,-16088333168.159115,-1883868608.0515347,16120375641.618437,16199443466.660185,-0.9939077369310639,-0.0007767664951373362,0.11021255419589426,-0.0007815275292221668,0.9999996946073139,0.0,0.1102125205377863,8.61341451699814e-05,0.9939080404633102,4559.799430376702,-537.2091095637131,-0.11727359805269905,2.011762185730932e-09,166.62486460298965,0.0,-73.52486460298964,3.8,0.0,3.002601634190064e-17,2.290362059702535,1.5707963267948966,18.318069201087024,461.0,0.009781467077534039,0.31023117543297574,0.0,0.02136951923192966,-1576.3123583049462,-10.997420422357113,174.79850463846634,-0.03413915649895642,0.07131112338007368,-0.5325465388766353,-0.034580273482695045,0.0710982630593065,-0.5325465388766353,-7.04237090999499e-18,3.256389306574474e-20,4.55815131064809e-19,-7.042437505922726e-18,-1.1064187640934661e-20,4.55815131064809e-19,-1576.346938578429,-10.926322159297806,174.2659580995897,-1678435.168575326,153.04936234076203,123697.45468635317,-0.010517172146057222,4581.4476724462975
87.58601151350665,2001.0,12.0,14.0,14.0,22.0,55.0,1.0,3506739.1784033133,24411.352110419477,-388006.23854500847,292.7412014533875,-286.6056300022006,4555.508509295772,3528223.9754032693,4573.893087561571,3506823.1505479817,2640.1214611106943,-388006.23854500847,3528223.9754032693,291.1433747256293,-536.9894221715708,4555.508509295772,4596.278916954123,12758304.665513432,0.7241640062594654,1.6336276009999042,8.429369702178808e-08,3.22867280278205e-06,6.172768328420695,-0.11019499072441992,0.000752852610175843,132023.97540326975,-0.046367345379708026,-0.046141355930298555,1349.8194549381733,-16088565579.540232,-1012197400.0255867,-196328150.0535846,-16088328148.621328,-1883895591.1425216,16120374871.06882,16199441655.765518,-0.9939343916359955,-0.0007482862424596878,0.10997211096856743,-0.000752852539057993,0.999999716606487,0.0,0.10997207980318457,8.279278296825336e-05,0.9939346733106342,4559.851045541516,-537.2084580211441,-0.11727214178290948,2.0219777534449217e-09,166.51135829505643,0.0,-73.41135829505643,3.8,0.0,3.002402600148294e-17,2.290329554976779,1.5707963267948966,18.324430118060196,461.0,0.009831317183952552,0.3120667857993533,0.0,0.02147816835330869,-1576.3902657413537,-10.97367550955741,174.42108647719982,-0.034235338002032475,0.07166008416271608,-0.535253180941528,-0.03467956290921819,0.07144616117571705,-0.535253180941528,-7.077774316296552e-18,3.2846131390729686e-20,4.570991098642785e-19,-7.077841834738317e-18,-1.1095188262922307e-20,4.570991098642785e-19,-1576.4249453042628,-10.902229348381693,173.88583329625828,-1678436.1685517263,153.2378467771423,123688.4166500109,-0.010415541070627013,4581.454659995503
87.88601151350663,2001.0,12.0,14.0,14.0,22.0,55.0,1.0,3506826.8468787307,24325.36935846604,-386639.56903836346,291.71528779793505,-286.6127121601391,4555.621468854794,3528160.485852368,4573.940491895094,3506910.33703892,2479.022673456495,-386639.56903836346,3528160.485852368,290.09988461577996,-537.0024802530841,4555.621468854794,4596.326421648354,12758292.403064696,0.7241637412939707,1.6336275956426416,8.429369702178808e-08,3.2521762969438386e-06,6.173156805735453,-0.10980726590335603,0.0007068963909197184,131960.48585236818,-0.046204263829856124,-0.045979071666307963,1359.3767377734184,-16088564344.353205,-1012197235.7830979,-196332918.6246085,-16088320115.12923,-1883938713.2066083,16120373628.006332,16199438750.059399,-0.9939769891707989,-0.0007026388633388903,0.1095867295687813,-0.0007068963320467367,0.9999997501487566,0.0,0.10958670218840065,7.746645717316916e-05,0.9939772375172475,4559.933532767194,-537.2074166267088,-0.11726981452376782,2.038303637962466e-09,166.32995957819483,0.0,-73.3149797890974,3.8,0.0,3.002084393748871e-17,2.290277587928052,1.5707963267948966,18.334609161116195,461.0,0.009910988299942464,0.3150281385936244,0.0,0.02165191331004552,-1576.5147809897712,-10.935613881475321,173.81610844202984,-0.034387165891118066,0.07222772937041369,-0.5395801319482313,-0.0348364432876926,0.07201211208603989,-0.5395801319482313,-7.134378788501432e-18,3.3300224822198606e-20,4.591278512465185e-19,-7.134447799858637e-18,-1.1144231002631456e-20,4.591278512465185e-19,-1576.549617433059,-10.863601769389282,173.2765283100816,-1678437.781756444,153.42633121352253,123679.46636159427,-0.01031391046063405,4581.461578504108
87.96950541086387,2001.0,12.0,14.0,14.0,22.0,55.0,1.0,3506851.191404673,24301.438863982028,-386259.2011373115,291.42974828052496,-286.6146787451504,4555.652836431066,3528142.8555332716,4573.953655027284,3506934.5464843367,2434.1860924011326,-386259.2011373115,3528142.8555332716,289.8094532930212,-537.0060981933653,4555.652836431066,4596.339612648013,12758288.972737044,0.7241636671715889,1.6336275941442808,8.429369702178808e-08,3.258724172210502e-06,6.173264926479811,-0.10969935456210823,0.0006941063966889008,131942.85553327156,-0.04615887496555758,-0.04593390469802722,1362.0437268912792,-16088563998.822845,-1012197189.842483,-196334239.7177857,-16088317881.780466,-1883950687.5677252,16120373280.273178,16199437940.622803,-0.9939888179369853,-0.000689934107566971,0.10947946751405827,-0.0006941063409540453,0.9999997591081647,0.0,0.10947944114134842,7.599039260578025e-05,0.9939890573808337,4559.956438318203,-537.20712741218,-0.11726916828378606,2.0426075050138948e-09,166.2910694165895,0.0,-73.28213883317895,3.8,0.0,3.002015778986232e-17,2.290266382286934,1.5707963267948966,18.336805599724272,461.0,0.009931997275335128,0.31585656943718843,0.0,0.021697714232094177,-1576.549359284547,-10.925019563022113,173.64771495390178,-0.034425065839837454,0.07237655723860541,-0.5407215667329026,-0.034875696692387825,0.07216049456600777,-0.5407215667329026,-7.149336558267808e-18,3.342342944105989e-20,4.596366591871955e-19,-7.14940598099377e-18,-1.1156520546961446e-20,4.596366591871955e-19,-1576.5842349812394,-10.852859068456105,173.10699338716887,-1678438.233038867,153.61481564990277,123670.60382110332,-0.010212280311488554,4581.468427969015
88.01607138738754,2001.0,12.0,14.0,14.0,22.0,56.0,1.0,3506864.7584076114,24288.092346060817,-386047.0623072357,291.2704952792333,-286.61577469897526,4555.670317333954,3528133.030301881,4573.960990647401,3506948.0379731352,2409.179832122637,-386047.0623072357,3528133.030301881,289.6474720387671,-537.0081129001551,4555.670317333954,4596.3469637981725,12758287.056665886,0.7241636257691477,1.6336275933074054,8.429369702178808e-08,3.262367545706038e-06,6.1733252277361546,-0.1096391700894051,0.0006869732391373429,131933.03030188102,-0.04613356060136703,-0.045908714089222265,1363.532163321972,-16088563805.821384,-1012197164.1825571,-196334975.36993656,-16088316636.712044,-1883957360.758916,16120373086.041368,16199437489.086365,-0.9939954099953728,-0.0006828483539115582,0.10941964460852657,-0.0006869731851032085,0.9999997640338937,0.0,0.10941961878919908,7.516836176958061e-05,0.9939956445446548,4559.969203364949,-537.2069662308652,-0.117268808142099,2.044818182076769e-09,166.27878787735128,0.0,-73.25757575470256,3.8,0.0,3.001993712050286e-17,2.290262778482807,1.5707963267948966,18.337512103845974,461.0,0.009942793064138972,0.3163193060022593,0.0,0.02172123577850281,-1576.5686298301107,-10.919110689801387,173.55379519911205,-0.03444297792832785,0.07245216269989065,-0.5413084862315469,-0.034894318295996346,0.07223587169211984,-0.5413084862315469,-7.157050909999298e-18,3.348930795688341e-20,4.598792105530374e-19,-7.157120556730975e-18,-1.116236928658502e-20,4.598792105530374e-19,-1576.6035241484067,-10.846874818109267,173.0124867128805,-1678438.485110877,153.80330008628303,123661.829028538,-0.010110650618600543,4581.475208387104
88.1282420615862,2001.0,12.0,14.0,14.0,22.0,56.0,1.0,3506897.408899789,24255.942313418353,-385536.0473362991,290.88686993340485,-286.61841221034996,4555.712387092666,3528109.384795384,4573.9786443781295,3506980.5060411096,2348.9429982469974,-385536.0473362991,3528109.384795384,289.25727470047804,-537.0129569796035,4555.712387092666,4596.364654902904,12758282.432522496,0.7241635258505581,1.6336275912879756,8.429369702178808e-08,3.2712376320227143e-06,6.173470486071676,-0.10949419305672924,0.0006697906198623528,131909.38479538402,-0.046072581336678554,-0.04584803293386611,1367.1204607635736,-16088563340.044096,-1012197102.2602835,-196336744.0886059,-16088313639.015282,-1883973420.469062,16120372617.295073,16199436401.104773,-0.9940112744674724,-0.0006657795272362924,0.10927553692008292,-0.0006697905697821679,0.9999997756902712,0.0,0.10927551240851686,7.319172413695466e-05,0.9940114974339218,4559.999923778828,-537.206578317208,-0.11726794142873952,2.0501384210385928e-09,166.24923099423003,0.0,-73.19846198846007,3.8,0.0,3.0019406028895774e-17,2.290254105098653,1.5707963267948966,18.339212699653963,461.0,0.009968774736171297,0.3174360551632198,0.0,0.021777843327070785,-1576.6150075487753,-10.904876366363508,173.3275449230039,-0.03448586973651149,0.072634090906616,-0.5427209879935058,-0.03493892005842389,0.07241725097285356,-0.5427209879935058,-7.175616136687632e-18,3.3648181148633374e-20,4.604601147660093e-19,-7.175686324652188e-18,-1.117637625101415e-20,4.604601147660093e-19,-1576.6499464688338,-10.832459115390655,172.7848239350104,-1678439.0934482664,153.99178452266327,123653.14198389836,-0.010009021377379974,4581.481919755236
88.30257104497132,2001.0,12.0,14.0,14.0,22.0,56.0,1.0,3506948.0669424096,24205.97606018926,-384741.8489358858,290.29063986254175,-286.62250431160766,4555.777659458039,3528072.698206591,4574.006033881747,3507030.879107764,2255.3254209498837,-384741.8489358858,3528072.6982065905,288.65083075407387,-537.0204599557479,4555.777659458039,4596.392102391078,12758275.222114053,0.7241633700474575,1.633627588139786,8.560065398421929e-08,3.2849541412562176e-06,6.173696241758914,-0.10926887452072966,0.0006430867556601328,131872.69820659095,-0.04597780920682928,-0.04575372410933662,1372.704904511571,-16088562613.76528,-1012197005.7167946,-196339483.512203,-16088308984.38984,-1883998337.3338404,16120371886.387419,16199434709.429256,-0.9940358884584428,-0.0006392514026415394,0.10905156493273506,-0.0006430867113342457,0.9999997932197194,0.0,0.10905154238302187,7.012961225844554e-05,0.9940360940055052,4560.047587032453,-537.2059764239801,-0.11726659672240924,2.058306175448038e-09,166.20770916168846,0.0,-73.10770916168846,3.803854580844234,0.0,3.0018656649382047e-17,2.290241866802448,1.5707963267948966,18.34161282534823,461.0,0.010008665761020955,0.31917741275497935,0.0,0.021864788438022312,-1576.686966576081,-10.882752250342858,172.97588875973406,-0.034550455470565,0.07291343203595761,-0.5448908166447117,-0.03500614778493677,0.07269575064434558,-0.5448908166447117,-7.204146622701869e-18,3.3894281057658375e-20,4.613362673228804e-19,-7.204217653509226e-18,-1.1197523885399181e-20,4.613362673228804e-19,-1576.721972723866,-10.810056499698511,172.43099794308935,-1678440.0420272257,154.18026895904353,123644.54268718435,-0.00990739258323654,4581.488562070245
88.35937931435454,2001.0,12.0,14.0,14.0,22.0,56.0,1.0,3506964.552332417,24189.693493924253,-384483.0424879498,290.0963415705853,-286.6238359664685,4555.798900735199,3528060.75947513,4574.014946923197,3507047.271248514,2224.8181487230067,-384483.0424879498,3528060.75947513,288.45320406515765,-537.0228982577453,4555.798900735199,4596.401034301582,12758272.866111096,0.7241633191386344,1.6336275871112977,8.560065398421929e-08,3.289446099666547e-06,6.173769809360501,-0.10919544936403548,0.0006343849050759733,131860.75947513012,-0.04594692551566642,-0.045722991395040546,1374.5267866551876,-16088562376.455017,-1012196974.1742476,-196340373.7315466,-16088307468.694729,-1884006445.8562553,16120371647.564869,16199434157.946491,-0.9940438984305524,-0.0006306065287418669,0.1089785773828763,-0.000634384862525219,0.9999997987779029,0.0,0.10897855545397842,6.913435983122992e-05,0.9940440984541905,4560.0630977807195,-537.2057805430774,-0.11726615912688564,2.061376134966541e-09,166.17359850037175,0.0,-73.07359850037176,3.786799250185883,0.0,3.001805793124597e-17,2.2902320889932626,1.5707963267948966,18.3435308774784,461.0,0.010023648990115985,0.3197464069342513,0.0,0.02189728108049131,-1576.7103845863362,-10.875542185467658,172.86128694540565,-0.034577759061321565,0.0730178827058429,-0.5457002288229386,-0.03503439774712308,0.07279988730103512,-0.5457002288229386,-7.214729152402459e-18,3.398087909729974e-20,4.617010674745062e-19,-7.214800472874657e-18,-1.1206216031845409e-20,4.617010674745062e-19,-1576.7454189840832,-10.802742298166624,172.31558671658271,-1678440.3519758936,154.36875339542377,123636.03113839599,-0.009805764231579844,4581.495135328945
88.48941755087155,2001.0,12.0,14.0,14.0,22.0,56.0,1.0,3507002.2470305427,24152.42123770169,-383890.61127384804,289.6515678594801,-286.6268808275306,4555.847470014021,3528033.4609457897,4574.035326668295,3507084.751780557,2154.9842757559777,-383890.61127384804,3528033.46094579,288.0008113762506,-537.0284673420373,4555.847470014021,4596.421457190613,12758267.459866488,0.7241632023195724,1.6336275847516213,8.560065398421929e-08,3.2997577625817685e-06,6.173938212775626,-0.10902737199639849,0.000614465904607503,131833.46094579063,-0.04587622964636982,-0.045652641123485806,1378.7020990401506,-16088561831.909592,-1012196901.8006083,-196342406.93876958,-16088304001.050795,-1884024986.3072627,16120371099.549623,16199432895.012701,-0.9940622135824027,-0.0006108174141801571,0.10881149952895719,-0.0006144658659403576,0.9999998112158319,0.0,0.10881147898706878,6.68609522823295e-05,0.994062401245646,4560.098563751636,-537.2053326275187,-0.11726515855197467,2.0683957567966928e-09,166.09560270225896,0.0,-72.99560270225898,3.747801351129486,0.0,3.001668873018068e-17,2.2902097282429428,1.5707963267948966,18.347918807859077,461.0,0.010057909538804087,0.32105209042558297,0.0,0.021971575870875608,-1576.7639324612549,-10.859036865877314,172.59893984374625,-0.03463986019063019,0.07325666580601993,-0.547550954106239,-0.03509866639894624,0.0730379532575823,-0.547550954106239,-7.238924789851371e-18,3.417937854251647e-20,4.6253085318000605e-19,-7.238996775818665e-18,-1.122598455531842e-20,4.6253085318000605e-19,-1576.7990311276537,-10.785998912619732,172.05138888964,-1678441.0632056221,154.55723783180403,123627.60733753329,-0.009704136317819259,4581.50163952813
88.72414042479762,2001.0,12.0,14.0,14.0,22.0,56.0,1.0,3507070.140654421,24085.1427084997,-382821.2393899121,288.84869987748175,-286.63236493499,4555.934950327686,3527984.292325738,4574.072032190406,3507152.2563201063,2028.930234711326,-382821.2393899121,3527984.292325738,287.18419078590694,-537.0384761305629,4555.934950327686,4596.458240417216,12758257.655193996,0.7241629904577584,1.6336275804734353,8.688795409866128e-08,3.3183785268489575e-06,6.1742421924629385,-0.10872398076847643,0.0005785120975886188,131784.29232573835,-0.04574861845527434,-0.04552565374918264,1386.2556093633175,-16088560844.341373,-1012196770.5663785,-196346060.86427394,-16088297748.539227,-1884058379.979632,16120370105.689922,16199430613.46419,-0.9940952015996936,-0.0005750961644372297,0.10850990471319433,-0.0005785120653195765,0.9999998326618812,0.0,0.108509886555351,6.27742890832605e-05,0.9940953679497423,4560.162442555212,-537.2045257828933,-0.11726335640610772,2.0810391162387083e-09,165.95512093068103,0.0,-72.87756046534051,3.7,0.0,3.0014221894049386e-17,2.290169441751637,1.5707963267948966,18.35582985665692,461.0,0.010119619935064677,0.32342015721672757,0.0,0.022105628552967445,-1576.8603848080425,-10.829240898043338,172.12534185142533,-0.034751037522786,0.07368969127590572,-0.5508899527506353,-0.03521377998106426,0.07346968700555062,-0.5508899527506353,-7.282577107644263e-18,3.4538790641505996e-20,4.640169272890211e-19,-7.282650302905798e-18,-1.1261546489906651e-20,4.640169272890211e-19,-1576.8955985880236,-10.755771211037787,171.5744518986747,-1678442.3530811965,154.74572226818427,123619.27128459625,-0.009602508837364038,4581.508074664571
89.01372632508,2001.0,12.0,14.0,14.0,22.0,57.0,1.0,3507153.6437352677,24002.137040113194,-381501.8892815062,287.85810565695965,-286.6391096594905,4556.042543236117,3527923.81931263,4574.117174270487,3507235.274925851,1873.409685534662,-381501.8892815062,3527923.8193126307,286.17662926385435,-537.0507470424736,4556.042543236117,4596.503478059505,12758245.476561394,0.7241627272974591,1.6336275751607046,8.688795409866128e-08,3.3413839684853357e-06,6.174617234490169,-0.10834966463209526,0.0005341556412690651,131723.8193126307,-0.045591174625285606,-0.04536897954870741,1395.606274664402,-16088559617.676569,-1012196607.5794008,-196350540.40854144,-16088290046.43297,-1884099450.52168,16120368871.211678,16199427795.213293,-0.9941357734899133,-0.0005310232821012761,0.1081377911827577,-0.000534155615867984,0.9999998573388789,0.0,0.10813777575569916,5.776240844782939e-05,0.9941359153144576,4560.241006748895,-537.2035332798634,-0.11726113998827754,2.0965893196092473e-09,165.7911704466153,0.0,-72.78234089323058,3.7,0.0,3.001133892614601e-17,2.2901223593127598,1.5707963267948966,18.36508437622497,461.0,0.010195522838448138,0.32636165043204546,0.0,0.022271123648188923,-1576.979021117336,-10.792474587434691,171.54095230136897,-0.03488702789024115,0.07422922873542198,-0.5550120069455513,-0.035354679902746704,0.07400763286745753,-0.5550120069455513,-7.336497560255649e-18,3.49845055325972e-20,4.658376118519973e-19,-7.336572261764828e-18,-1.1305537022978995e-20,4.658376118519973e-19,-1577.0143757972387,-10.718466954567234,170.98594029442341,-1678443.9552711528,154.93420670456453,123611.02297958486,-0.009500881785623215,4581.5144407350135
89.31372632507998,2001.0,12.0,14.0,14.0,22.0,57.0,1.0,3507239.847224414,23916.14426222081,-380135.0598480806,286.8318090906445,-286.6460722280324,4556.153615509891,3527861.3906502626,4574.163773363807,3507320.971335425,1712.2925658263578,-380135.0598480806,3527861.390650262,285.1327549620493,-537.0633692069538,4556.153615509891,4596.550175797064,12758232.764523825,0.7241624526095501,1.6336275696176705,8.688795409866128e-08,3.365353936633833e-06,6.175005777202221,-0.10796187377931181,0.00048820522666221175,131661.3906502626,-0.045428062530462596,-0.04520666476626048,1405.3277531415224,-16088558337.306875,-1012196437.4937282,-196355148.03109673,-16088282081.175707,-1884141848.4522042,16120367582.688786,16199424871.665245,-0.9941776569313989,-0.00048536276690585754,0.1077522662470629,-0.0004882052072687196,0.9999998808278306,0.0,0.10775225340599158,5.26052174768216e-05,0.9941777754097212,4560.322110424265,-537.2025084996824,-0.11725885196427034,2.1126424042181866e-09,165.7019866432323,0.0,-72.60397328646458,3.7,0.0,3.000974269188291e-17,2.2900962908289455,1.5707963267948966,18.370212550059613,461.0,0.010273892160322526,0.3294320693786884,0.0,0.022441872457159825,-1577.1015039077556,-10.754379149025974,170.93543660805483,-0.035025296020876576,0.074776779892367,-0.5592716703350227,-0.03549798540132749,0.0745535458906461,-0.5592716703350227,-7.3924619458095e-18,3.544977404898776e-20,4.677046984511956e-19,-7.392538229254285e-18,-1.1350583052439771e-20,4.677046984511956e-19,-1577.137001893157,-10.679825603135328,170.3761649377198,-1678445.6276377738,155.12269114094477,123602.8624224991,-0.009399255158005685,4581.52073773619
89.42846729977516,2001.0,12.0,14.0,14.0,22.0,57.0,1.0,3507272.736065166,23883.25406007151,-379612.2799096454,286.4392604530795,-286.6487285511972,4556.195992388673,3527837.5725121945,4574.181551334352,3507353.664839348,1650.6691156709458,-379612.2799096454,3527837.5725121945,284.7334833018612,-537.0681725789524,4556.195992388673,4596.567991400661,12758227.876547758,0.7241623469873466,1.633627567487033,8.688795409866128e-08,3.3745126342904856e-06,6.175154386698039,-0.10781355181075383,0.0004706308948389893,131637.5725121945,-0.04536567538070217,-0.04514458256595929,1409.0551772862673,-16088557844.990395,-1012196372.1055385,-196356901.4500233,-16088279038.393597,-1884158024.1304438,16120367087.238043,16199423752.401102,-0.9941936363985545,-0.00046789827528694706,0.10760480665761525,-0.00047063087746538023,0.9999998892532824,0.0,0.10760479474073611,5.064214457676605e-05,0.9941937465022486,4560.353053213894,-537.2021174695053,-0.11725797904341259,2.1190874609757756e-09,165.63592146341287,0.0,-72.53592146341289,3.7,0.0,3.0008580874253277e-17,2.290077316907151,1.5707963267948966,18.373946950781917,461.0,0.010305348442221746,0.33061271185727265,0.0,0.022510421856441483,-1577.1482368825693,-10.739806928764716,170.70381547520049,-0.035082575346500534,0.07499664336914694,-0.5609794870817315,-0.035557263610700045,0.07477275315314452,-0.5609794870817315,-7.414797448900295e-18,3.5632991772813394e-20,4.684708639229747e-19,-7.414874352438896e-18,-1.1369074934308923e-20,4.684708639229747e-19,-1577.18379414618,-10.665034175611572,170.14283598811875,-1678446.2706896234,155.31117557732503,123594.78961333903,-0.00929762894992009,4581.526965664805
89.56039607059047,2001.0,12.0,14.0,14.0,22.0,57.0,1.0,3507310.495870837,23845.436644434027,-379011.1833625642,285.98789502124475,-286.6517782322166,4556.244645398178,3527810.2268132833,4574.20196173955,3507391.1990940217,1579.814008401917,-379011.1833625642,3527810.2268132833,284.2743877164883,-537.0736789090847,4556.244645398178,4596.588445010941,12758222.237995256,0.7241622251459574,1.6336275650297714,8.815645848363069e-08,3.3851227343151137e-06,6.175325259829699,-0.1076430092512188,0.0004504242075909294,131610.22681328328,-0.04529394170763911,-0.04507319952371309,1413.3476083129644,-16088557277.079702,-1012196296.685697,-196358911.47971174,-16088275542.276928,-1884176595.3307166,16120366515.712368,16199422464.666311,-0.99421198238951,-0.00044781717462987896,0.1074352527474047,-0.00045042419236043807,0.9999998985590183,0.0,0.10743524184906719,4.8391436949789296e-05,0.9942120832433597,4560.388578496472,-537.2016684892994,-0.11725697685246254,2.126509864965968e-09,165.55779089509508,0.0,-72.45779089509507,3.7,0.0,3.00072073803319e-17,2.290054886049171,1.5707963267948966,18.37836376452462,461.0,0.010341575086162428,0.33197466521148783,0.0,0.022589366636392463,-1577.2018929977683,-10.72305057086817,170.43747811051364,-0.03514824875492302,0.07524979250538176,-0.562946129669915,-0.035625241969634784,0.0750251477655721,-0.562946129669915,-7.440509281262868e-18,3.5844368188520605e-20,4.693489100009241e-19,-7.440586901926401e-18,-1.1390266502106809e-20,4.693489100009241e-19,-1577.237518239738,-10.648025423102597,169.87453198084373,-1678447.012486346,155.49966001370527,123586.8045521046,-0.00919600315677499,4581.533124517544
89.72670043364603,2001.0,12.0,14.0,14.0,22.0,57.0,1.0,3507358.0095926486,23797.764883843043,-378253.45490655897,285.4188991338187,-286.6556156077038,4556.305866115719,3527775.8173126476,4574.227643607465,3507438.427041825,1490.4957368617204,-378253.45490655897,3527775.8173126476,283.69564742416765,-537.0805947223962,4556.305866115719,4596.614181242026,12758215.10214291,0.724162070949516,1.6336275619207752,8.815645848363069e-08,3.3985102868450386e-06,6.175540659698386,-0.10742802604993575,0.00042495276200714025,131575.81731264805,-0.04520351523787108,-0.04498321504724809,1418.7687162458897,-16088556558.367931,-1012196201.2513833,-196361436.04773223,-16088271138.950502,-1884199963.500861,16120365792.426472,16199420840.153856,-0.9942350672707101,-0.00042250296335358825,0.10722151136993191,-0.00042495274921713525,0.9999999097075764,0.0,0.10722150168864178,4.556407603186889e-05,0.9942351570426121,4560.433280090035,-537.2011034734014,-0.11725571580024939,2.135849586566954e-09,165.45947803613734,0.0,-72.37973901806866,3.6797390180686644,0.0,3.000547869160321e-17,2.290026654419776,1.5707963267948966,18.383925920673505,461.0,0.010387160904600781,0.3336983090309795,0.0,0.022688533891043205,-1577.2694120232568,-10.701926214303475,170.10171268074367,-0.035229788480377965,0.07557046502963986,-0.5654161707348844,-0.035709703919769374,0.0753448752545958,-0.5654161707348844,-7.47280332117388e-18,3.6111268938379466e-20,4.704397212431803e-19,-7.47288185139297e-18,-1.141647113820252e-20,4.704397212431803e-19,-1577.3051217271766,-10.62658133904888,169.53629651000878,-1678447.9512657896,155.68814445008553,123578.90723879581,-0.009094377773978642,4581.539214291072
89.97652155730685,2001.0,12.0,14.0,14.0,22.0,57.0,1.0,3507429.206491965,23726.151537257178,-377115.1819908205,284.5641121533409,-286.66136554229706,4556.397602075579,3527724.256416251,4574.266124813934,3507509.1916080113,1356.320366800368,-377115.1819908205,3527724.256416251,282.8262223314777,-537.0909306615025,4556.397602075579,4596.652743903679,12758204.324288715,0.7241618380532158,1.633627557225804,8.815645848363069e-08,3.4186394568066813e-06,6.175864239519914,-0.10710507206235102,0.00038669044758091187,131524.25641625095,-0.04506767364746355,-0.04484803741891564,1426.9346199333668,-16088555472.852604,-1012196057.1229373,-196365209.19509622,-16088264532.207106,-1884234978.9901345,16120364700.00331,16199418397.266777,-0.9942696584713296,-0.0003844745984138308,0.10690041357538663,-0.0003866904379439736,0.9999999252352498,0.0,0.10690040558300391,4.133736774185815e-05,0.9942697328076578,4560.500262332571,-537.2002567018087,-0.11725382621733894,2.149844687017602e-09,165.31216118928842,0.0,-72.3060805946442,3.6060805946441996,0.0,3.000288750195208e-17,2.289984337081373,1.5707963267948966,18.392269752116373,461.0,0.010455471643518274,0.33630177792715443,0.0,0.022836762137498412,-1577.3705915752435,-10.670189327515644,169.59726417509629,-0.035349647875357014,0.07605560339980348,-0.5691073987855697,-0.035833989141196926,0.0758286069742054,-0.5691073987855697,-7.521065481767518e-18,3.651312107956974e-20,4.720445463491884e-19,-7.521145390002934e-18,-1.145475811421692e-20,4.720445463491884e-19,-1577.4064255643846,-10.594360720541438,169.0281567763107,-1678449.3691821974,155.87662888646577,123571.0976734127,-0.008992752796939198,4581.5452349820325
90.03151254023075,2001.0,12.0,14.0,14.0,22.0,58.0,1.0,3507444.8497785395,23710.387712259697,-376864.6206538281,284.37594785419907,-286.66262888135327,4556.417758146688,3527712.927524577,4574.274579566649,3507524.739237721,1326.7851462676988,-376864.6206538281,3527712.927524577,282.63483584736633,-537.0931972864636,4556.417758146688,4596.661216552766,12758201.942446416,0.7241617865843496,1.6336275561883675,8.815645848363069e-08,3.423085720006186e-06,6.175935467629916,-0.10703398169891752,0.0003782682038257599,131512.9275245769,-0.04503777141509208,-0.04481828133932077,1428.7356828153133,-16088555232.962227,-1012196025.2735438,-196366036.64941534,-16088263079.19676,-1884242672.4605772,16120364458.58647,16199417859.124334,-0.9942772587504669,-0.0003761034907108255,0.10682973030866116,-0.0003782681948048933,0.9999999284565838,0.0,0.1068297226656973,4.0410289235350854e-05,0.9942773298844637,4560.514979446034,-537.2000706301264,-0.1172534110471203,2.152591306970201e-09,165.29115940572112,0.0,-72.28231881144221,3.6,0.0,3.0002514319932145e-17,2.2899782425564834,1.5707963267948966,18.393472072896934,461.0,0.010468885318262532,0.3368771473266097,0.0,0.022865931159781257,-1577.392823529374,-10.663202708028033,169.4862139026941,-0.0353706039807933,0.07614987131431016,-0.5698346476601353,-0.03585584197164158,0.07592259955808135,-0.5698346476601353,-7.530598448908281e-18,3.6596489165099857e-20,4.723276033150524e-19,-7.530678650342848e-18,-1.1461543937961772e-20,4.723276033150524e-19,-1577.4286793713457,-10.587280108469951,168.91637925503395,-1678449.6825336963,156.065113322846,123563.37585595521,-0.00889112822106456,4581.551186587052
90.06436729004706,2001.0,12.0,14.0,14.0,22.0,58.0,1.0,3507454.1910323747,23700.96947091267,-376714.9204905922,284.26352650306654,-286.6633832698034,4556.429794175312,3527706.162574296,4574.2796282099025,3507534.0232561324,1309.1390614177994,-376714.9204905922,3527706.162574296,282.5204893752422,-537.0945500289504,4556.429794175312,4596.666275882567,12758200.518122908,0.724161755806334,1.6336275555680295,8.815645848363069e-08,3.4256794092419544e-06,6.175978023582397,-0.10699150804252497,0.00037323629420206596,131506.1625742959,-0.045019906014893425,-0.04480050325922965,1429.812057837844,-16088555089.509958,-1012196006.2285349,-196366530.48592368,-16088262211.339802,-1884247266.5402784,16120364314.221432,16199417537.571648,-0.9942817971824945,-0.00037110207060513014,0.10678749961864441,-0.00037323628553643173,0.9999999303473351,0.0,0.10678749218061048,3.985696969938596e-05,0.9942818664368761,4560.523767630035,-537.199959516926,-0.11725316313294983,2.1541134207834245e-09,165.28270321786988,0.0,-72.26540643573972,3.6,0.0,3.000236200927728e-17,2.289975755134723,1.5707963267948966,18.393962835316103,461.0,0.01047632171467939,0.33722121447371617,0.0,0.02288212777812192,-1577.4060993072871,-10.65902839116178,169.41986435666462,-0.03538123341724591,0.07620173572831859,-0.570238818057394,-0.03586697910049978,0.0759743115555413,-0.570238818057394,-7.535906415868164e-18,3.66444300702461e-20,4.724722774999917e-19,-7.535986788478779e-18,-1.1465027319053954e-20,4.724722774999917e-19,-1577.4419662863877,-10.583054079606239,168.84962553860723,-1678449.86991556,156.25359775922627,123555.7417864234,-0.008789504041762439,4581.557069102733
90.11671704501784,2001.0,12.0,14.0,14.0,22.0,58.0,1.0,3507469.067469621,23685.962681589648,-376476.39200555254,284.0843957995083,-286.6645846668435,4556.448962184943,3527695.3890354373,4574.287668373649,3507548.8083655224,1281.0222369570768,-376476.39200555254,3527695.3890354373,282.33829123668323,-537.0967031772634,4556.448962184943,4596.674333065002,12758198.246518504,0.724161706719498,1.6336275545787338,8.940696716308596e-08,3.429954708557311e-06,6.176045831271987,-0.1069238314782817,0.0003652186327231135,131495.38903543772,-0.04499143967586144,-0.04477217605352304,1431.5277369618416,-16088554860.723423,-1012195975.8553089,-196367316.5281344,-16088260828.899918,-1884254582.8358796,16120364083.979216,16199417025.14797,-0.9942890248595349,-0.00036313289433624856,0.1067202097935363,-0.0003652186246040203,0.9999999333076759,0.0,0.10672020267611748,3.897620823824783e-05,0.9942890911709852,4560.537763248906,-537.1997825594345,-0.1172527683183703,2.1565374670265167e-09,165.26923629429714,0.0,-72.23847258859426,3.6,0.0,3.0002119440202344e-17,2.2899717936811004,1.5707963267948966,18.394744476681996,461.0,0.010488164665012026,0.337769957109083,0.0,0.022907921826321093,-1577.4272419246279,-10.652376989344107,169.3141422682546,-0.03539810747517734,0.07628432660660182,-0.5708824842409074,-0.03588466229082398,0.07605665987223223,-0.5708824842409074,-7.544359580549074e-18,3.6720860673077826e-20,4.727019742974688e-19,-7.544440226321511e-18,-1.1470557657937073e-20,4.727019742974688e-19,-1577.4631265869186,-10.576320329471875,168.7432597840137,-1678450.1687645074,156.4420821956065,123548.19546481723,-0.008687880254440382,4581.562882525658
90.21398840220569,2001.0,12.0,14.0,14.0,22.0,58.0,1.0,3507496.684556063,23658.078319878794,-376033.1782998989,283.7515457120206,-286.66681495858785,4556.484546292045,3527675.3886977592,4574.30259417659,3507576.255328798,1228.7779173899632,-376033.1782998989,3527675.3886977597,281.9997415124422,-537.1006965465251,4556.484546292045,4596.68929046135,12758194.018848922,0.7241616153641413,1.6336275527377682,8.940696716308596e-08,3.4378435372128676e-06,6.17617182619054,-0.10679808019574695,0.0003503210700711001,131475.38869775925,-0.044938545711910825,-0.04471954061435961,1434.7175077944994,-16088554434.931883,-1012195919.3313348,-196368774.39806712,-16088258261.427261,-1884268164.98223,16120363655.478725,16199416072.79431,-0.9943024424998523,-0.00034832510988023937,0.10659517582163688,-0.0003503210629055832,0.9999999386375745,0.0,0.10659516928069836,3.7342535294443356e-05,0.9943025035126656,4560.563745076867,-537.1994540379094,-0.11725203537789895,2.161037543004168e-09,165.24423587219906,0.0,-72.18847174439813,3.6,0.0,3.0001669106613166e-17,2.2899644391754665,1.5707963267948966,18.396195789399364,461.0,0.01051015061186239,0.33879122398080536,0.0,0.02295580697980029,-1577.4664925395193,-10.640017420916807,169.1176905349825,-0.03542925726894431,0.07643763161201443,-0.5720774181425293,-0.03591731615860969,0.07620951513456536,-0.5720774181425293,-7.560052134032713e-18,3.686301694491645e-20,4.731260929883184e-19,-7.560133288723541e-18,-1.1480768486044279e-20,4.731260929883184e-19,-1577.502409855678,-10.563807905782243,168.54561311683997,-1678450.7249508053,156.63056663198677,123540.73689113671,-0.008586256854505656,4581.568626852391
90.3796713799757,2001.0,12.0,14.0,14.0,22.0,58.0,1.0,3507543.6503890636,23610.582194090828,-375278.24135808024,283.1845807833875,-286.6706077514311,4556.545060930871,3527641.3759639733,4574.327976483054,3507622.930113415,1139.7889126421433,-375278.24135808024,3527641.375963974,281.42306829496874,-537.1074763063292,4556.545060930871,4596.714726493936,12758186.797499906,0.7241614593182112,1.6336275495938186,8.815645848363069e-08,3.4512517645059275e-06,6.176386437472762,-0.10658388387578215,0.0003249462371625268,131441.3759639738,-0.04484844953535945,-0.044629884786207163,1440.1561778336763,-16088553707.635841,-1012195822.7923912,-196371249.58811265,-16088253891.96348,-1884291262.7204323,16120362923.556139,16199414449.995018,-0.9943252605021143,-0.0003231022632879402,0.10638219744078453,-0.0003249462314440116,0.999999947204972,0.0,0.10638219182433344,3.456849415111571e-05,0.9943253129975471,4560.60792973601,-537.1988953152088,-0.1172507889507413,2.1686265240642465e-09,165.2039313256395,0.0,-72.10393132563951,3.6,0.0,3.000094140003594e-17,2.2899525548251756,1.5707963267948966,18.398541506981765,461.0,0.01054723054818838,0.3405356752286176,0.0,0.023036563685246952,-1577.5332448137667,-10.618963597631863,168.78304614454302,-0.03548067005538709,0.07669611018411857,-0.5740928198018822,-0.035971278778402956,0.07646723721961005,-0.5740928198018822,-7.586524887387955e-18,3.710452577851147e-20,4.738271405096246e-19,-7.586606910668456e-18,-1.1497642702266062e-20,4.738271405096246e-19,-1577.569216092545,-10.542496360412253,168.20895332474115,-1678451.6749822386,156.819051068367,123533.36606538185,-0.008484633837365387,4581.574302079478
90.42095698171512,2001.0,12.0,14.0,14.0,22.0,58.0,1.0,3507555.338918378,23598.746806076273,-375090.1213426937,283.04329827253855,-286.6715516634073,4556.560121395121,3527632.911111148,4574.334293328203,3507634.545867688,1117.614072508137,-375090.1213426937,3527632.911111148,281.279366619379,-537.1091613668258,4556.560121395121,4596.721056709695,12758184.993984323,0.7241614203460129,1.6336275488087493,8.940696716308596e-08,3.454595689935007e-06,6.176439915880216,-0.1065305088653086,0.00031862328303398387,131432.91111114807,-0.04482599868217256,-0.04460754366119484,1441.5125419050455,-16088553525.996313,-1012195798.6840903,-196371864.79745457,-16088252803.885052,-1884297011.0907407,16120362740.76127,16199414045.483397,-0.9943309392594478,-0.0003168169990102815,0.10632912516527869,-0.00031862327764283567,0.9999999492396022,0.0,0.10632911976797,3.387893436905642e-05,0.9943309897320843,4560.618926056061,-537.1987562566767,-0.11725047875198023,2.17092412697409e-09,165.17974603185166,0.0,-72.07974603185168,3.6,0.0,3.000051578571182e-17,2.289945604015776,1.5707963267948966,18.39991373563199,461.0,0.01055844636013826,0.3409713507280199,0.0,0.02306100156385512,-1577.5498581189233,-10.61371698477323,168.69965275827846,-0.03549998431917663,0.07677435135485194,-0.5747016015780128,-0.035991317884514186,0.0765452477267916,-0.5747016015780128,-7.594480463353245e-18,3.71714827091924e-20,4.740856004004802e-19,-7.594562718694154e-18,-1.150387768440855e-20,4.740856004004802e-19,-1577.5858494368078,-10.537171737046439,168.12495115670046,-1678451.9122506063,157.00753550474727,123526.08298755265,-0.008383011198426438,4581.579908203443
90.48167726097637,2001.0,12.0,14.0,14.0,22.0,58.0,1.0,3507572.519077911,23581.339987276213,-374813.4450674995,282.8355060909847,-286.67293904355114,4556.582257714015,3527620.4692100207,4574.34357791364,3507651.618812778,1085.0005790714304,-374813.4450674995,3527620.4692100207,281.0680164735987,-537.1116364934975,4556.582257714015,4596.730360947364,12758182.33799177,0.7241613629525686,1.6336275476526974,8.940696716308596e-08,3.459573426693091e-06,6.176518569036534,-0.10645200777379656,0.00030932391878584446,131420.46921002073,-0.044792979156764834,-0.04457468551730983,1443.5086061507463,-16088553258.501036,-1012195763.1820619,-196372768.47176397,-16088251204.076908,-1884305460.1902292,16120362471.564653,16199413450.399433,-0.9943392860508845,-0.00030757293437363645,0.10625106876971821,-0.0003093239138530927,0.999999952159357,0.0,0.10625106368659876,3.286599644292334e-05,0.9943393336207176,4560.635088732806,-537.198551856646,-0.11725002281468944,2.1743012144229414e-09,165.1441977429164,0.0,-72.0441977429164,3.6,0.0,2.999989015544693e-17,2.2899353866981733,1.5707963267948966,18.40193122285012,461.0,0.010574931863756687,0.3416129640359507,0.0,0.02309692123118123,-1577.5742772010137,-10.606000355949394,168.57699918433204,-0.035528286150966086,0.07688934083859908,-0.5755964096517457,-0.03602068607068801,0.07665989842424872,-0.5755964096517457,-7.606173484147016e-18,3.72700284728321e-20,4.7446434932805095e-19,-7.60625608144156e-18,-1.1513014236019751e-20,4.7446434932805095e-19,-1577.6102978870845,-10.529340457525146,168.0014027746803,-1678452.2616699599,157.1960199411275,123518.88765764909,-0.008281388933095499,4581.58544522079
90.72255871945957,2001.0,12.0,14.0,14.0,22.0,58.0,1.0,3507640.5496221427,23512.28512956114,-373715.8383240767,282.01114874485376,-286.6784327116151,4556.6699136550415,3527571.201367849,4574.3803420580825,3507719.221901541,955.6191653033512,-373715.8383240767,3527571.201367849,280.2295443479908,-537.1214184840131,4556.6699136550415,4596.7672029078,12758171.760897934,0.7241611343910603,1.6336275430500886,8.940696716308596e-08,3.4790940636443727e-06,6.1768305968402695,-0.10614058316623301,0.00027243319125848955,131371.20136784902,-0.0446619859383943,-0.044444332512552774,1451.440896421671,-16088552193.24957,-1012195621.8203881,-196376340.09112027,-16088244863.077408,-1884338916.834658,16120361399.539095,16199411087.900133,-0.9943723376983546,-0.00027090003596038004,0.1059414018855707,-0.0002724331878884981,0.9999999628900784,0.0,0.10594139795409359,2.886195384506257e-05,0.9943723745994355,4560.699089609644,-537.1977423795867,-0.11724821740747528,2.187673914440984e-09,165.0034324795686,0.0,-71.9034324795686,3.6,0.0,2.999741218866171e-17,2.2898949184294946,1.5707963267948966,18.409926490845756,461.0,0.01064021354196116,0.344168136097534,0.0,0.023239158510395857,-1577.6709765868206,-10.575385167712948,168.09037963659722,-0.03563933882296616,0.07734454200496307,-0.5791397216293073,-0.036135972560926086,0.07711376100782322,-0.5791397216293073,-7.652472032611514e-18,3.7661781073657166e-20,4.759507360957344e-19,-7.652555994131182e-18,-1.1548867562522048e-20,4.759507360957344e-19,-1577.7071125593816,-10.498271406705125,167.51123991496792,-1678453.6531818006,157.38450437750777,123511.78007567118,-0.008179767036778996,4581.590913128007
90.83163347457656,2001.0,12.0,14.0,14.0,22.0,58.0,1.0,3507671.2895600824,23481.015614452444,-373218.8185107861,281.6378506946022,-286.68091498550103,4556.7095213272005,3527548.9394463357,4574.396953448046,3507749.767162847,897.0325376412859,-373218.8185107861,3527548.9394463357,279.8498548636919,-537.1258284715137,4556.7095213272005,4596.783849457401,12758166.949749414,0.7241610304260981,1.6336275409570822,9.064022496787044e-08,3.4880496036710224e-06,6.176971890570831,-0.1059995625451844,0.00025572876562753076,131348.93944633612,-0.04460266890913062,-0.04438530538280589,1455.04032830894,-16088551708.708645,-1012195557.5292375,-196377950.38855514,-16088241994.656857,-1884354034.1835706,16120360911.917446,16199410017.163685,-0.9943872721191513,-0.00025429343519811783,0.10580117382279733,-0.0002557287628402065,0.9999999673013994,0.0,0.105801170363247,2.7056403288745606e-05,0.9943873046342246,4560.728008391195,-537.1973765654161,-0.11724740163972999,2.1940173010468254e-09,164.93982698953175,0.0,-71.86991349476588,3.6,0.0,2.9996292205133306e-17,2.2898766277104206,1.5707963267948966,18.413542526244033,461.0,0.0106711756991563,0.3453304017357284,0.0,0.02330666611731616,-1577.714672739478,-10.561520680688584,167.8700076200152,-0.03569391029715603,0.07756468943718742,-0.5808209451624774,-0.03619255648492424,0.07733327314212378,-0.5808209451624774,-7.67445509736135e-18,3.784481982578527e-20,4.7668173096600565e-19,-7.67453969219907e-18,-1.1566532076080437e-20,4.7668173096600565e-19,-1577.7508652959627,-10.484187407546461,167.28918667485271,-1678454.2861324307,157.572988813888,123504.76024161893,-0.008078145504883186,4581.596311921559
91.06799172628222,2001.0,12.0,14.0,14.0,22.0,59.0,1.0,3507737.761390565,23413.255579811695,-372141.79248598515,280.8289013989275,-286.68628248471407,4556.795168421463,3527500.800416184,4574.432872321445,3507815.814748988,770.0772901874577,-372141.79248598515,3527500.8004161846,279.0270556218687,-537.1353430392467,4556.795168421463,4596.819844355453,12758156.476564538,0.7241608041084119,1.633627536401508,9.064022496787044e-08,3.5073484511043764e-06,6.177278071397198,-0.10569397345996993,0.0002195318450240434,131300.8004161846,-0.04447412974798235,-0.04425739441844444,1462.858097821474,-16088550653.942513,-1012195417.5869648,-196381424.89096248,-16088235784.991795,-1884386723.3725746,16120359850.445654,16199407694.750929,-0.9944195659247267,-0.00021830676554250586,0.10549729498064998,-0.000219531843260682,0.9999999759028846,0.0,0.10549729243846949,2.3160015626117986e-05,0.9944195898873703,4560.790541404669,-537.1965854196745,-0.11724563765922962,2.20777130966155e-09,164.8022869033845,0.0,-71.80114345169224,3.6,0.0,2.9993869717284566e-17,2.2898370654815325,1.5707963267948966,18.42136892355047,461.0,0.010738310730301187,0.34786055839651164,0.0,0.02345304577470888,-1577.8091653734123,-10.531474060481758,167.39242524506957,-0.03581133235844227,0.07804244606857856,-0.5844663339911348,-0.03631435566002269,0.07780965548472236,-0.5844663339911348,-7.722118216493852e-18,3.8243054661051116e-20,4.782549605280864e-19,-7.722204194084713e-18,-1.1604550678968783e-20,4.782549605280864e-19,-1577.8454797290724,-10.453664404997035,166.80795891107843,-1678455.6639774237,157.76147325026827,123497.82815549235,-0.007976524332814015,4581.6016415978975
91.14007091299594,2001.0,12.0,14.0,14.0,22.0,59.0,1.0,3507757.994417557,23392.591407071668,-371813.34146020096,280.58219672878016,-286.6879162297265,4556.821238039331,3527486.147615724,4574.443805084897,3507835.917748184,731.360907548548,-371813.34146020096,3527486.1476157242,278.77612728089395,-537.1382332484588,4556.821238039331,4596.830800258512,12758153.269757673,0.7241607348115049,1.6336275350068745,9.064022496787044e-08,3.513199597144387e-06,6.177371445138775,-0.10560078016056745,0.00020849347406783276,131286.14761572378,-0.044434930016170285,-0.044218386260531865,1465.2468837350607,-16088550330.984142,-1012195374.741909,-196382480.41394934,-16088233892.955753,-1884396673.346197,16120359525.43432,16199406985.923342,-0.9944293955964016,-0.0002073320424072777,0.10540462128009054,-0.00020849347255731392,0.9999999782652357,0.0,0.10540461898914594,2.1976175514274624e-05,0.9944294172100907,4560.809575309238,-537.1963445767288,-0.11724510073824976,2.2117599328749726e-09,164.78021087960542,0.0,-71.76042175921081,3.5802108796054064,0.0,2.9993474390865433e-17,2.2898306093111596,1.5707963267948966,18.422646768838483,461.0,0.010757785594914668,0.34863526651112403,0.0,0.023495273598516168,-1577.837928701642,-10.522310270958824,167.2467694427168,-0.03584318886116447,0.07817812457078535,-0.5855196385181018,-0.03634748554548847,0.07794493982076607,-0.5855196385181018,-7.73594709692038e-18,3.836158710962196e-20,4.78685993282902e-19,-7.736033492292309e-18,-1.1614811582482549e-20,4.78685993282902e-19,-1577.8742761871877,-10.444365331138059,166.66124980419872,-1678456.0858631805,157.9499576866485,123490.98381729139,-0.007874903515977312,4581.606902153452
91.24535186890147,2001.0,12.0,14.0,14.0,22.0,59.0,1.0,3507787.5154104237,23362.408503696453,-371333.59296162304,280.2218446152465,-286.6902999126114,4556.859274862316,3527464.7684508655,4574.459756207531,3507865.2482715813,674.8102590747627,-371333.59296162304,3527464.7684508655,278.4096059276763,-537.1424452595884,4556.859274862316,4596.846785142068,12758148.575549942,0.7241606333727021,1.6336275329656176,9.064022496787044e-08,3.5218792818224184e-06,6.177507830918171,-0.10546465792242096,0.00019237063085109863,131264.76845086506,-0.04437767310496619,-0.044161409168279334,1468.7393961548805,-16088549858.231543,-1012195312.0282891,-196384018.7425978,-16088231130.83771,-1884411190.756035,16120359049.67679,16199405950.155075,-0.9944437375095623,-0.00019130177149043927,0.1052692563460242,-0.00019237062966460597,0.9999999814967703,0.0,0.10526925439820296,2.0250713127609493e-05,0.9944437559099836,4560.837346563062,-537.1959931519153,-0.1172443173508502,2.2175628490509116e-09,164.74966921552152,0.0,-71.69933843104303,3.5496692155215177,0.0,2.99929264040963e-17,2.28982166000807,1.5707963267948966,18.424418373849207,461.0,0.010786119885872773,0.34976934740776705,0.0,0.023556688805533254,-1577.8798968214778,-10.508924659024183,167.03400897989675,-0.03588910618750652,0.07837523118162172,-0.5870516972489134,-0.03639525839418881,0.0781414740847074,-0.5870516972489134,-7.756066173359867e-18,3.8534659074872415e-20,4.793077792384469e-19,-7.75615318040875e-18,-1.1629596830524248e-20,4.793077792384469e-19,-1577.916292079872,-10.430783184939475,166.44695728264784,-1678456.7034309637,158.13844212302874,123484.22722701612,-0.007773283049778577,4581.612093584634
91.54535186890145,2001.0,12.0,14.0,14.0,22.0,59.0,1.0,3507871.42793334,23276.400396806275,-369966.51895171346,279.19496215699155,-286.69707524712794,4556.967393051359,3527403.998817228,4574.505094672253,3507948.61448597,513.6657321790624,-369966.51895171346,3527403.9988172282,277.36514395912843,-537.154385519324,4556.967393051359,4596.892219565237,12758135.132174766,0.7241603428688624,1.633627527121729,9.185692672385244e-08,3.5465389735059316e-06,6.177896473650045,-0.10507676606953553,0.00014642909146007555,131203.99881722825,-0.04421451430671232,-0.043999047722851514,1478.7130365371704,-16088548504.366817,-1012195132.4593922,-196388380.15776312,-16088223269.501358,-1884452455.4173281,16120357687.208447,16199402995.848778,-0.9944845035221989,-0.0001456214633626597,0.10488351180521617,-0.0001464290909367995,0.9999999892792606,0.0,0.10488351068078737,1.5357997287896883e-05,0.9944845141838082,4560.916284453455,-537.1949940865193,-0.11724209064148193,2.23405746389519e-09,164.6257109063664,0.0,-71.52571090636641,3.5,0.0,2.999072597648182e-17,2.289785724298019,1.5707963267948966,18.43153576289494,461.0,0.010866658770993525,0.3530172717752901,0.0,0.02373163194044805,-1577.9991963709629,-10.470777471513147,166.42767033622889,-0.036018545478708745,0.07893553640250037,-0.5914132078358315,-0.03652999237506156,0.0787001536379073,-0.5914132078358315,-7.81320617047174e-18,3.9028640993567915e-20,4.810529503367564e-19,-7.813294930890944e-18,-1.1671333657458724e-20,4.810529503367564e-19,-1578.035726363338,-10.39207731787524,165.83625712839304,-1678458.4720376562,158.326926559409,123477.55838466648,-0.007671662929623103,4581.617215887841
91.78578353431082,2001.0,12.0,14.0,14.0,22.0,59.0,1.0,3507938.4563016742,23207.468690625963,-368870.8693048692,278.3719226062004,-286.7024870799806,4557.053756264577,3527355.456716112,4574.541308249211,3508015.2012143424,384.515665074526,-368870.8693048692,3527355.456716112,276.52801534799806,-537.1638887056519,4557.053756264577,4596.928509786374,12758124.28637868,0.7241601084960038,1.6336275224091843,9.185692672385244e-08,3.5663618737761595e-06,6.178207956610245,-0.10476588480066071,0.00010961060356907862,131155.45671611186,-0.0440837480381185,-0.043868920487670854,1486.7289491295815,-16088547412.116323,-1012194987.6234306,-196391852.03016737,-16088216979.13562,-1884485416.4765692,16120356588.018984,16199400625.091175,-0.994517066471159,-0.00010900961635221797,0.10457434013420344,-0.0001096106033495928,0.9999999939927579,0.0,0.10457433950600006,1.1462456516995576e-05,0.9945170724454638,4560.979337999056,-537.1941958813836,-0.11724031201976036,2.247298081110893e-09,164.49350959444553,0.0,-71.39350959444553,3.5,0.0,2.9988393515533493e-17,2.2897476323199895,1.5707963267948966,18.439086435563603,461.0,0.010931308071774259,0.3556376980475347,0.0,0.023872476949828372,-1578.094498346806,-10.440199883051497,165.94164826486838,-0.03612187177761191,0.07938636294750327,-0.5949221510188709,-0.03663759077215919,0.07914967583738264,-0.5949221510188709,-7.859056137659425e-18,3.9426679716352105e-20,4.824391868949941e-19,-7.85914631729171e-18,-1.1704757831151123e-20,4.824391868949941e-19,-1578.1311359375782,-10.361050207214113,165.3467261138495,-1678459.898910284,158.51541099578924,123470.97729024249,-0.0075700431509159805,4581.622269059446
91.90707853053898,2001.0,12.0,14.0,14.0,22.0,59.0,1.0,3507972.196240274,23172.69294828764,-368318.11884954537,277.9566897992217,-286.70521114320036,4557.097228598403,3527331.0221704673,4574.559536217673,3508048.7170651467,319.3600836653129,-368318.11884954537,3527331.0221704673,276.10567472075365,-537.1686605942223,4557.097228598403,4596.946776332834,12758118.789988648,0.7241599897210198,1.633627520021525,9.185692672385244e-08,3.576402860712861e-06,6.178365099382926,-0.10460904554236243,9.103638761614632e-05,131131.02217046684,-0.04401777646404167,-0.043803271299856505,1490.781178072095,-16088546858.595299,-1012194914.2331837,-196393595.6227977,-16088213809.042595,-1884502007.776544,16120356030.98202,16199399427.978321,-0.9945334574543402,-9.053873358015647e-05,0.10441835952864688,-9.103638749040043e-05,0.999999995856188,0.0,0.10441835909595683,9.505870239161843e-06,0.9945334615754998,4561.011076729925,-537.1937940314886,-0.11723941673442188,2.254279379866614e-09,164.45860310066692,0.0,-71.35860310066693,3.5,0.0,2.998776676044061e-17,2.289737396632552,1.5707963267948966,18.441116466587644,461.0,0.010965393679277064,0.3569656875133374,0.0,0.023946779104262156,-1578.1424726192001,-10.42477217631612,165.6964292404162,-0.03617851977966808,0.07962891615153656,-0.5967750871384417,-0.036696498197686535,0.07939153985749026,-0.5967750871384417,-7.883397274995314e-18,3.96342861485023e-20,4.832066312881264e-19,-7.883488189648985e-18,-1.1723297617896878e-20,4.832066312881264e-19,-1578.1791691173978,-10.34538063645863,165.09965415327775,-1678460.6220161282,158.7038954321695,123464.48394374416,-0.007468423709062006,4581.6272530958095
92.06219530573571,2001.0,12.0,14.0,14.0,23.0,0.0,1.0,3508015.2707997407,23128.219890696397,-367611.23231736943,277.4256554802489,-286.708688774209,4557.152727989165,3527299.827466526,4574.582806415942,3508091.5037961337,236.0357413767689,-367611.23231736943,3527299.827466526,275.5655505935368,-537.1747412177676,4557.152727989165,4596.970095779979,12758111.736203354,0.7241598372908749,1.633627516957691,9.185692672385244e-08,3.5892007249455094e-06,6.178566062832422,-0.10440847020693755,6.728323385099053e-05,131099.82746652607,-0.04393340797467612,-0.0437193150919123,1495.972036242485,-16088546148.240238,-1012194820.0541632,-196395817.6661095,-16088209758.198069,-1884523189.0389695,16120355316.115168,16199397895.940512,-0.994554383066384,-6.691683523436139e-05,0.10421887854693805,-6.728323380022496e-05,0.9999999977364832,0.0,0.10421887831103686,7.012183171670883e-06,0.9945543853175746,4561.051595999913,-537.1932809432315,-0.11723827377133819,2.2631921524211206e-09,164.4140392378944,0.0,-71.31403923789439,3.5,0.0,2.9986966526817824e-17,2.2897243278257196,1.5707963267948966,18.44370905901602,461.0,0.01100891068660095,0.3586699741630972,0.0,0.024041639258804936,-1578.203721879581,-10.405040997334392,165.382807730979,-0.036250216909464325,0.07993853696516946,-0.5991407066030356,-0.03677108715492862,0.07970028273199299,-0.5991407066030356,-7.914472039568629e-18,3.990027974792455e-20,4.841782488633425e-19,-7.914563898969143e-18,-1.174676857284121e-20,4.841782488633425e-19,-1578.240492966736,-10.3253407146024,164.78366702437597,-1678461.5500140265,158.89237986854974,123458.07834517148,-0.0073668045994657915,4581.632167993271
92.2656064892002,2001.0,12.0,14.0,14.0,23.0,0.0,1.0,3508071.631453575,23069.89967403149,-366684.2490990295,276.7292564981188,-286.7132389204538,4557.225345549339,3527259.0109343594,4574.6132528216585,3508147.4848715095,126.76758362629747,-366684.2490990295,3527259.0109343594,274.8572316772278,-537.1826778236681,4557.225345549339,4597.000606621275,12758102.44412211,0.7241596364911244,1.6336275129224085,9.424321830774487e-08,3.606173370299659e-06,6.178829600026045,-0.10414544190967572,3.6135192182709734e-05,131059.0109343594,-0.04382276952074763,-0.04360921728216664,1502.793479502201,-16088545212.485598,-1012194696.003296,-196398718.4016818,-16088204451.588612,-1884550903.1107457,16120354374.41785,16199395885.005125,-0.9945817627785185,-3.593940315506264e-05,0.10395727899831661,-3.61351921748458e-05,0.9999999993471239,0.0,0.10395727893044539,3.756516254578232e-06,0.9945817634278572,4561.104612478646,-537.1926094918416,-0.11723677829409405,2.274854018754457e-09,164.31145981245544,0.0,-71.21145981245543,3.4557299062277145,0.0,2.998515284625339e-17,2.289694708174311,1.5707963267948966,18.449587804355275,461.0,0.011065847824703557,0.36091510658422565,0.0,0.024165239676044947,-1578.2838669110533,-10.379163908832036,164.9714987044303,-0.036341770704448,0.08033644298163356,-0.6022204622623986,-0.03686639041628203,0.08009705129747414,-0.6022204622623986,-7.954756857034507e-18,4.024847256879174e-20,4.854092266001971e-19,-7.954849961889508e-18,-1.1776158461285177e-20,4.854092266001971e-19,-1578.3207333014695,-10.29906685753456,164.3692782421679,-1678462.7724843044,159.08086430493,123451.76049452447,-0.007265185817531621,4581.637013748157
92.48465822571788,2001.0,12.0,14.0,14.0,23.0,0.0,1.0,3508132.1673356853,23007.094105659668,-365685.97242685326,275.97927094193653,-286.7181259693399,4557.303342286765,3527215.1706841383,4574.645953007416,3508207.6092773965,9.095853392608658,-365685.97242685326,3527215.1706841383,274.09440954195384,-537.1911775166652,4557.303342286765,4597.033376011318,12758092.38449355,0.724159419103941,1.6336275085552117,9.424321830774487e-08,3.6243532916610525e-06,6.17911340768718,-0.1038621822073962,2.592735210007083e-06,131015.17068413785,-0.043703620781340595,-0.043490650760505366,1510.1565258651972,-16088544199.446688,-1012194561.7290189,-196401825.566241,-16088198743.885853,-1884580669.7232146,16120353354.946836,16199393717.06702,-0.994611170431359,-2.578763401849519e-06,0.10367554989732165,-2.592735210004178e-06,0.9999999999966389,0.0,0.1036755498969732,2.6880324863533093e-07,0.994611170434702,4561.161555532033,-537.1918881690862,-0.11723517206443478,2.287379804532048e-09,164.18620195467952,0.0,-71.08620195467951,3.39310097733976,0.0,2.998294308082683e-17,2.2896586199662163,1.5707963267948966,18.45675563608876,461.0,0.011127003797947448,0.3633457995466954,0.0,0.02429781485965625,-1578.3699539256738,-10.351293603368655,164.5285080262507,-0.03643834745691853,0.08076121403688089,-0.6055229372134903,-0.03696699332816112,0.0805206076875833,-0.6055229372134903,-7.997892188714374e-18,4.062396941661849e-20,4.867046274756152e-19,-7.997986644459944e-18,-1.18069568442528e-20,4.867046274756152e-19,-1578.406920919002,-10.270772995681071,163.9229850890372,-1678464.0959354565,159.26934874131024,123445.5303918031,-0.007163567358663605,4581.641790356774
92.5275974428211,2001.0,12.0,14.0,14.0,23.0,0.0,1.0,3508144.0145130744,22994.782633265862,-365490.28506148554,275.83225159393777,-286.71908236914544,4557.318606602755,3527206.590925259,4574.6523523981205,3508219.375466289,-13.97075085965805,-365490.28506148554,3527206.5909252586,273.94487391428015,-537.1928379202117,4557.318606602755,4597.039788945094,12758090.406394677,0.7241593763573866,1.6336275076966358,9.424321830774487e-08,3.6279661032258167e-06,6.179169041385392,-0.10380665591418804,-3.982291118190777e-06,131006.59092525905,-0.04368026448490628,-0.04346740859256924,1511.6017018854618,-16088544000.246738,-1012194535.3286457,-196402432.6272875,-16088197625.914879,-1884586495.1378255,16120353154.482279,16199393291.839386,-0.9946169256125172,3.960854148889883e-06,0.10362032266604773,3.982291118180252e-06,0.9999999999920707,0.0,0.1036203226652261,-4.1264629061597376e-07,0.9946169256204039,4561.172699470009,-537.1917469877138,-0.11723485772126312,2.2893522686852404e-09,164.1664773131476,0.0,-71.0664773131476,3.4,0.0,2.998259348715273e-17,2.2896529106682477,1.5707963267948966,18.45789014359922,461.0,0.011136643489250964,0.3638237763148018,0.0,0.024318879647704777,-1578.386802169655,-10.345829953661259,164.44166484492075,-0.0364498993016286,0.08082844115385039,-0.6060479240880277,-0.036979230910324686,0.08058764508124808,-0.6060479240880277,-8.004748755656603e-18,4.068947364519776e-20,4.868610898199774e-19,-8.004843457573626e-18,-1.1810765943406848e-20,4.868610898199774e-19,-1578.4237814005653,-10.26524230858001,163.83561692083273,-1678464.3561756518,159.4578331776905,123439.38803700736,-0.007061949218265549,4581.646497815414
92.59323544760736,2001.0,12.0,14.0,14.0,23.0,0.0,1.0,3508162.1122159814,22975.96291681048,-365191.15099560533,275.60751095775396,-286.7205433501023,4557.341924297471,3527193.4845178463,4574.662127964719,3508237.3491592538,-49.23110013014194,-365191.15099560533,3527193.484517846,273.71628681953354,-537.1953724252625,4557.341924297471,4597.049585199704,12758087.379028333,0.7241593109361775,1.6336275063827415,9.424321830774487e-08,3.633470252395375e-06,6.179254085023183,-0.10372177645424253,-1.4033001540989956e-05,130993.48451784579,-0.04364456120058462,-0.04343187976824691,1513.8117752075195,-16088543695.383558,-1012194494.9261684,-196403359.32209685,-16088195917.539562,-1884595393.9838972,16120352847.683798,16199392641.69231,-0.9946257171766171,1.3957584222763907e-05,0.1035358997453823,1.403300154052938e-05,0.9999999999015374,0.0,0.10353589973518788,-1.4529194406270453e-06,0.9946257172745505,4561.189722849388,-537.1915313112942,-0.11723437753443129,2.2926288705385553e-09,164.13371129461444,0.0,-71.03371129461445,3.4,0.0,2.998201377189341e-17,2.289643443199591,1.5707963267948966,18.459771763828414,461.0,0.011152650613569504,0.3645552958767832,0.0,0.02435374333956738,-1578.4125398500394,-10.337477808320406,164.30890983245558,-0.036471407626783366,0.08093986420995948,-0.6069166370985507,-0.03700184500159921,0.08069875252495108,-0.6069166370985507,-8.016094272434305e-18,4.079420043737708e-20,4.871511188786558e-19,-8.016189362296399e-18,-1.1817747222732718e-20,4.871511188786558e-19,-1578.449541695041,-10.256779055795455,163.70199319535703,-1678464.7544584293,159.64631761407074,123433.33343013731,-0.006960331391741043,4581.651136120349
92.70253660907649,2001.0,12.0,14.0,14.0,23.0,0.0,1.0,3508192.215984215,22944.6238955647,-364693.0261098728,275.23326212796144,-286.72297351862073,4557.380710973136,3527171.6832826724,4574.678388354198,3508267.245864446,-107.9474085026189,-364693.0261098728,3527171.683282673,273.3356328014056,-537.1995831704428,4557.380710973136,4597.065880000791,12758082.328288965,0.7241592017898075,1.6336275041909727,9.424321830774487e-08,3.642533915107036e-06,6.1793957020591135,-0.10358043279800934,-3.076943713333152e-05,130971.6832826729,-0.04358510703235311,-0.04337271611339392,1517.4944531321526,-16088543186.764101,-1012194427.524949,-196404899.04870045,-16088193074.311476,-1884610196.2556853,16120352335.835854,16199391558.713709,-0.9946403410109506,3.060452345267023e-05,0.10339531467616564,3.0769437128476316e-05,0.9999999995266209,0.0,0.10339531462722046,-3.181415634307303e-06,0.9946403414817925,4561.218039432339,-537.1911725325753,-0.11723357879730317,2.2980791793317763e-09,164.07920820668224,0.0,-70.97920820668224,3.4,0.0,2.998104936134477e-17,2.2896276931800865,1.5707963267948966,18.462902894706037,461.0,0.011179277338133821,0.3657757429935104,0.0,0.024411736070966566,-1578.455352960976,-10.323569000756649,164.087833223006,-0.03650693459232969,0.08112517795440335,-0.6083616646015702,-0.037039214097735446,0.08088354214847646,-0.6083616646015702,-8.034965699230724e-18,4.096877957256856e-20,4.876302765742388e-19,-8.035061437029757e-18,-1.1829280251087249e-20,4.876302765742388e-19,-1578.4923921750737,-10.242685458608172,163.4794715584044,-1678465.4189382326,159.834802050451,123427.36657119289,-0.006858713874493379,4581.655705267838
92.86181209708393,2001.0,12.0,14.0,14.0,23.0,0.0,1.0,3508236.0104638212,22898.95567239711,-363967.14257795975,274.68788227480314,-286.7265088181539,4557.437137106685,3527139.9671918834,4574.702042997647,3508310.7373548932,-193.51062153153592,-363967.14257795975,3527139.9671918834,272.780919153169,-537.2056973431752,4557.437137106685,4597.089584703695,12758074.946764488,0.7241590422747952,1.633627500988393,9.541398640621977e-08,3.655889892251584e-06,6.1796020718892875,-0.10337446131619091,-5.515777701070739e-05,130939.96719188336,-0.043498467972324664,-0.04328650039557372,1522.866444721818,-16088542443.435167,-1012194329.0303752,-196407135.13158816,-16088188934.625298,-1884631730.1520772,16120351587.789219,16199389979.787092,-0.9946616153563135,5.486332363657191e-05,0.10319044493936841,5.51577769827389e-05,0.9999999984788098,0.0,0.10319044478239611,-5.691755548715281e-06,0.9946616168693829,4561.259233594183,-537.1906505368794,-0.11723241682281567,2.3060093737476082e-09,163.99995313126195,0.0,-70.89995313126197,3.4,0.0,2.9979646714688437e-17,2.289604786221814,1.5707963267948966,18.467458799551984,461.0,0.011218020133863811,0.3675594160982229,0.0,0.02449611629207345,-1578.5176389820733,-10.303299246497545,163.765651129399,-0.03655807831800034,0.08139475418679543,-0.6104641985609478,-0.03709304428317339,0.08115235773063181,-0.6104641985609478,-8.062422180630422e-18,4.1223617722742976e-20,4.883202789716768e-19,-8.062518866976458e-18,-1.184588655287638e-20,4.883202789716768e-19,-1578.5547320263565,-10.222146888766913,163.15518693083806,-1678466.3900591582,160.02328648683124,123421.48746017413,-0.006757096661925622,4581.660205254125
92.92446207084217,2001.0,12.0,14.0,14.0,23.0,0.0,1.0,3508253.212932383,22880.99222063895,-363681.61856653326,274.4733547694984,-286.7278974593386,4557.459301246471,3527127.509112559,4574.711334300542,3508327.820237259,-227.16661950745353,-363681.61856653326,3527127.509112559,272.562720245334,-537.208095227613,4557.459301246471,4597.098895669266,12758072.036032513,0.7241589793736338,1.6336274997257085,9.541398640621977e-08,3.6610791485174915e-06,6.179683247123272,-0.10329344276132336,-6.475068204276706e-05,130927.5091125588,-0.043464388593598816,-0.04325258753615621,1524.981507897377,-16088542150.322464,-1012194290.1943251,-196408012.20242956,-16088187307.421774,-1884640188.5919394,16120351292.816385,16199389358.441887,-0.9946699718604645,6.4405559175435e-05,0.10310985855400423,6.475068199752089e-05,0.9999999979036746,0.0,0.10310985833785241,-6.676433662039687e-06,0.9946699739456164,4561.275414535921,-537.190445479427,-0.11723196040428195,2.309568824983201e-09,163.982155875084,0.0,-70.882155875084,3.4,0.0,2.997932677001959e-17,2.2895995611288473,1.5707963267948966,18.46849833047756,461.0,0.011235402176658953,0.3682627719545177,0.0,0.024534001339836742,-1578.5421056380421,-10.295325749553076,163.63891461358193,-0.03658510066758277,0.08151826432330848,-0.61140898463175,-0.03712123994479121,0.08127552247819261,-0.61140898463175,-8.074828569851438e-18,4.1332280442131546e-20,4.886872116274413e-19,-8.074925650114472e-18,-1.1854746684057435e-20,4.886872116274413e-19,-1578.579226877987,-10.214050227074884,163.0275056289502,-1678466.7729983516,160.21177092321147,123415.69609708103,-0.006655479749440557,4581.664636075433
93.04696951736487,2001.0,12.0,14.0,14.0,23.0,1.0,1.0,3508286.8122663153,22845.865751879275,-363123.2932122365,274.0538522925706,-286.7306096663216,4557.502591462998,3527103.176372503,4574.729481364768,3508361.185064483,-292.9788981845726,-363123.2932122365,3527103.176372503,272.1360385845433,-537.2127725506238,4557.502591462998,4597.117081136825,12758066.331362192,0.7241588560950036,1.6336274972511897,9.541398640621977e-08,3.671344937863959e-06,6.179841981002907,-0.10313501524002623,-8.350876151257426e-05,130903.17637250246,-0.04339774809294956,-0.0431862726524966,1529.1216185241938,-16088541575.86117,-1012194214.0836979,-196409723.21197882,-16088184127.252127,-1884656709.2207422,16120350714.70966,16199388142.869787,-0.9946862934337818,8.306502065127868e-05,0.10295227416219097,8.350876141551323e-05,0.9999999965131434,0.0,0.10295227380321115,-8.597416900194912e-06,0.9946862969021103,4561.307018422347,-537.1900449339212,-0.11723106894946314,2.3165210364278696e-09,163.94739481786064,0.0,-70.84739481786065,3.4,0.0,2.997870182346333e-17,2.2895893549770543,1.5707963267948966,18.47052919111954,461.0,0.011269352839849025,0.3696412696037336,0.0,0.02460799791372495,-1578.5898943168545,-10.279733309358203,163.39107710683345,-0.036637550913294806,0.08175948079062545,-0.6132543339233745,-0.03717598571869059,0.08151606542222603,-0.6132543339233745,-8.099059993584473e-18,4.154501826753902e-20,4.893995939134638e-19,-8.09915784665818e-18,-1.1871947548025357e-20,4.893995939134638e-19,-1578.6270703025732,-10.198217243935977,162.77782277291007,-1678467.5235117413,160.40025535959174,123409.99248191358,-0.006553863132440669,4581.668997727976
93.28749600047342,2001.0,12.0,14.0,14.0,23.0,1.0,1.0,3508352.6304193614,22776.898807382746,-362027.08293706394,273.2301800667178,-286.73592247036055,4557.587392804254,3527055.510658948,4574.765028237242,3508426.540237382,-422.1938973819196,-362027.08293706394,3527055.510658948,271.2982709279074,-537.2219113081891,4557.587392804254,4597.152703233423,12758055.081117649,0.7241586129749547,1.6336274923718646,9.65705618025044e-08,3.6915502892523925e-06,6.180153639396562,-0.10282395827674991,-0.00012033710568026347,130855.51065894822,-0.04326690571540538,-0.04305606958156034,1537.2664930969477,-16088540442.970846,-1012194063.9971142,-196413067.0248045,-16088177889.995638,-1884689071.1563475,16120349574.630877,16199385754.033354,-0.9947182655999407,0.00011970151762738843,0.10264286508760606,0.00012033710538982948,0.9999999927594905,0.0,0.10264286434441942,-1.23517452735613e-05,0.9947182728022078,4561.368926763297,-537.189260169808,-0.11722932269761487,2.330139811729082e-09,163.8586018827092,0.0,-70.75860188270917,3.4,0.0,2.9977118611954836e-17,2.289563499170962,1.5707963267948966,18.475676151209136,461.0,0.01133585938491295,0.3723598503494463,0.0,0.024752923932502703,-1578.68351258925,-10.249116438113237,162.90443041217554,-0.03673891565323697,0.08222886827746559,-0.6168673520871734,-0.037281841784471484,0.08198413855573579,-0.6168673520871734,-8.146419262409573e-18,4.196315259340177e-20,4.907719490752008e-19,-8.146518641394963e-18,-1.1905063531170654e-20,4.907719490752008e-19,-1578.7207944310346,-10.167132299557501,162.28756306008836,-1678469.0036096033,160.58873979597197,123404.37661467178,-0.006452246806328234,4581.673290207947
93.58235321154353,2001.0,12.0,14.0,14.0,23.0,1.0,1.0,3508433.0454370487,22692.351695702564,-360683.2301490674,272.2203880944347,-286.7424132193602,4557.6910002751165,3526997.2738366174,4574.808455577341,3508506.383070241,-580.5992935783771,-360683.2301490674,3526997.2738366174,270.2711994485865,-537.2330338641974,4557.6910002751165,4597.196222472465,12758041.199739814,0.7241583129939929,1.6336274863539992,9.65705618025044e-08,3.716368721071386e-06,6.180535707342801,-0.10244262750924635,-0.0001654833210736393,130797.27383661736,-0.043106503027782635,-0.04289645061331129,1547.277883887291,-16088539045.14659,-1012193878.852548,-196417138.1720303,-16088170255.760418,-1884728609.2412531,16120348167.939651,16199382821.607569,-0.9947573277406414,0.00016461574775951258,0.10226354095157023,0.0001654833203183533,0.9999999863076352,0.0,0.10226353955134052,-1.6922910304177735e-05,0.9947573413612218,4561.444563220486,-537.1883011327355,-0.11722718922487782,2.3468178490147937e-09,163.69221096176386,0.0,-70.59221096176387,3.396105480881934,0.0,2.997417952206456e-17,2.289515500190483,1.5707963267948966,18.485238893819435,461.0,0.011417303067085757,0.3757142935398255,0.0,0.02493028451575533,-1578.7979010897877,-10.211577865098901,162.30776513128416,-0.036860677603723864,0.08279485658966228,-0.621285553358437,-0.037409068895107,0.0825485275187241,-0.621285553358437,-8.20409940849419e-18,4.2476657128536934e-20,4.924072520390226e-19,-8.204200674114181e-18,-1.1944443057758106e-20,4.924072520390226e-19,-1578.835310158683,-10.129029337580176,161.68647957792572,-1678470.8298666347,160.77722423235224,123398.84849535563,-0.0063506307665052095,4581.677513511526
93.69912603478993,2001.0,12.0,14.0,14.0,23.0,1.0,1.0,3508464.8100298713,22658.86782486399,-360151.0133138083,271.82045816324705,-286.74497702302875,4557.731925831682,3526974.2698097485,4574.825608814984,3508537.919651248,-643.333767547057,-360151.0133138083,3526974.269809748,269.8644262344147,-537.2374142389316,4557.731925831682,4597.213412008446,12758035.674540682,0.7241581935922066,1.6336274839594433,9.65705618025044e-08,3.7262140559263634e-06,6.180687021838324,-0.10229160492537057,-0.00018336235066286594,130774.26980974805,-0.04304297685752491,-0.042833234822205114,1551.2510944008827,-16088538488.777048,-1012193805.1717353,-196418741.9795562,-16088167235.95124,-1884744226.8146205,16120347608.04155,16199381659.021645,-0.9947727573982288,0.00018240387321616602,0.10211330896191527,0.00018336234963537204,0.9999999831891242,0.0,0.10211330724530111,-1.8723736260299476e-05,0.9947727741212303,4561.474439722785,-537.1879222322228,-0.11722634650226842,2.3537190570755823e-09,163.62648517070875,0.0,-70.52648517070874,3.3632425853543704,0.0,2.9973018198803234e-17,2.2894965343423364,1.5707963267948966,18.489020246331926,461.0,0.011450999151554111,0.37704950429129147,0.0,0.025003335227840054,-1578.8430879030234,-10.196709610061655,162.0714382958097,-0.03691230373629126,0.08302882757582679,-0.6231052658461529,-0.037462931086751035,0.08278184082349184,-0.6231052658461529,-8.227865271754706e-18,4.2685925248337506e-20,4.931006704339316e-19,-8.227967303929322e-18,-1.1960929373447687e-20,4.931006704339316e-19,-1578.8805508341102,-10.113927769238163,161.44833302996355,-1678471.5567720775,160.96570866873247,123393.40812396514,-0.006249015008373311,4581.681667634879
93.88134852643338,2001.0,12.0,14.0,14.0,23.0,1.0,1.0,3508514.2849683426,22606.616076664417,-359320.4862351534,271.1963497647857,-286.74897016393953,4557.795669121946,3526938.439886019,4574.852324773182,3508587.0371837392,-741.2311286088828,-359320.4862351534,3526938.4398860186,269.22963892592423,-537.2442219707558,4557.795669121946,4597.240184500252,12758027.02043948,0.7241580065730254,1.6336274802097572,9.65705618025044e-08,3.741616000598489e-06,6.180923150066441,-0.10205593218142932,-0.00021126200083564116,130738.43988601863,-0.04294384326412358,-0.04273458557306482,1557.4609873890877,-16088537617.343876,-1012193689.7806683,-196421235.0933506,-16088162527.581226,-1884768551.6193411,16120346731.082531,16199379843.334671,-0.9947967896193639,0.00021016276332649501,0.10187886529903985,0.0002112619992641465,0.9999999776841836,0.0,0.10187886302552979,-2.1523132765837838e-05,0.994796811819067,4561.520973250527,-537.1873319899317,-0.11722503393851774,2.3644680341944103e-09,163.52411396005323,0.0,-70.42411396005325,3.312056980026618,0.0,2.997120897498895e-17,2.2894669874751816,1.5707963267948966,18.494914400369804,461.0,0.011503483904507261,0.3791409140411257,0.0,0.025117112328255115,-1578.9134713443548,-10.173505867677374,161.70262115715073,-0.036991889442629516,0.08339313627505192,-0.6259394720859139,-0.03754600855374878,0.08314512796314001,-0.6259394720859139,-8.264877480598258e-18,4.301309127879406e-20,4.941698748778328e-19,-8.264980715216545e-18,-1.1986343069170481e-20,4.941698748778328e-19,-1578.9510173529086,-10.090360739714233,161.0766816850648,-1678472.6953229457,161.15419310511274,123388.05550050031,-0.006147399527333935,4581.685752574158
93.97546542077393,2001.0,12.0,14.0,14.0,23.0,1.0,1.0,3508539.793956599,22579.628057323494,-358891.51911623357,270.8739903838544,-286.7510289505631,4557.828534639985,3526919.9661849122,4574.866098854605,3508612.360811724,-791.7950511038097,-358891.51911623357,3526919.966184912,268.9017639220697,-537.2477248611783,4557.828534639985,4597.253987728695,12758022.535316763,0.7241579096471561,1.6336274782668372,9.771344846937065e-08,3.749648568048672e-06,6.181045110831454,-0.10193420665454317,-0.0002256718486504935,130719.96618491178,-0.04289264045141956,-0.04268363292219286,1560.6730159670115,-16088537165.71322,-1012193629.984322,-196422518.19467625,-16088160097.645264,-1884781093.1799998,16120346276.588442,16199378904.832369,-0.9948091803758758,0.00022450043060100929,0.10175777237850069,0.00022567184673499903,0.9999999745361084,0.0,0.1017577697873518,-2.2963864412295923e-05,0.9948092057075896,4561.544965369095,-537.1870276231059,-0.11722435719722957,2.3698668043109167e-09,163.4856659784454,0.0,-70.38566597844542,3.3,0.0,2.9970524723024996e-17,2.2894558127925806,1.5707963267948966,18.4971445944185,461.0,0.011529849510027647,0.38022484241944027,0.0,0.02517442674769642,-1578.949761931676,-10.161520301701255,161.51211385544408,-0.03703068517811151,0.08357827459518248,-0.6273680492165397,-0.037586591342525906,0.08332975327167415,-0.6273680492165397,-8.283583853260112e-18,4.318026249740965e-20,4.9469480959420455e-19,-8.28368770626949e-18,-1.1998919146367096e-20,4.9469480959420455e-19,-1578.9873485230185,-10.078190548429582,160.88474580622756,-1678473.2853952684,161.34267754149298,123382.79062496111,-0.006045784318788251,4581.689768325499
94.08137249480346,2001.0,12.0,14.0,14.0,23.0,2.0,1.0,3508568.46221951,22549.25897232089,-358408.8108758221,270.51123964063004,-286.75334267422284,4557.865470425461,3526899.204524422,4574.881578445879,3508640.81987324,-848.6935939328386,-358408.8108758221,3526899.204524421,268.5328065838737,-537.2516557608584,4557.865470425461,4597.269500075703,12758017.476352725,0.7241578003200565,1.633627476075505,9.771344846937065e-08,3.7585797656238415e-06,6.181182351336068,-0.10179723084125669,-0.00024188670797353892,130699.2045244216,-0.04283502267215931,-0.04262629664356478,1564.2910875827074,-16088536656.30221,-1012193562.5403824,-196423958.30907354,-16088157364.914394,-1884795187.8743253,16120345763.947823,16199377848.234829,-0.9948231056255423,0.00024063449072888351,0.10162150662430146,0.00024188670561477345,0.9999999707454104,0.0,0.10162150365140599,-2.4580891456962155e-05,0.9948231347286849,4561.57192866971,-537.1866855278477,-0.11722359664900886,2.3757987073081155e-09,163.45600646345943,0.0,-70.35600646345942,3.3,0.0,2.996999082755197e-17,2.289447093617821,1.5707963267948966,18.498885115558323,461.0,0.011558823171207443,0.38144746691221326,0.0,0.02523756645150337,-1578.990548141698,-10.148032500517434,161.29772892777657,-0.03707223241657687,0.08378381976100507,-0.6289426687247172,-0.03763013391871906,0.08353473463986431,-0.6289426687247172,-8.304252029395555e-18,4.3366624615075905e-20,4.952606942244391e-19,-8.30435657530932e-18,-1.2012575391976382e-20,4.952606942244391e-19,-1579.0281782756167,-10.06449776587757,160.66878625905187,-1678473.9509638827,161.53116197787324,123377.61349734757,-0.0059441693781370685,4581.693714885022
94.2864342500973,2001.0,12.0,14.0,14.0,23.0,2.0,1.0,3508623.8617119906,22490.45636994119,-357474.15966101765,269.8088396775481,-286.75781366142036,4557.936846016453,3526859.0840048944,4574.911490503225,3508695.812432599,-958.8641392548549,-357474.15966101765,3526859.0840048944,267.81838908734625,-537.2592344129135,4557.936846016453,4597.299475427907,12758007.644974153,0.7241575878576986,1.6336274718174961,9.771344846937065e-08,3.77602598781747e-06,6.181448086751552,-0.10153200789061871,-0.00027328220132019187,130659.08400489436,-0.042723458571286455,-0.04251527759794704,1571.3074334710836,-16088535666.342464,-1012193431.4818125,-196426735.53251153,-16088152078.530943,-1884822424.5262048,16120344767.71235,16199375800.825422,-0.9948500149454028,0.00027187480883586224,0.10135765312604748,0.00027328219791859543,0.9999999626584195,0.0,0.10135764934119253,-2.7699242222156853e-05,0.9948500520946761,4561.624032745621,-537.1860243527918,-0.11722212696195762,2.3872747985316887e-09,163.39738287112678,0.0,-70.29738287112677,3.3,0.0,2.996893628451406e-17,2.2894298716230606,1.5707963267948966,18.50232396514185,461.0,0.011614877966366805,0.38382348251923176,0.0,0.02535971860118641,-1579.0693679115022,-10.121914495216261,160.88259032280226,-0.03715179380580381,0.08418123115033882,-0.6319889136049782,-0.03771356370422539,0.08393105845694471,-0.6319889136049782,-8.344229743177465e-18,4.3728365682965574e-20,4.963444829385656e-19,-8.344335638380012e-18,-1.203872725890167e-20,4.963444829385656e-19,-1579.1070814752065,-10.037983436759317,160.2506014091973,-1678475.2444035225,161.71964641425348,123372.5241176597,-0.00584255470078101,4581.69759224884
94.38958128358942,2001.0,12.0,14.0,14.0,23.0,2.0,1.0,3508651.6734713335,22460.878036352755,-357004.0201481582,269.4555159148615,-286.76005813005935,4557.972677949319,3526838.9426223165,4574.92650639638,3508723.418571111,-1014.2810313588467,-357004.0201481582,3526838.9426223165,267.4590204180566,-537.2630302958646,4557.972677949319,4597.314523094778,12758002.681512292,0.7241574805937957,1.6336274696681734,9.884312124119404e-08,3.7847776094429535e-06,6.181581755185545,-0.10139859720740685,-0.00028907408253897094,130638.94262231607,-0.0426673402454587,-0.04245943343839864,1574.8420970886946,-16088535166.556196,-1012193365.3219558,-196428126.92130125,-16088149421.842192,-1884836097.7205045,16120344264.75811,16199374770.152004,-0.9948635238677115,0.00028758926842423275,0.10122492859929534,0.00028907407851294826,0.9999999582180877,0.0,0.10122492436992425,-2.9261502957380283e-05,0.9948635654350136,4561.650189777659,-537.1856923781205,-0.1172213891575023,2.393317213305176e-09,163.33983606376023,0.0,-70.23983606376022,3.3,0.0,2.996791869698189e-17,2.2894132531575107,1.5707963267948966,18.505643557744715,461.0,0.011644384552575706,0.38502304931959397,0.0,0.025423988464079332,-1579.1089387327931,-10.108775843200409,160.6737550045105,-0.037195486673795256,0.08438635957001196,-0.6335899432283701,-0.0377592416518671,0.08413561422046989,-0.6335899432283701,-8.36513274012444e-18,4.391507474686648e-20,4.969318405587061e-19,-8.365239328418974e-18,-1.205288199188958e-20,4.969318405587061e-19,-1579.146697974445,-10.024640228979939,160.04016506128212,-1678475.8974091746,161.90813085063374,123367.52248589747,-0.005740940282120311,4581.701400413043
94.56835189562,2001.0,12.0,14.0,14.0,23.0,2.0,1.0,3508699.7894608513,22409.613417984358,-356189.183038799,268.84312729995247,-286.7639410886118,4558.034669004102,3526804.0968346987,4574.952483780397,3508771.1767094308,-1110.3284584081844,-356189.183038799,3526804.0968346987,266.8361549478427,-537.269583470736,4558.034669004102,4597.34055544654,12757994.049402023,0.7241572940472982,1.6336274659310717,9.884312124119404e-08,3.800000624671266e-06,6.181813427934185,-0.10116737114715418,-0.0003164436680045805,130604.09683469823,-0.04257007637605193,-0.04236264474524821,1580.9768133163452,-16088534297.368523,-1012193250.27545,-196430529.61544368,-16088144821.079992,-1884859752.8282294,16120343390.061792,16199372982.459526,-0.994886894868515,0.0003148256687704039,0.1009948875126005,0.00031644366272331526,0.9999999499317029,0.0,0.10099488245595846,-3.195919212081651e-05,0.9948869446808101,4561.695442400495,-537.1851179603442,-0.11722011272912848,2.403770949590533e-09,163.24027667056635,0.0,-70.14027667056635,3.3,0.0,2.9966157841335724e-17,2.289384496202486,1.5707963267948966,18.511390765686805,461.0,0.011695433983306216,0.38710928518150123,0.0,0.025535180130104293,-1579.1774010728975,-10.086002565040973,160.31177989380535,-0.037270320269297566,0.08474114724349005,-0.6363598345267049,-0.03783751790775136,0.08448941382030929,-0.6363598345267049,-8.401293461597657e-18,4.423922862366171e-20,4.979380592310765e-19,-8.401401256944742e-18,-1.2077128800836609e-20,4.979380592310765e-19,-1579.2152385908053,-10.001513151220664,159.67542005927865,-1678477.0330727417,162.09661528701398,123362.60860206091,-0.005639326117554988,4581.705139373716
94.67697602028085,2001.0,12.0,14.0,14.0,23.0,2.0,1.0,3508728.9720998737,22378.4638080772,-355694.0684719753,268.47101639024663,-286.7662960611647,4558.072266758375,3526782.9626504653,4574.968238599049,3508800.140997091,-1168.6891120111543,-355694.0684719753,3526782.9626504653,266.45767809014524,-537.2735493682832,4558.072266758375,4597.356343601811,12757988.78598904,0.7241571803005972,1.6336274636529435,9.884312124119404e-08,3.809280106774552e-06,6.181954198528597,-0.10102687194872857,-0.0003330737066322815,130582.96265046485,-0.042510976129258374,-0.04230383322468318,1584.7096180319786,-16088533767.386707,-1012193180.1353854,-196431984.0871038,-16088142027.872196,-1884874099.5902436,16120342856.72167,16199371895.375025,-0.9949010693757409,0.00033137539916345047,0.10085510569798782,0.0003330737004738545,0.9999999445309535,0.0,0.10085510010365127,-3.3592183266510535e-05,0.9949011245619576,4561.722888021281,-537.1847695213705,-0.11721933857808435,2.4098473042529775e-09,163.1824066261621,0.0,-70.08240662616211,3.2912033130810596,0.0,2.996513329847442e-17,2.2893677641477903,1.5707963267948966,18.514736442805578,461.0,0.011725112824438782,0.38838137161631775,0.0,0.025599722657092202,-1579.2189254274847,-10.072163979812684,160.0918193054593,-0.03731097173074421,0.08494718944096394,-0.6379677508524279,-0.03788020170568945,0.08469488723735154,-0.6379677508524279,-8.422282750599578e-18,4.443164665363358e-20,4.984858508858674e-19,-8.422391271362337e-18,-1.209025852007087e-20,4.984858508858674e-19,-1579.2568056291905,-9.987469092575333,159.45385155460687,-1678477.7255422156,162.28509972339424,123357.78246614998,-0.005537712202484718,4581.708809126924
94.72382840682192,2001.0,12.0,14.0,14.0,23.0,2.0,1.0,3508741.5468477113,22365.028098954957,-355480.51152871683,268.31051233429093,-286.76731080107896,4558.088467531863,3526773.855967215,4574.975027190874,3508812.6213509007,-1193.861700017184,-355480.51152871683,3526773.855967215,266.294428229928,-537.2752562477631,4558.088467531863,4597.363146557967,12757986.51193756,0.7241571311563915,1.6336274626687817,9.884312124119404e-08,3.8133000258762843e-06,6.182014917032695,-0.100966270499953,-0.0003402466255058414,130573.85596721433,-0.04248548442819656,-0.042278466058901995,1586.3205905854702,-16088533538.40959,-1012193149.8331375,-196432610.16935354,-16088140823.67421,-1884880281.5428987,16120342626.293705,16199371426.338118,-0.9949071771114771,0.00033851382276671904,0.10079481306329086,0.0003402466189409095,0.9999999421161174,0.0,0.10079480722889574,-3.429509435156573e-05,0.9949072347005706,4561.734714217858,-537.1846193693372,-0.11721900500022633,2.4122378086062353e-09,163.15963991803585,0.0,-70.05963991803586,3.2798199590179267,0.0,2.996472945915621e-17,2.2893611689512245,1.5707963267948966,18.51605553671113,461.0,0.011736793491156076,0.3889309856400201,0.0,0.025625033710825435,-1579.2368185548116,-10.066194773910933,159.9969403814323,-0.037324701985711035,0.08502812363714143,-0.6385984070009885,-0.03789475633155881,0.0847756016206723,-0.6385984070009885,-8.430514593616237e-18,4.451049628408273e-20,4.986719122423592e-19,-8.430623418043035e-18,-1.2094651717775711e-20,4.986719122423592e-19,-1579.2747133111432,-9.981419172290261,159.3583419744313,-1678478.0247230288,162.47358415977448,123353.0440781647,-0.005436098532308921,4581.712409668726
94.81628562791067,2001.0,12.0,14.0,14.0,23.0,2.0,1.0,3508766.3394496925,22338.514297792808,-355059.0818586151,267.99377267295756,-286.76931145693607,4558.120409215583,3526755.9010635414,4574.988411470854,3508837.227300858,-1243.5368326458197,-355059.0818586151,3526755.901063541,265.9722700616384,-537.2786179895234,4558.120409215583,4597.376559158289,12757982.017726386,0.7241570340324927,1.6336274607239654,9.884312124119404e-08,3.821152853613419e-06,6.182134738184131,-0.10084668033506344,-0.00035440138713402634,130555.90106354095,-0.04243517937616996,-0.04222840676175004,1589.5011965632439,-16088533085.883383,-1012193089.9498367,-196433843.42211998,-16088138448.383396,-1884892469.920112,16120342170.900375,16199370500.49647,-0.9949192191732693,0.00035260076612356824,0.10067583122255279,0.00035440137971520374,0.999999937199829,0.0,0.10067582490009337,-3.5679653489247695e-05,0.9949192816543703,4561.758030834815,-537.1843233088584,-0.11721834731639413,2.416950970820502e-09,163.11475265885235,0.0,-70.01475265885236,3.2573763294261817,0.0,2.996393317095214e-17,2.28934816457797,1.5707963267948966,18.518657088877443,461.0,0.011759823594847136,0.39001720269676865,0.0,0.025674936965919274,-1579.272097599117,-10.054414833977269,159.80970139676387,-0.03735159782905868,0.08518767516851887,-0.639841807116518,-0.03792327945705506,0.08493472044001166,-0.639841807116518,-8.446743911953666e-18,4.46662179380711e-20,4.990364638222384e-19,-8.44685333697149e-18,-1.2103257611779592e-20,4.990364638222384e-19,-1579.310020878574,-9.969480113537257,159.16985958964736,-1678478.6159948036,162.6620685961547,123348.3934381051,-0.005334485102426696,4581.715940995163
95.01080267984324,2001.0,12.0,14.0,14.0,23.0,3.0,1.0,3508818.4039958096,22282.732367961336,-354172.4431877012,267.3273736625418,-286.7735127386381,4558.187486619257,3526718.195701923,4575.016517510089,3508888.8975215172,-1348.0473712145865,-354172.4431877012,3526718.195701923,265.294471220641,-537.2856621607306,4558.187486619257,4597.4047246676155,12757972.534087062,0.7241568290820302,1.6336274566208178,9.996002811937589e-08,3.837851850073828e-06,6.182386829064756,-0.10059507538754582,-0.0003841806749268069,130518.19570192322,-0.04232934274952962,-0.04212308717056203,1596.1991644203663,-16088532130.974064,-1012192963.5978125,-196436428.3160281,-16088133455.656223,-1884918065.2387574,16120341209.94169,16199368551.583672,-0.994944507275309,0.0003822384711252168,0.1004255014249048,0.0003841806654762959,0.9999999262026054,0.0,0.10042549401376445,-3.858153596821063e-05,0.9949445806996269,4561.806995262235,-537.1837015039478,-0.11721696619697512,2.4268486282451533e-09,163.02048925480807,0.0,-69.92048925480807,3.210244627404033,0.0,2.9962260655191516e-17,2.289320850322761,1.5707963267948966,18.524123826527223,461.0,0.011808188134289752,0.3923093896945907,0.0,0.025779731895082002,-1579.346186423284,-10.029629446868475,159.41574429948218,-0.03740732145214717,0.08552264834749183,-0.6424528951459149,-0.03798242876811249,0.08526878786207927,-0.6424528951459149,-8.480822365937216e-18,4.499436107123024e-20,4.997921057975161e-19,-8.480933060361119e-18,-1.2121088355103783e-20,4.997921057975161e-19,-1579.3841688520522,-9.944360659006396,158.77329140433628,-1678479.8636919428,162.85055303253498,123343.83054597114,-0.005232871908236817,4581.719403102264
95.09814156226213,2001.0,12.0,14.0,14.0,23.0,3.0,1.0,3508841.739002888,22257.6858076087,-353774.33487365796,267.0281478492748,-286.7753956810491,4558.217550183683,3526701.296390385,4575.0291140182235,3508912.0547536425,-1394.973438116231,-353774.33487365796,3526701.296390385,264.99012681896426,-537.2888124666566,4558.217550183683,4597.417347828658,12757968.263171708,0.7241567367832304,1.6336274547733192,9.996002811937589e-08,3.845336965181443e-06,6.182500020549802,-0.10048210207469407,-0.0003975515324574333,130501.29639038444,-0.042281820899692395,-0.042075797472267425,1599.209523037076,-16088531700.93792,-1012192906.7013505,-196437584.67311046,-16088131215.892607,-1884929536.760245,16120340777.181587,16199367676.0237,-0.9949558411269619,0.00039554624020582646,0.10031309859889456,0.00039755152198544754,0.9999999209763906,0.0,0.10031309067179144,-3.98796250230668e-05,0.99495591975197,4561.828940567668,-537.1834227799274,-0.11721634719603952,2.4316110828846703e-09,162.98756627197776,0.0,-69.88756627197776,3.2,0.0,2.996167297113588e-17,2.289311252713784,1.5707963267948966,18.52604550692772,461.0,0.011831454441963261,0.3933416917764998,0.0,0.025830301033594447,-1579.3793937689736,-10.018499816270106,159.23884179015687,-0.037437281572075626,0.08568588292874578,-0.6437134945090123,-0.03801401640765998,0.08543158163901543,-0.6437134945090123,-8.497325223735393e-18,4.514836032773314e-20,5.00199757927308e-19,-8.497436506097033e-18,-1.2130837542621625e-20,5.00199757927308e-19,-1579.4174077853813,-9.93306823463109,158.59512829564787,-1678480.425587479,163.0390374689152,123339.35540176282,-0.005131258945137807,4581.72279598605
95.19229809675959,2001.0,12.0,14.0,14.0,23.0,3.0,1.0,3508866.866261013,22230.683934684042,-353345.1473810419,266.7055574901381,-286.7774232071028,4558.249922679775,3526683.099121654,4575.042677666254,3508936.989858984,-1445.5628502874988,-353345.1473810419,3526683.099121654,264.6620183006474,-537.2921999658428,4558.249922679775,4597.430940175751,12757963.649048572,0.7241566370671836,1.6336274527775072,9.996002811937589e-08,3.853412625864247e-06,6.182622048938034,-0.10036030887780362,-0.00041196600927485263,130483.09912165394,-0.04223058894481742,-0.04202481579112158,1602.4577228873968,-16088531236.346584,-1012192845.235302,-196438828.3341667,-16088128802.575523,-1884941889.2413182,16120340309.647556,16199366731.676706,-0.9949680453945269,0.00040989303820565185,0.10019191899296115,0.00041196599762198267,0.9999999151420048,0.0,0.10019191049087577,-4.1275663861596114e-05,0.9949681298255276,4561.852571186207,-537.183122619902,-0.11721568065810245,2.437070263503817e-09,162.96157017379136,0.0,-69.86157017379135,3.2,0.0,2.996120443183388e-17,2.289303600886297,1.5707963267948966,18.527577888978186,461.0,0.011858119419492956,0.3944569570446325,0.0,0.025888406295325503,-1579.4151524392182,-10.006500786090314,159.0481204005227,-0.037474685730462615,0.08587496010000534,-0.645162535795861,-0.03805326566727671,0.08562014841630505,-0.645162535795861,-8.51634284284329e-18,4.532108747029068e-20,5.007098215771805e-19,-8.516454776596927e-18,-1.2143146091133443e-20,5.007098215771805e-19,-1579.4532057048855,-9.920880637674008,158.40295786472683,-1678481.0326369721,163.22752190529548,123334.96800548019,-0.005029646208527841,4581.726119642526
95.39036601231336,2001.0,12.0,14.0,14.0,23.0,3.0,1.0,3508919.624868644,22173.88210638898,-352442.2975846679,266.02693177940887,-286.7816801898868,4558.317893411846,3526644.891105813,4575.071155503825,3508989.342557476,-1551.9838999117383,-352442.2975846679,3526644.891105813,263.97178452671915,-537.2992963834108,4558.317893411846,4597.45947826829,12757953.908998456,0.7241564265738599,1.6336274485649822,9.996002811937589e-08,3.870374036456436e-06,6.1828787522209545,-0.10010410030498189,-0.0004422879773073335,130444.89110581251,-0.04212281538296763,-0.04191756870729939,1609.3006425052881,-16088530255.638456,-1012192715.4934981,-196441434.48924956,-16088123730.207335,-1884967824.8134027,16120339322.728127,16199364743.6011,-0.9949936698778874,0.000440073766379438,0.0999369963427637,0.00044228796288737045,0.9999999021906741,0.0,0.09993698656799346,-4.420093052952355e-05,0.994993767197557,4561.902186663334,-537.1824922876908,-0.11721428117600007,2.448532668256249e-09,162.90698729401788,0.0,-69.80698729401786,3.2,0.0,2.996022056210117e-17,2.2892875330741997,1.5707963267948966,18.5307965396852,461.0,0.011914108200842766,0.39681121570169064,0.0,0.026010409048324617,-1579.4902361467723,-9.981257489140155,158.646884897216,-0.03755235408857851,0.08627190683642785,-0.6482050803690236,-0.03813481824476339,0.08601602667076716,-0.6482050803690236,-8.556272403193376e-18,4.568507552492807e-20,5.017694544408495e-19,-8.556385713965673e-18,-1.2168714739931788e-20,5.017694544408495e-19,-1579.528370965017,-9.895241462469388,157.998679816847,-1678482.3140720297,163.4160063416757,123330.66835712318,-0.004928033693804823,4581.729374067687
95.48705739255932,2001.0,12.0,14.0,14.0,23.0,3.0,1.0,3508945.331362612,22146.152689763094,-352001.54593697994,265.6956334133511,-286.78375433141895,4558.351011776375,3526626.2743466953,4575.085030677141,3509014.850062457,-1603.9362771799165,-352001.54593697994,3526626.2743466953,263.6348193949792,-537.3027461181775,4558.351011776375,4597.473382799107,12757949.137365632,0.7241563234532613,1.633627446501583,9.996002811937589e-08,3.878655188709043e-06,6.183004069797485,-0.09997902421607666,-0.0004570901617720827,130426.27434669528,-0.042070202322181345,-0.041865212659604495,1612.6460651606321,-16088529775.194956,-1012192651.9384502,-196442701.82169104,-16088121256.110376,-1884980461.6572678,16120338839.24204,16199363772.297947,-0.9950061551992773,0.000454807556118785,0.09981254563249345,0.0004570901458553338,0.9999998955342938,0.0,0.09981253520550538,-4.562333104134859e-05,0.9950062591433088,4561.926361323041,-537.182185110417,-0.11721359929111043,2.4543137767529073e-09,162.86078384770084,0.0,-69.76078384770084,3.2,0.0,2.995940025587619e-17,2.2892741364568967,1.5707963267948966,18.533480990163838,461.0,0.011942341332958822,0.39796455993010077,0.0,0.026071909131444616,-1579.526821856981,-9.96893336062239,158.45099613640173,-0.037592662823739444,0.08646915018242372,-0.6497375449758617,-0.03817705058633829,0.08621273131027736,-0.6497375449758617,-8.576306086815691e-18,4.5866192782621724e-20,5.023138900169115e-19,-8.576420080966287e-18,-1.2181838551136985e-20,5.023138900169115e-19,-1579.5649989075673,-9.882720629312113,157.80125859142586,-1678482.9418454412,163.60449077805598,123326.45645669181,-0.004826421396366305,4581.732559257516
95.6218818284922,2001.0,12.0,14.0,14.0,23.0,3.0,1.0,3508981.122484419,22107.48703710801,-351386.9657234815,265.23366508528284,-286.78664208657597,4558.397122201319,3526600.3542527277,4575.104348412955,3509050.3628035095,-1676.3781402694524,-351386.9657234815,3526600.354252728,263.16494942127594,-537.3075404259995,4558.397122201319,4597.4927414076255,12757942.464984097,0.7241561792549162,1.6336274436167537,1.0106459234841571e-07,3.8903447554573034e-06,6.183178812185319,-0.09980461852876636,-0.0004777298241451356,130400.3542527277,-0.04199683875346666,-0.04179220746543659,1617.3162280768156,-16088529103.373764,-1012192563.0751681,-196444463.5809643,-16088117808.524927,-1884998055.70042,16120338163.1668,16199362417.02873,-0.9950235383410952,0.0004753524561545251,0.09963900936485301,0.00047772980597342513,0.9999998858871098,0.0,0.09963899799475767,-4.760052461125552e-05,0.9950236518861201,4561.960019268416,-537.1817573720571,-0.11721264991367727,2.4624600919998634e-09,162.7867264363649,0.0,-69.68672643636488,3.2,0.0,2.995808881983398e-17,2.2892527190809946,1.5707963267948966,18.53777433399132,461.0,0.011982123434969955,0.3995773643481679,0.0,0.026158555230495022,-1579.5777615914321,-9.95174772093455,158.17783493144648,-0.037649735978140024,0.08674562804470598,-0.6518959953594913,-0.03823682026125656,0.08648845113888035,-0.6518959953594913,-8.604484433297419e-18,4.612063377179826e-20,5.03082290455189e-19,-8.604599387948048e-18,-1.2200354141794394e-20,5.03082290455189e-19,-1579.6159984116935,-9.86525926979567,157.525938936087,-1678483.8196890783,163.7929752144362,123322.33230418613,-0.004724809311609573,4581.735675207984
95.81421135250639,2001.0,12.0,14.0,14.0,23.0,3.0,1.0,3509032.071373654,22052.32910333156,-350510.24506081315,264.57463303178844,-286.7907526834221,4558.462760200917,3526563.4568288075,4575.131846013532,3509100.9127336876,-1779.7188989209342,-350510.24506081315,3526563.4568288075,262.4946454737443,-537.3143474804295,4558.462760200917,4597.520297187308,12757932.90849394,0.7241559727267756,1.6336274394860792,1.0106459234841571e-07,3.906890097222587e-06,6.183428089795685,-0.09955582118533082,-0.0005071722901633993,130363.45682880748,-0.04189218222957472,-0.04168806217114809,1623.9889904558659,-16088528141.168333,-1012192435.8195282,-196446965.93441314,-16088112894.995716,-1885023100.487066,16120337194.869663,16199360481.880825,-0.9950482830356261,0.0005046609598005961,0.099391447042329,0.0005071722684206081,0.9999998713881368,0.0,0.09939143425940981,-5.040858565806473e-05,0.9950484110106562,4562.007930744533,-537.1811483706371,-0.11721129848915597,2.47396295135776e-09,162.68130522516418,0.0,-69.58130522516419,3.1906526125820953,0.0,2.9956221533690023e-17,2.289222223984037,1.5707963267948966,18.543890957365175,461.0,0.012038300301653372,0.40188732794059345,0.0,0.02628079922819395,-1579.6502776262607,-9.927229812050932,157.78812922174743,-0.037728367209919324,0.08713560602693134,-0.6549411858908946,-0.03831927728296747,0.0868773648225944,-0.6549411858908946,-8.644231737932738e-18,4.6482440135832826e-20,5.04141489282087e-19,-8.644348065993414e-18,-1.2225803881624693e-20,5.04141489282087e-19,-1579.6885969035436,-9.840352447228337,157.13318803585653,-1678485.0769785028,163.98145965081648,123318.29589960608,-0.004623197434931549,4581.738721915056
95.93158944346551,2001.0,12.0,14.0,14.0,23.0,3.0,1.0,3509063.103033194,22018.666005307652,-349975.17905745714,264.17241301594873,-286.7932562632272,4558.502738358111,3526540.9835528494,4575.148593352475,3509131.6998445233,-1842.7880741338101,-349975.17905745714,3526540.9835528494,262.08554622759704,-537.3184832522467,4558.502738358111,4597.537079959694,12757927.054881139,0.7241558462222244,1.6336274369565351,1.0106459234841571e-07,3.917050191194808e-06,6.183580225657704,-0.09940397840465288,-0.000525140707833375,130340.98355284939,-0.04182830950656545,-0.0416245014509343,1628.066993445158,-16088527551.79552,-1012192357.8820484,-196448486.86923894,-16088109898.969889,-1885038354.3738463,16120336601.766138,16199359299.885492,-0.9950633542075592,0.0005225483222024757,0.09924035497947654,0.0005251406836967914,0.9999998621136217,0.0,0.09924034129558341,-5.211514786423459e-05,0.9950634914132602,4562.037111936001,-537.180777380414,-0.11721047538290837,2.480704934145184e-09,162.61709586528394,0.0,-69.51709586528396,3.1585479326419814,0.0,2.9955083959218874e-17,2.2892036459830667,1.5707963267948966,18.547619329614584,461.0,0.012071231928626757,0.40330228359375037,0.0,0.02635215036373523,-1579.694447006438,-9.912265296400085,157.5502721707308,-0.03777108446769687,0.08736326334256717,-0.6567185016107062,-0.038364264400018465,0.08710440758523134,-0.6567185016107062,-8.66741751756695e-18,4.669838471659662e-20,5.047177468603874e-19,-8.667534675959667e-18,-1.2239444362405578e-20,5.047177468603874e-19,-1579.732811270838,-9.825160888814853,156.8935536691201,-1678485.8471037503,164.1699440871967,123314.34724295168,-0.0045215857617288985,4581.74169937468
96.15055901117226,2001.0,12.0,14.0,14.0,23.0,4.0,1.0,3509120.8665983793,21955.866499529675,-348976.9975324781,263.4220389905228,-286.7979163679452,4558.577154771003,3526499.150896919,4575.179766026577,3509189.00504434,-1960.4453115954823,-348976.9975324781,3526499.150896919,261.3223388960056,-537.326160976381,4558.577154771003,4597.568318587097,12757916.092525389,0.7241556093099819,1.6336274322205455,1.0215721428991925e-07,3.936022628268842e-06,6.1838640411963555,-0.09912070956525125,-0.0005586604497007044,130299.15089691896,-0.041709152149138215,-0.04150592613873439,1635.6853016763926,-16088526448.05639,-1012192211.9448032,-196451311.56380755,-16088104315.384808,-1885066748.0668974,16120335491.041567,16199357092.958534,-0.9950914079057197,0.0005559182712682261,0.09895848052131827,0.000558660420640911,0.999999843949255,0.0,0.09895846507877366,-5.528418635402506e-05,0.9950915631904995,4562.091430053137,-537.1800866784627,-0.11720894324382967,2.493266860968326e-09,162.49878699559852,0.0,-69.39757399119704,3.1,0.0,2.99529870203443e-17,2.289169400372397,1.5707963267948966,18.554496061479657,461.0,0.012132593138104724,0.40595223368316447,0.0,0.026485105002753685,-1579.776669128519,-9.88434624085212,157.1065060801814,-0.037849709823317264,0.08778735234602435,-0.6600304139105081,-0.038447130184146625,0.08752735541667889,-0.6600304139105081,-8.710623985181066e-18,4.7102267094970333e-20,5.057790769959226e-19,-8.710742701697322e-18,-1.2264567011744435e-20,5.057790769959226e-19,-1579.815116258703,-9.79681888543544,156.44647566627089,-1678487.2893580217,164.35842852357698,123310.48633422295,-0.00441997428739789,4581.744607582798
96.2344025927902,2001.0,12.0,14.0,14.0,23.0,4.0,1.0,3509142.9408001904,21931.820260390137,-348594.7889049419,263.13470997533227,-286.7996971598017,4558.605592629798,3526483.1646499354,4575.191678065567,3509210.9029937764,-2005.4967841397713,-348594.7889049419,3526483.164649936,261.0300959801184,-537.3290878242304,4558.605592629798,4597.580255828611,12757911.880228292,0.7241555182759211,1.6336274304011662,1.0215721428991925e-07,3.9432932478215675e-06,6.183972716105205,-0.0990122439721287,-0.0005714950230243221,130283.1646499359,-0.04166352590134891,-0.04146052275714406,1638.6061436384916,-16088526023.946537,-1012192155.8753996,-196452388.79875323,-16088102179.310917,-1885077598.470438,16120335064.247993,16199356247.248484,-0.9951021284237793,0.0005686959757083801,0.09885054674280458,0.0005714949919153186,0.9999998366967238,0.0,0.09885053060018643,-5.649259241160393e-05,0.9951022909272437,4562.112187263058,-537.1798226840382,-0.11720835774881717,2.4982911100201438e-09,162.47594949990844,0.0,-69.35189899981688,3.1,0.0,2.9952574899384197e-17,2.289162669926355,1.5707963267948966,18.555848197320245,461.0,0.012157133977991503,0.4069705037797371,0.0,0.026538543863060444,-1579.8080913029178,-9.873655102936558,156.9365732284706,-0.037883375028412575,0.0879579118462376,-0.661363489726352,-0.03848247821529384,0.0876974528153657,-0.661363489726352,-8.728112380398746e-18,4.726227349840765e-20,5.062381741413232e-19,-8.72823170844946e-18,-1.2275625586384046e-20,5.062381741413232e-19,-1579.846573781133,-9.785957650121192,156.27520973874425,-1678487.8435464501,164.5469129599572,123306.71317341988,-0.004318363007334548,4581.74744653534
96.37721638904834,2001.0,12.0,14.0,14.0,23.0,4.0,1.0,3509180.4851185186,21890.861090523675,-347943.7536796339,262.6452789370929,-286.8027258987768,4558.653960143945,3526455.974864935,4575.211937655674,3509248.1461465103,-2082.23514608064,-347943.7536796339,3526455.9748649346,260.53229489268824,-537.3340567064982,4558.653960143945,4597.600558281982,12757904.685765259,0.7241553627924293,1.6336274272942901,1.0215721428991925e-07,3.955718057912152e-06,6.184157828240963,-0.09882748834892513,-0.0005933564156760121,130255.9748649341,-0.04158580802171416,-0.041383184494411335,1643.586505189538,-16088525299.584993,-1012192060.1200769,-196454218.16499567,-16088098543.198318,-1885096052.8575482,16120334335.303322,16199354805.793772,-0.9951203619608257,0.0005904611204342032,0.09866669431282504,0.0005933563808586656,0.9999998239640872,0.0,0.09866667694394345,-5.8544512648746154e-05,0.9951205371377778,4562.147491177821,-537.1793736168128,-0.11720736193546157,2.5068364710207096e-09,162.43710694990588,0.0,-69.27421389981173,3.1,0.0,2.9951873900733773e-17,2.289151221749609,1.5707963267948966,18.55814858612096,461.0,0.012198874462578621,0.40870969258392736,0.0,0.026629434567354737,-1579.8615363905042,-9.855443338423154,156.64710196495346,-0.03794013151404591,0.08824794353926226,-0.6636308441628425,-0.038542102454069874,0.08798670045314745,-0.6636308441628425,-8.757856436575334e-18,4.753517949481365e-20,5.07012459985096e-19,-8.757976810186071e-18,-1.2294274952917707e-20,5.07012459985096e-19,-1579.9000784929583,-9.767456637970007,155.98347112079063,-1678488.7900826596,164.73539739633745,123303.02776054245,-0.004216751916934529,4581.750216228227
96.67721638904833,2001.0,12.0,14.0,14.0,23.0,4.0,1.0,3509259.124478272,21804.81932061262,-346576.14228590496,261.6171079069854,-286.8090695139618,4558.755268405705,3526399.023831732,4575.254370056581,3509326.1489736736,-2243.436920856723,-346576.14228590496,3526399.023831732,259.48654132422445,-537.3444267116869,4558.755268405705,4597.64308045582,12757889.492854014,0.724155034448632,1.6336274207354677,1.0215721428991925e-07,3.981789914784927e-06,6.184546690907652,-0.09843937449902958,-0.000639278459740532,130199.02383173257,-0.04142254665254928,-0.04122072056638118,1654.0697184503078,-16088523769.930511,-1012191857.9440864,-196458038.3708591,-16088090914.6549,-1885134705.9773185,16120332795.97261,16199351774.02856,-0.9951585527495107,0.000636183513463839,0.09828046682854413,0.0006392784161974711,0.9999997956615324,0.0,0.09828044674606415,-6.282858117729978e-05,0.995158756098726,4562.221436059004,-537.1784327663878,-0.11720527617206059,2.52473536716976e-09,162.31149666209308,0.0,-69.15574833104654,3.1,0.0,2.994963495667173e-17,2.2891146570182332,1.5707963267948966,18.56549983203471,461.0,0.012286301625256322,0.41238247729272653,0.0,0.026819882253176722,-1579.9734872934666,-9.817182259778031,156.0389520171406,-0.03805678884679147,0.08886129922122733,-0.6683772706737164,-0.03866483116577531,0.088598422714718,-0.6683772706737164,-8.819949181904183e-18,4.810875978876507e-20,5.085959165117342e-19,-8.820071764728567e-18,-1.2332444143615343e-20,5.085959165117342e-19,-1580.0121521246324,-9.728583837063313,155.37057474646687,-1678490.788934525,164.9238818327177,123299.43009559067,-0.0041151410115931675,4581.75291665737
96.9173463767879,2001.0,12.0,14.0,14.0,23.0,4.0,1.0,3509321.847774446,21735.94725448622,-345481.4387324892,260.7940731186631,-286.8141289241064,4558.836071499968,3526353.5992833693,4575.28821167952,3509388.358967158,-2372.4704212798324,-345481.4387324892,3526353.5992833693,258.64943279187867,-537.3526609912666,4558.836071499968,4597.676993674873,12757877.254171913,0.7241547699491625,1.6336274154532007,1.0323827311807144e-07,4.002758118797197e-06,6.184857958481947,-0.09812870621826059,-0.0006760351996360627,130153.59928336926,-0.04129186264613684,-0.041090674861979974,1662.4824665486813,-16088522537.731007,-1012191695.101353,-196461074.16109154,-16088084817.929838,-1885165535.013997,16120331555.979656,16199349343.630123,-0.9951890132856618,0.000672782905764745,0.09797129783090908,0.0006760351481420582,0.9999997714882132,0.0,0.09797127544331276,-6.623204084278832e-05,0.9951892406981334,4562.280413250014,-537.1776820922355,-0.11720361259218129,2.539103092607242e-09,162.1817122381979,0.0,-69.0817122381979,3.090856119098947,0.0,2.994733314470642e-17,2.2890770655760817,1.5707963267948966,18.57306377971914,461.0,0.012356479175620577,0.41534116352992934,0.0,0.026972684691919945,-1580.0627861259957,-9.786552179530549,155.55209476858437,-0.03814887281937907,0.08935611971533618,-0.6721825988251355,-0.03876182024847699,0.08909194081955679,-0.6721825988251355,-8.869611809866356e-18,4.857012150866188e-20,5.098402295491787e-19,-8.869736179044036e-18,-1.2362385749100293e-20,5.098402295491787e-19,-1580.1015479462442,-9.697460238710992,154.87991216975922,-1678492.399117373,165.11236626909795,123295.92017856454,-0.004013530286705511,4581.7555478186705
97.03773634000667,2001.0,12.0,14.0,14.0,23.0,5.0,1.0,3509353.219924052,21701.417559693073,-344932.59819211304,260.38142439902043,-286.81665937359804,4558.8764861935615,3526330.879400141,4575.30513721597,3509419.472498861,-2437.162535688595,-344932.59819211304,3526330.879400141,258.22972812326253,-537.356767112971,4558.8764861935615,4597.693955018893,12757871.0917401,0.7241546367676823,1.6336274127940433,1.0323827311807144e-07,4.0132841299201095e-06,6.185014016495089,-0.09797294863421635,-0.0006944630480880759,130130.8794001406,-0.04122634239570268,-0.041025474627557325,1666.7074353694916,-16088521917.29834,-1012191613.1162671,-196462588.81337392,-16088081764.41687,-1885180954.3663132,16120330931.623419,16199348123.862003,-0.9952042484158048,0.0006911326869312892,0.09781628837132522,0.0006944629922672619,0.9999997588605471,0.0,0.09781626478395897,-6.792979231482789e-05,0.9952044883988705,4562.309911110688,-537.1773065453694,-0.11720278053692916,2.54656819709666e-09,162.116798286116,0.0,-69.016798286116,3.0583991430580006,0.0,2.994618155210791e-17,2.289058258641718,1.5707963267948966,18.576850403433802,461.0,0.012392937756736867,0.4168309652109208,0.0,0.027051707081081133,-1580.1074524975204,-9.77119413946416,155.30798265570027,-0.038197776601446826,0.0896086478319737,-0.6741510461637255,-0.038813220081882455,0.08934379581394603,-0.6741510461637255,-8.895303160375619e-18,4.880686408498654e-20,5.105003129137983e-19,-8.895428444367583e-18,-1.2378049377182602e-20,5.105003129137983e-19,-1580.1462657176023,-9.681850343650215,154.63383160953654,-1678493.2098792102,165.3008507054782,123292.49800946406,-0.0039119197376661944,4581.758109708024
97.26276800653845,2001.0,12.0,14.0,14.0,23.0,5.0,1.0,3509411.7272013878,21636.87419769398,-343906.698135497,259.6100744326507,-286.8213783319812,4558.951856587451,3526288.5081011355,4575.336700669947,3509477.4940924337,-2558.085684515541,-343906.698135497,3526288.508101136,257.44518919661414,-537.3644025399248,4558.951856587451,4597.72558524753,12757859.524850952,0.7241543867850826,1.63362740780407,1.0430812835693365e-07,4.033015174778102e-06,6.1853057238428555,-0.09768180279444022,-0.0007289077179663101,130088.50810113642,-0.041103870139037865,-0.040903600543619245,1674.617502257228,-16088520752.755384,-1012191459.251274,-196465406.8537915,-16088076062.312054,-1885209709.9872618,16120329759.717222,16199345841.528868,-0.995232660637358,0.0007254328959864486,0.09752653458315201,0.0007289076534207484,0.9999997343467811,0.0,0.09752650867491418,-7.10878374692628e-05,0.9952329250241881,4562.36492182679,-537.1766060185997,-0.11720122882480564,2.5604901953408897e-09,161.99573743181836,0.0,-68.89573743181836,2.9978687159091755,0.0,2.994403336018676e-17,2.2890231760052773,1.5707963267948966,18.58391827856801,461.0,0.012460932973632821,0.41962741843370993,0.0,0.027199075011827608,-1580.1907563148156,-9.74248428525313,154.85164684903805,-0.03828772741849645,0.0900794359605341,-0.677821963979817,-0.03890783954779917,0.08981333350657776,-0.677821963979817,-8.943209872010293e-18,4.925022855173793e-20,5.117149237806826e-19,-8.943336875553548e-18,-1.2406860959755884e-20,5.117149237806826e-19,-1580.2296641543635,-9.652670951746552,154.17382488505822,-1678494.7316818926,165.48933514185845,123289.16358828926,-0.0038103093598696397,4581.760602321311
97.29030542524225,2001.0,12.0,14.0,14.0,23.0,5.0,1.0,3509418.874892978,21628.975869384816,-343781.1562428552,259.5156805370785,-286.82195481916796,4558.961064342173,3526283.331702081,4575.340556548641,3509484.5821464504,-2572.883325865098,-343781.1562428552,3526283.331702081,257.34918134601855,-537.3653333456213,4558.961064342173,4597.729449283531,12757858.10515631,0.7241543561026881,1.6336274071917276,1.0430812835693365e-07,4.035409431596622e-06,6.185341420928274,-0.09764617441708939,-0.0007331227149438565,130083.33170208102,-0.04108888282705118,-0.040888686431013725,1675.586552247405,-16088520609.82279,-1012191440.3681525,-196465750.52809915,-16088075365.036114,-1885213222.9388354,16120329615.881,16199345562.032927,-0.9952361316503963,0.0007296303455636414,0.0974910759870556,0.0007331226492720799,0.9999997312655544,0.0,0.09749104978784534,-7.147291590801585e-05,0.9952363991046982,4562.371642253174,-537.1765204234299,-0.11720103925803331,2.5618337819277224e-09,161.99166462760127,0.0,-68.88332925520253,3.0,0.0,2.994395763886346e-17,2.289021939382222,1.5707963267948966,18.58416751465301,461.0,0.01246750264953316,0.4199706569351324,0.0,0.02721339861188845,-1580.2009336580154,-9.738970775869795,154.79580051143319,-0.0382935345228273,0.09012503411374949,-0.6781796003740632,-0.03891413627212683,0.08985881458404522,-0.6781796003740632,-8.947907837496357e-18,4.929811049395488e-20,5.117965969203593e-19,-8.948035035294243e-18,-1.2408834504573733e-20,5.117965969203593e-19,-1580.2398477942875,-9.64911196128575,154.11762091105913,-1678494.9184648152,165.6778195782387,123285.91691504008,-0.0037086991487098185,4581.763025654411
97.33068575238363,2001.0,12.0,14.0,14.0,23.0,5.0,1.0,3509429.3514263695,21617.393887956237,-343597.06363113946,259.3772620913763,-286.8227997840228,4558.974560339872,3526275.744536629,4575.3462081455755,3509494.9711481123,-2594.5823413553653,-343597.06363113946,3526275.744536629,257.2083962266786,-537.3666968613177,4558.974560339872,4597.735112836675,12757856.021959089,0.7241543110806676,1.6336274062932428,1.0430812835693365e-07,4.03898441186139e-06,6.185393766617523,-0.09759392947837171,-0.0007393034866779976,130075.74453662895,-0.041066905641278406,-0.04086681658342292,1677.0077866911888,-16088520400.090158,-1012191412.6605474,-196466254.0236596,-16088074342.789719,-1885218371.9343684,16120329404.822464,16199345152.134323,-0.9952412191773388,0.0007357854374761345,0.09743907978934584,0.000739303419331192,0.9999997267151898,0.0,0.0974390531607254,-7.203704486474822e-05,0.9952414911617208,4562.381492503172,-537.1763949603509,-0.11720076140657913,2.56392025242704e-09,161.9821806707862,0.0,-68.86436134157236,3.0,0.0,2.9943785405393803e-17,2.2890191265962043,1.5707963267948966,18.58473444539589,461.0,0.012477701744014778,0.4204743121508875,0.0,0.02723559974803412,-1580.2158509456428,-9.733818537763094,154.71390699676746,-0.038303671013066316,0.09019576792216295,-0.67873358126934,-0.038925017710331127,0.08992936539527177,-0.67873358126934,-8.955172209149015e-18,4.937046437560586e-20,5.119372117433873e-19,-8.955299697681572e-18,-1.2412210594862704e-20,5.119372117433873e-19,-1580.2547759633533,-9.643889172367823,154.03517341549812,-1678495.1925418954,165.86630401461895,123282.75798971657,-0.0036070890995804515,4581.76537970319
97.39376078937153,2001.0,12.0,14.0,14.0,23.0,5.0,1.0,3509445.7048378964,21599.302487645065,-343309.5054775767,259.1610465523465,-286.8241187241974,4558.995626962381,3526263.9013018254,4575.355029917802,3509511.1876417566,-2628.4768327262213,-343309.5054775767,3526263.9013018254,256.9884838824291,-537.3688233756724,4558.995626962381,4597.743953271697,12757852.76463009,0.7241542406832596,1.6336274048884538,1.0430812835693365e-07,4.0445056613694284e-06,6.185475532283706,-0.09751232118378461,-0.0007489579604450724,130063.90130182588,-0.04103257654341841,-0.04083265515054175,1679.228365585208,-16088520072.148817,-1012191369.3380481,-196467039.3981401,-16088072746.549429,-1885226409.2506468,16120329074.808014,16199344511.737888,-0.9952491605481132,0.0007453999207931774,0.09735785950417203,0.000748957890425241,0.9999997195309999,0.0,0.09735783219831051,-7.291693707056168e-05,0.9952494396847285,4562.396868238839,-537.1761991076236,-0.11720032769461355,2.567177141997879e-09,161.96737662728236,0.0,-68.83475325456475,3.0,0.0,2.9943516548505e-17,2.2890147358300017,1.5707963267948966,18.58561949727449,461.0,0.012493622231896562,0.42126183937661715,0.0,0.02727025487660422,-1580.2391364787277,-9.725770387205822,154.5859836876672,-0.03831940239266297,0.0903061713576948,-0.6795983266125094,-0.038941912944567725,0.09003948356823172,-0.6795983266125094,-8.966511497980235e-18,4.9483544485921403e-20,5.121555159386538e-19,-8.96663944136716e-18,-1.2417451649691669e-20,5.121555159386538e-19,-1580.2780783916724,-9.63573090363759,153.9063853610547,-1678495.6210945006,166.0547884509992,123279.68681231872,-0.0035054792078748763,4581.767664463506
97.55311315088065,2001.0,12.0,14.0,14.0,23.0,5.0,1.0,3509486.9592392994,21553.596121711485,-342583.0145211614,258.6147868331923,-286.82744591343544,4559.048771042815,3526234.024623846,4575.377283726994,3509552.0950960233,-2714.108250775167,-342583.0145211614,3526234.0246238466,256.4328845552096,-537.3741776991836,4559.048771042815,4597.766254159315,12757844.516854683,0.7241540624319072,1.6336274013319767,1.0536712127723512e-07,4.058535805259242e-06,6.18568210695463,-0.09730614407697136,-0.0007733487454121596,130034.02462384664,-0.0409458466067952,-0.04074634880261252,1684.841811850667,-16088519241.783775,-1012191259.6516223,-196469017.60719025,-16088068716.671543,-1885246684.5869312,16120328239.194286,16199342893.12289,-0.9952691938733128,0.000769690335871763,0.09715265978630153,0.0007733486683262693,0.9999997009658739,0.0,0.0971526307343408,-7.513288007009139e-05,0.9952694914928555,4562.43565585789,-537.1757049761802,-0.11719923358967906,2.57539322844217e-09,161.93003077980833,0.0,-68.76006155961663,3.0,0.0,2.9942838265895075e-17,2.28900365863435,1.5707963267948966,18.58785272814032,461.0,0.012533785298655427,0.42325592902502557,0.0,0.027357679297454928,-1580.2978800085687,-9.7054363367928,154.2627791077713,-0.03835859232003779,0.09058463523155834,-0.6817798300767592,-0.03898404445817571,0.0903172299314606,-0.6817798300767592,-8.995116454527087e-18,4.976956302016931e-20,5.126997708672753e-19,-8.99524555096574e-18,-1.2430516410028275e-20,5.126997708672753e-19,-1580.3368640530268,-9.61511910686134,153.58099927769456,-1678496.7062194124,166.24327288737945,123276.7033828465,-0.0034038694689861237,4581.769879931216
97.69500317268879,2001.0,12.0,14.0,14.0,23.0,5.0,1.0,3509523.6195879285,21512.897959516908,-341936.1276430233,258.1283709192804,-286.830402502,4559.095996758192,3526207.4749809713,4575.397058543605,3509588.445264501,-2790.3566213125605,-341936.1276430233,3526207.4749809713,255.93815246941733,-537.3789234650307,4559.095996758192,4597.786070809566,12757837.150652766,0.7241539032326899,1.6336273981563327,1.0430812835693365e-07,4.070963421330687e-06,6.18586604743866,-0.09712255757329788,-0.000795066452056768,130007.47498097131,-0.040868619453738535,-0.04066949882122636,1689.8440773785114,-16088518500.178585,-1012191161.7007244,-196470771.868363,-16088065131.845695,-1885264701.8031588,16120327492.902138,16199341451.015,-0.9952869960618071,0.0007913194674762064,0.09696994010395503,0.0007950663682924567,0.9999996839346851,0.0,0.09696990945512038,-7.709753811198859e-05,0.9952873106376044,4562.470123615232,-537.1752658008006,-0.11719826133644741,2.582829649109419e-09,161.8927856599181,0.0,-68.6927856599181,3.0,0.0,2.994216472587047e-17,2.288992658890994,1.5707963267948966,18.59007089362723,461.0,0.012570134669199156,0.42503687660004913,0.0,0.027436804541037387,-1580.3500838532884,-9.687329045029093,153.97496827691086,-0.03839481157413484,0.09083660530173056,-0.6837538852430074,-0.03902291604898363,0.09056855106266014,-0.6837538852430074,-9.02098618097505e-18,5.0027139863632673e-20,5.132012669512903e-19,-9.021116315335678e-18,-1.244255802549444e-20,5.132012669512903e-19,-1580.3891067693373,-9.596760493966434,153.29121439166784,-1678497.6753606163,166.4317573237597,123273.80770129996,-0.003302259878306854,4581.77202610216
97.74880643639807,2001.0,12.0,14.0,14.0,23.0,5.0,1.0,3509537.502774791,21497.465517608518,-341690.832917675,257.94392271022326,-286.83152213165397,4559.113880939719,3526197.4206936248,4575.404547002235,3509602.2105256305,-2819.2694095221605,-341690.832917675,3526197.4206936248,255.7505508452061,-537.3807176363039,4559.113880939719,4597.793575109931,12757834.351556135,0.7241538427381682,1.6336273969497805,1.0430812835693365e-07,4.0756787035369445e-06,6.185935796530374,-0.0970529427006214,-0.0008033015236451271,129997.4206936243,-0.040839335363182995,-0.040640357750646054,1691.742142572999,-16088518218.375977,-1012191124.4829566,-196471435.3021078,-16088063773.321577,-1885271524.8057554,16120327209.318695,16199340903.92554,-0.9952937376476415,0.0007995211479020347,0.09690065306963509,0.000803301437250943,0.9999996773533484,0.0,0.09690062180496384,-7.784043388139288e-05,0.9952940587759369,4562.483176334289,-537.175099467143,-0.1171978931496629,2.5861332006663013e-09,161.86405912464085,0.0,-68.66405912464086,3.0,0.0,2.994165474202806e-17,2.2889843302227972,1.5707963267948966,18.591750784857936,461.0,0.012586270760844403,0.4257136313774319,0.0,0.027471941700753285,-1580.369853801458,-9.680462571009313,153.86582740217452,-0.03841554553143163,0.09094849021448373,-0.6846291839569074,-0.039044770116807494,0.09068014080986639,-0.6846291839569074,-9.032406659629806e-18,5.01339268175628e-20,5.134815203351352e-19,-9.032537212230828e-18,-1.2449305536844596e-20,5.134815203351352e-19,-1580.4088985715748,-9.589782430199447,153.18119821821762,-1678498.0436266623,166.62024176013995,123270.99976767905,-0.003200650431229431,4581.77410297218
97.88143573995654,2001.0,12.0,14.0,14.0,23.0,5.0,1.0,3509571.683545358,21459.423069686276,-341086.15789720713,257.4892334156042,-286.83427862934224,4559.157912025998,3526172.666772142,4575.422983234558,3509636.0998753225,-2890.5421325573348,-341086.15789720713,3526172.6667721425,255.28808811710584,-537.3851277819889,4559.157912025998,4597.81205034362,12757827.436369944,0.7241536932857856,1.6336273939694212,1.0536712127723512e-07,4.087429530131677e-06,6.1861077352428815,-0.09688133483210598,-0.0008236014779679656,129972.66677214252,-0.04076714697895052,-0.04056852192263157,1696.424774080515,-16088517522.183846,-1012191032.5434536,-196473066.57995158,-16088060426.21143,-1885288323.0251389,16120326508.727448,16199339554.570011,-0.9953103354658019,0.0008197392486747781,0.09672985135167454,0.0008236013848571595,0.9999996608403219,0.0,0.09672981854480929,-7.966683953026633e-05,0.9953106730350494,4562.515312106626,-537.1746898997111,-0.1171969866715343,2.594266632010309e-09,161.79333363469297,0.0,-68.59333363469297,3.0,0.0,2.9940398980240076e-17,2.288963822076467,1.5707963267948966,18.595888614361414,461.0,0.01262599887693609,0.42738557623558165,0.0,0.027558450803204675,-1580.4185290485946,-9.663535297208794,153.59677264041096,-0.038466197024375585,0.09122390593201599,-0.6867841997885094,-0.03909818371742802,0.09095483141103407,-0.6867841997885094,-9.060522840397497e-18,5.039743257443138e-20,5.141663239773304e-19,-9.060654427060018e-18,-1.246579209438494e-20,5.141663239773304e-19,-1580.457627232312,-9.57258046579776,152.90998844062244,-1678498.9534309804,166.80872619652018,123268.2795819838,-0.0030990411231458155,4581.7761105371055
98.1528609724559,2001.0,12.0,14.0,14.0,23.0,6.0,1.0,3509641.446332085,21381.568245143088,-339848.6752003155,256.5586703316297,-286.8399043604453,4559.2477781841035,3526122.1441277387,4575.460609046102,3509705.263056712,-3036.403234582796,-339848.6752003155,3526122.1441277387,254.3416166715572,-537.3940971088208,4559.2477781841035,4597.849755750528,12757813.216855591,0.7241533859695679,1.6336273878429926,1.0641557616804321e-07,4.1113435212764476e-06,6.1864596144363935,-0.0965301326428497,-0.0008651445775195422,129922.14412773866,-0.04061941032898007,-0.04042150678024271,1706.0242778807878,-16088516090.63576,-1012190843.5239291,-196476386.66384506,-16088053584.146503,-1885322607.2508876,16120325068.13564,16199336789.828678,-0.9953442108923067,0.0008611168616604787,0.09638029010602646,0.0008651444695963448,0.9999996257624534,0.0,0.09638025403690315,-8.33828749633201e-05,0.9953445833876217,4562.580899429363,-537.1738537527208,-0.11719513658669432,2.610866929457292e-09,161.6489832221105,0.0,-68.4489832221105,2.974491611055252,0.0,2.9937835233572193e-17,2.288921952915993,1.5707963267948966,18.60434227126978,461.0,0.012707086573393225,0.43082359945549437,0.0,0.02773471357971604,-1580.5178799186815,-9.628889853539913,153.04609198245458,-0.03856723794053587,0.09178531324336947,-0.6911749741736413,-0.03920487793589378,0.09151476993129051,-0.6911749741736413,-9.117801978233097e-18,5.093755325308346e-20,5.155333612829445e-19,-9.117935694873515e-18,-1.2498510080003039e-20,5.155333612829445e-19,-1580.5570847966173,-9.537375083608623,152.35491700828095,-1678500.8242406212,166.99721063290045,123265.64714421422,-0.002997431949447657,4581.778048792759
98.45286097245588,2001.0,12.0,14.0,14.0,23.0,6.0,1.0,3509718.2596453186,21295.51534411532,-338480.8860147811,255.53007258041646,-286.8460982336322,4559.346724913357,3526066.5154331513,4575.502033661767,3509781.4086163645,-3197.6229399236995,-338480.8860147811,3526066.515433152,253.29543567657473,-537.4039231355491,4559.346724913357,4597.8912679960395,12757797.395591132,0.724153044033917,1.6336273810293256,1.0641557616804321e-07,4.137883701893822e-06,6.186848549926573,-0.09614194532041812,-0.0009110601723985682,129866.5154331522,-0.040456115041887314,-0.04025900896333166,1716.6595315784216,-16088514497.852934,-1012190633.2601128,-196480027.72938892,-16088046034.028118,-1885360355.0429506,16120323465.293322,16199333728.97392,-0.9953815089007796,0.00090685270000668,0.09599390270526452,0.0009110600463639308,0.9999995849847099,0.0,0.09599386286632713,-8.745620944931295e-05,0.9953819219994967,4562.653112733433,-537.1729327533328,-0.11719309957477449,2.6291947086335276e-09,161.4950220473603,0.0,-68.2900440947206,2.9,0.0,2.993509810086815e-17,2.288877252146662,1.5707963267948966,18.613376429095638,461.0,0.01279661654263888,0.4346491274510185,0.0,0.02792876088518084,-1580.627279261997,-9.590591035718266,152.43734179329832,-0.03867543774094274,0.09240400790136676,-0.6960090588862036,-0.03931933869725428,0.09213186074914578,-0.6960090588862036,-9.180876741979166e-18,5.1536881840854773e-20,5.169999394179599e-19,-9.181012837325527e-18,-1.2533254476074363e-20,5.169999394179599e-19,-1580.6665986006942,-9.49845917496912,151.7413327344121,-1678502.9057915844,167.18569506928068,123263.10245437028,-0.002895822905526274,4581.779917734963
98.57509716201032,2001.0,12.0,14.0,14.0,23.0,6.0,1.0,3509749.4690516205,21260.452216229896,-337923.56638646254,255.11094593667653,-286.8486146879813,4559.3869266365855,3526043.913375997,4575.518863393498,3509812.344431292,-3263.313390984266,-337923.56638646254,3526043.913375997,252.86914464100226,-537.4079004226265,4559.3869266365855,4597.908133328974,12757790.91702252,0.7241529040158471,1.6336273782401354,1.0641557616804321e-07,4.1487359033075866e-06,6.1870070267148884,-0.09598377334320941,-0.0009297683552276485,129843.91337599652,-0.04038957810814847,-0.04019279696334997,1721.0006815493107,-16088513845.638802,-1012190547.1752591,-196481502.72744665,-16088042961.333918,-1885375691.6323633,16120322808.960909,16199332480.236279,-0.9953966628483749,0.0009254885847010962,0.09583645997843485,0.0009297682212683041,0.999999567765434,0.0,0.09583641855460416,-8.910569492680038e-05,0.9953970930934055,4562.68245235192,-537.1725584415294,-0.11719227194771331,2.6369439853726234e-09,161.46273339428075,0.0,-68.22546678856146,2.9,0.0,2.993451392487412e-17,2.288867711828679,1.5707963267948966,18.61530573105196,461.0,0.012834470631215556,0.43621566639596987,0.0,0.028011179532565256,-1580.67173072957,-9.574984225242194,152.1892754011105,-0.03872385602827846,0.09266686901394557,-0.6980649864541055,-0.039370390725087544,0.09239403645636728,-0.6980649864541055,-9.207839410608182e-18,5.178887066127503e-20,5.176626348177486e-19,-9.207976499532087e-18,-1.2549212661592856e-20,5.176626348177486e-19,-1580.711101120295,-9.482590188785826,151.4912104146564,-1678503.7581567243,167.37417950566095,123260.645512452,-0.0027942139867726014,4581.781717359527
98.76448053635121,2001.0,12.0,14.0,14.0,23.0,6.0,1.0,3509797.72133257,21206.127489033715,-337060.08841632126,254.4615599900526,-286.85250517991,4559.449081127168,3526008.968751725,4575.544882156872,3509860.1711012707,-3365.090093853104,-337060.08841632126,3526008.9687517243,252.20865870278732,-537.4140323731807,4559.449081127168,4597.934207131246,12757780.842130566,0.7241526862715574,1.6336273739036855,1.0745380149674388e-07,4.165587562529626e-06,6.1872525624601975,-0.09573870980971391,-0.000958753026826515,129808.96875172434,-0.040286489038871165,-0.0400902113230988,1727.735756635666,-16088512831.380817,-1012190413.3211949,-196483778.2042047,-16088038204.814257,-1885399402.7585711,16120321788.299622,16199330543.654663,-0.9954200917259235,0.000954362318325132,0.09559252157422818,0.0009587528799443809,0.999999540396352,0.0,0.09559247763955654,-9.164960536043663e-05,0.9954205492248392,4562.727812849826,-537.1719795978527,-0.11719099238598765,2.6489249994088024e-09,161.41281250246334,0.0,-68.12562500492663,2.9,0.0,2.9933610648568e-17,2.2888529602071217,1.5707963267948966,18.618289709576487,461.0,0.01289299772020238,0.4386518427172311,0.0,0.02813860666657657,-1580.7404589195496,-9.550802171640397,151.80490761854756,-0.038797740553833476,0.09307316132573086,-0.7012436698504477,-0.03944835801952525,0.0927992730618697,-0.7012436698504477,-9.249524734470093e-18,5.217994596784753e-20,5.186745051129494e-19,-9.249663370388446e-18,-1.2573576639168162e-20,5.186745051129494e-19,-1580.7799072775692,-9.458002898578528,151.10366394869712,-1678505.083680667,167.56266394204118,123258.27631845936,-0.0026926051885772717,4581.783447662258
98.86970365801444,2001.0,12.0,14.0,14.0,23.0,6.0,1.0,3509824.477588911,21175.943859559182,-336580.32713883696,254.10074306475022,-286.85466240760394,4559.483545922771,3525989.591688765,4575.559309036604,3509886.689975837,-3421.638654374978,-336580.32713883696,3525989.591688765,251.84167450473822,-537.4174235014526,4559.483545922771,4597.948664528647,12757775.224730812,0.7241525648647653,1.6336273714864138,1.0641557616804321e-07,4.174932023090966e-06,6.187388986430538,-0.09560254818631349,-0.0009748569890399393,129789.59168876475,-0.04022921084646504,-0.040033212841257076,1731.4825924485922,-16088512265.87058,-1012190338.6985234,-196485037.35694587,-16088035564.190163,-1885412550.5005882,16120321219.219727,16199329466.682804,-0.9954330830269934,0.0009704052055174082,0.09545698261055631,0.0009748568346313491,0.9999995248269631,0.0,0.09545693725197199,-9.305689191118666e-05,0.9954335560301792,4562.752965094715,-537.1716585575474,-0.11719028286820425,2.6554198736915867e-09,161.37026196789924,0.0,-68.07026196789924,2.9,0.0,2.9932850159459374e-17,2.288840540477463,1.5707963267948966,18.620802757216794,461.0,0.012924726833437384,0.4400101718190034,0.0,0.028207687122252585,-1580.7785705874064,-9.537365323792079,151.59133222179605,-0.03883595190988601,0.0932929979437792,-0.702965636733416,-0.03948880120442878,0.0930185422672387,-0.702965636733416,-9.272039363100009e-18,5.239418939073492e-20,5.191953443286545e-19,-9.272178853526128e-18,-1.2586110631795177e-20,5.191953443286545e-19,-1580.818059388611,-9.44434678152484,150.88836658506264,-1678505.8227463663,167.75114837842145,123255.99487239239,-0.0025909965063304874,4581.785108638959
98.98589987860976,2001.0,12.0,14.0,14.0,23.0,6.0,1.0,3509853.9799855677,21142.61229369535,-336050.5301744464,253.70228855579168,-286.8570409793343,4559.52154776015,3525968.225850264,4575.575216043003,3509915.929481591,-3484.0847448065697,-336050.5301744464,3525968.225850264,251.43640956097866,-537.421155126665,4559.52154776015,4597.96460518344,12757769.005848488,0.724152430458054,1.6336273688107659,1.0745380149674388e-07,4.185290287823706e-06,6.18753963897611,-0.09545218532937362,-0.0009926401858267328,129768.22585026408,-0.040165958646512755,-0.039970269521919656,1735.6236644238234,-16088511639.81156,-1012190256.0931578,-196486423.57544714,-16088032650.036036,-1885427047.4606383,16120320589.20929,16199328276.646877,-0.995447407537315,0.0009881214241419902,0.09530730529864888,0.0009926400228129643,0.9999995073327712,0.0,0.09530725834386289,-9.460584570589298e-05,0.9954478979618723,4562.7806984556655,-537.1713045135511,-0.11718950053616886,2.6624400777703716e-09,161.30921671504024,0.0,-68.00921671504024,2.9,0.0,2.9931764852505817e-17,2.288822816069833,1.5707963267948966,18.624390385974166,461.0,0.012959023871060592,0.4415139661274654,0.0,0.02828235746169649,-1580.8205949907565,-9.522526331968887,151.3554700812687,-0.038875536497689496,0.09353022144436171,-0.704825712537386,-0.039530815372099855,0.09325515694818963,-0.704825712537386,-9.296293928174971e-18,5.262782483394985e-20,5.197323245914345e-19,-9.296434356865372e-18,-1.2599026259468606e-20,5.197323245914345e-19,-1580.8601258061285,-9.429271175020698,150.6506443687313,-1678506.6409482174,167.93963281480168,123253.80117425104,-0.0024893879354222098,4581.7867002854255
99.20009513975475,2001.0,12.0,14.0,14.0,23.0,7.0,1.0,3509908.2431470323,21081.168406170087,-335073.89477700496,252.96775268262192,-286.86141566222574,4559.591443030337,3525928.9280888643,4575.604471875657,3509969.7059579734,-3599.198543119292,-335073.89477700496,3525928.928088864,250.68931934595093,-537.42799782264,4559.591443030337,4597.993922900862,12757757.499010555,0.7241521817636317,1.6336273638612873,1.0848209096909347e-07,4.204399005578298e-06,6.187817355509747,-0.09517500276426503,-0.0010254211811299568,129728.92808886338,-0.04004935780033553,-0.039854238065883285,1743.2666673213243,-16088510481.419205,-1012190103.2693061,-196488967.27161372,-16088027283.193928,-1885453710.8581486,16120319423.506935,16199326080.884983,-0.9954737538797922,0.001020780230266905,0.0950313808391546,0.0010254210014268529,0.9999994742557468,0.0,0.09503133087695226,-9.744717370706256e-05,0.9954742772446727,4562.831706775161,-537.1706531800679,-0.11718806162899467,2.6753675123896982e-09,161.1969373967525,0.0,-67.89846869837626,2.898468698376257,0.0,2.992976820161668e-17,2.2887902082862577,1.5707963267948966,18.6309943222158,461.0,0.013022182010284763,0.4442964865880668,0.0,0.028419844914305995,-1580.8978927152152,-9.495169788087468,150.92064449009493,-0.0389474025765158,0.09396715765918695,-0.7082505477201688,-0.039607167839402865,0.09369097684273046,-0.7082505477201688,-9.340949232784918e-18,5.305952413899113e-20,5.207077694091255e-19,-9.341091400670965e-18,-1.262247511200878e-20,5.207077694091255e-19,-1580.9374998830547,-9.401478811244738,150.21239394237477,-1678508.154874459,168.12811725118195,123251.69522403537,-0.002387779471241935,4581.788222597448
99.34078440996635,2001.0,12.0,14.0,14.0,23.0,7.0,1.0,3509943.7990556494,21040.809881251836,-334432.4059617753,252.48527001225816,-286.8642820433732,4559.637241328389,3525903.1782462555,4575.623640597441,3510004.9407354016,-3674.8092105254664,-334432.4059617753,3525903.1782462555,250.19859061772908,-537.4324667796313,4559.637241328389,4598.013132169665,12757749.910231749,0.7241520177486636,1.6336273605977607,1.0848209096909347e-07,4.216975963253446e-06,6.18799977061163,-0.09499293835723191,-0.0010469523347996733,129703.17824625503,-0.03997276964305427,-0.03977802390085661,1748.294003650546,-16088509717.463894,-1012190002.492833,-196490629.8381725,-16088023761.652313,-1885471181.622858,16120318654.731352,16199324637.15182,-0.9954910169941871,0.0010422320253142274,0.09485013883112872,0.0010469521435373377,0.9999994519454544,0.0,0.09485008684807898,-9.930355616406429e-05,0.9954915625778631,4562.865129162723,-537.1702262865678,-0.11718711879977992,2.684196029855409e-09,161.12336641787158,0.0,-67.8616832089358,2.861683208935796,0.0,2.992845956826989e-17,2.288768836681846,1.5707963267948966,18.635325264684568,461.0,0.013065309275619988,0.44613160952019926,0.0,0.028513355027968628,-1580.948544179945,-9.477199537805104,150.63501172700177,-0.03899809912994282,0.09427087722466362,-0.7105791195952466,-0.03966093608320638,0.09399393691861335,-0.7105791195952466,-9.37133015529007e-18,5.3350279141223226e-20,5.213964634948538e-19,-9.371473490989256e-18,-1.2638806079248464e-20,5.213964634948538e-19,-1580.9882051160282,-9.383205600886491,149.92443260740652,-1678509.1533128358,168.31660168756218,123249.67702174536,-0.002286171109178885,4581.789675570813
99.54665334828508,2001.0,12.0,14.0,14.0,23.0,7.0,1.0,3509995.7052551694,20981.753005071816,-333493.71139730746,251.7792309932024,-286.86846633442696,4559.704099046873,3525865.5873998445,4575.651622337681,3510056.3749366147,-3785.4505320793164,-333493.71139730746,3525865.5873998445,249.4804852058989,-537.4389696895743,4559.704099046873,4598.041173097999,12757738.760949947,0.7241517767803214,1.6336273558035983,1.0848209096909347e-07,4.235391309278311e-06,6.188266701213328,-0.09472652087835823,-0.001078458195579158,129665.58739984408,-0.03986069689049189,-0.039666498408598636,1755.6616934090853,-16088508595.0856,-1012189854.443482,-196493050.95918238,-16088018613.616606,-1885496685.66279,16120317525.271784,16199322522.340092,-0.995516218054447,0.0010736230404264796,0.09458491911577463,0.0010784579865250673,0.9999994184640165,0.0,0.09458486411124067,-0.00010200586142523465,0.9955167969832867,4562.9139195913785,-537.169602927722,-0.11718574243239363,2.69708432005346e-09,161.0159639995545,0.0,-67.80798199977725,2.8079819997772497,0.0,2.992654869542217e-17,2.288737629759996,1.5707963267948966,18.6416530708375,461.0,0.013128270330099489,0.44882782961785617,0.0,0.028649862299054436,-1581.0224906728129,-9.450901419934596,150.21700950450608,-0.039070927512997324,0.09471418290121042,-0.7139783750128234,-0.03973826223731244,0.09443613891793977,-0.7139783750128234,-9.415676277202823e-18,5.3776486196258584e-20,5.223864115704039e-19,-9.415821330847678e-18,-1.2662270787324878e-20,5.223864115704039e-19,-1581.0622289350501,-9.356465281016655,149.50303112949325,-1678510.6202006508,168.50508612394245,123247.746567381,-0.002184562844621873,4581.791059201309
99.60766247144103,2001.0,12.0,14.0,14.0,23.0,7.0,1.0,3510011.0597021584,20964.251373843555,-333215.52724697255,251.5699904592402,-286.86970405240777,4559.723876137551,3525854.4675958497,4575.6598992737245,3510071.5890300595,-3818.2392707940508,-333215.52724697255,3525854.46759585,249.26766879685607,-537.4408885011634,4559.723876137551,4598.049467541557,12757735.446631063,0.7241517051480787,1.6336273543785846,1.0848209096909347e-07,4.2408401078718815e-06,6.188345807003238,-0.09464756714409724,-0.001087794840620678,129654.46759584965,-0.0398274837003172,-0.03963344739908759,1757.8476578891277,-16088508261.44119,-1012189810.4355392,-196493765.7938422,-16088017089.136204,-1885504229.9090662,16120317189.522484,16199321895.108429,-0.9955236727122909,0.0010829259420334406,0.09450631905240828,0.0010877946260898508,0.9999994083512507,0.0,0.09450626313786281,-0.0001028034659967426,0.9955242617129753,4562.928352092045,-537.1694184943588,-0.11718533529157746,2.70059056619322e-09,160.99308449481208,0.0,-67.78616898962417,2.8,0.0,2.992613871741618e-17,2.2887309343110513,1.5707963267948966,18.643011281669516,461.0,0.01314540564658326,0.44962933982032566,0.0,0.028687076522609673,-1581.0443655931485,-9.44310742892825,150.09312589649795,-0.03908798992269073,0.0948338668366497,-0.7149059361694637,-0.039756577620239646,0.09455552755557783,-0.7149059361694637,-9.427801968844794e-18,5.389722840154273e-20,5.226213576213196e-19,-9.427947517899041e-18,-1.266786187374762e-20,5.226213576213196e-19,-1581.0841221707688,-9.348551901372673,149.3782199603285,-1678511.0562591888,168.69357056032268,123245.90386094227,-0.0020829546729593993,4581.792373484706
99.64581707220488,2001.0,12.0,14.0,14.0,23.0,7.0,1.0,3510020.6557582784,20953.305960056565,-333041.55256707594,251.4391316860368,-286.8704775794989,4559.736236176947,3525847.5180609724,4575.6650720255775,3510081.0971993525,-3838.745136189284,-333041.55256707594,3525847.5180609724,249.13457369921971,-537.4420865778666,4559.736236176947,4598.054651234865,12757733.371898744,0.7241516603069275,1.63362735348659,1.0848209096909347e-07,4.244294371080425e-06,6.188395279360702,-0.09459818987828583,-0.0010936338789515302,129647.51806097245,-0.03980671232940551,-0.039612777454704526,1759.2150374501944,-16088508052.58343,-1012189782.8878318,-196494212.22771183,-16088016136.042551,-1885508944.8033028,16120316979.347132,16199321502.764791,-0.9955283316193178,0.001088743944973658,0.09445716267112735,0.001093633660947466,0.999999401982529,0.0,0.09445710618409381,-0.00010330153261473532,0.995528926963009,4562.937371908857,-537.1693032222059,-0.11718508084219888,2.7025885574704176e-09,160.98439757621557,0.0,-67.76879515243115,2.8,0.0,2.992598056030644e-17,2.288728351409436,1.5707963267948966,18.643535293037502,461.0,0.013155174506835874,0.4501310838530195,0.0,0.028708336282505444,-1581.0580369065638,-9.4382330011539,150.0156480407554,-0.03909593807060468,0.09490144442134477,-0.7154364306651659,-0.03976525859939763,0.09462293979475156,-0.7154364306651659,-9.434754422997521e-18,5.396915544502499e-20,5.227331310080244e-19,-9.434900272362439e-18,-1.2670540080582448e-20,5.227331310080244e-19,-1581.097802165163,-9.343610061359149,149.30021161009023,-1678511.3292278294,168.88205499670295,123244.14890242921,-0.00198134658957956,4581.7936184167875
99.70821033881627,2001.0,12.0,14.0,14.0,23.0,7.0,1.0,3510036.337191228,20935.4071344264,-332757.0550982126,251.22513916066566,-286.87174162787045,4559.756434330151,3525836.161450547,4575.673524969425,3510096.6347293146,-3872.2779646258955,-332757.0550982126,3525836.161450547,248.91692416544393,-537.4440425591174,4559.756434330151,4598.063122058405,12757729.975860175,0.7241515869083334,1.6336273520266251,1.0950072449966577e-07,4.249862375328659e-06,6.188476180689598,-0.09451744404768046,-0.0011031822757939307,129636.16145054763,-0.03977274523111741,-0.03957897621687344,1761.4515366256237,-16088507710.714079,-1012189737.7978902,-196494941.24676815,-16088014577.977001,-1885516649.6216083,16120316635.321182,16199320861.046501,-0.9955359449502165,0.0010982580549156375,0.09437677755319028,0.001103182052029759,0.9999993914944949,0.0,0.09437672012440158,-0.00010411476712508455,0.9955365507396882,4562.95211159366,-537.169114838273,-0.11718466503454013,2.705853582967556e-09,160.97020181318453,0.0,-67.74040362636907,2.8,0.0,2.992572209999746e-17,2.288724130432267,1.5707963267948966,18.644391697874564,461.0,0.013171138466489731,0.4509523687737499,0.0,0.028743078119881818,-1581.0803782067653,-9.430261755209909,149.8889470035103,-0.03910883604349187,0.09501186808860312,-0.7163033453693427,-0.03977935514612984,0.0947330936817801,-0.7163033453693427,-9.44611572876063e-18,5.4086832972500434e-20,5.229146069819458e-19,-9.446262069932857e-18,-1.2674888077079071e-20,5.229146069819458e-19,-1581.1201575619114,-9.335528661528128,149.17264365814097,-1678511.7760384455,169.07053943308318,123242.4816918418,-0.0018797385898701444,4581.794793993319
99.8138746517058,2001.0,12.0,14.0,14.0,23.0,7.0,1.0,3510062.8635762474,20905.094915960704,-332275.2497620096,250.86273140894346,-286.87387982559045,4559.790600947936,3525816.950843441,4575.687823423849,3510122.9168911814,-3929.0667947330953,-332275.2497620096,3525816.950843441,248.54832318488533,-537.4473459856201,4559.790600947936,4598.077450756799,12757724.215189071,0.7241514624027193,1.633627349550376,1.0950072449966577e-07,4.259360802447605e-06,6.188613189975728,-0.0943806980932372,-0.0011193525830251571,129616.9508434413,-0.03971522068604574,-0.0395217325604514,1765.240477308631,-16088507130.806255,-1012189661.3168215,-196496172.96242172,-16088011940.776546,-1885529682.8029566,16120316051.755423,16199319773.906824,-0.9955488233872988,0.0011143706124032303,0.0942406410754033,0.0011193523492763304,0.9999993735249628,0.0,0.09424058203599417,-0.00010548848298506011,0.9955494470741757,4562.977044693967,-537.1687961388084,-0.11718396166802363,2.711376632510623e-09,160.94618855430164,0.0,-67.69237710860327,2.8,0.0,2.992528487346783e-17,2.2887169899811606,1.5707963267948966,18.64584062754592,461.0,0.013198143157953613,0.45234551465773537,0.0,0.028801847017778135,-1581.118171045525,-9.416761671721236,149.67436641636985,-0.0391303978354964,0.0951986344210534,-0.7177698144192108,-0.03980294729202767,0.09491940485098746,-0.7177698144192108,-9.465334065914512e-18,5.428628335910476e-20,5.232182520695331e-19,-9.465481242001736e-18,-1.2682162117101257e-20,5.232182520695331e-19,-1581.157973992817,-9.321842266870249,148.95659660195065,-1678512.533960009,169.25902386946342,123240.90222918004,-0.0017781306692185187,4581.795900210073
99.98960777874916,2001.0,12.0,14.0,14.0,23.0,7.0,1.0,3510106.8955071713,20854.681360079077,-331473.9385168289,250.25998227246677,-286.8774289717324,4559.847314689996,3525785.062583578,4575.711556825453,3510166.5411988725,-4023.5145783807,-331473.9385168289,3525785.062583577,247.9352739032476,-537.4528147469257,4559.847314689996,4598.101234358639,12757714.608416492,0.7241512547705761,1.6336273454216568,1.0950072449966577e-07,4.275127305240405e-06,6.188841057041322,-0.09415326896109293,-0.0011462455610067414,129585.06258357689,-0.03961954856298265,-0.03942652759207203,1771.5456301271915,-16088506163.73022,-1012189533.7865181,-196498213.41696435,-16088007558.738308,-1885551316.6087701,16120315078.580053,16199317964.823767,-0.9955702003646077,0.001141168422624266,0.09401422169334846,0.0011462453100021177,0.9999993430606289,0.0,0.09401415993170478,-0.00010776336068950001,0.9955708543942987,4563.018431208448,-537.1682670281159,-0.11718279414316578,2.7205445072216445e-09,160.90632822947111,0.0,-67.61265645894221,2.8,0.0,2.992455905142715e-17,2.288705136407686,1.5707963267948966,18.648246451394154,461.0,0.013242970126944935,0.45466880530719905,0.0,0.028899400166444968,-1581.180906608812,-9.394307626977042,149.31746474504547,-0.039165475977675224,0.09550858664598134,-0.720204089218176,-0.03984140366995688,0.09522860486890652,-0.720204089218176,-9.497234567275485e-18,5.461844107245434e-20,5.237129975477687e-19,-9.497383137582467e-18,-1.2694011255516179e-20,5.237129975477687e-19,-1581.2207480124819,-9.299079022108137,148.59726065582728,-1678513.797908038,169.44750830584368,123239.41051444394,-0.0016765228230117165,4581.796937062815
100.02066086063569,2001.0,12.0,14.0,14.0,23.0,8.0,1.0,3510114.6651971266,20845.772922064847,-331332.34104943584,250.15347045193369,-286.878055224915,4559.857322103912,3525779.435714315,4575.715744590505,3510174.238671209,-4040.20415959975,-331332.34104943584,3525779.435714315,247.82694198344834,-537.4537778300763,4559.857322103912,4598.105430981476,12757712.907534502,0.7241512180091667,1.633627344690766,1.0950072449966577e-07,4.27793107627321e-06,6.18888132292354,-0.09411308046153954,-0.0011509976715516955,129579.43571431469,-0.039602642536092005,-0.03940970411434158,1772.6602124273777,-16088505992.509922,-1012189511.2089127,-196498572.93424815,-16088006784.927938,-1885555133.9737911,16120314906.27997,16199317645.02158,-0.9955739724144302,0.001145903830135992,0.09397421111860012,0.001150997417412263,0.9999993376022531,0.0,0.09397414887029441,-0.00010816407430086349,0.9955746318808233,4563.02573401306,-537.1681736517168,-0.1171825881284445,2.722201530601903e-09,160.89838775518479,0.0,-67.59838775518477,2.799193877592388,0.0,2.992441511576107e-17,2.288702785759872,1.5707963267948966,18.648723619658988,461.0,0.01325107143519359,0.45508014696710547,0.0,0.02891702120804899,-1581.1919769369533,-9.390339644521967,149.25439461040637,-0.039172115240343384,0.0955645907070394,-0.7206437024142162,-0.03984864942354476,0.09528447275672007,-0.7206437024142162,-9.502992278588907e-18,5.467794169828581e-20,5.238061229418878e-19,-9.503141098068205e-18,-1.269623707118384e-20,5.238061229418878e-19,-1581.2318255863768,-9.295055171765247,148.53375090799216,-1678514.0216906127,169.63599274222392,123238.00654763349,-0.00157491504663643,4581.797904547307
100.05993236470295,2001.0,12.0,14.0,14.0,23.0,8.0,1.0,3510124.486455188,20834.50677380672,-331153.26834564825,250.01876844068843,-286.8788468313368,4559.869971917971,3525772.3230833854,4575.721038058491,3510183.968517801,-4061.3108017153113,-331153.26834564825,3525772.3230833854,247.68993816937774,-537.4549943884446,4559.869971917971,4598.110735645961,12757710.754739707,0.7241511714804664,1.6336273437657292,1.0950072449966577e-07,4.281433208051836e-06,6.188932245644201,-0.09406225560167929,-0.0011570074463030278,129572.32308338536,-0.039581262122388466,-0.039388428097107374,1774.070175036788,-16088505775.79789,-1012189482.633359,-196499027.15179318,-16088005806.513298,-1885559959.2807791,16120314688.201307,16199317240.492579,-0.9955787404468727,0.001151892530077944,0.09392361105610063,0.001157007188161912,0.9999993306669592,0.0,0.09392354818992445,-0.00010867029313003206,0.9955794068210644,4563.034965058872,-537.1680556131615,-0.1171823277167806,2.724741755933805e-09,160.87806595252957,0.0,-67.57806595252956,2.7890329762647803,0.0,2.992405338181718e-17,2.288696878196252,1.5707963267948966,18.649922933316407,461.0,0.01326348014270842,0.45560078311108476,0.0,0.028943911771824763,-1581.2059704762967,-9.385321412330088,149.17463100565823,-0.039186611436814234,0.09565034530844892,-0.7213135490709088,-0.03986401870259016,0.09537001146274922,-0.7213135490709088,-9.511730352551668e-18,5.476170951525287e-20,5.240029919427629e-19,-9.511879510992918e-18,-1.2700898976716852e-20,5.240029919427629e-19,-1581.2458344949994,-9.289951400867338,148.4533174565873,-1678514.3049307931,169.82447717860418,123236.6903287487,-0.0014733073354789442,4581.798802659309
100.22532933898006,2001.0,12.0,14.0,14.0,23.0,8.0,1.0,3510165.791886289,20787.05760507626,-330399.07524698717,249.45144056246545,-286.882176011823,4559.923173033432,3525742.409368081,4575.743300063854,3510224.8879657136,-4150.204654330301,-330399.07524698717,3525742.409368081,247.1129159395366,-537.4601007752468,4559.923173033432,4598.133044738567,12757701.666121699,0.7241509750463025,1.6336273398610002,1.1151007970493862e-07,4.296369403583818e-06,6.189146715441204,-0.09384819793625909,-0.0011823181855767264,129542.40936808148,-0.03949121473039246,-0.03929882038508213,1780.0134183615446,-16088504860.892405,-1012189362.0032437,-196500934.65440604,-16088001688.10155,-1885580252.8559544,16120313767.526806,16199315535.652693,-0.9955987932183767,0.0011771151072474811,0.09371049750234152,0.0011823179101209855,0.9999993010619355,0.0,0.09371043200450777,-0.00011079559956336625,0.9955994890807567,4563.073787640283,-537.1675590975867,-0.11718123250822425,2.7354252256851864e-09,160.79259819451852,0.0,-67.49259819451851,2.746299097259255,0.0,2.992253181311052e-17,2.288672029093511,1.5707963267948966,18.654969378008737,461.0,0.013315668540101527,0.45779884111264996,0.0,0.0290570039767376,-1581.2648247770762,-9.364185326374098,148.83867794352312,-0.039247001183976664,0.09601093359159873,-0.7241306798931517,-0.039928086687725725,0.09572969426736361,-0.7241306798931517,-9.548477503750945e-18,5.511486757936137e-20,5.248234170136753e-19,-9.5486280942176e-18,-1.2720321715568607e-20,5.248234170136753e-19,-1581.304752863764,-9.268455632106734,148.11454726362996,-1678515.5007085074,170.01296161498442,123235.46185778955,-0.001371699684925219,4581.799631394584
100.44240230299378,2001.0,12.0,14.0,14.0,23.0,8.0,1.0,3510219.860232429,20724.782767733413,-329409.2316480608,248.7068269343504,-286.88653364519297,4559.992811652607,3525703.252641366,4575.772438755467,3510278.447300446,-4266.8734349683255,-329409.2316480608,3525703.252641366,246.35557906114198,-537.4667601385805,4559.992811652607,4598.16224506181,12757689.684232723,0.7241507160782871,1.6336273347146801,1.1151007970493862e-07,4.315912402098178e-06,6.189428198813008,-0.09356725541226123,-0.0012155364303858506,129503.25264136586,-0.039373030736822516,-0.039181213445556175,1787.8256876319647,-16088503654.746168,-1012189202.9956621,-196503424.6853094,-16087996288.599854,-1885606816.1790056,16120312553.776524,16199313295.418928,-0.9956250415206204,0.0012102191050173306,0.09343078757444373,0.0012155361310541893,0.9999992612356842,0.0,0.09343071855111187,-0.00011356849804958516,0.9956257770534164,4563.124604523078,-537.1669089698815,-0.11717979891488928,2.7493133801031305e-09,160.6807218324739,0.0,-67.38072183247392,2.7,0.0,2.9920539563654584e-17,2.2886394931907947,1.5707963267948966,18.661581158158857,461.0,0.01338351550758741,0.46069672908411513,0.0,0.02920413289096729,-1581.3418679043994,-9.336442729735568,148.3977159324731,-0.03932348289919905,0.0964795829537682,-0.7277956614421103,-0.04000937598381995,0.09619717286720005,-0.7277956614421103,-9.59627579601389e-18,5.557743171843685e-20,5.258633636755037e-19,-9.596428271458691e-18,-1.2744992224006892e-20,5.258633636755037e-19,-1581.3818772803832,-9.240245556868368,147.66992027103097,-1678517.077152742,170.20144605136468,123234.32113475606,-0.0012700920903608074,4581.800390748888
100.56789908682762,2001.0,12.0,14.0,14.0,23.0,8.0,1.0,3510251.0451261764,20688.77927269137,-328836.96469493373,248.27632556467125,-286.88904687363816,4560.032976454845,3525680.668289031,4575.789243989237,3510309.3366585877,-4334.324025150205,-328836.96469493373,3525680.668289031,245.91772195940595,-537.4705881521118,4560.032976454845,4598.179085840167,12757682.730049066,0.7241505657749986,1.633627331728562,1.1151007970493862e-07,4.327216136126342e-06,6.1895909361237305,-0.09340483075672584,-0.0012347407042464609,129480.6682890309,-0.039304703498445503,-0.03911321982160371,1792.3479183763266,-16088502954.714748,-1012189110.7216834,-196504857.30606666,-16087993169.974318,-1885622136.6792414,16120311849.332567,16199311998.92205,-0.9956401804143249,0.0012293580822943897,0.09326907216884002,0.0012347403905020396,0.9999992377077935,0.0,0.0932690010705532,-0.00011516309059151643,0.9956409393836534,4563.153913344672,-537.1665338984277,-0.11717897207569716,2.7570565866179694e-09,160.6161951115169,0.0,-67.31619511151692,2.7,0.0,2.991939022279393e-17,2.288620723030101,1.5707963267948966,18.66539774012757,461.0,0.013421348634958393,0.46237868062365883,0.0,0.02928648993957625,-1581.3863057252886,-9.320402388152074,148.14275848072464,-0.03936367898450191,0.09674098237489381,-0.7298472033367235,-0.04005229013638107,0.09645792320429455,-0.7298472033367235,-9.62301951229726e-18,5.58402837303588e-20,5.264108611930659e-19,-9.623173068218231e-18,-1.275815269672869e-20,5.264108611930659e-19,-1581.426358015425,-9.22394446494778,147.4129112773879,-1678517.992108561,170.38993048774492,123233.26815964823,-0.0011684845471709472,4581.801080717974
100.85739279679564,2001.0,12.0,14.0,14.0,23.0,8.0,1.0,3510322.775811802,20605.725860758095,-327516.8504477617,247.28320668123203,-286.89482741752965,4560.125361031691,3525628.7203346505,4575.827896089395,3510380.382087225,-4489.919651184306,-327516.8504477617,3525628.720334651,244.90763496273624,-537.4793571340939,4560.125361031691,4598.217819691965,12757666.613735264,0.7241502174458251,1.6336273248104287,1.1250129990683128e-07,4.3534093724569635e-06,6.189966343472657,-0.09303014456565542,-0.0012790400794389317,129428.72033465095,-0.0391470838023209,-0.038956369704276524,1802.7945660799742,-16088501332.407421,-1012188896.9131932,-196508142.69960624,-16087985984.477676,-1885657375.4574323,16120310216.801443,16199309004.538261,-0.9956750016927539,0.0012735089277234287,0.09289601271930699,0.0012790397306994042,0.9999991820283491,0.0,0.0928959367330021,-0.00011881769109155085,0.9956758161273449,4563.221326707384,-537.1656708957479,-0.11717707023393048,2.774867313833956e-09,160.4838861923585,0.0,-67.16777238471704,2.7,0.0,2.9917027788561295e-17,2.2885821415511916,1.5707963267948966,18.67324767819947,461.0,0.013508376331697491,0.46627668660296345,0.0,0.029475927806299863,-1581.4885254714086,-9.283396738427312,147.55456234701535,-0.039454241930033225,0.09734221653555755,-0.7345676194061127,-0.04014912826798825,0.09705767267789597,-0.7345676194061127,-9.684619698333482e-18,5.644837778731568e-20,5.276493661746657e-19,-9.6847757635296e-18,-1.2787918258706766e-20,5.276493661746657e-19,-1581.5286745996766,-9.186339065749417,146.81999472760924,-1678520.1125216,170.57841492412518,123232.30293246603,-0.0010668770507404322,4581.801701297605
101.15739279679562,2001.0,12.0,14.0,14.0,23.0,9.0,1.0,3510396.806390505,20519.656517347532,-326148.79853188916,246.25397794133775,-286.9007928310753,4560.22070554816,3525575.1067597526,4575.867783261356,3510453.6973568182,-4651.164809882367,-326148.79853188916,3525575.106759752,243.86082224349218,-537.488353955736,4560.22070554816,4598.257791226312,12757649.80311667,0.7241498541081826,1.6336273175975662,1.1250129990683128e-07,4.380586587075039e-06,6.190355386631415,-0.09264184864404704,-0.001324946143487089,129375.10675975261,-0.03898373841034996,-0.038793821825192774,1813.6414428204298,-16088499640.231384,-1012188673.9484973,-196511518.9384886,-16087978550.73837,-1885693742.5552156,16120308513.96456,16199305896.142752,-0.9957109382313424,0.0013192641396192265,0.09250938886723717,0.001324945755833876,0.9999991222589868,0.0,0.09250930766795246,-0.0001225699221544315,0.9957118122084373,4563.290898530584,-537.1647798187179,-0.11717510746083187,2.793249110941963e-09,160.40729537107515,0.0,-67.0145907421503,2.7,0.0,2.991563840610834e-17,2.2885594512137994,1.5707963267948966,18.677867533044605,461.0,0.013598206038648628,0.47034267970788374,0.0,0.029671442989222602,-1581.5940300197947,-9.245042095187971,146.94492420831526,-0.03954510133256248,0.09796313407554566,-0.739444995811626,-0.04024650134004725,0.09767706899365657,-0.739444995811626,-9.748529101595989e-18,5.70823326477748e-20,5.289082184446874e-19,-9.748687795387741e-18,-1.2818167673416402e-20,5.289082184446874e-19,-1581.6342765211348,-9.147365026194315,146.20547921250363,-1678522.3242895883,170.76689936050542,123231.4254532095,-0.0009652695964537627,4581.802252483527
101.3385065838967,2001.0,12.0,14.0,14.0,23.0,9.0,1.0,3510441.3501101024,20467.694503084153,-325322.8744928207,245.63258633516352,-286.9043819462133,4560.278072624694,3525542.8478107285,4575.891781009603,3510497.8066816,-4748.511849514025,-325322.8744928207,3525542.8478107285,243.2288149393811,-537.4937409023232,4560.278072624694,4598.28183972966,12757639.600128971,0.7241496335840321,1.6336273132213748,1.1348386266624797e-07,4.3970294336135025e-06,6.190590262563625,-0.09240742377827092,-0.0013526597123567168,129342.84781072801,-0.038885122099964524,-0.038695686985642144,1820.2002674043179,-16088498613.197788,-1012188538.64888,-196513543.27718052,-16087974069.042744,-1885715623.6328108,16120307480.462109,16199304016.90443,-0.9957325604088259,0.0013468881402087425,0.0922759667195189,0.0013526592998658136,0.9999990851559908,0.0,0.09227588230140356,-0.00012481794453726556,0.9957334713496269,4563.332757937769,-537.1642434608713,-0.11717392649596249,2.804697210454282e-09,160.32242231636573,0.0,-66.92242231636574,2.6612111581828715,0.0,2.9914123181186346e-17,2.288534705712925,1.5707963267948966,18.682908524694053,461.0,0.01365414181455206,0.472810552625409,0.0,0.02979270851053212,-1581.6575150156032,-9.221883973316132,146.57683121010106,-0.039602713603517525,0.09834888477785114,-0.7424663656356129,-0.04030813694425013,0.09806187922884636,-0.7424663656356129,-9.787949698061073e-18,5.747200429097389e-20,5.296962857694328e-19,-9.788110008533994e-18,-1.283681766410132e-20,5.296962857694328e-19,-1581.6978231525475,-9.123822094087286,145.83436484446545,-1678523.6666964237,170.95538379688568,123230.63572187863,-0.0008636621796950148,4581.802734271498
101.5659714013442,2001.0,12.0,14.0,14.0,23.0,9.0,1.0,3510497.134119524,20402.43333866693,-324285.56349680456,244.85213153143977,-286.90887649126086,4560.349914647047,3525502.448536942,4575.921832128068,3510553.0424012607,-4870.773530335003,-324285.56349680456,3525502.448536942,242.4350276180606,-537.500458966115,4560.349914647047,4598.311954405255,12757626.72698618,0.7241493553468517,1.633627307701515,1.1348386266624797e-07,4.417735676261363e-06,6.190885254472702,-0.09211299831962676,-0.0013874652643028383,129302.44853694132,-0.038761264889657705,-0.03857243446760409,1828.4493781775236,-16088497317.397741,-1012188367.9674244,-196516070.86894602,-16087968446.821005,-1885743025.400221,16120306176.501928,16199301653.770868,-0.995759638135584,0.0013815827960511951,0.09198279344023169,0.0013874648191439334,0.9999990374702246,0.0,0.09198270490405418,-0.00012762288986490486,0.9957605965848074,4563.385178610094,-537.1635715341707,-0.11717244754714931,2.819125522520964e-09,160.2069958198323,0.0,-66.80699581983228,2.6034979099161455,0.0,2.991206509208864e-17,2.2885010945672595,1.5707963267948966,18.68976007706466,461.0,0.013724638601346397,0.47592440497377153,0.0,0.02994542349169469,-1581.7370238045696,-9.19279604983019,146.11448534820516,-0.03967431928000575,0.09883468729125702,-0.7462704278175766,-0.04038481921200757,0.09854650374064959,-0.7462704278175766,-9.837539057926011e-18,5.796376765612182e-20,5.306742456918136e-19,-9.837701415367561e-18,-1.2859885526388073e-20,5.306742456918136e-19,-1581.7774086237816,-9.09424954608954,145.3682149203876,-1678525.3604185656,171.14386823326592,123229.9337384734,-0.0007620547958479346,4581.803146657272
101.84951817888442,2001.0,12.0,14.0,14.0,23.0,9.0,1.0,3510566.4232174135,20321.080459514968,-322992.4783175412,243.87919897478545,-286.9144587436531,4560.439147394404,3525452.268742587,4575.959154911257,3510621.6437808927,-5023.1812319302535,-322992.4783175412,3525452.268742587,241.44547534218876,-537.5087592890351,4560.439147394404,4598.349356123679,12757610.587777017,0.7241490065158652,1.6336273007838398,1.144579909424277e-07,4.4435952265700154e-06,6.191252986661488,-0.09174597216381877,-0.0014308513743662439,129252.26874258695,-0.038606866051812676,-0.03841878941396032,1838.750175088644,-16088495692.856007,-1012188154.025835,-196519198.6147037,-16087961448.447805,-1885777059.7016273,16120304541.73245,16199298703.371819,-0.9957932702441654,0.0014248331416842179,0.09161731706914926,0.0014308508861274544,0.9999989763323469,0.0,0.09161722328346532,-0.00013109071931301217,0.9957942896065688,4563.450287508697,-537.1627365863601,-0.11717061058798893,2.837046877647517e-09,160.06362497881986,0.0,-66.66362497881985,2.6,0.0,2.990950784694854e-17,2.288459331584792,1.5707963267948966,18.698280607447863,461.0,0.01381220602000229,0.47982840126858395,0.0,0.030135985704810995,-1581.8357872557726,-9.156531576777404,145.53806982203878,-0.039762412878817585,0.09943926584000813,-0.7510173959533387,-0.04047925575712806,0.0991496188701418,-0.7510173959533387,-9.899412777271634e-18,5.857929016967882e-20,5.3187798560718925e-19,-9.899577705501828e-18,-1.2888784924394156e-20,5.3187798560718925e-19,-1581.8762665115298,-9.057381957907262,144.78705242608544,-1678527.4838625826,171.33235266964616,123229.31950299384,-0.0006604474402958773,4581.803489636601
102.01359878384429,2001.0,12.0,14.0,14.0,23.0,10.0,1.0,3510606.3928724467,20274.003097304176,-322244.19447915285,243.3161623265665,-286.9176786793597,4560.490620614948,3525423.322347828,4575.980682859686,3510661.213320067,-5111.376385653519,-322244.19447915285,3525423.322347828,240.87282130786699,-537.5135248942245,4560.490620614948,4598.370929601693,12757601.201876141,0.7241488036491855,1.6336272967621501,1.144579909424277e-07,4.458535999175778e-06,6.191465787744016,-0.09153357960137323,-0.0014559572864909912,129223.32234782819,-0.038517517554838836,-0.038329877112728256,1844.7197154313326,-16088494748.098352,-1012188029.6285157,-196520996.91639504,-16087957403.777134,-1885796691.8303254,16120303591.028145,16199296993.724594,-0.9958126705141526,0.0014498617380931977,0.09140581570344514,0.0014559567720985166,0.9999989400943772,0.0,0.09140571882190711,-0.00013308291638261988,0.99581372598272,4563.487844467613,-537.1622547652195,-0.11716955095056795,2.847086766303684e-09,159.99165293478526,0.0,-66.59165293478526,2.591652934785263,0.0,2.990822032176283e-17,2.2884383047028107,1.5707963267948966,18.702573577612018,461.0,0.013861271376538998,0.4820988620442191,0.0,0.030242682884162334,-1581.8927622647182,-9.135543884062889,145.20447520500983,-0.03980773235149878,0.09977923279728877,-0.7536759754135349,-0.04052818546165342,0.09948877844144,-0.7536759754135349,-9.934101875710606e-18,5.893033834244877e-20,5.3250217024484e-19,-9.934268284876188e-18,-1.2903715637994241e-20,5.3250217024484e-19,-1581.9332904501798,-9.036055105621449,144.4507992295963,-1678528.7187728398,171.52083710602642,123228.79301543991,-0.0005588401084217825,4581.803763205241
102.06960561497897,2001.0,12.0,14.0,14.0,23.0,10.0,1.0,3510620.014857696,20257.933716591113,-321988.7753597605,243.12397227278484,-286.91877602708803,4560.508162958836,3525413.4571785466,4575.988019471288,3510674.6983695994,-5141.480860266046,-321988.7753597605,3525413.4571785466,240.67734847852154,-537.515145271225,4560.508162958836,4598.378281729416,12757597.990954839,0.7241487342482413,1.633627295386461,1.144579909424277e-07,4.4636626714572715e-06,6.19153842548468,-0.0914610812980912,-0.0014645268007231844,129213.45717854658,-0.038487019211594815,-0.03829952765967416,1846.758509323001,-16088494424.897905,-1012187987.0743841,-196521608.79614544,-16087956024.10104,-1885803382.5134475,16120303265.793484,16199296409.83311,-0.9958192821954157,0.001458405070133495,0.091333620657775,0.0014645262771942685,0.9999989275808167,0.0,0.09133352270984813,-0.00013376048744460477,0.9958203501322623,4563.500643979558,-537.1620905284997,-0.1171691898205739,2.8501696317041928e-09,159.97932147318323,0.0,-66.57932147318323,2.5793214731832297,0.0,2.990799523791477e-17,2.2884346288046133,1.5707963267948966,18.703324279695998,461.0,0.013876345523798773,0.4828755975014379,0.0,0.030275344803042812,-1581.9121803104458,-9.128379590662178,145.09060038088344,-0.03981808721843376,0.09988520285253388,-0.7544906646931046,-0.040539701697124564,0.09959450991362324,-0.7544906646931046,-9.944778504208168e-18,5.90435627066482e-20,5.326502432606291e-19,-9.944945401803784e-18,-1.2907176286875406e-20,5.326502432606291e-19,-1581.952720012143,-9.028785080748554,144.33610971619035,-1678529.141236661,171.70932154240666,123228.35427581164,-0.00045723279560832116,4581.803967358946
102.19147127135828,2001.0,12.0,14.0,14.0,23.0,10.0,1.0,3510649.6178384167,20222.968026275616,-321433.0037154854,242.7057764372642,-286.92116070148603,4560.546285319318,3525392.0184204155,4576.003962729286,3510704.0027556615,-5206.985710573668,-321433.0037154854,3525392.0184204155,240.25200962370897,-537.5186599800867,4560.546285319318,4598.394258705407,12757590.992201028,0.7241485829767076,1.63362729238807,1.1542389828584848e-07,4.47481647357439e-06,6.191696479847149,-0.09130333032931695,-0.0014831731437262902,129192.01842041546,-0.03842065700615461,-0.038233489425995644,1851.1965504437685,-16088493720.430002,-1012187894.3231101,-196522936.77058944,-16087953023.725021,-1885817922.3669024,16120302556.89183,16199295138.819473,-0.9958336503889472,0.0014769948089082886,0.09117652789703269,0.001483172599945,0.9999989000989145,0.0,0.09117642761187068,-0.0001352305279349998,0.995834745708665,4563.528459229786,-537.1617335649735,-0.11716840502669214,2.856869243620162e-09,159.95252302551935,0.0,-66.55252302551935,2.5525230255193527,0.0,2.99075060674003e-17,2.2884266400438573,1.5707963267948966,18.704955981446595,461.0,0.013909104793408483,0.4845686462860845,0.0,0.03034632428890412,-1581.95438002558,-9.112790032854951,144.8428078748515,-0.039840257570888556,0.1001154779671996,-0.7562611178225905,-0.040564399776233294,0.09982426820522902,-0.7562611178225905,-9.96798009666707e-18,5.929012028395096e-20,5.329677061861332e-19,-9.96814805965644e-18,-1.2914591813188798e-20,5.329677061861332e-19,-1581.9949444253562,-9.012965764649723,144.0865467570289,-1678530.0620697737,171.89780597878692,123228.00328410903,-0.00035562549723767544,4581.8041020934725
102.43209315681804,2001.0,12.0,14.0,14.0,23.0,10.0,1.0,3510707.918813577,20153.92795027535,-320335.62743168796,241.8800223873827,-286.9258569244645,4560.621363604119,3525349.7962945797,4576.035359868219,3510761.7116039833,-5336.325294757174,-320335.62743168796,3525349.7962945797,239.41215177210586,-537.5255551325157,4560.621363604119,4598.425722244404,12757577.125276528,0.7241482832549785,1.63362728644779,1.1542389828584848e-07,4.4968188896098266e-06,6.192008561379931,-0.09099184780759279,-0.0015199895702100825,129149.79629458021,-0.03828962324389707,-0.03810309534326105,1859.9662908762693,-16088492324.65001,-1012187710.5608952,-196525545.1063514,-16087947106.317179,-1885846556.8465385,16120301152.327652,16199292627.19544,-0.9958619468893753,0.0015137009383766886,0.09086633836119919,0.0015199889849208652,0.9999988448160756,0.0,0.09086623339386585,-0.00013811583340911504,0.9958630972944162,4563.58323799616,-537.1610303580857,-0.117166859452257,2.870072751935635e-09,159.8994179845149,0.0,-66.49941798451492,2.5,0.0,2.9906536847355685e-17,2.288410811479323,1.5707963267948966,18.70818983045183,461.0,0.013973668031266736,0.4879232402056623,0.0,0.030486210187438988,-1582.0374928659307,-9.082005790054254,144.35349924209214,-0.03988271390907386,0.10056918681295042,-0.7597503103479077,-0.04061185175933412,0.10027696496029895,-0.7597503103479077,-1.0013702284044203e-17,5.977789350558681e-20,5.33577192378884e-19,-1.0013872361666708e-17,-1.292881555591834e-20,5.33577192378884e-19,-1582.0781047176902,-8.981728825093954,143.59374893174424,-1678531.8865580298,172.08629041516716,123227.74004033208,-0.00025401820869173653,4581.804167404577
102.49849564340722,2001.0,12.0,14.0,14.0,23.0,10.0,1.0,3510723.9726824956,20134.875316969217,-320032.7901462605,241.65213804718852,-286.9271500315181,4560.642037056041,3525338.1699264534,4576.044004968774,3510777.6014709333,-5372.01839107739,-320032.7901462605,3525338.1699264534,239.18037531507574,-537.5274475090117,4560.642037056041,4598.4343856277965,12757573.286906106,0.7241482002916242,1.6336272848037143,1.1638178938488153e-07,4.502986928382448e-06,6.192094685315794,-0.09090588916719756,-0.0015301493880505084,129138.16992645338,-0.03825346230463662,-0.038067110931732935,1862.3881504386663,-16088491938.300224,-1012187659.6987768,-196526261.7046923,-16087945474.883432,-1885854441.515504,16120300763.546606,16199291933.567518,-0.9958697385176459,0.0015238306602482516,0.09078073498774081,0.0015301487909462098,0.9999988293216535,0.0,0.09078062871270008,-0.00013890803188269988,0.9958709043621495,4563.5983216416935,-537.1608366751618,-0.11716643386494269,2.874225026266655e-09,159.86619978986676,0.0,-66.46619978986676,2.5,0.0,2.990594394642064e-17,2.2884011286722394,1.5707963267948966,18.71016864298195,461.0,0.01399395928952941,0.4888518112676009,0.0,0.03053037301648129,-1582.0603797904505,-9.073509834114937,144.21845792032607,-0.03990149647149157,0.10070912987561816,-0.7608504186980178,-0.04063212253001333,0.10041657671756472,-0.7608504186980178,-1.002803704001024e-17,5.992298964016559e-20,5.338348599573693e-19,-1.0028207732502642e-17,-1.2935002086017428e-20,5.338348599573693e-19,-1582.1010119129805,-8.973093257397371,143.45760750162805,-1678532.3915778361,172.27477485154742,123227.56454448076,-0.00015241092535196843,4581.8041632880195
102.62549846201574,2001.0,12.0,14.0,14.0,23.0,10.0,1.0,3510754.6355072516,20098.43460327697,-319453.57324438274,241.21627239119326,-286.9296197914226,4560.6815229244685,3525315.963607767,4576.060516462233,3510807.949902141,-5440.286121226295,-319453.57324438274,3525315.9636077667,238.737065508444,-537.531054346066,4560.6815229244685,4598.4509320399,12757565.930227205,0.7241480412824942,1.6336272816530937,1.1638178938488153e-07,4.514584619442108e-06,6.192259409367836,-0.09074148124993209,-0.0015495811347268815,129115.96360776713,-0.03818429938926859,-0.03799828564769102,1867.0228489339352,-16088491197.819407,-1012187562.2229708,-196527628.43317044,-16087942356.297579,-1885869500.9733405,16120300018.406446,16199290606.165218,-0.995884620313358,0.0015432052551847778,0.09061700470032698,0.0015495805145841486,0.9999987993993937,0.0,0.0906168959054962,-0.0001404183447736069,0.9958858159744725,4563.627130892212,-537.1604666811353,-0.1171656210010182,2.882155854368886e-09,159.8027531650489,0.0,-66.4027531650489,2.5,0.0,2.990481135866853e-17,2.288382632110572,1.5707963267948966,18.713949869194213,461.0,0.014032716111576443,0.49063154174375656,0.0,0.030614724309718892,-1582.1040946988903,-9.057259473870367,143.96016206444625,-0.039936955925870245,0.10097637469817906,-0.7629516280583474,-0.04067042903254309,0.10068319074264996,-0.7629516280583474,-1.0055415086383759e-17,6.020074415965617e-20,5.343215834771604e-19,-1.0055586958122902e-17,-1.2946686836947807e-20,5.343215834771604e-19,-1582.144765127923,-8.956576283127717,143.1972104363879,-1678533.3595072906,172.46325928792766,123227.47679655511,-5.080364259950096e-05,4581.8040897395595
102.8302536260555,2001.0,12.0,14.0,14.0,23.0,10.0,1.0,3510803.9538411195,20039.683875070285,-318519.743646419,240.51354024648438,-286.9335919800615,4560.745031354867,3525280.246778805,4576.087071972799,3510856.7593769087,-5550.348972906488,-318519.743646419,3525280.246778805,238.02233182075705,-537.5368345790608,4560.745031354867,4598.477543709741,12757554.027070481,0.7241477840037757,1.633627276556647,1.1638178938488153e-07,4.533358402869938e-06,6.192524983392953,-0.09047641686618572,-0.0015809088007183935,129080.24677880481,-0.03807279226254398,-0.03788732285515387,1874.5021136552095,-16088489999.72471,-1012187404.5276481,-196529821.25109887,-16087937333.240557,-1885893722.091013,16120298812.774221,16199288464.0017,-0.9959085558048681,0.0015744419122360762,0.09035302765998923,0.0015809081421981248,0.9999987503639421,0.0,0.09035291475158794,-0.00014283983709992935,0.995909800329665,4563.673466660999,-537.1598714112495,-0.11716431360101498,2.8949118647125686e-09,159.70070508229944,0.0,-66.30070508229944,2.5,0.0,2.990298928386355e-17,2.288352875370812,1.5707963267948966,18.720036316197096,461.0,0.014095054550538763,0.4935111968079266,0.0,0.030750396898737504,-1582.1744087948668,-9.031058243165639,143.54369931191889,-0.03999284191816881,0.10140608708568259,-0.7663312489810419,-0.04073090688631738,0.10111189409233132,-0.7663312489810419,-1.0099446631676826e-17,6.064920414308662e-20,5.350894559289847e-19,-1.0099620413549391e-17,-1.2965117353932993e-20,5.350894559289847e-19,-1582.215139701753,-8.929946349073306,142.77736806293785,-1678534.9256261233,172.65174372430792,123227.47679655511,5.080364418494326e-05,4581.803946754961
102.92966189991041,2001.0,12.0,14.0,14.0,23.0,10.0,1.0,3510827.845918516,20011.160206375862,-318066.3663267503,240.17235376055214,-286.93551620455366,4560.775797334224,3525262.9438948175,4576.099935919241,3510880.4035179634,-5603.784720503318,-318066.3663267503,3525262.943894817,237.67531860185989,-537.539625405466,4560.775797334224,4598.490434860463,12757548.228928464,0.7241476586804569,1.6336272740746896,1.1733186057227575e-07,4.542508458012347e-06,6.192653921039148,-0.0903477266348803,-0.0015961181577607117,129062.94389481703,-0.03801865485463235,-0.03783344972128749,1878.1365440040827,-16088489416.124979,-1012187327.7221954,-196530881.13610196,-16087934896.652988,-1885905455.6316156,16120298225.503471,16199287423.0247,-0.9959201510339074,0.001589607586636385,0.09022486304960305,0.0015961174800508443,0.9999987262036837,0.0,0.09022474812150486,-0.00014400948104866494,0.9959214196349431,4563.695913275838,-537.1595829588742,-0.11716368024355459,2.9013351247822455e-09,159.6512682709058,0.0,-66.2512682709058,2.5,0.0,2.99021064041053e-17,2.28833845685016,1.5707963267948966,18.722986955132058,461.0,0.014126441262177028,0.49491392069592605,0.0,0.030818711739371642,-1582.2084733797044,-9.01833659474213,143.3414915186808,-0.04002276614142707,0.10162273799239897,-0.7680330023353188,-0.040763123424923074,0.10132803390635593,-0.7680330023353188,-1.0121626010994192e-17,6.087233546382777e-20,5.3549975451089895e-19,-1.0121800738885915e-17,-1.2974973895843522e-20,5.3549975451089895e-19,-1582.2492365031294,-8.917008560835775,142.57345851634548,-1678535.688498715,172.84022816068816,123227.56454448076,0.00015241093962101816,4581.8037343299875
103.08654444243231,2001.0,12.0,14.0,14.0,23.0,11.0,1.0,3510865.4825305487,19966.144795193402,-317350.8564206177,239.63389064092482,-286.9385472702865,4560.824261635512,3525235.687075879,4576.120199139922,3510917.6476674615,-5688.115647853278,-317350.8564206177,3525235.687075879,237.12765993713282,-537.5440092164729,4560.824261635512,4598.510740932861,12757539.052404474,0.7241474603349516,1.6336272701473202,1.1638178938488153e-07,4.556881319873825e-06,6.192857408316695,-0.0901446297955012,-0.0016201207894824233,129035.68707587896,-0.03793321597122006,-0.03774842790662902,1883.8769323378801,-16088488492.486298,-1012187206.1770813,-196532547.53833792,-16087931054.048105,-1885923938.803008,16120297296.05556,16199285778.854496,-0.9959384164125792,0.0016135419452114616,0.09002259269758349,0.0016201200807360045,0.9999986876046008,0.0,0.090022474552347,-0.0001458474101492734,0.9959397234792902,4563.731272104843,-537.1591284626262,-0.11716268254064527,2.911459086102097e-09,159.57339164536847,0.0,-66.17339164536848,2.5,0.0,2.990071538306559e-17,2.2883157397526146,1.5707963267948966,18.72763778625228,461.0,0.014175912039303202,0.4971339960583028,0.0,0.030926386233172693,-1582.2621360732242,-8.998258426585876,143.02235345195527,-0.04006928247309565,0.10196414033826294,-0.7707152148801395,-0.040813259911495064,0.10166863394492157,-0.7707152148801395,-1.015658187468659e-17,6.122499205766334e-20,5.36137984306666e-19,-1.0156758101326688e-17,-1.299030405019308e-20,5.36137984306666e-19,-1582.3029493331358,-8.896589792640954,142.25163823707513,-1678536.895872876,173.02871259706842,123227.74004033208,0.000254018248328734,4581.803452460408
103.3865444424323,2001.0,12.0,14.0,14.0,23.0,11.0,1.0,3510937.218239555,19880.062363896282,-315982.5952771128,238.60415907493802,-286.94432410292535,4560.916632948412,3525183.7353274734,4576.158817454681,3510988.628869616,-5849.380099803885,-315982.5952771128,3525183.7353274734,236.0803440928117,-537.5523220719236,4560.916632948412,4598.549440914752,12757521.415773287,0.7241470791271409,1.6336272626017452,1.1827430029502178e-07,4.584571758957474e-06,6.193246537290872,-0.08975624736822438,-0.0016660192630131932,128983.73532747338,-0.037769830699298144,-0.03758584018144447,1894.869466945529,-16088486717.33483,-1012186972.6182488,-196535712.81515783,-16087923715.324532,-1885959166.55029,16120295509.741777,16199282630.240398,-0.9959732293339488,0.0016593121207228378,0.08963578043053674,0.0016660184923071844,0.9999986121902287,0.0,0.0896356560331248,-0.00014933486776966064,0.9959746115572468,4563.798663670002,-537.1582618326296,-0.11716078094333682,2.9307554497956034e-09,159.42495807849537,0.0,-66.02495807849536,2.462479039247679,0.0,2.989806326455362e-17,2.2882724273704027,1.5707963267948966,18.73651167858617,461.0,0.014270207191889393,0.501400923220601,0.0,0.03113111529140325,-1582.3644229757526,-8.959859278526789,142.41200738324733,-0.04015466631680219,0.10261376623146733,-0.7758149643216768,-0.04090556400638235,0.10231674877819227,-0.7758149643216768,-1.0223035876826819e-17,6.190008639989327e-20,5.373116200957728e-19,-1.022321498776752e-17,-1.3018197653980041e-20,5.373116200957728e-19,-1582.405328539759,-8.857542529748597,141.63619241892565,-1678539.216365641,173.21719703344866,123228.00328410903,0.00035562557492846804,4581.803101141994
103.68654444243228,2001.0,12.0,14.0,14.0,23.0,11.0,1.0,3511008.6450192225,19793.97820331954,-314614.30648163875,237.57436102586124,-286.95007552474016,4561.008603737854,3525132.0072893375,4576.197264785603,3511059.2958671446,-6010.647031839175,-314614.30648163875,3525132.0072893375,235.03296174647042,-537.5605428320084,4561.008603737854,4598.5879695497715,12757503.663464397,0.7241466954166885,1.6336272550098454,1.1827430029502178e-07,4.612264451967205e-06,6.193635677606279,-0.08936785350663028,-0.00171191673327602,128932.00728933746,-0.03760644015818336,-0.0374232471915249,1905.8814699947834,-16088484930.56263,-1012186737.5800949,-196538850.20123547,-16087916388.94401,-1885994240.8278058,16120293711.737312,16199279475.7584,-0.9960078909405115,0.00170508424064978,0.08924894325406058,0.0017119158971021402,0.999998534670907,0.0,0.0892488124749875,-0.00015278668475619312,0.9960093504219895,4563.865761499592,-537.157398465349,-0.1171588875781361,2.9499687211032273e-09,159.28858184191068,0.0,-65.87716368382134,2.4,0.0,2.989562200920856e-17,2.2882325586450407,1.5707963267948966,18.74468772205989,461.0,0.014364102185371718,0.5056960794590553,0.0,0.0313346212115928,-1582.4662763446472,-8.921454245317785,141.80156769737223,-0.04023601089465532,0.10325983261765874,-0.7808852571882975,-0.04099383036633929,0.10296133000713191,-0.7808852571882975,-1.0289149953700557e-17,6.257691669731182e-20,5.384351000448525e-19,-1.0289331974257274e-17,-1.304468345376985e-20,5.384351000448525e-19,-1582.5072701750134,-8.818492915310653,141.02068244018395,-1678541.5520848744,173.4056814698289,123228.35427581164,0.0004572329240410167,4581.80268037052
103.98654444243226,2001.0,12.0,14.0,14.0,23.0,11.0,1.0,3511079.7628495465,19707.892321124982,-313245.99015496264,236.54449677863667,-286.9558015328283,4561.100173943532,3525080.5029757163,4576.235541112075,3511129.648640038,-6171.916416290697,-313245.99015496264,3525080.5029757163,233.98551318807802,-537.5686714902777,4561.100173943532,4598.626326817328,12757485.795499312,0.72414630920403,1.6336272473718128,1.1920928955078133e-07,4.640031140281228e-06,6.194024829215576,-0.0889794482602046,-0.0017578132045898186,128880.50297571626,-0.03744304437102152,-0.037260648959996964,1916.912081822753,-16088483132.171814,-1012186501.0658524,-196541959.8171683,-16087909074.910889,-1886029161.619531,16120291902.044474,16199276315.411383,-0.9960424012093052,0.0017508582885073516,0.08886208127460757,0.0017578122993433273,0.9999984550467667,0.0,0.08886194398684778,-0.00015620285940975157,0.9960439400506109,4563.932565550512,-537.1565383588703,-0.11715700244500805,2.9690988947339586e-09,159.21500425102323,0.0,-65.73000850204647,2.4,0.0,2.989428315733061e-17,2.2882106935345634,1.5707963267948966,18.74917482458541,461.0,0.014457603507996485,0.5100193454682846,0.0,0.03153808284541877,-1582.5676960624312,-8.883043351762705,141.19103478811425,-0.040315680634245975,0.10390495211237984,-0.785960721283432,-0.041080442386355366,0.1036049730071863,-0.785960721283432,-1.0355621489445319e-17,6.325887030304988e-20,5.395522029837003e-19,-1.035580645113702e-17,-1.3071492745371014e-20,5.395522029837003e-19,-1582.6087765048176,-8.779438378755518,140.40507406683082,-1678543.903027868,173.59416590620916,123228.79301543991,0.0005588403002875542,4581.802190141762
104.28654444243224,2001.0,12.0,14.0,14.0,23.0,12.0,1.0,3511150.5717106997,19621.8047249409,-311877.6464173279,235.51456661808646,-286.96150212561054,4561.191343521851,3525029.222400837,4576.273646430047,3511199.687168467,-6333.188225523126,-311877.6464173279,3525029.222400837,232.93799870747154,-537.5767080416413,4561.191343521851,4598.664512713382,12757467.812473614,0.724145920502005,1.6336272396878981,1.1920928955078133e-07,4.66779914980424e-06,6.194413992072109,-0.08859103167828719,-0.0018037086812830192,128829.22240083711,-0.037279643361046486,-0.03709804551007307,1927.9603601396084,-16088481322.222488,-1012186263.0833578,-196545041.7839527,-16087901773.28749,-1886063928.914174,16120290080.723742,16199273149.260365,-0.9960767601174803,0.0017966342478175825,0.08847519459850417,0.0018037077032627272,0.9999983733179375,0.0,0.08847505067749215,-0.0001595833900449908,0.9960783804203145,4563.99907579624,-537.1556815126019,-0.11715512554378488,2.988145965403357e-09,159.08349257382034,0.0,-65.58349257382034,2.3417462869101664,0.0,2.9891926400031436e-17,2.2881722047670126,1.5707963267948966,18.757078792082797,461.0,0.014550695558668253,0.5143706004762519,0.0,0.03173986909550322,-1582.6686820120985,-8.844626622660183,140.58040904917868,-0.04039019077162249,0.10454487123625579,-0.790988542477206,-0.0411618838961954,0.10424345028101042,-0.790988542477206,-1.0421183112910537e-17,6.393936775966527e-20,5.405869794607691e-19,-1.0421371033315782e-17,-1.3095859193157291e-20,5.405869794607691e-19,-1582.7098438959947,-8.740383172379172,139.78942050670148,-1678546.2691163905,173.7826503425894,123229.31950299384,0.0006604477082895918,4581.801630451504
104.58654444243223,2001.0,12.0,14.0,14.0,23.0,12.0,1.0,3511221.071582954,19535.71542239131,-310509.2753889169,234.48457082938185,-286.96717730211225,4561.282112436503,3524978.1655788682,4576.311580742617,3511269.4114326993,-6494.462431904468,-310509.2753889169,3524978.1655788682,231.8904185948325,-537.5846524816476,4561.282112436503,4598.702527241037,12757449.7152284,0.724145529328763,1.6336272319583847,1.2105760581248946e-07,4.695733962600077e-06,6.1948031661296,-0.08820260381020484,-0.0018496031676851167,128778.16557886824,-0.03711623715147439,-0.03693543686493008,1939.0253216773272,-16088479500.799568,-1012186023.6425225,-196548096.2228158,-16087894484.160933,-1886098542.7026043,16120288247.860487,16199269977.391249,-0.9961109676422867,0.0018424121021010506,0.08808828333208282,0.0018496021130933974,0.9999982894845487,0.0,0.08808813265571311,-0.00016292827498979028,0.9961126715084025,4564.065292217475,-537.154827926554,-0.11715325687424824,3.007109927848936e-09,158.93761593962358,0.0,-65.43761593962357,2.3,0.0,2.988931649954079e-17,2.288129581857412,1.5707963267948966,18.76583978425777,461.0,0.014643383799266874,0.518749722482352,0.0,0.031940991302619806,-1582.769234077133,-8.806204082817068,139.96969087440456,-0.04046156667086037,0.10518182211616234,-0.7959983527859552,-0.041240196422223936,0.10487897921029211,-0.7959983527859552,-1.0486428466671293e-17,6.4621270408585e-20,5.415768839265256e-19,-1.0486619368514666e-17,-1.311926432292026e-20,5.415768839265256e-19,-1582.8104742735552,-8.701325103606775,139.17369252161862,-1678548.650239898,173.97113477896966,123229.9337384734,0.0007620551526690399,4581.801001295532
104.88654444243221,2001.0,12.0,14.0,14.0,23.0,12.0,1.0,3511291.262446664,19449.624421101533,-309140.8771899385,233.45450969633592,-286.9728270598676,4561.372480630293,3524927.332523916,4576.349344031729,3511338.82141309,-6655.73900780036,-309140.8771899385,3524927.3325239164,230.8427731389957,-537.5925048043742,4561.372480630293,4598.740370382274,12757431.503866103,0.7241451356864874,1.6336272241835166,1.2105760581248946e-07,4.7236210914025595e-06,6.195192351340437,-0.08781416470529624,-0.0018954966681250505,128727.33252391638,-0.036952825765584466,-0.0367728230478716,1950.1060434281826,-16088477667.913282,-1012185782.7479368,-196551123.2543986,-16087887207.543621,-1886133002.9704523,16120286403.46521,16199266799.815126,-0.9961450237610724,0.00188819183487528,0.08770134758170677,0.001895495533067851,0.9999982035467284,0.0,0.08770119003033398,-0.00016623751258515614,0.9961468132922741,4564.131214773916,-537.1539775992343,-0.11715139643639225,3.0259907768310574e-09,158.79237863976113,0.0,-65.2923786397611,2.3,0.0,2.98867170000651e-17,2.288087128809276,1.5707963267948966,18.774574279899788,461.0,0.014735670081429814,0.5231565906146242,0.0,0.03214180245528264,-1582.8693521415082,-8.767775757050938,139.35888065780426,-0.040530510182368966,0.10581658578553686,-0.8010004956453255,-0.041316087414100394,0.10551233578942991,-0.8010004956453255,-1.0551564832636754e-17,6.530558888214816e-20,5.425348956709715e-19,-1.0551758740578342e-17,-1.3142218400576234e-20,5.425348956709715e-19,-1582.9106682289223,-8.662263421261509,138.55788016215894,-1678551.046385048,174.1596192153499,123230.63572187863,0.000863662638048167,4581.800302669636
104.9536918629456,2001.0,12.0,14.0,14.0,23.0,12.0,1.0,3511306.930573992,19430.35489366095,-308834.59211651044,233.22394761596925,-286.9740881348991,4561.392652390164,3524915.98547767,4576.357772976388,3511354.3140369058,-6691.837016394837,-308834.59211651044,3524915.98547767,230.60827525289753,-537.5942497324771,4561.392652390164,4598.748817150107,12757427.412506407,0.7241450472505931,1.6336272224372055,1.2105760581248946e-07,4.729892400959911e-06,6.1952794621405145,-0.08772722089156053,-0.0019057686341022837,128715.9854776701,-0.0369162495488575,-0.03673642534735445,1952.5881292521954,-16088477256.140646,-1012185728.6351017,-196551797.03788695,-16087885580.612865,-1886140695.006943,16120285989.107365,16199266087.85631,-0.9961526256238058,0.0018984387270404714,0.08761473844735039,0.0019057674804917966,0.9999981840235063,0.0,0.08761457934104487,-0.0001669733193447547,0.9961544346168432,4564.145929632331,-537.1537877222472,-0.11715098115174581,3.0297299012863382e-09,158.78248184708764,0.0,-65.28248184708764,2.3,0.0,2.9886532700359514e-17,2.2880841189666716,1.5707963267948966,18.775193858732507,461.0,0.014753958417958195,0.5241466532357624,0.0,0.03218161878910929,-1582.8917015877812,-8.759173757292064,139.2221536567751,-0.04053924318486314,0.10594593235877678,-0.8019940026542784,-0.04132628461510761,0.10564141716809321,-0.8019940026542784,-1.0564598209220022e-17,6.54496321666532e-20,5.4266607582598905e-19,-1.0564792765412596e-17,-1.3145360067310862e-20,5.4266607582598905e-19,-1582.9330278723962,-8.653532340123972,138.42015965412082,-1678551.584703302,174.34810365173016,123231.42545320951,0.000965270169049682,4581.799534569612
105.05062884416014,2001.0,12.0,14.0,14.0,23.0,13.0,1.0,3511329.52246648,19402.5364037187,-308392.4230725878,232.89109227471053,-286.9759064346019,4561.421737842761,3524899.6241555815,4576.369926284297,3511376.6520986175,-6743.949901860239,-308392.4230725878,3524899.624155581,230.26973800933527,-537.596760649598,4561.421737842761,4598.76099615628,12757421.496864673,0.7241449193821154,1.6336272199123703,1.2197126108217918e-07,4.7389441168006715e-06,6.1954052201196355,-0.08760170397548979,-0.0019205976111114215,128699.62415558146,-0.03686344605248956,-0.03668387956528119,1956.1723888665438,-16088476660.766262,-1012185650.3963577,-196552767.3339714,-16087883233.10116,-1886151786.0117977,16120285389.995205,16199265059.62908,-0.9961635866268949,0.001913231757195301,0.08748970352495238,0.0019205964303617795,0.999998155652975,0.0,0.08748954216357796,-0.00016803241228343393,0.9961654239016309,4564.167146705339,-537.1535138977707,-0.11715038235578454,3.0352518474912555e-09,158.76203019447684,0.0,-65.26203019447684,2.3,0.0,2.988615823944295e-17,2.288078003555815,1.5707963267948966,18.77645285188021,461.0,0.014780963416715349,0.5255781742347447,0.0,0.03224040528472405,-1582.923927871634,-8.746755022090058,139.02476043120262,-0.04055328949677739,0.10613580434950508,-0.8034603375691011,-0.041342470230385585,0.10583089534335206,-0.8034603375691011,-1.0583804057627742e-17,6.566028345616024e-20,5.428730660734925e-19,-1.0583999559346893e-17,-1.3150316565089622e-20,5.428730660734925e-19,-1582.9652703418644,-8.640924126746706,138.22130009363352,-1678552.3630510122,174.5365880881104,123232.30293246603,0.0010668777502966117,4581.798696991257
105.22518335187021,2001.0,12.0,14.0,14.0,23.0,13.0,1.0,3511370.1223436487,19352.443180340375,-307596.2017828346,232.2917022903048,-286.9791739632819,4561.474006600202,3524870.221227432,4576.391765805335,3511416.793513614,-6837.790232715601,-307596.2017828346,3524870.221227432,229.66011662083204,-537.6012578133724,4561.474006600202,4598.7828818566895,12757410.81745658,0.7241446885426803,1.6336272153546798,1.2197126108217918e-07,4.755198454595052e-06,6.195631675544131,-0.08737568261664018,-0.0019472999053914938,128670.22122743167,-0.03676836139711611,-0.036589258977404636,1962.6294491291046,-16088475585.95329,-1012185509.159366,-196554507.38618472,-16087879009.52535,-1886171717.1976435,16120284308.434858,16199263206.894829,-0.9961832842432613,0.0019398700671409519,0.08726454662938578,0.001947298674705677,0.9999981040121384,0.0,0.08726438117686462,-0.0001699301360001947,0.9961851729982573,4564.205275004854,-537.1530216871847,-0.11714930627022646,3.0451753357418077e-09,158.7252765342896,0.0,-65.2252765342896,2.3,0.0,2.9885485248333934e-17,2.288067012776931,1.5707963267948966,18.77871598681086,461.0,0.014829495132035873,0.5281624900703532,0.0,0.03234605168366757,-1582.9818434569393,-8.724391082009884,138.66929021243482,-0.04057776617875669,0.10647699103458579,-0.8060955294603216,-0.04137080041122541,0.10617137844622562,-0.8060955294603216,-1.0618318405312615e-17,6.604000861017242e-20,5.4323509666434385e-19,-1.061851561568339e-17,-1.3158982705986447e-20,5.4323509666434385e-19,-1583.0232142573504,-8.618219703563659,137.8631946829745,-1678553.768190816,174.72507252449066,123233.26815964821,0.0011684853864123803,4581.797789930383
105.38139359859022,2001.0,12.0,14.0,14.0,23.0,13.0,1.0,3511406.3667910458,19307.613864861636,-306883.64915699844,231.75528474416848,-286.98209081155545,4561.520667360543,3524843.972548822,4576.4112611533055,3511452.6261652214,-6921.769370433641,-306883.64915699844,3524843.9725488224,229.11454291137264,-537.6052559242934,4561.520667360543,4598.802418426811,12757401.230670022,0.7241444813199795,1.63362721126371,1.2197126108217918e-07,4.769768361321317e-06,6.1958343355201695,-0.08717341107114933,-0.00197119572502554,128643.9725488224,-0.0366832678949244,-0.03650458077422907,1968.411028072238,-16088474621.11246,-1012185382.3796833,-196556056.7819654,-16087875233.713692,-1886189509.7301412,16120283337.537422,16199261547.540125,-0.996200868325551,0.0019637094363154166,0.08706304493106123,0.0019711944484753015,0.9999980571943359,0.0,0.0870628757844844,-0.00017161819083546365,0.9962028037540007,4564.23931203771,-537.1525821467053,-0.11714834563501536,3.0543248740256463e-09,158.68277871092113,0.0,-65.18277871092114,2.291389355460568,0.0,2.9884714002279905e-17,2.288054417373022,1.5707963267948966,18.78131022742542,461.0,0.014874235602149262,0.5304824202209476,0.0,0.032443314958569246,-1583.0335479353519,-8.704375764571404,138.35115084453,-0.04060238027286983,0.10678962892245714,-0.8085207789258725,-0.041398924687965195,0.10648336566759622,-0.8085207789258725,-1.0650037289495736e-17,6.638601944366406e-20,5.435929586302851e-19,-1.0650236053187245e-17,-1.3167483350871554e-20,5.435929586302851e-19,-1583.0749468600397,-8.597892398903808,137.54263006560413,-1678555.0295712817,174.9135569608709,123234.32113475606,0.0012700930820207733,4581.796813382797
105.46153283856313,2001.0,12.0,14.0,14.0,23.0,13.0,1.0,3511424.928456271,19284.615278352805,-306518.0913999087,231.48008412560617,-286.98358454270584,4561.5445631656785,3524830.5299582854,4576.421244694388,3511470.976015184,-6964.852728891803,-306518.0913999087,3524830.5299582854,228.83464498418346,-537.6072973471963,4561.5445631656785,4598.812423077544,12757396.30068433,0.724144374755868,1.6336272091602044,1.2197126108217918e-07,4.777280672940716e-06,6.195938305638494,-0.0870696402181501,-0.0019834546954834147,128630.52995828539,-0.036639612546827655,-0.036461138483966385,1971.3785774856806,-16088474124.947407,-1012185317.1879581,-196556848.80425185,-16087873297.98287,-1886198621.5270617,16120282838.258049,16199260695.680302,-0.9962098734025493,0.0019759397422644967,0.08695966764777657,0.001983453394967954,0.9999980329543804,0.0,0.08695949659414325,-0.0001724804480212674,0.9962118329966716,4564.256742845912,-537.1523569956369,-0.11714785367442092,3.0595098732327794e-09,158.6443713093868,0.0,-65.14437130938681,2.2721856546934083,0.0,2.9884026201892865e-17,2.2880431847402742,1.5707963267948966,18.7836244072301,461.0,0.014899578038898817,0.5316754591878456,0.0,0.03249819225379514,-1583.0600277529704,-8.69410687107467,138.18792887924607,-0.040620845857346995,0.10696360883843588,-0.8098877209548191,-0.04141929518097242,0.1066569675202691,-0.8098877209548191,-1.0667839932721642e-17,6.657358652114296e-20,5.438502414708517e-19,-1.0668039526149978e-17,-1.3173499706561553e-20,5.438502414708517e-19,-1583.1014470481514,-8.5874499035544,137.37804115829127,-1678555.6782343853,175.10204139725116,123235.46185778955,0.001371700841746015,4581.795767344319
105.62606309153804,2001.0,12.0,14.0,14.0,23.0,13.0,1.0,3511462.9674522486,19237.397544645897,-305767.57528847194,230.91506774505459,-286.986645565713,4561.593532894318,3524802.9816360846,4576.4417031781395,3511508.578963039,-7053.305737018463,-305767.57528847194,3524802.9816360846,228.25998477516404,-537.6114678925215,4561.593532894318,4598.832924819337,12757386.153236855,0.7241441554131618,1.6336272048312286,1.2287812309317777e-07,4.792640624594529e-06,6.1961517644526465,-0.08685659048822061,-0.0020086228163007465,128602.98163608508,-0.03654998458201541,-0.03637194793955737,1977.474573597312,-16088473103.690046,-1012185183.0146058,-196558468.8202823,-16087869326.580801,-1886217294.1933553,16120281810.591162,16199258945.449278,-0.9962283274434605,0.0020010496398708156,0.08674742301385191,0.0020086214656475933,0.9999979827178691,0.0,0.08674724801982556,-0.000174242735955235,0.9962303371211177,4564.2924634901565,-537.1518954733463,-0.11714684549307006,3.070135654652903e-09,158.5656618173859,0.0,-65.0656618173859,2.232830908692951,0.0,2.9882616444209076e-17,2.28802016165011,1.5707963267948966,18.788369535340387,461.0,0.014951514054298369,0.5341311620107068,0.0,0.03261065191265481,-1583.1142951320135,-8.673022992511614,137.8528049174469,-0.04065796989328316,0.1073200717755505,-0.8126889771723332,-0.04146033086021403,0.10701265946940117,-0.8126889771723332,-1.0704320430805507e-17,6.69590368224417e-20,5.443681394336662e-19,-1.0704521733261905e-17,-1.3185601842195478e-20,5.443681394336662e-19,-1583.1557554628737,-8.566010333042213,137.04011594027455,-1678557.0133868475,175.2905258336314,123236.6903287487,0.0014733086702126265,4581.794651810771
105.92606309153803,2001.0,12.0,14.0,14.0,23.0,13.0,1.0,3511532.087431595,19151.300716000696,-304399.0838702805,229.88478240459852,-286.99220725545683,4561.68251251113,3524752.924056079,4576.478874107956,3511576.8997798515,-7214.590309744778,-304399.0838702805,3524752.924056079,227.21211515450622,-537.6190010065214,4561.68251251113,4598.870174343487,12757367.560672017,0.724143753522669,1.6336271969020026,1.237783411580038e-07,4.820681104044724e-06,6.196540987962604,-0.08646811282834121,-0.0020545129338359045,128552.92405607877,-0.03638655543997187,-0.036209316381326344,1988.6015515476465,-16088471232.518091,-1012184937.2182182,-196561401.82853553,-16087862094.761057,-1886251222.4929712,16120279927.67798,16199255749.542776,-0.9962618587571623,0.0020468357542186674,0.08636040324778166,0.0020545114884783495,0.9999978894890448,0.0,0.0863602209832045,-0.00017742844062219038,0.9962639613831671,4564.357367862459,-537.1510564548237,-0.11714501357483605,3.089443578369615e-09,158.4226401602251,0.0,-64.92264016022507,2.2,0.0,2.9880054017086973e-17,2.2879783140394543,1.5707963267948966,18.797000805863302,461.0,0.015045889410029802,0.5386307843452833,0.0,0.03281553887914953,-1583.212908466457,-8.634574810242524,137.24167881982362,-0.04072388175552148,0.10796841951824138,-0.8177925864178259,-0.04153338438487702,0.10765961239036073,-0.8177925864178259,-1.077077724521589e-17,6.76638546237299e-20,5.45289142745583e-19,-1.0770981683567338e-17,-1.3207404736391749e-20,5.45289142745583e-19,-1583.2544418508419,-8.526915197852164,136.4238862334058,-1678559.459712863,175.47901027001163,123238.00654763349,0.0015749165720455904,4581.7934667779855
106.22606309153801,2001.0,12.0,14.0,14.0,23.0,14.0,1.0,3511600.8983147605,19065.20222304565,-303030.5658243606,228.85443299930955,-286.997743502341,4561.771091079608,3524703.0903048655,4576.515873859557,3511644.906225205,-7375.877128194041,-303030.5658243606,3524703.0903048655,226.1641814927093,-537.6264419640911,4561.771091079608,4598.907252326238,12757348.851818386,0.7241433491160624,1.633627188926651,1.237783411580038e-07,4.848788395395612e-06,6.196930222412997,-0.08607962415373688,-0.002100402084625249,128503.0903048655,-0.036223121224067456,-0.03604667975349103,1999.7428472191095,-16088469349.66465,-1012184689.9419022,-196564307.96526715,-16087854875.24204,-1886284997.1616924,16120278033.01344,16199252547.711338,-0.996295238564752,0.0020926236733194094,0.0859733594746984,0.0021004005402388234,0.9999977941563524,0.0,0.08597316983090954,-0.0001805784906868031,0.9962974362411229,4564.421978118067,-537.1502206752293,-0.11714318988728556,3.1086651681233e-09,158.29012900695074,0.0,-64.78025801390147,2.1901290069507393,0.0,2.9877675883949636e-17,2.2879394761779746,1.5707963267948966,18.80501864230642,461.0,0.015139848359283371,0.5431586504489291,0.0,0.03301983107156191,-1583.3110872883267,-8.596120953160924,136.63046244441395,-0.040786902129114254,0.10861419597509914,-0.8228824310565593,-0.04160355467565242,0.10830401281096276,-0.8228824310565593,-1.0837095138023859e-17,6.837113207807657e-20,5.461747600079159e-19,-1.0837302738611414e-17,-1.3228528548352683e-20,5.461747600079159e-19,-1583.3526908430024,-8.48781694034996,135.80758001335738,-1678561.9213468246,175.6674947063919,123239.41051444394,0.0016765245518702069,4581.792212241797
106.52606309153799,2001.0,12.0,14.0,14.0,23.0,14.0,1.0,3511669.40008425,18979.102072746755,-301662.02126051777,227.82401978997717,-287.0032543052369,4561.859268568168,3524653.4803969804,4576.5527024384155,3511712.5982816075,-7537.166165398332,-301662.02126051777,3524653.48039698,225.11618405552974,-537.6337907607572,4561.859268568168,4598.944158773055,12757330.02759967,0.7241429422132747,1.6336271809053577,1.2467205919833125e-07,4.87698410807403e-06,6.197319467751774,-0.08569112451078852,-0.0021462902731871313,128453.48039698042,-0.03605968195997947,-0.035884038081738234,2010.8975969403982,-16088467455.223095,-1012184441.1945162,-196567187.34920505,-16087847668.1192,-1886318618.1907017,16120276126.691286,16199249340.049173,-0.9963284668443733,0.0021384133808664287,0.08558629179812073,0.0021462886253509976,0.9999976967199158,0.0,0.08558609466891935,-0.0001836928845722779,0.9963307616731739,4564.4862942403015,-537.1493881343335,-0.11714137443010168,3.1278004183075547e-09,158.21925770997203,0.0,-64.63851541994403,2.11925770997202,0.0,2.987638292819593e-17,2.2879183606080877,1.5707963267948966,18.8093807903402,461.0,0.015233397788099678,0.5477146477833994,0.0,0.03322233520392596,-1583.4088314839978,-8.557661445836123,136.01915618131872,-0.04084527167121546,0.10925614496584554,-0.8279338859567642,-0.041669072792014365,0.10894461805590518,-0.8279338859567642,-1.090321252981884e-17,6.90812911918142e-20,5.470149744033815e-19,-1.0903423324059058e-17,-1.3248077452453815e-20,5.470149744033815e-19,-1583.4505005567898,-8.448716827780219,135.19122229536197,-1678564.39816734,175.85597914277213,123240.90222918004,0.001778132614312153,4581.790888198051
106.72409256450666,2001.0,12.0,14.0,14.0,23.0,14.0,1.0,3511714.4486045884,18922.26661056918,-300758.6329294243,227.143811025171,-287.00687803326616,4561.917254583921,3524620.8556373105,4576.576919117162,3511757.1094213687,-7643.633977610472,-300758.6329294243,3524620.8556373105,224.42436799097598,-537.6385911885467,4561.917254583921,4598.968426653291,12757317.538426075,0.7241426722469468,1.633627175585314,1.2467205919833125e-07,4.895592765114453e-06,6.197576413859932,-0.08543467059395117,-0.0021765804606821834,128420.85563731054,-0.03595179323366769,-0.035776675847037975,2018.2679655998945,-16088466198.34324,-1012184276.1894747,-196569073.42615408,-16087842917.490112,-1886340727.181088,16120274861.930931,16199247219.469381,-0.996350317738327,0.00216864005823071,0.08533077606017912,0.0021765787420900276,0.9999976312496842,0.0,0.08533057393287638,-0.00018572915321863053,0.9963526778490474,4564.528588015936,-537.1488403483879,-0.11714018055944402,3.140657745075779e-09,158.14530182088728,0.0,-64.54530182088729,2.1,0.0,2.9875050703846014e-17,2.287896603733357,1.5707963267948966,18.813877611714727,461.0,0.01529624894719855,0.550737490788744,0.0,0.0333587992868164,-1583.4731140632962,-8.532271308927166,135.61558493328377,-0.04088598816539113,0.10968794443960972,-0.8313351445796597,-0.04171458381996035,0.10937551225194292,-0.8313351445796597,-1.094759454342596e-17,6.955642639251506e-20,5.475922981768674e-19,-1.0947807475006765e-17,-1.3261745298550842e-20,5.475922981768674e-19,-1583.5148286471162,-8.422895796675224,134.7842497887041,-1678566.041450275,176.0444635791524,123242.4816918418,0.0018797407639975475,4581.7894946425995
106.90514384648074,2001.0,12.0,14.0,14.0,23.0,14.0,1.0,3511755.5169841154,18870.303348095673,-299932.6871732171,226.52189626822414,-287.0101813703612,4561.970116128775,3524591.113342336,4576.598994247933,3511797.6844815775,-7740.97452850828,-299932.6871732171,3524591.113342336,223.79184110809882,-537.6429448993965,4561.970116128775,4598.990548457197,12757306.074828245,0.7241424244485414,1.6336271707034267,1.264405455326822e-07,4.912639627466093e-06,6.197811334639636,-0.08520019977619933,-0.002204273334245508,128391.11334233591,-0.0358531525100648,-0.03567851647754102,2025.0118123739958,-16088465044.683193,-1012184124.7555447,-196570787.6721667,-16087838578.766178,-1886360882.0338514,16120273701.038834,16199245278.353895,-0.9963702374404995,0.0021962759025308865,0.08509715808957875,0.002204271549217706,0.9999975705905176,0.0,0.08509695135373598,-0.0001875772444961398,0.9963726580376828,4564.5671434939695,-537.1483407562264,-0.11713909218412404,3.15255466306563e-09,158.0603238352455,0.0,-64.4603238352455,2.1,0.0,2.987352657862322e-17,2.287871712879539,1.5707963267948966,18.81902490767338,461.0,0.01535440137999871,0.5535121633802148,0.0,0.03348532325553668,-1583.5317195409032,-8.509055873778689,135.24658011324672,-0.04092448444187848,0.11008776960088743,-0.8344868544303815,-0.041757512362822706,0.10977449887747306,-0.8344868544303815,-1.0988633187578416e-17,6.999496722352254e-20,5.481329457966285e-19,-1.0988848092917439e-17,-1.3274689118097981e-20,5.481329457966285e-19,-1583.573477053266,-8.399281374901216,134.41209325881633,-1678567.5497942679,176.23294801553263,123244.14890242921,0.0019813490055528046,4581.788031571301
107.17118746449154,2001.0,12.0,14.0,14.0,23.0,15.0,1.0,3511815.6601200206,18793.945477337984,-298718.9938369935,225.6079894424817,-287.015018592153,4562.047527692657,3524547.5568262385,4576.631319073497,3511857.099229411,-7884.011847075348,-298718.9938369935,3524547.5568262385,222.86234044905086,-537.6492814876428,4562.047527692657,4599.022941625894,12757289.151331922,0.724142058626703,1.6336271634986788,1.264405455326822e-07,4.937683633590036e-06,6.198156543262141,-0.08485565229832219,-0.0022449656633239433,128347.55682623852,-0.035708202789468464,-0.03553427407969451,2034.930526420474,-16088463341.570742,-1012183901.2343956,-196573289.1584209,-16087832211.25254,-1886390396.7556033,16120271987.252193,16199242421.928167,-0.9963994080396934,0.002236886215879207,0.08475385535895054,0.002244963777601592,0.9999974800656436,0.0,0.08475364178479858,-0.00019026933529292853,0.9964019189071216,4564.623603879603,-537.147608765047,-0.11713749832256774,3.1699772695045902e-09,157.9358766463958,0.0,-64.33587664639579,2.067938323197892,0.0,2.9871293907790344e-17,2.287835250597771,1.5707963267948966,18.826570373994542,461.0,0.015439566341908836,0.5576084348072382,0.0,0.033670151068689716,-1583.6175492688856,-8.47493853845901,134.70429166092381,-0.04097791052127366,0.11067231435562706,-0.8390907935150045,-0.041817447477562095,0.11035783344186122,-0.8390907935150045,-1.1048574336480253e-17,7.063978061593732e-20,5.488862017242859e-19,-1.1048792158322615e-17,-1.329246117957531e-20,5.488862017242859e-19,-1583.6593667163631,-8.364580705017149,133.86520086740882,-1678569.7765394207,176.4214324519129,123245.90386094227,0.002082957343604797,4581.786498980025
107.47118746449152,2001.0,12.0,14.0,14.0,23.0,15.0,1.0,3511883.1879265895,18707.84015652728,-297350.3665315391,224.5773771068362,-287.0204491878759,4562.134441034301,3524498.6522058975,4576.667608056276,3511923.8007036652,-8045.307692591052,-297350.3665315391,3524498.6522058975,221.81414400901193,-537.656339870069,4562.134441034301,4599.059307331911,12757269.956753518,0.7241416437102939,1.633627155330109,1.2818463544611084e-07,4.966022960684867e-06,6.198545822589415,-0.0844671184275908,-0.0022908508484881197,128298.6522058975,-0.035544747770584265,-0.03537161666638594,2046.1273957192898,-16088461409.92664,-1012183647.7677262,-196576085.0414586,-16087825042.501232,-1886423533.5497932,16120270043.504583,16199239195.198967,-0.9964321587995609,0.0022826814496171507,0.08436671307717335,0.0022908488447586826,0.9999973760023425,0.0,0.08436649169911586,-0.0001932713871889298,0.9964347734420723,4564.686992890209,-537.1467863855385,-0.11713570879286062,3.1895391176410057e-09,157.7961491597071,0.0,-64.1961491597071,1.9980745798535506,0.0,2.98687861837207e-17,2.2877942963557576,1.5707963267948966,18.835052866379606,461.0,0.015535192318776326,0.5622546596066269,0.0,0.03387717674970423,-1583.7139234767117,-8.436461393683553,134.0927048046069,-0.041033973527008334,0.11132749825495655,-0.8442475308618964,-0.04188084659336027,0.11101168199674301,-0.8442475308618964,-1.1115702825650833e-17,7.136766997721591e-20,5.496807780567968e-19,-1.1115923959446115e-17,-1.3310909498400628e-20,5.496807780567968e-19,-1583.755804323305,-8.32544971168681,133.248457273745,-1678572.3021141943,176.60991688829313,123247.746567381,0.0021845657827807155,4581.784896864644
107.5242637909626,2001.0,12.0,14.0,14.0,23.0,15.0,1.0,3511895.102829732,18692.606140027205,-297108.2247874535,224.39503352398197,-287.0214073242726,4562.149776057403,3524490.023257281,4576.674010513885,3511935.5688619856,-8073.844548918029,-297108.2247874535,3524490.023257281,221.6286894322905,-537.6575790489975,4562.149776057403,4599.065723325653,12757266.54883191,0.7241415700432594,1.6336271538801204,1.2731557704981472e-07,4.9710506014481105e-06,6.198614695426226,-0.08439837747050113,-0.002298968806940059,128290.02325728117,-0.035515828614501616,-0.035342838623975956,2048.1095431149006,-16088461066.973185,-1012183602.7708528,-196576576.95553625,-16087823775.490934,-1886429380.1443422,16120269698.402514,16199238623.717188,-0.9964379373150579,0.002290783771734528,0.08429821699789364,0.0022989667818335436,0.9999973573723763,0.0,0.08429799422909677,-0.00019379880064595325,0.996440570536435,4564.698177104051,-537.1466412253209,-0.11713539304408661,3.1924918599515913e-09,157.78752907160145,0.0,-64.18752907160146,2.0,0.0,2.986862639559814e-17,2.287791686817682,1.5707963267948966,18.83559362496638,461.0,0.01554963797357857,0.5630796005609188,0.0,0.03390864459388448,-1583.7309288117876,-8.429653397165692,133.98449299385817,-0.04103755400015769,0.11142924079553106,-0.8450326506220965,-0.04188562003837901,0.11111323672985521,-0.8450326506220965,-1.1125990534767106e-17,7.148645597048635e-20,5.49741029000135e-19,-1.1126212224936417e-17,-1.3312354782244934e-20,5.49741029000135e-19,-1583.772814431826,-8.318540160435838,133.13946034323607,-1678572.750520816,176.7984013246734,123249.67702174536,0.0022861743277081455,4581.783225221046
107.58364902050859,2001.0,12.0,14.0,14.0,23.0,15.0,1.0,3511908.4225224275,18675.56127606055,-296837.29996668367,224.19101340052035,-287.02247840606196,4562.166918996242,3524480.376938486,4576.681167656709,3511948.7241713493,-8105.773508751302,-296837.29996668367,3524480.3769384865,221.4211885293874,-537.6589621034501,4562.166918996242,4599.072895600111,12757262.732004505,0.7241414875370551,1.633627152256202,1.2731557704981472e-07,4.9766309119111e-06,6.198691755211132,-0.08432146523934782,-0.0023080516692993466,128280.376938486,-0.035483471807196125,-0.035310639703949646,2050.327529489994,-16088460682.8707,-1012183552.3758141,-196577126.3681789,-16087822358.384066,-1886435915.9942458,16120269311.893667,16199237984.136368,-0.9964443970665479,0.0022998492378590914,0.08422157828114486,0.002308049620095253,0.9999973364499284,0.0,0.084221353952754,-0.00019438758175561901,0.9964470511531623,4564.710679819539,-537.1464789318168,-0.11713504006923196,3.1958680715299027e-09,157.7754711731075,0.0,-64.1754711731075,2.0,0.0,2.986840505726713e-17,2.2877880720884205,1.5707963267948966,18.836342736211186,461.0,0.015566153537267832,0.5640035271750613,0.0,0.03394458688640565,-1583.7499393373964,-8.422035964368556,133.8634153443133,-0.04104234817017992,0.11154506295222026,-0.8459291812644052,-0.04189176501089446,0.11122884264708074,-0.8459291812644052,-1.1137726043489144e-17,7.16209476280208e-20,5.498183577467252e-19,-1.1137948361894252e-17,-1.3314192900691691e-20,5.498183577467252e-19,-1583.7918311024073,-8.310807121721474,133.0174861630489,-1678573.2527306285,176.98688576105363,123251.69522403539,0.0023877829830150333,4581.781484045121
107.66580940825847,2001.0,12.0,14.0,14.0,23.0,15.0,1.0,3511926.830547383,18651.97933712113,-296462.4695901767,223.9087443531979,-287.02395862225586,4562.190610614633,3524467.045572605,4576.691058636287,3511966.9044285887,-8149.947855963715,-296462.4695901767,3524467.0455726045,221.1341037729379,-537.6608696272938,4562.190610614633,4599.082807491093,12757257.444827503,0.7241413732469693,1.63362715000678,1.2818463544611084e-07,4.9844328508982035e-06,6.198798369311776,-0.08421505527852552,-0.0023206178895930356,128267.04557260545,-0.0354387053421971,-0.035266091678706805,2053.3964895159006,-16088460150.802664,-1012183482.5684987,-196577884.79718608,-16087820398.688581,-1886444948.5224254,16120268776.492344,16199237098.982704,-0.9964533244367488,0.0023123915617828195,0.08411554591284644,0.0023206158067356226,0.9999973073675136,0.0,0.0841153194205949,-0.00019519986543754743,0.996456007526566,4564.7279585312945,-537.1462546075458,-0.11713455225467416,3.2005340495880983e-09,157.7588069657568,0.0,-64.1588069657568,2.0,0.0,2.986809915329545e-17,2.28778307629744,1.5707963267948966,18.837378158116564,461.0,0.015588978553228274,0.5652833785606406,0.0,0.033994259988621635,-1583.7762125816919,-8.411496770020511,133.69589684388788,-0.04104878092717667,0.11170512325462788,-0.8471682106799407,-0.04190006685114659,0.11138860522875935,-0.8471682106799407,-1.1153944588720995e-17,7.180711005494831e-20,5.499227238491487e-19,-1.1154167777810432e-17,-1.3316672568021039e-20,5.499227238491487e-19,-1583.818112648543,-8.300108164791752,132.84872863320794,-1678573.9484063163,177.1753701974339,123253.80117425104,0.002489391753329759,4581.779673332773
107.84680229891487,2001.0,12.0,14.0,14.0,23.0,15.0,1.0,3511967.3001649263,18600.029746540848,-295636.7408081573,223.2869112733873,-287.02721269516593,4562.242695281121,3524437.7368666856,4576.712802461993,3512006.870895871,-8247.261029526977,-295636.7408081573,3524437.7368666856,220.50166207765167,-537.6650473677157,4562.242695281121,4599.1045972869415,12757245.770291967,0.7241411208840841,1.6336271450402478,1.2818463544611084e-07,5.0015098821952084e-06,6.19903323463861,-0.08398063964245861,-0.002348300038359943,128237.73686668556,-0.03534008702488998,-0.03516795456816666,2060.1587189286947,-16088458975.957579,-1012183328.4346042,-196579548.6382911,-16087816085.241215,-1886464805.8313727,16120267594.287483,16199235147.84353,-0.996472950609743,0.002340021769503297,0.08388195873506503,0.002348297880071996,0.999997242744732,0.0,0.08388172745109242,-0.00019697982587383984,0.996475698147611,4564.765944387414,-537.1457613023222,-0.11713347981481571,3.2107920966600524e-09,157.72217108335695,0.0,-64.12217108335695,2.0,0.0,2.98674265859695e-17,2.287772092439459,1.5707963267948966,18.839655073890864,461.0,0.015639159830875753,0.5681094161551746,0.0,0.034103466331769236,-1583.8339753288378,-8.388278288728651,133.3268434547941,-0.041062133810123275,0.11205698051701608,-0.8498922288345325,-0.04191753809162654,0.11173981258248301,-0.8498922288345325,-1.1189600226311108e-17,7.221758241490103e-20,5.501419240430018e-19,-1.1189825339633093e-17,-1.3321875865813315e-20,5.501419240430018e-19,-1583.8758928669295,-8.276538476146168,132.47695122595957,-1678575.484519329,177.36385463381413,123255.99487239237,0.002591000643280997,4581.777793079914
107.98373404560948,2001.0,12.0,14.0,14.0,23.0,15.0,1.0,3511997.8430208266,18560.726440762224,-295012.0222548298,222.81644298860996,-287.0296684433782,4562.28200339736,3524415.6172653404,4576.729211604751,3512037.0318132243,-8320.884658693229,-295012.0222548298,3524415.6172653404,220.02316776588665,-537.6681857846861,4562.28200339736,4599.121041121027,12757236.912956936,0.7241409294186655,1.6336271412725418,1.2818463544611084e-07,5.0144566157234905e-06,6.199210926622403,-0.08380328786430495,-0.002369242981800227,128215.6172653404,-0.03526547528758487,-0.03509370689304529,2065.2760567218065,-16088458084.621964,-1012183211.5009427,-196580801.12112707,-16087812825.172083,-1886479791.9024298,16120266697.368454,16199233670.590624,-0.9964877622856181,0.0023609260547850933,0.08370523067984108,0.002369240765250718,0.9999971933451595,0.0,0.08370499574815021,-0.00019831784479139457,0.9964905590906693,4564.79461181289,-537.1453888772993,-0.117132670441245,3.2187530938638402e-09,157.68747790097257,0.0,-64.08747790097256,2.0,0.0,2.986679469411619e-17,2.2877617728623574,1.5707963267948966,18.841794805208032,461.0,0.015678099497889293,0.5702535131044733,0.0,0.03418820054957264,-1583.8775709765175,-8.370710810365315,133.04761167391163,-0.04107424480566433,0.11232871288401428,-0.852005191666764,-0.041932813139908306,0.11201103743251596,-0.852005191666764,-1.12172222841649e-17,7.253308291094676e-20,5.503328930038131e-19,-1.1217448873391613e-17,-1.3326414649684661e-20,5.503328930038131e-19,-1583.9195037896575,-8.258699772932799,132.19560648224487,-1678576.6499523707,177.5523390701944,123258.27631845936,0.0026926096574978815,4581.775843282462
108.05829598706812,2001.0,12.0,14.0,14.0,23.0,16.0,1.0,3512014.4470966263,18539.32490164804,-294671.84885436884,222.56025861197926,-287.03100341511447,4562.303372256709,3524403.592338778,4576.738131698148,3512053.4274540707,-8360.974305930658,-294671.84885436884,3524403.5923387776,219.76261306990912,-537.6698866360289,4562.303372256709,4599.129980072693,12757232.080183316,0.7241408249503334,1.6336271392170303,1.2904784139758934e-07,5.021492341459811e-06,6.199307684218871,-0.08370671551091811,-0.0023806467308700977,128203.59233877761,-0.03522484734646056,-0.035053277191060814,2068.063295185566,-16088457598.289917,-1012183147.7031254,-196581480.83965665,-16087811051.121815,-1886487938.6376252,16120266207.99021,16199232865.720263,-0.9964958142388819,0.0023723089841655603,0.08360899685124483,0.002380644482159899,0.9999971662619097,0.0,0.08360875992524576,-0.0001990432970128404,0.9964986380550295,4564.810195991326,-537.1451863682012,-0.11713223044286548,3.2235630644889557e-09,157.65312096793602,0.0,-64.05312096793602,2.0,0.0,2.986617775436214e-17,2.2877516974715673,1.5707963267948966,18.843884390251333,461.0,0.015701614853492418,0.5714233922680417,0.0,0.03423935597124061,-1583.9012715029455,-8.361144501783606,132.89555698223398,-0.04108661580997731,0.11249008024121054,-0.8532794551056718,-0.041947011742655554,0.11217208368062073,-0.8532794551056718,-1.123380623524887e-17,7.271516998951736e-20,5.505099336068025e-19,-1.1234033662094706e-17,-1.3330640868364925e-20,5.505099336068025e-19,-1583.9432185146882,-8.248972418102985,132.0422775271283,-1678577.2858411688,177.74082350657463,123260.645512452,0.002794218800609857,4581.7738239363525
108.23059704678147,2001.0,12.0,14.0,14.0,23.0,16.0,1.0,3512052.743462817,18489.868890194914,-293885.75490034744,221.96824167101417,-287.03408230914505,4562.352657503499,3524375.857517132,4576.758704164643,3512091.240912925,-8453.615734365558,-293885.75490034744,3524375.857517132,219.1604970142586,-537.6737952508224,4562.352657503499,4599.150596031859,12757220.884969192,0.7241405829468028,1.633627134456195,1.2904784139758934e-07,5.037782672344541e-06,6.199531278491055,-0.08348354929059776,-0.002406998801778656,128175.85751713207,-0.035130961329294635,-0.03495984927471847,2074.5065204799175,-16088456471.697428,-1012182999.927449,-196583045.4186189,-16087806954.483217,-1886506728.142912,16120265074.341963,16199231004.396261,-0.9965143852129149,0.0023986135634015485,0.08338660993648543,0.002406996477563943,0.9999971031797827,0.0,0.08338636838046792,-0.00020071127639311893,0.9965172719442952,4564.846139035398,-537.1447191621676,-0.11713121561959595,3.234656993147172e-09,157.57387862037734,0.0,-63.97387862037734,2.0,0.0,2.986475459381701e-17,2.2877284554960666,1.5707963267948966,18.848706486812667,461.0,0.01575585268279257,0.5741334692278321,0.0,0.03435734384313257,-1583.9559368685711,-8.339036950700567,132.54416155963847,-0.04111437435363628,0.1128621884473397,-0.8562184829698901,-0.041978994088108096,0.112543455673639,-0.8562184829698901,-1.1272054060680273e-17,7.313630218859131e-20,5.509081886074782e-19,-1.127228342910831e-17,-1.3340144176709743e-20,5.509081886074782e-19,-1583.9979158626593,-8.226493495026928,131.68794307666857,-1678578.7588917874,177.92930794295486,123263.10245437027,0.0028958280772467446,4581.771735037524
108.46205261750205,2001.0,12.0,14.0,14.0,23.0,16.0,1.0,3512104.0272110505,18423.432775511883,-292829.765320768,221.172940971354,-287.0382050270422,4562.4186549422375,3524338.7170198513,4576.786250626961,3512141.8732230165,-8578.06393259602,-292829.765320768,3524338.717019851,218.35162999788685,-537.6789979008391,4562.4186549422375,4599.178200730139,12757205.785705812,0.7241402565492896,1.6336271280369463,1.2904784139758934e-07,5.059706782500948e-06,6.1998316427799836,-0.08318375997923627,-0.0024423975981903755,128138.71701985085,-0.03500483976396561,-0.034834343087809645,2083.166906416416,-16088454952.245403,-1012182800.6486541,-196585133.6825717,-16087801457.766153,-1886531888.638219,16120263545.37552,16199228500.954502,-0.996539253239783,0.0024339499183692404,0.08308786096711562,0.0024423951699162473,0.9999970173484689,0.0,0.0830876131449799,-0.00020293339030475588,0.9965422255779779,4564.894269199402,-537.1440932253026,-0.11712985665896318,3.249674377490367e-09,157.46776291385953,0.0,-63.867762913859536,1.9838814569297678,0.0,2.986284831003394e-17,2.28769732351933,1.5707963267948966,18.855169550496413,461.0,0.01582927138858326,0.5777886772242105,0.0,0.034516819279507414,-1584.029143944913,-8.309336574832342,132.07207955368798,-0.04115149245200032,0.11336555134776168,-0.8601909007001043,-0.04202182732412888,0.11304582960795202,-0.8601909007001043,-1.1323751347602312e-17,7.370610041539942e-20,5.514415467943262e-19,-1.1323983348441503e-17,-1.3352744407151409e-20,5.514415467943262e-19,-1584.071165772237,-8.19629074522439,131.21188865298788,-1678580.7456358485,178.11779237933513,123265.64714421422,0.0029974374920387972,4581.769576581933
108.62908035681801,2001.0,12.0,14.0,14.0,23.0,16.0,1.0,3512140.92129535,18375.489185242954,-292067.71088023565,220.59899687401432,-287.04117072511104,4562.466132875719,3524311.997735014,4576.806065888196,3512178.295252523,-8667.871551190263,-292067.71088023565,3524311.997735014,217.76789591985408,-537.6827182435528,4562.466132875719,4599.1980578823795,12757194.845553335,0.7241400200574187,1.633627123387098,1.2990531157078375e-07,5.075546371992633e-06,6.20004840174336,-0.08296741591710674,-0.0024679424632235466,128111.99773501465,-0.03491382351729422,-0.03474377092469652,2089.4206289350986,-16088453851.33643,-1012182656.2815212,-196586631.0936797,-16087797495.57533,-1886549988.5975776,16120262437.574131,16199226692.087563,-0.9965571429288074,0.0024594506833563214,0.0828722630311789,0.002467939957958329,0.9999969546315448,0.0,0.08287201065460324,-0.00020452376934107923,0.9965601778217366,4564.928892971423,-537.1436427096627,-0.11712887902047694,3.260743795493933e-09,157.39142210004184,0.0,-63.79142210004184,1.9457110500209212,0.0,2.98614765621538e-17,2.287674921176367,1.5707963267948966,18.859823160358108,461.0,0.01588338561278833,0.580437140916034,0.0,0.03463397438610329,-1584.0818121307257,-8.28790155624293,131.73137384971398,-0.041179679187988344,0.11373617266471815,-0.8631090877453507,-0.0420542053209311,0.1134157253879249,-0.8631090877453507,-1.1361735310144987e-17,7.412329760723533e-20,5.518457887055312e-19,-1.1361969238446477e-17,-1.3362097123686067e-20,5.518457887055312e-19,-1584.1238663360466,-8.174485830855005,130.86826476196862,-1678582.1851317175,178.30627681571536,123268.2795819838,0.0030990470496165623,4581.767348565538
108.88644214963895,2001.0,12.0,14.0,14.0,23.0,16.0,1.0,3512197.581245878,18301.615168405388,-290893.4970265055,219.71460775972557,-287.0457249048296,4562.539044709771,3524270.9636802156,4576.83649386236,3512234.224644722,-8806.251271524021,-290893.4970265055,3524270.9636802156,216.86842212598637,-537.6883947059231,4562.539044709771,4599.228550182954,12757177.9164173,0.7241396541008774,1.6336271161937372,1.3075715880680275e-07,5.0999863658410595e-06,6.200382397399104,-0.08263405951252573,-0.002507302262484446,128070.96368021611,-0.03477357976465085,-0.034604211432975956,2099.0630279928446,-16088452147.768568,-1012182432.915808,-196588922.71042734,-16087791397.81434,-1886577784.2623224,16120260723.342747,16199223901.168652,-0.9965846158937437,0.002498744098361865,0.08254004871485258,0.0025072996354323163,0.9999968567193289,0.0,0.08253978926831287,-0.0002069526340513155,0.9965877484487504,4564.982063667637,-537.1429504846517,-0.11712737763614547,3.277743618196181e-09,157.2870909717373,0.0,-63.674181943474615,1.9,0.0,2.9859597339204563e-17,2.287644231136585,1.5707963267948966,18.866202220242222,461.0,0.01596649573853037,0.584535616771336,0.0,0.03481408262573158,-1584.162700718365,-8.254870474116297,131.20635078492694,-0.04122131133276042,0.11430564480125388,-0.8675967874346513,-0.04210230041021363,0.11398409205494821,-0.8675967874346513,-1.1420211642290855e-17,7.476788590489151e-20,5.524484391175475e-19,-1.1420448558216237e-17,-1.3376121073144277e-20,5.524484391175475e-19,-1584.2048030187752,-8.140886382061348,130.3387539974923,-1678584.4126577675,178.49476125209563,123270.99976767905,0.003200656754611061,4581.765050984315
109.18644214963894,2001.0,12.0,14.0,14.0,23.0,17.0,1.0,3512263.340984318,18215.500657730736,-289524.7226132352,218.68364129632897,-287.05100991659015,4562.623662993486,3524223.3393885246,4576.871803685663,3512299.1278899084,-8967.55877173634,-289524.7226132352,3524223.339388525,215.81987190936198,-537.6949259319163,4562.623662993486,4599.263934652152,12757158.071682079,0.7241392251154951,1.6336271077647233,1.3160349229466696e-07,5.128467944077218e-06,6.200771737234063,-0.08224546477787051,-0.002553182106499761,128023.33938852465,-0.034610096743063395,-0.03444152604046945,2110.3122858703136,-16088450150.82598,-1012182171.1344337,-196591570.1321911,-16087784300.970861,-1886610042.0360425,16120258713.903425,16199220642.077902,-0.9966164994807947,0.0025445489426025613,0.08215277374091438,0.0025531793325794254,0.9999967406323361,0.0,0.08215250597482016,-0.00020975076402937634,0.996619747830974,4565.04376969825,-537.1421465499427,-0.11712563515498171,3.29747368189693e-09,157.21905626932093,0.0,-63.53811253864186,1.9,0.0,2.98583528788385e-17,2.2876239075564815,1.5707963267948966,18.870429022353747,461.0,0.016062965175817703,0.5893400440696297,0.0,0.03502390996887135,-1584.2565857991194,-8.216361952105391,130.59426472934535,-0.041268091313125,0.1149683431760207,-0.8728309721421006,-0.04215663165024387,0.11464551321867483,-0.8728309721421006,-1.1488692074519308e-17,7.552420735216064e-20,5.531417903327983e-19,-1.1488932505916485e-17,-1.3392666443976297e-20,5.531417903327983e-19,-1584.2987424307696,-8.101716438886717,129.72143375720324,-1678587.0238242242,178.68324568847586,123273.80770129996,0.0033022666116535398,4581.762683834251
109.48644214963892,2001.0,12.0,14.0,14.0,23.0,17.0,1.0,3512328.791424093,18129.38456519707,-288155.9228719187,217.65261383768032,-287.05626943810796,4562.707879538524,3524175.9390724963,4576.906942044708,3512363.716561314,-9128.868217663181,-288155.9228719187,3524175.9390724963,214.77126077592538,-537.7013649199532,4562.707879538524,4599.29914729353,12757138.108307494,0.7241387935628354,1.633627099288705,1.3160349229466696e-07,5.156985977926919e-06,6.201161087482447,-0.08185685956324913,-0.0025990610309182902,127975.93907249672,-0.03444660890290137,-0.03427883583340137,2121.5707006156445,-16088448141.966612,-1012181907.8441421,-196594191.98600006,-16087777216.214777,-1886642145.9537735,16120256692.476097,16199217376.82938,-0.9966482313268699,0.002590355412296965,0.08176547591655044,0.002599058104758515,0.9999966224427801,0.0,0.08176519974897692,-0.00021251322287034756,0.996651597574669,4565.1051810962845,-537.1413458168371,-0.11712390090220512,3.317110955679924e-09,157.1026830642764,0.0,-63.40268306427638,1.8513415321381925,0.0,2.985625427497625e-17,2.2875896347544997,1.5707963267948966,18.87756135549465,461.0,0.016158978141758568,0.5941733468578739,0.0,0.03523201652343996,-1584.3500351616563,-8.177848025919907,129.98209269271098,-0.041309848506950596,0.11562569052044758,-0.8780167750351809,-0.04220592687676419,0.1153016202335022,-0.8780167750351809,-1.1556272591448064e-17,7.627874066427152e-20,5.537566774844361e-19,-1.155651655596945e-17,-1.3406928620338323e-20,5.537566774844361e-19,-1584.392241088533,-8.062546405686405,129.1040759176758,-1678589.6506094187,178.87173012485613,123276.7033828465,0.0034038766253757643,4581.7602471113405
109.7864421496389,2001.0,12.0,14.0,14.0,23.0,17.0,1.0,3512393.932546537,18043.266898622278,-286787.09792577324,216.62152567683088,-287.06150346906713,4562.791694316726,3524128.762745026,4576.941908948176,3512427.9906402985,-9290.179581458731,-286787.09792577324,3524128.762745026,213.7225890237529,-537.7077116668008,4562.791694316726,4599.334188115782,12757118.02726956,0.7241383594639638,1.6336270907659969,1.3244441773467654e-07,5.185561275859287e-06,6.2015504480994785,-0.08146824391893039,-0.0026449390400107506,127928.76274502603,-0.034283116266815045,-0.0341161408344339,2132.8372705876827,-16088446121.288912,-1012181643.0562118,-196596788.394221,-16087770143.646444,-1886674096.008969,16120254659.159723,16199214105.522532,-0.9966798114108596,0.0026361634908658653,0.08137815534934885,0.002644935956144042,0.9999965021507765,0.0,0.08137787070083136,-0.0002152400091281684,0.9966832976587584,4565.166297849777,-537.14054828595,-0.11712217487759494,3.3366554342034995e-09,156.96789355721725,0.0,-63.26789355721724,1.8,0.0,2.985382964962142e-17,2.287550037617488,1.5707963267948966,18.885808652784192,461.0,0.016254538762299937,0.5990353857027609,0.0,0.03543908973876451,-1584.4430486980582,-8.139328720625233,129.36983507295142,-0.04134788376546377,0.11627924761694539,-0.8831746952175584,-0.04225149870844177,0.11595396403373084,-0.8831746952175584,-1.1623378518083823e-17,7.703377609690525e-20,5.543178898856045e-19,-1.1623626038564998e-17,-1.341986982029957e-20,5.543178898856045e-19,-1584.4853001967667,-8.023374756591503,128.48666037773387,-1678592.29288508,179.06021456123636,123279.68681231872,0.003505486800409761,4581.757740811596
110.08644214963888,2001.0,12.0,14.0,14.0,23.0,18.0,1.0,3512458.7643334595,17957.147665663622,-285418.2478954908,215.59037709937672,-287.0667120075043,4562.875107277409,3524081.8104191273,4576.976704381669,3512491.9501086976,-9451.492835439924,-285418.2478954908,3524081.8104191273,212.67385694346717,-537.7139661675786,4562.875107277409,4599.369057104541,12757097.828743014,0.7241379228226255,1.6336270821968635,1.332800374925012e-07,5.21419289640278e-06,6.201939819037604,-0.08107961789446386,-0.0026908161380940054,127881.81041912735,-0.03411961885817692,-0.033953441066887295,2144.111059859395,-16088444088.810343,-1012181376.7760172,-196599359.47792512,-16087763083.285242,-1886705892.1894538,16120252613.972067,16199210828.175705,-0.9967112397118127,0.00268197316177397,0.08099081214619853,0.002690812890956623,0.9999963797564398,0.0,0.08099051893973243,-0.00021793112137203727,0.9967148480623228,4565.227119923748,-537.1397539562224,-0.11712045708115693,3.3561071120758144e-09,156.83374405464957,0.0,-63.133744054649554,1.8,0.0,2.985141563590122e-17,2.2875106137816217,1.5707963267948966,18.89402726090905,461.0,0.01634964968130953,0.6039260252133513,0.0,0.03564595691140651,-1584.5356263008334,-8.100804061222444,128.75749226698468,-0.04138364548610039,0.1169306541808657,-0.8883276085762825,-0.04229480805348919,0.1166041732212143,-0.8883276085762825,-1.1690410861731574e-17,7.779140551927412e-20,5.548493752386276e-19,-1.1690661965298918e-17,-1.3432497066793791e-20,5.548493752386276e-19,-1584.5779211088868,-7.98419988800123,127.86916465840841,-1678594.9506283551,179.24869899761663,123282.75798971657,0.0036070971413880147,4581.755164931036
110.2242396467366,2001.0,12.0,14.0,14.0,23.0,18.0,1.0,3512488.439513906,17917.59042694163,-284789.492494681,215.11672461915086,-287.0690958760778,4562.913286261155,3524060.319120676,4576.992629331683,3512521.2228435045,-9525.588670161313,-284789.492494681,3524060.319120676,212.19212795200352,-537.7168080994043,4562.913286261155,4599.3850157185125,12757088.512086226,0.7241377214190399,1.6336270782454618,1.332800374925012e-07,5.227313753940601e-06,6.202118670286571,-0.0809011087842066,-0.002711888331587454,127860.31912067579,-0.034044518819409564,-0.033878707405937576,2149.2914225310087,-16088443151.328117,-1012181253.9721435,-196600531.98702687,-16087759844.417723,-1886720445.3989084,16120251670.6289,16199209320.825605,-0.9967256246396912,0.0027030152175539775,0.0808128881760292,0.002711885007564629,0.9999963228330921,0.0,0.08081259101355108,-0.00021915525986257047,0.9967292897796516,4565.254958260509,-537.1393901744354,-0.11711967081199715,3.3645093187550252e-09,156.78789890084474,0.0,-63.07579780168948,1.7878989008447403,0.0,2.9850585572382386e-17,2.2874970578156177,1.5707963267948966,18.896854955163153,461.0,0.016390745720499682,0.6061819020045953,0.0,0.03573514268656439,-1584.5780033737947,-8.083106934843531,128.47619947227767,-0.04139250826399442,0.11721185904170907,-0.8905507138738752,-0.04230700649819867,0.1168848871392692,-0.8905507138738752,-1.1719393323696346e-17,7.812867577747128e-20,5.549966831001218e-19,-1.1719646045982683e-17,-1.3435860956602538e-20,5.549966831001218e-19,-1584.620310380293,-7.966222047704262,127.58564875840379,-1678596.1765266508,179.43718343399686,123285.91691504008,0.0037087076529433104,4581.752519465698
110.29974202461896,2001.0,12.0,14.0,14.0,23.0,18.0,1.0,3512504.6715405835,17895.915978352597,-284444.98090297135,214.857194300571,-287.07039977438757,4562.934169466236,3524048.563593303,4577.001339660266,3512537.2338891192,-9566.187626310033,-284444.98090297135,3524048.563593303,211.92817233802208,-537.7183570081671,4562.934169466236,4599.393744459874,12757083.397834579,0.7241376108610477,1.6336270760766631,1.332800374925012e-07,5.234487573640955e-06,6.202216667866378,-0.08080329866640287,-0.0027234341839568427,127848.56359330239,-0.03400336937863193,-0.03383775871224394,2152.1298878341913,-16088442636.711998,-1012181186.5651069,-196601172.18198037,-16087758070.968569,-1886728405.6769826,16120251152.795774,16199208494.482256,-0.996733492885681,0.00271454477816726,0.08071539758037174,0.0027234308172969786,0.999996291455415,0.0,0.08071509824372113,-0.0002198228012007624,0.9967371893299871,4565.270185177906,-537.1391911400672,-0.1171192407334768,3.3687706974278864e-09,156.77320449162798,0.0,-63.04640898325596,1.7732044916279777,0.0,2.9850315138799065e-17,2.2874926413000387,1.5707963267948966,18.897776403189404,461.0,0.016411596908832878,0.6074202494324826,0.0,0.035780253456511715,-1584.601183718008,-8.073409801495803,128.32206518996705,-0.041392813781482636,0.11735440380572484,-0.8916762844458478,-0.04230905199596471,0.1170271987383633,-0.8916762844458478,-1.1734113426091966e-17,7.830611243352702e-20,5.55019290866938e-19,-1.1734367013657022e-17,-1.3436235862253453e-20,5.55019290866938e-19,-1584.643492770004,-7.95638260275744,127.4303889055212,-1678596.849467557,179.62566787037713,123289.16358828926,0.003810318339708826,4581.7498044116255
110.41285666697286,2001.0,12.0,14.0,14.0,23.0,18.0,1.0,3512528.9530444513,17863.44400240635,-283928.8444689868,214.4683692596872,-287.0723502076149,4562.965408268085,3524030.978485954,4577.01436885638,3512561.183702752,-9627.011576697652,-283928.8444689868,3524030.978485954,211.5327175080633,-537.7206665933999,4562.965408268085,4599.406801198295,12757075.723978117,0.7241374449701508,1.6336270728227402,1.34110450744629e-07,5.245293405245684e-06,6.2023634851367175,-0.08065676224036483,-0.0027407316110441707,127830.978485954,-0.03394172037163761,-0.03377641045697041,2156.382069796324,-16088441864.540997,-1012181085.4273213,-196602128.32242513,-16087755415.710306,-1886740313.230445,16120250375.79804,16199207255.978489,-0.9967452627819606,0.0027318180899856197,0.08056933840887304,0.0027407281798277378,0.9999962441974691,0.0,0.08056903580634793,-0.00022081865620727565,0.9967490063744014,4565.292962658113,-537.1388933409295,-0.11711859738237987,3.37514529884168e-09,156.75122310744248,0.0,-63.00244621488497,1.7512231074424829,0.0,2.98499105784504e-17,2.287486034328152,1.5707963267948966,18.899155034672212,461.0,0.01644278865119315,0.6092783954082296,0.0,0.03584773399666809,-1584.6358598891904,-8.058881314786236,128.09113735916395,-0.04139290824234079,0.1175676073598682,-0.8933600152430499,-0.042311753340110406,0.11724005579309758,-0.8933600152430499,-1.1756132650283018e-17,7.857208568575039e-20,5.550484057229664e-19,-1.1756387536962858e-17,-1.3436682768223449e-20,5.550484057229664e-19,-1584.6781716425305,-7.941641258993138,127.1977773439209,-1678597.8592061177,179.81415230675736,123292.49800946406,0.003911929206318081,4581.747019764881
110.6666271188387,2001.0,12.0,14.0,14.0,23.0,18.0,1.0,3512583.2680917312,17790.5929684418,-282770.88980317983,213.59601710058843,-287.07671280507674,4563.035284228985,3523991.6425264454,4577.04351111882,3512614.7518811002,-9763.46984603736,-282770.88980317983,3523991.642526446,210.64549160033715,-537.7258004098805,4563.035284228985,4599.436005063739,12757058.455229469,0.7241370716586393,1.6336270655017877,1.34110450744629e-07,5.269514974735725e-06,6.202692872059128,-0.08032800536944547,-0.0027795375787118422,127791.64252644638,-0.03380340960821483,-0.033638774426092796,2165.920692548156,-16088440126.908876,-1012180857.8578047,-196604260.45600322,-16087749465.829557,-1886766948.081375,16120248627.305664,16199204475.124725,-0.9967715897767596,0.002770571226167172,0.08024164597633769,0.0027795339996744828,0.9999961370879112,0.0,0.08024133600991343,-0.00022303438318107378,0.9967754402326575,4565.343911247187,-537.1382269166045,-0.11711715829315851,3.3892960600944108e-09,156.70469293270392,0.0,-62.902346466351965,1.7,0.0,2.984905224265403e-17,2.287472016640816,1.5707963267948966,18.90208069816095,461.0,0.016512034686065533,0.6134599492932297,0.0,0.0359974894876566,-1584.7134295804667,-8.026284203251315,127.57301175922328,-0.041390175556072765,0.11804024881799115,-0.8970970180368042,-0.04231483713633564,0.1177119430291641,-0.8970970180368042,-1.1805013605118022e-17,7.916695141760794e-20,5.55075384478348e-19,-1.1805271410569541e-17,-1.3436740968066219e-20,5.55075384478348e-19,-1584.755744417603,-7.908572260222151,126.67591474118647,-1678600.1314607002,180.0026367431376,123295.92017856454,0.004013540257405006,4581.744165521535
110.73136123185961,2001.0,12.0,14.0,14.0,23.0,18.0,1.0,3512597.0878376723,17772.009276137615,-282475.5051858299,213.3734826175217,-287.0778227412761,4563.0530628374,3523981.634008526,4577.050925395519,3512628.3805045853,-9798.279090843958,-282475.5051858299,3523981.634008526,210.41916299562317,-537.7270994285926,4563.0530628374,4599.443435013137,12757054.03830046,0.724136976174256,1.6336270636295724,1.34110450744629e-07,5.275705562558652e-06,6.202776896290094,-0.08024414185383698,-0.0027894364607103307,127781.63400852587,-0.03376812748056932,-0.03360366441591802,2168.3537643253803,-16088439682.467068,-1012180799.6561463,-196604801.47921386,-16087747949.638992,-1886773724.7341926,16120248180.086382,16199203765.2295,-0.9967782881175161,0.0027804569116605823,0.08015805260157223,0.002789432843298118,0.9999961095246385,0.0,0.08015774074864356,-0.00022359550458164374,0.9967821660739741,4565.356873963619,-537.1380572904418,-0.117116792139466,3.3935854249174865e-09,156.67609716721674,0.0,-62.888048583608374,1.7,0.0,2.98485373675274e-17,2.287463608091886,1.5707963267948966,18.903836115047024,461.0,0.01653300752372371,0.6145295114603458,0.0,0.036043133443353116,-1584.7331668071674,-8.017968425190888,127.4408338572539,-0.041397776291689524,0.11818678609500587,-0.898233631663174,-0.04232412790408036,0.11785822197251446,-0.898233631663174,-1.1819805488940439e-17,7.933449752113554e-20,5.551895800289158e-19,-1.182006409202585e-17,-1.3439467420216264e-20,5.551895800289158e-19,-1584.7754909350715,-7.900110203218374,126.54260022559073,-1678600.712649554,180.19112117951786,123299.43009559067,0.00411515149760389,4581.741241677678
110.87227295566333,2001.0,12.0,14.0,14.0,23.0,18.0,1.0,3512627.1205330947,17731.556475234447,-281832.51478932187,212.88906510906486,-287.080234716059,4563.091698173116,3523959.8837660067,4577.067036994767,3512657.9963198453,-9874.051341810517,-281832.51478932187,3523959.883766006,209.92648654758457,-537.7299122457865,4563.091698173116,4599.459580669722,12757044.404281888,0.7241367679073233,1.6336270595462343,1.3493575361575816e-07,5.289156618021912e-06,6.202959799933409,-0.08006158804234931,-0.0028109839742739727,127759.88376600621,-0.03369132540299934,-0.03352723700030846,2173.651494368911,-16088438713.073137,-1012180672.7135767,-196605975.15082207,-16087744651.15309,-1886788451.204354,16120247204.634613,16199202218.929424,-0.9967928444650502,0.002801976091526405,0.07997608488327382,0.002810980272382462,0.9999960491871497,0.0,0.07997576891272995,-0.00022481119686926793,0.9967967826225882,4565.38504343276,-537.1376885632034,-0.11711599642877331,3.4029069574259106e-09,156.61395361716058,0.0,-62.8569768085803,1.7,0.0,2.984741831355531e-17,2.287445332553619,1.5707963267948966,18.907652584102138,461.0,0.016578585783588794,0.6168624140116975,0.0,0.036142326409027356,-1584.7760601112266,-7.999865982415199,127.15309854217487,-0.04141374122833276,0.11850521001939412,-0.9007036997914418,-0.0423437719641681,0.11817608785246933,-0.9007036997914418,-1.1851949453945398e-17,7.969943149967282e-20,5.554305658132736e-19,-1.1852209797516887e-17,-1.3445218581344494e-20,5.554305658132736e-19,-1584.8184038831907,-7.881689894562729,126.25239484238344,-1678601.980315473,180.3796056158981,123303.02776054245,0.00421676293154935,4581.738248229408
111.12321518482294,2001.0,12.0,14.0,14.0,23.0,19.0,1.0,3512680.4351460384,17659.51538353938,-280687.4337742675,212.02635918840534,-287.0845161321727,4563.160282141945,3523921.272307332,4577.095635543493,3512710.5656513087,-10008.99110829129,-280687.4337742675,3523921.272307332,209.04907277735015,-537.7348710281165,4563.160282141945,4599.488239670414,12757027.182225937,0.7241363956017158,1.6336270522476395,1.3575603930867175e-07,5.31313643741673e-06,6.20328552888771,-0.07973648205421703,-0.0028493563116314094,127721.27230733214,-0.03355455008946437,-0.03339112890454828,2183.09057469666,-16088436980.168581,-1012180445.8026539,-196608051.6894854,-16087738783.611181,-1886814592.6689835,16120245460.901827,16199199461.788385,-0.9968186841334616,0.002840299295828983,0.07965201605950857,0.0028493524560590637,0.9999959405870512,0.0,0.07965169271908318,-0.00022695666758921674,0.9968227306485621,4565.435047854242,-537.137033651263,-0.11711458388327807,3.4194547254290814e-09,156.50363516380614,0.0,-62.80181758190306,1.7,0.0,2.9845431270316734e-17,2.287412881674884,1.5707963267948966,18.91443320853671,461.0,0.0166594994070353,0.6210328401334694,0.0,0.0363184182314985,-1584.8522081609474,-7.967625426618411,126.64064022712134,-0.04144020846304858,0.1190703913835207,-0.9050886467184942,-0.04237679211813533,0.11874029000917113,-0.9050886467184942,-1.1909007462640186e-17,8.035007407594774e-20,5.55834026237873e-19,-1.1909270920041209e-17,-1.3454838701242199e-20,5.55834026237873e-19,-1584.8945849530655,-7.84888513660924,125.73555158040284,-1678604.2464372572,180.56809005227836,123306.71317341988,0.00431837456387638,4581.735185172841
111.41885287787021,2001.0,12.0,14.0,14.0,23.0,19.0,1.0,3512742.967885076,17574.641636929486,-279338.37969973584,211.00994315204298,-287.0895372068786,4563.240720664424,3523875.984881987,4577.129173752109,3512772.215630947,-10167.966658277996,-279338.37969973584,3523875.9848819864,208.0153293678198,-537.7406301776955,4563.240720664424,4599.521848771444,12757006.786063388,0.7241359546759522,1.6336270436061888,1.3657139822709094e-07,5.341375220135745e-06,6.203669282685825,-0.0793534621361345,-0.0028945623674688204,127675.98488198686,-0.033393409455233135,-0.03323077433013531,2194.216604590416,-16088434927.901405,-1012180177.1095698,-196610475.83396465,-16087731881.844042,-1886845251.9706624,16120243395.813112,16199196208.028135,-0.9968489897775414,0.0028854496304354244,0.07927020726556323,0.0028945583254595788,0.9999958107572754,0.0,0.07926987518342417,-0.00022945223840144244,0.9968531658374139,4565.493693859033,-537.1362649482279,-0.11711292713347679,3.438863622005631e-09,156.37424251996248,0.0,-62.67424251996246,1.6371212599812295,0.0,2.9843099887254044e-17,2.287374807300063,1.5707963267948966,18.922395278839954,461.0,0.016754406675595614,0.6259720515350128,0.0,0.03652384337099476,-1584.941527207818,-7.9296377818772505,126.03683280465432,-0.041466582767605564,0.11971877283402732,-0.9102053905272136,-0.04241077447708013,0.11938755489397698,-0.9102053905272136,-1.1975559212963709e-17,8.111605416651064e-20,5.562443784928746e-19,-1.1975826359671054e-17,-1.3464042909949468e-20,5.562443784928746e-19,-1584.983937982295,-7.810250226983274,125.12662741412711,-1678606.930223951,180.7565744886586,123310.48633422295,0.004419986399220322,4581.732052504105
111.6815279392011,2001.0,12.0,14.0,14.0,23.0,19.0,1.0,3512798.2763199867,17499.229791534643,-278139.72081356193,210.10680618877407,-287.09397766018265,4563.311862917895,3523835.9294175734,4577.158832754527,3512826.735433512,-10309.218374995711,-278139.72081356193,3523835.9294175734,207.0967970708669,-537.7456720131105,4563.311862917895,4599.551570465651,12756988.56770363,0.7241355608278401,1.633627035889996,1.3657139822709094e-07,5.366528612432391e-06,6.204010257391822,-0.07901313944072776,-0.0029347273734040328,127635.92941757338,-0.03325023168749487,-0.03308829498229428,2204.105978101492,-16088433094.782906,-1012179937.1488012,-196612609.59045687,-16087725759.497562,-1886872367.405549,16120241551.244736,16199193312.073599,-0.9968757926859889,0.002925567075621378,0.07893095092527005,0.002934723160788242,0.9999956936907126,0.0,0.07893061102418303,-0.00023164048978343015,0.9968800855599598,4565.5455607471695,-537.1355845470399,-0.11711146180866144,3.456231257931791e-09,156.27989916796196,0.0,-62.55979833592393,1.6,0.0,2.984139320559817e-17,2.2873469350734417,1.5707963267948966,18.928228282921037,461.0,0.016839335095013723,0.6303840901110861,0.0,0.03670795281852516,-1585.0205318313854,-7.8958813825981515,125.50028026920683,-0.04149009201952869,0.12029943350962712,-0.9147936261428672,-0.042441102472506514,0.1199672216042547,-0.9147936261428672,-1.203535048037169e-17,8.180387682080478e-20,5.566159890130369e-19,-1.203562094577478e-17,-1.3472537747606733e-20,5.566159890130369e-19,-1585.062972933858,-7.775914160993897,124.58548664306396,-1678609.327456247,180.94505892503886,123314.34724295168,0.004521598442216931,4581.728850219347
111.86955312319382,2001.0,12.0,14.0,14.0,23.0,19.0,1.0,3512837.720911988,17445.248595711913,-277281.6984886935,209.46030497514832,-287.097144158856,4563.362597802682,3523807.3628502274,4577.179982103489,3512865.613031969,-10410.328439692968,-277281.6984886935,3523807.3628502265,206.43927579468118,-537.7492375510818,4563.362597802682,4599.572764518662,12756975.469786279,0.7241352776731593,1.6336270303441616,1.3738191809196613e-07,5.384497019624139e-06,6.204254334885632,-0.0787695286365313,-0.0029634774316059666,127607.36285022646,-0.033147741568439866,-0.03298630480031714,2211.1874206215143,-16088431776.889652,-1012179764.6585613,-196614125.38170034,-16087721382.644402,-1886891704.3634799,16120240225.121395,16199191236.104635,-0.9968949069311759,0.002954284206748631,0.07868809782621448,0.0029634730939667015,0.9999956089039698,0.0,0.0786877522992205,-0.00023319006072340632,0.9968992844116662,4565.5825486363765,-537.135099003184,-0.11711041678904531,3.46888216632828e-09,156.2390897860378,0.0,-62.47817957207561,1.6,0.0,2.9840644786610576e-17,2.287334712463819,1.5707963267948966,18.930787361745704,461.0,0.016901199695540346,0.6335561441208107,0.0,0.03684248411052409,-1585.0768785099408,-7.871715799539427,125.11617217384254,-0.04150919323900382,0.12072369934821105,-0.9181494661363767,-0.04246516618486136,0.12039075698973871,-0.9181494661363767,-1.2079236993978349e-17,8.230509197831524e-20,5.569197354035568e-19,-1.20795098733926e-17,-1.3479742999213856e-20,5.569197354035568e-19,-1585.1193436761257,-7.751325042549688,124.19802270770617,-1678611.0509279463,181.1335433614191,123318.29589960608,0.004623210697502244,4581.725578314724
112.07976000756312,2001.0,12.0,14.0,14.0,23.0,20.0,1.0,3512881.674942034,17384.8984285133,-276322.4423099558,208.73750756943483,-287.10067234229484,4563.419130881344,3523775.5304447324,4577.20354662315,3512908.9307260015,-10523.367446702297,-276322.4423099558,3523775.5304447324,205.7041583255122,-537.7531807956724,4563.419130881344,4599.596378846965,12756960.770176409,0.724134959891315,1.6336270241217765,1.3738191809196613e-07,5.404665749809957e-06,6.204527211323604,-0.07849717392038719,-0.0029956187809711664,127575.5304447324,-0.03303315834467402,-0.03287228049396966,2219.1066533327103,-16088430297.846256,-1012179571.1021004,-196615808.60498264,-16087716494.940783,-1886913250.9000578,16120238736.843159,16199188912.232779,-0.9969162054663114,0.0029863898411753124,0.0784165846895138,0.002995614300659884,0.9999955131374149,0.0,0.0784162328450739,-0.00023490584250481446,0.9969206785124042,4565.623762835164,-537.1345576526603,-0.11710925231231274,3.48291552368611e-09,156.1872298420926,0.0,-62.387229842092594,1.5936149210462989,0.0,2.9839697584156656e-17,2.287319243473828,1.5707963267948966,18.93402716940702,461.0,0.016969826749962495,0.637116137967954,0.0,0.03699161724066181,-1585.1396694388566,-7.844696946320116,124.6867117632046,-0.04152789495754249,0.12119383836831074,-0.9218688248279401,-0.04248939609574719,0.12086009985709764,-0.9218688248279401,-1.2127837665220067e-17,8.286407943271226e-20,5.57222644521653e-19,-1.2128113249561539e-17,-1.3486860294951055e-20,5.57222644521653e-19,-1585.1821588349524,-7.723836846463019,123.76484293837666,-1678612.9851604048,181.32202779779936,123322.33230418613,0.004724823169712737,4581.7222367864115
112.2012106660455,2001.0,12.0,14.0,14.0,23.0,20.0,1.0,3512907.0008896384,17350.02973933315,-275768.2100730469,208.31988584437875,-287.1027050997856,4563.451703826102,3523757.1888707485,4577.217123019967,3512933.887839094,-10588.67806185005,-275768.2100730469,3523757.1888707485,205.27941849929982,-537.7554384192347,4563.451703826102,4599.609983940185,12756952.250649685,0.7241347757122684,1.6336270205161911,1.3818768405162858e-07,5.416280006938065e-06,6.204684872627633,-0.07833981403933556,-0.003014188804195767,127557.1888707485,-0.03296695487933487,-0.03280639995367966,2223.6828956753016,-16088429440.634388,-1012179458.9340848,-196616775.65253463,-16087713673.692154,-1886925665.3174856,16120237874.279783,16199187568.196232,-0.9969284770625404,0.0030049397544452783,0.0782597083998917,0.003014184240045762,0.9999954573363656,0.0,0.07825935289236031,-0.0002358891796895305,0.9969330057938517,4565.647509033547,-537.134245589114,-0.11710858135670942,3.490776198250641e-09,156.1348253449957,0.0,-62.33482534499573,1.5674126724978628,0.0,2.98387526418052e-17,2.287303811394111,1.5707963267948966,18.937260389293314,461.0,0.01700826919071713,0.6391794637617461,0.0,0.03707479559405568,-1585.1758502524024,-7.8290851813005125,124.43856520096317,-0.04153453226210494,0.12145588695974448,-0.9239406392818367,-0.04249915771146408,0.1211217215912413,-0.9239406392818367,-1.21547753763443e-17,8.318028443442626e-20,5.573362869190563e-19,-1.2155052506989165e-17,-1.3489308385288518e-20,5.573362869190563e-19,-1585.218349410114,-7.707963459709271,123.51462456168133,-1678614.1061952636,181.5105122341796,123326.45645669181,0.004826435863485181,4581.718825630597
112.40509515458605,2001.0,12.0,14.0,14.0,23.0,20.0,1.0,3512949.40261153,17291.49360408098,-274837.7874948566,207.6187847340503,-287.1061081749476,4563.506237217012,3523726.480658627,4577.2398510723015,3512975.668438705,-10698.31843793331,-274837.7874948566,3523726.4806586276,204.56636797151626,-537.7591943795301,4563.506237217012,4599.632760032408,12756937.905622596,0.724134465593841,1.6336270144463798,1.3818768405162858e-07,5.435820242728916e-06,6.2049495491583135,-0.07807564350489532,-0.003045362784924426,127526.48065862712,-0.03285581456155977,-0.0326958017456024,2231.36596006155,-16088427997.28417,-1012179270.0876194,-196618390.10752898,-16087708942.080784,-1886946449.1882386,16120236421.920033,16199185309.716614,-0.9969490219292184,0.003036080835631052,0.0779963453472944,0.0030453580776918453,0.999995362886338,0.0,0.0779959836693758,-0.00023752680033382577,0.9969536449165857,4565.687264109474,-537.1337228878967,-0.11710745802599141,3.5039368605883776e-09,156.0470875960775,0.0,-62.247087596077485,1.5235437980387407,0.0,2.9837170271396673e-17,2.2872779693242244,1.5707963267948966,18.942677193956946,461.0,0.017072632513313642,0.6426537494946561,0.0,0.03721405306016523,-1585.2364275943949,-7.802875136296361,124.0219606045014,-0.04154438131499848,0.12189449903541481,-0.9274092643554473,-0.04251425149745156,0.1215596270706363,-0.9274092643554473,-1.2199871079385166e-17,8.371156046274857e-20,5.575101465060558e-19,-1.2200150815365457e-17,-1.3493009718216326e-20,5.575101465060558e-19,-1585.2789418458924,-7.681315509225724,123.09455134014596,-1678615.9937771428,181.69899667055986,123330.66835712317,0.004928048783456717,4581.71534484349
112.5683761901674,2001.0,12.0,14.0,14.0,23.0,20.0,1.0,3512983.2569810734,17244.614399505066,-274092.64991433633,207.05728812025032,-287.10882503047213,4563.549776340783,3523701.962608671,4577.257995690663,3513009.0236252057,-10786.124559522106,-274092.64991433633,3523701.962608671,203.995301702406,-537.7621716022792,4563.549776340783,4599.650943002422,12756926.37850378,0.7241342163935147,1.6336270095699974,1.3978528260658483e-07,5.4515038303618245e-06,6.205161518842647,-0.07786407903303762,-0.003070328198325041,127501.96260867035,-0.03276680623826928,-0.03260722757251012,2237.51955075562,-16088426837.469849,-1012179118.355798,-196619674.9593477,-16087705156.861647,-1886963042.6693738,16120235254.867115,16199183499.025314,-0.9969654246877483,0.0030610206748407608,0.07778542363197474,0.0030703233743733646,0.99999528654608,0.0,0.0777850569939648,-0.00023882640436278634,0.9969701238604867,4565.719003737236,-537.1333053419842,-0.11710656114574147,3.5149038757886873e-09,155.97703602477242,0.0,-62.17703602477243,1.5,0.0,2.9835906597000664e-17,2.2872573319551988,1.5707963267948966,18.94700533311983,461.0,0.017126260575743756,0.6454456424874149,0.0,0.037330298300985144,-1585.284795504288,-7.7818830925378855,123.6882952986468,-0.041556817932604455,0.12226086512660876,-0.9303047902589983,-0.04253101786157602,0.12192539020995075,-0.9303047902589983,-1.2237531790250673e-17,8.414873013368293e-20,5.577107444033581e-19,-1.2237813658586621e-17,-1.3497551246684746e-20,5.577107444033581e-19,-1585.3273265221496,-7.659957702327935,122.7579905083878,-1678617.5105693098,181.8874811069401,123334.96800548019,0.005029661934264829,4581.711794421308
112.68603185922825,2001.0,12.0,14.0,14.0,23.0,20.0,1.0,3513007.594642711,17210.834303647516,-273555.72056982765,206.65267902009427,-287.11077802534663,4563.581075462445,3523684.336754822,4577.2710386127965,3513033.0006211293,-10849.395452989567,-273555.72056982765,3523684.336754822,203.58379700571692,-537.7642999475714,4563.581075462445,4599.664013492761,12756918.048932895,0.7241340363192217,1.633627006046923,1.3978528260658483e-07,5.462815282689739e-06,6.20531425997837,-0.07771162987107758,-0.00308831740500981,127484.3367548217,-0.032702668535958414,-0.032543402707167914,2241.95495814085,-16088425999.384348,-1012179008.72384,-196620596.33835834,-16087702431.395874,-1886974971.1502016,16120234411.551603,16199182192.99334,-0.996977216142039,0.0030789918778540318,0.07763343546878607,0.0030883124957690705,0.9999952311515933,0.0,0.07763306524670102,-0.00023975630884773378,0.996981970597921,4565.74182017763,-537.1330050469176,-0.11710591638984935,3.523465004800884e-09,155.92667644234774,0.0,-62.126676442347744,1.5,0.0,2.983499799768168e-17,2.2872424934022444,1.5707963267948966,18.950118588861113,461.0,0.017168112922569298,0.647463113152554,0.0,0.03742132795653982,-1585.319567814926,-7.766755882225116,123.44785060197583,-0.041573517773758076,0.12254817615821986,-0.9325723639127952,-0.042551028849748165,0.12221220398805908,-0.9325723639127952,-1.2267050064010016e-17,8.448065045788774e-20,5.579592465283817e-19,-1.2267333528905248e-17,-1.3503474629396553e-20,5.579592465283817e-19,-1585.3621188437758,-7.644543678237057,122.51527823806303,-1678618.606614884,182.07596554332034,123339.35540176282,0.005131275320547385,4581.708174360291
112.88970252405707,2001.0,12.0,14.0,14.0,23.0,20.0,1.0,3513049.61240341,17152.357916997036,-272626.2474712227,205.9522497825911,-287.11414950481884,4563.635110127497,3523653.906586188,4577.293554320588,3513074.3921250054,-10958.922638054373,-272626.2474712227,3523653.906586188,202.87143103082607,-537.7679506913815,4563.635110127497,4599.686576790609,12756903.58208874,0.7241337235641742,1.6336269999293014,1.3978528260658483e-07,5.4823314130693995e-06,6.205578669756641,-0.07744772549842821,-0.003119457736347524,127453.90658618743,-0.032591639777499494,-0.03243291549400207,2249.6360906362534,-16088424543.80048,-1012178818.3355204,-196622182.52747688,-16087697717.35254,-1886995564.1612968,16120232946.885532,16199179929.451256,-0.9969975727634862,0.003110101879634279,0.07737032486693635,0.003119452677100833,0.9999951344956611,0.0,0.077369948421285,-0.0002413530670343257,0.9970024236831045,4565.781209701686,-537.1324863504477,-0.11710480326030671,3.5382453724232485e-09,155.83973310339266,0.0,-62.039733103392656,1.5,0.0,2.9833429045002234e-17,2.2872168704605027,1.5707963267948966,18.955496993025882,461.0,0.017240370498839037,0.6509671144603817,0.0,0.03757848736693554,-1585.3796023867496,-7.740567704604725,123.03159348792214,-0.041600989550385756,0.12304407975685003,-0.9364872344305574,-0.04258423220112489,0.12270725757925671,-0.9364872344305574,-1.2318008462331748e-17,8.505572857356212e-20,5.583706066120257e-19,-1.2318294701235428e-17,-1.3513273286350414e-20,5.583706066120257e-19,-1585.4221866189507,-7.6178604470254685,122.09510625349158,-1678620.510236213,182.2644499797006,123343.83054597114,0.005232888946942629,4581.704484656693
113.17954531979672,2001.0,12.0,14.0,14.0,23.0,21.0,1.0,3513109.1617188957,17069.139256541333,-271303.49961006024,204.95542648260974,-287.11892711617605,4563.71168654383,3523610.779664642,4577.3254595942535,3513133.0460255896,-11114.791548412903,-271303.49961006024,3523610.779664642,201.85762072669257,-537.773072652446,4563.71168654383,4599.718549499766,12756882.890300993,0.7241332762313746,1.633626991182096,1.4057727354849297e-07,5.510146381332425e-06,6.205954957902289,-0.07707215655141313,-0.0031637727118296126,127410.77966464218,-0.03243363165662279,-0.03227567804678269,2260.573417365551,-16088422461.909529,-1012178546.0707535,-196624420.68965435,-16087691017.456417,-1887024747.4211924,16120230852.00724,16199176702.330875,-0.9970264213915108,0.0031543755095081037,0.07699587626868407,0.0031637674338906943,0.9999949952752885,0.0,0.07699549092551941,-0.00024359704588273998,0.9970314112592529,4565.837029951903,-537.1317506795223,-0.11710322570710463,3.559192734316657e-09,155.75825666377455,0.0,-61.916513327549076,1.4582566637745384,0.0,2.983194538765747e-17,2.287192640497287,1.5707963267948966,18.96058590752552,461.0,0.01734278683049444,0.6559789598585625,0.0,0.037800544336970845,-1585.4646900193159,-7.703295381526853,122.43915549153037,-0.04163613791173193,0.12374616600380756,-0.9420235275376322,-0.04262753279095288,0.12340816435310467,-0.9420235275376322,-1.239030651027463e-17,8.587620418273664e-20,5.589152990958232e-19,-1.2390596724573832e-17,-1.3525900300000596e-20,5.589152990958232e-19,-1585.5073175521068,-7.579887217173748,121.49713196399274,-1678623.2329749577,182.45293441608084,123348.3934381051,0.00533450281808903,4581.700725306787
113.4795453197967,2001.0,12.0,14.0,14.0,23.0,21.0,1.0,3513170.493576485,16983.002839770998,-269934.3742642387,203.92361442500655,-287.12384700872104,4563.790550523325,3523566.3617606703,4577.358313818925,3513193.4459041255,-11276.124254128428,-269934.3742642387,3523566.36176067,200.80822651853066,-537.7782833080164,4563.790550523325,4599.751473164743,12756861.345552638,0.7241328104557126,1.633626982077537,1.4136482746161737e-07,5.539024394330622e-06,6.206344442223969,-0.0766834165724786,-0.0032096398067221273,127366.36176067032,-0.03227008189405635,-0.03211292596887241,2271.9010175466537,-16088420294.219244,-1012178262.636084,-196626713.7151641,-16087684093.550116,-1887054801.753821,16120228670.797564,16199173354.934937,-0.9970561315464025,0.003200202038622576,0.07660828449087496,0.0032096342958869914,0.9999948491105775,0.0,0.0766078898900727,-0.0002458845772509798,0.9970612672987379,4565.894515882789,-537.1309923008151,-0.11710160095613016,3.5807671448172777e-09,155.69480251524328,0.0,-61.7896050304866,1.3948025152433008,0.0,2.98307800437426e-17,2.2871736089868837,1.5707963267948966,18.964584994793686,461.0,0.017448276352441387,0.6611976326736706,0.0,0.03802890864602697,-1585.552329732847,-7.664711908429395,121.82587687451897,-0.041668265414531634,0.12446870536665433,-0.9477194961803023,-0.042668095309101844,0.12412951543045779,-0.9477194961803023,-1.2464802853520727e-17,8.672724356667789e-20,5.594287587244164e-19,-1.2465097212840293e-17,-1.3537590489951445e-20,5.594287587244164e-19,-1585.5949978281562,-7.540582392998938,120.87815737833867,-1678626.06796032,182.6414188524611,123353.0440781647,0.00543611693862555,4581.696896306858
113.54233173662686,2001.0,12.0,14.0,14.0,23.0,21.0,1.0,3513183.2904301076,16964.975329995912,-269647.8296916698,203.70766127378909,-287.1248734486998,4563.807004852161,3523557.0939893527,4577.3651680581725,3513206.0470381863,-11309.889459481812,-269647.8296916698,3523557.0939893527,200.58859365211111,-537.7793621497599,4563.807004852161,4599.758341890929,12756856.820575412,0.724132712629918,1.633626980165801,1.4136482746161737e-07,5.54505425285204e-06,6.206425957872279,-0.07660205669995017,-0.0032192391331485434,127357.09398935316,-0.03223585231386564,-0.03207886333503189,2274.272242203355,-16088419838.948534,-1012178203.1148725,-196627190.59594,-16087682645.901043,-1887061072.255837,16120228212.687897,16199172653.494701,-0.9970623302886666,0.0032097931600923242,0.07652716345980247,0.003219233572720312,0.9999948182541769,0.0,0.07652676691549286,-0.0002463588138348512,0.9970674968390038,4565.906509622341,-537.1308339788067,-0.11710126195606596,3.5846463796579948e-09,155.6677349733829,0.0,-61.75160246007433,1.4,0.0,2.9830291503248786e-17,2.287165630515146,1.5707963267948966,18.96626202828168,461.0,0.01746725295721716,0.6622937201709361,0.0,0.038070224166566975,-1585.5706163540683,-7.6566362090148745,121.69751481153568,-0.04166764212363582,0.12459563186536325,-0.948748854971985,-0.04266904598237104,0.12425625294135832,-0.948748854971985,-1.2478168087616972e-17,8.689018865858149e-20,5.594335923682209e-19,-1.2478463265108095e-17,-1.3537690186144709e-20,5.594335923682209e-19,-1585.6132854000507,-7.532379956073516,120.7487659565637,-1678626.6633847896,182.82990328884134,123357.78246614998,0.005537731313191392,4581.692997653216
113.66433631040564,2001.0,12.0,14.0,14.0,23.0,21.0,1.0,3513208.118097566,16929.944660670004,-269091.02241517766,203.28802084324468,-287.1268647969706,4563.838927969933,3523539.113226544,4577.378465493131,3513230.4937289446,-11375.501128681024,-269091.02241517766,3523539.1132265436,200.16180293471746,-537.781446958202,4563.838927969933,4599.771667430926,12756848.013110654,0.7241325222203674,1.633626976445357,1.4136482746161737e-07,5.556794656109236e-06,6.2065843577121225,-0.07644395955420986,-0.003237892132491856,127339.11322654365,-0.03216933791835409,-0.032012673344814405,2278.8796611875296,-16088418952.807129,-1012178087.2716726,-196628114.27413657,-16087679834.411354,-1887073237.6000273,16120227321.021307,16199171289.726984,-0.997074356444944,0.003228430496480101,0.07636952897871142,0.0032378864748474007,0.9999947580318489,0.0,0.0763691286520728,-0.00024727586497063633,0.9970795831043627,4565.929778507737,-537.1305267304814,-0.11710060425236489,3.5925129633871574e-09,155.6227830663591,0.0,-61.68417459953865,1.4,0.0,2.982947778252344e-17,2.287152341447214,1.5707963267948966,18.969056002475387,461.0,0.01750573020473929,0.664427172556784,0.0,0.03815384528121568,-1585.6060955707705,-7.640943134951698,121.4480756795938,-0.04166975013105842,0.12485484729373382,-0.9508329694264797,-0.042674316907729624,0.12451507396771322,-0.9508329694264797,-1.250528849764361e-17,8.721535770077471e-20,5.594899675196219e-19,-1.2505585297172139e-17,-1.353894635759784e-20,5.594899675196219e-19,-1585.6487698876783,-7.516428060983984,120.49724271016731,-1678627.822326649,183.0183877252216,123362.60860206091,0.00563934594642619,4581.689029342179
113.86541207857437,2001.0,12.0,14.0,14.0,23.0,21.0,1.0,3513248.9248579303,16872.21007654335,-268173.33971895877,202.59639088362295,-287.13013752689983,4563.891395212171,3523509.5600302108,4577.400319042129,3513270.6706978683,-11483.63628902611,-268173.33971895877,3523509.5600302103,199.45838864114592,-537.7848496152241,4563.891395212171,4599.793567168715,12756833.455697127,0.724132207500993,1.6336269702977366,1.4214801809444226e-07,5.576141149302315e-06,6.206845420028335,-0.07618339609581086,-0.003268633836795988,127309.56003021123,-0.032059713914003266,-0.031903583994263095,2286.4719956219196,-16088417488.155788,-1012177895.8284285,-196629628.0168051,-16087675205.266153,-1887093231.7088804,16120225847.239422,16199169039.981985,-0.9970941218810673,0.0032591471921329623,0.07610972388468826,0.0032686280164696694,0.9999946580211766,0.0,0.07610931730815501,-0.0002487743758152628,0.9970994483652053,4565.968021445911,-537.1300215027135,-0.1170995232600537,3.6054424867825896e-09,155.54890007552805,0.0,-61.57335011329209,1.4,0.0,2.9828140130598485e-17,2.2871304959334555,1.5707963267948966,18.973650785635463,461.0,0.01756897279684013,0.6679534913626096,0.0,0.03829128573034442,-1585.6644110556274,-7.615077561095618,121.03694610921404,-0.04167196091751651,0.12528075383435078,-0.9542584392990672,-0.04268173977224568,0.12494034055511663,-0.9542584392990672,-1.2549861007569658e-17,8.775168605255768e-20,5.595663531137595e-19,-1.2550160489786953e-17,-1.3540617152815608e-20,5.595663531137595e-19,-1585.7070927953996,-7.490137220540501,120.08268766991498,-1678629.7378866095,183.20687216160184,123367.52248589748,0.005740960842969855,4581.684991370092
113.99215289650495,2001.0,12.0,14.0,14.0,23.0,21.0,1.0,3513274.574463559,16835.81883766259,-267594.9063000017,202.16043396834857,-287.13219448114785,4563.9243731261895,3523490.9839881444,4577.414054003102,3513295.9221198238,-11551.795715473765,-267594.9063000017,3523490.9839881444,199.0150039344836,-537.7869730477985,4563.9243731261895,4599.807331159234,12756824.253060779,0.7241320085468496,1.633626966412519,1.429269171748377e-07,5.588352664638053e-06,6.207009973424653,-0.07601915712849336,-0.003288010558359365,127290.9839881449,-0.031990615369976015,-0.03183482245072315,2291.256848692894,-16088416562.264107,-1012177774.8229768,-196630576.68131256,-16087672290.297657,-1887105798.7082286,16120224915.576857,16199167620.56666,-0.997106545209098,0.0032785086631323236,0.07594596027520362,0.003288004633908182,0.999994594498154,0.0,0.07594554974917515,-0.00024971066931147624,0.9971119350995039,4565.992058362771,-537.1297037841691,-0.11709884379474134,3.6135080059275523e-09,155.50140569734984,0.0,-61.5028113946997,1.4014056973498503,0.0,2.98272804752628e-17,2.2871164566964075,1.5707963267948966,18.97660488375435,461.0,0.01760842575761453,0.6701827237764013,0.0,0.03837704430129065,-1585.7010671599262,-7.598772977050634,120.77778707383364,-0.04167186818631024,0.12554607100824547,-0.9563957277838939,-0.04268491321556346,0.12520526637296228,-0.9563957277838939,-1.2577661024306225e-17,8.808848639466125e-20,5.595945068732319e-19,-1.257796219821666e-17,-1.3541197137601795e-20,5.595945068732319e-19,-1585.7437520731416,-7.4735677106776714,119.82139134604974,-1678630.948832117,183.3953565979821,123372.52411765972,0.0058425760074626645,4581.680883733313
114.06507358249448,2001.0,12.0,14.0,14.0,23.0,22.0,1.0,3513289.3069956256,16814.880917987597,-267262.1011131555,201.90960036666544,-287.1333758892526,4563.943314492691,3523480.3143428382,4577.421942553725,3513310.4251291584,-11591.011554769952,-267262.1011131555,3523480.3143428387,198.7598967449912,-537.7881873019425,4563.943314492691,4599.815236382666,12756818.948546976,0.7241318938669757,1.6336269641733776,1.429269171748377e-07,5.595381067855084e-06,6.207104650464437,-0.07592466099317532,-0.0032991589407832768,127280.31434283918,-0.031950858968726396,-0.03179525994394988,2294.0097651034594,-16088416028.570257,-1012177705.0796307,-196631120.5857522,-16087670614.126795,-1887113016.6994307,16120224378.556953,16199166803.388933,-0.997113680705897,0.003289648450024555,0.07585173671191699,0.003299152955864934,0.9999945577800781,0.0,0.07585132391008434,-0.00025024648138060967,0.997119107247367,4566.005864184481,-537.1295212395021,-0.11709845352785778,3.6188428285804144e-09,155.48616334691312,0.0,-61.472326693826204,1.3861633469131016,0.0,2.98270003756287e-17,2.2871118823222405,1.5707963267948966,18.977567616570987,461.0,0.017634510493893463,0.671467693504263,0.0,0.038433516108590395,-1585.7221219745654,-7.589391684006319,120.62867275309802,-0.04167929158933919,0.12572472334318888,-0.9578042575525342,-0.04269442795956484,0.12538363221854787,-0.9578042575525342,-1.2596082238785093e-17,8.829970916842003e-20,5.597148235590295e-19,-1.2596384448197423e-17,-1.3543931726940355e-20,5.597148235590295e-19,-1585.764816402525,-7.464008051787771,119.67086849554548,-1678631.646836931,183.58384103436234,123377.61349734757,0.005944191444545212,4581.67670642822
114.21601029946963,2001.0,12.0,14.0,14.0,23.0,22.0,1.0,3513319.7433845564,16771.541764592563,-266573.23153780773,201.3903955477302,-287.13581645235837,4563.9824451101695,3523458.271590767,4577.438238554665,3513340.3854445894,-11672.18372689165,-266573.23153780773,3523458.271590768,198.23184616304562,-537.7906833145037,4563.9824451101695,4599.831566825778,12756807.944150602,0.7241316559590834,1.633626959528816,1.429269171748377e-07,5.609906237177409e-06,6.207300621922545,-0.0757290639743247,-0.0033222345413241768,127258.27159076836,-0.03186856734833778,-0.0317133696616103,2299.7090804874897,-16088414921.407917,-1012177560.4048314,-196632241.9677071,-16087667146.69109,-1887127928.0757515,16120223264.495232,16199165110.530497,-0.9971284217475321,0.003312706672590138,0.0756567017373688,0.0033222284299429215,0.9999944813839021,0.0,0.07565628421707668,-0.0002513488454275986,0.9971339245468599,4566.034385017197,-537.1291439791385,-0.117097647267944,3.629864204615822e-09,155.45467370109765,0.0,-61.4093474021953,1.354673701097652,0.0,2.982642167461615e-17,2.2871024314174906,1.5707963267948966,18.97955699461759,461.0,0.01768840057471099,0.6741334522870539,0.0,0.03855018122074484,-1585.7656207029006,-7.569972640990754,120.32000980505688,-0.04169391192263036,0.1260937416793189,-0.9607141500652194,-0.042713376762549396,0.12575206331366243,-0.9607141500652194,-1.2634137794257831e-17,8.873715524526938e-20,5.599541011303896e-19,-1.2634442152384974e-17,-1.3549356181844897e-20,5.599541011303896e-19,-1585.8083340796632,-7.4442205776770916,119.35929565499167,-1678633.094873784,183.7723254707426,123382.79062496111,0.006045807158858497,4581.672459451208
114.47932521029227,2001.0,12.0,14.0,14.0,23.0,22.0,1.0,3513372.653223172,16695.934063817484,-265371.4579461561,200.48458872280344,-287.14005859859753,4564.0504657536185,3523419.9530176874,4577.466563232678,3513392.461558358,-11813.792600116367,-265371.4579461561,3523419.9530176874,197.31060766353085,-537.79498171814,4564.0504657536185,4599.859951368475,12756788.666855762,0.7241312391947233,1.6336269513945587,1.4370159448672777e-07,5.635299224695801e-06,6.20764250748513,-0.07538783160603071,-0.003362490301255308,127219.95301768743,-0.031725003768308974,-0.031570506233429566,2309.6551033705473,-16088412981.91435,-1012177306.9993392,-196634183.9935469,-16087661104.174587,-1887153848.0356882,16120221312.917511,16199162152.754772,-0.9971540459005627,0.0033529334446773117,0.07531644296867725,0.0033624839650152165,0.9999943468348134,0.0,0.07531601719238387,-0.0002532503317841603,0.9971596830089682,4566.08396154439,-537.1284877198758,-0.1170962457003561,3.6490234911562843e-09,155.39986576482124,0.0,-61.29986576482123,1.2999328824106167,0.0,2.9825414372658706e-17,2.2870859809281225,1.5707963267948966,18.98302078624897,461.0,0.017782084349648113,0.6788034117351192,0.0,0.03875298333891798,-1585.8412408015417,-7.536092354966936,119.78148738550973,-0.04171701846274797,0.12673502401399675,-0.9657725210577858,-0.04274403328899308,0.12639233979731146,-0.9657725210577858,-1.2700287613792689e-17,8.950106191091346e-20,5.603400803997168e-19,-1.2700595737686991e-17,-1.3558059824888163e-20,5.603400803997168e-19,-1585.8839848348307,-7.409700015169625,118.81571486445195,-1678635.631523557,183.96080990712284,123388.05550050031,0.006147423155043766,4581.668142798692
114.77932521029226,2001.0,12.0,14.0,14.0,23.0,22.0,1.0,3513432.6437926674,16609.791324243077,-264002.23122875567,199.45253216625846,-287.14486773212514,4564.127584653858,3523376.5063826954,4577.498672490326,3513451.4972963124,-11975.131818503844,-264002.23122875567,3523376.506382696,196.2609696458956,-537.7997922354546,4564.127584653858,4599.892128488787,12756766.581032604,0.724130761708768,1.6336269420782923,1.444721179430584e-07,5.664225190642448e-06,6.208032033585491,-0.07499904965619002,-0.003408353710441099,127176.50638269633,-0.0315614347436554,-0.03140773490937171,2320.991155207157,-16088410759.873564,-1012177016.7259496,-196636374.56722075,-16087654230.043135,-1887183234.2929666,16120219077.035183,16199158775.968096,-0.9971830972170008,0.003398765870411679,0.07492875960048782,0.0034083471113750883,0.9999941915681152,0.0,0.07492832438189147,-0.0002553832213432411,0.9971888893207407,4566.140167499647,-537.1277429530254,-0.11709465658743709,3.670746808651836e-09,155.2757325219895,0.0,-61.17573252198951,1.2378662609947546,0.0,2.982317092687368e-17,2.2870493426780314,1.5707963267948966,18.99073998349022,461.0,0.01788829966311702,0.6841539829354746,0.0,0.03898291723902475,-1585.9269855066482,-7.497487202804555,119.1678637925119,-0.04173931502632289,0.12746080382390887,-0.9715000373532494,-0.04277492155679326,0.12711700522004832,-0.9715000373532494,-1.2774811451615109e-17,9.036922709118073e-20,5.607106463844188e-19,-1.2775123881078691e-17,-1.3566304379532067e-20,5.607106463844188e-19,-1585.969760428205,-7.370370197584506,118.19636375515864,-1678638.5377497934,184.1492943435031,123393.40812396514,0.006249039437742687,4581.663756467107
115.04708553373109,2001.0,12.0,14.0,14.0,23.0,23.0,1.0,3513485.9259387134,16532.904749365724,-262780.129773701,198.53133914326244,-287.1491384326023,4564.196075505416,3523337.9181271773,4577.527185717595,3513503.9227677067,-12119.13383083757,-262780.129773701,3523337.9181271777,195.32408470963136,-537.8040077553587,4564.196075505416,4599.920701977853,12756746.758686168,0.7241303331556852,1.633626933719637,1.4523855365528125e-07,5.6900391816586895e-06,6.208379707066063,-0.07465204031603115,-0.0034492876724733328,127137.91812717821,-0.031415440057787826,-0.03126245220178444,2331.112034216523,-16088408765.577202,-1012176756.2481949,-196638310.02000344,-16087648103.897179,-1887209332.205665,16120217070.318747,16199155755.883026,-0.9972088980427122,0.00343967400018204,0.07458272123764421,0.0034492808327782655,0.9999940512131743,0.0,0.07458227756093469,-0.00025725675082145067,0.9972148302611569,4566.190083525535,-537.1270808523936,-0.11709324519541014,3.6902135345940656e-09,155.1654803633663,0.0,-61.04822054504945,1.2,0.0,2.98211776978911e-17,2.287016790778431,1.5707963267948966,18.997603687440016,461.0,0.017983482135171373,0.6889564225926978,0.0,0.03918921705257781,-1586.0031459810689,-7.463026605889635,118.62011725891662,-0.04175827931892799,0.12810784126698632,-0.976639366345535,-0.0428015742344869,0.1277630546316684,-0.976639366345535,-1.2841674781565814e-17,9.114978117545067e-20,5.610292427593471e-19,-1.2841991093222101e-17,-1.3573493138221782e-20,5.610292427593471e-19,-1586.0459475553034,-7.335263551257966,117.64347789257108,-1678641.1461385358,184.33777877988334,123398.84849535563,0.006350656011597203,4581.659300452905
115.25036650404763,2001.0,12.0,14.0,14.0,23.0,23.0,1.0,3513526.212496059,16474.53246551853,-261852.3103003648,197.83194908222353,-287.1523670875931,4564.247858596098,3523308.7415846055,4577.548741051344,3513543.5561404093,-12228.45947238506,-261852.3103003648,3523308.741584606,194.61278159846978,-537.807158982718,4564.247858596098,4599.942302867898,12756731.63906296,0.7241300062724506,1.6336269273466597,1.4523855365528125e-07,5.709673094895779e-06,6.208643662344612,-0.07438858922050373,-0.003480363884149149,127108.741584606,-0.03130460002506303,-0.031152152697782088,2338.797010138631,-16088407244.424799,-1012176557.610421,-196639767.03646296,-16087643458.673523,-1887229063.3773243,16120215539.695549,16199153459.024864,-0.9972284048431689,0.003470731738055212,0.07432000131291272,0.003480356857917783,0.9999939435397304,0.0,0.07431955119677754,-0.0002586601262498544,0.9972344445539618,4566.227821926885,-537.1265798459522,-0.1170921780562812,3.7052186136311963e-09,155.08211881316,0.0,-60.92317821974003,1.2,0.0,2.981967021031951e-17,2.2869921716380777,1.5707963267948966,19.002798143615742,461.0,0.018056846965785054,0.6926196044846051,0.0,0.03934865863669843,-1586.0607333970436,-7.436861848846397,118.20423193076509,-0.04177451067499607,0.12860133339941468,-0.9806122662668428,-0.04282367738677664,0.12825578095866105,-0.9806122662668428,-1.2893359017927848e-17,9.175081136358797e-20,5.612952841271534e-19,-1.2893678317968904e-17,-1.357973879804575e-20,5.612952841271534e-19,-1586.1035570744305,-7.3086060678877365,117.22361966449824,-1678643.135709403,184.52626321626357,123404.37661467178,0.00645227288124958,4581.654774752561
115.52054518598835,2001.0,12.0,14.0,14.0,23.0,23.0,1.0,3513579.536894639,16396.94943965593,-260619.13856212725,196.90235758660927,-287.15664006651497,4564.3163964184005,3523270.122687237,4577.5772676134375,3513596.0086496356,-12373.764060450829,-260619.13856212725,3523270.1226872373,193.66735671708287,-537.811281580159,4564.3163964184005,4599.97088971947,12756711.449236285,0.7241295697702892,1.6336269188403225,1.460009659995544e-07,5.735805168711049e-06,6.208994489333892,-0.07403843230097963,-0.0035216663715048487,127070.12268723687,-0.031157280571226947,-0.03100555165775879,2349.012135103345,-16088405213.183447,-1012176292.423023,-196641687.10094312,-16087637292.344992,-1887255178.1885633,16120213495.811308,16199150400.89309,-0.9972542230085318,0.003512011179833473,0.0739708082227173,0.0035216590921463035,0.9999937989393928,0.0,0.07397034952525235,-0.00026049996933094296,0.9972604070807574,4566.277769427941,-537.125916172172,-0.1170907655780607,3.7250797608496066e-09,154.98588955319553,0.0,-60.77177910639107,1.1858895531955367,0.0,2.981792520848656e-17,2.2869636735954724,1.5707963267948966,19.008814687865918,461.0,0.018153959961757785,0.6975113053809623,0.0,0.03955949252507003,-1586.1369611141033,-7.402083055943454,117.65142758443378,-0.04179296783124165,0.12925711874565013,-0.9858670532076893,-0.042849959882679284,0.1289105730521088,-0.9858670532076893,-1.296180298771708e-17,9.255088454832618e-20,5.616123129109061e-19,-1.2962126282000395e-17,-1.3587056219212326e-20,5.616123129109061e-19,-1586.179811073986,-7.273172482891344,116.66556053122609,-1678645.7924688756,184.71474765264384,123409.99248191359,0.006553890051342482,4581.650179362565
115.82054518598834,2001.0,12.0,14.0,14.0,23.0,23.0,1.0,3513638.4527655398,16310.801739169005,-259249.83227857295,195.8701090223361,-287.16136034491,4564.392115975947,3523227.4542729226,4577.608779140802,3513653.951383146,-12535.108120488692,-259249.83227857295,3523227.454272922,192.6175273130584,-537.8157713952861,4564.392115975947,4600.002467844238,12756688.905145898,0.7241290823662839,1.6336269093456157,1.4675941767984797e-07,5.7647853286489945e-06,6.209384048223813,-0.0736496174027811,-0.0035675268864668788,127027.45427292213,-0.03099369643316166,-0.030842765232710557,2360.357204988599,-16088402945.10538,-1012175996.3712299,-196643797.2090639,-16087630455.610788,-1887284028.7484515,16120211213.619724,16199146998.05041,-0.9972827462847551,0.003557848104665024,0.07358305293748728,0.003567519319005072,0.9999936363827064,0.0,0.0735825846830991,-0.0002625089629058588,0.9972890926508717,4566.33294881979,-537.1251821916742,-0.11708920501094673,3.747023516782907e-09,154.92493467560303,0.0,-60.64986935120607,1.1249346756030354,0.0,2.981680348529673e-17,2.286945354465571,1.5707963267948966,19.012684326841672,461.0,0.018261267389421815,0.702973599048405,0.0,0.03979175824380288,-1586.2211864315998,-7.363460877994238,117.0375330493777,-0.041808802985710325,0.1299907366008027,-0.9916603016836131,-0.04287455840565196,0.12964312496479535,-0.9916603016836131,-1.3037545266551048e-17,9.344170077236674e-20,5.619169346933562e-19,-1.3037873029743677e-17,-1.3593715212846905e-20,5.619169346933562e-19,-1586.2640609900054,-7.2338177530294425,116.04587274769409,-1678648.7590335328,184.90323208902407,123415.69609708103,0.006655507526518821,4581.645514279429
116.05919413828802,2001.0,12.0,14.0,14.0,23.0,24.0,1.0,3513685.0989745473,16242.270535189029,-258160.537724135,195.0489198219384,-287.1650970193887,4564.452062606096,3523193.6718474515,4577.633723431671,3513699.819698139,-12663.457710326784,-258160.537724135,3523193.671847452,191.78235275170152,-537.8192770273984,4564.452062606096,4600.0274648526065,12756670.877119787,0.7241286925975644,1.633626901755382,1.4675941767984797e-07,5.787849636204988e-06,6.209693947631503,-0.07334030980551517,-0.003604008177153954,126993.67184745194,-0.030863562749884155,-0.030713266129901953,2369.3836209774017,-16088401131.38642,-1012175759.6659507,-196645459.42142487,-16087625024.712217,-1887306869.007695,16120209388.617033,16199144285.74119,-0.997305327769752,0.0035943121184384007,0.07327458032948944,0.003604000375157104,0.9999935055695591,0.0,0.07327410445282441,-0.00026408161499695933,0.9973118047418957,4566.376632546544,-537.1246005262483,-0.11708796945819856,3.764630594918257e-09,154.853348135577,0.0,-60.55334813557699,1.1,0.0,2.9815500357028073e-17,2.2869240727659075,1.5707963267948966,19.017181809535114,461.0,0.018347363298685106,0.7073418396729249,0.0,0.03997852473825603,-1586.28787458903,-7.332733605889841,116.5491269575338,-0.041821620568094534,0.13057969242711656,-0.996315799369569,-0.042894413611063845,0.13023123013419252,-0.996315799369569,-1.3098269266643958e-17,9.415638884418252e-20,5.621568583154457e-19,-1.309860062259972e-17,-1.3599143358063647e-20,5.621568583154457e-19,-1586.330769002641,-7.202502375755648,115.55281115816423,-1678651.1313392818,185.09171652540434,123421.48746017413,0.006757125311421908,4581.640779499689
116.2978430905877,2001.0,12.0,14.0,14.0,23.0,24.0,1.0,3513731.549203919,16173.738441191812,-257071.22889083106,194.2276961520218,-287.16881747885975,4564.51175395392,3523160.0313368645,4577.658558659461,3513745.4886959163,-12791.808130002932,-257071.22889083106,3523160.031336865,190.94714384384324,-537.8227241676309,4564.51175395392,4600.052352566947,12756652.76395103,0.7241283009861059,1.6336268941314713,1.4751396978812924e-07,5.810937033289838e-06,6.2100038529219,-0.07303099629509446,-0.0036404889484681524,126960.03133686492,-0.030733426356899577,-0.030583764319595596,2378.4117791205645,-16088399309.114437,-1012175521.8786494,-196647107.19090903,-16087619600.4762,-1887329611.5351388,16120207555.010262,16199141568.520535,-0.9973278129414472,0.0036307769207829803,0.07296609481383258,0.0036404809071431937,0.9999933734274267,0.0,0.0729656112987099,-0.0002656316750385575,0.9973344218503735,4566.420128986269,-537.1240208148806,-0.1170867391092324,3.7824120076571086e-09,154.75723239104266,0.0,-60.45723239104266,1.1,0.0,2.981376068733044e-17,2.28689566180368,1.5707963267948966,19.023189355979785,461.0,0.01843430620572609,0.7117308105090524,0.0,0.04016757040109616,-1586.3542855308906,-7.302003277698698,116.06067223036891,-0.04183514237979891,0.1311748605768425,-1.0010250262030584,-0.042915044141401154,0.13082554097588783,-1.0010250262030584,-1.3159542465873575e-17,9.487737144187895e-20,5.624003835538641e-19,-1.3159877451350136e-17,-1.360485898416375e-20,5.624003835538641e-19,-1586.397200575032,-7.17117773672281,115.05964720416586,-1678653.514855696,185.28020096178457,123427.36657119289,0.006858743410695321,4581.635975019899
116.46276982058767,2001.0,12.0,14.0,14.0,23.0,24.0,1.0,3513763.535739848,16126.376416082156,-256318.41550625968,193.66014068042404,-287.1713791572344,4564.552856567526,3523136.8658113396,4577.675658180054,3513776.9333840804,-12880.509666963879,-256318.41550625968,3523136.86581134,190.3699234562313,-537.8250722545039,4564.552856567526,4600.069488225266,12756640.19644367,0.7241280292721617,1.6336268888430951,1.4826468186179114e-07,5.82690660120639e-06,6.2102180272733385,-0.07281723090351452,-0.003665699962682309,126936.86581134005,-0.03064348945841803,-0.030494265973038177,2384.651781335473,-16088398044.770058,-1012175356.9162164,-196648237.53419966,-16087615855.759733,-1887345271.444125,16120206282.802809,16199139687.818602,-0.9973432958230807,0.0036559776578528234,0.07275289756511698,0.003665691753135128,0.9999932813294152,0.0,0.07275240876236415,-0.00026668969662113406,0.9973499966891661,4566.450079277848,-537.1236213265527,-0.11708589187422515,3.794656642577405e-09,154.69104517525724,0.0,-60.39104517525727,1.1,0.0,2.98125624429639e-17,2.2868760929881264,1.5707963267948966,19.027329498059935,461.0,0.018494178342132905,0.7147760509705203,0.0,0.04029775216697063,-1586.4000191278915,-7.280764227507886,115.72308014641163,-0.04184299209249448,0.13158458142925625,-1.0042679090007443,-0.04292780525718519,0.1312346813649742,-1.0042679090007443,-1.3201733015149743e-17,9.537604113969347e-20,5.625491181670939e-19,-1.3202070519646068e-17,-1.3608336062822797e-20,5.625491181670939e-19,-1586.4429469331487,-7.149529546142912,114.71881223741089,-1678655.1686211135,185.46868539816484,123433.33343013731,0.006960361828982987,4581.631100836629
116.49012772773985,2001.0,12.0,14.0,14.0,23.0,24.0,1.0,3513768.8325881376,16118.520002363175,-256193.53880009067,193.56599347391997,-287.17180333791845,4564.559662847395,3523133.0296878917,4577.67848960097,3513782.1401969823,-12895.223440635678,-256193.53880009067,3523133.0296878917,190.27417304744446,-537.8254590522733,4564.559662847395,4600.0723256300225,12756638.10797272,0.7241279841185928,1.633626887964379,1.4826468186179114e-07,5.829554420302409e-06,6.210253554604479,-0.07278177140883024,-0.003669881920670579,126933.02968789218,-0.030628570677163305,-0.03047941993850455,2385.6868408322334,-16088397834.661633,-1012175329.5044945,-196648424.37191498,-16087615234.91202,-1887347864.5846925,16120206071.387808,16199139375.637636,-0.9973458596618086,0.003660157970753107,0.07271753199247956,0.0036698736829941336,0.999993265990902,0.0,0.07271704231195754,-0.0002668641569514847,0.9973525758431282,4566.455038760571,-537.1235551505187,-0.11708575157593379,3.796136640448514e-09,154.69128710986521,0.0,-60.373861329595705,1.0912871098652366,0.0,2.9812563352361637e-17,2.2868761078397184,1.5707963267948966,19.02732635522661,461.0,0.018501425714676834,0.7152821154989468,0.0,0.0403133286626507,-1586.4075925725579,-7.277240971469111,115.66707842335026,-0.041837979821795816,0.1316319769361264,-1.0046574371423163,-0.042923438991414625,0.13128203339692837,-1.0046574371423163,-1.3206848419273354e-17,9.54453663270503e-20,5.624917499655609e-19,-1.3207186295391665e-17,-1.360685250047573e-20,5.624917499655609e-19,-1586.4505160115493,-7.145958938072183,114.66242098620795,-1678655.4434445035,185.65716983454507,123439.38803700737,0.007061980570929126,4581.626156946478
116.53104709044332,2001.0,12.0,14.0,14.0,23.0,24.0,1.0,3513776.750304158,16106.769102210112,-256006.75971948507,193.4251761730496,-287.17243739097256,4564.569836784283,3523127.295459395,4577.682721908056,3513789.923164748,-12917.230927478911,-256006.75971948507,3523127.295459395,190.1309578317753,-537.826036154509,4564.569836784283,4600.076566881534,12756634.98255435,0.7241279165457619,1.633626886649443,1.4826468186179114e-07,5.83351437960789e-06,6.2103066931603585,-0.07272873431593602,-0.003676136884144934,126927.29545939527,-0.030606256513270747,-0.03045721458231738,2387.234787762165,-16088397520.232492,-1012175288.4837494,-196648703.47503775,-16087614306.511248,-1887351740.7665775,16120205755.003435,16199138908.627779,-0.9973496920458478,0.003666410505270881,0.07266463520901628,0.0036761286042756754,0.999993243016414,0.0,0.07266414421526889,-0.0002671245440111221,0.9973564311668826,4566.462452101513,-537.1234562201669,-0.11708554185874157,3.798717043272122e-09,154.6841193242441,0.0,-60.352357972732314,1.0841193242441047,0.0,2.9812430719304516e-17,2.2868739417775164,1.5707963267948966,19.02778473980611,461.0,0.018514051935548642,0.7160394509151998,0.0,0.04034063237264882,-1586.418913411148,-7.271971144860182,115.58331517360591,-0.04183459931715393,0.13171655805363627,-1.0053388280327356,-0.04292113801204761,0.1313665150533975,-1.0053388280327356,-1.3215752357548416e-17,9.555809723589264e-20,5.624594141274173e-19,-1.3216090821546132e-17,-1.3605978020912558e-20,5.624594141274173e-19,-1586.46183454916,-7.140604629806785,114.57797634557318,-1678655.8547207173,185.84565427092534,123445.5303918031,0.007163599641178336,4581.62114334606
116.59701065221701,2001.0,12.0,14.0,14.0,23.0,24.0,1.0,3513789.5018307124,16087.826151706457,-255705.66389449296,193.19817123894185,-287.1734585083135,4564.586221777893,3523118.0604506764,4577.68953782214,3513802.4572654357,-12952.707879031976,-255705.66389449296,3523118.0604506764,189.90008737613442,-537.8269628480712,4564.586221777893,4600.083397200145,12756629.93991368,0.7241278075216746,1.6336268845280673,1.4826468186179114e-07,5.83990556467716e-06,6.210392354886471,-0.07264323615149863,-0.0036862200901822645,126918.06045067683,-0.030570285070043755,-0.030421418541370093,2389.729691416025,-16088397012.924133,-1012175222.3026494,-196649152.51476815,-16087612810.399248,-1887357983.281173,16120205244.540632,16199138155.579819,-0.9973558640314059,0.003676489875384723,0.07257936279937867,0.0036862117419938995,0.9999932058984167,0.0,0.07257886968781496,-0.0002675428993775049,0.9973626402144989,4566.474391119505,-537.1232968651598,-0.11708520410889323,3.802872797195424e-09,154.67257556334604,0.0,-60.31772669003813,1.0725755633460439,0.0,2.981221710803085e-17,2.286870453240678,1.5707963267948966,19.028523035991796,461.0,0.018534386678527092,0.7172613670739281,0.0,0.04038460487449854,-1586.4371458669204,-7.26347579728924,115.44828265877419,-0.041829015911786595,0.13185276189231815,-1.006436207612038,-0.042917294688267514,0.1315025596991224,-1.006436207612038,-1.3230091989080484e-17,9.5739860229501e-20,5.624055345376487e-19,-1.3230431401781216e-17,-1.3604526080358203e-20,5.624055345376487e-19,-1586.4800631616088,-7.131973237590117,114.44184645116215,-1678656.5182861239,186.03413870730557,123451.76049452447,0.007265219044375478,4581.6160600320145
116.76349554446308,2001.0,12.0,14.0,14.0,23.0,24.0,1.0,3513821.6187143023,16040.015895137909,-254945.72581088846,192.6252237603502,-287.1760302054468,4564.627489105042,3523094.800507525,4577.706703519425,3513834.0242557647,-13042.248136514983,-254945.72581088846,3523094.800507525,189.31738378318033,-537.8292818656029,4564.627489105042,4600.100599174759,12756617.188373238,0.7241275318271494,1.633626879164609,1.4826468186179114e-07,5.856004681463699e-06,6.210608557798666,-0.07242744604724811,-0.003711668836466456,126894.80050752498,-0.03047949612871936,-0.03033107229715921,2396.0244110524654,-16088395730.075947,-1012175054.963371,-196650280.99124032,-16087609037.087675,-1887373705.5645432,16120203953.716646,16199136253.75302,-0.9973714087255257,0.003701929376023649,0.07236414012309911,0.00371166031418031,0.9999931117651322,0.0,0.07236364166190593,-0.00026859110706469,0.9973782789013628,4566.504460392119,-537.1228953510181,-0.11708435343329585,3.813339771613753e-09,154.64350063440622,0.0,-60.23050190321872,1.0435006344062403,0.0,2.981167906456941e-17,2.2868616663241266,1.5707963267948966,19.03038291680445,461.0,0.018585603958991805,0.7203513289637575,0.0,0.040495355562088185,-1586.4830683904995,-7.24203343129918,115.10745884291492,-0.04181419022751473,0.13219573489479192,-1.0092001206992767,-0.042906859923810034,0.13184513718842814,-1.0092001206992767,-1.3266207627490607e-17,9.619880887202333e-20,5.6225994223550495e-19,-1.3266549440204133e-17,-1.3600630049302512e-20,5.6225994223550495e-19,-1586.5259752504232,-7.110188294110752,114.09825872221565,-1678658.196274586,186.22262314368584,123458.0783451715,0.007366838785165742,4581.610907000999
117.01445066761798,2001.0,12.0,14.0,14.0,23.0,25.0,1.0,3513869.850629088,15967.947114455152,-253800.2013795864,191.7615459404534,-287.17989184895526,4564.68945993453,3523059.8695899933,4577.732478686499,3513881.424205888,-13177.219583138996,-253800.2013795864,3523059.8695899933,188.43899996275596,-537.8327237417508,4564.68945993453,4600.126428813867,12756597.901129823,0.7241271148257242,1.6336268710547996,1.4975481660844235e-07,5.880316160433473e-06,6.210934461972964,-0.07210216412738714,-0.003750029162376056,126859.86958999326,-0.030342640709850238,-0.030194884190766377,2405.5067127346992,-16088393789.724865,-1012174801.8991294,-196651968.93658525,-16087603356.670666,-1887397315.205659,16120202001.304543,16199133383.730545,-0.9973947517998968,0.003740276938487717,0.07203970717906738,0.0037500203731146865,0.9999929686488807,0.0,0.07203920064259167,-0.000270150369594719,0.9974017648819127,4566.54961411287,-537.122291962077,-0.1170830759336616,3.8290689310035586e-09,154.59962739998076,0.0,-60.09962739998076,1.0,0.0,2.981086724738702e-17,2.2868484083434097,1.5707963267948966,19.033189875959465,461.0,0.018662572128669154,0.725025135410142,0.0,0.04066178457997975,-1586.5520357543946,-7.209708975624635,114.59366547157931,-0.04178997671011543,0.1327109673826203,-1.013353556622221,-0.042889265955647744,0.1323597895240417,-1.013353556622221,-1.3320476605784663e-17,9.689139782793889e-20,5.620160451782935e-19,-1.332082205221474e-17,-1.359417003900537e-20,5.620160451782935e-19,-1586.5949250203503,-7.0773491861005935,113.5803119149571,-1678660.7343093734,186.41110758006607,123464.48394374416,0.007468458868194608,4581.605684249696
117.08621806235472,2001.0,12.0,14.0,14.0,23.0,25.0,1.0,3513883.6039924556,15947.336922268558,-253472.60487490272,191.51454704579865,-287.18099290063844,4564.707130303029,3523049.9090112234,4577.739827671825,3513894.9389678757,-13215.818471460845,-253472.60487490272,3523049.9090112234,188.18779551697762,-537.8336961525148,4564.707130303029,4600.133793330138,12756592.370301452,0.7241269952455953,1.633626868729764,1.4975481660844235e-07,5.887260021543804e-06,6.21102766425308,-0.0720091397944189,-0.003760999229587752,126849.90901122382,-0.03030350266511127,-0.030155936982501214,2408.2173382639885,-16088393233.310402,-1012174729.3390822,-196652448.76274267,-16087601733.777742,-1887404047.1726112,16120201441.432003,16199132562.19408,-0.9974014077916036,0.003751243613568332,0.07194692423362295,0.003760990362966125,0.9999929274507343,0.0,0.07194641538545679,-0.00027059168868770987,0.9974084620120892,4566.562489005974,-537.1221198118349,-0.11708271165645988,3.8343338083531266e-09,154.5711686034966,0.0,-60.071168603496616,1.0,0.0,2.981035183803299e-17,2.2868399910698844,1.5707963267948966,19.034972412383397,461.0,0.01868831764701084,0.7263654301201627,0.0,0.040717758292870304,-1586.5717024306925,-7.200464312833791,114.4467226458478,-0.041791341502777954,0.1328869488858158,-1.0147478938106362,-0.04289276453547702,0.13253553545856053,-1.0147478938106362,-1.333861357904719e-17,9.710882762943695e-20,5.620539392570934e-19,-1.3338960136029316e-17,-1.3595034625836518e-20,5.620539392570934e-19,-1586.614595195228,-7.06792877737523,113.43197475203716,-1678661.462120071,186.5995920164463,123470.97729024249,0.007570079298107912,4581.60039177481
117.22236789420054,2001.0,12.0,14.0,14.0,23.0,25.0,1.0,3513909.6467668097,15908.237136367663,-252851.11848759424,191.04595735513064,-287.18307767452745,4564.740589277739,3523031.0480848816,4577.753742319919,3513920.528262445,-13289.044563589165,-252851.11848759424,3523031.0480848816,187.71122751404044,-537.8355263741043,4564.740589277739,4600.1477373845955,12756581.857004147,0.7241267679407349,1.633626864310769,1.4975481660844235e-07,5.900408265154752e-06,6.211204479614784,-0.07183266201048659,-0.0037818104032069284,126831.04808488116,-0.03022925327033861,-0.030082049623890144,2413.359519019723,-16088392175.650837,-1012174591.4222538,-196653355.5181924,-16087598656.685461,-1887416794.0872827,16120200377.19971,16199131002.477482,-0.9974140109189814,0.0037720486655413053,0.07177090267911321,0.0037818013885812965,0.99999284896356,0.0,0.07177038944277282,-0.00027142329941160344,0.9974211435139247,4566.586867396401,-537.1217937117916,-0.11708202187985248,3.844303155134245e-09,154.5172802425176,0.0,-60.01728024251759,1.0,0.0,2.980937576787257e-17,2.286824050634469,1.5707963267948966,19.03834908405338,461.0,0.01873706888698395,0.7289131557224096,0.0,0.04082374820100162,-1586.6089431109956,-7.182925529378695,114.16794573450734,-0.041793304327987814,0.13322012858557453,-1.0173881574366612,-0.042898774698839126,0.1328682734001878,-1.0173881574366612,-1.3372955571140176e-17,9.752147320381214e-20,5.621176352104253e-19,-1.3373304239463157e-17,-1.359647681227071e-20,5.621176352104253e-19,-1586.6518418856945,-7.050057255978507,113.15055757707069,-1678662.8455837034,186.78807645282657,123477.55838466648,0.007671700079551797,4581.595029573066
117.47451770864357,2001.0,12.0,14.0,14.0,23.0,25.0,1.0,3513957.7095553568,15835.823491123738,-251700.11220279525,190.17809912909217,-287.1869247412842,4564.8023358755445,3522996.239613672,4577.779418533131,3513967.7483366276,-13424.660114238137,-251700.11220279525,3522996.239613672,186.8285935512865,-537.8388656651146,4564.8023358755445,4600.173467860002,12756562.314405095,0.7241263454143272,1.633626856098457,1.5123026915032014e-07,5.924799881625185e-06,6.21153194704279,-0.07150581975843305,-0.003820352309478978,126796.23961367132,-0.030091740935032543,-0.029945207782286726,2422.882237508893,-16088390209.635477,-1012174335.0878154,-196655022.68274295,-16087592963.757914,-1887440317.3811214,16120198398.968637,16199128109.783417,-0.9974372691132835,0.0038105803132251633,0.07144489947863142,0.0038203430164203355,0.9999927024629914,0.0,0.0714443781068334,-0.00027294402278204243,0.9974445480017865,4566.631855207331,-537.1211914534464,-0.11708074888470606,3.86270191848802e-09,154.41782746763232,0.0,-59.91782746763232,1.0,0.0,2.980757400906173e-17,2.286794625680072,1.5707963267948966,19.044585443364,461.0,0.018827043085395935,0.7336490571448221,0.0,0.04101935776487617,-1586.6776744476344,-7.150441088557901,113.6516092957403,-0.041794779224886634,0.13383484624383757,-1.0222608739968104,-0.042907742904463156,0.13348219071626427,-1.0222608739968104,-1.3436330035201386e-17,9.828623732339977e-20,5.622073440285176e-19,-1.3436682629319514e-17,-1.3598464813545012e-20,5.622073440285176e-19,-1586.7205821905388,-7.016958897841637,112.62934842174349,-1678665.4172353856,186.9765608892068,123484.22722701612,0.0077733212171726684,4581.589597641212
117.63059559909189,2001.0,12.0,14.0,14.0,23.0,25.0,1.0,3513987.3502280307,15790.999776761078,-250987.64451458,189.64088588142323,-287.1892969601295,4564.840413466928,3522974.772963261,4577.795250806578,3513996.8655117988,-13508.605028634234,-250987.64451458,3522974.772963261,186.28223436633726,-537.8408999248418,4564.840413466928,4600.189333591977,12756550.170862952,0.7241260828602505,1.633626850996682,1.5123026915032014e-07,5.939902661953423e-06,6.211734648903289,-0.07130350486712325,-0.003844209031037133,126774.77296326123,-0.03000662087195731,-0.029860502748453453,2428.776185080409,-16088388987.983517,-1012174175.8253949,-196656046.76001012,-16087589443.702888,-1887454823.3520327,16120197169.727266,16199126316.56605,-0.9974516117684512,0.0038344313823376634,0.07124310013252468,0.0038441995627937577,0.9999926110375623,0.0,0.07124257371993385,-0.00027387269438152324,0.9974589819554021,4566.659597356567,-537.1208197547274,-0.1170799638257254,3.874266105658193e-09,154.37824709037318,0.0,-59.85649418074635,0.9782470903731758,0.0,2.9806850074888104e-17,2.286782802937807,1.5707963267948966,19.047092358820407,461.0,0.018883596175356385,0.7365919303064301,0.0,0.04114191781631857,-1586.7200631490625,-7.130331918054069,113.3319763168657,-0.04179620988342653,0.13422111129835881,-1.025316666573518,-0.042913870862011184,0.13386795571168067,-1.025316666573518,-1.3476216139955083e-17,9.876608918089759e-20,5.6227629108484625e-19,-1.3476571197279833e-17,-1.3599845793205718e-20,5.6227629108484625e-19,-1586.7629770199246,-6.996463962342388,112.30665965029219,-1678667.0152335856,187.16504532558707,123490.9838172914,0.007874942715617258,4581.58409597602
117.87194866038661,2001.0,12.0,14.0,14.0,23.0,25.0,1.0,3514033.020384681,15721.685319296972,-249885.89921982822,188.8101310166583,-287.19295160837385,4564.899080133223,3522941.697271197,4577.819641360852,3514041.7233409137,-13638.414951300536,-249885.89921982822,3522941.6972711976,185.43733668126816,-537.8439963579312,4564.899080133223,4600.2137756907405,12756531.321028013,0.7241256753085233,1.6336268430791634,1.5196262340524166e-07,5.963276408439749e-06,6.212048104358319,-0.07099064778298302,-0.0038810997554343104,126741.6972711971,-0.02987499214918826,-0.02972951581334451,2437.8899476379156,-16088387091.682713,-1012173928.6385046,-196657618.53555468,-16087584006.05423,-1887477172.5050657,16120195261.647558,16199123539.485327,-0.9974737095600595,0.003871314408031387,0.07093103454234993,0.0038810900119825562,0.999992468541798,0.0,0.07093050032822805,-0.000275289729701904,0.9974812220481907,4566.702338976665,-537.1202466131111,-0.1170787542212349,3.89222148135014e-09,154.33099610171016,0.0,-59.76199220342031,0.9309961017101573,0.0,2.9805979163993014e-17,2.2867685798835238,1.5707963267948966,19.05010914500032,461.0,0.018971406766791366,0.7411601553201101,0.0,0.04133196904118119,-1586.7853777492014,-7.099233340585905,112.83766791250227,-0.04179748783377074,0.13482068334590552,-1.0300569709429173,-0.042922448322190256,0.1344667619789368,-1.0300569709429173,-1.353817720060545e-17,9.951251727785385e-20,5.623748576589285e-19,-1.3538536097025035e-17,-1.360167777625769e-20,5.623748576589285e-19,-1586.8283001975235,-6.964766578606969,111.80761094155935,-1678669.4957351722,187.3535297619673,123497.82815549235,0.00797656457953258,4581.578524574283
118.14661244149848,2001.0,12.0,14.0,14.0,23.0,26.0,1.0,3514084.7498485707,15642.803248697734,-248632.07764974784,187.86467673136465,-287.1970904715649,4564.965525916172,3522904.233221249,4577.847262452279,3514092.5242100563,-13786.141692400606,-248632.07764974784,3522904.233221249,184.47578780947268,-537.8474473487915,4564.965525916172,4600.241455153267,12756509.764462687,0.7241252092321461,1.63362683402749,1.5196262340524166e-07,5.989840507768029e-06,6.212404828955305,-0.07063460412303849,-0.003923081384976352,126704.23322124965,-0.0297251932209117,-0.0295804472526975,2448.260086879134,-16088384923.099197,-1012173646.0024953,-196659389.8541478,-16087577826.29779,-1887502484.5442917,16120193079.596582,16199120373.093319,-0.9974987372838303,0.003913288803708105,0.07057588318896914,0.00392307132190925,0.999992304726093,0.0,0.07057534008821677,-0.000276874223357062,0.9975064133689051,4566.750746466303,-537.119596792622,-0.11707738414558902,3.912333868768041e-09,154.2549520607133,0.0,-59.63242809106994,0.8774760303566449,0.0,2.9804591249221515e-17,2.2867459135151886,1.5707963267948966,19.05491884559156,461.0,0.01906976924026999,0.7463845205546462,0.0,0.04154478415713398,-1586.8593614576212,-7.063838962821076,112.27507816769707,-0.04179323941404984,0.13548615935489025,-1.0353628383166364,-0.042926390922919756,0.13513141455557798,-1.0353628383166364,-1.3607370396603556e-17,1.003555047427182e-19,5.624046461193745e-19,-1.3607733658844519e-17,-1.3601751539113397e-20,5.624046461193745e-19,-1586.9022878485441,-6.928707548265498,111.23971532938045,-1678672.3324318286,187.54201419834757,123504.76024161895,0.008078186813566004,4581.572883432819
118.37745470695748,2001.0,12.0,14.0,14.0,23.0,26.0,1.0,3514128.0252379025,15576.505621847135,-247578.28424622532,187.07003189909562,-287.20055238604607,4565.021108877705,3522872.891848375,4577.870364986826,3514135.015739333,-13910.299944503757,-247578.28424622532,3522872.891848375,183.66761636656832,-537.8502878179387,4565.021108877705,4600.264606509787,12756491.562915813,0.7241248156928352,1.6336268263877598,1.5269146510898484e-07,6.012189217851498e-06,6.21270464537519,-0.07033535998020318,-0.00395836449944421,126672.89184837509,-0.029599291446060293,-0.029455159320404895,2456.9719789773226,-16088383092.041216,-1012173407.4071662,-196660864.31678373,-16087572639.62797,-1887523658.0127459,16120191237.170418,16199117707.159798,-0.9975196731822881,0.003948567084748074,0.07027738208185148,0.003958354162414645,0.9999921656854742,0.0,0.0702768315067362,-0.0002781827678873012,0.9975274881263781,4566.791238793082,-537.1190526558707,-0.11707623799159242,3.928900023001742e-09,154.16540528107166,0.0,-59.498107921607506,0.8327026405358343,0.0,2.980296779376324e-17,2.2867194004755205,1.5707963267948966,19.060547979293204,461.0,0.019150790720134432,0.7507959691118512,0.0,0.04171999898862013,-1586.9212569384372,-7.034088599676689,111.80219935216604,-0.04178419780075611,0.13602719051050235,-1.0397286314475165,-0.04292410040011841,0.1356718001239527,-1.0397286314475165,-1.3664116680025117e-17,1.0105624001848918e-19,5.623491869508689e-19,-1.3664483599946638e-17,-1.3599844729301322e-20,5.623491869508689e-19,-1586.9641810388373,-6.898416799552737,110.76247072071853,-1678674.727638457,187.7304986347278,123511.78007567118,0.008179809422365125,4581.567172548467
118.57493319640886,2001.0,12.0,14.0,14.0,23.0,26.0,1.0,3514164.9004207547,15519.78939919525,-246676.78609448028,186.39021302794802,-287.2035019093562,4565.0684687287785,3522846.1856870945,4577.890047522255,3514171.2178757433,-14016.514043173269,-246676.78609448028,3522846.1856870945,182.97622600370838,-537.8526743124287,4565.0684687287785,4600.284330639716,12756475.931391496,0.7241244777189845,1.6336268198291262,1.534168443230839e-07,6.0313266775364915e-06,6.212961133341726,-0.0700793615686785,-0.003988547753307157,126646.185687094,-0.02949158440504304,-0.029347977404468907,2464.421497479081,-16088381519.533396,-1012173202.5400496,-196662115.39169556,-16087568207.801058,-1887541698.684885,16120189654.902014,16199115423.150608,-0.9975375116158643,0.003978747099467669,0.0700220143294075,0.003988537178004819,0.9999920457539548,0.0,0.07002145735707695,-0.0002792854074316279,0.9975454463377857,4566.825739610363,-537.1185886198143,-0.117075261356556,3.943125117190487e-09,154.0891019631257,0.0,-59.38910196312571,0.8,0.0,2.9801584114774284e-17,2.286696803282764,1.5707963267948966,19.065348431976318,461.0,0.019220362577329377,0.7545846639364981,0.0,0.04187056405050558,-1586.974000430911,-7.008635896891808,111.39763133907756,-0.04177593146355128,0.13649318059516857,-1.0434800879650754,-0.04292164998993622,0.13613724237244576,-1.0434800879650754,-1.3712879678750854e-17,1.0165910795650158e-19,5.622954413563369e-19,-1.371324975158995e-17,-1.3598111884680483e-20,5.622954413563369e-19,-1587.016922080901,-6.8724986545193625,110.35415125111248,-1678676.784652084,187.91898307110807,123518.88765764909,0.0082814324105779,4581.561391918095
118.69370174885718,2001.0,12.0,14.0,14.0,23.0,26.0,1.0,3514187.0134360963,15485.678549958155,-246134.59783365318,185.981341918225,-287.2052704773209,4565.096867886658,3522830.1707425234,4577.901849113875,3514192.9250035123,-14080.39411095581,-246134.59783365318,3522830.1707425234,182.56039555582845,-537.8540903163682,4565.096867886658,4600.296157171202,12756466.502477322,0.7241242738529431,1.6336268158738527,1.534168443230839e-07,6.042802108677516e-06,6.213115393542404,-0.06992539579328315,-0.004006700560876107,126630.17074252386,-0.029426805816488284,-0.029283514640109417,2468.90087261796,-16088380571.002699,-1012173078.979038,-196662863.2677388,-16087565544.623476,-1887552516.5555031,16120188700.484653,16199114047.907068,-0.9975482083096868,0.003996898354026536,0.06986842564192479,0.004006689840523713,0.999991973186046,0.0,0.06986786482107091,-0.0002799411111928865,0.9975562155078374,4566.846427465775,-537.1183101794953,-0.11707467569942911,3.952047729165281e-09,154.0433449786396,0.0,-59.343344978639585,0.8,0.0,2.9800754218056294e-17,2.286683250040824,1.5707963267948966,19.068228825121952,461.0,0.019263995520812257,0.7568700407717062,0.0,0.041965417063072726,-1587.0056301250995,-6.993327034425904,111.15429857235966,-0.04177478717284533,0.13679124761374534,-1.0458429468135442,-0.04292415951714738,0.1364349471242907,-1.0458429468135442,-1.3743613282187597e-17,1.0203273382612789e-19,5.623155050178307e-19,-1.3743985295740614e-17,-1.359851319628207e-20,5.623155050178307e-19,-1587.0485542846166,-6.856892087301613,110.10845562554611,-1678678.0254423395,188.1074675074883,123526.08298755265,0.00838305578285253,4581.555541538589
118.88902270277272,2001.0,12.0,14.0,14.0,23.0,26.0,1.0,3514223.273819925,15429.581059234411,-245242.93420892998,185.30891479141596,-287.2081702347082,4565.143434105311,3522803.9098151205,4577.921198634329,3514228.516087118,-14185.448509879852,-245242.93420892998,3522803.9098151205,181.87652352330062,-537.8563874881993,4565.143434105311,4600.315547582101,12756450.949978076,0.7241239375854978,1.63362680935106,1.541388099311085e-07,6.061733032468642e-06,6.213369085350178,-0.06967218817377724,-0.004036553513829552,126603.90981512051,-0.02932027272829248,-0.029177500942071537,2476.266421943903,-16088379006.45762,-1012172875.1918194,-196664085.77533817,-16087561168.453331,-1887570254.4110367,16120187126.231089,16199111783.573156,-0.9975657476409316,0.004026749394241565,0.06961583457019625,0.004036542552063246,0.9999918531289269,0.0,0.06961526741896737,-0.0002810072785399928,0.9975738747466751,4566.880348716778,-537.1178533151315,-0.11707371535859498,3.966678817289998e-09,153.96831375748718,0.0,-59.26831375748719,0.8,0.0,2.979939314124866e-17,2.2866610219697,1.5707963267948966,19.07295477846442,461.0,0.019335545134239022,0.7606396944830117,0.0,0.04212095581176167,-1587.057497183901,-6.968149258156521,110.75410042020131,-0.041771516607516886,0.1372798996057942,-1.0497175202438926,-0.0429268958671043,0.13692301503649332,-1.0497175202438926,-1.379400648611916e-17,1.0264748272254377e-19,5.623303372176853e-19,-1.3794381701230136e-17,-1.3598734275888273e-20,5.623303372176853e-19,-1587.1004240797681,-6.831226243120028,109.70438289995742,-1678680.0720647797,188.29595194386857,123533.36606538185,0.008484679543837524,4581.549621406861
119.16142028571704,2001.0,12.0,14.0,14.0,23.0,27.0,1.0,3514273.6237922856,15351.345699056244,-243999.3913579965,184.3711010444035,-287.2121961232682,4565.208090191797,3522767.444734325,4577.948061659821,3514277.9289105106,-14331.959718957496,-243999.3913579965,3522767.444734325,180.92274870773542,-537.859525700618,4565.208090191797,4600.342467375607,12756429.164698755,0.7241234665540554,1.633626800216702,1.5485740967710726e-07,6.088104608318607e-06,6.213722894075283,-0.06931905468561843,-0.004078186345614475,126567.44473432563,-0.02917169718464347,-0.029029649750184044,2486.535991638899,-16088376814.923025,-1012172589.7765065,-196665775.36433917,-16087555072.812239,-1887594882.4772348,16120184921.099813,16199108620.177862,-0.9975901004091245,0.004068380880600071,0.0692635534947718,0.004078175041160574,0.9999916842095906,0.0,0.06926297751357793,-0.0002824688951244686,0.9975983962283003,4566.927446085194,-537.1172183353744,-0.11707238187209518,3.986815715651799e-09,153.8820639061795,0.0,-59.164127812358956,0.7820639061794767,0.0,2.9797822670900166e-17,2.286635374242542,1.5707963267948966,19.078410801490374,461.0,0.019434028198677854,0.7659201643103881,0.0,0.04233470281038721,-1587.129521071743,-6.9330326990468825,110.1959262722176,-0.04176185037942149,0.1379517722349263,-1.0550443972633987,-0.04292554857669623,0.1375941164776309,-1.0550443972633987,-1.386339279969317e-17,1.035012698337848e-19,5.622882989501012e-19,-1.3863772485965982e-17,-1.3597382623772415e-20,5.622882989501012e-19,-1587.1724466203198,-6.795438582569251,109.1408818749542,-1678682.938894812,188.4844363802488,123540.73689113671,0.008586303698181655,4581.543631519846
119.37861303455004,2001.0,12.0,14.0,14.0,23.0,27.0,1.0,3514313.5866523525,15288.964945489644,-243007.85568752128,183.62331675329858,-287.21539096578624,4565.259404342726,3522738.5023166668,4577.969378687762,3514317.1414314318,-14448.779174507281,-243007.85568752128,3522738.5023166663,180.1622382070318,-537.8619732864026,4565.259404342726,4600.363829451211,12756411.716850037,0.7241230893026351,1.6336267929029595,1.5485740967710726e-07,6.109094462464172e-06,6.214005004168215,-0.06903748297229036,-0.00411138129585404,126538.5023166663,-0.029053229976595634,-0.028911760096754165,2494.721014082432,-16088375059.73252,-1012172361.2197456,-196667109.79187825,-16087550218.945246,-1887614428.049101,16120183155.021742,16199106093.489798,-0.9976094277563615,0.0041015758521404004,0.06898265526314584,0.004111369713104914,0.9999915482838253,0.0,0.06898207224132258,-0.0002836131995784551,0.9976178593393594,4566.9648235756,-537.1167138600537,-0.11707132349065615,4.0025273138097185e-09,153.84071759523758,0.0,-59.08143519047517,0.7407175952375828,0.0,2.979705959459348e-17,2.2866229122607327,1.5707963267948966,19.08106299514126,461.0,0.019510879905295726,0.770149425180262,0.0,0.04250097925799261,-1587.186689040974,-6.905030257647221,109.75083024592315,-0.04174841675058954,0.1384751388380045,-1.059191799233846,-0.042918662294129696,0.13811691715451796,-1.059191799233846,-1.391758100221192e-17,1.0417621250139148e-19,5.621859872413096e-19,-1.3917964248696297e-17,-1.35944250716793e-20,5.621859872413096e-19,-1587.2296077032681,-6.766913340492703,108.69163844668931,-1678685.2349484824,188.67292081662904,123548.19546481723,0.008687928250534018,4581.537571874509
119.63456093248149,2001.0,12.0,14.0,14.0,23.0,27.0,1.0,3514360.4718779013,15215.452289926536,-241839.3794294819,182.7420658409008,-287.21913863459906,4565.319603134863,3522704.546471232,4577.9943834602145,3514363.1388819907,-14586.44417852929,-241839.3794294819,3522704.546471232,179.26599043110443,-537.8647953985495,4565.319603134863,4600.388887063988,12756391.067992862,0.724122642837885,1.6336267842496526,1.5557269020245316e-07,6.133905132201651e-06,6.214337458946562,-0.06870566262862614,-0.004150498922144059,126504.54647123208,-0.02891362116929544,-0.028772831903194164,2504.36210308969,-16088372982.545095,-1012172090.7684188,-196668667.88442266,-16087544506.351192,-1887637357.288434,16120181064.95159,16199103111.017866,-0.9976321012792296,0.004140694737837393,0.0686516215706303,0.004150487005628297,0.9999913866917135,0.0,0.06865103025304935,-0.00028493766324421234,0.9976406942660885,4567.0086712884195,-537.1161214394149,-0.1170700817865515,4.021038394599267e-09,153.78441848923453,0.0,-58.97662773385179,0.6922092446172639,0.0,2.979602522464287e-17,2.2866060197174893,1.5707963267948966,19.08465933036366,461.0,0.019601424926902162,0.7751547470817788,0.0,0.04269686115434163,-1587.2537624485278,-6.872028093816162,109.22626406122365,-0.04173071894228767,0.13908965999982853,-1.06407683755109,-0.042908681923299996,0.1387307876353089,-1.06407683755109,-1.3981351021652013e-17,1.0497363674280808e-19,5.620389019442544e-19,-1.3981738488434588e-17,-1.359029387498274e-20,5.620389019442544e-19,-1587.2966711304512,-6.733297306180853,108.16218722367256,-1678687.9522477146,188.8614052530093,123555.7417864234,0.00878955320554401,4581.531442467832
119.82108686799845,2001.0,12.0,14.0,14.0,23.0,27.0,1.0,3514394.4981149565,15161.878217641408,-240987.82484323974,182.09981738483054,-287.22185804789433,4565.363288729505,3522679.903518689,4578.012526993691,3514396.5157215483,-14686.770101061762,-240987.82484323974,3522679.903518689,178.6128128984191,-537.8668096547539,4565.363288729505,4600.407068938438,12756375.959498318,0.7241223161640385,1.6336267779201985,1.5628469708117136e-07,6.151924141434239e-06,6.214579744444194,-0.0684638394771193,-0.004179006136110604,126479.90351868887,-0.02881187728459708,-0.02867158402763846,2511.384611800313,-16088371462.702898,-1012171892.9165184,-196669793.56346947,-16087540348.183563,-1887653996.4527893,16120179535.685373,16199100934.078367,-0.9976485550705683,0.004169203703802787,0.06841036694890303,0.004178993972363088,0.9999912679665652,0.0,0.06840976958729154,-0.0002858865111266128,0.997657266647177,4567.0404901266265,-537.1156911152992,-0.11706918064598673,4.03476803958763e-09,153.71401005339678,0.0,-58.871015080095155,0.6570050266983852,0.0,2.9794747092751144e-17,2.286585146239641,1.5707963267948966,19.089105122090288,461.0,0.019668573708621687,0.7788171983245207,0.0,0.04284208224478834,-1587.3024418471573,-6.847975186268975,108.84394538925127,-0.04171892005987889,0.13953815167697778,-1.0676952917093498,-0.04290252676207256,0.1391787960208719,-1.0676952917093498,-1.4028384676588674e-17,1.0556085609823318e-19,5.61938251765324e-19,-1.4028775253415124e-17,-1.3587415336171145e-20,5.61938251765324e-19,-1587.3453443739193,-6.708796390248104,107.77625009754192,-1678689.940465048,189.04988968938954,123563.37585595521,0.008891178567861242,4581.525243296827
120.0703471473065,2001.0,12.0,14.0,14.0,23.0,28.0,1.0,3514439.7813983057,15090.284765891249,-239849.85386614306,181.24153057236194,-287.22547660734176,4565.421423347397,3522647.1078109564,4578.036668657854,3514440.9280129974,-14820.839261943895,-239849.85386614306,3522647.1078109564,177.73992138420257,-537.8694455595052,4565.421423347397,4600.431261618797,12756355.689836714,0.72412187789412,1.6336267694316515,1.569934748538248e-07,6.176059456689421e-06,6.214903523172329,-0.06814067858783618,-0.00421710073032511,126447.10781095643,-0.028675911431288455,-0.028536281008371456,2520.7637085467577,-16088369423.682425,-1012171627.5276732,-196671284.9949776,-16087534798.009626,-1887676138.5967178,16120177484.02473,16199098020.437422,-0.9976704507869202,0.004207301727465361,0.06808795957287661,0.004217088230892836,0.999991108043893,0.0,0.06808735413772868,-0.00028713293298028515,0.9976793221076612,4567.082831784187,-537.1151179173748,-0.11706798138688382,4.053039933895706e-09,153.62030803130406,0.0,-58.73046204695611,0.6101540156520373,0.0,2.979304571554238e-17,2.2865573606412144,1.5707963267948966,19.09502643279374,461.0,0.019757939943519157,0.7837309366290678,0.0,0.04303534159533979,-1587.3672285354455,-6.815829832518239,108.33299799624068,-0.041700752302272756,0.14013473149146655,-1.0725106971818488,-0.04289189604024793,0.13977475082014454,-1.0725106971818488,-1.4090971066925067e-17,1.0634600839996117e-19,5.617723581459948e-19,-1.409136581703965e-17,-1.358281224452854e-20,5.617723581459948e-19,-1587.4101204314857,-6.676055081698094,107.26048729905882,-1678692.6078786775,189.2383741257698,123571.0976734127,0.008992804342135643,4581.518974358531
120.17670832622701,2001.0,12.0,14.0,14.0,23.0,28.0,1.0,3514459.038983966,15059.735043716244,-239364.2689459599,180.87528268190965,-287.2270152843606,4565.446144925577,3522633.160799422,4578.046933836549,3514459.812831961,-14878.047749174795,-239364.2689459599,3522633.1607994214,177.36744161583644,-537.8705508862893,4565.446144925577,4600.441548489871,12756347.012955004,0.7241216902821827,1.6336267657990147,1.569934748538248e-07,6.186315372010695e-06,6.215041683738038,-0.0680027816542722,-0.004233355810970889,126433.16079942137,-0.02861789297561258,-0.028478545389505467,2524.7638639062643,-16088368550.837746,-1012171513.9396538,-196671916.94094607,-16087532431.986732,-1887685554.3301425,16120176605.770245,16199096775.597239,-0.997679761816128,0.004223558647758369,0.06795038200674831,0.0042333431664413,0.9999910393626711,0.0,0.0679497731280188,-0.00028765728532534384,0.9976887017427515,4567.100837007866,-537.1148739764393,-0.11706747138225317,4.06033411028208e-09,153.5914509992767,0.0,-58.68290199855344,0.6,0.0,2.979251827606736e-17,2.2865487469009036,1.5707963267948966,19.096862853889263,461.0,0.019793625486225857,0.7858344365069118,0.0,0.04311268021320109,-1587.394781174797,-6.80211223095704,108.11495798066994,-0.0416875812341711,0.14037528649518552,-1.0744388746923523,-0.04288182835005688,0.14001508591975825,-1.0744388746923523,-1.411609014054435e-17,1.0666977972302281e-19,5.616321873169443e-19,-1.4116486634483203e-17,-1.3579261273663547e-20,5.616321873169443e-19,-1587.437663003147,-6.662097145037282,107.0405191059776,-1678693.7497272957,189.42685856215004,123578.90723879583,0.009094430533017393,4581.51263565
120.22774901500871,2001.0,12.0,14.0,14.0,23.0,28.0,1.0,3514468.266497589,15045.074760201554,-239131.24512777707,180.6995250930139,-287.22775252373157,4565.457990327536,3522626.4779123934,4578.051852222102,3514468.86122664,-14905.501046010268,-239131.24512777707,3522626.477912393,177.18869348004245,-537.8710771861553,4565.457990327536,4600.44647726893,12756342.843979131,0.7241216001402444,1.6336267640537732,1.569934748538248e-07,6.1912666065140115e-06,6.215107984729295,-0.06793660717535945,-0.004241156278239119,126426.4779123934,-0.028590050855210165,-0.02845083899719383,2526.6827843785286,-16088368131.463474,-1012171459.3662348,-196672219.256087,-16087531297.13893,-1887690065.8691654,16120176183.79686,16199096177.96724,-0.9976842231962706,0.004231360077337432,0.06788436032806207,0.0042411435636834985,0.9999910063101929,0.0,0.06788374979718252,-0.0002879073178801319,0.9976931961393993,4567.109464164325,-537.1147570536205,-0.11706722700779887,4.0635920177082195e-09,153.58309739049173,0.0,-58.666194780983496,0.6,0.0,2.979236325791562e-17,2.2865462152623635,1.5707963267948966,19.097402660325294,461.0,0.019809569517895607,0.7868451064740654,0.0,0.043147324400923774,-1587.4079835485823,-6.795529217064166,108.01032157562852,-0.04167881356357455,0.14048403762133474,-1.0753032204383288,-0.04287449432473004,0.1401237526719096,-1.0753032204383288,-1.412738184781308e-17,1.0681949917620001e-19,5.615336560335548e-19,-1.412777915840178e-17,-1.3576846139717307e-20,5.615336560335548e-19,-1587.450858042907,-6.655405464392256,106.9350183551902,-1678694.2983511314,189.6153429985303,123586.8045521046,0.009196057145157002,4581.506227168325
120.31047353018944,2001.0,12.0,14.0,14.0,23.0,28.0,1.0,3514483.2029956332,15021.313934256128,-238753.5690356706,180.41466178221012,-287.2289458352149,4565.477164025829,3522615.660377673,4578.059813147151,3514483.507092361,-14949.996205195768,-238753.5690356706,3522615.660377673,176.8989832379131,-537.871924507329,4565.477164025829,4600.454455016933,12756336.079874363,0.7241214538860106,1.6336267612223463,1.569934748538248e-07,6.1992591562809114e-06,6.215215443006982,-0.06782935394355047,-0.004253798887516646,126415.66037767287,-0.028544925321449435,-0.028405933445789896,2529.791998460889,-16088367451.03578,-1012171370.8249786,-196672707.93730366,-16087529458.582413,-1887697368.4809256,16120175499.152348,16199095208.985413,-0.9976914446339458,0.004244004355443341,0.06777735411818187,0.00425378605891804,0.9999909526111549,0.0,0.06777674091010427,-0.0002883103640582732,0.9977004712180598,4567.123428488409,-537.1145677421449,-0.11706683144185333,4.068865565884471e-09,153.5695754720911,0.0,-58.639150944182205,0.6,0.0,2.979211232453902e-17,2.2865421172093288,1.5707963267948966,19.098276530999097,461.0,0.019835378197843822,0.7884849108501484,0.0,0.04320340283530157,-1587.4293543678439,-6.784859480929643,107.84072708734578,-0.04166439017038332,0.14066005789420502,-1.0767023372592768,-0.04286239416354215,0.14029963813795168,-1.0767023372592768,-1.414565951673311e-17,1.070621989513885e-19,5.613711715012253e-19,-1.4146058152543313e-17,-1.357286443946937e-20,5.613711715012253e-19,-1587.4722167620075,-6.644559842791691,106.7640247500865,-1678695.1884863544,189.80382743491054,123594.78961333903,0.009297684183205174,4581.499748910614
120.45714918994638,2001.0,12.0,14.0,14.0,23.0,28.0,1.0,3514509.6283932156,14979.184284198851,-238083.92217116975,179.9095721773351,-287.2310568654092,4565.511084738917,3522596.5221732175,4578.0738961994675,3514509.4161952175,-15028.88903380281,-238083.92217116975,3522596.5221732175,176.38529977497907,-537.873409581669,4565.511084738917,4600.468567829329,12756324.065146547,0.7241211941015873,1.6336267561935987,1.576990670600291e-07,6.213444733675467e-06,6.215405974765613,-0.06763918574458094,-0.004276214870354422,126396.52217321796,-0.02846491423319346,-0.028326312400399713,2535.3019699156284,-16088366242.430994,-1012171213.5631756,-196673570.45992166,-16087526201.04233,-1887710287.5982902,16120174283.058033,16199093489.835947,-0.9977042201889728,0.004266423627912669,0.06758762199205463,0.004276201837879112,0.9999908570071236,0.0,0.06758700403890823,-0.0002890183133803027,0.9977133422749538,4567.148132782159,-537.1142326658442,-0.11706613161605589,4.078195440556244e-09,153.54565271652245,0.0,-58.5913054330449,0.6,0.0,2.979166835686171e-17,2.286534866666926,1.5707963267948966,19.099822842458934,461.0,0.019881039113422268,0.7913976271664179,0.0,0.04330261639450599,-1587.46716401016,-6.765940546218994,107.54001231696047,-0.041638169680867705,0.14097142676438676,-1.0791776541660008,-0.04284029180757147,0.14061077389802573,-1.0791776541660008,-1.417799568761749e-17,1.074926435981604e-19,5.610746100726778e-19,-1.4178396678081027e-17,-1.3565600197468294e-20,5.610746100726778e-19,-1587.5100043019677,-6.625329772320969,106.46083466279447,-1678696.7695896327,189.9923118712908,123602.8624224991,0.009399311651812979,4581.493200874007
120.68099682475764,2001.0,12.0,14.0,14.0,23.0,28.0,1.0,3514549.814448141,14914.887932008181,-237061.93753677642,179.13871145098247,-287.23426679958294,4565.562666552011,3522567.417999005,4578.095309643271,3514548.8118821834,-15149.290974158193,-237061.93753677642,3522567.417999005,175.60132373914806,-537.8756334220179,4565.562666552011,4600.490026523435,12756305.675969474,0.7241207964862207,1.633626748498256,1.576990670600291e-07,6.2350454268598035e-06,6.215696756931342,-0.06734895842677864,-0.0043104244560306,126367.41799900495,-0.028342804272864893,-0.02820479770170002,2543.7037191689014,-16088364392.606144,-1012170972.8891978,-196674877.10919446,-16087521235.343649,-1887729932.8349583,16120172421.771524,16199090863.509588,-0.9977236472250751,0.004300639044337653,0.06729805548233893,0.004310411108268409,0.999990710134888,0.0,0.0672974302924812,-0.0002900822859159374,0.9977329160292828,4567.185698650251,-537.1137227334646,-0.11706506737235124,4.09238372548509e-09,153.5092724987562,0.0,-58.51854499751236,0.6,0.0,2.979099314869024e-17,2.2865238396806635,1.5707963267948966,19.10217504621463,461.0,0.01995047888051151,0.7958557272857534,0.0,0.043453495379817055,-1587.5246643425335,-6.737065544107447,107.08104670172537,-0.04159656349116124,0.14144483072676825,-1.082942014937569,-0.04280496770551165,0.14108383668347144,-1.082942014937569,-1.4227169564775997e-17,1.0814985862120786e-19,5.606012068721159e-19,-1.4227574160958757e-17,-1.355401147318835e-20,5.606012068721159e-19,-1587.567469310239,-6.595981707423976,105.9981046867878,-1678699.1895576827,190.18079630767105,123611.02297958486,0.009500939555631619,4581.4865830556655
120.7999256440096,2001.0,12.0,14.0,14.0,23.0,28.0,1.0,3514571.094849122,14880.727398706647,-236518.95893487148,178.7291467330206,-287.23596641858774,4565.589980226652,3522552.0059656333,4578.106647495483,3514569.671171471,-15213.259957298013,-236518.95893487148,3522552.0059656333,175.1847910023717,-537.8767939982939,4565.589980226652,4600.501388334366,12756295.87951046,0.7241205846639788,1.6336267443994148,1.5840151626966388e-07,6.2465376241393e-06,6.215851249584299,-0.06719476056200475,-0.0043285996195092016,126352.00596563285,-0.02827792714197718,-0.028140236830230838,2548.1640432029963,-16088363407.153978,-1012170844.6865591,-196675566.57932597,-16087518599.898052,-1887740335.2472649,16120171430.214108,16199089466.814934,-0.9977339341532379,0.004318817701352182,0.06714420639760996,0.00432858610218925,0.9999906316272947,0.0,0.06714357736565943,-0.00029063947865522096,0.997743281384162,4567.205590124934,-537.1134525163704,-0.11706450380856544,4.100568019638368e-09,153.47715990180816,0.0,-58.47715990180816,0.5885799509040791,0.0,2.979040612446254e-17,2.286514252847495,1.5707963267948966,19.1042205327517,461.0,0.019990519784313147,0.7982307140841697,0.0,0.043540296684927655,-1587.5551143674559,-6.72172343360686,106.83718518377015,-0.04158012975852061,0.14171738531375355,-1.0851057543783877,-0.042792057647215595,0.1413561611434736,-1.0851057543783877,-1.4255359444077866e-17,1.0851566273837635e-19,5.604230269485092e-19,-1.4255766024281276e-17,-1.354953383557268e-20,5.604230269485092e-19,-1587.597906425103,-6.580367272463386,105.75207942939176,-1678700.4787491485,190.3692807440513,123619.27128459627,0.00960256789931269,4581.4798954527805
120.91218067779423,2001.0,12.0,14.0,14.0,23.0,28.0,1.0,3514591.1363973697,14848.483625697743,-236006.4470327015,178.3425578677533,-287.2375669631758,4565.6157029180995,3522537.4911489496,4578.117324245204,3514589.314478797,-15273.639395864444,-236006.4470327015,3522537.491148949,174.7916251737226,-537.8778761123937,4565.6157029180995,4600.51208764572,12756286.613956593,0.7241203843206531,1.6336267405231704,1.5840151626966388e-07,6.257370014534301e-06,6.215997073991003,-0.06704921439949639,-0.00434575476067334,126337.49114894914,-0.028216690079066385,-0.02807929828004443,2552.3727110922337,-16088362475.109692,-1012170723.439388,-196676214.34524882,-16087516113.920876,-1887750131.6268485,16120170492.395916,16199088147.436268,-0.9977436218379155,0.004335976390384032,0.06699898798116782,0.004345741081999841,0.9999905572226411,0.0,0.06699835532464105,-0.0002911602545221746,0.9977530433977635,4567.224322641624,-537.1131979050563,-0.11706397305487301,4.1088622006004914e-09,153.43568899699756,0.0,-58.43568899699754,0.5678444984987705,0.0,2.97896526846679e-17,2.2865019482418707,1.5707963267948966,19.10684655816543,461.0,0.020031086648522076,0.8004770291761909,0.0,0.043628076814682344,-1587.583792294974,-6.707241619142864,106.60699798221901,-0.04156970440766756,0.14199318256490093,-1.087292342542286,-0.04278512113761319,0.14163169711858253,-1.087292342542286,-1.428378617586011e-17,1.0887545453950717e-19,5.603206401891901e-19,-1.428419468734788e-17,-1.3546816456811193e-20,5.603206401891901e-19,-1587.6265774161116,-6.565609922024281,105.51970563967673,-1678701.6980765443,190.55776518043155,123627.60733753329,0.009704196687507957,4581.473138062568
121.12742755511871,2001.0,12.0,14.0,14.0,23.0,29.0,1.0,3514629.444295528,14786.656306970443,-235023.70721562198,177.60126163319921,-287.2406259255571,4565.664867412857,3522509.7471642583,4578.137729125662,3514626.85669253,-15389.416149280283,-235023.70721562198,3522509.7471642583,174.03771784617652,-537.8799148175307,4565.664867412857,4600.532535644681,12756268.795443982,0.7241199990406737,1.6336267330700895,1.591008641128439e-07,6.2781299584961476e-06,6.216276692836223,-0.06677012907958338,-0.004378649121259386,126309.74716425827,-0.02809926765582353,-0.027962448250472182,2560.439283564687,-16088360682.710073,-1012170490.2912948,-196677448.26000404,-16087511351.310324,-1887768855.427578,16120168688.893873,16199085614.586859,-0.9977621380670205,0.004368878229980568,0.06672052714824257,0.004378635129614702,0.9999904137312525,0.0,0.06671988754733836,-0.00029214484403770636,0.9977717029747138,4567.260125777865,-537.1127108908742,-0.11706295856435953,4.124715906138134e-09,153.35642046930934,0.0,-58.35642046930933,0.5282102346546638,0.0,2.978821229502417e-17,2.286478424893837,1.5707963267948966,19.111868943694514,461.0,0.020108628618966375,0.8047970026013698,0.0,0.043795858678067415,-1587.6386095188266,-6.679471287288678,106.16559089419471,-0.04154814936338532,0.14252021947050034,-1.0914717461365853,-0.0427702527636686,0.142158246865856,-1.0914717461365853,-1.4338117025886136e-17,1.0956558823361182e-19,5.601038612557747e-19,-1.4338529251788255e-17,-1.3541113076417038e-20,5.601038612557747e-19,-1587.6813797715902,-6.537313040422822,105.07411914805812,-1678704.0429602899,190.7462496168118,123636.03113839599,0.009805825924869518,4581.46631088227
121.4274275551187,2001.0,12.0,14.0,14.0,23.0,29.0,1.0,3514682.5696917996,14700.483482342099,-233653.99751889138,176.56803858572903,-287.2448673108491,4565.733043291661,3522471.271773061,4578.166020215056,3514678.910389191,-15550.780540340043,-233653.99751889138,3522471.271773061,172.98691834800286,-537.8826768212217,4565.733043291661,4600.560886516907,12756243.847599478,0.7241194596041031,1.6336267226378067,1.5979715130870968e-07,6.307065001079844e-06,6.21666641845516,-0.06638114705232671,-0.004424494943025383,126271.27177306125,-0.027935607001304305,-0.027799585371442427,2571.6737291663885,-16088358173.17272,-1012170163.9056141,-196679150.1974479,-16087504722.714743,-1887794818.8836534,16120166163.814838,16199082077.997368,-0.9977878140706746,0.004414735945458102,0.06633240685062564,0.004424480507272677,0.9999902119382174,0.0,0.0663317575849292,-0.0002934864411110737,0.9977975805750399,4567.309771753712,-537.1120347441052,-0.11706155167932358,4.146434297865873e-09,153.2732453900875,0.0,-58.24649078017501,0.5,0.0,2.9786692356713145e-17,2.2864536024174775,1.5707963267948966,19.117171661771785,461.0,0.0202148675322511,0.8108456551263314,0.0,0.0440261976443068,-1587.7146334006113,-6.640762652151888,105.55032030839263,-0.04151281905286256,0.14324290730712907,-1.0972132197274456,-0.04274416684841282,0.1428803024911045,-1.0972132197274456,-1.44129201872751e-17,1.1052361188031033e-19,5.5973867267301135e-19,-1.4413337596906163e-17,-1.3531857095958098e-20,5.5973867267301135e-19,-1587.7573775674598,-6.497882349660783,104.45310708866518,-1678707.326062115,190.93473405319205,123644.54268718435,0.009907455616049669,4581.459413909155
121.64712296559932,2001.0,12.0,14.0,14.0,23.0,29.0,1.0,3514721.2777605336,14637.376763651191,-232650.92146364617,175.81135941948824,-287.2479570803787,4565.782713389107,3522443.2379243593,4578.186628877264,3514716.830288351,-15668.951112465687,-232650.92146364617,3522443.237924359,172.2173678101346,-537.8846408143439,4565.782713389107,4600.58153872771,12756225.495806219,0.72411906278895,1.6336267149659705,1.6049041769309372e-07,6.328240883277338e-06,6.216951826916121,-0.0660962831345103,-0.004458068193084421,126243.23792435881,-0.027815752900978624,-0.027680315498471785,2579.8935420140624,-16088356327.152637,-1012169923.8508042,-196680383.4528343,-16087499875.50138,-1887813734.3068445,16120164306.364471,16199079483.505526,-0.9978065203286113,0.004448318980350354,0.0660481676351266,0.004458053426214806,0.9999900628304509,0.0,0.0660475113032864,-0.00029444626002098594,0.9978164357997127,4567.345940377732,-537.1115415368506,-0.11706052660667622,4.162053156428665e-09,153.23319703479828,0.0,-58.16639406959659,0.5,0.0,2.978595205191976e-17,2.286441512322703,1.5707963267948966,19.119755517984963,461.0,0.020291279007510463,0.8152951536151202,0.0,0.04419223320857097,-1587.770028149358,-6.612412842836713,105.0997023458642,-0.04148303279679236,0.14376319035845578,-1.1013548337747314,-0.042721092857475516,0.1434001573817975,-1.1013548337747314,-1.4467010311811152e-17,1.1122222042762347e-19,5.59424724520565e-19,-1.4467431521957795e-17,-1.3524120268166308e-20,5.59424724520565e-19,-1587.8127492422154,-6.469012685454916,103.99834751208947,-1678709.741140917,191.12321848957228,123653.14198389836,0.010009085765700958,4581.45244714052
121.86012422829087,2001.0,12.0,14.0,14.0,23.0,29.0,1.0,3514758.6476685265,14576.192268221519,-231678.3988702339,175.07771122491874,-287.25093956838293,4565.830663110528,3522416.1732033887,4578.2065212756615,3514753.4333425653,-15783.521418717879,-231678.3988702339,3522416.173203388,171.4712405838716,-537.8864976025039,4565.830663110528,4600.601473160958,12756207.637403227,0.7241186766404561,1.633626707502192,1.6049041769309372e-07,6.348751602413792e-06,6.217228543252591,-0.06582009474823272,-0.004490618082580968,126216.17320338823,-0.027699548801650226,-0.027564677826620445,2587.8564671278,-16088354530.772306,-1012169690.2795779,-196681568.6039099,-16087495181.699253,-1887831994.1985586,16120162498.863005,16199076964.412043,-0.997824578504063,0.004480879215463029,0.06577257980834753,0.004490602989890191,0.999989917191562,0.0,0.06577191663602484,-0.00029535854354015664,0.9978346394795856,4567.380855163411,-537.1110649303412,-0.1170595369775077,4.177241409444032e-09,153.18906629539495,0.0,-58.08359944309245,0.49453314769748297,0.0,2.9785139550700376e-17,2.2864282431708145,1.5707963267948966,19.122592189629657,461.0,0.020365582854345015,0.8196250756699377,0.0,0.044353573321852864,-1587.8235098317832,-6.584924624244958,104.66277924669483,-0.04145310101067028,0.14426750032380556,-1.1053787034139066,-0.042697683284040396,0.1439040620526601,-1.1053787034139066,-1.4519523057480442e-17,1.1190217354522471e-19,5.591053101330159e-19,-1.451994797598392e-17,-1.3516207707395407e-20,5.591053101330159e-19,-1587.8662075150673,-6.441020562192298,103.55740054328092,-1678712.0912966914,191.31170292595255,123661.829028538,0.010110716378476244,4581.4454105736895
122.02595270202391,2001.0,12.0,14.0,14.0,23.0,30.0,1.0,3514787.6331788967,14528.557691444774,-230921.25105481225,174.50652495611413,-287.25325257658324,4565.867852460728,3522395.1807718314,4578.221947929394,3514781.8199918815,-15872.718433229018,-230921.25105481225,3522395.1807718314,170.8903390811034,-537.8879108871781,4565.867852460728,4600.616932412887,12756193.688130856,0.7241183750170622,1.633626701673778,1.6049041769309372e-07,6.364697450268128e-06,6.217443978926775,-0.06560507009936176,-0.004515958982337264,126195.18077183142,-0.02760907875983146,-0.027474648768247976,2594.0514401569963,-16088353127.618145,-1012169507.8619473,-196682484.1347677,-16087491531.208128,-1887846156.1444733,16120161087.02369,16199075000.61433,-0.997838584148221,0.004506228750219607,0.06555801924649819,0.004515943632694492,0.9999898030745645,0.0,0.06555735075626423,-0.00029605631958828644,0.9978487591376138,4567.4079339795035,-537.1106949455958,-0.11705876938811549,4.189536976498734e-09,153.12908791951835,0.0,-57.99363187927756,0.46454395975918583,0.0,2.978404896253515e-17,2.2864104325144514,1.5707963267948966,19.126401109421597,461.0,0.020425723049053,0.8230072725570978,0.0,0.04448362624220752,-1587.8649935703427,-6.56352262866236,104.32259615349055,-0.04143276542436617,0.14466870323180184,-1.1086192430029698,-0.04268251010521293,0.14430492395133335,-1.1086192430029698,-1.4561636043888226e-17,1.1244270863304859e-19,5.588896234282404e-19,-1.456206390250513e-17,-1.351061606780938e-20,5.588896234282404e-19,-1587.9076760804478,-6.419217704711027,103.21397691048759,-1678713.927017659,191.50018736233278,123670.60382110332,0.010212347459028555,4581.43830420601
122.17488892906678,2001.0,12.0,14.0,14.0,23.0,30.0,1.0,3514813.585319236,14485.775121520071,-230241.22544298347,173.99351032611386,-287.2553232834153,4565.901148189166,3522376.3852148196,4578.235758174256,3514807.2329013674,-15952.829522261067,-230241.22544298347,3522376.3852148196,170.36859894374277,-537.8891561118596,4565.901148189166,4600.630771840306,12756181.125165762,0.7241181033687152,1.6336266964259267,1.6118070224511593e-07,6.379037258341117e-06,6.217637471252706,-0.06541194692827676,-0.004538718320085768,126176.38521481957,-0.027527823525416092,-0.0273937895969711,2599.6119646281004,-16088351863.91659,-1012169343.595005,-196683301.08824462,-16087488255.36575,-1887858835.186281,16120159815.50148,16199073234.881332,-0.9978511233651169,0.00452899627343151,0.06536531030852392,0.00453870273719616,0.9999897000356871,0.0,0.06536463704816045,-0.00029667371281497394,0.9978614013019396,4567.432177145563,-537.1103634463891,-0.11705808213119238,4.2005458027485366e-09,153.0753863280559,0.0,-57.91307949208388,0.4376931640279602,0.0,2.978307234810221e-17,2.2863944831903917,1.5707963267948966,19.12981330304757,461.0,0.020479570469462416,0.8260534135135886,0.0,0.044600066518614034,-1587.902136968351,-6.544299637164262,104.01704813768079,-0.04141345786166811,0.14502779857233297,-1.1115205903246843,-0.04266783642692362,0.1446637224235663,-1.1115205903246843,-1.4599338672491622e-17,1.1292831078002608e-19,5.586822652101996e-19,-1.4599769179178458e-17,-1.350526548690642e-20,5.586822652101996e-19,-1587.944804804778,-6.399635914740696,102.9055275473561,-1678715.580304345,191.68867179871305,123679.46636159428,0.01031397901201124,4581.431128034863
122.44545186490544,2001.0,12.0,14.0,14.0,23.0,30.0,1.0,3514860.5354339103,14408.053970744928,-229005.85366799036,173.0615187789129,-287.259068819089,4565.961379459817,3522342.3820781796,4578.260737509329,3514853.20010504,-16098.362691322238,-229005.85366799036,3522342.3820781796,169.42075651216405,-537.8913598955828,4565.961379459817,4600.655803959482,12756158.21915084,0.7241176080709307,1.6336266868607712,1.625524776374657e-07,6.4051077504831165e-06,6.217988981654438,-0.06506110714507386,-0.0045800632941581125,126142.38207817962,-0.02738020993158277,-0.027246895507674743,2609.704806536436,-16088349559.823732,-1012169044.1405354,-196684772.37463832,-16087482311.124504,-1887881770.85207,16120157497.152554,16199070022.416206,-0.9978738063593008,0.004570357150182605,0.06501521681514591,0.004580047281525723,0.9999895115284455,0.0,0.06501453490489373,-0.00029777276703201453,0.997884272640109,4567.476031131561,-537.1097631620576,-0.11705683881989717,4.220353098183076e-09,152.97823450908461,0.0,-57.77823450908462,0.38911725454231066,0.0,2.978130517247157e-17,2.2863656230221885,1.5707963267948966,19.135990838651544,461.0,0.020576457783103106,0.8316076160176599,0.0,0.044809585045260454,-1587.9693355939703,-6.509375737806167,103.46193529735469,-0.041374800213526325,0.1456760976139948,-1.1167408146617723,-0.042637581269034074,0.14531151424535454,-1.1167408146617723,-1.4667169300507126e-17,1.1380788952603387e-19,5.582587119098935e-19,-1.4667604624679653e-17,-1.3494426004270115e-20,5.582587119098935e-19,-1588.0119731752393,-6.3640642235608125,102.34519448269292,-1678718.594745174,191.87715623509328,123688.41665001091,0.01041561104207783,4581.423882057653
122.65714067242143,2001.0,12.0,14.0,14.0,23.0,30.0,1.0,3514897.0934371343,14347.244132155396,-228039.28578120546,172.33229990638486,-287.26198477510655,4566.008275200884,3522315.905299609,4578.280183506784,3514888.986087,-16212.228449632226,-228039.28578120546,3522315.905299609,168.6791360571477,-537.8930316696584,4566.008275200884,4600.675291048338,12756140.223816244,0.7241172189550181,1.633626679348378,1.625524776374657e-07,6.425459497241619e-06,6.218264008569635,-0.06478660492396211,-0.004612411244139385,126115.90529960906,-0.0272647147095278,-0.02713196322866712,2617.593542046845,-16088347749.701174,-1012168808.919617,-196685912.02910417,-16087477666.59835,-1887899628.020183,16120155675.832396,16199067504.852562,-0.9978914670312692,0.004602718462940709,0.06474129291983774,0.004612394889824544,0.9999893628501156,0.0,0.06474060425700125,-0.0002986124086240935,0.997902081865284,4567.510174364734,-537.1092952356888,-0.11705587071390322,4.235482685937677e-09,152.90258657031163,0.0,-57.70258657031162,0.3512932851558084,0.0,2.9779928811886755e-17,2.2863431453480416,1.5707963267948966,19.140805055232924,461.0,0.020650470784870253,0.8359712459223341,0.0,0.04496968068087034,-1588.0216623377078,-6.482048797175642,103.02757550448052,-0.04133944907066545,0.1461778532066097,-1.1207286972000645,-0.042608774179418475,0.14581291842798635,-1.1207286972000645,-1.4718982397484863e-17,1.14488536785066e-19,5.578605359877258e-19,-1.4719421476896788e-17,-1.3484361091743141e-20,5.578605359877258e-19,-1588.0642711118871,-6.336235878747655,101.90684680728046,-1678720.962946076,192.06564067147355,123697.45468635317,0.010517243553882128,4581.41656627181
122.92770360826009,2001.0,12.0,14.0,14.0,23.0,30.0,1.0,3514943.5940803722,14269.52118406117,-226803.8851009041,171.4002384341545,-287.2656931025025,4566.0679203640975,3522282.227632864,4578.304912688435,3514934.496175225,-16357.762649131166,-226803.8851009041,3522282.227632864,167.73122414049465,-537.8951013293796,4566.0679203640975,4600.700072485048,12756117.130601374,0.7241167196042931,1.6336266697102169,1.639127731323244e-07,6.451445649644493e-06,6.21861553095955,-0.06443575315805639,-0.004653755163200975,126082.22763286438,-0.02711709564356398,-0.026985063671658302,2627.665646068752,-16088345426.803759,-1012168507.1029886,-196687354.03937563,-16087471738.45463,-1887922339.432966,16120153338.567701,16199064281.94374,-0.9979139288158129,0.00464408062499987,0.06439117323466914,0.004653738365150863,0.999989171300984,0.0,0.0643904759620349,-0.0002996596732592552,0.9979247350424093,4567.5535984414,-537.1086993924088,-0.11705463932057181,4.254727066934635e-09,152.80636466532684,0.0,-57.60636466532683,0.3031823326634136,0.0,2.9778177695902483e-17,2.286314547453767,1.5707963267948966,19.14693370681071,461.0,0.020744615589701365,0.8415712453074479,0.0,0.045173311838253426,-1588.0882229982728,-6.4471186901537925,102.472363842651,-0.04129146949418679,0.14681584605619097,-1.1258009975696,-0.04256915185717294,0.14645048793481527,-1.1258009975696,-1.4784878920843427e-17,1.1535878065694093e-19,5.573150807930617e-19,-1.4785322820105953e-17,-1.3470617249714158e-20,5.573150807930617e-19,-1588.13079215013,-6.3006682022189775,101.34656284508141,-1678724.0020420272,192.25412510785378,123706.58047062109,0.010618876552078134,4581.409180674798
123.14856441046457,2001.0,12.0,14.0,14.0,23.0,31.0,1.0,3514981.3656516504,14206.07511980469,-225795.41432330094,170.6393668232571,-287.2687047357,4566.116364967729,3522254.8718935833,4578.324995088977,3514971.455976251,-16476.56277404334,-225795.41432330094,3522254.871893584,166.95741398219002,-537.8967350068185,4566.116364967729,4600.720197321363,12756098.201638993,0.724116310296172,1.6336266618120636,1.639127731323244e-07,6.472629447774013e-06,6.218902483998403,-0.06414934755377712,-0.004687503811078361,126054.8718935838,-0.026996591789633078,-0.02686514715545502,2635.878585703671,-16088343522.79034,-1012168259.7443585,-196688519.0649928,-16087466905.99206,-1887940785.4997191,16120151422.779837,16199061646.727411,-0.9979321723775721,0.004677845122884435,0.06410535936086649,0.004687486644917655,0.9999890136741272,0.0,0.06410465507849836,-0.00030049301587170866,0.997943136106068,4567.588866729391,-537.1082148496903,-0.11705363908953656,4.2707178909009215e-09,152.7641027051197,0.0,-57.52820541023941,0.3,0.0,2.977739744595022e-17,2.2863018050050417,1.5707963267948966,19.149665774918827,461.0,0.020822846621300968,0.8461615550092092,0.0,0.045343224467367216,-1588.1422911337743,-6.418602644455965,102.01910318361706,-0.04125453345715812,0.1473480916955516,-1.1300387555349949,-0.042539155869846426,0.14698236926573668,-1.1300387555349949,-1.484019549572277e-17,1.1608308812684207e-19,5.569100705796013e-19,-1.4840643397281433e-17,-1.3460659213528375e-20,5.569100705796013e-19,-1588.1848302896442,-6.271620275190228,100.88906442808207,-1678726.4931253474,192.44260954423405,123715.79400281467,0.010720510041320155,4581.401725264105
123.42218467786606,2001.0,12.0,14.0,14.0,23.0,31.0,1.0,3515027.927075899,14127.472071530156,-224546.0241627302,169.69670156774976,-287.2724164904466,4566.176078085037,3522221.1501491377,4578.349745036446,3515017.0077506294,-16623.742491823326,-224546.0241627302,3522221.1501491372,165.99871964111426,-537.8986893876815,4566.176078085037,4600.744999567301,12756074.65256435,0.724115801082938,1.6336266519887783,1.6458870496134868e-07,6.498871159481759e-06,6.2192579908253265,-0.06379451893506728,-0.004729313831817512,126021.15014913725,-0.026847299045714104,-0.02671658205534949,2646.0422857552767,-16088341154.065376,-1012167952.0545279,-196689947.39875668,-16087460927.364489,-1887963521.6751873,16120149039.409248,16199058376.463213,-0.9979546592643103,0.00471967596103937,0.06375125654822171,0.004729296202209067,0.9999888168161841,0.0,0.06375054360620123,-0.00030149857547956085,0.9979658196995139,4567.632336962103,-537.1076168533936,-0.11705240610101134,4.2904691983624675e-09,152.71592878448178,0.0,-57.43185756896358,0.3,0.0,2.977650572500466e-17,2.286287242096843,1.5707963267948966,19.152789148937185,461.0,0.020919477602262156,0.851872334663465,0.0,0.045553172480112085,-1588.2089442243562,-6.383271475726032,101.45751651593235,-0.041206322204317324,0.14800553365076105,-1.135275635432986,-0.042499548683447914,0.14763938276271618,-1.135275635432986,-1.4908578832850904e-17,1.1698224672969804e-19,5.563774145552852e-19,-1.490903171984076e-17,-1.3447608039780791e-20,5.563774145552852e-19,-1588.2514437730397,-6.235632092963315,100.32224088049936,-1678729.5922335424,192.63109398061428,123725.09528293391,0.010822144026262649,4581.394200037247
123.56891944776626,2001.0,12.0,14.0,14.0,23.0,31.0,1.0,3515052.79039171,14085.3190744422,-223876.00503109087,169.19116075263364,-287.27439820001354,4566.2079619424785,3522203.1430743258,4578.362958574264,3515041.327813261,-16702.671006761982,-223876.00503109087,3522203.1430743253,165.48458299195465,-537.8997057590555,4566.2079619424785,4600.758241026209,12756061.979119748,0.724115527037582,1.6336266467033944,1.6526187220825896e-07,6.51293260382781e-06,6.219448641820035,-0.06360423165204718,-0.004751735111794194,126003.14307432529,-0.02676723631920985,-0.026636909544568273,2651.4874884039164,-16088339879.290625,-1012167786.4848329,-196690706.56951895,-16087457724.95225,-1887975661.415267,16120147756.753897,16199056620.19468,-0.9979666660410698,0.004742108938152612,0.0635613551907976,0.004751717230253833,0.9999887105279558,0.0,0.06356063761665508,-0.00030202558663839686,0.9979779326850415,4567.655547154211,-537.1072972110204,-0.11705174770110205,4.300599885979224e-09,152.68285768581322,0.0,-57.37428652871983,0.291428842906611,0.0,2.977589799400049e-17,2.286277317096352,1.5707963267948966,19.154918413012638,461.0,0.02096904753512606,0.8549457286743575,0.0,0.04566067933980468,-1588.244537510668,-6.364322931430191,101.15633057980813,-0.041174891486957355,0.14834017906530808,-1.1379564630964232,-0.042472585826614534,0.1479738485925511,-1.1379564630964232,-1.494352125544427e-17,1.174523137397647e-19,5.560149126057887e-19,-1.4943976778616997e-17,-1.3438678265850287e-20,5.560149126057887e-19,-1588.2870100964944,-6.21634908283764,100.0183741167117,-1678731.2600904852,192.81957841699455,123734.48431097879,0.01092377851156038,4581.386604991771
123.62994160689074,2001.0,12.0,14.0,14.0,23.0,31.0,1.0,3515063.108386963,14067.788945311862,-223597.3647585339,168.98091964008606,-287.27522052290396,4566.221192929175,3522195.670339141,4578.368441517615,3515051.4195160684,-16735.494820912405,-223597.3647585339,3522195.6703391406,165.2707671775791,-537.9001219208952,4566.221192929175,4600.7637355553825,12756056.70041078,0.724115412892697,1.6336266445022378,1.6526187220825896e-07,6.518776909934342e-06,6.219527927862078,-0.06352509686569319,-0.00476105933362939,125995.67033914058,-0.026733940607647944,-0.026603776111081615,2653.750389777124,-16088339348.32605,-1012167717.5270705,-196691020.89021295,-16087456394.04258,-1887980699.0477605,16120147222.507221,16199055889.399765,-0.9979716485136715,0.004751438133276962,0.0634823802213704,0.004761041346616793,0.9999886661784202,0.0,0.0634816607233995,-0.0003022422370155926,0.9979829594744739,4567.665178640124,-537.1071645009661,-0.11705147447333558,4.304523071951202e-09,152.66417584785142,0.0,-57.34626377177713,0.2820879239257106,0.0,2.97755570214877e-17,2.2862717485926325,1.5707963267948966,19.156113268558766,461.0,0.020988248005336697,0.8562258727202154,0.0,0.04570218632628323,-1588.2593085733233,-6.356442560056806,101.03107255823156,-0.04115870207978597,0.14846801444247695,-1.138990928889603,-0.042458157316296416,0.14810163721812378,-1.138990928889603,-1.4956960310454717e-17,1.1763953946865214e-19,5.558207411706155e-19,-1.495741690002042e-17,-1.3433865700892742e-20,5.558207411706155e-19,-1588.3017667306397,-6.208340922838682,99.89208162934196,-1678731.9547827356,193.00806285337478,123743.96108694932,0.011025413501868269,4581.378940125251
123.73932956134965,2001.0,12.0,14.0,14.0,23.0,31.0,1.0,3515081.5722509976,14036.364416061297,-223097.87386719536,168.60403780457713,-287.27669196012164,4566.244868868569,3522182.298011934,4578.378252370166,3515069.4771836377,-16794.33465534404,-223097.87386719536,3522182.2980119344,164.8874773864202,-537.9008583528151,4566.244868868569,4600.77356713891,12756047.225713506,0.724115208014914,1.6336266405518547,1.659323085197815e-07,6.529276676840463e-06,6.219670056382423,-0.0633832394877527,-0.004777773803727839,125982.29801193438,-0.026674254533934336,-0.02654438093638404,2657.804504916072,-16088338395.305204,-1012167593.7628943,-196691582.29587877,-16087454009.538546,-1887989713.4711568,16120146263.595825,16199054578.762823,-0.9979805642563386,0.0047681616777256125,0.06334080833724054,0.004777755626610588,0.9999885864604517,0.0,0.06334008539441957,-0.0003026269034273138,0.9979919548769844,4567.682413298383,-537.1069269272547,-0.11705098553833795,4.3115435437344486e-09,152.63074502983596,0.0,-57.29611754475394,0.26537251491797986,0.0,2.977494681266385e-17,2.286261783126275,1.5707963267948966,19.158251982149896,461.0,0.02102260722222694,0.8585236146747971,0.0,0.0457764616686371,-1588.2857414879143,-6.342315820022907,100.80652887739964,-0.04112932133401015,0.1486967375299335,-1.1408420699129258,-0.04243193212129458,0.14833027998994694,-1.1408420699129258,-1.4981008354245443e-17,1.1797518844099637e-19,5.55467973045799e-19,-1.4981466858123677e-17,-1.3425125750159312e-20,5.55467973045799e-19,-1588.3281734200355,-6.193985540032959,99.66568680748672,-1678733.20167974,193.19654728975502,123753.5256108455,0.011127049001841473,4581.371205435289
123.9424849732733,2001.0,12.0,14.0,14.0,23.0,31.0,1.0,3515115.75397359,13978.002324502528,-222170.21205479067,167.9040759097987,-287.2794156772238,4566.288697314489,3522157.542119145,4578.396412347998,3515102.902658014,-16903.612262128947,-222170.21205479067,3522157.542119145,164.17561474449275,-537.9021934343406,4566.288697314489,4600.791765489964,12756029.588652384,0.7241148266355519,1.6336266331998188,1.659323085197815e-07,6.548700096261004e-06,6.219934020457574,-0.0631197789879643,-0.004808815682781883,125957.54211914493,-0.02656340420399495,-0.02643407086540366,2665.3254263699055,-16088336621.271446,-1012167363.4026977,-196692617.99639046,-16087449585.446651,-1888006400.5526254,16120144478.598465,16199052142.603579,-0.9979970687350668,0.004799220949088695,0.06307787468277741,0.0048087971490600135,0.9999884376681458,0.0,0.06307714535545768,-0.0003033287039433048,0.9980086080417863,4567.714317014017,-537.1064868025466,-0.11705008038809374,4.324540387448914e-09,152.5688552978623,0.0,-57.20328294679347,0.23442764893115753,0.0,2.9773816995676186e-17,2.286243331814624,1.5707963267948966,19.16221316745679,461.0,0.021086216747084736,0.8628009310007689,0.0,0.04591396367846282,-1588.3346773743644,-6.316078151147464,100.38948267559424,-0.04107353331422257,0.14912004532868622,-1.1442689880306869,-0.04238200107941236,0.1487534505221599,-1.1442689880306869,-1.502552489231905e-17,1.185986509801668e-19,5.547968529069368e-19,-1.502598696064821e-17,-1.3408510121928247e-20,5.547968529069368e-19,-1588.3770593754439,-6.167324700625304,99.24521368756355,-1678735.5227718856,193.38503172613528,123763.17788266735,0.01122868501613543,4581.363400919515
124.16835127596433,2001.0,12.0,14.0,14.0,23.0,32.0,1.0,3515153.5899582356,13913.11524434387,-221138.83582694782,167.12583953352083,-287.282430087883,4566.337207843177,3522130.139628996,4578.416509734561,3515139.8950147033,-17025.10640476411,-221138.83582694782,3522130.139628996,163.38414740368538,-537.9036279815466,4566.337207843177,4600.811905343617,12756009.918043895,0.7241144012813299,1.633626625002477,1.666000468656266e-07,6.57028004137193e-06,6.220227497607412,-0.06282686172359934,-0.004843327375032922,125930.13962899568,-0.026440159862436682,-0.026311427180335686,2673.6740865558386,-16088334642.700851,-1012167106.5210853,-196693758.92249438,-16087444673.529026,-1888024869.8966825,16120142487.802605,16199049431.000725,-0.9980153360786864,0.004833752794426116,0.06278553802962021,0.004843308439404787,0.999988271112897,0.0,0.06278480162513296,-0.00030408972621142976,0.9980270418251858,4567.749627770397,-537.1059991506365,-0.11704907847663523,4.338916222602599e-09,152.50019946999382,0.0,-57.10039893998763,0.20019946999381252,0.0,2.9772563484269365e-17,2.286222860419807,1.5707963267948966,19.16661001222913,461.0,0.021156577151124144,0.8675715585430163,0.0,0.04606605125214855,-1588.388846731486,-6.286905112919457,99.92577889345722,-0.041009551544350535,0.1495880278498518,-1.148059397686085,-0.042324522138342084,0.14922129948381288,-1.148059397686085,-1.5074758262093623e-17,1.1929164712292626e-19,5.540250613182545e-19,-1.5075224306160725e-17,-1.3389420233251844e-20,5.540250613182545e-19,-1588.4311712536244,-6.137683813435644,98.77771949577114,-1678738.111492766,193.57351616251552,123772.91790241483,0.011330321549405706,4581.35552657559
124.2522046178503,2001.0,12.0,14.0,14.0,23.0,32.0,1.0,3515167.5919046057,13889.025605736544,-220755.9324390322,166.83691089530885,-287.28354549501614,4566.355159158179,3522119.9987955736,4578.423946067009,3515153.5830017417,-17070.211443403194,-220755.9324390322,3522119.9987955736,163.0903067894932,-537.9041472147217,4566.355159158179,4600.819357389509,12756002.598134039,0.7241142429961994,1.6336266219526399,1.666000468656266e-07,6.57826777504387e-06,6.2203364527775244,-0.06271811441570607,-0.004856139811916591,125919.9987955736,-0.026394404613532384,-0.02626589492683547,2676.7702916935086,-16088333906.42917,-1012167010.93894,-196694179.6737135,-16087442851.720444,-1888031704.3720589,16120141746.982212,16199048423.422987,-0.9980220958410803,0.004846572930292135,0.0626770049045808,0.004856120725614945,0.999988208976235,0.0,0.06267626587852644,-0.00030436710253660436,0.9980338636820852,4567.76269419654,-537.1058185551911,-0.11704870770107276,4.3450007226558405e-09,152.48571256510513,0.0,-57.07142513021029,0.18571256510514159,0.0,2.977229514999297e-17,2.286218478188513,1.5707963267948966,19.167551498577662,461.0,0.021186345322665116,0.8693468609789744,0.0,0.04613043667825018,-1588.4088936645785,-6.276073962247002,99.75361835461857,-0.040992526197491386,0.14978999724848502,-1.1496653482448003,-0.04231016316104731,0.14942315942663884,-1.1496653482448003,-1.5095727333731645e-17,1.1957075073813112e-19,5.538329058924256e-19,-1.5096194942801146e-17,-1.3384608693343661e-20,5.538329058924256e-19,-1588.4512038277396,-6.126650802820364,98.60395300637377,-1678739.0748205427,193.76200059889578,123782.74567008798,0.011431958606308183,4581.347582401205
124.41134143379553,2001.0,12.0,14.0,14.0,23.0,32.0,1.0,3515194.0981692113,13843.308048901552,-220029.25451252502,166.28857231252448,-287.285656795943,4566.389140241884,3522100.801769127,4578.438021640287,3515179.4923019707,-17155.811873888317,-220029.25451252502,3522100.8017691276,162.5326463334292,-537.9051127343704,4566.389140241884,4600.83346270531,12755988.678429443,0.7241139419968702,1.6336266161536988,1.666000468656266e-07,6.593439699020125e-06,6.220543229542621,-0.06251173213365561,-0.004880455095029471,125900.8017691276,-0.026307569551243398,-0.026179483065719714,2682.6425746530294,-16088332506.322126,-1012166829.1892986,-196694973.98637563,-16087439396.655392,-1888044641.584377,16120140338.225952,16199046509.670467,-0.9980348917147175,0.004870903145438389,0.06247102706487157,0.0048804357205877984,0.9999880906026717,0.0,0.06247028307258875,-0.00030488583198920634,0.9980467778503471,4567.7874279020425,-537.1054764757306,-0.1170480058091992,4.356518938523436e-09,152.45828824161086,0.0,-57.01657648322173,0.15828824161086738,0.0,2.9771787154954397e-17,2.2862101819999476,1.5707963267948966,19.169334128279477,461.0,0.021242698474949126,0.8727228685296696,0.0,0.04625231934984331,-1588.4468440831592,-6.255517723303301,99.42687805444947,-0.04095937303422274,0.15017226973444245,-1.152705448937132,-0.04228206782918511,0.14980523214039937,-1.152705448937132,-1.5135421336145586e-17,1.201004929571868e-19,5.534572017068013e-19,-1.513589192134934e-17,-1.3375211827732408e-20,5.534572017068013e-19,-1588.4891261509883,-6.105712491162902,98.27417260551235,-1678740.9067092836,193.95048503527602,123792.6611856868,0.011533596191498824,4581.339568394074
124.67693428478714,2001.0,12.0,14.0,14.0,23.0,32.0,1.0,3515238.1416927404,13767.0065661051,-218816.44669865817,165.37338851663839,-287.2891643730502,4566.445599734022,3522068.903446815,4578.461404983758,3515222.5362124094,-17298.67583415422,-218816.44669865817,3522068.9034468145,161.60190492169957,-537.9066661495351,4566.445599734022,4600.856895459002,12755965.365412032,0.7241134378745046,1.633626606443546,1.6726511955740805e-07,6.618732823964811e-06,6.220888336516985,-0.062167283546386023,-0.00492103587109763,125868.90344681451,-0.02616264310349785,-0.026035262925282732,2692.4321624338627,-16088330161.403742,-1012166524.8247489,-196696287.48646146,-16087433637.187725,-1888066136.2603083,16120137978.823767,16199043311.11325,-0.9980561518181245,0.004911509771210085,0.06212724756307779,0.004921016009333684,0.9999878917274128,0.0,0.0621264953094292,-0.00030572917987374293,0.9980682367003951,4567.828521466817,-537.1049074677363,-0.11704683953131458,4.375657931911292e-09,152.41271920973503,0.0,-56.92543841947004,0.11271920973501921,0.0,2.977094297819364e-17,2.286196395547211,1.5707963267948966,19.172297227418746,461.0,0.021336338621604264,0.8783772201420972,0.0,0.04645483823304276,-1588.5099056746958,-6.221207616737921,98.88152070914231,-0.040901592898522805,0.15080727869754562,-1.1577568747104428,-0.04223272190502525,0.1504399309036284,-1.1577568747104428,-1.5201374143757106e-17,1.2098477167759853e-19,5.527981002632294e-19,-1.520184971367215e-17,-1.3358757085343624e-20,5.527981002632294e-19,-1588.5521383966009,-6.0707676858342925,97.72376383443186,-1678743.974804476,194.13896947165628,123802.66444921125,0.011635234309633927,4581.33148455195
124.97693428478712,2001.0,12.0,14.0,14.0,23.0,32.0,1.0,3515287.598642218,13680.819225502115,-217446.50350002115,164.33960052119463,-287.29310213777757,4566.508992070316,3522033.0844367202,4578.487654836962,3515270.859080886,-17460.048086409493,-217446.50350002115,3522033.08443672,160.55054416497296,-537.9083335682855,4566.508992070316,4600.8832007792735,12755938.910064373,0.7241128657987109,1.6336265954276912,1.6792755826688794e-07,6.647287589012083e-06,6.221278159044941,-0.06177820471309131,-0.004966873167758656,125833.08443671977,-0.02599893825571434,-0.02587235588854482,2703.4726096764207,-16088327500.43288,-1012166179.4867033,-196697752.9265158,-16087427142.01931,-1888090269.627935,16120135301.420052,16199039691.35361,-0.9980800221935123,0.004957377647462356,0.061738915645307584,0.004966852745798507,0.999987665110826,0.0,0.06173815410262538,-0.0003066481026955184,0.998092333551832,4567.874658887717,-537.1042676174799,-0.1170455299118804,4.397149337968138e-09,152.3230983906279,0.0,-56.82309839062792,0.1,0.0,2.976930589774214e-17,2.2861696599945174,1.5707963267948966,19.178046154039386,461.0,0.021441484124977813,0.8847939099840647,0.0,0.046683014281455014,-1588.5807214235883,-6.1824488224827645,98.26545160473455,-0.040833404413197674,0.15152057144902312,-1.1634427201309048,-0.04217405388226532,0.15115290161735584,-1.1634427201309048,-1.5275326834073763e-17,1.219826343813718e-19,5.520052388617525e-19,-1.5275808054361116e-17,-1.3339309602175979e-20,5.520052388617525e-19,-1588.6228954774706,-6.031295920865409,97.10200888460365,-1678747.4564576708,194.32745390803652,123812.75546066136,0.011736872965369903,4581.323330872608
125.2769342847871,2001.0,12.0,14.0,14.0,23.0,33.0,1.0,3515336.7454484394,13594.630707404012,-216076.5413440821,163.30576662377047,-287.29701421602056,4566.571979782181,3521997.490005255,4578.513732022846,3515318.8665343295,-17621.42082502733,-216076.5413440821,3521997.490005255,159.49913785054767,-537.9099084398796,4566.571979782181,4600.909333067173,12755912.32565528,0.7241122909283829,1.6336265843615505,1.6858739404357632e-07,6.675819998671964e-06,6.2216679894533335,-0.06138911801789601,-0.005012709771470223,125797.49000525475,-0.0258352298239714,-0.025709445270719614,2714.4936382696033,-16088324826.497137,-1012165832.5208393,-196699199.15392107,-16087420657.969437,-1888114248.2051687,16120132610.974827,16199036064.398552,-0.9981037398550459,0.0050032462757379865,0.06135056653426511,0.005012688778886933,0.999987436396681,0.0,0.06134979575008377,-0.0003075312964446669,0.9981162797920514,4567.920499523772,-537.103630814623,-0.11704422851181316,4.418505996847157e-09,152.22140001501353,0.0,-56.72140001501354,0.1,0.0,2.9767452100195584e-17,2.2861393851830725,1.5707963267948966,19.184560428617758,461.0,0.021545971240620996,0.8912420447804933,0.0,0.04691001478998923,-1588.6510964489812,-6.143685951879214,97.64931759884354,-0.04076158870345122,0.15222927400079983,-1.169097420025736,-0.042111748359352906,0.15186131708423461,-1.169097420025736,-1.534877535046698e-17,1.2298028931335971e-19,5.511616543314258e-19,-1.53492622468271e-17,-1.331873832616896e-20,5.511616543314258e-19,-1588.6932081973405,-5.9918246347949795,96.4802201788178,-1678750.9551105313,194.51593834441678,123822.93422003712,0.011838512163363443,4581.315107353856
125.57693428478709,2001.0,12.0,14.0,14.0,23.0,33.0,1.0,3515385.582097636,13508.441019538317,-214706.56035257547,162.271887114723,-287.3009006111646,4566.634562854005,3521962.1201621615,4578.539636553619,3515366.5585590755,-17782.79402222145,-214706.56035257547,3521962.1201621615,158.44768627377843,-537.9113907664109,4566.634562854005,4600.935292335087,12755885.613120716,0.724111713283722,1.6336265732460733,1.6924465733171346e-07,6.704313778555392e-06,6.22205782769533,-0.06100002351083034,-0.005058545686521841,125762.12016216153,-0.025671517831728923,-0.0255465310952324,2725.493678174913,-16088322139.690033,-1012165483.9483724,-196700626.29191625,-16087414185.132679,-1888138071.99994,16120129907.582766,16199032430.343716,-0.9981273047869172,0.005049115639381913,0.060962200338114295,0.00505852411279259,0.9999872055850516,0.0,0.060961420362427,-0.0003083787603792438,0.9981400754052187,4567.9660433714425,-537.1029970632399,-0.11704293533158894,4.4397279027030795e-09,152.16017166023076,0.0,-56.580514980692286,0.06017166023076241,0.0,2.97663236154744e-17,2.2861209556289848,1.5707963267948966,19.18852818230206,461.0,0.021649809978710945,0.897721428181152,0.0,0.047134672681286356,-1588.7210306693003,-6.104919030387122,97.03311909564805,-0.040685165636529595,0.15292227400471456,-1.1747008633887621,-0.042044726039875704,0.15255407435357682,-1.1747008633887621,-1.5421825845466893e-17,1.2397911623640672e-19,5.502666487021871e-19,-1.542231845184871e-17,-1.329657625857946e-20,5.502666487021871e-19,-1588.7630753953401,-5.952364956033545,95.85841823225928,-1678754.4706400912,194.70442278079702,123833.20072733852,0.01194015190827139,4581.306813993527
125.87693428478707,2001.0,12.0,14.0,14.0,23.0,33.0,1.0,3515434.108576176,13422.250169605319,-213336.56064683912,161.23796228374343,-287.3047613291581,4566.696741275157,3521926.974917142,4578.565368446427,3515413.9351415974,-17944.16765023284,-213336.56064683912,3521926.974917142,157.39618972932902,-537.9127805525638,4566.696741275157,4600.961078600453,12755858.77356581,0.7241111328885859,1.633626562082698,1.698993779866605e-07,6.732703459427851e-06,6.222447673724084,-0.06061092124181432,-0.005104380917210692,125726.97491714172,-0.025507802302552656,-0.0253836133856411,2736.4706929549575,-16088319440.121681,-1012165133.7994698,-196702034.4642753,-16087407723.620182,-1888161741.029236,16120127191.355656,16199028789.302254,-0.9981507169734267,0.005094985721745409,0.06057381716492237,0.005104358751716785,0.9999869726760113,0.0,0.06057302805018093,-0.00030919049377066394,0.9981637203756057,4568.011290432057,-537.1023663699622,-0.11704165037211552,4.460815049714969e-09,152.1099641673453,0.0,-56.42989250203593,0.009964167345311243,0.0,2.976539277481018e-17,2.286105753847297,1.5707963267948966,19.19180229610923,461.0,0.021752994646630924,0.9042318652306066,0.0,0.04735765296585265,-1588.7905240034686,-6.066148083461023,96.4168564992589,-0.04060472605288845,0.15360755494296863,-1.1802644234866522,-0.04197364797309625,0.1532391516200016,-1.1802644234866522,-1.549442553246397e-17,1.2497832999207172e-19,5.493214121190104e-19,-1.5494923878113523e-17,-1.3273112157308271e-20,5.493214121190104e-19,-1588.8324976514416,-5.912908931841021,95.23659207577225,-1678758.0029011127,194.89290721717728,123843.5549825656,0.012041792204750781,4581.298450789493
126.15234189749341,2001.0,12.0,14.0,14.0,23.0,34.0,1.0,3515478.38402964,13343.123765730154,-212078.8497802831,160.28875339806316,-287.3082829556309,4566.753466351349,3521894.908434322,4578.5888389713355,3515457.150320351,-18092.31309123016,-212078.8497802831,3521894.908434322,156.43084988101555,-537.9139749335892,4566.753466351349,4600.9845987196495,12755834.022237202,0.7241105976472483,1.6336265517918147,1.7055158529072421e-07,6.7587731524882285e-06,6.222805569085254,-0.06025370869428227,-0.0051464582232508445,125694.9084343221,-0.025357504198639552,-0.025234047702813973,2746.5275249257684,-16088316950.603973,-1012164810.9580368,-196703310.60834485,-16087401801.748016,-1888183333.5243537,16120124686.479332,16199025440.571688,-0.9981720754646727,0.00513709623984016,0.0602172567024619,0.00514643550507119,0.9999867570131077,0.0,0.06021645924612069,-0.000309904227911536,0.9981852944194428,4568.052567062713,-537.1017900659539,-0.11704047798370174,4.480413390344995e-09,152.02830981234885,0.0,-56.328309812348856,-0.03584509382557088,0.0,2.9763900471312617e-17,2.286081382681691,1.5707963267948966,19.19705369444842,461.0,0.021848884076680522,0.9102359936777681,0.0,0.04756499318588957,-1588.853932423399,-6.030551848164548,95.85105571634574,-0.04053059488119856,0.15425353854190027,-1.185431057607161,-0.04190828751425302,0.1538849528438179,-1.185431057607161,-1.556159853556435e-17,1.2590325290371496e-19,5.484434240616928e-19,-1.556210220415498e-17,-1.3251362378762893e-20,5.484434240616928e-19,-1588.8958407109133,-5.876666895320731,94.66562465873858,-1678761.2603510693,195.08139165355752,123853.99698571832,0.012143433057458852,4581.290017739646
126.37856473561249,2001.0,12.0,14.0,14.0,23.0,34.0,1.0,3515514.5568117267,13278.127744903815,-211045.7406042779,159.50903455875888,-287.31115946041757,4566.799805774624,3521868.7102813427,4578.608009043742,3515492.448857834,-18214.001622666503,-211045.7406042779,3521868.710281343,155.63788112115253,-537.9148976583043,4566.799805774624,4601.003809299202,12755813.610496353,0.7241101562460451,1.6336265433073507,1.7120130796843874e-07,6.780126591916279e-06,6.223099553117952,-0.05996028554934625,-0.0051810205581966084,125668.7102813432,-0.025234045483082397,-0.02511119060773513,2754.7742797657847,-16088314897.57718,-1012164544.7548907,-196704347.03114325,-16087396944.533407,-1888200972.2266142,16120122620.78891,16199022685.416588,-0.9981895232480146,0.005171686715491301,0.05992436344608047,0.005180997379227674,0.9999865785430104,0.0,0.05992355917381385,-0.00031046796996602957,0.9982029205855801,4568.08628497923,-537.101318602444,-0.11703952015254569,4.496506541460611e-09,151.95345794669484,0.0,-56.25345794669483,-0.07327102665258427,0.0,2.9762534966014296e-17,2.2860590822878257,1.5707963267948966,19.201861494452817,461.0,0.021927622646828942,0.9151876055043672,0.0,0.04773527025592343,-1588.9057387467344,-6.001310201606369,95.38626080624435,-0.04046797318050396,0.15478589943876345,-1.1896726124083166,-0.041852904728998046,0.15441718131137608,-1.1896726124083166,-1.5616685378285044e-17,1.2666472279645174e-19,5.47698174528022e-19,-1.5617193443317478e-17,-1.3232926531413102e-20,5.47698174528022e-19,-1588.9475916514634,-5.846893020294993,94.19658819383604,-1678763.9466900881,195.26987608993775,123864.52673679669,0.012245074471053054,4581.281514841914
126.63352914788832,2001.0,12.0,14.0,14.0,23.0,34.0,1.0,3515555.1139067207,13204.87321253731,-209881.36254678422,158.63022221043735,-287.3143839108038,4566.8517567156305,3521839.336758102,4578.629496958366,3515532.0170427607,-18351.150904356127,-209881.36254678422,3521839.3367581023,154.74413570288718,-537.9158745258434,4566.8517567156305,4601.025342618532,12755790.518248267,0.7241096568766505,1.6336265337108185,1.7120130796843874e-07,6.804171089578619e-06,6.223430892991433,-0.05962957784400387,-0.0052199735735430075,125639.33675810182,-0.025094898990850815,-0.024972722173642315,2764.053393818438,-16088312574.954151,-1012164243.6285506,-196705502.4263414,-16087391477.869223,-1888220746.385311,16120120283.841423,16199019575.393568,-0.9982090836315243,0.005210672364528869,0.05959424677787337,0.005219949867827342,0.9999863759688816,0.0,0.059593434864000795,-0.0003110789805914301,0.9982226834484267,4568.124084393326,-537.1007893125204,-0.11703844623072436,4.514702609193135e-09,151.86953359457667,0.0,-56.169533594576656,-0.1,0.0,2.976100360768055e-17,2.286034073308342,1.5707963267948966,19.207256207033137,461.0,0.022016649797944748,0.9207896573010859,0.0,0.04792811226002834,-1588.9638264050018,-5.968350711950442,94.86237083987369,-0.040396515253810515,0.15538833946306216,-1.1944763183391298,-0.041789647854729876,0.1550194820592459,-1.1944763183391298,-1.5679073792340682e-17,1.2752791186601285e-19,5.468474209569973e-19,-1.567958685032129e-17,-1.3212009725555946e-20,5.468474209569973e-19,-1589.0056160528566,-5.813331229891196,93.66789452153456,-1678766.9858144354,195.45836052631802,123875.14423580072,0.012346716450191031,4581.272942094255
126.87219954659679,2001.0,12.0,14.0,14.0,23.0,34.0,1.0,3515592.876071087,13136.299415459183,-208791.38444031496,157.8075431280419,-287.31738547220425,4566.9001226207065,3521811.9874378038,4578.6494985591235,3515568.850045179,-18479.53560366022,-208791.38444031496,3521811.9874378038,153.90747812197037,-537.9167283737029,4566.9001226207065,4601.045386483289,12755768.81670102,0.724109187578646,1.6336265246944637,1.7184857420132772e-07,6.826651138812969e-06,6.22374106290824,-0.05931999971381556,-0.005256436780010777,125611.98743780423,-0.024964642674131836,-0.024843100584197423,2772.724729694426,-16088310392.218359,-1012163960.6739997,-196706571.84507984,-16087386367.785667,-1888239155.467179,16120118087.64614,16199016659.355053,-0.9982272939569479,0.005247166989486141,0.05928521601524086,0.00525641257404104,0.9999861849679982,0.0,0.059284396988084374,-0.0003116275549172513,0.9982410846894784,4568.159273780636,-537.1002958336468,-0.1170374463193484,4.5318936105230556e-09,151.79139267944066,0.0,-56.09139267944066,-0.1,0.0,2.975957745035456e-17,2.286010782391696,1.5707963267948966,19.21228313267172,461.0,0.022100757575817077,0.926054435056732,0.0,0.04811081976445683,-1589.0179130965955,-5.937494988410854,94.37192009180463,-0.04032992191639024,0.15595847735427876,-1.1990276937142044,-0.041730806930981836,0.15558948876237216,-1.1990276937142044,-1.5738189635541467e-17,1.2834408880901815e-19,5.460560345746832e-19,-1.5738707417091738e-17,-1.3192747192555206e-20,5.460560345746832e-19,-1589.0596439035264,-5.781905499648482,93.17289239809043,-1678769.841921473,195.64684496269825,123885.8494827304,0.012448358999530573,4581.2642994946555
127.15175634616627,2001.0,12.0,14.0,14.0,23.0,35.0,1.0,3515636.8575466545,13055.977397661025,-207514.66857679785,156.8438962018975,-287.3208805392675,4566.956448150883,3521780.1337336297,4578.672787552806,3515611.7389424783,-18629.914013932445,-207514.66857679785,3521780.1337336297,152.92745835688405,-537.9176539850276,4566.956448150883,4601.068724687253,12755743.2930434,0.7241086356240716,1.6336265140928887,1.731358474287728e-07,6.852979069006968e-06,6.2241043738368775,-0.0589573819743505,-0.005299145928250429,125580.13373362925,-0.02481206950680165,-0.024691270880851154,2782.862860389054,-16088307825.068232,-1012163627.9303812,-196707809.62273693,-16087380391.195513,-1888260593.5346034,16120115504.668837,16199013237.925455,-0.9982485008839517,0.005289913994199822,0.058923232199847846,0.005299121127445422,0.9999859595590713,0.0,0.05892240489168682,-0.00031224134464758607,0.9982625169298519,4568.200252392068,-537.0997202584368,-0.11703628172875764,4.551915938861611e-09,151.7003820960836,0.0,-56.000382096083584,-0.1,0.0,2.9757916007656625e-17,2.2859836489733243,1.5707963267948966,19.21814282372673,461.0,0.022198720270134746,0.9322465637840117,0.0,0.048323620747100504,-1589.0809101988773,-5.9013502495502905,93.7974005232593,-0.04024878761629489,0.15662229145040774,-1.2043286950816687,-0.04165874177784618,0.15625318018282,-1.2043286950816687,-1.580703584250041e-17,1.2930004004751227e-19,5.450881472024664e-19,-1.580755917903496e-17,-1.3169197261784931e-20,5.450881472024664e-19,-1589.1225689406551,-5.74509706936747,92.59307182817763,-1678773.2010629717,195.83532939907852,123896.64247758573,0.012550002123729672,4581.2555870411325
127.21827007339529,2001.0,12.0,14.0,14.0,23.0,35.0,1.0,3515647.2821935993,13036.86658743266,-207210.9028372657,156.6146142907123,-287.3217088194013,4566.969797666923,3521772.583648793,4578.678306517088,3515621.902962994,-18665.692928996858,-207210.9028372657,3521772.5836487934,152.6942809762483,-537.9178623745494,4566.969797666923,4601.074255313243,12755737.204137305,0.7241085039496808,1.63362651156421,1.7377590819732272e-07,6.8592296460863115e-06,6.224190815782905,-0.058871104960220216,-0.005309307444422958,125572.5836487934,-0.024775768002892197,-0.024655146266429086,2785.2718039005995,-16088307212.652658,-1012163548.5582991,-196708101.7741761,-16087378970.667482,-1888265674.3982825,16120114888.47798,16199012422.993221,-0.9982535270124039,0.005300084683394844,0.0588371048713717,0.005309282500672024,0.9999859056603388,0.0,0.05883627560123096,-0.0003123828112837785,0.9982675969349878,4568.209964283966,-537.0995837035474,-0.11703600569379556,4.555986288773548e-09,151.69072956099174,0.0,-55.9814591219835,-0.10927043900825117,0.0,2.9757736152905523e-17,2.285980711722335,1.5707963267948966,19.218777369504394,461.0,0.022218648634696348,0.9337237723516598,0.0,0.048366703837572265,-1589.0958423924146,-5.892749991400587,93.66069965688466,-0.04022286162516222,0.15675699375463134,-1.2054035476084246,-0.041634768185161444,0.1563879143875074,-1.2054035476084246,-1.5821060535333127e-17,1.2950879634953941e-19,5.447716987057294e-19,-1.5821585121833615e-17,-1.3161442946849783e-20,5.447716987057294e-19,-1589.1374771605997,-5.736362077013079,92.45529610927623,-1678774.0024194308,196.02381383545875,123907.52322036671,0.012651645827446475,4581.246804731735
127.28472689072719,2001.0,12.0,14.0,14.0,23.0,35.0,1.0,3515657.682690199,13017.772073650132,-206907.396117008,156.38552640908534,-287.3225351321955,4566.983115908107,3521765.0510527105,4578.683812304008,3515632.0427973894,-18701.441244909016,-206907.396117008,3521765.051052711,152.46130097690258,-537.9180660442706,4566.983115908107,4601.079772734016,12755731.115038134,0.7241083722709266,1.6336265090355861,1.7377590819732272e-07,6.865474532415883e-06,6.224277184138434,-0.058784901398037076,-0.005319460233843214,125565.05105271097,-0.02473949739165346,-0.024619052393463826,2787.6771600842476,-16088306600.218452,-1012163469.1859391,-196708392.77816373,-16087377551.994947,-1888270743.3224983,16120114272.26851,16199011608.499699,-0.9982585413375353,0.005310246701243986,0.05875105042999962,0.005319435146721605,0.9999858517047728,0.0,0.058750219202793226,-0.0003125224025641534,0.9982726651939197,4568.219653311937,-537.0994474177328,-0.11703573029851677,4.560035059167852e-09,151.6813138158887,0.0,-55.96262763177743,-0.1186861841112855,0.0,2.9757560560742186e-17,2.2859778440846874,1.5707963267948966,19.219396918220575,461.0,0.022238471755260395,0.9352010382777776,0.0,0.048409554554761834,-1589.1107401438942,-5.884156900950927,93.52411271541831,-0.040196685466563326,0.1568909668029768,-1.2064726390972833,-0.04161053849573653,0.15652192202041673,-1.2064726390972833,-1.5835011296081587e-17,1.2971703423159892e-19,5.444519652190083e-19,-1.5835537131357048e-17,-1.315360838240915e-20,5.444519652190083e-19,-1589.1523506823899,-5.72763497893051,92.31764007632103,-1678774.80380206,196.21229827183902,123918.49171107335,0.012753290115339374,4581.237952564542
127.37954684268091,2001.0,12.0,14.0,14.0,23.0,35.0,1.0,3515672.495661715,12990.528108861474,-206474.3540977929,156.05866230023386,-287.3237119300797,4567.002083897652,3521754.322702383,4578.6916532828145,3515646.483410761,-18752.446623563897,-206474.3540977929,3521754.322702383,152.12888366418332,-537.9183487799166,4567.002083897652,4601.087630280966,12755722.418062123,0.7241081841956594,1.633626505424215,1.7377590819732272e-07,6.8743467357528516e-06,6.224400414322699,-0.058661906344078196,-0.005333946080722219,125554.32270238269,-0.024687746541109227,-0.02456755371159714,2791.1063578501344,-16088305725.488516,-1012163355.8232535,-196708806.42968038,-16087375528.978579,-1888277962.4794223,16120113392.146648,16199010445.965248,-0.9982656827444638,0.005324745824170493,0.05862826738560141,0.005333920788091951,0.9999857745433314,0.0,0.05862743337172416,-0.0003127185341778727,0.998279883731693,4568.233452344221,-537.0992532307092,-0.11703533806544547,4.565801547469303e-09,151.66790337797835,0.0,-55.93580675595673,-0.13209662202163414,0.0,2.975731046555275e-17,2.285973759720287,1.5707963267948966,19.220279410159826,461.0,0.022266705197075506,0.9373110154403256,0.0,0.04847058456064305,-1589.1319586183995,-5.871896032009911,93.32922652402446,-0.0401590580453471,0.1570817605368143,-1.2079952928964577,-0.04157568724697981,0.15671276803877834,-1.2079952928964577,-1.5854880415324008e-17,1.3001413926380357e-19,5.439921137570168e-19,-1.5855408034468084e-17,-1.3142342189474432e-20,5.439921137570168e-19,-1589.1735343056464,-5.715183263971133,92.12123123112801,-1678775.9484071024,196.40078270821925,123929.54794970564,0.012854934992066854,4581.229030537661
127.60078495097044,2001.0,12.0,14.0,14.0,23.0,35.0,1.0,3515706.9374194667,12926.960851478982,-205463.95431385815,155.29599158582266,-287.3264477273521,4567.046183751444,3521729.378112195,4578.709881296791,3515680.0543184443,-18871.454731388883,-205463.95431385815,3521729.3781121946,151.35325611822694,-537.9189725347214,4567.046183751444,4601.105896811008,12755702.083282141,0.7241077444471558,1.6336264969813843,1.7441362009524762e-07,6.895100757051825e-06,6.2246879433591795,-0.05837492594492844,-0.00536774484415953,125529.3781121946,-0.024566997848606945,-0.024447393391328412,2799.095235571265,-16088303680.250368,-1012163090.782765,-196709764.51025927,-16087370813.866451,-1888294746.4585078,16120111334.302511,16199007731.456844,-0.9982822860179582,0.005358576058875038,0.05834177821579126,0.005367719067673363,0.9999855936922344,0.0,0.05834093772617869,-0.0003131622753708732,0.9982966677869958,4568.265533687634,-537.0988013496299,-0.11703442608272589,4.579209264695406e-09,151.63672264024322,0.0,-55.87344528048648,-0.16327735975675844,0.0,2.975672893565241e-17,2.285964262616294,1.5707963267948966,19.22233173447417,461.0,0.02233235208616507,0.9422445265483174,0.0,0.048612484127977224,-1589.1812950430544,-5.8432869270961,92.87448550556088,-0.04006998960153755,0.15752529374246754,-1.2115355984571488,-0.04149309153748133,0.15715643668008067,-1.2115355984571488,-1.5901076727100623e-17,1.307073213268188e-19,5.429024860120403e-19,-1.5901608518152927e-17,-1.3115654604955512e-20,5.429024860120403e-19,-1589.2227881345918,-5.686130490416019,91.66294990710374,-1678778.6246643048,196.58926714459952,123940.69193626358,0.012956580462287641,4581.220038649235
127.8542670556741,2001.0,12.0,14.0,14.0,23.0,35.0,1.0,3515746.191421753,12854.128343285016,-204306.28345922826,154.42213766284507,-287.3295651102247,4567.096440512957,3521700.9482028633,4578.730650795362,3515718.3070263765,-19007.807648841175,-204306.28345922826,3521700.9482028633,150.46455725025237,-537.9196253545243,4567.096440512957,4601.126710195687,12755678.712025188,0.7241072390309291,1.633626487279673,1.7504900879369298e-07,6.918793839793086e-06,6.225017382857729,-0.05804611508117174,-0.0054064691166148,125500.94820286334,-0.024428648572222465,-0.024309718240337563,2808.2268873676658,-16088301329.619,-1012162786.1957036,-196710850.1109408,-16087365420.35054,-1888313873.20549,16120108969.184662,16199004617.882607,-0.9983012069268573,0.0053973372323226155,0.05801352427822881,0.005406442778220535,0.999985385081445,0.0,0.058012676415296394,-0.0003136467993731518,0.998315797230926,4568.302092481759,-537.0982856840868,-0.11703338667909932,4.594403986771614e-09,151.6027091510381,0.0,-55.804063726557175,-0.2,0.0,2.9756093468286433e-17,2.285953884646639,1.5707963267948966,19.224574931863685,461.0,0.022406752254010287,0.9479148713648523,0.0,0.048773270052136566,-1589.2375268279543,-5.810505658131792,92.35342796712274,-0.03996498376556537,0.1580281348468655,-1.2155473339745209,-0.04139547069253722,0.1576594632006094,-1.2155473339745209,-1.5953433144473802e-17,1.3149905683078091e-19,5.416154755211024e-19,-1.595396972237247e-17,-1.3084141739419376e-20,5.416154755211024e-19,-1589.2789222986469,-5.652846194931183,91.13788063314821,-1678781.700562302,196.77775158097975,123951.92367074717,0.013058226530660568,4581.210976897436
127.94090959705117,2001.0,12.0,14.0,14.0,23.0,35.0,1.0,3515759.558008233,12829.233333556504,-203910.57787535034,154.1234391954756,-287.3306264616499,4567.113552513588,3521691.267377598,4578.7377217924995,3515731.330498216,-19054.41438130478,-203910.57787535034,3521691.2673775977,150.16078470663646,-537.9198333472792,4567.113552513588,4601.1337961338795,12755670.70517071,0.7241070658776835,1.6336264839564505,1.7504900879369298e-07,6.9268605178563354e-06,6.225129989561869,-0.057933723259005324,-0.0054197053263341285,125491.26737759775,-0.024381358952099176,-0.024262659042966234,2811.342963516712,-16088300524.309069,-1012162681.854648,-196711218.22452274,-16087363578.898779,-1888320385.5797865,16120108158.912289,16199003552.738993,-0.9983076492438192,0.005410586259451844,0.057901321380505584,0.0054196787940197525,0.9999853134330372,0.0,0.0579004710088719,-0.0003138065636316486,0.9983223111712927,4568.314540063086,-537.0981099310583,-0.11703303274689963,4.600489076938557e-09,151.57504965027928,0.0,-55.76257447541893,-0.2,0.0,2.975558831222557e-17,2.2859456348220983,1.5707963267948966,19.226358516897193,461.0,0.022436527067761156,0.9498575304448718,0.0,0.04883790491819524,-1589.256675098359,-5.799300087318798,92.175315650754,-0.03993669496785949,0.15822592175930525,-1.217157899924025,-0.04136994496771294,0.15785724429023218,-1.217157899924025,-1.597433993275245e-17,1.3179496113874842e-19,5.412738318157121e-19,-1.5974878253736218e-17,-1.3075825665274e-20,5.412738318157121e-19,-1589.2980450433267,-5.641442843028566,90.95815775082998,-1678782.7543493677,196.96623601736002,123963.24315315645,0.013159873201844672,4581.201845280464
128.1080029463305,2001.0,12.0,14.0,14.0,23.0,36.0,1.0,3515785.2628821633,12781.222126167375,-203147.44082362248,153.547378005744,-287.33266726492457,4567.1464582531935,3521672.6504676198,4578.751317783562,3515756.372421392,-19144.297240043757,-203147.44082362248,3521672.650467619,149.5749380658873,-537.920212665515,4567.1464582531935,4601.1474208534355,12755655.23378744,0.7241067312984113,1.6336264775363212,1.7504900879369298e-07,6.9424220550054285e-06,6.225347157503797,-0.057716969733546994,-0.005445231693775001,125472.65046761883,-0.02429015837994593,-0.02417190285028507,2817.3457778021693,-16088298968.23809,-1012162480.259828,-196711923.90591037,-16087360030.26489,-1888332908.4590602,16120106593.253796,16199001496.930006,-0.9983200374840513,0.005436137636898681,0.057684930141547346,0.00544520478479743,0.999985174762532,0.0,0.05768407494875967,-0.0003141062576174591,0.9983348380350977,4568.338475725518,-537.0977717021813,-0.11703235211169656,4.612191134639592e-09,151.52185847891096,0.0,-55.68278771836642,-0.2,0.0,2.975461674967608e-17,2.285929768001556,1.5707963267948966,19.22978983317644,461.0,0.022493786835138956,0.9536113037174758,0.0,0.04896220257890326,-1589.2934992516907,-5.777688828741901,91.83180511597187,-0.0398812445612651,0.1586061888416448,-1.2202551347135968,-0.04131981950585321,0.1582375092152004,-1.2202551347135968,-1.6014543421569828e-17,1.323655769445149e-19,5.406032752162531e-19,-1.6015085110501494e-17,-1.3059506064191072e-20,5.406032752162531e-19,-1589.3348190711965,-5.619451319526701,90.61154998125828,-1678784.790551424,197.15472045374025,123974.65038349135,0.013261520480499105,4581.192643796556
128.3771091974073,2001.0,12.0,14.0,14.0,23.0,36.0,1.0,3515826.4586059595,12703.898668911392,-201918.38606116985,152.61959520507125,-287.3359372519443,4567.19918932286,3521642.8141855416,4578.773101675644,3515796.4970162916,-19289.05500750305,-201918.38606116985,3521642.814185541,148.63139591424724,-537.9207631969133,4567.19918932286,4601.169250775411,12755630.234560309,0.7241061906704422,1.6336264671658458,1.7568209949957745e-07,6.967499986664215e-06,6.225696914420803,-0.0573678802693722,-0.005486341854628641,125442.81418554112,-0.02414327636622038,-0.02402573651780212,2826.9946056976914,-16088296453.890116,-1012162154.571103,-196713048.72658545,-16087354322.57798,-1888352975.7484062,16120104063.417435,16198998181.514978,-0.9983398892284874,0.005477288874898029,0.05733641846010667,0.005486314331570271,0.9999849500642773,0.0,0.05733555555069428,-0.0003145656143185935,0.9983549144057776,4568.376830762909,-537.0972289664777,-0.11703126129938159,4.63094536908844e-09,151.4366119586889,0.0,-55.55491793803336,-0.2,0.0,2.9753059373708296e-17,2.2859043341218634,1.5707963267948966,19.235292737574273,461.0,0.022585555786103443,0.9596768777956418,0.0,0.04916140819225982,-1589.3525171270899,-5.742881101920945,91.27853690133665,-0.039789474357002676,0.15921537135610878,-1.225218907690487,-0.04123661474084888,0.15884671337608783,-1.225218907690487,-1.607897053070601e-17,1.3328441827102744e-19,5.394911142985011e-19,-1.607951766126124e-17,-1.3032446202841816e-20,5.394911142985011e-19,-1589.3937537418308,-5.584034388544858,90.05331799364616,-1678788.0807316415,197.34320489012052,123986.1453617519,0.013363168371283256,4581.183372443974
128.6327869668874,2001.0,12.0,14.0,14.0,23.0,36.0,1.0,3515865.3673520014,12630.432862278658,-200750.64838755122,151.7380772609263,-287.33902491116095,4567.248987204462,3521614.634227819,4578.793669783333,3515834.384154341,-19426.589447856793,-200750.64838755122,3521614.634227819,147.73490531451284,-537.9212172532224,4567.248987204462,4601.189862344268,12755606.388965752,0.7241056749877679,1.6336264572775758,1.7631291696726153e-07,6.991265314943106e-06,6.226029223834311,-0.05703620503360464,-0.005525400126007437,125414.63422781881,-0.024003721335989915,-0.023886861458067937,2836.14023385942,-16088294055.580883,-1012161843.9713402,-196714104.125566,-16087348908.2389,-1888371926.2323737,16120101650.338272,16198995026.419378,-0.9983586364001054,0.0055163870739980735,0.057005285710817026,0.005525372010929844,0.9999847350155605,0.0,0.057004415526017684,-0.00031497541014160736,0.9983738765617959,4568.413050464528,-537.0967155833491,-0.11703023104594888,4.648877996402198e-09,151.37804889688402,0.0,-55.45609779376801,-0.22195110311599509,0.0,2.975198261658763e-17,2.2858867493436006,1.5707963267948966,19.239099304604224,461.0,0.02267330748983918,0.9654626681446598,0.0,0.04935148052562981,-1589.4082608027013,-5.709807467382965,90.75283196892882,-0.03970093263313413,0.15980370100201816,-1.2299577171283682,-0.04115631967161393,0.15943507850210065,-1.2299577171283682,-1.614065812767519e-17,1.3416441332495362e-19,5.384243226828399e-19,-1.61412104787494e-17,-1.3006344628317152e-20,5.384243226828399e-19,-1589.449417122373,-5.550372388880864,89.52287425180045,-1678791.2190928217,197.53168932650075,123997.72808793811,0.013464816878856582,4581.174031221017
128.88846473636752,2001.0,12.0,14.0,14.0,23.0,36.0,1.0,3515904.0507099475,12556.966268353353,-199582.89801564714,150.85652852537203,-287.3420938963402,4567.298490871414,3521586.617475255,4578.814112391959,3515872.042076155,-19564.12399594327,-199582.89801564714,3521586.6174752545,146.83838421805788,-537.9216040614874,4567.298490871414,4601.21034814886,12755582.451119838,0.7241051573072187,1.6336264473534658,1.7694148550984163e-07,7.014965957742928e-06,6.226361538545521,-0.056704524528580394,-0.005564457932148578,125386.61747525446,-0.023864163912003362,-0.02374798400645091,2845.2656577527523,-16088291648.00391,-1012161532.2096746,-196715146.64571008,-16087343502.133595,-1888390764.1923368,16120099227.936703,16198991866.250404,-0.9983772725138317,0.005555485671958129,0.05667414142967607,0.005564429216629739,0.9999845184439072,0.0,0.056673264025776514,-0.00031535924839869547,0.9983927291868712,4568.4490543828515,-537.096204402735,-0.11702920676149624,4.6668887659078435e-09,151.33802496464924,0.0,-55.376049929298475,-0.2619750353507632,0.0,2.97512390557679e-17,2.2858746060738797,1.5707963267948966,19.241728860316353,461.0,0.02276144446586858,0.9712710153605106,0.0,0.04954204404614261,-1589.4636836636746,-5.676731097513098,90.22708347577503,-0.03961084017607902,0.16039939239862563,-1.2347109504775022,-0.041074562528832216,0.1600308222011254,-1.2347109504775022,-1.6202682670370103e-17,1.350501834172798e-19,5.373434493203671e-19,-1.6203240286868395e-17,-1.2979782649923777e-20,5.373434493203671e-19,-1589.5047582262034,-5.5167002753119725,88.99237252529753,-1678794.3696071692,197.720173762881,124009.39856204997,0.013566466007878777,4581.16462012601
129.1884647363675,2001.0,12.0,14.0,14.0,23.0,37.0,1.0,3515949.1525080325,12470.76310335383,-198212.6998079,149.8221226465652,-287.3456710848236,4567.356200935038,3521553.9520671084,4578.837938750972,3515915.9357958212,-19725.50053429752,-198212.6998079,3521553.9520671084,145.78641087095664,-537.9219721775569,4567.356200935038,4601.234224853781,12755554.246460062,0.7241045473487697,1.6336264356633936,1.7756782901008428e-07,7.04271820813162e-06,6.226751467371214,-0.05631533990082575,-0.005610285893823034,125353.95206710836,-0.023700410905568632,-0.023585028849310366,2855.9466592743993,-16088288811.300581,-1012161164.9267043,-196716353.5731748,-16087337169.417397,-1888412724.2682602,16120096373.769402,16198988151.840223,-0.9983989976163853,0.005601362581061379,0.056285578044758235,0.005610256462956782,0.9999842623873737,0.0,0.05628469224413452,-0.0003157765279968633,0.9984147102803361,4568.491024505609,-537.0956074161355,-0.11702801252594008,4.687887956858907e-09,151.2827201917382,0.0,-55.282720191738186,-0.3086399041309051,0.0,2.975021671169487e-17,2.2858579099281218,1.5707963267948966,19.245345528396584,461.0,0.02286420649597507,0.9781148676690902,0.0,0.04976422032374935,-1589.5283050651756,-5.637917409699529,89.610140278422,-0.03950157371227455,0.16109349409580587,-1.2402513626579346,-0.04097505957324583,0.16072502188119514,-1.2402513626579346,-1.6274908529929003e-17,1.3608850032136527e-19,5.360263983534921e-19,-1.6275472346485204e-17,-1.2947442638652976e-20,5.360263983534921e-19,-1589.5692801247487,-5.477192387818334,88.36988891576407,-1678798.0817017704,197.90865819926125,124021.15678408749,0.013668115763009617,4581.155139157316
129.4884647363675,2001.0,12.0,14.0,14.0,23.0,37.0,1.0,3515993.9439787283,12384.558868651198,-196842.48434154736,148.78767490945472,-287.34922256383015,4567.413505907958,3521521.5113690863,4578.861592346227,3515959.5139179155,-19886.877169607775,-196842.48434154736,3521521.5113690863,144.73439608057114,-537.9222477079671,4567.413505907958,4601.257928429836,12755525.91628186,0.7241039346718667,1.6336264239243972,1.7819197093101463e-07,7.070440039561173e-06,6.227141403402092,-0.05592614811085955,-0.005656113222952741,125321.5113690868,-0.02353665464754725,-0.023422070443117955,2866.5983131229877,-16088285961.98761,-1012160796.0602684,-196717542.99622464,-16087330848.18844,-1888434529.4198651,16120093506.917917,16198984430.596355,-0.9984205697925699,0.005647240008446297,0.05589699898355001,0.005656083064966523,0.9999840042342488,0.0,0.05589610486824807,-0.0003161580693333081,0.99843654054959,4568.532697538865,-537.095013463111,-0.11702682650785938,4.708742691301341e-09,151.19003248310514,0.0,-55.19003248310515,-0.35498375844742375,0.0,2.974852224165312e-17,2.285830237132293,1.5707963267948966,19.251343020145598,461.0,0.022966256806425705,0.9849894550512222,0.0,0.04998486146692651,-1589.5924846443918,-5.59910000327438,88.99313785904181,-0.03938834935994992,0.1617817668176916,-1.2457474763299068,-0.04087157493818373,0.16141343346211257,-1.2457474763299068,-1.634625823114171e-17,1.3712332737152591e-19,5.346478293277065e-19,-1.6346828261299718e-17,-1.2913622666774422e-20,5.346478293277065e-19,-1589.63335621933,-5.437686569812267,87.7473903827119,-1678801.8103327285,198.0971426356415,124033.00275405066,0.013769766148909032,4581.145588313323
129.78846473636747,2001.0,12.0,14.0,14.0,23.0,37.0,1.0,3516038.4251088547,12298.353572367538,-195472.25174456887,147.7531856194687,-287.35274833444856,4567.470405777192,3521489.2953897556,4578.885073190474,3516002.7764293877,-20048.25387368288,-195472.25174456887,3521489.2953897556,143.68234015737542,-537.922430653043,4567.470405777192,4601.281458889822,12755497.461487688,0.7241033192959893,1.63362641213689,1.788139343261721e-07,7.098037961458509e-06,6.227531346594479,-0.05553694921053385,-0.005701939923712702,125289.29538975563,-0.023372895159989884,-0.023259108809942787,2877.2196478694677,-16088283100.155613,-1012160425.6227475,-196718715.03921652,-16087324538.538162,-1888456179.6471038,16120090627.473463,16198980702.61046,-0.9984419890278948,0.005693117937325421,0.05550840435621263,0.005701909026738141,0.9999837439845963,0.0,0.055507502010736384,-0.00031650387185851956,0.9984582199800988,4568.574073481329,-537.0944225453981,-0.11702564870721249,4.729452963728523e-09,151.09798682787323,0.0,-55.096980241809845,-0.4,0.0,2.9746839066480954e-17,2.285802748795683,1.5707963267948966,19.257304359974714,461.0,0.0230676030198458,0.9918945518497926,0.0,0.050203986479647696,-1589.656222327001,-5.560278903973097,88.37607662618298,-0.03927141148365927,0.16246475338539426,-1.2512058337162233,-0.0407643576022066,0.16209659774892032,-1.2512058337162233,-1.641711037369317e-17,1.3815777159852294e-19,5.332207117092942e-19,-1.6417686643752036e-17,-1.2878642901112874e-20,5.332207117092942e-19,-1589.6969866846032,-5.398182306224176,87.12487079246675,-1678805.5553814862,198.28562707202175,124044.9364719395,0.013871417170237148,4581.135967592456
130.08846473636746,2001.0,12.0,14.0,14.0,23.0,38.0,1.0,3516082.595885985,12212.147222215104,-194102.00213850214,146.71865506630363,-287.3562484015456,4567.526900521684,3521457.3041379163,4578.908381287957,3516045.723317938,-20209.63061874734,-194102.00213850214,3521457.304137917,142.63024339604797,-537.9225210168217,4567.526900521684,4601.304816238274,12755468.882688567,0.7241027012343116,1.6336264003022185,1.794337418495463e-07,7.1255913179189585e-06,6.227921296900716,-0.05514774324986636,-0.005747766000395055,125257.3041379163,-0.023209132466540983,-0.02309614397338513,2887.8088498935103,-16088280225.864788,-1012160053.6396796,-196719869.82549077,-16087318240.527578,-1888477674.9635034,16120087735.497725,16198976967.94557,-0.9984632553080739,0.005738996351027698,0.055119794271088,0.0057477343524679585,0.9999834816384786,0.0,0.05511888378239924,-0.0003168139350328991,0.9984797485575323,4568.615152322885,-537.0938346684808,-0.11702447912499393,4.750018768482376e-09,151.00658325118945,0.0,-54.95987487678416,-0.4,0.0,2.9745167195650755e-17,2.2857754450729875,1.5707963267948966,19.263229441172772,461.0,0.023168245045575426,0.9988299466495835,0.0,0.050422420814241725,-1589.7195180390888,-5.521454137350908,87.75895698556214,-0.039151838636271065,0.16313177320509373,-1.2566487286349195,-0.04065438725332608,0.162763824895753,-1.2566487286349195,-1.6487737002365225e-17,1.391937208321602e-19,5.317573016750159e-19,-1.64883195446371e-17,-1.284309233551497e-20,5.317573016750159e-19,-1589.7601724263423,-5.358690312455155,86.50230825692722,-1678809.3167678528,198.474111508402,124056.95793775396,0.01397306883165417,4581.12627699317
130.38846473636744,2001.0,12.0,14.0,14.0,23.0,38.0,1.0,3516126.456297797,12125.939825897016,-192731.735644776,145.68408353948817,-287.35972276893636,4567.5829901221705,3521425.537622316,4578.931516644464,3516088.354571371,-20371.007377034697,-192731.735644776,3521425.5376223153,141.57810609110805,-537.9225188023192,4567.5829901221705,4601.328000481205,12755440.180546265,0.7241020805011094,1.6336263884214757,1.8005141576520485e-07,7.1530540611897365e-06,6.228311254273135,-0.05475853027884652,-0.005793591457294441,125225.53762231534,-0.02304536659082358,-0.02293317595704279,2898.364353440702,-16088277339.180748,-1012159680.1328484,-196721007.47817755,-16087311954.223083,-1888499015.3789253,16120084831.057552,16198973226.669624,-0.9984843686189235,0.005784875232883471,0.05473116883650178,0.0057935590463547995,0.999983217195957,0.0,0.05473025029402015,-0.0003170882583302868,0.9985011262676624,4568.655934055128,-537.093249836786,-0.1170233177619297,4.7704400999401365e-09,150.91582177804383,0.0,-54.823732667065755,-0.4,0.0,2.974350663858194e-17,2.285748326118037,1.5707963267948966,19.269118157505215,461.0,0.02326818279360013,1.0057954284353923,0.0,0.05063932162517736,-1589.7823717072476,-5.482625728965311,87.14177934294855,-0.03902856940164841,0.16379374391574777,-1.2620533976075,-0.0405407024059224,0.1634260420615738,-1.2620533976075,-1.655786060681035e-17,1.4022918877196634e-19,5.302456115878767e-19,-1.6558449447234717e-17,-1.2806378019714991e-20,5.302456115878767e-19,-1589.8229124096536,-5.319199686903737,85.87972594534105,-1678813.0944049396,198.66259594478225,124069.06715149409,0.014074721137820479,4581.116516513949
130.68846473636742,2001.0,12.0,14.0,14.0,23.0,38.0,1.0,3516170.0063320403,12039.731391124024,-191361.45238494594,144.64947132835792,-287.3631714316045,4567.63867454017,3521393.9958516294,4578.954479245877,3516130.6701775673,-20532.384120770505,-191361.45238494594,3521393.9958516294,140.52592853696382,-537.9224240037486,4567.63867454017,4601.351011604344,12755411.3550267,0.7241014570956067,1.633626376494096,1.8066697795662518e-07,7.180458154492561e-06,6.228701218663518,-0.054369310347502586,-0.005839416298703202,125193.99585162988,-0.02288159755643858,-0.02277020478450622,2908.8860773667693,-16088274440.100489,-1012159305.0929215,-196722128.11833382,-16087305679.622477,-1888520200.872193,16120081914.14936,16198969478.778807,-0.9985053289463596,0.005830754566219694,0.054342528160830295,0.005839383112595195,0.9999829506570921,0.0,0.054341601656433196,-0.00031732684123808125,0.9985223530963587,4568.696418650379,-537.0926680459033,-0.11702216461733017,4.791088440357509e-09,150.86285121661413,0.0,-54.72570243322822,-0.4371487833858895,0.0,2.974252610484082e-17,2.285732312786817,1.5707963267948966,19.272597102547138,461.0,0.02336923589593083,1.0127910270615152,0.0,0.05085792451982411,-1589.8447832585841,-5.443793704383697,86.52454410427121,-0.03890394150135242,0.1644733718311754,-1.267505060698043,-0.040425850698583204,0.1641059331686475,-1.267505060698043,-1.662891142709793e-17,1.4127659788813535e-19,5.287288047886863e-19,-1.662950664549282e-17,-1.2769294777106472e-20,5.287288047886863e-19,-1589.8852091092826,-5.279687771215049,85.25703904357317,-1678816.888297459,198.8510803811625,124081.26411315988,0.014176374093396543,4581.106686153314
130.98424315550443,2001.0,12.0,14.0,14.0,23.0,38.0,1.0,3516212.6396642514,11954.735066823641,-190010.43536832216,143.62937856630143,-287.3665463907823,4567.693178651199,3521363.1179663963,4578.976949567294,3516172.0812936933,-20691.48993995077,-190010.43536832216,3521363.117966396,139.48851804123444,-537.9222398900408,4567.693178651199,4601.373529407317,12755382.813889295,0.7241008398364082,1.6336263646875206,1.8128044993574107e-07,7.207372967969072e-06,6.229085702323006,-0.053985560728861036,-0.005884595697488627,125163.1179663958,-0.02272013000011978,-0.022609523864973925,2919.2273089438677,-16088271569.634592,-1012158933.8045048,-196723216.45065272,-16087299504.730888,-1888540936.5405414,16120079026.034628,16198965777.104254,-0.9985258445383784,0.0058759887142511465,0.0539593415966866,0.0058845617351265785,0.9999826858167022,0.0,0.05395840733475556,-0.00031752707681248585,0.9985431334972226,4568.736042615632,-537.0920974100245,-0.11702103574416271,4.811379622082762e-09,150.81873995199402,0.0,-54.637479903987995,-0.48126004800600314,0.0,2.974170549405055e-17,2.2857189111955853,1.5707963267948966,19.27550963710782,461.0,0.02346854411791901,1.0197178337758945,0.0,0.05107259516062819,-1589.9058836595807,-5.405504606271283,85.9159385701031,-0.038777919576443776,0.16514316556071007,-1.2728596346594345,-0.04030949334676642,0.16477602047693782,-1.2728596346594345,-1.669875971028307e-17,1.4231132287467793e-19,5.271947394308858e-19,-1.669936125355717e-17,-1.2731754979071157e-20,5.271947394308858e-19,-1589.9461931529274,-5.240728585794344,84.64307893544365,-1678820.6447777003,199.03956481754275,124093.5488227513,0.01427802770304304,4581.096785909813
131.28283596188342,2001.0,12.0,14.0,14.0,23.0,39.0,1.0,3516255.3726132507,11868.928977765112,-188646.54687839924,142.59953988415043,-287.3699281093857,4567.7478018148395,3521332.1678813226,4578.999463347977,3516213.575201506,-20852.109612076365,-188646.54687839924,3521332.1678813226,138.44119728287637,-537.9219627279288,4567.7478018148395,4601.39609076142,12755353.879779004,0.7241002140743454,1.633626352721382,1.818918528517145e-07,7.2344638843035645e-06,6.2294738512419965,-0.05359815289592497,-0.005930204388303149,125132.16788132256,-0.022557122981594502,-0.02244731097062061,2929.633553594351,-16088268659.659388,-1012158557.453258,-196724298.60243863,-16087293282.651302,-1888561716.7224119,16120076098.170658,16198962033.709686,-0.998546404475413,0.005921653686145276,0.053572494125682574,0.005930169630127663,0.9999824163894873,0.0,0.05357155212781167,-0.0003176939776743154,0.9985639628352075,4568.7757505969275,-537.0915243339645,-0.11701990423114841,4.831718249416607e-09,150.749051089493,0.0,-54.54905108949301,-0.5254744552534928,0.0,2.97404242074587e-17,2.2856979861975737,1.5707963267948966,19.28005903450679,461.0,0.023568081895467538,1.026740251079966,0.0,0.05128776146792481,-1589.9671293860772,-5.3668476648894545,85.3014860481906,-0.03864693500821808,0.16581372963250754,-1.278222419392678,-0.04018824185505078,0.16544692120668697,-1.278222419392678,-1.676850766039199e-17,1.4335308636851122e-19,5.255903240691652e-19,-1.6769115604705892e-17,-1.269251770199533e-20,5.255903240691652e-19,-1590.0073176279323,-5.201400743682767,84.02326362879792,-1678824.4529967513,199.228049253923,124105.9212802684,0.014379681971420685,4581.08681578203
131.5828359618834,2001.0,12.0,14.0,14.0,23.0,39.0,1.0,3516297.9972664407,11782.717492889002,-187276.21435628075,141.5648081020242,-287.37330011264277,4567.802278098933,3521301.296179456,4579.021910879702,3516254.949717302,-21013.48614758278,-187276.21435628075,3521301.296179456,137.38890148499058,-537.9215918824884,4567.802278098933,4601.418585726628,12755324.687531993,0.7240995827254176,1.6336263406515494,1.8310853432781287e-07,7.261667777559293e-06,6.229863836269529,-0.05320891251114378,-0.005976027420254995,125101.29617945664,-0.022393344670504103,-0.02228433052860956,2940.0540474504232,-16088265723.735783,-1012158177.7947347,-196725369.24398565,-16087287043.060019,-1888582440.2384238,16120073144.201828,16198958266.20613,-0.9985669086403854,0.0059675342664889264,0.053183808656041956,0.005975991850103188,0.9999821436012782,0.0,0.05318285898474905,-0.0003178260070859541,0.9985847397676562,4568.815349230949,-537.0909515844938,-0.11701877558316891,4.8520053677856374e-09,150.66084622701896,0.0,-54.46084622701897,-0.569576886490516,0.0,2.973880926838743e-17,2.28567161224106,1.5707963267948966,19.285796276577486,461.0,0.023667366287456065,1.0338255862436507,0.0,0.05150237657784231,-1590.028222454645,-5.328005011369334,84.6840815119882,-0.03851158926131299,0.1664819378029752,-1.2835683780901264,-0.04006265238815133,0.1661155080228572,-1.2835683780901264,-1.683788106990856e-17,1.4439746408025574e-19,5.239246626110423e-19,-1.6838495463782946e-17,-1.2651805366887616e-20,5.239246626110423e-19,-1590.068285107033,-5.161889503346477,83.40051313389807,-1678828.295208482,199.41653369030325,124118.38148571114,0.014481336903190409,4581.07677576858
131.8361380849671,2001.0,12.0,14.0,14.0,23.0,39.0,1.0,3516333.7452788725,11709.924867410928,-186119.1745497687,140.69111145376516,-287.37612721134485,4567.8479590767865,3521275.4049722427,4579.040729735329,3516289.638085523,-21149.742781464593,-186119.1745497687,3521275.404972242,136.500375182678,-537.9212066667104,4567.8479590767865,4601.437444348097,12755299.944961237,0.7240990476076685,1.6336263304238627,1.8310853432781287e-07,7.284519180098206e-06,6.230193121706064,-0.05288025585857016,-0.0060147171917455805,125075.40497224266,-0.022255057636898803,-0.022146717169999178,2948.824660681188,-16088263235.335196,-1012157856.045442,-196726260.35693574,-16087281784.006542,-1888599817.2839282,16120070640.509033,16198955080.170685,-0.998584101976324,0.006006273395031797,0.05285561427173739,0.0060146809262514095,0.9999819116430834,0.0,0.0528546582005214,-0.0003179096550055207,0.9986021650487031,4568.848552567134,-537.0904703528938,-0.11701782901786845,4.869019589669104e-09,150.58687134926475,0.0,-54.386871349264766,-0.6065643253676172,0.0,2.973745455243652e-17,2.2856494880506095,1.5707963267948966,19.29061177060338,461.0,0.023750635253754194,1.0398311373330775,0.0,0.05168236325352235,-1590.079461338595,-5.29520585197225,84.16273830953139,-0.03839448280714747,0.16704214339246257,-1.2880517376712672,-0.039953768551622845,0.16667606414149488,-1.2880517376712672,-1.6896055636112458e-17,1.45278719252405e-19,5.224813309900732e-19,-1.689667549512969e-17,-1.2616543068496388e-20,5.224813309900732e-19,-1590.1194151071466,-5.128529787830756,82.87468657186012,-1678831.55177854,199.6050181266835,124130.92943907953,0.014582992503013193,4581.066665868109
131.9081698247805,2001.0,12.0,14.0,14.0,23.0,39.0,1.0,3516343.8705559545,11689.22463614388,-185790.14404797452,140.44265247460504,-287.3769278116439,4567.860896674614,3521268.0715325256,4579.046058803249,3516299.4613446994,-21188.49017751595,-185790.14404797452,3521268.0715325256,136.24769914185467,-537.9210850709286,4567.860896674614,4601.442784676818,12755292.893976118,0.7240988951125757,1.6336263275097054,1.8371385344770506e-07,7.290993666319606e-06,6.230286761770934,-0.052786794611178946,-0.006025719357366939,125068.07153252605,-0.022215732438717113,-0.022107583545640314,2951.3136974796653,-16088262526.20774,-1012157764.3629465,-196726511.62321985,-16087280290.124231,-1888604738.6458862,16120069927.024176,16198954173.409798,-0.9985889713345045,0.006017289722646506,0.05276228343703322,0.0060256828924974155,0.9999818454080449,0.0,0.05276132555930681,-0.0003179287886756308,0.9986071006389401,4568.857955960335,-537.0903339032639,-0.1170175609121607,4.873007974640938e-09,150.58508941565756,0.0,-54.355268246972734,-0.6149105843424205,0.0,2.973741615486095e-17,2.2856488609706127,1.5707963267948966,19.29074829542806,461.0,0.023770172543133645,1.0415425942388652,0.0,0.051724540890791544,-1590.093974580916,-5.285878271773368,84.01447624645894,-0.038354322856366065,0.1671697176618017,-1.2891058118323773,-0.039915654164241754,0.16680380432573325,-1.2891058118323773,-1.690985150942416e-17,1.4550615371221795e-19,5.21982075252086e-19,-1.69104728272509e-17,-1.2604378269811082e-20,5.21982075252086e-19,-1590.1338902350801,-5.119074467447635,82.72537043462657,-1678832.4798180908,199.79350256306373,124143.56514037357,0.014684648775550146,4581.0564860792965
132.0116689331902,2001.0,12.0,14.0,14.0,23.0,40.0,1.0,3516358.3877705475,11659.481320915638,-185317.37355753293,140.08564918921442,-287.37807556771264,4567.8794452476295,3521257.5571365436,4579.053698499457,3516313.5440717987,-21244.164520785784,-185317.37355753293,3521257.557136544,135.8846366001315,-537.9209010152539,4567.8794452476295,4601.450440516425,12755282.751859514,0.7240986757636555,1.6336263233184076,1.8371385344770506e-07,7.300306838793006e-06,6.230421309577038,-0.05265250374790509,-0.006041527805417576,125057.55713654449,-0.022159227555598026,-0.02205135392643775,2954.885832488537,-16088261506.202024,-1012157632.4939345,-196726871.00380483,-16087278144.97297,-1888611794.3034623,16120068900.75121,16198952870.018545,-0.9985959524446812,0.00603311861631086,0.05262817915206163,0.00604149105279854,0.9999817500263987,0.0,0.05262721868918142,-0.000317952673472259,0.9986141771270517,4568.871437306984,-537.0901381567783,-0.11701717651285537,4.879185182280113e-09,150.5719464206806,0.0,-54.315839262041834,-0.6280535793193875,0.0,2.9737170357005e-17,2.2856448467869948,1.5707963267948966,19.291622291382854,461.0,0.023800420408026605,1.0440043710452946,0.0,0.05178987392178027,-1590.1147833349085,-5.272475547112795,83.8014396733497,-0.03829983608343343,0.1673697572921494,-1.2907362677956782,-0.03986426529512241,0.16700405220392397,-1.2907362677956782,-1.693111161239653e-17,1.4584564033219034e-19,5.213063006579548e-19,-1.6931735083180237e-17,-1.2587900384843739e-20,5.213063006579548e-19,-1590.1546476002036,-5.105471494908871,82.51070340555403,-1678833.8147092983,199.981986999444,124156.28858959328,0.014786305725462547,4581.0462364008545
132.17604326527552,2001.0,12.0,14.0,14.0,23.0,40.0,1.0,3516381.3676562626,11612.243592284996,-184566.5290100539,139.51865719276452,-287.3798921252631,4567.908804515018,3521240.9134610756,4579.065789489012,3516335.8326279838,-21332.58488410071,-184566.5290100539,3521240.9134610756,135.30802157864963,-537.9205860665191,4567.908804515018,4601.4625570554745,12755266.61837806,0.7240983268353017,1.6336263166521692,1.843171846397668e-07,7.3150739775149905e-06,6.23063499622112,-0.052439225193378965,-0.006066634186930353,125040.91346107563,-0.022069487370763627,-0.021962050908461893,2960.548528201878,-16088259883.639816,-1012157422.7413327,-196727437.76849902,-16087274741.383003,-1888622962.0381203,16120067268.220482,16198950798.809414,-0.9986070022035866,0.006058257701865852,0.052415194968480856,0.006066596974213812,0.99998159803126,0.0,0.05241423042570154,-0.00031798186319861296,0.9986253788765916,4568.892775394208,-537.0898280344138,-0.11701656803132864,4.888963341618065e-09,150.55114182634455,0.0,-54.25342547903362,-0.6488581736554582,0.0,2.9736781258006646e-17,2.2856384923181206,1.5707963267948966,19.293005997833134,461.0,0.023848301580044088,1.047920473194208,0.0,0.051893291047154594,-1590.147722958629,-5.2511888717634525,83.4630875192387,-0.0382125159436187,0.16768634032660557,-1.2933171642254935,-0.03978186079651535,0.16732097495065634,-1.2933171642254935,-1.6964764174148647e-17,1.4638464091195733e-19,5.202227611367493e-19,-1.6965391069960598e-17,-1.2561483730895949e-20,5.202227611367493e-19,-1590.1875048194254,-5.083867896812796,82.1697703550132,-1678835.9381799381,200.17047143582423,124169.09978673863,0.014887963357411719,4581.035916831524
132.4307006761157,2001.0,12.0,14.0,14.0,23.0,40.0,1.0,3516416.785266607,11539.059816231302,-183403.27141377926,138.64022012668468,-287.3826912207963,4567.954049386044,3521215.2614646354,4579.084419308345,3516370.1760705127,-21469.570280087446,-183403.27141377926,3521215.261464635,134.4146762888676,-537.9200432693303,4567.954049386044,4601.481226241728,12755241.560108244,0.7240977848827933,1.6336263063007195,1.8491854736195318e-07,7.337910364411792e-06,6.230966054870362,-0.05210879882748164,-0.006105529971858921,125015.26146463491,-0.02193045534125238,-0.0218236961623474,2969.296071536839,-16088257363.508413,-1012157096.9968758,-196728306.1941406,-16087269476.279018,-1888640171.9235737,16120064732.608633,16198947587.046516,-0.9986240303320432,0.006097204710841014,0.05208521995826334,0.006105492038784531,0.9999813613097818,0.0,0.05208424915798359,-0.000318005895793518,0.9986426437229182,4568.925657519233,-537.0893494083042,-0.1170156302118201,4.904033889526986e-09,150.51907683079364,0.0,-54.15723049238095,-0.6809231692063522,0.0,2.973618152405515e-17,2.2856286979194107,1.5707963267948966,19.295139162067304,461.0,0.023922099597601002,1.054003031368253,0.0,0.05205267926070334,-1590.1984924104293,-5.2182083763468246,82.93886177750697,-0.038075338939014124,0.16817410902005125,-1.2972949115861834,-0.03965228871067052,0.16780929169749367,-1.2972949115861834,-1.701662878660351e-17,1.4721928307506134e-19,5.185192467829585e-19,-1.701726100255056e-17,-1.2519961830983133e-20,5.185192467829585e-19,-1590.2381446991399,-5.050399084649331,81.6415668659208,-1678839.2363318186,200.3589558722045,124181.99873180964,0.014989621676059153,4581.025527370086
132.6319813683063,2001.0,12.0,14.0,14.0,23.0,40.0,1.0,3516444.620988298,11481.21500768494,-182483.8268794992,137.9458855426318,-287.3848905382576,4567.989604380069,3521195.1007929365,4579.099056405333,3516397.1600859473,-21577.843151512974,-182483.8268794992,3521195.100792936,133.70855851446197,-537.9195670616235,4567.989604380069,4601.49589426875,12755221.699827297,0.724097355348649,1.6336262980986354,1.8491854736195318e-07,7.355877891278528e-06,6.231227726363617,-0.05184762713300075,-0.0061362728209929515,124995.10079293652,-0.021820563182659024,-0.02171433932837481,2976.1879900172353,-16088255366.14886,-1012156838.8579072,-196728984.3518234,-16087265321.588465,-1888653695.6665154,16120062722.981983,16198945045.9782,-0.9986374112851889,0.006127988519197324,0.05182440099340299,0.006136234312022058,0.9999811731370086,0.0,0.05182342530250588,-0.00031800666757570947,0.9986562128488837,4568.951496146696,-537.0889726790666,-0.11701489315139732,4.916289467599771e-09,150.4860022655329,0.0,-54.08600226553289,-0.7,0.0,2.97355682614031e-17,2.2856186825802536,1.5707963267948966,19.297320949998,461.0,0.023982104930261542,1.0588239580286718,0.0,0.05218245928726886,-1590.2383948267611,-5.192138905162236,82.5244868656969,-0.03796856690068789,0.16857273813762258,-1.3005321685032796,-0.03955166312783618,0.1682083412305396,-1.3005321685032796,-1.7058783113545355e-17,1.4789064662341237e-19,5.171943419987212e-19,-1.7059419597843712e-17,-1.2487715756130491e-20,5.171943419987212e-19,-1590.277946489889,-5.023930563931696,81.22395469719362,-1678841.8503372557,200.54744030858473,124194.9854248063,0.015091280686066404,4581.0150680153465
132.75442924663264,2001.0,12.0,14.0,14.0,23.0,40.0,1.0,3516461.4863082166,11446.025255964263,-181924.484924748,137.52348285690974,-287.38622281982276,4568.011144796612,3521182.885678943,4579.107922771617,3516413.5061152996,-21643.710242382545,-181924.484924748,3521182.885678943,133.27898770093006,-537.919256974512,4568.011144796612,4601.504779370836,12755209.592271658,0.7240970934879578,1.6336262930991157,1.8491854736195318e-07,7.366797122587767e-06,6.231386914084786,-0.05168874347827082,-0.00615497491672328,124982.88567894278,-0.0217537103027321,-0.021647812110396333,2980.3719031363726,-16088254148.487793,-1012156681.4995666,-196729393.35814327,-16087262796.836802,-1888661888.6334834,16120061497.843231,16198943498.829702,-0.9986455177937389,0.0061467157330594826,0.051665730191026396,0.006154936054576373,0.9999810582016861,0.0,0.05166475154918538,-0.0003179992655387634,0.9986644342940365,4568.967149482095,-537.0887441697193,-0.1170144465747922,4.924491044138421e-09,150.45110193983652,0.0,-54.05110193983651,-0.7,0.0,2.973492885338702e-17,2.2856082402548985,1.5707963267948966,19.299596297583996,461.0,0.02402224452244337,1.0617630068452573,0.0,0.052269612048936154,-1590.2625717389483,-5.176278947064023,82.27239239933924,-0.037909051165939615,0.16884330386492763,-1.3027032070542235,-0.039496155944766013,0.16847911171985933,-1.3027032070542235,-1.7086954423985268e-17,1.4832162468084276e-19,5.164594199441922e-19,-1.7087593607441365e-17,-1.246990884615583e-20,5.164594199441922e-19,-1590.302067894893,-5.007799835344163,80.96968919228502,-1678843.4439348336,200.735924744965,124208.0598657286,0.01519294039209515,4581.004538766146
132.9750217332045,2001.0,12.0,14.0,14.0,23.0,40.0,1.0,3516491.7390220854,11382.629750622335,-180916.8117214323,136.76249920141873,-287.38861214291774,4568.049779898992,3521160.974399503,4579.123823092414,3516442.8211011305,-21762.371123920853,-180916.8117214323,3521160.9743995033,132.50509070885968,-537.9186594168661,4568.049779898992,4601.520713291186,12755187.729786579,0.7240966206471117,1.6336262840729074,1.855179607568495e-07,7.3864230863248196e-06,6.23167369697735,-0.051402508398623946,-0.006188666900141738,124960.97439950332,-0.0216332721531698,-0.021527960648821516,2987.8930580839515,-16088251949.775036,-1012156397.3817719,-196730123.44987327,-16087258253.506315,-1888676583.282968,16120059285.629505,16198940708.969866,-0.998660057483121,0.006180453345400431,0.05137987528453901,0.006188627396308314,0.9999808502621186,0.0,0.05137889137339493,-0.00031797090380480253,0.9986791819276826,4568.995224338716,-537.0883337810257,-0.11701364551169727,4.939202903190625e-09,150.38849828429522,0.0,-53.98849828429521,-0.7,0.0,2.973378173407239e-17,2.2855895063748046,1.5707963267948966,19.30367973703318,461.0,0.024094247327817165,1.0670700760669038,0.0,0.05242594605850857,-1590.3059408627587,-5.147705457169621,81.81821594796472,-0.037800313100837035,0.1693285395046226,-1.3065975901787548,-0.039394630625225455,0.16896473312260135,-1.3065975901787548,-1.7137485138204458e-17,1.490976750938108e-19,5.151155953533945e-19,-1.713812919461163e-17,-1.243735090773791e-20,5.151155953533945e-19,-1590.345335493384,-4.978740724047019,80.51161835778596,-1678846.321484778,200.92440918134523,124221.22205457659,0.015294600798807139,4580.9939396213595
133.27502173320448,2001.0,12.0,14.0,14.0,23.0,41.0,1.0,3516532.6125299805,11296.412682390228,-179546.38895055917,135.72754827285306,-287.39183924588485,4568.10197087361,3521131.37069772,4579.145297206091,3516482.4147522594,-21923.746589988757,-179546.38895055917,3521131.370697721,131.45257839662656,-537.9177664075686,4568.10197087361,4601.542232782765,12755157.893170055,0.7240959753384463,1.633626271757284,1.8611544365878127e-07,7.4130244229145735e-06,6.2320637199231985,-0.05101323053242356,-0.0062344866128726615,124931.37069772044,-0.02146947686343622,-0.02136496324137669,2998.087770231068,-16088248949.113033,-1012156009.6807868,-196731102.51749057,-16087252085.141542,-1888696433.1376603,16120056266.545055,16198936909.38191,-0.9986796982401313,0.006226335879551269,0.05099110770041552,0.006234446225091372,0.9999805656512862,0.0,0.05099011672144717,-0.0003179013189160831,0.9986991073068427,4569.033147481292,-537.0877782949535,-0.11701256321594468,4.95907967438771e-09,150.30391627920125,0.0,-53.90391627920123,-0.7,0.0,2.9732231569162926e-17,2.285564190260631,1.5707963267948966,19.309200749225223,461.0,0.024191530364483235,1.0743129577728057,0.0,0.05263716599617115,-1590.3645375978929,-5.10884331575109,81.20050097737946,-0.03764931389335727,0.16998392105927668,-1.3118591964161086,-0.039253422330193695,0.16962067412522097,-1.3118591964161086,-1.720575055462288e-17,1.501523027660511e-19,5.132472924087267e-19,-1.720640125935727e-17,-1.239209102965827e-20,5.132472924087267e-19,-1590.403791020223,-4.93922264162587,79.88864178096335,-1678850.2486093435,201.1128936177255,124234.4719913502,0.015396261910864285,4580.983270579894
133.5385833433766,2001.0,12.0,14.0,14.0,23.0,41.0,1.0,3516568.265276694,11220.666855237365,-178342.4066345879,134.81827254428575,-287.3946531568535,4568.147488102957,3521105.54822204,4579.164020466654,3516516.938747912,-22065.520950750582,-178342.4066345879,3521105.54822204,130.527874711765,-537.9169054478803,4568.147488102957,4601.56099560842,12755131.581365598,0.724095406261192,1.6336262608991603,1.867110146007193e-07,7.436321442030618e-06,6.232406375586118,-0.05067122951335157,-0.006274740529826098,124905.54822203983,-0.0213255739428775,-0.021221761293123788,3007.011686757207,-16088246302.95017,-1012155667.8238115,-196731949.5918595,-16087246675.92177,-1888713744.0922205,16120053604.13875,16198933566.104565,-0.9986968270586366,0.0062666457021978315,0.05064954861254892,0.0062746993546742,0.9999803138802326,0.0,0.05064855151946877,-0.0003178106899937002,0.9987164879110313,4569.06621910773,-537.0872927800337,-0.11701161915716415,4.976766933458408e-09,150.26506888862832,0.0,-53.83013777725663,-0.734931111371683,0.0,2.9731509013107734e-17,2.285552390024748,1.5707963267948966,19.311775294390383,461.0,0.02427810119062979,1.0807003352194553,0.0,0.0528243221672008,-1590.4156517145734,-5.074698638856171,80.65777015529545,-0.03751571953740875,0.17056685169876537,-1.3165271423010343,-0.03912852044835561,0.17020410981630482,-1.3165271423010343,-1.7266609713010392e-17,1.510899169061871e-19,5.116037468305395e-19,-1.7267266331760882e-17,-1.2352022207130559e-20,5.116037468305395e-19,-1590.4547802350219,-4.904494529039867,79.34124301299441,-1678853.7118099537,201.30137805410573,124247.80967604948,0.015497923732928513,4580.972531640688
133.8021449535487,2001.0,12.0,14.0,14.0,23.0,41.0,1.0,3516603.6783694075,11144.920289056903,-177138.41236318348,133.9089677626117,-287.39744721352616,4568.192692371826,3521079.8992786356,4579.182610352141,3516551.219023397,-22207.29507518217,-177138.41236318348,3521079.8992786356,129.60314235049586,-537.9159730096281,4568.192692371826,4601.579624777275,12755105.176585378,0.724094835169752,1.6336262500049776,1.8789649326977893e-07,7.459560585469204e-06,6.23274903627643,-0.050329223527670865,-0.006314994006510147,124879.89927863609,-0.02118166877561191,-0.02107855709991644,3015.904900379479,-16088243647.445671,-1012155324.796768,-196732784.52351463,-16087241275.967165,-1888730935.3943164,16120050932.335777,16198930217.949688,-0.9987138376904864,0.006306955738133572,0.05030797864015352,0.006314952033829034,0.9999800604916133,0.0,0.0503069755237915,-0.00031769247203146503,0.9987337519505095,4569.099061250657,-537.086809602196,-0.11701068143974537,4.994354780363826e-09,150.22842754090868,0.0,-53.75685508181739,-0.7715724590913045,0.0,2.973082632019264e-17,2.285541240803347,1.5707963267948966,19.3142084547689,461.0,0.0243641874592876,1.0871104574305626,0.0,0.05301037843216252,-1590.4664240252175,-5.040551378369004,80.11499817329762,-0.037379453705191384,0.17114631602584718,-1.3211679977470039,-0.039000936148732415,0.17078410941314243,-1.3211679977470039,-1.7327129596316688e-17,1.5202742879595648e-19,5.099257430633663e-19,-1.7327792150853485e-17,-1.2311112072940694e-20,5.099257430633663e-19,-1590.5054249613663,-4.8697672689558615,78.79383017555062,-1678857.1872625425,201.489862490486,124261.2351086744,0.015599586269661951,4580.961722802713
134.10214495354867,2001.0,12.0,14.0,14.0,23.0,42.0,1.0,3516643.695802459,11058.700580822167,-175767.94688437606,132.87391304954298,-287.4006033981972,4568.243765437706,3521050.915456586,4579.20360805929,3516589.942074807,-22368.66969714975,-175767.94688437606,3521050.915456586,128.55052759933454,-537.9148246734846,4568.243765437706,4601.60066685605,12755075.008767948,0.724094182686064,1.6336262375610147,1.8789649326977893e-07,7.485902030672148e-06,6.2331390771806365,-0.049939927919653494,-0.006360812146570561,124850.91545658605,-0.021017865460772948,-0.02091555167351528,3025.9895512610674,-16088240613.506607,-1012154932.92951,-196733720.2166672,-16087235140.79122,-1888750357.8484454,16120047879.77834,16198926401.031979,-0.9987330562695936,0.006352839034208948,0.049919172174647086,0.006360769253653734,0.9999797701026265,0.0,0.049918162314917025,-0.00031752433553634216,0.998753260945564,4569.136164674803,-537.086262468291,-0.11700962179631294,5.014229401198136e-09,150.17404416167443,0.0,-53.67404416167443,-0.8129779191627844,0.0,2.972982071298888e-17,2.2855248179914067,1.5707963267948966,19.317793656095162,461.0,0.02446146614003838,1.094434325952846,0.0,0.05322062027684383,-1590.5237997854053,-5.001680007984062,79.49713617353659,-0.03722092153854074,0.17180061002102848,-1.326409933717203,-0.03885226209198983,0.17143905136844126,-1.326409933717203,-1.7395376931538308e-17,1.5309238247924195e-19,5.079676406775818e-19,-1.739604625991547e-17,-1.2263390611405925e-20,5.079676406775818e-19,-1590.5626520474973,-4.83024095661562,78.17072623981939,-1678861.158031594,201.67834692686623,124274.74828922498,0.015701249525726654,4580.950844064973
134.40214495354866,2001.0,12.0,14.0,14.0,23.0,42.0,1.0,3516683.4027135274,10972.479929590152,-174397.4661444711,131.83882124079327,-287.40373386174923,4568.294433011811,3521022.1564815817,4579.22443299196,3516628.349336297,-22530.043960725463,-174397.4661444711,3521022.156481582,127.49787624997082,-537.9135837299751,4568.294433011811,4601.621535795418,12755044.722289825,0.7240935276316315,1.6336262250710671,1.8848643661548996e-07,7.512136330815106e-06,6.23352912450929,-0.049550625970906786,-0.006406629724264271,124822.1564815822,-0.02085405927938766,-0.020752543382792657,3036.0327315181494,-16088237567.645107,-1012154539.5695148,-196734640.40849298,-16087229017.801315,-1888769625.2811034,16120044815.228268,16198922577.97752,-0.9987521216993204,0.006398722575275937,0.04953035181088994,0.006406585897770095,0.9999794776179831,0.0,0.049529335330088645,-0.00031732045342323896,0.9987726188925533,4569.172970780429,-537.0857183659391,-0.11700857036876897,5.0339498412007714e-09,150.09187566166344,0.0,-53.59187566166346,-0.854062169168273,0.0,2.9728313889574664e-17,2.2855002096975663,1.5707963267948966,19.32316837390065,461.0,0.02455798637110288,1.1017872623691858,0.0,0.053429225382387556,-1590.5807325688559,-4.962805338415696,78.87922161095996,-0.03705870045264392,0.17244896196053075,-1.331606233651184,-0.038699870547833734,0.1720880930805042,-1.331606233651184,-1.7462790190380145e-17,1.541536191206266e-19,5.059543319237438e-19,-1.746346630487063e-17,-1.2214342926613084e-20,5.059543319237438e-19,-1590.6194324394037,-4.790717245335191,77.54761537730877,-1678865.144437978,201.86683136324646,124288.34921770121,0.01580291350578489,4580.939895426508
134.70214495354864,2001.0,12.0,14.0,14.0,23.0,42.0,1.0,3516722.7990915244,10886.258343077096,-173026.97026511884,130.80369262697891,-287.4068386054835,4568.3446950866955,3520993.6223614444,4579.245085165108,3516666.440796928,-22691.41783812711,-173026.97026511884,3520993.6223614444,126.44518859803485,-537.9122501800571,4568.3446950866955,4601.642231610375,12755014.318085268,0.7240928700266237,1.633626212535519,1.8907453925087362e-07,7.538279332359813e-06,6.233919178214832,-0.0491613177315207,-0.006452446743880654,124793.62236144394,-0.020690250255098852,-0.020589532251343023,3046.033556729555,-16088234509.954935,-1012154144.7288877,-196735545.22195148,-16087222907.091778,-1888788737.6936693,16120041738.779898,16198918748.88107,-0.9987710339669362,0.006444606344645557,0.04914151765747133,0.006452401970371719,0.9999791830377334,0.0,0.04914049468035253,-0.0003170808253601246,0.9987918257786856,4569.2094795699295,-537.0851772969884,-0.11700752715705395,5.0535160950098755e-09,150.0103496041255,0.0,-53.510349604125516,-0.8948251979372412,0.0,2.972681849920369e-17,2.2854757881194914,1.5707963267948966,19.32850536717233,461.0,0.0246537542378692,1.1091690423298575,0.0,0.05363619381924094,-1590.6372223095373,-4.923927395315163,78.26125489283432,-0.03689295575444133,0.1730920032499924,-1.3367617393612614,-0.03854393246764107,0.17273186458590806,-1.3367617393612614,-1.75296683064999e-17,1.5521371848780235e-19,5.038949805733702e-19,-1.7530351230559737e-17,-1.2164190336813192e-20,5.038949805733702e-19,-1590.675766242005,-4.751195530729254,76.92449315347305,-1678869.146358952,202.05531579962673,124302.0378941031,0.015904578214499008,4580.928876886385
135.00214495354862,2001.0,12.0,14.0,14.0,23.0,43.0,1.0,3516761.884925452,10800.035828998485,-171656.4593679703,129.76852749852608,-287.4099176335556,4568.39455164973,3520965.3131039324,4579.265564588518,3516704.216445855,-22852.791301573176,-171656.4593679703,3520965.313103933,125.39246493893896,-537.9108240275722,4568.39455164973,4601.662754310926,12754983.796905225,0.7240922098872472,1.6336261999554471,1.8966081829902343e-07,7.564302627698349e-06,6.234309238249524,-0.048772003251587835,-0.006498263209709204,124765.31310393289,-0.020526438411525988,-0.020426518302774945,3055.9906024187803,-16088231440.510662,-1012153748.4297124,-196736434.7803756,-16087216808.737717,-1888807695.097588,16120038650.509043,16198914913.819483,-0.9987897930598124,0.0064904903256280955,0.04875266982299389,0.0064982174756523245,0.9999788863619267,0.0,0.04875164047676814,-0.0003168054510284866,0.9988108815912701,4569.24569104044,-537.0846392661366,-0.11700649216186015,5.072928157303159e-09,149.92946601123685,0.0,-53.39419901685526,-0.9,0.0,2.972533455043366e-17,2.2854515533969404,1.5707963267948966,19.333804538089957,461.0,0.024748769655066515,1.1165794397201665,0.0,0.05384223731881582,-1590.6932689419332,-4.885046204339129,77.64323642651823,-0.036724530977520896,0.17372052882129183,-1.3418956702258722,-0.038385202925520535,0.17336115339324085,-1.3418956702258722,-1.7596245698955137e-17,1.5627443834662765e-19,5.01799031974543e-19,-1.7596935462290042e-17,-1.2113384204100759e-20,5.01799031974543e-19,-1590.7316541448588,-4.711685050945888,76.30134075629236,-1678873.163695883,202.24380023600696,124315.81431843064,0.01600624365653137,4580.917788443709
135.3021449535486,2001.0,12.0,14.0,14.0,23.0,43.0,1.0,3516800.6602044017,10713.812395068067,-170285.93357468178,128.7333261458036,-287.4129709509728,4568.444002686107,3520937.228716745,4579.285871269677,3516741.676272321,-23014.164323283825,-170285.93357468178,3520937.2287167455,124.33970556802949,-537.9093052772439,4568.444002686107,4601.683103904836,12754953.159417791,0.7240915472279162,1.6336261873321436,1.902452906191904e-07,7.590236702114448e-06,6.234699304565498,-0.04838268258120468,-0.006544079126039816,124737.2287167455,-0.020362623772313373,-0.02026350156069528,3065.9022934809327,-16088228359.378252,-1012153350.697009,-196737309.20718253,-16087210722.805624,-1888826497.507323,16120035550.483109,16198911072.861414,-0.9988083989654216,0.006536374501533404,0.04836380841607473,0.0065440324178060345,0.9999785875906118,0.0,0.04836277283040935,-0.00031649433012335336,0.9988297863177155,4569.28160518684,-537.084104278928,-0.11700546538412292,5.092186022803082e-09,149.84922490498715,0.0,-53.27383735748074,-0.9,0.0,2.9723862051769024e-17,2.285427505668801,1.5707963267948966,19.33906578937363,461.0,0.024843032538089237,1.1240182288641467,0.0,0.054046748049726895,-1590.7488724010348,-4.846161791149173,77.02516661946329,-0.03655274611308751,0.1743424103663172,-1.3469916127432922,-0.03822307651240951,0.17398383753289176,-1.3469916127432922,-1.7662322406363e-17,1.5733421819496295e-19,4.996589489891352e-19,-1.7663019033041486e-17,-1.2061548068796249e-20,4.996589489891352e-19,-1590.7870954775472,-4.6721779536162815,75.67817500672,-1678877.1963610593,202.43228467238723,124329.67849068383,0.01610790983654445,4580.906630097615
135.6021449535486,2001.0,12.0,14.0,14.0,23.0,43.0,1.0,3516839.124917547,10627.588048998805,-168915.3930069124,127.69808885940921,-287.41599855907066,4568.4930481860365,3520909.3692075117,4579.306005220682,3516778.820265655,-23175.536875479876,-168915.3930069124,3520909.3692075117,123.28691078091627,-537.9076939301576,4568.4930481860365,4601.703280404257,12754922.406447966,0.7240908820664393,1.6336261746660323,1.9082797281243975e-07,7.616053312289539e-06,6.23508937711506,-0.04799335577047103,-0.006589894497162504,124709.36920751166,-0.02019880636108722,-0.020100482048714684,3075.7677564546466,-16088225266.640398,-1012152951.5428274,-196738168.62526348,-16087204649.378702,-1888845144.9244516,16120032438.785376,16198907226.090605,-0.9988268516713378,0.006582258855670641,0.04797493354534484,0.006589846801027092,0.9999782867238363,0.0,0.04797389185236384,-0.000316147462353278,0.9988485399455314,4569.317222008965,-537.0835723372306,-0.11700444682386149,5.1114415547418405e-09,149.7848131535881,0.0,-53.169626307176166,-0.9151868464119193,0.0,2.972267526867109e-17,2.285408124029968,1.5707963267948966,19.343308330122127,461.0,0.024937287100824053,1.1314852033075036,0.0,0.05425092498382017,-1590.8040326223543,-4.807274181412212,76.40704587921293,-0.03637831272321419,0.17496853776181095,-1.3520812399568043,-0.03805836900566438,0.174610799756839,-1.3520812399568043,-1.772845298363163e-17,1.5839813399260139e-19,4.974892608137404e-19,-1.7729156521050387e-17,-1.2008904454939684e-20,4.974892608137404e-19,-1590.84209099136,-4.632663381655373,75.05496463925613,-1678881.2442461122,202.62076910876746,124343.63041086268,0.016209576759200768,4580.89540184727
135.90214495354857,2001.0,12.0,14.0,14.0,23.0,43.0,1.0,3516877.2790541532,10541.362798505224,-167544.83778633096,126.66281592876135,-287.419000444991,4568.541688092669,3520881.734583802,4579.325966405581,3516815.6484152772,-23336.908930380545,-167544.83778633096,3520881.7345838016,122.23408087216646,-537.9059899732255,4568.541688092669,4601.72328377276,12754891.537146015,0.724090214384401,1.6336261619550911,1.92565440883042e-07,7.641797233750228e-06,6.235479455849171,-0.04760402286949174,-0.00663570932736674,124681.73458380159,-0.0200349862014217,-0.019937459790392107,3085.588014908135,-16088222162.213156,-1012152550.9292299,-196739013.15402544,-16087198588.373531,-1888863637.300648,16120029315.32969,16198903373.419474,-0.9988451511652364,0.006628143371347622,0.047586045319450695,0.006635660629509201,0.9999779837616476,0.0,0.047584997653734695,-0.00031576484744031953,0.9988671424623272,4569.352541459511,-537.0830434287113,-0.11700343647922863,5.130785791338882e-09,149.74533511971657,0.0,-53.09067023943314,-0.9546648802834329,0.0,2.9721938801178006e-17,2.285396096603063,1.5707963267948966,19.34594203908233,461.0,0.0250319795362069,1.138980642223585,0.0,0.054455544991156256,-1590.8587495419156,-4.768383400801477,75.78887461340426,-0.03620171003192237,0.1756046900620791,-1.3571851466108247,-0.037891615548911926,0.1752478144004304,-1.3571851466108247,-1.7794991330801543e-17,1.594694315666517e-19,4.952991844639203e-19,-1.7795701841345047e-17,-1.1955620214672576e-20,4.952991844639203e-19,-1590.8966411574645,-4.593135586401047,74.43168946679343,-1678885.3074631114,202.80925354514773,124357.67007896717,0.01631124442916297,4580.884103691878
136.20214495354855,2001.0,12.0,14.0,14.0,23.0,44.0,1.0,3516915.122603569,10455.13665130398,-166174.2680346171,125.62750764458211,-287.4219766096128,4568.589922398283,3520854.3248531194,4579.345754838165,3516852.1607106957,-23498.28046020285,-166174.2680346171,3520854.3248531194,121.18121613751936,-537.9041934071394,4568.589922398283,4601.743114024152,12754860.55238937,0.7240895442007445,1.6336261491996167,1.92565440883042e-07,7.66733888066971e-06,6.235869540720156,-0.04721468392837715,-0.006681523620941296,124654.32485311944,-0.01987116331694303,-0.019774434809322564,3095.3622790575027,-16088219046.18464,-1012152148.8665433,-196739842.9163537,-16087192539.87871,-1888881974.635934,16120026180.20464,16198899514.936949,-0.9988632974348943,0.0066740280318706826,0.04719714384705463,0.006681473907445364,0.9999776787040919,0.0,0.047196090345640804,-0.000315346485120041,0.9988855938558131,4569.3875635402355,-537.0825175547728,-0.11700243435010065,5.14997260281639e-09,149.7061783615992,0.0,-53.01235672319841,-0.9938216384007963,0.0,2.9721208259337413e-17,2.2853841659494063,1.5707963267948966,19.348555289334307,461.0,0.025125903553592933,1.146504335520544,0.0,0.05465849440754381,-1590.9130230962583,-4.729489474996754,75.17065322976819,-0.03602165126223471,0.17623543984501575,-1.3622474133412137,-0.03772138112710146,0.17587946731465892,-1.3622474133412137,-1.7860983886067746e-17,1.6053937746015212e-19,4.930637811937771e-19,-1.7861701392374964e-17,-1.1901248558190617e-20,4.930637811937771e-19,-1590.9507444773853,-4.553610007682095,73.80840581642698,-1678889.385896774,202.99773798152796,124371.79749499733,0.016412912851093718,4580.872735630673
136.3458233996711,2001.0,12.0,14.0,14.0,23.0,44.0,1.0,3516933.1369472244,10413.840206509576,-165517.8584832601,125.13165692449013,-287.4233928712209,4568.612879533082,3520841.2772094933,4579.355170913241,3516869.5356140644,-23575.565634960254,-165517.8584832601,3520841.2772094933,120.67695732733364,-537.9033001852534,4568.612879533082,4601.752549998265,12754845.67276559,0.7240892223609006,1.633626143075119,1.9314112360500902e-07,7.679564649261893e-06,6.236056365507028,-0.04702821642367937,-0.006703465187185502,124641.2772094938,-0.019792702967266724,-0.019696356598789603,3100.0268218889832,-16088217549.796377,-1012151955.8025849,-196740235.11989832,-16087189647.58904,-1888890701.9996872,16120024674.646772,16198897665.017576,-0.9988719339263777,0.006696003534031928,0.047010883323443727,0.006703414982315278,0.9999775318613788,0.0,0.047009827076400515,-0.0003151334596022481,0.9988943772237131,4569.404231301416,-537.0822667755718,-0.1170019573117144,5.158342709185054e-09,149.67819302373445,0.0,-52.97819302373447,-1.0109034881327634,0.0,2.972069165846137e-17,2.2853757292168497,1.5707963267948966,19.350403683222112,461.0,0.025166888384104222,1.1501174743321576,0.0,0.05474704663193865,-1590.9388591931295,-4.710860972564605,74.87455197400278,-0.03592887184002278,0.17651028697625878,-1.3644546342132524,-0.037633053461870535,0.1761548140905437,-1.3644546342132524,-1.7889662630513156e-17,1.6102669017187978e-19,4.919022196681756e-19,-1.7890383384928197e-17,-1.187302875106458e-20,4.919022196681756e-19,-1590.9764922465913,-4.534706158474061,73.51009733978954,-1678891.3444655482,203.18622241790823,124386.01265895311,0.016514582029655774,4580.861297662921
136.42227247259038,2001.0,12.0,14.0,14.0,23.0,44.0,1.0,3516942.6930613285,10391.866925865497,-165168.59179845545,124.8678191801685,-287.42414404174644,4568.625056781648,3520834.355787327,4579.360164946415,3516878.750999506,-23616.687825120178,-165168.59179845545,3520834.355787327,120.40864581861791,-537.9028162619443,4568.625056781648,4601.757554585369,12754837.74607958,0.7240890509096878,1.6336261398127079,1.9314112360500902e-07,7.68603858858387e-06,6.236155772647188,-0.0469289993981685,-0.006715139904691983,124634.35578732705,-0.019750955180374355,-0.01965481214238668,3102.5039979070425,-16088216752.640045,-1012151852.9572703,-196740442.44244277,-16087188109.94951,-1888895331.2146797,16120023872.605843,16198896680.295172,-0.9988765149427383,0.006707696369271263,0.04691177576331067,0.006715089437055489,0.9999774535327546,0.0,0.046910718068495,-0.00031501676990172315,0.9988990365871482,4569.413072191799,-537.0821336280494,-0.11700170425510702,5.162582080262182e-09,149.6608894683176,0.0,-52.960889468317625,-1.0195552658411882,0.0,2.972037319411785e-17,2.2853705282994308,1.5707963267948966,19.35154332797269,461.0,0.025187649949890378,1.1520422903360847,0.0,0.05479190240688892,-1590.9525647202738,-4.700948744645694,74.71699645587782,-0.03587781444744151,0.17664940730724557,-1.365572236563079,-0.037584298282792875,0.17629421769903925,-1.365572236563079,-1.7904156440178768e-17,1.6127937879183206e-19,4.912606534543941e-19,-1.790487889580097e-17,-1.1857449956065127e-20,4.912606534543941e-19,-1590.9901490185566,-4.524654526946654,73.35142421931474,-1678892.387837857,203.37470685428846,124400.31557083459,0.016616251969511935,4580.849789787924
136.52058435298053,2001.0,12.0,14.0,14.0,23.0,44.0,1.0,3516954.9523731945,10363.609670408909,-164719.44091010353,124.52852613287544,-287.425107581864,4568.640677794342,3520825.476453139,4579.3665707263945,3516890.5716388538,-23669.570031510793,-164719.44091010353,3520825.4764531394,120.06359965669652,-537.902185113195,4568.640677794342,4601.763973902749,12754827.54327747,0.7240888302265232,1.6336261356137378,1.9314112360500902e-07,7.694354220962173e-06,6.236283608692432,-0.046801407847284725,-0.006730153292382074,124625.47645313991,-0.019697268158975108,-0.019601386599896613,3105.6846019625664,-16088215726.584406,-1012151720.5841072,-196740707.66803062,-16087186133.94977,-1888901269.5082233,16120022840.263248,16198895413.587595,-0.998882391404913,0.006722733117506122,0.04678432430454946,0.006730102485489365,0.9999773526038152,0.0,0.046783264761421695,-0.0003148632972839888,0.9989050140025161,4569.424413051192,-537.0819626988336,-0.11700137961392137,5.168020672451806e-09,149.63869113284977,0.0,-52.93869113284977,-1.0306544335751144,0.0,2.971996462099507e-17,2.285363855793969,1.5707963267948966,19.353005635818075,461.0,0.025214284660483158,1.1545198318059922,0.0,0.054849446502058904,-1590.9701474064955,-4.688201534645142,74.51437869814791,-0.03581187151666085,0.17682786419994742,-1.3670059731990742,-0.03752131384139613,0.17647304243610787,-1.3670059731990742,-1.7922749689838284e-17,1.616042107944111e-19,4.90431899861657e-19,-1.792347433516269e-17,-1.1837326941020115e-20,4.90431899861657e-19,-1591.0076687203368,-4.511728492209034,73.14737272494884,-1678893.7308122534,203.56319129066873,124414.70623064169,0.01671792267532507,4580.838212005012
136.73612381552832,2001.0,12.0,14.0,14.0,23.0,44.0,1.0,3516981.71301734,10301.657990289505,-163734.7148748535,123.7846452994377,-287.4272104050245,4568.674773093114,3520806.0938811842,4579.380550029724,3516916.3685558457,-23785.509027428598,-163734.7148748535,3520806.0938811842,119.30710586796374,-537.9007665946497,4568.674773093114,4601.777982748746,12754805.137191039,0.7240883455887671,1.633626126393426,1.9371509552001982e-07,7.712585383830207e-06,6.236563879353785,-0.04652167325847812,-0.006763068521168972,124606.09388118424,-0.01957956345804362,-0.019484255167347163,3112.6383275538683,-16088213473.296114,-1012151429.8983824,-196741283.70813164,-16087181807.061172,-1888914230.451802,16120020573.169304,16198892634.873486,-0.9988952173957838,0.006755699800896585,0.046504894194374514,0.006763016965180355,0.9999771305392582,0.0,0.046503830652522435,-0.00031451338840047225,0.9989180621131896,4569.44916520324,-537.0815891131334,-0.11700067095662607,5.1798924977746546e-09,149.5902347029606,0.0,-52.89023470296059,-1.0548826485197034,0.0,2.971907266475413e-17,2.2853492890431055,1.5707963267948966,19.356198794538102,461.0,0.025272425863312114,1.1599607794442157,0.0,0.05497505730819453,-1591.0085290999539,-4.660253326241984,74.07014000426695,-0.03566618299535673,0.17721734709183812,-1.3701356179168724,-0.03738210318296544,0.17686334578240182,-1.3701356179168724,-1.7963334569620716e-17,1.6231589484136374e-19,4.886003702752808e-19,-1.7964064023441437e-17,-1.17928599559384e-20,4.886003702752808e-19,-1591.045911203137,-4.483389980459582,72.70000438635007,-1678896.680088047,203.75167572704896,124429.18463837446,0.016819594151758068,4580.826564313555
137.0361238155283,2001.0,12.0,14.0,14.0,23.0,45.0,1.0,3517018.693100888,10215.429390921174,-162364.1053684076,122.74924029021136,-287.43011517876215,4568.721880683271,3520779.3093760936,4579.399859166873,3516952.0027443077,-23946.87895152336,-162364.1053684076,3520779.3093760936,118.25414590036803,-537.8987126936896,4568.721880683271,4601.797332692329,12754773.866375504,0.7240876692054222,1.6336261135273191,1.9428737179048833e-07,7.737807285304969e-06,6.236953981059626,-0.04613231778993577,-0.006808881345461949,124579.3093760931,-0.019415733122347154,-0.019321222740750335,3122.271938472986,-16088210328.526478,-1012151024.2408216,-196742073.10522744,-16087175796.855988,-1888932137.1642647,16120017409.134132,16198888763.772987,-0.9989129376494593,0.006801584776345132,0.04611595646907493,0.00680882873464556,0.9999768196569669,0.0,0.04611488748538468,-0.00031399564953230117,0.9989360933307708,4569.483361493109,-537.081071790415,-0.11699969166669849,5.196298007142977e-09,149.52327344023274,0.0,-52.82327344023275,-1.0883632798836271,0.0,2.9717839884753745e-17,2.285329156217849,1.5707963267948966,19.360613877970646,461.0,0.02535277189438835,1.167554573265257,0.0,0.05514863400828039,-1591.0615698011502,-4.621350792020261,73.45178144022096,-0.03546087129895147,0.17775541363272362,-1.374460343066507,-0.037185788508068585,0.17740258623271155,-1.374460343066507,-1.8019413594665478e-17,1.6330533931072714e-19,4.86018034547466e-19,-1.8020149758880072e-17,-1.1730174632787825e-20,4.86018034547466e-19,-1591.0987555896584,-4.4439482057875495,72.07732109715445,-1678900.7962306738,203.94016016342923,124443.75079403288,0.01692126640347394,4580.81484671295
137.20672731804942,2001.0,12.0,14.0,14.0,23.0,45.0,1.0,3517039.5843233326,10166.392666495587,-161584.66314197893,122.16041259145354,-287.43175561125986,4568.74848899648,3520764.1779306657,4579.410762996251,3516972.126236346,-24038.646253177467,-161584.66314197893,3520764.1779306657,117.65533532025624,-537.8975034006871,4568.74848899648,4601.808259565107,12754756.039266344,0.7240872836055637,1.6336261061936452,1.9428737179048833e-07,7.75211339572868e-06,6.237175826114907,-0.04591089715459481,-0.006834933874032112,124564.17793066567,-0.019322565181814966,-0.01922850855472208,3127.7268435657024,-16088208535.73591,-1012150792.9990569,-196742515.63863695,-16087172385.309624,-1888942251.2467742,16120015605.361685,16198886560.522411,-0.9989229464108702,0.006827678605644703,0.04589477027596621,0.006834880656995534,0.9999766419304026,0.0,0.04589369826272795,-0.000313685277616455,0.9989462798675994,4569.502675719621,-537.0807789777937,-0.11699913843029275,5.206158620953093e-09,149.49168275809382,0.0,-52.775048274281446,-1.1,0.0,2.9717256093926723e-17,2.285319622190121,1.5707963267948966,19.362705395066097,461.0,0.025401055525750255,1.1718838043818482,0.0,0.05525312204300371,-1591.0915350409875,-4.599226402132192,73.10011262415648,-0.035347027246408876,0.17807681316048002,-1.3770652849208591,-0.03707722086065115,0.17772462804519068,-1.3770652849208591,-1.805326213812713e-17,1.6388706898438552e-19,4.845911395437171e-19,-1.8054002215930183e-17,-1.1695576216411843e-20,4.845911395437171e-19,-1591.1286122618483,-4.421501774087002,71.72304733923562,-1678903.142802231,204.12864459980946,124458.40469761693,0.017022939435135682,4580.803059202629
137.35351692024742,2001.0,12.0,14.0,14.0,23.0,45.0,1.0,3517057.4790168223,10124.200570190877,-160914.01669400488,121.65376830559103,-287.43316040790137,4568.7712781693435,3520751.216844773,4579.420100107673,3516989.3590009254,-24117.603935930496,-160914.01669400488,3520751.216844773,117.14010176799691,-537.8964389413351,4568.7712781693435,4601.817616409099,12754740.671845023,0.7240869512075231,1.6336260998729202,1.948579673561758e-07,7.764377265863549e-06,6.237366706189069,-0.04572038228411147,-0.006857349694189834,124551.21684477339,-0.019242401524543738,-0.019148735314564916,3132.4072261452675,-16088206990.306751,-1012150593.6804968,-196742892.71619493,-16087169453.322071,-1888950913.4217114,16120014050.466972,16198884663.428215,-0.9989315184140677,0.006850130114431719,0.04570445532309233,0.006857295951843934,0.9999764884697184,0.0,0.045703380741407,-0.00031340897646827293,0.9989550053749265,4569.519216984031,-537.0805278272703,-0.11699866454478917,5.215416539447573e-09,149.47316692110485,0.0,-52.71950076331456,-1.1,0.0,2.9716910432544077e-17,2.285313977111346,1.5707963267948966,19.36394399825121,461.0,0.025446376163306833,1.1756157479128417,0.0,0.055351430146154366,-1591.1172027186688,-4.580189487124333,72.7975194172724,-0.035254024511426736,0.1783760263630608,-1.3795182082386237,-0.03698898479566131,0.17802434673132206,-1.3795182082386237,-1.808522699254775e-17,1.6441417697298833e-19,4.834329690419215e-19,-1.808597056455569e-17,-1.1667544406573797e-20,4.834329690419215e-19,-1591.1541917034644,-4.402165140393011,71.41800120903378,-1678905.1656118352,204.3171290361897,124473.14634912666,0.017124613251406382,4580.791201782059
137.60588911960116,2001.0,12.0,14.0,14.0,23.0,45.0,1.0,3517088.0711278156,10051.660128140327,-159760.9809189956,120.78268673322934,-287.4355612522217,4568.810232049343,3520729.059011089,4579.436056521114,3517018.810124567,-24253.353807009164,-159760.9809189956,3520729.0590110896,116.254253164253,-537.8945570129262,4568.810232049343,4601.8336065444255,12754714.187432874,0.7240863783459389,1.6336260889822967,1.9542689693874154e-07,7.78538258151176e-06,6.237694885489718,-0.04539283093306084,-0.006895888442171145,124529.05901108962,-0.019104576415873962,-0.019011581442774872,3140.425872951746,-16088204326.897984,-1012150250.2145236,-196743533.09435004,-16087164419.52865,-1888965719.3445203,16120011370.747795,16198881398.652864,-0.9989461702890694,0.006888730544298544,0.04537724381548111,0.006895833788618417,0.9999762234555178,0.0,0.045376164901425056,-0.00031291393113717074,0.9989699223418643,4569.547489567492,-537.080097732024,-0.11699785440215785,5.231243563507416e-09,149.44151287298516,0.0,-52.624538618955505,-1.1,0.0,2.9716319467248004e-17,2.2853043259156465,1.5707963267948966,19.36606197452075,461.0,0.02552385593328172,1.1820474818798417,0.0,0.055519494685498834,-1591.1610843018225,-4.547458040593354,72.27725052295219,-0.03509222734784674,0.17888738869362392,-1.383711673477466,-0.036835367615542354,0.17853660113961087,-1.383711673477466,-1.8139871792493447e-17,1.65319537445503e-19,4.814168284658071e-19,-1.8140621384126106e-17,-1.1618749818115493e-20,4.814168284658071e-19,-1591.197919669438,-4.368921439453743,70.89353884947472,-1678908.6517594457,204.50561347256996,124487.97574856204,0.017226287856949157,4580.779274450733
137.90588911960114,2001.0,12.0,14.0,14.0,23.0,45.0,1.0,3517124.150609153,9965.429034578261,-158390.33094939738,119.74718321377493,-287.4383915105377,4568.856163817575,3520702.9266202305,4579.454865205645,3517053.5284428154,-24414.72182808194,-158390.33094939738,3520702.9266202315,115.20119628447705,-537.8922346728048,4568.856163817575,4601.852454979465,12754682.600920059,0.7240856951210449,1.6336260759978858,1.9599417504617463e-07,7.810255685015356e-06,6.238085004337153,-0.04500345863928676,-0.006941699769533738,124502.92662023101,-0.0189407385042989,-0.01884854144599756,3149.910802990198,-16088201150.40177,-1012149840.6503687,-196744281.37706012,-16087158447.507574,-1888983176.7164311,16120008174.803364,16198877512.63607,-0.9989634461488294,0.006934615710823219,0.044988269175396556,0.006941644019493857,0.9999759064989049,0.0,0.04498718525048391,-0.00031229254966877137,0.9989875152556222,4569.580823948194,-537.079589270433,-0.11699689893345232,5.249909556977851e-09,149.40418088604432,0.0,-52.512542658132894,-1.1,0.0,2.971562244223632e-17,2.2852929426333457,1.5707963267948966,19.368560676414518,461.0,0.025615235470056355,1.189718365864812,0.0,0.055717706305359896,-1591.2128387412686,-4.5085467399948165,71.65875224947872,-0.03489679197950638,0.1794902122487768,-1.3886573901613797,-0.03664963066826088,0.17914052292949229,-1.3886573901613797,-1.8204316489723913e-17,1.6639427049638366e-19,4.7897947565170975e-19,-1.82050732567352e-17,-1.155976612518826e-20,4.7897947565170975e-19,-1591.2494883719369,-4.3294062170653245,70.27009485931734,-1678912.8095163498,204.6940979089502,124502.89289592305,0.017327963256427114,4580.767277208188
138.20588911960112,2001.0,12.0,14.0,14.0,23.0,46.0,1.0,3517159.9194344147,9879.197095796968,-157019.66726113932,118.71164628128533,-287.44119605225933,4568.90168987988,3520677.0191708803,4579.473501172159,3517087.930839064,-24576.08913856116,-157019.66726113932,3520677.01917088,114.14810655280615,-537.8898197277734,4568.90168987988,4601.8711303320515,12754650.902719337,0.7240850094757857,1.6336260629713968,1.9655981597711058e-07,7.835007316927528e-06,6.238475129000664,-0.04461408064006191,-0.006987510588924416,124477.01917088032,-0.01877689802553298,-0.01868549888395256,3159.3443735018373,-16088197962.68079,-1012149429.7004756,-196745015.71261984,-16087152488.376143,-1889000479.044112,16120004967.569313,16198873621.19056,-0.9989805687053164,0.006980500910688147,0.04459928201483176,0.0069874537278415095,0.9999755874472143,0.0,0.04459819323250536,-0.00031163541937359097,0.9990049569665616,4569.613860915614,-537.079083851498,-0.11699595168062807,5.268414877942626e-09,149.3343404882295,0.0,-52.434340488229495,-1.1328297558852527,0.0,2.971433772389273e-17,2.2852719615905746,1.5707963267948966,19.373167892996186,461.0,0.025705822883244082,1.1974165443434286,0.0,0.05591352411998894,-1591.2641494048542,-4.469632465837443,71.04020658358615,-0.034697135639443134,0.1800957033694639,-1.3935360940722452,-0.036459724784991855,0.17974716148614558,-1.3935360940722452,-1.8267612916548705e-17,1.6746217279095264e-19,4.764807053045559e-19,-1.8268376857804057e-17,-1.1499105276888528e-20,4.764807053045559e-19,-1591.300609129639,-4.289885304351298,69.64667048951391,-1678916.981995521,204.88258234533046,124517.89779120975,0.0174296394545035,4580.755210053982
138.5058891196011,2001.0,12.0,14.0,14.0,23.0,46.0,1.0,3517195.3775936146,9792.96431951509,-155648.9899759828,117.67607622717664,-287.44397487584826,4568.946810242564,3520651.336670048,4579.491964446968,3517122.017303496,-24737.45571066164,-155648.9899759828,3520651.3366700476,113.09498426569586,-537.8873121763525,4568.946810242564,4601.889632628326,12754619.094118929,0.7240843214379914,1.6336260499024071,1.971238338250365e-07,7.859610373566648e-06,6.238865259432841,-0.04422469698553746,-0.0070333209046306595,124451.3366700476,-0.0186130550031827,-0.018522453780237366,3168.726360157132,-16088194763.865335,-1012149017.3662219,-196745736.22388965,-16087146542.265007,-1889017626.3192775,16120001749.175756,16198869724.44609,-0.9989975379470863,0.007026386127192922,0.04421028244256671,0.0070332629178530975,0.9999752663004863,0.0,0.04420918895872536,-0.0003109425400911163,0.9990222474631626,4569.646600484992,-537.0785814741697,-0.1169950126427143,5.286759521394568e-09,149.26096191442173,0.0,-52.36096191442173,-1.1695190427891355,0.0,2.971298894868162e-17,2.2852499344197685,1.5707963267948966,19.378007265822156,461.0,0.02579562467031035,1.2051417811523994,0.0,0.0561075502433847,-1591.3150162330796,-4.430715243843272,70.42161393370051,-0.034494069849288926,0.1806967450101786,-1.398369213143904,-0.036266391749964454,0.18034939240673709,-1.398369213143904,-1.8330278494298407e-17,1.6852768713135272e-19,4.739365719858534e-19,-1.8331049627539705e-17,-1.1437331198576722e-20,4.739365719858534e-19,-1591.3512826248295,-4.250365851436535,69.0232447205566,-1678921.1690276098,205.0710667817107,124532.99043442207,0.01753131645584149,4580.743072987717
138.8058891196011,2001.0,12.0,14.0,14.0,23.0,46.0,1.0,3517230.525076868,9706.730713443409,-154278.29921556776,116.6404733423315,-287.44672798246233,4568.99152490426,3520625.879124689,4579.51025504871,3517155.7878263975,-24898.821516606204,-154278.29921556776,3520625.879124689,112.0418297190411,-537.8847120197852,4568.99152490426,4601.907961886934,12754587.17613691,0.7240836310296502,1.633626036791187,1.9768624248238833e-07,7.884080327712636e-06,6.239255395585913,-0.04383530772583215,-0.007079130720942103,124425.87912468938,-0.018449209460882063,-0.018359406158447757,3178.056036569178,-16088191554.057724,-1012148603.6584063,-196746443.0339455,-16087140609.276829,-1889034618.543154,16119998519.725492,16198865822.505743,-0.9990143538627984,0.00707227134363866,0.0438212705673586,0.007079071593722498,0.9999749430587603,0.0,0.043820172540356944,-0.00031021391167421604,0.9990393867340078,4569.679042663802,-537.0780821400896,-0.11699408181952124,5.305002352012022e-09,149.18822607054108,0.0,-52.288226070541086,-1.205886964729455,0.0,2.971165171123311e-17,2.2852280956749245,1.5707963267948966,19.38280770817166,461.0,0.02588492895109966,1.212893840726274,0.0,0.05630049684246445,-1591.3654391669552,-4.391795099735937,69.80297470827487,-0.03428811682170435,0.18129432021634176,-1.4031754287719298,-0.036070163141043866,0.18094819377065577,-1.4031754287719298,-1.8392592524993203e-17,1.6959330636297915e-19,4.713549359399403e-19,-1.8393370879127453e-17,-1.1374658899166498e-20,4.713549359399403e-19,-1591.4015093300961,-4.2108469059652816,68.39979927950294,-1678925.3704788126,205.25955121809096,124548.17082556005,0.017632994265104417,4580.7308660090175
139.10588911960107,2001.0,12.0,14.0,14.0,23.0,47.0,1.0,3517265.361874367,9620.49628529775,-152907.59510161536,115.60483791665393,-287.44945536826503,4569.035833818308,3520600.646541689,4579.52837295032,3517189.2423981326,-25060.18652861257,-152907.59510161536,3520600.646541689,110.98864320780763,-537.8820192543415,4569.035833818308,4601.926118080776,12754555.148198225,0.7240829382382894,1.6336260236375393,1.9768624248238833e-07,7.908418414888948e-06,6.239645537410916,-0.043445912911090095,-0.007124940042146853,124400.64654168952,-0.01828536142226349,-0.018196356042208255,3187.3330108076334,-16088188333.199848,-1012148188.5701901,-196747136.2639838,-16087134689.35383,-1889051455.6994097,16119995279.160095,16198861915.311197,-0.9990310164412123,0.007118156543324324,0.04343224649799958,0.0071248797596420626,0.9999746177220753,0.0,0.04343114408864807,-0.00030944953398938206,0.9990563747677791,4569.7111874141565,-537.0775858458966,-0.11699315921093328,5.323386091054778e-09,149.11613297625576,0.0,-52.21613297625577,-1.241933511872112,0.0,2.9710326019343786e-17,2.2852064454833716,1.5707963267948966,19.38756913032377,461.0,0.025974920013378176,1.2206728590546858,0.0,0.05649493991449357,-1591.41541814801,-4.3528720592465096,69.1842893158812,-0.03408084920481596,0.18189672610900612,-1.40801894277437,-0.03587269312042447,0.18155184697486293,-1.40801894277437,-1.8455396628315743e-17,1.7066678512374043e-19,4.687574143525007e-19,-1.845618226794129e-17,-1.1311610057630635e-20,4.687574143525007e-19,-1591.4512908411305,-4.171320212271647,67.77627037310683,-1678929.5864250567,205.4480356544712,124563.4389646237,0.017734672886955474,4580.718589117549
139.40588911960106,2001.0,12.0,14.0,14.0,23.0,47.0,1.0,3517299.887976395,9534.261042794518,-151536.87775585314,114.56917024084892,-287.45215703309765,4569.079736968421,3520575.638927871,4579.546318155115,3517222.3810091573,-25221.55071889796,-151536.87775585314,3520575.6389278704,109.93542502772593,-537.8792338800079,4569.079736968421,4601.94410121318,12754523.010781359,0.7240822430742263,1.6336260104416516,1.9824705564454337e-07,7.932625848838716e-06,6.240035684859692,-0.04305651259145936,-0.007170748872532767,124375.63892787043,-0.018121510910927174,-0.018033303455093457,3196.5566190183163,-16088185101.339619,-1012147772.1076201,-196747816.03652465,-16087128782.544228,-1889068137.7846823,16119992027.527765,16198858002.910925,-0.9990475256711898,0.0071640417095480274,0.043043210343295175,0.007170687419803893,0.9999742902904691,0.0,0.043042103714859975,-0.0003086494069166395,0.9990732115532589,4569.74303472847,-537.0770925919051,-0.11699224481686256,5.341605923980119e-09,149.04468265105837,0.0,-52.14468265105836,-1.2776586744708214,0.0,2.970901188071547e-17,2.2851849839708893,1.5707963267948966,19.39229144329581,461.0,0.026064110523462893,1.2284787201292116,0.0,0.05668764462927105,-1591.4649531182906,-4.313946148111427,68.56555816517556,-0.03387030833253967,0.18249354879827276,-1.4128191339674558,-0.03567192052456888,0.18214995807196252,-1.4128191339674558,-1.851763412363221e-17,1.7173836279841515e-19,4.661170738813326e-19,-1.851842706859648e-17,-1.124753474672884e-20,4.661170738813326e-19,-1591.500625038815,-4.131796190039465,67.1527390312081,-1678933.8168035615,205.63652009085146,124578.794851613,0.017836352326058035,4580.7062423130055
139.70588911960104,2001.0,12.0,14.0,14.0,23.0,47.0,1.0,3517334.1033733166,9448.024993649904,-150166.14730001165,113.53347060585472,-287.4548329779224,4569.123234346888,3520550.8562899902,4579.5640906748695,3517255.203650013,-25382.914059679784,-150166.14730001165,3520550.8562899907,108.88217547474856,-537.8763558979255,4569.123234346888,4601.961911295954,12754490.764655866,0.724081545554073,1.6336259972038383,1.9936394930272808e-07,7.956717775349263e-06,6.2404258378842785,-0.04266710681709099,-0.00721655721638766,124350.85628999025,-0.017957657950501468,-0.01787024842073139,3205.726112946868,-16088181858.55418,-1012147354.2806271,-196748482.47447455,-16087122888.925457,-1889084664.7995782,16119988764.906116,16198854085.3829,-0.9990638815416942,0.007209926825607252,0.042654162212063314,0.0072164945784000505,0.999973960763979,0.0,0.042653051530266196,-0.0003078135303495512,0.9990898970793304,4569.774584607662,-537.0766023795462,-0.11699133863724964,5.3596618458642486e-09,148.98693755712893,0.0,-52.07387511425785,-1.3,0.0,2.970794576959827e-17,2.285167573055057,1.5707963267948966,19.396124224390995,461.0,0.026152503445736684,1.2363112333761828,0.0,0.05687893089219594,-1591.5140440203613,-4.275017392072087,67.94678166489581,-0.033656848713653986,0.18308561789273683,-1.4175864359255572,-0.035468207706269135,0.18274335333085026,-1.4175864359255572,-1.8579557583061578e-17,1.7281023404626908e-19,4.634415303143996e-19,-1.8580357862711833e-17,-1.1182703370329687e-20,4.634415303143996e-19,-1591.5495122280677,-4.092274038741237,66.52919522897025,-1678938.0615132526,205.8250045272317,124594.23848652796,0.0179380325870754,4580.693825595115
140.00588911960102,2001.0,12.0,14.0,14.0,23.0,48.0,1.0,3517368.0080555906,9361.788145579741,-148795.40385582432,112.49773930233223,-287.45748320348457,4569.166325938399,3520526.2986347442,4579.58169051358,3517287.710311333,-25544.276523175962,-148795.40385582432,3520526.298634744,107.82889484455255,-537.8733853090466,4569.166325938399,4601.979548333154,12754458.410317482,0.7240808456885214,1.6336259839244704,1.9936394930272808e-07,7.98063959487078e-06,6.240815996436436,-0.04227769563813897,-0.007262365077999383,124326.29863474425,-0.017793802564644228,-0.01770719096271827,3214.8407109230757,-16088178604.892984,-1012146935.098319,-196749135.70051342,-16087117008.54724,-1889101036.7439644,16119985491.345072,16198850162.777477,-0.9990800840417904,0.007255811874798948,0.042265102213134155,0.007262301239622631,0.9999736291426414,0.0,0.04226398764615245,-0.0003069419041952214,0.9991064313349771,4569.8058370449735,-537.0761152100289,-0.11699044067218513,5.377553851829193e-09,148.9518551924918,0.0,-52.003710384983556,-1.3,0.0,2.9707289989091595e-17,2.2851568633466397,1.5707963267948966,19.398482601648954,461.0,0.026240100826280702,1.2441701438754458,0.0,0.057069022034924005,-1591.5626907972994,-4.236085816874714,67.32796022386061,-0.03344071563652331,0.18367351351775923,-1.422328134031613,-0.03526180539773562,0.18333261060251535,-1.422328134031613,-1.8641343440098512e-17,1.7388394697179353e-19,4.607359756642367e-19,-1.864215109059002e-17,-1.1117298756197067e-20,4.607359756642367e-19,-1591.5979526026972,-4.0527532062721985,65.905632089829,-1678942.32048909,206.01348896361196,124609.76986936855,0.018039713674670957,4580.681338963641
140.305889119601,2001.0,12.0,14.0,14.0,23.0,48.0,1.0,3517401.6020137602,9275.550506299582,-147424.64754502763,111.46197662140682,-287.46010771148735,4569.209011741288,3520501.965968765,4579.599117688758,3517319.9009838416,-25705.638081604706,-147424.64754502763,3520501.965968765,106.77558343326965,-537.8703221153175,4569.209011741288,4601.997012342332,12754425.948728897,0.7240801434983618,1.633625970603941,2.0102765505361653e-07,8.004448313035997e-06,6.241206160468315,-0.041888279104760236,-0.007308172461655759,124301.96596876532,-0.017629944776987566,-0.017544131104674003,3223.899623811245,-16088175340.4526,-1012146514.5731176,-196749775.83780944,-16087111141.506409,-1889117253.6211078,16119982206.941795,16198846235.19221,-0.9990961331606449,0.007301696840419482,0.041876030455350016,0.007308107407663705,0.9999732954264919,0.0,0.041874912173816496,-0.00030603452837429435,0.9991228143092833,4569.8367920472265,-537.0756310855165,-0.11698955092162422,5.395281937042416e-09,148.9170942410933,0.0,-51.9341884821866,-1.3,0.0,2.970664016644872e-17,2.2851462509375216,1.5707963267948966,19.40082013726668,461.0,0.026326897398547152,1.2520552136215335,0.0,0.05725737277149247,-1591.610893392699,-4.197151448270372,66.70909425096897,-0.033221380907056765,0.18425583231376283,-1.4270264447519114,-0.03505217121026365,0.18391633202207902,-1.4270264447519114,-1.8702561492432917e-17,1.7495565363742262e-19,4.5798837243716905e-19,-1.8703376533048587e-17,-1.1050881492540244e-20,4.5798837243716905e-19,-1591.6459455639092,-4.013235116248293,65.28206780621706,-1678946.593604559,206.2019733999922,124625.3890001348,0.018141395593508077,4580.668782418374
140.605889119601,2001.0,12.0,14.0,14.0,23.0,48.0,1.0,3517434.8852384556,9189.312083524394,-146053.87848935864,110.42618285426556,-287.4627065045889,4569.251291755598,3520477.8582986174,4579.6163722195015,3517351.775658346,-25866.99870718491,-146053.87848935864,3520477.8582986174,105.72224153708343,-537.8671663196708,4569.251291755598,4602.014303342676,12754393.380904717,0.7240794390055088,1.6336259572428278,2.0102765505361653e-07,8.02810344859113e-06,6.241596329932088,-0.041498857267114025,-0.007353979371644709,124277.85829861742,-0.017466084611130306,-0.01738106887019862,3232.901945769787,-16088172065.334658,-1012146092.7207446,-196750403.0097139,-16087105287.904823,-1889133315.4376564,16119978911.798698,16198842302.730042,-0.9991120288875266,0.007347581705764784,0.04148694704756468,0.007353913086715439,0.9999729596155653,0.0,0.04148582522456749,-0.00030509140282095634,0.9991390459914339,4569.867449622876,-537.0751500091222,-0.11698866938568889,5.4128460967215995e-09,148.8653094246212,0.0,-51.847964136931765,-1.3173452876894112,0.0,2.970568220454993e-17,2.2851306062324612,1.5707963267948966,19.40426717006567,461.0,0.026412889003090686,1.259966201937447,0.0,0.05744349878641197,-1591.6586517506746,-4.158214312014782,66.09018415519861,-0.03299847580674185,0.18482594623234047,-1.4316666854668516,-0.03483887003301863,0.18448789375205782,-1.4316666854668516,-1.876285592475086e-17,1.7602212926706537e-19,4.551891236369625e-19,-1.8763678360454823e-17,-1.098309380712975e-20,4.551891236369625e-19,-1591.6934906207077,-3.973726418262724,64.65851746973176,-1678950.8807263263,206.39045783637243,124641.09587882672,0.018243078348250112,4580.656155959142
140.90588911960097,2001.0,12.0,14.0,14.0,23.0,48.0,1.0,3517467.857720395,9103.072884967312,-144683.09681055145,109.39035829256336,-287.46527959124234,4569.293165995979,3520453.975630806,4579.633454139687,3517383.334325746,-26028.35837213737,-144683.09681055145,3520453.9756308054,104.66886945258682,-537.8639179308698,4569.293165995979,4602.031421368392,12754360.708370449,0.7240787322429304,1.6336259438427696,2.015791722903953e-07,8.05162014401277e-06,6.241986504780312,-0.04110943017536073,-0.007399785812254573,124253.97563080536,-0.017302222090674984,-0.01721800428288431,3241.8460724800825,-16088168779.691301,-1012145669.5772516,-196751017.34079602,-16087099447.89484,-1889149222.2206738,16119975606.069893,16198838365.546465,-0.9991277712118054,0.007393466454130686,0.0410978520986421,0.007399718280970421,0.9999726217098958,0.0,0.04109672690972468,-0.0003041125274829405,0.9991551263707144,4569.89780979492,-537.0746719897512,-0.1169877960653855,5.430246326127517e-09,148.79707323087248,0.0,-51.745609846308724,-1.3514633845637591,0.0,2.970442632612869e-17,2.2851100961813655,1.5707963267948966,19.40878811298817,461.0,0.026498075658540184,1.2679028666567123,0.0,0.057627411372237224,-1591.705965815856,-4.119274433867704,65.4712303456033,-0.03277205306085128,0.18538401512206856,-1.4362491962738524,-0.03462195540914289,0.18504745534119058,-1.4362491962738524,-1.8822235034698852e-17,1.7708336956902577e-19,4.523391296082171e-19,-1.8823064870169626e-17,-1.0913963943341991e-20,4.523391296082171e-19,-1591.7405877712652,-3.934226978526514,64.03498114932945,-1678955.1816537827,206.5789422727527,124656.89050544427,0.01834476194356052,4580.643459585802
141.20588911960095,2001.0,12.0,14.0,14.0,23.0,49.0,1.0,3517500.519450382,9016.832918339916,-143312.30263033815,108.3545032275608,-287.4678269742864,4569.33463446458,3520430.3179717665,4579.650363470181,3517414.576977029,-26189.71704868453,-143312.30263033815,3520430.317971766,103.61546747603373,-537.8605769520908,4569.33463446458,4602.048366440434,12754327.932195652,0.7240780232337306,1.6336259304043548,2.021291846968317e-07,8.074972111000085e-06,6.242376684965154,-0.04071999787966228,-0.007445591787774059,124230.31797176693,-0.017138357239240995,-0.017054937366269476,3250.73112629354,-16088165483.629688,-1012145245.1588776,-196751618.954468,-16087093621.583826,-1889164973.9774947,16119972289.863342,16198834423.749989,-0.9991433601229538,0.007439351068812882,0.04070874571745677,0.007445522994621605,0.9999722817095165,0.0,0.04070761734061776,-0.0003030979023215282,0.9991710554365111,4569.927872573778,-537.074197030688,-0.11698693096082954,5.447482620569814e-09,148.72947991933407,0.0,-51.6442198790011,-1.385260040332968,0.0,2.9703182042498726e-17,2.2850897754875814,1.5707963267948966,19.413269463689808,461.0,0.026582461299001364,1.275864967189726,0.0,0.057809586284472525,-1591.7528355333925,-4.0803318395930255,64.8522332313129,-0.032542538805024314,0.1859365597145282,-1.4407883992197907,-0.03440191795205971,0.18560153316061417,-1.4407883992197907,-1.8881048504171e-17,1.7814244270572458e-19,4.494486816475202e-19,-1.8881885757448434e-17,-1.0843865410251751e-20,4.494486816475202e-19,-1591.7872374513445,-3.8947303064324115,63.4114448320931,-1678959.4962463528,206.76742670913293,124672.77287998747,0.018446446384102654,4580.630693298251
141.50588911960094,2001.0,12.0,14.0,14.0,23.0,49.0,1.0,3517532.870419309,8930.592191353084,-141941.49607045058,107.31861795021352,-287.470348652986,4569.375697151406,3520406.8853278747,4579.667100219328,3517445.5036032707,-26351.074709049655,-141941.49607045058,3520406.8853278747,102.56203590340844,-537.8571433829646,4569.375697151406,4602.065138567101,12754295.053011049,0.7240773119915227,1.6336259169275593,2.0267770452403228e-07,8.098174484151138e-06,6.242766870438431,-0.040330560430182516,-0.007491397302491984,124206.88532787468,-0.01697449008043932,-0.016891868144013694,3259.5566400289536,-16088162177.213282,-1012144819.4692303,-196752207.9733094,-16087087809.035433,-1889180570.7029057,16119968963.24261,16198830477.40423,-0.9991587956105455,0.0074852355331066905,0.04031962801289397,0.0074913272318620555,0.99997193961446,0.0,0.040318496628587094,-0.00030204752731154074,0.999186833178311,4569.957637957648,-537.0737251316374,-0.11698607407167694,5.464742327864518e-09,148.68126475410668,0.0,-51.562529508213395,-1.4187352458933042,0.0,2.970228884133486e-17,2.2850751884055835,1.5707963267948966,19.41648769155498,461.0,0.026666964546935432,1.2838523385449323,0.0,0.05799207206005606,-1591.7992608489494,-4.041386554959087,64.23319322153306,-0.03231112161675645,0.18649645673302406,-1.4453381059597181,-0.0341800749842132,0.18616299156432545,-1.4453381059597181,-1.8940181124008477e-17,1.7920765721390506e-19,4.46539177352209e-19,-1.8941025852103237e-17,-1.0773328548837548e-20,4.46539177352209e-19,-1591.8334409239337,-3.8552235633947616,62.787855115573336,-1678963.824421214,206.9559111455132,124688.74300245635,0.01854813167453999,4580.6178570964075
141.80588911960092,2001.0,12.0,14.0,14.0,23.0,49.0,1.0,3517564.91061816,8844.350711719679,-140570.67725263102,106.28270275065223,-287.47284461820766,4569.416354010772,3520383.6777054453,4579.6836643591405,3517476.1141956416,-26512.431325454178,-140570.67725263102,3520383.6777054463,101.50857502995484,-537.8536172147475,4569.416354010772,4602.081737720083,12754262.070180299,0.7240765985025093,1.6336259034110192,2.0322474385776934e-07,8.121228545636084e-06,6.243157061151059,-0.039941117877090204,-0.007537202360696524,124183.67770544579,-0.016810620637885347,-0.01672879663965807,3268.3230168893933,-16088158860.37896,-1012144392.4823099,-196752784.5177722,-16087082010.186737,-1889196012.3621736,16119965626.143068,16198826526.443647,-0.9991740776642564,0.00753111983030632,0.03993049909385266,0.007537130996884196,0.999971595424758,0.0,0.039929364884986704,-0.0003009614024413332,0.9992024595857016,4569.987105908964,-537.0732562839003,-0.11698522539668017,5.4819822759545594e-09,148.64811100777968,0.0,-51.49622201555939,-1.4518889922203058,0.0,2.97016686542236e-17,2.285065059981426,1.5707963267948966,19.418722890961686,461.0,0.026751373717759118,1.2918651057749457,0.0,0.05817439723214768,-1591.8452417087062,-4.0024386057398535,63.61411072554941,-0.0320775298267357,0.1870607994799204,-1.4498859571736127,-0.03395612610426977,0.18672892684809989,-1.4498859571736127,-1.8999431270206267e-17,1.8027713002513616e-19,4.436056533613894e-19,-1.900028352149443e-17,-1.0702230098850158e-20,4.436056533613894e-19,-1591.8791978348104,-3.8157096788917535,62.164224768375796,-1678968.1662623454,207.14439558189343,124704.80087285087,0.01864981781953591,4580.604950980233
142.1058891196009,2001.0,12.0,14.0,14.0,23.0,50.0,1.0,3517596.6400379976,8758.108487153648,-139199.8462986283,105.24675791996441,-287.4753148700261,4569.456605036144,3520360.695110722,4579.70005590112,3517506.40874539,-26673.7868701185,-139199.8462986283,3520360.695110722,100.4550851517814,-537.8499984479433,4569.456605036144,4602.098163910864,12754228.984437374,0.7240758827825379,1.6336258898548397,2.037703146215881e-07,8.144149187123701e-06,6.243547257054905,-0.039551670270558045,-0.0075830069666754625,124160.69511072151,-0.016646748935219155,-0.016565722876827234,3277.029689922929,-16088155533.200462,-1012143964.2044536,-196753348.71066052,-16087076225.111631,-1889211298.9529805,16119962278.63871,16198822570.94238,-0.9991892062738638,0.007577003943705138,0.039541359069244525,0.007582934293880058,0.9999712491404413,0.0,0.03954022222118317,-0.00029983952771279955,0.9992179346483714,4570.016276429239,-537.0727904879823,-0.11698438493559028,5.4990550606068744e-09,148.61527872960215,0.0,-51.43055745920433,-1.4847212703978359,0.0,2.970105443773158e-17,2.28505502906488,1.5707963267948966,19.420937095922223,461.0,0.026834965969023444,1.2999030846564144,0.0,0.058354950364784025,-1591.890778059365,-3.9634880177144884,62.9949861527255,-0.03184087273554008,0.18761948090343733,-1.4543896297022776,-0.033729079138692566,0.18728924157968058,-1.4543896297022776,-1.9058103617519986e-17,1.8134426835626117e-19,4.406318336381367e-19,-1.9058963409360947e-17,-1.0630166255060153e-20,4.406318336381367e-19,-1591.9245071385037,-3.776198776134808,61.540596523023225,-1678972.5216733385,207.3328800182737,124720.94649117104,0.018751504823753855,4580.591974949715
142.3317331986423,2001.0,12.0,14.0,14.0,23.0,50.0,1.0,3517620.321328347,8693.18368106675,-138167.8581841417,104.46686519252019,-287.47715754583083,4569.486638800531,3520343.5419714157,4579.71228181535,3517529.006373365,-26795.25679414075,-138167.8581841417,3520343.5419714153,99.66198469034232,-537.8472130991155,4569.486638800531,4602.110415668824,12754204.009814966,0.7240753425214341,1.6336258796237229,2.0431442857983876e-07,8.161294023605041e-06,6.243841005232772,-0.039258485513381035,-0.007617489001083209,124143.54197141482,-0.016523382612454188,-0.01644295725508332,3283.544300816953,-16088153021.697975,-1012143640.9486291,-196753765.36826974,-16087071879.183445,-1889222704.6008239,16119959751.795076,16198819590.259674,-0.9992004940527838,0.0076115459967680404,0.039248401906470415,0.007617415332384748,0.999970987070952,0.0,0.039247263195370655,-0.0002989713784539465,0.999229484626924,4570.038040164683,-537.072441845847,-0.11698375764437123,5.511278443937685e-09,148.58385492853702,0.0,-51.38385492853703,-1.5080725357314813,0.0,2.9700470578340735e-17,2.2850454939174196,1.5707963267948966,19.423042349484867,461.0,0.026894822219842962,1.3059706559611526,0.0,0.05848423368828538,-1591.9247651371231,-3.9341637600473383,62.52887324298519,-0.03165771962714604,0.1880192531826271,-1.4576131739527087,-0.033552966698591105,0.18769030130794467,-1.4576131739527087,-1.9100024476214592e-17,1.821282397135674e-19,4.3832399896707345e-19,-1.910088987122543e-17,-1.0574261934753867e-20,4.3832399896707345e-19,-1591.9583181038217,-3.7464734587393935,61.07126006903248,-1678975.8093504608,207.52136445465393,124737.17985741686,0.01885319269185722,4580.578929004877
142.4092654357665,2001.0,12.0,14.0,14.0,23.0,50.0,1.0,3517628.4104988496,8670.894909516002,-137813.57526470406,104.19912433004211,-287.47778678108045,4569.496896392438,3520337.6827080715,4579.716456457083,3517536.722834962,-26836.95725430589,-137813.57526470406,3520337.6827080715,99.38970969768977,-537.8462447941355,4569.496896392438,4602.1145991351705,12754195.42409354,0.7240751567910225,1.6336258761067821,2.0431442857983876e-07,8.16716862866563e-06,6.24394184960574,-0.03915783458200675,-0.007629326619914784,124137.68270807108,-0.016481030682619954,-0.01640081154604904,3285.772493392229,-16088152158.299734,-1012143529.8251885,-196753906.81994233,-16087070389.178747,-1889226599.9115791,16119958883.123188,16198818566.551514,-0.9992043490921716,0.007623404250714143,0.03914782832955075,0.00762925260723834,0.9999708968288302,0.0,0.03914668900360195,-0.000298668671350944,0.9992334299537221,4570.045472824122,-537.0723225609664,-0.11698354336878826,5.5151602059029104e-09,148.5692067701777,0.0,-51.3692067701777,-1.5153966149111515,0.0,2.970020018287886e-17,2.285041078024412,1.5707963267948966,19.42401748887925,461.0,0.026913834885483854,1.3080565806453588,0.0,0.058525299931401244,-1591.9363747986051,-3.9240964074875238,62.36885134033103,-0.03159277800291414,0.1881461262579231,-1.4586363632062378,-0.033490340539755865,0.1878176390500502,-1.4586363632062378,-1.9113287203677002e-17,1.8238698859681108e-19,4.375026298626669e-19,-1.91141544764355e-17,-1.0554374122179968e-20,4.375026298626669e-19,-1591.969865139145,-3.7362787684374736,60.91021497712479,-1678976.9395839367,207.7098488910342,124753.50097158834,0.018954881428509453,4580.565813145774
142.5298461187937,2001.0,12.0,14.0,14.0,23.0,50.0,1.0,3517640.949795386,8636.230582793985,-137262.5812486247,103.78272109022396,-287.47876198099414,4569.512795513724,3520328.6000552704,4579.722926133269,3517548.681783856,-26901.811030482804,-137262.5812486247,3520328.60005527,98.9662549140779,-537.8447265704983,4569.512795513724,4602.121082487407,12754182.059204241,0.7240748676747442,1.6336258706324627,2.0431442857983876e-07,8.176257777844124e-06,6.244098686765211,-0.039001298289004366,-0.007647736814882676,124128.6000552699,-0.01641516327610308,-0.016335264861073052,3289.2294138148427,-16088150814.298916,-1012143356.8506709,-196754125.20631075,-16087068073.85978,-1889232637.4643617,16119957530.913492,16198816974.002913,-0.9992103242091177,0.007641846567976762,0.038991411553588956,0.0076476622651172246,0.9999707562033395,0.0,0.03899027129667798,-0.000298193146802038,0.9992395457672092,4570.056992906407,-537.0721374554532,-0.11698321121050641,5.5211774633836936e-09,148.54650013817474,0.0,-51.34650013817474,-1.5267499309126287,0.0,2.969978101198051e-17,2.285034232444141,1.5707963267948966,19.42552936384316,461.0,0.026943307262321595,1.3113036459238196,0.0,0.058588957788561144,-1591.9543715185448,-3.9084389867933385,62.11997454640108,-0.03149142353587771,0.18834277573725633,-1.4602224344751014,-0.03339258321622791,0.18801501619519054,-1.4602224344751014,-1.913384566657234e-17,1.8278911573823394e-19,4.3622055938198e-19,-1.913471586181809e-17,-1.0523332581783186e-20,4.3622055938198e-19,-1591.987764101761,-3.720423970598148,60.65975211192598,-1678978.6989551615,207.89833332741443,124769.90983368547,0.01905657103837393,4580.552627372493
142.7403294834484,2001.0,12.0,14.0,14.0,23.0,50.0,1.0,3517662.717834223,8575.720907377734,-136300.7719128184,103.05584426833867,-287.4804543341688,4569.540391732647,3520312.8326689894,4579.734152801688,3517569.434741283,-27015.018116311778,-136300.7719128184,3520312.832668989,98.22706929763817,-537.8420405577901,4569.540391732647,4602.132332887693,12754158.69511217,0.7240743622486272,1.6336258610632681,2.048570973406366e-07,8.192061597332938e-06,6.244372460716794,-0.03872804958260768,-0.007679873132878141,124112.83266898943,-0.016300185522344857,-0.016220846953446208,3295.2388937473297,-16088148464.759424,-1012143054.475669,-196754501.76106805,-16087064038.142467,-1889243116.528376,16119955167.024357,16198814192.854048,-0.9992206948478422,0.007674039041533093,0.038718369188081365,0.007679797639370175,0.9999705099192767,0.0,0.038717227380248534,-0.0002973492402908902,0.9992501628158064,4570.0769871313,-537.0718155376835,-0.11698263458126647,5.531623356794496e-09,148.5070816724736,0.0,-51.3070816724736,-1.546459163763199,0.0,2.969905327451438e-17,2.285022347589395,1.5707963267948966,19.42815476121227,461.0,0.026994471467384082,1.316980150004477,0.0,0.0586994660103147,-1591.9856141192613,-3.8811066922449986,61.68552402094839,-0.03131347000273921,0.1886840962014105,-1.4629758055858508,-0.033220897232170775,0.18835762142808327,-1.4629758055858508,-1.9169533306665687e-17,1.8349021521154617e-19,4.339690985727122e-19,-1.9170408609577772e-17,-1.0468823712974975e-20,4.339690985727122e-19,-1592.0188350164935,-3.6927490708169155,60.22254821536254,-1678981.7746431641,208.0868177637947,124786.40644370826,0.019158261526114093,4580.539371685151
143.01061928709402,2001.0,12.0,14.0,14.0,23.0,51.0,1.0,3517690.4466301803,8498.017580159812,-135065.66698055682,102.12241299925171,-287.4826090191112,4569.575536344347,3520292.747629511,4579.7484450657275,3517595.8562325253,-27160.390862365297,-135065.66698055682,3520292.747629511,97.27783229432907,-537.8385245288106,4569.575536344347,4602.146655364205,12754128.628246639,0.7240737118206166,1.6336258487503967,2.053983323587514e-07,8.212256922737436e-06,6.244724028045998,-0.038377156850697945,-0.007721140301192474,124092.74762951117,-0.01615253657835814,-0.01607391693058486,3302.909245572984,-16088145441.178898,-1012142665.3798426,-196754976.68553737,-16087058866.68765,-1889256461.257402,16119952124.979109,16198810619.225323,-0.9992339013853886,0.007715378466934183,0.038367737192171625,0.0077210635841614035,0.9999701921443105,0.0,0.03836659353219827,-0.00029623973844115144,0.9992636872931752,4570.1024480073,-537.0714043872133,-0.11698190003954971,5.54492969544885e-09,148.45686907377794,0.0,-51.25686907377793,-1.5715654631110385,0.0,2.969812614485691e-17,2.2850072064130473,1.5707963267948966,19.43150055126184,461.0,0.02705964707183086,1.3242853050312122,0.0,0.05884023311571923,-1592.025412921308,-3.8460063932080235,61.12759991493904,-0.03108304337563315,0.18911876928618454,-1.4664830867862229,-0.032998497315212746,0.1887939714523493,-1.4664830867862229,-1.92149904571126e-17,1.8438892688262723e-19,4.310529009565045e-19,-1.9215872330449677e-17,-1.0398227908772875e-20,4.310529009565045e-19,-1592.0584114186233,-3.6572124217556743,59.661116828152814,-1678985.7327120174,208.27530220017493,124802.9908016567,0.019259952896393307,4580.5260460839045
143.310619287094,2001.0,12.0,14.0,14.0,23.0,51.0,1.0,3517720.927945657,8411.77244174271,-133694.78851617617,101.08635213195984,-287.4849761505489,4569.6141586076255,3520270.6687552948,4579.764144652747,3517624.8815424023,-27321.741823466044,-133694.78851617617,3520270.6687552948,96.224228944209,-537.8345340514851,4569.6141586076255,4602.162388139032,12754095.172807293,0.7240729880839806,1.6336258350518975,2.0593814493842838e-07,8.234519738185975e-06,6.245114244335714,-0.037987689455936495,-0.00776694313433744,124070.66875529522,-0.015988656037134227,-0.015910834335623618,3311.360747344792,-16088142076.840984,-1012142232.4658439,-196755492.561042,-16087053141.30546,-1889271125.5918927,16119948740.09757,16198806649.905853,-0.9992484136983056,0.007761261673985575,0.037978553667138405,0.007766865043907106,0.9999698374488051,0.0,0.03797740813706911,-0.0002949743008954473,0.9992785544888634,4570.13042516624,-537.0709509896536,-0.11698109256460297,5.559493656705035e-09,148.4009553647075,0.0,-51.20191072941497,-1.6,0.0,2.969709383994185e-17,2.2849903475943942,1.5707963267948966,19.43522729485924,461.0,0.027130984714853326,1.3324139640012294,0.0,0.0589942793535222,-1592.0691637005878,-3.8070454680399974,60.5083104953355,-0.030824426690114204,0.18959431308022542,-1.4703210603227528,-0.03274873919745092,0.1892714159985974,-1.4703210603227528,-1.9264721801748818e-17,1.8538203894069683e-19,4.2777826026361725e-19,-1.926561097183848e-17,-1.0318959004762984e-20,4.2777826026361725e-19,-1592.101912439785,-3.6177740520414,59.03798943501275,-1678990.1368821748,208.46378663655517,124819.66290753079,0.019361645153874923,4580.512650568935
143.4313820745162,2001.0,12.0,14.0,14.0,23.0,51.0,1.0,3517733.110232294,8377.054897540755,-133142.9482404341,100.66928550383838,-287.48592177356863,4569.629591215803,3520261.8445989895,4579.77041577162,3517636.4762391113,-27386.692122550507,-133142.9482404341,3520261.84459899,95.80010090255377,-537.8329015855844,4569.629591215803,4602.168672514733,12754081.68004705,0.7240726961957091,1.6336258295278574,2.0593814493842838e-07,8.243426884641577e-06,6.24527132442675,-0.03783091087025658,-0.007785380605186053,124061.84459898947,-0.01592268652798754,-0.015845186034317893,3314.7444897592068,-16088140719.986332,-1012142057.8796954,-196755696.90653548,-16087050840.838224,-1889276984.8702445,16119947374.958216,16198805051.161625,-0.999254212193361,0.0077797315459839774,0.03782188772255976,0.007785301957313381,0.9999696940774923,0.0,0.03782074149536135,-0.0002944548165157314,0.999284496431873,4570.141603278087,-537.0707693502794,-0.1169807698402744,5.5661748036222565e-09,148.38834942712782,0.0,-51.17669885425564,-1.6,0.0,2.9696857878313253e-17,2.2849864940485594,1.5707963267948966,19.436079351799584,461.0,0.02716369762936854,1.3356923487283467,0.0,0.059065254277839985,-1592.0866497025029,-3.7913613251116978,60.25900878581113,-0.03072459900030277,0.18981331187445866,-1.4720914884831544,-0.032652763288451715,0.1894911380463695,-1.4720914884831544,-1.9287783909731542e-17,1.8581179024606141e-19,4.2652170903446256e-19,-1.928867616801353e-17,-1.0288605361311905e-20,4.2652170903446256e-19,-1592.1193024657914,-3.6018701870653285,58.78691729732798,-1678991.9131144397,208.65227107293543,124836.42276133053,0.01946333830322234,4580.499185140459
143.64415184490858,2001.0,12.0,14.0,14.0,23.0,51.0,1.0,3517754.4514382686,8315.88640747843,-132170.66632071912,99.93445230450725,-287.4875777134663,4569.6566216266765,3520246.386208806,4579.781396712456,3517656.7801062423,-27501.126396587442,-132170.66632071912,3520246.386208806,95.05282658433455,-537.8299888686538,4569.6566216266765,4602.179676668943,12754057.868128799,0.7240721810716594,1.6336258197801128,2.0647654623614315e-07,8.259061849469185e-06,6.245548082937981,-0.03755468363288481,-0.007817865082588695,124046.38620880619,-0.015806455203961817,-0.015729520641113475,3320.6813107207417,-16088138325.421083,-1012141749.7883091,-196756052.3363929,-16087046793.247784,-1889287247.0900362,16119944965.773247,16198802232.705105,-0.9992643679394972,0.007812273170516704,0.03754585668733908,0.007817785446130569,0.9999694406484222,0.0,0.03754470931030428,-0.0002935254519727835,0.9992949057438518,4570.161180523997,-537.0704505286503,-0.1169802044764037,5.577879013332458e-09,148.36626601258027,0.0,-51.132532025160536,-1.6,0.0,2.969644450012062e-17,2.2849797430703522,1.5707963267948966,19.437572245644972,461.0,0.027221005515492874,1.3414780569094185,0.0,0.05918959035983078,-1592.1172826112715,-3.7637267331622075,59.819752915791945,-0.03054754460248342,0.19019689127620965,-1.4751929881254529,-0.03248248137369543,0.18987600779504124,-1.4751929881254529,-1.932818412544837e-17,1.8656792534537397e-19,4.242924221494874e-19,-1.932908183095582e-17,-1.0234755288654144e-20,4.242924221494874e-19,-1592.1497650926453,-3.573850725367166,58.344559927666495,-1678995.0478044786,208.84075550931567,124853.27036305593,0.01956503234909885,4580.485649798726
143.93040959886773,2001.0,12.0,14.0,14.0,23.0,51.0,1.0,3517782.9169451105,8233.590542866667,-130862.56151502387,98.94579495677101,-287.48978519130435,4569.692665881208,3520225.767301062,4579.796033399029,3517683.8458142234,-27655.083831632917,-130862.56151502387,3520225.7673010626,94.04743163467936,-537.8259966552229,4569.692665881208,4602.194344297486,12754025.753313947,0.7240714863269248,1.633625806635565,2.0647654623614315e-07,8.279951934560046e-06,6.245920434218049,-0.037183047244821923,-0.00786156894916426,124025.76730106259,-0.015650077374263792,-0.015573904208852685,3328.618068613112,-16088135095.905458,-1012141334.3038024,-196756521.33141604,-16087041358.913683,-1889300930.6870053,16119941716.542349,16198798437.50087,-0.9992779095277211,0.007856054031681018,0.037174479753710646,0.007861487969664304,0.9999690980259854,0.0,0.03717333098890329,-0.0002922467253623255,0.9993087901419866,4570.187283453609,-537.070024017876,-0.11697945036151836,5.593490472052611e-09,148.33681043008943,0.0,-51.07362086017883,-1.6,0.0,2.969589309446548e-17,2.284970737932617,1.5707963267948966,19.43956398734834,461.0,0.02729744571493883,1.3492812315446274,0.0,0.05935543455881728,-1592.1581427167262,-3.726545536244964,59.22875226020229,-0.030307000167337395,0.1907083854167342,-1.4793299031987046,-0.032251020390711274,0.19038927021016325,-1.4793299031987046,-1.938207007639922e-17,1.8758310886378102e-19,4.2126240504173235e-19,-1.9382975122817622e-17,-1.0161565538149935e-20,4.2126240504173235e-19,-1592.190393737117,-3.536156266034801,57.74942235700359,-1678999.2755374406,209.02923994569593,124870.20571270699,0.0196667272961678,4580.472044544017
144.2304095988677,2001.0,12.0,14.0,14.0,23.0,52.0,1.0,3517812.44526231,8147.343263441396,-129491.64809879915,97.90964864416108,-287.49207352464936,4569.730043909874,3520204.3784661125,4579.811204170939,3517711.9019913394,-27816.430991769143,-129491.64809879915,3520204.3784661125,92.9937448524814,-537.8217223220738,4569.730043909874,4602.209547140994,12753992.000997987,0.7240707561531401,1.6336257928233375,2.0754915888881898e-07,8.301712264444725e-06,6.246310665533139,-0.036793565286810596,-0.007907370475348693,124004.37846611207,-0.015486190341006957,-0.015410815126518887,3336.872946880758,-16088131701.722944,-1012140897.6755855,-196757001.62425327,-16087035677.632998,-1889315119.6754851,16119938301.641897,16198794456.148874,-0.9992919512031686,0.007901936365379393,0.03678526419969502,0.007907288072229316,0.9999687369089809,0.0,0.036784114178632185,-0.0002908716808400525,0.9993231931351131,4570.214348882392,-537.0695800231529,-0.1169786680697061,5.609684875658003e-09,148.3062549515887,0.0,-51.01250990317735,-1.6,0.0,2.9695321065076754e-17,2.284961395983753,1.5707963267948966,19.441630670095254,461.0,0.027376741530149257,1.357482379740541,0.0,0.05952747229976403,-1592.2005296914533,-3.6875769989102403,58.60934143069514,-0.030052056916327476,0.1912388126017341,-1.4836213339002864,-0.032005561698056996,0.19092159016364602,-1.4836213339002864,-1.9437966740780322e-17,1.886443878326032e-19,4.180494020898085e-19,-1.943887949534427e-17,-1.0083958880644142e-20,4.180494020898085e-19,-1592.2325352531514,-3.4966554087465944,57.12572009679485,-1679003.7188610733,209.21772438207617,124887.22881028368,0.019768423149092468,4580.458369376643
144.5304095988677,2001.0,12.0,14.0,14.0,23.0,52.0,1.0,3517841.6627315483,8061.095301342117,-128120.7235295809,96.87347505233599,-287.4943361561353,4569.767016066414,3520183.2147070225,4579.82620244689,3517739.642058453,-27977.77685574765,-128120.7235295809,3520183.2147070225,91.94003145792128,-537.8173554064942,4569.767016066414,4602.2245771245725,12753958.151893588,0.7240700238806399,1.633625778974502,2.0754915888881898e-07,8.323282318808488e-06,6.246700901649525,-0.036404078680697796,-0.007953171583981037,123983.21470702207,-0.015322301238405563,-0.015247723976338763,3345.0624605491757,-16088128297.809391,-1012140459.8439709,-196757470.5597077,-16087030010.739712,-1889329153.6162248,16119934876.954052,16198790470.876688,-0.9993058393556448,0.00794781838026467,0.03639603842047299,0.007953087740667697,0.9999683736975831,0.0,0.03639488734835512,-0.0002894608869707342,0.9993374447038875,4570.241116904358,-537.0691390951025,-0.11697789399192506,5.6257088646832905e-09,148.25204202006307,0.0,-50.928063030094584,-1.6239789899684718,0.0,2.969431998375329e-17,2.2849450470850474,1.5707963267948966,19.44524856557223,461.0,0.027455198316350994,1.3657071918215087,0.0,0.059697004824991434,-1592.2424717453437,-3.648606031238314,57.98989183502349,-0.029793738091522165,0.1917539638578442,-1.487846545467176,-0.03175659376879003,0.19143868009591397,-1.487846545467176,-1.949276203568375e-17,1.896981387777199e-19,4.147857981044901e-19,-1.949368249110811e-17,-1.0004974482295405e-20,4.147857981044901e-19,-1592.2742283391124,-3.4571673511424,56.502045289556314,-1679008.174950039,209.40620881845643,124904.33965578605,0.0198701199125361,4580.444624296951
144.83040959886767,2001.0,12.0,14.0,14.0,23.0,52.0,1.0,3517870.5693446477,7974.8466643129495,-126749.78792967748,95.83727447433851,-287.49657309260186,4569.803582365495,3520162.276029441,4579.841028258423,3517767.066007587,-28139.121395759856,-126749.78792967748,3520162.2760294406,90.88629174899296,-537.8128959160534,4569.803582365495,4602.239434280012,12753924.207401877,0.7240692895397077,1.633625765090346,2.080833918417836e-07,8.344703486842034e-06,6.247091142519701,-0.036014587476832505,-0.007998972279339753,123962.27602944104,-0.01515841008996478,-0.015084630781770598,3353.1853965222836,-16088124884.304695,-1012140020.8385649,-196757928.26216638,-16087024358.373726,-1889343032.5309236,16119931442.62029,16198786481.826864,-0.9993195739758466,0.007993700059617513,0.036006802525207625,0.007998886979162147,0.9999680083918158,0.0,0.03600565060968927,-0.000288014343880146,0.9993515448389074,4570.267587541603,-537.0687012409555,-0.11697712812888439,5.641562434851785e-09,148.1922172269744,0.0,-50.8383258404616,-1.6538913865128015,0.0,2.9693217108664675e-17,2.2849270357679985,1.5707963267948966,19.44923595327028,461.0,0.02753282037982897,1.3739554154806823,0.0,0.05986455116377045,-1592.2839688298125,-3.609632659062551,57.37040388344979,-0.029532453881910045,0.19226095129292212,-1.4920212790002108,-0.03150459880942275,0.191947647753766,-1.4920212790002108,-1.9546837770143498e-17,1.9074784491314574e-19,4.114816965046312e-19,-1.9547765934946303e-17,-9.92497860360055e-21,4.114816965046312e-19,-1592.315473428622,-3.417685011308785,55.87838260444958,-1679012.643620083,209.59469325483667,124921.53824921405,0.019971817591161907,4580.430809305317
145.13040959886766,2001.0,12.0,14.0,14.0,23.0,53.0,1.0,3517899.165093564,7888.5973600562065,-125378.84142075361,94.80104720143004,-287.4987843367637,4569.839742812896,3520141.5624389756,4579.855681627734,3517794.173830901,-28300.464584039713,-125378.84142075361,3520141.5624389756,89.83252602194779,-537.808343854212,4569.839742812896,4602.254118629579,12753890.16859639,0.7240685531535394,1.6336257511713814,2.0861625671386756e-07,8.365937100049696e-06,6.247481388095526,-0.03562509172538226,-0.00804477256571514,123941.56243897602,-0.014994516919294291,-0.014921535566392027,3361.241015203297,-16088121461.316462,-1012139580.6743995,-196758374.8550689,-16087018720.642637,-1889356756.4268138,16119927998.748951,16198782489.108185,-0.9993331550545801,0.008039581386730188,0.035617556622888555,0.008044685791907208,0.999967640991702,0.0,0.03561640407407824,-0.00028653205170660204,0.999365493530878,4570.2937608072125,-537.0682664638106,-0.11697637048063318,5.65724558191816e-09,148.13303553993146,0.0,-50.74955330989721,-1.6834822300342638,0.0,2.9692125910724515e-17,2.284909215153256,1.5707963267948966,19.45318278589135,461.0,0.02760960917799061,1.3822268007492324,0.0,0.060030292331828154,-1592.3250208967827,-3.5706569082015513,56.75087798601131,-0.029268364184655206,0.1927622581452036,-1.49615102470919,-0.03124976173525069,0.19245097479299444,-1.49615102470919,-1.960032718091423e-17,1.9179469958990115e-19,4.0814081157436343e-19,-1.9601263068978967e-17,-9.844102660300533e-21,4.0814081157436343e-19,-1592.356270658518,-3.378205933408557,55.25472696130212,-1679017.1247300822,209.78317769121693,124938.8245905677,0.020073516189633128,4580.416924402149
145.43040959886764,2001.0,12.0,14.0,14.0,23.0,53.0,1.0,3517927.4499706225,7802.347395994463,-124007.88412006447,93.76479351422859,-287.5009698898729,4569.875497410194,3520121.073941297,4579.870162572347,3517820.9655209198,-28461.80639310399,-124007.88412006447,3520121.073941297,88.7787345623889,-537.8036992229096,4569.875497410194,4602.268630190812,12753856.036388058,0.724067814741814,1.6336257372178582,2.0967792390987746e-07,8.386997820389481e-06,6.247871638326223,-0.03523559147526166,-0.008090572447477115,123921.07394129736,-0.01483062175107985,-0.0147584383548696,3369.228727824986,-16088118028.936129,-1012139139.3612732,-196758810.4604553,-16087013097.637861,-1889370325.3061187,16119924545.431906,16198778492.812761,-0.9993465825827967,0.008085462344974623,0.035228300821261035,0.008090484183177035,0.9999672714972634,0.0,0.0352271478517212,-0.00028501401059461497,0.9993792907706497,4570.319636709715,-537.0678347652884,-0.11697562104702028,5.672885816713466e-09,148.0744969751353,0.0,-50.67449697513531,-1.7127515124323438,0.0,2.9691046396365947e-17,2.2848915853458815,1.5707963267948966,19.457088988071437,461.0,0.02768618697318105,1.3905211292796922,0.0,0.06019562399484443,-1592.3656278986523,-3.531678804351093,56.131314550809954,-0.029002128452927278,0.19326648996374637,-1.5002700375645763,-0.030992830312532253,0.19295725968961508,-1.5002700375645763,-1.9653685471179856e-17,1.9284311129620308e-19,4.0477301194942733e-19,-1.9654629117778122e-17,-9.76259335144463e-21,4.0477301194942733e-19,-1592.3966207289648,-3.338721544661478,54.63104451324538,-1679021.6181603149,209.97166212759717,124956.19867984703,0.020175215712612892,4580.402969587889
145.73040959886762,2001.0,12.0,14.0,14.0,23.0,53.0,1.0,3517955.423967187,7716.096780576996,-122636.91616107165,92.72851373126787,-287.5031297429065,4569.910846117555,3520100.8105415353,4579.884471068418,3517847.44106922,-28623.146794432265,-122636.91616107165,3520100.8105415353,87.72491769401252,-537.7989620141592,4569.910846117555,4602.282968939523,12753821.810232937,0.724067074292738,1.633625723228357,2.1020674675205215e-07,8.40791335613144e-06,6.248261893169276,-0.034846086779998627,-0.00813637192870302,123900.8105415348,-0.014666724606116998,-0.014595339168021885,3377.1489250287414,-16088114587.10993,-1012138696.8728693,-196759235.20193273,-16087007489.305593,-1889383739.1345074,16119921082.613842,16198774492.88425,-0.9993598565513899,0.008131342917428792,0.034839035232688435,0.008136282156953212,0.9999668999085232,0.0,0.034837882057435265,-0.00028346022072918723,0.999392936549011,4570.345215217201,-537.0674061367664,-0.11697487982671259,5.6885175822445894e-09,148.01660154724226,0.0,-50.61660154724226,-1.7416992263788689,0.0,2.968997857198249e-17,2.2848741464502877,1.5707963267948966,19.460954485055403,461.0,0.02776272183341674,1.398838506247618,0.0,0.06036092355021627,-1592.4057897885093,-3.4926983736772588,55.511713993372084,-0.02873392083877309,0.19377601109462436,-1.5043875760322392,-0.030734003294958494,0.1934688649989407,-1.5043875760322392,-1.9707035765444797e-17,1.9389427827085122e-19,4.0138091745023636e-19,-1.970798721176968e-17,-9.680515957862896e-21,4.0138091745023636e-19,-1592.4365237918043,-3.299229508678318,54.00732641733985,-1679026.123982586,210.16014656397743,124973.66051705199,0.02027691616476434,4580.388944863005
146.0304095988676,2001.0,12.0,14.0,14.0,23.0,54.0,1.0,3517983.087075682,7629.845521313302,-121265.93766237654,91.69220813648265,-287.5052638980865,4569.9457889407295,3520080.7722451994,4579.8986071374065,3517873.6004684325,-28784.48576045409,-121265.93766237654,3520080.7722452,86.67107570573457,-537.7941322309624,4569.9457889407295,4602.297134897219,12753787.491171524,0.7240663318287925,1.633625709203282,2.1073424255447054e-07,8.428618928030254e-06,6.2486521525747305,-0.03445657768889411,-0.008182171013737876,123880.77224519989,-0.01450282550878507,-0.01443223803019502,3385.000923536718,-16088111135.942225,-1012138253.2222885,-196759649.20212334,-16087001895.750137,-1889396997.917637,16119917610.399736,16198770489.42798,-0.9993729769515034,0.008177223087439152,0.03444975996531749,0.008182079717484999,0.9999665262255015,0.0,0.03444860680182088,-0.0002818706822844509,0.9994064308570022,4570.3704963423,-537.0669805808291,-0.11697414681966928,5.703975696560084e-09,147.95934927199968,0.0,-50.55934927199969,-1.7703253640001555,0.0,2.9688922443873475e-17,2.284856898569352,1.5707963267948966,19.46477920289727,461.0,0.02783840755852807,1.4071786830659736,0.0,0.06052438339121319,-1592.4455065198026,-3.453715641923501,54.89207672254158,-0.02846294869727304,0.1942796993214007,-1.5084592735908882,-0.030472373295349714,0.19397467742647834,-1.5084592735908882,-1.9759788750928052e-17,1.9494240024567376e-19,3.9795254330091174e-19,-1.9760748009813927e-17,-9.597570073314012e-21,3.9795254330091174e-19,-1592.475978893098,-3.2597409644970226,53.383617448950694,-1679030.6420601178,210.34863100035767,124991.21010218261,0.02037861755075051,4580.374850228005
146.3304095988676,2001.0,12.0,14.0,14.0,23.0,54.0,1.0,3518010.4392891047,7543.593625214582,-119894.94873472006,90.65587699493787,-287.50737235674916,4569.980325882306,3520060.959057954,4579.912570797018,3517899.443711754,-28945.823264102597,-119894.94873472006,3520060.9590579546,85.61720886757523,-537.7892098753036,4569.980325882306,4602.311128081621,12753753.080116142,0.7240655873696894,1.633625695142888,2.1126042125758308e-07,8.449155499944474e-06,6.249042416488102,-0.03406706424901441,-0.008227969707068567,123860.9590579546,-0.014338924485316299,-0.014269134967526916,3392.784115307033,-16088107675.524586,-1012137808.4194106,-196760052.58150035,-16086996317.063013,-1889410101.658268,16119914128.8816,16198766482.536228,-0.999385943774457,0.008223102838494346,0.03406047512506902,0.008227876869163507,0.9999661504482169,0.0,0.034059322193252514,-0.0002802453954342744,0.9994197736858395,4570.395480093923,-537.0665580991517,-0.11697342202575076,5.7192601552921634e-09,147.9027401655846,0.0,-50.50274016558458,-1.7986299172077105,0.0,2.9687878018289585e-17,2.2848398418051548,1.5707963267948966,19.468563068298266,461.0,0.027913244081147516,1.4155414526953263,0.0,0.06068600357234475,-1592.4847780464206,-3.414730634611123,54.27240314365857,-0.028189243807792422,0.19477755827885707,-1.5124851320683375,-0.03020797175915903,0.1944747004567087,-1.5124851320683375,-1.981194456030222e-17,1.9598743059670708e-19,3.944883001169504e-19,-1.981291164422092e-17,-9.51376559107171e-21,3.944883001169504e-19,-1592.5149860181798,-3.220255934154414,52.75991801159024,-1679035.1722729914,210.53711543673793,125008.8474352389,0.020480319875234493,4580.360685683423
146.63040959886757,2001.0,12.0,14.0,14.0,23.0,54.0,1.0,3518037.4805993787,7457.3411004448935,-118523.94950705708,89.61952061488489,-287.50945511814837,4570.014456924291,3520041.370984873,4579.926362044984,3517924.9707913226,-29107.159277146377,-118523.94950705708,3520041.3709848733,84.56331749284281,-537.7841949474814,4570.014456924291,4602.324948490462,12753718.577267246,0.7240648409197388,1.633625681047259,2.11785292678355e-07,8.469537409663802e-06,6.249432684864734,-0.03367754651261005,-0.008273768012853478,123841.37098487327,-0.014175021557558645,-0.01410603000195887,3400.4980239495635,-16088104205.876877,-1012137362.4668343,-196760445.46420556,-16086990753.26398,-1889423050.3513856,16119910638.079424,16198762472.229143,-0.9993987570114955,0.008268982153753062,0.033671180823052434,0.008273673616051361,0.9999657725766893,0.0,0.03367002834529303,-0.0002785843603969835,0.9994329650266601,4570.420166461483,-537.0661386913648,-0.1169727054448738,5.734637083313864e-09,147.87338712124753,0.0,-50.44677424249504,-1.8266128787524802,0.0,2.9687328728809084e-17,2.2848308712271743,1.5707963267948966,19.470553707449085,461.0,0.027988536841993258,1.423926741710341,0.0,0.06084860796838535,-1592.5236043229625,-3.3757433777888344,53.65269367039634,-0.027914229835002725,0.19527932868941078,-1.5165407718547834,-0.029942323142946564,0.19497865966682523,-1.5165407718547834,-1.9864748656417393e-17,1.9704167533339865e-19,3.9101311135044195e-19,-1.986572363859785e-17,-9.429703567411768e-21,3.9101311135044195e-19,-1592.5535466461054,-3.1807647181220093,52.13615289854155,-1679039.7145950198,210.72559987311817,125026.57251622083,0.02058202314287924,4580.346451229822
146.93040959886756,2001.0,12.0,14.0,14.0,23.0,54.0,1.0,3518064.2109989845,7371.087954708125,-117152.94010107289,88.58313928719345,-287.5115121815331,4570.048182049504,3520022.0080311815,4579.93998087932,3517950.1816998306,-29268.493771819303,-117152.94010107289,3520022.008031181,83.50940187743176,-537.7790874476741,4570.048182049504,4602.338596121754,12753683.982837552,0.7240640924835152,1.6336256669164657,2.11785292678355e-07,8.48968730759139e-06,6.249822957655889,-0.03328802452986468,-0.008319565935382023,123822.00803118106,-0.014011116749209278,-0.01394292315704992,3408.142168827355,-16088100727.02021,-1012136915.3670402,-196760827.97259706,-16086985204.374056,-1889435843.9921763,16119907138.01443,16198758458.528131,-0.999411416654037,0.008314861016505339,0.03328187716831887,0.00831946996234221,0.9999653926109372,0.0,0.03328072536944696,-0.00027688757739219186,0.9994460048707748,4570.444555434669,-537.0657223570726,-0.11697199707694567,5.7498508326434584e-09,147.84572575883007,0.0,-50.39145151766015,-1.854274241169924,0.0,2.968681032613973e-17,2.2848224050690997,1.5707963267948966,19.472432797783156,461.0,0.02806303176235035,1.4323344847490198,0.0,0.06100948401704699,-1592.5619853044643,-3.3367538973003645,53.03294871319035,-0.027636566384357977,0.19577566218952952,-1.5205535836706165,-0.02967399001627063,0.19547722124017436,-1.5205535836706165,-1.9917006660457914e-17,1.9809330735002083e-19,3.875032958383705e-19,-1.9917989555816475e-17,-9.344812867106721e-21,3.875032958383705e-19,-1592.5916592944807,-3.14127667606019,51.51239512951973,-1679044.2689983957,210.9140843094984,125044.3853451284,0.02068372735834773,4580.332146867806
147.23040959886754,2001.0,12.0,14.0,14.0,23.0,55.0,1.0,3518090.630480486,7284.834195705954,-115781.92063842436,87.54673330306056,-287.51354354864094,4570.081501260253,3520002.870202035,4579.953427317478,3517975.076430055,-29429.826720357698,-115781.92063842436,3520002.870202035,82.45546231753755,-537.7738873785827,4570.081501260253,4602.352070992988,12753649.297712456,0.7240633420801482,1.6336256527508548,2.1230886651240339e-07,8.509698168291728e-06,6.250213234813171,-0.032898498350955534,-0.00836536347894417,123802.87020203471,-0.013847210083855447,-0.013779814456437039,3415.715922985226,-16088097239.043339,-1012136467.1312053,-196761200.22988546,-16086979670.481874,-1889448482.584605,16119903628.7759,16198754441.522789,-0.9994239226936018,0.0083607394100416,0.0328925642699203,0.00836526591223025,0.9999650105509781,0.0,0.032891413377219576,-0.00027515504665300694,0.9994588932095952,4570.468647022584,-537.0653090983628,-0.11697129692192049,5.764887698401302e-09,147.81838600290672,0.0,-50.336772005813444,-1.8816139970932768,0.0,2.9686297927229856e-17,2.284814036959858,1.5707963267948966,19.47429049411883,461.0,0.028136661567426252,1.4407644632927876,0.0,0.06116848639775611,-1592.5999209464903,-3.2977622189923697,52.413168682525864,-0.027356213287452417,0.19626606100180488,-1.524519676070857,-0.02940292667348484,0.19596988801758922,-1.524519676070857,-1.996865457233083e-17,1.9914164456647454e-19,3.839579960117362e-19,-1.9969645392275762e-17,-9.25907280096085e-21,3.839579960117362e-19,-1592.629323873164,-3.1017923309747806,50.888649006455005,-1679048.8353667427,211.10256874587867,125062.28592196164,0.020785432526302834,4580.317772598001
147.53040959886752,2001.0,12.0,14.0,14.0,23.0,55.0,1.0,3518116.739036529,7198.579831148072,-114410.8912409036,86.51030295417216,-287.51554922220845,4570.114414566769,3519983.9575025258,4579.966701384708,3517999.654974856,-29591.158094990104,-114410.8912409036,3519983.9575025258,81.40149910983435,-537.7685947439431,4570.114414566769,4602.36537312947,12753614.523045525,0.7240625897345688,1.6336256385508816,2.1283115233608674e-07,8.529505889259807e-06,6.2506035162883915,-0.03250896802609995,-0.008411160647827534,123783.95750252577,-0.01368330158508152,-0.013616703923668606,3423.2186086662114,-16088093742.061981,-1012136017.773965,-196761562.35966122,-16086974151.70301,-1889460966.1361768,16119900110.480242,16198750421.32989,-0.999436275121811,0.00840661731764977,0.032503242236955984,0.008411061469907326,0.9999646263968288,0.0,0.032502092480163315,-0.0002733867684263249,0.9994716300346327,4570.49244124219,-537.0648989183193,-0.11697060497977109,5.779747676586902e-09,147.78273572150218,0.0,-50.274103582253254,-1.9,0.0,2.968563469460568e-17,2.2848032055491263,1.5707963267948966,19.476695580140436,461.0,0.028209424022895908,1.449216397751973,0.0,0.06132581379712931,-1592.6374112051221,-3.2587683687189983,51.79335398901087,-0.027073334574202232,0.19674773935815504,-1.528442698320745,-0.02912926762802767,0.19645387284287869,-1.528442698320745,-2.001965198012489e-17,2.0018618171806037e-19,3.8037730525294216e-19,-2.0020650733115944e-17,-9.172527094252409e-21,3.8037730525294216e-19,-1592.66654047275,-3.0623144958761195,50.26491129069012,-1679053.4135483988,211.2910531822589,125080.27424672052,0.02088713865140739,4580.303328421066
147.8304095988675,2001.0,12.0,14.0,14.0,23.0,55.0,1.0,3518142.5366598507,7112.324868741155,-113039.85203027561,85.47384853192068,-287.51752920957983,4570.146921970073,3519965.2699376848,4579.97980309719,3518023.9173271856,-29752.487867948425,-113039.85203027561,3519965.2699376848,80.3475125506538,-537.7632095521269,4570.146921970073,4602.378502547722,12753579.659671376,0.724061835464808,1.6336256243181309,2.1335215960854858e-07,8.549124868882994e-06,6.250993802033127,-0.03211943360550912,-0.008456957446320527,123765.26993768476,-0.013519391276542775,-0.013453591582380645,3430.648967243731,-16088090236.158508,-1012135567.3261045,-196761914.48575494,-16086968648.119663,-1889473294.6706307,16119896583.211601,16198746398.034958,-0.9994484739303882,0.008452494722618427,0.03211391117852615,0.008456856639566078,0.9999642401485054,0.0,0.032112762789831495,-0.0002715827429725541,0.9994842153374999,4570.515938101161,-537.0644918246275,-0.11696992125170218,5.794430763247688e-09,147.72934267909932,0.0,-50.19401401864897,-1.9,0.0,2.968464917427779e-17,2.284787110780764,1.5707963267948966,19.480270514467378,461.0,0.02828131667146092,1.4576900304209859,0.0,0.06148168539282992,-1592.6744560369564,-3.21977237233684,51.17350504330173,-0.026788103035282427,0.1972176238579935,-1.5323266751599451,-0.028853152902613973,0.19692610083988432,-1.5323266751599451,-2.0069954242523313e-17,2.012263639990852e-19,3.7676129828343573e-19,-2.0070960933779493e-17,-9.08522125558479e-21,3.7676129828343573e-19,-1592.703309189859,-3.0228462714969555,49.64117836814179,-1679058.0034336634,211.47953761863917,125098.35031940506,0.02098884573832421,4580.288814337695
148.1304095988675,2001.0,12.0,14.0,14.0,23.0,56.0,1.0,3518168.023343271,7026.069316190666,-111668.80312831109,84.43737032791034,-287.5194835134112,4570.179023478197,3519946.807512472,4579.992732477623,3518047.8634800813,-29913.816011466046,-111668.80312831109,3519946.807512472,79.29350293658774,-537.7577318068509,4570.179023478197,4602.39145927051,12753544.708648203,0.724061079293736,1.633625610053071,2.1387189767371642e-07,8.568569360549074e-06,6.2513840919990935,-0.031729895139397474,-0.00850275387871183,123746.80751247192,-0.013355479181778596,-0.013290477456110106,3438.006345577538,-16088086721.438992,-1012135115.8018569,-196762256.7316547,-16086963159.837738,-1889485468.1952364,16119893047.076729,16198742371.74515,-0.9994605191111589,0.008498371608236315,0.031724571203741246,0.008502651425399414,0.9999638518060231,0.0,0.03172342441778754,-0.0002697429705656757,0.9994966491099101,4570.539137614112,-537.0640878202803,-0.11696924573773286,5.808936954486351e-09,147.6765928927769,0.0,-50.11488933916535,-1.9,0.0,2.968367538908518e-17,2.2847712076617053,1.5707963267948966,19.48380421195062,461.0,0.028352344058545198,1.4661851011900426,0.0,0.0616356791492435,-1592.711055399119,-3.1807742557057326,50.55362225611793,-0.026500268847883,0.19768164499310256,-1.5361638540052955,-0.02857439420584595,0.1973925049538559,-1.5361638540052955,-2.0119647415541485e-17,2.0226311296626055e-19,3.7311109035318063e-19,-2.0120662055332317e-17,-8.99709299006859e-21,3.7311109035318063e-19,-1592.7396297933249,-2.9833817507518767,49.01745840211264,-1679062.6048834212,211.6680220550194,125116.51414001526,0.021090553791715982,4580.27423034861
148.43040959886747,2001.0,12.0,14.0,14.0,23.0,56.0,1.0,3518193.1990797,6939.81318120117,-110297.74465677753,83.40086863373838,-287.52141213665794,4570.210719098992,3519928.57023179,4580.0054895483745,3518071.493426673,-30075.142497777597,-110297.74465677753,3519928.57023179,78.23947056421727,-537.7521615121627,4570.210719098992,4602.404243320278,12753509.671019427,0.7240603212439006,1.6336255957562376,2.1387189767371642e-07,8.587801765845729e-06,6.251774386137959,-0.03134035267798005,-0.00854854994929031,123728.57023179065,-0.01319156532446622,-0.013127361568457913,3445.2900648638606,-16088083198.007935,-1012134663.2164495,-196762589.2208715,-16086957686.961554,-1889497486.7183464,16119889502.18088,16198738342.566166,-0.9994724106560506,0.008544247957792258,0.031335222421719294,0.008548445831600422,0.9999634613693963,0.0,0.031334077475602344,-0.0002678674514932184,0.9995089313436781,4570.562039795404,-537.0636869085656,-0.11696857843795554,5.823266246450199e-09,147.62448637654472,0.0,-50.036729564817094,-1.9,0.0,2.9682713344796863e-17,2.284755496286164,1.5707963267948966,19.487296604512796,461.0,0.028422506122410148,1.4747013503484205,0.0,0.06178779500821475,-1592.7472092492476,-3.1417740446888143,49.93370603823648,-0.026209864383269298,0.19813980765895517,-1.5399542336281624,-0.02829302358679796,0.1978530899087351,-1.5399542336281624,-2.0168731588446344e-17,2.032963806313015e-19,3.694270992271274e-19,-2.0169754186652662e-17,-8.9081523665243e-21,3.694270992271274e-19,-1592.7755022728345,-2.9439209547800793,48.393751804608314,-1679067.2177604828,211.85650649139967,125134.7657085511,0.02119226281624544,4580.259576454563
148.65870881423717,2001.0,12.0,14.0,14.0,23.0,56.0,1.0,3518212.149392683,6874.1721025547495,-109254.36640878458,82.61207799546378,-287.52286260786394,4570.234567421336,3519914.8425715873,4580.015082202877,3518089.2638737275,-30197.910404377395,-109254.36640878458,3519914.8425715873,77.43733961914752,-537.7478605211853,4570.234567421336,4602.4138562623075,12753482.95010639,0.7240597431253784,1.6336255848553274,2.1439037576225677e-07,8.602333366593435e-06,6.252071401723131,-0.031043909237547535,-0.00858340039943356,123714.8425715873,-0.01306682614123063,-0.013003229638863918,3450.783236924559,-16088080510.915264,-1012134318.0970407,-196762835.78289953,-16086953532.506062,-1889506528.9268763,16119886798.720802,16198735274.50251,-0.999481357140866,0.008579159370320262,0.031038923182858957,0.008583295003157621,0.9999631628449563,0.0,0.03103777979723328,-0.00026641623425882653,0.9995181765469043,4570.579269075767,-537.0633838896621,-0.11696807612850325,5.8335457320337325e-09,147.59355321448413,0.0,-49.98710642896825,-1.9064467855158769,0.0,2.9682139794038986e-17,2.2847461294914555,1.5707963267948966,19.48937931164675,461.0,0.02847284918956344,1.4811962243465333,0.0,0.061896781589761835,-1592.7744236902734,-3.1120935987002447,49.46192927064871,-0.025984813058567723,0.19847041078624814,-1.542671129312997,-0.028074670081077186,0.19818558819245524,-1.542671129312997,-2.0203978493196882e-17,2.0406321761316812e-19,3.6657010302832823e-19,-2.020500706804455e-17,-8.839152362529902e-21,3.6657010302832823e-19,-1592.8024983603543,-2.9139080105077895,47.91925814133571,-1679070.7357178368,212.0449909277799,125153.1050250126,0.02129397281657514,4580.244852656341
148.7436064603463,2001.0,12.0,14.0,14.0,23.0,56.0,1.0,3518219.1505121016,6849.762065566715,-108866.36387770071,82.31874696222879,-287.5233982059683,4570.243375984099,3519909.770925158,4580.0186240171415,3518095.8254594603,-30243.56386351513,-108866.36387770071,3519909.770925158,77.13904783428352,-537.7462474450061,4570.243375984099,4602.417405567263,12753473.002294354,0.7240595278994117,1.6336255807973683,2.1439037576225677e-07,8.607700616637215e-06,6.252181853536534,-0.03093367021511521,-0.00859636018647426,123709.77092515817,-0.013020439117154448,-0.012957068434405293,3452.8147794529796,-16088079510.549082,-1012134189.6187814,-196762926.0615982,-16086951990.034115,-1889509868.5732193,16119885792.261568,16198734133.32568,-0.9994846613737997,0.008592141796738739,0.0309287370877938,0.008596254312075466,0.9999630515233061,0.0,0.030927594318072342,-0.00026587128955799584,0.9995215921740531,4570.5856322523105,-537.0632716677403,-0.11696789054791704,5.837032488953759e-09,147.58721365644772,0.0,-49.97442731289542,-1.9127863435522892,0.0,2.968202040058522e-17,2.2847441796483854,1.5707963267948966,19.489812917154453,461.0,0.028489931885430555,1.4836141971606398,0.0,0.061933660531092886,-1592.7844781053775,-3.101056025791241,49.28648476799234,-0.025899330596561226,0.19858384954062888,-1.543591250675317,-0.027991580996534336,0.1982997529424572,-1.543591250675317,-2.0215957591696e-17,2.0433736540055641e-19,3.6548397729827206e-19,-2.0216988337555393e-17,-8.812905266452256e-21,3.6548397729827206e-19,-1592.812469686374,-2.9027562728487837,47.74289351731702,-1679072.0454065818,212.23347536416017,125171.53208939976,0.021395683797367646,4580.230058954757
148.88393496213524,2001.0,12.0,14.0,14.0,23.0,56.0,1.0,3518230.6681591044,6809.414276001324,-108225.02745432008,81.83389199572302,-287.5242790002076,4570.257864562973,3519901.427464344,4580.024448132724,3518106.615671727,-30319.024800781386,-108225.02745432008,3519901.4274643445,76.64599330260859,-537.743564924731,4570.257864562973,4602.4232420005665,12753456.546281869,0.7240591718643354,1.6336255740849028,2.149076029934881e-07,8.61653123130371e-06,6.252364421593123,-0.03075145391646211,-0.008617781537046492,123701.427464345,-0.012943765058143228,-0.012880767635999057,3456.1593813747168,-16088077855.708721,-1012133977.0912817,-196763073.6190139,-16086949443.374172,-1889515361.5247726,16119884127.342228,16198732246.761,-0.9994900960070605,0.008613600529893961,0.030746607450391837,0.008617674869187486,0.9999628671505002,0.0,0.030745465741244753,-0.0002649642663380145,0.9995272113005687,4570.596097881567,-537.0630867235574,-0.11696758524132127,5.842768618262811e-09,147.57678433043125,0.0,-49.95356866086251,-1.9232156695687461,0.0,2.96818239825939e-17,2.2847409718991556,1.5707963267948966,19.490526298819074,461.0,0.028518035068327768,1.4876141198230834,0.0,0.06199433039733376,-1592.8010189466936,-3.0828115096046855,48.99648438769715,-0.025757652365240382,0.19877044645215908,-1.5451049527902598,-0.027853852270520982,0.19848755616373337,-1.5451049527902598,-2.023566434122039e-17,2.047899568038034e-19,3.6368364337249994e-19,-2.0236698677268722e-17,-8.76940000509826e-21,3.6368364337249994e-19,-1592.828872798964,-2.884323953440952,47.45137943490689,-1679074.2119431943,212.4219598005404,125190.04690171257,0.021497395763285417,4580.215195350655
149.1307111293982,2001.0,12.0,14.0,14.0,23.0,57.0,1.0,3518250.7576056933,6738.459946637464,-107097.19361220351,80.98123312268389,-287.52581432138686,4570.2831283721835,3519886.874476948,4580.034598941658,3518125.423089412,-30451.72650986552,-107097.19361220351,3519886.874476948,75.77891539292708,-537.7387984551052,4570.2831283721835,4602.43341427831,12753427.568601593,0.7240585449132546,1.6336255622657547,2.149076029934881e-07,8.631979146519387e-06,6.252685480725244,-0.030431013471832115,-0.008655452093056796,123686.87447694782,-0.01280892818025211,-0.01274658716009075,3462.0004448778927,-16088074941.670647,-1012133602.8632398,-196763328.10878244,-16086944973.816349,-1889524939.0196996,16119881195.556868,16198728928.315979,-0.999499571591261,0.008651336703652052,0.03042631693330146,0.008655344020259248,0.9999625418083874,0.0,0.030425177218491705,-0.0002633502403271635,0.9995370124401969,4570.614344711031,-537.0627631499473,-0.11696705269999398,5.852773797098373e-09,147.55859309618478,0.0,-49.917186192369556,-1.9414069038152229,0.0,2.968148137818006e-17,2.28473537674447,1.5707963267948966,19.491770752386905,461.0,0.028567054079491293,1.4946577435066646,0.0,0.06210015201270548,-1592.8298705211782,-3.050726347777175,48.486483990868,-0.025507352638772688,0.19909584591825888,-1.5477451902119903,-0.027610478131645095,0.19881509600100222,-1.5477451902119903,-2.0270036749795134e-17,2.05584188116403e-19,3.6050245011062638e-19,-2.0271077404429524e-17,-8.692529874681178e-21,3.6050245011062638e-19,-1592.85748099931,-2.8519112517761727,46.93873880065601,-1679078.0270490106,212.61044423692067,125208.64946195102,0.021599108718990893,4580.200261844915
149.4307111293982,2001.0,12.0,14.0,14.0,23.0,57.0,1.0,3518274.8964895047,6652.201925236967,-105726.10411209712,79.9446552245681,-287.5276574085804,4570.313471412565,3519869.3879389064,4580.046782364675,3518147.998648655,-30613.047269896808,-105726.10411209712,3519869.387938906,74.72480929213083,-537.7329196694893,4570.313471412565,4602.445623469678,12753392.27507273,0.7240577813100366,1.6336255478721882,2.1542358837725204e-07,8.650582903705449e-06,6.25307578844202,-0.030041458051507614,-0.008701246988229955,123669.38793890551,-0.012645008616146635,-0.012583465569519368,3469.0311801470816,-16088071392.50011,-1012133147.0964403,-196763628.9880774,-16086939555.61408,-1889536441.0236177,16119877624.772585,16198724892.831217,-0.999510950805121,0.00869721114504836,0.03003693957348971,0.008701137190946569,0.9999621443892686,0.0,0.030035802506797653,-0.00026135553202510605,0.9995487893349971,4570.636256319422,-537.0623726441867,-0.1169664127865417,5.864795792002458e-09,147.53673492363188,0.0,-49.873469847263785,-1.9632650763681054,0.0,2.9681069705309275e-17,2.2847286536162814,1.5707963267948966,19.493266302802276,461.0,0.028625954789021264,1.5032367179358077,0.0,0.06222730296884744,-1592.8645385840223,-3.0117193402888875,47.866459272650026,-0.025201114183684554,0.19948671891591013,-1.5509176047156712,-0.02731262464358678,0.1992086035165474,-1.5509176047156712,-2.0311336388807417e-17,2.065468055835589e-19,3.5660930691890854e-19,-2.0312384733177684e-17,-8.598462602410453e-21,3.5660930691890854e-19,-1592.891851208666,-2.81251073677234,46.315541667934355,-1679082.673702035,212.7989286733009,125227.33977011513,0.021700822669146386,4580.18525843844
149.73071112939817,2001.0,12.0,14.0,14.0,23.0,57.0,1.0,3518298.7243966064,6565.9433547562385,-104355.00556991088,78.90805510545104,-287.5294748566038,4570.343408905192,3519852.1265658904,4580.058793879721,3518170.257972841,-30774.366252416912,-104355.00556991088,3519852.1265658904,73.67068172347756,-537.726948381025,4570.343408905192,4602.457660390142,12753356.910024479,0.724057016154364,1.6336255334512135,2.159383408157448e-07,8.668980250407335e-06,6.253466100127451,-0.02965189885346088,-0.008747041540189012,123652.12656589085,-0.01248108739152852,-0.012420342319561725,3475.984480574727,-16088067836.135614,-1012132690.4344717,-196763920.65836102,-16086934154.334044,-1889547788.1631956,16119874046.752335,16198720855.984415,-0.9995221763492974,0.008743084977959463,0.029647553879407942,0.008746930000185131,0.9999617448760587,0.0,0.02964641970855973,-0.0002593250784598984,0.9995604146568469,4570.657870963129,-537.0619852738669,-0.11696578108615421,5.876662985950039e-09,147.51515820736356,0.0,-49.83031641472713,-1.9848417926364337,0.0,2.9680663326203165e-17,2.284722016941832,1.5707963267948966,19.49474285425163,461.0,0.028684097677473267,1.511833244386835,0.0,0.062352814633678595,-1592.8987609572607,-2.9727103505403694,47.246402904718465,-0.024892757121346885,0.19987242843546904,-1.554049132230052,-0.027012614615527283,0.19959698308698723,-1.554049132230052,-2.0352102658246605e-17,2.075061889300653e-19,3.526881505289215e-19,-2.035315870121657e-17,-8.50372536240595e-21,3.526881505289215e-19,-1592.9257735718763,-2.7731133674533823,45.69235377248841,-1679087.329796914,212.98741310968114,125246.11782620489,0.021802537618414195,4580.170185132169
149.97444030882644,2001.0,12.0,14.0,14.0,23.0,57.0,1.0,3518317.8539602803,6495.863853805284,-103241.07658809487,78.06587329199918,-287.53093253245845,4570.3674324695985,3519838.268676268,4580.068425855075,3518188.109300524,-30905.425402046672,-103241.07658809487,3519838.2686762675,72.81426063164554,-537.7220290223878,4570.3674324695985,4602.467312738466,12753328.126519743,0.7240563933927571,1.6336255217153057,2.1645186910530892e-07,8.683759560273652e-06,6.25378320417188,-0.029335406294543356,-0.008784246185702173,123638.26867626794,-0.012347911566749034,-0.012287814794551368,3481.576158244163,-16088064941.61985,-1012132318.7793306,-196764150.92553887,-16086929778.707483,-1889556892.9153595,16119871134.61232,16198717575.40451,-0.9995311831823556,0.008780353823947006,0.02933119896640067,0.008784133216367698,0.9999614187575624,0.0,0.02933006733230236,-0.00025764915911665,0.9995697478251298,4570.675212737517,-537.0616728729824,-0.11696527392017601,5.886385058985647e-09,147.49505336076555,0.0,-49.79505336076554,-2.0024733196172275,0.0,2.9680286468777205e-17,2.2847158623930066,1.5707963267948966,19.496112347162477,461.0,0.028731726756551612,1.518830052818557,0.0,0.06245563340061412,-1592.9262360998866,-2.9410168121143756,46.742627120872605,-0.024641501297888325,0.2001883149034625,-1.5566138867173307,-0.026768179223446736,0.19991505593917416,-1.5566138867173307,-2.038546616097189e-17,2.0828971582015945e-19,3.494930006262992e-19,-2.0386528497991398e-17,-8.42653138263092e-21,3.494930006262992e-19,-1592.95300427911,-2.7411017561752016,45.186013234155276,-1679091.1193973683,213.1758975460614,125264.98363022032,0.021904253571456495,4580.155041927067
150.1056278471113,2001.0,12.0,14.0,14.0,23.0,58.0,1.0,3518328.065495665,6458.143327527266,-102641.50049382147,77.61256193021384,-287.53171011713727,4570.380252320968,3519830.8711773823,4580.073563262683,3518197.6313870535,-30975.967656168254,-102641.50049382147,3519830.871177383,72.35328516847092,-537.7193558905046,4570.380252320968,4602.472461012607,12753312.612872407,0.7240560577371774,1.6336255153904355,2.1645186910530892e-07,8.691669903481976e-06,6.253953886884909,-0.029165052766353033,-0.00880427154127911,123630.87117738277,-0.012276229068157287,-0.012216481244470551,3484.5648115612566,-16088063381.541708,-1012132118.4740498,-196764272.40545702,-16086927428.009144,-1889561751.2237494,16119869565.035635,16198715809.119434,-0.9995359891284257,0.008800413653343178,0.02916091830840949,0.008804157797578914,0.9999612426516716,0.0,0.029159788108541036,-0.00025673732630954513,0.9995747299944163,4570.684465779749,-537.0615055743291,-0.11696500318154719,5.892303058093782e-09,147.47391764966505,0.0,-49.773917649665066,-2.0130411751674675,0.0,2.967989609119926e-17,2.284709487043343,1.5707963267948966,19.49753118166383,461.0,0.028760703808293587,1.5226012234749156,0.0,0.06251820635185987,-1592.9409028286893,-2.923957195361501,46.47146071106506,-0.024508668986993914,0.20038054593930318,-1.5581725608960533,-0.026639258685719973,0.20010844045947318,-1.5581725608960533,-2.0405654764712104e-17,2.0873487590299572e-19,3.478060518339293e-19,-2.040672061610911e-17,-8.385767910005708e-21,3.478060518339293e-19,-1592.967542087375,-2.723848754902028,44.91328815016901,-1679093.1619119924,213.36438198244164,125283.9371821614,0.02200597053293538,4580.139828824133
150.33588305672924,2001.0,12.0,14.0,14.0,23.0,58.0,1.0,3518345.844592008,6391.937497294293,-101589.14405733076,76.8169176913048,-287.5330630332206,4570.402565576526,3519817.9914894914,4580.082500633514,3518214.1979588894,-31099.779795141858,-101589.14405733076,3519817.9914894914,71.54418955396724,-537.7146213310901,4570.402565576526,4602.481417287925,12753285.34687279,0.7240554678036015,1.633625504275078,2.1747528790423948e-07,8.70546701383799e-06,6.25425346425186,-0.02886605325916732,-0.008839419104094916,123617.99148949143,-0.012150414022808618,-0.012091278660270037,3489.774911221117,-16088060639.626204,-1012131766.4423612,-196764481.49271855,-16086923309.578133,-1889570206.676379,16119866806.4269,16198712707.971098,-0.9995443532777888,0.008835621577688815,0.02886204465769578,0.008839303992723035,0.9999609325893308,0.0,0.028860917092344385,-0.0002551203865809209,0.9995834044131471,4570.700568922786,-537.0612133727752,-0.11696453178885279,5.9026068084068545e-09,147.4371185414041,0.0,-49.737118541404094,-2.031440729297954,0.0,2.9679216359296594e-17,2.284698386178945,1.5707963267948966,19.50000218898435,461.0,0.028811155670940447,1.5292293363828715,0.0,0.06262715005439498,-1592.9664391844021,-2.894013938454901,45.995505904441096,-0.024274424871600864,0.20071516587763405,-1.5608863122667078,-0.026411859539547822,0.20044510268848262,-1.5608863122667078,-2.0440803269517453e-17,2.0951441382385258e-19,3.4483066407562647e-19,-2.0441875292453313e-17,-8.313874080202658e-21,3.4483066407562647e-19,-1592.9928510439418,-2.6935688357664183,44.434619592174386,-1679096.7517441232,213.5528664188219,125302.9784820281,0.02210768850751291,4580.124545824395
150.6224090869189,2001.0,12.0,14.0,14.0,23.0,58.0,1.0,3518367.712793525,6309.551551471417,-100279.60081495822,75.82681273117093,-287.5347254621414,4570.42999798781,3519802.1494408357,4580.093480528799,3518234.5529885846,-31253.84817802689,-100279.60081495822,3519802.1494408357,70.5373465421282,-537.7086535993694,4570.42999798781,4602.492420408718,12753251.351739632,0.724054732272712,1.6336254904181184,2.1747528790423948e-07,8.722437694978694e-06,6.254626256841939,-0.0284939799053291,-0.008883155917499892,123602.1494408357,-0.011993850415315538,-0.011935477190856868,3496.1949133463204,-16088057221.015038,-1012131327.5568596,-196764734.40310416,-16086918197.890049,-1889580601.0145626,16119863367.004335,16198708847.128567,-0.9995546350659225,0.008879433232629838,0.028490124318745837,0.008883039088975626,0.9999605450299245,0.0,0.028489000241743393,-0.00025307888797319433,0.9995940740202006,4570.720362903569,-537.0608523139659,-0.11696395195078108,5.915280447331435e-09,147.39185554524488,0.0,-49.69185554524488,-2.0540722273775627,0.0,2.967838019949806e-17,2.284684730653137,1.5707963267948966,19.503042741190495,461.0,0.028873212103051927,1.5374934089016215,0.0,0.06276114891364785,-1592.9978495001446,-2.8567514464893327,45.403210092593305,-0.023980993827509785,0.2011266239066678,-1.5642241707886504,-0.02612690901823882,0.20085913355932294,-1.5642241707886504,-2.0484033212594696e-17,2.10481246178582e-19,3.411025519470746e-19,-2.048511292082165e-17,-8.223798480453715e-21,3.411025519470746e-19,-1593.023976409163,-2.6558923129300096,43.83898592180466,-1679101.227553159,213.74135085520214,125322.1075298205,0.022209407499851053,4580.109192928905
150.9224090869189,2001.0,12.0,14.0,14.0,23.0,58.0,1.0,3518390.3053350383,6223.290875864282,-98908.46755655995,74.79012720674513,-287.53644097398563,4570.458323695968,3519785.782541218,4580.104808479534,3518255.5560615608,-31415.15982559739,-98908.46755655995,3519785.782541218,69.48313661033478,-537.702314782937,4570.458323695968,4602.503772321963,12753215.681014199,0.7240539604831087,1.6336254758800623,2.1798519549262258e-07,8.740023285518205e-06,6.255016583796631,-0.028104406196753307,-0.008928949148478103,123585.78254121821,-0.011829922827362949,-0.011772347581731193,3502.840970903635,-16088053633.900103,-1012130867.069662,-196764990.67193606,-16086912861.654297,-1889591332.6504328,16119859758.054155,16198704802.682224,-0.999565250110604,0.008925304483421218,0.02810070659616959,0.008928830503853319,0.9999601371983953,0.0,0.028099586423277593,-0.0002509064462357112,0.9996050971702756,4570.740797149881,-537.0604773125707,-0.11696335287368244,5.928373967025418e-09,147.34509297490922,0.0,-49.64509297490922,-2.0774535125453895,0.0,2.9677516236321497e-17,2.284670621063708,1.5707963267948966,19.506185424714225,461.0,0.028937325063015256,1.5461650098864763,0.0,0.06289958465643032,-1593.030301062934,-2.8177348381581098,44.78303206167347,-0.023671486425876333,0.20155156589188525,-1.5676725405127598,-0.025826236362302454,0.20128680656823958,-1.5676725405127598,-2.0528692113166514e-17,2.1148968354826015e-19,3.3716909617748355e-19,-2.052977987428385e-17,-8.128768796345502e-21,3.3716909617748355e-19,-1593.0561272992963,-2.6164480315898704,43.21535952116071,-1679105.9239968117,213.9298352915824,125341.32432553853,0.022311127514611655,4580.093770138755
151.22240908691887,2001.0,12.0,14.0,14.0,23.0,59.0,1.0,3518412.5868677725,6137.029689453765,-97537.32586132325,73.75342090567048,-287.53813081840843,4570.486243579093,3519769.6408286663,4580.115964308716,3518276.2428685525,-31576.4695576442,-97537.32586132325,3519769.6408286667,68.42890668025517,-537.6958834419153,4570.486243579093,4602.514951750354,12753179.932539275,0.724053187006155,1.633625461312242,2.184939130934359e-07,8.75743411219071e-06,6.255406914472903,-0.027714828960130264,-0.008974742057574826,123569.64082866628,-0.01166599369605395,-0.011609216430279875,3509.408894009888,-16088050038.962948,-1012130405.6097172,-196765238.331573,-16086907541.711061,-1889601909.3132567,16119856141.236116,16198700756.241415,-0.9995757114491838,0.00897117504264003,0.027711281082122136,0.008974621578138551,0.9999597272728183,0.0,0.02771016507325926,-0.00024869826115747596,0.9996159687103781,4570.760934183908,-537.0601054198337,-0.11696276200900473,5.9412924680860235e-09,147.29897379618941,0.0,-49.59897379618939,-2.1005131019053045,0.0,2.967666406007253e-17,2.2846567039694152,1.5707963267948966,19.509286258162714,461.0,0.0290005815248481,1.5548557143590318,0.0,0.06303616760449142,-1593.0623067444435,-2.778716376280339,44.16282442550381,-0.0233597016248575,0.2019706857085014,-1.5710747489710024,-0.0255232422318107,0.2017086950320708,-1.5710747489710024,-2.05727510759661e-17,2.1249430753709947e-19,3.332056276013112e-19,-2.057384689684864e-17,-8.033021326828508e-21,3.332056276013112e-19,-1593.0878299866754,-2.577007681248268,42.59174967653281,-1679110.6307034045,214.11831972796264,125360.62886918221,0.022412848556456495,4580.078277455057
151.52240908691886,2001.0,12.0,14.0,14.0,23.0,59.0,1.0,3518434.5573855336,6050.767999939956,-96166.17585099582,72.71669411929324,-287.5397949953635,4570.513757627752,3519753.7243074165,4580.126948019472,3518296.613403599,-31737.777346410236,-96166.17585099582,3519753.7243074165,67.37465704824731,-537.6893595776687,4570.513757627752,4602.525958697024,12753144.106655017,0.7240524118491904,1.6336254467147764,2.1900144899933185e-07,8.774582646737897e-06,6.255797248821925,-0.02732524824568435,-0.00902053464907955,123553.724307416,-0.011502063045026245,-0.01144608376006053,3515.8982559144497,-16088046436.23747,-1012129943.1810772,-196765477.5046498,-16086902238.093878,-1889612331.0010738,16119852516.584303,16198696707.84038,-0.9995860190746431,0.0090170448935757,0.027321847885797317,0.00902041231602501,0.9999593152532001,0.0,0.027320736303333978,-0.000246454333165608,0.9996266886333645,4570.780774001973,-537.0597366359914,-0.11696217935667186,5.954253063961249e-09,147.25349802118862,0.0,-49.5534980211886,-2.1232509894057006,0.0,2.967582367585073e-17,2.284642979453541,1.5707963267948966,19.5123451812183,461.0,0.029064041230112053,1.563565438358491,0.0,0.06317320136289498,-1593.0938665076853,-2.7396960867529008,43.54258759542243,-0.023046511772527773,0.20239136646073594,-1.5744882101309008,-0.02521887785007453,0.20213217240881814,-1.5744882101309008,-2.0616961991982302e-17,2.135028563788264e-19,3.292245624784087e-19,-2.06180659193546e-17,-7.936855366027057e-21,3.292245624784087e-19,-1593.1190853855353,-2.5375639143440827,41.96809938529153,-1679115.3476283122,214.3068041643429,125380.02116075155,0.022514570630047297,4580.062714878961
151.82240908691884,2001.0,12.0,14.0,14.0,23.0,59.0,1.0,3518456.216882224,5964.505815023165,-94795.01764733,71.6799471390763,-287.54143350562333,4570.540865839034,3519738.032981652,4580.137759621315,3518316.6676608403,-31899.083164138738,-94795.01764733,3519738.0329816523,66.32038801077698,-537.682743192414,4570.540865839034,4602.536793171505,12753108.203920761,0.7240516350242968,1.6336254320878734,2.1900144899933185e-07,8.79155882246442e-06,6.256187586794872,-0.02693566410364251,-0.009066326927281636,123538.0329816523,-0.011338130897829564,-0.011282949594628208,3522.308593802154,-16088042825.779621,-1012129479.7906187,-196765708.3140837,-16086896950.858343,-1889622597.7148397,16119848884.154987,16198692657.53562,-0.9995961729800648,0.009062914019517606,0.026932407116397505,0.00906620272170625,0.9999589011395463,0.0,0.026931300225155747,-0.0002441746627007838,0.9996372569321917,4570.800316606843,-537.0593709620953,-0.11696160491662339,5.967030286368832e-09,147.20866566186376,0.0,-49.508665661863745,-2.1456671690681275,0.0,2.9674995088681485e-17,2.284629447598155,1.5707963267948966,19.51536213435341,461.0,0.02912660359443957,1.572294044859921,0.0,0.06330829381583337,-1593.124980316184,-2.700673995475959,42.92232198282038,-0.022731050113260255,0.20280594598507715,-1.5778533046975258,-0.024912194157591588,0.20254958639406806,-1.5778533046975258,-2.0660544237493307e-17,2.1450723754822872e-19,3.252135088436967e-19,-2.0661656276281813e-17,-7.839972122968792e-21,3.252135088436967e-19,-1593.1498925103417,-2.498124409081891,41.34446867812285,-1679120.0746980682,214.49528860072314,125399.50120024654,0.02261629374004565,4580.047082411637
152.12240908691882,2001.0,12.0,14.0,14.0,24.0,0.0,1.0,3518477.5653518285,5878.243142403033,-93423.85137207543,70.64318025667245,-287.543046351447,4570.5675682217525,3519722.566855485,4580.148399135376,3518336.4056344964,-32060.386983073968,-93423.85137207543,3519722.5668554846,65.2660998644832,-537.6760342898866,4570.5675682217525,4602.547455194973,12753072.225296672,0.7240508565522285,1.6336254174319038,2.1950781140709318e-07,8.808325823265233e-06,6.256577928343181,-0.02654607658423229,-0.00911211889647058,123522.56685548509,-0.011174197278028538,-0.011119813957545252,3528.6393778435886,-16088039207.685648,-1012129015.4503886,-196765930.883302,-16086891680.100296,-1889632709.4607587,16119845244.044983,16198688605.424221,-0.9996061731586342,0.009108782403755383,0.026542958883131566,0.009111992799375959,0.9999584849318616,0.0,0.026541856950384937,-0.000241859250217227,0.9996476735999181,4570.819562012935,-537.0590084006782,-0.11696103868882621,5.979624131962146e-09,147.16447672995739,0.0,-49.46447672995738,-2.1677616350213094,0.0,2.967417830350856e-17,2.2846161084839953,1.5707963267948966,19.51833705886046,461.0,0.02918826856404395,1.5810412992030403,0.0,0.0634414450120152,-1593.1556481339887,-2.6616501283525547,42.30202799913809,-0.02241335015037746,0.20321442738659007,-1.5811700342831578,-0.024603224301995342,0.20296093987998975,-1.5811700342831578,-2.0703497924057962e-17,2.1550740178704812e-19,3.2117289763303723e-19,-2.0704618078757673e-17,-7.742381950445046e-21,3.2117289763303723e-19,-1593.1802513582907,-2.458689188472565,40.72085796485493,-1679124.81178643,214.6837730371034,125419.06898766718,0.022718017891113097,4580.0313800542945
152.4224090869188,2001.0,12.0,14.0,14.0,24.0,0.0,1.0,3518498.6027884185,5791.979989778439,-92052.67714697841,69.60639376383153,-287.5446335358562,4570.59386479081,3519707.3259329647,4580.158866588741,3518355.827318879,-32221.688775461404,-92052.67714697841,3519707.3259329647,64.21179290609344,-537.6692328746174,4570.59386479081,4602.5579447945665,12753036.171946624,0.7240500764581491,1.6336254027473212,2.1950781140709318e-07,8.824872260813548e-06,6.256968273418305,-0.026156485737681576,-0.009157910560936029,123507.32593296468,-0.011010262209193782,-0.010956676872371734,3534.8900500759482,-16088035582.072289,-1012128550.1750586,-196766145.3359935,-16086886425.936075,-1889642666.247747,16119841596.37172,16198684551.623957,-0.9996160196036392,0.009154650029578933,0.026153503295214504,0.009157782553227972,0.9999580666301502,0.0,0.026152406590687956,-0.00023950809618270566,0.9996579386297031,4570.838510240687,-537.0586489550315,-0.11696048067326152,5.992034597443038e-09,147.12093123704196,0.0,-49.42093123704197,-2.1895343814790134,0.0,2.967337332520134e-17,2.284602962190586,1.5707963267948966,19.521269896828045,461.0,0.029249036086064332,1.5898069172024776,0.0,0.0635726549996734,-1593.1858699256732,-2.622624511288502,41.68170605586425,-0.022093445384273665,0.20361681373236196,-1.5844384004831156,-0.024292001427820575,0.2033662357179727,-1.5844384004831156,-2.074582316174837e-17,2.165032998357624e-19,3.1710315964179474e-19,-2.074695143642033e-17,-7.644095195896954e-21,3.1710315964179474e-19,-1593.210161927101,-2.419258275570529,40.09726765538113,-1679129.558740316,214.87225747348364,125438.72452301347,0.022819743087911053,4580.015607808164
152.7224090869188,2001.0,12.0,14.0,14.0,24.0,0.0,1.0,3518519.329186155,5705.71636484736,-90681.49509378115,68.56958795224607,-287.54619506211907,4570.619755558017,3519692.3102180776,4580.169162005249,3518374.9327083887,-32382.988513547913,-90681.49509378115,3519692.3102180776,63.1574674322746,-537.6623389514142,4570.619755558017,4602.568261994208,12753000.044918377,0.7240492947647097,1.6336253880346754,2.205170480452295e-07,8.841237045532292e-06,6.257358621971638,-0.025766891614218346,-0.009203701924967835,123492.31021807808,-0.010846325714892146,-0.010793538362613908,3541.0600210241973,-16088031949.044453,-1012128083.9801084,-196766351.795764,-16086881188.470163,-1889652468.0856125,16119837941.240875,16198680496.240929,-0.9996257123084694,0.009200516880278516,0.02576404046186713,0.009203571987456327,0.9999576462344151,0.0,0.025762949257736888,-0.0002371212010785317,0.9996680520148072,4570.857161307368,-537.058292628688,-0.11695993087004611,6.0042616795649855e-09,147.08901459725442,0.0,-49.36704379176323,-2.2,0.0,2.9672780190267693e-17,2.284593275562016,1.5707963267948966,19.523431492563876,461.0,0.029308908976041124,1.5985906311882037,0.0,0.06370218649057752,-1593.2156456563287,-2.5835971701922733,41.06135656453458,-0.02177157882293571,0.2040100036781367,-1.5876677648082564,-0.02397873456955049,0.2037623702591813,-1.5876677648082564,-2.0787746495705868e-17,2.174971968971969e-19,3.1300860062587765e-19,-2.078888290576132e-17,-7.545259074642985e-21,3.1300860062587765e-19,-1593.2396243908981,-2.379834799933092,39.47368879972632,-1679134.3154219426,215.06074190986388,125458.46780628542,0.022921469335100832,4579.999765674507
153.02240908691877,2001.0,12.0,14.0,14.0,24.0,1.0,1.0,3518539.744539288,5619.452275306338,-89310.30533422362,67.53276311346606,-287.5477309361736,4570.6452405277005,3519677.5197147485,4580.179285401261,3518393.721797517,-32544.28616958226,-89310.30533422362,3519677.5197147485,62.10312373952152,-537.655352527784,4570.6452405277005,4602.578406810524,12752963.844996361,0.7240485114888644,1.6336253732952002,2.205170480452295e-07,8.8573585121426e-06,6.257748973954416,-0.025377294264071197,-0.009249492992856202,123477.51971474849,-0.010682387818707256,-0.010630398451835006,3547.148428630084,-16088028308.679775,-1012127616.8903518,-196766550.38620865,-16086875967.779749,-1889662114.993582,16119834278.731483,16198676439.35524,-0.9996352512666173,0.009246382939144891,0.025374570492316513,0.009249361106255412,0.999957223744659,0.0,0.025373485063209966,-0.0002346985653995686,0.9996780137485922,4570.8755152226895,-537.0579394278456,-0.11695938928006658,6.01630537513337e-09,147.06788530678355,0.0,-49.303655920350685,-2.2,0.0,2.967238363790443e-17,2.2845867993704547,1.5707963267948966,19.524876946981387,461.0,0.029367886979734647,1.607392173059369,0.0,0.06383002096260888,-1593.2449752915663,-2.544568130974714,40.44097993673197,-0.02144776155311464,0.204394219742819,-1.5908574675575062,-0.02366343664194822,0.2041495660201303,-1.5908574675575062,-2.0829252053777975e-17,2.184889005677834e-19,3.0888920582409673e-19,-2.083039661356769e-17,-7.445868185142614e-21,3.0888920582409673e-19,-1593.2686387282083,-2.3404185649545837,38.850122469174465,-1679139.0817281883,215.24922634624414,125478.29883748303,0.023023196637343698,4579.983853654618
153.32240908691875,2001.0,12.0,14.0,14.0,24.0,1.0,1.0,3518559.8488421505,5533.187728850572,-87939.1079900431,66.49591953921222,-287.54924116102575,4570.670319713305,3519662.9544268334,4580.189236801878,3518412.1945808413,-32705.581715815002,-87939.1079900431,3519662.9544268334,61.04876212453065,-537.6482736083354,4570.670319713305,4602.588379268679,12752927.573265648,0.7240477266540728,1.6336253585293659,2.2101993820356363e-07,8.873250498902786e-06,6.2581393293180225,-0.024987693737469212,-0.009295283768891653,123462.95442683343,-0.010518448544198656,-0.010467257163596085,3553.1547447890043,-16088024661.087006,-1012127148.9202268,-196766741.23093742,-16086870763.973131,-1889671606.980591,16119830608.952988,16198672381.076689,-0.9996446364716772,0.009292248189469325,0.024985093495795748,0.009295149913819927,0.9999567991608835,0.0,0.024984014118791326,-0.00023224018965422867,0.9996878238245209,4570.893572005405,-537.0575893557655,-0.11695885590334983,6.028165681007064e-09,147.04707775261917,0.0,-49.24123325785756,-2.2,0.0,2.9671993121254644e-17,2.284580421749576,1.5707963267948966,19.52630061699176,461.0,0.02942596731934636,1.6162112736320426,0.0,0.0639559086462371,-1593.2738587975248,-2.505537419549052,39.820576584085806,-0.02112182550701941,0.2047724174157876,-1.593998608295471,-0.02334597113567606,0.20453078027227764,-1.593998608295471,-2.0870124589020287e-17,2.1947616651698034e-19,3.0474166823854055e-19,-2.0871277301308324e-17,-7.345800847976495e-21,3.0474166823854055e-19,-1593.2972047686605,-2.3010066392767743,38.226577975790335,-1679143.8575163577,215.43771078262438,125498.2176166063,0.023124924999300755,4579.967871749814
153.62240908691874,2001.0,12.0,14.0,14.0,24.0,1.0,1.0,3518579.642089168,5446.92273317435,-86567.90318297279,65.45905752120873,-287.5507257396497,4570.694993128686,3519648.614358129,4580.199016232439,3518430.35105303,-32866.87512449814,-86567.90318297279,3519648.614358129,59.994382884001766,-537.641102197676,4570.694993128686,4602.59817939407,12752891.230816318,0.7240469402839043,1.63362534373763,2.215216867226144e-07,8.888964196388293e-06,6.258529688013786,-0.02459809008464149,-0.009341074257364928,123448.61435812898,-0.01035450791489993,-0.010304114521423565,3559.0784552656114,-16088021006.375431,-1012126680.0840017,-196766924.4535646,-16086865577.159115,-1889680944.0554876,16119826932.015358,16198668321.515575,-0.9996538679173458,0.009338112614543485,0.02459560958154341,0.009340938414344784,0.9999563724830896,0.0,0.02459453653617047,-0.0002297460743644655,0.9996974822361574,4570.911331674611,-537.057242415672,-0.11695833073990919,6.039842594094979e-09,147.02659194018423,0.0,-49.17977582055274,-2.2,0.0,2.9671608641455183e-17,2.2845741427179447,1.5707963267948966,19.527702488554432,461.0,0.02948314994429795,1.6250476636663969,0.0,0.06407984949530057,-1593.3022961408585,-2.466505061831026,39.200146918270235,-0.020793804272127497,0.20514460069072918,-1.5970911852369982,-0.023026371297693783,0.20490601678215067,-1.5970911852369982,-2.0910364124651608e-17,2.204589441953226e-19,3.005664206150744e-19,-2.0911524991750124e-17,-7.245067479146758e-21,3.005664206150744e-19,-1593.3253225121562,-2.261599045048875,37.60305573303324,-1679148.6426430754,215.62619521900464,125518.22414365518,0.023226654425633077,4579.951819961445
153.92240908691872,2001.0,12.0,14.0,14.0,24.0,1.0,1.0,3518599.124274849,5360.657295971127,-85196.69103474151,64.42217735119124,-287.5521846748301,4570.719260788583,3519634.4995123637,4580.208623718974,3518448.1912088394,-33028.166367884936,-85196.69103474151,3519634.4995123637,58.93998631464758,-537.6338383002555,4570.719260788583,4602.607807212772,12752854.81875922,0.7240461524023767,1.6336253289203972,2.215216867226144e-07,8.904463144063963e-06,6.258920049993062,-0.024208483355817136,-0.009386864462566931,123434.49951236369,-0.010190565954382044,-0.010140970548806501,3564.919075638056,-16088017344.656467,-1012126210.3952167,-196767100.1777104,-16086860407.448633,-1889690126.2264788,16119823248.030638,16198664260.784239,-0.9996629455974225,0.009383976197659417,0.02420611885880346,0.00938672661202506,0.9999559437112773,0.0,0.02420505242704216,-0.00022721622006577214,0.999706988977167,4570.92879425021,-537.0568986105961,-0.11695781378969898,6.051336111360992e-09,147.00642787480527,0.0,-49.119283624415836,-2.2,0.0,2.9671230199624356e-17,2.284567962293824,1.5707963267948966,19.529082547843327,461.0,0.029539434804883396,1.6339010738232667,0.0,0.06420184346449792,-1593.3302872887496,-2.427471083738898,38.57969135100368,-0.020463731437911123,0.20551077350637817,-1.6001351966284079,-0.022704670376670694,0.20527527925846198,-1.6001351966284079,-2.0949970683597573e-17,2.2143718305344215e-19,2.9636389567135115e-19,-2.0951139707364228e-17,-7.143678493292756e-21,2.9636389567135115e-19,-1593.3529919591263,-2.222195804480436,36.979556154375274,-1679153.4369622413,215.81467965538488,125538.31841862976,0.02332838492100158,4579.935698290887
154.2224090869187,2001.0,12.0,14.0,14.0,24.0,2.0,1.0,3518618.295393793,5274.39142493356,-83825.47166707367,63.3852793209377,-287.5536179685496,4570.7431227104635,3519620.6098932074,4580.218059290016,3518465.715043116,-33189.45541823001,-83825.47166707367,3519620.609893207,57.88557271323134,-537.6264819197535,4570.7431227104635,4602.617262753308,12752818.338288987,0.7240453630353223,1.6336253140778596,2.2202230134235873e-07,8.919711120906625e-06,6.259310415207206,-0.023818873601225116,-0.009432654388788748,123420.60989320697,-0.010026622686234285,-0.009977825269360464,3570.676210936159,-16088013676.05022,-1012125739.8645333,-196767268.52701312,-16086855254.96128,-1889699153.4989758,16119819557.119366,16198660199.003302,-0.9996718695058084,0.009429838922109577,0.023816621436825013,0.009432514511056011,0.9999555128454459,0.0,0.023815561903106196,-0.0002246506273071796,0.999716344041316,4570.945959754762,-537.0565579427616,-0.11695730505243514,6.062646229817185e-09,146.97317112344848,0.0,-49.073171123448475,-2.2134144382757626,0.0,2.9670613457528325e-17,2.2845578901310346,1.5707963267948966,19.53133204566843,461.0,0.029594818316471733,1.6427712344009942,0.0,0.06432156661516131,-1593.3578322088945,-2.388435511193399,37.95921029404769,-0.020131398240934077,0.2058747677487092,-1.603119098462979,-0.02238070112809745,0.20564240177486456,-1.603119098462979,-2.098866503449393e-17,2.2240793573790674e-19,2.9213010868592805e-19,-2.0989842201348488e-17,-7.041488289052969e-21,2.9213010868592805e-19,-1593.3802129100225,-2.1827931094185344,36.35609119558472,-1679158.2403167076,216.00316409176514,125558.50044152998,0.02343011649006708,4579.9195067395485
154.52240908691869,2001.0,12.0,14.0,14.0,24.0,2.0,1.0,3518637.155440686,5188.125127754121,-82454.24520168686,62.348363722311184,-287.55502562110746,4570.76657891718,3519606.945504262,4580.2273229791845,3518482.922550795,-33350.74224778869,-82454.24520168686,3519606.945504262,56.83114237661938,-537.6190330581979,4570.76657891718,4602.626546049171,12752781.79077398,0.7240445722123336,1.6336252992097688,2.2202230134235873e-07,8.934734263713629e-06,6.259700783607642,-0.02342926087109363,-0.009478444040321471,123406.94550426211,-0.009862678133930752,-0.009814678706521376,3576.3496388196945,-16088010000.694782,-1012125268.4966292,-196767429.62514818,-16086850119.834633,-1889708025.872491,16119815859.419657,16198656136.31056,-0.9996806396365074,0.009475700771186667,0.023427117424861615,0.00947830211563289,0.9999550798855941,0.0,0.02342606507606669,-0.00022204929665124598,0.9997255474224722,4570.962828216137,-537.056220412704,-0.11695680452733788,6.073772946529427e-09,146.93413001217746,0.0,-49.03413001217745,-2.2329349939112757,0.0,2.966989148023425e-17,2.284546099347038,1.5707963267948966,19.533966057327774,461.0,0.029649302341569355,1.6516578749607767,0.0,0.06443919389390282,-1593.384930869518,-2.3493983701179793,37.33870415920549,-0.019796977077837365,0.20623451903695803,-1.6060491245678918,-0.022054613190789673,0.20600531833142188,-1.6060491245678918,-2.1026598044611572e-17,2.233726955672477e-19,2.8786805638636084e-19,-2.1027783348385725e-17,-6.938597845810332e-21,2.8786805638636084e-19,-1593.406985482709,-2.1433930517865574,35.7326550346376,-1679163.0525264684,216.19164852814538,125578.77021235584,0.0235318491374903,4579.903245308859
154.82240908691867,2001.0,12.0,14.0,14.0,24.0,2.0,1.0,3518655.7044103,5101.858412124757,-81083.01176029332,61.31143084704875,-287.5564076351456,4570.789629424842,3519593.506349067,4580.236414813347,3518499.813726899,-33512.026828817274,-81083.01176029332,3519593.5063490667,55.776695601525994,-537.6114917199898,4570.789629424842,4602.635657127263,12752745.177344305,0.7240437799578491,1.6336252843164791,2.2252178971570895e-07,8.949570920779792e-06,6.260091155145618,-0.023039645215650505,-0.009524233421456276,123393.50634906674,-0.009698732321015268,-0.009651530883875463,3581.9389055222273,-16088006318.703575,-1012124796.3043652,-196767583.59576583,-16086845002.181559,-1889716743.3548033,16119812155.045515,16198652072.820238,-0.9996892559836257,0.009521561728183735,0.02303760693217157,0.00952408942995103,0.9999546448317195,0.0,0.02303656205763238,-0.00021941222867406186,0.9997345991146044,4570.979399655389,-537.0558860232971,-0.11695631221430791,6.0847162586170855e-09,146.89573242590498,0.0,-48.99573242590496,-2.252133787047518,0.0,2.966918134275175e-17,2.2845345019218373,1.5707963267948966,19.536557589466643,461.0,0.029702888525060575,1.6605607260403994,0.0,0.06455488025465685,-1593.4115832393636,-2.3103596864386007,36.71817335832169,-0.019460618870893717,0.20658819928138505,-1.6089307966789437,-0.02172653714779764,0.20636219942792047,-1.6089307966789437,-2.1063903366540668e-17,2.243327946021822e-19,2.8358031580226748e-19,-2.1065096807733798e-17,-6.835093311097936e-21,2.8358031580226748e-19,-1593.4333097765114,-2.1039974870106803,35.10924256164275,-1679167.873442866,216.38013296452564,125599.12773110735,0.023633582867931886,4579.886914000283
155.12240908691865,2001.0,12.0,14.0,14.0,24.0,3.0,1.0,3518673.942297496,5015.591285736588,-79711.77146460039,60.274480986869996,-287.5577640136171,4570.812274248934,3519580.292431098,4580.24533481859,3518516.388566542,-33673.30913357347,-79711.77146460039,3519580.292431098,54.722232684644084,-537.6038579098717,4570.812274248934,4602.644596013718,12752708.499099584,0.7240429862956453,1.6336252693984217,2.2302015940987762e-07,8.964160092617017e-06,6.260481529772406,-0.02265002668512328,-0.009570022536484523,123380.29243109748,-0.009534785271107418,-0.009488381824914792,3587.4435358569026,-16088002630.186852,-1012124323.3016372,-196767730.56251556,-16086839902.111773,-1889725305.954813,16119808444.10785,16198648008.643568,-0.9996977185413717,0.009567421776394292,0.02264809006801793,0.009569876458205952,0.9999542076838193,0.0,0.022647052959516648,-0.00021673942396525282,0.9997434991117826,4570.995674092871,-537.0555547777211,-0.11695582811333304,6.095476163249191e-09,146.85797837456425,0.0,-48.95797837456424,-2.2710108127178774,0.0,2.966848304933124e-17,2.2845230979248483,1.5707963267948966,19.539106591334853,461.0,0.029755576821527668,1.6694795182898259,0.0,0.06466862574019015,-1593.4377892876983,-2.2713194860835575,36.09761830328188,-0.019122357098006745,0.20693581120345053,-1.6117641162081955,-0.02139650611945444,0.20671304754488518,-1.6117641162081955,-2.1100581096528368e-17,2.252881835505149e-19,2.792673165970284e-19,-2.110178267518313e-17,-6.730984989263817e-21,2.792673165970284e-19,-1593.4591857938176,-2.0646064385386724,34.485854187073684,-1679172.7029212639,216.56861740090588,125619.57299778453,0.0237353176860523,4579.87051281531
155.42240908691863,2001.0,12.0,14.0,14.0,24.0,3.0,1.0,3518691.8690972226,4929.3237562798495,-78340.52443631086,59.2375144334937,-287.55909475947726,4570.834513405243,3519567.303753766,4580.254083021126,3518532.6470649256,-33834.589134316455,-78340.52443631086,3519567.3037537667,53.667753922665085,-537.5961316326202,4570.834513405243,4602.653362734805,12752671.757140653,0.7240421912495284,1.6336252544560235,2.235174179077153e-07,8.978552446892472e-06,6.260871907439201,-0.022260405329739285,-0.009615811389697785,123367.30375376623,-0.009370837007672259,-0.009325231553160049,3592.8630640543997,-16087998935.255013,-1012123849.5022904,-196767870.64905116,-16086834819.735094,-1889733713.6814525,16119804726.71771,16198643943.891891,-0.999706027304056,0.009613280899112356,0.022258566941668487,0.009615663204593379,0.9999537684418894,0.0,0.022257537893437464,-0.00021403088312798023,0.9997522474081783,4571.011651549168,-537.0552266791533,-0.11695535222439772,6.106052657647494e-09,146.82086786790353,0.0,-48.92086786790353,-2.2895660660482333,0.0,2.966779660415378e-17,2.2845118874243515,1.5707963267948966,19.54161301298264,461.0,0.02980736718638805,1.6784139823398392,0.0,0.06478043039267709,-1593.4635489843101,-2.2322777949833976,35.47703940601194,-0.018782225234579574,0.20727735748624365,-1.6145490845476327,-0.021064553223375655,0.20705786512166616,-1.6145490845476327,-2.1136631329286018e-17,2.262388131158721e-19,2.7492948831269026e-19,-2.1137841044985802e-17,-6.626283180059984e-21,2.7492948831269026e-19,-1593.4846135375335,-2.0252199298617315,33.86249032146431,-1679177.5408168565,216.75710183728614,125640.10601238736,0.023837053596512003,4579.854041755453
155.72240908691862,2001.0,12.0,14.0,14.0,24.0,3.0,1.0,3518709.484804516,4843.055831443899,-76969.2707971228,58.20053147858242,-287.56039987514527,4570.856346905631,3519554.540320421,4580.26265944304,3518548.589217341,-33995.86680330678,-76969.2707971228,3519554.540320421,52.61325961222957,-537.5883128925059,4570.856346905631,4602.661957312651,12752634.952421486,0.7240413948401259,1.6336252394896487,2.235174179077153e-07,8.992687199588144e-06,6.261262288097161,-0.02187078119972557,-0.009661599985387827,123354.5403204211,-0.009206887554296023,-0.009162080092114663,3598.1970546990633,-16087995234.003675,-1012123374.9182235,-196768003.9788449,-16086829755.14655,-1889741966.541792,16119801002.971277,16198639878.661648,-0.9997141822660921,0.009659139079632444,0.02186903766239562,0.00966144967330922,0.9999533271059255,0.0,0.02186801697111729,-0.00021128660677893917,0.9997608439980638,4571.0273320408605,-537.0549017302303,-0.11695488454747442,6.11660172993078e-09,146.79220045774446,0.0,-48.88440091548888,-2.3077995422555593,0.0,2.966726416238088e-17,2.2845031919903174,1.5707963267948966,19.543557578483302,461.0,0.02985902314040963,1.6873638834884366,0.0,0.06489194918394606,-1593.4888622995088,-2.193234639070887,34.856437078477335,-0.018440745784238436,0.2076183466114909,-1.6173285930534114,-0.020731261347427997,0.20740215466024628,-1.6173285930534114,-2.1172695568898707e-17,2.271915165938117e-19,2.7057545725220797e-19,-2.1173913457660146e-17,-6.521195733447689e-21,2.7057545725220797e-19,-1593.5095935608563,-1.9858324844106405,33.23910848542393,-1679182.3870041762,216.94558627366638,125660.72677491585,0.02393879060397123,4579.837500822263
156.0224090869186,2001.0,12.0,14.0,14.0,24.0,4.0,1.0,3518726.7894145,4756.787518918343,-75598.01066873825,57.16353241316423,-287.56167935664104,4570.87777471219,3519542.0021343464,4580.271064056168,3518564.215019169,-34157.142112805304,-75598.01066873825,3519542.0021343464,51.55875004941399,-537.580401687425,4570.87777471219,4602.670379719032,12752598.084144764,0.7240405970501714,1.6336252244989495,2.235174179077153e-07,9.00662719741442e-06,6.261652671696729,-0.021481154345311396,-0.009707388327846286,123342.0021343464,-0.00904293693443932,-0.00899892746528795,3603.4453285597265,-16087991526.352352,-1012122899.5387555,-196768130.6731781,-16086824708.265066,-1889750064.5204077,16119797272.787546,16198635812.871742,-0.999722183421995,0.009704996301249274,0.0214795023394787,0.009707235868549258,0.9999528836759222,0.0,0.021478490304285443,-0.00020850659554837533,0.9997692888758127,4571.042715534691,-537.054579927184,-0.11695442508242027,6.12716962962232e-09,146.77428876335202,0.0,-48.848577526704,-2.3257112366479995,0.0,2.966692791588495e-17,2.2844977006683105,1.5707963267948966,19.544785812308476,461.0,0.029910771065767842,1.6963293976160174,0.0,0.06500367281699021,-1593.5137292041268,-2.15419004428147,34.23581173268627,-0.01809806463775846,0.20796041346182612,-1.6201153690222068,-0.02039679441951309,0.2077475494157615,-1.6201153690222068,-2.1208964647538992e-17,2.2814834800772315e-19,2.662076084950108e-19,-2.1210190756497776e-17,-6.415780062276658e-21,2.662076084950108e-19,-1593.5341259985462,-1.9464424948657084,32.615696363664064,-1679187.2415883578,217.13407071004661,125681.43528536998,0.024040528713090148,4579.8208900173095
156.32240908691858,2001.0,12.0,14.0,14.0,24.0,4.0,1.0,3518743.782922383,4670.5188263930695,-74226.74417286356,56.12651752895753,-287.5629332067535,4570.89879683994,3519529.6891987617,4580.279296885421,3518579.524465876,-34318.415035073194,-74226.74417286356,3519529.689198762,50.50422553091014,-537.572398022081,4570.89879683994,4602.6786299789055,12752561.153356146,0.7240397979022765,1.6336252094843278,2.2401357260902137e-07,9.020311803329206e-06,6.262043058189087,-0.021091524816728262,-0.009753176421364683,123329.68919876218,-0.008878985171738182,-0.008835773696233404,3608.6074424274266,-16087987812.405874,-1012122423.3769672,-196768250.85564756,-16086819679.194853,-1889758007.6257195,16119793536.271965,16198631746.627895,-0.9997300307663828,0.009750852547257799,0.021089961082204036,0.009753021794509155,0.9999524381518732,0.0,0.021088958004678044,-0.00020569085008008585,0.9997775820359002,4571.057802050249,-537.0542612730113,-0.11695397382921546,6.1375476753290204e-09,146.75669885537454,0.0,-48.813397710749086,-2.3433011446254577,0.0,2.966659771749666e-17,2.2844923081193973,1.5707963267948966,19.54599210893878,461.0,0.029961589460234663,1.7053102683555807,0.0,0.06511338741638625,-1593.5381496695197,-2.1151440365532403,33.6151637806892,-0.01775354904858637,0.20829619500911092,-1.622852040140493,-0.020060438217600614,0.20808669389850942,-1.622852040140493,-2.1244580788509245e-17,2.291000736870454e-19,2.6181523032376382e-19,-2.1245815115216496e-17,-6.30977793915616e-21,2.6181523032376382e-19,-1593.5582101077373,-1.9070573426547308,31.992311740548708,-1679192.1044318546,217.32255514642688,125702.23154374977,0.024142267928528853,4579.804209342191
156.62240908691857,2001.0,12.0,14.0,14.0,24.0,4.0,1.0,3518760.4653234654,4584.249761557171,-72855.47143120089,55.08948711765869,-287.56416142808257,4570.9194133025785,3519517.6015168256,4580.287357954205,3518594.517553022,-34479.68554237298,-72855.47143120089,3519517.6015168256,49.449686353389346,-537.5643019010197,4570.9194133025785,4602.686708115725,12752524.161045756,0.7240389974178519,1.6336251944461613,2.2450863083182865e-07,9.033791336768926e-06,6.262433447525315,-0.020701892664207484,-0.009798964270234703,123317.60151682561,-0.008715032289676645,-0.008672618808463279,3613.68296847865,-16087984092.263502,-1012121946.4452153,-196768364.6497841,-16086814668.03453,-1889765795.8655117,16119789793.524374,16198627680.030216,-0.9997377242939754,0.009796707800953482,0.020700413999862357,0.009798807455384724,0.9999519905337717,0.0,0.02069942018403552,-0.00020283937103140158,0.9997857234729021,4571.072591605735,-537.053945770516,-0.11695353078783695,6.147735864389839e-09,146.7394307383223,0.0,-48.778861476644614,-2.3605692616776928,0.0,2.966627356817863e-17,2.2844870143592986,1.5707963267948966,19.54717645643496,461.0,0.03001147828014091,1.714306252396672,0.0,0.065221093023175,-1593.5621236675627,-2.076096641826404,32.994493634574056,-0.017407233694395147,0.2086256937817001,-1.6255386070391697,-0.01972222704611009,0.20841959037271104,-1.6255386070391697,-2.1279544038853635e-17,2.3004664180143717e-19,2.573987688945681e-19,-2.128078658036926e-17,-6.203200059407976e-21,2.573987688945681e-19,-1593.5818458946087,-1.8676770514536931,31.368955027534888,-1679196.975404434,217.51103958280711,125723.1155500552,0.024244008254947234,4579.787458798536
156.92240908691855,2001.0,12.0,14.0,14.0,24.0,4.0,1.0,3518776.8366131308,4497.980332098773,-71484.19256544673,54.05244147102789,-287.5653640239235,4570.939624119371,3519505.739091629,4580.295247291349,3518609.1942762523,-34640.95360696875,-71484.19256544673,3519505.7390916287,48.395132813578414,-537.5561133295134,4570.939624119371,4602.694614158375,12752487.10838897,0.724038195622319,1.6336251793849041,2.2549548671277744e-07,9.047054442723533e-06,6.262823839656578,-0.02031225793797978,-0.009844751878748273,123305.7390916287,-0.008551078311779961,-0.008509462825444685,3618.67146095261,-16087980366.04312,-1012121468.7582436,-196768472.17935437,-16086809674.90133,-1889773429.2500348,16119786044.663351,16198623613.197582,-0.9997452639995956,0.009842562045632422,0.02031086120174833,0.009844592855372026,0.99995154082161,0.0,0.0203098769541021,-0.0001999521590731845,0.9997937131814959,4571.087084224841,-537.0536334231916,-0.11695309595827451,6.1577341941986756e-09,146.72248441661242,0.0,-48.74496883322483,-2.3775155833875856,0.0,2.966595546886918e-17,2.2844818194033376,1.5707963267948966,19.54833884309618,461.0,0.030060437482802377,1.723317062922593,0.0,0.0653267896779374,-1593.585651170656,-2.037047886043163,32.373801706465095,-0.017059153251358088,0.20894891227035237,-1.6281750703448983,-0.0193821952077307,0.20874624106207554,-1.6281750703448983,-2.131385444486206e-17,2.309880005192769e-19,2.5295867029876775e-19,-2.1315105197752078e-17,-6.096057115201299e-21,2.5295867029876775e-19,-1593.6050333658638,-1.8283016449810876,30.745626636120196,-1679201.854351474,217.69952401918738,125744.08730428631,0.024345749697005183,4579.770638387999
157.22240908691853,2001.0,12.0,14.0,14.0,24.0,5.0,1.0,3518792.896786854,4411.71054570505,-70112.90769729212,53.01538088080709,-287.56654099745003,4570.959429308781,3519494.101926203,4580.302964924704,3518623.5546313045,-34802.21920112616,-70112.90769729212,3519494.101926203,47.340565208186675,-537.547832312745,4570.959429308781,4602.702348134759,12752449.996523842,0.7240373925402916,1.633625164300994,2.2549548671277744e-07,9.060053055629827e-06,6.263214234534027,-0.01992262068827525,-0.009890539251197527,123294.10192620289,-0.008387123261565727,-0.008346305770688333,3623.572487704456,-16087976633.858866,-1012120990.3303093,-196768573.56808168,-16086804699.908722,-1889780907.7891426,16119782289.803705,16198619546.245098,-0.999752649878168,0.009888415264591312,0.019921302797160437,0.00989037799866732,0.9999510890153795,0.0,0.019920328426625705,-0.00019702921488982532,0.9998015511564602,4571.101279930383,-537.0533242344064,-0.11695266934051614,6.167542662200431e-09,146.70585989457553,0.0,-48.71171978915108,-2.394140105424459,0.0,2.966564342048993e-17,2.2844767232665664,1.5707963267948966,19.549479257432687,461.0,0.030108467026375884,1.7323424218500745,0.0,0.06543047742057172,-1593.608732151721,-1.9979977951476657,31.753088408522032,-0.016709342394122025,0.20926585292753247,-1.6307614306746208,-0.019040377003382583,0.20906664814910272,-1.6307614306746208,-2.1347512052002437e-17,2.319240980067878e-19,2.4849538056327105e-19,-2.134877101233634e-17,-5.98835979559259e-21,2.4849538056327105e-19,-1593.6277725287243,-1.788931146998563,30.12232697784741,-1679206.7411232516,217.88800845556761,125765.14680644304,0.02444749225936231,4579.753748112258
157.4530979779262,2001.0,12.0,14.0,14.0,24.0,5.0,1.0,3518805.034862572,4345.372036597666,-69058.43640627983,52.21790970875847,-287.5674286219247,4570.974382897101,3519485.306585496,4580.30878273508,3518634.382037352,-34926.22477373502,-69058.43640627983,3519485.306585496,46.529632390037115,-537.5414016456649,4570.974382897101,4602.708178265821,12752421.419321196,0.7240367741404687,1.633625152686895,2.2598729860936304e-07,9.069912197909882e-06,6.263514435575541,-0.019623002386740508,-0.009925747887245076,123285.30658549583,-0.00826104718466208,-0.008220843323129669,3627.2814407348633,-16087973759.963049,-1012120621.9419699,-196768647.43333852,-16086800886.733122,-1889786553.1994925,16119779398.448137,16198616418.900225,-0.999758224719236,0.009923673983915403,0.0196217430648342,0.009925584906488245,0.9999507401688665,0.0,0.019620776501084285,-0.00019475727680330875,0.9998074750666238,4571.1119939759255,-537.0530886300376,-0.1169523468723735,6.1749558779392336e-09,146.69329512213687,0.0,-48.68659024427379,-2.406704877863107,0.0,2.9665407582849634e-17,2.284472871745614,1.5707963267948966,19.55034124262934,461.0,0.030144767648815133,1.7392923083606973,0.0,0.06550884315134912,-1593.6261768601883,-1.9679688295059985,31.275768591816945,-0.016439195652021833,0.20950530031012815,-1.6327161696654238,-0.018776338025959422,0.2093087841970741,-1.6327161696654238,-2.137294954324306e-17,2.3264031143191193e-19,2.450477829192657e-19,-2.1374214811810854e-17,-5.905174203858121e-21,2.450477829192657e-19,-1593.6449531982141,-1.7586600453089245,29.64305242215152,-1679210.504097337,218.07649289194788,125786.29405652545,0.024549235946678263,4579.736787973023
157.52688356281985,2001.0,12.0,14.0,14.0,24.0,5.0,1.0,3518808.8783812653,4324.153695314695,-68721.16421316576,51.96283763571442,-287.56770933381927,4570.979115191013,3519482.5215208572,4580.310622158619,3518637.805684331,-34965.887504186205,-68721.16421316576,3519482.5215208572,46.27025473501255,-537.539333270384,4570.979115191013,4602.710021584939,12752412.272751562,0.724036576211515,1.6336251489697733,2.2598729860936304e-07,9.073020809380202e-06,6.2636104548777265,-0.019527169501690755,-0.009937009301667656,123282.5215208577,-0.008220721762709616,-0.00818071416991696,3628.456626199186,-16087972840.127625,-1012120504.0359877,-196768670.31846327,-16086799669.478441,-1889788339.5656676,16119778473.024601,16198615418.729742,-0.9997599886257821,0.009934951314682638,0.01952592854004844,0.009936845765545836,0.9999506283293349,0.0,0.01952496451233513,-0.00019402614033153096,0.9998093508837818,4571.115383826239,-537.0530136706178,-0.11695224475625311,6.176421897378172e-09,146.6813038021442,0.0,-48.681303802144235,-2.4093480989278824,0.0,2.966518682438644e-17,2.284469266486312,1.5707963267948966,19.551148184673504,461.0,0.030151957405824915,1.74151674436549,0.0,0.06552435446881079,-1593.6317007950258,-1.958363936814188,31.123095794853636,-0.016350235886408562,0.20955201237175938,-1.6331014512731246,-0.01868900008106785,0.20935638843504406,-1.6331014512731246,-2.137786359089101e-17,2.328345113747642e-19,2.439064961678817e-19,-2.1379130690318787e-17,-5.877644083449498e-21,2.439064961678817e-19,-1593.650389795107,-1.749007548379144,29.489994343580513,-1679211.7084981557,218.26497732832811,125807.5290545335,0.02465098076361245,4579.719757972027
157.6181523433638,2001.0,12.0,14.0,14.0,24.0,5.0,1.0,3518813.6065679225,4297.9077253942705,-68303.97625756817,51.647326066769985,-287.56805441791914,4570.9849348586085,3519479.0953990566,4580.312883080796,3518642.014072853,-35014.947946586195,-68303.97625756817,3519479.095399056,45.9494174681657,-537.5367670685099,4570.9849348586085,4602.712287295447,12752400.95487039,0.7240363312956055,1.6336251443703382,2.2598729860936304e-07,9.07687449830604e-06,6.263729225786575,-0.01940862919982738,-0.009950939043625099,123279.09539905656,-0.008170841309579341,-0.008131076490601914,3629.90279302001,-16087971701.930891,-1012120358.141737,-196768698.13412133,-16086798165.407358,-1889790536.255328,16119777327.913288,16198614181.652674,-0.9997621576081251,0.009948900674636916,0.019407410700879167,0.009950774818804135,0.9999504898146235,0.0,0.01940644983637769,-0.00019311877370049833,0.9998116584686775,4571.119552062707,-537.0529212172447,-0.1169521191314098,6.178905835683998e-09,146.67273849764138,0.0,-48.67273849764139,-2.4136307511793076,0.0,2.9665028030601704e-17,2.2844666731870062,1.5707963267948966,19.55172866875784,461.0,0.030164125661588128,1.7442692536267146,0.0,0.06555061849467542,-1593.638496229678,-1.9464830963614808,30.93424607840689,-0.01624190842964697,0.20963192631746455,-1.6337558291732361,-0.01858292659139167,0.2094373867300365,-1.6337558291732361,-2.1386333315828188e-17,2.3310088515073568e-19,2.425210964006489e-19,-2.1387602824146645e-17,-5.844220671506027e-21,2.425210964006489e-19,-1593.6570791562692,-1.7370457096314442,29.300490249233654,-1679213.1988150477,218.45346176470838,125828.85180046721,0.024752726714824244,4579.70265811103
157.7687403975798,2001.0,12.0,14.0,14.0,24.0,5.0,1.0,3518821.3448419166,4254.603368993416,-67615.63981117719,51.12674787701779,-287.5686186096917,4570.994454950388,3519473.488081985,4580.31657879068,3518648.893648273,-35095.89424256275,-67615.63981117719,3519473.488081985,45.42005237391403,-537.5325142919339,4570.994454950388,4602.71599083257,12752382.27140104,0.7240359269892801,1.6336251367778563,2.2598729860936304e-07,9.083147006424956e-06,6.263925191247208,-0.01921304427236831,-0.009973922242875827,123273.48808198515,-0.008088541326080986,-0.008049177069647412,3632.270771443844,-16087969823.002636,-1012120117.304251,-196768742.8474394,-16086795687.685093,-1889794129.358681,16119775437.57073,16198612140.76206,-0.9997657051725195,0.009971916072505787,0.01921186224023123,0.009973756877522248,0.9999502608498825,0.0,0.019210906658531226,-0.00019161444314851623,0.9998154351425379,4571.126369390331,-537.0527693217707,-0.11695191351952318,6.18297114056077e-09,146.65872020496286,0.0,-48.65872020496287,-2.4206398975185675,0.0,2.96647681393712e-17,2.284462428841115,1.5707963267948966,19.552678799917196,461.0,0.03018404065966658,1.7488131055307925,0.0,0.06559360288402122,-1593.6496179314843,-1.9268801592855438,30.62265116392725,-0.01606288804066068,0.20976268975467158,-1.6348268006517355,-0.018407615237456137,0.20956994557090283,-1.6348268006517355,-2.1400194884382455e-17,2.3353945370734856e-19,2.402314412102111e-19,-2.140146836676558e-17,-5.788982571235568e-21,2.402314412102111e-19,-1593.6680255467218,-1.717310213714641,28.987824363275514,-1679215.6590242628,218.64194620108861,125850.26229432656,0.024854473804972833,4579.685488391821
158.036569334853,2001.0,12.0,14.0,14.0,24.0,6.0,1.0,3518834.9140752163,4177.584038961828,-66391.39298604919,50.200862870010134,-287.5696061263311,4571.0111345834575,3519463.6554148085,4580.323045101349,3518660.9323706287,-35239.859985471434,-66391.39298604919,3519463.6554148085,44.47853994119481,-537.5248929732019,4571.0111345834575,4602.72247083909,12752349.011941142,0.7240352072583204,1.633625123262787,2.2647804250673496e-07,9.094189785966732e-06,6.264273727961556,-0.018865184503405737,-0.010014798957206082,123263.65541480854,-0.00794216576242913,-0.007903513928314083,3636.4265760183334,-16087966478.21388,-1012119688.58766,-196768818.78391984,-16086791292.914637,-1889800423.5616229,16119772072.463478,16198608511.558437,-0.9997719189277762,0.010012849523606749,0.01886406551859227,0.010014631550335485,0.9999498523200606,0.0,0.018863119529472287,-0.00018891666571008986,0.9998220576843213,4571.1383097031,-537.0525011575016,-0.11695155294043119,6.19009982426381e-09,146.63413853702133,0.0,-48.63413853702134,-2.432930731489328,0.0,2.9664312399271705e-17,2.2844549860404677,1.5707963267948966,19.55434516135938,461.0,0.03021896238739801,1.756901952051832,0.0,0.06566897696424401,-1593.6691204321285,-1.892014500104305,30.068450338809832,-0.015743619536316627,0.20999190689915567,-1.6367047715510608,-0.018094912947772986,0.20980237521215167,-1.6367047715510608,-2.1424500837893145e-17,2.3431658720345916e-19,2.3614752252843004e-19,-2.1425781386791537e-17,-5.690460456213413e-21,2.3614752252843004e-19,-1593.6872153450763,-1.6822121248921533,28.431745567258773,-1679220.0385943186,218.83043063746888,125871.76053611157,0.024956222038717304,4579.668248816209
158.33656933485298,2001.0,12.0,14.0,14.0,24.0,6.0,1.0,3518849.8187673944,4091.312994189764,-65020.08689051231,49.16374934174043,-287.57068805045185,4571.02943413946,3519452.8548597707,4580.330125945559,3518674.1177403484,-35401.11616204639,-65020.08689051231,3519452.8548597707,43.42392270112415,-537.5162687536265,4571.02943413946,4602.729566681806,12752311.71277692,0.7240344001036234,1.6336251081072364,2.2647804250673496e-07,9.106304308328118e-06,6.2646641326170975,-0.01847553832140746,-0.01006058549052959,123252.85485977074,-0.007778206935645831,-0.007740353098970027,3640.996513865888,-16087962727.156128,-1012119207.8156723,-196768898.47752896,-16086786388.562983,-1889807327.3959966,16119768298.620409,16198604447.462221,-0.9997787334703613,0.010058698786989978,0.018474487248985462,0.010060415777057206,0.9999493927366488,0.0,0.018473552305743976,-0.00018586102299273554,0.9998293320966769,4571.151403560833,-537.052203809214,-0.11695115682108784,6.1979302266662064e-09,146.60713714942688,0.0,-48.607137149426876,-2.4464314252865633,0.0,2.9663811784685683e-17,2.2844468103838396,1.5707963267948966,19.556175939391686,461.0,0.030257321555579815,1.765973414530965,0.0,0.06575176926797281,-1593.690542861236,-1.8529596778897153,29.44766128431212,-0.015384699446197043,0.21024356213160583,-1.638767568052637,-0.017743301179931958,0.21005765793723027,-1.638767568052637,-2.1451198045039884e-17,2.351826507733363e-19,2.3155563994035516e-19,-2.145248650655277e-17,-5.579688080757924e-21,2.3155563994035516e-19,-1593.708286162416,-1.642902019952485,27.808893716259483,-1679224.9501354843,219.01891507384912,125893.34652582224,0.02505797142071657,4579.650939386035
158.63656933485296,2001.0,12.0,14.0,14.0,24.0,6.0,1.0,3518864.412323471,4005.0416286788222,-63648.77536592723,48.1266222472735,-287.57174439450057,4571.047328376514,3519442.2795779216,4580.3370354375775,3518686.986722989,-35562.3697374951,-63648.77536592723,3519442.2795779216,42.369292795960384,-537.5075521409424,4571.047328376514,4602.73649081051,12752274.367387928,0.7240335919433477,1.633625092934008,2.269677253324963e-07,9.118232275178114e-06,6.26505453979042,-0.018085889852642544,-0.0101063718080321,123242.27957792161,-0.007614247147279088,-0.0075771913085498944,3645.476255644113,-16087958971.438932,-1012118726.4651377,-196768972.62302303,-16086781503.652908,-1889814076.5277362,16119764520.090769,16198600384.56097,-0.999785394163355,0.010104546945932585,0.01808490388811277,0.010106199766878233,0.9999489310591176,0.0,0.018083980311225246,-0.0001827696514580605,0.9998364547521548,4571.164200832966,-537.0519096625609,-0.11695076891382025,6.2055973060068335e-09,146.58069894480403,0.0,-48.58069894480402,-2.459650527597989,0.0,2.966332159979361e-17,2.28443880505704,1.5707963267948966,19.557968918547516,461.0,0.030294880502326177,1.7750562650092028,0.0,0.0658328333714283,-1593.7115186477117,-1.8139036428728088,28.826852803208908,-0.015024432634286475,0.21048983540256838,-1.6407873039159795,-0.017390293124431144,0.21030758923260212,-1.6407873039159795,-2.1477337047270996e-17,2.3604400392626153e-19,2.2694572677157814e-19,-2.1478633418109752e-17,-5.4684849583282914e-21,2.2694572677157814e-19,-1593.7289089408362,-1.6035960536402067,27.18606549929293,-1679229.8677923027,219.20739951022938,125915.02026345856,0.025159721955629506,4579.633560103163
158.93656933485295,2001.0,12.0,14.0,14.0,24.0,6.0,1.0,3518878.694739418,3918.769950106405,-62277.458533947174,47.08948187831713,-287.57277516118455,4571.064817310177,3519431.9295719243,4580.343773601322,3518699.5393147925,-35723.62068409655,-62277.458533947174,3519431.9295719247,41.314650522378294,-537.4987431400438,4571.064817310177,4602.743243249164,12752236.976756489,0.7240327827987426,1.6336250777434778,2.2745635393967898e-07,9.129901456216595e-06,6.265444949432482,-0.01769623914733555,-0.01015215791400828,123231.92957192473,-0.007450286420848975,-0.007414028580462284,3649.8654709607363,-16087955211.160774,-1012118244.5483321,-196769041.34396067,-16086776638.282127,-1889820670.9651945,16119760736.973612,16198596322.953987,-0.9997919010022673,0.01015039398373637,0.017695315545290885,0.010151983523997321,0.999948467287454,0.0,0.01769440365768148,-0.00017964255186772674,0.9998434256461122,4571.17670153899,-537.0516187204169,-0.11695038921861237,6.213101060354563e-09,146.55482392981185,0.0,-48.55482392981185,-2.4725880350940743,0.0,2.966284184716497e-17,2.284430970102031,1.5707963267948966,19.559724067846304,461.0,0.030331639196441194,1.7841502629578854,0.0,0.06591216929531293,-1593.7320477674639,-1.7748464210060462,28.206025307846236,-0.014662848897280461,0.21073072845364316,-1.6427639797961113,-0.01703591825382751,0.21055217059350512,-1.6427639797961113,-2.1502917901212274e-17,2.369006025591439e-19,2.2231816443274233e-19,-2.150422217765192e-17,-5.356860216379392e-21,2.2231816443274233e-19,-1593.7490836857178,-1.564294250412541,26.563261328050125,-1679234.7914355174,219.39588394660962,125936.78174902053,0.025261473648114766,4579.616110969482
159.23656933485293,2001.0,12.0,14.0,14.0,24.0,7.0,1.0,3518892.666011301,3832.4979661398697,-60906.13651607459,46.05232852622465,-287.57378035321875,4571.081900956218,3519421.804844383,4580.350340460743,3518711.7755120965,-35884.86897414051,-60906.13651607459,3519421.804844383,40.259996176696944,-537.4898417558596,4571.081900956218,4602.7498240217665,12752199.541862931,0.7240319726910163,1.6336250625360211,2.269677253324963e-07,9.141300697365144e-06,6.265835361494041,-0.017306586255669002,-0.01019794381275561,123221.80484438315,-0.0072863247798361135,-0.007250864938268204,3654.163836684078,-16087951446.419933,-1012117762.0774989,-196769104.76386476,-16086771792.54814,-1889827110.7167764,16119756949.367796,16198592262.74037,-0.9997982539827112,0.010196239883706472,0.01730572232979833,0.010197767052616049,0.9999480014216442,0.0,0.01730482245683976,-0.00017647972499653926,0.9998502447740081,4571.188905698526,-537.0513309856585,-0.11695001773544837,6.220441487822207e-09,146.5295121109579,0.0,-48.5295121109579,-2.4852439445210472,0.0,2.9662372529314924e-17,2.2844233055598893,1.5707963267948966,19.56144135694829,461.0,0.03036759760745793,1.7932551684874276,0.0,0.06598977705999065,-1593.7521301969216,-1.7357880382394053,27.58517921053482,-0.014299978030540974,0.2109662429974109,-1.644697596336848,-0.016680206039140368,0.2107914034836535,-1.644697596336848,-2.1527940662338278e-17,2.377524025635725e-19,2.1767333426159463e-19,-2.1529252840215205e-17,-5.244822979469191e-21,2.1767333426159463e-19,-1593.7688104029608,-1.5249966347557518,25.940481614197974,-1679239.7209361494,219.58436838298985,125958.63098250816,0.02536322650283094,4579.598591986909
159.48592297155633,2001.0,12.0,14.0,14.0,24.0,7.0,1.0,3518904.041846992,3760.7902960806973,-59766.31888268048,45.190258988012715,-287.5745963866981,4571.0957921005975,3519413.560828499,4580.355668346528,3518721.705195119,-36018.893090995494,-59766.31888268048,3519413.5608284986,39.3833808807093,-537.4823728123213,4571.0957921005975,4602.755163196642,12752168.393793592,0.7240312986289437,1.633625049883294,2.2745635393967898e-07,9.15059913923801e-06,6.266159865524563,-0.016982713409238216,-0.010235999926010575,123213.56082849856,-0.007150042662478334,-0.0071152461009099475,3657.6671817041934,-16087948313.921637,-1012117360.6451488,-196769153.53169173,-16086767779.890842,-1889832345.5889854,16119753797.84526,16198588889.108522,-0.999803417353084,0.01023434514542143,0.01698189708305011,0.010235821179613492,0.9999476126101702,0.0,0.016981007445787573,-0.0001738236618327009,0.9998557971885049,4571.198823873951,-537.0510942695865,-0.11694971521602847,6.225998730265483e-09,146.51017379571022,0.0,-48.51526069356534,-2.5,0.0,2.966201358308086e-17,2.284417443523026,1.5707963267948966,19.56275499357971,461.0,0.030394827977795844,1.8008311012674723,0.0,0.06604841235449449,-1593.7684823301806,-1.703322674124578,27.069131242952228,-0.013996406563756454,0.21114583386888516,-1.6461584284748552,-0.016382409842407263,0.2109741197508363,-1.6461584284748552,-2.1546844758341177e-17,2.384404684710335e-19,2.137850797710552e-19,-2.1548163410462154e-17,-5.151027032826589e-21,2.137850797710552e-19,-1593.784864740023,-1.4923485543737416,25.422972814477372,-1679243.8225974217,219.77285281937012,125980.56796392144,0.025464980524436437,4579.581003157383
159.5923461887451,2001.0,12.0,14.0,14.0,24.0,7.0,1.0,3518908.831561567,3730.1856640764004,-59279.847851014056,44.82232824405686,-287.57493929006273,4571.101635561765,3519410.089700875,4580.357906261512,3518725.8765927115,-36076.093523738185,-59279.847851014056,3519410.089700875,39.00924225406873,-537.479165665525,4571.101635561765,4602.757405853711,12752155.0915792,0.7240310107602914,1.633625044479899,2.2794393510786276e-07,9.154541446933596e-06,6.266298363145919,-0.016844485224533814,-0.010252242093428902,123210.08970087487,-0.007091877770666464,-0.007057364294736279,3659.143129158765,-16087946976.142452,-1012117189.2098296,-196769173.2747811,-16086766071.532053,-1889834547.2848957,16119752451.941639,16198587449.646883,-0.9998055886950584,0.010250608086085359,0.01684368866944188,0.010252062494796202,0.9999474462263518,0.0,0.016842803470040146,-0.00017268254888200884,0.9998581350131662,4571.202994561519,-537.0509939176486,-0.11694958782920041,6.228924394976886e-09,146.50025628821393,0.0,-48.50038443232092,-2.5,0.0,2.9661830067539696e-17,2.284414446486798,1.5707963267948966,19.563426676374988,461.0,0.03040915256430783,1.8040665409714862,0.0,0.06607945916636257,-1593.7753673915051,-1.689466340781462,26.848880096088234,-0.013867988829436033,0.21123827187455643,-1.6469320438857693,-0.01625663747604087,0.21106788092150583,-1.6469320438857693,-2.1556855398313887e-17,2.387558814254923e-19,2.1214269948227782e-19,-2.1558176938416483e-17,-5.111424218971026e-21,2.1214269948227782e-19,-1593.7916240289812,-1.4783984598599562,25.201948052202464,-1679245.574274784,219.96133725575035,126002.59269326036,0.02556673571758953,4579.56334448287
159.82782059447467,2001.0,12.0,14.0,14.0,24.0,7.0,1.0,3518919.290223346,3662.4690377078077,-58203.46890172304,44.00823088887935,-287.57568655930226,4571.114383580617,3519402.5101681147,4580.362781228538,3518734.964804355,-36202.655271775955,-58203.46890172304,3519402.5101681147,38.18140961069558,-537.4720281348402,4571.114383580617,4602.762291151352,12752125.636536216,0.7240303733314634,1.6336250325161008,2.2745635393967898e-07,9.163087391818295e-06,6.266604807128817,-0.01653863750557576,-0.010288179790468492,123202.51016811468,-0.006963180437922365,-0.006929293323620157,3662.3681388180703,-16087944013.897192,-1012116809.6157862,-196769214.7117179,-16086762300.112123,-1889839349.5924459,16119749471.707394,16198584265.03486,-0.9998103242349146,0.010286591308377122,0.01653788355653096,0.0102879982965461,0.9999470771451109,0.0,0.016537008324519323,-0.00017014171785806827,0.9998632398520663,4571.212090004038,-537.0507733036537,-0.11694930964344309,6.235312858303332e-09,146.47860048032769,0.0,-48.46790072049153,-2.5,0.0,2.9661429338568714e-17,2.2844079020860573,1.5707963267948966,19.564893544775995,461.0,0.03044043154598029,1.8112308077497434,0.0,0.06614725249210376,-1593.7904016194645,-1.6588070134898412,26.361539559674135,-0.013583211962648606,0.21144004774470487,-1.648621297459873,-0.01597768767635428,0.21127259863508613,-1.648621297459873,-2.1578714008658118e-17,2.3945121524864384e-19,2.0850017112801818e-19,-2.1580041934979202e-17,-5.023592462551511e-21,2.0850017112801818e-19,-1593.8063793071408,-1.447534414854755,24.712918262214263,-1679249.4530203324,220.14982169213062,126024.70517052495,0.02566849208694841,4579.545615965361
160.12782059447466,2001.0,12.0,14.0,14.0,24.0,8.0,1.0,3518932.3371142475,3576.1961920058393,-56832.13219912758,42.97104069415224,-287.57661576262586,4571.130263026128,3519393.054720919,4580.368839059268,3518746.2610241137,-36363.89550586303,-56832.13219912758,3519393.0547209186,37.12672115853041,-537.4628522978087,4571.130263026128,4602.768361820677,12752088.067107182,0.7240295602966345,1.6336250172582025,2.2794393510786276e-07,9.173791908521573e-06,6.266995226088273,-0.01614897841602985,-0.010333965098830371,123193.05472091865,-0.006799216217199816,-0.006766127102915535,3666.39539741911,-16087940235.58966,-1012116325.4770799,-196769263.10227954,-16086757512.402363,-1889845329.7535856,16119745670.456944,16198580208.65184,-0.9998162201019469,0.010332433729470611,0.016148276511170834,0.010333781171019416,0.9999466050578448,0.0,0.016147414274880614,-0.00016687275575555228,0.9998696080818332,4571.223413037435,-537.05049508785,-0.1169489625574667,6.2432824495114174e-09,146.45158491691046,0.0,-48.42737737536567,-2.5,0.0,2.966092942080314e-17,2.2843997378093706,1.5707963267948966,19.56672381232707,461.0,0.030479451784056973,1.8203687976812577,0.0,0.06623182387646112,-1593.8091568707455,-1.6197453351033688,25.740640633556318,-0.013219150753732591,0.21169162060399999,-1.6507286201672586,-0.015620997914786714,0.2115279475737048,-1.6507286201672586,-2.160598147087286e-17,2.4033195413435023e-19,2.0384270496585543e-19,-2.1607317525484704e-17,-4.911289133181212e-21,2.0384270496585543e-19,-1593.8247778686602,-1.408217387529664,24.08991201338906,-1679254.4003232997,220.33830612851085,126046.90539571518,0.025770249637171075,4579.5278176068705
160.42782059447464,2001.0,12.0,14.0,14.0,24.0,8.0,1.0,3518945.0728464285,3489.9230711268897,-55460.79078949123,41.93383866258057,-287.57751938149727,4571.145737053993,3519383.8245619354,4580.374725485403,3518757.2408358124,-36525.13297359632,-55460.79078949123,3519383.824561935,36.072021800489985,-537.4535840766779,4571.145737053993,4602.774260723692,12752050.450481834,0.7240287462351579,1.6336250019830239,2.2794393510786276e-07,9.184242185369123e-06,6.267385647267693,-0.015759317338371444,-0.010379750217092608,123183.82456193492,-0.006635251176058613,-0.006602960062169811,3670.3310499824584,-16087936452.52217,-1012115840.7599276,-196769306.67312396,-16086752744.028925,-1889851155.1900802,16119741864.419611,16198576153.364346,-0.9998219620941172,0.010378274946507912,0.015758665026084372,0.010379563833740682,0.9999461308763694,0.0,0.01575781612060983,-0.0001635680695727795,0.999875824528524,4571.234439408771,-537.0502200702213,-0.11694862368395548,6.251062154940559e-09,146.4252130340998,0.0,-48.387819551149704,-2.5,0.0,2.9660441406104965e-17,2.284391767924527,1.5707963267948966,19.568510842326585,461.0,0.030517542054569972,1.8295183691113575,0.0,0.06631437953198838,-1593.8274653432804,-1.5806825987760893,25.119724741383152,-0.012853722633223106,0.21193703966656935,-1.6527857140485525,-0.01526288222082569,0.21177717392220063,-1.6527857140485525,-2.1632598049286086e-17,2.4120689358877806e-19,1.991668292736897e-19,-2.1633942222846742e-17,-4.798543510310878e-21,1.991668292736897e-19,-1593.8427282255013,-1.3689054248538888,23.4669390273346,-1679259.3538704887,220.52679056489112,126069.19336883107,0.025872008372915416,4579.509949409441
160.72782059447462,2001.0,12.0,14.0,14.0,24.0,8.0,1.0,3518957.49741628,3403.6496829609455,-54089.444797845215,40.89662509401666,-287.57839741938824,4571.160805687309,3519374.8196934,4580.38044053747,3518767.9042361234,-36686.367647045176,-54089.444797845215,3519374.8196934005,35.01731184139777,-537.4442234773777,4571.160805687309,4602.7799878909755,12752012.787851533,0.724027931172809,1.6336249866910044,2.2843047554427274e-07,9.194475314007209e-06,6.267776070619917,-0.015369654323789976,-0.010425535149489186,123174.81969340052,-0.006471285337203912,-0.006439792224070024,3674.17477231659,-16087932664.814241,-1012115355.4789503,-196769345.5489083,-16086747995.110456,-1889856825.9130785,16119738053.715601,16198572099.292835,-0.999827550207531,0.01042411494273327,0.015369049211574844,0.01042534628884795,0.9999456546006675,0.0,0.01536821397445808,-0.0001602276601610133,0.9998818891880842,4571.245169144736,-537.0499482543828,-0.11694829302288945,6.2586519727052714e-09,146.3994848382872,0.0,-48.349227257430826,-2.5,0.0,2.965996529740112e-17,2.284383992479326,1.5707963267948966,19.5702545994795,461.0,0.0305547023267788,1.8386792292214267,0.0,0.06639491943140695,-1593.8453270161162,-1.5416188305685135,24.498792297218646,-0.012486962366743605,0.2121763077840458,-1.654792578554251,-0.014903374999255557,0.21202028022727018,-1.654792578554251,-2.165856379401337e-17,2.420759819561833e-19,1.944729890856653e-19,-2.165991607665481e-17,-4.685366293758284e-21,1.944729890856653e-19,-1593.8602303911155,-1.3295985503412433,22.843999718664396,-1679264.3135051206,220.71527500127135,126091.56908987262,0.02597376829883918,4579.492011375134
161.0278205944746,2001.0,12.0,14.0,14.0,24.0,9.0,1.0,3518969.6108203647,3317.3760352273366,-52718.094346526086,39.85940028185057,-287.5792498796327,4571.175468948212,3519366.0401175264,4580.3859842447855,3518778.251221891,-36847.599498451236,-52718.094346526086,3519366.0401175264,33.96259157960412,-537.4347705056638,4571.175468948212,4602.7855433518935,12751975.080363406,0.724027115134405,1.633624971382567,2.2891598188485577e-07,9.204443771546362e-06,6.2681664960961765,-0.014979989422709642,-0.010471319900302575,123166.04011752643,-0.006307318724002937,-0.006276623611864422,3677.926250204444,-16087928872.580944,-1012114869.6482171,-196769379.85356992,-16086743265.761143,-1889862341.933303,16119734238.460636,16198568046.553284,-0.9998329844384087,0.010469953701440143,0.014979429177183742,0.010471128540527744,0.999945176230721,0.0,0.014978607948414602,-0.0001568515283780227,0.9998878020565736,4571.255602270895,-537.0496796438035,-0.11694797057424876,6.266051900942003e-09,146.37440033578983,0.0,-48.31160050368474,-2.5,0.0,2.9659501097550474e-17,2.2843764115204577,1.5707963267948966,19.571955049319904,461.0,0.0305909325706196,1.8478510976872198,0.0,0.0664734435479084,-1593.862741868806,-1.5025540564656,23.877843713934187,-0.01211890471840827,0.2124094277482685,-1.6567492131436783,-0.014542510652881742,0.21225726897289424,-1.6567492131436783,-2.1683878753913727e-17,2.4293916757518266e-19,1.8976162934759064e-19,-2.1685239135239183e-17,-4.571768178853813e-21,1.8976162934759064e-19,-1593.877284379459,-1.2902967874927056,22.221094500790507,-1679269.2790762354,220.90375943765162,126114.03255883981,0.026075529419599962,4579.474003506039
161.3278205944746,2001.0,12.0,14.0,14.0,24.0,9.0,1.0,3518981.4130553547,3231.1021355911657,-51346.739557020366,38.822164517440825,-287.58007676556207,4571.1897268590055,3519357.485836471,4580.391356636637,3518788.2817900707,-37008.82850011135,-51346.739557020366,3519357.485836471,32.90786131142365,-537.4252251672991,4571.1897268590055,4602.790927135788,12751937.329160554,0.7240262981446778,1.633624956058132,2.2891598188485577e-07,9.214172515192868e-06,6.268556923647252,-0.014590322685313734,-0.01051710447383062,123157.48583647097,-0.006143351359814341,-0.006113454249037863,3681.5851772911847,-16087925075.936941,-1012114383.2817255,-196769409.71083412,-16086738556.094759,-1889867703.2615025,16119730418.770035,16198563995.261263,-0.9998382647830772,0.010515791205938034,0.01458980503221497,0.010516910592981966,0.9999446957665105,0.0,0.014588998154230901,-0.0001534396750928432,0.9998935631301573,4571.26573881289,-537.0494142419448,-0.1169476563380131,6.273261937831612e-09,146.34995953277422,0.0,-48.274939299161296,-2.5,0.0,2.965904880934137e-17,2.2843690250934574,1.5707963267948966,19.573612158223003,461.0,0.030626232756838002,1.8570336957404776,0.0,0.06654995185542643,-1593.8797098814282,-1.4634883024294902,23.25687940404404,-0.01174958445246615,0.21263640229211592,-1.6586556172917029,-0.014180323584177769,0.2124881425811525,-1.6586556172917029,-2.1708542976675288e-17,2.437963987777248e-19,1.8503319493978586e-19,-2.1709911445756564e-17,-4.457759858314868e-21,1.8503319493978586e-19,-1593.8938902050124,-1.2510001598483378,21.598223786752335,-1679274.250433417,221.09224387403185,126136.58377573267,0.026177291739855214,4579.455925804267
161.62782059447457,2001.0,12.0,14.0,14.0,24.0,9.0,1.0,3518992.904118009,3144.827991725028,-49975.38055094241,37.78491809245923,-287.58087808052596,4571.203579442279,3519349.15685233,4580.396557742432,3518797.995937707,-37170.054624315584,-49975.38055094241,3519349.1568523305,31.853121333483905,-537.4155874680997,4571.203579442279,4602.796139272114,12751899.535386857,0.7240254802283776,1.633624940718119,2.2891598188485577e-07,9.223662303468133e-06,6.268947353223901,-0.01420065416182254,-0.010562888874368992,123149.15685233055,-0.005979383268265592,-0.005950284159083083,3685.1512552630156,-16087921274.99698,-1012113896.3934793,-196769435.244463,-16086733866.22514,-1889872909.908514,16119726594.759193,16198559945.532421,-0.9998433912379651,0.0105616274395349,0.014200176886012604,0.010562692450410333,0.999944213208016,0.0,0.014199384703698527,-0.00014999210118837663,0.9998991724051011,4571.275578796574,-537.0491520522814,-0.11694735031416294,6.2802820816071084e-09,146.32616243523015,0.0,-48.23924365284521,-2.5,0.0,2.965860843549055e-17,2.2843618332426954,1.5707963267948966,19.575225893409367,461.0,0.03066060285702975,1.8662267443347544,0.0,0.06662444432872316,-1593.896231034576,-1.4244215944274217,22.63589978014759,-0.01137903633415996,0.21285723408977417,-1.6605117904908553,-0.01381684819614067,0.2127129034124819,-1.6605117904908553,-2.173255650884146e-17,2.4464762388825043e-19,1.8028813068968606e-19,-2.173393305421627e-17,-4.3433520232610035e-21,1.8028813068968606e-19,-1593.910047882772,-1.2117086910149397,20.975387989656735,-1679279.2274261266,221.28072831041212,126159.22274055115,0.026279055264262285,4579.4377782719575
161.92782059447455,2001.0,12.0,14.0,14.0,24.0,9.0,1.0,3519004.0840051738,3058.5536112996183,-48604.01744988565,36.74766129853349,-287.58165382788945,4571.2170267208885,3519341.0531671345,4580.401587591667,3518807.39366193,-37331.27784335669,-48604.01744988565,3519341.0531671345,30.798371942367453,-537.4058574139275,4571.2170267208885,4602.801179790417,12751861.70018604,0.7240246614102486,1.6336249253629478,2.2891598188485577e-07,9.232877799245154e-06,6.269337784776968,-0.013810983902451075,-0.010608673106213886,123141.05316713452,-0.00581541447279454,-0.005787113365405925,3688.624193765223,-16087917469.875792,-1012113408.9974766,-196769456.57821766,-16086729196.266083,-1889877961.8852534,16119722766.543499,16198555897.482382,-0.999848363799603,0.010607462385539883,0.01381054484791856,0.010608474117013078,0.9999437285552166,0.0,0.01380976770860672,-0.00014650880756099233,0.9999046298777717,4571.285122247991,-537.048893078299,-0.11694705250267934,6.287112330558039e-09,146.3030090489558,0.0,-48.2045135734337,-2.5,0.0,2.9658179978643026e-17,2.284354836011366,1.5707963267948966,19.576796222947554,461.0,0.030694042843661205,1.8754299644430312,0.0,0.06669692094343473,-1593.9123053093713,-1.385353958427435,22.01490525486138,-0.011007295129596634,0.21307192575686942,-1.6623177322524407,-0.013452118892156651,0.21293155376581038,-1.6623177322524407,-2.1755919395824753e-17,2.4549279122382946e-19,1.755268813716408e-19,-2.175730400549402e-17,-4.228555363113494e-21,1.755268813716408e-19,-1593.9257574282635,-1.1724224046616247,20.35258752260894,-1679284.2099038418,221.46921274679235,126181.94945329532,0.026380819997478336,4579.419560911269
162.22782059447454,2001.0,12.0,14.0,14.0,24.0,10.0,1.0,3519014.952713782,2972.2790019848794,-47232.6503754386,35.71039442723701,-287.5824040089159,4571.230068711267,3519333.17478285,4580.406446207117,3518816.4749599625,-37492.49812952888,-47232.6503754386,3519333.1747828503,29.743613434626088,-537.3960350085737,4571.230068711267,4602.806048713448,12751823.82446482,0.7240238417099104,1.6336249099926683,2.2940046069533655e-07,9.241867875071593e-06,6.269728218257126,-0.013421311957413586,-0.010654457173661659,123133.17478284985,-0.005651444996739824,-0.005623941891450969,3692.003791142255,-16087913660.66455,-1012112921.1002595,-196769473.83551028,-16086724546.307829,-1889882859.1952667,16119718934.214355,16198551851.202515,-0.9998531824646242,0.010653296027262959,0.013420909027277005,0.010654255596990592,0.9999432418080908,0.0,0.01342014728074684,-0.00014298979512056758,0.9999099355446377,4571.294369186692,-537.0486373213769,-0.11694676290325665,6.2938501861287e-09,146.2902496897855,0.0,-48.180499379571,-2.5097503102145007,0.0,2.965794142542257e-17,2.2843509401416244,1.5707963267948966,19.577670652881633,461.0,0.03072703137518166,1.8846431463988327,0.0,0.06676817157972137,-1593.9279326874594,-1.3462854203988475,21.393896240825583,-0.010634468919616322,0.21328721565158404,-1.664094741979904,-0.013086320838898215,0.21315083039131943,-1.664094741979904,-2.1779019501147118e-17,2.463362621074166e-19,1.7075270672720382e-19,-2.1780412187676596e-17,-4.1134273143517494e-21,1.7075270672720382e-19,-1593.9410190082983,-1.133134590007528,19.729801498845678,-1679289.197747266,221.6576971831726,126204.76391396511,0.026482585944160402,4579.401273724384
162.52782059447452,2001.0,12.0,14.0,14.0,24.0,10.0,1.0,3519025.510240852,2886.0041714507483,-45861.279449186055,34.67311777013004,-287.5831286245819,4571.242705429158,3519325.521701379,4580.411133610683,3518825.2398291095,-37653.71545512712,-45861.279449186055,3519325.521701379,28.688846106801307,-537.3861202555731,4571.242705429158,4602.810746063058,12751785.909095986,0.7240230211462458,1.6336248946072778,2.2988391847225347e-07,9.250609184949284e-06,6.270118653615039,-0.013031638376923893,-0.010700241081008647,123125.52170137875,-0.005487474863791424,-0.005460769760748016,3695.289859186858,-16087909847.451046,-1012112432.7073016,-196769487.13970977,-16086719916.437204,-1889887601.8411102,16119715097.859722,16198547806.780685,-0.9998578472297648,0.010699128348014779,0.013031269533434614,0.010700036894543241,0.9999427529666163,0.0,0.013030523531912601,-0.00013943506479048765,0.9999150894022687,4571.303319631459,-537.0483847826023,-0.11694648151554882,6.300409970246789e-09,146.27931671625535,0.0,-48.158633432510705,-2.5206832837446496,0.0,2.9657736402223246e-17,2.2843475918586833,1.5707963267948966,19.57842224115591,461.0,0.03075914781124158,1.8938660903222682,0.0,0.06683750157809497,-1593.9431131510062,-1.3072160063125402,20.772873150703784,-0.010260518262351125,0.21349719458313884,-1.6658240931629826,-0.01271934656209854,0.21336482501320578,-1.6658240931629826,-2.180151620680771e-17,2.4717412887600887e-19,1.6596340478574438e-19,-2.1802916960402436e-17,-3.997934563526267e-21,1.6596340478574438e-19,-1593.9558324975683,-1.0938511812993343,19.107049057540802,-1679294.1908415481,221.84618161955285,126227.6661225606,0.02658435310896539,4579.382916713512
162.8278205944745,2001.0,12.0,14.0,14.0,24.0,10.0,1.0,3519035.756583494,2799.729127366383,-44489.90479270631,33.6358316188056,-287.583827677758,4571.254936896552,3519318.0939245624,4580.415649830436,3518833.6882667732,-37814.92979244798,-44489.90479270631,3519318.0939245624,27.6340702554451,-537.3761131603873,4571.254936896552,4602.815271867355,12751747.955163933,0.7240221997427214,1.6336248792070998,2.2988391847225347e-07,9.259114424045214e-06,6.270509090801424,-0.012641963211194547,-0.010746024832551361,123118.09392456198,-0.005323504097168898,-0.0052975969966737695,3698.482141142711,-16087906030.344135,-1012111943.8306828,-196769496.61450455,-16086715306.762089,-1889892189.832039,16119711257.589003,16198543764.326464,-0.999862358091863,0.010744959331106873,0.012641626475739638,0.010745818013871557,0.9999422620307699,0.0,0.012640896573899163,-0.00013584461750763862,0.9999200914473355,4571.3119736072495,-537.048135464953,-0.11694620833946436,6.306776636089721e-09,146.26870560651713,0.0,-48.13741121303426,-2.5312943934828693,0.0,2.9657537447200206e-17,2.2843443426765813,1.5707963267948966,19.579151641276237,461.0,0.030790318262836083,1.9030985347542,0.0,0.06690478904008874,-1593.9578466827027,-1.268145742140566,20.15183639718099,-0.009885466376685697,0.21370082548257252,-1.6675024988548501,-0.012351206972447223,0.21357250043894058,-1.6675024988548501,-2.182334970993476e-17,2.480056593801057e-19,1.6115898123249776e-19,-2.1824758516387874e-17,-3.882080510322688e-21,1.6115898123249776e-19,-1593.970197889675,-1.0545732417016254,18.48433389832614,-1679299.1890439764,222.0346660559331,126250.6560790817,0.02668612149655002,4579.36448988088
163.12782059447449,2001.0,12.0,14.0,14.0,24.0,11.0,1.0,3519045.691738904,2713.4538773999575,-43118.52652757074,32.598536264867306,-287.5845011722695,4571.266763138654,3519310.891454177,4580.419994897548,3518841.8202704415,-37976.14111378979,-43118.52652757074,3519310.8914541774,26.57928617710835,-537.3660137294627,4571.266763138654,4602.819626157571,12751709.963857466,0.7240213775250588,1.633624863792622,2.2988391847225347e-07,9.267360282505086e-06,6.270899529767007,-0.012252286510436722,-0.010791808432586572,123110.89145417698,-0.005159532720471945,-0.0051344236226221664,3701.5803534332663,-16087902209.463022,-1012111454.4857821,-196769502.38373938,-16086710717.400702,-1889896623.180688,16119707413.522127,16198539723.960081,-0.9998667150478592,0.010790788959851758,0.012251979963541722,0.010791598959176326,0.9999417690005274,0.0,0.012251266518502927,-0.00013221845422240605,0.9999249416766105,4571.320331142161,-537.047889372356,-0.11694594337504015,6.312950182134015e-09,146.25841636310997,0.0,-48.11683272621995,-2.541583636890026,0.0,2.9657344560917365e-17,2.2843411926045287,1.5707963267948966,19.57985884604503,461.0,0.03082054270491721,1.9123401874222097,0.0,0.06697003399377058,-1593.9721332657602,-1.2290746538560051,19.530786392962703,-0.009509348506294419,0.21389811008096563,-1.6691299595155775,-0.011981936927651801,0.213773858066614,-1.6691299595155775,-2.1844520040615238e-17,2.4883080083038333e-19,1.5633988867004084e-19,-2.1845936885161522e-17,-3.765875978724052e-21,1.5633988867004084e-19,-1593.984115202688,-1.0153007957893911,17.861656433447127,-1679304.1921980921,222.22315049231335,126273.73378352847,0.026787891111570913,4579.345993228744
163.42782059447447,2001.0,12.0,14.0,14.0,24.0,11.0,1.0,3519055.3157043634,2627.1784292185357,-41747.144775343266,31.56123199989994,-287.58514911166463,4571.278184180016,3519303.9142919336,4580.4241688423435,3518849.635837688,-38137.34939145271,-41747.144775343266,3519303.9142919336,25.52449416832561,-537.3558219689999,4571.278184180016,4602.823808964087,12751671.93633255,0.7240205545182732,1.6336248483642817,2.303663616439751e-07,9.275347452103337e-06,6.271289970462466,-0.011862608324860038,-0.010837591885411325,123103.91429193364,-0.004995560757142778,-0.004971249662051902,3704.584231670946,-16087898384.923664,-1012110964.6869451,-196769504.5712122,-16086706148.46798,-1889900901.898739,16119703565.775728,16198535685.798405,-0.9998709180947968,0.010836617217562964,0.011862330106191633,0.010837379734658599,0.9999412738758646,0.0,0.011861633477521281,-0.0001285565758986718,0.9999296400869672,4571.328392263564,-537.0476465084569,-0.11694568662227392,6.318930606914013e-09,146.24844898847664,0.0,-48.096897976953294,-2.5515510115233546,0.0,2.9657157743921355e-17,2.2843381416514514,1.5707963267948966,19.58054384848309,461.0,0.030849821113320818,1.9215907656594733,0.0,0.06703323646657637,-1593.9859728839172,-1.1900027674328715,18.909723550774014,-0.009132199894042056,0.2140890500705749,-1.6707064755967707,-0.011611571284276243,0.2139688992525223,-1.6707064755967707,-2.186502722811401e-17,2.4964950043243816e-19,1.515065796603015e-19,-2.1866452095427156e-17,-3.6493317907795815e-21,1.515065796603015e-19,-1593.9975844552014,-0.9760338681803492,17.239017075177244,-1679309.2001517396,222.4116349286936,126296.89923590088,0.02688966195868453,4579.327426759379
163.72782059447445,2001.0,12.0,14.0,14.0,24.0,11.0,1.0,3519064.628477242,2540.90279048811,-40375.759657580355,30.523919115476886,-287.5857714995473,4571.2892000455895,3519297.1624394814,4580.428171695372,3518857.1349661783,-38298.554597738854,-40375.759657580355,3519297.162439481,24.469694525618692,-537.3455378852864,4571.2892000455895,4602.827820317511,12751633.87374982,0.7240197307474805,1.633624832922521,2.2988391847225347e-07,9.283076600568559e-06,6.271680412838433,-0.011472928704672527,-0.010883375195322946,123097.16243948089,-0.004831588230692206,-0.004808075138520558,3707.4935184530914,-16087894556.842474,-1012110474.4486526,-196769503.30072954,-16086701600.079317,-1889905025.9980996,16119699714.466896,16198531649.958788,-0.9998749672298209,0.010882444087555067,0.011472677013041145,0.010883160344519709,0.9999407766567555,0.0,0.011471997562752469,-0.0001248589835138122,0.9999341866753804,4571.336156999152,-537.0474068769515,-0.11694543808116925,6.32471790901637e-09,146.23880348497272,0.0,-48.077606969945435,-2.5611965150272846,0.0,2.965697699674044e-17,2.284335189825977,1.5707963267948966,19.581206641833784,461.0,0.030878153464761256,1.9308499854963217,0.0,0.06709439648528295,-1593.9993655214328,-1.1509301088460753,18.28864828335879,-0.008754055782014148,0.21427364710482324,-1.6722320475408747,-0.011240144897766927,0.21415762531115753,-1.6722320475408747,-2.1884871300864074e-17,2.504617053865331e-19,1.4665950672568735e-19,-2.1886304175053956e-17,-3.532458766657299e-21,1.4665950672568735e-19,-1594.0106056663305,-0.9367724835349177,16.616416235817915,-1679314.2127521615,222.60011936507385,126320.15243619896,0.026991434042547165,4579.308790475081
164.02782059447443,2001.0,12.0,14.0,14.0,24.0,12.0,1.0,3519073.6300549996,2454.626968873598,-39004.37129583105,29.486597903158902,-287.5863683395322,4571.29981076057,3519290.635898407,4580.432003487253,3518864.3176536695,-38459.75670495219,-39004.37129583105,3519290.635898407,23.414887545495947,-537.3351614846518,4571.29981076057,4602.831660248518,12751595.77726902,0.7240189062377795,1.6336248174677825,2.3084779657169732e-07,9.29058422188392e-06,6.2720708568455406,-0.011083247700080618,-0.010929158366619025,123090.63589840662,-0.0046676151644262955,-0.004644900075367384,3710.307964924723,-16087890725.335798,-1012109983.7853652,-196769498.6960982,-16086697072.350016,-1889908995.4907403,16119695859.712658,16198527616.558502,-0.99987886245018,0.01092826955314367,0.011083020793442935,0.010928940792961235,0.9999402773431741,0.0,0.011082358885995494,-0.00012112567805869608,0.9999385814389262,4571.34362537679,-537.0471704815435,-0.11694519775173015,6.330312087080038e-09,146.2294798548666,0.0,-48.05895970973321,-2.5705201451333974,0.0,2.965680231988455e-17,2.284332337136434,1.5707963267948966,19.581847219562555,461.0,0.030905539736827723,1.9401175631289607,0.0,0.0671535140760033,-1594.0123111630887,-1.1118567040713778,17.667561003478973,-0.008374951411552433,0.21445190279827453,-1.6737066757810461,-0.010867692622483494,0.21434003751518207,-1.6737066757810461,-2.1904052286464748e-17,2.5126736288742835e-19,1.4179912235028168e-19,-2.1905493151074693e-17,-3.415267724703584e-21,1.4179912235028168e-19,-1594.0231788557112,-0.8975166665561958,15.993854327697926,-1679319.2298467103,222.7886038014541,126343.49338442268,0.027093207367814953,4579.2900843781745
164.32782059447442,2001.0,12.0,14.0,14.0,24.0,12.0,1.0,3519082.3204351803,2368.3509720388197,-37632.97981163663,28.449268654493697,-287.5869396352506,4571.310016350429,3519284.33467023,4580.435664248708,3518871.183898002,-38620.95568539858,-37632.97981163663,3519284.33467023,22.36007352445178,-537.324692773473,4571.310016350429,4602.835328787885,12751557.648050081,0.7240180810142705,1.6336248020005084,2.3084779657169732e-07,9.29782309008431e-06,6.2724613024344436,-0.010693565361289055,-0.010974941403597442,123084.33467022935,-0.004503641581902174,-0.004481724495871767,3713.0273305829614,-16087886890.519978,-1012109492.7115414,-196769490.88112652,-16086692565.395359,-1889912810.388711,16119692001.63003,16198523585.714819,-0.999882603753224,0.010974093597645472,0.010693361556750424,0.010974721084185051,0.9999397759350932,0.0,0.010692717559049958,-0.00011735666053768276,0.9999428243747822,4571.350797424544,-537.0469373259466,-0.11694496563396094,6.3357131398034075e-09,146.22047810032765,0.0,-48.04095620065531,-2.5795218996723452,0.0,2.965663371384516e-17,2.284329583590848,1.5707963267948966,19.582465575358047,461.0,0.030931979908019783,1.9493932147284243,0.0,0.06721058926426225,-1594.0248097941949,-1.0727825790853402,17.046462123913763,-0.007994922023299787,0.2146238187268679,-1.6751303607430386,-0.010494249311742202,0.21451613709566256,-1.6751303607430386,-2.1922570211706145e-17,2.520664201245151e-19,1.3692587898120275e-19,-2.1924019049710215e-17,-3.297769481505634e-21,1.3692587898120275e-19,-1594.0353040435066,-0.8582664419896777,15.371331763170724,-1679324.2512827069,222.97708823783435,126366.92208057205,0.02719498193914396,4579.2713084709985
164.6278205944744,2001.0,12.0,14.0,14.0,24.0,12.0,1.0,3519090.699615419,2282.0748076465006,-36261.58532653076,27.411931661015608,-287.58748539034997,4571.319816840906,3519278.2587564113,4580.439154010553,3518877.733697111,-38782.15151138587,-36261.58532653076,3519278.2587564113,21.305252758966304,-537.3141317581743,4571.319816840906,4602.838825966486,12751519.487253001,0.7240172551020585,1.6336247865211402,2.3084779657169732e-07,9.304805764140805e-06,6.272851749555704,-0.010303881738500876,-0.011020724310556363,123078.25875641173,-0.004339667506438257,-0.0043185484236533,3715.6513832528144,-16087883052.511383,-1012109001.2416383,-196769479.97962457,-16086688079.33064,-1889916470.7041485,16119688140.336063,16198519557.545029,-0.9998861911364059,0.011019916204378255,0.010303699412317662,0.011020501222393302,0.9999392724324849,0.0,0.010303073693715945,-0.00011355193196861994,0.9999469154802272,4571.357673170675,-537.0467074138876,-0.11694474172786688,6.3409210659328e-09,146.21179822344533,0.0,-48.02359644689067,-2.588201776554666,0.0,2.9656471179095646e-17,2.284326929196951,1.5707963267948966,19.58306170313097,461.0,0.030957473957690895,1.9586766564614866,0.0,0.06726562207487509,-1594.0368614005758,-1.0337077598652673,16.425352057458806,-0.007614002857220171,0.21478939642754397,-1.6765031028421726,-0.010119849817827266,0.21468592524169583,-1.6765031028421726,-2.1940425102529607e-17,2.528588242812138e-19,1.3204022902954653e-19,-2.194188189632986e-17,-3.1799748519456117e-21,1.3204022902954653e-19,-1594.0469812503936,-0.8190218346235715,14.748848954616633,-1679329.2769074626,223.1655726742146,126390.43852464709,0.027296757761189977,4579.252462755923
164.92782059447438,2001.0,12.0,14.0,14.0,24.0,12.0,1.0,3519098.7675934327,2195.7984833582973,-34890.187962039454,26.374587214245736,-287.58800560849363,4571.329212258003,3519272.4081583433,4580.442472803688,3518883.9670490134,-38943.34415522373,-34890.187962039454,3519272.408158343,20.250425545505536,-537.3034784452266,4571.329212258003,4602.842151815277,12751481.29603733,0.7240164285262398,1.6336247710301195,2.3084779657169732e-07,9.311520897305796e-06,6.273242198159879,-0.00991419688191742,-0.011066507091794218,123072.40815834282,-0.004175692961625758,-0.0041553718820706706,3718.1798992045224,-16087879211.426323,-1012108509.3901074,-196769466.11540276,-16086683614.271076,-1889919976.4492645,16119684275.947744,16198515532.166363,-0.9998896245972807,0.011065737356660896,0.009914034469499252,0.011066281211788393,0.9999387668353206,0.0,0.009913427401793944,-0.00010971149338284209,0.9999508547526411,4571.364252643629,-537.0464807491031,-0.1169445260334539,6.345935864277574e-09,146.20344022620404,0.0,-48.00688045240809,-2.596559773795956,0.0,2.9656314716090805e-17,2.2843243739621695,1.5707963267948966,19.583635597015924,461.0,0.030982021866121753,1.9679676044888232,0.0,0.06731861253210607,-1594.0484659685876,-0.9946322723891876,15.804231216925638,-0.007232229152653332,0.21494863739873316,-1.6778249024872798,-0.009744528992046959,0.21484940310089695,-1.6778249024872798,-2.195761698407888e-17,2.5364452253541566e-19,1.2714262487191114e-19,-2.1959081715502644e-17,-3.0618946492665495e-21,1.2714262487191114e-19,-1594.0582104975797,-0.7797828692882907,14.12640631443836,-1679334.3065683395,223.35405711059485,126414.04271664779,0.027398534838608775,4579.233547235332
165.22782059447437,2001.0,12.0,14.0,14.0,24.0,13.0,1.0,3519106.524367031,2109.5220068347367,-33518.787839680765,25.337235605692054,-287.5885002933889,4571.338202628207,3519266.782877357,4580.445620659329,3518889.8839518228,-39104.53358922388,-33518.787839680765,3519266.782877357,19.195592180521093,-537.2927328411762,4571.338202628207,4602.84530636553,12751443.07557027,0.724015601312074,1.6336247555278913,2.3084779657169732e-07,9.318016727321777e-06,6.273632648197545,-0.009524510841738186,-0.01111228975160974,123066.78287735721,-0.004011717970775649,-0.003992194894446481,3720.612662481144,-16087875367.381891,-1012108017.1714973,-196769449.41228268,-16086679170.33266,-1889923327.636456,16119680408.582848,16198511509.696846,-0.9998929041335064,0.011111557037813417,0.009524366837650131,0.011112061056573024,0.9999382591435708,0.0,0.009523778795084628,-0.00010583534582516758,0.9999546421895055,4571.370535872264,-537.0462573353703,-0.11694431855072929,6.350757533693812e-09,146.1908082210206,0.0,-47.99080822102063,-2.604595889489687,0.0,2.9656080407048493e-17,2.2843205474051165,1.5707963267948966,19.584495088963436,461.0,0.031005622345422257,1.9772657748409073,0.0,0.06736956065950296,-1594.059623485107,-0.955556142635769,15.183100015140672,-0.006849632038862283,0.21510141404877303,-1.6790947526960327,-0.009368316064174901,0.21500644278479475,-1.6790947526960327,-2.1974083700279327e-17,2.5442274211518203e-19,1.2223317296636898e-19,-2.1975556346409302e-17,-2.943531355772992e-21,1.2223317296636898e-19,-1594.0689918011713,-0.7405496998509743,13.50400526244464,-1679339.3401116952,223.5425415469751,126437.73465657412,0.02750031317605589,4579.214561911633
165.52782059447435,2001.0,12.0,14.0,14.0,24.0,13.0,1.0,3519113.9699341087,2023.2453857352175,-32147.385080964614,24.299877126850987,-287.58896944882594,4571.346787978802,3519261.382914721,4580.448597609314,3518895.484403736,-39265.71978569998,-32147.385080964614,3519261.382914721,18.14075296045136,-537.281894952683,4571.346787978802,4602.848289649141,12751404.827037511,0.7240147734852246,1.633624740014907,2.313282295504221e-07,9.324246085288929e-06,6.27402309961923,-0.00913482366816079,-0.01115807229430195,123061.3829147215,-0.003847742557349495,-0.003829017484291562,3722.949464444071,-16087871520.497036,-1012107524.6005877,-196769429.99410957,-16086674747.633207,-1889926524.2784321,16119676538.361015,16198507490.256355,-0.9998960297428428,0.011157375231156981,0.009134696626125429,0.011157840760950177,0.9999377493572054,0.0,0.009134127985388719,-0.00010192349035389637,0.9999582777884028,4571.37652288616,-537.0460371765439,-0.11694411927970197,6.3553860730958475e-09,146.17537975634716,0.0,-47.975379756347174,-2.612310121826412,0.0,2.965579522335639e-17,2.2843158900019813,1.5707963267948966,19.585541304343575,461.0,0.031028275783142153,1.9865708832384534,0.0,0.06741846648002749,-1594.0703339375325,-0.9164793965842766,14.561958864944412,-0.0064662486908770534,0.21524776903903675,-1.6803129756639952,-0.008991248295988496,0.2151570865727984,-1.6803129756639952,-2.1989845138058058e-17,2.551936557111525e-19,1.173124740784697e-19,-2.199132567667612e-17,-2.8248993576044843e-21,1.173124740784697e-19,-1594.0793251858286,-0.7013223100114782,12.881645889280417,-1679344.3773814403,223.73102598335532,126461.51434442612,0.027602092778186715,4579.195506787258
165.82782059447433,2001.0,12.0,14.0,14.0,24.0,13.0,1.0,3519121.104292649,1936.9686277180203,-30775.97980739287,23.262512069201136,-287.5894130785423,4571.354968336796,3519256.2082716404,4580.451403685028,3518900.7684030426,-39426.90271696769,-30775.97980739287,3519256.2082716404,17.085908181716775,-537.2709647863859,4571.354968336796,4602.851101697555,12751366.551605644,0.7240139450709401,1.6336247244916111,2.313282295504221e-07,9.330209504941192e-06,6.274413552375404,-0.008745135411380953,-0.011203854724170162,123056.20827164035,-0.0036837667448423234,-0.0036658396749834703,3725.1901060938835,-16087867670.888784,-1012107031.6919144,-196769407.9847061,-16086670346.28861,-1889929566.3877459,16119672665.39996,16198503473.96285,-0.9998990014231524,0.011203191920013927,0.008745023944280377,0.011203620329123119,0.9999372374761932,0.0,0.008744475084506884,-9.797592804080807e-05,0.9999617615470173,4571.382213714548,-537.0458202764216,-0.11694392822038062,6.359821481451117e-09,146.1605950618296,0.0,-47.96059506182961,-2.6197024690851953,0.0,2.965552198083702e-17,2.284311427612996,1.5707963267948966,19.586543821047023,461.0,0.03104998311178334,1.9958826457100178,0.0,0.06746533001596913,-1594.0805973137856,-0.8774020602145309,13.940808179190777,-0.006082117548247243,0.21538780031907867,-1.6814803255648183,-0.00861336486714823,0.2153014320106287,-1.6814803255648183,-2.2004947847763182e-17,2.559577482877018e-19,1.123812470229073e-19,-2.2006436259175725e-17,-2.70601588211437e-21,1.123812470229073e-19,-1594.0892106786528,-0.6621006282039023,12.259327853625958,-1679349.4182240088,223.9195104197356,126485.38178020377,0.02770387364965653,4579.176381864658
166.12782059447431,2001.0,12.0,14.0,14.0,24.0,14.0,1.0,3519127.927440721,1850.6917404403152,-29404.572140459353,22.225140724204245,-287.58983118624764,4571.36274372912,3519251.2589492537,4580.454038917602,3518905.7359481184,-39588.08235534466,-29404.572140459353,3519251.2589492537,16.03105814072052,-537.2599423489261,4571.36274372912,4602.853742541958,12751328.250428978,0.7240131160942062,1.6336247089584421,2.318076668099177e-07,9.33590749589217e-06,6.2748040064166295,-0.008355446121592492,-0.01124963704551398,123051.25894925371,-0.00351979055653812,-0.003502661489957368,3727.3343975134194,-16087863818.672943,-1012106538.459855,-196769383.50788075,-16086665966.413513,-1889932453.9768732,16119668789.816156,16198499460.933039,-0.9999018191724003,0.011249007087707773,0.008355348901470225,0.011249399765295398,0.9999367235005026,0.0,0.00835482020423966,-9.399265997116031e-05,0.9999650934631342,4571.387608386506,-537.0456066387684,-0.11694374537277376,6.3640637577825325e-09,146.14645414072487,0.0,-47.94645414072489,-2.626772929637554,0.0,2.9655260681122215e-17,2.28430716026481,1.5707963267948966,19.587502619204876,461.0,0.031070744315516454,2.0052007784803894,0.0,0.06751015128897592,-1594.0904136023148,-0.8383241595068683,13.3196483707464,-0.005697273801872786,0.2155215092699779,-1.6825968030811513,-0.008234700580066033,0.21543948011713018,-1.6825968030811513,-2.201939187033963e-17,2.5671496755862085e-19,1.0743994126545662e-19,-2.2020888134272402e-17,-2.5868916694155198e-21,1.0743994126545662e-19,-1594.0986483028948,-0.6228846793897381,11.637051567665248,-1679354.462487435,224.10799485611582,126509.33696390706,0.027805655795120413,4579.157187146305
166.4278205944743,2001.0,12.0,14.0,14.0,24.0,14.0,1.0,3519134.439376484,1764.4147315581142,-28033.162201649415,21.18776338330705,-287.59022377568573,4571.370114183116,3519246.53494864,4580.456503338405,3518910.387037431,-39749.25867315058,-28033.162201649415,3519246.53494864,14.976203133849642,-537.2488276470104,4571.370114183116,4602.856212213776,12751289.92466705,0.72401228658012,1.6336246934158416,2.313282295504221e-07,9.341364313927473e-06,6.275194461693278,-0.007965755848987167,-0.011295419262633312,123046.53494864004,-0.0033558140159545597,-0.003339482952487414,3729.3821567390114,-16087859963.965828,-1012106044.9188477,-196769356.68744922,-16086661608.12307,-1889935187.0584383,16119664911.7266,16198495451.284157,-0.9999044829886536,0.011294820717563249,0.007965671607049982,0.011295179073670865,0.9999362074301009,0.0,0.007965163456387196,-8.997368724368512e-05,0.99996827353464,4571.392706931449,-537.045396267379,-0.11694357073689106,6.368112901165673e-09,146.13295699611442,0.0,-47.93295699611443,-2.633521501942788,0.0,2.965501132577106e-17,2.284303087982887,1.5707963267948966,19.58841767981592,461.0,0.031090559379374796,2.014524997688002,0.0,0.06755293032003881,-1594.0997827920876,-0.7992457204420675,12.698479852489637,-0.005311752641864847,0.21564889723229705,-1.6836624088730372,-0.007855290235971576,0.21557123186766555,-1.6836624088730372,-2.2033177245069182e-17,2.5746526122336806e-19,1.0248900622192935e-19,-2.203468134066454e-17,-2.467537457764925e-21,1.0248900622192935e-19,-1594.1076380823235,-0.583674488574402,11.0148174436166,-1679359.5100190751,224.2964792924961,126533.37989553603,0.027907439219233363,4579.137922634691
166.72782059447428,2001.0,12.0,14.0,14.0,24.0,14.0,1.0,3519140.6400981816,1678.1376087263557,-26661.750112440634,20.15038033794103,-287.590590850611,4571.377079726351,3519242.036270812,4580.458796978856,3518914.7216695324,-39910.431642707095,-26661.750112440634,3519242.036270811,13.921343457475048,-537.2376206873874,4571.377079726351,4602.858510744484,12751251.5754776,0.7240114565537414,1.6336246778642491,2.318076668099177e-07,9.34656850306444e-06,6.275584918155819,-0.0075760646437548745,-0.011341201379828351,123042.03627081169,-0.003191837146520458,-0.003176304085994982,3731.333210303448,-16087856106.883589,-1012105551.0833088,-196769327.6472258,-16086657271.532227,-1889937765.6451256,16119661031.24812,16198491445.133251,-0.9999069928700823,0.011340632792906298,0.007575992170374544,0.01134095825845364,0.9999356892649547,0.0,0.007575504952749369,-8.59190109705893e-05,0.9999713017595228,4571.397509378942,-537.0451891660542,-0.11694340431274272,6.371968910732831e-09,146.12010363089055,0.0,-47.92010363089056,-2.639948184554719,0.0,2.965477391626999e-17,2.2842992107914997,1.5707963267948966,19.58928898474776,461.0,0.031109428289269887,2.0238550194923377,0.0,0.06759366712952854,-1594.1087048725985,-0.7601667690013478,12.077303037310216,-0.004925589257600254,0.21576996550619496,-1.6846771435788197,-0.007475168634963572,0.21569668819422796,-1.6846771435788197,-2.2046304009582008e-17,2.5820857696694533e-19,9.752889126038103e-20,-2.2047815915396158e-17,-2.3479639836471164e-21,9.752889126038103e-20,-1594.1161800412335,-0.5444700808071199,10.392625893731395,-1679364.5606665052,224.48496372887632,126557.51057509062,0.028009223926650135,4579.118588332333
167.02782059447426,2001.0,12.0,14.0,14.0,24.0,15.0,1.0,3519146.5296041463,1591.8603795988238,-25290.335994301997,19.11299187952144,-287.5909324147949,4571.383640386664,3519237.76291672,4580.46091987047,3518918.7398430686,-40071.60123633792,-25290.335994301997,3519237.76291672,12.8664794079505,-537.2263214768532,4571.383640386664,4602.860638165655,12751213.204018505,0.724010626040135,1.633624662304105,2.318076668099177e-07,9.351508612952586e-06,6.275975375754676,-0.007186372556083384,-0.011386983401399585,123037.76291672,-0.0030278599715517496,-0.00301312491397802,3733.1873930078,-16087852247.542389,-1012105056.9676547,-196769296.51102573,-16086652956.755953,-1889940189.7497046,16119657148.49755,16198487442.5974,-0.9999093488149584,0.011386443297064092,0.007186310700798329,0.011386737323848137,0.9999351690050299,0.0,0.007185844805125432,-8.182863227754959e-05,0.9999741781358714,4571.4020157587465,-537.0449853386067,-0.11694324610033979,6.375631785668558e-09,146.10789404777148,0.0,-47.90789404777147,-2.6460529761142624,0.0,2.9654548454032694e-17,2.284295528713738,1.5707963267948966,19.590116516737105,461.0,0.031127351031970812,2.0331905600448406,0.0,0.06763236173714995,-1594.1171798338635,-0.7210873311662831,11.456118338108103,-0.0045388188377683365,0.21588471535128684,-1.6856410078139998,-0.007094370576050495,0.2158158499853009,-1.6856410078139998,-2.205877219984121e-17,2.589448624594588e-19,9.256004570317995e-20,-2.2060291893841445e-17,-2.2281819818543625e-21,9.256004570317995e-20,-1594.1242742044394,-0.5052714811809822,9.770477330294103,-1679369.6142772846,224.6734481652566,126581.72900257088,0.0281110099220254,4579.0991842417625
167.32782059447425,2001.0,12.0,14.0,14.0,24.0,15.0,1.0,3519152.1078927987,1505.5830518281646,-23918.919968694132,18.07559829944711,-287.59124847202565,4571.389796192165,3519233.714887251,4580.462872044857,3518922.4415567713,-40232.76742636882,-23918.919968694132,3519233.714887251,11.811611281612374,-537.2149300222522,4571.389796192165,4602.862594508956,12751174.811447734,0.7240097950643652,1.6336246467358493,2.318076668099177e-07,9.356196928083176e-06,6.276365834440262,-0.0067966796361583915,-0.011432765331647816,123033.71488725115,-0.002863882514490572,-0.002849945459838233,3734.944547920488,-16087848386.0584,-1012104562.586302,-196769263.40266478,-16086648663.90919,-1889942459.3850303,16119653263.591738,16198483443.79367,-0.9999115508216567,0.011432252213365088,0.006796627307675257,0.011432516274059069,0.9999346466502915,0.0,0.0067961831253139805,-7.770255230371166e-05,0.9999769026618768,4571.406226100822,-537.044784788862,-0.11694309609969415,6.379101525213297e-09,146.096328249289,0.0,-47.89632824928901,-2.6518358753554945,0.0,2.9654334940400086e-17,2.284292041771499,1.5707963267948966,19.59090025939148,461.0,0.031144327595121556,2.0425313354934898,0.0,0.06766901416198003,-1594.1252076664225,-0.6820074329187623,10.834926167792853,-0.004151476570424918,0.21599314798676114,-1.686554002172171,-0.006712930857201488,0.2159287180859742,-1.686554002172171,-2.2070581850154688e-17,2.596740653559999e-19,8.758291882921026e-20,-2.207210930971663e-17,-2.1082021855693087e-21,8.758291882921026e-20,-1594.1319205972798,-0.4660787148327881,9.148372165620682,-1679374.6706989668,224.86193260163682,126606.0351779768,0.028212797210013605,4579.079710365537
167.62782059447423,2001.0,12.0,14.0,14.0,24.0,15.0,1.0,3519157.3749626447,1419.3056330659156,-22547.502157069364,17.038199889100664,-287.59153902610706,4571.395547171226,3519229.8921832284,4580.46465353372,3518925.826809461,-40393.93018512757,-22547.502157069364,3519229.892183228,10.756739374779924,-537.203446330475,4571.395547171226,4602.864379806148,12751136.398923019,0.724008963651495,1.6336246311599218,2.318076668099177e-07,9.360621966232335e-06,6.276756294162907,-0.00640698593416351,-0.011478547174874128,123029.89218322793,-0.002699904798738026,-0.0026867657467692513,3736.6045265169814,-16087844522.547768,-1012104067.9536618,-196769228.44595903,-16086644393.106852,-1889944574.5640342,16119649376.647512,16198479448.83912,-0.999913598888654,0.011478059525138992,0.0064069421003586525,0.011478295113291431,0.9999341222007039,0.0,0.006406520025112863,-7.354077220168786e-05,0.9999794753358304,4571.410140435316,-537.044587520656,-0.11694295431081833,6.382378128661773e-09,146.08540623779407,0.0,-47.885406237794086,-2.6572968811029543,0.0,2.9654133376640115e-17,2.2842887499854894,1.5707963267948966,19.591640197189754,461.0,0.031160357967232797,2.0518770619827515,0.0,0.06770362442245034,-1594.1327883613378,-0.6429271002409601,10.21372693928296,-0.0037635976430420567,0.2160952645913247,-1.68741612722457,-0.006330884275391004,0.21603529329788904,-1.68741612722457,-2.2081732993168855e-17,2.60396133296312e-19,8.25979598759931e-20,-2.2083268195073688e-17,-1.9880353264471954e-21,8.25979598759931e-20,-1594.1391192456133,-0.42689180694307105,8.52631081205839,-1679379.7297791168,225.0504170380171,126630.42910130836,0.028314585795269145,4579.060166706228
167.9278205944742,2001.0,12.0,14.0,14.0,24.0,15.0,1.0,3519162.330812278,1333.0281309624502,-21176.082680871372,16.000796939847444,-287.5918040808597,4571.400893352488,3519226.29480541,4580.46626436885,3518928.8956000484,-40555.089484944045,-21176.082680871372,3519226.29480541,9.701863983754158,-537.1918704084601,4571.400893352488,4602.8659940890775,12751097.96760192,0.7240081318265829,1.6336246155767626,2.318076668099177e-07,9.364772245305072e-06,6.277146754873033,-0.006017291500280154,-0.011524328935379916,123026.29480540985,-0.002535926847816064,-0.0025235857982613117,3738.16718849726,-16087840657.12663,-1012103573.0841448,-196769191.7647248,-16086640144.463825,-1889946535.2997348,16119645487.78168,16198475457.85079,-0.9999154930145298,0.011523865215716817,0.006017255188201039,0.01152407384575052,0.9999335956562304,0.0,0.006016855616318972,-6.93432931375542e-05,0.9999818961561254,4571.413758792567,-537.0443935378371,-0.11694282073372582,6.385461595362974e-09,146.07512801545676,0.0,-47.87512801545675,-2.662435992271623,0.0,2.965394376394795e-17,2.284285653375229,1.5707963267948966,19.592336315483045,461.0,0.031175442137681825,2.0612274556536847,0.0,0.06773619253634679,-1594.1399219101988,-0.6038463591152635,9.59252106550493,-0.00337521724255877,0.2161910663032036,-1.6882273835200692,-0.0059482656266450565,0.2161355763792382,-1.6882273835200692,-2.2092225659868224e-17,2.61111013904528e-19,7.760561804183031e-20,-2.209376858029993e-17,-1.867692134696279e-21,7.760561804183031e-20,-1594.1458701758254,-0.38771078273602533,7.90429368198486,-1679384.7913653255,225.23890147439732,126654.91077256558,0.028416375682446163,4579.0405532664345
168.2278205944742,2001.0,12.0,14.0,14.0,24.0,16.0,1.0,3519166.9754403844,1246.7505531669544,-19804.66166153488,14.963389743034835,-287.5920436401212,4571.405834764878,3519222.922754495,4580.46770458215,3518931.6479275334,-40716.24529815031,-19804.66166153488,3519222.9227544954,8.646985404817174,-537.180202263194,4571.405834764878,4602.867437389707,12751059.518642737,0.724007299614704,1.6336245999868109,2.3228611451566115e-07,9.368695531965348e-06,6.277537216520967,-0.005627596384687429,-0.011570110617466906,123022.92275449587,-0.0023719486847072024,-0.0023604056377334714,3739.6324017811567,-16087836789.911211,-1012103077.9921637,-196769153.48277977,-16086635918.095047,-1889948341.605235,16119641597.111141,16198471470.945782,-0.9999172331979658,0.011569669268430916,0.005627566680553948,0.01156985247564195,0.9999330670168338,0.0,0.005627190010728052,-6.511011629084724e-05,0.9999841651212563,4571.417081203128,-537.044202844266,-0.11694269536843054,6.388351924717827e-09,146.0654935842739,0.0,-47.865493584273906,-2.6672532078630455,0.0,2.9653766103445876e-17,2.2842827519590467,1.5707963267948966,19.592988600495087,461.0,0.031189580096701332,2.0705822326442025,0.0,0.0677667185207853,-1594.1466083051132,-0.5647652355242139,8.971308959392388,-0.0029863705554308414,0.21628055422006695,-1.6889877715845572,-0.005565109706085668,0.21622956804468924,-1.6889877715845572,-2.2102059879566994e-17,2.6181865478881213e-19,7.260634248792457e-20,-2.2103610494109568e-17,-1.747183339159431e-21,7.260634248792457e-20,-1594.1521734148193,-0.34853566747952464,7.282321187807831,-1679389.8553050905,225.4273859107776,126679.48019174844,0.02851816687619871,4579.020870048767
168.52782059447418,2001.0,12.0,14.0,14.0,24.0,16.0,1.0,3519171.308845729,1160.4729073275337,-18433.23922048643,13.925978589993699,-287.59225770774475,4571.410371437562,3519219.776031115,4580.468974205593,3518934.0837910026,-40877.39759708035,-18433.23922048643,3519219.7760311156,7.5921039342336005,-537.16844190171,4571.410371437562,4602.868709740065,12751021.053202651,0.7240064670409097,1.6336245843905068,2.3228611451566115e-07,9.372332882712844e-06,6.277927679056891,-0.005237900637562338,-0.01161589222543709,123019.77603111509,-0.0022079703333135747,-0.0021972252884061515,3741.000042747706,-16087832921.017597,-1012102582.692124,-196769113.7239402,-16086631714.115332,-1889949993.4937165,16119637704.75266,16198467488.241095,-0.9999188194377463,0.011615471666614929,0.0052378766867680416,0.011615631007171598,0.999932536282476,0.0,0.00523752332013482,-6.08412428545641e-05,0.9999862822298184,4571.420107697713,-537.0440154438146,-0.11694257821494781,6.391049116187056e-09,146.05650294604314,0.0,-47.85650294604314,-2.671748526978426,0.0,2.9653600396183e-17,2.2842800457540737,1.5707963267948966,19.593597039324557,461.0,0.031202771835416695,2.0799411090896287,0.0,0.06779520239229328,-1594.1528475387145,-0.5256837554505125,8.350091033885764,-0.0025970927676864683,0.21636372939927928,-1.6896972919229605,-0.005181451307985052,0.21631726896563647,-1.6896972919229605,-2.211123567993503e-17,2.625190035414063e-19,6.76005823406264e-20,-2.2112793963569736e-17,-1.6265196673997914e-21,6.76005823406264e-20,-1594.1580289900226,-0.309366486484876,6.660393741962804,-1679394.9214460328,225.61587034715782,126704.13735885697,0.02861995938118062,4579.001117055863
168.82782059447416,2001.0,12.0,14.0,14.0,24.0,16.0,1.0,3519175.331027171,1074.1952010911016,-17061.815479143566,12.888563772036319,-287.5924462876001,4571.414503399997,3519216.85463584,4580.470073271261,3518936.2031896333,-41038.54635407039,-17061.815479143566,3519216.85463584,6.537219868248524,-537.1565893310885,4571.414503399997,4602.8698111722915,12750982.572439494,0.7240056341302664,1.6336245687882895,2.3228611451566115e-07,9.37572015481424e-06,6.278318142431278,-0.004848204309079526,-0.011661673763592798,123016.85463583935,-0.002043991816653184,-0.002034044773658153,3742.2699959967285,-16087829050.561964,-1012102087.198432,-196769072.6120236,-16086627532.639545,-1889951490.9784439,16119633810.82309,16198463509.853794,-0.999920251732758,0.01166127239360388,0.004848185316192765,0.011661409444545669,0.9999320034531182,0.0,0.004847855656332621,-5.653667403515794e-05,0.9999882474805091,4571.422838307256,-537.0438313403665,-0.11694246927329315,6.393553169280555e-09,146.04815610239814,0.0,-47.84815610239815,-2.6759219488009247,0.0,2.9653446643135606e-17,2.284277534776255,1.5707963267948966,19.594161619943627,461.0,0.031215017345794845,2.089303801122633,0.0,0.06782164416669843,-1594.1586396041603,-0.4866019448769222,7.728867701931136,-0.0022074190649712688,0.21644059285755726,-1.690355945016472,-0.004797325225802064,0.21639867976985708,-1.690355945016472,-2.21197530869615e-17,2.6321200773794383e-19,6.258878669345198e-20,-2.212131901406406e-17,-1.5057118457769298e-21,6.258878669345198e-20,-1594.163436929386,-0.27020326510706516,6.038511756914664,-1679399.9896357097,225.8043547835381,126728.88227389114,0.02872175320204565,4578.981294290374
169.12782059447414,2001.0,12.0,14.0,14.0,24.0,17.0,1.0,3519179.0419836557,987.917442103367,-15690.390558914607,11.851145580456013,-287.5926093835746,4571.418230681905,3519214.1585691776,4580.471001811331,3518938.0061226944,-41199.6915414588,-15690.390558914607,3519214.1585691776,5.482333503087094,-537.1446445584588,4571.418230681905,4602.870741718623,12750944.077511154,0.7240048009078417,1.6336245531805986,2.3228611451566115e-07,9.37884578170955e-06,6.278708606594278,-0.004458507449411184,-0.011707455236236662,123014.15856917761,-0.0018800131583050384,-0.00187086411685839,3743.442154311575,-16087825178.660492,-1012101591.5254955,-196769030.2708474,-16086623373.782557,-1889952834.072772,16119629915.43928,16198459535.900959,-0.9999215300819897,0.011707071432734157,0.004458492678176175,0.011707187791970665,0.9999314685287205,0.0,0.00445818713111325,-5.219641105253471e-05,0.9999900608721262,4571.42527306288,-537.0436505378185,-0.11694236854348315,6.395864083562047e-09,146.04045305479318,0.0,-47.84045305479317,-2.6797734726034124,0.0,2.965330484520707e-17,2.2842752190403446,1.5707963267948966,19.5946823311996,461.0,0.031226316620666463,2.0986700248735417,0.0,0.06784604385917731,-1594.1639844951292,-0.44751982978621463,7.107639376479395,-0.00181738463260225,0.2165111455711202,-1.6909637313237487,-0.004412766252233499,0.2164738010416613,-1.6909637313237487,-2.212761212497029e-17,2.6389761493736993e-19,5.757140460929371e-20,-2.2129185669308126e-17,-1.3847705995325178e-21,5.757140460929371e-20,-1594.1683972613814,-0.23104602874455332,5.416675645155646,-1679405.0597216487,225.99283921991832,126753.71493685097,0.028823548343447334,4578.961401754972
169.42782059447413,2001.0,12.0,14.0,14.0,24.0,17.0,1.0,3519182.441714212,901.6396380089467,-14318.964581199485,10.813724306528593,-287.5927469995706,4571.4215533132665,3519211.6878315685,4580.471759858063,3518939.4925895357,-41360.83313158599,-14318.964581199485,3519211.6878315685,4.427445134956004,-537.1326075909957,4571.4215533132665,4602.871501411375,12750905.569574874,0.7240039673986919,1.6336245375678735,2.3228611451566115e-07,9.3817100249093e-06,6.2790990714961055,-0.004068810108727297,-0.011753236647671637,123011.68783156807,-0.001716034381642065,-0.0017076833415562388,3744.516418954823,-16087821305.429293,-1012101095.6877155,-196768986.82422844,-16086619237.659126,-1889954022.7901266,16119626018.71802,16198455566.499577,-0.9999226544845331,0.011752868767343543,0.0040687988820650904,0.011752966053653398,0.9999309315092426,0.0,0.004068517856267111,-4.78204551400539e-05,0.9999917224035694,4571.427411995889,-537.0434730400773,-0.11694227602553518,6.397981858655941e-09,146.0333938044802,0.0,-47.833393804480195,-2.6833030977599015,0.0,2.96531750032272e-17,2.2842730985598934,1.5707963267948966,19.595159162817,461.0,0.03123666965375893,2.108039496470819,0.0,0.06786840148432681,-1594.1688822058275,-0.4084374361611787,6.486406470485953,-0.0014270246556213053,0.21657538847591,-1.691520651282686,-0.0040278091792657535,0.21654263332211168,-1.691520651282686,-2.2134812816642553e-17,2.645757726819534e-19,5.254888512263554e-20,-2.213639395137201e-17,-1.2637066528719906e-21,5.254888512263554e-20,-1594.1729100150067,-0.19189480283906704,4.794885819203267,-1679410.1315514594,226.18132365629856,126778.63534773646,0.02892534481003911,4578.941439452349
169.7278205944741,2001.0,12.0,14.0,14.0,24.0,17.0,1.0,3519185.5302179595,815.361796451248,-12947.537667388875,9.776300241510246,-287.5928591395079,4571.424471324334,3519209.442423393,4580.4723474438115,3518940.662589603,-41521.9710967946,-12947.537667388875,3519209.4424233926,3.372555060041334,-537.1204784359231,4571.424471324334,4602.872090282961,12750867.049788132,0.7240031336278763,1.6336245219505534,2.3324006561187748e-07,9.384336784971954e-06,6.279489537087136,-0.0036791123371953433,-0.011799018002200979,123009.44242339255,-0.0015520555098653454,-0.0015445024708580788,3745.4926993642002,-16087817430.984509,-1012100599.6994956,-196768942.39598358,-16086615124.384054,-1889955057.1440265,16119622120.776129,16198451601.766685,-0.9999236249395818,0.011798664380771212,0.00367910403720472,0.011798744233800975,0.9999303923946433,0.0,0.0036788479435828324,-4.340880754452308e-05,0.9999932320738393,4571.429255137787,-537.0432988510634,-0.11694219171946768,6.399906494234951e-09,146.02697835255017,0.0,-47.826978352550164,-2.6865108237249182,0.0,2.965305711795325e-17,2.284271173347268,1.5707963267948966,19.59559210539548,461.0,0.031246076439636165,2.1174119320410836,0.0,0.06788871705603389,-1594.1733327309805,-0.369354789984517,5.865169396909534,-0.0010363743188415873,0.21663332246719125,-1.6920267053071734,-0.003642488798211947,0.21660517710862248,-1.6920267053071734,-2.2141355182974685e-17,2.652464284965258e-19,4.7521677241581305e-20,-2.214294388063822e-17,-1.1425307290448528e-21,4.7521677241581305e-20,-1594.1769752197788,-0.1527496128758945,4.1731426916023615,-1679415.2049727328,226.36980809267882,126803.64350654758,0.02902714260647421,4578.921407385215
170.0278205944741,2001.0,12.0,14.0,14.0,24.0,18.0,1.0,3519188.3074941062,729.0839250724594,-11576.10993886398,8.73887367663713,-287.5929458073231,4571.426984745645,3519207.4223449687,4580.472764601044,3518941.5161224306,-41683.10540942949,-11576.10993886398,3519207.4223449687,2.317663574508156,-537.1082571005121,4571.426984745645,4602.8725083659065,12750828.519308917,0.7240022996204672,1.6336245063290777,2.3324006561187748e-07,9.386678950808616e-06,6.279880003317496,-0.003289414184980232,-0.011844799304128285,123007.42234496912,-0.00138807656646252,-0.0013813215281301447,3746.3709131903015,-16087813555.442335,-1012100103.5752383,-196768897.1099303,-16086611034.072172,-1889955937.1480725,16119618221.730474,16198447641.819376,-0.9999244414464319,0.011844458256357791,0.0032894082529385037,0.011844522336620835,0.9999298511848805,0.0,0.003289177504847116,-3.8961469526195025e-05,0.999994589882038,4571.430802520288,-537.0431279747086,-0.11694211562529927,6.4016379900264604e-09,146.0212066999118,0.0,-47.8212066999118,-2.6893966500441007,0.0,2.9652951190069063e-17,2.2842694434136375,1.5707963267948966,19.595981150411784,461.0,0.03125453697372964,2.1267870477094113,0.0,0.06790699058754286,-1594.1773360658385,-0.3302719172387979,5.243928568711398,-0.0006454688069011354,0.21668494839975733,-1.692481893788758,-0.0032568398997635493,0.21666143285516573,-1.692481893788758,-2.214723924329935e-17,2.659095298884733e-19,4.2490229950069825e-20,-2.2148835475822773e-17,-1.0212535504272039e-21,4.2490229950069825e-20,-1594.1805929057382,-0.11361048438363217,3.5514466749226403,-1679420.2798329704,226.55829252905906,126828.73941328439,0.029128941737405704,4578.901305556299
170.32782059447408,2001.0,12.0,14.0,14.0,24.0,18.0,1.0,3519190.7735419455,642.8060315136631,-10204.68151699739,7.701444903126958,-287.5930070069688,4571.429093607978,3519205.627596548,4580.4730113622945,3518942.053187637,-41844.23604183761,-10204.68151699739,3519205.627596548,1.2627709745021247,-537.095943592081,4571.429093607978,4602.872755692803,12750789.97929423,0.7240014654015172,1.6336244907038855,2.3324006561187748e-07,9.388760385483322e-06,6.280270470137346,-0.0028997157022445288,-0.011890580557757456,123005.62759654783,-0.0012240975744927782,-0.0012181405371726039,3747.150986530818,-16087809678.918873,-1012099607.3293437,-196768851.08988437,-16086606966.838179,-1889956662.815945,16119614321.697838,16198443686.77461,-0.9999251040044823,0.01189025037744534,0.002899711638608259,0.011890300366320715,0.9999293078799114,0.0,0.00289950665184488,-3.447844235876822e-05,0.999995795827369,4571.43205417527,-537.0429604149567,-0.11694204774305023,6.40317634581615e-09,146.0160788472795,0.0,-47.8160788472795,-2.6919605763602497,0.0,2.9652857220185295e-17,2.2842679087689737,1.5707963267948966,19.59632629022089,461.0,0.03126205125235505,2.136164559599749,0.0,0.06792322209149193,-1594.1808922061748,-0.2911888439064606,4.622684398854986,-0.00025434330431479496,0.21673026708804521,-1.6928862170975536,-0.002870897274039216,0.21671140097238487,-1.6928862170975536,-2.2152465015297356e-17,2.665650243476195e-19,3.745499221005566e-20,-2.2154068753987024e-17,-8.998858386047883e-22,3.745499221005566e-20,-1594.1837631034489,-0.07447744293407574,2.929798181757432,-1679425.3559798077,226.74677696543932,126853.92306794683,0.029230742207486574,4578.881133968348
170.62782059447406,2001.0,12.0,14.0,14.0,24.0,18.0,1.0,3519192.9283608566,556.5281234147046,-8833.252523152094,6.664014212176568,-287.5930427424143,4571.430797942397,3519204.0581783196,4580.473087760206,3518942.273784933,-42005.362966368164,-8833.252523152094,3519204.058178319,0.20787755614703637,-537.0835379179954,4571.430797942397,4602.8728322963525,12750751.43090158,0.7240006309960886,1.633624475075416,2.3324006561187748e-07,9.39059308509238e-06,6.280660937496698,-0.0025100169391481437,-0.01193636176739272,123004.05817831866,-0.0010601185581405926,-0.0010549595206608927,3747.832853648346,-16087805801.530264,-1012099110.9762099,-196768804.459662,-16086602922.796835,-1889957234.1614087,16119610420.795029,16198439736.749437,-0.9999256126132335,0.011936040727377379,0.002510014303553781,0.011936078327108664,0.9999287624796924,0.0,0.0025098354963588596,-2.9959727329381034e-05,0.9999968499091364,4571.433010134825,-537.0427961757634,-0.11694198807274105,6.404521561441138e-09,146.0115947951962,0.0,-47.81159479519621,-2.694202602401896,0.0,2.965277520883954e-17,2.2842665694220563,1.5707963267948966,19.59662751805506,461.0,0.03126861927267952,2.14554418383499,0.0,0.06793741157984204,-1594.184001148287,-0.25210559596970966,4.001437300304743,0.00013696700447654822,0.21676927930591505,-1.6932396755804633,-0.0024846957106269096,0.2167550818273743,-1.6932396755804633,-2.215703251497433e-17,2.6721285934568727e-19,3.241641296360212e-20,-2.2158643730514356e-17,-7.784383144534751e-22,3.241641296360212e-20,-1594.1864858439976,-0.035350514142335365,2.3081976247242797,-1679430.433260817,226.93526140181956,126879.19447053492,0.029332544021369568,4578.860892624125
170.92782059447404,2001.0,12.0,14.0,14.0,24.0,18.0,1.0,3519194.771950309,470.2502084142439,-7461.823078681737,5.626581894962535,-287.5930530176463,4571.432097780234,3519202.7140904097,4580.472993827518,3518942.177914118,-42166.48615537256,-7461.823078681737,3519202.7140904097,-0.8470163844545809,-537.0710400856696,4571.432097780234,4602.872738209351,12750712.87528845,0.7239997964292445,1.6336244594441083,2.3324006561187748e-07,9.392153553772178e-06,6.281051405346106,-0.002120317945848394,-0.011982142937338628,123002.71409041015,-0.0008961395400285979,-0.0008917785021045876,3748.4164571058936,-16087801923.39267,-1012098614.5302377,-196768757.3430788,-16086598902.062874,-1889957651.1983151,16119606519.13889,16198435791.860888,-0.9999259672722892,0.011981829289498919,0.0021203163571128225,0.011981856223193052,0.9999282149841792,0.0,0.002120164150169582,-2.5405325738610295e-05,0.9999977521267465,4571.433670431235,-537.0426352610973,-0.11694193661439331,6.4056736367912985e-09,146.007754544029,0.0,-47.807754544029,-2.6961227279854976,0.0,2.965270515649623e-17,2.2842654253804704,1.5707963267948966,19.596884828024482,461.0,0.03127424103272753,2.1549256365373255,0.0,0.0679495590638899,-1594.1866628889973,-0.21302219941049177,3.380187686025497,0.0005284269350536935,0.2168019857866925,-1.6935422695615039,-0.002098269998632207,0.21679247574372074,-1.6935422695615039,-2.216094175666471e-17,2.6785298233608677e-19,2.7374941135055066e-20,-2.2162560419114164e-17,-6.569216982212326e-22,2.7374941135055066e-20,-1594.188761158996,0.0037702763332289613,1.6866454164639932,-1679435.5115235504,227.12374583819982,126904.55362104866,0.029434347183707327,4578.840581526417
171.22782059447403,2001.0,12.0,14.0,14.0,24.0,19.0,1.0,3519196.3043098603,383.9722941497464,-6090.393304930588,4.589148242640759,-287.59303783666724,4571.432993153082,3519201.5953328833,4580.4727295970515,3518941.7655750806,-42327.605581204465,-6090.393304930588,3519201.5953328838,-1.9019105512218557,-537.0584501025642,4571.432993153082,4602.872473464679,12750674.31361208,0.7239989617260436,1.6336244438104015,2.3324006561187748e-07,9.393453746315967e-06,6.281441873635423,-0.0017306187724999706,-0.012027924071900066,123001.59533288376,-0.0007321605435627994,-0.0007285975049529788,3748.9017477433663,-16087798044.622221,-1012098118.0058241,-196768709.86394966,-16086594904.750994,-1889957913.9405963,16119602616.84622,16198431852.22597,-0.9999261679813548,0.012027616047156476,0.0017306179086209734,0.01202763405878257,0.9999276653933263,0.0,0.001730492725055251,-2.0815238900468682e-05,0.9999985024797059,4571.4340350969715,-537.0424776749379,-0.11694189336802943,6.406632571813914e-09,146.00455809395362,0.0,-47.80455809395362,-2.69772095302319,0.0,2.9652647063546474e-17,2.284264476650603,1.5707963267948966,19.597098215118567,461.0,0.03127891653140321,2.164308633828486,0.0,0.06795966455431665,-1594.1888774256465,-0.17393868021044548,2.7589359689817075,0.0009200013029680963,0.21682838722331782,-1.6937939993430076,-0.0017116549267266684,0.21682358300165214,-1.6937939993430076,-2.216419275304732e-17,2.6848534075384353e-19,2.2331025633217825e-20,-2.2165818831837434e-17,-5.3534670961128145e-22,2.2331025633217825e-20,-1594.1905890805733,0.04288490279120666,1.0651419696387,-1679440.5906156134,227.31223027458006,126930.00051948807,0.02953615169915232,4578.820200678022
171.527820594474,2001.0,12.0,14.0,14.0,24.0,19.0,1.0,3519197.5254391516,297.69438825747375,-4718.963323233375,3.5517135463460385,-287.59299720349713,4571.433484092813,3519200.7019057386,4580.472295101736,3518941.036767795,-42488.72121621976,-4718.963323233375,3519200.7019057386,-2.956804648096025,-537.0457679761887,4571.433484092813,4602.872038095326,12750635.747029908,0.7239981269115501,1.6336244281747343,2.3324006561187748e-07,9.394493770789948e-06,6.281832342314598,-0.0013409194692548736,-0.012073705175382251,123000.70190573856,-0.0005681815917182039,-0.0005654165529007915,3749.2886846803594,-16087794165.335068,-1012097621.4173675,-196768662.14608905,-16086590930.97589,-1889958022.4022698,16119598714.033852,16198427917.961704,-0.9999262147402385,0.012073400983698093,0.0013409190674115103,0.012073411838086233,0.9999271137070881,0.0,0.0013408213327915917,-1.618946814240168e-05,0.9999991009676232,4571.434104164705,-537.0423234212781,-0.11694185833367264,6.407398366509801e-09,146.00200544496732,0.0,-47.80200544496733,-2.6989972775163342,0.0,2.965260093030808e-17,2.284263723237645,1.5707963267948966,19.597267675205494,461.0,0.031282645768471694,2.1736928918300022,0.0,0.06796772806114702,-1594.1906447561037,-0.134855064350852,2.1376825621366775,0.0013116549236909282,0.2168484842682214,-1.693994865204609,-0.0013248852831928065,0.21684840383791226,-1.693994865204609,-2.2166785515132002e-17,2.691098820151788e-19,1.7285115353481957e-20,-2.216841897906336e-17,-4.137240678627685e-22,1.7285115353481957e-20,-1594.1919696413868,0.08199333948706025,0.44368769693206844,-1679445.6703845616,227.50071471096032,126955.53516585313,0.02963795757235687,4578.799750081756
171.827820594474,2001.0,12.0,14.0,14.0,24.0,19.0,1.0,3519198.4353379137,211.41649837247323,-3347.5332549151503,2.5142780971916925,-287.59293112217233,4571.433570631559,3519200.033808912,4580.471690374583,3518939.9914923287,-42649.8330327766,-3347.5332549151503,3519200.033808912,-4.011698379040807,-537.0329937140996,4571.433570631559,4602.8714321343605,12750597.176699122,0.7239972920108217,1.6336244125375463,2.3324006561187748e-07,9.395261896761126e-06,6.282222811333987,-0.0009512200862623513,-0.01211948625209072,123000.03380891215,-0.0004042027086365911,-0.00040223566817791727,3749.5772353021894,-16087790285.647337,-1012097124.7792645,-196768614.31331033,-16086586980.852232,-1889957976.5974374,16119594810.81858,16198423989.185108,-0.9999261075488505,0.012119184082473339,0.0009512199428152532,0.012119189565313371,0.9999265599254177,0.0,0.0009511500851517086,-1.1528014805284598e-05,0.9999995475902078,4571.433877667295,-537.0421725041225,-0.11694183151134716,6.407971020932443e-09,146.00009659689186,0.0,-47.800096596891855,-2.6999517015540717,0.0,2.965256675702583e-17,2.284263165145593,1.5707963267948966,19.597393205032105,461.0,0.03128542874455414,2.1830781266634656,0.0,0.06797374959373971,-1594.1919648787589,-0.0957713778125835,1.5164278784517444,0.0017033526125614371,0.21686227753329476,-1.6941448674029977,-0.0009379958559709053,0.21686693844573143,-1.6941448674029977,-2.2168720052256458e-17,2.697265535172111e-19,1.2237659179982401e-20,-2.2170360869496198e-17,-2.920644918332684e-22,1.2237659179982401e-20,-1594.192902874615,0.12109556063314793,-0.17771698895125332,-1679450.7506779917,227.68919914734056,126981.15756014382,0.0297397648079731,4578.7792297404585
172.12782059447397,2001.0,12.0,14.0,14.0,24.0,20.0,1.0,3519199.0340059632,125.13863212859484,-1976.1032212914706,1.4768421862691408,-287.5928395966695,4571.433252801123,3519199.591042276,4580.4709154481025,3518938.629748834,-42810.941003235384,-1976.1032212914706,3519199.591042276,-5.066591448041888,-537.0201273238242,4571.433252801123,4602.870655614347,12750558.603755966,0.7239964570484639,1.6336243968992676,2.3324006561187748e-07,9.395770007122534e-06,6.2826132806439885,-0.000561520673668935,-0.012165267306331348,122999.59104227647,-0.0002402239189870913,-0.00023905487444500026,3749.767375365598,-16087786405.67305,-1012096628.1056422,-196768566.48940024,-16086583054.492556,-1889957776.540012,16119590907.315094,16198420066.01105,-0.9999258464072039,0.012164965326833348,0.0005615206441605124,0.012164967244673636,0.9999260040482676,0.0,0.0005614790939060303,-6.8308802434206735e-06,0.9999998423472707,4571.433355637196,-537.042024927411,-0.11694181290107658,6.408356377444784e-09,145.99941577468067,0.0,-47.79883154936136,-2.7005842253193175,0.0,2.965255521803559e-17,2.2842629766995817,1.5707963267948966,19.59743559195448,461.0,0.0312872941473424,2.1924640591760887,0.0,0.0679777911335573,-1594.1928377925267,-0.05668764657606508,0.8951723308856377,0.002095061254606277,0.2168699818523155,-1.6942456800467054,-0.0005510219771030147,0.21687940124655675,-1.6942456800467054,-2.2170024564292043e-17,2.703356464062904e-19,7.189115129697564e-21,-2.2171672704466876e-17,-1.7037891674076644e-22,7.189115129697564e-21,-1594.1933888145038,0.16019175467049168,-0.7990733491610676,-1679455.8313462436,227.87768358372082,127006.8677023602,0.02984157341065305,4578.75863965698
172.42782059447396,2001.0,12.0,14.0,14.0,24.0,20.0,1.0,3519199.321443207,38.86079715850526,-604.6733436683695,0.43940610464837365,-287.59272263103566,4571.432530634,3519199.3736056425,4580.469970355316,3518936.9515375546,-42972.0450999588,-604.6733436683695,3519199.373605642,-6.121483559108051,-537.007168812992,4571.432530634,4602.869708568372,12750520.02935146,0.7239956220494046,1.6336243812603346,2.3324006561187748e-07,9.396018144056923e-06,6.283003750193057,-0.00017182128161840788,-0.012211048342410338,122999.373605642,-7.624524344387657e-05,-7.587419754619385e-05,3749.8590887619357,-16087782525.527733,-1012096131.4108167,-196768518.79816306,-16086579152.010883,-1889957422.2441835,16119587003.639585,16198416148.555916,-0.9999254313154134,0.01221074470013082,0.00017182128077297408,0.012210744880377001,0.9999254460755893,0.0,0.0001718084708221952,-2.0980658245384127e-06,0.9999999852387236,4571.43253810748,-537.04188069515,-0.11694180250288637,6.408545857940537e-09,145.99910515091716,0.0,-47.7982103018343,-2.7008948490828484,0.0,2.9652550640427514e-17,2.2842629019415686,1.5707963267948966,19.597452407232048,461.0,0.031288199858769114,2.2018504068931457,0.0,0.06797976169307757,-1594.1932634968425,-0.017603896621234925,0.27391633239372976,0.0024867432181424997,0.216871283144576,-1.6942948455771174,-0.00016399704896156693,0.21688547772862932,-1.6942948455771174,-2.217065766254482e-17,2.7093660443970375e-19,2.139908812828626e-21,-2.2172313091579175e-17,-4.8677505754985607e-23,2.139908812828626e-21,-1594.1934274938915,0.19928158110739438,-1.4203785131833877,-1679460.9122377262,228.06616802010106,127032.6655925022,0.029943383385048532,4578.737979834192
172.72782059447394,2001.0,12.0,14.0,14.0,24.0,20.0,1.0,3519199.2976496383,-47.416998906409006,766.7562566583772,-0.5980298566238468,-287.59258022941356,4571.431404163568,3519199.3814987573,4580.468855129965,3518934.9568588235,-43133.14529531187,766.7562566583772,3519199.381498757,-7.176374416273282,-536.9941181893582,4571.431404163568,4602.868591030231,12750481.454658074,0.7239947870390341,1.6336243656211928,2.3324006561187748e-07,9.396006328161022e-06,0.00020891275299619386,0.00021787803974842093,-0.012256829364634242,122999.38149875728,8.773329561579551e-05,8.73063447229246e-05,3749.8523674814787,-16087778645.329063,-1012095634.7093804,-196768471.3634283,-16086575273.52338,-1889956913.724502,16119583099.910421,16198412236.938272,-0.9999248622736969,0.012256522185720074,-0.000217878038024612,0.012256522476633782,0.999924886007334,0.0,-0.00021786167233526176,2.670427070213527e-06,0.99999997626458,4571.431425112026,-537.0417398114366,-0.11694180031680425,6.408538979654364e-09,145.99911642679612,0.0,-47.798232853592246,-2.700883573203875,0.0,2.965255214173673e-17,2.2842629264598084,1.5707963267948966,19.597446892354956,461.0,0.03128814351056245,2.2112368825348,0.0,0.06797965615647485,-1594.1932419916673,0.02147984607254523,-0.3473397040730223,0.002878362539133241,0.21686616419405846,-1.6942922257929136,0.00022304358582521592,0.21688515024019012,-1.6942922257929136,-2.217061701997823e-17,2.7152934534314493e-19,-2.9095015806830656e-21,-2.2172279702966892e-17,7.302879781460079e-23,-2.9095015806830656e-21,-1594.1930189480815,0.23836499631273533,-2.041631929865936,-1679465.993198,228.2546524564813,127058.55123056988,0.03004519473581127,4578.717250274977
173.02782059447392,2001.0,12.0,14.0,14.0,24.0,21.0,1.0,3519198.962625335,-133.69474843596285,2138.1854584027465,-1.635465406522875,-287.5924123959933,4571.429873423706,3519199.614721304,4580.467569806114,3518932.6457130606,-43294.24156166191,2138.1854584027465,3519199.6147213043,-8.23126372359509,-536.9809754607569,4571.429873423706,4602.867303034051,12750442.8808564,0.7239939520429198,1.6336243499822904,2.3324006561187748e-07,9.395758190914583e-06,0.0005993826342269438,0.0006075772402935939,-0.012302610377309946,122999.6147213038,0.0002517116712785467,0.00025048672393369604,3749.7472120507155,-16087774765.195524,-1012095138.0160332,-196768424.30903435,-16086571419.147001,-1889956250.9957085,16119579196.246769,16198408331.277489,-0.9999241392823736,0.01230229776695702,-0.0006075772029123944,0.012302300037654614,0.9999243238434514,0.0,-0.0006075312238048715,7.4745970462672356e-06,0.9999998154249542,4571.430016685138,-537.0416022804111,-0.11694180634285958,6.408335742863819e-09,145.99944960186258,0.0,-47.79889920372518,-2.7005503981374086,0.0,2.9652559721919585e-17,2.2842630502535894,1.5707963267948966,19.597419047522358,461.0,0.03128712510688124,2.220623196868691,0.0,0.0679774745306515,-1594.1927732774848,0.06056355552650074,-0.9685953655685829,0.003269883392346465,0.21685462545903567,-1.694237820864779,0.0006100645081620838,0.21687841880112016,-1.694237820864779,-2.2169902639359425e-17,2.721138151892144e-19,-7.95865657656646e-21,-2.2171572540737238e-17,1.9472901999731144e-22,-7.95865657656646e-21,-1594.1921632129765,0.2774419743276209,-2.662833186433362,-1679471.074071562,228.44313689286156,127084.5246165632,0.03014700746759279,4578.696450982241
173.3278205944739,2001.0,12.0,14.0,14.0,24.0,21.0,1.0,3519198.316370465,-219.9724438012449,3509.6141402889953,-2.6729002540479767,-287.5922191349706,4571.4279384484835,3519200.073272903,4580.4661144178435,3518930.0181007744,-43455.333871378614,3509.6141402889953,3519200.0732729025,-9.286151185155783,-536.967740635058,4571.4279384484835,4602.865844613973,12750404.309124188,0.7239931170865691,1.6336243343440748,2.3324006561187748e-07,9.39520281237754e-06,0.000989852604623364,0.0009972762698821753,-0.012348391384744698,123000.07327290298,0.00041568986264413344,0.00041366691823919045,3749.543631384382,-16087770885.245337,-1012094641.3454353,-196768377.75881508,-16086567588.998417,-1889955434.0725877,16119575292.76754,16198404431.692669,-0.9999232623418659,0.012348071427199243,-0.000997276104573676,0.012348077567650492,0.9999237595838911,0.0,-0.0009972000718284878,1.2314442695640074e-05,0.999999502720062,4571.428312861239,-537.0414681062142,-0.11694182058108202,6.4079371946545885e-09,146.00020935115137,0.0,-47.80020935115137,-2.6998953244243133,0.0,2.965257529339855e-17,2.284263304555139,1.5707963267948966,19.597361847941638,461.0,0.031285149792449646,2.2300090613849783,0.0,0.06797322792544719,-1594.1918573553007,0.09964720576252267,-1.589850239152807,0.003661270600325197,0.21683670574400896,-1.6941319308592029,0.00099703047557284,0.21686532177956325,-1.6941319308592029,-2.2168519573682908e-17,2.726900221724098e-19,-1.3007099665229167e-20,-2.217019665760405e-17,3.164122589009935e-22,-1.3007099665229167e-20,-1594.190860324825,0.3165125275420859,-3.2839821700120098,-1679476.154703278,228.6316213292418,127110.58575048218,0.030248821585044453,4578.675581958901
173.6278205944739,2001.0,12.0,14.0,14.0,24.0,21.0,1.0,3519197.3588852827,-306.25007737459356,4881.042181051582,-3.7103341082215247,-287.5920004504188,4571.42559927114,3519200.757153111,4580.464488998225,3518927.074022564,-43616.42219683401,4881.042181051582,3519200.757153111,-10.341036505060107,-536.9544137200405,4571.42559927114,4602.864215803126,12750365.740600793,0.7239922821946585,1.6336243187069779,2.3324006561187748e-07,9.39442286368788e-06,0.0013803226152265364,0.001386975078382247,-0.012394172391246079,123000.75715311151,0.0005796678447880725,0.0005768469049894608,3749.2416425156407,-16087767005.592854,-1012094144.7117567,-196768331.83655563,-16086563783.190416,-1889954462.969521,16119571389.58775,16198400538.299011,-0.9999222314526983,0.012393843149805954,-0.0013869746336949939,0.012393855070832726,0.9999231932286016,0.0,-0.0013868681046513682,1.7189962596937063e-05,0.9999990381502202,4571.426313673844,-537.0413372928605,-0.11694184303150007,6.407351011618708e-09,146.00216329460432,0.0,-47.802163294604306,-2.6989183526978464,0.0,2.9652612880888814e-17,2.2842639184054394,1.5707963267948966,19.59722377714136,461.0,0.0312822552641182,2.2393941961953794,0.0,0.06796699777295988,-1594.1904942266467,0.13873077080320317,-2.2111039118921383,0.004052493806375785,0.2168126869131576,-1.693976755211593,0.0013839080714196325,0.216846140641247,-1.693976755211593,-2.2166504863847118e-17,2.7325836935991404e-19,-1.8054404992994102e-20,-2.2168189096619492e-17,4.380683556524072e-22,-1.8054404992994102e-20,-1594.1891103185753,0.35557691144445014,-3.9050806671037313,-1679481.2349430658,228.82010576562206,127136.73463232681,0.030350637092817514,4578.654643207891
173.92782059447387,2001.0,12.0,14.0,14.0,24.0,21.0,1.0,3519196.0901701297,-392.5276415295566,6252.469459434789,-4.747766678089414,-287.5917563464497,4571.422855925361,3519201.666361423,4580.4626935806,3518923.8134791167,-43777.506510402505,6252.469459434789,3519201.666361423,-11.395919387437619,-536.9409947235524,4571.422855925361,4602.862416634912,12750327.176431788,0.7239914473919982,1.633624303071434,2.3324006561187748e-07,9.393371012152291e-06,0.0017707926160207544,0.0017766736156648233,-0.012439953401122025,123001.66636142321,0.0007436455958857048,0.0007400266610167189,3748.841270696139,-16087763126.353052,-1012093648.129243,-196768286.66604775,-16086560001.836397,-1889953337.701049,16119567486.823042,16198396651.212349,-0.9999210466154973,0.012439612918138046,-0.0017766726809661207,0.012439632551412973,0.9999226247775304,0.0,-0.0017765352105221753,2.2101155315352312e-05,0.9999984217158469,4571.424019156838,-537.0412098443978,-0.11694187369414322,6.4065716902086696e-09,146.00476103263776,0.0,-47.804761032637764,-2.697619483681116,0.0,2.965266242799662e-17,2.284264727571117,1.5707963267948966,19.597041777934553,461.0,0.031278414503354834,2.2487783200638316,0.0,0.0679587256936054,-1594.1886838935739,0.17781422467186273,-2.832355970860164,0.004443514779956875,0.21678236745225704,-1.6937707170678087,0.0017706619410123197,0.21682067341029945,-1.6937707170678087,-2.2163831947754342e-17,2.7381847801321105e-19,-2.3100114159597153e-20,-2.2165523293032103e-17,5.596863584832778e-22,-2.3100114159597153e-20,-1594.1869132316328,0.3946348980821622,-4.526126687927973,-1679486.3146400265,229.0085902020023,127162.9712620971,0.030452453995563,4578.633634732166
174.22782059447385,2001.0,12.0,14.0,14.0,24.0,22.0,1.0,3519194.5102254334,-478.8051286409362,7623.895854193282,-5.785197672721899,-287.5914868272198,4571.419708445306,3519202.800897268,4580.460728198614,3518920.2364712055,-43938.586784460786,7623.895854193282,3519202.800897268,-12.450799536443613,-536.9274836535171,4571.419708445306,4602.8604471430335,12750288.617769742,0.7239906127035531,1.63362428743788,2.3324006561187748e-07,9.392058987293251e-06,0.0021612625568881204,0.0021663718316040285,-0.012485734418680804,123002.80089726765,0.0009076230915985355,0.0009032061626113698,3748.342549456749,-16087759247.641626,-1012093151.6122378,-196768242.37109002,-16086556245.050453,-1889952058.2818918,16119563584.589787,16198392770.549229,-0.9999197078309922,0.012485380715558094,-0.002166370137080326,0.01248541001360322,0.9999220542306246,0.0,-0.0021662012776932395,2.7048019402673684e-05,0.9999976534174614,4571.42142934451,-537.0410857649147,-0.1169419125690426,6.405599230913445e-09,146.00800256362186,0.0,-47.80800256362185,-2.6959987181890748,0.0,2.9652723934380584e-17,2.2842657320465944,1.5707963267948966,19.596815854103202,461.0,0.03127362751769031,2.2581611500442875,0.0,0.0679484116915501,-1594.1864263586604,0.21689754139261733,-3.4536060031386087,0.004834298333509347,0.2167457476493345,-1.6935138165043655,0.0021572572974608677,0.2167889199322671,-1.6935138165043655,-2.21605008214079e-17,2.743702953677774e-19,-2.814377829334008e-20,-2.2162199242189194e-17,6.812555486388666e-22,-2.814377829334008e-20,-1594.1842691013628,0.4336864613248844,-5.147119819642974,-1679491.3936423268,229.19707463838256,127189.29563979301,0.03055427229793191,4578.612556534687
174.52782059447384,2001.0,12.0,14.0,14.0,24.0,22.0,1.0,3519192.619051712,-565.0825310847817,8995.321244091936,-6.822626801213711,-287.59119189692274,4571.416156865573,3519204.160760015,4580.458592886172,3518916.342999697,-44099.66299138804,8995.321244091936,3519204.160760015,-13.505676656259151,-536.9138805179266,4571.416156865573,4602.858307361455,12750250.06577324,0.7239897781544168,1.633624271806756,2.3324006561187748e-07,9.39045121144483e-06,0.002551732387382105,0.002556069676077067,-0.01253151544823105,123004.16076001525,0.0010716003090696007,0.0010663853862488168,3747.745520646218,-16087755369.574871,-1012092655.1751566,-196768199.0754873,-16086552512.947273,-1889950624.7269304,16119559683.00495,16198388896.42681,-0.9999182151000142,0.012531146525430392,-0.0025560668927344325,0.012531187461615802,0.9999214815878305,0.0,-0.002555866194420616,3.2030553397284984e-05,0.9999967332556842,4571.418544271506,-537.040965058532,-0.11694195965623046,6.40443363427264e-09,146.01188788575786,0.0,-47.81188788575786,-2.6940560571210668,0.0,2.965279739962619e-17,2.2842669318251048,1.5707963267948966,19.5965460103082,461.0,0.03126789431550331,2.267542401971886,0.0,0.06793605577027535,-1594.1837216250053,0.2559806949904204,-4.074853595817977,0.005224809278878555,0.21670282775182872,-1.6932060535743707,0.0025436593537947025,0.21675088000912768,-1.6932060535743707,-2.2156511479133043e-17,2.749137686375775e-19,-3.3184948514366094e-20,-2.2158216937757173e-17,8.0276520700821135e-22,-3.3184948514366094e-20,-1594.1811779656516,0.4727315749995481,-5.768059649392348,-1679496.4717973415,229.3855590747628,127215.7077654146,0.030656092004574906,4578.59140861844
174.82782059447382,2001.0,12.0,14.0,14.0,24.0,22.0,1.0,3519190.4166495693,-651.3598412384058,10366.745507906104,-7.860053772684434,-287.59087155976357,4571.412201220975,3519205.745948969,4580.456287677223,3518912.1330655445,-44260.7351035658,10366.745507906104,3519205.7459489685,-14.560550451091128,-536.9001853248143,4571.412201220975,4602.855997324189,12750211.521599017,0.723988943769645,1.6336242561785008,2.3228611451566115e-07,9.388606658932776e-06,0.002942202057926622,0.0029457670989643183,-0.012577296494081744,123005.74594896846,0.0012355772248620555,0.0012295643093695777,3747.050234375056,-16087751492.268906,-1012092158.8323946,-196768156.9030402,-16086548805.641336,-1889949037.0511065,16119555782.18533,16198385028.962057,-0.9999165684234969,0.012576910331120954,-0.002945762838628995,0.012576964899663395,0.9999209068490931,0.0,-0.002945529848964263,3.704875582416968e-05,0.9999956612312368,4571.4153639726155,-537.0408477293776,-0.11694201495573997,6.403074900884183e-09,146.01641699705272,0.0,-47.81641699705272,-2.6917915014736375,0.0,2.965288282324543e-17,2.2842683268986765,1.5707963267948966,19.5962322520899,461.0,0.03126121490605337,2.2769217920104814,0.0,0.06792165793265172,-1594.1805696962285,0.2950636594911159,-4.696098335998403,0.005615012427268188,0.2166536079668179,-1.6928474283093644,0.0029298333229182175,0.21670655339951747,-1.6928474283093644,-2.2151863913600933e-17,2.754488450151006e-19,-3.822317593253518e-20,-2.2153576371745517e-17,9.242046140426035e-22,-3.822317593253518e-20,-1594.1776398629056,0.5117702128906334,-6.388945764307768,-1679501.5489526894,229.57404351114306,127242.20763896185,0.030757913120142668,4578.57019098642
175.1278205944738,2001.0,12.0,14.0,14.0,24.0,23.0,1.0,3519187.903019694,-737.6370514803772,11738.168524421493,-8.89747829627872,-287.5905258199651,4571.407841546603,3519207.5564633696,4580.453812605821,3518907.606669789,-44421.80309337799,11738.168524421493,3519207.556463369,-15.615420625172563,-536.8863980822629,4571.407841546603,4602.853517065345,12750172.986404011,0.7239881095742966,1.6336242405535535,2.3324006561187748e-07,9.386537018000536e-06,0.003332671518006782,0.003335464050149327,-0.012623077560542217,123007.55646336917,0.0013995538160920871,0.0013927429079006865,3746.2567490292713,-16087747615.839859,-1012091662.5983502,-196768115.97754803,-16086545123.24714,-1889947295.269451,16119551882.247725,16198381168.27197,-0.9999147678024761,0.012622672115997536,-0.0033354578654683775,0.01262274233195901,0.9999203300143572,0.0,-0.0033351921295881235,4.210262519491333e-05,0.9999944373449423,4571.411888482831,-537.0407337815925,-0.11694207846760521,6.401523031397854e-09,146.0215898953405,0.0,-47.82158989534049,-2.6892050523297564,0.0,2.9652980204677263e-17,2.2842699172581487,1.5707963267948966,19.595874585866593,461.0,0.03125358929945014,2.2862990362960764,0.0,0.06790521818087233,-1594.176970576479,0.3341464089214827,-5.317339810790351,0.006004872589184352,0.21659808846081693,-1.692437940717673,0.003315744417561838,0.216655939818528,-1.692437940717673,-2.2146558115807494e-17,2.759754716708397e-19,-4.3258011645241977e-20,-2.2148277534485623e-17,1.0455630496734435e-21,-4.3258011645241977e-20,-1594.1736548320616,0.5508023487400107,-7.0097777515080235,-1679506.624955956,229.7625279475233,127268.79526043474,0.030859735649285607,4578.54890364164
175.4278205944738,2001.0,12.0,14.0,14.0,24.0,23.0,1.0,3519185.078162866,-823.914154190544,13109.590172434539,-9.934900081166857,-287.59015468176716,4571.403077877816,3519209.5923023964,4580.451167706111,3518902.763813562,-44582.86693321103,13109.590172434539,3519209.5923023964,-16.670286882763172,-536.8725187984023,4571.403077877816,4602.850866619129,12750134.46134511,0.7239872755934318,1.6336242249323534,2.3324006561187748e-07,9.384159324345672e-06,0.0037231407175258315,0.003725160479518921,-0.012668858651922167,123009.59230239643,0.0015635300587187066,0.0015559211591185573,3745.3651312734,-16087743740.403877,-1012091166.4874228,-196768076.4228083,-16086541465.879162,-1889945399.3970795,16119547983.308964,16198377314.47354,-0.9999128132380903,0.01266843186342967,-0.0037251518639609535,0.01266851976271602,0.9999197510835666,0.0,-0.0037248529245603205,4.719216000770776e-05,0.9999930615977245,4571.408117837336,-537.0406232193303,-0.11694215019186122,6.399778026517347e-09,146.0274065782755,0.0,-47.82740657827551,-2.686296710862245,0.0,2.9653089543287484e-17,2.2842717028931627,1.5707963267948966,19.595473018934573,461.0,0.03124501750666309,2.2956738509715158,0.0,0.06788673651647395,-1594.1729242704234,0.373228917309289,-5.938577607315481,0.006394354574385606,0.2165362693598423,-1.6919775907849284,0.003701357850235714,0.21659903893777008,-1.6919775907849284,-2.2140594075080333e-17,2.764935957531177e-19,-4.828900673526823e-20,-2.2142320414637737e-17,1.166829793230005e-21,-4.828900673526823e-20,-1594.169222912573,0.5898279562470591,-7.630555198100409,-1679511.6996547244,229.95101238390356,127295.47062983326,0.030961559596654066,4578.527546587127
175.72782059447377,2001.0,12.0,14.0,14.0,24.0,23.0,1.0,3519181.9420799506,-910.1911417500347,14481.01033075233,-10.972318836545144,-287.5897581494268,4571.3979102502435,3519211.8534651655,4580.4483530123325,3518897.6044980832,-44743.92659545375,14481.01033075233,3519211.853465166,-17.725148928149746,-536.8585474814112,4571.3979102502435,4602.848046019841,12750095.947579322,0.7239864418521118,1.6336242093153392,2.3228611451566115e-07,9.381508846299718e-06,0.004113609606390662,0.004114856336963216,-0.012714639772531651,123011.85346516594,0.0017275059302779812,0.0017190990395231274,3744.3754560220987,-16087739866.077105,-1012090670.5140126,-196768038.36261654,-16086537833.651869,-1889943349.4491928,16119544085.485857,16198373467.683762,-0.9999107047315798,0.012714189556788682,-0.004114844724819198,0.012714297196148147,0.9999191700566641,0.0,-0.004114512122153254,5.2317358747353724e-05,0.9999915339906087,4571.404052071511,-537.0405160467574,-0.11694223012854393,6.397839887000621e-09,146.03386704333127,0.0,-47.83386704333126,-2.6830664783343674,0.0,2.965321083836867e-17,2.2842736837921653,1.5707963267948966,19.59502755946783,461.0,0.031235499539523,2.305045952182692,0.0,0.06786621294034047,-1594.1684307832525,0.4123111586833396,-6.559811312707358,0.006783423191831949,0.21646815074942538,-1.6914663784741675,0.004086638833183022,0.21653585038538667,-1.6914663784741675,-2.213397177908012e-17,2.7700316438784475e-19,-5.331571226862988e-20,-2.2135704999192306e-17,1.2879941233580404e-21,-5.331571226862988e-20,-1594.1643441444194,0.6288470090687263,-8.251277691181524,-1679516.7728965674,230.1394968202838,127322.23374715747,0.031063384966898176,4578.506119825924
176.02782059447375,2001.0,12.0,14.0,14.0,24.0,24.0,1.0,3519178.4947718973,-996.4680065412227,15852.428878192415,-12.009734271635313,-287.5893362272178,4571.392338699777,3519214.339950726,4580.445368558815,3518892.128724657,-44904.982052497384,15852.428878192415,3519214.3399507254,-18.780006465645556,-536.8444841395149,4571.392338699777,4602.845055301871,12750057.446263215,0.7239856083753915,1.633624193702951,2.3324006561187748e-07,9.37865637942942e-06,0.0045040781343375505,0.004504551572375583,-0.012760420926681082,123014.33995072544,0.0018914814070863345,0.001882276526000132,3743.287806550972,-16087735992.97565,-1012090174.6925182,-196768001.92076597,-16086534226.679674,-1889941145.4410734,16119540188.895197,16198369628.019594,-0.9999084422842875,0.012759945179447674,-0.00450453633875974,0.012760074636469455,0.9999185869335921,0.0,-0.004504169610643656,5.7478219885263136e-05,0.9999898545247211,4571.399691220921,-537.0404122680519,-0.11694231827769028,6.395708613663905e-09,146.040971287787,0.0,-47.840971287786985,-2.6795143561065085,0.0,2.965334408913992e-17,2.284275859942405,1.5707963267948966,19.594538216518504,461.0,0.031225035410741387,2.3144150560791124,0.0,0.06784364745274464,-1594.1634901206824,0.45139310707350705,-7.181040514112123,0.007172043249637555,0.2163937326747408,-1.6909043037268674,0.004471552578335555,0.21646637374618033,-1.6909043037268674,-2.2126691213814223e-17,2.7750412467843e-19,-5.833767929245434e-20,-2.2128431273483632e-17,1.4090453179380299e-21,-5.833767929245434e-20,-1594.159018568104,0.6678594808196874,-8.87194481783899,-1679521.8445291035,230.32798125666403,127349.08461240731,0.03116521176466791,4578.484623361084
176.32782059447374,2001.0,12.0,14.0,14.0,24.0,24.0,1.0,3519174.7362397485,-1082.744740947802,17223.84569358341,-13.047146095686399,-287.5888889194318,4571.386363262582,3519217.0517580686,4580.442214379988,3518886.3364946838,-45066.033276735776,17223.84569358341,3519217.0517580686,-19.83485919959227,-536.830328780988,4571.386363262582,4602.841894499708,12750018.958553735,0.7239847751883334,1.6336241780956273,2.3228611451566115e-07,9.3754951641978e-06,0.0048945462510908,0.004894246135652828,-0.012806202118681248,123017.05175806861,0.0020554564658612612,0.002045453595395772,3742.1022743349895,-16087732121.215673,-1012089679.0373431,-196767967.22104827,-16086530645.077028,-1889938787.3880956,16119536293.653812,16198365795.598043,-0.9999060258976582,0.012805698714781596,-0.004894226596503624,0.012805852087894372,0.999918001714292,0.0,-0.004893825278312844,6.26747418794641e-05,0.9999880232012892,4571.395035321333,-537.0403118874061,-0.11694241463933827,6.393384207369755e-09,146.0487193087675,0.0,-47.848719308767485,-2.675640345616258,0.0,2.9653489294747836e-17,2.2842782313299437,1.5707963267948966,19.594005000013695,461.0,0.031213625133851817,2.323780878814327,0.0,0.0678190400532221,-1594.1581022889507,0.49047473651080986,-7.802264798689457,0.007560179555007464,0.21631301514022144,-1.6902913664598247,0.004856064297259687,0.21639060856122777,-1.6902913664598247,-2.211875236359665e-17,2.779964237050208e-19,-6.335445883273411e-20,-2.2120499221149797e-17,1.529972654001521e-21,-6.335445883273411e-20,-1594.1532462246535,0.7068653450720377,-9.492556165149281,-1679526.9143998995,230.5164656930443,127376.02322558283,0.03126703999461317,4578.4630571956795
176.62782059447372,2001.0,12.0,14.0,14.0,24.0,24.0,1.0,3519170.6664846307,-1169.0213373547472,18595.260655764807,-14.084554017974112,-287.58841623037705,4571.379983975091,3519219.98888612,4580.4388905103715,3518880.227809648,-45227.08024056515,18595.260655764807,3519219.98888612,-20.889706834359295,-536.8160814141524,4571.379983975091,4602.838563647933,12749980.485607626,0.7239839423159956,1.633624162493808,2.3228611451566115e-07,9.372084118683366e-06,0.005285013906493053,0.00528393997669517,-0.012851983352843294,123019.9888861198,0.0022194310835230895,0.0022086302240788575,3740.8189591597766,-16087728250.913305,-1012089183.5628895,-196767934.38725242,-16086527088.958342,-1889936275.3057146,16119532399.87851,16198361970.536095,-0.9999034555732392,0.012851450146167225,-0.005283915388776379,0.012851629554637678,0.9999174143987044,0.0,-0.0052834790134468025,6.790692317460335e-05,0.9999860400216416,4571.390084408704,-537.0402149090239,-0.11694251921352672,6.390866669040166e-09,146.05711110319945,0.0,-47.85711110319944,-2.671444448400276,0.0,2.9653646454265457e-17,2.2842807979396422,1.5707963267948966,19.593427920757858,461.0,0.031201268723273827,2.333143136546051,0.0,0.06779239074070921,-1594.1522672948156,0.5295560210274407,-8.423483753613235,0.007947796914199452,0.2162259981099825,-1.6896275665685798,0.005240139201117429,0.21630855432830304,-1.6896275665685798,-2.211015521109248e-17,2.784800085247991e-19,-6.836560189227481e-20,-2.2111908824177107e-17,1.650765407651405e-21,-6.836560189227481e-20,-1594.1470271556145,0.7458645753557438,-10.113111320181815,-1679531.9823565576,230.70495012942453,127403.04958668398,0.03136886966138362,4578.441421332793
176.9278205944737,2001.0,12.0,14.0,14.0,24.0,24.0,1.0,3519166.2855077568,-1255.297788148325,19966.673643586975,-15.121957747801298,-287.58791816437935,4571.37320087401,3519223.1513337414,4580.435396984586,3518873.8026711224,-45388.12291638425,19966.673643586975,3519223.151333741,-21.94454907434425,-536.8017420473782,4571.37320087401,4602.835062781228,12749942.028581778,0.7239831097834398,1.633624146897932,2.3228611451566115e-07,9.368422969996292e-06,0.005675481050249257,0.005673633045406259,-0.012897764633478737,123023.15133374045,0.0023834052366593396,0.002371806389322007,3739.437969087623,-16087724382.184696,-1012088688.2835609,-196767903.5431655,-16086523558.438011,-1889933609.2094715,16119528507.68612,16198358152.950731,-0.9999007313126801,0.012897199456983206,-0.005673602606308116,0.012897407040914511,0.999916824986769,0.0,-0.005673130704336269,7.317476220194922e-05,0.9999839049872081,4571.384838519188,-537.0401213371222,-0.11694263200029538,6.388155999651046e-09,146.06614666782986,0.0,-47.866146667829845,-2.6669266660850774,0.0,2.9653815566692753e-17,2.28428355975517,1.5707963267948966,19.592806990431015,461.0,0.031187966194285804,2.342501545436446,0.0,0.06776369951348447,-1594.1459851455616,0.5686369346568194,-9.044696966072285,0.00833486013246729,0.21613268150764364,-1.6889129039259758,0.005623742500616366,0.21622021050169912,-1.6889129039259758,-2.2100899737299485e-17,2.789548261714929e-19,-7.337065944850054e-20,-2.2102660062881693e-17,1.771412853979439e-21,-7.337065944850054e-20,-1594.140361403061,0.7848571451585186,-10.733609869998261,-1679537.048246637,230.8934345658048,127430.1636957108,0.03147070076962883,4578.419715775523
177.22782059447368,2001.0,12.0,14.0,14.0,24.0,25.0,1.0,3519161.5933104306,-1341.5740857161036,21338.08453591138,-16.15935699449837,-287.58739472578173,4571.366013996307,3519226.5390997347,4580.431733837338,3518867.061080773,-45549.16127659441,21338.08453591138,3519226.539099735,-22.999385623973406,-536.7873106890836,4571.366013996307,4602.831391934358,12749903.58863286,0.7239822776157252,1.6336241313084394,2.318076668099177e-07,9.364499569145319e-06,0.006065947632007413,0.006063325291693246,-0.01294354596489947,123026.53909973567,0.0025473789019368628,0.0025349820674778426,3737.9594204816967,-16087720515.14599,-1012088193.2137635,-196767874.8125721,-16086520053.63043,-1889930789.1149964,16119524617.193455,16198354342.95895,-0.9998978531177325,0.012942946630610058,-0.006063288139833687,0.012943184550940373,0.9999162334784251,0.0,-0.006062780239276907,7.847825737939537e-05,0.9999816180995196,4571.379297689128,-537.040031175931,-0.11694275299968518,6.385252200226565e-09,146.07582599924478,0.0,-47.87582599924478,-2.6620870003776083,0.0,2.9653996630957097e-17,2.2842865167590096,1.5707963267948966,19.59214222158674,461.0,0.03117371756299677,2.351855821652387,0.0,0.06773296636910864,-1594.139255848994,0.6077174514336403,-9.665904023271175,0.008721334014001816,0.2160330652161462,-1.6881473783806693,0.0060068394059574915,0.2161255764920443,-1.6881473783806693,-2.2090985921529308e-17,2.7942082365487803e-19,-7.836918245123296e-20,-2.2092752915890683e-17,1.8919042669817854e-21,-7.836918245123296e-20,-1594.133249009588,0.8238430279256846,-11.354051401651844,-1679542.1119177416,231.08191900218503,127457.36555266326,0.03157253332399816,4578.397940526985
177.52782059447367,2001.0,12.0,14.0,14.0,24.0,25.0,1.0,3519156.5898940386,-1427.8502224469605,22709.493211610672,-17.196751467423685,-287.5868459189446,4571.358423379221,3519230.1521828356,4580.427901103432,3518860.0030403477,-45710.1952935994,22709.493211610672,3519230.152182835,-24.054216187702075,-536.7727873477348,4571.358423379221,4602.827551142191,12749865.166917568,0.7239814458379105,1.6336241157257694,2.3228611451566115e-07,9.360313586359337e-06,0.006456413601513211,0.006453016665466856,-0.012989327351417756,123030.15218283609,0.002711352056282536,0.0026981572354915504,3736.3834379892796,-16087716649.913319,-1012087698.3679036,-196767848.3192541,-16086516574.649948,-1889927815.0380003,16119520728.517328,16198350540.677713,-0.9998948209902503,0.012988691650430201,-0.006452971880092837,0.012988962088931128,0.9999156398736107,0.0,-0.006452427506569445,8.381740711146448e-05,0.9999791793602079,4571.373461955061,-537.0399444296928,-0.11694288221173796,6.382155271854777e-09,146.0861490938174,0.0,-47.88614909381741,-2.6569254530912954,0.0,2.96541896459122e-17,2.2842896689324395,1.5707963267948966,19.591433627655064,461.0,0.031158522846422836,2.3612056813657136,0.0,0.06770019130458897,-1594.1320794134413,0.6467975453939244,-10.287104512431025,0.009107183361899668,0.21592714907825938,-1.6873309897612236,0.00638939512680207,0.21602465166680795,-1.6873309897612236,-2.2080413741460577e-17,2.7987794796119038e-19,-8.336072182071515e-20,-2.208218736019534e-17,2.0122289194825313e-21,-8.336072182071515e-20,-1594.1256900183146,0.8628221970607324,-11.974435502192248,-1679547.1732174475,231.2704034385653,127484.65515754138,0.03167436732914089,4578.376095590298
177.82782059447365,2001.0,12.0,14.0,14.0,24.0,25.0,1.0,3519151.2752600564,-1514.1261907310768,24080.89954956861,-18.234140875963732,-287.5862717482455,4571.350429060261,3519233.9905817173,4580.423898817769,3518852.628551688,-45871.22493980558,24080.89954956861,3519233.990581718,-25.10904047001478,-536.7581720318459,4571.350429060261,4602.823540439686,12749826.764592603,0.7239806144750566,1.633624100150362,2.318076668099177e-07,9.355876535778997e-06,0.006846878908500923,0.006842707116641351,-0.013035108797346233,123033.99058171734,0.0028753246764615563,0.002861331870111049,3734.7101545538753,-16087712786.60283,-1012087203.7603891,-196767824.18699104,-16086513121.610933,-1889924686.994283,16119516841.774559,16198346746.224024,-0.9998916349321899,0.013034434499827966,-0.00684265371783026,0.013034739659103001,0.9999150441722634,0.0,-0.006842072394519747,8.919220978931069e-05,0.9999765887710061,4571.367331353722,-537.039861102663,-0.11694301963649646,6.378865215670842e-09,146.09711594776385,0.0,-47.89711594776386,-2.6514420261180707,0.0,2.965439461033922e-17,2.2842930162555564,1.5707963267948966,19.59068122293795,461.0,0.031142382062404956,2.370550840753495,0.0,0.06766537431620231,-1594.1244558477558,0.6858771905750618,-10.908298020790186,0.009492372978090375,0.2158149328960378,-1.6864637378717193,0.00677137487220999,0.21591743534975696,-1.6864637378717193,-2.20691831730825e-17,2.8032614605215333e-19,-8.834482844526935e-20,-2.207096337109462e-17,2.1323760830459775e-21,-8.834482844526935e-20,-1594.1176844728836,0.9017946259248187,-12.594761758661905,-1679552.2319933455,231.45888787494553,127512.03251034515,0.03177620278970611,4578.354180968602
178.12782059447363,2001.0,12.0,14.0,14.0,24.0,26.0,1.0,3519145.649410049,-1600.4019829599536,25452.3034286803,-19.271524929533637,-287.5856722180794,4571.342031077205,3519238.054294993,4580.419727015343,3518844.937616724,-46032.250187621896,25452.3034286803,3519238.054294993,-26.16385817542579,-536.7434647499795,4571.342031077205,4602.819359861899,12749788.38281473,0.7239797835522238,1.6336240845826566,2.318076668099177e-07,9.35116431491734e-06,0.007237343502527571,0.007232396595134641,-0.013080890306997914,123038.0542949927,0.0030392967391209996,0.0030245059480502753,3732.9397114114836,-16087708925.330685,-1012086709.4056305,-196767802.5395599,-16086509694.627724,-1889921404.9997306,16119512957.081985,16198342959.714865,-0.9998882949456093,0.013080175162189622,-0.007232333543795789,0.013080517265672584,0.9999144463743198,0.0,-0.007231714791438989,9.460266379072382e-05,0.9999738463337485,4571.360905922034,-537.0397811991103,-0.11694316527400456,6.375382032863393e-09,146.10872655712203,0.0,-47.90872655712202,-2.645636721438988,0.0,2.96546115229464e-17,2.284296558707263,1.5707963267948966,19.589885022609888,461.0,0.031125295229639565,2.3798910159982785,0.0,0.06762851539956165,-1594.1163851613094,0.7249563610158622,-11.529484135605037,0.009876867663292608,0.21569641643102794,-1.6855456224934113,0.007152743850597903,0.21580392682116178,-1.6855456224934113,-2.205729419071664e-17,2.8076536486499424e-19,-9.332105317920973e-20,-2.2059080922216973e-17,2.2523350278977347e-21,-9.332105317920973e-20,-1594.1092324174588,0.940760287837024,-13.215029758098447,-1679557.2880930025,231.6473723113258,127539.49761107458,0.03187803971034277,4578.332196665051
178.42782059447362,2001.0,12.0,14.0,14.0,24.0,26.0,1.0,3519139.712345664,-1686.6775915264109,26823.704727852197,-20.3089033375774,-287.5850473328586,4571.333229468096,3519242.343321208,4580.415385731236,3518836.930237471,-46193.271009459815,26823.704727852197,3519242.343321208,-27.21866900847934,-536.7286655107456,4571.333229468096,4602.815009443976,12749750.022740426,0.7239789530944687,1.6336240690230937,2.318076668099177e-07,9.346200265333686e-06,0.007627807333251002,0.007622085050868296,-0.013126671884686199,123042.34332120838,0.0032032682209932983,0.0031876794462067973,3731.0722580999136,-16087705066.213003,-1012086215.3180382,-196767783.5007345,-16086506293.814629,-1889917969.0703118,16119509074.556404,16198339181.267204,-0.9998848010326693,0.013125913620903389,-0.007622011248744499,0.013126294912856842,0.9999138464797158,0.0,-0.007621354585643773,0.00010004876748013254,0.9999709520503703,4571.354185697113,-537.0397047233151,-0.11694331912430705,6.3717057246785295e-09,146.12098091773822,0.0,-47.920980917738234,-2.639509541130883,0.0,2.9654840382368957e-17,2.284300296265271,1.5707963267948966,19.58904504271801,461.0,0.031107262367698115,2.389225923288358,0.0,0.0675896145496579,-1594.1078673640015,0.7640350307566073,-12.150662444150813,0.010260632216968942,0.2155715994043982,-1.6845766433857836,0.007533467269696816,0.21568412531792563,-1.6845766433857836,-2.204474676703102e-17,2.811955513123632e-19,-9.828894684074903e-20,-2.204653998553441e-17,2.372095022842961e-21,-9.828894684074903e-20,-1594.1003338967319,0.9797191560745329,-13.835239087536596,-1679562.3413640317,231.83585674770603,127567.05045972964,0.03197987809569965,4578.310142682806
178.7278205944736,2001.0,12.0,14.0,14.0,24.0,26.0,1.0,3519133.4640686396,-1772.9530088245954,28195.1033260022,-21.34627580956828,-287.584397097013,4571.324024271252,3519246.857658848,4580.410875000637,3518828.6064160354,-46354.287377733446,28195.1033260022,3519246.8576588486,-28.273472673750025,-536.7137743228033,4571.324024271252,4602.810489221164,12749711.6855265,0.7239781231268563,1.6336240534721125,2.313282295504221e-07,9.340995871038853e-06,0.008018270350294388,0.0080117724337676,-0.013172453534724873,123046.85765884817,0.0033672390989743194,0.003350852341385126,3729.1079524550587,-16087701209.36596,-1012085721.5120263,-196767767.1942865,-16086502919.285973,-1889914379.2220857,16119505194.314663,16198335410.998043,-0.9998811531956325,0.013171649859359475,-0.008011686723436835,0.013172072604873119,0.9999132444883866,0.0,-0.008010991665456256,0.00010553051920860802,0.9999679059229079,4571.347170716276,-537.0396316795725,-0.11694348118744982,6.367836292415852e-09,146.1338790252805,0.0,-47.93387902528049,-2.6330604873597534,0.0,2.965508118716916e-17,2.2843042289061013,1.5707963267948966,19.588161300180296,461.0,0.031088283497007416,2.3985552788180207,0.0,0.06754867176081807,-1594.0989024662501,0.803113173839092,-12.771832533722277,0.010643631437269048,0.21544048149681158,-1.6835568002855121,0.007913510336501353,0.21555803003345647,-1.6835568002855121,-2.2031540873026938e-17,2.8161665228190804e-19,-1.0324806020979777e-19,-2.203334053134936e-17,2.4916453351842067e-21,-1.0324806020979777e-19,-1594.0909889559136,1.0186712038725485,-14.455389334007789,-1679567.3916539792,232.0243411840863,127594.69105631037,0.032081717950425484,4578.2880190250435
179.02782059447358,2001.0,12.0,14.0,14.0,24.0,27.0,1.0,3519126.9045808003,-1859.2282272499915,29566.499102059875,-22.383642055009194,-287.5837215149896,4571.314415525253,3519251.5973063363,4580.406194858819,3518819.966154612,-46515.29926485947,29566.499102059875,3519251.597306336,-29.32826887584323,-536.6987911948587,4571.314415525253,4602.805799228799,12749673.37232951,0.7239772936744447,1.6336240379301536,2.313282295504221e-07,9.335515052737742e-06,0.008408732503254104,0.008401458693761625,-0.013218235261428095,123051.59730633628,0.0035312093497709644,0.00351402461025508,3727.046960629523,-16087697354.905695,-1012085228.0020095,-196767753.7439839,-16086499571.156044,-1889910635.471194,16119501316.47358,16198331649.024357,-0.9998773514368641,0.013217383860950057,-0.008401359858638784,0.013217850345939116,0.9999126404002664,0.0,-0.008400625919204315,0.00011104791731386766,0.9999647079534986,4571.339861017024,-537.0395620721888,-0.11694365146347965,6.363773737426045e-09,146.1474208752465,0.0,-47.947420875246515,-2.626289562376741,0.0,2.965533393583681e-17,2.2843083566050884,1.5707963267948966,19.587233812784067,461.0,0.031068358638837345,2.407878798787812,0.0,0.06750568702667897,-1594.0894904789961,0.8421907643066803,-13.392993991634597,0.011025830120974066,0.21530306234834715,-1.6824860929058236,0.008292838257219591,0.21542564011758775,-1.6824860929058236,-2.201767647803129e-17,2.820286146359158e-19,-1.0819794402577256e-19,-2.2019482528286946e-17,2.610975230637869e-21,-1.0819794402577256e-19,-1594.081197640739,1.057616404424268,-15.075480084540422,-1679572.4388104416,232.21282562046653,127622.41940081675,0.03218355927916872,4578.2658256949535
179.32782059447356,2001.0,12.0,14.0,14.0,24.0,27.0,1.0,3519120.0338840582,-1945.5032391994105,30937.891934966206,-23.421001783432907,-287.5830205912532,4571.304403268951,3519256.562262031,4580.401345341152,3518811.0094554853,-46676.30664325722,30937.891934966206,3519256.5622620303,-30.383057319395277,-536.6837161356674,4571.304403268951,4602.800939502312,12749635.084305977,0.7239764647622929,1.6336240223976572,2.313282295504221e-07,9.329781122851573e-06,0.008799193741718104,0.008791143780783179,-0.013264017069110417,123056.56226203078,0.0036951789502134486,0.003677196229683539,3724.8894570805132,-16087693502.94836,-1012084734.8024058,-196767743.2735922,-16086496249.539125,-1889906737.8338685,16119497441.149982,16198327895.463135,-0.9998733957588307,0.013263115609069336,-0.0087910305451219,0.013263628140272918,0.9999120342152886,0.0,-0.008790257235221578,0.00011660096012027761,0.9999613581443809,4571.332256637057,-537.0394959054847,-0.11694382995244455,6.359518061116469e-09,146.1616064629451,0.0,-47.961606462945106,-2.6191967685274484,0.0,2.965559862678873e-17,2.2843126793363786,1.5707963267948966,19.586262599186284,461.0,0.0310474878153282,2.4171961994047866,0.0,0.06746066034024624,-1594.0796314137042,0.8812677762043453,-14.014146405223975,0.011407193063454191,0.21515934155868294,-1.6813645209379735,0.0086714162372328,0.21528695467676057,-1.6813645209379735,-2.2003153549715975e-17,2.8243138521130197e-19,-1.1313814898553136e-19,-2.2004965943314413e-17,2.7300739732549363e-21,-1.1313814898553136e-19,-1594.070959997467,1.0965547308811059,-15.69551092616195,-1679577.4826810006,232.4013100568468,127650.2354932488,0.032285402086577764,4578.243562695735
179.62782059447355,2001.0,12.0,14.0,14.0,24.0,27.0,1.0,3519112.8519804114,-2031.7780370710125,32309.281703673998,-24.458354704402478,-287.5822943302858,4571.2939875414695,3519261.7525242283,4580.396326483103,3518801.7363210265,-46837.30948534862,32309.281703673998,3519261.7525242283,-31.437837709073925,-536.6685491540321,4571.2939875414695,4602.795910077233,12749596.822612585,0.7239756364154647,1.6336240068750636,2.313282295504221e-07,9.32380552181584e-06,0.009189654015219203,0.009180827644768953,-0.013309798962086773,123061.7525242283,0.0038591478769989065,0.0038403671765190727,3722.635624565184,-16087689653.61012,-1012084241.9276334,-196767735.90687352,-16086492954.549488,-1889902686.3264246,16119493568.46071,16198324150.431368,-0.9998692861641019,0.013308845087113524,-0.009180698673663537,0.013309405992092979,0.9999114259333862,0.0,-0.009179885501847656,0.00012218964593885756,0.9999578564978943,4571.324357614267,-537.0394331837934,-0.11694401665439343,6.35506926494717e-09,146.17643578350942,0.0,-47.97643578350944,-2.611782108245282,0.0,2.965587525836908e-17,2.28431719707293,1.5707963267948966,19.58524767891166,461.0,0.03102567104947098,2.4265071968827714,0.0,0.06741359169385179,-1594.0693252823612,0.9203441835787247,-14.635289361848528,0.011787685058610874,0.21500931868696654,-1.680192084050195,0.009049209481043761,0.2151419727738935,-1.680192084050195,-2.1987972054084777e-17,2.828249108191838e-19,-1.1806822574116314e-19,-2.1989790741727993e-17,2.8489308253375264e-21,-1.1806822574116314e-19,-1594.0602760728802,1.1354861563526182,-16.315481445898723,-1679582.5231132265,232.58979449322703,127678.1393336065,0.03238724637730079,4578.221230030603
179.92782059447353,2001.0,12.0,14.0,14.0,24.0,27.0,1.0,3519105.358871946,-2118.0526132643004,33680.668287147775,-25.4957005275116,-287.5815427365871,4571.283168382196,3519267.1680911626,4580.391138320232,3518792.146753696,-46998.30776355828,33680.668287147775,3519267.1680911626,-32.492609749578676,-536.6532902588041,4571.283168382196,4602.790710989183,12749558.588405885,0.7239748086590198,1.633623991362813,2.3084779657169732e-07,9.317563953934588e-06,0.009580113273327251,0.009570510235659498,-0.013355580944672507,123067.16809116211,0.0040231161070772075,0.004003537427567889,3720.285654179752,-16087685807.00713,-1012083749.3921146,-196767731.76758707,-16086489686.301382,-1889898480.9652634,16119489698.522594,16198320414.046034,-0.9998650226553489,0.013354572278480916,-0.009570364135046914,0.013355183905618156,0.9999108155544909,0.0,-0.00956951060742821,0.0001278139730672838,0.9999542030164794,4571.316163986739,-537.0393739114609,-0.11694421156937616,6.350427350432466e-09,146.19190883189177,0.0,-47.99190883189178,-2.6040455840541097,0.0,2.965616382884938e-17,2.284321909786514,1.5707963267948966,19.584189072351865,461.0,0.031002908365114667,2.435811507442617,0.0,0.06736448107917023,-1594.0585720974748,0.9594199604781636,-15.256422448888987,0.012167270898828082,0.21485299325186774,-1.6789687818881214,0.009426183192231815,0.21499069342843444,-1.6789687818881214,-2.1972131955479375e-17,2.832091382446983e-19,-1.2298772489786473e-19,-2.1973956887158918e-17,2.9675350473577813e-21,-1.2298772489786473e-19,-1594.0491459142825,1.174410653906598,-16.935391230777107,-1679587.5599546898,232.77827892960727,127706.13092188982,0.032489092155985916,4578.19882770278
180.2278205944735,2001.0,12.0,14.0,14.0,24.0,28.0,1.0,3519097.554560833,-2204.3269601801335,35052.05156436392,-26.533038962385703,-287.58076581469254,4571.27194583093,3519272.8089610008,4580.385780888335,3518782.2407560404,-47159.301450313396,35052.05156436392,3519272.8089610008,-33.54737314564212,-536.6379394589011,4571.27194583093,4602.78534227402,12749520.382847285,0.7239739815181246,1.6336239758613484,2.3084779657169732e-07,9.311067808043032e-06,0.00997057146549694,0.009960191503399295,-0.013401363021183332,123072.80896100076,0.004187083616991563,0.004166706959468853,3717.839745650068,-16087681963.256037,-1012083257.2103364,-196767730.97949412,-16086486444.909534,-1889894121.766938,16119485831.452967,16198316686.42462,-0.9998606052353455,0.013400297166571835,-0.009960026820061266,0.01340096188506766,0.999910203078534,0.0,-0.009959132440315105,0.00013347393978989266,0.9999503977026779,4571.307675792895,-537.0393180928647,-0.11694441469744418,6.3455923191422e-09,146.20401280142966,0.0,-48.008025602859334,-2.5959871985703336,0.0,2.965639106705791e-17,2.284325620868088,1.5707963267948966,19.58335554338738,461.0,0.030979198679870843,2.4451088472303653,0.0,0.06731332848723583,-1594.04737187208,0.99849508095277,-15.877545253749535,0.012545908803103292,0.21469025227219246,-1.6776937352626151,0.009802297438751162,0.21483300308219797,-1.6776937352626151,-2.1955578972916664e-17,2.8358331362310517e-19,-1.2789588103100867e-19,-2.1957410093386763e-17,3.0858682738998023e-21,-1.2789588103100867e-19,-1594.0375695746413,1.2133280840349678,-17.55523898901215,-1679592.5930523295,232.96676336598753,127734.21025809881,0.032590939427281126,4578.176355715504
180.5278205944735,2001.0,12.0,14.0,14.0,24.0,28.0,1.0,3519089.4390493357,-2290.601070220754,36423.43141431106,-27.570369718686045,-287.57996356924764,4571.260319928467,3519278.675131855,4580.380254224034,3518772.0183307016,-47320.29051804402,36423.43141431106,3519278.675131855,-34.602127602035026,-536.6224967633817,4571.260319928467,4602.77980396843,12749482.207123762,0.7239731550184998,1.6336239603711227,2.3084779657169732e-07,9.30432848324858e-06,0.010361028541271475,0.010349871397936873,-0.013447145195935388,123078.67513185553,0.0043510503837971394,0.004329875749314713,3715.2981087509543,-16087678122.47607,-1012082765.3971161,-196767733.6663845,-16086483230.491241,-1889889608.7484157,16119481967.371744,16198312967.6872,-0.9998560339069669,0.013446019734788718,-0.010349686619502049,0.013446739934661113,0.9999095885054456,0.0,-0.01034875088886661,0.000139169544377686,0.9999464405591322,4571.298893072071,-537.0392657324884,-0.1169446260386515,6.340564172695252e-09,146.2123930455079,0.0,-48.02478609101583,-2.587606954492087,0.0,2.9656550504555857e-17,2.2843282246800287,1.5707963267948966,19.58277075691012,461.0,0.030954541924172567,2.454398931977598,0.0,0.06726013390839107,-1594.035724619726,1.037569519054463,-16.498657363858563,0.012923562369711901,0.21452108553428573,-1.6763668683615354,0.01017751636204845,0.21466889100154313,-1.6763668683615354,-2.1938308412676527e-17,2.8394731908584745e-19,-1.327921794051737e-19,-2.194014566552916e-17,3.2039181880819165e-21,-1.327921794051737e-19,-1594.0255471033638,1.252238410056006,-18.175024232220096,-1679597.6222497057,233.15524780236777,127762.37734223346,0.032692788195834134,4578.15381407202
180.82782059447348,2001.0,12.0,14.0,14.0,24.0,28.0,1.0,3519081.0123397983,-2376.8749357897664,37794.80771598971,-28.60769250610173,-287.5791360048356,4571.24829071524,3519284.7666017665,4580.374558363411,3518761.479480402,-47481.27493918274,37794.80771598971,3519284.766601766,-35.6568728235561,-536.6069621812727,4571.24829071524,4602.77409610856,12749444.062400106,0.7239723291853852,1.6336239448925802,2.3084779657169732e-07,9.297309626794894e-06,0.010751484450080439,0.010739549869224745,-0.0134929274732452,123084.766601766,0.004515016384131995,0.004493043773704783,3712.660960348323,-16087674284.784225,-1012082273.96699,-196767739.9520169,-16086480043.161537,-1889884941.926466,16119478106.396608,16198309257.951603,-0.9998513086731912,0.013491739966536105,-0.01073934342417096,0.01349251805861852,0.9999089718351555,0.0,-0.010738365841447424,0.00014490078508833275,0.999942331588586,4571.289815863172,-537.0392168347482,-0.11694484559305185,6.335342912772002e-09,146.22109514538,0.0,-48.04219029075999,-2.578904854620004,0.0,2.965671601152683e-17,2.2843309276139863,1.5707963267948966,19.582163746916674,461.0,0.030928939241886236,2.4636814777886573,0.0,0.06720489733237771,-1594.0236303544912,1.0766432488370232,-17.119758366669448,0.013300202767927408,0.21434560594830285,-1.6749890678153367,0.010551810096760655,0.21449846966049665,-1.6749890678153367,-2.1920374986333876e-17,2.843018067327487e-19,-1.3767647411077908e-19,-2.192221831898488e-17,3.3216813708160943e-21,-1.3767647411077908e-19,-1594.0130785443944,1.2911417184975198,-18.794747434484783,-1679602.6473933011,233.34373223874803,127790.63217429377,0.032794638466292665,4578.131202775588
181.12782059447346,2001.0,12.0,14.0,14.0,24.0,29.0,1.0,3519072.2744346573,-2463.1485492921984,39166.18034841298,-29.64500703435356,-287.57828312602544,4571.235858231707,3519291.083368719,4580.368693342399,3518750.62420796,-47642.254686165,39166.18034841298,3519291.0833687196,-36.71160851503651,-536.5913357216176,4571.235858231707,4602.768218730403,12749405.949832631,0.7239715040438399,1.6336239294261619,2.303663616439751e-07,9.29007035850141e-06,0.011141939141428903,0.0111292268672196,-0.013538709857429707,123091.08336871909,0.004678981594835858,0.004656211009546676,3709.928524972871,-16087670450.296656,-1012081782.9343866,-196767749.96013635,-16086476883.03461,-1889880121.317837,16119474248.64439,16198305557.334805,-0.9998464295370981,0.013537457845220664,-0.011128997124876215,0.013538296261160281,0.9999083530675924,0.0,-0.011127977186428948,0.00015066766016617517,0.999938070793884,4571.280444205052,-537.0391714040426,-0.11694507336069945,6.329928541097913e-09,146.23011909817015,0.0,-48.06023819634029,-2.5698809018298547,0.0,2.9656887587430407e-17,2.284333729661135,1.5707963267948966,19.581534519661535,461.0,0.030902390660701284,2.472956200920776,0.0,0.0671476187481747,-1594.0110890909723,1.1157162443561544,-17.740847849661417,0.013675794739913543,0.21416381291672407,-1.6735603335427114,0.010925143798633966,0.2143217379496933,-1.6735603335427114,-2.1901778674090423e-17,2.8464672320204473e-19,-1.4254831285685868e-19,-2.1903628033230923e-17,3.439147009603561e-21,-1.4254831285685868e-19,-1594.0001639471736,1.3300379823058477,-19.414408183204127,-1679607.6683307048,233.53221667512827,127818.97475427971,0.03289649024330419,4578.108521829476
181.42782059447345,2001.0,12.0,14.0,14.0,24.0,29.0,1.0,3519063.2253364334,-2549.4219031344046,40537.54919060576,-30.68231301319401,-287.5774049374123,4571.223022518663,3519297.625430632,4580.362659197091,3518739.4525162764,-47803.229731428866,40537.54919060576,3519297.6254306315,-37.76633438134033,-536.5756173935164,4571.223022518663,4602.762171870116,12749367.870579964,0.7239706796189701,1.6336239139723094,2.303663616439751e-07,9.282550361264229e-06,0.011532392564711171,0.011518902341882126,-0.013584492352806243,123097.62543063192,0.004842945992847166,0.00481937743379673,3707.101035768166,-16087666619.12974,-1012081292.3137665,-196767763.81448698,-16086473750.22485,-1889875146.93939,16119470394.232141,16198301865.954,-0.9998413965018697,0.013583173354251198,-0.011518647612432457,0.013584074546507183,0.9999077322026843,0.0,-0.011517584812189202,0.00015647016784222948,0.9999336581779716,4571.27077813682,-537.0391294447905,-0.11694530934164962,6.3243210594583494e-09,146.23946490090276,0.0,-48.0789298018055,-2.560535099097249,0.0,2.965706523170749e-17,2.2843366308123434,1.5707963267948966,19.58088308162292,461.0,0.030874896209209204,2.4822228175977554,0.0,0.06708829814416331,-1593.998100844289,1.1547884796694907,-18.361925400340017,0.014050303026519887,0.21397570580341224,-1.6720806654547051,0.01129748262268901,0.21413869471815575,-1.6720806654547051,-2.1882519455335823e-17,2.849820151181693e-19,-1.4740724332098498e-19,-2.1884374786929405e-17,3.5563042903316705e-21,-1.4740724332098498e-19,-1593.9868033616663,1.3689271743876466,-20.03400606579472,-1679612.684909206,233.72070111150853,127847.40508219133,0.032998343531516136,4578.085771236963
181.72782059447343,2001.0,12.0,14.0,14.0,24.0,29.0,1.0,3519053.865047734,-2635.6949897241284,41908.914121605296,-31.7196101524084,-287.5765014436074,4571.209783617151,3519304.392785359,4580.356455963654,3518727.964408344,-47964.20004741518,41908.914121605296,3519304.3927853596,-38.82105012736561,-536.5598072061157,4571.209783617151,4602.755955563929,12749329.825799955,0.72396985593587,1.6336238985314655,2.303663616439751e-07,9.274796833646178e-06,0.011922844669359087,0.011908576243177166,-0.013630274963692549,123104.3927853601,0.0050069095547655455,0.004982543023073179,3704.178734201938,-16087662791.3998,-1012080802.1195867,-196767781.63880825,-16086470644.846582,-1889870018.8080688,16119466543.276869,16198298183.926344,-0.9998362095707898,0.01362888647703867,-0.011908294777660993,0.013629852918880402,0.9999071092403582,0.0,-0.011907188607113057,0.00016230830633419093,0.9999290937438956,4571.260817697765,-537.0390909614235,-0.11694555353595894,6.318520469691336e-09,146.24913255051445,0.0,-48.09826510102888,-2.55086744948556,0.0,2.9657248943780723e-17,2.2843396310581836,1.5707963267948966,19.58020943950135,461.0,0.030846455916865932,2.4914810440623323,0.0,0.06702693550804788,-1593.984665630085,1.1938599288366722,-18.982990606238083,0.014423692367231535,0.2137812839333712,-1.6705500634527506,0.011668791723177908,0.2139493387730523,-1.6705500634527506,-2.1862597308622363e-17,2.853076290912791e-19,-1.5225281314791755e-19,-2.1864458557902235e-17,3.673142397211377e-21,-1.5225281314791755e-19,-1593.9729968383617,1.4078092676097245,-20.653540669690834,-1679617.6969761904,233.90918554788877,127875.9231580286,0.03310019833557572,4578.062951001344
182.0278205944734,2001.0,12.0,14.0,14.0,24.0,30.0,1.0,3519044.193571256,-2721.967801470526,43280.27502046138,-32.75689816181556,-287.5755726492391,4571.196141568488,3519311.3854306974,4580.35008367836,3518716.159887243,-48125.16560656755,43280.27502046138,3519311.3854306974,-39.87575545804509,-536.5439051686105,4571.196141568488,4602.749569848176,12749291.81665083,0.7239690330196383,1.6336238831040717,2.2988391847225347e-07,9.266773247474618e-06,0.012313295404799819,0.012298248521073805,-0.013676057694406784,123111.38543069735,0.005170872257635488,0.00514570775437856,3701.161870010197,-16087658967.223177,-1012080312.3663063,-196767803.5568363,-16086467567.014126,-1889864736.940904,16119462695.895588,16198294511.368988,-0.9998308687472446,0.013674597196996235,-0.012297938511389973,0.013675631382501526,0.9999064841805407,0.0,-0.012296788459592421,0.00016818207384643882,0.9999243774948033,4571.250562927371,-537.0390559583858,-0.11694580594368487,6.31252677368798e-09,146.25912204385338,0.0,-48.118244087706735,-2.5408779561466344,0.0,2.9657438723054376e-17,2.284342730388926,1.5707963267948966,19.579513600219666,461.0,0.03081706981399437,2.5007305965669566,0.0,0.06696353082686063,-1593.9707834645212,1.2329305659193965,-19.604043054916485,0.014795927500133962,0.21358054659276124,-1.668968527428793,0.01203903625355323,0.21375366887971187,-1.668968527428793,-2.1842012211666676e-17,2.8562351171712824e-19,-1.5708456994840372e-19,-2.1843879323132847e-17,3.7896505127190495e-21,-1.5708456994840372e-19,-1593.9587444282677,1.4466842347991085,-21.273011582345276,-1679622.7043789886,234.09766998426903,127904.52898179152,0.03320205466013006,4578.040061125914
182.3278205944734,2001.0,12.0,14.0,14.0,24.0,30.0,1.0,3519034.2109097796,-2808.24033078409,44651.63176623586,-33.794176751266505,-287.57461855895343,4571.18209641425,3519318.6033643726,4580.343542377558,3518704.0389561406,-48286.126381332266,44651.63176623586,3519318.6033643726,-40.93045007834481,-536.5279112902435,4571.18209641425,4602.743014759271,12749253.844290147,0.7239682108953631,1.6336238676905703,2.2940046069533655e-07,9.258526866187766e-06,0.012703744720368993,0.012687919125545259,-0.013721840549267495,123118.60336437263,0.005334834078087123,0.005308871604538704,3698.050701463595,-16087655146.716173,-1012079823.0683861,-196767829.69230223,-16086464516.841743,-1889859301.3550098,16119458852.20528,16198290848.399046,-0.9998253740347224,0.013720305497539224,-0.012687578704454357,0.013721409941592516,0.9999058570231574,0.0,-0.012686384258026194,0.0001740914685700375,0.9999195094339435,4571.240013865305,-537.0390244401344,-0.11694606656488621,6.306339973394886e-09,146.2694333776752,0.0,-48.138866755350385,-2.5305666223248093,0.0,2.9657634568914464e-17,2.284345928794543,1.5707963267948966,19.578795570923035,461.0,0.03078673793179548,2.509971191372911,0.0,0.06689808408698622,-1593.9564543642882,1.2720003649814373,-20.2250823339648,0.015166973161881876,0.21337349302897707,-1.6673360572659042,0.012408181366440138,0.21355168376170136,-1.6673360572659042,-2.182076414135804e-17,2.8592960957702675e-19,-1.6190206129802393e-19,-2.1822637058774472e-17,3.905817817536729e-21,-1.6190206129802393e-19,-1593.9440461829217,1.4855520487431386,-21.892418391230702,-1679627.70696502,234.28615442064927,127933.22255348008,0.03330391250982611,4578.017101613986
182.62782059447338,2001.0,12.0,14.0,14.0,24.0,30.0,1.0,3519023.9170661755,-2894.512570076764,46022.98423800343,-34.83144563064719,-287.5736391774144,4571.16764819629,3519326.0465840558,4580.336832097708,3518691.6016182955,-48447.08234415851,46022.98423800343,3519326.0465840558,-41.98513369326695,-536.5118255803064,4571.16764819629,4602.736290333736,12749215.909876043,0.7239673895881427,1.6336238522914044,2.2988391847225347e-07,9.250009084450763e-06,0.01309419256544284,0.013077588006569081,-0.013767623532593662,123126.04658405576,0.005498794993144988,0.005472034550371052,3694.8454950284213,-16087651329.995132,-1012079334.2402917,-196767860.1689342,-16086461494.443739,-1889853712.0675924,16119455012.322968,16198287195.133694,-0.9998197254368131,0.013766011362085204,-0.013077215247696209,0.013767188600375754,0.9999052277681328,0.0,-0.013075975890820577,0.00018003648868274323,0.9999144895646654,4571.229170551438,-537.0389964111403,-0.11694633539962257,6.29996007080935e-09,146.2800665486511,0.0,-48.16013309730217,-2.519933451348917,0.0,2.9657836480728644e-17,2.284349226264709,1.5707963267948966,19.578055358978283,461.0,0.030755460302325056,2.5192025447513045,0.0,0.06683059527411161,-1593.9416783465908,1.3110693000887326,-20.84610803100216,0.015536794087653114,0.21316012245049348,-1.6656526528370401,0.012776192213596552,0.2133433821006706,-1.6656526528370401,-2.1798853073742174e-17,2.8622586923748274e-19,-1.66704834735878e-19,-2.180073174013394e-17,4.02163349049214e-21,-1.66704834735878e-19,-1593.9289021543773,1.524412682189403,-22.5117606838392,-1679632.7045816109,234.47463885702953,127962.00387309429,0.03340577188931072,4577.994072468881
182.92782059447336,2001.0,12.0,14.0,14.0,24.0,30.0,1.0,3519013.3120434014,-2980.7845117618704,47394.3323148513,-35.86870450987714,-287.5726345093037,4571.152796956728,3519333.7150873523,4580.329952875355,3518678.847877055,-48608.033467498215,47394.3323148513,3519333.715087353,-43.039806007848426,-536.4956480481388,4571.152796956728,4602.72939660818,12749178.014566392,0.7239665691230733,1.633623836907016,2.2940046069533655e-07,9.24125519317744e-06,0.013484638889366258,0.013467255114127125,-0.01381340664870467,123133.71508735279,0.005662754979523888,0.005635196568764628,3691.5465256478637,-16087647517.176397,-1012078845.8964914,-196767895.1104557,-16086458499.934378,-1889847969.0959432,16119451176.365673,16198283551.690075,-0.9998139229572091,0.013811714774053964,-0.013466848031964747,0.013812967363074014,0.9999045964153913,0.0,-0.013465563246389117,0.00018601713234900656,0.9999093178904195,4571.218033025828,-537.0389718758876,-0.11694661244795494,6.293387067983328e-09,146.29102155336113,0.0,-48.18204310672224,-2.508978446638881,0.0,2.9658044457846325e-17,2.2843526227887976,1.5707963267948966,19.577292971974078,461.0,0.030723236958512423,2.52842437298287,0.0,0.06676106437326672,-1593.9264554291576,1.3501373453094039,-21.467119733678015,0.015905355011120854,0.2129404340269934,-1.663918314006059,0.013143033945888031,0.21312876253648017,-1.663918314006059,-2.1776278984034863e-17,2.865122372502309e-19,-1.714924377634661e-19,-2.1778163341685316e-17,4.1370867085004315e-21,-1.714924377634661e-19,-1593.9133123952117,1.563266107845884,-23.131038047684072,-1679637.6970761362,234.66312329340977,127990.87294063416,0.033507632803230596,4577.970973693929
183.22782059447334,2001.0,12.0,14.0,14.0,24.0,31.0,1.0,3519002.395844499,-3067.056148254149,48765.67587587938,-36.905953098910366,-287.5716045593208,4571.137542737951,3519341.608871803,4580.322904747143,3518665.777735851,-48768.97972380609,48765.67587587938,3519341.608871803,-44.09446672716178,-536.4793787031288,4571.137542737951,4602.722333619311,12749140.159519108,0.7239657495252493,1.6336238215378482,2.2891598188485577e-07,9.232240469774e-06,0.01387508364144902,0.013856920398205626,-0.013859189901920326,123141.60887180315,0.005826714014129728,0.005798357636555032,3688.1540766004473,-16087643708.376297,-1012078358.051456,-196767934.640586,-16086455533.427914,-1889842072.4574397,16119447344.450403,16198279918.18534,-0.9998079665997047,0.013857415716867562,-0.013856476948116501,0.013858746233910483,0.999903962964856,0.0,-0.013855146213152862,0.000192033397719977,0.999903994414757,4571.20660132873,-537.0389508388736,-0.11694689770994515,6.286643950908767e-09,146.30459677658047,0.0,-48.20689516487067,-2.5,0.0,2.965830045321371e-17,2.284356803510416,1.5707963267948966,19.576354647451975,461.0,0.03069018076525447,2.537636392358357,0.0,0.06668967762794452,-1593.9107856302421,1.3892044747138208,-22.088117029672908,0.016272678018643256,0.2127160128479265,-1.662138062541043,0.013508708465395954,0.21290941023687657,-1.662138062541043,-2.17531332461036e-17,2.867898587148838e-19,-1.762651036891246e-19,-2.1755023244409118e-17,4.2521780798244465e-21,-1.762651036891246e-19,-1593.8972769217767,1.6021138849506973,-23.75025509221395,-1679642.6842959542,234.85160772979,128019.8297560997,0.03360949525623233,4577.947805292469
183.52782059447333,2001.0,12.0,14.0,14.0,24.0,31.0,1.0,3518991.168472599,-3153.327471969281,50137.014800198755,-37.94319110764492,-287.5705493283523,4571.121885570481,3519349.7279348876,4580.315687737459,3518652.391198206,-48929.92108553926,50137.014800198755,3519349.7279348876,-45.149115556174955,-536.4630175508839,4571.121885570481,4602.715101391432,12749102.345462622,0.7239649308104693,1.6336238061836759,2.2891598188485577e-07,9.222976186998324e-06,0.014265526771102686,0.01424658380879474,-0.013904973296560723,123149.72793488763,0.005990672073773851,0.005961517730662071,3684.6682874672115,-16087639903.668467,-1012077870.7061795,-196767978.8826371,-16086452594.995882,-1889836022.1560686,16119443516.650713,16198276294.692656,-0.9998018563681961,0.013903114173950185,-0.01424610188701495,0.013904525217108615,0.9999033274164492,0.0,-0.014244724679540004,0.000198085282933498,0.9998985191413301,4571.194875488456,-537.0389333007788,-0.11694719118513737,6.279800740594706e-09,146.32779409967898,0.0,-48.241691149518445,-2.5,0.0,2.9658732261354493e-17,2.2843638554725176,1.5707963267948966,19.574772109914537,461.0,0.030656635481987264,2.5468384447919643,0.0,0.06661700283375534,-1593.8946689686163,1.428270662374428,-22.709099506698482,0.016638909034261188,0.2124916842898838,-1.6603272041079666,0.013873299215236239,0.21269015199366093,-1.6603272041079666,-2.1729694191040608e-17,2.87062344111939e-19,-1.8102458554364907e-19,-2.1731589802760453e-17,4.366933575795458e-21,-1.8102458554364907e-19,-1593.880795669401,1.6409608143680887,-24.36942671080645,-1679647.6661449987,235.04009216617027,128048.87431949086,0.033711359252962335,4577.924567267851
183.8278205944733,2001.0,12.0,14.0,14.0,24.0,31.0,1.0,3518979.629930921,-3239.5984753234266,51508.34896693058,-38.980418246073036,-287.56946882001404,4571.105825493683,3519358.072274025,4580.308301879509,3518638.688267735,-49090.85752515672,51508.34896693058,3519358.0722740246,-46.20375219998618,-536.4465645997706,4571.105825493683,4602.707699957769,12749064.573428934,0.7239641130011037,1.6336237908447473,2.2891598188485577e-07,9.213485692030717e-06,0.014655968227637454,0.01463624529588828,-0.013950756836946104,123158.0722740246,0.006154629135347934,0.006124676827933472,3681.0894047748297,-16087636103.156734,-1012077383.871202,-196768027.9602083,-16086449684.739992,-1889829818.2054465,16119439693.070883,16198272681.316275,-0.9997955922666815,0.013948810128728046,-0.014635722739530331,0.013950304316892006,0.9999026897700927,0.0,-0.014634298533985688,0.00020417278611410447,0.9998928920738919,4571.182855542083,-537.0389192650084,-0.11694749287344457,6.272767654750689e-09,146.35163506864174,0.0,-48.2774526029626,-2.5,0.0,2.9659175983004453e-17,2.2843711019969892,1.5707963267948966,19.57314618574623,461.0,0.030622160373993484,2.556030283466887,0.0,0.06654231266546415,-1593.878105463573,1.4673358823655778,-23.330066752497657,0.017003793375121135,0.2122612479921526,-1.658466126185753,0.014236632318016768,0.2124647845845789,-1.658466126185753,-2.1705604682692224e-17,2.873249668399911e-19,-1.8576783462823229e-19,-2.1707505849264174e-17,4.4812991161526516e-21,-1.8576783462823229e-19,-1593.863868831255,1.6798006669501566,-24.98853287868341,-1679652.642487213,235.2285766025505,128078.00663080771,0.033813224798066914,4577.9012596234315
184.1278205944733,2001.0,12.0,14.0,14.0,24.0,32.0,1.0,3518967.7802227675,-3325.8691507339704,52879.67825520813,-40.017634224232374,-287.5683630384623,4571.089362548832,3519366.641886567,4580.300747208267,3518624.6689481344,-49251.78901512013,52879.67825520813,3519366.641886567,-47.258376363747,-536.4300198587257,4571.089362548832,4602.70012935334,12749026.844507944,0.7239632961207764,1.6336237755214018,2.2843047554427274e-07,9.20372003416352e-06,0.015046407960334152,0.015025904809484328,-0.013996540527397086,123166.64188656723,0.006318585175690529,0.006287834905242467,3677.417701402679,-16087632306.95068,-1012076897.5589043,-196768081.9969507,-16086446802.7677,-1889823460.6211143,16119435873.821058,16198269078.166405,-0.9997891742992611,0.013994503564629618,-0.015025339396540343,0.01399608353748461,0.9999020500257071,0.0,-0.01502386766493271,0.00021029590537303725,0.9998871132162964,4571.170541528525,-537.0389087355035,-0.11694780277485194,6.265544695607615e-09,146.3761196759064,0.0,-48.314179513859585,-2.5,0.0,2.965963161542452e-17,2.2843785430390984,1.5707963267948966,19.57147690738214,461.0,0.030586755476461027,2.5652116444619897,0.0,0.06646560716030879,-1593.8610951349303,1.5064001087639256,-23.951018354846454,0.017367296231649298,0.21202470222549666,-1.656554829580715,0.014598673379923138,0.21223330574571633,-1.656554829580715,-2.1680864680793872e-17,2.8757767418148524e-19,-1.9049440628203708e-19,-2.1682771342914896e-17,4.595264012525023e-21,-1.9049440628203708e-19,-1593.8464964615505,1.718633414509642,-25.607573184427167,-1679657.613178905,235.41706103893077,128107.22669005019,0.03391509189619228,4577.877882362579
184.42782059447327,2001.0,12.0,14.0,14.0,24.0,32.0,1.0,3518955.619351532,-3412.139490619663,54251.0025441774,-41.054838752210166,-287.5672319884742,4571.072496779373,3519375.4367698077,4580.293023760739,3518610.333243195,-49412.71552789393,54251.0025441774,3519375.4367698077,-48.31298775266753,-536.4133833373375,4571.072496779373,4602.692389615214,12748989.15985703,0.7239624801945745,1.633623760214085,2.2843047554427274e-07,9.193750791901653e-06,0.015436845918476504,0.015415562299585399,-0.014042324372234686,123175.43676980818,0.006482540171662225,0.006450991939450104,3673.6534824445844,-16087628515.166609,-1012076411.7837943,-196768141.11657432,-16086443949.19316,-1889816949.4208238,16119432059.018223,16198265485.360151,-0.9997826024701375,0.014040194465085674,-0.015414951748930388,0.014041862883110772,0.9999014081832128,0.0,-0.015413431960831774,0.0002164546388082491,0.9998811825724986,4571.157933488791,-537.0389017168217,-0.11694812088942773,6.258131865447383e-09,146.40124791373768,0.0,-48.35187187060653,-2.5,0.0,2.9660099155801924e-17,2.284386178552909,1.5707963267948966,19.56976430811177,461.0,0.030550420825445384,2.5743822441052453,0.0,0.06638688635637775,-1593.8436380030237,1.5454633156485251,-24.57195390155478,0.017729382793967116,0.21178204520220684,-1.6545933151173364,0.01495938800778977,0.2119957131517451,-1.6545933151173364,-2.1655474143942556e-17,2.8782041339882833e-19,-1.9520385579423295e-19,-2.1657386241565964e-17,4.708817574872738e-21,-1.9520385579423295e-19,-1593.8286786150159,1.7574590288002703,-26.226547216672117,-1679662.5780674964,235.605545475311,128136.53449721832,0.03401696055198448,4577.854435488665
184.72782059447326,2001.0,12.0,14.0,14.0,24.0,32.0,1.0,3518943.1473206906,-3498.409487400674,55622.32171299755,-42.09203154012592,-287.5660756746868,4571.055228228529,3519384.456920973,4580.285131573522,3518595.6811567903,-49573.63703594543,55622.32171299755,3519384.456920973,-49.36758607198935,-536.3966550450846,4571.055228228529,4602.684480780048,12748951.52061602,0.7239616652472031,1.6336237449232145,2.2794393510786276e-07,9.183516855933685e-06,0.01582728205125939,0.015805217716198614,-0.014088108375780352,123184.45692097303,0.006646494100109487,0.006614147907524195,3669.797054488212,-16087624727.919075,-1012075926.559826,-196768205.4427683,-16086441124.12876,-1889810284.621857,16119428248.777582,16198261903.012825,-0.9997758767836142,0.01408588281352934,-0.01580455968759384,0.014087642357995256,0.9999007642425288,0.0,-0.01580299131014174,0.00022264898450441122,0.9998751001465539,4571.14503146359,-537.0388982133759,-0.11694844721721961,6.25052916660844e-09,146.42701977420867,0.0,-48.39052966131302,-2.5,0.0,2.9660578601252676e-17,2.2843940084913226,1.5707963267948966,19.568008422067976,461.0,0.030513156457847527,2.5835418039453435,0.0,0.06630615029259676,-1593.825734088714,1.5845254771009118,-25.192872980467573,0.018090018251895212,0.21153327507589298,-1.6525815836380047,0.015318741809112937,0.21175200441571515,-1.6525815836380047,-2.1629433029595372e-17,2.8805313173421815e-19,-1.9989573840263728e-19,-2.163135050192798e-17,4.821949111457206e-21,-1.9989573840263728e-19,-1593.8104153469048,1.796277481516627,-26.845454564105577,-1679667.537002707,235.79402991169127,128165.93005231212,0.034118830770089446,4577.830919005078
185.02782059447324,2001.0,12.0,14.0,14.0,24.0,33.0,1.0,3518930.364133811,-3584.6791334985637,56993.63564084068,-43.12921229813561,-287.5648941017716,4571.037556939834,3519393.7023372315,4580.277070683356,3518580.712692888,-49734.553511744845,56993.63564084068,3519393.702337231,-50.422171026991826,-536.3798349915112,4571.037556939834,4602.676402884639,12748913.927926365,0.7239608513034064,1.6336237296492115,2.2794393510786276e-07,9.173029443468793e-06,0.01621771630790202,0.016194871009335622,-0.014133892542355952,123193.70233723149,0.006810446937980409,0.0067773027862970785,3665.8487328309566,-16087620945.322813,-1012075441.9010173,-196768275.09921917,-16086438327.687052,-1889803466.2416453,16119424443.214523,16198258331.23992,-0.9997689972440982,0.0141315685933961,-0.01619416310343204,0.014133421966363224,0.9999001182035737,0.0,-0.016192545601329652,0.00022887894053291526,0.9998688659426193,4571.131835493869,-537.03889822961,-0.11694878175827912,6.242736601476315e-09,146.45343524923283,0.0,-48.430152873849245,-2.5,0.0,2.966106994882174e-17,2.2844020328060783,1.5707963267948966,19.566209284225305,461.0,0.03047496241137812,2.592690045016669,0.0,0.06622339900864399,-1593.8073834133793,1.6235865672051222,-25.813775179465196,0.018449167794938274,0.21127838994127204,-1.6505196360009147,0.015676700392044836,0.2115021770888424,-1.6505196360009147,-2.160274129404309e-17,2.8827577640912243e-19,-2.0456960929210435e-19,-2.1604664079542376e-17,4.9346479287877205e-21,-2.0456960929210435e-19,-1593.7917067129872,1.8350887442939645,-27.46429481546611,-1679672.4898340423,235.9825143480715,128195.41335533156,0.034220702555152985,4577.807332915208
185.32782059447322,2001.0,12.0,14.0,14.0,24.0,33.0,1.0,3518917.269794545,-3670.948421336297,58364.944206892025,-44.16638073643161,-287.5636872744164,4571.019482957082,3519403.173015686,4580.268841127062,3518565.4278555415,-49895.464927765184,58364.944206892025,3519403.173015686,-51.47674232299197,-536.3629231862076,4571.019482957082,4602.668155965871,12748876.382929197,0.7239600383879186,1.6336237143924968,2.2745635393967898e-07,9.162311918690829e-06,0.016608148637638178,0.016584522129012704,-0.014179676876283761,123203.17301568622,0.0069743986620739475,0.006940456552705442,3661.808840699494,-16087617167.49251,-1012074957.8213823,-196768350.2096079,-16086435559.980536,-1889796494.2977,16119420642.44439,16198254770.156887,-0.999761963856097,0.014177251788123792,-0.016583761887354494,0.014179201712440243,0.9998994700662652,0.0,-0.016582094722870887,0.0002351445049518781,0.9998624799649517,4571.118345620756,-537.0389017699789,-0.11694912451265857,6.23475417249304e-09,146.48049433053208,0.0,-48.4707414957981,-2.5,0.0,2.966157319548249e-17,2.2844102514477487,1.5707963267948966,19.564366930399963,461.0,0.03043583872460234,2.6018266884276917,0.0,0.0661386325450474,-1593.7885859989206,1.6626465600477578,-26.434660086464454,0.018806796612318204,0.21101738783446042,-1.6484074730825118,0.016033229365429308,0.2112462286608017,-1.6484074730825118,-2.157539889244263e-17,2.8848829462454364e-19,-2.0922502359345407e-19,-2.1577326928813883e-17,5.046903331583977e-21,-2.0922502359345407e-19,-1593.7725527695552,1.8738927887085595,-28.083067559546965,-1679677.4364110604,236.17099878445177,128224.98440627666,0.03432257591182078,4577.783677222454
185.6278205944732,2001.0,12.0,14.0,14.0,24.0,33.0,1.0,3518903.864306631,-3757.2173433382422,59736.24729034989,-45.203536565243056,-287.56245519732795,4571.001006324339,3519412.868953377,4580.260442941562,3518549.8266488905,-50056.37125648237,59736.24729034989,3519412.868953377,-52.53129966534469,-536.345919638814,4571.001006324339,4602.659740060724,12748838.886765646,0.7239592265254762,1.633623699153492,2.2745635393967898e-07,9.151351341333638e-06,0.016998578989616393,0.016974171025250777,-0.014225461381886495,123212.86895337654,0.007138349249321398,0.007103609183622004,3657.677709378302,-16087613394.542875,-1012074474.3349429,-196768430.8976113,-16086432821.1217,-1889789368.8076231,16119416846.582542,16198251219.87919,-0.9997547766242206,0.01422293238115266,-0.01697335593027896,0.014224981600452297,0.9998988198305201,0.0,-0.01697163856324929,0.0002414456758061461,0.9998559422179097,4571.104561885581,-537.0389088389525,-0.1169494754804116,6.2265818821540514e-09,146.5081970096473,0.0,-48.51229551447092,-2.5,0.0,2.9662088338136995e-17,2.28441866436574,1.5707963267948966,19.562481397247243,461.0,0.030395785436924703,2.610951455291476,0.0,0.06605185094315182,-1593.769341867762,1.7017054297180243,-27.055527289419228,0.019162869892973118,0.21075026673287886,-1.646245095776693,0.01638829433880846,0.2109841565596317,-1.646245095776693,-2.1547405778807725e-17,2.8869063356072957e-19,-2.1386153638202776e-19,-2.1549339003001204e-17,5.158704622730183e-21,-2.1386153638202776e-19,-1593.7529535734232,1.912689586277656,-28.70177238519592,-1679682.376583293,236.359483220832,128254.64320514741,0.034424450844738365,4577.759951930224
185.74731423727405,2001.0,12.0,14.0,14.0,24.0,33.0,1.0,3518898.4380894597,-3791.5791989414984,60282.45240607405,-45.616644749417034,-287.56195741278475,4570.993534710449,3519416.793693147,4580.257050864503,3518543.524396514,-50120.46077819151,60282.45240607405,3519416.793693147,-52.95133870821659,-536.3391213703004,4570.993534710449,4602.656340826239,12748823.964545652,0.723958903430167,1.6336236930883952,2.2745635393967898e-07,9.146922164954189e-06,0.017154091577874876,0.017129372281685647,-0.014243697955185047,123216.79369314713,0.007203652437300543,0.00716859453628179,3656.0068294741213,-16087611893.02565,-1012074281.9151534,-196768464.61630133,-16086431738.169298,-1889786487.8728642,16119415335.946518,16198249808.704483,-0.9997518710207334,0.01424112678782695,-0.017128534623719813,0.014243216326204842,0.999898560249331,0.0,-0.017126797109438256,0.00024396542399653096,0.999853295889774,4571.098989804668,-537.0389126355378,-0.11694961756248366,6.2240745724683205e-09,146.51698423286786,0.0,-48.51698423286786,-2.49150788356607,0.0,2.9662252578720946e-17,2.2844213466180285,1.5707963267948966,19.5618803202304,461.0,0.030383480830690857,2.6145828045664943,0.0,0.06602541456642988,-1593.7615522990177,1.7172627332349408,-27.3028212133509,0.01930675382740074,0.21066514375310802,-1.645586499960951,0.016531499482242126,0.21090107410996783,-1.645586499960951,-2.1538878242059652e-17,2.8880600197025264e-19,-2.1573126786370948e-19,-2.1540813767204368e-17,5.203812395288313e-21,-2.1573126786370948e-19,-1593.7450207995355,1.9281638073449088,-28.948407713311852,-1679684.3426148258,236.54796765721227,128284.38975194383,0.034526327358551226,4577.736157041934
185.83421296576634,2001.0,12.0,14.0,14.0,24.0,33.0,1.0,3518894.4610079164,-3816.5679515806673,60679.66569460379,-45.917065928576314,-287.5615928936913,4570.9880610294,3519419.6703053094,4580.254567240162,3518538.9097203994,-50167.06775072985,60679.66569460379,3519419.6703053094,-53.256800044381905,-536.3341683590106,4570.9880610294,4602.6538519612395,12748813.116893765,0.7239586685568187,1.633623688679295,2.2745635393967898e-07,9.1436686913738e-06,0.017267183969428307,0.017242238240449737,-0.014256960059416535,123219.67030530982,0.007251142412148909,0.007215853373555123,3654.782614275813,-16087610801.499895,-1012074142.0344774,-196768489.7088211,-16086430953.422005,-1889784377.479724,16119414237.791777,16198248783.467993,-0.9997497426657181,0.014254357948274428,-0.01724138391524641,0.014256477083878822,0.9998983712663787,0.0,-0.017239631695233223,0.0002458013946820674,0.9998513562928677,4571.094908350185,-537.0389157460759,-0.11694972170652572,6.2219890286503774e-09,146.52417576327457,0.0,-48.52417576327456,-2.48791211836272,0.0,2.966238665091998e-17,2.2844235361832017,1.5707963267948966,19.561389679792576,461.0,0.030373252742742596,2.617222596246109,0.0,0.06600334817570802,-1593.7558430244128,1.7285762731824423,-27.482657642946926,0.019410492375369192,0.2105956516458669,-1.645036716802069,0.016634845315728067,0.21083305629744922,-1.645036716802069,-2.1531760203146674e-17,2.8887748123373233e-19,-2.1708070233193993e-19,-2.1533697318981045e-17,5.236361655634221e-21,-2.1708070233193993e-19,-1593.739208179097,1.9394093294798915,-29.127694359748993,-1679685.771816969,236.7364520935925,128314.22404666587,0.034628205457904626,4577.712292561007
185.95728368163697,2001.0,12.0,14.0,14.0,24.0,33.0,1.0,3518888.7837802107,-3851.958330727612,61242.21998761734,-46.34253689500011,-287.5610730139557,4570.980251070266,3519423.7766580717,4580.251025556699,3518532.328747123,-50233.07434846986,61242.21998761734,3519423.776658071,-53.68940896164626,-536.3271404620122,4570.980251070266,4602.650302804374,12748797.759767788,0.7239583360437315,1.6336236824371604,2.2745635393967898e-07,9.139041423646785e-06,0.017427351282567827,0.01740208483162318,-0.014275742600023537,123223.77665807167,0.00731840013407578,0.007282783746091775,3653.0356944687665,-16087609256.211317,-1012073944.0016707,-196768526.0758958,-16086429846.050007,-1889781366.5721848,16119412683.118343,16198247332.911852,-0.9997467062884381,0.014273096261277613,-0.017401206525282646,0.014275257713124177,0.9998981033171449,0.0,-0.017399433400060043,0.00024840670766770786,0.9998485875428661,4571.089085755262,-537.0389206548667,-0.11694987038022985,6.219011922898036e-09,146.5344416451792,0.0,-48.534441645179186,-2.482779177410406,0.0,2.96625780292403e-17,2.2844266616283577,1.5707963267948966,19.56068937026763,461.0,0.030358652314594798,2.620959768301029,0.0,0.06597184852776805,-1593.7476931128886,1.7445989574496166,-27.73734915302556,0.01955721380596774,0.21049646612330777,-1.644251904123696,0.016781022124468695,0.21073595839037837,-1.644251904123696,-2.1521599165769477e-17,2.889774506759094e-19,-2.189894281232963e-19,-2.152353852681473e-17,5.2824019647422125e-21,-2.189894281232963e-19,-1593.7309120907641,1.9553349158399949,-29.381601057149254,-1679687.795156464,236.92493652997274,128344.14608931358,0.03473008514744383,4577.688358490874
186.15138815467682,2001.0,12.0,14.0,14.0,24.0,34.0,1.0,3518879.723360573,-3907.775141026986,62129.46649442474,-47.01357597791924,-287.56024443103524,4570.967795618789,3519430.330151688,4580.24538197328,3518521.841174193,-50337.17676727111,62129.46649442474,3519430.330151688,-54.37170540288647,-536.3160248363688,4570.967795618789,4602.64464731189,12748773.554014202,0.7239578119383648,1.6336236725979287,2.269677253324963e-07,9.13164021294809e-06,0.017679962993436143,0.017654190622623283,-0.014305366079042137,123230.33015168738,0.007424477153395993,0.007388344477510611,3650.249352570623,-16087606820.530634,-1012073631.8564773,-196768585.43007228,-16086428109.237638,-1889776565.3044877,16119410232.644875,16198245048.666754,-0.9997418647643878,0.01430264902135499,-0.017653273588668243,0.014304878167340569,0.9998976799956171,0.0,-0.017651467305637276,0.00025252792794063026,0.9998441688241241,4571.0798019381045,-537.0389295998957,-0.11695010767459625,6.214260640026645e-09,146.55082537921845,0.0,-48.550825379218466,-2.4745873103907674,0.0,2.9662883435398964e-17,2.2844316492894348,1.5707963267948966,19.559571906638517,461.0,0.030335351210509384,2.6268502517311454,0.0,0.06592157706152019,-1593.7346864760607,1.769869185314414,-28.139036735775,0.01978814157162803,0.21033820535405687,-1.642999391419603,0.017011118524369522,0.21058098922973564,-1.642999391419603,-2.1505382596814205e-17,2.891321033990028e-19,-2.219940126231282e-19,-2.150732548072562e-17,5.3548768117469894e-21,-2.219940126231282e-19,-1593.7176753575363,1.9804501745441496,-29.782036127194605,-1679690.9843345191,237.113420966353,128374.15587988694,0.034831966431813875,4577.66435483497
186.4513881546768,2001.0,12.0,14.0,14.0,24.0,34.0,1.0,3518865.4637194835,-3994.0430197739324,63500.75390583345,-48.05069569593605,-287.5589430058703,4570.948213320739,3519440.64446099,4580.236520521575,3518505.3714845725,-50498.068988704385,63500.75390583345,3519440.6444609896,-55.426222918622834,-536.2987694300937,4570.948213320739,4602.635767159869,12748736.179295251,0.723957002693781,1.633623657404714,2.269677253324963e-07,9.120021950687635e-06,0.018070387660369742,0.018043833158074354,-0.014351151078150748,123240.64446098963,0.007588424500890852,0.007551493872516589,3645.868075530976,-16087603059.70702,-1012073149.8727759,-196768682.04248405,-16086425448.288315,-1889769018.1890786,16119406448.979483,16198241526.773146,-0.999734255220957,0.014348322387019054,-0.018042854055735538,0.014350658466718458,0.9998970239987574,0.0,-0.018040996074773875,0.00025892683631870665,0.9998372144591956,4571.065211170269,-537.0389463225517,-0.11695048119147773,6.206782765782518e-09,146.57661115247407,0.0,-48.57661115247407,-2.4616944237629625,0.0,2.966336404905752e-17,2.284439498306129,1.5707963267948966,19.557813635856697,461.0,0.030298679179629882,2.6359453804306963,0.0,0.06584245679178365,-1593.714216126464,1.8089248384353183,-28.75985321914042,0.020143886183530895,0.2100892032873482,-1.641028109303518,0.017365644865450416,0.21033707202225388,-1.641028109303518,-2.147985950399285e-17,2.8936383885920694e-19,-2.266235566668058e-19,-2.1481807788436425e-17,5.466551332259359e-21,-2.266235566668058e-19,-1593.6968504815984,2.019261910457572,-30.40088132844394,-1679695.9085856415,237.30190540273324,128404.25341838597,0.034933849315659744,4577.640281596739
186.7513881546768,2001.0,12.0,14.0,14.0,24.0,34.0,1.0,3518850.8929445255,-4080.310504305005,64872.03538214715,-49.08780171709544,-287.557616325802,4570.928228324245,3519451.1840178887,4580.227490362876,3518488.585441949,-50658.95601975629,64872.03538214715,3519451.184017889,-56.48072537478716,-536.281422295341,4570.928228324245,4602.626717943722,12748698.850143854,0.7239561944316307,1.6336236422287467,2.2647804250673496e-07,9.108157274433963e-06,0.018460810161543623,0.018433473282891404,-0.01439693626512183,123251.1840178892,0.007752370624859943,0.007714642045543829,3641.3962376378477,-16087599303.43393,-1012072668.454027,-196768784.6862089,-16086422815.848167,-1889761317.513456,16119402669.891113,16198238015.353323,-0.9997264918518229,0.01439399308898009,-0.018432429373288733,0.014396438923856553,0.9998963659031428,0.0,-0.018430519145117747,0.00026536134369085077,0.9998301083421116,4571.0503264809795,-537.0389665677134,-0.11695086292246266,6.199141587030329e-09,146.602960044723,0.0,-48.602960044723005,-2.4485199776384983,0.0,2.966385509176939e-17,2.2844475176421892,1.5707963267948966,19.556017548757563,461.0,0.030261207201226978,2.6450293831700864,0.0,0.06576160886614352,-1593.693299148776,1.8479792713569139,-29.380650455512246,0.020498186192367752,0.2098348566064407,-1.6390137801480356,0.017718807857835576,0.2100878067197609,-1.6390137801480356,-2.1453778482224013e-17,2.8958668247537756e-19,-2.312354968924385e-19,-2.1455732112866547e-17,5.577805343805681e-21,-2.312354968924385e-19,-1593.6755803409183,2.0580670780766748,-31.019664235660283,-1679700.826861903,237.4903898391135,128434.43870481064,0.03503573380362632,4577.616138779633
187.05138815467677,2001.0,12.0,14.0,14.0,24.0,35.0,1.0,3518836.0110398526,-4166.577587044359,66243.31080256222,-50.12489375164935,-287.55626439505454,4570.907840669419,3519461.948819128,4580.218291529304,3518471.4830508837,-50819.83783290969,66243.31080256222,3519461.948819128,-57.53521247675347,-536.2639834414157,4570.907840669419,4602.617499695621,12748661.567518812,0.7239553871726995,1.6336236270703965,2.2647804250673496e-07,9.096069631018695e-06,0.018851230446165167,0.018823110947099393,-0.014442721644278162,123261.94881912787,0.007916315502297374,0.00787778897343048,3636.834166828543,-16087595551.8077,-1012072187.6122735,-196768893.48466548,-16086420212.011232,-1889753463.293643,16119398895.476667,16198234514.504257,-0.9997185746620797,0.01443966111068798,-0.01882199943226794,0.014442219542980838,0.9998957057086866,0.0,-0.01882003640517605,0.0002718314480386743,0.9998228504777092,4571.0351479072515,-537.038990339347,-0.11695125286762019,6.191337106132298e-09,146.62987204781965,0.0,-48.62987204781966,-2.4350639760901696,0.0,2.9664356560896174e-17,2.284455707254527,1.5707963267948966,19.554183676603802,461.0,0.030222935312789568,2.6541020245867815,0.0,0.06567903327475397,-1593.6719355678908,1.887032458178277,-30.00142803300107,0.020851011778856655,0.2095751643372788,-1.6369564035665805,0.018070578039439216,0.209833191865634,-1.6369564035665805,-2.1427139479491395e-17,2.898005888317072e-19,-2.3582945202665734e-19,-2.142909840134106e-17,5.688629720629422e-21,-2.3582945202665734e-19,-1593.6538649898514,2.096865650043911,-31.638384436567648,-1679705.7390368618,237.67887427549374,128464.71173916096,0.035137619900358304,4577.591926387109
187.35138815467675,2001.0,12.0,14.0,14.0,24.0,35.0,1.0,3518820.8180097034,-4252.844260417409,67614.58004628711,-51.161971509890506,-287.5548872179326,4570.887050397238,3519472.9388613882,4580.208924053668,3518454.0643160287,-50980.714400650184,67614.58004628711,3519472.9388613882,-58.58968392993853,-536.2464528777331,4570.887050397238,4602.608112448433,12748624.332399605,0.723954580938224,1.6336236119300405,2.2598729860936304e-07,9.083709241942597e-06,0.01924164846347707,0.019212746100727696,-0.014488507219942881,123272.93886138825,0.008080259110064478,0.008040934633131597,3632.1821998097003,-16087591804.926752,-1012071707.359781,-196769008.56129295,-16086417636.873636,-1889745455.5459704,16119395125.835142,16198231024.325033,-0.9997105036569227,0.014485326435595025,-0.01921156412362177,0.014488000328317645,0.999895043415301,0.0,-0.019209547743464627,0.0002783371473305277,0.9998154408709259,4571.0196754868875,-537.0390176414951,-0.116951651027019,6.183369325493518e-09,146.65734715347062,0.0,-48.65734715347063,-2.421326423264686,0.0,2.96648684537446e-17,2.2844640670991576,1.5707963267948966,19.55231205129962,461.0,0.030183863552529017,2.6631630644002975,0.0,0.06559473000741876,-1593.6501254092248,1.9260843730012898,-30.62218553975839,0.021202333121983472,0.20931012547680392,-1.634855979161092,0.018420925946948885,0.20957322597170658,-1.634855979161092,-2.1399942442625272e-17,2.9000551248981184e-19,-2.4040504072614645e-19,-2.1401906600029123e-17,5.7990153341951076e-21,-2.4040504072614645e-19,-1593.6317044832779,2.1356575989729962,-32.257041518919486,-1679710.644981362,237.867358711874,128495.07252143693,0.03523950761050035,4577.567644422629
187.65138815467674,2001.0,12.0,14.0,14.0,24.0,35.0,1.0,3518805.3138584034,-4339.110516850892,68985.84299254273,-52.1990347021478,-287.5534847987544,4570.865857548902,3519484.1541412864,4580.199387968825,3518436.329242121,-51141.58569546627,68985.84299254273,3519484.1541412873,-59.64413943979638,-536.2288306137528,4570.865857548902,4602.598556235072,12748587.145764045,0.7239537757494063,1.633623596808054,2.2598729860936304e-07,9.071172904983239e-06,0.019632064162691417,0.01960237869381031,-0.014534292996439548,123284.15414128732,0.008244201425024177,0.008204079001612739,3627.440680284053,-16087588062.889347,-1012071227.7088042,-196769130.0395229,-16086415090.531317,-1889737294.2868404,16119391361.065374,16198227544.914558,-0.99970227884165,0.014530989047156037,-0.01960112333830765,0.01453378128409372,0.9998943790228977,0.0,-0.019599053048508355,0.00028487843952150835,0.9998078795268002,4571.003909257838,-537.039048478209,-0.11695205740072911,6.175238247566699e-09,146.68538535321827,0.0,-48.68538535321828,-2.40730732339086,0.0,2.966539076756707e-17,2.28447259713121,1.5707963267948966,19.55040270538756,461.0,0.030143991959389212,2.67221226272406,0.0,0.06550869905362242,-1593.6278686987162,1.9651349899307125,-31.242922563977356,0.021552120398981228,0.20903973899305633,-1.632712506522819,0.01876982211580666,0.2093079075183694,-1.632712506522819,-2.137218731731384e-17,2.9020140798870494e-19,-2.449618815762782e-19,-2.1374156653955335e-17,5.90895305313378e-21,-2.449618815762782e-19,-1593.6090988766005,2.1744428974490817,-32.875635070500174,-1679715.544566458,238.05584314825424,128525.52105163857,0.03534139693869696,4577.543292889663
187.87318996470802,2001.0,12.0,14.0,14.0,24.0,35.0,1.0,3518793.6509865904,-4402.890283726062,69999.66755084497,-52.965766810252724,-287.5524317067887,4570.849930012195,3519492.590860736,4580.1922291675455,3518423.0136066303,-51260.52077016586,69999.66755084497,3519492.5908607366,-60.42372948450719,-536.2157428236497,4570.849930012195,4602.591382322486,12748559.683788968,0.7239531811225104,1.633623585639737,2.2549548671277744e-07,9.061694948953408e-06,0.019920712338227307,0.019890447732737408,-0.01456814435511144,123292.59086073656,0.008365409587532922,0.008324697211788043,3623.877691619098,-16087585299.407705,-1012070873.4756621,-196769224.0415164,-16086413226.473259,-1889731161.649155,16119388580.795172,16198224979.41338,-0.9996960990181132,0.014564747459130025,-0.0198891362160037,0.014567629059018334,0.9998938864617579,0.0,-0.01988702570938724,0.00028973755869902946,0.9998021915662024,4570.992063767869,-537.0390735514104,-0.11695236313049097,6.168816274522054e-09,146.70370122962362,0.0,-48.70740245924728,-2.3962987703763616,0.0,2.9665733026618175e-17,2.2844781866456945,1.5707963267948966,19.549151768140433,461.0,0.030112507777305043,2.678894980326205,0.0,0.06544075922479575,-1593.6111263276082,1.9940057986004112,-31.701844470755887,0.021808651443632802,0.2088263367151297,-1.6310191184564746,0.01902588147911486,0.20909823532874033,-1.6310191184564746,-2.135022004839997e-17,2.903256180875216e-19,-2.483060237723698e-19,-2.1352193077149023e-17,5.989638326703304e-21,-2.483060237723698e-19,-1593.592100446129,2.2031040339291517,-33.33286358921236,-1679719.1628815904,238.2443275846345,128556.05732976584,0.03544328788959259,4577.5188717916835
188.0949917747393,2001.0,12.0,14.0,14.0,24.0,36.0,1.0,3518781.818053017,-4466.669815661648,71013.48855465933,-53.73249068855265,-287.55136483451287,4570.833782565664,3519501.1506968485,4580.184978340648,3518409.5250575473,-51379.45293657839,71013.48855465933,3519501.1506968485,-61.203310542082846,-536.20260493047,4570.833782565664,4602.584116189411,12748532.253021207,0.7239525871690988,1.6336235744832688,2.2549548671277744e-07,9.052145745658803e-06,0.020209359195501674,0.020178515325270697,-0.014601995827721526,123301.15069684852,0.008486617020802122,0.008445314693625855,3620.2665597461164,-16087582539.047077,-1012070519.6302924,-196769321.66404665,-16086411378.626535,-1889724945.1615944,16119385803.664179,16198222420.275608,-0.9996898351236267,0.014598504372247597,-0.020177145997124883,0.014601476931175738,0.9998933927531616,0.0,-0.020174994967141074,0.00029461613181398387,0.999796420667433,4570.98005781976,-537.0391005740025,-0.11695267335061287,6.161601555513392e-09,146.71592956692643,0.0,-48.731859133852915,-2.384070433073545,0.0,2.9665964399212344e-17,2.2844819652469095,1.5707963267948966,19.54830620822022,461.0,0.030077150742354113,2.6855700779763505,0.0,0.06536444981549018,-1593.5941398864713,2.0228758732715892,-32.1607547910477,0.022061775837234954,0.20858684080354856,-1.6291156905064605,0.019278888977703593,0.20886243450961375,-1.6291156905064605,-2.132544130808063e-17,2.9041068128118593e-19,-2.5160966873844686e-19,-2.1327417764725677e-17,6.069353951989495e-21,-2.5160966873844686e-19,-1593.5748609974937,2.231738307781203,-33.78987048155416,-1679722.7771004941,238.43281202101474,128586.68135581879,0.035545180467831505,4577.494381132175
188.39499177473928,2001.0,12.0,14.0,14.0,24.0,36.0,1.0,3518765.542751758,-4552.935005659903,72384.73536547602,-54.769516518774246,-287.549899910249,4570.811592386768,3519512.9242536062,4580.17502481896,3518391.0059019695,-51540.31104258666,72384.73536547602,3519512.9242536062,-62.257725255457764,-536.1847554552689,4570.811592386768,4602.574141655284,12748495.202909451,0.7239517849262419,1.633623559413077,2.2450863083182865e-07,9.038976089113243e-06,0.020599768928563682,0.020568141354659394,-0.01464778212056363,123312.92425360577,0.008650556033093932,0.008608455763206612,3615.3061186894774,-16087578810.66016,-1012070041.6749023,-196769459.55804276,-16086408905.293137,-1889716403.6200354,16119382052.624434,16198218969.214478,-0.9996812290860178,0.014644160186886364,-0.02056669116531995,0.014647258327546066,0.9998927231575826,0.0,-0.020564484835632762,0.00030124563844130076,0.9997884832375847,4570.963563845074,-537.0391402324534,-0.11695310008578418,6.151678129103711e-09,146.73274893372252,0.0,-48.76549786744505,-2.3672510662774746,0.0,2.966628260306189e-17,2.2844871619101395,1.5707963267948966,19.54714344358611,461.0,0.03002852011319538,2.694585949172291,0.0,0.06525949035472527,-1593.570776432537,2.0619231613659648,-32.781439268050455,0.02240251167248742,0.20825748954453227,-1.6264976337720998,0.01961955101632332,0.20853807253963194,-1.6264976337720998,-2.129135913459087e-17,2.9051643668985856e-19,-2.560579794963884e-19,-2.1293340166506504e-17,6.176694402483516e-21,-2.560579794963884e-19,-1593.5511568815207,2.2704612339055967,-34.40793690182255,-1679727.6587681416,238.621296457395,128617.39312979738,0.03564707467805795,4577.469820914621
188.69499177473926,2001.0,12.0,14.0,14.0,24.0,36.0,1.0,3518748.9563448615,-4639.1997527564645,73755.97546457927,-55.80652679225303,-287.5484097890835,4570.7890000178795,3519524.9230356547,4580.1649030454455,3518372.1704242937,-51701.16378035888,73755.97546457927,3519524.9230356547,-63.31212301822542,-536.1668143428078,4570.7890000178795,4602.5639985130065,12748458.213104542,0.7239509839851525,1.6336235443657994,2.2401357260902137e-07,9.025565803626078e-06,0.02099017616033826,0.020957764651374448,-0.014693568629387047,123324.92303565517,0.008814493670931765,0.008771595459932354,3610.2584975138307,-16087575088.30634,-1012069564.469259,-196769604.29179743,-16086406461.936337,-1889707708.7302315,16119378307.652958,16198215530.120432,-0.9996724692574797,0.014689813230748678,-0.020956230479244164,0.014693039909168107,0.9998920514626705,0.0,-0.02095396828481599,0.0003079107307772596,0.9997803940886723,4570.946776436189,-537.0391834696758,-0.11695353503588496,6.141564869947784e-09,146.74989005093596,0.0,-48.79978010187192,-2.35010994906404,0.0,2.966660685288901e-17,2.2844924573116767,1.5707963267948966,19.545958733015322,461.0,0.029978960258738155,2.7035870946184932,0.0,0.06515252264420918,-1593.5469665210728,2.1009690616774512,-33.40210183294016,0.022741341781111167,0.20792190583626086,-1.623829490642413,0.019958404659696023,0.20820746777199914,-1.623829490642413,-2.1256624414168845e-17,2.9061145294169778e-19,-2.6048281312744563e-19,-2.1258609950313762e-17,6.283473610043725e-21,-2.6048281312744563e-19,-1593.527008116413,2.3091765294494504,-35.025931323582576,-1679732.5325181559,238.80978089377524,128648.19265170161,0.03574897052491602,4577.445191142513
188.99499177473925,2001.0,12.0,14.0,14.0,24.0,36.0,1.0,3518732.0588372583,-4725.46404903227,75127.20872556148,-56.84352120582614,-287.5468944760718,4570.766005506961,3519537.1470394316,4580.154613058818,3518353.0186298736,-51862.011122047625,75127.20872556148,3519537.1470394316,-64.36650352234061,-536.1487816036175,4570.766005506961,4602.5536868013605,12748421.284775604,0.7239501843711783,1.6336235293418797,2.2401357260902137e-07,9.011975412291352e-06,0.021380580843112524,0.02134738516385462,-0.014739355358417115,123337.14703943161,0.00897842991261332,0.008934733762163914,3605.124128870666,-16087571372.103186,-1012069088.0279266,-196769755.99038875,-16086404048.671284,-1889698860.5113795,16119374568.868008,16198212103.111824,-0.9996635556437999,0.014735463487201143,-0.021345763828279827,0.014738821680170325,0.9998913776683346,0.0,-0.02134344520164162,0.0003146114066920462,0.9997721532262175,4570.9296956372655,-537.039230290432,-0.11695397820099505,6.131261781050499e-09,146.76735291347373,0.0,-48.83470582694746,-2.332647086526269,0.0,2.966693714767932e-17,2.2844978514349545,1.5707963267948966,19.544752088483385,461.0,0.029928471228219174,2.7125732328563203,0.0,0.06504354665506606,-1593.5227101803086,2.14001354816479,-34.0227420715285,0.02307823144614699,0.2075800880878315,-1.621111260776931,0.020295415614008598,0.2078706180350856,-1.621111260776931,-2.1221237105659106e-17,2.906956771520704e-19,-2.6488372366384552e-19,-2.1223227074205656e-17,6.389680879645143e-21,-2.6488372366384552e-19,-1593.5024147646945,2.3478841661998757,-35.643853332305426,-1679737.3981963545,238.9982653301555,128679.0799215315,0.0358508680130497,4577.420491819348
189.29499177473923,2001.0,12.0,14.0,14.0,24.0,37.0,1.0,3518714.8502337504,-4811.727886929294,76498.43502776766,-57.880499470149175,-287.5453539762135,4570.742608901319,3519549.596261215,4580.14415489712,3518333.550523933,-52022.85304016523,76498.43502776766,3519549.596261215,-65.42086647360092,-536.1306572480042,4570.742608901319,4602.543206558453,12748384.419062572,0.7239493861090344,1.6336235143417586,2.235174179077153e-07,8.99813006909823e-06,0.021770982925830868,0.021737002842175186,-0.014785142311981893,123349.5962612154,0.009142364735205072,0.009097870646864764,3599.9034593887627,-16087567662.165318,-1012068612.3652327,-196769914.7774139,-16086401665.610193,-1889689858.9824169,16119370836.38487,16198208688.304052,-0.9996544882508337,0.014781110939714738,-0.02173529110345006,0.014784603644783886,0.9998907017744822,0.0,-0.021732915474701343,0.00032134766406850655,0.9997637606558103,4570.912321491943,-537.0392806994319,-0.11695442958119925,6.120768865547024e-09,146.785137516022,0.0,-48.870275032043985,-2.3148624839780063,0.0,2.966727348639902e-17,2.284503344263089,1.5707963267948966,19.54352352218666,461.0,0.029877053072087167,2.7215440847076215,0.0,0.06493256235855223,-1593.4980074390287,2.1790565949529226,-34.64335957227505,0.023413145953594526,0.20723203467256715,-1.618342943845716,0.02063054958906635,0.20752752111859638,-1.618342943845716,-2.118519716734908e-17,2.9076905642784344e-19,-2.6926026514254035e-19,-2.1187191495680538e-17,6.495305518803611e-21,-2.6926026514254035e-19,-1593.4773768894397,2.386584116071519,-36.26170251612077,-1679742.2556523941,239.18674976653574,128710.05493928706,0.03595276714710287,4577.395722948628
189.5949917747392,2001.0,12.0,14.0,14.0,24.0,37.0,1.0,3518697.3305392205,-4897.991258899445,77869.65425069159,-58.91746129624084,-287.5437882945144,4570.718810248428,3519562.2706972146,4580.133528598392,3518313.766111775,-52183.68950723545,77869.65425069159,3519562.2706972146,-66.47521157816867,-536.112441286306,4570.718810248428,4602.532557822392,12748347.617101876,0.7239485892233609,1.633623499365876,2.2302015940987762e-07,8.984078026152802e-06,0.02216138235738018,0.022126617636454928,-0.014830929494412299,123362.27069721418,0.009306298115545415,0.009261006090994811,3594.5969438254833,-16087563958.607012,-1012068137.495468,-196770080.77642575,-16086399312.86491,-1889680704.1623237,16119367110.3185,16198205285.812155,-0.9996452670845366,0.014826755571765469,-0.02212481219582623,0.014830385807242793,0.9998900237810198,0.0,-0.022122378992635285,0.0003281195007768936,0.9997552163831401,4570.894654043958,-537.0393347013874,-0.11695488917658342,6.110151003697032e-09,146.8064877063262,0.0,-48.9064877063262,-2.2967561468368975,0.0,2.9667674987700484e-17,2.284509901276944,1.5707963267948966,19.5420571411796,461.0,0.029825023382933014,2.7304993717735937,0.0,0.06482025798132839,-1593.4728583265423,2.2180981761738723,-35.26395392374771,0.023746312759410318,0.20688002799280406,-1.6155423759695127,0.020964003747134245,0.20718046215524585,-1.6155423759695127,-2.114877125596354e-17,2.9083520547238197e-19,-2.7361544200079814e-19,-2.1150769895875342e-17,6.60042006742099e-21,-2.7361544200079814e-19,-1593.4518943227952,2.425278638329118,-36.87949629971722,-1679747.1047363933,239.37523420291598,128741.11770496826,0.03605466793171935,4577.370884533858
189.8949917747392,2001.0,12.0,14.0,14.0,24.0,37.0,1.0,3518679.4997586454,-4984.254157387671,79240.866273712,-59.95440639424636,-287.54219742995406,4570.694609548904,3519575.170343584,4580.122734153348,3518293.6653988003,-52344.52049577679,79240.866273712,3519575.170343584,-67.52953854125217,-536.0941337228785,4570.694609548904,4602.52174058386,12748310.878381684,0.723947793703108,1.6336234844140005,2.2302015940987762e-07,8.969781179978965e-06,0.022551779087318365,0.02251622949678106,-0.014876716910037295,123375.17034358392,0.00947023003062777,0.009424140071522431,3589.2048027440906,-16087560261.37668,-1012067663.4116566,-196770254.109013,-16086396990.381424,-1889671396.0489037,16119363390.616966,16198201895.583967,-0.999635892150967,0.01487239736682961,-0.02251432699645294,0.014876168171779088,0.9998893436878528,0.0,-0.022511835644057034,0.0003349269146736599,0.9997465204139981,4570.876693290112,-537.0393922949793,-0.1169553569871251,6.099647005938811e-09,146.8433438388112,0.0,-48.94334383881119,-2.278328080594405,0.0,2.9668359231658436e-17,2.2845210758287977,1.5707963267948966,19.53955863849727,461.0,0.029773551031062374,2.7394392025467122,0.0,0.06470916693061342,-1593.447262872674,2.257138265959119,-35.88452471450351,0.024078689626273464,0.20653247331195732,-1.612775203537985,0.021296622884189643,0.20683785843070746,-1.612775203537985,-2.111294053883146e-17,2.9090761252266175e-19,-2.779619085347311e-19,-2.1114943534705653e-17,6.705329852085269e-21,-2.779619085347311e-19,-1593.4259662497898,2.4639761243898266,-37.4972999180415,-1679751.945515655,239.56371863929624,128772.2682185751,0.036156570371542886,4577.345976578548
190.19499177473918,2001.0,12.0,14.0,14.0,24.0,38.0,1.0,3518661.3578970875,-5070.516574839481,80612.07097621977,-60.99133447477289,-287.54058138565216,4570.670006835783,3519588.295196412,4580.111771585147,3518273.2483904953,-52505.3459783099,80612.07097621977,3519588.2951964117,-68.58384706857777,-536.0757345662415,4570.670006835783,4602.510754866053,12748274.203514716,0.7239469995615766,1.6336234694863594,2.2302015940987762e-07,8.955263153013943e-06,0.022942173064781347,0.022905838373245477,-0.014922504563186044,123388.29519641167,0.009634160457379939,0.009587272565377388,3583.7274211645126,-16087556570.535902,-1012067190.1213328,-196770434.89811385,-16086394698.218853,-1889661934.6545506,16119359677.342205,16198198517.681404,-0.9996263634562851,0.014918036308385842,-0.022903835396384388,0.014921950742624987,0.999888661494886,0.0,-0.022901285317589976,0.0003417699036020385,0.9997376727542757,4570.858439259545,-537.0394534830241,-0.11695583301287736,6.088959625779078e-09,146.88084341831905,0.0,-48.980843418319026,-2.259578290840487,0.0,2.9669055320404726e-17,2.284532443820724,1.5707963267948966,19.53701756189646,461.0,0.029721181159340495,2.748363421732451,0.0,0.06459613578441854,-1593.4212211077697,2.296176838443064,-36.50507153314727,0.024409060665326318,0.20617890352305573,-1.6099596982533948,0.02162733204581685,0.20648922734397812,-1.6099596982533948,-2.1076482653972433e-17,2.9096945024808927e-19,-2.8228370063840216e-19,-2.107848993435838e-17,6.809649836022621e-21,-2.8228370063840216e-19,-1593.3995937757238,2.502666065787042,-38.11503123140067,-1679756.7779092882,239.75220307567648,128803.50648010761,0.03625847447121706,4577.320999086212
190.49499177473916,2001.0,12.0,14.0,14.0,24.0,38.0,1.0,3518642.9049596917,-5156.778503701491,81983.2682376161,-62.02824524856334,-287.5389401657503,4570.645002150184,3519601.645251723,4580.100640924904,3518252.5150924325,-52666.16592735815,81983.2682376161,3519601.645251723,-69.63813686602226,-536.0572438259661,4570.645002150184,4602.499600700137,12748237.593386902,0.7239462068179826,1.6336234545832906,2.2252178971570895e-07,8.940510449883152e-06,0.023332564238779892,0.02329544421594426,-0.014968292458188067,123401.645251723,0.009798089372794165,0.00975040354968174,3578.1652298271656,-16087552886.173742,-1012066717.6355668,-196770623.2669905,-16086392436.463797,-1889652319.9952805,16119355970.583797,16198195152.194088,-0.9996166810067524,0.014963672379915442,-0.02329333728668394,0.014967733524013063,0.9998879772020234,0.0,-0.023290727901866874,0.0003486484653920427,0.9997286734099652,4570.839891989408,-537.0395182693564,-0.11695631725391312,6.078088866454123e-09,146.9189864334943,0.0,-49.018986433494305,-2.2405067832528474,0.0,2.966976324970453e-17,2.284544005183564,1.5707963267948966,19.534433961407853,461.0,0.029667913818792684,2.757271809796606,0.0,0.0644811645122901,-1593.394733062697,2.3352138677633216,-37.12559396833145,0.02473739236144165,0.20581931681371035,-1.6070958590154045,0.021956098129380174,0.20613456650799597,-1.6070958590154045,-2.103939751207153e-17,2.910206671271386e-19,-2.865803889880225e-19,-2.1041409004745285e-17,6.91336972288395e-21,-2.865803889880225e-19,-1593.3727769645677,2.5413484342713177,-38.73268982734685,-1679761.6018004268,239.94068751205674,128834.83248956577,0.03636038023538536,4577.295952060373
190.79499177473915,2001.0,12.0,14.0,14.0,24.0,38.0,1.0,3518624.1409516972,-5243.039936421868,83354.4579373173,-63.06513842650924,-287.5372737754386,4570.619595541541,3519615.2205054844,4580.089342211927,3518231.465510277,-52826.98031544815,83354.4579373173,3519615.2205054834,-70.69240763962621,-536.0386615127005,4570.619595541541,4602.488278125489,12748201.049165746,0.7239454154976415,1.6336234397052476,2.2202230134235873e-07,8.925559223081849e-06,0.02372295255822373,0.02368504697497899,-0.015014080599373349,123415.22050548345,0.009962016753854932,0.00991353300128601,3572.518709022552,-16087549208.40763,-1012066245.9690619,-196770819.3392383,-16086390205.231188,-1889642552.0908258,16119352270.459867,16198191799.240236,-0.9996068448087323,0.0150093055649024,-0.023682832558425525,0.015013516520176327,0.9998872908091684,0.0,-0.023680163285531266,0.0003555625978604914,0.9997195223871591,4570.821051525092,-537.0395866588556,-0.11695680971032478,6.067034731249198e-09,146.95777287280984,0.0,-49.057772872809835,-2.221113563595084,0.0,2.9670483015244657e-17,2.2845557598468784,1.5707963267948966,19.531807887896115,461.0,0.029613749061395318,2.7661640813836708,0.0,0.06436425308333898,-1593.3677987688388,2.3742493280609556,-37.74609160875881,0.025063651196361256,0.20545371133375806,-1.6041836847074182,0.022282888029821934,0.20577387349505394,-1.6041836847074182,-2.1001685022324527e-17,2.9106121160595353e-19,-2.908515441426776e-19,-2.1003700654285936e-17,7.016479211793446e-21,-2.908515441426776e-19,-1593.345515880809,2.5800232015560094,-39.350275293466225,-1679766.4170350805,240.12917194843698,128866.24624694958,0.03646228766869123,4577.270835504549
191.09499177473913,2001.0,12.0,14.0,14.0,24.0,39.0,1.0,3518605.0658784243,-5329.3008654502055,84725.6399547534,-64.10201371951345,-287.5355822196418,4570.59378705733,3519629.0209535956,4580.07787548338,3518210.0996497804,-52987.78911510951,84725.6399547534,3519629.0209535956,-71.7466590954389,-536.0199876368584,4570.59378705733,4602.476787179337,12748164.571940856,0.7239446256241788,1.633623424852652,2.215216867226144e-07,8.910371093659868e-06,0.02411333797198478,0.02407464660045642,-0.01505986899107232,123429.0209535961,0.010125942577528578,0.01007666089725386,3566.788335803896,-16087545537.347147,-1012065775.1355263,-196771023.2383517,-16086388004.62811,-1889632630.9600086,16119348577.080635,16198188458.930162,-0.9995968548686899,0.015054935846833423,-0.02407232110269341,0.015059299735348228,0.9998866023162232,0.0,-0.024069591357237234,0.00036251229881100844,0.999710219692051,4570.801917909954,-537.0396586561304,-0.1169573103822012,6.0557972235003175e-09,146.99720272456028,0.0,-49.09720272456029,-2.2013986377198553,0.0,2.9671214612645235e-17,2.2845677077391375,1.5707963267948966,19.529139393013665,461.0,0.029558686939883717,2.7750399692433563,0.0,0.06424540146596791,-1593.3404182581016,2.413283193480485,-38.366564043182834,0.025387803648547442,0.20508208519441082,-1.6012231741899514,0.02260766863952969,0.205407145835947,-1.6012231741899514,-2.096334509235873e-17,2.9109103209701767e-19,-2.9509673654126145e-19,-2.0965364789828554e-17,7.118967997249413e-21,-2.9509673654126145e-19,-1593.3178105894622,2.618690339316432,-39.96778721737279,-1679771.2234695274,240.31765638481724,128897.74775225906,0.036564196775778025,4577.245649422269
191.3949917747391,2001.0,12.0,14.0,14.0,24.0,39.0,1.0,3518585.6797452834,-5415.56128323746,86096.81416936935,-65.13887083861604,-287.5338655016472,4570.567576750682,3519643.046591899,4580.066240781791,3518188.417516782,-53148.592298874915,86096.81416936935,3519643.046591899,-72.80089093962562,-536.0012222072455,4570.567576750682,4602.465127904161,12748128.162985155,0.7239438372251928,1.6336234100254916,2.215216867226144e-07,8.894994773964354e-06,0.02450372042886823,0.02446424304248885,-0.015105657637615845,123443.04659189936,0.010289866820753894,0.010239787214595699,3560.9744243063033,-16087541873.120846,-1012065305.1428496,-196771235.08824658,-16086385834.780588,-1889622556.6159153,16119344890.5749,16198185131.392324,-0.9995867111931918,0.01510056320919792,-0.024461802810582634,0.015105083173762628,0.9998859117230894,0.0,-0.024459012005649847,0.0003694975660340311,0.9997007653309345,4570.782491192929,-537.0397342641489,-0.11695781926913862,6.04437634659624e-09,147.01863798842766,0.0,-49.15591396528295,-2.2,0.0,2.967161859285832e-17,2.284574305236691,1.5707963267948966,19.5276662016107,461.0,0.029502722610239996,2.7838992031193626,0.0,0.06412416099014358,-1593.3125915629082,2.4523154381698817,-38.98701086040872,0.025709602880258482,0.20470974564103073,-1.5981983390359502,0.022930121530210373,0.2050396868103487,-1.5981983390359502,-2.0923990865439774e-17,2.9110460753682623e-19,-2.993092496550621e-19,-2.092601451524916e-17,7.220603697868977e-21,-2.993092496550621e-19,-1593.289661441378,2.6573551249802305,-40.58520919944468,-1679776.020935895,240.50614082119748,128929.33700549418,0.03666610756128899,4577.22039381706
191.6949917747391,2001.0,12.0,14.0,14.0,24.0,39.0,1.0,3518565.982557769,-5501.82118223532,87467.98046062687,-66.17570949491217,-287.5321236245977,4570.54096467543,3519657.2974161706,4580.0544381502095,3518166.4191172086,-53309.38983927939,87467.98046062687,3519657.2974161706,-73.85510287840562,-535.982365232553,4570.54096467543,4602.453300342945,12748091.823586216,0.7239430503285988,1.6336233952237134,2.2101993820356363e-07,8.879379272938689e-06,0.02489409987765768,0.024853836251194635,-0.015151446543335029,123457.29741617013,0.010453789460582317,0.01040291193029416,3555.0772733315825,-16087538215.858807,-1012064835.998353,-196771455.01287708,-16086383695.816154,-1889612329.0711477,16119341211.072945,16198181816.756638,-0.999576413788906,0.015146187635487852,-0.02485127757319962,0.015150866839653618,0.999885219029668,0.0,-0.02484842511944578,0.00037651839730681776,0.999691159310204,4570.76277142358,-537.0398134857304,-0.11695833637068853,6.0327721039757504e-09,147.03899630881446,0.0,-49.21698892644342,-2.2,0.0,2.967200313131899e-17,2.284580585226333,1.5707963267948966,19.526264121558704,461.0,0.029445860592212787,2.7927415130727518,0.0,0.06400094066708259,-1593.2843187162011,2.4913460362803486,-39.60743164929516,0.02602920060533809,0.20433185039011087,-1.5951237549218196,0.02325046424272697,0.204666656494157,-1.5951237549218196,-2.0883974909921485e-17,2.911068489196226e-19,-3.0349417703326737e-19,-2.0886002432976847e-17,7.321571089751763e-21,-3.0349417703326737e-19,-1593.2610682519585,2.6960126927745054,-41.20255540421698,-1679780.80926436,240.69462525757774,128961.01400665495,0.036768020029867295,4577.195068692459
191.99499177473908,2001.0,12.0,14.0,14.0,24.0,39.0,1.0,3518545.974321462,-5588.080554896779,88839.13870800269,-67.21252939946108,-287.53035659316583,4570.513950881122,3519671.7734221234,4580.042467627328,3518144.1044570752,-53470.18170886096,88839.13870800269,3519671.7734221234,-74.90929461798396,-535.9634167230331,4570.513950881122,4602.441304534426,12748055.554876879,0.7239422649589616,1.6336233804476559,2.205170480452295e-07,8.863523326434557e-06,0.02528447626713418,0.025243426176697732,-0.015197235712561388,123471.7734221234,0.010617710473949587,0.010566035021337707,3549.097338486463,-16087534565.675087,-1012064367.7146807,-196771683.13582498,-16086381587.84632,-1889601948.3437157,16119337538.689394,16198178515.13773,-0.9995659626626028,0.015191809109197905,-0.025240745281661803,0.015196650737255688,0.9998845242358588,0.0,-0.02523783058731291,0.00038357479039344885,0.9996814016363544,4570.742758647108,-537.039896325219,-0.11695886168684505,6.020984499128087e-09,147.05967631731914,0.0,-49.27902895195744,-2.2,0.0,2.967239370190348e-17,2.2845869637280325,1.5707963267948966,19.52484026043607,461.0,0.0293881013101733,2.8015666297866617,0.0,0.06387577428419507,-1593.2555997514473,2.5303749619666185,-40.227825998754206,0.02634657886870535,0.20394799722257337,-1.592000625898067,0.023568684653171534,0.2042876523260842,-1.592000625898067,-2.08433262878714e-17,2.910981155725377e-19,-3.076515513220903e-19,-2.0845357607182337e-17,7.421876191379594e-21,-3.076515513220903e-19,-1593.2320310667942,2.7346626142927026,-41.81982662465227,-1679785.5883054975,240.88310969395798,128992.77875574137,0.036869934186155966,4577.169674052002
192.29499177473906,2001.0,12.0,14.0,14.0,24.0,40.0,1.0,3518525.6550420336,-5674.3393936762905,90210.28879098843,-68.24933026334477,-287.5285644124435,4570.486535416367,3519686.474605413,4580.030329250755,3518121.4735424877,-53630.967880160795,90210.28879098843,3519686.474605413,-75.96346586459514,-535.944376689388,4570.486535416367,4602.429140516282,12748019.357949182,0.7239414811399633,1.6336233656977617,2.205170480452295e-07,8.847500932644857e-06,0.025674849546171344,0.025633012769127647,-0.015243025149626895,123486.47460541315,0.010781629837921351,0.010729156464813289,3543.0351246893406,-16087530922.679516,-1012063900.3058935,-196771919.58056659,-16086379510.978336,-1889591414.4531298,16119333873.534742,16198175226.64618,-0.9995553578211533,0.015237427613825542,-0.025630205827097647,0.01524243487080376,0.9998838273415613,0.0,-0.02562722829795038,0.0003906667430448309,0.9996714923159811,4570.722452907698,-537.0399827873744,-0.11695939521772084,6.00901353559215e-09,147.08067800773307,0.0,-49.34203402319921,-2.2,0.0,2.967279030340181e-17,2.2845934407220296,1.5707963267948966,19.52339463254404,461.0,0.029329444821054394,2.8103742841361923,0.0,0.06374866189866567,-1593.226434702624,2.569402189387056,-40.84819349775171,0.026661704010987507,0.20355818302491913,-1.5888289540181442,0.0238847495292693,0.20390267059825393,-1.5888289540181442,-2.080204498095467e-17,2.910783564616641e-19,-3.1178093997687087e-19,-2.08040800187408e-17,7.521508589146212e-21,-3.1178093997687087e-19,-1593.2025499530946,2.77330485998531,-42.437022451769856,-1679790.3579152506,241.07159413033824,129024.63125275346,0.03697185003479808,4577.144209899225
192.59499177473904,2001.0,12.0,14.0,14.0,24.0,40.0,1.0,3518505.024725238,-5760.597691029831,91581.43058909048,-69.28611179769547,-287.5267470874283,4570.458718330387,3519701.400961628,4580.018023058529,3518098.526379636,-53791.74832572326,91581.43058909048,3519701.400961628,-77.01761632452362,-535.9252451422559,4570.458718330387,4602.416808326614,12747983.233906662,0.7239406988955354,1.6336233509744449,2.200130084191774e-07,8.831223185106637e-06,0.026065219663540765,0.02602259597861948,-0.015288814858863997,123501.40096162865,0.010945547529419654,0.010892276237654272,3536.8911330997944,-16087527286.983124,-1012063433.7856615,-196772164.47059903,-16086377465.320656,-1889580727.4185915,16119330215.720663,16198171951.393726,-0.9995445992715308,0.01528304313287106,-0.026019659100646787,0.015288219244533224,0.9998831283466739,0.0,-0.026016618140068712,0.00039779425299870226,0.9996614313557797,4570.7018542500755,-537.0400728768576,-0.11695993696339677,5.99685921695953e-09,147.1040027475104,0.0,-49.40400274751042,-2.1979986262447895,0.0,2.9673229376352065e-17,2.2846006113274737,1.5707963267948966,19.52179445245556,461.0,0.029269891704398986,2.819164206964926,0.0,0.06361965136095812,-1593.1968236042342,2.608427692703753,-41.46853373530839,0.026974566985114173,0.2031618390050683,-1.5856104444167967,0.024198657971234893,0.20351114231006343,-1.5856104444167967,-2.076017216828655e-17,2.910481081618711e-19,-3.1588262277564682e-19,-2.076221085015761e-17,7.620483031963584e-21,-3.1588262277564682e-19,-1593.1726249462629,2.8119388350138164,-43.054144179725185,-1679795.1179480497,241.26007856671848,129056.57149769118,0.037073767580436484,4577.118676237674
192.89499177473903,2001.0,12.0,14.0,14.0,24.0,40.0,1.0,3518484.083376917,-5846.855439415103,92952.56398182876,-70.32287371354617,-287.5249046255984,4570.430499665236,3519716.552486298,4580.005549081519,3518075.262974801,-53952.523018096144,92952.56398182876,3519716.5524862977,-78.07174570398962,-535.9060220947874,4570.430499665236,4602.404307996522,12747947.183600467,0.723939918244143,1.633623336278758,2.1950781140709318e-07,8.814751644675782e-06,0.02645558656818375,0.026412175755313537,-0.015334604844605674,123516.55248629767,0.0111094635255233,0.01105539431698315,3530.6661437749863,-16087523658.67079,-1012062968.1763215,-196772417.92878425,-16086375450.955551,-1889569887.2680562,16119326565.333265,16198168689.467127,-0.9995336870208092,0.015328655649837639,-0.026409104993459734,0.015334003862679984,0.999882427251094,0.0,-0.026406000002389504,0.0004049573179796328,0.9996512187625464,4570.680962711716,-537.0401666008056,-0.11696048692467478,5.984521546871885e-09,147.1472928179934,0.0,-49.447292817993386,-2.1763535910033065,0.0,2.967403211380546e-17,2.2846137210249626,1.5707963267948966,19.51886961514248,461.0,0.02920944660547076,2.8279361301809094,0.0,0.06348916285379143,-1593.166766491296,2.6474514460826497,-42.08884630049964,0.027285356042771654,0.2027539895873375,-1.5823600696964897,0.02451066665941417,0.2031080947866777,-1.5823600696964897,-2.071806996166722e-17,2.910124995883124e-19,-3.1996255454609697e-19,-2.072011224941278e-17,7.719014748372368e-21,-3.1996255454609697e-19,-1593.1422558246365,2.8505595408693276,-43.67120637019613,-1679799.8682915755,241.4485630030987,129088.59949055457,0.037175686827714056,4577.093073070892
193.194991774739,2001.0,12.0,14.0,14.0,24.0,41.0,1.0,3518462.831003,-5933.112631292102,94323.68884873613,-71.3596157220346,-287.52303703334087,4570.401879466605,3519731.9291748875,4579.992907353979,3518051.6833343506,-54113.29192983125,94323.68884873613,3519731.9291748875,-79.1258537093045,-535.8867075590716,4570.401879466605,4602.391639560416,12747911.207996003,0.7239391392067274,1.6336233216114657,2.1900144899933185e-07,8.79805998504158e-06,0.026845950208925773,0.02680175204935521,-0.015380395111185599,123531.92917488702,0.011273377803239754,0.011218510679830516,3524.3608319982886,-16087520037.839233,-1012062503.4963135,-196772680.0782503,-16086373467.977137,-1889558894.0256636,16119322922.47024,16198165440.964462,-0.9995226210761651,0.015374265148231545,-0.02679854339669781,0.015379788729480618,0.9998817240547186,0.0,-0.026795373773645402,0.00041215593569903023,0.9996408545431781,4570.659778333661,-537.0402639652602,-0.11696104510203335,5.972000529020562e-09,147.19122621396295,0.0,-49.49122621396294,-2.1543868930185304,0.0,2.9674846654068175e-17,2.2846270234769563,1.5707963267948966,19.515902698618433,461.0,0.0291481045348861,2.8366897852376134,0.0,0.06335673399233646,-1593.1362633993488,2.686473423693848,-42.70913078245622,0.027593804109596214,0.20234010435169308,-1.579061352830115,0.024820434381046922,0.20269899331626923,-1.579061352830115,-2.0675339689490883e-17,2.909658061494607e-19,-3.2401351650784146e-19,-2.0677385503805475e-17,7.816853605324034e-21,-3.2401351650784146e-19,-1593.1114429649676,2.889172417010117,-44.28819213528634,-1679804.6088184454,241.63704743947898,129120.71523134361,0.03727760778127355,4577.067400402428
193.494991774739,2001.0,12.0,14.0,14.0,24.0,41.0,1.0,3518441.267609503,-6019.369259122578,95694.80506936007,-72.39633753440042,-287.5211443160604,4570.372857783459,3519747.5310228015,4579.980097913194,3518027.7874647416,-54274.05503348383,95694.80506936007,3519747.531022801,-80.17994004686916,-535.8673015462452,4570.372857783459,4602.378803055667,12747875.308160953,0.7239383618064444,1.6336233069730746,2.1900144899933185e-07,8.781172237440811e-06,0.027236310534553887,0.02719132481089546,-0.015426185662937988,123547.53102280153,0.011437290339558736,0.011381625303151375,3517.975774783641,-16087516424.59579,-1012062039.760562,-196772951.0423683,-16086371516.490108,-1889547747.7121239,16119319287.239645,16198162205.99393,-0.9995114014448758,0.015419871611561973,-0.02718797420153376,0.01542557384917224,0.9998810187574438,0.0,-0.027184739342580675,0.0004193901038551486,0.9996303387046718,4570.638301160147,-537.0403649752773,-0.11696161149566008,5.959296167147317e-09,147.23580292229013,0.0,-49.53580292229012,-2.132098538854942,0.0,2.967567299220854e-17,2.284640518602913,1.5707963267948966,19.512893760904092,461.0,0.029085865551775034,2.845424903180383,0.0,0.06322236473979594,-1593.105314364448,2.725493599711401,-43.329386770365566,0.027899877638432536,0.20192018110199975,-1.5757142925069152,0.025127928008885966,0.20228383509930822,-1.5757142925069152,-2.0631981247001533e-17,2.9090797598792104e-19,-3.280350781180795e-19,-2.0634030507777442e-17,7.913989259310788e-21,-3.280350781180795e-19,-1593.0801864364391,2.9277774348107095,-44.90510106287248,-1679809.3393878099,241.8255318758592,129152.91872005831,0.03737953044575762,4577.04165823583
193.79499177473897,2001.0,12.0,14.0,14.0,24.0,41.0,1.0,3518419.3932025293,-6105.62531536974,97065.91252326278,-73.43303886195142,-287.51922647875307,4570.343434666316,3519763.358025383,4579.967120797805,3518003.57537252,-54434.81230161238,97065.91252326278,3519763.358025383,-81.23400442314824,-535.8478040670661,4570.343434666316,4602.365798520976,12747839.48520666,0.7239375860673962,1.63362329236398,2.184939130934359e-07,8.764087268332546e-06,0.0276266674938192,0.027580893990090876,-0.015471976504197519,123563.35802538227,0.011601201111539563,0.011544738164109317,3511.5115102790296,-16087512819.052315,-1012061576.982495,-196773230.94461104,-16086369596.603676,-1889536448.3467348,16119315659.753958,16198158984.668049,-0.9995000281343203,0.015465475023340992,-0.027577397299151835,0.015471359225992397,0.9998803113591648,0.0,-0.027574096597951327,0.0004266598201330906,0.9996196712541249,4570.616531236891,-537.0404696354992,-0.11696218610561904,5.94640846504586e-09,147.28102292966366,0.0,-49.58102292966365,-2.109488535168175,0.0,2.967651112322555e-17,2.2846542063211612,1.5707963267948966,19.509842860797683,461.0,0.02902272971609669,2.8541412148901344,0.0,0.06308605505877006,-1593.073919423168,2.764511948313233,-43.94961385347262,0.028203543078453738,0.2014942176036555,-1.5723188873961131,0.02543311441277336,0.2018626172949173,-1.5723188873961131,-2.0587994527920615e-17,2.90838957211132e-19,-3.3202680869643367e-19,-2.0590047154244952e-17,8.010411361551001e-21,-3.3202680869643367e-19,-1593.0484863087552,2.96637456560815,-45.521932740868735,-1679814.0598530509,242.01401631223948,129185.20995669864,0.037481454825808926,4577.015846574651
194.09499177473896,2001.0,12.0,14.0,14.0,24.0,42.0,1.0,3518397.207788265,-6191.880792498305,98437.01109002117,-74.46971941592399,-287.51728352572815,4570.313610158847,3519779.4101779084,4579.953976039398,3517979.0470643146,-54595.563706778514,98437.01109002117,3519779.410177908,-82.28804654452638,-535.828215131637,4570.313610158847,4602.352625987981,12747803.739995942,0.723936812008302,1.6336232777845217,2.1798519549262258e-07,8.746778536193887e-06,0.028017021035550153,0.02797045953710371,-0.015517767639299341,123579.41017790744,0.011765110096193005,0.011707849239673144,3504.9685587100685,-16087509221.295609,-1012061115.1730629,-196773519.90812504,-16086367708.401966,-1889524995.9463968,16119312040.100498,16198155777.074154,-0.9994885011519792,0.01551107536708358,-0.027966812580747968,0.015517144864179107,0.999879601859776,0.0,-0.027963445428525253,0.00043396508220481297,0.9996088521987354,4570.594468602684,-537.0405779498773,-0.11696276893200376,5.9334718576740366e-09,147.32688622259275,0.0,-49.626886222592724,-2.086556888703637,0.0,2.967736104205876e-17,2.284668086549057,1.5707963267948966,19.506750057836076,461.0,0.02895935320317211,2.862838508037177,0.0,0.06294923111399128,-1593.042078612605,2.8035284436812145,-44.56981162108073,0.028505412705049103,0.20106676703226323,-1.568910682009377,0.025736543556931307,0.2014399009234113,-1.568910682009377,-2.0543844873949e-17,2.9076528558478637e-19,-3.3599588987917115e-19,-2.0545900830681335e-17,8.106293217272113e-21,-3.3599588987917115e-19,-1593.0163420690483,3.0049683446046256,-46.138722303090105,-1679818.770100303,242.2025007486197,129217.58894126464,0.03758338092606997,4576.989965422444
194.39499177473894,2001.0,12.0,14.0,14.0,24.0,42.0,1.0,3518374.7113729864,-6278.135682973697,99808.10064922077,-75.50637890721008,-287.51531545827834,4570.2833842816335,3519795.687475596,4579.94066364615,3517954.202546849,-54756.309221546406,99808.10064922077,3519795.6874755966,-83.34206611700338,-535.8085347470802,4570.2833842816335,4602.339285464865,12747768.07257486,0.7239360396301946,1.6336232632346994,2.1747528790423948e-07,8.72925742838568e-06,0.02840737110896358,0.0283600214021001,-0.015563559072578845,123595.68747559609,0.011929017270586966,0.011870958506920134,3498.3472919911146,-16087505631.330276,-1012060654.3325428,-196773818.05507267,-16086365851.886929,-1889513390.5174253,16119308428.283876,16198152583.21672,-0.9994768205054344,0.015556672626307388,-0.028356219937528054,0.015562930767970601,0.999878890259171,0.0,-0.028352785723080528,0.00044130588772909674,0.9995978815458016,4570.572113273152,-537.0406899193416,-0.11696335997484633,5.9204500195231215e-09,147.37339278741743,0.0,-49.67339278741742,-2.0633036062912886,0.0,2.9678222743607885e-17,2.284682159203307,1.5707963267948966,19.50361541222149,461.0,0.028895558747115947,2.8715167697096766,0.0,0.06281150746746827,-1593.00979197037,2.8425430600008244,-45.189979662549284,0.02880530089219615,0.2006365966721384,-1.565480069621983,0.0260380469142446,0.20101445071576296,-1.565480069621983,-2.0499406429996786e-17,2.9068516343289733e-19,-3.3994012364636503e-19,-2.0501465669080563e-17,8.201581842535572e-21,-3.3994012364636503e-19,-1592.9837539234559,3.043557510716587,-46.75545973217127,-1679823.4701233208,242.39098518499998,129250.0556737563,0.03768530875118325,4576.964014782764
194.69499177473892,2001.0,12.0,14.0,14.0,24.0,42.0,1.0,3518351.903963057,-6364.3899792623015,101179.18108045784,-76.54301704718267,-287.5133222812015,4570.252757082648,3519812.189913602,4579.927183653623,3517929.0418269304,-54917.048818482916,101179.18108045784,3519812.189913602,-84.39606284710898,-535.7887629240475,4570.252757082648,4602.3257769872525,12747732.483938038,0.7239352689546498,1.6336232487149003,2.1747528790423948e-07,8.711560896313407e-06,0.02879771766284389,0.028749579535250768,-0.015609350808371758,123612.18991360255,0.012092922611732377,0.012034065942927162,3491.648261014372,-16087502049.256405,-1012060194.4734869,-196774125.50874722,-16086364027.155931,-1889501632.0784934,16119304824.404772,16198149403.196447,-0.9994649862023696,0.015602266784532874,-0.028745619260708736,0.015608716941605434,0.9998781765572429,0.0,-0.02874211737040621,0.0004486822343515639,0.9995867593027222,4570.5494652912375,-537.040805548324,-0.11696395923424496,5.907248069117959e-09,147.420542610293,0.0,-49.720542610293,-2.039728694853498,0.0,2.967909622267328e-17,2.284696424198994,1.5707963267948966,19.500438985035046,461.0,0.02883088330071022,2.8801757561443955,0.0,0.06267187743208696,-1592.9770595345929,2.8815557714613256,-45.81011756729557,0.029102724633187624,0.2002004890216588,-1.5620019597624766,0.02633718610034791,0.20058304268781574,-1.5620019597624766,-2.0454350569572874e-17,2.9059389883693893e-19,-3.4385378850918437e-19,-2.0456413009398815e-17,8.29613923848205e-21,-3.4385378850918437e-19,-1592.9507223484925,3.0821388141491415,-47.37211952705805,-1679828.1597908754,242.5794696213802,129282.6101541736,0.037787238305791185,4576.937994659166
194.9949917747389,2001.0,12.0,14.0,14.0,24.0,42.0,1.0,3518328.7855649223,-6450.6436738319635,102550.2522633432,-77.57963354728581,-287.51130399952063,4570.221728611746,3519828.9174870164,4579.9135360991,3517903.564911454,-55077.78247015808,102550.2522633432,3519828.9174870164,-85.45003644144815,-535.768899673445,4570.221728611746,4602.312100592491,12747696.975136498,0.7239345000044632,1.633623234225535,2.1645186910530892e-07,8.693624016234445e-06,0.029188060645891332,0.029139133886732102,-0.01565514285101426,123628.91748701595,0.012256826096677552,0.01219717152477068,3484.872034855187,-16087498475.179754,-1012059735.6091807,-196774442.39250198,-16086362234.312029,-1889489720.6490886,16119301228.569569,16198146237.119781,-0.9994529982505692,0.015647857825283423,-0.02913501044151856,0.015654503389322602,0.9998774607538834,0.0,-0.02913144025930346,0.0004560941197047017,0.9995754854769962,4570.52652470169,-537.0409248414767,-0.11696456671030268,5.893866010387236e-09,147.46833567718843,0.0,-49.76833567718844,-2.015832161405779,0.0,2.967998147398611e-17,2.2847108814500716,1.5707963267948966,19.49722083812457,461.0,0.028765326925998473,2.888815209878596,0.0,0.0625303409685561,-1592.9438813439233,2.9205665522560365,-46.43022492479732,0.029397650954410746,0.19975844173449434,-1.5584763510393569,0.026633928557693778,0.20014567388633311,-1.5584763510393569,-2.0408677182179626e-17,2.9049144068749466e-19,-3.477364609046516e-19,-2.0410742740336117e-17,8.389955220871932e-21,-3.477364609046516e-19,-1592.9172474153656,3.1207122261423694,-47.98870127583668,-1679832.838964289,242.76795405776048,129315.25238251656,0.037889169594536073,4576.911905055213
195.26348082820917,2001.0,12.0,14.0,14.0,24.0,43.0,1.0,3518307.831741439,-6527.837066813032,103777.30300304122,-78.50734890452313,-287.50947642755887,4570.193619041185,3519844.078956979,4579.901179981118,3517880.495885742,-55221.62815969258,103777.30300304122,3519844.0789569793,-86.39328449227328,-535.7510452709438,4570.193619041185,4602.299718362445,12747665.264643138,0.7239338133044676,1.6336232212842374,2.159383408157448e-07,8.677415858226447e-06,0.029537400302805245,0.02948776756960521,-0.015696125322044667,123644.07895697933,0.012403512142384486,0.012343143477971184,3478.7425790689886,-16087495283.382584,-1012059325.7971572,-196774734.08921325,-16086360656.908642,-1889478930.640779,16119298017.339401,16198143415.510605,-0.9994421391893531,0.01568865748623052,-0.02948349434665672,0.015695480825234073,0.9998768183539734,0.0,-0.02947986252129248,0.00046275762017884773,0.9995652672842883,4570.505745628729,-537.0410347155043,-0.11696511734670757,5.881736834416538e-09,147.51165416279807,0.0,-49.81165416279808,-1.9941729186009611,0.0,2.968078371965812e-17,2.284723983116161,1.5707963267948966,19.49430538855367,461.0,0.028705909420678265,2.896530424566717,0.0,0.06240205438756,-1592.9138101228978,2.9554781193809987,-46.985172144255216,0.029659454549937663,0.19935778700810258,-1.5552807815071872,0.02689744325196187,0.1997491878118039,-1.5552807815071872,-2.036727743622332e-17,2.9039021082849242e-19,-3.5118468389788163e-19,-2.0369345714631124e-17,8.473280073740385e-21,-3.5118468389788163e-19,-1592.8869126796458,3.1552273071928028,-48.5404529257624,-1679837.0176375546,242.9564384941407,129347.98235878516,0.037991102622060194,4576.88574597446
195.37729718195746,2001.0,12.0,14.0,14.0,24.0,43.0,1.0,3518298.8739411365,-6560.560302688181,104297.4650935903,-78.90061537445641,-287.50869562081317,4570.181605960557,3519850.5605425783,4579.895901505215,3517870.640162309,-55282.60495832619,104297.4650935903,3519850.5605425783,-86.79313512968716,-535.7434544310594,4570.181605960557,4602.294428731346,12747651.840100352,0.7239335225912422,1.6336232158050936,2.159383408157448e-07,8.670491326639679e-06,0.029685489501228252,0.02963555744427633,-0.015713498454247427,123650.56054257834,0.012465693998984971,0.01240502262107332,3476.1254748888314,-16087493932.135403,-1012059152.2960752,-196774860.07248333,-16086359995.800028,-1889474319.604627,16119296657.864813,16198142222.627798,-0.9994374987385931,0.015705952286168785,-0.02963121964970952,0.015712851815016287,0.9998765455234158,0.0,-0.029627561542997113,0.00046559096345408446,0.9995608990061939,4570.4968663169575,-537.0410821741626,-0.11696535275559897,5.877739626977387e-09,147.51320067822294,0.0,-49.826401356445864,-1.9867993217770665,0.0,2.968081800980806e-17,2.2847245431168073,1.5707963267948966,19.494180794425155,461.0,0.02868630255690327,2.8997966172297223,0.0,0.06235975206946347,-1592.9009547628386,2.9702771550572997,-47.22041466045825,0.02977571788691854,0.1992249524470773,-1.5542239422067856,0.027013923489289517,0.19961819303594647,-1.5542239422067856,-2.0353459983241833e-17,2.903999412203638e-19,-3.5270590879271056e-19,-2.0355529789094663e-17,8.510027454347961e-21,-3.5270590879271056e-19,-1592.8739408393494,3.169895348093246,-48.774638602665036,-1679838.7866726853,243.14492293052098,129380.80008297942,0.0380930373930058,4576.859517420471
195.54675055574282,2001.0,12.0,14.0,14.0,24.0,43.0,1.0,3518285.454357959,-6609.2795222052155,105071.89626289454,-79.48611693465772,-287.5075264289897,4570.163613445838,3519860.2705657044,4579.887997997656,3517855.882334507,-55373.38753497176,105071.89626289454,3519860.2705657044,-87.38843900382457,-535.732128564538,4570.163613445838,4602.286508520752,12747631.872191358,0.7239330901781932,1.6336232076548027,2.1542358837725204e-07,8.660139017622766e-06,0.029905968383437096,0.02985559062700356,-0.015739364205423503,123660.27056570398,0.012558271797164322,0.01249714973036165,3472.2082732506096,-16087491922.255398,-1012058894.2185067,-196775050.22833037,-16086359019.789152,-1889467413.7253814,16119294635.746674,16198140450.109522,-0.9994305489203765,0.015731700487665173,-0.02985115549658101,0.01573871436769047,0.9998761387642232,0.0,-0.02984745809557184,0.0004698188099062019,0.9995543549580077,4570.483568430545,-537.0411538015683,-0.11696570543086562,5.871063986078513e-09,147.52533820712998,0.0,-49.85067641425995,-1.9746617928700225,0.0,2.9681047962718165e-17,2.2847282985328223,1.5707963267948966,19.493345297210315,461.0,0.02865357739286049,2.9046547925151645,0.0,0.06228912236509861,-1592.8816964518453,2.9923098947569255,-47.5706427292137,0.029944847192175765,0.19900371562158262,-1.5524617320412752,0.027183705305640127,0.1993996461140656,-1.5524617320412752,-2.0330513867734293e-17,2.903800072648836e-19,-3.5492496809907196e-19,-2.0332585702236633e-17,8.56364163513064e-21,-3.5492496809907196e-19,-1592.8545127465397,3.191709540870991,-49.123104461254975,-1679841.4179745894,243.3334073669012,129413.70555509932,0.03819497391201501,4576.8332193968035
195.7782651449454,2001.0,12.0,14.0,14.0,24.0,43.0,1.0,3518266.959564541,-6675.841523135154,106129.95295238374,-80.28604311106008,-287.50591606636885,4570.138824238684,3519873.652922394,4579.87711334107,3517835.5564880497,-55497.41554319115,106129.95295238374,3519873.6529223938,-88.20175674998971,-535.7166075146571,4570.138824238684,4602.275600860355,12747604.627630703,0.7239325001845893,1.6336231965334251,2.1542358837725204e-07,8.645884353175066e-06,0.030207194330637007,0.030156207532786358,-0.01577470328749964,123673.65292239375,0.012684754629956576,0.012623016813419407,3466.816311042756,-16087489179.92021,-1012058542.0759706,-196775315.06750408,-16086357702.287525,-1889457899.6622074,16119291876.712538,16198138035.131105,-0.9994209745475802,0.01576687717103542,-0.03015163708057213,0.01577404906278922,0.9998755819481565,0.0,-0.030147885672626672,0.00047561340263235953,0.9995453360310184,4570.465249262135,-537.0412535364085,-0.11696619150859351,5.861863615854292e-09,147.5420661529922,0.0,-49.88413230598439,-1.957933847007804,0.0,2.968136486207092e-17,2.284733473892003,1.5707963267948966,19.492194015190023,461.0,0.028608476250994455,2.911283331864269,0.0,0.062191779977957495,-1592.8551550814632,3.0224109502903818,-48.049123222213076,0.030174767908808995,0.1986988184985051,-1.5500330474420518,0.027414562662419626,0.19909841497380293,-1.5500330474420518,-2.029888899052518e-17,2.903477229791131e-19,-3.579423777458761e-19,-2.030096355988899e-17,8.63654808204324e-21,-3.579423777458761e-19,-1592.8277405188007,3.221509365264185,-49.599156269655126,-1679845.008181749,243.52189180328145,129446.6987751449,0.038296912183729964,4576.806851907022
196.0782651449454,2001.0,12.0,14.0,14.0,24.0,44.0,1.0,3518242.718270967,-6762.092981881326,107500.98973237297,-81.32257904230373,-287.50380707680205,4570.106346431329,3519891.1933981166,4579.862860243487,3517808.9378776033,-55658.12749837292,107500.98973237297,3519891.193398116,-89.25564433224538,-535.6964141196959,4570.106346431329,4602.261317639164,12747569.387939293,0.7239317370497214,1.6336231821466458,2.149076029934881e-07,8.627257595315969e-06,0.0305975240104833,0.0305457478126255,-0.015820496474143072,123691.19339811662,0.012848651222563574,0.012786115510291116,3459.760926835239,-16087485632.790592,-1012058086.5641501,-196775666.99684775,-16086356022.632206,-1889445435.6114416,16119288307.9817,16198134917.45733,-0.9994084318502746,0.01581245681763258,-0.03054099795300522,0.015819836535378363,0.9998748585558064,0.0,-0.030537176008414265,0.0004831535952438678,0.9995335149178514,4570.441251669164,-537.0413859999796,-0.11696682865393208,5.84980453879482e-09,147.5639917476458,0.0,-49.92798349529156,-1.936008252354219,0.0,2.968178018942554e-17,2.2847402567024413,1.5707963267948966,19.490685361071076,461.0,0.028549362640854708,2.9198570152391743,0.0,0.06206419080138263,-1592.8203676391954,3.061414544674713,-48.66911685707864,0.03047070569964968,0.1982992032210505,-1.5468497195796538,0.02771179196520457,0.19870353416589087,-1.5468497195796538,-2.025743679846604e-17,2.9029718482908187e-19,-3.618274531662224e-19,-2.025951484806691e-17,8.730425085261149e-21,-3.618274531662224e-19,-1592.7926558472302,3.2601180788406037,-50.215966576658296,-1679849.651986219,243.7103762396617,129479.77974311613,0.038398852212792677,4576.780414954689
196.37826514494537,2001.0,12.0,14.0,14.0,24.0,44.0,1.0,3518218.166019719,-6848.343804527499,108872.01671465051,-82.35909201159204,-287.50167296435365,4570.073467250401,3519908.9589856635,4579.848439420281,3517782.0031042104,-55818.83338218397,108872.01671465051,3519908.958985663,-90.30950743379115,-535.67612930628,4570.073467250401,4602.246866336876,12747534.22122228,0.7239309754917955,1.6336231677877102,2.1439037576225677e-07,8.608409978557464e-06,0.030987849885877456,0.030935284082717042,-0.01586628998772986,123708.95898566348,0.013012545851670195,0.01294921224579417,3452.628785304725,-16087482092.967175,-1012057631.9617735,-196776028.90931734,-16086354374.160345,-1889432818.5144298,16119284746.599754,16198131813.03018,-0.9993957355413915,0.015858033270914305,-0.03093035018326846,0.01586562430169526,0.9998741330615156,0.0,-0.030926457074784645,0.0004907293155276086,0.9995215422578647,4570.416961342686,-537.0415221076807,-0.11696747401591498,5.837590697356352e-09,147.58619873207937,0.0,-49.97239746415872,-1.9138012679206413,0.0,2.9682200803875314e-17,2.2847471258576957,1.5707963267948966,19.489157747720395,461.0,0.02848949175241956,2.928412862914508,0.0,0.06193496310279092,-1592.7851346270008,3.100416089604485,-49.28907805514008,0.03076436317819144,0.19789447822024758,-1.5436255243693815,0.02800682910671323,0.1983035251204856,-1.5436255243693815,-2.0215451515456336e-17,2.9023678152233637e-19,-3.6568405152767833e-19,-2.0217532972814164e-17,8.823620936393156e-21,-3.6568405152767833e-19,-1592.757127797894,3.29871961472497,-50.83270357950946,-1679854.2861998882,243.89886067604195,129512.948459013,0.03850079400384511,4576.753908543367
196.65255568152597,2001.0,12.0,14.0,14.0,24.0,44.0,1.0,3518195.445731914,-6927.202522543104,110125.54045500243,-83.30675732119452,-287.49969976089045,4570.043054555329,3519925.3990907357,4579.835107694094,3517757.0999172768,-55965.76172235003,110125.54045500243,3519925.399090736,-91.27303466712652,-535.6575028728994,4570.043054555329,4602.233506432586,12747502.133231295,0.7239302806027498,1.633623154684074,2.1387189767371642e-07,8.590981442319337e-06,0.03134472216177892,0.03129143423832967,-0.01590815936881798,123725.39909073617,0.013162393267615285,0.013098330148038765,3446.041172724217,-16087478863.008873,-1012057217.1275178,-196776368.64946917,-16086352894.361332,-1889421148.764957,16119281496.968437,16198128986.354763,-0.9993839928613204,0.01589970109503089,-0.031286327966908035,0.01590748839889376,0.9998734679012335,0.0,-0.031282369242167686,0.000497686899177575,0.9995104630179451,4570.394496521225,-537.0416497449401,-0.11696807126217988,5.825757857278719e-09,147.61542597353193,0.0,-50.0231389602979,-1.9,0.0,2.9682747746910746e-17,2.28475605811532,1.5707963267948966,19.487171696398008,461.0,0.028431503354760704,2.9362196105360177,0.0,0.061809603409390984,-1592.7525311269185,3.1360734562925816,-49.85588095005187,0.031027989569020267,0.1975052278512482,-1.540499289277076,0.02827200005452929,0.19791853166943563,-1.540499289277076,-2.0174820274692495e-17,2.90147284351267e-19,-3.6915207393615114e-19,-2.0176904599588763e-17,8.907404431186514e-21,-3.6915207393615114e-19,-1592.724259126864,3.3339919879620172,-51.39638023932895,-1679858.5147262793,244.0873451124222,129546.20492283555,0.03860273756152928,4576.727332676618
196.87542729126778,2001.0,12.0,14.0,14.0,24.0,44.0,1.0,3518176.793214992,-6991.277863299729,111144.07053001515,-84.07675736044725,-287.4980810140013,4570.01809620935,3519938.8958754195,4579.824172104854,3517736.670507156,-56085.14288040743,111144.07053001515,3519938.8958754195,-92.05592218921016,-535.6423119334451,4570.01809620935,4602.222547728917,12747476.112026373,0.7239297170923819,1.6336231440558284,2.1387189767371642e-07,8.576728338221098e-06,0.0316346922093058,0.03158081741043474,-0.015942180057330044,123738.89587541949,0.013284148821903695,0.013219492945729916,3440.6425565704703,-16087476243.706299,-1012056880.6898551,-196776650.99555776,-16086351711.825432,-1889411572.512482,16119278861.710222,16198126698.395407,-0.99937435693249,0.015933555819996385,-0.03157556816121187,0.01594150477348442,0.9998729261388954,0.0,-0.031571555731849055,0.0005033620705674417,0.9995013674304286,4570.376062997674,-537.0417557197035,-0.11696856160533926,5.815153240741832e-09,147.65398821548425,0.0,-50.08098232322637,-1.9,0.0,2.9683461532435785e-17,2.2847677151175763,1.5707963267948966,19.484580437994257,461.0,0.02837955673604255,2.9425503324891076,0.0,0.061696995929614126,-1592.7257652956582,3.165045146876505,-50.3164096626384,0.03123587262816589,0.19716091204222824,-1.5376933801535522,0.02848154098732346,0.19757759690600976,-1.5376933801535522,-2.013847804834988e-17,2.900251155853497e-19,-3.718955458352211e-19,-2.01405643452548e-17,8.973638689573318e-21,-3.718955458352211e-19,-1592.697283754671,3.3626227437825147,-51.85410304279195,-1679861.9437927287,244.27582954880245,129579.5491345837,0.03870468289048699,4576.700687358007
197.17542729126777,2001.0,12.0,14.0,14.0,24.0,45.0,1.0,3518151.414719475,-7077.526958252202,112515.07087940244,-85.11320789011994,-287.4958802179687,4569.984151214331,3519957.2596063553,4579.809306253899,3517708.895660239,-56245.832497265954,112515.07087940244,3519957.2596063553,-93.10971879262183,-535.6217843052541,4569.984151214331,4602.20765045496,12747441.160668928,0.7239289601894336,1.6336231297769572,2.1335215960854858e-07,8.557393203370559e-06,0.032025007725094375,0.0319703427799482,-0.01598797446050318,123757.2596063558,0.013448038125220713,0.013382584361153485,3433.3112562038004,-16087472725.458809,-1012056428.738213,-196777040.05870372,-16086350148.36247,-1889398549.0070794,16119275322.028072,16198123631.340935,-0.9993612524868077,0.015979123707756622,-0.03196489689536322,0.01598729334065424,0.9998721950587685,0.0,-0.031960811623594036,0.0005110321832699398,0.999488992118707,4570.350995508493,-537.0419015817921,-0.11696922879971909,5.800724595006158e-09,147.70645601815943,0.0,-50.15968402723914,-1.9,0.0,2.968443256253326e-17,2.2847835732425175,1.5707963267948966,19.481056446380997,461.0,0.028308879517765544,2.9510536431003573,0.0,0.06154378308848018,-1592.68934851504,3.204041120309527,-50.93628267029204,0.031513342137155856,0.19669239480345171,-1.5338756767266595,0.028761329865928487,0.1971136088922163,-1.5338756767266595,-2.0089028647469332e-17,2.8985073716738377e-19,-3.7555911869673874e-19,-2.0091117523105042e-17,9.062089245746051e-21,-3.7555911869673874e-19,-1592.6605871851739,3.4011547292017434,-52.470158347018696,-1679866.549693985,244.4643139851827,129612.98109425756,0.03880662999536018,4576.673972591095
197.47542729126775,2001.0,12.0,14.0,14.0,24.0,45.0,1.0,3518125.7252928047,-7163.775388777388,113886.06097832306,-86.1496343787465,-287.4936543500105,4569.949805347139,3519975.8484299295,4579.794273129249,3517680.804678583,-56406.51594171218,113886.06097832306,3519975.84842993,-94.16348981895587,-535.6011653322471,4569.949805347139,4602.192585552293,12747406.297023535,0.723928205182713,1.6336231155301573,2.1283115233608674e-07,8.537845237920187e-06,0.032415319250016505,0.03235986395399275,-0.016033769206256963,123775.84842992993,0.013611925384201688,0.013545673734381591,3425.9066923819482,-16087469216.002733,-1012055977.8577242,-196777439.57304868,-16086348617.55771,-1889385372.642326,16119271791.187246,16198120579.026463,-0.999347994460709,0.016024688341788502,-0.032354216586207955,0.016033082216833285,0.9998714618762895,0.0,-0.03235005783591384,0.0005187378145879032,0.9994764652902502,4570.325635765905,-537.0420511374894,-0.11696990421018016,5.786119090769339e-09,147.75956694265696,0.0,-50.23935041398542,-1.9,0.0,2.9685415323253956e-17,2.284799622943074,1.5707963267948966,19.4774912233816,461.0,0.028237337578233372,2.9595355870421036,0.0,0.0613886933398906,-1592.6524863188542,3.243034949643975,-51.55612173555594,0.031788079681135464,0.19621808435836297,-1.5300111984004496,0.02903848788094482,0.1966438019889467,-1.5300111984004496,-2.0038970588726834e-17,2.8966491686825097e-19,-3.791886617007754e-19,-2.004106195545838e-17,9.149721414955598e-21,-3.791886617007754e-19,-1592.6234478309732,3.439678751632922,-53.08613293395639,-1679871.1440616827,244.65279842156295,129646.50080185704,0.03890857888079055,4576.647188379445
197.77542729126773,2001.0,12.0,14.0,14.0,24.0,45.0,1.0,3518099.72494156,-7250.02314805979,115257.04071780069,-87.18603656518745,-287.4914034145923,4569.915058653192,3519994.6623403495,4579.779072762621,3517652.397569218,-56567.19318704014,115257.04071780069,3519994.66234035,-95.21723500228167,-535.5804550246282,4569.915058653192,4602.177353052692,12747371.521909319,0.7239274520899961,1.6336231013157787,2.1283115233608674e-07,8.51809601031833e-06,0.032805626726325456,0.03274938088600654,-0.016079564299132147,123794.66234034998,0.013775810573208857,0.01370876103982225,3418.429470669478,-16087465715.420507,-1012055528.0592254,-196777849.65876722,-16086347119.490772,-1889372043.4357061,16119268269.270699,16198117541.534937,-0.999334582862812,0.01607024970584192,-0.03274352712829666,0.016078871406464936,0.9998707265913401,0.0,-0.032739294260933235,0.0005264789620899781,0.9994637869533836,4570.299983810189,-537.0422043908765,-0.11697058783684425,5.771336732582157e-09,147.80666048621427,0.0,-50.313320972428514,-1.893339513785741,0.0,2.968628879657215e-17,2.284813887844902,1.5707963267948966,19.474323600533566,461.0,0.028164929315512177,2.9679959487297274,0.0,0.061231879785854086,-1592.615178750662,3.2820266094320223,-52.17592645362024,0.03206010221165162,0.19573582585763122,-1.526102757690964,0.029313062561236607,0.19616602162778218,-1.526102757690964,-1.99882726082479e-17,2.894671935645611e-19,-3.8278350505544897e-19,-1.9990366374929323e-17,9.236551221129241e-21,-3.8278350505544897e-19,-1592.5858656881007,3.4781926310598044,-53.702029211311206,-1679875.7267876808,244.8412828579432,129680.10825738218,0.039010529551419926,4576.620334726619
198.07542729126772,2001.0,12.0,14.0,14.0,24.0,46.0,1.0,3518073.413673333,-7336.270228313495,116628.00997332507,-88.22241415097179,-287.489127421644,4569.879911181417,3520013.701332189,4579.763705188703,3517623.674340203,-56727.864205588325,116628.00997332507,3520013.7013321887,-96.27095403935056,-535.559653398684,4569.879911181417,4602.161952991185,12747336.836256657,0.72392670093147,1.6336230871353132,2.11785292678355e-07,8.498170245957445e-06,0.0331959301051524,0.03313889352501022,-0.01612535974339317,123813.70133218868,0.01393969367036149,0.013871846255649828,3410.880785871297,-16087462223.804667,-1012055079.3726367,-196778270.4394532,-16086345654.251299,-1889358561.424331,16119264756.37266,16198114518.961588,-0.9993210177019819,0.016115807783395567,-0.03313282841177177,0.016124660913716286,0.9998699892038053,0.0,-0.033128520786369776,0.0005342556232521647,0.9994509571166742,4570.27403968413,-537.0423613514604,-0.1169712796809436,5.756377524708893e-09,147.83385904598384,0.0,-50.36771809196766,-1.8661409540161693,0.0,2.9686800916412125e-17,2.2848222513965855,1.5707963267948966,19.47246690934191,461.0,0.028091651338188896,2.9764344573993906,0.0,0.06107365931327093,-1592.577425854379,3.3210160737892123,-52.79569641268535,0.03232948412636759,0.19524116219381213,-1.522156176477823,0.029585191382146055,0.19567581201964973,-1.522156176477823,-1.9936870120328944e-17,2.8925666510566065e-19,-3.863426944650703e-19,-1.993896618939536e-17,9.322624188862875e-21,-3.863426944650703e-19,-1592.5478406629968,3.516691885808862,-54.317852589163174,-1679880.297749186,245.02976729432345,129713.80346083298,0.039112482011889986,4576.593411636179
198.3754272912677,2001.0,12.0,14.0,14.0,24.0,46.0,1.0,3518046.7914955574,-7422.516622009327,117998.96862446415,-89.25876684754833,-287.4868263771917,4569.844362984049,3520032.965399845,4579.748170445256,3517594.6349994377,-56888.52896995042,117998.96862446415,3520032.9653998455,-97.32464663679715,-535.5387604666722,4569.844362984049,4602.146385405646,12747302.241096338,0.723925951729494,1.6336230729893575,2.11785292678355e-07,8.478066700109322e-06,0.03358622933518255,0.03352840182118636,-0.016171155543377638,123832.9653998455,0.01410357465283041,0.014034929359029627,3403.261384278536,-16087458741.258797,-1012054631.8141055,-196778702.03829145,-16086344221.939999,-1889344926.6315029,16119261252.597528,16198111511.411028,-0.9993072989871471,0.01616136255800331,-0.03352212032794428,0.016170450742827566,0.9998692497135682,0.0,-0.033517737301109594,0.0005420677955581616,0.9994379757887524,4570.247803433992,-537.0425220248493,-0.11697197974278395,5.7412414715499616e-09,147.86137914263645,0.0,-50.42275828527286,-1.838620857363566,0.0,2.968731903399489e-17,2.2848307128988434,1.5707963267948966,19.47058884548079,461.0,0.028017508802271864,2.984850853068196,0.0,0.06091356618342591,-1592.539227674483,3.3600033169515267,-53.41543120286467,0.03259604540802013,0.19474063564546376,-1.5181629005692427,0.0298546031474644,0.1951797121084781,-1.5181629005692427,-1.9884857975665623e-17,2.89034531866031e-19,-3.8986657151602056e-19,-1.9886956256937046e-17,9.407851842055412e-21,-3.8986657151602056e-19,-1592.5093730713356,3.5551830290600046,-54.93359410343391,-1679884.8568101637,245.2182517307037,129747.5864122094,0.039214436266842435,4576.566419111685
198.67542729126768,2001.0,12.0,14.0,14.0,24.0,46.0,1.0,3518019.858415743,-7508.762321635066,119369.91655104537,-90.29509436700779,-287.4845002870437,4569.808414113801,3520052.4545376496,4579.732468570334,3517565.279554895,-57049.187452738755,119369.91655104537,3520052.454537649,-98.37831250189706,-535.5177762406546,4569.808414113801,4602.130650334228,12747267.737466091,0.7239252045065806,1.633623058878454,2.1126042125758308e-07,8.457784105052543e-06,0.033976524364949176,0.033917905724793126,-0.016216951703428063,123852.45453764917,0.014267453497709517,0.014198010327090714,3395.5719947889447,-16087455267.887262,-1012054185.3989576,-196779144.5784327,-16086342822.658308,-1889331139.079779,16119257758.050423,16198108518.988504,-0.9992934267273353,0.016206914013226558,-0.033911402768208,0.016216240898043893,0.9998685081205111,0.0,-0.0339069436941219,0.0005499154764798534,0.9994248429783464,4570.221275106452,-537.0426864164308,-0.116972688022616,5.7259285775613584e-09,147.88922076807026,0.0,-50.478441536140515,-1.8107792319297429,0.0,2.968784314774307e-17,2.284839272325913,1.5707963267948966,19.468689427552164,461.0,0.027942501779403377,2.9932448762638244,0.0,0.06075160034999451,-1592.5005842559676,3.3989883131665746,-54.035130414451785,0.03285975362757747,0.1942342435843983,-1.514122929387736,0.030121265844525544,0.19467771863567715,-1.514122929387736,-1.9832236111776998e-17,2.8880074399028595e-19,-3.933547183663676e-19,-1.9834336514254326e-17,9.492224108710057e-21,-3.933547183663676e-19,-1592.470462990123,3.5936660318022517,-55.549253343839524,-1679889.403833663,245.40673616708395,129781.45711151152,0.03931639232091891,4576.5393571566965
198.97542729126766,2001.0,12.0,14.0,14.0,24.0,46.0,1.0,3517992.614441485,-7595.007319677458,120740.85363287036,-91.33139642121824,-287.4821491551005,4569.772064614633,3520072.1687398707,4579.716599592966,3517535.60801464,-57209.83962656653,120740.85363287036,3520072.16873987,-99.43195134167739,-535.4967007308182,4569.772064614633,4602.114747806,12747233.326086596,0.7239244592783751,1.633623044802849,2.1073424255447054e-07,8.437321169530472e-06,0.03436681514316831,0.03430740518608308,-0.016262748227886696,123872.16873987019,0.014431330182120108,0.014361089136927923,3387.813193283975,-16087451803.762674,-1012053740.1357446,-196779598.18274224,-16086341456.475925,-1889317198.7850263,16119254272.804346,16198105541.766972,-0.9992794009316751,0.016252462132629156,-0.03430067562395849,0.01626203138361011,0.9998677644245155,0.0,-0.03429613985437785,0.0005577986634758433,0.9994115586942849,4570.194454739355,-537.0428545296791,-0.11697340452050452,5.710612686385854e-09,147.93476782820053,0.0,-50.53476782820054,-1.7826160858997293,0.0,2.968868898736631e-17,2.2848530859352545,1.5707963267948966,19.465624864173538,461.0,0.027867482982904025,3.0016163464023,0.0,0.06058960619920142,-1592.4614956443447,3.4379710366854956,-54.654793637791975,0.03312165936709346,0.19372831788832426,-1.5100856392299509,0.030386141026359538,0.19417617748991656,-1.5100856392299509,-1.97798169376793e-17,2.8856710473358597e-19,-3.9682301691241237e-19,-1.978191945590426e-17,9.57612425937762e-21,-3.9682301691241237e-19,-1592.4311095033183,3.6321472141754123,-56.164879277021925,-1679893.938724516,245.5952206034642,129815.41555873927,0.039418350178761004,4576.512225774772
199.27542729126765,2001.0,12.0,14.0,14.0,24.0,47.0,1.0,3517965.059580467,-7681.251608623959,122111.77974975256,-92.36767272153338,-287.47977298184674,4569.7353145027255,3520092.1080007167,4579.700563514061,3517505.6203868235,-57370.485464049525,122111.77974975256,3520092.108000716,-100.48556286260356,-535.4755339439738,4569.7353145027255,4602.098677821861,12747199.006698117,0.7239237160392898,1.6336230307624264,2.1020674675205215e-07,8.416663387428564e-06,0.034757101619159625,0.03469690015531396,-0.01630854512109606,123892.1080007162,0.014595204683201697,0.01452416576575662,3379.9853583574295,-16087448348.858915,-1012053296.0209388,-196780062.9728847,-16086340123.363794,-1889303105.751119,16119250796.833012,16198102579.719894,-0.9992652216093966,0.016298006899777933,-0.034689938786603966,0.016307822203771305,0.9998670186254621,0.0,-0.03468532567086149,0.0005657173539916476,0.9993981229454965,4570.167342342691,-537.0430263646477,-0.11697412923648562,5.695230970876083e-09,147.9917371449034,0.0,-50.5917371449034,-1.7541314275483013,0.0,2.9689742325460745e-17,2.2848702882517946,1.5707963267948966,19.461809905795768,461.0,0.027792144256662942,3.0099653047224777,0.0,0.06042691707921252,-1592.4219618856396,3.476951461763775,-55.27442046329975,0.03338136836104485,0.19322056421568484,-1.5060331582826598,0.030648866845038338,0.19367278887494357,-1.5060331582826598,-1.972730520074602e-17,2.883293150711189e-19,-4.002656152845182e-19,-1.972940979789024e-17,9.659411106253016e-21,-4.002656152845182e-19,-1592.3913130187946,3.6706242506387183,-56.78045362158241,-1679898.4615167473,245.78370503984445,129849.46175389268,0.039520309845010294,4576.485024969467
199.57542729126763,2001.0,12.0,14.0,14.0,24.0,47.0,1.0,3517937.193840457,-7767.495180962841,123482.69478151512,-93.40392297996277,-287.4773717717306,4569.698163825335,3520112.2723143306,4579.684360365621,3517475.3166796844,-57531.12493780626,123482.69478151512,3520112.2723143306,-101.53914677185354,-535.4542758909158,4569.698163825335,4602.0824404138675,12747164.780118212,0.7239229748070687,1.6336230167575068,2.0967792390987746e-07,8.395835767528423e-06,0.03514738374155522,0.03508639058274809,-0.01635434238739898,123912.27231433056,0.014759076978028206,0.014687240190648947,3372.089112728834,-16087444903.258318,-1012052853.0649017,-196780539.07180405,-16086338823.401295,-1889288859.9959,16119247330.219244,16198099632.930084,-0.999250888769831,0.01634354829824274,-0.03507919214756473,0.016353613362772867,0.9998662707232308,0.0,-0.03507450103256919,0.0005736715454596916,0.99938453574101,4570.1399379574505,-537.0432019253507,-0.116974862170667,5.679675643230711e-09,148.04934946951587,0.0,-50.64934946951589,-1.7253252652420572,0.0,2.9690807355067416e-17,2.2848876815052197,1.5707963267948966,19.45795417364253,461.0,0.027715956962896582,3.0182915473716,0.0,0.06026238927547666,-1592.3819830264,3.515929562661361,-55.89401048145893,0.03363818418026524,0.19270705140155422,-1.5019348620776503,0.030908802669186823,0.19316361202976087,-1.5019348620776503,-1.9674196627038332e-17,2.8807998374863015e-19,-4.0367210377177947e-19,-1.96763032120641e-17,9.741833453723769e-21,-4.0367210377177947e-19,-1592.3510742237306,3.7090931746911218,-57.395945343536575,-1679902.9721024297,245.97218947622468,129883.59569697174,0.039622271324308324,4576.4577547443405
199.8754272912676,2001.0,12.0,14.0,14.0,24.0,47.0,1.0,3517909.017229311,-7853.73802918385,124853.59860799657,-94.44014690874481,-287.47494553036887,4569.660612638911,3520132.661674798,4579.667990188727,3517444.69690155,-57691.75802045861,124853.59860799657,3520132.6616747975,-102.59270277685168,-535.4329265836357,4569.660612638911,4602.066035623175,12747130.647476736,0.7239222356062179,1.6336230027885397,2.0861625671386756e-07,8.374850299348598e-06,0.035537661458843385,0.03547587641865397,-0.016400140031138735,123932.66167479753,0.014922947043767756,0.014850312388780882,3364.125158570707,-16087441467.074665,-1012052411.2820486,-196781026.60280657,-16086337556.699234,-1889274461.5413532,16119243873.077503,16198096701.512049,-0.9992364024224107,0.01638908631159662,-0.035468435598274894,0.016399404864860606,0.9998655207177005,0.0,-0.035463665828511355,0.0005816612352993444,0.9993707970899545,4570.112241633743,-537.0433812169671,-0.11697560332317962,5.663984731939008e-09,148.1076047851358,0.0,-50.711407177703734,-1.69619760743209,0.0,2.96918840698332e-17,2.2849052655917745,1.5707963267948966,19.454057741713846,461.0,0.027639106722870004,3.026594799492499,0.0,0.0600964388425913,-1592.341559113681,3.5549053136429767,-56.513563282825444,0.033892326517209914,0.19219033365958232,-1.4978009618496217,0.03116613235285334,0.19265120384543458,-1.4978009618496217,-1.962062676098859e-17,2.8782105445690117e-19,-4.0704491430725774e-19,-1.9622735256665657e-17,9.823452597546279e-21,-4.0704491430725774e-19,-1592.310392981328,3.747556517488411,-58.011364244675065,-1679907.4703324586,246.16067391260495,129917.81738797645,0.039724234621296636,4576.4304151029455
200.1754272912676,2001.0,12.0,14.0,14.0,24.0,48.0,1.0,3517880.529754677,-7939.980146055657,126224.4911134987,-95.47634423006981,-287.47249425462826,4569.622660962223,3520153.2760760044,4579.65145298635,3517413.7610605373,-57852.38468490512,126224.4911134987,3520153.2760760044,-103.64623059486964,-535.4114860252434,4569.622660962223,4602.049463452533,12747096.60857219,0.7239214984324124,1.6336229888545848,2.0861625671386756e-07,8.35370579329016e-06,0.03592793471771951,0.035865357614572074,-0.016445938056738163,123953.27607600437,0.015086814856455888,0.015013382336235932,3356.0934125632048,-16087438040.288578,-1012051970.6559746,-196781525.6869878,-16086336323.235262,-1889259910.3785775,16119240425.387417,16198093785.444431,-0.9992217625766225,0.016434620923494132,-0.03585766903144741,0.016445196714359876,0.9998647686087484,0.0,-0.035852819948977245,0.0005896864209405628,0.9993569070015133,4570.084253384215,-537.0435642359307,-0.1169763526932202,5.648376685310979e-09,148.1665030742982,0.0,-50.79975461144729,-1.6667484628509044,0.0,2.9692972463378663e-17,2.2849230404072762,1.5707963267948966,19.45012068457253,461.0,0.02756265955346294,3.034875095247151,0.0,0.05993145593848441,-1592.30069019511,3.5938786891041903,-57.13307846004839,0.03414522923514399,0.1916850686887094,-1.4936901252766501,0.03142208185172154,0.19215024072277267,-1.4936901252766501,-1.9567374862003222e-17,2.875639612685768e-19,-4.104002377410055e-19,-1.9569485274769e-17,9.904674424359487e-21,-4.104002377410055e-19,-1592.2692681132582,3.786028929826963,-58.62676858532504,-1679911.9562331904,246.34915834898518,129952.12682690682,0.03982619974061672,4576.403006048832
200.47542729126758,2001.0,12.0,14.0,14.0,24.0,48.0,1.0,3517851.73142564,-8026.221523077537,127595.37216203797,-96.51251461785698,-287.47001794567075,4569.584308837389,3520174.115512396,4579.634748783839,3517382.509166221,-58013.00490279618,127595.37216203797,3520174.115512396,-104.69972989488545,-535.3899542239574,4569.584308837389,4602.0327239272065,12747062.663994072,0.7239207632984552,1.6336229749553177,2.0754915888881898e-07,8.33232109323272e-06,0.03631820347600879,0.03625483411627206,-0.016491736468258456,123974.11551239667,0.015250680397040601,0.01517645001393098,3347.994097545743,-16087434622.960003,-1012051531.1852099,-196782036.4513016,-16086335123.06625,-1889245206.514365,16119236987.208725,16198090884.786463,-0.9992069692422675,0.016480152117234637,-0.03624689233403592,0.016490988915234397,0.9998640143962566,0.0,-0.03624196327849805,0.0005977470996922809,0.9993428654851771,4570.055973243436,-537.0437509829187,-0.11697711028034831,5.63259825489966e-09,148.22604432113337,0.0,-50.88906648170004,-1.6369778394333192,0.0,2.9694072529266717e-17,2.284941005846598,1.5707963267948966,19.44614307745625,461.0,0.027485379690315604,3.0431323098368055,0.0,0.059764668909241855,-1592.2593763185967,3.63284966286831,-57.752555596631545,0.034395201368362986,0.1911741986426186,-1.489534326815613,0.03167520202779812,0.19164364242081136,-1.489534326815613,-1.9513537118204458e-17,2.872954014134083e-19,-4.137189451472337e-19,-1.951564935662121e-17,9.98502011192858e-21,-4.137189451472337e-19,-1592.2277011165688,3.824493305289121,-59.24208992344716,-1679916.429726746,246.53764278536545,129986.52401376284,0.03992816668691002,4576.375527585554
200.77542729126756,2001.0,12.0,14.0,14.0,24.0,48.0,1.0,3517822.622249077,-8112.462153898226,128966.24165201123,-97.54865782878926,-287.4675166080383,4569.545556310673,3520195.1799773006,4579.617877612455,3517350.941225936,-58173.61864790074,128966.24165201123,3520195.1799773,-105.75320042883148,-535.3683311900664,4569.545556310673,4602.015817078512,12747028.814506033,0.7239200302209244,1.633622961091093,2.0754915888881898e-07,8.310841292360089e-06,0.0367084676718205,0.03664430587930932,-0.016537535270373344,123995.17997730011,0.015414543638228348,0.015339515394656748,3339.827891662717,-16087431215.165808,-1012051092.880319,-196782559.01393443,-16086333956.26612,-1889230349.9664807,16119233558.618803,16198087999.615479,-0.9991920224288865,0.01652567987672657,-0.03663610540278135,0.016536781472060346,0.9998632580800964,0.0,-0.03663109571139078,0.0006058432690331646,0.9993286725501858,4570.027401252335,-537.0439414620665,-0.11697787608471173,5.616649445758488e-09,148.28622850657175,0.0,-50.979342759857616,-1.6068857467141275,0.0,2.9695184260934484e-17,2.284959161802561,1.5707963267948966,19.442124996518704,461.0,0.027407267208411377,3.0513662284328023,0.0,0.05959607769303329,-1592.2176175329605,3.6718182097390515,-58.37199429175944,0.03464221163981173,0.190657718840299,-1.485333564663282,0.03192546203365276,0.19113140363274111,-1.485333564663282,-1.9459113393551902e-17,2.8701532585121884e-19,-4.170006333519657e-19,-1.946122736537005e-17,1.0064479940618697e-20,-4.170006333519657e-19,-1592.185692070927,3.8629496133717924,-59.85732785642272,-1679920.8907122742,246.72612722174568,130021.0089485445,0.040030135464818005,4576.347979716656
201.07542729126754,2001.0,12.0,14.0,14.0,24.0,49.0,1.0,3517793.2022336726,-8198.702030558019,130337.09945607498,-98.5847735580549,-287.4649902497434,4569.506403445049,3520216.469464775,4579.600839518886,3517319.0572488527,-58334.225892405884,130337.09945607498,3520216.469464775,-106.80664188708964,-535.3466169383571,4569.506403445049,4601.99874295331,12746995.061425522,0.7239192992283878,1.633622947262793,2.070135472632919e-07,8.28911832153427e-06,0.03709872725751666,0.03703377285191601,-0.016583334467298295,124016.46946477517,0.015578404558857754,0.015502578457241466,3331.595747642219,-16087427817.03832,-1012050655.7638688,-196783093.49999076,-16086332822.96414,-1889215340.7656357,16119230139.751139,16198085130.065378,-0.999176922146392,0.016571204185427606,-0.037025308127114076,0.016582574388955672,0.9998624996601456,0.0,-0.037020217134663386,0.0006139749262918742,0.9993143282061416,4569.99853746676,-537.0441356809154,-0.11697865010681802,5.600530262384503e-09,148.32352780682172,0.0,-51.04705561364339,-1.6,0.0,2.969588087280305e-17,2.284970538337723,1.5707963267948966,19.439608138199095,461.0,0.02732831645277645,3.059576587144547,0.0,0.05942500275681773,-1592.175413887242,3.710784303793983,-58.99139413299548,0.03488551397988476,0.19012633480662477,-1.4810672285756215,0.03217224870252216,0.19060422001116498,-1.4810672285756215,-1.9403603808852515e-17,2.8671610224924775e-19,-4.202323826189501e-19,-1.9405719363687397e-17,1.0142584128563223e-20,-4.202323826189501e-19,-1592.1432416385396,3.901388523805148,-60.4724613615711,-1679925.3390159588,246.91461165812595,130055.58163125184,0.040132106078982106,4576.320362445686
201.37542729126753,2001.0,12.0,14.0,14.0,24.0,49.0,1.0,3517763.4713877137,-8284.941145552433,131707.94545413763,-99.62086151837428,-287.46243888094125,4569.4668503059775,3520237.983968594,4579.5836345526295,3517286.8572437353,-58494.82660894896,131707.94545413763,3520237.983968594,-107.86005397763584,-535.3248114855056,4569.4668503059775,4601.981501601379,12746961.406158468,0.7239185703513338,1.6336229334717316,2.0647654623614315e-07,8.267284556102628e-06,0.037488982181312865,0.037423234984389986,-0.016629134063378573,124037.98396859411,0.015742263136069214,0.015665639178858787,3323.2989065125585,-16087424428.718395,-1012050219.8659472,-196783640.0326088,-16086331723.298107,-1889200178.9499028,16119226730.748196,16198082276.279371,-0.9991616684047219,0.01661672502692671,-0.037414500398536873,0.016628367670168086,0.9998617391362796,0.0,-0.037409327437396105,0.0006221420688225215,0.9992998324626737,4569.96938194546,-537.044333649163,-0.1169794323475697,5.584240709493021e-09,148.35426281227734,0.0,-51.10852562455464,-1.6,0.0,2.9696458542171134e-17,2.28497997239444,1.5707963267948966,19.43752152962227,461.0,0.027248531509936294,3.0677631351737387,0.0,0.05925191989807077,-1592.1327654310785,3.749747919321747,-59.61075471126521,0.035125563171202655,0.18958654789115845,-1.476749751650061,0.03241592492754554,0.1900685985124118,-1.476749751650061,-1.934735831096684e-17,2.8640295815615677e-19,-4.234222539779975e-19,-1.9349475337239998e-17,1.0219634013464368e-20,-4.234222539779975e-19,-1592.100349506151,3.9398165178341586,-61.08750446291527,-1679929.7744523026,247.10309609450618,130090.24206188481,0.04023407853404371,4576.29267577619
201.6754272912675,2001.0,12.0,14.0,14.0,24.0,49.0,1.0,3517733.429719568,-8371.179491385805,133078.77952623152,-100.6569214225136,-287.4598625075569,4569.426896949754,3520259.723482468,4579.566262753601,3517254.341219433,-58655.42077017801,133078.77952623152,3520259.7234824686,-108.91343640843338,-535.302914843988,4569.426896949754,4601.964093062725,12746927.849774497,0.7239178436129636,1.6336229197184275,2.0593814493842838e-07,8.245258326377755e-06,0.03787923239154897,0.037812692227066264,-0.016674934062961996,124059.72348246863,0.015906119347032656,0.015828697536663088,3314.9381515309215,-16087421050.31368,-1012049785.2017019,-196784198.7348845,-16086330657.372608,-1889184864.542496,16119223331.718359,16198079438.36596,-0.9991462612139135,0.01666224238481821,-0.03780368210859776,0.016674161319947832,0.9998609765083726,0.0,-0.03779842650871465,0.0006303446939667847,0.9992851853295095,4569.939934737939,-537.0445353722721,-0.1169802228071927,5.567780791845178e-09,148.3853192606695,0.0,-51.17063852133895,-1.6,0.0,2.969704218766333e-17,2.2849895040486703,1.5707963267948966,19.43541380452891,461.0,0.02716791413770655,3.0759256228337595,0.0,0.05907702863477074,-1592.089672214622,3.788709030619374,-60.230075617620145,0.03536253589702821,0.1890410820147356,-1.4723871857048463,0.03265662897480951,0.18952726510550463,-1.4723871857048463,-1.92905235662022e-17,2.8607806726762806e-19,-4.2657347931527155e-19,-1.929264196827989e-17,1.0295753466033893e-20,-4.2657347931527155e-19,-1592.0570155856472,3.9782362957248787,-61.70246280332499,-1679934.1968801375,247.29158053088645,130124.99024044344,0.04033605283464429,4576.264919711703
201.92075451139652,2001.0,12.0,14.0,14.0,24.0,49.0,1.0,3517708.631912833,-8441.70095998239,134199.78028574667,-101.50414602317139,-287.45773707834866,4569.393927377129,3520277.6683633775,4579.55193286604,3517227.5161273465,-58786.74294270572,134199.78028574667,3520277.6683633775,-109.77482543826079,-535.2849409363226,4569.393927377129,4601.949732868036,12746900.482995637,0.7239172509222123,1.6336229084998937,2.053983323587514e-07,8.227154973882769e-06,0.03819835884968391,0.038131170100422544,-0.01671238765449577,124077.66836337792,0.016040112201494282,0.01596203794263714,3308.0540751069784,-16087418295.039011,-1012049430.6775627,-196784664.74875647,-16086329810.850763,-1889172227.674455,16119220559.62079,16198077129.510239,-0.9991335478267971,0.016699461940465746,-0.038121930406739155,0.016711609692848763,0.9998603512998572,0.0,-0.038116606728710915,0.000637078821695368,0.9992730950156037,4569.915637306149,-537.0447031269397,-0.11698087532009137,5.554919709262122e-09,148.41917090844484,0.0,-51.21917090844483,-1.5904145457775878,0.0,2.9697672907578786e-17,2.2849998044865747,1.5707963267948966,19.43313660993063,461.0,0.027104913309947565,3.082582500526001,0.0,0.058940600907990394,-1592.054101888654,3.820567888520445,-60.7365001007205,0.0355588708214254,0.1886151364931107,-1.4689856430601416,0.03285574421280809,0.1891047410316096,-1.4689856430601416,-1.9246296327279094e-17,2.858436112114935e-19,-4.2918195703730248e-19,-1.9248416079832244e-17,1.0358820523125727e-20,-4.2918195703730248e-19,-1592.0212461444412,4.009672629552054,-62.20548574378064,-1679937.803591255,247.48006496726669,130159.82616692773,0.040438028985425166,4576.237094255771
202.0567361717836,2001.0,12.0,14.0,14.0,24.0,50.0,1.0,3517694.7972821468,-8480.789859829352,134821.13280953642,-101.97374328228713,-287.4565517675646,4569.375537409243,3520287.6797890505,4579.543941851319,3517212.5563021614,-58859.53119880791,134821.13280953642,3520287.6797890505,-110.2522733902211,-535.2749519599919,4569.375537409243,4601.941724952359,12746885.339220101,0.7239169229480013,1.6336229022913031,2.053983323587514e-07,8.217054800827253e-06,0.03837524507922905,0.038307696775602355,-0.016733147807396005,124087.67978905048,0.0161143819904648,0.016035946088714073,3304.2194135934114,-16087416770.358955,-1012049234.4854252,-196784926.61539274,-16086329351.029024,-1889165179.2330709,16119219025.630865,16198075853.987953,-0.9991264567652968,0.016720091240479247,-0.03829832816891131,0.016732366943017923,0.9998600041488229,0.0,-0.03829296656186064,0.0006408216802263438,0.9992663499085048,4569.90208545235,-537.0447971821455,-0.11698123936691897,5.548287139754052e-09,148.44419947262622,0.0,-51.24419947262622,-1.5779002636868908,0.0,2.969813614484118e-17,2.285007369725184,1.5707963267948966,19.43146445734966,461.0,0.027072414899385066,3.086266136963284,0.0,0.0588704204430943,-1592.034257630172,3.838226101662557,-61.01719292166135,0.03567049225863384,0.18839568862731887,-1.46723707089867,0.03296867435790803,0.18888723096709623,-1.46723707089867,-1.9223630750030507e-17,2.857403599570181e-19,-4.3066259195731384e-19,-1.9225751447416655e-17,1.0394661284555319e-20,-4.3066259195731384e-19,-1592.001288955814,4.0271133326296535,-62.48442999256002,-1679939.7994200643,247.66854940364695,130194.74984133767,0.04054000699102774,4576.209199411925
202.35673617178358,2001.0,12.0,14.0,14.0,24.0,50.0,1.0,3517664.0497591733,-8567.026431005517,136191.939351388,-103.00973839118954,-287.45391856824835,4569.334674867375,3520309.930283734,4579.5261908246575,3517179.3226222857,-59020.11037111351,136191.939351388,3520309.9302837346,-111.30558736530887,-535.2528482112034,4569.334674867375,4601.923936381639,12746851.994202234,0.7239162007809045,1.633622888618925,2.048570973406366e-07,8.194690346062687e-06,0.03876548440472856,0.038697142728824144,-0.01677894873948839,124109.93028373457,0.01627823274270891,0.01619899899344416,3295.7122668996453,-16087413413.142561,-1012048802.4613764,-196785513.39199063,-16086328360.388481,-1889149518.1543515,16119215647.913319,16198073050.781767,-0.9991107011247738,0.016765600626066617,-0.03868748549091842,0.016778161445603866,0.9998592367421052,0.0,-0.03868203971442096,0.0006491048774910864,0.9992513590015227,4569.871975510442,-537.0450073911046,-0.11698204849178431,5.533546187025837e-09,148.49982570933648,0.0,-51.29982570933647,-1.5500871453317686,0.0,2.9699165561915505e-17,2.2850241813818193,1.5707963267948966,19.42774962354603,461.0,0.02700018817265721,3.0943770339998897,0.0,0.05871444222737605,-1591.9901545389348,3.8771814303214494,-61.6364222131494,0.035914755578248664,0.18790794556388088,-1.4633508098231127,0.03321589162570386,0.18840374257905085,-1.4633508098231127,-1.9173253621219e-17,2.8550507870613313e-19,-4.339041878378295e-19,-1.917537634277352e-17,1.047313497339329e-20,-4.339041878378295e-19,-1591.956938647309,4.065585172900501,-63.099773022972514,-1679944.194044141,247.85703384002719,130229.76126367325,0.04064198685609337,4576.181235183699
202.65673617178356,2001.0,12.0,14.0,14.0,24.0,50.0,1.0,3517632.9914420117,-8653.262208466742,137562.7335744136,-104.04570449482517,-287.45126033495075,4569.293411907068,3520332.4057674706,4579.508272706722,3517145.772952804,-59180.682898614825,137562.7335744136,3520332.4057674706,-112.35887071515344,-535.2306532661373,4569.293411907068,4601.905980365245,12746818.73802457,0.72391548053511,1.6336228749806572,2.0431442857983876e-07,8.172142420104014e-06,0.03915571885710154,0.03908658362968153,-0.016824750089296202,124132.4057674706,0.016442081053939725,0.016362049459694633,3287.1404347494245,-16087410064.829918,-1012048371.5484676,-196786112.724693,-16086327402.466948,-1889133704.3884027,16119212279.151722,16198070262.428686,-0.9990947920686564,0.016811106474393517,-0.03907663189676074,0.016823956330650147,0.9998584672309299,0.0,-0.03907110127284246,0.0006574235485799934,0.9992362167373664,4569.8415736582265,-537.0452213239622,-0.11698286583553345,5.518656179050729e-09,148.55601441867648,0.0,-51.356014418676494,-1.5219927906617523,0.0,2.970020520310052e-17,2.285041160010853,1.5707963267948966,19.423999383305027,461.0,0.02692723295505315,3.102466189897026,0.0,0.058556884811762404,-1591.9456068550583,3.9161341706902797,-62.255610495336875,0.03615625286200303,0.1874152440998557,-1.459425193511557,0.03346043494421168,0.18791526716947127,-1.459425193511557,-1.91223633754213e-17,2.852594541758034e-19,-4.371111572699028e-19,-1.9124488037563353e-17,1.0550779441281084e-20,-4.371111572699028e-19,-1591.9121464201141,4.104049437859751,-63.71503568884843,-1679948.5769826397,248.04551827640742,130264.8604339345,0.04074396858526345,4576.153201574622
202.92022015311846,2001.0,12.0,14.0,14.0,24.0,50.0,1.0,3517605.457200382,-8729.000701109173,138766.66438335882,-104.95554858775725,-287.44890501608495,4569.256841233479,3520352.3311059694,4579.492397780921,3517116.046321475,-59321.70502560961,138766.66438335882,3520352.3311059694,-113.28392285797992,-535.2110846780697,4569.256841233479,4601.890071861703,12746789.603475258,0.7239148495512527,1.6336228630307412,2.037703146215881e-07,8.15218819085004e-06,0.03949844988771974,0.03942861755319597,-0.01686497684393688,124152.33110596938,0.01658598370702903,0.016505251383615735,3279.5590561255813,-16087407131.459112,-1012047994.0080625,-196786649.560126,-16086326588.169708,-1889119689.5462856,16119209327.864317,16198067825.766512,-0.9990806929306767,0.016851070417424053,-0.039418402288092354,0.016864177378263807,0.9998577896487852,0.0,-0.03941279658325864,0.0006647589281541493,0.9992227927549762,4569.814631572865,-537.0454122909262,-0.11698359047140247,5.505268321279893e-09,148.60333015138482,0.0,-51.406660302769644,-1.4966698486151777,0.0,2.970108146010871e-17,2.2850554703737886,1.5707963267948966,19.420839671283304,461.0,0.026861642440039427,3.1095527025267176,0.0,0.058415228249059224,-1591.9061148470864,3.9503434258541468,-62.79939699224161,0.03636481662492444,0.18697228658998835,-1.4558952291138785,0.03367183859678346,0.18747598013176323,-1.4558952291138785,-1.9076570271754636e-17,2.850250969714506e-19,-4.398834290008267e-19,-1.9078696493708797e-17,1.0617911282421253e-20,-4.398834290008267e-19,-1591.8724430084897,4.13781940598591,-64.25529222135549,-1679952.4167372864,248.23400271278769,130300.04735212139,0.04084595218317934,4576.125098588222
203.1106720971232,2001.0,12.0,14.0,14.0,24.0,51.0,1.0,3517585.4055874366,-8783.745740768212,139636.88569847785,-105.61318948118955,-287.44719053437876,4569.230214990741,3520366.841628659,4579.480842925629,3517094.4075067323,-59423.63566662032,139636.88569847785,3520366.8416286595,-113.95255567813076,-535.1968962999199,4569.230214990741,4601.878492565724,12746768.5915972,0.7239143944835092,1.6336228544112013,2.0322474385776934e-07,8.13768498034865e-06,0.03974618093255069,0.039675844631825045,-0.016894053820204737,124166.84162865952,0.016689998477781486,0.01660875965336367,3274.049483284354,-16087405015.888412,-1012047721.7041162,-196787043.73771104,-16086326015.746996,-1889109486.0433064,16119207199.370844,16198066072.088373,-0.9990704280919732,0.016879955510298077,-0.03966543601287767,0.01689325021235148,0.9998572988668247,0.0,-0.03965977571021074,0.0006700781353475597,0.9992130169217714,4569.795017192496,-537.0455521317535,-0.11698411820168694,5.494489075852927e-09,148.62405946951358,0.0,-51.448118939027204,-1.475940530486397,0.0,2.970147071192259e-17,2.28506182733833,1.5707963267948966,19.41943640132903,461.0,0.026808850444448213,3.114663443850028,0.0,0.05830121375992588,-1591.87735567608,3.9750693531235055,-63.19243763277282,0.03650736968084852,0.1866159585179084,-1.4530512791111396,0.033816975875005206,0.18712219578992004,-1.4530512791111396,-1.903951596237203e-17,2.8479523899126144e-19,-4.4178434753502e-19,-1.9041642856888036e-17,1.0663971884164272e-20,-4.4178434753502e-19,-1591.843538700205,4.162191548913426,-64.64548891188396,-1679955.1859846525,248.42248714916792,130335.32201823394,0.040947937654482416,4576.09692622802
203.41067209712318,2001.0,12.0,14.0,14.0,24.0,51.0,1.0,3517553.566245891,-8869.979490527845,141007.64843485862,-106.64908143648319,-287.4444694595386,4569.1879463668365,3520389.882507686,4579.462505449533,3517060.0637583113,-59584.1913743174,141007.64843485862,3520389.8825076856,-115.0057607879094,-535.1744722689023,4569.1879463668365,4601.8601163015255,12746735.576750955,0.7239136794575874,1.6336228408655904,2.0267770452403228e-07,8.114732398737117e-06,0.040136402900356666,0.04006527261674904,-0.016939856239001308,124189.88250768557,0.016853840553008835,0.016771803890028216,3265.3214541897178,-16087401691.771502,-1012047293.8100834,-196787675.18454152,-16086325141.857819,-1889093288.8198218,16119203854.946793,16198063322.895597,-0.9990541335305161,0.016925452396731037,-0.04005455450701796,0.01693904607735512,0.9998565240663229,0.0,-0.040048807642412046,0.0006784859444023095,0.9991974943239421,4569.763882339229,-537.045775492961,-0.11698495620159713,5.477372994290712e-09,148.65697501097938,0.0,-51.5139500219588,-1.4430249890206004,0.0,2.970208873677612e-17,2.2850719204501395,1.5707963267948966,19.417208824827348,461.0,0.026725025186590257,3.1226935718756925,0.0,0.058120170495477,-1591.8316909099487,4.0140154754807496,-63.81152105065225,0.03672931626496673,0.18605010967051205,-1.448535397418392,0.03404307853860691,0.18656032478883539,-1.448535397418392,-1.8980676096863213e-17,2.8442354822533043e-19,-4.447459303324889e-19,-1.8982803970769522e-17,1.0735742006071494e-20,-4.447459303324889e-19,-1591.7976478314101,4.2005758002695845,-65.26005644807064,-1679959.5371741652,248.61097158554819,130370.68443227216,0.041049925003814026,4576.068684497536
203.71067209712317,2001.0,12.0,14.0,14.0,24.0,51.0,1.0,3517521.416141759,-8956.212419796455,142378.3984239072,-107.6849433681566,-287.44172340911314,4569.145277841337,3520413.148352703,4579.444001339506,3517025.40405361,-59744.740340722965,142378.3984239072,3520413.1483527035,-116.05893423774295,-535.1519571237848,4569.145277841337,4601.841573049815,12746702.665464964,0.7239129666718986,1.6336228273597246,2.0267770452403228e-07,8.091632387794577e-06,0.04052661981019702,0.040454695372863066,-0.016985659090662766,124213.14835270355,0.01701768010857887,0.016934845609648693,3256.5339403375983,-16087398378.041018,-1012046867.2114705,-196788319.6349672,-16086324302.159126,-1889076939.123614,16119200520.970013,16198060590.049313,-0.9990376855907724,0.01697094568820115,-0.040443661702186835,0.016984842339625435,0.9998557471609082,0.0,-0.040437827589163026,0.0006869292176487907,0.9991818204051348,4569.73245606669,-537.0460026347572,-0.1169858024212949,5.4600897951345115e-09,148.6902119324336,0.0,-51.580423864867264,-1.4097880675663688,0.0,2.970271272409798e-17,2.285082110936446,1.5707963267948966,19.414960293105135,461.0,0.02664038367474573,3.130698394244374,0.0,0.05793735626510989,-1591.7855817372874,4.0529589191373585,-64.43056202074557,0.036948051386155985,0.18547867877062804,-1.443975363735644,0.034266074584508366,0.18599283564777638,-1.443975363735644,-1.8921258866184493e-17,2.840400490327436e-19,-4.476671057556561e-19,-1.892338762085766e-17,1.080654389113553e-20,-4.476671057556561e-19,-1591.7513156627028,4.238951754785135,-65.87453738448121,-1679963.8747373968,248.79945602192842,130406.134594236,0.04115191423581553,4576.0403734002875
204.01067209712315,2001.0,12.0,14.0,14.0,24.0,52.0,1.0,3517488.9552832516,-9042.444521781325,143749.13555685937,-108.72077501541611,-287.43895238379815,4569.1022094466,3520436.63915656,4579.425330610517,3516990.4284013184,-59905.282539191576,143749.13555685937,3520436.6391565595,-117.11207576201312,-535.1293508716134,4569.1022094466,4601.8228628254865,12746669.857906649,0.7239122561301056,1.6336228138933113,2.021291846968317e-07,8.06836992105989e-06,0.040916831604655646,0.040844112853707364,-0.01703146237973793,124236.63915655948,0.017181517119045996,0.01709788478675389,3247.6872708946466,-16087395074.714254,-1012046441.9046404,-196788977.20844537,-16086323496.665066,-1889060436.9593496,16119197197.457535,16198057873.566027,-0.9990210842834351,0.017016435368524038,-0.040832757493201005,0.0170306390036135,0.9998549681504456,0.0,-0.04082683544285936,0.0006954079523888004,0.9991659951757272,4569.70073840068,-537.0462335573723,-0.11698665686050201,5.442877185935228e-09,148.74754044731282,0.0,-51.67131067096925,-1.3762297763435851,0.0,2.9703773323604366e-17,2.2850994318408424,1.5707963267948966,19.411139668180365,461.0,0.026556091376469183,3.1386778392050823,0.0,0.057755369481331205,-1591.7390282123934,4.091899658745523,-65.04956013976212,0.03716543389526525,0.1849179188790471,-1.4394394200770244,0.034487588004535455,0.18543600640870853,-1.4394394200770244,-1.8862385209895073e-17,2.8366157489365253e-19,-4.50574448277505e-19,-1.8864514872787083e-17,1.0877037027910646e-20,-4.50574448277505e-19,-1591.7045406243888,4.277335665154231,-66.48899955983914,-1679968.1986520644,248.98794045830869,130441.67250412553,0.04125390535512835,4576.011992939784
204.31067209712313,2001.0,12.0,14.0,14.0,24.0,52.0,1.0,3517456.1836798172,-9128.675788722046,145119.85970948177,-109.75657607988619,-287.43615637904975,4569.058741198723,3520460.35491257,4579.4064932599285,3516955.1368113845,-60065.81794212885,145119.85970948177,3520460.35491257,-118.16518505738104,-535.1066535148507,4569.058741198723,4601.803985625634,12746637.153642278,0.7239115478228547,1.63362280046514,2.015791722903953e-07,8.04498498994884e-06,0.041307038235572406,0.04123352500842053,-0.01707726611049973,124260.35491257021,0.017345351562583957,0.017260921399595154,3238.7811307534575,-16087391781.748676,-1012046017.8673611,-196789648.02804953,-16086322725.329878,-1889043782.3137584,16119193884.365513,16198055173.400717,-0.9990043296194787,0.01706192142124565,-0.04122184177048793,0.017076436073494513,0.9998541870348036,0.0,-0.04121583109150852,0.000703922145825443,0.9991500186463736,4569.668729349514,-537.0464682557504,-0.11698751951824585,5.425598563698841e-09,148.8152997502006,0.0,-51.77294962530094,-1.3423501248996879,0.0,2.970502287514071e-17,2.2851198385660667,1.5707963267948966,19.406640369401742,461.0,0.02647147854546994,3.1466319890956376,0.0,0.057572716246320106,-1591.692030389887,4.130837668522503,-65.66851499745832,0.037380384243253295,0.18435842336404334,-1.4348883049371621,0.034706674905409164,0.18488041569744304,-1.4348883049371621,-1.8803408477097648e-17,2.8327841485391914e-19,-4.534526274849781e-19,-1.8805539002740008e-17,1.0946841287826938e-20,-4.534526274849781e-19,-1591.6573237149814,4.315718084219946,-67.10340330239548,-1679972.5089751277,249.17642489468892,130477.29816194068,0.04135589836639385,4575.983543119536
204.6106720971231,2001.0,12.0,14.0,14.0,24.0,52.0,1.0,3517423.1013406897,-9214.906213112892,146490.5707616252,-110.79234627389005,-287.43333539911924,4569.014873149607,3520484.295613849,4579.387489321455,3516919.5292935353,-60226.346522192776,146490.5707616252,3520484.295613849,-119.21826183135093,-535.0838650646081,4569.014873149607,4601.784941483998,12746604.553494433,0.7239108417679975,1.6336227870754247,2.0102765505361653e-07,8.021435001401296e-06,0.04169723965155835,0.04162293178730596,-0.017123070287293818,124284.29561384907,0.01750918341647914,0.017423955425403384,3229.8161430954933,-16087388499.227312,-1012045595.1083133,-196790332.2167101,-16086321988.233364,-1889026975.2044156,16119190581.777353,16198052489.636652,-0.9989874216099316,0.017107403829986805,-0.0416109144256479,0.017122233553516372,0.9998534038138486,0.0,-0.04160481442429082,0.0007124717951713269,0.9991338908277816,4569.63642895754,-537.0467067336391,-0.11698839039454303,5.4081560527671115e-09,148.88370175385447,0.0,-51.87555263078169,-1.3081491230727684,0.0,2.9706284011037325e-17,2.2851404344782513,1.5707963267948966,19.40210154295108,461.0,0.026386065367175672,3.154560639912695,0.0,0.05738832641069471,-1591.6445883249512,4.169772922806112,-66.28742618552292,0.037592100487899606,0.1837934828325426,-1.430293908356422,0.03492263065538718,0.18431934304059322,-1.430293908356422,-1.874386651738165e-17,2.828835765575598e-19,-4.562902436125847e-19,-1.8745997807378273e-17,1.101567409435993e-20,-4.562902436125847e-19,-1591.609665694296,4.354092265846705,-67.71772009387934,-1679976.805597961,249.36490933106919,130513.0115676815,0.041457893274253414,4575.955023943046
204.9106720971231,2001.0,12.0,14.0,14.0,24.0,52.0,1.0,3517389.7082751696,-9301.13578746457,147861.26859339475,-111.82808531068532,-287.4304894521453,4568.970605362333,3520508.4612534405,4579.3683188400555,3516883.605857568,-60386.86825205954,147861.26859339475,3520508.4612534405,-120.27130579241992,-535.0609855359003,4568.970605362333,4601.765730445728,12746572.05867281,0.7239101379917728,1.633622773725073,1.99920056238752e-07,7.997704615580028e-06,0.04208743580078909,0.04201233314074161,-0.017168874914470583,124308.46125344047,0.017673012657875298,0.017586986841427423,3220.79340531677,-16087385227.27165,-1012045173.6497974,-196791029.89737767,-16086321285.493769,-1889010015.662591,16119187289.81571,16198049822.39688,-0.9989703602659197,0.01715288257837603,-0.04199997535036468,0.017168031447931702,0.9998526184874463,0.0,-0.04199378533047032,0.0007210568976274171,0.9991176117307555,4569.603837280229,-537.0469489986716,-0.11698926948996986,5.390549658207661e-09,148.92637321920066,0.0,-51.95274643840133,-1.3,0.0,2.970707921228551e-17,2.285153421100169,1.5707963267948966,19.3992407421295,461.0,0.026299845741997188,3.1624635468185747,0.0,0.05720146670246671,-1591.5967020732867,4.208705395946511,-66.9062932958377,0.03779969420897163,0.18321306822622907,-1.4256340020417655,0.0351347129404217,0.18374274733375137,-1.4256340020417655,-1.868322047608023e-17,2.8246862427728592e-19,-4.590715966130368e-19,-1.8685352366210688e-17,1.1082963022187897e-20,-4.590715966130368e-19,-1591.5615673603463,4.392448143280262,-68.33192729787946,-1679981.0883609187,249.55339376744942,130548.81272134796,0.041559890083348455,4575.926435413815
205.21067209712308,2001.0,12.0,14.0,14.0,24.0,53.0,1.0,3517356.004492648,-9387.364504288566,149231.95308487592,-112.86379290368025,-287.42761854894405,4568.92593790595,3520532.8518243297,4579.348981866646,3516847.36651337,-60547.38310440825,149231.95308487592,3520532.8518243292,-121.32431664927599,-535.0380149464472,4568.92593790595,4601.746352562038,12746539.670590926,0.723909436524832,1.6336227604154936,1.9936394930272808e-07,7.973875761837811e-06,0.04247762663127026,0.042401729019101976,-0.01721467999638072,124332.85182432923,0.01783683926399165,0.017750015624870635,3211.714371971786,-16087381966.023281,-1012044753.5234741,-196791741.19294596,-16086320617.24943,-1888992903.7289982,16119184008.62388,16198047171.825508,-0.99895314559867,0.017198357650045158,-0.042389024436327694,0.0172138297609934,0.9998518310554617,0.0,-0.04238274369931695,0.0007296774503815341,0.9991011813662,4569.570954378946,-537.0471950611542,-0.11699015680553307,5.372779385131555e-09,148.9612168918989,0.0,-52.02243378379782,-1.3,0.0,2.9707732794109293e-17,2.2851640949013703,1.5707963267948966,19.396890081170238,461.0,0.026212823993146207,3.170340467310404,0.0,0.05701264034539804,-1591.5483716911046,4.2476350622991275,-67.52511592035353,0.038003708636294535,0.18262405508309787,-1.4209238432807472,0.03534336591665819,0.18315751104114714,-1.4209238432807472,-1.8621840102936555e-17,2.820392312417713e-19,-4.618064793160932e-19,-1.8623972472205445e-17,1.114907302214677e-20,-4.618064793160932e-19,-1591.513028325188,4.430792573340274,-68.94603976363427,-1679985.357077485,249.74187820382969,130584.70162294009,0.04166188879832044,4575.897777535338
205.51067209712306,2001.0,12.0,14.0,14.0,24.0,53.0,1.0,3517321.990002601,-9473.592356098936,150602.62411617723,-113.89946876601614,-287.4247226955942,4568.880870839184,3520557.467319439,4579.329478441363,3516810.811270918,-60707.89105192265,150602.62411617723,3520557.467319439,-122.37729411027291,-535.0149533092672,4568.880870839184,4601.726807873159,12746507.390284425,0.7239087373896436,1.6336227471472051,1.9880628681371146e-07,7.949877728628568e-06,0.04286781209129847,0.042791119372770324,-0.017260485537375726,124357.46731943917,0.018000663212051612,0.017913041752942532,3202.5799123048782,-16087378715.586498,-1012044334.7442786,-196792466.22634897,-16086319983.601376,-1888975639.427712,16119180738.306887,16198044538.027662,-0.9989357776195105,0.017243829028629885,-0.04277806157524434,0.01725962849695515,0.9998510415177588,0.0,-0.04277168942011887,0.0007383334506085893,0.999084599745119,4569.537780304652,-537.0474449266518,-0.11699105234148305,5.354845238694321e-09,148.9963818849131,0.0,-52.09276376982619,-1.3,0.0,2.9708392325278415e-17,2.285174865862754,1.5707963267948966,19.394518619463017,461.0,0.026125002119282273,3.1781911612325584,0.0,0.05682207472928634,-1591.4995972351321,4.286561896225524,-68.14389365111063,0.038204377666760964,0.18202954782481412,-1.4161703256748908,0.03554877878691983,0.18256674144260074,-1.4161703256748908,-1.8559892387006603e-17,2.8159794684372097e-19,-4.644992056035329e-19,-1.856202513368024e-17,1.1214167613356911e-20,-4.644992056035329e-19,-1591.4640484563452,4.469128637668125,-69.56006397678553,-1679989.6116109472,249.93036264020992,130620.67827245787,0.041763889423810784,4575.869050311104
205.81067209712305,2001.0,12.0,14.0,14.0,24.0,53.0,1.0,3517287.6648145914,-9559.819335411392,151973.2815674235,-114.93511261058364,-287.4218018968144,4568.83540421148,3520582.307731631,4579.309808594817,3516773.9401402744,-60868.392067290224,151973.2815674235,3520582.307731631,-123.4302378834952,-534.9918006360526,4568.83540421148,4601.707096409773,12746475.218454812,0.7239080406014391,1.6336227339205571,1.9824705564454337e-07,7.925779018232508e-06,0.04325799212944787,0.04318050415213676,-0.017306291541807645,124382.30773163075,0.018164484479288624,0.01807606520294442,3193.390787757933,-16087375476.031977,-1012043917.3223007,-196793205.12013507,-16086319384.616991,-1888958222.7780426,16119177478.9359,16198041921.074492,-0.9989182563398692,0.017289296697769498,-0.04316708665883808,0.017305427660071163,0.9998502498742009,0.0,-0.04316062238218054,0.0007470248954705454,0.9990678668786162,4569.504315098948,-537.0476985993641,-0.116991956098016,5.336747224097601e-09,149.06373637608783,0.0,-52.16373637608784,-1.2681318119560794,0.0,2.9709634619117085e-17,2.2851951540607804,1.5707963267948966,19.390053357528952,461.0,0.026036387596557083,3.1860153896385146,0.0,0.05663054688370863,-1591.4503787626065,4.325485872093015,-68.76262608023603,0.03840251800001857,0.181431528577207,-1.4113987903711545,0.03575173960231825,0.18197243215941164,-1.4113987903711545,-1.8497990342239452e-17,2.811543106555259e-19,-4.671671502285518e-19,-1.8500123438368528e-17,1.1278879010534837e-20,-4.671671502285518e-19,-1591.4146270230042,4.5074583042524266,-70.17402487060718,-1679993.8518686332,250.11884707659016,130656.74266990129,0.04186589196446097,4575.840253744603
206.11067209712303,2001.0,12.0,14.0,14.0,24.0,54.0,1.0,3517253.0289382664,-9646.045434742966,153343.925318753,-115.97072415027704,-287.41885615731854,4568.789538071116,3520607.373053704,4579.289972356283,3516736.7531315875,-61028.88612320187,153343.925318753,3520607.373053704,-124.483147677032,-534.9685569385217,4568.789538071116,4601.687218201228,12746443.15575383,0.7239073461743727,1.633622720735914,1.9768624248238833e-07,7.901536557438699e-06,0.043648166694328645,0.04356988330759748,-0.01735209801402899,124407.37305370392,0.018328303042933557,0.018239085952100904,3184.147776953876,-16087372247.425358,-1012043501.2675542,-196793957.99675646,-16086318820.358612,-1888940653.799307,16119174230.577063,16198039321.032143,-0.9989005817712757,0.017334760641106832,-0.04355609957884783,0.017351227254596105,0.9998494561246505,0.0,-0.04354954247482212,0.0007557517821164064,0.9990509827778948,4569.470558802191,-537.0479560834817,-0.11699286807536075,5.318485346587146e-09,149.1353515820112,0.0,-52.23535158201119,-1.2323242089944049,0.0,2.971095396155464e-17,2.285216700557917,1.5707963267948966,19.385313480015142,461.0,0.02594697397654886,3.193812913813544,0.0,0.05643737037129808,-1591.4007163312806,4.364406964274582,-69.38131279994332,0.03859736701279556,0.18082824011754414,-1.4065868484662256,0.03595151171848785,0.18137281485791654,-1.4065868484662256,-1.8435592119299174e-17,2.8069984462189666e-19,-4.697945647246061e-19,-1.843772547079451e-17,1.1342643077995202e-20,-4.697945647246061e-19,-1591.3647648195622,4.5457797791324985,-70.78789964840954,-1679998.0777644273,250.30733151297042,130692.89481527038,0.041967896424912506,4575.811387839313
206.410672097123,2001.0,12.0,14.0,14.0,24.0,54.0,1.0,3517218.082383361,-9732.27064661225,154714.5552503205,-117.00630309830373,-287.41588548248154,4568.7432724747,3520632.6632783962,4579.26996976322,3516699.2502550962,-61189.373192352155,154714.5552503205,3520632.6632783962,-125.53602319929637,-534.9452222290798,4568.7432724747,4601.667173285052,12746411.203114355,0.7239066541286877,1.6336227075936698,1.971238338250365e-07,7.87713492480586e-06,0.044038335734279954,0.043959256789555555,-0.017397904958392774,124432.6632783967,0.0184921188802148,0.018402103977659783,3174.85168646276,-16087369029.860683,-1012043086.5923218,-196794724.9790467,-16086318290.916964,-1888922932.5131764,16119170993.325,16198036737.99524,-0.9988827539253592,0.017380220842288303,-0.043945100227028806,0.017397027284785118,0.9998486602689691,0.0,-0.04393844958738032,0.0007645141076822368,0.9990339474542577,4569.436511462994,-537.0482173838531,-0.11699378827368173,5.300097658288074e-09,149.2076093668477,0.0,-52.3076093668477,-1.196195316576148,0.0,2.9712284846244626e-17,2.2852384355543407,1.5707963267948966,19.380534560881546,461.0,0.025856946115086345,3.201583493983176,0.0,0.056242860367041986,-1591.3506099994186,4.403325147149,-69.99995340253427,0.03878907736679756,0.18022074657536952,-1.4017416738169195,0.03614823255110316,0.18076895558303793,-1.4017416738169195,-1.837275961257745e-17,2.8023542266714883e-19,-4.723824434504091e-19,-1.8374893131367106e-17,1.1405459769205744e-20,-4.723824434504091e-19,-1591.3144617668675,4.584094102732038,-71.40169507635119,-1680002.2891751584,250.49581594935066,130729.13470856509,0.04206990280980685,4575.782452598714
206.710672097123,2001.0,12.0,14.0,14.0,24.0,54.0,1.0,3517182.825159696,-9818.49496353893,156085.17124229379,-118.04184916695615,-287.41288987270593,4568.696607441148,3520658.178398384,4579.249800814976,3516661.431521125,-61349.85324743885,156085.17124229379,3520658.1783983842,-126.58886415771474,-534.9217965152046,4568.696607441148,4601.646961660581,12746379.360141927,0.723905964455878,1.6336226944936525,1.9655981597711058e-07,7.85260091308813e-06,0.044428499198664026,0.044348624548420076,-0.017443712379252414,124458.17839838425,0.01865593196839995,0.01856511925692087,3165.5029255226254,-16087365823.298359,-1012042673.291329,-196795506.18827507,-16086317796.249123,-1888905058.9238472,16119167767.139864,16198034171.923616,-0.9988647728138501,0.017425677284963827,-0.04433408849515177,0.017442827754893725,0.9998478623070177,0.0,-0.04432734360920764,0.0007733118692911478,0.999016760919107,4569.4021730921995,-537.0484825003475,-0.11699471669302994,5.281872572582682e-09,149.28050970966927,0.0,-52.38050970966927,-1.159745145165365,0.0,2.97136272654527e-17,2.28526035892374,1.5707963267948966,19.375716689363635,461.0,0.025767711092645727,3.2093272292179718,0.0,0.05605007734764023,-1591.300059825797,4.442240395100695,-70.61854748039845,0.03897975431667146,0.17961885265004376,-1.3969395423963513,0.03634386374502921,0.1801706886316111,-1.3969395423963513,-1.8310492502596828e-17,2.797762845430313e-19,-4.749564199478563e-19,-1.8312626216444668e-17,1.1467947975554833e-20,-4.749564199478563e-19,-1591.263715962052,4.622411083732306,-72.0154870227948,-1680006.486152593,250.68430038573092,130765.46234978549,0.04217191112378562,4575.7534480262775
207.01067209712298,2001.0,12.0,14.0,14.0,24.0,55.0,1.0,3517147.2572771776,-9904.718378042733,157455.77317484576,-119.07736206907344,-287.40986933099805,4568.649543009503,3520683.9184062816,4579.229465530978,3516623.296940087,-61510.326261161885,157455.77317484576,3520683.9184062816,-127.64167026029908,-534.8982798070001,4568.649543009503,4601.62658334727,12746347.627136469,0.7239052771624775,1.6336226814359809,1.9655981597711058e-07,7.82797582598873e-06,0.0448186570363148,0.04473798653460388,-0.01748952028096142,124483.91840628115,0.018819742284693804,0.018728131767121056,3156.102110929787,-16087362627.768711,-1012042261.3684062,-196796301.74651647,-16086317336.382063,-1888887033.0447044,16119164552.052164,16198031622.847624,-0.9988466384485793,0.017471129952786546,-0.04472306427500079,0.017488628669177525,0.9998470622386564,0.0,-0.044716224429670146,0.000782145064053248,0.9989994231839446,4569.367543720701,-537.0487514354359,-0.1169956533335123,5.263486852656313e-09,149.35405258937476,0.0,-52.45405258937475,-1.1229737053126272,0.0,2.971498121136197e-17,2.285282470538456,1.5707963267948966,19.370859955389292,461.0,0.025677692010479355,3.2170440455751175,0.0,0.05585559115499763,-1591.2490658697066,4.481152682519298,-71.23709462600996,0.03916702244282196,0.17901156468205265,-1.3920949639520268,0.036536191088532136,0.17956698660303766,-1.3920949639520268,-1.824767017566206e-17,2.7930532316510293e-19,-4.774875576652571e-19,-1.8249803981852046e-17,1.1529409012249952e-20,-4.774875576652571e-19,-1591.212529678618,4.660719669122336,-72.629189589962,-1680010.6686569937,250.87278482211116,130801.87773893152,0.04227392137149035,4575.724374125467
207.31067209712296,2001.0,12.0,14.0,14.0,24.0,55.0,1.0,3517111.378745801,-9990.940882644802,158826.3609281649,-120.11284151791978,-287.4068238619534,4568.602079233258,3520709.8832946448,4579.208963945015,3516584.846522484,-61670.792206224796,158826.3609281649,3520709.8832946448,-128.69444121551052,-534.8746721161838,4568.602079233258,4601.606038378951,12746316.004893634,0.7239045922657567,1.6336226684209223,1.9542689693874154e-07,7.803187662530346e-06,0.0452088091956784,0.04512734269852648,-0.01753532866787377,124509.8832946443,0.018983549806375503,0.018891141485525134,3146.649968519807,-16087359443.35205,-1012041850.8329184,-196797111.77646196,-16086316911.392733,-1888868854.894752,16119161348.14264,16198029090.847898,-0.9988283508414786,0.017516578829413203,-0.04511202745837633,0.017534430031892572,0.9998462600637443,0.0,-0.045105091938150516,0.0007910136890657163,0.9989819342603723,4569.332623393775,-537.0490241931748,-0.11699659819521624,5.244940503825501e-09,149.414118992349,0.0,-52.54235697704699,-1.1,0.0,2.9716091414138295e-17,2.2853006015257264,1.5707963267948966,19.366879428155936,461.0,0.02558688573360658,3.224733753407272,0.0,0.05565910709772317,-1591.1976281909465,4.520061983800305,-71.85559443193307,0.03935055799777474,0.17840237240671217,-1.3871974507055633,0.03672483993742401,0.17896133388709984,-1.3871974507055633,-1.8184039336212104e-17,2.7881850248215174e-19,-4.799678747110451e-19,-1.8186173099919257e-17,1.1589564650877245e-20,-4.799678747110451e-19,-1591.160903351009,4.699023317687405,-73.24279188263863,-1680014.8365832623,251.06126925849142,130838.38087600323,0.042375933557562674,4575.695230899748
207.61067209712294,2001.0,12.0,14.0,14.0,24.0,55.0,1.0,3517075.1895756414,-10077.162469867091,160196.9343824592,-121.14828722750306,-287.4037534661111,4568.554216188507,3520736.0730559616,4579.188296113008,3516546.0802789023,-61831.25105533397,160196.9343824592,3520736.073055962,-129.7471767324954,-534.8509734504368,4568.554216188507,4601.585326811262,12746284.49497469,0.7239039097995682,1.6336226554475508,1.948579673561758e-07,7.778277683861186e-06,0.04559895562452017,0.04551669299061533,-0.01758113754434377,124536.0730559621,0.019147354510644577,0.01905414838936629,3137.146355189383,-16087356270.207321,-1012041441.6799113,-196797936.40282202,-16086316521.436672,-1888850524.4787562,16119158155.569609,16198026576.0815,-0.9988099100045794,0.017562023898504007,-0.04550097793709652,0.017580231847295215,0.99984545578214,0.0,-0.04549394602404937,0.0007999177414128213,0.9989642941600905,4569.297412179223,-537.0493007735624,-0.11699755127678457,5.2262335314556355e-09,149.45153293708873,0.0,-52.65459881126618,-1.1,0.0,2.971679212939453e-17,2.2853120450742943,1.5707963267948966,19.36436794973993,461.0,0.02549529029699194,3.232396099132268,0.0,0.05546043749990831,-1591.1457468498343,4.558968273344884,-72.47404649082493,0.03953013352088825,0.17779349725261093,-1.3822403245491546,0.03690955029118217,0.1783559480891964,-1.3822403245491546,-1.8119438702678156e-17,2.783132083058995e-19,-4.823919117115914e-19,-1.8121572267903852e-17,1.1648225896750472e-20,-4.823919117115914e-19,-1591.108837299543,4.73732422143408,-73.85628681537409,-1680018.9897254072,251.24975369487166,130874.97176100058,0.04247794768664424,4575.666018352573
207.91067209712293,2001.0,12.0,14.0,14.0,24.0,55.0,1.0,3517038.6897768676,-10163.38313223231,161567.49341795716,-122.18369891134903,-287.40065814874976,4568.5059539345375,3520762.4876826666,4579.167462074226,3516506.9982200186,-61991.7027811988,161567.49341795716,3520762.4876826666,-130.79987651998832,-534.8271838222172,4568.5059539345375,4601.564448683531,12746253.09835931,0.7239032297851684,1.633622642516203,1.948579673561758e-07,7.753230396384488e-06,0.045989096271105256,0.04590603736130603,-0.01762694691472603,124562.48768266663,0.019311156374779485,0.019217152455951392,3127.5920435264707,-16087353108.433386,-1012041033.9210377,-196798775.74850634,-16086316166.609337,-1888832041.8181756,16119154974.43247,16198024078.647741,-0.9987913159500148,0.01760746514372265,-0.045889915602997516,0.017626034119642094,0.9998446493937012,0.0,-0.04588278657678559,0.0008088572181659303,0.9989465028948996,4569.261910127964,-537.0495811813316,-0.11699851257831356,5.207365940952404e-09,149.4892681180952,0.0,-52.76780435428557,-1.1,0.0,2.971749877451316e-17,2.2853235854648646,1.5707963267948966,19.361835899222353,461.0,0.025402911043653942,3.2400308489805147,0.0,0.05526006356527905,-1591.0934219071905,4.5978715255598335,-73.092450395436,0.03970619513570929,0.17717922997327193,-1.3772407118095027,0.03709085234339767,0.17774512690511904,-1.3772407118095027,-1.8054281644074896e-17,2.777958972422615e-19,-4.847715879342389e-19,-1.80564149049004e-17,1.1705818851069378e-20,-4.847715879342389e-19,-1591.056331054847,4.775616652464953,-74.46969110724551,-1680023.1279540826,251.43823813125192,130911.65039392357,0.0425799637633767,4575.636736487396
208.10853118550702,2001.0,12.0,14.0,14.0,24.0,56.0,1.0,3517014.4470656565,-10220.247761323953,162471.41067356296,-122.86656552362336,-287.39860305349725,4568.4739050423495,3520780.0319842626,4579.153630422719,3516481.049591843,-62097.52164375839,162471.41067356296,3520780.0319842626,-131.49414422558561,-534.8114440642787,4568.4739050423495,4601.550587760677,12746232.452663345,0.7239027826220511,1.633622634010371,1.9371509552001982e-07,7.736659357637796e-06,0.046246402658155314,0.046162818504254695,-0.017657159854679215,124580.03198426263,0.019419187101181033,0.019324657012287333,3121.263037085533,-16087351029.301638,-1012040765.7468722,-196799337.43582404,-16086315951.74391,-1888819768.6239598,16119152882.565378,16198022440.930573,-0.9987789687644881,0.017637432921011283,-0.04614642471202506,0.017656242357947428,0.9998441164030508,0.0,-0.046139231241354606,0.0008147724586682889,0.9989346862965053,4569.238336279354,-537.0497682117862,-0.11699915108427449,5.195855409639135e-09,149.5250799606566,0.0,-52.82507996065659,-1.0874600196717032,0.0,2.9718162341943586e-17,2.285334422343398,1.5707963267948966,19.35945882747486,461.0,0.02534653886350902,3.2450512600479753,0.0,0.05513805688284893,-1591.058669288824,4.623527724346197,-73.50027995461667,0.03982842488741587,0.1768011378420004,-1.374198829707573,0.03721615308709217,0.17736939905360416,-1.374198829707573,-1.8014742279251757e-17,2.7750579276764355e-19,-4.8641830815596735e-19,-1.8016875725008756e-17,1.1745742658479273e-20,-4.8641830815596735e-19,-1591.021453135737,4.8008971233998015,-74.87447878432424,-1680025.8491696902,251.62672256763216,130948.41677477222,0.04268198179240178,4575.6073853076605
208.28463532927964,2001.0,12.0,14.0,14.0,24.0,56.0,1.0,3516992.756238498,-10270.859684580291,163275.93533771334,-123.47433716434514,-287.3967647875619,4568.445233799928,3520795.729526655,4579.1412586398565,3516457.8385188594,-62191.70291926917,163275.93533771334,3520795.729526655,-132.11206276348867,-534.7974016296586,4568.445233799928,4601.538189795532,12746214.113523558,0.7239023854156118,1.6336226264537932,1.9371509552001982e-07,7.72185016873835e-06,0.04647541562579993,0.04639136392633943,-0.01768405101363181,124595.72952665482,0.01951533861169534,0.01942034020709698,3115.610673300922,-16087349182.437351,-1012040527.5158961,-196799842.81617504,-16086315772.856985,-1888808789.1395702,16119151024.387484,16198020989.124899,-0.9987679231227711,0.017664104281230306,-0.046374725454368965,0.017683129318622284,0.9998436412447202,0.0,-0.04636747436002048,0.0008200502673252109,0.998924113653801,4569.2172478801895,-537.0499360640097,-0.11699972239322327,5.1862406649239205e-09,149.56432381663706,0.0,-52.86432381663706,-1.0678380916814698,0.0,2.9718886144761317e-17,2.2853462429404585,1.5707963267948966,19.35686666442845,461.0,0.025299440533538713,3.2495107312280185,0.0,0.055036315102902675,-1591.0275755168118,4.64636185372996,-73.86325009620963,0.039941439316906656,0.17648290608599287,-1.3716639022043666,0.03733163926179273,0.17705333497364825,-1.3716639022043666,-1.798186802111456e-17,2.772822139378882e-19,-4.879374009716683e-19,-1.7984001894041018e-17,1.1782617615149371e-20,-4.879374009716683e-19,-1590.99024387755,4.823415188703608,-75.23491399841399,-1680028.2663759794,251.81520700401242,130985.27090354654,0.042784001778361266,4575.577964816806
208.54112544005667,2001.0,12.0,14.0,14.0,24.0,56.0,1.0,3516960.9727719733,-10344.57376750506,164447.69097840672,-124.35951591395394,-287.3940720245751,4568.403228748263,3520818.731101581,4579.12313683207,3516423.8376659635,-62328.87053520552,164447.69097840672,3520818.731101581,-133.01201909001352,-534.7768931828692,4568.403228748263,4601.520029636107,12746187.46395641,0.7239018082127407,1.6336226154713303,1.9371509552001982e-07,7.700239027228228e-06,0.04680896213603179,0.04672422937616366,-0.017723217446044284,124618.7311015809,0.01965537846070185,0.019559697970885127,3107.3458285853267,-16087346498.636358,-1012040181.3025115,-196800588.1247365,-16086315533.052275,-1888792703.9386737,16119148324.144423,16198018884.38389,-0.9987517410661347,0.017702947892379646,-0.04670723020351431,0.01772228961344708,0.9998429478927463,0.0,-0.04669989473458687,0.0008277590607086234,0.9989086217701376,4569.186353790323,-537.0501828692668,-0.11700055955435432,5.172152200281704e-09,149.62182775395223,0.0,-52.92182775395223,-1.0390861230238866,0.0,2.971994657440803e-17,2.2853635610708363,1.5707963267948966,19.353070230907296,461.0,0.025230428871081113,3.255990935012101,0.0,0.05488723132375077,-1590.9820150646851,4.679617131104729,-74.3918743458071,0.040104155996130327,0.17601656249507894,-1.3679494273448505,0.03749801240514212,0.1765901261860634,-1.3679494273448505,-1.7933694340173375e-17,2.7695020477009943e-19,-4.901261983644015e-19,-1.793582877977935e-17,1.1835756316167675e-20,-4.901261983644015e-19,-1590.94451705228,4.856207257290793,-75.75982377315195,-1680031.7789577786,252.00369144039266,131022.2127802465,0.04288602372589695,4575.548475018267
208.84112544005666,2001.0,12.0,14.0,14.0,24.0,56.0,1.0,3516923.509620669,-10430.791513837314,165818.2045319409,-125.39482021416859,-287.39089932499525,4568.353727597868,3520845.843101962,4579.101786421515,3516383.7761712447,-62489.29999467182,165818.2045319409,3520845.8431019615,-134.064606177402,-534.7528213921356,4568.353727597868,4601.498634040185,12746156.385712313,0.7239011350871893,1.6336226026613843,1.92565440883042e-07,7.674792406480254e-06,0.04719908455178942,0.047113555066316135,-0.017769028375993413,124645.84310196154,0.01981917137138179,0.019722693093041806,3097.6308555975556,-16087343368.797676,-1012039777.5136716,-196801473.85400683,-16086315283.82419,-1888773748.7991922,16119145175.128801,16198016437.356142,-0.9987326718835308,0.017748377173939837,-0.04709612744244733,0.01776809333008074,0.9998421349690227,0.0,-0.04708869261082972,0.0008368083878827809,0.99889036174143,4569.149948906939,-537.050475056242,-0.11700154635307301,5.155909828626922e-09,149.69406157423077,0.0,-52.98812314846154,-1.0059384257692285,0.0,2.9721276721562915e-17,2.285385284022398,1.5707963267948966,19.348310359408607,461.0,0.025150862143134056,3.263547879066946,0.0,0.05471534122917455,-1590.9283146793846,4.718510800273591,-75.01012630997366,0.04029445887832224,0.17547882352944927,-1.363667580332187,0.03769249923175263,0.17605606046154937,-1.363667580332187,-1.7878209698044392e-17,2.7657239616928985e-19,-4.926861916242814e-19,-1.788034487188073e-17,1.1897906530347362e-20,-4.926861916242814e-19,-1590.8906221801528,4.89456686073514,-76.37379389030585,-1680035.8752858099,252.19217587677292,131059.24240487212,0.042988047639650744,4575.518915915469
209.0059824541708,2001.0,12.0,14.0,14.0,24.0,57.0,1.0,3516902.7905105576,-10478.16977490323,166571.3274323651,-125.96372915945243,-287.38914523112544,4568.326355507139,3520860.837503431,4579.0899829858745,3516361.627003312,-62577.456654919,166571.3274323651,3520860.837503431,-134.64301168459141,-534.7395546544182,4568.326355507139,4601.486805623661,12746139.35078268,0.7239007661257254,1.6336225956387327,1.92565440883042e-07,7.660776677661177e-06,0.04741346339709343,0.047327496031209074,-0.017794202770683356,124660.8375034309,0.0199091781578621,0.019812261477331165,3092.2706325873733,-16087341653.220404,-1012039556.1654017,-196801967.04789388,-16086315161.318987,-1888763267.6552167,16119143449.038885,16198015099.53484,-0.9987221277103049,0.017773339970826956,-0.04730982993081811,0.01779326374498116,0.9998416873512034,0.0,-0.04730234018632764,0.0008417962816892504,0.9988802630905854,4569.129819646262,-537.050637237427,-0.11700209212234773,5.145413747598375e-09,149.71548214775842,0.0,-53.03096429551684,-0.9845178522415813,0.0,2.9721677561604575e-17,2.2853918302370606,1.5707963267948966,19.34687644576116,461.0,0.02509947298287724,3.2676900026187305,0.0,0.05460430878694782,-1590.8986163033794,4.739882444651095,-75.34984903278955,0.04038588102552371,0.17513146246222025,-1.3608980382461018,0.037786999958340166,0.17571053230956934,-1.3608980382461018,-1.7842103006531674e-17,2.7627658390566387e-19,-4.93927030675832e-19,-1.7844237898194526e-17,1.1928081969122598e-20,-4.93927030675832e-19,-1590.860829303421,4.9155929769606646,-76.71074707103566,-1680038.12061611,252.38066031315316,131096.35977742338,0.04309007352426447,4575.489287511835
209.26093479220884,2001.0,12.0,14.0,14.0,24.0,57.0,1.0,3516870.563609005,-10551.439962250439,167736.02749978856,-126.84352913902569,-287.3864177108586,4568.283787157688,3520884.160120325,4579.071630142611,3516327.1854263116,-62713.78713383656,167736.02749978856,3520884.1601203247,-135.53749712617585,-534.718983514258,4568.283787157688,4601.468413937613,12746113.074810086,0.7239001970102221,1.633622584804676,1.9198803196437874e-07,7.63899275775293e-06,0.047744997952707695,0.04765835332632286,-0.017833135425570558,124684.1601203247,0.020048372426695958,0.019950777756370452,3083.953497901559,-16087339006.95897,-1012039214.7106706,-196802738.87135735,-16086314992.870052,-1888746968.038133,16119140786.560099,16198013041.022543,-0.9987057300136062,0.017811942762608057,-0.04764031415735536,0.017832190222841725,0.999840993854451,0.0,-0.047632739054628455,0.0008495311443299005,0.9988645556165202,4569.098516792186,-537.0508903408194,-0.11700294104682668,5.129087915772708e-09,149.74880017189244,0.0,-53.09760034378487,-0.9511998281075674,0.0,2.972230098227646e-17,2.285402011469271,1.5707963267948966,19.344646737102902,461.0,0.025019542806522507,3.2740790343974733,0.0,0.05443160382291485,-1590.8524239931605,4.772931939621592,-75.87520243144465,0.040525144305644724,0.174591108908777,-1.3565901828814377,0.03793108725912355,0.17517298664557418,-1.3565901828814377,-1.7785939584102e-17,2.7581199412791498e-19,-4.958191905262106e-19,-1.7788073975735337e-17,1.1974105331248134e-20,-4.958191905262106e-19,-1590.8144929059015,4.948104926267166,-77.23179261432608,-1680041.583996307,252.5691447495334,131133.56489790027,0.04319210138438014,4575.459589810779
209.56093479220883,2001.0,12.0,14.0,14.0,24.0,57.0,1.0,3516832.3552668826,-10637.655403026118,169106.50507245774,-127.87874847567556,-287.38318524033724,4568.233328387897,3520911.811565621,4579.04988093213,3516286.366301958,-62874.19918738985,169106.50507245774,3520911.811565621,-136.58999510634573,-534.6946935803917,4568.233328387897,4601.446618695054,12746082.263564287,0.7238995296625945,1.633622572097828,1.9082797281243975e-07,7.613268518586177e-06,0.048135105915024644,0.04804766423651836,-0.017878947590662258,124711.81156562082,0.020212158261780546,0.020113765810064417,3074.1245746538043,-16087335903.910841,-1012038814.2725285,-196803661.31136483,-16086314827.396875,-1888727647.7300553,16119137664.492554,16198010635.091398,-0.9986862933492201,0.017857362681126622,-0.048029179406587366,0.017877995084788916,0.9998401758739985,0.0,-0.04802150318496614,0.000858665433357414,0.9988459330274764,4569.06141421508,-537.0511917294551,-0.11700394757323525,5.109731904065425e-09,149.78830223660117,0.0,-53.176604473202346,-0.9116977633988276,0.0,2.972304002794272e-17,2.2854140810009396,1.5707963267948966,19.342004175192233,461.0,0.024924779650238683,3.2815706969953093,0.0,0.05422683943975998,-1590.7976599640956,4.811818026325619,-76.49333416507353,0.040685692502658494,0.1739503657633469,-1.351482683340678,0.03809741009320492,0.1745355054646854,-1.351482683340678,-1.771934824941178e-17,2.752542160290095e-19,-4.98003704348818e-19,-1.7721481953057675e-17,1.2027253437293853e-20,-4.98003704348818e-19,-1590.7595625540023,4.9863535317903045,-77.84481684841421,-1680045.6451794337,252.75762918591366,131170.85776630286,0.04329413122463976,4575.429822815714
209.8609347922088,2001.0,12.0,14.0,14.0,24.0,57.0,1.0,3516793.8363639647,-10723.869870585262,170476.96745179628,-128.91393193233566,-287.37992787764307,4568.182470700193,3520939.6878254157,4579.027965671943,3516245.231433471,-63034.60394058286,170476.96745179628,3520939.687825415,-137.6424554715866,-534.6703127606758,4568.182470700193,4601.424657050072,12746051.56849485,0.7238988648292124,1.633622559435398,1.902452906191904e-07,7.587413168226327e-06,0.04852520775935007,0.0484369689043263,-0.017924760278048242,124739.68782541528,0.020375941107863053,0.020276750877728237,3064.2502189800143,-16087332812.522459,-1012038415.2853638,-196804599.2629565,-16086314697.318943,-1888708175.2998295,16119134554.152853,16198008246.785002,-0.9986667035484372,0.017902778669723243,-0.04841803114130745,0.01792380043142497,0.9998393557857654,0.0,-0.04841025306473997,0.0008678351274593141,0.9988271593526076,4569.024021036659,-537.0514969711718,-0.11700496232163789,5.090499776858089e-09,149.85625092975798,0.0,-53.28437639463694,-0.9,0.0,2.972429283186452e-17,2.2854345408416488,1.5707963267948966,19.337526301969895,461.0,0.024830627002538824,3.289033970605732,0.0,0.05402282089778144,-1590.7424527414705,4.8507009095683795,-77.11141510091423,0.0408445588318936,0.17332189430256553,-1.3463974699278412,0.03826189583440634,0.17391027674625428,-1.3463974699278412,-1.7653301062210754e-17,2.7470112517975715e-19,-5.001714497172124e-19,-1.765543409772254e-17,1.2079826265561712e-20,-5.001714497172124e-19,-1590.704190845636,5.024611186314634,-78.45781257084207,-1680049.6910690553,252.9461136222939,131208.2383826311,0.0433961630496854,4575.399986530039
210.1609347922088,2001.0,12.0,14.0,14.0,24.0,58.0,1.0,3516755.0069113765,-10810.083357237996,171847.4145145883,-129.94907921335997,-287.37664561742133,4568.131214115949,3520967.7888918235,4579.005884361274,3516203.7808325025,-63195.001365933465,171847.4145145883,3520967.7888918235,-138.6948779212971,-534.6458410573243,4568.131214115949,4601.40252900156,12746020.989169534,0.7238982025007522,1.633622546815926,1.8966081829902343e-07,7.56146940975451e-06,0.048915303437069256,0.04882626727921915,-0.017970573492023037,124767.78889182303,0.020539720943027213,0.020439732937533955,3054.329834729433,-16087329732.751776,-1012038017.7229555,-196805552.849142,-16086314602.59066,-1888688550.7318213,16119131455.497385,16198005876.0583,-0.9986469606241924,0.017948190712026718,-0.048806869252466224,0.01796960626694629,0.9998385335896046,0.0,-0.048798988582485395,0.0008770402235891453,0.9988082346045074,4568.986337269044,-537.0518060600239,-0.11700598529083314,5.071230474178495e-09,149.93653969092293,0.0,-53.404809536384406,-0.9,0.0,2.972576834137805e-17,2.2854586377406823,1.5707963267948966,19.332255163060317,461.0,0.024736295633866312,3.296469021345665,0.0,0.0538181703143283,-1590.6868023898912,4.889580563701297,-77.72944483080659,0.04100064175644909,0.17269554769968473,-1.3412980460389954,0.03842359343531449,0.17328713826263165,-1.3412980460389954,-1.7587172884536236e-17,2.741431463824876e-19,-5.023060132866094e-19,-1.7589305198367698e-17,1.21315271165192e-20,-5.023060132866094e-19,-1590.648378796456,5.0628677019639285,-79.07074287684559,-1680053.7217219193,253.13459805867416,131245.70674688497,0.0434981968641592,4575.370080957152
210.46093479220877,2001.0,12.0,14.0,14.0,24.0,58.0,1.0,3516715.8669200754,-10896.295855471859,173217.8461404697,-130.9841900308784,-287.373338464032,4568.0795586911745,3520996.114756779,4578.983637034551,3516162.0145105314,-63355.39143613541,173217.8461404697,3520996.114756778,-139.747262162808,-534.621278482163,4568.0795586911745,4601.380234583973,12745990.526372962,0.7238975426942431,1.6336225342395938,1.8907453925087362e-07,7.535436330029746e-06,0.04930539289695743,0.04921555931148435,-0.01801638723693193,124796.11475677835,0.020703497744731694,0.02060271196689467,3044.364103451371,-16087326664.678112,-1012037621.5932202,-196806522.19274354,-16086314543.28781,-1888668774.044491,16119128368.605814,16198003522.990765,-0.9986270645894817,0.017993598791719155,-0.04919569363183895,0.018015412595600026,0.9998377092853671,0.0,-0.049187709627562574,0.0008862807187043114,0.9987891587958303,4568.94836295917,-537.0521189997886,-0.11700701648083812,5.05180702392342e-09,150.0174707336524,0.0,-53.51747073365242,-0.8912646331737919,0.0,2.9727255290663756e-17,2.2854829214653734,1.5707963267948966,19.32694615958163,461.0,0.02464121242804755,3.3038756653981713,0.0,0.05361205964354948,-1590.6307089745196,4.9284569631622235,-78.34742294797866,0.04115326066457882,0.1720617173423315,-1.3361625937366135,0.03858196556245035,0.17265647213891822,-1.3361625937366135,-1.752056803726282e-17,2.7357425719782453e-19,-5.04397331637699e-19,-1.7522699529910887e-17,1.218224190078323e-20,-5.04397331637699e-19,-1590.5921270089573,5.101113435301142,-79.68358554171527,-1680057.7370343953,253.3230824950544,131283.2628590645,0.04360023267270331,4575.3401061004415
210.76093479220876,2001.0,12.0,14.0,14.0,24.0,58.0,1.0,3516676.416401034,-10982.507357827759,174588.26220991494,-132.019264098753,-287.37000642838314,4568.02750447562,3521024.6654121247,4578.961223720243,3516119.932479056,-63515.774123937,174588.26220991494,3521024.6654121242,-140.79960790528463,-534.5966250535643,4568.02750447562,4601.357773826189,12745960.180678586,0.7238968854221446,1.633622521708094,1.8848643661548996e-07,7.509283430794266e-06,0.04969547608756599,0.04960484495165074,-0.018062201517135532,124824.66541212425,0.020867271490292143,0.020765687943200068,3034.354920424521,-16087323608.357916,-1012037226.9270481,-196807507.41481784,-16086314519.463308,-1888648845.2793205,16119125293.536411,16198001187.641819,-0.9986070154573897,0.01803900289250109,-0.04958450417145259,0.01806121942164862,0.999836882872903,0.0,-0.04957641608958361,0.0008955566097542565,0.9987699319393186,4568.910098147694,-537.0524358007892,-0.11700805589324542,5.032229431686232e-09,150.09904403464068,0.0,-53.5990440346407,-0.850477982679651,0.0,2.972875367115597e-17,2.285507391875834,1.5707963267948966,19.32159938907267,461.0,0.024545377473164195,3.3112536727478434,0.0,0.05340495358315236,-1590.5741725610364,4.967330082419023,-78.96534904613098,0.041302784243516216,0.17141437308948557,-1.3310036614581127,0.03873747142467625,0.1720122542016998,-1.3310036614581127,-1.7453639351756654e-17,2.7299699805173633e-19,-5.06451117042711e-19,-1.7455769944462376e-17,1.2232258077771172e-20,-5.06451117042711e-19,-1590.5354350896118,5.139342336620723,-80.2963527075891,-1680061.7369306702,253.51156693143466,131320.9067191697,0.04370227047996005,4575.310061963291
211.06093479220874,2001.0,12.0,14.0,14.0,24.0,59.0,1.0,3516636.6553653204,-11068.717856841398,175958.6626032829,-133.05430113090105,-287.36664951725004,4567.975051527461,3521053.440849644,4578.9386444547945,3516077.5347496686,-63676.1494020837,175958.6626032829,3521053.440849644,-141.85191485788698,-534.5718807857988,4567.975051527461,4601.335146764798,12745929.952933758,0.7238962307028456,1.633622509222104,1.8789649326977893e-07,7.483024292320956e-06,0.05008555295723102,0.0499941241502168,-0.018108016336993056,124853.44084964413,0.021031042156997595,0.020928660843721778,3024.3033936321735,-16087320563.876366,-1012036833.7407376,-196808508.63766286,-16086314531.198774,-1888628764.4632878,16119122230.375217,16197998870.097723,-0.9985868132411035,0.01808440299807503,-0.04997330076331457,0.018107026749353095,0.9998360543520614,0.0,-0.049965107858141296,0.0009048678936748044,0.998750554047816,4568.871542883626,-537.0527564692123,-0.11700910352854582,5.012497703101168e-09,150.18125957041178,0.0,-53.681259570411804,-0.8093702147941,0.0,2.973026347422413e-17,2.285532048831116,1.5707963267948966,19.316214949651656,461.0,0.024448790858073235,3.3186028167764325,0.0,0.05319621203063503,-1590.5171932156356,5.006199895942989,-79.5832227190037,0.041448652950685595,0.17076180937440483,-1.3258039639717267,0.03888942832256089,0.1713627694016158,-1.3258039639717267,-1.7386176008021508e-17,2.7240778673163987e-19,-5.08458827447301e-19,-1.738830559189361e-17,1.2281168354317375e-20,-5.08458827447301e-19,-1590.478303787313,5.177562665344604,-80.90902668297542,-1680065.7212988306,253.7000513678149,131358.6383272005,0.04380431029057168,4575.279948549079
211.36093479220872,2001.0,12.0,14.0,14.0,24.0,59.0,1.0,3516596.583824089,-11154.927345051194,177329.0472009641,-134.08930084141753,-287.3632677370313,4567.922199907624,3521082.441061062,4578.915899277203,3516034.8213340505,-63836.51724332595,177329.0472009641,3521082.441061062,-142.9041827299485,-534.547045692789,4567.922199907624,4601.31235343891,12745899.844071342,0.7238955785565876,1.6336224967821813,1.8730469182098736e-07,7.456657792223327e-06,0.05047562345419141,0.05038339685769253,-0.018153831700864577,124882.44106106227,0.021194809722174312,0.021091630645812674,3014.2105473428965,-16087317531.32742,-1012036442.0492061,-196809525.983782,-16086314578.584581,-1888608531.6220737,16119119179.216934,16197996570.453287,-0.9985664579539096,0.01812979909214767,-0.05036208329945458,0.01815283458297532,0.9998352237226907,0.0,-0.05035378482285096,0.0009142145673890229,0.9987310251342645,4568.832697218649,-537.0530810108651,-0.11701015938708333,4.992611843843009e-09,150.2320586586604,0.0,-53.764117317320796,-0.7679413413396017,0.0,2.973120654367977e-17,2.2855474503241227,1.5707963267948966,19.312853236245346,461.0,0.024351445715627876,3.3259228712368305,0.0,0.052985834921944024,-1590.4597710050164,5.045066378212463,-80.20104356044365,0.041590666506219634,0.17010331970783607,-1.320558043750711,0.039037646918981005,0.17070730810099152,-1.320558043750711,-1.7317841082975717e-17,2.7180129222996054e-19,-5.104101664976084e-19,-1.7319969506908066e-17,1.2328723948907076e-20,-5.104101664976084e-19,-1590.4207333580973,5.2157736863134545,-81.52160160419436,-1680069.6900156941,253.88853580419516,131396.457683157,0.043906352109180646,4575.249765861171
211.6609347922087,2001.0,12.0,14.0,14.0,24.0,59.0,1.0,3516556.201788577,-11241.13581499729,178699.41588336675,-135.12426294456142,-287.3598610935294,4567.868949680366,3521111.666038038,4578.892988229581,3515991.792243968,-63996.87762041818,178699.41588336675,3521111.666038038,-143.95641123095888,-534.5221197878882,4567.868949680366,4601.2893938907,12745869.855129084,0.7238949290058847,1.6336224843887084,1.867110146007193e-07,7.43019772961556e-06,0.050865687526572674,0.05077266302459563,-0.01819964761311077,124911.66603803867,0.02135857416313232,0.02125459732679923,3004.077273093164,-16087314510.815828,-1012036051.865216,-196810559.5759679,-16086314661.721882,-1888588146.7792842,16119116140.166912,16197994288.813791,-0.9985459496091952,0.01817519115842969,-0.050750851671920894,0.01819864292677774,0.9998343909846389,0.0,-0.050742446873346767,0.0009235966278071493,0.9987113452117057,4568.7935612077,-537.0534094309539,-0.11701122346899279,4.9725718596306266e-09,150.27380862576953,0.0,-53.847617251539056,-0.7261913742304716,0.0,2.9731986496458936e-17,2.2855601879196437,1.5707963267948966,19.310073890208514,461.0,0.02425334705414516,3.333213608980715,0.0,0.05277382219254409,-1590.4019059963903,5.0839295037124606,-80.81881116439926,0.04172891507926449,0.16943939719954693,-1.3152697575904888,0.03918221035654938,0.1700463644674987,-1.3152697575904888,-1.7248872623269934e-17,2.711811868991327e-19,-5.123116076992866e-19,-1.725099976428283e-17,1.2375081126073404e-20,-5.123116076992866e-19,-1590.3627237860337,5.2539758681799595,-82.13408092198975,-1680073.6429442484,254.0770202405754,131434.36478703914,0.04400839594042939,4575.219513902931
211.9609347922087,2001.0,12.0,14.0,14.0,24.0,59.0,1.0,3516515.5092701116,-11327.34325922154,180069.76853091767,-136.1591871545172,-287.35642959217245,4567.815300905523,3521141.1157721756,4578.869911349432,3515948.447491278,-64157.23050611881,180069.76853091767,3521141.1157721756,-145.00860007032892,-534.4971030841085,4567.815300905523,4601.266268157742,12745839.986981506,0.7238942820697158,1.6336224720420462,1.8611544365878127e-07,7.403658096957783e-06,0.05125574512264026,0.05116192260145157,-0.01824546407809287,124941.1157721756,0.021522335457196944,0.0214175608640447,2993.9044522494078,-16087311502.429865,-1012035663.200155,-196811609.53677064,-16086314780.695335,-1888567609.9572384,16119113113.313963,16197992025.267986,-0.9985252882204471,0.018220579180635684,-0.05113960577278054,0.01824445178502333,0.9998335561377524,0.0,-0.051131093899281894,0.0009330140718265953,0.99869151429328,4568.754134901223,-537.0537417343079,-0.1170122957744446,4.952536552967811e-09,150.33175934907317,0.0,-53.93175934907315,-0.7,0.0,2.973305865553209e-17,2.285577697606092,1.5707963267948966,19.30625462181249,461.0,0.024155274933610266,3.340474822352401,0.0,0.05256149985219918,-1590.343598257477,5.122789246934681,-81.43652512492123,0.041864472325502305,0.16877542873319554,-1.309976363113632,0.03932411158865411,0.16938534067306354,-1.309976363113632,-1.7179968198216414e-17,2.705582585506852e-19,-5.141823441012839e-19,-1.7182094016505103e-17,1.2420586813422033e-20,-5.141823441012839e-19,-1590.3042741458883,5.292174587607744,-82.74650148803487,-1680077.5799689982,254.26550467695566,131472.35963884695,0.044110441788960446,4575.189192677715
212.26093479220867,2001.0,12.0,14.0,14.0,25.0,0.0,1.0,3516474.5062796785,-11413.549670542601,181440.1050284828,-137.1940731946966,-287.35297323066237,4567.761253589329,3521170.7902548173,4578.846668620408,3515904.7870874936,-64317.5758734589,181440.1050284828,3521170.790254818,-146.0607489665997,-534.4719955865972,4567.761253589329,4601.242976223594,12745810.238624005,0.7238936377263558,1.6336224597416085,1.855179607568495e-07,7.377007935979732e-06,0.051645796189705793,0.05155117554005375,-0.01829128110025132,124970.79025481828,0.021686093580581805,0.02158052123378491,2983.692196443677,-16087308506.06871,-1012035276.0382029,-196812675.98556238,-16086314935.40053,-1888546921.1509163,16119110098.556475,16197989779.713634,-0.9985044738011861,0.01826596314256157,-0.05152834549537782,0.018290261162054258,0.9998327191818759,0.0,-0.05151972579158677,0.0009424668963590224,0.998671532392162,4568.714418296399,-537.0540779180354,-0.1170133763032971,4.932612257479155e-09,150.4165435851951,0.0,-54.01654358519509,-0.7,0.0,2.9734614525859614e-17,2.2856031068968132,1.5707963267948966,19.30071504234647,461.0,0.0240577502409218,3.347706827010711,0.0,0.05234976114187809,-1590.2848478565786,5.161645582502835,-82.0541850381763,0.04199804623076652,0.1681148873813774,-1.3047018284772383,0.03946400627397382,0.16872771987809992,-1.3047018284772383,-1.7111527907643797e-17,2.6993872371039115e-19,-5.160336310662082e-19,-1.7113652411498975e-17,1.2465433253597884e-20,-5.160336310662082e-19,-1590.2453838503047,5.330373302380935,-83.35888686665353,-1680081.5012221448,254.4539891133359,131510.4422385804,0.044212489659416425,4575.158802188869
212.56093479220866,2001.0,12.0,14.0,14.0,25.0,0.0,1.0,3516433.1928302892,-11499.755040519885,182810.42524074492,-138.22892074162073,-287.3494920147008,4567.706807796835,3521200.6894781385,4578.823260083758,3515860.811046173,-64477.9136942419,182810.42524074492,3521200.689478138,-147.11285759146077,-534.4467973093758,4567.706807796835,4601.219518129572,12745780.611072937,0.7238929959978551,1.6336224474877445,1.8491854736195318e-07,7.350246044437047e-06,0.05203584068490149,0.05194042178644557,-0.018337098683666783,125000.689478138,0.021849848514421566,0.021743478417119422,2973.441340841353,-16087305521.835018,-1012034890.3914601,-196813759.0490443,-16086315125.936382,-1888526080.3842673,16119107095.997656,16197987552.253899,-0.9984835063653367,0.018311343027652846,-0.05191707072732581,0.01833607106185293,0.9998318801168598,0.0,-0.05190834243546215,0.0009519550981794908,0.9986513995219222,4568.674411447234,-537.0544179871767,-0.11701446505568204,4.912537064678771e-09,150.50196993753715,0.0,-54.10196993753714,-0.7,0.0,2.973618177797377e-17,2.2856287020662163,1.5707963267948966,19.295138258813562,461.0,0.023959489939083665,3.354909416430385,0.0,0.052136421389846234,-1590.2256548621738,5.200498484473242,-82.67179049123666,0.04212788824733425,0.16744922116880714,-1.2993873856025915,0.03960027469255738,0.16806492460502867,-1.2993873856025915,-1.70425636362781e-17,2.693072467229919e-19,-5.178378173082547e-19,-1.7044686714957233e-17,1.2509144115020846e-20,-5.178378173082547e-19,-1590.1860545874813,5.36856340907827,-83.97117787683925,-1680085.4065694902,254.64247354971613,131548.6125862395,0.044314539556440026,4575.128342439735
212.71995239957957,2001.0,12.0,14.0,14.0,25.0,0.0,1.0,3516411.1683861655,-11545.44852181154,183536.76874278425,-138.7774349889984,-287.34763667891934,4567.677786691113,3521216.6289527076,4578.8107848871105,3515837.3731722613,-64562.899080678,183536.76874278425,3521216.6289527076,-147.67052050040928,-534.4334039254367,4567.677786691113,4601.207016521602,12745764.953420255,0.7238926568546331,1.6336224410103017,1.843171846397668e-07,7.336034009267613e-06,0.05224258447440867,0.05214674241412276,-0.018361384921206335,125016.62895270763,0.02193664693714097,0.021829853986575002,2967.9914600774646,-16087303944.702326,-1012034686.5587767,-196814339.91051114,-16086315241.228582,-1888514971.9049764,16119105509.178911,16197986378.673326,-0.9984723303484891,0.018335395371536826,-0.052123112004435916,0.018360353210983175,0.9998314345078214,0.0,-0.05211432584640701,0.0009569987468570807,0.9986406667039817,4568.653087715613,-537.0545998109045,-0.11701504549282374,4.903230490284265e-09,150.52078619088454,0.0,-54.16235857265363,-0.6792138091154565,0.0,2.9736535579998565e-17,2.2856344800917667,1.5707963267948966,19.2938797789354,461.0,0.023913909052315774,3.3587158128335792,0.0,0.052038010039009,-1590.194099648537,5.2210914020065,-82.9991354103452,0.04220764918810483,0.1671463261500726,-1.2969311602181677,0.03968269911911263,0.16776371295984885,-1.2969311602181677,-1.7010528093268355e-17,2.690427232510447e-19,-5.189210654658324e-19,-1.7012650965057113e-17,1.2535547356990842e-20,-5.189210654658324e-19,-1590.154416949418,5.388855114966349,-84.29606657056337,-1680087.4704859238,254.8309579860964,131586.87068182425,0.044416591484674056,4575.097813433646
212.9681938191342,2001.0,12.0,14.0,14.0,25.0,0.0,1.0,3516376.611798273,-11616.779746312119,184670.64991756706,-139.633695374819,-287.3447263365957,4567.632258018879,3521241.6381888012,4578.791216591135,3515800.6071796124,-64695.56498746733,184670.64991756706,3521241.6381888017,-148.5410618025933,-534.4124445856178,4567.632258018879,4601.187406796648,12745740.570323221,0.7238921287181651,1.6336224309208478,1.843171846397668e-07,7.313783802184625e-06,0.05256532721126817,0.05246882448930369,-0.018399298338268404,125041.6381888017,0.022072145612675433,0.021964692550220745,2959.4594089761376,-16087301488.668179,-1012034369.0979134,-196815256.12185073,-16086315440.53849,-1888497545.075613,16119103038.058586,16197984555.965782,-0.998454797605998,0.018372941034726708,-0.052444753553622894,0.01839826022394652,0.9998307376855005,0.0,-0.052435876633253053,0.000964892223260298,0.9986238269862681,4568.619636148601,-537.0548858073353,-0.1170159562275927,4.8885375640789935e-09,150.55204773600215,0.0,-54.25614320800643,-0.6479522639978579,0.0,2.9737121983223166e-17,2.2856440567831853,1.5707963267948966,19.291794306140442,461.0,0.02384195117093508,3.3646432883064303,0.0,0.051882602208066175,-1590.1445904736468,5.253236928701811,-83.51012061688634,0.04232951001674873,0.1666676021811027,-1.2930527536093785,0.03980882049052598,0.16728758126713836,-1.2930527536093785,-1.695995417437539e-17,2.6861902699732223e-19,-5.205792718812052e-19,-1.6962076630639418e-17,1.2575964944779474e-20,-5.205792718812052e-19,-1590.1047816531561,5.420524509968949,-84.80317337049571,-1680090.684558548,255.01944242247663,131625.21652533466,0.04451864544876133,4575.067215173928
213.26581159434969,2001.0,12.0,14.0,14.0,25.0,1.0,1.0,3516334.9015698265,-11702.29812225173,186030.05029741535,-140.66023450531972,-287.3412146369714,4567.577313566556,3521271.824695316,4578.767606093153,3515756.2434129617,-64854.6118807238,186030.05029741535,3521271.8246953157,-149.58472077306251,-534.3872343767703,4567.577313566556,4601.163746310436,12745711.433921564,0.7238914976238433,1.6336224188606512,1.8371385344770506e-07,7.2870182516874935e-06,0.05295225892453095,0.0528549640180256,-0.01844475342378821,125071.82469531521,0.022234592666694128,0.02212634819600336,2949.1916467025876,-16087298553.812498,-1012033989.6855764,-196816369.81715077,-16086315710.572159,-1888476514.6693392,16119100085.171793,16197982385.781456,-0.9984336394470679,0.018417950987449104,-0.05283035776810895,0.01844370759661078,0.9998299003581013,0.0,-0.05282137134317121,0.0009743876708993364,0.9986035015450795,4568.579268655986,-537.0552321504266,-0.1170170555322879,4.870802991502311e-09,150.58978086914402,0.0,-54.36934260743206,-0.6102191308559798,0.0,2.9737829704423766e-17,2.285655614747508,1.5707963267948966,19.28927800083711,461.0,0.02375509950031413,3.371726159274811,0.0,0.051695018747134905,-1590.084834389818,5.29177319355837,-84.1226930878049,0.04247261952130481,0.16608962366105992,-1.2883714021172383,0.0399571214049791,0.16671267182161587,-1.2883714021172383,-1.6898907595927597e-17,2.6810155285049606e-19,-5.2252943951202e-19,-1.6901029466433475e-17,1.2623513286544701e-20,-5.2252943951202e-19,-1590.044877268413,5.458485865379986,-85.41106448992214,-1680094.5252070092,255.2079268588569,131663.65011677073,0.044620701453344826,4575.036547663898
213.51515844539443,2001.0,12.0,14.0,14.0,25.0,1.0,1.0,3516299.7211618875,-11773.945380469353,187168.95554599227,-141.5202483691416,-287.33825364628586,4567.5309785555155,3521297.2854834576,4578.747699182743,3515718.835924409,-64987.857014284156,187168.95554599227,3521297.2854834576,-150.45907643317082,-534.366044247823,4567.5309785555155,4601.143797251993,12745687.106924454,0.7238909706999176,1.6336224087881368,1.8310853432781287e-07,7.264526223558166e-06,0.053276428690774966,0.05317847000016449,-0.018482836539948703,125097.28548345808,0.02237068979463167,0.022261782277430642,2940.558270357549,-16087296103.368904,-1012033672.8501074,-196817315.7615707,-16086315963.164286,-1888458779.9862275,16119097619.67026,16197980580.499681,-0.9984157970467175,0.018455657601588054,-0.053153409204498576,0.01848178422146297,0.999829197239204,0.0,-0.05314433045546073,0.0009823698395526664,0.9985863583536174,4568.545228335925,-537.0555252369883,-0.11701798276978663,4.854640968013262e-09,150.6493870955945,0.0,-54.44938709559452,-0.5753064522027429,0.0,2.973892697511132e-17,2.2856735345377412,1.5707963267948966,19.28537799176217,461.0,0.023675981567257087,3.37763976388555,0.0,0.051524045882847494,-1590.0344350315354,5.324056558222173,-84.6358695466031,0.04257956119965182,0.16555723515392348,-1.284110206980934,0.04006916140515766,0.16618266891602695,-1.284110206980934,-1.6843530580862036e-17,2.6759830070637003e-19,-5.240105582302079e-19,-1.68456513976642e-17,1.2659674155928038e-20,-5.240105582302079e-19,-1589.9943658701302,5.4902392271382,-85.91997975358404,-1680097.7319117002,255.39641129523713,131702.17145613243,0.044722759503067526,4575.005810906869
213.76450529643918,2001.0,12.0,14.0,14.0,25.0,1.0,1.0,3516264.3263152447,-11845.591898463183,188307.84921045846,-142.38023484099153,-287.33527549102774,4567.484368358417,3521322.9015014935,4578.727677752125,3515681.2104212213,-65121.096856561606,188307.84921045846,3521322.901501493,-151.33340345903247,-534.3447914336238,4567.484368358417,4601.123733430044,12745662.862892965,0.7238904455718761,1.633622398747741,1.8250120749944311e-07,7.241949009796809e-06,0.05360059376393197,0.053501971219598224,-0.01852092005663385,125122.90150149306,0.022506784650859785,0.02239721408944289,2931.899826310575,-16087293661.254208,-1012033357.0573976,-196818273.53102285,-16086316240.449394,-1888440940.3539262,16119095162.546663,16197978787.668123,-0.9983978489794656,0.018493361352574046,-0.0534764503221684,0.018519861219966557,0.9998284926628133,0.0,-0.053467278718571445,0.0009903764385029946,0.9985691109086745,4568.510987571634,-537.0558210113119,-0.11701891568868851,4.8378075847331335e-09,150.7225757185516,0.0,-54.52257571855159,-0.5387121407242026,0.0,2.974026879444604e-17,2.2856954481104657,1.5707963267948966,19.280611002292876,461.0,0.02359359252692397,3.3835330538814796,0.0,0.051345958854837524,-1589.9837301230787,5.3563374776125,-85.14900721722823,0.04267900672448178,0.16500019804053725,-1.2796741515292316,0.0401740983242723,0.16562791066796856,-1.2796741515292316,-1.6785962127022062e-17,2.6705773044958943e-19,-5.254021981143955e-19,-1.6788081582826494e-17,1.2693682437127744e-20,-5.254021981143955e-19,-1589.9435560247543,5.521965388280468,-86.42868136875747,-1680100.9276923183,255.5848957316174,131740.7805434198,0.04482481960257262,4574.97500490614
214.06450529643917,2001.0,12.0,14.0,14.0,25.0,2.0,1.0,3516221.457046823,-11931.79194047835,189678.0860584843,-143.4148852558812,-287.3316696032714,4567.427924976873,3521353.9269698816,4578.703437385796,3515635.652614361,-65281.396447912004,189678.0860584843,3521353.9269698816,-152.38530596547872,-534.3191381880977,4567.427924976873,4601.099441738552,12745633.805664051,0.7238898161880108,1.6336223867110697,1.8128044993574107e-07,7.214732318011972e-06,0.05399060455394084,0.05389118319650297,-0.018566740519728623,125153.92696988117,0.022670523243327592,0.02256015494764256,2921.450382478535,-16087290734.266161,-1012032978.5201521,-196819441.6417422,-16086316606.974096,-1888419337.6598244,16119092217.566929,16197976647.324392,-0.998376114848404,0.018538720560840223,-0.053865101319622806,0.018565673805058323,0.9998276430246186,0.0,-0.05385581729368074,0.0010000419005765336,0.9985482215996515,4568.469525440094,-537.0561804407903,-0.11702004565395414,4.817419419792378e-09,150.80560995697311,0.0,-54.61121991394619,-0.4943900430269085,0.0,2.974179257827358e-17,2.2857203333888756,1.5707963267948966,19.275200512223762,461.0,0.023493806718711863,3.390596180474099,0.0,0.05113025928822678,-1589.9223199480414,5.395172788427148,-85.76633363778308,0.04279516578630252,0.16432527636263713,-1.274300241716423,0.04029696243817025,0.1649556833958469,-1.274300241716423,-1.6716172014177367e-17,2.663955599059291e-19,-5.270310768764678e-19,-1.6718289722926363e-17,1.2733506940897821e-20,-5.270310768764678e-19,-1589.8820229856033,5.560128471822995,-87.0406338794995,-1680104.757951215,255.77338016799763,131779.47737863282,0.044926881756503265,4574.94412966501
214.36450529643915,2001.0,12.0,14.0,14.0,25.0,2.0,1.0,3516178.2773886817,-12017.990897384238,191048.30591988866,-144.44949549964846,-287.3280388835508,4567.371083393215,3521385.17712563,4578.679031346845,3515589.7792424187,-65441.68833005434,191048.30591988866,3521385.17712563,-153.43716649389054,-534.2933942312245,4567.371083393215,4601.074984022463,12745604.871229522,0.7238891894622712,1.6336223747221064,1.8066697795662518e-07,7.187412565077634e-06,0.05438060845420793,0.05428038818885095,-0.01861256157060947,125185.17712563043,0.022834258505700044,0.022723092479070107,2910.966790638864,-16087287819.60662,-1012032601.5290782,-196820627.09505874,-16086317009.508364,-1888397583.103973,16119089284.988459,16197974525.276953,-0.9983542277848907,0.01858407559478394,-0.0542537371830008,0.018611486938855445,0.9998267912763315,0.0,-0.05424433996242908,0.0010097427209655153,0.9985271814035299,4568.427773281095,-537.0565437744813,-0.11702118384386137,4.7968836031571466e-09,150.8502530366149,0.0,-54.700506073229796,-0.44974696338510073,0.0,2.9742625137083527e-17,2.285733930106076,1.5707963267948966,19.27224567607193,461.0,0.023393293316477354,3.397629263758528,0.0,0.05091299196882372,-1589.8604676037808,5.434004512980269,-86.38360316880161,0.04290730747970965,0.16364449808072512,-1.2688808895899764,0.040415927240642954,0.16427754445611198,-1.2688808895899764,-1.6645475436392252e-17,2.657151901535936e-19,-5.285994211693626e-19,-1.6647591235521542e-17,1.2771875447878466e-20,-5.285994211693626e-19,-1589.82005167654,5.59828205743638,-87.6524840583916,-1680108.5720409788,255.9618646043779,131818.2619617715,0.04502894596950283,4574.913185186763
214.66450529643913,2001.0,12.0,14.0,14.0,25.0,2.0,1.0,3516134.787353541,-12104.188761344072,192418.5086689982,-145.48406527213018,-287.32438333783057,4567.31384367351,3521416.6519600744,4578.65445967702,3515543.590318663,-65601.97247539875,192418.5086689982,3521416.6519600744,-154.48898473932363,-534.2675595770901,4567.31384367351,4601.050360323601,12745576.060589839,0.7238885654163614,1.6336223627812436,1.8005141576520485e-07,7.160019583067854e-06,0.05477060541640496,0.054669586145452816,-0.018658383213530243,125216.65196007444,0.022997990416847004,0.022886026662590254,2900.449980817735,-16087284917.376606,-1012032226.0968717,-196821830.01512846,-16086317448.149431,-1888375676.7110548,16119086364.912865,16197972421.627384,-0.9983321878034108,0.01862942643804552,-0.05464235780275961,0.018657300625513348,0.9998259374177934,0.0,-0.05463284661286261,0.0010194788964129511,0.9985059903344372,4568.385731150016,-537.0569110176928,-0.11702233025858627,4.776200140522508e-09,150.89521708582063,0.0,-54.790434171641266,-0.40478291417936507,0.0,2.974346356744534e-17,2.285747622712996,1.5707963267948966,19.269270947141024,461.0,0.023292060553533906,3.4046320851102574,0.0,0.05069415682735324,-1589.7981731624923,5.472832625646414,-87.00081540243474,0.04301561709935129,0.16295868123382123,-1.2634224679826378,0.04053116593544792,0.16359431436274718,-1.2634224679826378,-1.657426576370223e-17,2.650228381975814e-19,-5.301191917650652e-19,-1.657637953951794e-17,1.2809076822431932e-20,-5.301191917650652e-19,-1589.757641996557,5.636426940009161,-88.26423787041738,-1680112.3698295206,256.15034904075816,131857.13429283584,0.04513101224621472,4574.88217147468
214.9645052964391,2001.0,12.0,14.0,14.0,25.0,2.0,1.0,3516090.9869532688,-12190.385525103045,193788.69418947047,-146.5185942946842,-287.32070296463235,4567.256205852782,3521448.3514640564,4578.629722387139,3515497.085855504,-65762.24885692538,193788.69418947047,3521448.3514640564,-155.54076041828012,-534.2416342319747,4567.256205852782,4601.025570652601,12745547.37365638,0.7238879440483963,1.6336223508876788,1.794337418495463e-07,7.1325680938221195e-06,0.05516059538786351,0.0550587770177823,-0.01870420545291131,125248.35146405688,0.02316171895336452,0.02304895747482279,2889.8998520076275,-16087282027.568193,-1012031852.2100695,-196823050.52316433,-16086317922.885616,-1888353618.4792116,16119083457.331396,16197970336.365967,-0.9983099949184039,0.018674773074432414,-0.055030963072027456,0.018703114869353915,0.9998250814488421,0.0,-0.055021337135698074,0.001029250423707303,0.9984846484064566,4568.343399072043,-537.0572821683163,-0.11702348489747304,4.755774058820577e-09,150.98100418301965,0.0,-54.921506274529484,-0.4,0.0,2.9745036721127056e-17,2.2857733142623116,1.5707963267948966,19.26369199912248,461.0,0.02319209202796643,3.411604695728432,0.0,0.05047728685767548,-1589.7354366970412,5.511657101071642,-87.61796993518523,0.043123232187000246,0.16229242309033598,-1.2580179827213407,0.040645441246306147,0.16293063509567385,-1.2580179827213407,-1.6504100635939986e-17,2.643430694996538e-19,-5.316373022254073e-19,-1.650621246805571e-17,1.2845973276620477e-20,-5.316373022254073e-19,-1589.6947912557948,5.674587736167316,-88.87598791790657,-1680116.1513282955,256.3388334771384,131896.0943718258,0.04523308059128239,4574.85108853203
215.2645052964391,2001.0,12.0,14.0,14.0,25.0,3.0,1.0,3516046.876200963,-12276.581180707404,195158.86235379087,-147.55308226152943,-287.3169977588206,4567.198169955829,3521480.275628881,4578.60481947655,3515450.265866592,-65922.51744693532,195158.86235379087,3521480.275628881,-156.5924932200228,-534.2156181990277,4567.198169955829,4601.000615008491,12745518.80995272,0.7238873253480906,1.6336223390399534,1.788139343261721e-07,7.105041793354442e-06,0.05555057832265292,0.05544796075413035,-0.01875002829297325,125280.27562888106,0.023325444094533725,0.02321188489507167,2879.3156770840287,-16087279150.134903,-1012031479.8421875,-196824288.74317485,-16086318433.666595,-1888331408.3942142,16119080562.196003,16197968269.443209,-0.9982876491445882,0.018720115487559447,-0.05541955288076648,0.018748929674499256,0.9998242233693184,0.0,-0.05540981141848721,0.0010390572995536834,0.9984631556339453,4568.300777060924,-537.0576572205399,-0.1170246477593596,4.7352513814336e-09,151.07221608251731,0.0,-55.058324123775996,-0.4,0.0,2.9746707269326167e-17,2.2858005963848025,1.5707963267948966,19.25777131003559,461.0,0.023091654137858558,3.4185472819847527,0.0,0.05025930135208504,-1589.6722582806078,5.550477913589942,-88.23506635856725,0.04322740734892101,0.16162412361438633,-1.252586276383688,0.0407563364224104,0.1622648671821824,-1.252586276383688,-1.6433617059400934e-17,2.6365439720042955e-19,-5.331127767791014e-19,-1.6435726858133258e-17,1.2881810184305184e-20,-5.331127767791014e-19,-1589.6315019441854,5.712742780772125,-89.48765263495093,-1680119.9165998846,256.52731791351863,131935.14219874144,0.045335151009349504,4574.819936362076
215.56450529643908,2001.0,12.0,14.0,14.0,25.0,3.0,1.0,3516002.4551087855,-12362.775720830517,196529.01304450416,-148.58752889208608,-287.31326772835604,4567.139736042784,3521512.424445323,4578.5797509812965,3515403.130364635,-66082.77821834358,196529.01304450416,3521512.4244453227,-157.64418285925657,-534.1895114940675,4567.139736042784,4600.975493427517,12745490.370261544,0.7238867093324312,1.6336223272389754,1.7819197093101463e-07,7.077408435127744e-06,0.055940554167985705,0.055837137305658875,-0.01879585173811608,125312.42444532271,0.023489165817268624,0.023374808900248602,2868.698855176568,-16087276285.155201,-1012031109.0128329,-196825544.7964446,-16086318980.56705,-1888309046.4875002,16119077679.586227,16197966220.939056,-0.9982651504966221,0.018765453661221242,-0.055808127121817444,0.01879474504525087,0.9998233631790587,0.0,-0.05579826935165996,0.001048899520707509,0.9984415120312031,4568.257865166677,-537.0580361816836,-0.11702581884500164,4.714584285149683e-09,151.16406984377917,0.0,-55.16406984377919,-0.367965078110407,0.0,2.974838911419971e-17,2.285828062995987,1.5707963267948966,19.25181438176891,461.0,0.022990512735208787,3.4254596152151686,0.0,0.050040384023500785,-1589.6086379870521,5.589295037827487,-88.85210426878045,0.04332832861658187,0.16094307605577418,-1.247132591978524,0.040864201196703975,0.16158630774776842,-1.247132591978524,-1.6362828661143763e-17,2.6295732659788563e-19,-5.345484999755941e-19,-1.6364936342776505e-17,1.2916904896021458e-20,-5.345484999755941e-19,-1589.5677737858555,5.750881345575255,-90.09923686075898,-1680123.6655408945,256.71580234989887,131974.27777358273,0.04543722350505977,4574.788714968074
215.86450529643906,2001.0,12.0,14.0,14.0,25.0,3.0,1.0,3515957.723688369,-12448.969138513441,197899.1461500165,-149.62193391941256,-287.30951288320233,4567.080904161158,3521544.7979038144,4578.5545169252355,3515355.6793618067,-66243.03114442572,197899.1461500165,3521544.7979038144,-158.69582906438012,-534.1633141346925,4567.080904161158,4600.95020593391,12745462.054931639,0.7238860960090071,1.6336223154862621,1.7756782901008428e-07,7.049714005811597e-06,0.056330522868205134,0.056226306625204316,-0.018841675792845132,125344.79790381482,0.02365288409709457,0.023537729465913388,2858.051366582513,-16087273432.663052,-1012030739.7486457,-196826818.80154094,-16086319563.617193,-1888286532.7973185,16119074809.537638,16197964190.890055,-0.9982424989891676,0.01881078757931935,-0.05619668568970503,0.018840560986015522,0.9998225008778969,0.0,-0.056186710827330004,0.0010587770839488335,0.9984197176125342,4568.214663427233,-537.0584190610878,-0.117026998155901,4.6937727761190435e-09,151.25656543947093,0.0,-55.25656543947092,-0.32171728026454144,0.0,2.9750082246223915e-17,2.285855713940331,1.5707963267948966,19.245821321118072,461.0,0.022888667914190832,3.432341509105282,0.0,0.04982019439100279,-1589.5445758908454,5.628108448584538,-89.46908326479914,0.04342564992778009,0.16025369221907615,-1.2416477338831768,0.040968622861347205,0.16089936259146956,-1.2416477338831768,-1.6291623171657806e-17,2.6224987650049087e-19,-5.359392969963991e-19,-1.6293728635161043e-17,1.2951013670671072e-20,-5.359392969963991e-19,-1589.503607267984,5.789007811176007,-90.71073099868232,-1680127.3981051315,256.9042867862791,132013.50109634968,0.04553929808305705,4574.757424353267
216.16450529643905,2001.0,12.0,14.0,14.0,25.0,4.0,1.0,3515912.681952664,-12535.161426056451,199269.26154683877,-150.65629704863647,-287.3057332298603,4567.021674376034,3521577.395995291,4578.529117348456,3515307.912871611,-66403.27619773787,199269.26154683877,3521577.395995291,-159.7474315357621,-534.1370261355843,4567.021674376034,4600.924752567869,12745433.86488721,0.7238854853978716,1.6336223037823367,1.7694148550984163e-07,7.021989404213003e-06,0.056720484373819734,0.05661546866221389,-0.018887500461453932,125377.39599529142,0.023816598912373085,0.023700646570461673,2847.3742851167917,-16087270592.75165,-1012030372.0639315,-196828110.88178468,-16086320182.90636,-1888263867.3502781,16119071952.144142,16197962179.390173,-0.9982196946371787,0.018856117225551004,-0.056585228475582026,0.018886377500988188,0.9998216364656699,0.0,-0.056575135734240244,0.0010686899859695086,0.99839777239253,4568.1711718968,-537.0588058645839,-0.11702818569239173,4.6728168601698e-09,151.3248514218449,0.0,-55.349702843689776,-0.27514857815511246,0.0,2.9751339951857565e-17,2.28587625383207,1.5707963267948966,19.241372004130394,461.0,0.022786114721186752,3.4391927446245716,0.0,0.049598470850921936,-1589.4800720667552,5.666918120330289,-90.08600294028085,0.04351895347395568,0.15955885191719696,-1.2361206913278207,0.04106914006844633,0.1602069045660662,-1.2361206913278207,-1.6219670746838484e-17,2.6152657734103714e-19,-5.372729546778899e-19,-1.6221773845939072e-17,1.2983747953878654e-20,-5.372729546778899e-19,-1589.4390029266867,5.827125024896355,-91.32212363160868,-1680131.1141705494,257.0927712226594,132052.81216704226,0.04564137474798527,4574.726064520896
216.46450529643903,2001.0,12.0,14.0,14.0,25.0,4.0,1.0,3515867.32991435,-12621.352575976494,200639.359114944,-151.69061799332712,-287.30192877450185,4566.962046755249,3521610.218710464,4578.503552293875,3515259.830907279,-66563.51335104973,200639.359114944,3521610.218710464,-160.79898998222285,-534.1106475109711,4566.962046755249,4600.899133372387,12745405.801143117,0.7238848775210408,1.6336222921276122,1.7694148550984163e-07,6.994154904062621e-06,0.05711043863326363,0.05700462336712493,-0.018933325748298088,125410.21871046443,0.023980310240635155,0.02386356019145012,2836.668602101505,-16087267765.523483,-1012030005.9718121,-196829421.15986133,-16086320838.53318,-1888241050.1717107,16119069107.508854,16197960186.542456,-0.9981967374556545,0.018901442583678048,-0.056973755371602056,0.018932194594425897,0.9998207699422126,0.0,-0.05696354396213444,0.0010786382234703878,0.9983756763858267,4568.127390632622,-537.0591965976835,-0.11702938145466481,4.651716543272867e-09,151.37174101494918,0.0,-55.44348202989837,-0.22825898505081482,0.0,2.975221306146725e-17,2.2858905127940874,1.5707963267948966,19.238284501651876,461.0,0.022682853887805828,3.446013107423978,0.0,0.049375213334028306,-1589.4151265901194,5.705724027639263,-90.70286289056529,0.043608227479104006,0.15885861551382913,-1.2305519623826442,0.041165740469062524,0.15950899359745727,-1.2305519623826442,-1.6147002100387817e-17,2.6078786499560624e-19,-5.385499855203998e-19,-1.6149102691701143e-17,1.3015119992385693e-20,-5.385499855203998e-19,-1589.3739608496503,5.865233021236721,-91.93341485294793,-1680134.8136031423,257.28125565903963,132092.2109856605,0.045743453504488434,4574.694635474188
216.764505296439,2001.0,12.0,14.0,14.0,25.0,4.0,1.0,3515821.667586116,-12707.542580840962,202009.4387351062,-152.7248964687678,-287.29809952201884,4566.902021359707,3521643.2660399512,4578.477821797298,3515211.433482054,-66723.74257718273,202009.4387351062,3521643.2660399517,-161.85050411428153,-534.0841782738007,4566.902021359707,4600.8733483833075,12745377.864463123,0.7238842723950905,1.6336222805223184,1.7568209949957745e-07,6.966272936770886e-06,0.05750038559477868,0.057393770690605986,-0.018979151657747738,125443.2660399517,0.024144018059266963,0.024026470306262527,2825.935148574412,-16087264951.055822,-1012029641.4808576,-196830749.7580296,-16086321530.571064,-1888218081.2824404,16119066275.709427,16197958212.42438,-0.9981736274596803,0.01894676363748019,-0.05736226627016186,0.018978012270600173,0.999819901307359,0.0,-0.05735193540099968,0.0010886217931445662,0.9983534296071462,4568.083319685011,-537.059591264617,-0.11703058544281361,4.630661346316072e-09,151.43790297129058,0.0,-55.55685445693587,-0.2,0.0,2.975343258322193e-17,2.2859104290957593,1.5707963267948966,19.233973725270157,461.0,0.022579817858454736,3.452802417978011,0.0,0.049152084524676704,-1589.3497395367892,5.744526145115563,-91.319662711462,0.04369511082597857,0.15816481078108932,-1.2249887020633168,0.04125988137654601,0.15881748099093404,-1.2249887020633168,-1.607455789051715e-17,2.6004873712027257e-19,-5.398001043523809e-19,-1.607665594986975e-17,1.3045718934559777e-20,-5.398001043523809e-19,-1589.3084796554126,5.903343626106497,-92.54465141352532,-1680138.4963020124,257.46974009541987,132131.6975522044,0.045845534357210754,4574.663137216363
217.064505296439,2001.0,12.0,14.0,14.0,25.0,5.0,1.0,3515775.6949802698,-12793.731433484294,203379.50029240185,-153.75913219875514,-287.2942454622762,4566.841598191186,3521676.537974091,4578.451925834722,3515162.7206087927,-66883.96384922051,203379.50029240185,3521676.5379740912,-162.901973650758,-534.0576184218614,4566.841598191186,4600.847397576143,12745350.0535248,0.7238836699914097,1.6336222689642232,1.7504900879369298e-07,6.938342930092852e-06,0.05789032520614249,0.05778291058455591,-0.019024978194249566,125476.53797409125,0.02430772234457832,0.024189376891202166,2815.172478146851,-16087262149.217398,-1012029278.5467628,-196832096.7965473,-16086322258.884874,-1888194960.650267,16119063456.612066,16197956256.900108,-0.9981503646643693,0.018992080370815866,-0.057750761064898834,0.019023830533859063,0.9998190305609406,0.0,-0.05774030994206367,0.0010986406917000216,0.9983310320712389,4568.038959045531,-537.0599898545934,-0.11703179765518233,4.609747559142648e-09,151.5329656402607,0.0,-55.69944846039103,-0.2,0.0,2.9755171282651935e-17,2.285938824212314,1.5707963267948966,19.22783120616491,461.0,0.022477478047844196,3.459561061758729,0.0,0.0489299347929273,-1589.2839109832078,5.783324447491759,-91.93640200084857,0.04378039892607233,0.15748314296510352,-1.2194532098832844,0.04135226992249206,0.15813808339723429,-1.2194532098832844,-1.6002706193187144e-17,2.593150924193099e-19,-5.410351950487132e-19,-1.6004801743445127e-17,1.3075765460859924e-20,-5.410351950487132e-19,-1589.2425587132852,5.941462530888993,-93.15585521073186,-1680142.162441263,257.6582245318001,132171.27186667395,0.045947617310796524,4574.631569750634
217.33049992454056,2001.0,12.0,14.0,14.0,25.0,5.0,1.0,3515734.6739227995,-12870.149702239347,204594.2484556907,-154.6761000109578,-287.2908075204751,4566.787691422429,3521706.2263450595,4578.428826849639,3515119.265572547,-67026.01716592317,204594.2484556907,3521706.226345059,-163.8342202447903,-534.0339933834991,4566.787691422429,4600.824249668721,12745325.500947066,0.723883138164888,1.6336222587558942,1.7441362009524762e-07,6.9134964726925925e-06,0.058236058497887815,0.0581279347312833,-0.01906561076375408,125506.226345059,0.024452867576164005,0.024333814845676992,2805.605929404497,-16087259675.613485,-1012028958.0615147,-196833306.6723181,-16086322935.060863,-1888174333.8714728,16119060967.766783,16197954538.668507,-0.9981296109473196,0.019032256769323134,-0.058095205933183486,0.019064455734394862,0.9998182567484709,0.0,-0.05808464752155894,0.0011075534818937303,0.998311047243083,4567.999384486813,-537.0603465487504,-0.1170328793405105,4.591653339530785e-09,151.60778293132375,0.0,-55.81556586264751,-0.19221706867624333,0.0,2.975654258073949e-17,2.2859612192096064,1.5707963267948966,19.222989510543364,461.0,0.022388926562930088,3.4655278036091572,0.0,0.048737865032672835,-1589.2251749697068,5.817721702418996,-92.48318216715646,0.04385823503561951,0.1568910932890866,-1.2146661117054687,0.041436235306637904,0.1575480826208223,-1.2146661117054687,-1.5940503700906075e-17,2.586858734123418e-19,-5.421546234444369e-19,-1.5942597182701277e-17,1.3103046540555791e-20,-5.421546234444369e-19,-1589.1837387344,5.975269785039819,-93.69784827886193,-1680145.3990648407,257.8467089681804,132210.93392906917,0.04604970236989014,4574.599933080204
217.5284838088453,2001.0,12.0,14.0,14.0,25.0,5.0,1.0,3515703.9829862583,-12927.028397858412,205498.39483261714,-155.35859114994943,-287.28823593055375,4566.747364648518,3521728.438469869,4578.411549311875,3515086.76035011,-67131.74554564388,205498.39483261714,3521728.4384698686,-164.52808266669547,-534.0163626513975,4566.747364648518,4600.80693553746,12745307.284052275,0.7238827435731469,1.6336222511799825,1.7441362009524762e-07,6.894988044780221e-06,0.05849338929998923,0.058384737662938564,-0.019095854532978362,125528.43846986862,0.024560899575023568,0.024441320409136123,2798.469366542995,-16087257840.291563,-1012028720.2457904,-196834216.71560913,-16086323456.232656,-1888158903.5469434,16119059121.1346,16197953268.621767,-0.9981140856724762,0.019062158459557856,-0.0583515732183776,0.019094693998294585,0.9998176797102117,0.0,-0.05834093454263882,0.0011142054349240018,0.9982960953058668,4567.969780544652,-537.0606140260538,-0.11703368865304564,4.579714322445617e-09,151.63554808733576,0.0,-55.87109617467154,-0.16445191266422649,0.0,2.9757061730120297e-17,2.2859696975624044,1.5707963267948966,19.221157187104975,461.0,0.022330465495802736,3.469954773946024,0.0,0.04861150584399405,-1589.1812316116773,5.843322136847849,-92.89012777376307,0.04392975137391011,0.15649435844656623,-1.2115135105748251,0.041511649163785504,0.1571530790823988,-1.2115135105748251,-1.589936508696932e-17,2.5829962211205124e-19,-5.431493052949588e-19,-1.590145768585203e-17,1.3127398048723302e-20,-5.431493052949588e-19,-1589.1397199625135,6.000475215930248,-94.10164128433789,-1680147.8005002327,258.03519340456063,132250.68373939005,0.04615178953913611,4574.568227208268
217.82848380884528,2001.0,12.0,14.0,14.0,25.0,5.0,1.0,3515657.2202887484,-13013.214281805998,206868.40983873128,-156.39271668111815,-287.28431864079795,4566.685928075142,3521762.2823387096,4578.385231415912,3515037.244220736,-67291.94643824754,206868.40983873128,3521762.28233871,-165.57943727005778,-533.9895720220993,4566.685928075142,4600.780561899745,12745279.771744978,0.7238821476346443,1.6336222397358955,1.7377590819732272e-07,6.866881274339881e-06,0.05888330999329537,0.05877385841015696,-0.01914168268580959,125562.28233871004,0.02472459476348284,0.024604217906176937,2787.6290753409266,-16087255068.43858,-1012028361.0395399,-196835611.23765492,-16086324274.732912,-1888135396.307222,16119056332.19758,16197951358.258268,-0.9980904338286263,0.01910746411695929,-0.058740026513474784,0.019140513775656145,0.9998168035857389,0.0,-0.058729265551243914,0.0011243142866635713,0.998273313920189,4567.924681688772,-537.061022547285,-0.11703492181090182,4.561523242943356e-09,151.67785292338755,0.0,-55.95570584677509,-0.12214707661245588,0.0,2.975785265804782e-17,2.2859826143957,1.5707963267948966,19.218366322622394,461.0,0.02224139290972363,3.4766405363676407,0.0,0.048418973088925114,-1589.1142790837985,5.88211060869486,-93.50671108347909,0.044035320424978465,0.15588977407500337,-1.2067099438344413,0.04162319833846919,0.156551079415514,-1.2067099438344413,-1.5836680498929962e-17,2.5770591306979116e-19,-5.446210060918443e-19,-1.5838771678591924e-17,1.3163443850452715e-20,-5.446210060918443e-19,-1589.07265588546,6.038661688110373,-94.71342102731353,-1680151.427312933,258.22367784094087,132290.52129763656,0.04625387882317909,4574.536452138009
218.07015895188113,2001.0,12.0,14.0,14.0,25.0,6.0,1.0,3515619.3233936243,-13082.64337712943,207972.05829864964,-157.22575962142005,-287.2811448663923,4566.636146259269,3521789.7097369903,4578.363909521171,3514997.125446583,-67420.99582945598,207972.05829864964,3521789.7097369903,-166.42635831371405,-533.967924016846,4566.636146259269,4600.759194844056,12745257.688611085,0.723881669295429,1.633622230548029,1.731358474287728e-07,6.844160273924585e-06,0.0591974183335597,0.05908732225322593,-0.01917860157070007,125589.70973698981,0.024856462332413575,0.02473544287039331,2778.8736374676228,-16087252843.542913,-1012028072.6817572,-196836748.34834862,-16086324959.355442,-1888116348.8096738,16119054093.586983,16197949831.695509,-0.9980712691982637,0.019143958437680547,-0.05905294621187963,0.01917742588408661,0.999816096257937,0.0,-0.059042086154091414,0.0011324834992152747,0.9982548520010793,4567.888139849636,-537.0613544691975,-0.11703592120525816,4.545896736749257e-09,151.7277421056852,0.0,-56.0277421056852,-0.1,0.0,2.9758773739647767e-17,2.2859976567997724,1.5707963267948966,19.215117254001168,461.0,0.022164901417208997,3.4820068631594507,0.0,0.04825331049722515,-1589.0600223154545,5.913355134462829,-94.00337556514255,0.044109126074716495,0.1553703444915268,-1.2025793016322937,0.04170234203962103,0.1560335656802773,-1.2025793016322937,-1.578287652604214e-17,2.571712057440882e-19,-5.456705522774434e-19,-1.5784966091595467e-17,1.3189106763317377e-20,-5.456705522774434e-19,-1589.018319973415,6.069388700143106,-95.20595486677485,-1680154.3384356312,258.4121622773211,132330.4466038087,0.04635597022666388,4574.5046078726045
218.25909617117523,2001.0,12.0,14.0,14.0,25.0,6.0,1.0,3515589.55607399,-13136.921242494078,208834.8621425317,-157.87699752844037,-287.27865246311495,4566.597048029305,3521811.2534777243,4578.347165689774,3514965.6187665337,-67521.88064211949,208834.8621425317,3521811.2534777243,-167.08844502333596,-533.9509590681021,4566.597048029305,4600.742415547737,12745240.481218785,0.7238812965682967,1.6336222233872315,1.7184857420132772e-07,6.826358397283849e-06,0.059442979083640074,0.059332379115521895,-0.01920746437352662,125611.25347772427,0.024959552351546628,0.024838030514478224,2772.017459951341,-16087251109.864468,-1012027847.9648689,-196837645.8898303,-16086325510.965813,-1888101389.2733386,16119052349.22015,16197948646.65785,-0.9980562176055203,0.01917248704780611,-0.059297573638084966,0.019206283370943718,0.999815542327221,0.0,-0.05928663574565025,0.0011388860025024618,0.9982403506974841,4567.8594412229695,-537.0616157399428,-0.11703670623185533,4.5323549568590274e-09,151.78929565064078,0.0,-56.089295650640786,-0.1,0.0,2.9759898646947533e-17,2.286016027930135,1.5707963267948966,19.211150740253537,461.0,0.022098644907439447,3.48618830709176,0.0,0.04810938428825228,-1589.0174059593512,5.937779761284768,-94.39163065616424,0.044152566579702145,0.15492015597755648,-1.1989940091643263,0.04175065215410469,0.15558466154602907,-1.1989940091643263,-1.5736310421231854e-17,2.566779502637032e-19,-5.463195816616237e-19,-1.573839810381785e-17,1.3204895479135654e-20,-5.463195816616237e-19,-1588.975655307197,6.093364422830796,-95.59062466532856,-1680156.6068176907,258.6006467137014,132370.45965790653,0.04645806375423541,4574.4726944152235
218.5590961711752,2001.0,12.0,14.0,14.0,25.0,6.0,1.0,3515542.03787062,-13223.10424233273,210204.83190826653,-158.9110159553408,-287.27467476452085,4566.534642827982,3521845.6442437815,4578.320444650101,3514915.334545188,-67682.06188055199,210204.83190826653,3521845.6442437815,-168.139687966475,-533.9239478496742,4566.534642827982,4600.71563790949,12745213.264075978,0.7238807070202191,1.6336222120580683,1.7120130796843874e-07,6.798082198577759e-06,0.059832881365692425,0.059721481253325485,-0.019253294098615904,125645.64424378192,0.025123238702596137,0.025000919182795043,2761.112039975822,-16087248367.651531,-1012027492.4795157,-196839086.566029,-16086326416.654009,-1888077512.5432487,16119049590.098322,16197946780.456844,-0.9980321937987485,0.019217782014715423,-0.05968598659394175,0.019252104622202438,0.9998146610585463,0.0,-0.05967492445636682,0.0011490808583859387,0.9982172023183671,4567.81363684286,-537.062033814238,-0.11703795942382035,4.510737903908513e-09,151.88755498223404,0.0,-56.18755498223403,-0.1,0.0,2.9761693938280494e-17,2.2860453472626023,1.5707963267948966,19.20482390305211,461.0,0.021992881078240233,3.492802076775515,0.0,0.0478796340668178,-1588.9493790199265,5.976558678074211,-95.00806234987773,0.044218270010350204,0.15420137169029546,-1.1932707616564933,0.04182417417825995,0.1548678691277938,-1.1932707616564933,-1.5661970158256142e-17,2.5588496420842333e-19,-5.473086527062334e-19,-1.5664054754357763e-17,1.3228964275430096e-20,-5.473086527062334e-19,-1588.907554845748,6.131426547202005,-96.20133311153423,-1680160.1947578322,258.78913115008163,132410.56045992998,0.04656015941053866,4574.4407117690225
218.8590961711752,2001.0,12.0,14.0,14.0,25.0,6.0,1.0,3515494.209469134,-13309.28604472744,211574.78288610576,-159.94498990551105,-287.2706722952359,4566.47184019981,3521880.2595572914,4578.293558335318,3514864.734958661,-67842.23500163233,211574.78288610576,3521880.259557292,-169.19088455433854,-533.8968461025833,4566.47184019981,4600.688694644792,12745186.17636409,0.7238801202745105,1.633622200779317,1.7055158529072421e-07,6.769769893585495e-06,0.060222775995744854,0.060110575663205955,-0.019299124476684488,125680.25955729187,0.025286921387695505,0.02516380418874314,2750.1839980110526,-16087245638.439272,-1012027138.6262805,-196840546.41344124,-16086327358.965984,-1888053484.2216907,16119046844.053995,16197944933.225681,-0.9980080172857686,0.01926307256401734,-0.06007438279934627,0.01929792648588244,0.999813777677296,0.0,-0.06006319560824636,0.0011593110229465447,0.9981939032729451,4567.767543050353,-537.0624558440287,-0.11703922084273483,4.489411986235e-09,151.98645587797674,0.0,-56.28645587797674,-0.05677206101162971,0.0,2.9763500425813065e-17,2.2860748494428855,1.5707963267948966,19.198461954699177,461.0,0.02188853796611461,3.4993842767116274,0.0,0.047653861691776135,-1588.880911047401,6.015333627680852,-95.62443109172281,0.044285285904101655,0.15349391630614254,-1.187646814434778,0.04189886327015144,0.1541624278067593,-1.187646814434778,-1.5588928481651438e-17,2.5510967611804993e-19,-5.483131546843704e-19,-1.5591010117728228e-17,1.3253746206097018e-20,-5.483131546843704e-19,-1588.8390121841308,6.1694960554876115,-96.81207790615758,-1680163.765650766,258.97761558646187,132450.7490098791,0.046662257200218854,4574.408659937152
219.15909617117518,2001.0,12.0,14.0,14.0,25.0,7.0,1.0,3515446.070881666,-13395.466642945228,212944.71496803168,-160.978919119165,-287.2666450537591,4566.408640147522,3521915.0994078126,4578.266506722294,3514813.820019638,-68002.3999788819,212944.71496803168,3521915.099407813,-170.24203452233036,-533.8696538331533,4566.408640147522,4600.661585730489,12745159.2167596,0.7238795363025347,1.6336221895506124,1.698993779866605e-07,6.741388089955074e-06,0.06061266291791839,0.06049966229905364,-0.019344955512303755,125715.09940781258,0.02545060038158765,0.025326685507099888,2739.233642436564,-16087242922.094393,-1012026786.3908738,-196842025.54875147,-16086328337.76453,-1888029304.3066735,16119044110.95324,16197943104.829979,-0.9979836880822683,0.019308358679718335,-0.060462762150012346,0.019343748966456267,0.9998128921832938,0.0,-0.060451449094594434,0.0011695764928483924,0.9981704535765377,4567.721159838192,-537.0628818271576,-0.11704049048879867,4.468010363772267e-09,152.08599830803595,0.0,-56.385998308035965,-0.007000845982016732,0.0,2.976531809949563e-17,2.2861045343068613,1.5707963267948966,19.192065007080135,461.0,0.021783826999396478,3.505935125984767,0.0,0.047427411956671904,-1588.8120021218758,6.054104585082403,-96.24073648348656,0.044349107797382686,0.15278403283832176,-1.1820059972853327,0.04197042648542174,0.15345451232660792,-1.1820059972853327,-1.5515662504572945e-17,2.5432686784957413e-19,-5.492769968384439e-19,-1.551774109904105e-17,1.3277599676287853e-20,-5.492769968384439e-19,-1588.7700316953903,6.2075590974090105,-97.42274248077189,-1680167.3196707573,259.1661000228421,132491.02530775388,0.04676435712792126,4574.376538922751
219.45909617117516,2001.0,12.0,14.0,14.0,25.0,7.0,1.0,3515397.622122181,-13481.64602927456,214314.6280303306,-162.0128032995619,-287.26259303695565,4566.345042694382,3521950.163785644,4578.239289806819,3514762.5897426545,-68162.55678487317,214314.6280303306,3521950.1637856434,-171.2931375688118,-533.8423710468031,4566.345042694382,4600.634311162168,12745132.38461373,0.7238789550902706,1.6336221783709524,1.6924465733171346e-07,6.712968983222277e-06,0.06100254208457612,0.060888741110283626,-0.019390787209764962,125750.16378564341,0.02561427566279922,0.02548956311641418,2728.260605111718,-16087240218.552536,-1012026435.7530609,-196843524.09425458,-16086329352.981245,-1888004972.791214,16119041390.730553,16197941295.20317,-0.9979592062043082,0.019353640345554236,-0.06085112453719957,0.01938957206811638,0.999812004576368,0.0,-0.060839684804263716,0.0011798772646399562,0.998146853244831,4567.674487217851,-537.0633117597697,-0.11704176836137266,4.446901728613956e-09,152.14309112234773,0.0,-56.529273367043174,0.043091122347723776,0.0,2.976637430244109e-17,2.2861217834099694,1.5707963267948966,19.188349930480918,461.0,0.021680537432642786,3.5124547895536167,0.0,0.04720418397305731,-1588.7426523236609,6.092871524817222,-96.85697811990843,0.04441327118078604,0.1520945657933704,-1.1764375491025805,0.04204204369509549,0.15276701922467298,-1.1764375491025805,-1.5443045129292972e-17,2.535508418307117e-19,-5.502310313738357e-19,-1.5445120717275504e-17,1.3301261570816882e-20,-5.502310313738357e-19,-1588.7006102799658,6.245638544041896,-98.03341566901102,-1680170.8569031097,259.35458445922234,132531.38935355432,0.04686645919829135,4574.344348728952
219.75909617117514,2001.0,12.0,14.0,14.0,25.0,7.0,1.0,3515348.8632042226,-13567.82419628667,215684.52195386193,-163.0466421612207,-287.2585162416569,4566.281047869526,3521985.45268079,4578.21190759076,3514711.044141822,-68322.70539245599,215684.52195386193,3521985.45268079,-172.344193403422,-533.8149977487373,4566.281047869526,4600.606870941461,12745105.679479575,0.7238783766280681,1.6336221672392464,1.6858739404357632e-07,6.684512097606317e-06,0.06139241344525494,0.06127781204761883,-0.019436619573440447,125785.45268078987,0.025777947208722053,0.02565243699409513,2717.264428034425,-16087237527.769852,-1012026086.6924784,-196845042.1715066,-16086330404.568256,-1887980489.6680312,16119038683.340893,16197939504.29905,-0.9979345716679691,0.019398917545344084,-0.061239469853486134,0.019435395795136277,0.9998111148563444,0.0,-0.061227902627425466,0.0011902133348868193,0.9981231022935317,4567.627525207115,-537.063745637991,-0.11704305445965633,4.425728391526079e-09,152.1935038296998,0.0,-56.68051148909944,0.09350382969981122,0.0,2.976731076921455e-17,2.286137077072993,1.5707963267948966,19.18505725562394,461.0,0.02157693236556703,3.5189433958444494,0.0,0.04698028533028675,-1588.6728617336576,6.131634421559738,-97.47315559792607,0.044474214359558964,0.1514045063340458,-1.1708511121751006,0.04211047957612902,0.1520788867365373,-1.1708511121751006,-1.537014147361912e-17,2.5276623433992256e-19,-5.511418258018678e-19,-1.5372213964235072e-17,1.3323890764562414e-20,-5.511418258018678e-19,-1588.6307512540814,6.283713308296275,-98.64400671010117,-1680174.3774065282,259.54306889560263,132571.84114728041,0.04696856341597479,4574.312089358874
220.05909617117513,2001.0,12.0,14.0,14.0,25.0,8.0,1.0,3515299.794141444,-13654.001136543156,217054.39661933342,-164.08043541945312,-287.25441467465305,4566.216655731156,3522020.9660832086,4578.184360105449,3514659.1832313617,-68482.8457744735,217054.39661933342,3522020.9660832086,-173.39520173674777,-533.7875339541382,4566.216655731156,4600.579265099862,12745079.101930708,0.7238778009283817,1.6336221561561748,1.6792755826688794e-07,6.655983588486444e-06,0.06178227694845907,0.06166687506174195,-0.019482452607699933,125820.96608320856,0.025941614996770338,0.025815307117574855,2706.2463911250234,-16087234849.803972,-1012025739.2237306,-196846579.90193146,-16086331492.57916,-1887955854.9649057,16119035988.8427,16197937732.176262,-0.9979097844894338,0.019444190262908157,-0.061627797991423275,0.01948122015178681,0.9998102230230483,0.0,-0.061616102454224275,0.0012005847001407618,0.9980992007384478,4567.580273852745,-537.064183467907,-0.1170443487842672,4.404420350074866e-09,152.288474523453,0.0,-56.78847452345302,0.1,0.0,2.976904601478272e-17,2.2861654157837035,1.5707963267948966,19.178959111386884,461.0,0.021472680394453283,3.5254008567375945,0.0,0.0467539485603758,-1588.602630433262,6.170393249987044,-98.08926851452019,0.044530071328326835,0.15069770978769376,-1.1652117952834695,0.04217412021040524,0.15137394284433545,-1.1652117952834695,-1.5296848138453426e-17,2.519708203819817e-19,-5.520012033370706e-19,-1.5298917418531454e-17,1.334489358754383e-20,-5.520012033370706e-19,-1588.5604563130516,6.32176719283138,-99.25448030980365,-1680177.8811051901,259.73155333198287,132612.38068893214,0.047070669785617185,4574.279760815631
220.3590961711751,2001.0,12.0,14.0,14.0,25.0,8.0,1.0,3515250.414947561,-13740.176842615328,218424.25190757672,-165.11418279052955,-287.25028834701845,4566.151866355023,3522056.703982781,4578.156647399856,3514607.0070255604,-68642.9779037807,218424.25190757672,3522056.703982781,-174.44616228040334,-533.7599796824853,4566.151866355023,4600.55149368665,12745052.653149642,0.7238772280168566,1.6336221451231092,1.6792755826688794e-07,6.627466290687263e-06,0.06217213254197989,0.0620559301033743,-0.019528286316916017,125856.70398278069,0.026105279004375623,0.025978173464303443,2695.208477154374,-16087232184.773428,-1012025393.3764288,-196848137.40716463,-16086332617.12845,-1887931068.7246966,16119033307.356121,16197935978.955692,-0.997884844684983,0.019489458482073403,-0.06201610884361406,0.01952704514234169,0.9998093290763039,0.0,-0.062004284174856816,0.0012109913569416275,0.9980751485954837,4567.532733219005,-537.064625259885,-0.11704565133630611,4.382977610331587e-09,152.39058280794484,0.0,-56.89058280794482,0.1,0.0,2.977090888003807e-17,2.2861958386820707,1.5707963267948966,19.172416933402165,461.0,0.021367774365591813,3.531826940495249,0.0,0.046526034776670805,-1588.5319585043865,6.209147984787863,-98.70531646684248,0.04458178153876909,0.14998447964201866,-1.1595343220534995,0.04223374507804055,0.1506625041453272,-1.1595343220534995,-1.522309616033521e-17,2.5116384403626747e-19,-5.528099140488359e-19,-1.5225162113107275e-17,1.3364616214006891e-20,-5.528099140488359e-19,-1588.4897247593085,6.3598104889331895,-99.86485078889598,-1680181.3678429965,259.9200377683631,132653.00797850953,0.0471727783118645,4574.247363102325
220.6590961711751,2001.0,12.0,14.0,14.0,25.0,8.0,1.0,3515200.7256363854,-13826.351307075987,219794.0876994289,-166.14788399006355,-287.24613726551325,4566.086679802954,3522092.6663693367,4578.128769508597,3514554.5155388005,-68803.10175323678,219794.0876994289,3522092.6663693367,-175.4970747452804,-533.7323349489864,4566.086679802954,4600.523556736582,12745026.333817292,0.7238766579082716,1.6336221341406734,1.6726511955740805e-07,6.598876227965327e-06,0.06256198017421766,0.06244497712324171,-0.019574120705461846,125892.66636933666,0.026268939208969316,0.026141036011744098,2684.151942588389,-16087229532.746763,-1012025049.1649549,-196849714.8087833,-16086333778.280598,-1887906130.9751225,16119030638.950476,16197934244.706795,-0.9978597522709967,0.019534722186671138,-0.062404402302679414,0.01957287077107515,0.9998084330159347,0.0,-0.062392447679537895,0.0012214333018165287,0.9980509458806426,4567.484903356135,-537.0650710199732,-0.11704696211630028,4.361400178398002e-09,152.44666624190953,0.0,-56.99333248381904,0.1466662419095192,0.0,2.9771946893278384e-17,2.286212790724751,1.5707963267948966,19.168773545944372,461.0,0.02126220428097921,3.538221453851674,0.0,0.04629762213617306,-1588.4608460294387,6.24789860065874,-99.32129905216063,0.04463040516298419,0.14926718138379932,-1.1538376955015557,0.04229037763919325,0.14994695216112464,-1.1538376955015557,-1.5148752492699416e-17,2.50343605944574e-19,-5.535673513842809e-19,-1.5150814990912028e-17,1.3383469634815034e-20,-5.535673513842809e-19,-1588.4185556517996,6.397845552819865,-100.47513674766218,-1680184.8375299703,260.10852220474334,132693.72301601258,0.04727488899936274,4574.214896222047
220.95909617117508,2001.0,12.0,14.0,14.0,25.0,8.0,1.0,3515150.7262218134,-13912.524522499745,221163.9038757468,-167.18153873356792,-287.2419614350923,4566.021096134142,3522128.853232643,4578.100726463369,3514501.70878555,-68963.21729570527,221163.9038757468,3522128.8532326426,-176.54793884214317,-533.7045997670755,4566.021096134142,4600.495454281416,12745000.144510116,0.723876090615145,1.6336221232091335,1.666000468656266e-07,6.5702293482218375e-06,0.06295181979372662,0.06283401607207886,-0.019619955777711202,125928.85323264217,0.026432595588037244,0.0263038947373938,2673.077694311738,-16087226893.782318,-1012024706.5972829,-196851312.2285438,-16086334976.089857,-1887881041.7375746,16119027983.684486,16197932529.488142,-0.9978345072639544,0.019579981360537166,-0.06279267826126252,0.01961869704226204,0.9998075348417634,0.0,-0.06278059285850486,0.0012319105312799427,0.9980265926100254,4567.4367843116615,-537.0655207524095,-0.11704828112445796,4.339688060414703e-09,152.49836176091736,0.0,-57.09672352183475,0.19836176091737442,0.0,2.9772906344790644e-17,2.2862284597570453,1.5707963267948966,19.165407179775507,461.0,0.021155978221709802,3.544584197678696,0.0,0.04606787153547607,-1588.3892930913298,6.286645072304276,-99.93721586786629,0.044675101446318706,0.1485452762735088,-1.1481070594565548,0.04234318594226339,0.14922673485897503,-1.1481070594565548,-1.5073926560505833e-17,2.4951145672019474e-19,-5.542736147918701e-19,-1.5075985484482205e-17,1.3401128297383234e-20,-5.542736147918701e-19,-1588.3469499053876,6.4358718071632515,-101.08532292732284,-1680188.2900899034,260.29700664112363,132734.52580144128,0.047377001852758116,4574.182360177885
221.1688550481201,2001.0,12.0,14.0,14.0,25.0,9.0,1.0,3515115.5826132554,-13972.775766191593,222121.662502291,-167.9042385081657,-287.23902699560267,4565.9750042992355,3522154.288293731,4578.081020670537,3514464.5992295435,-69075.164534453,222121.662502291,3522154.288293731,-177.2826701936198,-533.6851536939748,4565.9750042992355,4600.475706740526,12744981.906765243,0.7238756955621888,1.6336221155943629,1.659323085197815e-07,6.550174870291441e-06,0.0632243894131364,0.06310602582792185,-0.019652003897125635,125954.28829373093,0.026547021231080995,0.02641776266637636,2665.322694800794,-16087225056.033484,-1012024468.0017803,-196852441.09087306,-16086335835.012878,-1887863409.404584,16119026134.581236,16197931341.160563,-0.9978167654126495,0.019611623705421403,-0.06306414890470213,0.019650738983449607,0.9998069055859758,0.0,-0.06305197156982345,0.001239257129339701,0.9980094754675055,4567.402967787753,-537.0658375502127,-0.11704920825740776,4.3262486457912596e-09,152.56072073432733,0.0,-57.191081101491,0.23036036716366717,0.0,2.977404671840707e-17,2.286247083471527,1.5707963267948966,19.16140761289867,461.0,0.021090201458410295,3.5490149765610064,0.0,0.04592568759432905,-1588.3390019385313,6.3137339848962375,-100.36782331508127,0.04472295535977416,0.14810598872601827,-1.1445633095364613,0.04239570165291965,0.1487888810159564,-1.1445633095364613,-1.502788146684643e-17,2.4903117667567097e-19,-5.549787050275536e-19,-1.5029938717455124e-17,1.3418572440791551e-20,-5.549787050275536e-19,-1588.2966062368785,6.462522865912194,-101.51238662461773,-1680190.694396602,260.48549107750387,132775.41633479562,0.0474791168766969,4574.14975497291
221.40869429941677,2001.0,12.0,14.0,14.0,25.0,9.0,1.0,3515075.2134950063,-14041.6665555441,223216.75618532908,-168.73054857364454,-287.2356568867107,4565.922064592611,3522183.505322873,4578.0583898136065,3514421.979145645,-69203.16051041831,223216.75618532908,3522183.5053228736,-178.1227360677752,-533.6628647592013,4565.922064592611,4600.453027937674,12744961.123125613,0.7238752453612831,1.633622106913952,1.6526187220825896e-07,6.527235905813551e-06,0.06353604190860268,0.06341703813030719,-0.019688648276343316,125983.50532287406,0.026677853715189426,0.026547957459948996,2656.4414028078318,-16087222961.72141,-1012024196.055238,-196853743.94594413,-16086336838.218237,-1887843157.65822,16119024027.326992,16197929992.966372,-0.997796387903839,0.019647800975115454,-0.06337453907441064,0.019687376273640547,0.9998061848255692,0.0,-0.06336225612706546,0.0012476783969264577,0.9979898134736176,4567.364128375033,-537.0662021258373,-0.11705027327348494,4.3109097054911184e-09,152.63376330718515,0.0,-57.300644960777724,0.26688165359257565,0.0,2.977538167110387e-17,2.2862688849035435,1.5707963267948966,19.156727801480535,461.0,0.021015128218431527,3.5540641482893083,0.0,0.04576340578403363,-1588.2812350280503,6.344705061521819,-100.86014200546306,0.04477656587220328,0.14760493717766762,-1.140518810976844,0.042454639256418805,0.1482894532195001,-1.140518810976844,-1.4975340257471426e-17,2.4848168728537586e-19,-5.5577091719589155e-19,-1.49773955810485e-17,1.3438182521161984e-20,-5.5577091719589155e-19,-1588.2387803887939,6.492994514741319,-102.0006608164399,-1680193.4343404565,260.6739755138841,132816.39461607562,0.04758123407582565,4574.117080610185
221.67539248592126,2001.0,12.0,14.0,14.0,25.0,9.0,1.0,3515030.0908402726,-14118.271282560152,224434.4714368484,-169.64935940147134,-287.2318907512078,4565.862898015716,3522216.162739834,4578.0331003266365,3514374.3495719526,-69345.48411612923,224434.4714368484,3522216.1627398343,-179.05684173448725,-533.6380118387531,4565.862898015716,4600.427684871008,12744938.097714078,0.723874746599918,1.633622097293799,1.6458870496134868e-07,6.501672220494643e-06,0.06388258940905797,0.06376287369034728,-0.019729396879786174,126016.16273983475,0.026823334853800496,0.02669272949767476,2646.547391742468,-16087220641.483284,-1012023894.7183838,-196855207.94513145,-16086337980.080524,-1887820524.137071,16119021692.74717,16197928506.868692,-0.997773613882408,0.019688026206258532,-0.06371967564371946,0.019728116963029507,0.9998053817624173,0.0,-0.06370727463274634,0.0012570692139456,0.9979678366239361,4567.320722129417,-537.0666104661505,-0.11705146373158418,4.293390395239646e-09,152.70880391404964,0.0,-57.417607828099285,0.3,0.0,2.977675528031078e-17,2.2862913176442796,1.5707963267948966,19.151914941387318,461.0,0.02092939226483547,3.5596577766698267,0.0,0.0455778731666977,-1588.216668545866,6.379141345175295,-101.40754398124477,0.04482932653216918,0.14703012799323917,-1.1358940255189272,0.042513621635957635,0.14771634652410942,-1.1358940255189272,-1.49151929440119e-17,2.4783932558493585e-19,-5.565644266207734e-19,-1.49172458508829e-17,1.345781280723883e-20,-5.565644266207734e-19,-1588.1741549242302,6.526857691699405,-102.5434380067637,-1680196.4698314872,260.86245995026434,132857.4606452813,0.047683353454790946,4574.084337092769
221.8754870454348,2001.0,12.0,14.0,14.0,25.0,9.0,1.0,3514996.075960703,-14175.744537422866,225348.07130339215,-170.33868725206034,-287.2290523030752,4565.818301308687,3522240.7809507414,4578.014040763421,3514338.4511583727,-69452.26030951261,225348.07130339215,3522240.7809507414,-179.7576437809233,-533.619318617587,4565.818301308687,4600.408584926443,12744920.888254631,0.7238743738193897,1.6336220901016076,1.6458870496134868e-07,6.48250180567881e-06,0.06414258794398522,0.06402233805118963,-0.019759969530415658,126040.78095074138,0.02693248236977761,0.026801345001388466,2639.115157172084,-16087218907.290203,-1012023669.462546,-196856316.92772406,-16086338855.619799,-1887803464.3672144,16119019947.832895,16197927401.597233,-0.9977564481579151,0.019718203447399097,-0.0639786105828248,0.019758683654439037,0.9998047781543374,0.0,-0.0639661205603839,0.0012641331271565806,0.9979512700467349,4567.288005849416,-537.0669188872599,-0.11705236116125506,4.2789711574229084e-09,152.74397278677338,0.0,-57.48794557354679,0.3,0.0,2.9777407526706083e-17,2.2863019696362783,1.5707963267948966,19.14963047171774,461.0,0.020858848425174346,3.563838475435628,0.0,0.04542460407279607,-1588.1679981013021,6.40497552118634,-101.81820620669704,0.044853427480880566,0.1465494877802669,-1.1320709169306151,0.04254318325812311,0.14723674773543108,-1.1320709169306151,-1.4865270227718798e-17,2.4727545244714796e-19,-5.569617767016265e-19,-1.486732063008786e-17,1.3467540594897038e-20,-5.569617767016265e-19,-1588.125454918044,6.552212268921771,-102.95027712362766,-1680198.7385998275,261.0509443866446,132898.6144224126,0.047785475018239626,4574.051524423703
222.17548704543478,2001.0,12.0,14.0,14.0,25.0,10.0,1.0,3514944.8193335584,-14261.912612425966,226717.80672674312,-171.37215068560286,-287.2247760229562,4565.751107012576,3522277.877879338,4577.985327322337,3514284.3662639866,-69612.34189219978,226717.80672674312,3522277.8778793374,-180.80830876438185,-533.5912166864533,4565.751107012576,4600.379810649304,12744895.194436498,0.7238738172552103,1.6336220793605971,1.6323404237781964e-07,6.4536996221982805e-06,0.06453239458734318,0.06441134377067424,-0.019805807419673662,126077.87787933741,0.027096123005833243,0.026964187999338973,2627.9592041894794,-16087216318.097797,-1012023333.103413,-196857996.72024202,-16086340198.827818,-1887777760.5836387,16119017342.630558,16197925760.31421,-0.9977305846124316,0.019763444085255245,-0.06436681448405297,0.019804512574366048,0.9998038714076335,0.0,-0.0643541903113331,0.0012747533868213137,0.9979263064942098,4567.2387136943535,-537.0673846166995,-0.11705371352801826,4.257242956388089e-09,152.79696839905344,0.0,-57.59393679810688,0.3,0.0,2.977839026470894e-17,2.286318018965824,1.5707963267948966,19.146189530550433,461.0,0.02075254996211903,3.5700802307120916,0.0,0.045193647145861916,-1588.0946601054318,6.443704930474083,-102.43385222810477,0.0448861981015031,0.1458250652450788,-1.1263100219479916,0.04258422682745506,0.14651383572634608,-1.1263100219479916,-1.4790040047697514e-17,2.464203464263613e-19,-5.57514709252735e-19,-1.4792086595872785e-17,1.3481091566788949e-20,-5.57514709252735e-19,-1588.0520758786042,6.5902187662004295,-103.56016225005276,-1680202.1258949079,261.23942882302487,132939.85594746954,0.04788759877081871,4574.018642606023
222.47548704543476,2001.0,12.0,14.0,14.0,25.0,10.0,1.0,3514893.2526753717,-14348.079400415898,228087.52192554736,-172.40556620712772,-287.2204750070349,4565.683515815241,3522315.199232384,4577.956448799998,3514229.96617839,-69772.41503034272,228087.52192554736,3522315.1992323846,-181.85892389962927,-533.5630243636924,4565.683515815241,4600.350870939855,12744869.630479285,0.7238732635030739,1.6336220686703793,1.6323404237781964e-07,6.424889281437458e-06,0.0649221929649274,0.06480034116822188,-0.01985164601461776,126115.19923238456,0.027259759703871383,0.027127027063118765,2616.78854611516,-16087213741.952513,-1012022998.3854557,-196859697.14444023,-16086341578.65694,-1887751905.378955,16119014750.552643,16197924138.044626,-0.9977045685588398,0.01980868011061252,-0.0647550003404733,0.0198503421582286,0.9998029625462216,0.0,-0.06474224118008678,0.0012854089132146045,0.9979011924689264,4567.1891325123315,-537.0678543278764,-0.1170550741236195,4.235886152923105e-09,152.9005692353845,0.0,-57.70056923538448,0.3502846176922385,0.0,2.978027852748345e-17,2.286348856637157,1.5707963267948966,19.139581587211424,461.0,0.02064807286279525,3.5762903297679043,0.0,0.044967607178433525,-1588.0208820730745,6.482430067587417,-103.04943044354873,0.044921817830793104,0.14511578981035392,-1.1206790804104565,0.04262791106181977,0.14580611567424517,-1.1206790804104565,-1.4716862207874255e-17,2.455959667017148e-19,-5.581154867562728e-19,-1.4718905138527246e-17,1.3496201462795226e-20,-5.581154867562728e-19,-1587.9782541620127,6.628236183261663,-104.17010952395918,-1680205.496083578,261.4279132594051,132981.18522045217,0.04798972471717524,4573.985691642754
222.77548704543474,2001.0,12.0,14.0,14.0,25.0,10.0,1.0,3514841.3759988365,-14434.2448948594,229457.21679498404,-173.4389335645073,-287.2161492533445,4565.615527717392,3522352.7449984876,4577.927405169514,3514175.2509148447,-69932.47969768537,229457.21679498404,3522352.7449984876,-182.90948892974316,-533.5347416553693,4565.615527717392,4600.321765771168,12744844.194885004,0.7238727125305625,1.6336220580305145,1.6118070224511593e-07,6.3960012412219286e-06,0.06531198301954198,0.06518933019867605,-0.019897485319878252,126152.74499848764,0.02742339243798635,0.027289862166831932,2605.603399589658,-16087211178.703455,-1012022665.2920859,-196861418.3158617,-16086342994.952188,-1887725898.7496376,16119012171.447514,16197922534.63631,-0.9976784000139526,0.019853911507581104,-0.06514316804891229,0.019896172410557866,0.9998020515699142,0.0,-0.0651302730610662,0.0012960997028711033,0.9978759279873181,4567.139262293625,-537.0683280181356,-0.11705644294825084,4.214392215171524e-09,153.00784285282182,0.0,-57.811764279232754,0.4039214264109185,0.0,2.978223211722596e-17,2.28638076117884,1.5707963267948966,19.132749993352135,461.0,0.02054292950264233,3.582469009299917,0.0,0.044740177357221224,-1587.9466640904795,6.5211509076831256,-103.66494045767188,0.04495348860814824,0.14440286724946144,-1.1150138092238002,0.042667734543569535,0.1450946885203865,-1.1150138092238002,-1.4643252624909982e-17,2.447604921144423e-19,-5.58666778883259e-19,-1.4645291824041818e-17,1.3510147558827813e-20,-5.58666778883259e-19,-1587.903996355936,6.666245596203512,-104.77995426689567,-1680208.8493631203,261.61639769578534,133022.6022413604,0.048091852861956566,4573.952671536913
223.07548704543473,2001.0,12.0,14.0,14.0,25.0,11.0,1.0,3514789.189320312,-14520.409087379066,230826.89120064164,-174.47225243919223,-287.21179876943916,4565.547142842089,3522390.515167839,4577.89819652394,3514120.220490307,-70092.53586618691,230826.89120064164,3522390.5151678384,-183.96000353141216,-533.5063685784029,4565.547142842089,4600.2924952362055,12744818.890360532,0.7238721643963382,1.6336220474409613,1.6049041769309372e-07,6.36710419177584e-06,0.06570176470601874,0.06557831080843461,-0.019943325339556776,126190.51516783796,0.02758702118931833,0.027452693291618698,2594.4043121114373,-16087208628.624922,-1012022333.8398792,-196863160.36372983,-16086344447.983547,-1887699740.7271895,16119009605.589966,16197920950.363382,-0.9976520789952396,0.019899138259758538,-0.0655313174977826,0.019942003335356423,0.9998011384785339,0.0,-0.06551828584028131,0.0013068257521110813,0.9978505130664637,4567.089103147282,-537.0688056942312,-0.11705782000112286,4.192269687409197e-09,153.11575762239414,0.0,-57.97363643359124,0.4578788111970806,0.0,2.978419676654724e-17,2.2864128463371505,1.5707963267948966,19.125884806530323,461.0,0.020434723847326162,3.5886156321912184,0.0,0.044506196073214,-1587.8720062437922,6.559867425083282,-104.28038186172368,0.044976098932478885,0.14368067091251374,-1.1091836902428427,0.042698675612691445,0.14437384725072733,-1.1091836902428427,-1.4567492905358947e-17,2.4388514300601175e-19,-5.591025423400665e-19,-1.456952801856367e-17,1.3521351650130388e-20,-5.591025423400665e-19,-1587.8293075681795,6.704241272334009,-105.38956555196653,-1680212.185376471,261.8048821321656,133064.10701019436,0.048193983209810144,4573.919582291503
223.3754870454347,2001.0,12.0,14.0,14.0,25.0,11.0,1.0,3514736.6926529007,-14606.571971314872,232196.54503566422,-175.5055225777794,-287.2074235620272,4565.478361282403,3522428.5097290343,4577.868822928666,3514064.874918454,-70252.58350947355,232196.54503566422,3522428.5097290343,-185.0104674465688,-533.4779051476291,4565.478361282403,4600.263059400338,12744793.718608653,0.7238716191373147,1.6336220369019032,1.6049041769309372e-07,6.338215526233383e-06,0.06609153796464515,0.06596728295176678,-0.019989166078247574,126228.50972903427,0.02775064593242956,0.02761552041209094,2583.1921452358365,-16087206091.889338,-1012022004.0426558,-196864923.40854323,-16086345937.919283,-1887673431.338779,16119007053.152952,16197919385.398336,-0.9976256055197488,0.019944360351227625,-0.06591944858336561,0.01998783493711933,0.9998002232718927,0.0,-0.06590627941160898,0.0013175870574302364,0.9978249477230288,4567.038655155591,-537.0692873621825,-0.11705920528197021,4.170258865252335e-09,153.21215675576323,0.0,-58.124313511526495,0.5,0.0,2.978595516917497e-17,2.286441563231343,1.5707963267948966,19.1197446364401,461.0,0.020327062312094173,3.5947297522276584,0.0,0.04427313518999645,-1587.796908620223,6.598579594901936,-104.89575425965864,0.044996760043113135,0.1429585799214639,-1.103375115209773,0.04272769672076643,0.1436530818342485,-1.103375115209773,-1.4491925105369942e-17,2.4300882384272734e-19,-5.595100629460786e-19,-1.4493956100365904e-17,1.3531769395820806e-20,-5.595100629460786e-19,-1587.7541809235022,6.742232676736184,-105.99912937486842,-1680215.5038989335,261.99336656854587,133105.69952695392,0.04829611576538365,4573.88642390952
223.6754870454347,2001.0,12.0,14.0,14.0,25.0,11.0,1.0,3514683.8860117206,-14692.733539017385,233566.17817731982,-176.53874368340635,-287.20302362666877,4565.409182988543,3522466.728671494,4577.839284304085,3514009.214214991,-70412.62260021527,233566.17817731982,3522466.728671494,-186.0608803734484,-533.4493513675922,4565.409182988543,4600.233458184048,12744768.676317213,0.7238710766817726,1.6336220264130545,1.5979715130870968e-07,6.309300166632744e-06,0.06648130275040152,0.06635624657841195,-0.020035007540261288,126266.7286714944,0.027914266645672148,0.027778343506616402,2571.9672177881002,-16087203568.162127,-1012021675.8747494,-196866707.5672307,-16086347464.420607,-1887646970.5731287,16119004513.800943,16197917839.40558,-0.9975989796049279,0.019989577765798103,-0.06630756119743672,0.020033667220058084,0.9997993059498071,0.0,-0.0662942536644216,0.0013283836152030834,0.9977992319740722,4566.98791825595,-537.0697730167661,-0.11706059879178216,4.148965454453119e-09,153.266755244992,0.0,-58.233510489984006,0.5,0.0,2.9786966275983935e-17,2.2864580758586524,1.5707963267948966,19.116215795247374,461.0,0.0202228918061109,3.6008123352673227,0.0,0.044046780543948436,-1587.721371307159,6.637287391808863,-105.5110572483018,0.04502093086437224,0.14224855020713012,-1.097728877055902,0.04276006655211733,0.14294443312134789,-1.097728877055902,-1.4418184077617286e-17,2.4215866710597416e-19,-5.599500587802995e-19,-1.442021114665564e-17,1.3542598700933597e-20,-5.599500587802995e-19,-1587.6786112406069,6.780231824930211,-106.6087861253577,-1680218.8053669613,262.1818510049261,133147.37979163916,0.048398250533324826,4573.8531963939495
223.97548704543468,2001.0,12.0,14.0,14.0,25.0,11.0,1.0,3514630.7694113115,-14778.893783175035,234935.79050830024,-177.57191547561052,-287.1985989670976,4565.339608000795,3522505.1719842744,4577.809580661388,3513953.238395044,-70572.65311141204,234935.79050830024,3522505.171984274,-187.11124202683735,-533.4207072507323,4565.339608000795,4600.203691598617,12744743.763316052,0.7238705370260531,1.6336220159746748,1.591008641128439e-07,6.280357744268043e-06,0.0668710590116833,0.06674520163966166,-0.020080849730005585,126305.1719842744,0.028077883306106725,0.02794116255224583,2560.7304456830025,-16087201057.426105,-1012021349.33927,-196868512.95978254,-16086349027.46612,-1887620358.4474912,16119001987.516989,16197916312.368101,-0.9975722012682205,0.020034790487378485,-0.06669565523333434,0.02007950018848116,0.9997983865120912,0.0,-0.0666822084896544,0.0013392154218286115,0.9977733658366494,4566.936892476442,-537.0702626609656,-0.11706200053102046,4.12733029470034e-09,153.34334852649832,0.0,-58.343348526498296,0.5216742632491491,0.0,2.9788370445466656e-17,2.2864810076865676,1.5707963267948966,19.111317367522087,461.0,0.020117061262790375,3.606863443201808,0.0,0.043817207912651084,-1587.6453943925997,6.675990790635839,-106.12629042707742,0.0450394425056757,0.1415277769818803,-1.0920055629337702,0.04278697863026062,0.14222495385250977,-1.0920055629337702,-1.4343574547039707e-17,2.412901704101541e-19,-5.6032437972905305e-19,-1.4345597515465432e-17,1.3552014388402384e-20,-5.6032437972905305e-19,-1587.6026074139695,6.818215744488349,-107.21829599001119,-1680222.0898027923,262.37033544130634,133189.14780425004,0.048500387518281694,4573.8198997477675
224.27548704543466,2001.0,12.0,14.0,14.0,25.0,12.0,1.0,3514577.34286766,-14865.052695797664,236305.38190039006,-178.60503765070834,-287.1941495977338,4565.269636441934,3522543.839656994,4577.779712093631,3513896.9474751977,-70732.6750154096,236305.38190039006,3522543.8396569937,-188.16155209842825,-533.3919728206713,4565.269636441934,4600.173759737374,12744718.982290562,0.7238700002283529,1.63362200558822,1.5840151626966388e-07,6.25140564285647e-06,0.06726080669989204,0.06713414808369557,-0.020126692651693562,126343.83965699375,0.028241495893455752,0.02810397752874543,2549.4840158373117,-16087198559.951885,-1012021024.4767532,-196870339.71217322,-16086350627.32211,-1887593595.0173037,16118999474.573708,16197914804.559109,-0.9975452705273817,0.020079998499691394,-0.06708373058130633,0.020125333846502474,0.9997974649585619,0.0,-0.06707014377515322,0.0013500824736176174,0.9977473493281226,4566.885577926226,-537.0707563084103,-0.11706341050038996,4.105234481717857e-09,153.45382759141071,0.0,-58.453827591410715,0.5769137957053571,0.0,2.979037981237665e-17,2.286513823138522,1.5707963267948966,19.104312227845735,461.0,0.020008993328309375,3.612882304432802,0.0,0.04358337147798906,-1587.5689779648171,6.71468976591228,-106.74145339054907,0.045051301361456665,0.14079272847798643,-1.0861807508706443,0.04280749630892142,0.1414910965622872,-1.0861807508706443,-1.426785267637481e-17,2.403992755933591e-19,-5.606238743240508e-19,-1.42698713356433e-17,1.355989038633509e-20,-5.606238743240508e-19,-1587.526170468508,6.8561808624745675,-107.82763414141971,-1680225.3568521868,262.5588198776866,133231.00356478654,0.04860252672490246,4573.786533973937
224.51281830399054,2001.0,12.0,14.0,14.0,25.0,12.0,1.0,3514534.857326596,-14933.212425299254,237388.8564915841,-179.42230961674457,-287.1906121755643,4565.214000692779,3522574.5887608114,4577.755966085496,3513852.192261128,-70859.26289964216,237388.8564915841,3522574.5887608114,-188.9924200863936,-533.3691769121797,4565.214000692779,4600.1499634089605,12744699.47056359,0.7238695775717691,1.6336219974079198,1.576990670600291e-07,6.2284893080419115e-06,0.06756913162004999,0.06744183911215326,-0.020162959700959392,126374.5887608109,0.028370927595183056,0.02823277824001063,2540.5801796913147,-16087196593.499174,-1012020768.6513293,-196871800.07317704,-16086351918.965405,-1887572315.1583176,16118997495.938744,16197913625.261068,-0.9975238575422893,0.02011575940101509,-0.06739072530898314,0.020161593537176614,0.9997967344145717,0.0,-0.06737702709375078,0.001358704411855239,0.9977266610361423,4566.844778181512,-537.0711496695744,-0.1170645317639728,4.088887979104682e-09,153.51823595101362,0.0,-58.53647190202727,0.6,0.0,2.97915585279901e-17,2.286533073025335,1.5707963267948966,19.10020540943723,461.0,0.019929022603270122,3.6176212017986473,0.0,0.04341001304422368,-1587.5082132828759,6.74530153725474,-107.22806138530764,0.04507056621888828,0.140247747731598,-1.0818594053792152,0.04283305092946748,0.14094721150541004,-1.0818594053792152,-1.4211553768573907e-17,2.3975221591232725e-19,-5.609768366266659e-19,-1.421356948591294e-17,1.3568759216797147e-20,-5.609768366266659e-19,-1587.4653802319465,6.88624874876015,-108.30992079068686,-1680227.9292234313,262.74730431406687,133272.94707324877,0.048704668157835425,4573.753099075416
224.75014956254643,2001.0,12.0,14.0,14.0,25.0,12.0,1.0,3514492.1778246774,-15001.371313613627,238472.31785227958,-180.23955021867906,-287.18705925771525,4565.158116532522,3522605.4782666154,4577.732116606529,3513807.239859586,-70985.8453671694,238472.31785227958,3522605.478266616,-189.82325547480096,-533.3463244601372,4565.158116532522,4600.126063389672,12744680.03199909,0.72386915649954,1.6336219892563284,1.576990670600291e-07,6.205559909280292e-06,0.06787745112465836,0.06774952469454693,-0.020199227213349095,126405.47826661589,0.028500356720764872,0.028361576377620483,2531.666905924678,-16087194634.395689,-1012020513.7519414,-196873273.9248531,-16086353232.69107,-1887550940.500757,16118995524.69665,16197912457.038458,-0.9975023491954146,0.020151517337133003,-0.06769770822295595,0.02019785366436163,0.9997960025461959,0.0,-0.0676838980628501,0.0013673484040999154,0.9977058786543054,4566.803797478846,-537.0715455041244,-0.11706565817792737,4.073829345024754e-09,153.55684783326987,0.0,-58.613695666539726,0.6,0.0,2.9792276534978186e-17,2.2865447989693144,1.5707963267948966,19.097704661944764,461.0,0.019855325261505373,3.622342281531606,0.0,0.04324988131807268,-1587.447173633508,6.775910512102072,-107.71462498993151,0.045101727338470836,0.13974435711377986,-1.077864198668219,0.042869856076972794,0.14044510170880664,-1.077864198668219,-1.4159362271374433e-17,2.391719122341923e-19,-5.614703337239291e-19,-1.4161375593368635e-17,1.3580838214657605e-20,-5.614703337239291e-19,-1587.404303777431,6.916355613810879,-108.79248918859973,-1680230.4919569679,262.9357887504471,133314.9783296366,0.04880681182172913,4573.719595055147
225.0501495625464,2001.0,12.0,14.0,14.0,25.0,13.0,1.0,3514437.9510101597,-15087.526754665523,239841.85464204577,-181.27254296631415,-287.1825459951243,4565.087120366549,3522644.725231626,4577.701821448648,3513750.135356027,-71145.84492126975,239841.85464204577,3522644.725231626,-190.87343102209564,-533.3173567758776,4565.087120366549,4600.09570403107,12744655.564153356,0.7238686264839073,1.6336219789928403,1.569934748538248e-07,6.1765447959919984e-06,0.0682671764633371,0.06813844866441145,-0.020245072045611847,126444.72523162607,0.02866395868236885,0.028524380738642895,2520.3863859325647,-16087192168.384605,-1012020192.8548762,-196875156.35576433,-16086354924.79825,-1887523786.082047,16118993043.403404,16197910996.0759,-0.9974750249970173,0.02019671311491444,-0.06808573482421658,0.02024368912315387,0.999795075528323,0.0,-0.06807178239097898,0.001378306449502932,0.9976794739361167,4566.75173662812,-537.0720493977851,-0.11706708939815985,4.054367370951184e-09,153.6135006617888,0.0,-58.72025099268321,0.6067503308944027,0.0,2.979332427692374e-17,2.286561909893808,1.5707963267948966,19.094056694425355,461.0,0.019760089181138647,3.6282848227902686,0.0,0.04304307906937474,-1587.3696227040389,6.814597948786284,-108.32960479565472,0.04513454062311895,0.13909570527066284,-1.0727055342528111,0.04291002556391899,0.13979796739619246,-1.0727055342528111,-1.4092015913243728e-17,2.384120557045848e-19,-5.620131083639929e-19,-1.4094025968646075e-17,1.3594210158115315e-20,-5.620131083639929e-19,-1587.326712678475,6.954395916182476,-109.40231032990752,-1680233.7177499514,263.12427318682734,133357.09733395008,0.04890895772123227,4573.686021916064
225.28021902050537,2001.0,12.0,14.0,14.0,25.0,13.0,1.0,3514396.154607256,-15153.59828756301,240892.13547186367,-182.06470896379705,-287.17906802764173,4565.032404829125,3522674.975638758,4577.678476313434,3513706.1285662795,-71268.54239492942,240892.13547186367,3522674.9756387584,-191.67877313487523,-533.295080330011,4565.032404829125,4600.072309422393,12744636.884596158,0.7238682218520814,1.6336219711543887,1.5628469708117136e-07,6.154269773141394e-06,0.06856605019264492,0.06843670780174999,-0.020280230871102013,126474.97563875839,0.028789421915820547,0.02864923229639586,2511.727509945631,-16087190285.725344,-1012019947.8220192,-196876614.74045563,-16086356246.936844,-1887502858.859177,16118991149.074183,16197909888.223148,-0.9974539669045533,0.02023137044654722,-0.06838329881063844,0.020278840731221007,0.9997943631660452,0.0,-0.06836923668557564,0.0013867340252564319,0.9976591223678432,4566.711615557253,-537.0724385300863,-0.11706819257375231,4.037513572691753e-09,153.69993039645254,0.0,-58.84989559467883,0.6499651982262755,0.0,2.979489506826597e-17,2.2865875628631915,1.5707963267948966,19.08859030167562,461.0,0.01967766271045524,3.6328214307625664,0.0,0.04286482548348584,-1587.3098514722474,6.844264217501054,-108.80118317777053,0.04513803953401327,0.13854522550033546,-1.0682640216781853,0.04292003412055121,0.13924831342965585,-1.0682640216781853,-1.4034289087498227e-17,2.377243496084715e-19,-5.621688176827451e-19,-1.4036295741337614e-17,1.3598513747707788e-20,-5.621688176827451e-19,-1587.266931438127,6.98351253093071,-109.86944719944871,-1680236.1804346181,263.3127576232076,133399.30408618922,0.04901110586099377,4573.652379661094
225.556908839825,2001.0,12.0,14.0,14.0,25.0,13.0,1.0,3514345.647360499,-15233.05723134636,242155.224327528,-183.01735672689574,-287.1748660520346,4564.966293173625,3522711.530600173,4577.6502721774905,3513652.959013793,-71416.09600023876,242155.224327528,3522711.5306001734,-192.64726542206367,-533.2682195538576,4564.966293173625,4600.044045514356,12744614.522016251,0.723867737439015,1.6336219617664802,1.5557269020245316e-07,6.127476343169418e-06,0.06892547965165757,0.06879539810738684,-0.02032251472668635,126511.5306001734,0.028940305268748776,0.028799380029223748,2501.306977376342,-16087188031.836151,-1012019654.4106526,-196878385.69833577,-16086357865.582098,-1887477573.1849947,16118988881.210012,16197908570.787973,-0.997428523026171,0.020273046878769383,-0.06874114505943421,0.02032111587354604,0.9997935048046941,0.0,-0.06872695034325961,0.0013968967740329993,0.9976345297632384,4566.6631396641405,-537.072909632074,-0.11706952570270804,4.017169102763014e-09,153.8021865716763,0.0,-59.00437314335256,0.7021865716762804,0.0,2.9796753690676604e-17,2.286617916470647,1.5707963267948966,19.082126427138174,461.0,0.019578166998496065,3.638252327794567,0.0,0.04264964127468839,-1587.23762637456,6.879938409151538,-109.36826426407497,0.04513928341590199,0.13787991918647918,-1.0629020705508299,0.04292918330596589,0.138583953771185,-1.0629020705508299,-1.3964577715248104e-17,2.368892815913653e-19,-5.623178022038016e-19,-1.3966580192077145e-17,1.3602764979933913e-20,-5.623178022038016e-19,-1587.1946971912541,7.018522362922723,-110.4311663346258,-1680239.1286929399,263.5012420595878,133441.59858635403,0.04911325624566274,4573.618668293148
225.856908839825,2001.0,12.0,14.0,14.0,25.0,13.0,1.0,3514290.5872244155,-15319.209004525906,243524.7034113003,-184.05021269926468,-287.1702863335464,4564.894230886672,3522751.3807804,4577.619533483528,3513595.0073284367,-71576.07208650692,243524.7034113003,3522751.3807803993,-193.6972988533123,-533.2390090983075,4564.894230886672,4600.013241675467,12744590.401590744,0.7238672149472568,1.633621951636607,1.5485740967710726e-07,6.098453825145228e-06,0.06931518132889822,0.06918429832396186,-0.020368361579747214,126551.38078039931,0.02910389600418548,0.028962173174943498,2490.00140760839,-16087185600.740442,-1012019337.8681899,-196880326.99922293,-16086359655.880617,-1887450011.9062626,16118986435.036665,16197907160.770735,-0.9974007891950825,0.020318229801005876,-0.06912912013602049,0.020366953238079147,0.999792572094731,0.0,-0.06911478082743759,0.001407949557199885,0.9976077208749037,4566.610302440221,-537.0734242757302,-0.11707097905370907,3.9955361477832305e-09,153.85911540057046,0.0,-59.118230801140896,0.7591154005704458,0.0,2.9797806185954416e-17,2.286635105022947,1.5707963267948966,19.078468089499207,461.0,0.0194723551863153,3.6441099453457326,0.0,0.04242071155408733,-1587.158894577298,6.918613650735447,-109.98305048354324,0.04514221001769826,0.1371592137825186,-1.0571918871586903,0.042940700050785714,0.1378643004184516,-1.0571918871586903,-1.388997270560558e-17,2.3599654969088557e-19,-5.62485364320899e-19,-1.3891970737466028e-17,1.3607473004775924e-20,-5.62485364320899e-19,-1587.1159538772472,7.056477951153899,-111.04024237070193,-1680242.3087153248,263.6897264959681,133483.98083444446,0.04921540887988844,4573.584887815133
226.15690883982498,2001.0,12.0,14.0,14.0,25.0,14.0,1.0,3514235.2172386926,-15405.359400349995,244894.16082118437,-185.08301729747188,-287.1656819179958,4564.821772274852,3522791.4552501184,4577.588629922733,3513536.7406404987,-71736.0393963573,244894.16082118437,3522791.4552501184,-194.74727891577012,-533.2097083977416,4564.821772274852,4599.982272619018,12744566.411564793,0.7238666952795383,1.6336219415580486,1.541388099311085e-07,6.069383988658215e-06,0.0697048741101458,0.06957318961814692,-0.020414209192407426,126591.45525011886,0.029267482522662782,0.029124962107794156,2478.689514026046,-16087183182.749546,-1012019022.978954,-196882290.413485,-16086361482.805656,-1887422299.3943067,16118984002.046072,16197905769.82169,-0.9973729030721284,0.020363407913189694,-0.06951707585648066,0.02041279131924334,0.9997916372677644,0.0,-0.06950259108861818,0.0014190375625823491,0.9975807617252672,4566.557176613185,-537.0739429305434,-0.11707244063571001,3.973617789219494e-09,153.93272928605387,0.0,-59.232729286053875,0.8,0.0,2.9799156335181363e-17,2.2866571546331356,1.5707963267948966,19.073777267720665,461.0,0.01936515740546795,3.649935689518659,0.0,0.042188450944778286,-1587.0797238332793,6.957284311171146,-110.59776397945907,0.045138924462428745,0.1364284225708445,-1.05140084950444,0.042946197736532264,0.13713446352674602,-1.05140084950444,-1.3814410417222665e-17,2.350833707891162e-19,-5.625785590199951e-19,-1.3816403805898848e-17,1.361025479155511e-20,-5.625785590199951e-19,-1587.0367776355429,7.094418774697893,-111.64916482896352,-1680245.47155785,263.87821093234834,133526.45083046058,0.04931756376832032,4573.551038229938
226.45690883982496,2001.0,12.0,14.0,14.0,25.0,14.0,1.0,3514179.5374192554,-15491.508411184019,246263.59643465,-186.1157702335035,-287.16105282233974,4564.748917494863,3522831.753998194,4577.557561621499,3513478.1589665064,-71895.99790249982,246263.59643465,3522831.7539981944,-195.7972053168718,-533.1803174782418,4564.748917494863,4599.951138471649,12744542.555749938,0.7238661785184488,1.6336219315323481,1.534168443230839e-07,6.040321291369556e-06,0.0700945579419686,0.06996207193977011,-0.020460057568983007,126631.75399819436,0.029431064802521716,0.02928774680613204,2467.3736750781536,-16087180778.248053,-1012018709.7920625,-196884276.06728867,-16086363346.73739,-1887394435.7134075,16118981582.625154,16197904398.328218,-0.9973448646756767,0.020408581199173742,-0.06990501211281412,0.020458630121255254,0.9997907003236035,0.0,-0.06989038101640041,0.0014301607864379323,0.997553652332298,4566.503762326289,-537.074465612686,-0.11707391044912077,3.951165629577433e-09,154.04786856626959,0.0,-59.347868566269575,0.8,0.0,2.9801246885464717e-17,2.286691295910192,1.5707963267948966,19.06651877392555,461.0,0.019255367465628722,3.655728737980393,0.0,0.041949778643251646,-1587.000114234525,6.995950365207836,-111.21240434989424,0.04512604092887401,0.13567872430026828,-1.0454553625642855,0.042942433218724055,0.13638556825015632,-1.0454553625642855,-1.3737083681961502e-17,2.341356591677252e-19,-5.625615344149314e-19,-1.3739072106908233e-17,1.3610043463350367e-20,-5.625615344149314e-19,-1586.9571718013062,7.132335933457992,-112.25785971245853,-1680248.6167178042,264.0666953687286,133569.00857440234,0.04941972091560806,4573.51711954045
226.71491719346804,2001.0,12.0,14.0,14.0,25.0,14.0,1.0,3514131.403419146,-15565.59784598366,247441.33167115506,-187.00392497993127,-287.15705193397235,4564.685943530894,3522866.5914212693,4577.530710274027,3513427.5251700957,-72033.55960976133,247441.33167115506,3522866.5914212693,-196.7001281188263,-533.1549683182992,4564.685943530894,4599.924230214339,12744522.146760315,0.7238657364214842,1.6336219229522424,1.5269146510898484e-07,6.015327653094824e-06,0.07042968969074079,0.07029651435109315,-0.020499489063868122,126666.59142126888,0.029571746710772753,0.02942774277534659,2457.639088779688,-16087178721.132637,-1012018441.8062929,-196886001.66539988,-16086364979.400082,-1887370351.274798,16118979512.742884,16197903234.400196,-0.9973206290938864,0.020447427610564166,-0.07023863244600673,0.02049805334722606,0.9997898928319761,0.0,-0.07022387480585762,0.001439755234914449,0.9975302173428706,4566.457593866975,-537.0749183573738,-0.11707518111338192,3.932230248757882e-09,154.1474040607682,0.0,-59.47110609115231,0.8237020303841031,0.0,2.980305356221529e-17,2.28672080118064,1.5707963267948966,19.060250501631785,461.0,0.019162769968247267,3.660684683316649,0.0,0.041748968468632616,-1586.931296820799,7.029200544829946,-111.74095339005048,0.04511780293305705,0.13505289674025814,-1.0404524695794481,0.042941758698616606,0.1357604744368212,-1.0404524695794481,-1.3672034365542882e-17,2.3334236913005014e-19,-5.625808063600387e-19,-1.3674018688642195e-17,1.3610895663210566e-20,-5.625808063600387e-19,-1586.8883550621003,7.164961019266767,-112.78140585962993,-1680251.3074563183,264.2551798051088,133611.65406626975,0.049521880326401535,4573.48313174954
226.98626892943395,2001.0,12.0,14.0,14.0,25.0,14.0,1.0,3514080.5328510613,-15643.517837399188,248679.95810446952,-187.93797064175772,-287.1528244216759,4564.619396565097,3522903.409487119,4577.502338708371,3513374.0214133454,-72178.22851070962,248679.95810446952,3522903.4094871185,-197.64970399084112,-533.1282361815546,4564.619396565097,4599.895798515444,12744500.785545243,0.7238652736970638,1.6336219139677377,1.5269146510898484e-07,5.989080520388482e-06,0.0707821461898089,0.07064824584009624,-0.020540960448059156,126703.40948711894,0.029719700830167423,0.02957497548436559,2447.395658046007,-16087176568.0092,-1012018161.249469,-196887834.4317543,-16086366725.639076,-1887344900.5819173,16118977346.252739,16197902025.412052,-0.9972950186348819,0.020488279160971283,-0.07058949088265623,0.02053951600034307,0.9997890418895736,0.0,-0.07057459945704367,0.001449873977440389,0.9975054504998594,4566.4088074667425,-537.0753977138178,-0.11707652405991,3.912769271094271e-09,154.25259853462558,0.0,-59.62889780193834,0.8762992673127803,0.0,2.980496239181974e-17,2.2867519747337943,1.5707963267948966,19.05363243658167,461.0,0.019067596255000357,3.6658716794227453,0.0,0.04154314542702525,-1586.8585703123806,7.064166605758214,-112.29677837315704,0.04511309132883284,0.1344173099579377,-1.0353240138209538,0.04294466219180272,0.13512572003435858,-1.0353240138209538,-1.3605375351286905e-17,2.3253511892256485e-19,-5.626487822681539e-19,-1.3607355573800974e-17,1.3613195258623288e-20,-5.626487822681539e-19,-1586.8156256501888,7.199292325792573,-113.332102386978,-1680254.1237462703,264.4436642414891,133654.38730606282,0.04962404200535087,4573.449074860068
227.28244270900612,2001.0,12.0,14.0,14.0,25.0,15.0,1.0,3514024.719585742,-15728.564288321004,250031.86787759865,-188.95740962590895,-287.1481871378324,4564.546392255804,3522943.8049092675,4577.471217941687,3513315.3292772905,-72336.12278404515,250031.86787759865,3522943.8049092675,-198.68609193978722,-533.0989744738753,4564.546392255804,4599.864611787055,12744477.59200452,0.7238647712804646,1.633621904208022,1.5196262340524166e-07,5.960389971276249e-06,0.07116683535143475,0.07103214364501714,-0.020586226173751186,126743.80490926746,0.02988118511543253,0.02973567237176215,2436.210119366646,-16087174230.16089,-1012017856.5516312,-196889855.93235078,-16086368665.798672,-1887316980.5831075,16118974993.88649,16197900723.629457,-0.9972669232990434,0.020532863079803836,-0.07097242582444148,0.020584772155805096,0.9997881111292,0.0,-0.0709573875572756,0.0014609512149409054,0.9974782778449836,4566.355288924423,-537.0759246672573,-0.11707799753872487,3.89107733496909e-09,154.33400701323924,0.0,-59.768014026478475,0.9340070132392373,0.0,2.98064501947921e-17,2.2867762724002465,1.5707963267948966,19.04847739824933,461.0,0.018961516169055885,3.671503404397445,0.0,0.04131362542030467,-1586.778781542758,7.102326838435313,-112.90337841005484,0.04509987400160437,0.13369954893195657,-1.0296015986127312,0.04294017266567311,0.13440874075375983,-1.0296015986127312,-1.3530745656739578e-17,2.316182408364323e-19,-5.626134135018458e-19,-1.3532721076058011e-17,1.361302612908524e-20,-5.626134135018458e-19,-1586.7358413700924,7.236735579189073,-113.93298000866757,-1680257.181623077,264.63214867786934,133697.20829378153,0.04972620595710626,4573.41494887489
227.5824427090061,2001.0,12.0,14.0,14.0,25.0,15.0,1.0,3513967.8774775052,-15814.708037076543,251401.220658103,-189.9899662011025,-287.14346543178203,4564.472051328539,3522984.944997984,4577.439531480086,3513255.565989417,-72496.04801948574,251401.220658103,3522984.944997984,-199.73581443647478,-533.0692451378052,4564.472051328539,4599.832858163409,12744454.23132582,0.7238642652427917,1.633621894374541,1.4975481660844235e-07,5.931317320782979e-06,0.07155648516397667,0.07142099186629053,-0.020632077455461254,126784.94499798352,0.03004475129236446,0.029898440982698827,2424.8783911019564,-16087171875.42809,-1012017549.600299,-196891926.09377658,-16086370667.691593,-1887288549.7327688,16118972624.527576,16197899424.273563,-0.9972383137707186,0.020578018115694,-0.07136028810314626,0.0206306137004847,0.999787166240066,0.0,-0.0713451002247193,0.0014722065374113047,0.9974506049333149,4566.300792470712,-537.0764624358479,-0.11707949823276154,3.8687441439518085e-09,154.39277856854787,0.0,-59.885557137095745,0.9927785685478714,0.0,2.9807535129572435e-17,2.286793990729827,1.5707963267948966,19.04472006201707,461.0,0.01885230463912032,3.6771754930136256,0.0,0.04107724688113853,-1586.6975262873161,7.1409753863198535,-113.51774086511331,0.04507933011399064,0.132954053636416,-1.0237057884902676,0.04292879877460934,0.1336639241442889,-1.0237057884902676,-1.3453680190464847e-17,2.306602389255293e-19,-5.6248160677622485e-19,-1.345565046986036e-17,1.361051336500738e-20,-5.6248160677622485e-19,-1586.6545974885414,7.274639310464142,-114.54144665360357,-1680260.2615469005,264.8206331142496,133740.11702942592,0.04982837218631815,4573.380753796845
227.88244270900609,2001.0,12.0,14.0,14.0,25.0,15.0,1.0,3513910.7256117044,-15900.85036493917,252770.55106600397,-191.0224697371629,-287.1387190572185,4564.397314437191,3523026.309311004,4577.407680332586,3513195.4877945166,-72655.96432194358,252770.55106600397,3523026.309311004,-200.7854818721565,-533.0394256382673,4564.397314437191,4599.800939503453,12744431.003958682,0.7238637620923779,1.6336218845936394,1.4975481660844235e-07,5.90230837898225e-06,0.07194612579353753,0.07180983087837178,-0.020677929521704812,126826.30931100389,0.030208313126675167,0.03006120525519834,2413.545483648777,-16087169534.095558,-1012017244.3411977,-196894019.0704326,-16086372706.481028,-1887259967.776209,16118970268.64874,16197898144.281996,-0.9972095520574157,0.020623168248820958,-0.07174813040650785,0.02067645598615751,0.9997862192328181,0.0,-0.07173279203614567,0.001483497060439249,0.9974227818649275,4566.246007696727,-537.0770042395052,-0.11708100715901583,3.846807935612228e-09,154.50374088858254,0.0,-60.003740888582556,1.0,0.0,2.980954951907432e-17,2.286826888206932,1.5707963267948966,19.037747908829346,461.0,0.018745038660152816,3.6828150989873483,0.0,0.04084416776273717,-1586.6158326213385,7.179619208101386,-114.13202828934345,0.045059670441023186,0.13222150013992678,-1.0178987673291686,0.04291813164109041,0.13293206150490675,-1.0178987673291686,-1.3378107662152003e-17,2.297232249276302e-19,-5.623729896698734e-19,-1.3380072951911402e-17,1.3608149402517406e-20,-5.623729896698734e-19,-1586.5729144896975,7.312551269606292,-115.14992705667262,-1680263.32390582,265.0091175506298,133783.11351299594,0.04993054069763729,4573.346489628763
228.1563737214599,2001.0,12.0,14.0,14.0,25.0,16.0,1.0,3513858.269509817,-15979.505968898491,254020.8716571124,-191.9652056715063,-287.134363579485,4564.328726095991,3523064.2750382763,4577.378453088815,3513140.355154454,-72801.97661309446,254020.8716571124,3523064.2750382763,-201.74388845118077,-533.0121186072475,4564.328726095991,4599.7716503077245,12744409.910464909,0.72386330516541,1.6336218757082122,1.490116119384767e-07,5.8757453444020955e-06,0.07230189989564192,0.07216487301194086,-0.02071979788737618,126864.27503827633,0.030357658173720298,0.030209822049543658,2403.1965052634478,-16087167407.82612,-1012016967.0740606,-196895950.1992984,-16086374600.234411,-1887233737.5143511,16118968129.166164,16197896992.334654,-0.9971831567325821,0.020664390692191812,-0.07210225298950941,0.020718315383042814,0.9997853526671057,0.0,-0.07208677643320954,0.0014938372172645976,0.9973972453911414,4566.195731711317,-537.0775024851212,-0.11708239215499716,3.826740336911081e-09,154.61221439507523,0.0,-60.11221439507524,1.0,0.0,2.9811515826478757e-17,2.2868590004437963,1.5707963267948966,19.03094726411172,461.0,0.018646913789235234,3.6879364963413988,0.0,0.04063082870166581,-1586.5408550189659,7.214900863435651,-114.69287034384531,0.04503879753096466,0.13155113900347473,-1.0125843705411515,0.042905521110526264,0.13226228379391058,-1.0125843705411515,-1.3308982240312212e-17,2.288619710645932e-19,-5.622380910266694e-19,-1.331094290336673e-17,1.3605074653907054e-20,-5.622380910266694e-19,-1586.4979494978554,7.347163147229562,-115.70545471438646,-1680266.1049387772,265.1976019870101,133826.19774449163,0.05003271149571458,4573.312156373465
228.27786784797794,2001.0,12.0,14.0,14.0,25.0,16.0,1.0,3513834.9214658565,-16014.390989890308,254575.40893516073,-192.38331446801524,-287.1324252410276,4564.298199997956,3523081.173471063,4577.36544617262,3513115.8186357925,-72866.73371783628,254575.40893516073,3523081.1734710634,-202.1689469639636,-532.9999832991012,4564.298199997956,4599.758615820828,12744400.587977404,0.7238631032216843,1.6336218717801252,1.490116119384767e-07,5.86401873267886e-06,0.07245969066932226,0.07232233913515736,-0.020738367593675838,126881.17347106384,0.030423894651764285,0.030275735533420087,2398.6050592660904,-16087166468.089563,-1012016844.5149289,-196896812.83724794,-16086375449.731033,-1887222063.4851243,16118967183.58881,16197896486.319445,-0.9971714092453191,0.020682672391009772,-0.07225930837249034,0.020736881099831284,0.999784967761694,0.0,-0.07224377029167256,0.0014984326860763755,0.9973858793634134,4566.173356249727,-537.0777245349452,-0.11708300862654908,3.819471938021268e-09,154.6264668388298,0.0,-60.17940051648943,1.026466838829809,0.0,2.981178513028744e-17,2.2868633985087548,1.5707963267948966,19.03001624457215,461.0,0.01861134067703771,3.690199917634016,0.0,0.040554041609285996,-1586.507483918992,7.230547741630078,-114.94159530092051,0.045048665119846294,0.1313143208560653,-1.0106669334071974,0.04291808014840357,0.13202602579546552,-1.0106669334071974,-1.3283893242859494e-17,2.2857502982499605e-19,-5.624073219285106e-19,-1.3285852664164603e-17,1.3609484118221585e-20,-5.624073219285106e-19,-1586.4645658388436,7.362573767425543,-115.9522622343277,-1680267.3340479583,265.38608642339034,133869.36972391294,0.050134884585201045,4573.27775403376
228.46089688353317,2001.0,12.0,14.0,14.0,25.0,16.0,1.0,3513799.65209191,-16066.944292968485,255410.80381521868,-193.01317231570061,-287.12949750339095,4564.252090151495,3523106.700122163,4577.345800294775,3513078.7572488897,-72964.2865156491,255410.80381521868,3523106.7001221627,-202.8092738225152,-532.9816737096597,4564.252090151495,4599.738928299199,12744386.578936268,0.7238627997576845,1.6336218658759278,1.490116119384767e-07,5.8462897628840205e-06,0.07269739717123663,0.07255955654430854,-0.020766342817228556,126906.7001221627,0.0305236775265402,0.030375031823755862,2391.684871867299,-16087165055.922176,-1012016660.3201456,-196898119.53449917,-16086376740.288252,-1887204429.8755815,16118965762.642925,16197895729.387356,-0.9971536647263831,0.02071021195955237,-0.07249590363140646,0.02076485029969094,0.999784387251587,0.0,-0.0724802725903758,0.0015053665862469758,0.9973687101351565,4566.139558533917,-537.078060276451,-0.11708393987988848,3.807984945026782e-09,154.65837515270337,0.0,-60.275125458110146,1.0583751527033818,0.0,2.9812376649417386e-17,2.286873058749248,1.5707963267948966,19.027971613817126,461.0,0.018555134647221114,3.6936011403381204,0.0,0.0404325038338875,-1586.4570751871331,7.254118041431993,-115.31627210181298,0.04505631365463156,0.1309377033288064,-1.007633800743989,0.04293011345337312,0.13165013829103092,-1.007633800743989,-1.3244259870343493e-17,2.2811000083124094e-19,-5.625747437292418e-19,-1.3246217133442146e-17,1.3613940429387726e-20,-5.625747437292418e-19,-1586.4141450736797,7.385768179723024,-116.32390590255697,-1680269.1810520533,265.5745708597706,133912.6294512599,0.05023705997074805,4573.243282612449
228.7034278769157,2001.0,12.0,14.0,14.0,25.0,16.0,1.0,3513752.7392072673,-16136.581623570712,256517.76898009644,-193.84776336840073,-287.1256037842349,4564.1907628900235,3523140.653927344,4577.31967288303,3513029.4668238806,-73093.54814339268,256517.76898009644,3523140.6539273444,-203.657736148587,-532.9573600253741,4564.1907628900235,4599.71274550368,12744368.080155917,0.7238623990366367,1.6336218580768889,1.4826468186179114e-07,5.8228277489316454e-06,0.07301237569902817,0.07287388695797974,-0.020803413124028336,126940.65392734436,0.030655896856929713,0.030506606385623008,2382.50887273252,-16087163191.150372,-1012016417.0495367,-196899864.30769908,-16086378470.350393,-1887180976.8717542,16118963886.276527,16197894736.273096,-0.9971300643100376,0.020746701685586476,-0.07280940336405498,0.02080191259938389,0.9997836168052603,0.0,-0.07279364863274797,0.001514574845192359,0.9973458731963403,4566.094607724707,-537.078507436703,-0.11708517859879694,3.792654352689402e-09,154.70186836384104,0.0,-60.40186836384107,1.1,0.0,2.981318206983356e-17,2.2868862122628446,1.5707963267948966,19.02518834719716,461.0,0.018480125279304663,3.6980923030152817,0.0,0.040270277688979755,-1586.3900275725582,7.285348192291558,-115.81271102672832,0.0450638132512509,0.13043468791739998,-1.0035854427235928,0.04294350288358126,0.13114804854415865,-1.0035854427235928,-1.3191363825923433e-17,2.2748527225262037e-19,-5.627634294454356e-19,-1.3193318144377879e-17,1.361903824173225e-20,-5.627634294454356e-19,-1586.3470840696746,7.416496240835716,-116.81629646945191,-1680271.6200062875,265.7630552961508,133955.97692653254,0.05033923765700709,4573.208742112317
228.8132041466338,2001.0,12.0,14.0,14.0,25.0,16.0,1.0,3513731.4385894663,-16168.101104080764,257018.80728504594,-194.22551085579087,-287.1238360705802,4564.162919354631,3523156.0705315825,4577.307811445377,3513007.08895927,-73152.05360908556,257018.80728504594,3523156.0705315825,-204.04176172165026,-532.9463356028347,4564.162919354631,4599.700858922323,12744359.733184803,0.7238622182242377,1.6336218545568972,1.4826468186179114e-07,5.812178774279015e-06,0.07315494172929075,0.07301615962399387,-0.020820192347301432,126956.070531582,0.030715742051635346,0.030566159741070735,2378.354345470667,-16087162349.72513,-1012016307.266114,-196900659.0336541,-16086379261.091896,-1887170328.8995788,16118963039.618645,16197894290.663038,-0.9971193494216164,0.020763216884129743,-0.07295129768300793,0.02081868818898595,0.9997832676245836,0.0,-0.07293548677497137,0.0015187503194444352,0.9973355043145536,4566.074199744485,-537.0787106923644,-0.1170857410459653,3.784505576163799e-09,154.74591580452,0.0,-60.44591580452,1.1,0.0,2.981398014393429e-17,2.286899245802005,1.5707963267948966,19.022431297151105,461.0,0.01844028388326417,3.7001187772685773,0.0,0.04018364689786106,-1586.3595858346973,7.299482791860507,-116.03739665434078,0.04505188361286712,0.13016224416262343,-1.0014274304475315,0.04293497284604648,0.130875781293664,-1.0014274304475315,-1.3163287826282397e-17,2.2713021593111005e-19,-5.62663968808804e-19,-1.3165240184584416e-17,1.3616708374809805e-20,-5.62663968808804e-19,-1586.3166508618513,7.430358573154171,-117.03882408478832,-1680272.7205071338,265.95153973253105,133999.41214973084,0.050441417648629916,4573.1741325361445
229.00368393777225,2001.0,12.0,14.0,14.0,25.0,17.0,1.0,3513694.3801306305,-16222.792099711321,257888.18347418978,-194.88094735264585,-287.1207609648501,4564.114480521289,3523182.8920907164,4577.287177611015,3512968.159665571,-73253.56729178736,257888.18347418978,3523182.8920907155,-204.7080910757543,-532.9271777941166,4564.114480521289,4599.68018134822,12744345.292322896,0.7238619054056086,1.6336218484659417,1.4751396978812924e-07,5.79375466771208e-06,0.07340231412940972,0.07326302299155547,-0.02084930730062729,126982.89209071593,0.030819581845043097,0.030669493146978758,2371.1461734473705,-16087160893.986986,-1012016117.3141207,-196902045.42093608,-16086380644.889853,-1887151804.9359553,16118961574.826506,16197893523.623707,-0.9971007090071663,0.020791871877056448,-0.07319750105880952,0.020847796823330905,0.9997826610657004,0.0,-0.073181592391936,0.0015260066300496098,0.9973174649221509,4566.038697001762,-537.0790646600748,-0.11708671959977478,3.770328466335864e-09,154.82254883061694,0.0,-60.522548830616955,1.1,0.0,2.981536837999047e-17,2.286921917417317,1.5707963267948966,19.01763742416544,461.0,0.018370969888997304,3.7036246757984563,0.0,0.040032929210497135,-1586.3066252666015,7.324007100224241,-116.4272386171125,0.04502986697139488,0.12968817571582406,-0.9976729729292981,0.04291888695477852,0.13040199761707225,-0.9976729729292981,-1.3114438828948479e-17,2.265105401609338e-19,-5.624745907373962e-19,-1.3116387746991434e-17,1.3612259493231315e-20,-5.624745907373962e-19,-1586.2637063796467,7.454409097841314,-117.42491159004179,-1680274.624456359,266.14002416891134,134042.9351208548,0.05054359995026854,4573.139453886698
229.30368393777223,2001.0,12.0,14.0,14.0,25.0,17.0,1.0,3513635.7610079516,-16308.927599039494,259257.40633505495,-195.91319585653176,-287.11589761612584,4564.037867343359,3523225.3184962412,4577.254545414614,3512906.589826588,-73413.44091031089,259257.40633505495,3523225.3184962412,-205.75749383391565,-532.8969311634729,4564.037867343359,4599.64747997674,12744322.658547193,0.7238614151113411,1.6336218389163815,1.4675941767984797e-07,5.7647275522432035e-06,0.07379191058087667,0.07365181772463215,-0.020895163144159113,127025.31849624123,0.030983122787117873,0.030832236547340065,2359.7957405149937,-16087158612.316668,-1012015819.544838,-196904248.0692807,-16086382854.593956,-1887122506.7979596,16118959278.962427,16197892331.508614,-0.9970712265788163,0.020836998566315,-0.07358524729429153,0.020893642678667557,0.9997817040212409,0.0,-0.07356918393071119,0.001537463863388316,0.9972889307420583,4565.982545723537,-537.0796254609309,-0.1170882675232275,3.748121916218792e-09,154.9218835660589,0.0,-60.64376713211782,1.12188356605891,0.0,2.9817174484125644e-17,2.2869514133362454,1.5707963267948966,19.01140430184481,461.0,0.01826239523289894,3.7091195501957226,0.0,0.03979722479276748,-1586.222855943984,7.3626281928867074,-117.04116518425033,0.04499485530318776,0.12894586756643392,-0.9917987672810551,0.042893171579366715,0.12966013110466196,-0.9917987672810551,-1.3037875834843859e-17,2.2553786940949137e-19,-5.621656114154419e-19,-1.303981934363763e-17,1.3605169499128238e-20,-5.621656114154419e-19,-1586.1799627724047,7.492288323991369,-118.03296395153139,-1680277.6086054575,266.3285086052916,134086.54583990437,0.05064578456657504,4573.104706166735
229.60368393777222,2001.0,12.0,14.0,14.0,25.0,17.0,1.0,3513576.832218754,-16395.06163573639,260626.60615375606,-196.94538972220772,-287.1110096124656,4563.960858441702,3523267.969057369,4577.221748589578,3512844.705175115,-73573.30544139943,260626.60615375606,3523267.969057369,-206.80683990471428,-532.8665944355569,4563.960858441702,4599.614613626302,12744300.156562287,0.7238609276715189,1.633621829419055,1.460009659995544e-07,5.735708387844326e-06,0.0741814975535801,0.07404060297038303,-0.020941019797586908,127067.96905736905,0.03114665925477836,0.030994975477583588,2348.44743527472,-16087156343.894909,-1012015523.4526649,-196906474.22027373,-16086385101.017153,-1887093057.6273215,16118956996.426067,16197891158.603384,-0.9970415920748024,0.02088212026094727,-0.0739729729451959,0.020939489299788325,0.9997807448575233,0.0,-0.07395675399047338,0.001548956275459461,0.9972602465122378,4565.926106288723,-537.0801903057807,-0.11708982367999912,3.726187341924485e-09,154.98281293909866,0.0,-60.7656258781973,1.1828129390986508,0.0,2.9818297402396627e-17,2.2869697519833028,1.5707963267948966,19.00753108019621,461.0,0.018155141983518763,3.7145822436571905,0.0,0.03956507034688347,-1586.138648762765,7.401244415898435,-117.65501443590075,0.044961181723491866,0.1282132176552977,-0.9860082840855742,0.04286866850637765,0.12892794229331322,-0.9860082840855742,-1.2962170498162543e-17,2.2457635111208025e-19,-5.618622638928302e-19,-1.296410867128612e-17,1.3598529267042702e-20,-5.618622638928302e-19,-1586.0957800942585,7.530172358191749,-118.64102271998632,-1680280.5753891114,266.5169930416718,134130.24430687964,0.05074797150220189,4573.069889379002
229.9036839377722,2001.0,12.0,14.0,14.0,25.0,17.0,1.0,3513517.593779618,-16481.194202338997,261995.78281050824,-197.97752866481207,-287.1060969571251,4563.88345388655,3523310.84376212,4577.188787173368,3512782.50572835,-73733.16085796106,261995.78281050824,3523310.8437621198,-207.85612899854044,-532.8361676230265,4563.88345388655,4599.581582334297,12744277.787051598,0.7238604431009663,1.633621819973708,1.4523855365528125e-07,5.706697295811564e-06,0.07457107499653151,0.07442937867946174,-0.02098687726527752,127110.84376211977,0.03131019122583276,0.03115770991552707,2337.1016057878733,-16087154088.791512,-1012015229.0378798,-196908723.99625793,-16086387384.224688,-1887063457.4402688,16118954727.287111,16197890004.97705,-0.9970118055145745,0.020927236944904438,-0.07436067790452303,0.02098533669096035,0.9997797835743465,0.0,-0.07434430246182572,0.0015604838623944717,0.99723141225173,4565.869378753524,-537.0807591970478,-0.11709138806977588,3.7041374937669757e-09,155.0881250346279,0.0,-60.932187551941865,1.2,0.0,2.9820209357202653e-17,2.287000976574873,1.5707963267948966,19.000940029898395,461.0,0.01804733676578818,3.7200126157289786,0.0,0.03933103937868737,-1586.0540038207398,7.43985574418232,-118.26878597290437,0.044922803393929726,0.12748560888306265,-0.9801751858501274,0.04283941031983458,0.12820071630261565,-0.9801751858501274,-1.2886184843087446e-17,2.236055243365707e-19,-5.615088707911291e-19,-1.2888117571724112e-17,1.3590369628327522e-20,-5.615088707911291e-19,-1586.01116441042,7.568056460484936,-119.2489611587545,-1680283.5247170292,266.70547747805205,134174.0305217805,0.05085016076180169,4573.035003526232
230.20368393777218,2001.0,12.0,14.0,14.0,25.0,18.0,1.0,3513458.045707074,-16567.32529144611,263364.93618654046,-199.00961240190216,-287.1011596493022,4563.805653745599,3523353.942598391,4577.155661200591,3512719.991503441,-73893.00713296629,263364.93618654046,3523353.9425983913,-208.9053608281421,-532.8056507344639,4563.805653745599,4599.548386135057,12744255.550594619,0.7238599614122595,1.6336218105792377,1.444721179430584e-07,5.677733507986049e-06,0.07496064285826123,0.07481814480281551,-0.021032735551615698,127153.94259839132,0.03147371867782248,0.031320439838770454,2325.757576033473,-16087151847.06664,-1012014936.2864587,-196910997.52018517,-16086389704.272123,-1887033706.2387402,16118952471.604721,16197888870.687368,-0.9969818669176598,0.02097234860215943,-0.07474836206558204,0.021031184856468658,0.9997788201715082,0.0,-0.07473182923568034,0.0015720466203195053,0.9972024279796519,4565.812363171676,-537.081332133099,-0.11709296069143335,3.6820287008043405e-09,155.21126456683234,0.0,-61.11126456683234,1.2056322834161706,0.0,2.9822437748857403e-17,2.287037368972359,1.5707963267948966,18.993264093096098,461.0,0.017939249714989086,3.7254105777952264,0.0,0.03909621194188384,-1585.9689212162264,7.478462152698132,-118.88247939670195,0.04488087255570975,0.12675826836154894,-0.9743240163692044,0.04280662666850168,0.12747369937616088,-0.9743240163692044,-1.2810064800733382e-17,2.2262818954204617e-19,-5.611140778347766e-19,-1.281199200213395e-17,1.358112745113676e-20,-5.611140778347766e-19,-1585.9261145895578,7.605935852074293,-119.85680341307116,-1680286.4565126281,266.89396191443234,134217.90448460708,0.05095235235002735,4573.000048611151
230.50368393777217,2001.0,12.0,14.0,14.0,25.0,18.0,1.0,3513398.188017388,-16653.454895814022,264734.06616561237,-200.04164065385265,-287.0961976906683,4563.727458017267,3523397.265553859,4577.122370636891,3512657.162517268,-74052.84423954022,264734.06616561237,3523397.2655538586,-209.9545351091361,-532.7750437808843,4563.727458017267,4599.515024994414,12744233.445369452,0.7238594825659529,1.633621801236028,1.4370159448672777e-07,5.648798097899807e-06,0.07535020108914899,0.075206901292119,-0.021078594661031656,127197.2655538586,0.03163724158778682,0.031483165224324094,2314.4164585769176,-16087149618.5358,-1012014645.1929895,-196913294.90858984,-16086392060.97043,-1887003804.0331962,16118950229.194426,16197887755.550106,-0.9969517763036289,0.021017455216733705,-0.07513602532242349,0.021077033800643692,0.9997778546488048,0.0,-0.07511933420369082,0.0015836445453667402,0.9971732937151637,4565.755059527863,-537.0819091147692,-0.1170945415461381,3.6603672230707007e-09,155.335044439596,0.0,-61.235044439595995,1.267522219797998,0.0,2.9824676938207757e-17,2.287073937709597,1.5707963267948966,18.98555741805724,461.0,0.01783334460256565,3.730776495531107,0.0,0.03886695170649509,-1585.8834010480919,7.5170636164863405,-119.49609431002933,0.044842828062445564,0.12603549430857758,-0.9686132931282815,0.042777685175804596,0.12675131046756596,-0.9686132931282815,-1.2735765146029435e-17,2.2167896337875795e-19,-5.607690012239939e-19,-1.273768704192759e-17,1.3573486391009156e-20,-5.607690012239939e-19,-1585.840623362916,7.643814926953906,-120.46470760315762,-1680289.3710159268,267.0824463508126,134261.8661953593,0.051054546271531866,4572.965024636474
230.80368393777215,2001.0,12.0,14.0,14.0,25.0,18.0,1.0,3513338.020728214,-16739.58300761868,266103.1726221612,-201.07361311995686,-287.0912110851188,4563.648866728885,3523440.8126167376,4577.088915475782,3512594.018788114,-74212.67215025179,266103.1726221612,3523440.8126167376,-211.00365153605824,-532.7443467759937,4563.648866728885,4599.481498906063,12744211.470534263,0.7238590065438311,1.63362179194455,1.429269171748377e-07,5.619832237851496e-06,0.07573974964359312,0.07559564809638453,-0.021124454597788795,127240.81261673803,0.03180075993494351,0.03164588605145547,2303.07945561409,-16087147403.11364,-1012014355.7597206,-196915616.2818061,-16086394454.229643,-1886973750.8424878,16118947999.971182,16197886659.48044,-0.9969215336923546,0.02106255677249098,-0.07552366756645916,0.02112288352764909,0.9997768870060346,0.0,-0.07550681725487317,0.001595277633587206,0.9971440094777239,4565.697467834323,-537.0824901450711,-0.1170961306348299,3.6385936916309876e-09,155.42973230962576,0.0,-61.3594646192515,1.3297323096257498,0.0,2.98263989313564e-17,2.287102059991872,1.5707963267948966,18.979635187046767,461.0,0.01772689143113952,3.7361105482022894,0.0,0.0386364968238324,-1585.7974434154853,7.555660110330306,-120.10963031149143,0.04480058570043798,0.12530824993728676,-0.9628691428784102,0.04274465024901348,0.12602438199228483,-0.9628691428784102,-1.2660844091684169e-17,2.2071492723727205e-19,-5.603625721032964e-19,-1.2662760528458778e-17,1.356436307575701e-20,-5.603625721032964e-19,-1585.7546987652363,7.681684492322591,-121.07249945436983,-1680292.268337749,267.2709307871928,134305.91565403715,0.051156742530968594,4572.929931604902
231.10368393777213,2001.0,12.0,14.0,14.0,25.0,19.0,1.0,3513277.5438560713,-16825.70961958363,267472.2554394018,-202.10552952277754,-287.0861998390285,4563.569879954567,3523484.583774618,4577.055295758424,3512530.560333116,-74372.49083820044,267472.2554394018,3523484.583774618,-212.05270982678988,-532.7135597355409,4563.569879954567,4599.447807911243,12744189.626883345,0.7238585333631219,1.6336217827051749,1.429269171748377e-07,5.590954600746867e-06,0.07612928846884297,0.07598438516713839,-0.021170315366308184,127284.58377461834,0.03196427369640873,0.03180860229729576,2291.747678101063,-16087145200.88056,-1012014067.9976977,-196917961.76079088,-16086396884.125555,-1886943546.6937368,16118945784.01593,16197885582.559149,-0.9968911391036179,0.021107653253452614,-0.07591128869162402,0.021168734041806105,0.9997759172429926,0.0,-0.07589427828076602,0.0016069458810837522,0.9971145752867004,4565.639588151247,-537.0830752295477,-0.1170977279577798,3.6167081126908327e-09,155.49226253516906,0.0,-61.4845250703381,1.3922625351690499,0.0,2.982754972557507e-17,2.2871208538877035,1.5707963267948966,18.975679536424483,461.0,0.017619889900955272,3.7414125721975267,0.0,0.03840484722033731,-1585.7110484182563,7.594251609272839,-120.72308700385014,0.044754107728159666,0.12457649121980846,-0.9570912597671862,0.0427074851624231,0.12529286904801942,-0.9570912597671862,-1.2585282721110512e-17,2.1973570059720717e-19,-5.598935217986955e-19,-1.2587193541250424e-17,1.3553726549670234e-20,-5.598935217986955e-19,-1585.6683409330938,7.719544478320858,-121.68017826361732,-1680295.1483731903,267.45941522357305,134350.05286064066,0.051258941132991113,4572.894769519129
231.33023801081498,2001.0,12.0,14.0,14.0,25.0,19.0,1.0,3513231.6677539563,-16890.749737193368,268506.1440008653,-202.88477508389968,-287.08239910379245,4563.509968540498,3523517.787396871,4577.029797674965,3512482.429190526,-74493.17662546149,268506.1440008653,3523517.787396871,-212.84489922612693,-532.6902502954325,4563.509968540498,4599.422255768097,12744173.214782245,0.7238581778413243,1.6336217757607323,1.4214801809444226e-07,5.569148270661633e-06,0.076423454016262,0.07627794524373686,-0.02120494906664776,127317.78739687102,0.0320877530046245,0.03193147934038245,2283.192072033882,-16087143546.2216,-1012013851.7476525,-196919749.0648592,-16086398743.09577,-1886920637.0356905,16118944119.044325,16197884781.65949,-0.9968680850013536,0.021141705852007652,-0.0762039984475952,0.02120335996862783,0.9997751834917892,0.0,-0.07618686653075252,0.0016157808101331173,0.9970922477988678,4565.595687629507,-537.083519749181,-0.1170989396812649,3.601843013868929e-09,155.56946849217755,0.0,-61.60420273826632,1.4,0.0,2.982895107800611e-17,2.287143739709673,1.5707963267948966,18.970864937690106,461.0,0.01754718996575469,3.7453960989851995,0.0,0.038246960641278006,-1585.6455148258954,7.623391821453611,-121.18630457704994,0.04473717906436814,0.12408574825269422,-0.953155658979104,0.042696593196151315,0.12480260029146312,-0.953155658979104,-1.2534027374952252e-17,2.1909466570523473e-19,-5.597726840442753e-19,-1.2535934790735649e-17,1.3551052228459844e-20,-5.597726840442753e-19,-1585.6028182326993,7.748194421745074,-122.13946023602904,-1680297.3122776952,267.6478996599533,134394.27781516983,0.05136114208225316,4572.859538381837
231.60575603516259,2001.0,12.0,14.0,14.0,25.0,19.0,1.0,3513175.638797371,-16969.84547390941,269763.46318290895,-203.83239144761723,-287.07775795825415,4563.436804611902,3523558.3393443567,4576.998662071475,3512423.6538718827,-74639.93847810497,269763.46318290895,3523558.3393443567,-213.8082553120226,-532.6618338874848,4563.436804611902,4599.391054151238,12744153.345449733,0.7238577474281542,1.6336217673498652,1.4214801809444226e-07,5.542651108854079e-06,0.07678118849510976,0.07663494338308753,-0.02124706861357302,127358.33934435667,0.03223791569580821,0.03208090960543687,2272.78538864851,-16087141542.979616,-1012013589.8849502,-196921941.330105,-16086401030.878431,-1886892659.8837776,16118942103.313654,16197883821.263416,-0.9968399315691348,0.021183114139098815,-0.07655995366124829,0.021245470027563194,0.9997742895290456,0.0,-0.07654267327805116,0.0016265522008216775,0.9970649795752469,4565.542077535591,-537.0840634139757,-0.11710041961462991,3.584101536843955e-09,155.67084836089168,0.0,-61.75627254133752,1.4,0.0,2.983078792649547e-17,2.2871737377220076,1.5707963267948966,18.964557937850184,461.0,0.017460419128005458,3.7502186801662853,0.0,0.03805838072041665,-1585.5654818250682,7.658826082645515,-121.74957345053991,0.04471876704177145,0.12350152782790995,-0.9484556180940303,0.042685336907787925,0.12421899015300711,-0.9484556180940303,-1.2472867841589035e-17,2.183327454748403e-19,-5.596538557876868e-19,-1.2474771253294334e-17,1.3548412223974293e-20,-5.596538557876868e-19,-1585.5227964881603,7.783045072798522,-122.69802906863394,-1680299.9320190866,267.8363840963336,134438.59051762466,0.0514633453834088,4572.824238195699
231.86495884786618,2001.0,12.0,14.0,14.0,25.0,19.0,1.0,3513122.6893337327,-17044.25626799412,270946.3098797418,-204.7238495204887,-287.0733726420501,4563.36766852429,3523596.6624772274,4576.969243284838,3512368.1167173563,-74778.00245112435,270946.3098797418,3523596.662477228,-214.71451944943792,-532.6350308619438,4563.36766852429,4599.361572989943,12744134.744962234,0.7238573445007268,1.6336217594726907,1.4057727354849297e-07,5.51765672920564e-06,0.07711773161170002,0.07697079374737936,-0.021286694637901945,127396.66247722786,0.032379182703111804,0.032221487561725354,2262.9946886748075,-16087139667.636612,-1012013344.6877414,-196924022.57756487,-16086403210.50596,-1886866223.1079385,16118940216.275963,16197882931.591715,-0.99681332830189,0.02122206643213031,-0.07689481397375825,0.021285087091193085,0.9997734468706,0.0,-0.07687739321301786,0.0016367128122925353,0.9970392106551984,4565.491420115882,-537.0845779750989,-0.11710181825082037,3.566049653917896e-09,155.73808925318266,0.0,-61.876178506365314,1.4380892531826592,0.0,2.9832016499763386e-17,2.2871938018461093,1.5707963267948966,18.960341929992133,461.0,0.017372153687458626,3.7547332299589873,0.0,0.037867086508392454,-1585.4898515302682,7.692158153722456,-122.27942563126842,0.044683243473813965,0.122900423447502,-0.9436852971790534,0.04265741465344053,0.1236181673784233,-0.9436852971790534,-1.2410567149238939e-17,2.175300701461438e-19,-5.593070671142278e-19,-1.2412466030223742e-17,1.3540521708594104e-20,-5.593070671142278e-19,-1585.4471941156148,7.81577632110088,-123.22311092844748,-1680302.38447259,268.0248685327138,134482.99096800512,0.051565551041112205,4572.788868963373
232.12416166056977,2001.0,12.0,14.0,14.0,25.0,20.0,1.0,3513069.5088060363,-17118.665923499677,272129.13862592774,-205.6152650155457,-287.0689689329473,4563.298237282561,3523635.15286628,4576.939701647572,3512312.344661192,-74916.05946848878,272129.13862592774,3523635.1528662806,-215.6207394489964,-532.6081606500968,4563.298237282561,4599.331968716516,12744116.240446242,0.7238569436520608,1.6336217516336395,1.4057727354849297e-07,5.492730527675607e-06,0.07745426732876674,0.07730663671887057,-0.021326321294910095,127435.15286628064,0.03252044622553581,0.032362062036462,2253.2086210399866,-16087137801.942719,-1012013100.7132975,-196926122.13385978,-16086405417.274338,-1886839673.657827,16118938338.945118,16197882056.015257,-0.9967866116343295,0.021261014894674538,-0.07722965824216103,0.021324704753936028,0.9997726026287965,0.0,-0.07721209642089782,0.0016468996602614662,0.9970133298445909,4565.440547752893,-537.0850955620587,-0.11710322303432588,3.547354322092257e-09,155.79307552325807,0.0,-61.986151046516134,1.4930755232580681,0.0,2.9833027605334926e-17,2.28721031445321,1.5707963267948966,18.956873644188896,461.0,0.01728075372078931,3.759224322285046,0.0,0.03766920627618186,-1585.4138950042204,7.725486430319904,-122.80921756077217,0.04463800979376827,0.12227508294895839,-0.9387496998255066,0.042620204444646766,0.12299295102411242,-0.9387496998255066,-1.2346013791416528e-17,2.1668513173391902e-19,-5.588351103347263e-19,-1.2347907755189928e-17,1.3529725868839486e-20,-5.588351103347263e-19,-1585.3712747997758,7.848479381344017,-123.74796726059768,-1680304.8242794555,268.21335296909405,134527.47916631124,0.05166775906001794,4572.7534306875095
232.42416166056975,2001.0,12.0,14.0,14.0,25.0,20.0,1.0,3513007.6694760364,-17204.785846449773,273498.1159917653,-206.64693127572053,-287.0638491495082,4563.21750953031,3523679.9102507196,4576.905357004688,3512247.50111891,-75075.83724107382,273498.1159917653,3523679.9102507196,-216.66953841475618,-532.5769773436673,4563.21750953031,4599.297551252515,12744094.945229696,0.7238564823504315,1.6336217426091102,1.3978528260658483e-07,5.4639126293760024e-06,0.0778437627611333,0.07769533036695701,-0.021372185776829766,127479.91025071964,0.03268393953339444,0.0325247578482525,2241.8894959390163,-16087135654.846706,-1012012819.8899591,-196928575.11703375,-16086408005.45913,-1886808804.8298826,16118936178.4538,16197881060.428267,-0.996755548340656,0.02130608884838577,-0.07761718514673631,0.021370558783948203,0.999771623530725,0.0,-0.07759945920803743,0.0016587226178229196,0.9969832358519862,4565.381400077758,-537.0856984013478,-0.1171048565985703,3.5256150210790325e-09,155.9140292877704,0.0,-62.1140292877704,1.5,0.0,2.983521431143633e-17,2.2872460260739462,1.5707963267948966,18.94937730808671,461.0,0.017174485157384695,3.7643926221460964,0.0,0.03743818089189641,-1585.325576105488,7.764055646898889,-123.42232044232334,0.04458077648327021,0.1215470929880752,-0.9329940147644483,0.04257235640911782,0.12226502327108167,-0.9329940147644483,-1.2271058066175267e-17,2.1569865072346481e-19,-5.582412584243607e-19,-1.2272946235488927e-17,1.3515626779126845e-20,-5.582412584243607e-19,-1585.2830037490787,7.886320670169971,-124.35531445708779,-1680307.6320469175,268.4018374054743,134572.05511254302,0.05176996944478074,4572.717923370749
232.69280785880989,2001.0,12.0,14.0,14.0,25.0,20.0,1.0,3512952.0304754656,-17281.90383999439,274723.99727941246,-207.57072648858357,-287.0592435509818,4563.144883442724,3523720.1800516467,4576.874462238676,3512189.1675224346,-75218.9082618078,274723.99727941246,3523720.180051646,-217.60867396754946,-532.5489767335553,4563.144883442724,4599.266590978977,12744075.986952864,0.7238560716719074,1.6336217345719626,1.3898877878619466e-07,5.438107272481224e-06,0.07819254249280265,0.0780433921214223,-0.02141325756520333,127520.18005164666,0.03283034172276383,0.03267044589383081,2231.760710567236,-16087133743.342983,-1012012569.8343463,-196930792.73771274,-16086410354.217995,-1886781034.1428888,16118934255.021704,16197880185.142176,-0.9967276026642266,0.021346447623064476,-0.07796419217242893,0.021411621174455296,0.9997707449604042,0.0,-0.0779463184884654,0.0016693397479684811,0.996956159888137,4565.328189842585,-537.0862416880763,-0.117106326423784,3.506637120722861e-09,156.0290858618476,0.0,-62.229085861847594,1.5145429309237968,0.0,2.9837291575717243e-17,2.2872799503741184,1.5707963267948966,18.94226182898598,461.0,0.017081710153881914,3.768993649604787,0.0,0.03723663149973716,-1585.2461169248118,7.798589538870285,-123.97127718658517,0.044533724714934754,0.12091224795548923,-0.9279734654923602,0.0425334533706565,0.12163029921446994,-0.9279734654923602,-1.2205723718609744e-17,2.1484340946080876e-19,-5.577628668080158e-19,-1.2207606924285373e-17,1.3504360814824529e-20,-5.577628668080158e-19,-1585.203583471441,7.920219838084755,-124.89925065207753,-1680310.1316975225,268.5903218418546,134616.71880670046,0.0518721822000556,4572.682347015719
232.89874645353032,2001.0,12.0,14.0,14.0,25.0,20.0,1.0,3512909.210735541,-17341.020052496697,275663.7191726606,-208.27885730565873,-287.05569960323993,4563.088995048951,3523751.1716798567,4576.850689482027,3512144.2793709366,-75328.57843519065,275663.7191726606,3523751.171679857,-218.32856322860323,-532.5274631806407,4563.088995048951,4599.242767815145,12744061.518783668,0.7238557582590048,1.6336217284365073,1.3898877878619466e-07,5.4183908780988104e-06,0.07845990434371478,0.07831020358143297,-0.021444742811429246,127551.17167985672,0.0329425680337138,0.03278212475945077,2223.9978682994843,-16087132284.543352,-1012012378.9714046,-196932506.20834267,-16086412173.96287,-1886759663.7176125,16118932787.116936,16197879523.914669,-0.9967060976375959,0.021377383011774834,-0.07823018872278802,0.02144309919191175,0.9997700703146928,0.0,-0.07821220128011346,0.0016774976965847194,0.9969353226626073,4565.287243556898,-537.0866603463526,-0.11710745763237773,3.4933549943471193e-09,156.1176333710192,0.0,-62.317633371019205,1.5588166855096015,0.0,2.983888977606493e-17,2.2873060509665306,1.5707963267948966,18.936791099144475,461.0,0.0170167588327673,3.772504856530535,0.0,0.03709609875161916,-1585.1849680335085,7.825059706518791,-124.39205161616367,0.04451321705557106,0.12047001417484393,-0.9244730739838567,0.04251847325956868,0.12118840802485534,-0.9244730739838567,-1.2160216126243743e-17,2.1426664536599922e-19,-5.575907493382619e-19,-1.2162096207618947e-17,1.3500699818643268e-20,-5.575907493382619e-19,-1585.142449560249,7.946248114543646,-125.31652469014753,-1680312.0393320117,268.7788062782348,134661.47024878356,0.05197439733049768,4572.646701625036
233.1792903794882,2001.0,12.0,14.0,14.0,25.0,21.0,1.0,3512850.644056583,-17421.551106165196,276943.85536118207,-209.2434784943224,-287.0508530863144,4563.012560093377,3523793.560484781,4576.81817960031,3512082.8910613037,-75477.97166172965,276943.85536118207,3523793.560484781,-219.309200992542,-532.4980876811463,4563.012560093377,4599.210188999192,12744041.89817812,0.7238553332326567,1.633621720113555,1.3738191809196613e-07,5.3914822892606435e-06,0.07882411568072559,0.07867366513092924,-0.02148763486537666,127593.56048478046,0.033095446948801344,0.032934257909719857,2213.4246997386217,-16087130306.205698,-1012012120.0954717,-196934859.32797095,-16086414679.640844,-1886730436.9254878,16118930796.42899,16197878636.59325,-0.9966766868653151,0.021419521423765207,-0.07859253120466056,0.02148598136396481,0.9997691496564731,0.0,-0.07857438809183331,0.0016886376608101596,0.996906823147903,4565.231245212399,-537.0872337201495,-0.11710900488726697,3.4749946424543638e-09,156.21937212111496,0.0,-62.43874424222991,1.6,0.0,2.984073184260725e-17,2.2873361341961376,1.5707963267948966,18.930489653267976,461.0,0.01692697824594175,3.777266312627849,0.0,0.03690151431518741,-1585.1013356728893,7.861115295236886,-124.96519764713864,0.04447947395589813,0.1198574970152855,-0.9196239901098027,0.04249244825979123,0.12057626231995898,-0.9196239901098027,-1.2097049662862678e-17,2.1345735752078627e-19,-5.572776986487465e-19,-1.2098925262618568e-17,1.3493658362163764e-20,-5.572776986487465e-19,-1585.0588432246295,7.981691557556846,-125.88482163724844,-1680314.6263244282,268.96729071461505,134706.3094387923,0.052076614840762515,4572.61098720131
233.440378231404,2001.0,12.0,14.0,14.0,25.0,21.0,1.0,3512795.895938989,-17496.496005832185,278135.1931881593,-210.14115618256932,-287.0463233124654,4562.941115380384,3523833.185550658,4576.787794914435,3512025.5129601643,-75616.99686697469,278135.1931881593,3523833.185550658,-220.22178282799922,-532.4706787239866,4562.941115380384,4599.179739884223,12744023.73300702,0.7238549397341378,1.6336217124052201,1.3657139822709094e-07,5.366466548320296e-06,0.07916306055707954,0.07901191221425599,-0.021527552982136957,127633.1855506585,0.03323771977683625,0.033075836696227406,2203.5883630663157,-16087128474.591108,-1012011880.3762138,-196937068.93198216,-16086417039.461924,-1886703118.4440002,16118928953.377377,16197877825.004013,-0.9966491964946267,0.021458733397778092,-0.07892972752758044,0.021525890248485058,0.9997682911800164,0.0,-0.0789114388135534,0.0016990326521015265,0.9968801824253615,4565.178904168184,-537.0877704988249,-0.1171104513075857,3.4574463989940962e-09,156.27597935808356,0.0,-62.55195871616712,1.6,0.0,2.984177137443239e-17,2.2873531110391894,1.5707963267948966,18.92693547732201,461.0,0.01684117365907465,3.781674510295703,0.0,0.03671491709686093,-1585.0231603475845,7.894666304476543,-125.49853050689146,0.0444390615017822,0.11926989336619633,-0.9149693662065423,0.04245953240256342,0.11998885681136683,-0.9149693662065423,-1.2036179752842449e-17,2.1266414481075496e-19,-5.568624712771679e-19,-1.2038050808511842e-17,1.3483801763172465e-20,-5.568624712771679e-19,-1584.980700815182,8.014655161287909,-126.413499873098,-1680317.0214237534,269.1557751509953,134751.23637672668,0.05217883473550583,4572.575203747136
233.7354502659891,2001.0,12.0,14.0,14.0,25.0,21.0,1.0,3512733.739489184,-17581.19459008192,279481.57754442596,-211.15562558748184,-287.041181452257,4562.860010737006,3523878.1725728833,4576.753305089717,3511960.37951447,-75774.10949302375,279481.57754442596,3523878.1725728833,-221.25309443172839,-532.4396200961511,4562.860010737006,4599.145176924366,12744003.313413773,0.7238544973995996,1.6336217037370246,1.3657139822709094e-07,5.3382565085935376e-06,0.07954611451860084,0.0793941775485832,-0.021572667785586766,127678.17257288331,0.03339850701381047,0.0332358395567735,2192.4764220267534,-16087126415.628431,-1012011610.8524241,-196939589.08329824,-16086419738.8477,-1886672106.464559,16118926881.554956,16197876924.259197,-0.996617989477851,0.02150304459523892,-0.079310794487645,0.021570994576515384,0.9997673190262722,0.0,-0.07929234037475649,0.0017108127177521163,0.996849937491967,4565.119487686933,-537.0883808269199,-0.11711209350735838,3.4379260401928676e-09,156.3804930653809,0.0,-62.68049306538089,1.640246532690442,0.0,2.9843664171582713e-17,2.2873840227624984,1.5707963267948966,18.92046751602674,461.0,0.016745728682344967,3.7866297180072657,0.0,0.03650797893700136,-1584.9344115005126,7.9325796851199915,-126.10120848357387,0.04439641001036588,0.11861807398116249,-0.9098120305864301,0.04242517580746063,0.11933730830932593,-0.9098120305864301,-1.1968964516371105e-17,2.1179258889833962e-19,-5.564409021536166e-19,-1.1970830637115069e-17,1.3474137082494058e-20,-5.564409021536166e-19,-1584.8919863247052,8.051916993429318,-127.01102051416031,-1680319.713779468,269.3442595873756,134796.25106258673,0.05228105701938361,4572.539351265097
234.02066636974445,2001.0,12.0,14.0,14.0,25.0,22.0,1.0,3512673.374671558,-17663.062646006703,280782.9674757196,-212.13615582771632,-287.0361886693329,4562.781251624403,3523921.8628869993,4576.719815805894,3511897.132414747,-75925.9655558369,280782.9674757196,3523921.8628869993,-222.24990236219566,-532.409516168299,4562.781251624403,4599.111616625728,12743983.68464185,0.7238540721958956,1.6336216954014988,1.3493575361575816e-07,5.310941923904657e-06,0.07991636440832241,0.07976366515367772,-0.02161627647867467,127721.86288699927,0.033553919251251826,0.03339049362155491,2181.7400290966034,-16087124436.373804,-1012011351.7158355,-196942048.2876057,-16086422380.521957,-1886641991.5333123,16118924889.935484,16197876070.002457,-0.9965876852722265,0.02154587091032546,-0.07967911276150885,0.021614593102165323,0.9997663773927526,0.0,-0.07966049791944235,0.0017222316010815622,0.996820565091601,4565.061791024858,-537.0889744755633,-0.11711368842687568,3.419201619857453e-09,156.50532253428364,0.0,-62.80266126714182,1.7,0.0,2.984591487911565e-17,2.2874207796059327,1.5707963267948966,18.912782469641442,461.0,0.016654178554931287,3.7913928062083784,0.0,0.036309796460398905,-1584.8482257919939,7.969221874833151,-126.68367945770463,0.04435545515726783,0.11799319955744061,-0.9048756991118646,0.04239217886505923,0.1187126982048813,-0.9048756991118646,-1.1904759555435064e-17,2.1096054224685331e-19,-5.560422495077696e-19,-1.1906620977936893e-17,1.3465172136273807e-20,-5.560422495077696e-19,-1584.8058336131287,8.087934573038032,-127.5885551568165,-1680322.3018722665,269.5327440237558,134841.35349637244,0.05238328169705206,4572.503429757773
234.32066636974443,2001.0,12.0,14.0,14.0,25.0,22.0,1.0,3512609.5791287045,-17749.17271188636,282151.7893771194,-213.16745323600054,-287.03091305172495,4562.698024575374,3523968.0362862833,4576.684429980994,3511830.3001799765,-76085.68365013236,282151.7893771194,3523968.0362862833,-223.2983191267047,-532.3777641118546,4562.698024575374,4599.076155763195,12743963.154180687,0.7238536274594194,1.6336216866807423,1.3493575361575816e-07,5.282267230986069e-06,0.08030579583333908,0.08015229477935476,-0.021662146442752286,127768.03628628282,0.03371738242088267,0.03355315932388432,2170.4537215530872,-16087122366.162577,-1012011080.6355861,-196944659.72017595,-16086425193.581625,-1886610168.4187598,16118922806.788986,16197875188.90274,-0.9965556622587594,0.021590911968178604,-0.08006650073774896,0.021660452327227124,0.9997653848803628,0.0,-0.08004771592609944,0.0017342766222379067,0.9967895241522214,4565.000822872499,-537.0896028352292,-0.11711537405088303,3.3994130201645065e-09,156.63724653223662,0.0,-62.86862326611831,1.7,0.0,2.984829264000604e-17,2.2874596113881585,1.5707963267948966,18.90467060804358,461.0,0.016557429482823866,3.7963745561778333,0.0,0.03609923372997435,-1584.7571472199672,8.007758243197824,-127.29626072681992,0.04430686016931506,0.11731834716873961,-0.8996323623138613,0.04235227442353116,0.11803803324192615,-0.8996323623138613,-1.1836532109744802e-17,2.1006881152366982e-19,-5.555543222466304e-19,-1.1838388416218757e-17,1.345352490228278e-20,-5.555543222466304e-19,-1584.7147949455436,8.12579627643975,-128.1958930891338,-1680325.0088631231,269.72122846013605,134886.54367808378,0.052485508773167655,4572.467439227726
234.57145397414388,2001.0,12.0,14.0,14.0,25.0,22.0,1.0,3512556.0112738586,-17821.155951936238,283296.0487278422,-214.02952969597462,-287.0264839428742,4562.628146896923,3524006.8071955238,4576.654722493553,3511774.189835197,-76219.19405851087,283296.0487278422,3524006.8071955238,-224.174705027504,-532.3511516971454,4562.628146896923,4599.046385278528,12743946.082211751,0.7238532576416516,1.6336216794276006,1.34110450744629e-07,5.258336659852927e-06,0.08063133650782255,0.08047716518133625,-0.021700492515047253,127806.80719552375,0.033854027156207854,0.03368913741304275,2161.02471780777,-16087120644.66404,-1012010855.195374,-196946862.33364296,-16086427572.247229,-1886583449.8045774,16118921074.532682,16197874466.016073,-0.9965287758992548,0.021628560394061115,-0.08039032392031471,0.02169878938701936,0.999764553552054,0.0,-0.08037139630409844,0.0017443727075011734,0.9967634603154285,4564.9496350728405,-537.0901312197074,-0.11711678948389706,3.383907391622639e-09,156.72100899440468,0.0,-62.94201798880938,1.7210089944046925,0.0,2.984981064396305e-17,2.287484402274119,1.5707963267948966,18.899495616221852,461.0,0.016481599179755196,3.8005170258446745,0.0,0.03593458568307466,-1584.680674588355,8.039968998420841,-127.80828893983752,0.04427842147189219,0.11679366366749717,-0.8955291215982326,0.042330464856228746,0.11751370229030551,-0.8955291215982326,-1.1783032530227059e-17,2.0938361699919382e-19,-5.552911556484481e-19,-1.1784885076776844e-17,1.3447476313620539e-20,-5.552911556484481e-19,-1584.6383441234989,8.157482700711146,-128.70381806143575,-1680327.2598500755,269.9097128965163,134931.82160772078,0.052587738252387155,4572.4313796775095
234.81585540734002,2001.0,12.0,14.0,14.0,25.0,22.0,1.0,3512503.599489947,-17891.305107000757,284411.1532401025,-214.86961375009304,-287.0221510133344,4562.559782625039,3524044.741389591,4576.625660474415,3511719.2968519414,-76349.29826769858,284411.1532401025,3524044.741389591,-225.0287327054808,-532.3251564605425,4562.559782625039,4599.017261630056,12743929.51461796,0.7238528987497228,1.6336216723869768,1.332800374925012e-07,5.234996583486927e-06,0.0809485805196968,0.08079375597716096,-0.021737862721631626,127844.74138959078,0.033987189033305575,0.03382164962288481,2151.8352816700935,-16087118974.001438,-1012010636.3855104,-196949026.06018418,-16086429913.065872,-1886557309.9743493,16118919393.428305,16197873772.525337,-0.9965024721755407,0.02166524657618074,-0.08070588602344315,0.02173615077976111,0.9997637419657104,0.0,-0.08068681860945566,0.0017542353074197752,0.9967379595265603,4564.899556904859,-537.0906488293391,-0.11711817441067497,3.370156246273344e-09,156.76842673698846,0.0,-63.03685347397694,1.7684267369884688,0.0,2.9850684626534075e-17,2.287498675492677,1.5707963267948966,18.896517471318862,461.0,0.016414318491772755,3.804537000231205,0.0,0.03578902870662206,-1584.6058560950785,8.071355955294681,-128.30722195657384,0.04426765086765504,0.11633395805546233,-0.8918972597758941,0.042325311085222854,0.11705461439742468,-0.8918972597758941,-1.1735537191149372e-17,2.0879644861580592e-19,-5.552372096660693e-19,-1.1737386775066068e-17,1.3446721118802191e-20,-5.552372096660693e-19,-1584.5635307839932,8.188410569692106,-129.19911921634974,-1680329.4443395212,270.0981973328965,134977.18728528343,0.05268997013936762,4572.395251109666
235.0945056499256,2001.0,12.0,14.0,14.0,25.0,23.0,1.0,3512443.5925795618,-17971.28320812183,285682.50072902854,-215.82737314961403,-287.01719089838065,4562.481517939181,3524088.172747123,4576.5923922071615,3511656.456885865,-76497.62666371113,285682.50072902854,3524088.172747123,-226.00238796536263,-532.2954455801519,4562.481517939181,4598.983922812519,12743910.709056232,0.7238524913782115,1.633621664392904,1.332800374925012e-07,5.208398163385488e-06,0.08131027262922813,0.08115470330990279,-0.021780470464204733,127888.17274712306,0.034139007384744374,0.033972727270697355,2141.3573637604713,-16087117077.635307,-1012010387.9781387,-196951513.7993832,-16086432609.258224,-1886527384.7421603,16118917485.207428,16197872995.068714,-0.9964723595858365,0.021707069435802202,-0.08106565066626334,0.0217787484361697,0.9997628149298983,0.0,-0.08104642310422722,0.001765508412674962,0.9967087640239025,4564.842227697465,-537.0912422010483,-0.11711976007999644,3.3534712904775886e-09,156.85192213463733,0.0,-63.15192213463732,1.8,0.0,2.98522016713618e-17,2.2875234507148683,1.5707963267948966,18.891350359166534,461.0,0.016332711847462558,3.8090998955510447,0.0,0.035612045256805204,-1584.5202000125303,8.107136958319712,-128.87600363221674,0.04424004159180939,0.1157761580632207,-0.8874846627022541,0.042304688422140406,0.11649726775092413,-0.8874846627022541,-1.1677970134619201e-17,2.0806339059962793e-19,-5.549899904371362e-19,-1.1679815759417688e-17,1.3441191318659309e-20,-5.549899904371362e-19,-1584.4778953241082,8.223634226070637,-129.763488294919,-1680331.92391897,270.2866817692768,135022.64071077175,0.05279220443876624,4572.3590535267285
235.36877340490216,2001.0,12.0,14.0,14.0,25.0,23.0,1.0,3512384.2688206513,-18050.002096839948,286933.83169018547,-216.7700186971075,-287.0122880250963,4562.404151229262,3524131.1096783685,4576.559508368416,3511594.3403031128,-76643.61412160574,286933.83169018547,3524131.109678368,-226.96067756596656,-532.2661262329601,4562.404151229262,4598.950969237469,12743892.296195114,0.7238520925134185,1.6336216565628765,1.3244441773467654e-07,5.182263103754265e-06,0.08166626741495023,0.08150996503468293,-0.02182240884480197,127931.10967836808,0.03428843386893305,0.03412142470467568,2131.0488885492086,-16087115220.840012,-1012010144.709585,-196953984.15471256,-16086435292.489109,-1886497803.0068688,16118915616.801958,16197872244.59013,-0.9964425928022866,0.021748230056230985,-0.08141973801774152,0.021820676850444372,0.9997619006852524,0.0,-0.08140035203391256,0.001776633792532978,0.9966799016038812,4564.785557589559,-537.0918296359655,-0.1171213277490791,3.335683133247506e-09,156.97459908105168,0.0,-63.27459908105168,1.8,0.0,2.9854410645619766e-17,2.2875595260022,1.5707963267948966,18.88383173190068,461.0,0.016245745466673542,3.8135674064221496,0.0,0.03542288458456319,-1584.435523865116,8.142350705173756,-129.4357681659114,0.044192405327438795,0.1151814640612862,-0.8827727950633213,0.0422647150990103,0.1159026842205369,-0.8827727950633213,-1.1616675439590614e-17,2.0725610647312732e-19,-5.544991537367928e-19,-1.1618516385947007e-17,1.3429517454457348e-20,-5.544991537367928e-19,-1584.393259150017,8.258253389394293,-130.31854096097473,-1680334.3517265487,270.47516620565705,135068.1818841857,0.05289444115524059,4572.322786931219
235.66877340490214,2001.0,12.0,14.0,14.0,25.0,23.0,1.0,3512319.083158917,-18136.10497604648,288302.5401973269,-217.80104698855104,-287.00690157061314,4562.319147707069,3524178.289319402,4576.523381689754,3511526.0948771993,-76803.28913844217,288302.5401973269,3524178.289319402,-228.00881560704755,-532.2339700629519,4562.319147707069,4598.914765944032,12743872.26740366,0.7238516586437966,1.6336216480424195,1.3160349229466696e-07,5.153691060975733e-06,0.08205565217587567,0.08189854796069217,-0.02186828281239573,127978.28931940254,0.03445187507031519,0.03428406845965594,2119.779929637909,-16087113201.057299,-1012009880.0368546,-196956711.0947399,-16086438261.05817,-1886465301.4473276,16118913584.38678,16197871440.60744,-0.9964098880920562,0.02179324734256694,-0.0818070246533993,0.021866539872501853,0.9997608986322701,0.0,-0.08178746448191476,0.001788836566434298,0.9966481880369613,4564.723295129062,-537.092476050511,-0.1171230503822522,3.3161372819618044e-09,157.10939805543583,0.0,-63.40939805543583,1.8546990277179154,0.0,2.98568370147836e-17,2.287599151617774,1.5707963267948966,18.875580291920787,461.0,0.01615018985793741,3.818426845955686,0.0,0.03521586413934621,-1584.3424861721546,8.180863118332065,-130.04796901743043,0.044138214115853946,0.11452910759662137,-0.8776161896089927,0.042218963752562996,0.11525041228505525,-0.8776161896089927,-1.1549587425100136e-17,2.063694275235821e-19,-5.539356065957892e-19,-1.1551423203538193e-17,1.3416534836570716e-20,-5.539356065957892e-19,-1584.3002672084021,8.29611353061712,-130.92558520703943,-1680336.9926088192,270.6636506420373,135113.81080552534,0.0529966802934484,4572.286451325648
235.96877340490212,2001.0,12.0,14.0,14.0,25.0,23.0,1.0,3512253.588198846,-18222.206235190322,289671.2231372483,-218.83201460761043,-287.00149048181976,4562.233749186398,3524225.692847945,4576.487090375258,3511457.535020354,-76962.95449453325,289671.2231372483,3524225.6928479453,-229.0568908252945,-532.2017240220288,4562.233749186398,4598.878397664146,12743852.356367623,0.7238512273249645,1.6336216395687235,1.3075715880680275e-07,5.125133030885052e-06,0.08244502640980791,0.08228712035791254,-0.021914157682830632,128025.69284794526,0.03461531132317908,0.034446707270815474,2108.5192619413137,-16087111193.114777,-1012009616.8642305,-196959464.0788432,-16086441264.838116,-1886432649.0332224,16118911563.88262,16197870654.407488,-0.9963770317396237,0.02183825929500533,-0.0821942884433044,0.021912403751167295,0.9997598944555867,0.0,-0.08217455313893005,0.00180107443440959,0.9966163248448717,4564.660744925265,-537.0931265110956,-0.11712478125187631,3.296498677279817e-09,157.22241835420752,0.0,-63.544836708415055,1.9,0.0,2.9858877931817096e-17,2.287632482322348,1.5707963267948966,18.868645444271966,461.0,0.01605418195720293,3.8232575075805553,0.0,0.035007709604320376,-1584.249012802056,8.219370132092337,-130.66008412214012,0.044080021395275074,0.11387284469332827,-0.8724288016007103,0.04216930455285304,0.11459416563807905,-0.8724288016007103,-1.1481969122816492e-17,2.054695704995091e-19,-5.533151120380781e-19,-1.1483799591836543e-17,1.3402098619853587e-20,-5.533151120380781e-19,-1584.2068434975033,8.333964297730416,-131.53251292374082,-1680339.6179727558,270.8521350784175,135159.5274747906,0.053098921858047786,4572.250046712516
236.2687734049021,2001.0,12.0,14.0,14.0,25.0,24.0,1.0,3512187.783956955,-18308.30586758374,291039.8804027125,-219.86292130082433,-286.9960547649354,4562.1479557477205,3524273.3202498686,4576.450634470635,3511388.6607497274,-77122.61016359273,291039.8804027125,3524273.320249869,-230.1049029626148,-532.1693881257983,4562.1479557477205,4598.841864443561,12743832.563967658,0.7238507985760151,1.6336216311420384,1.2990531157078375e-07,5.0966110326373904e-06,0.08283439005862597,0.08267568218067332,-0.021960033460700235,128073.32024986856,0.03477874260238649,0.03460934111306195,2097.2678359746933,-16087109197.101723,-1012009355.2013634,-196962243.22564596,-16086444303.913412,-1886399845.7909656,16118909555.379183,16197869886.079617,-0.9963440237662305,0.021883265897812032,-0.08258152928447615,0.02195826849093391,0.9997588881549792,0.0,-0.08256161789958573,0.0018133473924204487,0.9965843120484273,4564.5979070449175,-537.093781023097,-0.11712652035807222,3.276767325054453e-09,157.29045749981225,0.0,-63.68091499962447,1.9,0.0,2.986012396215224e-17,2.2876528315419926,1.5707963267948966,18.86441413813104,461.0,0.0159577186080912,3.8280593036771786,0.0,0.03479788633057035,-1584.1551038634154,8.257871721924067,-131.27211308967003,0.04401677963789264,0.1132114888280011,-0.8671947125317462,0.04211471024259399,0.11393274012998092,-0.8671947125317462,-1.14134912627073e-17,2.0455023564404523e-19,-5.526183291560093e-19,-1.1415316221301753e-17,1.3385457891620838e-20,-5.526183291560093e-19,-1584.1129891531727,8.371804462054047,-132.13930780220178,-1680342.2277020998,271.0406195147978,135205.33189198154,0.05320116585369708,4572.213573094314
236.5687734049021,2001.0,12.0,14.0,14.0,25.0,24.0,1.0,3512121.6704522055,-18394.4038655797,292408.5118710945,-220.8937667767219,-286.99059442527505,4562.061767457503,3524321.171512073,4576.4140140056015,3511319.4720849325,-77282.25611841773,292408.5118710945,3524321.171512073,-231.15285172283288,-532.1369623897978,4562.061767457503,4598.805166312062,12743812.890554588,0.7238503724045618,1.633621622762609,1.2990531157078375e-07,5.068125674564284e-06,0.08322374307387932,0.08306423337890145,-0.022005910150321693,128121.17151207244,0.0349421688865506,0.03477196996500218,2086.0265618413687,-16087107213.05377,-1012009095.0544486,-196965048.6566869,-16086447378.314768,-1886366891.7447708,16118907558.912418,16197869135.65958,-0.9963108641935825,0.021928267134990027,-0.08296874706956395,0.022004134096018542,0.9997578797302297,0.0,-0.08294865865414096,0.0018256554362973305,0.9965521496689005,4564.534781538326,-537.0944395908955,-0.11712826770116627,3.2569432307128513e-09,157.41763289163552,0.0,-63.81763289163551,1.9588164458177542,0.0,2.9862414204528086e-17,2.2876902340384095,1.5707963267948966,18.856641982371755,461.0,0.015860814746366747,3.832832094874268,0.0,0.03458795519638361,-1584.0607594649164,8.2963678628659,-131.88405552273858,0.04395166956162345,0.11254902841468453,-0.8619645313597288,0.04205829454604914,0.11327017663189802,-0.8619645313597288,-1.1345370004280947e-17,2.0363421517644435e-19,-5.519126403750783e-19,-1.1347189462406532e-17,1.3369064235020737e-20,-5.519126403750783e-19,-1584.0187011703704,8.409638039497798,-132.7460200540983,-1680344.8217504472,271.22910395117805,135251.22405709812,0.053303412285054814,4572.17703047352
236.86877340490207,2001.0,12.0,14.0,14.0,25.0,24.0,1.0,3512055.247703036,-18480.500221778806,293777.1174237353,-221.92455075297875,-286.98510946720336,4561.97518437407,3524369.2466211137,4576.377229001958,3511249.969045057,-77441.89233204577,293777.1174237353,3524369.246621114,-232.2007368189203,-532.1044468284483,4561.97518437407,4598.768303291511,12743793.336194003,0.7238499488120417,1.633621614430585,1.2904784139758934e-07,5.0397216370558e-06,0.08361308540530471,0.0834527739036638,-0.02205178775608371,128169.24662111467,0.035105590153339895,0.03493459380435186,2074.796235740185,-16087105240.977743,-1012008836.4263303,-196967880.49214858,-16086450488.0441,-1886333786.915279,16118905574.489319,16197868403.1541,-0.9962775530433893,0.02197326299061624,-0.08335594169237107,0.022050000570709532,0.9997568691811183,0.0,-0.08333567529400875,0.0018379985618888124,0.9965198377275678,4564.471368448165,-537.0951022179366,-0.11713002328147978,3.2373013515541346e-09,157.5549903460419,0.0,-63.95499034604189,2.0,0.0,2.986488355145233e-17,2.2877305615340755,1.5707963267948966,18.848269434357647,461.0,0.015764802366899328,3.837575792581456,0.0,0.034379690138407935,-1583.96597971584,8.334858530079655,-132.49591102603543,0.04388620521823318,0.11189241950282017,-0.8567768366249654,0.04200145458879578,0.11261345551521494,-0.8567768366249654,-1.1277853347735675e-17,2.0272523704385602e-19,-5.512039413122774e-19,-1.1279667342905797e-17,1.335245863964557e-20,-5.512039413122774e-19,-1583.923978261251,8.44747198559487,-133.3526878626604,-1680347.4001090005,271.4175883875583,135297.20397014034,0.05340566115677992,4572.140418852602
237.16877340490205,2001.0,12.0,14.0,14.0,25.0,25.0,1.0,3511988.515727933,-18566.594928797007,295145.69694223296,-222.95527294457239,-286.97959988389937,4561.888206480513,3524417.5455634734,4576.34027940551,3511180.151649237,-77601.51877753211,295145.69694223296,3524417.5455634734,-233.2485579609651,-532.0718414450599,4561.888206480513,4598.731275327533,12743773.898310445,0.7238495277426756,1.6336216061447126,1.2904784139758934e-07,5.0113338405736375e-06,0.08400241700618317,0.08384130370610492,-0.02209766628237958,128217.54556347337,0.03526900638032493,0.03509721260867435,2063.5757566690445,-16087103280.614431,-1012008579.2804531,-196970738.8495603,-16086453632.837273,-1886300531.2837944,16118903601.848888,16197867688.301073,-0.9962440903374519,0.022018253448776715,-0.08374311304679592,0.02209586791929979,0.9997558565074239,0.0,-0.08372266771069749,0.0018503767650329937,0.9964873762457965,4564.407667741836,-537.0957688964608,-0.11713178709882985,3.217981774610648e-09,157.69298732420964,0.0,-64.09298732420966,2.0,0.0,2.9867363438296145e-17,2.2877710611596904,1.5707963267948966,18.83986888385123,461.0,0.015670362250497658,3.842291125609651,0.0,0.034174237620131734,-1583.8707647259603,8.373343698743735,-133.1076792045197,0.04382168690883958,0.11124582279527778,-0.8516590900520867,0.04194542017280643,0.1119667587253531,-0.8516590900520867,-1.1211253027830632e-17,2.0182872979705777e-19,-5.505059740543604e-19,-1.1213061644658833e-17,1.3335789964975773e-20,-5.505059740543604e-19,-1583.8288193057874,8.485310457469089,-133.9593382945718,-1680349.9631172102,271.6060728239385,135343.27163110822,0.05350791247353148,4572.103738234019
237.38781362239627,2001.0,12.0,14.0,14.0,25.0,25.0,1.0,3511939.5971391024,-18629.454560737468,296144.92694856157,-223.70779913074887,-286.9755615880804,4561.824451530562,3524452.9516349286,4576.313197206113,3511128.9770498406,-77718.0612967969,296144.92694856157,3524452.951634929,-234.01356730014058,-532.0479784093718,4561.824451530562,4598.704135687808,12743759.776395006,0.7238492218294371,1.6336216001231967,1.2818463544611084e-07,4.990621128204645e-06,0.08428667446618293,0.08412497574707165,-0.02213116434092097,128252.95163492905,0.03538831893722579,0.03521594294316407,2055.3886747658253,-16087101856.35895,-1012008392.4311997,-196972842.6501059,-16086455950.776525,-1886276154.9416478,16118902168.672125,16197867177.184673,-0.996219562363882,0.02205109909631364,-0.08402578528142512,0.022129357787104804,0.999755115777824,0.0,-0.08400520869235376,0.0018594366658351014,0.9964635805727372,4564.36097595526,-537.0962582118403,-0.11713308012492307,3.205466927774835e-09,157.7411895436613,0.0,-64.1411895436613,2.0,0.0,2.9868246627738896e-17,2.2877854847378742,1.5707963267948966,18.836878972820866,461.0,0.015609150261578896,3.8457168364585974,0.0,0.034041025409757494,-1583.800970177772,8.401439543896021,-133.55429660477142,0.04379424555785176,0.11081789199357432,-0.8483366158876289,0.041923444580036606,0.11153907801495189,-0.8483366158876289,-1.116778471897707e-17,2.0126481643331137e-19,-5.502308339503799e-19,-1.1169590206754026e-17,1.3329251151597444e-20,-5.502308339503799e-19,-1583.7590467331918,8.512978621910973,-134.40263322065906,-1680351.8251862135,271.7945572603188,135389.42704000176,0.053610166239968976,4572.0669886202195
237.66082702822766,2001.0,12.0,14.0,14.0,25.0,25.0,1.0,3511878.3938786327,-18707.80204723013,297390.3553013136,-224.64570704177342,-286.97050982120504,4561.744692010065,3524497.2490662048,4576.2793186475565,3511064.95805276,-77863.31346002118,297390.3553013136,3524497.2490662048,-234.967032682887,-532.0181682908517,4561.744692010065,4598.670185273277,12743742.251729218,0.7238488422047966,1.6336215926496225,1.2731557704981472e-07,4.964793207453696e-06,0.08464096708036245,0.0844785386862444,-0.022172917270745728,128297.24906620476,0.03553702723068397,0.035363925553731315,2045.1886002272367,-16087100088.89475,-1012008160.5395235,-196975484.783797,-16086458865.033377,-1886245659.4519842,16118900390.135807,16197866552.290712,-0.9961888774301062,0.022092034113702492,-0.08437809261451559,0.022171100472994556,0.9997541909408614,0.0,-0.0843573517149581,0.0018707551690760652,0.9964338098874086,4564.30256407233,-537.0968710949131,-0.117134697910878,3.1901003735181023e-09,157.7921401891564,0.0,-64.19214018915642,1.9960700945782066,0.0,2.986918642654996e-17,2.2878008328172017,1.5707963267948966,18.83369849645518,461.0,0.015533985541439081,3.849967957094162,0.0,0.033877379729415374,-1583.7136530376024,8.436454283885741,-134.11089825699432,0.043761456756633406,0.11029053609364071,-0.8442542791912675,0.041897385333961486,0.11101205588341706,-0.8442542791912675,-1.1114327321532402e-17,2.0057254687046052e-19,-5.499029287539102e-19,-1.1116128988830585e-17,1.332142635308164e-20,-5.499029287539102e-19,-1583.6717556522685,8.547466339769159,-134.95515253618558,-1680354.1359363478,271.98304169669905,135435.67019682095,0.05371242246075201,4572.03017001364
237.78381183675776,2001.0,12.0,14.0,14.0,25.0,25.0,1.0,3511850.7398902993,-18743.094919892344,297951.3783797447,-225.0681910759128,-286.9682274740519,4561.708655737698,3524517.2643574337,4576.264012712337,3511036.034267254,-77928.74278525826,297951.3783797447,3524517.2643574337,-235.39652432721988,-532.0047153744633,4561.708655737698,4598.654846874055,12743734.385962121,0.7238486718141639,1.6336215892946786,1.2731557704981472e-07,4.9531737747450165e-06,0.08480056294087296,0.08463780584342596,-0.022191726035245704,128317.26435743365,0.035604014728557114,0.0354305861533218,2040.595699712634,-16087099295.576921,-1012008056.4485412,-196976682.2439242,-16086460187.01299,-1886231881.2766747,16118899591.847837,16197866275.273617,-0.9961750137454249,0.022110472708796822,-0.08453679072389653,0.02218990461020699,0.9997537737530126,0.0,-0.08451597554718422,0.001875863322216295,0.9964203585907426,4564.276173297766,-537.0971482704123,-0.11713542890663148,3.182094257026541e-09,157.84932673552473,0.0,-64.24932673552472,2.0246633677623542,0.0,2.987021354221272e-17,2.2878176068889338,1.5707963267948966,18.83022379151408,461.0,0.015494853284467721,3.8518760284767852,0.0,0.033792658832646254,-1583.6742014512904,8.452225928290295,-134.36160764668293,0.043732359055802805,0.11002308898425896,-0.8421439944566267,0.04187183154347002,0.11074452158648342,-0.8421439944566267,-1.1086858452821696e-17,2.0019901174056197e-19,-5.495829264625902e-19,-1.1088657841898224e-17,1.3313996951267206e-20,-5.495829264625902e-19,-1583.632329619747,8.562970449876778,-135.20375164113955,-1680355.1730949935,272.1715261330793,135482.00110156578,0.0538146811405406,4571.993282416706
237.98955202865375,2001.0,12.0,14.0,14.0,25.0,25.0,1.0,3511804.3616138594,-18802.135424581003,298889.89898074954,-225.7749373270389,-286.96440010964346,4561.648222714537,3524550.831845013,4576.2383457431515,3510987.5298316726,-78038.19521964628,298889.89898074954,3524550.8318450125,-236.11499272647433,-531.9821763791912,4561.648222714537,4598.629125464464,12743721.271585003,0.7238483877265628,1.6336215836998556,1.264405455326822e-07,4.933769745758894e-06,0.08506754534032981,0.08490423836905207,-0.02222319140120153,128350.83184501296,0.03571607559605576,0.03554210015739892,2032.917064756155,-16087097972.887085,-1012007882.88005,-196978695.57001382,-16086462411.753408,-1886208775.2567275,16118898260.870167,16197865818.530516,-0.9961517643919919,0.02214131642379953,-0.08480226651300365,0.022221362217573884,0.9997530750446308,0.0,-0.08478132671712973,0.0018844218810566903,0.9963977998742558,4564.231916400729,-537.0976134824064,-0.11713665487821454,3.1686672619948236e-09,157.9452338428941,0.0,-64.34523384289412,2.0726169214470596,0.0,2.987193574115745e-17,2.287845732532114,1.5707963267948966,18.824400612733317,461.0,0.01542922657171922,3.8550571889115153,0.0,0.0336505707468524,-1583.6080398402078,8.478608076802882,-134.78098388015698,0.0436823191679785,0.10957445426239291,-0.8386047550496147,0.041827751522163295,0.11029571722145219,-0.8386047550496147,-1.1040785722144752e-17,1.9957060504886706e-19,-5.4903013949366645e-19,-1.104258125929945e-17,1.3301145949184052e-20,-5.4903013949366645e-19,-1583.5662120886857,8.588903794024334,-135.61958863520658,-1680356.9023239166,272.3600105694595,135528.41975423627,0.053916942283995,4571.956325831833
238.28955202865373,2001.0,12.0,14.0,14.0,25.0,26.0,1.0,3511736.4745579995,-18888.223904893315,300258.38018797315,-226.80542617072044,-286.958798499418,4561.559769750932,3524599.9668921907,4576.200780821017,3510916.5381955192,-78197.78493358027,300258.38018797315,3524599.9668921907,-237.16257237322978,-531.9492354884712,4561.559769750932,4598.591480864726,12743702.248126892,0.7238479756347017,1.6336215755813208,1.264405455326822e-07,4.905493044964349e-06,0.0854568364392933,0.08529272768092731,-0.02226907340536854,128399.96689219074,0.03587947279676709,0.035704699953492035,2021.7315130233765,-16087096054.190601,-1012007631.0581027,-196981654.04665628,-16086465685.40789,-1886174956.185673,16118896330.148623,16197865167.520643,-0.996117735679168,0.02218628657666675,-0.08518934999954772,0.022267232868923226,0.9997520544316781,0.0,-0.08516822767774711,0.0018969310943921338,0.9963647799107788,4564.167140952837,-537.0982952597873,-0.11713844947224317,3.149013243123702e-09,158.08561969197356,0.0,-64.48561969197355,2.1,0.0,2.987445581049432e-17,2.287886888387641,1.5707963267948966,18.815886346942886,461.0,0.015333168037027308,3.859671557532129,0.0,0.03344196349939114,-1583.5111998011134,8.51707248378147,-135.39242232623386,0.04360521959377793,0.10891654005163254,-0.833408446110333,0.04175942951847201,0.10963748409614404,-0.833408446110333,-1.0973132821940174e-17,1.98642295903666e-19,-5.481711121201814e-19,-1.0974922610673009e-17,1.3280790675148446e-20,-5.481711121201814e-19,-1583.469440371595,8.626709967877614,-136.22583077234418,-1680359.4107157905,272.54849500583975,135574.9261548324,0.05401920589577567,4571.919300261431
238.5895520286537,2001.0,12.0,14.0,14.0,25.0,26.0,1.0,3511668.2783647175,-18974.310701122486,301626.8348015777,-227.835851902804,-286.95317228965797,4561.470922310778,3524649.325707739,4576.163051464197,3510845.2322950303,-78357.36475187054,301626.8348015777,3524649.325707739,-238.21008671683796,-531.9162048493937,4561.470922310778,4598.553671479955,12743683.343299692,0.7238475661127152,1.6336215675099544,1.2467205919833125e-07,4.8772345115916695e-06,0.08584611656560652,0.08568120603952596,-0.02231495635089772,128449.32570773875,0.0360428648512107,0.03586729460819898,2010.5599408596754,-16087094147.425575,-1012007380.7485762,-196984639.61616674,-16086468994.321419,-1886140986.4284065,16118894411.429955,16197864534.382122,-0.9960835555151469,0.022231251256786124,-0.08557640971588341,0.022313104414524318,0.9997510316930843,0.0,-0.08555510390204453,0.0019094753654106198,0.996331610509342,4564.1020781473835,-537.098981109957,-0.1171402523045275,3.129402941300766e-09,158.21332243962678,0.0,-64.62664487925358,2.113322439626792,0.0,2.9876751676790313e-17,2.287924382729644,1.5707963267948966,18.80813650045883,461.0,0.015237323465899235,3.8642570448523488,0.0,0.03323361706396808,-1583.4139250478042,8.555531274819506,-136.00377157927807,0.04352589257589695,0.10825946974036357,-0.8282171842898048,0.04168889413166994,0.10898005422586113,-0.8282171842898048,-1.090547317296693e-17,1.9771010047373201e-19,-5.472797133096916e-19,-1.0907257152680298e-17,1.3259541289174503e-20,-5.472797133096916e-19,-1583.3722361536725,8.664511329045368,-136.83198876356786,-1680361.9034726676,272.73697944222005,135621.52030335425,0.05412147198054357,4571.882205707889
238.8895520286537,2001.0,12.0,14.0,14.0,25.0,26.0,1.0,3511599.773053207,-19060.395805803124,302995.26270185644,-228.86621423445428,-286.94752147426755,4561.381680371862,3524698.9082778934,4576.125157612089,3510773.612150058,-78516.93464751221,302995.26270185644,3524698.9082778934,-239.25753546358644,-531.883084466247,4561.381680371862,4598.515697249436,12743664.554290371,0.7238471590996786,1.633621559484733,1.237783411580038e-07,4.849086046172742e-06,0.08623538567407053,0.08606967339564285,-0.022360840242159834,128498.90827789297,0.03620625173737826,0.03602988409951018,1999.4015152454376,-16087092252.308434,-1012007131.9171026,-196987652.39559272,-16086472338.205412,-1886106865.9689999,16118892504.428991,16197863918.828917,-0.9960492239223238,0.0222762104482491,-0.0859634455556644,0.02235897685864737,0.9997500068286244,0.0,-0.08594195528128756,0.0019220546898686935,0.9962982916919,4564.036727945777,-537.0996710258477,-0.11714206337520393,3.1102782356698474e-09,158.28415468270427,0.0,-64.76830936540853,2.1841546827042686,0.0,2.9878045381373706e-17,2.2879455105288473,1.5707963267948966,18.803772423745915,461.0,0.015143838431363745,3.8688142736534017,0.0,0.03303124431747646,-1583.3162156928274,8.59398442511358,-136.61503124453262,0.04345205814878121,0.1076195743836507,-0.8231689927672833,0.04162358771667727,0.10833988689986372,-0.8231689927672833,-1.0839400868299608e-17,1.9680366340602657e-19,-5.46442291056474e-19,-1.0841179251667159e-17,1.324004704667255e-20,-5.46442291056474e-19,-1583.2745921051107,8.702324312013443,-137.4382002372999,-1680364.3809653316,272.9254638786003,135668.2021998017,0.0542237405429596,4571.845042173597
239.18955202865368,2001.0,12.0,14.0,14.0,25.0,27.0,1.0,3511530.9586425447,-19146.479211547587,304363.6637703689,-229.89651288379997,-286.94184605583683,4561.29204398451,3524748.714588736,4576.087099277117,3510701.67778034,-78676.494593578,304363.6637703689,3524748.714588736,-240.30491832687844,-531.8498743519032,4561.29204398451,4598.477558185602,12743645.880814858,0.7238467545894516,1.6336215515055295,1.237783411580038e-07,4.82091140272699e-06,0.08662464371489705,0.08645812970043994,-0.022406725083548285,128548.71458873618,0.036369633432903906,0.03619246840511893,1988.2566408514977,-16087090368.810884,-1012006884.5598512,-196990692.50472203,-16086475717.026545,-1886072594.8220444,16118890609.117254,16197863320.83207,-0.9960147409231594,0.022321164135173783,-0.08635045741292843,0.022404850205585206,0.9997489798380718,0.0,-0.08632878170712606,0.001934669063520426,0.996264823480473,4563.971090382158,-537.100365009101,-0.11714388268444445,3.091067230058905e-09,158.41061311067477,0.0,-64.91061311067477,2.2,0.0,2.988031849708182e-17,2.287982633325554,1.5707963267948966,18.7961095528258,461.0,0.015049943564961994,3.873343328142737,0.0,0.03282716888387544,-1583.2180718492493,8.63243190990583,-137.2262009279779,0.043373598949570054,0.10697602478884687,-0.8180839398005344,0.04155374639124204,0.10769598472698258,-0.8180839398005344,-1.0773118206250119e-17,1.9588932050045002e-19,-5.455594786731762e-19,-1.0774890893605884e-17,1.3219024658472385e-20,-5.455594786731762e-19,-1583.1765181028582,8.740127894632812,-138.04428486777846,-1680366.843231108,273.1139483149805,135714.97184417478,0.0543260115876853,4571.807809660925
239.48955202865366,2001.0,12.0,14.0,14.0,25.0,27.0,1.0,3511461.835151874,-19232.5609109767,305732.0378888078,-230.92674757032287,-286.93614603891035,4561.202013216987,3524798.744626281,4576.048876489604,3510629.4292056803,-78836.04456315166,305732.0378888078,3524798.744626281,-241.3522350215049,-531.8165745211932,4561.202013216987,4598.439254318799,12743627.323206898,0.7238463525892757,1.6336215435723969,1.2287812309317777e-07,4.792849106529243e-06,0.0870138906372676,0.08684657490512161,-0.02245261087945905,128598.74462628132,0.036533009915379173,0.036355047502611246,1977.125971376896,-16087088496.967052,-1012006638.6798182,-196993760.06410205,-16086479130.813896,-1886038173.009028,16118888725.52899,16197862740.42543,-0.9959801065402095,0.022366112301685552,-0.08673744518177398,0.022450724459633174,0.9997479507211994,0.0,-0.0867155830712709,0.0019473184821085447,0.9962312058971746,4563.905165508568,-537.1010630633153,-0.11714571023239168,3.071769929862919e-09,158.5535560750895,0.0,-65.05355607508949,2.2267780375447432,0.0,2.988288114362051e-17,2.288024484519555,1.5707963267948966,18.78747838989309,461.0,0.014955633591249068,3.877844177144825,0.0,0.0326223299318422,-1583.1194936306304,8.670873704452152,-137.83728023581273,0.04329192322645192,0.10632978727890603,-0.8129815028720863,0.041480762035717364,0.10704933750546336,-0.8129815028720863,-1.0706679553485643e-17,1.9496869164639813e-19,-5.446394145090183e-19,-1.0708446464640668e-17,1.3197184344942307e-20,-5.446394145090183e-19,-1583.0780128685947,8.777923041957616,-138.6502617386848,-1680369.2902258579,273.30243275136075,135761.82923647354,0.05442828511938224,4571.770508172239
239.78955202865365,2001.0,12.0,14.0,14.0,25.0,27.0,1.0,3511392.402600428,-19318.64089671161,307100.38493886724,-231.95691801292318,-286.9304214288312,4561.111588133262,3524848.998376484,4576.010489275446,3510556.8664459735,-78995.58452932064,307100.38493886724,3524848.998376484,-242.39948526168996,-531.7831849897876,4561.111588133262,4598.400785675009,12743608.881643478,0.7238459531029969,1.6336215356856199,1.2197126108217918e-07,4.764831241966242e-06,0.08740312639080353,0.08723500896089692,-0.02249849763428841,128648.99837648403,0.036696381162490084,0.03651762136969933,1966.010488986969,-16087086636.79491,-1012006394.2827367,-196996855.19366434,-16086482579.58037,-1886003600.554262,16118886853.682495,16197862177.6271,-0.9959453207961269,0.022411054931914913,-0.08712440875632264,0.02249659962508692,0.9997469194777789,0.0,-0.0871023592654564,0.0019600029413634075,0.9961974389642152,4563.838953372638,-537.1017651928814,-0.11714754601947464,3.052386340499019e-09,158.69713821852577,0.0,-65.1971382185258,2.298569109262892,0.0,2.988545422366195e-17,2.288066506105587,1.5707963267948966,18.778820330202294,461.0,0.014860906454590568,3.8823166683249264,0.0,0.032417199634828406,-1583.020481151015,8.709309784018489,-138.44826877439354,0.04320776901527107,0.10568140172068931,-0.8078718999702048,0.041405363578775944,0.1064004973664884,-0.8078718999702048,-1.0640138514167882e-17,1.9404307367908914e-19,-5.436875613649361e-19,-1.0641899583089525e-17,1.3174921652473366e-20,-5.436875613649361e-19,-1582.9790757874362,8.815710281384977,-139.25614067436373,-1680371.7219260987,273.49091718774105,135808.77437669795,0.05453056114271244,4571.733137709894
240.00297146974862,2001.0,12.0,14.0,14.0,25.0,28.0,1.0,3511342.820284809,-19379.876990936635,308073.8079382626,-232.68974007931533,-286.9263339731693,4561.047019801413,3524884.88497645,4575.983080509019,3510505.0541870324,-79109.07485972276,308073.8079382626,3524884.8849764504,-243.14445651587252,-531.7593771326677,4561.047019801413,4598.373318766352,12743595.829806717,0.7238456703705485,1.633621530102302,1.2197126108217918e-07,4.744914405594245e-06,0.08768002115895324,0.08751133341086054,-0.022531141972339828,128684.88497645082,0.03681259996401143,0.03663327291960061,1958.1112504303455,-16087085320.255514,-1012006221.2871194,-196999073.90804577,-16086485053.995483,-1885978914.0478191,16118885528.879103,16197861787.648815,-0.9959204821551176,0.022443023656431065,-0.08739967913599563,0.022529235689499636,0.9997461845584843,0.0,-0.0873774957478474,0.0019690479704414896,0.9961733263277657,4563.791675245938,-537.1022671590221,-0.11714885701079517,3.040226320447844e-09,158.74360622056355,0.0,-65.24360622056354,2.3,0.0,2.988630497784817e-17,2.288080399975833,1.5707963267948966,18.775959474788692,461.0,0.014801445098851326,3.8854819472667548,0.0,0.032287777542569694,-1582.9497795672523,8.736649646859412,-138.88286941084314,0.04316776675049876,0.10526455569169381,-0.8046437828254118,0.04137084853862421,0.10598365752506086,-0.8046437828254118,-1.0597867718228947e-17,1.9347436230980995e-19,-5.432469600299096e-19,-1.0599625427392994e-17,1.3164380514266861e-20,-5.432469600299096e-19,-1582.9084087187136,8.842633304384472,-139.68751319366856,-1680373.442942502,273.6794016241213,135855.80726484803,0.0546328396623381,4571.69569827623
240.27411128344693,2001.0,12.0,14.0,14.0,25.0,28.0,1.0,3511279.602618848,-19457.67343785489,309310.4782274336,-233.6207103350753,-286.9211230699359,4560.964700635569,3524930.6405607574,4575.948138648961,3510438.999738859,-79253.25189055072,309310.4782274336,3524930.6405607574,-244.09086014897093,-531.7290648362272,4560.964700635569,4598.338302783254,12743579.323557144,0.7238453128077607,1.6336215230401767,1.2105760581248946e-07,4.719623780801358e-06,0.08803179531968831,0.08786238301267346,-0.022572615843206863,128730.6405607569,0.03696024688012821,0.03678019917161691,1948.0837637037039,-16087083655.243828,-1012006002.4859776,-197001912.95146152,-16086488222.226995,-1885947440.9193318,16118883853.415054,16197861304.118656,-0.9958888153272731,0.022483634423496872,-0.08774937999297128,0.022570699014269873,0.9997452493240502,0.0,-0.08772702577910389,0.0019805648445101495,0.9961425833237173,4563.731400627514,-537.1029078340946,-0.11715052858095727,3.024762077433144e-09,158.8018301735912,0.0,-65.3018301735912,2.3,0.0,2.9887371551629086e-17,2.288097818447537,1.5707963267948966,18.772374149938564,461.0,0.014725828463353881,3.8894849342213615,0.0,0.03212316312069187,-1582.859639559296,8.771379511200012,-139.43494323659957,0.043115139086350465,0.10473417739246038,-0.8005378174173402,0.04132522413631996,0.10545325496443256,-0.8005378174173402,-1.0544094547472868e-17,1.927482171669187e-19,-5.426636537754049e-19,-1.0545847939742023e-17,1.3150403302138903e-20,-5.426636537754049e-19,-1582.8183143351598,8.876832766164444,-140.2354810540169,-1680375.6194631401,273.8678860605015,135902.92790092377,0.05473512068292176,4571.658189873583
240.452192746081,2001.0,12.0,14.0,14.0,25.0,28.0,1.0,3511237.9446598636,-19508.768465311518,310122.69666122884,-234.2321318412176,-286.9176896715638,4560.910459080827,3524960.791704028,4575.925116081581,3510395.476337804,-79347.94120416381,310122.69666122884,3524960.7917040284,-244.71241712917833,-531.7091162119888,4560.910459080827,4598.315231376925,12743568.530262766,0.7238450790005941,1.63362151842128,1.2105760581248946e-07,4.703057651681812e-06,0.08826283146843304,0.08809294327985855,-0.02259985582815139,128760.79170402838,0.03705721729951337,0.03687669626947107,1941.503529444337,-16087082566.491947,-1012005859.3961649,-197003789.98558062,-16086490318.245703,-1885926702.764432,16118882757.827389,16197860993.985636,-0.9958679496803188,0.022510304622652445,-0.08797904855880966,0.022597932051432536,0.999744634127635,0.0,-0.0879565817123246,0.0019881445612816642,0.9961223253269081,4563.691685233072,-537.1033304241099,-0.11715163011080015,3.013563081360888e-09,158.88797629722396,0.0,-65.38797629722394,2.3,0.0,2.988891441057763e-17,2.2881230152463137,1.5707963267948966,18.767190281070803,461.0,0.01467109763993675,3.8921024483412006,0.0,0.03200406557849587,-1582.800243783036,8.794187112771446,-139.79749809453477,0.04306525233970518,0.1043588443564716,-0.7975711322461878,0.04128041031165815,0.10507764785624911,-0.7975711322461878,-1.0505465430923024e-17,1.9220934323492878e-19,-5.420980741574509e-19,-1.050721541490659e-17,1.3136844935620503e-20,-5.420980741574509e-19,-1582.7589633727243,8.899264760627695,-140.59506922678096,-1680377.0426742826,274.05637049688175,135950.13628492513,0.05483740420912629,4571.6206125042745
240.7289693967066,2001.0,12.0,14.0,14.0,25.0,28.0,1.0,3511172.983172239,-19588.179842137855,311385.0384856361,-235.182365955533,-286.9123362382273,4560.825880414053,3525007.809458139,4575.889219091383,3510327.611972102,-79495.10157492895,311385.0384856361,3525007.8094581394,-245.67840237917574,-531.6780490750548,4560.825880414053,4598.279258235461,12743551.834691584,0.723844717336865,1.633621511274189,1.20137002293744e-07,4.677279626051728e-06,0.08862190308911144,0.0884512752988136,-0.02264219326718843,128807.80945813889,0.03720792633964837,0.037026669670300966,1931.2873169779778,-16087080882.336771,-1012005638.0185294,-197006726.8558761,-16086493600.194353,-1885894365.899522,16118881063.095858,16197860524.12021,-0.9958354141949279,0.02255175190296922,-0.08833598542679595,0.022640258658666947,0.9997436764930642,0.0,-0.08831334283722272,0.001999949558930894,0.99609073566552,4563.62975816125,-537.1039900696677,-0.11715334788639818,2.99609934411985e-09,159.0223127375396,0.0,-65.52231273753962,2.311156368769809,0.0,2.98913196123425e-17,2.2881622951720284,1.5707963267948966,18.75911492026434,461.0,0.014585753434173291,3.8961512557777347,0.0,0.031818499782737666,-1582.7076265933756,8.82963094550372,-140.36092143003157,0.04298553991214274,0.10377361685212157,-0.7929487486273574,0.041208633514315904,0.10449195528839599,-0.7929487486273574,-1.0445270886272576e-17,1.9136661749988666e-19,-5.411910962406518e-19,-1.0447015509796495e-17,1.3115181216609252e-20,-5.411910962406518e-19,-1582.6664179598613,8.934122900792115,-141.15387017865893,-1680379.2441684082,274.244854933262,135997.43241685213,0.054939690245614806,4571.582966170616
241.02896939670657,2001.0,12.0,14.0,14.0,25.0,29.0,1.0,3511102.273976112,-19674.252669460366,312753.2724478651,-236.2122679583896,-286.90650998357177,4560.733826177528,3525058.987302932,4575.8501520750115,3510253.7514044032,-79654.59992766999,312753.2724478651,3525058.9873029315,-246.72537499588515,-531.6442890252595,4560.733826177528,4598.240108341445,12743533.847790807,0.7238443277001736,1.6336215035711419,1.1920928955078133e-07,4.649424965790432e-06,0.08901109220738936,0.0888396627759405,-0.022688084030215383,128858.98730293149,0.03737127572092398,0.03718922169222495,1920.2295867353678,-16087079067.888008,-1012005399.4653084,-197009937.12989402,-16086497190.922514,-1885859171.0009453,16118879237.249441,16197860031.551521,-0.9958000033611192,0.022596671492471885,-0.08872284792237099,0.022686137634956718,0.9997426364616084,0.0,-0.08870001389629352,0.002012778739332242,0.996056351948294,4563.562358978439,-537.1047089850632,-0.1171552177153948,2.9770904303397323e-09,159.16853515123282,0.0,-65.66853515123283,2.3842675756164144,0.0,2.9893936606678735e-17,2.2882050339329196,1.5707963267948966,18.750336635691806,461.0,0.014492862409609328,3.9005130548261224,0.0,0.031617345508157514,-1582.6068212310558,8.868043152172536,-140.97153079446116,0.042897252698864706,0.10313769026553883,-0.7879381955138041,0.04112900127324429,0.10385548948748904,-0.7879381955138041,-1.0380013032015305e-17,1.9045018041194366e-19,-5.401838021775016e-19,-1.0381751799504251e-17,1.3091581903852882e-20,-5.401838021775016e-19,-1582.5656922297826,8.971898641660026,-141.75946898997498,-1680381.615944961,274.4333393696423,136044.81629670484,0.055041978797050736,4571.545250874911
241.32896939670655,2001.0,12.0,14.0,14.0,25.0,29.0,1.0,3511031.255818649,-19760.323745437687,314121.4787382122,-237.2421042818858,-286.9006591493719,4560.641377885148,3525110.3887870926,4575.810920694013,3510179.576754517,-79814.08813915894,314121.4787382122,3525110.3887870926,-247.77227969851398,-531.6104393416862,4560.641377885148,4598.200793732501,12743515.975327961,0.7238439405426317,1.6336214959138393,1.1827430029502178e-07,4.621594603769521e-06,0.08940026989982433,0.08922803885488842,-0.022733975774784126,128910.38878709264,0.03753461975120653,0.03735176836821771,1909.189118936658,-16087077264.950579,-1012005162.3750764,-197013175.58693933,-16086500816.443262,-1885823825.5369802,16118877422.983501,16197859556.427433,-0.9957644412838621,0.022641585464397637,-0.08910968568172811,0.022732017544758495,0.9997415943024202,0.0,-0.0890866592312384,0.0020256429383249583,0.9960218189968048,4563.494672709316,-537.1054319844787,-0.11715709578452009,2.957998450508447e-09,159.2576982672752,0.0,-65.81539653455042,2.4,0.0,2.9895550661357234e-17,2.2882313934462033,1.5707963267948966,18.744926785176823,461.0,0.014399562628894734,3.904846928626116,0.0,0.03141452383611438,-1582.5055822007264,8.90644951719675,-141.5820473738453,0.04280370985329645,0.10249671369658453,-0.7828802497561478,0.041044227636606014,0.1032138812055785,-0.7828802497561478,-1.0313851262123054e-17,1.8951307931443657e-19,-5.3909474557977425e-19,-1.031558395611227e-17,1.3065558834922493e-20,-5.3909474557977425e-19,-1582.4645379730898,9.009663398402328,-142.36492762360146,-1680383.972638201,274.6218238060225,136092.28792448316,0.055144269868097756,4571.507466619452
241.62896939670654,2001.0,12.0,14.0,14.0,25.0,29.0,1.0,3510959.9287201576,-19846.39306248679,315489.6572351041,-238.27187463874137,-286.89478374240457,4560.548535623317,3525162.0138964634,4575.771524995368,3510105.0880434234,-79973.56618230774,315489.6572351041,3525162.0138964634,-248.81911619512462,-531.5765000417684,4560.548535623317,4598.161314455677,12743498.21819946,0.7238435558836664,1.6336214883025708,1.1827430029502178e-07,4.593885652247655e-06,0.08978943611669958,0.08961640348595637,-0.022779868505232996,128962.01389646297,0.0376979584089085,0.03751430967671411,1898.1669016629457,-16087075473.6154,-1012004926.7582338,-197016442.3488841,-16086504476.842329,-1885788329.5373807,16118875620.38943,16197859098.839064,-0.9957287279864913,0.022686493802850965,-0.08949649859819757,0.0227778983923098,0.9997405500152675,0.0,-0.08947327873300266,0.0020385421515372406,0.9959871368339366,4563.426699422993,-537.1061590737054,-0.11715898209397774,2.9388234098851833e-09,159.36289684703706,0.0,-65.96289684703706,2.431448423518525,0.0,2.9897446102144904e-17,2.288262348343387,1.5707963267948966,18.738577929304846,461.0,0.014305863650445156,3.9091527523148404,0.0,0.03121103067737089,-1582.4039096193226,8.944850015810035,-142.19247077401783,0.04270708438115171,0.10185322990534915,-0.7778071617277716,0.04095644207105038,0.10256970971671615,-0.7778071617277716,-1.0247559399436814e-17,1.8857018967176635e-19,-5.379699772385605e-19,-1.0249285943487447e-17,1.3038790175868213e-20,-5.379699772385605e-19,-1582.3629531772515,9.047419725526751,-142.9702779357456,-1680386.3141298126,274.81030824240275,136139.84730018713,0.05524656346341993,4571.46961340652
241.92896939670652,2001.0,12.0,14.0,14.0,25.0,29.0,1.0,3510888.292700489,-19932.460613227766,316857.8078202183,-239.30157874788247,-286.888883767445,4560.455299453748,3525213.862616577,4575.731965001483,3510030.285291647,-80133.03403022529,316857.8078202183,3525213.8626165767,-249.8658841999656,-531.542471140824,4560.455299453748,4598.121670533447,12743480.576439073,0.7238431737240218,1.633621480737529,1.1733186057227575e-07,4.5662030667833415e-06,0.0901785908079928,0.09000475662037988,-0.022825762225959174,129013.86261657672,0.037861291671774475,0.03767684559546652,1887.1637943685055,-16087073693.886038,-1012004692.6181095,-197019737.5354253,-16086508172.118105,-1885752683.0246418,16118873829.470991,16197858658.789925,-0.9956928634923558,0.022731396491998034,-0.0898832865660615,0.022823780181906943,0.9997395035999168,0.0,-0.0898598722934834,0.002051476374611137,0.9959523054825885,4563.358439164308,-537.1068902565383,-0.11716087664416061,2.919565313842931e-09,159.51103604736207,0.0,-66.11103604736206,2.5,0.0,2.990009490929301e-17,2.2883056066469227,1.5707963267948966,18.72971308985266,461.0,0.014211768932384173,3.913430407216633,0.0,0.03100714706166128,-1582.3018036043593,8.98324462334972,-142.8028006024702,0.04260802267823388,0.10120802384117933,-0.7727285622961385,0.04086627758070436,0.10192377074599641,-0.7727285622961385,-1.0181388513994812e-17,1.87626332711872e-19,-5.368243942132041e-19,-1.0183108877288236e-17,1.3011799487247697e-20,-5.368243942132041e-19,-1582.2609373267785,9.085168394095716,-143.57552916476635,-1680388.6404152028,274.998792678783,136187.49442381677,0.0553488595876816,4571.4316912383865
242.2289693967065,2001.0,12.0,14.0,14.0,25.0,30.0,1.0,3510816.34777956,-20018.526390291354,318225.9303753983,-240.3312163299651,-286.88295923064607,4560.361669457081,3525265.9349328997,4575.692240753627,3509955.168519779,-80292.49165603405,318225.9303753983,3525265.9349328997,-250.9125834290407,-531.508352655547,4560.361669457081,4598.081862007137,12743463.050731942,0.7238427940785483,1.6336214732189467,1.1638178938488153e-07,4.538596253724888e-06,0.09056773392242011,0.09039309820944638,-0.02287165694136312,129065.93493289966,0.03802461951743866,0.037839376102143336,1876.180720090866,-16087071925.83206,-1012004459.9628414,-197023061.26727346,-16086511902.334972,-1885716886.026141,16118872050.29813,16197858236.349644,-0.9956568478248968,0.022776293516013093,-0.09027004947967293,0.022869662917849486,0.9997384550561331,0.0,-0.09024643980464891,0.002064445603177714,0.995917324965751,4563.289891997008,-537.1076255381558,-0.11716277943528239,2.9002241677801276e-09,159.65981409399902,0.0,-66.25981409399901,2.5,0.0,2.990275404888882e-17,2.2883490336921355,1.5707963267948966,18.72082239207225,461.0,0.014117273124732975,3.9176797735929,0.0,0.030801464149286483,-1582.1992642738353,9.021633315168234,-143.41303646693225,0.04250370652724761,0.1005582857254356,-0.7676049192094168,0.040770964717164515,0.10127320639055754,-0.7676049192094168,-1.0114619579462352e-17,1.8666723062854014e-19,-5.356113219682663e-19,-1.0116333591923409e-17,1.2982648255502044e-20,-5.356113219682663e-19,-1582.158493309118,9.122906521558791,-144.18064138614167,-1680390.9514039084,275.1872771151633,136235.2292953721,0.055451158245547374,4571.393700117314
242.5289693967065,2001.0,12.0,14.0,14.0,25.0,30.0,1.0,3510744.0939773708,-20104.590386310218,319594.02478251455,-241.36078710388117,-286.8770101335664,4560.267645679232,3525318.2308308394,4575.652352257915,3509879.737748495,-80451.93903286147,319594.02478251455,3525318.230830839,-251.95921359651243,-531.4741445980985,4560.267645679232,4598.041888882839,12743445.64054029,0.7238424169356046,1.6336214657465329,1.1542389828584848e-07,4.511041993042619e-06,0.09095686541062725,0.09078142820445552,-0.022917552655845993,129118.2308308389,0.03818794192357549,0.03800190117443016,1865.2178364694118,-16087070169.399658,-1012004228.7843455,-197026413.6637659,-16086515667.433916,-1885680938.553114,16118870282.816635,16197857831.463413,-0.9956206810076531,0.022821184859076037,-0.0906567872334162,0.022915546604437665,0.9997374043836811,0.0,-0.09063298115849916,0.0020774498328559386,0.9958821953065107,4563.221057950027,-537.1083649191286,-0.1171646904674496,2.8813461318432493e-09,159.809230945254,0.0,-66.40923094525401,2.5,0.0,2.99054235077713e-17,2.2883926292640884,1.5707963267948966,18.711905968812523,461.0,0.014025034736189402,3.9219010370520886,0.0,0.030600702207353905,-1582.0962917462325,9.060016066629142,-144.02317797530955,0.042403833147902754,0.09992442958121112,-0.7626038853694581,0.04067984864150348,0.10063859402470784,-0.7626038853694581,-1.0049459350120536e-17,1.8573428214332084e-19,-5.344533553154364e-19,-1.0051167227023778e-17,1.2954832746889078e-20,-5.344533553154364e-19,-1582.055611897591,9.16065466065385,-144.785781860679,-1680393.2471667137,275.3757615515435,136283.05191485301,0.05555345944168217,4571.3556400455545
242.79701206566426,2001.0,12.0,14.0,14.0,25.0,30.0,1.0,3510679.275708488,-20181.484951048747,320816.35979694535,-242.28062668695117,-286.87167398098273,4560.1833046287475,3525365.1450505476,4575.6165738854515,3509812.0766065307,-80594.39267626808,320816.35979694535,3525365.1450505476,-252.89429342073743,-531.4435047709836,4560.1833046287475,4598.006034600521,12743430.180630116,0.7238420820402222,1.6336214591083005,1.1542389828584848e-07,4.486511732481896e-06,0.09130453501406866,0.09112838171845646,-0.022958560203890036,129165.14505054709,0.038333861882911074,0.038147108739820336,1855.4390461444855,-16087068609.69502,-1012004023.4542514,-197029433.2906536,-16086519060.754118,-1885648693.068837,16118868713.297653,16197857484.348373,-0.9955882390038796,0.022861289358754498,-0.09100230659719233,0.022956543364800255,0.9997364638327143,0.0,-0.09097832419809755,0.002089098397695294,0.9958506816757172,4563.159313721161,-537.1090290002311,-0.11716640489898823,2.865267171704033e-09,159.91893131318386,0.0,-66.51893131318387,2.518931313183867,0.0,2.990739063728999e-17,2.288424754927097,1.5707963267948966,18.70534105886719,461.0,0.0139464576428178,3.9256493648434545,0.0,0.030429903843154037,-1582.0039219703824,9.094305072143671,-144.5682443687779,0.04232448870493738,0.09938126596022166,-0.7583475865987206,0.04060795125673197,0.10009491826622151,-0.7583475865987206,-9.9939094734392e-18,1.8494731129515052e-19,-5.33537414563423e-19,-9.99561227786021e-18,1.2932978903116507e-20,-5.33537414563423e-19,-1581.9633140191256,9.194399990409892,-145.3265919553766,-1680395.285764506,275.56424598792375,136330.9622822596,0.055655763180751196,4571.31751102535
243.00114007253762,2001.0,12.0,14.0,14.0,25.0,31.0,1.0,3510629.747953942,-20240.04307817359,321747.21435189416,-242.98109484780161,-286.8675970592032,4560.118863644335,3525400.9922994813,4575.589238694931,3509760.381120878,-80702.87279393357,321747.21435189416,3525400.9922994813,-253.60636658198715,-531.4201230244172,4560.118863644335,4597.978641413105,12743418.461050324,0.7238418281686795,1.6336214540752965,1.1542389828584848e-07,4.467789593185734e-06,0.09156929668462918,0.09139259805673315,-0.022989790058551465,129200.99229948083,0.03844498435465943,0.038257688690422655,1847.9998669326305,-16087067427.323181,-1012003867.7870048,-197031748.34425852,-16086521662.810505,-1885624055.86348,16118867523.485071,16197857228.595957,-0.9955634518703639,0.022891827899921887,-0.0912654234382657,0.022987764978065605,0.9997357464156782,0.0,-0.09124130622299749,0.002097988104622492,0.9958266026194691,4563.112138580638,-537.1095369040552,-0.11716771493834255,2.8540649064122345e-09,159.96374037435106,0.0,-66.56374037435106,2.563740374351062,0.0,2.990820952655776e-17,2.2884381284037327,1.5707963267948966,18.702609580473716,461.0,0.013891689020462738,3.9284907546781302,0.0,0.030311234158238685,-1581.9333458843507,9.120414673794476,-144.98328900258008,0.04227866008311345,0.09899730641286163,-0.7553875719515982,0.040567294329930864,0.09971081388783376,-0.7553875719515982,-9.955121000140229e-18,1.844115785546532e-19,-5.330150273226066e-19,-9.95682051717592e-18,1.2920777169471838e-20,-5.330150273226066e-19,-1581.8927785900207,9.22012548768231,-145.73867657453167,-1680396.8311525602,275.752730424304,136378.96039759187,0.05575806946742003,4571.279313058932
243.22544306294256,2001.0,12.0,14.0,14.0,25.0,31.0,1.0,3510575.1602482386,-20304.387834395176,322770.05468852917,-243.7507576828978,-286.8631040629514,4560.047843262784,3525440.501855181,4575.559113943255,3509703.408704909,-80822.06903077968,322770.05468852917,3525440.501855181,-254.38878018724353,-531.3943825182264,4560.047843262784,4597.948452745273,12743405.636848507,0.7238415503687528,1.6336214485671485,1.144579909424277e-07,4.447266474422228e-06,0.09186021980094765,0.09168292194902336,-0.023024107054153736,129240.50185518106,0.03856708667656884,0.038379194873897064,1839.8335152119398,-16087066133.489563,-1012003697.4340239,-197034307.6652576,-16086524539.850048,-1885596903.2438087,16118866221.508581,16197856956.125942,-0.9955361342385468,0.022925381661738138,-0.0915545318432346,0.023022072891736207,0.9997349569559763,0.0,-0.0915302659514207,0.0021077751056637305,0.9958000641187799,4563.060147560619,-537.1100971738172,-0.11716915885576838,2.8412493374353313e-09,160.03000530051736,0.0,-66.63000530051734,2.6,0.0,2.990940776383925e-17,2.2884576971035786,1.5707963267948966,18.698614239539705,461.0,0.013829047400893663,3.931599880679559,0.0,0.030175317405402295,-1581.8555633039193,9.149101611328916,-145.43930363845465,0.04221956050569851,0.09856058294629506,-0.7519986899891923,0.040514147126957605,0.09927378144597433,-0.7519986899891923,-9.910782840526092e-18,1.837893370120106e-19,-5.323340544715129e-19,-9.912478423753026e-18,1.2904692808615035e-20,-5.323340544715129e-19,-1581.8150491567924,9.248375392774891,-146.19130232844384,-1680398.5222035013,275.9412148606843,136427.04626084978,0.05586037830635456,4571.24104614852
243.4068559890596,2001.0,12.0,14.0,14.0,25.0,31.0,1.0,3510530.884248092,-20356.4281791269,323597.3010886924,-244.37322185334617,-286.85946014975065,4559.990242035989,3525472.5479997415,4575.534682296685,3509657.201894621,-80918.46894945072,323597.3010886924,3525472.5479997415,-255.02155606332778,-531.373527365561,4559.990242035989,4597.923969261053,12743395.309867729,0.7238413266641306,1.6336214441304358,1.144579909424277e-07,4.430759489666406e-06,0.09209550927737008,0.09191772679380493,-0.023051862544762797,129272.54799974151,0.03866583896617588,0.038477465017725865,1833.2366935312748,-16087065091.58736,-1012003560.2339939,-197036389.48451346,-16086526880.792334,-1885574881.0804408,16118865173.047956,16197856742.71127,-0.9955139783703341,0.022952517101675257,-0.09178834799672254,0.02304982101707426,0.9997343175819668,0.0,-0.09176396144647951,0.0021157049927773815,0.9957785392204597,4563.017980687886,-537.1105519846872,-0.11717033004484834,2.8298042858066064e-09,160.12156571354714,0.0,-66.72156571354715,2.6,0.0,2.991104204173471e-17,2.2884843868870592,1.5707963267948966,18.69316783258553,461.0,0.013773133007720756,3.9341035303247853,0.0,0.03005360357853925,-1581.792476933961,9.17230071823913,-145.80808239431337,0.042154492061986085,0.09817603552062214,-0.7489667545787966,0.04045444616969772,0.09888868962957056,-0.7489667545787966,-9.871267739307762e-18,1.8321669974721934e-19,-5.3157337879427605e-19,-9.872959489468618e-18,1.2886406636126133e-20,-5.3157337879427605e-19,-1581.7520224877915,9.2711894078687,-146.55704914889216,-1680399.883963285,276.1296992970645,136475.21987203334,0.05596268970222088,4571.202710296328
243.67099090290213,2001.0,12.0,14.0,14.0,25.0,31.0,1.0,3510466.2170606838,-20432.19707535036,324801.74261211435,-245.27947734553393,-286.85413860746286,4559.90611805862,3525519.3529188773,4575.4990027702515,3509589.7201277115,-81058.81923373496,324801.74261211435,3525519.3529188777,-255.94282378211508,-531.3431040006313,4559.90611805862,4597.888214030766,12743380.348367209,0.7238410025660031,1.6336214377004485,1.1348386266624797e-07,4.406689338239087e-06,0.09243808003423983,0.09225959195321366,-0.02309227485089084,129319.35291887727,0.038809617429973235,0.03862054148679156,1823.645931378007,-16087063582.08193,-1012003361.425204,-197039439.64218083,-16086530311.85949,-1885542718.7484915,16118863654.03858,16197856443.34997,-0.995481620948137,0.022992022201388303,-0.0921287646154039,0.023090222567530138,0.9997333852691836,0.0,-0.09210420172962552,0.0021272736798412712,0.9957471017936429,4562.956398780744,-537.1112168676783,-0.11717204066985354,2.8130882432581257e-09,160.255294053935,0.0,-66.855294053935,2.6276470269674967,0.0,2.9913428243391605e-17,2.2885233565174627,1.5707963267948966,18.68522145017028,461.0,0.013691470447257909,3.937730712434351,0.0,0.029876192281005354,-1581.7003410697528,9.206074374344965,-146.34495685299186,0.04205812028871774,0.09761478087411986,-0.7445474233651337,0.04036593081394641,0.09832661164123566,-0.7445474233651337,-9.813664523231607e-18,1.8237962443871763e-19,-5.304448360464257e-19,-9.815350647617298e-18,1.2859481472324223e-20,-5.304448360464257e-19,-1581.6599751389388,9.3044009859862,-147.089504276357,-1680401.8568545468,276.31818373344476,136523.48123114256,0.056065003659685454,4571.164305504559
243.97099090290212,2001.0,12.0,14.0,14.0,25.0,31.0,1.0,3510392.478828897,-20518.252407474956,326169.7000700114,-246.30872303062432,-286.848071410973,4559.810201457199,3525572.72330952,4575.458324192923,3509512.780334662,-81218.21697140508,326169.7000700114,3525572.72330952,-256.98911796195733,-531.3084654981807,4559.810201457199,4597.847449141178,12743363.462559022,0.7238406367834985,1.6336214304405217,1.1250129990683128e-07,4.37936989826451e-06,0.09282715498866623,0.09264786553904447,-0.023138175429094635,129372.7233095197,0.03897291337798816,0.03878304012591721,1812.774100214243,-16087061878.398153,-1012003136.996959,-197042931.4541775,-16086534241.441319,-1885506047.9077873,16118861939.625456,16197856119.702906,-0.9954447279250044,0.02303688601696579,-0.09251537995898433,0.02313611088362355,0.9997323243614666,0.0,-0.09249061584557966,0.0021404460891716257,0.9957112555711343,4562.886185517808,-537.1119758944727,-0.11717399131864051,2.7940662938789616e-09,160.403890442171,0.0,-67.00778088434198,2.7,0.0,2.9916079987845913e-17,2.2885666627908496,1.5707963267948966,18.676398967178155,461.0,0.01359854614713174,3.941824196158483,0.0,0.029674827351989508,-1581.5952879460854,9.244428228542978,-146.95463934950573,0.041946889220051166,0.09697667495143325,-0.7395311206797872,0.040263659849834335,0.09768753602876891,-0.7395311206797872,-9.748255149712409e-18,1.814262650059582e-19,-5.291391423324313e-19,-9.749934839774166e-18,1.282862761225435e-20,-5.291391423324313e-19,-1581.5550242862355,9.342115764571746,-147.69417047018553,-1680404.0834993012,276.506668169825,136571.8303381774,0.05616732018341508,4571.125831775405
244.2709909029021,2001.0,12.0,14.0,14.0,25.0,32.0,1.0,3510318.431833257,-20604.30591590483,327537.6286962466,-247.3379002810659,-286.84197966615835,4559.713891345063,3525626.317195646,4575.417481404225,3509435.526663551,-81377.60430423892,327537.6286962466,3525626.317195646,-258.0353414263255,-531.2737374975453,4559.713891345063,4597.806519690095,12743346.689111397,0.7238402734352317,1.6336214232256534,1.1250129990683128e-07,4.352185086041228e-06,0.09321621802992196,0.09303612724879183,-0.023184077031975246,129426.31719564553,0.039136203756257135,0.03894553320054406,1801.9241159707308,-16087060186.019487,-1012002914.0076447,-197046452.6218818,-16086538205.558275,-1885469226.6683118,16118860236.585482,16197855813.288687,-0.9954076838906247,0.023081744059866304,-0.09290196953055893,0.023182000175373786,0.9997312613236964,0.0,-0.0928770031782413,0.0021536534739499875,0.9956752603421173,4562.815685545936,-537.112739026773,-0.1171759502096951,2.775691247207244e-09,160.4804531366365,0.0,-67.16090627327297,2.7,0.0,2.991747019798699e-17,2.288589366645415,1.5707963267948966,18.67177711265853,461.0,0.013508764750493566,3.945890312505646,0.0,0.029479406300916666,-1581.4898023230069,9.282775999591975,-147.56422521749695,0.0418409546708105,0.09635847454836662,-0.7346560794619268,0.040166367172066786,0.09706845034949178,-0.7346560794619268,-9.684379652015919e-18,1.8049729945423898e-19,-5.278813535218359e-19,-9.686053103340211e-18,1.2798389106033227e-20,-5.278813535218359e-19,-1581.4496359558348,9.379844449941466,-148.29888129695888,-1680406.2953334898,276.6951526062052,136620.2671931379,0.056269639278076884,4571.087289111046
244.57099090290208,2001.0,12.0,14.0,14.0,25.0,32.0,1.0,3510244.07609553,-20690.357592847144,328905.52836591034,-248.36700879870338,-286.8358633720156,4559.617187751262,3525680.1345627964,4575.376474391229,3509357.959136836,-81536.98120498101,328905.52836591034,3525680.134562797,-259.08149387227104,-531.2389200089095,4559.617187751262,4597.76542566452,12743330.026818939,0.723839912495098,1.6336214160552263,1.1250129990683128e-07,4.325060432171835e-06,0.09360526911372896,0.09342437703184057,-0.023229979663811906,129480.13456279645,0.03929948854407082,0.03910802068997949,1791.0955992043018,-16087058504.824823,-1012002692.4396755,-197050003.26551703,-16086542204.083897,-1885432255.0329454,16118858544.796682,16197855523.984587,-0.9953704888693812,0.023126596314186634,-0.09328853322273842,0.023227890446958978,0.9997301961556349,0.0,-0.09326336361783974,0.002166895829655261,0.9956391161305135,4562.744898875509,-537.1135062625143,-0.11717791734304667,2.7572395784697863e-09,160.61467017941845,0.0,-67.31467017941846,2.7,0.0,2.9919869154912195e-17,2.2886285445851584,1.5707963267948966,18.663807168272783,461.0,0.013418620578869243,3.949929436186307,0.0,0.029283174054914218,-1581.3838843220979,9.321117662730694,-148.17371406287938,0.04173190538739403,0.09573813014041099,-0.7297660894239727,0.040066023741859594,0.09644716290053028,-0.7297660894239727,-9.6205572168495e-18,1.7956590053196655e-19,-5.265973379182351e-19,-9.622224382432542e-18,1.2767514619872407e-20,-5.265973379182351e-19,-1581.343818298356,9.417564825631224,-148.90348015230336,-1680408.4925159458,276.8836370425855,136668.79179602407,0.05637196094833828,4571.048677513656
244.87099090290207,2001.0,12.0,14.0,14.0,25.0,32.0,1.0,3510169.411636046,-20776.407431058164,330273.39896289626,-249.396048309295,-286.82972253529357,4559.520090757788,3525734.175395756,4575.335303195371,3509280.077775532,-81696.3476469019,330273.39896289626,3525734.175395756,-260.1275750209276,-531.2040130497167,4559.520090757788,4597.724167105972,12743313.476341343,0.7238395539773962,1.6336214089295844,1.1151007970493862e-07,4.29797124438456e-06,0.09399430818792695,0.09381261484010629,-0.023275883329042988,129534.17539575603,0.03946276771865709,0.03927050257148971,1780.289636746049,-16087056834.881023,-1012002472.3028116,-197053583.50492135,-16086546237.07973,-1885395133.0312395,16118856864.326405,16197855251.857698,-0.9953331428855163,0.023171442764181635,-0.09367507093067327,0.02327378170271631,0.9997291288570391,0.0,-0.09364969705714334,0.002180173151826956,0.9956028229601066,4562.673825571301,-537.1142776074505,-0.11717989271903377,2.738365930087134e-09,160.7690725593029,0.0,-67.46907255930293,2.7345362796514636,0.0,2.992262046783758e-17,2.2886734769350783,1.5707963267948966,18.65467526765865,461.0,0.013326428390474385,3.953941364317812,0.0,0.029082894593444392,-1581.2775340656765,9.35945319346138,-148.7831054957891,0.04161510439685526,0.0951038791305891,-0.7247770879453229,0.03995819757860366,0.09581183218118801,-0.7247770879453229,-9.55550837963927e-18,1.7860848251396328e-19,-5.252195821064986e-19,-9.557168995717476e-18,1.273462519398619e-20,-5.252195821064986e-19,-1581.2375758680978,9.455265025642568,-149.5078825837344,-1680410.674959559,277.07212147896576,136717.4041468359,0.05647428519886695,4571.009996985399
245.14559857757982,2001.0,12.0,14.0,14.0,25.0,33.0,1.0,3510100.7962421295,-20855.172299908336,331525.4659293774,-250.33792808861276,-286.8240799677354,4559.4308674425265,3525783.838035307,4575.297472960283,3509208.5132804196,-81842.21594946034,331525.4659293774,3525783.8380353074,-261.0850520041787,-531.1719822471016,4559.4308674425265,4597.686256596034,12743298.427949237,0.7238392279982471,1.6336214024479423,1.0950072449966577e-07,4.2732311217452905e-06,0.0943504079937984,0.09416798124234249,-0.023317902568032976,129583.83803530736,0.03961222182573841,0.03941922687390037,1770.421034052968,-16087055316.470327,-1012002272.0996542,-197056886.75676516,-16086549959.255722,-1885361021.324867,16118855336.341791,16197855018.149153,-0.995298825589908,0.023212488260501457,-0.0940288688015869,0.023315789539348358,0.9997281500278747,0.0,-0.09400330705622421,0.0021923573156007988,0.9955694711228815,4562.608516851315,-537.1149872829333,-0.11718170812342021,2.720629273104517e-09,160.91096581516388,0.0,-67.61096581516385,2.805482907581932,0.0,2.992514785448787e-17,2.288714752291402,1.5707963267948966,18.64629474415195,461.0,0.013239801412048943,3.957588980555515,0.0,0.02889516197713788,-1581.1798065910154,9.394538566782705,-149.3408316534422,0.04150006583760234,0.0945079271943733,-0.7201006509454406,0.039851666453727036,0.09521474910938525,-0.7201006509454406,-9.494511197220709e-18,1.77702196532674e-19,-5.238553430455141e-19,-9.496165520676626e-18,1.2702311379056903e-20,-5.238553430455141e-19,-1581.1399549245618,9.48975331589209,-150.06093230438765,-1680412.6593342368,277.260605915346,136766.10424557337,0.056576612034330946,4570.971247528427
245.26962053000875,2001.0,12.0,14.0,14.0,25.0,33.0,1.0,3510069.7224660893,-20890.744623909002,332090.93294272723,-250.76329321206305,-286.8215248530189,4559.390463168174,3525806.3287036745,4575.280342445747,3509176.1061883047,-81908.09203734803,332090.93294272723,3525806.3287036745,-261.5174607119331,-531.1574915005045,4559.390463168174,4597.669089730493,12743291.66093868,0.7238390814109524,1.633621399532425,1.0950072449966577e-07,4.2621228482470136e-06,0.0945112311803099,0.09432847320802823,-0.023336880138825334,129606.32870367449,0.03967971871497746,0.03948639416055774,1765.969762146473,-16087054633.657833,-1012002182.0576802,-197058386.79946443,-16086551649.641224,-1885345574.0378547,16118854649.223207,16197854917.177364,-0.9952832853069715,0.02323102416900562,-0.09418864849131585,0.023334761946888917,0.9997277073708031,0.0,-0.09416300161657765,0.002197869690644053,0.9955543674231857,4562.578942518951,-537.1153089212941,-0.11718253028437646,2.7144304976935895e-09,160.9329108795931,0.0,-67.66582175918617,2.8,0.0,2.99255524832698e-17,2.28872136038089,1.5707963267948966,18.64495376490604,461.0,0.013209490155260677,3.959229214400012,0.0,0.028829133938186372,-1581.1355509511754,9.410382591345742,-149.59269237973422,0.04147398072655372,0.09429890394637472,-0.7184523977805278,0.039828381999883616,0.09500565430575962,-0.7184523977805278,-9.472890720120666e-18,1.7740255652580144e-19,-5.235553833147233e-19,-9.474543213103252e-18,1.2695095479613977e-20,-5.235553833147233e-19,-1581.0957225691755,9.505388245651503,-150.31114477751476,-1680413.551675912,277.4490903517262,136814.89209223652,0.05667894145939861,4570.932429144885
245.43822834949245,2001.0,12.0,14.0,14.0,25.0,33.0,1.0,3510027.3930636123,-20939.104682533332,332859.6771894323,-251.34155791031918,-286.81804443366053,4559.335425641133,3525836.9660068653,4575.2570083932715,3509131.9627418644,-81997.64768135997,332859.6771894323,3525836.9660068657,-262.1053005305299,-531.1377668017722,4559.335425641133,4597.645706162621,12743282.48725607,0.7238388826903026,1.6336213955792234,1.0950072449966577e-07,4.246961650178561e-06,0.09472986695239724,0.09454665868951978,-0.02336268042867466,129636.96600686572,0.03977147916888202,0.03957770652128309,1759.922010153532,-16087053707.99604,-1012002059.9792401,-197060434.2921112,-16086553956.702814,-1885324532.1917527,16118853717.723059,16197854784.148375,-0.9952621169310842,0.023256222131627712,-0.09440586175667888,0.023360555203740172,0.9997271049944445,0.0,-0.09438009886851031,0.00220537334512356,0.9955337931310915,4562.538657550015,-537.1157473001864,-0.11718365027128205,2.705622273026106e-09,160.97120750858215,0.0,-67.74241501716429,2.8,0.0,2.992625050912608e-17,2.288732760008223,1.5707963267948966,18.64264090805869,461.0,0.013166429656031358,3.9614527764747036,0.0,0.0287354187179242,-1581.075267012707,9.431920842659768,-149.93507003109232,0.04143240901516888,0.09400201825395424,-0.71611389985871,0.039790845864994075,0.094708566338876,-0.71611389985871,-9.442245631056675e-18,1.7697103322293793e-19,-5.230723056570927e-19,-9.443895405615114e-18,1.2683517280482315e-20,-5.230723056570927e-19,-1581.035476166842,9.526629408998643,-150.65118393095102,-1680414.7613784038,277.6375747881065,136863.7676868253,0.056781273478738715,4570.893541836906
245.61473485430207,2001.0,12.0,14.0,14.0,25.0,33.0,1.0,3509982.9762211195,-20989.7296108561,333664.424454173,-251.94688864407297,-286.8143926461303,4559.277676563355,3525869.114169943,4575.232525515544,3509085.6451442186,-82091.39512755904,333664.424454173,3525869.114169943,-262.72065416543563,-531.1170877855102,4559.277676563355,4597.621171331086,12743272.915879855,0.7238386753549055,1.6336213914536661,1.0848209096909347e-07,4.231116433295987e-06,0.09495874094070274,0.09477506129561872,-0.02338968972569062,129669.11416994361,0.03986753635710258,0.03967329462653156,1753.5955672115088,-16087052742.1948,-1012001932.5920526,-197062587.82929298,-16086556382.919289,-1885302453.6682012,16118852745.82935,16197854650.112484,-0.9952399058268288,0.02328259855070795,-0.09463324180504187,0.023387557121529807,0.999726473677619,0.0,-0.09460735712243595,0.0022132403483109595,0.9955122046190436,4562.496388249681,-537.1162075880343,-0.1171848255149566,2.6958751417336174e-09,161.02604048555318,0.0,-67.81302024277659,2.813020242776594,0.0,2.992723887332487e-17,2.2887489012205213,1.5707963267948966,18.639367051733835,461.0,0.013118793572731343,3.963772724843617,0.0,0.028631869070759094,-1581.0120128216113,9.454465986147964,-150.29345352586225,0.041380498010285885,0.09367177581727451,-0.7135317229195702,0.03974350695481149,0.09437796806073893,-0.7135317229195702,-9.408456037914355e-18,1.7648636104947882e-19,-5.224642346444988e-19,-9.410102653498033e-18,1.2669002836295187e-20,-5.224642346444988e-19,-1580.9722693146564,9.548843954208703,-151.00698524878183,-1680416.023525264,277.82605922448676,136912.73102933975,0.05688360809702014,4570.854585606615
245.7752524176097,2001.0,12.0,14.0,14.0,25.0,33.0,1.0,3509942.490139675,-21035.768091261874,334396.26437446737,-252.4973641233293,-286.81106428488084,4559.225040524293,3525898.4173192927,4575.2102110863925,3509043.428952675,-82176.64723718887,334396.26437446737,3525898.417319292,-263.28024392247926,-531.0982551140667,4559.225040524293,4597.598809549266,12743264.244243784,0.7238384875097988,1.6336213877154275,1.0848209096909347e-07,4.2167653382442244e-06,0.09516687858846039,0.09498277027351965,-0.02341425268546725,129698.4173192922,0.03995489043996935,0.03976022212017705,1747.8497863262892,-16087051867.17224,-1012001817.1710383,-197064555.3041812,-16086558599.61954,-1885282329.9655857,16118851865.286509,16197854533.290236,-0.995219661382238,0.02330658388611973,-0.09484001658468247,0.023412113355632598,0.9997258989084074,0.0,-0.09481402083260994,0.0022204052189306613,0.995492526970553,4562.457861813611,-537.1166274176086,-0.11718589677648553,2.6858283476712367e-09,161.10976376940636,0.0,-67.85488188470318,2.8548818847031794,0.0,2.9928729223950893e-17,2.288773240493315,1.5707963267948966,18.63443266462996,461.0,0.01306972263629505,3.9658745338038313,0.0,0.028525470835475658,-1580.954358762856,9.474966996533793,-150.61934296701048,0.041315262042165034,0.09332774083668656,-0.7108822267547579,0.0396832002385631,0.09403330104871678,-0.7108822267547579,-9.373893122629743e-18,1.7597294638376422e-19,-5.216921723804262e-19,-9.375536182655942e-18,1.265069379292081e-20,-5.216921723804262e-19,-1580.9146755626173,9.569000297582509,-151.33022519376524,-1680417.1670278963,278.014543660867,136961.78211977982,0.056985945318912275,4570.815560456128
246.0193360341424,2001.0,12.0,14.0,14.0,25.0,34.0,1.0,3509880.757518273,-21105.77335398694,335509.0867198172,-253.33438073550442,-286.805989716093,4559.14478627806,3525943.0983692124,4575.176189661562,3508979.062715698,-82306.2761202126,335509.0867198172,3525943.0983692124,-264.1311184731099,-531.0695690343197,4559.14478627806,4597.56471592805,12743251.119768698,0.723838203207408,1.633621382056833,1.0745380149674388e-07,4.194908459661482e-06,0.09548336678476574,0.09529860665458682,-0.02345160379228766,129743.09836921282,0.04008771826051759,0.03989240127048244,1739.1282236874104,-16087050542.81242,-1012001642.4680747,-197067563.56003815,-16086561989.272345,-1885251647.355865,16118850532.57094,16197854365.105501,-0.9951887948329738,0.023343052858192794,-0.09515442460628301,0.023449454208133994,0.9997250237426992,0.0,-0.09512825939873917,0.002231319322506372,0.9954625233919393,4562.399121219969,-537.1172680794386,-0.11718753026475638,2.6706962501157866e-09,161.23742391203663,0.0,-67.93742391203664,2.9,0.0,2.993100103526439e-17,2.288810341987641,1.5707963267948966,18.626916144586215,461.0,0.01299581310191742,3.96905550879051,0.0,0.028365021353534154,-1580.8664529045025,9.506137490982837,-151.11483736416514,0.041216686709196454,0.09281217634078623,-0.7068863443789131,0.03959200317680497,0.09351678258390371,-0.7068863443789131,-9.321772213440313e-18,1.7519837827029194e-19,-5.205250109061187e-19,-9.323409909121895e-18,1.2622896027563297e-20,-5.205250109061187e-19,-1580.8268609013257,9.599654273566742,-151.82172370854406,-1680418.8977160063,278.2030280972472,137010.92095814555,0.05708828514908477,4570.776466387548
246.3193360341424,2001.0,12.0,14.0,14.0,25.0,34.0,1.0,3509804.6028969083,-21191.814212621393,336876.81531623023,-254.36308316465488,-286.79973038557984,4559.045790311734,3525998.2178389644,4575.134225526658,3508899.6665183776,-82465.59169234945,336876.81531623023,3525998.217838965,-265.17685141662935,-531.0342302736796,4559.045790311734,4597.522662740092,12743235.08787965,0.7238378559249137,1.6336213751419735,1.0745380149674388e-07,4.1681986651771085e-06,0.09587234720136353,0.0956867859717345,-0.02349751250882489,129798.21783896489,0.040250970017823955,0.04005485576052088,1728.430727660656,-16087048925.044422,-1012001429.0178753,-197071288.33206925,-16086566186.467676,-1885213799.4723442,16118848904.593346,16197854173.748169,-0.9951507203735721,0.023387871064464535,-0.09554083539006929,0.023495350276136896,0.9997239461548381,0.0,-0.09551446097508988,0.0022447653931644143,0.9954255114135702,4562.326664142369,-537.1180592416567,-0.11718954543958529,2.6525855671972546e-09,161.39490811132822,0.0,-68.09490811132821,2.9,0.0,2.993380249962875e-17,2.288856093372715,1.5707963267948966,18.617655845710658,461.0,0.012907349418819712,3.9729410482003016,0.0,0.028172410317509132,-1580.7580175334522,9.544443070999238,-151.72375302395386,0.04109997630654567,0.09220298383783347,-0.7020883013090896,0.039483957722160345,0.09290648719865073,-0.7020883013090896,-9.25921278374942e-18,1.7427105884768097e-19,-5.191442639443282e-19,-9.26084409094942e-18,1.2589671472922412e-20,-5.191442639443282e-19,-1580.71853357573,9.637349558197888,-152.42584132526295,-1680421.0118015707,278.3915125336275,137060.14754443697,0.05719062759220761,4570.737303402974
246.55056811746007,2001.0,12.0,14.0,14.0,25.0,34.0,1.0,3509745.694324223,-21258.13095240736,337931.00412513793,-255.15593166743372,-286.79488912654006,4558.969218612157,3526040.854911927,4575.101768720268,3508838.255938031,-82588.3806886048,337931.00412513793,3526040.8549119267,-265.98282500920124,-531.0069310909638,4558.969218612157,4597.490137055181,12743222.807098389,0.7238375898990819,1.633621369842916,1.0641557616804321e-07,4.1476385771413905e-06,0.09617215464836751,0.09598597598382666,-0.023532898458613446,129840.85491192667,0.0403767962454264,0.04018006747923551,1720.203237786889,-16087047685.777548,-1012001265.4747366,-197074179.95339468,-16086569445.04565,-1885184524.788714,16118847657.503504,16197854037.963902,-0.9951212706597168,0.023422411732284844,-0.0958386524802699,0.023530726442780533,0.9997231141236432,0.0,-0.09581211611098905,0.002255153114157941,0.9953968819977115,4562.270620709106,-537.1186718652666,-0.11719110430930751,2.6379926016251443e-09,161.45836415989524,0.0,-68.21672831979046,2.9,0.0,2.9934950074585513e-17,2.28887483469401,1.5707963267948966,18.613865262150117,461.0,0.012836075871129884,3.9759173949573237,0.0,0.02801722200179984,-1580.6741439119548,9.573963720136309,-152.1930211384327,0.04099835527163993,0.09171060883601397,-0.6982173134421501,0.03938943378677459,0.09241305867684106,-0.6982173134421501,-9.208463496805177e-18,1.735063440398673e-19,-5.179182448461311e-19,-9.210089395131483e-18,1.2560139414128205e-20,-5.179182448461311e-19,-1580.6347544781681,9.66637677881315,-152.89123845187484,-1680422.6312414221,278.57999697000776,137109.46187865402,0.05729297265295102,4570.698071504492
246.85056811746006,2001.0,12.0,14.0,14.0,25.0,34.0,1.0,3509668.993256337,-21344.168474360155,339298.67994697194,-256.18450883867524,-286.7885863899842,4558.869526781937,3526096.3699205057,4575.059514156448,3508758.3042481234,-82747.67744562512,339298.67994697194,3526096.3699205057,-267.0284285880504,-530.9714340713596,4558.869526781937,4597.447792818854,12743206.975028316,0.7238372469456682,1.6336213630085645,1.0536712127723512e-07,4.120972636878372e-06,0.09656111324324784,0.09637413356290059,-0.023578809053606077,129896.36992050568,0.0405400378165375,0.04034251179267252,1709.55371953547,-16087046088.11958,-1012001054.5899177,-197077958.44887835,-16086573703.408072,-1885146410.894034,16118846049.75733,16197853877.208336,-0.9950829291506932,0.023467219487109656,-0.0962250160946739,0.023576624300962884,0.9997220327603925,0.0,-0.09619826869256888,0.0022686610528182332,0.9953596065129324,4562.197656630698,-537.1194703460172,-0.11719313408304873,2.619335597548131e-09,161.57534263001625,0.0,-68.37534263001625,2.9376713150081275,0.0,2.9937043488617856e-17,2.288909022739637,1.5707963267948966,18.606954565498736,461.0,0.012744955175163468,3.9797543735575505,0.0,0.027819263960153176,-1580.5649444787475,9.612258171481106,-152.80176001285065,0.04086981736613153,0.09108234029759238,-0.6932824987949809,0.039269942885669935,0.09178347493630641,-0.6932824987949809,-9.143913348669142e-18,1.7253580434412126e-19,-5.1637695217937e-19,-9.145532411990744e-18,1.2523297376433388e-20,-5.1637695217937e-19,-1580.5256745358618,9.704041646417412,-153.49504251164564,-1680424.7189865988,278.768481406388,137158.8639607967,0.05739532033598568,4570.65877069418
247.15056811746004,2001.0,12.0,14.0,14.0,25.0,35.0,1.0,3509591.983626829,-21430.204101515727,340666.3257975227,-257.2130148701522,-286.7822591364021,4558.769441987468,3526152.108278643,4575.017095527917,3508678.0388890253,-82906.9635398515,340666.3257975227,3526152.1082786433,-268.0739587012806,-530.9358476900495,4558.769441987468,4597.405284167892,12743191.252894444,0.7238369063740422,1.6336213562185844,1.0536712127723512e-07,4.0944584155255754e-06,0.09695005945342836,0.09676227879727542,-0.023624720715428364,129952.10827864334,0.04070327360561853,0.040504950329506816,1698.9303667396307,-16087044501.525288,-1012000845.1177423,-197081767.4466819,-16086577996.012568,-1885108146.769036,16118844453.141699,16197853733.438595,-0.9950444368668634,0.023512021317856333,-0.09661135292425752,0.023622523175982787,0.9997209492647436,0.0,-0.09658439345518989,0.0022822039235163255,0.9953221822536382,4562.124406217728,-537.1202729536761,-0.11719517210138432,2.6010215655886122e-09,161.73459508183814,0.0,-68.53459508183816,3.0,0.0,2.993987381000909e-17,2.288955245395724,1.5707963267948966,18.59761965487858,461.0,0.012655511488496418,3.983564517656923,0.0,0.02762523770707482,-1580.4553137347198,9.650546304148792,-153.41039851042305,0.0407451450361049,0.09046673906108459,-0.6884493156644899,0.03915412185833796,0.0911666192301876,-0.6884493156644899,-9.080871275693837e-18,1.7159052586409484e-19,-5.148936512653823e-19,-9.082483717746994e-18,1.2488040216986857e-20,-5.148936512653823e-19,-1580.4161596128615,9.74171292337898,-154.09884782608754,-1680426.7922398243,278.9569658427682,137208.35379086505,0.05749767064598255,4570.619400974106
247.45056811746002,2001.0,12.0,14.0,14.0,25.0,35.0,1.0,3509514.665455408,-21516.2378270965,342033.94156815653,-258.241449506346,-286.77590737250245,4558.668964316129,3526208.0699699875,4574.974512881088,3508597.459881134,-83066.23894502521,342033.94156815653,3526208.069969988,-269.1194150887869,-530.9001719642687,4558.668964316129,4597.362611148756,12743175.641486296,0.7238365682013123,1.633621349473237,1.0430812835693365e-07,4.06798971432765e-06,0.09733899322233758,0.09715041164105381,-0.023670633448655543,130008.06996998796,0.040866503588160394,0.04066738306527075,1688.3341720551252,-16087042926.074799,-1012000637.0674716,-197085607.06500325,-16086582322.933863,-1885069732.442801,16118842867.737158,16197853606.734825,-0.9950057938330895,0.023556817208955055,-0.09699766286652155,0.023668423072313982,0.9997198636364439,0.0,-0.09697049029397269,0.0022957817217505116,0.9952846092442265,4562.050869541078,-537.1210796939785,-0.11719721836451907,2.5826341527182394e-09,161.89448562853704,0.0,-68.69448562853705,3.0,0.0,2.994271424018646e-17,2.2890016331408165,1.5707963267948966,18.58826114015652,461.0,0.012565714186270682,3.9873477027531647,0.0,0.02742968952869936,-1580.3452518065524,9.6888280939496,-154.01893624621013,0.040615612530555574,0.08984719182741221,-0.6835780355925646,0.03903353686416509,0.09054572800733283,-0.6835780355925646,-9.017321162746104e-18,1.7063167694707108e-19,-5.133477483590976e-19,-9.01892682633031e-18,1.2450806641061509e-20,-5.133477483590976e-19,-1580.3062182696883,9.779373821956932,-154.7025142818027,-1680428.8508968838,279.14545027914846,137257.93136885908,0.05760002358761287,4570.579962346329
247.6567490032918,2001.0,12.0,14.0,14.0,25.0,35.0,1.0,3509461.348142737,-21575.365086420414,342973.8448342274,-258.9482198347986,-286.7715277746238,4558.59968119532,3526246.6602220023,4574.945151921701,3508541.8985339967,-83175.69788049704,342973.8448342274,3526246.660222002,-269.8378825959006,-530.875601313137,4558.59968119532,4597.333187876151,12743164.972511135,0.7238363370912757,1.6336213448616306,1.0430812835693365e-07,4.0499097313421325e-06,0.09760628835430425,0.09741715634284512,-0.02370218849879839,130046.66022200137,0.04097868321849924,0.04077901477529187,1681.0652194172144,-16087041849.380499,-1012000494.854298,-197088263.73018304,-16086585316.193344,-1885043244.3160806,16118841784.238337,16197853529.150372,-0.9949791482576291,0.023587600611938063,-0.09726314630883899,0.02369996927095102,0.9997191162804461,0.0,-0.09723582667452825,0.0023051335787154974,0.9952587002232662,4562.000163952259,-537.1216365252811,-0.11719862947922534,2.57191843894962e-09,161.94582527750174,0.0,-68.79165055500346,3.0,0.0,2.9943645327288833e-17,2.289016838947144,1.5707963267948966,18.585195558610955,461.0,0.012513342968973535,3.989933115683745,0.0,0.027315683085771418,-1580.2693596503284,9.715134314667178,-154.43710711896742,0.04055521962925989,0.08948549267404374,-0.6807334930099099,0.03897817909513771,0.09018359492014727,-0.6807334930099099,-8.98003568120287e-18,1.7009174421673422e-19,-5.126331807999798e-19,-8.981637792832646e-18,1.2433643379709665e-20,-5.126331807999798e-19,-1580.2303814712332,9.805317909587325,-155.11784061197733,-1680430.2578043304,279.33393471552876,137307.59669477874,0.05770237916554833,4570.540454812899
247.8929112301368,2001.0,12.0,14.0,14.0,25.0,35.0,1.0,3509400.09876656,-21643.089095339317,344050.4044943129,-259.75772188591316,-286.76649707109345,4558.520095202527,3526290.9915889003,4574.911426059202,3508478.075848881,-83301.06731647794,344050.4044943129,3526290.991588901,-270.6607813874614,-530.8474059029924,4558.520095202527,4597.2993904357,12743152.806777863,0.7238360735588661,1.6336213396014096,1.0323827311807144e-07,4.0291593608718e-06,0.09791244436833688,0.09772268190004588,-0.02373833268347385,130090.9915889008,0.04110717181186558,0.040906875776897854,1672.7493639439344,-16087040621.618467,-1012000332.662215,-197091324.58830193,-16086588763.651724,-1885012817.202188,16118840548.715467,16197853449.210188,-0.9949485406103729,0.023622856853042513,-0.09756721873349661,0.023736103287824738,0.9997182590113625,0.0,-0.09753973004883201,0.0023158655813640644,0.9952289373951152,4561.941918757742,-537.1222766930138,-0.11720025057259845,2.5596741922183073e-09,162.00283311114515,0.0,-68.90283311114516,3.0014165555725754,0.0,2.9944680454462886e-17,2.2890337438567845,1.5707963267948966,18.581788655372996,461.0,0.01245350208007337,3.9928812105679956,0.0,0.027185431051250195,-1580.1821816877066,9.74526209113486,-154.91602652414605,0.04048542500368121,0.08907209713366648,-0.6774834692123495,0.03891414908497084,0.08976968935286941,-0.6774834692123495,-8.93742607410769e-18,1.6947347501487126e-19,-5.118060454290517e-19,-8.939024107073113e-18,1.2413784248307874e-20,-5.118060454290517e-19,-1580.1432675386216,9.835031780487729,-155.5935099933584,-1680431.8620906956,279.522419151909,137357.34976862406,0.05780473738446079,4570.500878375856
248.0251106548613,2001.0,12.0,14.0,14.0,25.0,36.0,1.0,3509365.728993816,-21680.999274661095,344653.03527604294,-260.210847266725,-286.76367433381006,4558.4754380481745,3526315.8679124075,4574.892502479287,3508442.2642022823,-83371.24399339032,344653.03527604294,3526315.867912407,-271.12140539224913,-530.8315984410386,4558.4754380481745,4597.28042669292,12743146.023742925,0.7238359266258166,1.633621336667765,1.0323827311807144e-07,4.017569715789894e-06,0.09808382168226491,0.09789370630244683,-0.023758565849416997,130115.8679124075,0.041179095862486234,0.040978448514268295,1668.1001754403114,-16087039937.068563,-1012000242.2182654,-197093046.36025363,-16086590702.472973,-1884995743.9853823,16118839859.837666,16197853408.790205,-0.9949313662248,0.0236425910543137,-0.09773742574004832,0.02375633074839577,0.999717778550213,0.0,-0.09770984214205751,0.0023218826123773584,0.9952122364650209,4561.9092366344785,-537.122636157202,-0.11720116026243191,2.5515005430661042e-09,162.0739083211643,0.0,-68.97390832116432,3.036954160582155,0.0,2.994594233569737e-17,2.2890543519412603,1.5707963267948966,18.577637186269804,461.0,0.012413589487682224,3.9945249058327055,0.0,0.027098922695049578,-1580.133264439421,9.762125354202238,-155.18408960066768,0.04042597426365503,0.08879712112151968,-0.6753285533851239,0.03885870032963102,0.08949407535321803,-0.6753285533851239,-8.909305993854773e-18,1.690459408862982e-19,-5.110943113489e-19,-8.910900972363531e-18,1.239689466698937e-20,-5.110943113489e-19,-1580.0944057390914,9.851619429555456,-155.8594181540528,-1680432.7565658912,279.7109035882892,137407.190590395,0.057907098249022564,4570.461233037233
248.24196698759232,2001.0,12.0,14.0,14.0,25.0,36.0,1.0,3509309.2200322147,-21743.18529051776,345641.5615857515,-260.9541114153524,-286.7590336917076,4558.402018542065,3526356.7682531965,4574.861391814702,3508383.3878834173,-83486.35537236497,345641.5615857515,3526356.7682531956,-271.8769690933502,-530.8056307600043,4558.402018542065,4597.249249999209,12743134.943766946,0.7238356866132619,1.6336213318744595,1.0323827311807144e-07,3.998595486775079e-06,0.09836493906076092,0.09817424479848379,-0.023791756239448705,130156.76825319557,0.04129707564434927,0.041095852013782457,1660.4861926436424,-16087038818.854952,-1012000094.4586644,-197095883.73571095,-16086593897.303844,-1884967674.4126673,16118838734.553219,16197853349.679998,-0.9949031304683668,0.023674959982486535,-0.09801661723438362,0.023789511758296383,0.9997169895176844,0.0,-0.09798887750426517,0.002331767468205805,0.9951847781924361,4561.855505453711,-537.1232275554834,-0.11720265596043625,2.538061859664313e-09,162.19076643770163,0.0,-69.09076643770162,3.095383218850812,0.0,2.994801652606028e-17,2.289088226040541,1.5707963267948966,18.57081746567271,461.0,0.01234796935592531,3.9972097527471404,0.0,0.02695668607127001,-1580.0528407551567,9.78978469302085,-155.6237700995758,0.04032700330272922,0.08834489179888338,-0.6717854348802046,0.0387663260519696,0.08904077193492388,-0.6717854348802046,-8.863066465861769e-18,1.6834105654983114e-19,-5.099081052211206e-19,-8.86465638950525e-18,1.2368735079358547e-20,-5.099081052211206e-19,-1580.0140744291048,9.878825464955774,-156.295555534456,-1680434.2176784538,279.89938802466946,137457.11916009162,0.05800946176390626,4570.421518799053
248.5419669875923,2001.0,12.0,14.0,14.0,25.0,36.0,1.0,3509230.7795714303,-21829.212034980428,347009.06691330817,-261.98228387699316,-286.75259270633256,4558.300111420103,3526413.5422989773,4574.818211936048,3508301.668013288,-83645.59166361362,347009.06691330817,3526413.5422989773,-272.9221547872029,-530.7696300418432,4558.300111420103,4597.205978474422,12743119.709893147,0.7238353566200161,1.6336213252822165,1.0215721428991925e-07,3.972438291884831e-06,0.09875382720079191,0.09856233215062125,-0.023837672907300492,130213.54229897726,0.041460284319002554,0.041258263461673855,1649.9787320196629,-16087037281.395279,-1011999891.2711315,-197099835.73330864,-16086598346.472982,-1884928713.5218785,16118837187.369848,16197853282.4894,-0.9948639392208432,0.023719734132226163,-0.09840282846891585,0.02383541540615553,0.9997158961287032,0.0,-0.09837487184440127,0.002345472293697277,0.9951466642406621,4561.780927026644,-537.1240492680777,-0.1172047322194507,2.5201724203214254e-09,162.35297799707794,0.0,-69.17648899853897,3.1,0.0,2.9950894636381084e-17,2.2891352291490747,1.5707963267948966,18.56136311645095,461.0,0.012260607002386677,4.000901042691016,0.0,0.026766365133738177,-1579.9412112541638,9.828043200818769,-156.23193797534898,0.04019719358072426,0.08773072541365101,-0.6670458692239689,0.038645462396652994,0.08842523841935926,-0.6670458692239689,-8.801214561955014e-18,1.6740242946640255e-19,-5.08357527667177e-19,-8.802797809599902e-18,1.2331352862868716e-20,-5.08357527667177e-19,-1579.902565791767,9.916468439238129,-156.89898384457294,-1680436.226568222,280.08787246104976,137507.1354777139,0.05811182793378486,4570.381735663329
248.8419669875923,2001.0,12.0,14.0,14.0,25.0,36.0,1.0,3509152.030668927,-21915.23684376987,348376.5416145856,-263.01038364552846,-286.7461272253627,4558.197811647886,3526470.5396048767,4574.774868066808,3508219.6345978174,-83804.81714153606,348376.5416145856,3526470.5396048767,-273.96726543580115,-530.7335400456734,4558.197811647886,4597.162542609448,12743104.58395249,0.7238350289651964,1.6336213187346988,1.0215721428991925e-07,3.946304652588571e-06,0.09914270267289885,0.09895040688714243,-0.02388359066700736,130270.53960487666,0.041623487083721954,0.04142066900519612,1639.5011308789253,-16087035754.797993,-1011999689.4892946,-197103818.900123,-16086602829.652046,-1884889602.5104525,16118835651.115688,16197853232.08129,-0.994824597341141,0.023764502269435085,-0.0987890123289161,0.023881320095305192,0.9997148006059056,0.0,-0.0987608377624567,0.002359212025325896,0.9951084016543511,4561.7060624772985,-537.1248751231346,-0.11720681672539444,2.502258981324479e-09,162.45791372125237,0.0,-69.31582744250474,3.1,0.0,2.995277483431731e-17,2.289165935111603,1.5707963267948966,18.555192201365955,461.0,0.012173125030681506,4.0045660835845736,0.0,0.02657582056517688,-1579.8291511615569,9.866295252473744,-156.84000328667867,0.040064656951510846,0.08712279753468277,-0.662294908843113,0.038521788421951,0.08781588924383796,-0.662294908843113,-8.738985675907595e-18,1.6645332066730675e-19,-5.067570047310076e-19,-8.740562123769521e-18,1.2292770432913862e-20,-5.067570047310076e-19,-1579.7906293731348,9.954111141717583,-157.50229819552177,-1680438.221229611,280.27635689743,137557.23954326182,0.05821419676333155,4570.341883632067
249.14196698759227,2001.0,12.0,14.0,14.0,25.0,37.0,1.0,3509072.9733488816,-22001.259708753856,349743.9855592434,-264.0384104118718,-286.7396372469932,4558.095119289592,3526527.760156043,4574.731360225753,3508137.2876619026,-83964.03177860819,349743.9855592434,3526527.760156043,-275.01230072524623,-530.697360781613,4558.095119289592,4597.118942422782,12743089.565806052,0.7238347036457947,1.6336213122306356,1.0106459234841571e-07,3.920251680784777e-06,0.09953156543456351,0.09933846895594096,-0.023929509522752638,130327.76015604287,0.0417866839192431,0.041583068625065646,1629.0518813878298,-16087034239.050728,-1011999489.0918442,-197107833.3604171,-16086607346.82301,-1884850341.379341,16118834125.777063,16197853198.440523,-0.9947851048552852,0.02380926437819759,-0.09917516870582294,0.02392722582982713,0.9997137029490435,0.0,-0.09914677514749434,0.0023729866583354297,0.9950699904590489,4561.6309118489835,-537.1257051177041,-0.11720890947731309,2.4846719531871414e-09,162.57931473155102,0.0,-69.47931473155104,3.139657365775517,0.0,2.9954941227502324e-17,2.289201314997241,1.5707963267948966,18.5480872388144,461.0,0.01208723621697654,4.008204973007317,0.0,0.026389231176299908,-1579.7166606060457,9.904540823233395,-157.4479656396038,0.03993626496030841,0.08653043755658596,-0.6576434891709884,0.03840200946051428,0.08722217351172092,-0.6576434891709884,-8.67813306042703e-18,1.6552751087277432e-19,-5.052114995274696e-19,-8.679702907706008e-18,1.2255826868193552e-20,-5.052114995274696e-19,-1579.6782585965852,9.991762996745116,-158.1056091287748,-1680440.2016808297,280.4648413338102,137607.4313567354,0.05831656825722002,4570.301962707261
249.42162752373875,2001.0,12.0,14.0,14.0,25.0,37.0,1.0,3508998.9982294166,-22081.44862103868,351018.69145917584,-264.99667283638667,-286.73356520558906,4557.999035673428,3526581.3022957467,4574.690654375415,3508060.2413615747,-84112.44216180242,351018.69145917584,3526581.3022957467,-275.9864163984315,-530.663554011907,4557.999035673428,4597.078150172443,12743075.659067672,0.7238344024018165,1.633621306205308,1.0106459234841571e-07,3.8961336438980176e-06,0.09989405250404249,0.09970020966277812,-0.023972316153371705,130381.30229574675,0.041938810938278885,0.04173445248329528,1619.334923505783,-16087032835.448769,-1011999303.481144,-197111603.92729717,-16086611587.955034,-1884813606.8555574,16118832713.290867,16197853181.786772,-0.994748154275611,0.023850986253187073,-0.09953511953082392,0.0239700201830988,0.9997126777891845,0.0,-0.09950652088022653,0.002385858824081001,0.9950340496585957,4561.560598589157,-537.1264825577006,-0.11721086777085567,2.4684478499081613e-09,162.73229227356217,0.0,-69.63229227356217,3.2,0.0,2.995765269721365e-17,2.289245596658095,1.5707963267948966,18.539202556461507,461.0,0.012008007523267233,4.011574360508921,0.0,0.026217363754495213,-1579.6114091483373,9.940187554888286,-158.0146161720229,0.039818108150751735,0.08598484306007843,-0.6533623034377164,0.03829178749038509,0.0866753366509901,-0.6533623034377164,-8.622279674535001e-18,1.6467842373126445e-19,-5.037986036764481e-19,-8.623843481086314e-18,1.2222228401792258e-20,-5.037986036764481e-19,-1579.573117360847,10.026862891539276,-158.66797847546061,-1680442.035574222,280.65332577019046,137657.71091813463,0.05841894242012422,4570.2619728909
249.68094859603173,2001.0,12.0,14.0,14.0,25.0,37.0,1.0,3508930.163802117,-22155.80394446474,352200.6650704479,-265.88518458870965,-286.72791576274994,4557.909635391122,3526631.123687994,4574.652781736845,3507988.5551563487,-84250.05033146069,352200.6650704479,3526631.1236879947,-276.889626569586,-530.632136685577,4557.909635391122,4597.040197146048,12743062.84743332,0.723834124880008,1.6336213006519957,9.996002811937589e-08,3.873728746421512e-06,0.10023016626400234,0.10003563137992384,-0.02401201035320617,130431.12368799467,0.04207986925587446,0.04187482169386398,1610.3475914299488,-16087031542.35274,-1011999132.4455111,-197115124.73953864,-16086615547.017817,-1884779427.4659104,16118831412.007664,16197853179.361614,-0.9947137741720632,0.023889669028768656,-0.09986886995488546,0.024009702959013658,0.9997117255308252,0.0,-0.09984008030941213,0.0023978219024691637,0.9950006074440026,4561.49517708309,-537.1272066744149,-0.11721269004281834,2.4527896980588173e-09,162.8746391085562,0.0,-69.7746391085562,3.2,0.0,2.996017473674616e-17,2.2892867846893585,1.5707963267948966,18.530946481849632,461.0,0.011931556828070396,4.014678344990948,0.0,0.026050842195344665,-1579.5134784760103,9.97323666277661,-158.53997419093682,0.03969566893685055,0.08545636472210519,-0.6492140612158267,0.03817712674825709,0.08614547810018248,-0.6492140612158267,-8.568129628754296e-18,1.6384298218548365e-19,-5.023246275619955e-19,-8.5696873538291e-18,1.2186696446188096e-20,-5.023246275619955e-19,-1579.475301349262,10.059382140876792,-159.18918825215263,-1680443.7250588574,280.8418102065707,137708.0782274595,0.058521319256718406,4570.221914184963
249.9809485960317,2001.0,12.0,14.0,14.0,25.0,37.0,1.0,3508850.244072804,-22241.821335673405,353568.02239658975,-266.91300575917074,-286.7213572844871,4557.80584534373,3526688.968481278,4574.608815321363,3507905.331544102,-84409.2345100292,353568.02239658975,3526688.968481278,-277.9344496467921,-530.595707842933,4557.80584534373,4596.996137406609,12743048.125984903,0.7238338059887707,1.63362129426855,9.996002811937589e-08,3.847934561584192e-06,0.10061899321189795,0.10042365777068153,-0.024057932297931447,130488.96848127758,0.042243049386759574,0.04203720462478944,1599.9791190177202,-16087030056.469,-1011998935.8748213,-197119227.33665624,-16086620158.741644,-1884739746.5752938,16118829916.71391,16197853192.128256,-0.9946738606366909,0.023934414195414266,-0.10025494892135305,0.024055611640282432,0.9997106219044649,0.0,-0.10022593733516622,0.002411694116268421,0.9949617807819439,4561.419226528412,-537.1280482496572,-0.11721480585741072,2.4353094556167195e-09,162.96995497325372,0.0,-69.86995497325373,3.2,0.0,2.99618859431568e-17,2.2893147308108337,1.5707963267948966,18.525349057598923,461.0,0.011846194252731816,4.018244991618608,0.0,0.02586483341345167,-1579.3997847756975,10.011463980237403,-159.1476465603062,0.03956159253400586,0.08485610287198285,-0.6445761084226698,0.038051875152846686,0.08554374667852357,-0.6445761084226698,-8.50731662891227e-18,1.6290835204794096e-19,-5.006999513843035e-19,-8.50886759765046e-18,1.2147484854604863e-20,-5.006999513843035e-19,-1579.3617329005447,10.097007726915926,-159.7922226687289,-1680445.6663970202,281.030294642951,137758.53328471005,0.05862369877167728,4570.181786591419
250.2312143645081,2001.0,12.0,14.0,14.0,25.0,38.0,1.0,3508783.3375978,-22313.57718989218,354708.6743129668,-267.770377314228,-286.7158673378557,4557.718961427972,3526737.394471529,4574.572012211675,3507835.6650043665,-84542.0206426285,354708.6743129668,3526737.394471529,-278.80600270270986,-530.5652499417938,4557.718961427972,4596.959256176732,12743035.92409508,0.7238335416757257,1.633621288976249,9.884312124119404e-08,3.826495176788321e-06,0.10094335026122403,0.10074734701963511,-0.02409624211859407,130537.39447152847,0.04237917278708006,0.04217266298990149,1591.3522449731827,-16087028824.869432,-1011998772.9233369,-197122674.07696137,-16086624031.572876,-1884706529.1935616,16118828677.3134,16197853215.256584,-0.9946404488474837,0.023971736816910602,-0.10057700209519539,0.024093910357260225,0.9997096996046884,0.0,-0.1005478045517279,0.0024232932724836116,0.9949292772099648,4561.355648286487,-537.1287534761823,-0.1172165772208584,2.421808951223775e-09,163.0684861788212,0.0,-69.9684861788212,3.2342430894105965,0.0,2.996364375554183e-17,2.2893434380656315,1.5707963267948966,18.51960282501785,461.0,0.01178025018967365,4.021201138921535,0.0,0.025721560242616924,-1579.3046103434226,10.043348915746018,-159.65449866015211,0.03946668471459907,0.08439647011500127,-0.6410048053413588,0.03796361682803206,0.08508317793529008,-0.6410048053413588,-8.46058745202243e-18,1.6220322595702672e-19,-4.995624917143846e-19,-8.46213347907707e-18,1.2120318200909183e-20,-4.995624917143846e-19,-1579.2666467265947,10.128432093681308,-160.29550346549348,-1680447.2754808366,281.2187790793312,137809.07608988625,0.05872608096967576,4570.141590112227
250.4814801329845,2001.0,12.0,14.0,14.0,25.0,38.0,1.0,3508716.2165579493,-22385.331668214607,355849.3044540444,-268.6276971698457,-286.7103603194692,4557.631804217459,3526785.97577044,4574.535094762722,3507765.7803508444,-84674.79914506114,355849.3044540444,3526785.97577044,-279.6775024033015,-530.5347299299909,4557.631804217459,4596.922260363658,12743023.786639906,0.7238332787587471,1.6336212837102502,9.884312124119404e-08,3.8051100579830785e-06,0.10126769831862209,0.10107102729903265,-0.024134552716381683,130585.97577043995,0.04251529198751068,0.04230811715904755,1582.7404403984547,-16087027599.753044,-1011998610.8045101,-197126142.96495444,-16086627926.97434,-1884673207.2774909,16118827444.435558,16197853248.976564,-0.9946069323315146,0.024009055192685355,-0.10089903580732816,0.02413220981577545,0.9997087758189419,0.0,-0.10086965156825561,0.002434916702311883,0.9948966702995601,4561.291870811165,-537.1294615564927,-0.11721835432327157,2.4092072688680176e-09,163.18850220125697,0.0,-70.08850220125697,3.3,0.0,2.996577447405102e-17,2.2893782353395995,1.5707963267948966,18.512642517189448,461.0,0.011718682526942003,4.024141545153523,0.0,0.02558820881045124,-1579.209136763299,10.075229262798796,-160.1612778636099,0.039385995508322426,0.08397186902700954,-0.6376821164962092,0.037888969283051126,0.08465788466964459,-0.6376821164962092,-8.417221373879123e-18,1.615608638890008e-19,-4.98609051903169e-19,-8.418763045216786e-18,1.2097856020386475e-20,-4.98609051903169e-19,-1579.171247794016,10.15988714746844,-160.79895998010613,-1680448.8760706019,281.40726351571146,137859.70664298808,0.058828465855389166,4570.101324749343
250.64144489103595,2001.0,12.0,14.0,14.0,25.0,38.0,1.0,3508673.201767046,-22431.19493926587,356578.36045382457,-269.17565130553385,-286.70683140751777,4557.5759519939065,3526817.109299624,4574.51143802534,3507720.997255667,-84759.6644420322,356578.36045382457,3526817.109299624,-280.2345191370682,-530.5151896335783,4557.5759519939065,4596.898553409798,12743016.063523807,0.7238331114636776,1.633621280358451,9.771344846937065e-08,3.791430558279925e-06,0.10147501023787407,0.10127791239637866,-0.024159040474703804,130617.10929962387,0.04260229439052831,0.042394694489739315,1577.2445182353258,-16087026820.195572,-1011998507.6304383,-197128371.84468776,-16086630428.772974,-1884651853.8479068,16118826659.938383,16197853276.194443,-0.9945854544048787,0.02403290610634025,-0.10110486294103183,0.024156690435432313,0.9997081845754824,0.0,-0.1010753589825319,0.0024423588755833185,0.9948757745013571,4561.251001227741,-537.1299156464187,-0.11721949321724746,2.399867210112837e-09,163.2774551417825,0.0,-70.1774551417825,3.3,0.0,2.9967348692572485e-17,2.2894039442790675,1.5707963267948966,18.5075035751275,461.0,0.011673080168704974,4.02601250413151,0.0,0.025488875828842444,-1579.1479553264783,10.095604117827772,-160.48516246561246,0.0393118525909455,0.0836567023859851,-0.635207637035636,0.037819477129273214,0.0843418802132007,-0.635207637035636,-8.384921359817792e-18,1.6106089984328833e-19,-4.97715944025846e-19,-8.386459383203078e-18,1.2076326926011331e-20,-4.97715944025846e-19,-1579.110135849349,10.179945998040973,-161.1203701026481,-1680449.8945344985,281.5957479520917,137910.42494401557,0.05893085343349319,4570.060990504709
250.87713226814998,2001.0,12.0,14.0,14.0,25.0,38.0,1.0,3508609.6653275243,-22498.767506469037,357652.5138596249,-269.98295216220356,-286.70161933154327,4557.4934577714075,3526863.0961293555,4574.47649798474,3507654.852807193,-84884.69677852164,357652.5138596249,3526863.0961293555,-281.055171323897,-530.486353334314,4557.4934577714075,4596.863539200508,12743004.7393974,0.7238328661651874,1.6336212754422195,9.771344846937065e-08,3.7713187512970597e-06,0.10178045078684499,0.10158272411092864,-0.024195120600606114,130663.09612935549,0.042730478032313876,0.0425222518454009,1569.162899121642,-16087025677.143774,-1011998356.3231128,-197131672.3947794,-16086634132.346151,-1884620314.6169622,16118825509.642017,16197853324.88513,-0.9945537315176076,0.02406804416981212,-0.10140810803009045,0.02419276001686625,0.9997073123483524,0.0,-0.1013784271290931,0.0024533420213364255,0.994844910338168,4561.190637106317,-537.1305868406638,-0.11722117550283719,2.3861153916127147e-09,163.40442304193644,0.0,-70.30442304193642,3.3,0.0,2.996959647261541e-17,2.2894406533129623,1.5707963267948966,18.500170946465197,461.0,0.011605938805747649,4.0287557584380345,0.0,0.025342618003140076,-1579.0575898022717,10.125620396981459,-160.96230997219917,0.039201614423874064,0.08319190443930652,-0.6315639357039626,0.03771611232080872,0.08387582732278077,-0.6315639357039626,-8.337337816769058e-18,1.6032270216685584e-19,-4.963860882065897e-19,-8.338870437623823e-18,1.2044263405662232e-20,-4.963860882065897e-19,-1579.0198736899508,10.209496224304239,-161.59387390790312,-1680451.3878735844,281.784232388472,137961.23099296875,0.059033243708663814,4570.0205873802615
251.118396291478,2001.0,12.0,14.0,14.0,25.0,39.0,1.0,3508544.428468636,-22567.937647394003,358752.06285451946,-270.809306851863,-286.6962682813612,4557.408760871038,3526910.313709485,4574.4406264141335,3507586.94297161,-85012.68048378531,358752.06285451946,3526910.313709485,-281.89519172511564,-530.4567777256771,4557.408760871038,4596.827591482733,12742993.213251984,0.7238326164909344,1.6336212704368813,9.771344846937065e-08,3.7508623292079652e-06,0.10209311008742487,0.10189473972886096,-0.02423205514548589,130710.31370948488,0.04286169076500627,0.04265282347693807,1560.9096063226461,-16087024513.681538,-1011998202.2926859,-197135071.55768555,-16086637944.955832,-1884587933.2254212,16118824338.804514,16197853385.143036,-0.9945211618614848,0.024104009720159813,-0.10171851023827033,0.02422968373495102,0.9997064181178914,0.0,-0.1016886475265893,0.0024646073330636675,0.9948132209992522,4561.1286619388475,-537.131276568398,-0.11722290286634385,2.3726246544328856e-09,163.47187672783556,0.0,-70.37187672783557,3.3,0.0,2.9970811744942005e-17,2.2894605002162067,1.5707963267948966,18.496209031252953,461.0,0.01154005705202621,4.031547919510168,0.0,0.025199039440046825,-1578.9648115016082,10.156342648609577,-161.45067986160268,0.039096473819810455,0.08272698159295776,-0.6279832569924765,0.03761782910261989,0.08340975172143111,-0.6279832569924765,-8.290343220348916e-18,1.5959790809051903e-19,-4.951089539485294e-19,-8.291870589976593e-18,1.201343137179488e-20,-4.951089539485294e-19,-1578.9271936725056,10.239752400331009,-162.07866311859516,-1680452.9078561142,281.9727168248522,138012.12478984756,0.059135636685577406,4569.980115377926
251.36937180864626,2001.0,12.0,14.0,14.0,25.0,39.0,1.0,3508476.354096992,-22639.890691223765,359895.84978930885,-271.6688728795092,-286.69068503715073,4557.32038550293,3526959.5850539315,4574.403198396406,3507516.0845305417,-85145.80828067065,359895.84978930885,3526959.5850539315,-282.7689719020753,-530.4259504274428,4557.32038550293,4596.790084012754,12742981.29329834,0.7238323582864938,1.633621265259327,9.65705618025044e-08,3.729609131738165e-06,0.10241834574536651,0.10221930582753468,-0.024270477175578495,130759.58505393146,0.04299818095915193,0.04278864676787217,1552.3454523682594,-16087023310.44749,-1011998042.9789116,-197138629.6382382,-16086641933.9472,-1884554145.4459517,16118823127.941956,16197853458.944544,-0.9944871779631996,0.024141418756679255,-0.10204138752097597,0.0242680944671377,0.9997054864263445,0.0,-0.1020113349472764,0.002476350031916851,0.994780154221421,4561.0639959131595,-537.1319969077177,-0.11722470542213542,2.3581244838205618e-09,163.58452872551845,0.0,-70.48452872551846,3.3422643627592294,0.0,2.9972813051119487e-17,2.2894931840264103,1.5707963267948966,18.489688388390828,461.0,0.011469261657020748,4.034435435153113,0.0,0.025045246183333165,-1578.8680038800442,10.188296974546654,-161.9586352058537,0.03897931659530136,0.08223408245536334,-0.6241505334401211,0.03750798847276921,0.08291551266342653,-0.6241505334401211,-8.240195970663311e-18,1.5881790297373083e-19,-4.936901380519989e-19,-8.241717615451633e-18,1.1979498950077616e-20,-4.936901380519989e-19,-1578.8304958915714,10.27121248721008,-162.58278573929383,-1680454.4797740392,282.16120126123246,138063.106334652,0.0592380323689106,4569.939574499624
251.64485956723038,2001.0,12.0,14.0,14.0,25.0,39.0,1.0,3508401.3826911314,-22718.86961906117,361151.3223697843,-272.61233018105855,-286.6845367762608,4557.223062797772,3527013.848392894,4574.361982865947,3507438.053034364,-85291.92946770511,361151.3223697843,3527013.8483928945,-283.7280296876432,-530.3920404682117,4557.223062797772,4596.748780988403,12742968.294519559,0.7238320767134233,1.6336212596108861,9.65705618025044e-08,3.7063474645947203e-06,0.10277533589151308,0.10257556106760274,-0.024312652716413044,130813.84839289449,0.04314799692746989,0.04293773070260962,1542.971034437418,-16087021998.290815,-1011997869.2079319,-197142561.25124383,-16086646339.737785,-1884516936.8608773,16118821807.463982,16197853553.312899,-0.9944497537577146,0.024182476489727673,-0.10239577668070261,0.02431025756510674,0.9997044620172094,0.0,-0.10236551483941612,0.0024892677046870313,0.99474373831553,4560.992783881394,-537.1327909546304,-0.11722669067577404,2.34204331631586e-09,163.7395668368414,0.0,-70.6395668368414,3.4,0.0,2.99755536482016e-17,2.289537941373329,1.5707963267948966,18.480766706392615,461.0,0.011390756346682015,4.037584114583494,0.0,0.02487484355005228,-1578.761395316605,10.22336682363653,-162.51611586916133,0.03884680221675832,0.08169195379075024,-0.6199057290549047,0.03738354559220691,0.08237183909306262,-0.6199057290549047,-8.184769105104486e-18,1.5795188734299118e-19,-4.920888677685129e-19,-8.186284353000722e-18,1.1941289865080612e-20,-4.920888677685129e-19,-1578.7240117710128,10.305738662729592,-163.13602159821622,-1680456.1939630397,282.3496856976127,138114.1756273821,0.05934043076334048,4569.8989647472645
251.94485956723037,2001.0,12.0,14.0,14.0,25.0,39.0,1.0,3508319.4448914146,-22804.87397258459,362518.4733398343,-273.63966153088194,-286.6778179827349,4557.116704477252,3527073.1539326985,4574.316942879197,3507352.777976799,-85451.04152988578,362518.4733398343,3527073.153932699,-284.77234731244613,-530.3550277847114,4557.116704477252,4596.7036453872,12742954.237667067,0.7238317722213329,1.6336212534997203,9.541398640621977e-08,3.681129732130503e-06,0.10316407753561804,0.10296350246125484,-0.024358582026885272,130873.15393269854,0.0433111372746908,0.04310007388717206,1532.791532203555,-16087020579.30043,-1011997681.2429829,-197146873.77020288,-16086651169.609873,-1884476273.691429,16118820379.471914,16197853671.664465,-0.9944088554177246,0.024227181518650266,-0.10278167123798523,0.024356173276065797,0.9997033444094034,0.0,-0.10275118048060163,0.0025033681942759965,0.9947039399024851,4560.914961485306,-537.133659636092,-0.11722886048364932,2.3250988763718503e-09,163.90450561814075,0.0,-70.80450561814075,3.4,0.0,2.997846949333123e-17,2.289585560738058,1.5707963267948966,18.47128430172047,461.0,0.011308029277303323,4.040989014908343,0.0,0.024694626879927902,-1578.6448892840226,10.2615506692268,-163.1230975965726,0.038708438824809184,0.08111943690396974,-0.6154160924681589,0.03725367636041369,0.08179773760627292,-0.6154160924681589,-8.12614153007365e-18,1.5703860250962363e-19,-4.904183900690664e-19,-8.12765006969078e-18,1.1901013458461905e-20,-4.904183900690664e-19,-1578.6076356076621,10.343348406833073,-163.73851368904076,-1680458.0476874113,282.538170133993,138165.33266803788,0.05944283187354449,4569.858286122748
252.24485956723035,2001.0,12.0,14.0,14.0,25.0,40.0,1.0,3508237.198902822,-22890.876307072795,363885.5923479584,-274.6669170203051,-286.6710747227661,4557.009954129446,3527132.6825485383,4574.271739022835,3507267.1896348316,-85610.14247515089,363885.5923479584,3527132.6825485383,-285.81658667159263,-530.3179259814964,4557.009954129446,4596.658345566784,12742940.283488097,0.7238314699537741,1.6336212474310776,9.541398640621977e-08,3.6559506278773986e-06,0.10355280595714529,0.10335143068957454,-0.024404512479253904,130932.68254853878,0.04347427145982219,0.043262410915408514,1522.644442975521,-16087019170.645685,-1011997494.6150154,-197151218.80518508,-16086656032.9014,-1884435460.5768118,16118818961.879036,16197853806.262072,-0.9943678067422876,0.02427188035730288,-0.10316753723169607,0.02440209007720184,0.9997022246648569,0.0,-0.10313681648372101,0.002517503536570922,0.9946639931462015,4560.836853374769,-537.1345324768735,-0.11723103854080939,2.3080907004174874e-09,163.98954649791256,0.0,-70.88954649791256,3.4,0.0,2.9979999618092784e-17,2.289610549571779,1.5707963267948966,18.46631232296617,461.0,0.01122498764374737,4.04436895871421,0.0,0.024513623113889244,-1578.5279541521736,10.299727782675218,-163.72997236735176,0.0385661947886744,0.08053273161119714,-0.6109021449014845,0.037120205208953254,0.08120937511447979,-0.6109021449014845,-8.066873975624602e-18,1.5610970576940229e-19,-4.886816890962777e-19,-8.068375632149322e-18,1.1859063364873074e-20,-4.886816890962777e-19,-1578.4908339469646,10.380937157789697,-164.34087451225324,-1680459.8878759257,282.7266545703732,138216.5774566193,0.05954523570420027,4569.81753862797
252.54485956723033,2001.0,12.0,14.0,14.0,25.0,40.0,1.0,3508154.6447488903,-22976.876614947218,365252.6792727318,-275.6940963533003,-286.6643069812903,4556.902811675383,3527192.434224152,4574.226371170992,3507181.288032725,-85769.2322765408,365252.6792727318,3527192.434224152,-286.8607474640519,-530.2807350554267,4556.902811675383,4596.612881400997,12742926.426772984,0.7238311697979003,1.6336212414027624,9.424321830774487e-08,3.6308415331736136e-06,0.10394152111799476,0.10373934570307283,-0.024450444077865174,130992.43422415294,0.04363739946154232,0.043424741766034815,1512.5266058146954,-16087017771.800993,-1011997309.2555144,-197155596.47049955,-16086660929.081041,-1884394497.4708982,16118817554.156498,16197853956.575258,-0.994326607758267,0.0243165729899868,-0.10355337455612156,0.024448007972759107,0.9997011027833089,0.0,-0.10352242274068776,0.0025316737267541698,0.9946238980730554,4560.758459450576,-537.1354094607265,-0.11723322484708767,2.292891443961769e-09,164.1310855603823,0.0,-71.03108556038231,3.4,0.0,2.99825085538158e-17,2.2896515236015933,1.5707963267948966,18.45816579254184,461.0,0.01115075231138658,4.047725238939759,0.0,0.0243519135217501,-1578.4105900554348,10.337898139614568,-164.33673979371216,0.03845271463822243,0.0800172386250741,-0.6068722939235742,0.037014243672610136,0.08069272275475191,-0.6068722939235742,-8.014211265181421e-18,1.5530568252281305e-19,-4.873200670608216e-19,-8.015707217553507e-18,1.1826260833146427e-20,-4.873200670608216e-19,-1578.3735758117623,10.418590862369319,-164.94361208763573,-1680461.7152155098,282.91513900675346,138267.90999312635,0.05964764225998597,4569.776722264816
252.81860068396335,2001.0,12.0,14.0,14.0,25.0,40.0,1.0,3508079.0476619867,-23055.347574780917,366500.0775167872,-276.63130038506847,-286.6581102412444,4556.804705162557,3527247.1504725376,4574.184831148763,3507102.6320536984,-85914.38726339747,366500.0775167872,3527247.1504725376,-287.813444467431,-530.2467216683564,4556.804705162557,4596.571253189475,12742913.863474691,0.7238308976596681,1.6336212359349012,9.424321830774487e-08,3.608112413266625e-06,0.10429620058814341,0.10409329509480222,-0.024492356305388402,131047.15047253715,0.0437862435188123,0.04357285845158981,1503.3163119852543,-16087016503.50302,-1011997141.1601309,-197159619.52853274,-16086665424.93797,-1884356988.9285247,16118816277.807034,16197854106.985626,-0.994288883778348,0.024357348265739674,-0.10390541458590108,0.024489907651348803,0.9997000772347816,0.0,-0.10387425098663731,0.0025446340076838284,0.9945871831165591,4560.686677847429,-537.1362132811696,-0.11723522698383483,2.2782427221322478e-09,164.27757277867752,0.0,-71.17757277867751,3.438786389338761,0.0,2.9985097504886836e-17,2.289693804381208,1.5707963267948966,18.44976724520502,461.0,0.011079226655801046,4.050768164199607,0.0,0.024196505044510323,-1578.3031246192897,10.372721544205808,-164.8903031143135,0.0383354237319434,0.07952261358566128,-0.60300049970358,0.03690426927154756,0.08019679353774163,-0.60300049970358,-7.963645713122988e-18,1.5452117783186713e-19,-4.859064048738798e-19,-7.965135954680075e-18,1.179245536087328e-20,-4.859064048738798e-19,-1578.266220350018,10.452918337743549,-165.49330361401707,-1680463.3719905652,283.1036234431337,138319.33027755906,0.05975005154557995,4569.735837035167
253.08591533818856,2001.0,12.0,14.0,14.0,25.0,41.0,1.0,3508004.9777450226,-23131.97467741099,367718.1653509515,-277.54644060406946,-286.65203932335766,4556.70858697682,3527300.761384745,4574.144134695421,3507025.570963837,-86056.12553505166,367718.1653509515,3527300.761384745,-288.743711994859,-530.2134352164206,4556.70858697682,4596.53047033617,12742901.676630609,0.7238306336763429,1.633621230628572,9.185692672385244e-08,3.585827517047145e-06,0.10464254271624122,0.10443892432807896,-0.024533285511458957,131100.7613847456,0.04393158824755909,0.04371749288940343,1494.3478048592806,-16087015273.186789,-1011996978.0629596,-197163574.54531726,-16086669841.989574,-1884320240.4994514,16118815039.678188,16197854266.817574,-0.9942519246890226,0.02439716127333236,-0.10424916677833647,0.024530824561294524,0.9996990740449563,0.0,-0.10421779549826118,0.0025573180209005055,0.9945512109620211,4560.616351934123,-537.137001574174,-0.11723718874590049,2.262925318644116e-09,164.41537340677942,0.0,-71.31537340677941,3.5,0.0,2.998753402824933e-17,2.289733595827431,1.5707963267948966,18.44187039326107,461.0,0.01100445814459505,4.053719752116541,0.0,0.024034220991693882,-1578.1978376158581,10.406721953724746,-165.4307839044131,0.03820266344418043,0.07900366777201279,-0.5989570364539044,0.036779319818004065,0.07967624896658267,-0.5989570364539044,-7.910771704638479e-18,1.5368498836642665e-19,-4.84293285827232e-19,-7.912255676050318e-18,1.1753951143745773e-20,-4.84293285827232e-19,-1578.1610582960402,10.48639820269133,-166.029740940867,-1680464.9791241363,283.29210787951394,138370.83830991745,0.059852463565661075,4569.694882940887
253.36198295350275,2001.0,12.0,14.0,14.0,25.0,41.0,1.0,3507928.2257111096,-23211.109154799753,368976.11128857895,-278.49148210589476,-286.6457492463393,4556.608995018396,3527356.313591034,4574.101969201068,3506945.7255696882,-86202.49554032797,368976.11128857895,3527356.313591034,-289.70437411506225,-530.1789846142675,4556.608995018396,4596.488215321625,12742889.176793396,0.7238303629135792,1.633621225184456,9.185692672385244e-08,3.5629358832544818e-06,0.10500021430585331,0.10479585973238237,-0.02457555587067057,131156.31359103415,0.04408168694350016,0.04386685804150412,1485.1152009814978,-16087014011.248589,-1011996810.7511845,-197167686.5421919,-16086674431.556425,-1884282163.89755,16118813769.725153,16197854445.471785,-0.9942136302072169,0.02443827271097807,-0.10460415066856171,0.024573082178329705,0.9996980362250678,0.0,-0.10457256400435226,0.002570446390572949,0.9945139373899738,4560.5434853294455,-537.1378191592347,-0.11723922162001378,2.247053259704528e-09,164.49473370147737,0.0,-71.39473370147736,3.5,0.0,2.99889600867347e-17,2.289756885129887,1.5707963267948966,18.437251735370715,461.0,0.010926980041229752,4.056747061303619,0.0,0.023865317653068308,-1578.088745913234,10.441829986395415,-165.9888718553525,0.0380609391913486,0.07845563626435262,-0.5947449295799537,0.036645900792865505,0.07912648045282564,-0.5947449295799537,-7.855444841857333e-18,1.5280411571573483e-19,-4.825552098902814e-19,-7.856922144933277e-18,1.1711946879909258e-20,-4.825552098902814e-19,-1578.0521000124413,10.520956466848242,-166.58361678493245,-1680466.6275367085,283.4805923158942,138422.43409020148,0.05995487832490849,4569.65385998384
253.66198295350273,2001.0,12.0,14.0,14.0,25.0,41.0,1.0,3507844.524231797,-23297.101850964445,370343.07770029514,-279.5183754026237,-286.6388904068452,4556.500393313173,3527416.895738039,4574.055991124779,3506858.657676853,-86361.54360917179,370343.07770029514,3527416.895738039,-290.74823985568503,-530.1414619845604,4556.500393313173,4596.442139629021,12742875.691187952,0.7238300707982659,1.633621219308736,9.064022496787044e-08,3.538233580516025e-06,0.10538887964136523,0.10518372510930168,-0.024621491776271928,131216.89573803917,0.04424479172641036,0.04402916569504622,1475.1148921102285,-16087012649.764038,-1011996630.2065011,-197172186.77442792,-16086679450.982384,-1884240642.549606,16118812399.591345,16197854655.13665,-0.994171871749544,0.02448294209667055,-0.10498988031376669,0.024619004187009533,0.9996969063835498,0.0,-0.10495805855125172,0.002584746303038252,0.9944732902555508,4560.464027787357,-537.13871162599,-0.11724143864580033,2.2305568711036514e-09,164.6625592515405,0.0,-71.5625592515405,3.5,0.0,2.999192124250976e-17,2.289805244473612,1.5707963267948966,18.427668911550878,461.0,0.010846451721991108,4.060013095702246,0.0,0.023689869126756778,-1577.9697856514235,10.479974970417622,-166.595236162641,0.03791840516214194,0.07789775516450502,-0.5903740394386378,0.03651173744386229,0.07856690612808923,-0.5903740394386378,-7.79834716671568e-18,1.519027998164633e-19,-4.808273761894738e-19,-7.799817741330689e-18,1.1670271529963645e-20,-4.808273761894738e-19,-1577.9332739139797,10.55854187654571,-167.18561020207963,-1680468.4059508163,283.66907675227446,138474.11761841117,0.06005729582800162,4569.612768165883
253.9619829535027,2001.0,12.0,14.0,14.0,25.0,41.0,1.0,3507760.514694821,-23383.092486215544,371710.0114792601,-280.54519124887594,-286.6320071110174,4556.39139988893,3527477.700865054,4574.0098492258585,3506771.276634978,-86520.58040825346,371710.0114792601,3527477.700865054,-291.7920257137591,-530.1038503116933,4556.39139988893,4596.39589976399,12742862.304959593,0.7238297808360904,1.6336212134735115,9.064022496787044e-08,3.5135471962149113e-06,0.10577753147527864,0.10557157704464985,-0.02466742884908529,131277.7008650545,0.04440789021961724,0.04419146706477772,1465.1465596705675,-16087011298.28502,-1011996450.9452875,-197176720.2010052,-16086684503.464756,-1884198971.3299086,16118811039.52391,16197854880.710688,-0.9941299631107525,0.024527605202730486,-0.10537558079760631,0.024664927310597523,0.9996957744037748,0.0,-0.10534352284871058,0.002599081040684956,0.9944324949294282,4560.384284727448,-537.1396082558128,-0.11724366392141117,2.2140526223423516e-09,164.768144092935,0.0,-71.73628818586998,3.5681440929349915,0.0,2.9993804926456766e-17,2.289836007367016,1.5707963267948966,18.421578339570278,461.0,0.010765882632631636,4.063254924400052,0.0,0.02351503567920646,-1577.8503970666757,10.51811308367838,-167.2014913074063,0.03777491749860245,0.07734060509978975,-0.586013951528581,0.036376631271072095,0.07800803988433695,-0.586013951528581,-7.741163554560882e-18,1.509973359273032e-19,-4.790732175494273e-19,-7.742627341779084e-18,1.1628424389489413e-20,-4.790732175494273e-19,-1577.8140204354047,10.596121123562716,-167.78750525893486,-1680470.1712632924,283.8575611886547,138525.8888945465,0.06015971607962032,4569.571607488858
254.2619829535027,2001.0,12.0,14.0,14.0,25.0,42.0,1.0,3507676.1971247657,-23469.081052803886,373076.9125013501,-281.57192935297394,-286.62509936807436,4556.282014844326,3527538.728955738,4573.9635435561995,3506683.582469386,-86679.60591047314,373076.9125013501,3527538.7289557382,-292.83573139303303,-530.0661496169397,4556.282014844326,4596.34949577859,12742849.019054033,0.7238294930475373,1.633621207679435,9.064022496787044e-08,3.4890043530808815e-06,0.10616616976008136,0.10595941548818974,-0.02471336709340838,131338.72895573825,0.04457098240250988,0.044353762130110844,1455.211819767952,-16087009956.907167,-1011996272.9840945,-197181286.94311616,-16086689589.09332,-1884157150.278137,16118809689.619335,16197855122.290365,-0.9940879043183388,0.02457226201344443,-0.1057612520137497,0.02471085155328922,0.999694640285478,0.0,-0.1057289567880273,0.002613450598601779,0.9943915514386091,4560.30425622731,-537.1405090567671,-0.11724589744745154,2.1969345840747884e-09,164.91065415925212,0.0,-71.85532707962606,3.6,0.0,2.999632671754047e-17,2.2898771913408025,1.5707963267948966,18.41343107579172,461.0,0.010682336137844061,4.0664723108916565,0.0,0.023333237805685855,-1577.7305802959793,10.556244301798815,-167.80763690168257,0.03761803683322365,0.0767543793393284,-0.5814838103625273,0.036228682050214456,0.07741985559180385,-0.5814838103625273,-7.68184610894561e-18,1.500467551284395e-19,-4.771572645139091e-19,-7.683302643999747e-18,1.1582355281810338e-20,-4.771572645139091e-19,-1577.694351613929,10.63366415739062,-168.3891207120451,-1680471.9233493432,284.04604562503494,138577.7479186075,0.06026213908444482,4569.530377954604
254.56198295350268,2001.0,12.0,14.0,14.0,25.0,42.0,1.0,3507591.571544387,-23555.0675435897,374443.7806521564,-282.5985894522777,-286.6181672020388,4556.172238364636,3527599.9799928116,4573.917074256517,3506595.5752035603,-86838.62008930933,374443.7806521564,3527599.9799928116,-293.879356626598,-530.0283599357459,4556.172238364636,4596.302927814055,12742835.837471431,0.7238292075192563,1.63362120192919,8.940696716308596e-08,3.4645760567563456e-06,0.10655479443701035,0.10634724039248514,-0.024759306513716488,131399.9799928111,0.044734068252148325,0.04451605086811028,1445.3158160597086,-16087008626.033798,-1011996096.3916427,-197185887.1216021,-16086694708.26562,-1884115179.4852743,16118808350.284454,16197855380.28377,-0.9940456953995973,0.02461691251327377,-0.10614689385867368,0.024756776919457636,0.9996935040283897,0.0,-0.10611436026330706,0.002627854971952532,0.9943504598098979,4560.223942453058,-537.1414140518249,-0.11724813922549887,2.179862573379845e-09,165.0856571223174,0.0,-71.98565712231742,3.6,0.0,2.9999409277672784e-17,2.289927533368144,1.5707963267948966,18.403482233937297,461.0,0.01059902021354394,4.06966434016236,0.0,0.02315162508847603,-1577.610335477114,10.594368600693958,-168.4136725621881,0.03745935162590335,0.07617081207875252,-0.5769603084340046,0.0360789056455753,0.07683429055042659,-0.5769603084340046,-7.622723175349191e-18,1.4909653486570197e-19,-4.752241352228859e-19,-7.624172434648897e-18,1.1535660126029366e-20,-4.752241352228859e-19,-1577.5742565714684,10.671202891244384,-168.9906328706221,-1680473.6616813522,284.2345300614152,138629.69469059416,0.06036456484715568,4569.4890795649535
254.8014505703161,2001.0,12.0,14.0,14.0,25.0,42.0,1.0,3507523.8002177775,-23623.702648390117,375534.82583445305,-283.41803941356716,-286.61261623202375,4556.084331038177,3527649.0321225966,4573.879863789602,3506525.100877269,-86965.54109896962,375534.82583445305,3527649.0321225966,-294.71234683357534,-529.9981313854114,4556.084331038177,4596.265638339431,12742825.387974028,0.7238289811714592,1.6336211973686239,8.940696716308596e-08,3.4451342886844684e-06,0.10686499473151036,0.10665680232562832,-0.024795977372165115,131449.03212259617,0.04486424296001267,0.044645589305492256,1437.4412146806717,-16087007570.985212,-1011995956.3648032,-197189583.1788661,-16086698818.338398,-1884081569.831923,16118807288.52592,16197855597.745789,-0.9940118954428363,0.02465254913600127,-0.10645470181836447,0.024793436521781797,0.9996925955039581,0.0,-0.1064219771644007,0.002639377891978829,0.9943175531291616,4560.159629182014,-537.1421394403333,-0.11724993459108672,2.1669677724158594e-09,165.21129015324522,0.0,-72.12258030649045,3.6,0.0,3.0001626132906095e-17,2.2899637373615707,1.5707963267948966,18.396334295314563,461.0,0.010536078198249988,4.07219474710164,0.0,0.023014482482206052,-1577.5140458940514,10.624795401686532,-168.8973464526296,0.037343875003652736,0.07573451464369117,-0.5735429612776107,0.03597002317237778,0.07639659116467513,-0.5735429612776107,-7.578036182833944e-18,1.4838487991783374e-19,-4.738186979376631e-19,-7.57948007257798e-18,1.1501752996314649e-20,-4.738186979376631e-19,-1577.478075870879,10.701191992851207,-169.4708894139072,-1680475.0397199485,284.42301449779546,138681.72921050643,0.06046699337243377,4569.447712321727
254.96010033987878,2001.0,12.0,14.0,14.0,25.0,42.0,1.0,3507478.7929479694,-23669.173381610806,376257.6429346324,-283.96090593599797,-286.60893006911624,4556.025954070979,3527681.6078856997,4573.855153922535,3506478.3010566626,-87049.62358963088,376257.6429346324,3527681.6078857,-295.26418304898516,-529.9780734227306,4556.025954070979,4596.240876006047,12742818.496594237,0.7238288318966519,1.6336211943600771,8.940696716308596e-08,3.432219751866021e-06,0.10707050083405394,0.10686188552464414,-0.02482027260999757,131481.60788570018,0.04495048281234772,0.04473140762415183,1432.2337977588177,-16087006875.17756,-1011995864.0031312,-197192043.6533935,-16086701552.5579,-1884059250.4865339,16118806588.292187,16197855747.057781,-0.9939894499600983,0.024676156542881335,-0.10665861740287289,0.02481772428382925,0.9996919928464826,0.0,-0.10662576578572852,0.0026470241591989314,0.9942957001484556,4560.11692076004,-537.1426214707088,-0.11725112693429761,2.1596382257174593e-09,165.25200985712522,0.0,-72.20401971425045,3.6,0.0,3.00023602388793e-17,2.28997572622193,1.5707963267948966,18.39396853990096,461.0,0.010500275264904208,4.073863499889414,0.0,0.022936499461353996,-1577.450102933433,10.644951029280564,-169.21774659623188,0.037287389040349936,0.07548619983128624,-0.5715969447795765,0.03591717465935359,0.07614770062782446,-0.5715969447795765,-7.552482372405436e-18,1.4799173322112962e-19,-4.731323660192891e-19,-7.553923459252094e-18,1.1485223443087104e-20,-4.731323660192891e-19,-1577.4141857587738,10.72109872990839,-169.78934354101145,-1680475.9485292286,284.6114989341757,138733.85147834438,0.06056942466496037,4569.406276226741
255.19322583927027,2001.0,12.0,14.0,14.0,25.0,43.0,1.0,3507412.501441261,-23735.988598880685,377319.75874054723,-284.75857297253975,-286.6035010654855,4555.939974105376,3527729.588950552,4573.818761096207,3506409.37293161,-87173.1715527463,377319.75874054723,3527729.5889505525,-296.07502921999236,-529.9485543813081,4555.939974105376,4596.204405906003,12742808.413011521,0.7238286134755094,1.6336211899565773,8.815645848363069e-08,3.4133743582615656e-06,0.10737247171772746,0.10716323499302957,-0.02485597348103766,131529.5889505525,0.04507720341666882,0.04485750881522468,1424.5936751961708,-16087005857.04647,-1011995728.8354273,-197195676.26264548,-16086705586.311272,-1884026377.5688543,16118805563.68339,16197855973.763014,-0.993956391644722,0.024710842867828493,-0.10695824303608097,0.024853414142922352,0.9996911061950288,0.0,-0.10692520429741652,0.0026582775101750607,0.9942635134845463,4560.054018541754,-537.1433318744886,-0.11725288319093653,2.148397284850032e-09,165.32739700157862,0.0,-72.3136985007893,3.6136985007893045,0.0,3.000370750291806e-17,2.2899977287134186,1.5707963267948966,18.389628437846028,461.0,0.010445379843488155,4.076305236917631,0.0,0.0228170321304131,-1577.3559258946927,10.674564870265042,-169.6884974784097,0.03719569567892463,0.07510385379705163,-0.5686171721279446,0.035831153756943936,0.07576435212324013,-0.5686171721279446,-7.513392744654764e-18,1.4738261262116262e-19,-4.72016817310434e-19,-7.514829397567963e-18,1.1458419708470618e-20,-4.72016817310434e-19,-1577.3200947409357,10.750329222388283,-170.25711465053763,-1680477.2783160154,284.79998337055594,138786.06149410797,0.0606718587294171,4569.364771281803
255.41431512182973,2001.0,12.0,14.0,14.0,25.0,43.0,1.0,3507349.4607515,-23799.352990891322,378327.019206768,-285.51501263704347,-286.59833872543885,4555.858214878621,3527775.2171160937,4573.784155847139,3506343.828913118,-87290.33439914146,378327.019206768,3527775.2171160933,-296.8439662131596,-529.9205097672196,4555.858214878621,4596.169727177851,12742798.903711103,0.7238284074942272,1.6336211858030023,8.688795409866128e-08,3.395503507013121e-06,0.10765884424383744,0.1074490182198481,-0.024889831787890896,131575.21711609326,0.04519737789310277,0.04497709586191191,1417.3672586083412,-16087004896.884579,-1011995601.3508915,-197199140.17506728,-16086709430.049726,-1883995118.3118987,16118804597.411806,16197856197.45896,-0.9939249564147415,0.024743734797961443,-0.10724238249965515,0.024887261976902095,0.9996902641274912,0.0,-0.10720916568674169,0.0026689692682960583,0.9942329060113619,4559.994204756154,-537.1440079291762,-0.11725455337634318,2.136012497060403e-09,165.45776318883787,0.0,-72.37888159441893,3.6788815944189306,0.0,3.0006001431418686e-17,2.290035191408821,1.5707963267948966,18.38224360756124,461.0,0.010384942993769927,4.0786078169817825,0.0,0.022685879062802596,-1577.2663726261428,10.702645853472857,-170.13488160454466,0.0370790309760792,0.07467731992019802,-0.5653511463753352,0.03572104254553732,0.07533633763363175,-0.5653511463753352,-7.470693362768963e-18,1.4669332749971792e-19,-4.705949705219384e-19,-7.472124713495744e-18,1.142448332812555e-20,-4.705949705219384e-19,-1577.2306515835974,10.777982191106489,-170.70023275092,-1680478.5323704313,284.9884678069362,138838.35925779724,0.060774295570485984,4569.323197488713
255.7143151218297,2001.0,12.0,14.0,14.0,25.0,43.0,1.0,3507263.6522920397,-23885.33143921316,379693.7599890509,-286.54137043702104,-286.59131264390754,4555.74693451168,3527837.324356309,4573.737057239676,3506254.619224167,-87449.30483457854,379693.7599890509,3527837.324356309,-297.8872797258662,-529.8823782873975,4555.74693451168,4596.122528561935,12742786.087400334,0.7238281298801414,1.6336211802032512,8.688795409866128e-08,3.3714515228204073e-06,0.10804741626515346,0.10783679066522307,-0.0249357757661106,131637.32435630914,0.04536043921318657,0.04513936009328746,1407.5939720869064,-16087003602.787346,-1011995429.5025756,-197203869.861426,-16086714674.43994,-1883952572.0467656,16118803295.078363,16197856514.886507,-0.9938821711015033,0.02478836091188943,-0.10762791055234669,0.02493319169834083,0.9996891196525717,0.0,-0.10759445115012119,0.00268350732589354,0.9941912456213523,4559.912794680536,-537.1449289194417,-0.11725682684785421,2.119154817573234e-09,165.63521244659754,0.0,-72.53521244659754,3.7,0.0,3.0009122564020306e-17,2.2900861633723917,1.5707963267948966,18.372205615704218,461.0,0.010302682950573348,4.0817110352210015,0.0,0.022506785234679718,-1577.1444849165364,10.74074334991622,-170.7404914177498,0.0369168616200749,0.0741040281621352,-0.5608900098024883,0.035567688522636705,0.07476096036626993,-0.5608900098024883,-7.41237277500174e-18,1.4574732924411251e-19,-4.68614293759386e-19,-7.413796801118245e-18,1.1376787668845102e-20,-4.68614293759386e-19,-1577.1089172280138,10.81550431028249,-171.3013814275523,-1680480.2225451712,285.17695224331646,138890.74476941212,0.06087673519284927,4569.2815548492645
256.0089741546767,2001.0,12.0,14.0,14.0,25.0,44.0,1.0,3507179.0717777438,-23969.777138571513,381036.1358247669,-287.5493785085716,-286.58438787996585,4555.637254502832,3527898.5428348333,4573.690637884388,3506166.693081905,-87605.4339351608,381036.1358247669,3527898.5428348333,-298.91193924559997,-529.8448391080018,4555.637254502832,4596.076010638537,12742773.597759148,0.7238278593425626,1.633621174743581,8.688795409866128e-08,3.34785685518531e-06,0.1084290569795399,0.10821764610294123,-0.024980902958916074,131698.54283483326,0.04552059124727072,0.045298729235279764,1398.0308816730976,-16087002341.649069,-1011995261.9900367,-197208548.45149684,-16086719857.782953,-1883910637.5278277,16118802025.911072,16197856842.328285,-0.9938400014940719,0.024832186320405264,-0.10800654587945897,0.02497830483658585,0.9996879934697078,0.0,-0.10797284713183028,0.0026978204273238214,0.9941501828432102,4559.832556423116,-537.1458375959301,-0.11725906787718628,2.103088985328588e-09,165.75506119261897,0.0,-72.71012238523791,3.7,0.0,3.0011247957796164e-17,2.290120873686865,1.5707963267948966,18.365376547885873,461.0,0.0102242765845558,4.084735069005672,0.0,0.02233592995340927,-1577.0243511704743,10.7781557388502,-171.3352105990321,0.036763556642335785,0.07355971823358266,-0.5566299790516278,0.035422724099924946,0.07421470111062162,-0.5566299790516278,-7.356512273845236e-18,1.448429668564355e-19,-4.667318642846146e-19,-7.357929322904924e-18,1.1331346754102068e-20,-4.667318642846146e-19,-1576.9889284463745,10.852370439960822,-171.89184057808373,-1680481.8696430195,285.3654366796967,138943.2180289527,0.06097917760118971,4569.239843365242
256.2929512532177,2001.0,12.0,14.0,14.0,25.0,44.0,1.0,3507097.2764111413,-24051.159591287418,382329.81742315134,-288.52077172798846,-286.57769184994737,4555.531193453582,3527957.745463932,4573.645751882537,3506081.668729936,-87755.89258870055,382329.81742315134,3527957.745463932,-299.89937801406484,-529.8085796158326,4555.531193453582,4596.031029322625,12742761.649418231,0.7238276005305552,1.6336211695178933,8.560065398421929e-08,3.325196707994438e-06,0.10879684984196317,0.10858468221072269,-0.025024395304553682,131757.74546393193,0.04567493157566152,0.04545231505837457,1388.8456983715296,-16087001135.144602,-1011995101.6933731,-197213088.58344692,-16086724883.136446,-1883870086.5313358,16118800811.722845,16197857172.198967,-0.9937992237117569,0.024874417133122582,-0.1083714276098492,0.02502178358868961,0.9996869061591438,0.0,-0.10833749718333976,0.002711646408850989,0.9941104735781648,4559.754966612833,-537.1467171477727,-0.11726123519792551,2.0878654521317867e-09,165.87927275409126,0.0,-72.83963637704564,3.7,0.0,3.001344601643223e-17,2.290156770708563,1.5707963267948966,18.35831952617164,461.0,0.010149980122505292,4.08762799841307,0.0,0.022173980711501243,-1576.90818247448,10.814205415001021,-171.908267715772,0.0366184109258883,0.07303923171453382,-0.5525931871786832,0.035285563437328665,0.07369237681807281,-0.5525931871786832,-7.303601278020285e-18,1.4398679060524651e-19,-4.649525079857016e-19,-7.305011731471843e-18,1.1288366892986437e-20,-4.649525079857016e-19,-1576.8728969110427,10.887897791819094,-172.46086090295069,-1680483.4453587718,285.55392111607694,138995.7790364189,0.06108162280019038,4569.198063038425
256.5929512532178,2001.0,12.0,14.0,14.0,25.0,44.0,1.0,3507010.5662589353,-24137.131834811647,383696.4599270563,-289.5468963071209,-286.5705942424318,4555.418767397255,3528020.5053748745,4573.598173976445,3505991.5424535098,-87914.82940602323,383696.4599270563,3528020.5053748745,-300.94245107698595,-529.770187719973,4555.418767397255,4595.983350384573,12742749.12152622,0.723827329165466,1.6336211640372449,8.560065398421929e-08,3.3014059849342955e-06,0.10918538120402954,0.10897241417898447,-0.02507034280197876,131820.50537487445,0.04583797397194334,0.0456145603836468,1379.1785712242126,-16086999870.092337,-1011994933.5958359,-197217918.20568055,-16086730223.948778,-1883827101.8376973,16118799538.612556,16197857535.951681,-0.993755999182033,0.02491902449889013,-0.10875686786471385,0.02506771667380743,0.9996857554155514,0.0,-0.10872269160796577,0.0027262863499633587,0.9940683797869526,4559.672721426456,-537.1476504061987,-0.11726353283883485,2.0717271893180028e-09,166.05858678535552,0.0,-72.95858678535552,3.729293392677763,0.0,3.001659644755398e-17,2.290208221153278,1.5707963267948966,18.34821462763261,461.0,0.010071228328347857,4.090661182374581,0.0,0.022002558598454357,-1576.7850434713291,10.852282235928868,-172.5135490228257,0.036462926245098295,0.07248591269238554,-0.5483238315985702,0.03513860058208092,0.07313707184688624,-0.5483238315985702,-7.247787700919016e-18,1.4308124828022452e-19,-4.630551489395539e-19,-7.24919115506206e-18,1.1242711967170513e-20,-4.630551489395539e-19,-1576.749904870747,10.925419307775755,-173.06187285442428,-1680485.0975073744,285.74240555245717,139048.42779181077,0.06118407079453466,4569.156213870583
256.89295125321786,2001.0,12.0,14.0,14.0,25.0,44.0,1.0,3506923.5482813744,-24223.101945390732,385063.068644481,-290.5729407093087,-286.56347221560367,4555.30595025983,3528083.488098345,4573.550432427014,3505901.1032675547,-88073.75469244333,385063.068644481,3528083.488098345,-301.9854414855283,-529.7317069340066,4555.30595025983,4595.935507453628,12742736.690616015,0.7238270599016318,1.6336211585963982,8.429369702178808e-08,3.2776458130024486e-06,0.10957389858931862,0.10936013223204945,-0.025116291509683395,131883.48809834523,0.046001009863442244,0.045776799210214325,1369.5471689552069,-16086998614.807037,-1011994766.7555494,-197222782.1819242,-16086735597.52157,-1883783967.4698243,16118798275.328903,16197857915.368797,-0.993712624742124,0.02496362543277442,-0.10914227793742828,0.02511365091590081,0.9996846025310554,0.0,-0.10910785473921197,0.002740961068286797,0.9940261380701361,4559.590191162307,-537.1485878535717,-0.11726583873226867,2.0559651778723247e-09,166.21686012293154,0.0,-73.13372024586306,3.8,0.0,3.00193831514036e-17,2.2902537314808527,1.5707963267948966,18.33928596246174,461.0,0.009994307226782493,4.09367070429517,0.0,0.021835590351590873,-1576.6614775057242,10.890351950132468,-173.11871741242317,0.036313093131420365,0.07195283191685047,-0.5441631839344534,0.034996943488348684,0.07260209845520356,-0.5441631839344534,-7.193342264600167e-18,1.4220015253579082e-19,-4.612234184826467e-19,-7.194738939135237e-18,1.1198962247482053e-20,-4.612234184826467e-19,-1576.6264805622359,10.96295404858767,-173.6628805963576,-1680486.736869458,285.93088998883746,139101.16429512828,0.06128652158890637,4569.114295863482
257.1929512532179,2001.0,12.0,14.0,14.0,25.0,45.0,1.0,3506836.2225025576,-24309.069915695774,386429.6434580827,-291.59890464267744,-286.55632574278087,4555.192741873192,3528146.6936168224,4573.502527016491,3505810.3511969144,-88232.66842129259,386429.6434580827,3528146.6936168224,-303.0283489426308,-529.6931372435173,4555.192741873192,4595.8875003115545,12742724.348236362,0.7238267925559911,1.6336211531918536,8.429369702178808e-08,3.2540192186078606e-06,0.10996240196446488,0.10974783632168289,-0.025162241432089744,131946.6936168219,0.04616403922796544,0.04593903151589413,1359.9457756578922,-16086997368.43549,-1011994601.0623252,-197227680.62157032,-16086741002.995684,-1883740683.3407977,16118797021.013433,16197858309.589548,-0.993669100420252,0.02500821991923536,-0.10952765772387446,0.025159586319289346,0.9996834475053802,0.0,-0.10949298647059211,0.002755670558853398,0.9939837484554371,4559.507375631569,-537.1495294619538,-0.11726815287786262,2.0418502128172215e-09,166.29055319091978,0.0,-73.29527659545988,3.8,0.0,3.002071233763045e-17,2.2902754387392683,1.5707963267948966,18.335030385407027,461.0,0.009925388398225087,4.096658723162114,0.0,0.021685431242870253,-1576.5374847194698,10.928414533545501,-173.72377250161213,0.03618860323450142,0.07147367094128507,-0.5404158739657682,0.03487966524074201,0.07212149190484787,-0.5404158739657682,-7.144079419257169e-18,1.4141812582326513e-19,-4.596951994877484e-19,-7.145470260407789e-18,1.1162105225494725e-20,-4.596951994877484e-19,-1576.502605054229,11.00053602545035,-174.2641883755779,-1680488.364559479,286.1193744252177,139153.98854637146,0.06138897518798962,4569.072309018875
257.4008530673754,2001.0,12.0,14.0,14.0,25.0,45.0,1.0,3506775.5246565132,-24368.644979567132,387376.66811698204,-292.3098565044979,-286.5513588624997,4555.114058342424,3528190.6261126986,4573.469232211409,3505747.2759282086,-88342.78980228471,387376.66811698204,3528190.626112699,-303.751041310169,-529.666356076223,4555.114058342424,4595.854134800718,12742715.84844072,0.7238266084440623,1.6336211494686466,8.429369702178808e-08,3.2376694942373226e-06,0.11023162890493214,0.11001650938352586,-0.025194085721095907,131990.62611269904,0.04627701572282529,0.04605145564774019,1353.3113669902086,-16086996510.084478,-1011994486.9332654,-197231095.55110654,-16086744767.896038,-1883710599.3597286,16118796157.190378,16197858591.635593,-0.9936388498913908,0.025039120377579858,-0.10979471042464253,0.025191420515144357,0.9996826458093734,0.0,-0.10975986661318064,0.002765884720645674,0.9939542854491694,4559.449816695717,-537.1501844520458,-0.11726976143620564,2.030553285305963e-09,166.41607460771152,0.0,-73.35803730385577,3.8,0.0,3.002291545086735e-17,2.290311418308862,1.5707963267948966,18.327981307842762,461.0,0.009870270589671859,4.098716434531682,0.0,0.021565218519274655,-1576.4513066571662,10.954787938206003,-174.14301267011712,0.036074528183245164,0.07108318785787525,-0.5374221588668018,0.03477167038754824,0.07172950660740274,-0.5374221588668018,-7.104921574593169e-18,1.4077514533744811e-19,-4.582988315926715e-19,-7.106307366195173e-18,1.1128334308044917e-20,-4.582988315926715e-19,-1576.4165349867787,11.026517444813406,-174.68043482898392,-1680489.4854985215,286.30785886159794,139206.90054554027,0.06149143159646891,4569.030253338515
257.6701536720946,2001.0,12.0,14.0,14.0,25.0,45.0,1.0,3506696.681439766,-24445.812565747663,388603.3493359048,-293.2307130853686,-286.5449077143801,4555.0118584725105,3528247.6920544785,4573.425987819065,3505665.349545934,-88485.42459443062,388603.3493359048,3528247.6920544785,-304.68710389443015,-529.6316023117341,4555.0118584725105,4595.810798572115,12742704.908113878,0.7238263714687991,1.6336211446753337,8.296615425989067e-08,3.2166150617847647e-06,0.11058035545567053,0.11036451853033537,-0.025235335326285288,132047.69205447845,0.046423352414373883,0.04619707685355909,1344.7459789514542,-16086995405.257463,-1011994340.0160861,-197235543.75712475,-16086749668.090738,-1883671524.0052843,16118795045.319025,16197858968.20586,-0.9935995586252634,0.025079141919003442,-0.1101406089518685,0.025232657008154996,0.9996816058227284,0.0,-0.11010554082329707,0.0027791402083518235,0.9939160156973584,4559.375055701799,-537.1510358808353,-0.11727185093678869,2.015879185991255e-09,166.57912015565273,0.0,-73.47912015565272,3.8,0.0,3.0025776090809534e-17,2.2903581361044614,1.5707963267948966,18.31883677553422,461.0,0.009798678942829877,4.1013649164802315,0.0,0.021409121309318376,-1576.339373431819,10.98894497116895,-174.68598394833495,0.0359247658190263,0.07058060125744796,-0.5335341504578626,0.034629742641413115,0.07122493241558212,-0.5335341504578626,-7.054066345228389e-18,1.3993751070614064e-19,-4.564633916518692e-19,-7.055445532024484e-18,1.1083971407862677e-20,-4.564633916518692e-19,-1576.3047436891777,11.060169903584532,-175.2195180987928,-1680490.9282929953,286.49634329797817,139259.90029263476,0.06159389081902913,4568.988128824143
257.94603326503045,2001.0,12.0,14.0,14.0,25.0,45.0,1.0,3506615.6549525443,-24524.86354409245,389859.96967066516,-294.1739982690021,-286.5382785809343,4554.9068353622115,3528306.338236765,4573.38155036064,3505581.160325766,-88631.53422553538,389859.96967066516,3528306.338236765,-305.6459644787878,-529.5959252977095,4554.9068353622115,4595.766266741978,12742693.783259701,0.7238261304970054,1.6336211397987739,8.296615425989067e-08,3.19514394052081e-06,0.11093758953575145,0.11072101773364712,-0.025277593679886808,132106.33823676547,0.046573258596895324,0.04634625007622975,1336.003735423088,-16086994281.774532,-1011994190.5808247,-197240129.69825798,-16086754715.526485,-1883631369.0705407,16118793914.670465,16197859367.238115,-0.9935591823009463,0.025120135761745696,-0.11049493221314044,0.02527490188440037,0.9996805386395866,0.0,-0.11045963335177685,0.0027927485704105945,0.9938766874996181,4559.29823030767,-537.1519116265088,-0.11727399838014708,2.0010321424998123e-09,166.7233403382364,0.0,-73.6466806764728,3.823340338236399,0.0,3.0028313160300046e-17,2.2903995695935664,1.5707963267948966,18.310734491152644,461.0,0.009726241290588467,4.104058030833268,0.0,0.021251450043743094,-1576.224349355787,11.023930446506185,-175.24212445869756,0.03577353346222435,0.07007734489059093,-0.5296048025839132,0.03448634369029528,0.07071967238444016,-0.5296048025839132,-7.002604804426457e-18,1.390897389770816e-19,-4.546047855121107e-19,-7.003977308486195e-18,1.103923347377272e-20,-4.546047855121107e-19,-1576.1898630120966,11.094650118890625,-175.77172926128148,-1680492.395425208,286.68482773435846,139312.9877876549,0.061696352860355505,4568.945935477496
258.19779245090206,2001.0,12.0,14.0,14.0,25.0,46.0,1.0,3506541.485593864,-24597.001424394264,391006.69721209345,-295.0347510783091,-286.5322110254702,4554.8107060906705,3528360.021303751,4573.34087736932,3505504.1010052026,-88764.86075922172,391006.69721209345,3528360.021303751,-306.5209290734624,-529.5633020056531,4554.8107060906705,4595.725507371973,12742683.700535752,0.7238259120988649,1.6336211353771357,8.296615425989067e-08,3.175590933556099e-06,0.11126357983541282,0.11104633745508742,-0.02531615825454683,132160.02130375104,0.046710053469324775,0.04648237607672179,1328.0523892194033,-16086993263.51594,-1011994055.1122658,-197244340.42878994,-16086759345.606646,-1883594614.5116668,16118792889.915533,16197859742.728708,-0.9935222255777336,0.025157540677048746,-0.11081825404756003,0.025313454120364603,0.9996795631803704,0.0,-0.11078274379867613,0.00280519278953182,0.9938406887272478,4559.227911561485,-537.1527139003985,-0.11727596416160666,1.987994521892586e-09,166.80006086786017,0.0,-73.80003043393008,3.9,0.0,3.0029683726459034e-17,2.2904219526375584,1.5707963267948966,18.3063605908209,461.0,0.009662620254122203,4.1064987440268785,0.0,0.021113496162270446,-1576.1190673193876,11.055851785339497,-175.74955649531907,0.03564411536762884,0.06963616889240926,-0.5261633547164609,0.03436375905753831,0.07027681724287488,-0.5261633547164609,-6.957371807518065e-18,1.38348706708907e-19,-4.530062523732377e-19,-6.958738521299966e-18,1.1001130450402462e-20,-4.530062523732377e-19,-1576.0847035603301,11.126128602582371,-176.27571985003553,-1680493.725124767,286.8733121707387,139366.1630306007,0.061798817725133626,4568.903673300303
258.41982222585546,2001.0,12.0,14.0,14.0,25.0,46.0,1.0,3506475.8948270506,-24660.61951118055,392017.9913725546,-295.79381270909147,-286.526845711817,4554.725700075973,3528407.4952756823,4573.304911755076,3505435.958573601,-88882.43638097619,392017.9913725546,3528407.495275682,-307.29252280461634,-529.5344791943138,4554.725700075973,4595.6894653751115,12742674.864881298,0.7238257207133624,1.6336211315011606,8.161702118890975e-08,3.1584486643723015e-06,0.11155106669714997,0.11133323296210604,-0.0253501695869411,132207.4952756823,0.04683069081720055,0.046602423541154334,1321.0628913342953,-16086992371.184309,-1011993936.378296,-197248074.3735332,-16086763448.039305,-1883562112.780823,16118791991.889788,16197860083.008522,-0.9934895454301017,0.025190524762228918,-0.11110337791126515,0.0253474545396282,0.9996787016578684,0.0,-0.11106768058013704,0.0028161878208049253,0.9938088545674699,4559.165730078044,-537.1534238962048,-0.1172777026345466,1.9757869291102622e-09,166.93570078766376,0.0,-73.86785039383187,3.9,0.0,3.003206123447807e-17,2.2904607802900814,1.5707963267948966,18.29877835543777,461.0,0.009603071334609324,4.108637525421324,0.0,0.020983599650028786,-1576.0259686100703,11.083999410624694,-176.1970003777761,0.03551475407802691,0.06921378372984176,-0.522928402847576,0.034241050017266496,0.06985267431630009,-0.522928402847576,-6.915035325572608e-18,1.37644209282423e-19,-4.514172517885743e-19,-6.9163964101102295e-18,1.0962685819559841e-20,-4.514172517885743e-19,-1575.991727560053,11.153852084940993,-176.7199287806237,-1680494.890363779,287.06179660711894,139419.4260214721,0.06190128541804944,4568.861342294284
258.67344909523797,2001.0,12.0,14.0,14.0,25.0,46.0,1.0,3506400.7636164213,-24733.28963906006,393173.17985038087,-296.66084166407563,-286.52070052029,4554.628335067853,3528461.8745368146,4573.263718331411,3505357.909165901,-89016.73637161597,393173.17985038087,3528461.8745368146,-308.17386562606123,-529.5014951044917,4554.628335067853,4595.648184464925,12742664.837946039,0.7238255035243913,1.6336211271015466,8.161702118890975e-08,3.1389146618451583e-06,0.11187945628883006,0.11166094709319759,-0.025389021907087035,132261.87453681463,0.04696849163523951,0.046739550533491776,1313.107017993927,-16086991358.525064,-1011993801.6177018,-197252363.20766336,-16086768156.336203,-1883524885.5327568,16118790972.767607,16197860482.326815,-0.9934521142094113,0.025228198443635247,-0.11142905714462147,0.02538629435744729,0.9996777160959411,0.0,-0.1113931453530593,0.0028287708446461755,0.9937723910553465,4559.094508724962,-537.1542377615,-0.11727969404285984,1.9622590410593004e-09,167.09107010518468,0.0,-73.9910701051847,3.9,0.0,3.003478352309877e-17,2.2905052386371345,1.5707963267948966,18.290104541649413,461.0,0.009537077169842548,4.111064617009004,0.0,0.020839703454824016,-1575.919335436844,11.11614786752266,-176.7080428257585,0.03537332271101791,0.06875111362004113,-0.5193441669854431,0.03410686938836483,0.06938810448584572,-0.5193441669854431,-6.868145395371577e-18,1.368667642577321e-19,-4.496813402025283e-19,-6.869500303576162e-18,1.0920727502789093e-20,-4.496813402025283e-19,-1575.8852285674557,11.185535972008505,-177.22738699274393,-1680496.2127099056,287.25028104349917,139472.77676026922,0.0620037559437893,4568.818942461157
258.9086633200945,2001.0,12.0,14.0,14.0,25.0,46.0,1.0,3506330.890205981,-24800.68271162776,394244.4825776297,-297.46487415268587,-286.5149858691579,4554.537788967095,3528512.448258973,4573.225410977634,3505285.3261674135,-89141.27905208721,394244.4825776297,3528512.4482589737,-308.99117122896706,-529.4708488586139,4554.537788967095,4595.609795752658,12742655.599288214,0.7238253034103079,1.633621123046031,8.161702118890975e-08,3.1208595851847416e-06,0.1121839965160051,0.11196486093711616,-0.02542505444348437,132312.44825897366,0.04709628422302693,0.046866718217533666,1305.7524314671755,-16086990425.461123,-1011993677.4216737,-197256363.15138954,-16086772543.563555,-1883490265.3566563,16118790033.74698,16197860862.498085,-0.993417304761665,0.02526313293752754,-0.1117310731813222,0.025422315264650257,0.9996768007144032,0.0,-0.11169496177829102,0.0028404625672732824,0.9937384803285773,4559.028275940843,-537.1549952274947,-0.11728154615281901,1.9503547449680993e-09,167.21556032371706,0.0,-74.11556032371706,3.9,0.0,3.00369706126399e-17,2.2905409565199175,1.5707963267948966,18.283142153770505,461.0,0.009478992499001228,4.113300854693562,0.0,0.02071308064638058,-1575.8201714445504,11.145957785029038,-177.1819111145133,0.03525245187136729,0.06834537771122064,-0.5161888369368913,0.03399230769262173,0.06898078743507217,-0.5161888369368913,-6.82682589810138e-18,1.3618708438323718e-19,-4.481975919090741e-19,-6.828175472570479e-18,1.0884885274393151e-20,-4.481975919090741e-19,-1575.7861791368578,11.21493857246411,-177.6980999514502,-1680497.4311003257,287.4387654798794,139526.21524699195,0.06210622930703992,4568.776473802629
259.1178914501454,2001.0,12.0,14.0,14.0,25.0,47.0,1.0,3506268.5773698688,-24860.62917347354,395197.4115590528,-298.1800358824406,-286.50988994773905,4554.4570443476905,3528557.5497130835,4573.191251155479,3505220.600470682,-89252.0563918505,395197.4115590528,3528557.549713083,-309.71813838184613,-529.4435424873083,4554.4570443476905,4595.575563379687,12742647.425556164,0.7238251263633593,1.6336211194572314,8.161702118890975e-08,3.1048098940551986e-06,0.11245488421510544,0.11223519148157586,-0.025457106805221643,132357.54971308308,0.04720995503935003,0.04697983317168963,1299.2273733019829,-16086989599.93648,-1011993567.528463,-197259939.39874122,-16086776462.407734,-1883459392.6651232,16118789202.951477,16197861208.16528,-0.9933862636747135,0.02529420453950307,-0.11199970695991267,0.025454357254022772,0.9996759853556474,0.0,-0.11196341741469445,0.0028508805533034778,0.9937082396965891,4558.969213221673,-537.1556711686068,-0.11728319790911142,1.9407706859698467e-09,167.27193714135385,0.0,-74.17193714135384,3.9,0.0,3.003798189768563e-17,2.290557472058054,1.5707963267948966,18.2799246803245,461.0,0.00943220683013935,4.115279293478961,0.0,0.020611057617424225,-1575.7317429294462,11.172470583307442,-177.6033673336776,0.03516173446068626,0.06801288667342985,-0.5136438972500845,0.033906689036054434,0.06864719049275746,-0.5136438972500845,-6.793354273225952e-18,1.3564653494183534e-19,-4.470809599283309e-19,-6.794699726263804e-18,1.0857896186923172e-20,-4.470809599283309e-19,-1575.6978362404102,11.2411177738002,-178.1170112309277,-1680498.5090502407,287.6272499162597,139579.74148164038,0.06220870551248833,4568.733936320405
259.3205034012595,2001.0,12.0,14.0,14.0,25.0,47.0,1.0,3506208.0923756203,-24918.67900025571,396120.191048046,-298.8725446187059,-286.5049438479466,4554.378671853211,3528601.3281978094,4573.158095606098,3505157.7765609343,-89359.3252985467,396120.191048046,3528601.3281978094,-310.4220780651909,-529.417058433315,4554.378671853211,4595.54233741154,12742639.549538013,0.7238249557652998,1.6336211159984957,8.024520884654679e-08,3.0893237462097243e-06,0.11271719928707784,0.11249696703678529,-0.02548814619048602,132401.3281978094,0.04732002827388309,0.04708936812433719,1292.9237371981144,-16086988804.468035,-1011993461.6266361,-197263418.9401949,-16086780271.918257,-1883429426.8652267,16118788402.403471,16197861549.581547,-0.993356134780789,0.025324290557977514,-0.11225983164563383,0.025485386569804872,0.9996751947864805,0.0,-0.1122233690670465,0.0028609852057501924,0.9936788868638067,4558.911886064781,-537.1563276719032,-0.11728480126063744,1.9308202948177174e-09,167.36093770802685,0.0,-74.26093770802686,3.9304688540134256,0.0,3.003955207279272e-17,2.290583114963554,1.5707963267948966,18.274931381582697,461.0,0.009383651743347356,4.117185662126413,0.0,0.020505462422568684,-1575.6459133167027,11.19814160984413,-178.01144249376185,0.035061842845620916,0.06767205373530685,-0.5110117212914753,0.033812092990236596,0.06830506605007326,-0.5110117212914753,-6.758830783752188e-18,1.3507998527747816e-19,-4.458526355559799e-19,-6.760171810789123e-18,1.0828408511216836e-20,-4.458526355559799e-19,-1575.6121012237124,11.266446675894203,-178.52245421505333,-1680499.5477390233,287.81573435263994,139633.3554642144,0.06231118456482192,4568.691330016178
259.54483846478155,2001.0,12.0,14.0,14.0,25.0,47.0,1.0,3506140.958783122,-24982.951489595132,397141.8881246972,-299.63925692752133,-286.4994544733082,4554.2916888367445,3528649.9188818675,4573.121298272442,3505088.050583589,-89478.08881449465,397141.8881246972,3528649.918881867,-311.20144555341244,-529.3876876582594,4554.2916888367445,4595.505461923219,12742630.878879659,0.723824767955287,1.6336211121894908,8.024520884654679e-08,3.072206051285579e-06,0.11300763088806286,0.1127868013140978,-0.025522514140003314,132449.91888186755,0.047441899480007474,0.047210643339823076,1285.9645506739616,-16086987928.728544,-1011993345.0180848,-197267290.39428043,-16086784507.088043,-1883396168.7214699,16118787521.070574,16197861935.752575,-0.9933226959772353,0.02535759876197858,-0.11254782912852421,0.025519743341375117,0.9996743183156154,0.0,-0.1125111743619598,0.0028721917129888802,0.9936463083806313,4558.848261074126,-537.1570568024384,-0.11728658090860428,1.9190197001178788e-09,167.4997682339073,0.0,-74.39976823390731,3.999884116953654,0.0,3.004198194461873e-17,2.290622797781942,1.5707963267948966,18.26720973291133,461.0,0.009326088960102378,4.119284260947022,0.0,0.020380584327936702,-1575.5506549591314,11.226561066702,-178.46320764118414,0.034937055330634126,0.06727251922605207,-0.5079008955413356,0.033693590323727284,0.06790384119688787,-0.5079008955413356,-6.718131565282397e-18,1.3440205364941878e-19,-4.443192982285915e-19,-6.71946717958057e-18,1.0791802834759458e-20,-4.443192982285915e-19,-1575.5169613688076,11.294464907898888,-178.97110853672547,-1680500.6912263911,288.0042187890202,139687.0571947141,0.06241366646872852,4568.648654891638
259.7887874978453,2001.0,12.0,14.0,14.0,25.0,47.0,1.0,3506067.760386127,-25052.84202464381,398252.89161330985,-300.4729514794408,-286.4934696736129,4554.196852932872,3528702.899223859,4573.081179904865,3505012.029923454,-89607.22852746234,398252.89161330985,3528702.899223859,-312.0489001456917,-529.3556926290529,4554.196852932872,4595.465258345949,12742621.50846832,0.7238245649887022,1.6336211080713565,8.024520884654679e-08,3.0537565910937814e-06,0.1133234462124987,0.11310196712696773,-0.025559887729460995,132502.8992238585,0.04757442181247964,0.04734251757723372,1278.4201891720295,-16086986982.298176,-1011993218.9699076,-197271522.87831894,-16086789132.977028,-1883359907.880391,16118786568.593607,16197862365.300484,-0.993286238604668,0.025393814975800743,-0.11286098688016663,0.02555710474110773,0.9996733638530397,0.0,-0.11282412240226997,0.0028844000628812042,0.9936107878039745,4558.7788925694385,-537.157852350612,-0.11728852139294345,1.906908748832346e-09,167.57557031979783,0.0,-74.55114063959567,4.0,0.0,3.004333341701026e-17,2.2906448690010475,1.5707963267948966,18.262917945116254,461.0,0.009266995222848035,4.121552172053093,0.0,0.02025178710074309,-1575.446797940183,11.25746062097771,-178.9543972742582,0.03481145924220932,0.06686151560091125,-0.5046877051540032,0.033574409327090965,0.06749117721124626,-0.5046877051540032,-6.675887882189025e-18,1.3370272838476858e-19,-4.427645642534774e-19,-6.677217967172568e-18,1.0754255140439305e-20,-4.427645642534774e-19,-1575.413223530856,11.324951798188957,-179.4590849794122,-1680501.9269990046,288.1927032254004,139740.84667313946,0.06251615122889631,4568.605910948469
260.0164983705823,2001.0,12.0,14.0,14.0,25.0,48.0,1.0,3505999.250830519,-25118.079065204784,399289.92165193864,-301.251102606499,-286.4878686841289,4554.1080966299005,3528752.4858302115,4573.043634333137,3504940.882936244,-89727.76516881688,399289.92165193864,3528752.4858302115,-312.8398938854979,-529.3257743568564,4554.1080966299005,4595.427633027724,12742612.814181373,0.7238243766675676,1.633621104248912,7.884953353001449e-08,3.036548083617965e-06,0.11361823104409165,0.11339614571628459,-0.025594774343250574,132552.48583021155,0.0476981189403654,0.04746560975344301,1271.3984775990248,-16086986104.14294,-1011993101.9923382,-197275494.87651438,-16086793469.908241,-1883325971.469227,16118785684.826563,16197862775.044481,-0.9932521187049576,0.02542761656679544,-0.11315328101228316,0.025591979944108664,0.9996724716438581,0.0,-0.11311622010416114,0.002895816498276442,0.9935775435244877,4558.713971578286,-537.1585974461525,-0.11729033763689796,1.896502833957694e-09,167.69281665774724,0.0,-74.64640832887362,4.0,0.0,3.004539255419734e-17,2.2906784972633107,1.5707963267948966,18.256382881425523,461.0,0.009216209150494686,4.123656394872723,0.0,0.020141056240965075,-1575.349600187959,11.286298992644225,-179.4128216896958,0.03470960214954811,0.06650445243376217,-0.5019285139813816,0.0334780606853203,0.0671328394129465,-0.5019285139813816,-6.6397602391451095e-18,1.3311448735276587e-19,-4.415185111100081e-19,-6.641085791689154e-18,1.0724154976387527e-20,-4.415185111100081e-19,-1575.3161221272735,11.353431832057172,-179.91475020367716,-1680503.0736057628,288.3811876617807,139794.72389949046,0.06261863885001384,4568.563098188345
260.22164743383996,2001.0,12.0,14.0,14.0,25.0,48.0,1.0,3505937.3775425605,-25176.851264466626,400224.18444323627,-301.9521126602273,-286.48281059582786,4554.027941625132,3528797.2691701706,4573.009727981048,3504876.6310319146,-89836.35308701667,400224.18444323627,3528797.26917017,-313.5524728450541,-529.2987766278313,4554.027941625132,4595.393654657825,12742605.020575041,0.7238242078557586,1.6336211008217445,7.884953353001449e-08,3.0210427663706623e-06,0.11388380115912541,0.11366116967620811,-0.02562620498016207,132597.26917017018,0.04780955670587178,0.04757650250955939,1265.087200269103,-16086985316.947113,-1011992997.1207968,-197279090.92929864,-16086797392.39287,-1883295323.6984828,16118784892.599539,16197863151.041883,-0.993221305642225,0.025458065803860282,-0.11341659889046354,0.025623400273949177,0.9996716667778481,0.0,-0.11337936045310433,0.0029061189110802877,0.9935475203009264,4558.6553424380745,-537.1592707736155,-0.11729197799832797,1.887546165965962e-09,167.81038452881458,0.0,-74.71038452881456,4.0,0.0,3.004745202006852e-17,2.2907121308933927,1.5707963267948966,18.249851615058553,461.0,0.009172489867289715,4.125542600078223,0.0,0.02004571430700776,-1575.2618230548164,11.312276390242571,-179.82576712724702,0.034624644985174875,0.06619501604335438,-0.4995538225170808,0.033397849029468255,0.0668223755154977,-0.4995538225170808,-6.608710303032762e-18,1.326133121206774e-19,-4.404848843318829e-19,-6.610032048899569e-18,1.069918144323562e-20,-4.404848843318829e-19,-1575.228425205787,11.37909876575807,-180.3253209497641,-1680504.1014316604,288.56967209816094,139848.68887376713,0.06272112933676997,4568.520216612939
260.52164743384003,2001.0,12.0,14.0,14.0,25.0,48.0,1.0,3505846.6381487804,-25262.794995666005,401590.3752039316,-302.97716525942997,-286.4753933318279,4553.9103979329575,3528862.9455515174,4572.9600070474235,3504782.4089926654,-89995.1367889912,401590.3752039316,3528862.9455515174,-314.5944411146813,-529.259221747916,4553.9103979329575,4595.343828114212,12742593.690216238,0.7238239624373389,1.633621095838211,7.742870483855356e-08,2.998467624975494e-06,0.1142721457188165,0.11404871559909686,-0.02567216867741819,132662.94555151742,0.047972512163571034,0.04773866097738981,1255.8832105398178,-16086984172.498793,-1011992844.6390554,-197284379.74489948,-16086803154.448534,-1883250379.940416,16118783740.835686,16197863712.53976,-0.9931761202034756,0.025502587710990312,-0.11380163565439008,0.025669348852713512,0.9996704879756517,0.0,-0.11376413664705146,0.0029212138856219393,0.9935034915501734,4558.569366152743,-537.16025892645,-0.11729438373352363,1.8744108896965144e-09,167.90420793073918,0.0,-74.80420793073918,4.004207930739183,0.0,3.0049123559293813e-17,2.290739429200569,1.5707963267948966,18.244554151223216,461.0,0.009108370920996594,4.128284731976377,0.0,0.01990593176198631,-1575.1331040671892,11.350258241743363,-180.4295394371531,0.034498117812551014,0.06574056699970914,-0.4960674587369514,0.03327831401969898,0.06636637776810032,-0.4960674587369514,-6.562886445047653e-18,1.3187000256749624e-19,-4.389282489663713e-19,-6.564202504389838e-18,1.0661591323308244e-20,-4.389282489663713e-19,-1575.0998257531694,11.416624619511463,-180.92560689589004,-1680505.595689021,288.7581565345412,139902.74159596945,0.06282362269385397,4568.477266223915
260.8216474338401,2001.0,12.0,14.0,14.0,25.0,48.0,1.0,3505755.5912517877,-25348.73649802373,402956.5306429321,-304.0021340331541,-286.4679516499561,4553.792463633774,3528928.8445111793,4572.910122303629,3504687.8743758826,-90153.90861119237,402956.5306429321,3528928.8445111793,-315.63632301992146,-529.2195781390973,4553.792463633774,4595.293837410511,12742582.43903633,0.7238237187345364,1.6336210908882922,7.742870483855356e-08,2.9760569889127098e-06,0.11466047569142335,0.11443624697597513,-0.025718133642906232,132728.8445111788,0.04813546082656014,0.047900812656828676,1246.7099146842957,-16086983036.022402,-1011992693.2017237,-197289704.445529,-16086808947.390564,-1883205286.606325,16118782597.093609,16197864287.887688,-0.9931307852316149,0.025547102983222755,-0.11418664087536992,0.02571529864505973,0.9996693070288771,0.0,-0.11414888015583631,0.002936343571386322,0.9934593152442627,4558.483104989202,-537.1612512541119,-0.11729679772470028,1.8612310977642424e-09,167.998349301684,0.0,-74.898349301684,4.0983493016839825,0.0,3.0050800376381186e-17,2.290766813701774,1.5707963267948966,18.239243158321027,461.0,0.009044038770502546,4.131007600320877,0.0,0.019766443170090988,-1575.0039600111731,11.388232672378473,-181.03319383093861,0.034370932684847186,0.06528572786326645,-0.4925885893761899,0.033158147787252075,0.06590997277788492,-0.4925885893761899,-6.51715649549975e-18,1.3112682889318318e-19,-4.37363027449691e-19,-6.518466856192084e-18,1.0624350119795955e-20,-4.37363027449691e-19,-1574.970801863386,11.454142645156358,-181.5257824203148,-1680507.079506833,288.9466409709214,139956.8820660974,0.06292611892595548,4568.43424702293
261.12164743384017,2001.0,12.0,14.0,14.0,25.0,49.0,1.0,3505664.2368767713,-25434.675764214873,404322.65064306103,-305.0270187064595,-286.46048555612083,4553.674138812881,3528994.966030847,4572.860073785249,3504593.0272075185,-90312.66852700374,404322.65064306103,3528994.966030847,-316.67811828125275,-529.1798458196246,4553.674138812881,4595.243682582358,12742571.267330475,0.7238234767537444,1.6336210859721043,7.742870483855356e-08,2.953664254364538e-06,0.11504879102728356,0.11482376375872765,-0.02576409988105254,132794.96603084682,0.04829840267267696,0.048062957525739844,1237.5679530501366,-16086981907.548094,-1011992542.8125716,-197295065.14992,-16086814771.242958,-1883160043.724296,16118781461.403635,16197864877.115528,-0.9930853007561034,0.025591611605096952,-0.11457161444971209,0.025761249655311125,0.9996681239372378,0.0,-0.11453359087340421,0.0029515079632510847,0.9934149914121422,4558.3965590113485,-537.1622477613183,-0.11729921997215659,1.8480067938306402e-09,168.18561723099083,0.0,-74.99280861549542,4.1,0.0,3.005407297886031e-17,2.2908202593561686,1.5707963267948966,18.228887038463554,461.0,0.008979500919090128,4.133711136480161,0.0,0.019625694193747826,-1574.8743910346916,11.426199658247752,-181.63672992833912,0.034239866022096506,0.06482872389373108,-0.48908374076306455,0.03303416017677883,0.0654513264060833,-0.48908374076306455,-6.4713507176387346e-18,1.303789469936003e-19,-4.357656226012084e-19,-6.472655306935382e-18,1.0585750032588208e-20,-4.357656226012084e-19,-1574.8413568745148,11.491650984653836,-182.1258136691022,-1680508.5528461114,289.1351254073017,140011.11028415104,0.06302861803776458,4568.391159011637
261.42164743384023,2001.0,12.0,14.0,14.0,25.0,49.0,1.0,3505572.575049003,-25520.612786915415,405688.7350871658,-306.0518189961411,-286.4529950396941,4553.555423430775,3529061.310092153,4572.809861401836,3504497.867513608,-90471.41650981357,405688.7350871658,3529061.3100921535,-317.7198266105852,-529.1400247913966,4553.555423430775,4595.193363539071,12742560.171020813,0.7238232364066315,1.6336210810878784,7.598131170262078e-08,2.931365580407865e-06,0.11543709168549017,0.11521126589925179,-0.025810067396283963,132861.3100921535,0.04846133767975835,0.04822509556198411,1228.4544482082129,-16086980786.664246,-1011992393.4171314,-197300461.9721129,-16086820625.587936,-1883114651.264259,16118780333.351536,16197865479.807577,-0.9930396668064961,0.0256361135611586,-0.11495655627376225,0.025807201887791478,0.9996669387004468,0.0,-0.11491826869373754,0.002966707056082244,0.9933705200828528,4558.309728158082,-537.1632484361875,-0.11730165047578982,1.836270733873137e-09,168.27663761519187,0.0,-75.07663761519187,4.1,0.0,3.0055695582731945e-17,2.2908467584883723,1.5707963267948966,18.223756836670713,461.0,0.008922189617474527,4.136396369480434,0.0,0.01950072723912883,-1574.7443972861324,11.464159175464252,-182.2401473493048,0.034134365851756755,0.06442189080886106,-0.4859665579682571,0.0329348245680119,0.06504331078723372,-0.4859665579682571,-6.4303876262063765e-18,1.2972628103200796e-19,-4.34474323444384e-19,-6.431687378314558e-18,1.0554567147996969e-20,-4.34474323444384e-19,-1574.7114624615645,11.529202486251485,-182.72611390727306,-1680510.0162446015,289.32360984368194,140065.42625013032,0.06313112003397157,4568.348002191681
261.68182891638,2001.0,12.0,14.0,14.0,25.0,49.0,1.0,3505492.830418463,-25595.14170455768,406873.4724593425,-306.9405306480501,-286.4464789487286,4553.452148711041,3529119.02859414,4572.766180908207,3504415.085176143,-90609.08444526963,406873.4724593425,3529119.02859414,-318.62320005808726,-529.1054173216091,4553.452148711041,4595.14959025879,12742550.60661177,0.7238230292411088,1.6336210768770156,7.598131170262078e-08,2.912023946002666e-06,0.11577384190318331,0.11554732361067542,-0.02584993475465683,132919.02859413996,0.048602641030620744,0.048365707727828396,1220.5724394023418,-16086979820.503386,-1011992264.6301903,-197305171.81736055,-16086825727.384438,-1883075162.5505507,16118779361.011055,16197866013.209225,-0.9929999687690222,0.025674703434801594,-0.11529037959975655,0.025847055947370533,0.9996659090410424,0.0,-0.11525186212627747,0.002979916891708494,0.9933318319533226,4558.234191543689,-537.1641196633781,-0.11730376506782943,1.8251942811720037e-09,168.41151026897137,0.0,-75.15575513448569,4.1557551344856885,0.0,3.0058060634016255e-17,2.290885382706979,1.5707963267948966,18.21628458337209,461.0,0.008868128145409656,4.138710842224987,0.0,0.019383283258489616,-1574.6313135692405,11.497074321052715,-182.76337775840005,0.0340263051484598,0.06403936410310439,-0.4830405479660508,0.03283267783881205,0.06465945300355437,-0.4830405479660508,-6.392073284114065e-18,1.2910258737867246e-19,-4.331540889844558e-19,-6.393368252646718e-18,1.0523003453399496e-20,-4.331540889844558e-19,-1574.5984808914018,11.561733774056268,-183.2464183063661,-1680511.277615711,289.5120942800622,140119.82996403522,0.06323362491926725,4568.304776564703
261.91612343490385,2001.0,12.0,14.0,14.0,25.0,49.0,1.0,3505420.8221879723,-25662.253855604657,407940.3104206832,-307.7407645965766,-286.44059547623,4553.358898164617,3529171.1475597317,4572.726741062291,3504340.338213711,-90733.04728795568,407940.3104206832,3529171.147559731,-319.43663536967625,-529.0741960825625,4553.358898164617,4595.110066632965,12742542.044354357,0.7238228437826164,1.633621073106662,7.598131170262078e-08,2.8947015832485664e-06,0.1160770773795739,0.1158499355117031,-0.025885836305667917,132971.14755973127,0.04872988086352395,0.048492325149845535,1213.4952818900347,-16086978955.559757,-1011992149.3250937,-197309436.44071004,-16086830341.395048,-1883039506.5826166,16118778490.53456,16197866502.409748,-0.9929641243488038,0.025709449469656257,-0.11559096835038907,0.025882945487332894,0.9996649804473996,0.0,-0.11555224311588767,0.002991834732641142,0.9932968982312486,4558.165987274944,-537.1649069020289,-0.11730567458138139,1.8150725960499072e-09,168.5302107996161,0.0,-75.2302107996161,4.2,0.0,3.006014268309251e-17,2.290919385148788,1.5707963267948966,18.20971170856334,461.0,0.00881873162177878,4.1407826964657275,0.0,0.019275911608257423,-1574.5292079881929,11.526709712769101,-183.23447210889327,0.033925111936460556,0.06368990107795502,-0.48036522995499864,0.03273691572852818,0.0643087168881818,-0.48036522995499864,-6.3570244953986634e-18,1.285283270619803e-19,-4.319147145024746e-19,-6.358315017066984e-18,1.0493316752092587e-20,-4.319147145024746e-19,-1574.4964710724644,11.591018429657282,-183.71483733884827,-1680512.406822905,289.7005787164424,140174.3214258658,0.06333613269834272,4568.261482132338
262.164349506872,2001.0,12.0,14.0,14.0,25.0,50.0,1.0,3505344.327687435,-25733.355104169324,409070.5605257807,-308.58852518412044,-286.43434592013074,4553.259843037351,3529226.5136576695,4572.684847069009,3504260.9387574024,-90864.37318599044,409070.5605257807,3529226.5136576695,-320.2983805920728,-529.0410593782653,4553.259843037351,4595.068083645171,12742533.023242665,0.7238226483857361,1.6336210691333817,7.598131170262078e-08,2.8765031127972157e-06,0.11639833390427579,0.11617053140584399,-0.025923873482003753,133026.51365766907,0.0488646820053103,0.0486264668753965,1206.0169488191605,-16086978044.246851,-1011992027.8256257,-197313978.88951024,-16086835250.05275,-1883001630.9630773,16118777573.391361,16197867029.668274,-0.992926049148828,0.02574625710034665,-0.11590940931185016,0.025920969901737693,0.9996639952100672,0.0,-0.1158704631951231,0.0030044843101006626,0.9932597891956454,4558.093538005827,-537.1657437311455,-0.1173077031321153,1.8046972684661849e-09,168.60930522524154,0.0,-75.31861045048306,4.2,0.0,3.006154933305556e-17,2.290942357486021,1.5707963267948966,18.20527379737443,461.0,0.008768088046537195,4.142965559272242,0.0,0.019165475655932254,-1574.4207486503049,11.558102263556881,-183.73349889387194,0.033822295829973266,0.06333183205994868,-0.4776106297870672,0.03263963941850542,0.06394937517997902,-0.4776106297870672,-6.320813904731267e-18,1.2793662999091106e-19,-4.3064782016855086e-19,-6.3220998672393824e-18,1.0462704685732723e-20,-4.3064782016855086e-19,-1574.3881090108864,11.62205163873686,-184.21110952365902,-1680513.5965463351,289.88906315282264,140228.90063562203,0.06343864337588952,4568.218118896213
262.3954313110084,2001.0,12.0,14.0,14.0,25.0,50.0,1.0,3505272.9273140896,-25799.544195778133,410122.72534488037,-309.3776808517984,-286.42851299166813,4553.167389273428,3529278.1926742624,4572.645745868234,3504186.8309454997,-90986.62137881333,410122.72534488037,3529278.1926742624,-321.10055343793954,-529.0101567897026,4553.167389273428,4595.028899381136,12742524.673900561,0.723822467539719,1.6336210654546142,7.45058059692383e-08,2.8594703236377403e-06,0.11669739301668003,0.11646897554187602,-0.025959284334102096,133078.19267426198,0.048990168561373115,0.04875133956318573,1199.0742888599634,-16086977200.781338,-1011991915.3508495,-197318230.08446604,-16086839838.668163,-1882966279.339075,16118776724.528307,16197867529.03026,-0.9928905117820281,0.025780518398259067,-0.11620583670512963,0.025956368839361196,0.9996630766996824,0.0,-0.11616668425111076,0.003016281558804922,0.9932251524783596,4558.025917494332,-537.1665253413336,-0.1173095966571518,1.794361465147601e-09,168.68313239180284,0.0,-75.4662647836057,4.2,0.0,3.0062862062599694e-17,2.2909637959864124,1.5707963267948966,18.2011342199972,461.0,0.008717654690588375,4.144985853441083,0.0,0.019055550578399253,-1574.3195192328685,11.587321973769123,-184.19798548644403,0.03371315438022412,0.06298159079667873,-0.4748680604312592,0.03253598320914923,0.06359769928353597,-0.4748680604312592,-6.28475395371021e-18,1.2733679378292642e-19,-4.292961001812188e-19,-6.2860351678495164e-18,1.0430066448744709e-20,-4.292961001812188e-19,-1574.2869832496594,11.650919673052659,-184.67285354687527,-1680514.6976768654,290.07754758920294,140283.56759330395,0.06354115695659954,4568.174686857951
262.69543131100846,2001.0,12.0,14.0,14.0,25.0,50.0,1.0,3505179.960341832,-25885.471611169625,411488.65751560434,-310.4021197992757,-286.4209188502798,4553.0470166305095,3529345.481429453,4572.594838204988,3504090.3445768273,-91145.31839845022,411488.65751560434,3529345.481429453,-322.141889553932,-528.969959319225,4553.0470166305095,4594.97788357197,12742513.903884808,0.7238222342626536,1.6336210607075006,7.45058059692383e-08,2.837448736097643e-06,0.11708563079653458,0.11685641497678682,-0.026005257321075524,133145.481429453,0.04915307428375957,0.04891344834198543,1190.0887778699398,-16086976112.753628,-1011991770.2368059,-197323781.5875499,-16086845823.041386,-1882920252.114565,16118775629.536327,16197868189.515163,-0.9928442435047767,0.025824991879665637,-0.11659064256552847,0.026002326309518344,0.9996618823514746,0.0,-0.11655122121162415,0.00303162793262529,0.9931800552096066,4557.937877875763,-537.1675437705856,-0.11731206221857052,1.7816963059587256e-09,168.85851836986575,0.0,-75.57925918493288,4.279259184932879,0.0,3.006592679694836e-17,2.291013846896614,1.5707963267948966,18.19147743101342,461.0,0.008655848327686982,4.147591779561975,0.0,0.018921400014372973,-1574.187723588239,11.625249513757122,-184.8008947859267,0.03358576585221553,0.06254647813452581,-0.4715266202417601,0.03241536590586104,0.0631609820071039,-0.4715266202417601,-6.241042706197034e-18,1.26619333370567e-19,-4.277395951357537e-19,-6.242318359634048e-18,1.0392936740555138e-20,-4.277395951357537e-19,-1574.1553082223331,11.688410495764225,-185.27242140616843,-1680516.1180535592,290.2660320255832,140338.3222989115,0.06364367344516496,4568.13118601917
262.99543131100853,2001.0,12.0,14.0,14.0,25.0,50.0,1.0,3505086.686051248,-25971.39674451999,412854.55351378664,-311.4264729136979,-286.4133003118055,4552.926253829612,3529412.992629178,4572.5437668149125,3503993.5458210655,-91304.00334542303,412854.55351378664,3529412.9926291783,-323.1831372643763,-528.9296732310473,4552.926253829612,4594.926703686066,12742503.209074019,0.7238220026151162,1.6336210559923703,7.45058059692383e-08,2.815609797120977e-06,0.11747385364360612,0.11724383951665636,-0.026051231608323205,133212.99262917833,0.04931597305157554,0.049075550172686784,1181.1338905841112,-16086975032.298515,-1011991626.1156954,-197329369.82912612,-16086851837.85671,-1882874075.4408062,16118774542.164349,16197868863.443674,-0.9927978259100879,0.025869458614251772,-0.11697541613180197,0.026048285024552226,0.9996606858565958,0.0,-0.11693572471867786,0.003047008980266782,0.9931348105976306,4557.849553670652,-537.1685663866454,-0.11731453603776694,1.7691585117240226e-09,168.97570375596905,0.0,-75.67570375596905,4.3,0.0,3.00679952513907e-17,2.2910476273212037,1.5707963267948966,18.18496585214494,461.0,0.008594659229482481,4.150179389619571,0.0,0.018788105528366048,-1574.0555039574679,11.66316945993416,-185.40368341771082,0.03345779651511935,0.06211275914458623,-0.4682032789810194,0.0322941605035332,0.06272564223324102,-0.4682032789810194,-6.19740106180489e-18,1.2590047547529563e-19,-4.2616394779062515e-19,-6.1986711176790515e-18,1.0354971599349034e-20,-4.2616394779062515e-19,-1574.0232097969642,11.725895102167401,-185.87188669669183,-1680517.5285144076,290.4545164619634,140393.1647524447,0.06374619284627843,4568.087616381482
263.22705124259693,2001.0,12.0,14.0,14.0,25.0,51.0,1.0,3505014.4618891478,-26037.735090442537,413909.0911529933,-312.21728268112116,-286.40740160433427,4552.832750054941,3529465.267918047,4572.504224303283,3503918.597070755,-91426.51039181557,413909.0911529933,3529465.2679180466,-323.98698901963496,-528.8985090810168,4552.832750054941,4594.887077169033,12742495.002682714,0.723821824866673,1.633621052373432,7.45058059692383e-08,2.7987617847800916e-06,0.11777357723036162,0.11754294678142553,-0.026086727704818062,133265.26791804656,0.04944173695183542,0.04920069878898349,1174.2405188083649,-16086974203.221909,-1011991515.5123935,-197333709.5291995,-16086856502.440807,-1882838321.7503867,16118773707.779312,16197869392.882832,-0.9927618863175948,0.025903785262560763,-0.11727246473150567,0.02608376906030199,0.9996597606143847,0.0,-0.11723256402015582,0.0030589078871890037,0.993099777975908,4557.781166851996,-537.1693587773649,-0.11731645163950692,1.760268963317433e-09,169.0440848975582,0.0,-75.74408489755821,4.3,0.0,3.006921425941892e-17,2.291067535233086,1.5707963267948966,18.1811306247592,461.0,0.008551257571280012,4.152164917671848,0.0,0.018693453172131662,-1573.953131674632,11.692440967911937,-185.8689935041582,0.033372508917334835,0.06180457729076372,-0.46584207747549694,0.03221360770246382,0.0624164529937367,-0.46584207747549694,-6.1663507670707084e-18,1.2539750630121025e-19,-4.2511500284479165e-19,-6.167617012744901e-18,1.0329629215732795e-20,-4.2511500284479165e-19,-1573.9209180669295,11.754857420905674,-186.33483558163368,-1680518.6107973084,290.64300089834364,140448.09495390352,0.06384871516463295,4568.043977946492
263.4532653397177,2001.0,12.0,14.0,14.0,25.0,51.0,1.0,3504943.7465848164,-26102.523829196605,414938.995751497,-312.9895858797345,-286.40162651752235,4552.74120404043,3529516.451111898,4572.4655103684,3503845.21785236,-91546.15124301868,414938.995751497,3529516.451111898,-324.77202833077837,-528.8680212894132,4552.74120404043,4594.84828098776,12742487.026278242,0.7238216521000367,1.6336210488553051,7.146345858741881e-08,2.782250710648024e-06,0.11806629686049315,0.11783506449035618,-0.026121396101929036,133316.45111189736,0.04956456159254458,0.049322922509726884,1167.5221454650164,-16086973397.366146,-1011991407.9980261,-197337969.19649774,-16086861075.180206,-1882803316.4950218,16118772896.763243,16197869917.209465,-0.9927266996442388,0.025937306855214982,-0.11756256175567038,0.026118425646176873,0.9996588557311765,0.0,-0.11752245596149923,0.003070549027989554,0.993065478240707,4557.714212304907,-537.1701350689017,-0.11731832728377446,1.7517097776205302e-09,169.11843174827814,0.0,-75.80921587413907,4.30921587413907,0.0,3.007053399764394e-17,2.2910890881939214,1.5707963267948966,18.17698036889985,461.0,0.008509467995832068,4.154094765416771,0.0,0.018602388464778616,-1573.852904884284,11.721024907581405,-186.32337379154507,0.033290935448154244,0.06150786282471298,-0.4635708101926986,0.03213658820996178,0.062118783556185546,-0.4635708101926986,-6.136504423579686e-18,1.2491485893981456e-19,-4.241136894545618e-19,-6.137767025505004e-18,1.0305494673627472e-20,-4.241136894545618e-19,-1573.820768296074,11.78314369113759,-186.78694460173776,-1680519.662750207,290.83148533472394,140503.112903288,0.06395124040492194,4568.000270715802
263.6387951460009,2001.0,12.0,14.0,14.0,25.0,51.0,1.0,3504885.618933075,-26155.65942717749,415783.65796532785,-313.62295470655584,-286.39687972535125,4552.66595696615,3529558.523463662,4572.433689639884,3503784.903237462,-91644.26970193804,415783.65796532785,3529558.5234636613,-325.415841601457,-528.8429790964794,4552.66595696615,4594.81639265633,12742480.516832069,0.7238215111075527,1.6336210459837295,7.146345858741881e-08,2.7688506774926403e-06,0.11830636488226923,0.11807463886357072,-0.02614982999251383,133358.52346366178,0.04966529341762651,0.04942316149223479,1162.0259508937597,-16086972739.70663,-1011991320.248539,-197341478.48502204,-16086864838.482048,-1882774543.4943764,16118772234.891962,16197870352.992432,-0.9926977779076726,0.025964796756509024,-0.11780047141910169,0.026146849826140833,0.9996581126786144,0.0,-0.11776019693147025,0.0030801112356438473,0.9930372847649969,4557.659178737503,-537.170773528323,-0.11731986910095953,1.7432953072676431e-09,169.2386384676051,0.0,-75.86931923380256,4.369319233802551,0.0,3.007262848172444e-17,2.291123293714762,1.5707963267948966,18.170397751049975,461.0,0.008468425080518673,4.1556696445590235,0.0,0.018513316952567322,-1573.7705239656395,11.74446481762974,-186.69598280688967,0.03319814832503691,0.06121731155344395,-0.4613528821285101,0.032048429688265496,0.061826971788685195,-0.4613528821285101,-6.10748436780027e-18,1.2442599455689457e-19,-4.2297372492968337e-19,-6.108743036673268e-18,1.02782752442659e-20,-4.2297372492968337e-19,-1573.7384755359512,11.806291789418426,-187.1573356890182,-1680520.521237081,291.0199697711042,140558.21860059816,0.06405376857183906,4567.956494691006
263.8329597768913,2001.0,12.0,14.0,14.0,25.0,51.0,1.0,3504824.660099981,-26211.26708854177,416667.6170125013,-314.2857659323653,-286.3919020322885,4552.587048143223,3529602.6450061216,4572.400320962589,3503721.65358176,-91746.94975655392,416667.6170125013,3529602.6450061216,-326.08958231119567,-528.8167351383952,4552.587048143223,4594.7829530866575,12742473.737164883,0.7238213642624188,1.6336210429925113,7.146345858741881e-08,2.754821320364085e-06,0.11855759983097365,0.11832535721162178,-0.026179587775685305,133402.6450061216,0.04977071056938401,0.049528062866495685,1156.2887534052134,-16086972054.736134,-1011991228.8486826,-197345166.30188826,-16086868789.589485,-1882744370.2052464,16118771545.534397,16197870814.760517,-0.9926674489942998,0.025993563294259944,-0.11804944038163215,0.026176597423922286,0.9996573341637153,0.0,-0.11800898887142083,0.0030901326769892995,0.9930077188147046,4557.60146739873,-537.1714434299028,-0.11732148605932424,1.734794498863127e-09,169.33235000874518,0.0,-75.93235000874517,4.4,0.0,3.007427166774613e-17,2.2911501289789844,1.5707963267948966,18.165236942595737,461.0,0.008426953861652991,4.15730983149632,0.0,0.018423083654455975,-1573.6841354629753,11.768992514006198,-187.08588367300268,0.03310543599855188,0.06092326701179903,-0.45910421202787405,0.031960381291992614,0.061531686013919874,-0.45910421202787405,-6.077983329525615e-18,1.239308327839522e-19,-4.2183018980323815e-19,-6.0792380383140196e-18,1.0250796150367546e-20,-4.2183018980323815e-19,-1573.6521750816833,11.830524200020118,-187.54498788503057,-1680521.4153625164,291.2084542074844,140613.41204583397,0.06415629967007846,4567.912649873695
264.11616405288635,2001.0,12.0,14.0,14.0,25.0,52.0,1.0,3504735.5161390365,-26292.373469647646,417956.9128004794,-315.2524625996254,-286.38462337412415,4552.471660698257,3529667.1667377837,4572.351527293261,3503629.1644724137,-91896.70748924035,417956.9128004794,3529667.1667377837,-327.07221853879463,-528.7783897744281,4552.471660698257,4594.734055752637,12742463.90640897,0.723821151332263,1.6336210386541958,6.989264130329237e-08,2.7344341327320653e-06,0.11892403425960255,0.11869103817312819,-0.026222992815728846,133467.1667377837,0.04992446442859952,0.0496810644288754,1147.9459113031626,-16086971061.486532,-1011991096.29929,-197350573.21051547,-16086874575.579855,-1882700247.9513643,16118770545.9224,16197871498.52783,-0.9926230998461435,0.026035516423542515,-0.11841255649800168,0.026219987565869532,0.9996561970257802,0.0,-0.1183718459088927,0.0031047757590204274,0.9929644839890335,4557.517077367432,-537.172423694549,-0.11732385072250058,1.723057130665648e-09,169.4490478222392,0.0,-76.0245239111196,4.4,0.0,3.0076326506177213e-17,2.2911836870372344,1.5707963267948966,18.158787512994927,461.0,0.008369680095662956,4.1596881259503,0.0,0.018298145487959164,-1573.557813086009,11.804762301526567,-187.65449279751337,0.032980731013345206,0.06051684358667839,-0.4559894762453106,0.03184207123500625,0.061123640887417,-0.4559894762453106,-6.037082294465158e-18,1.2324987980193015e-19,-4.202919223908401e-19,-6.03833162764696e-18,1.0213597520174341e-20,-4.202919223908401e-19,-1573.525971014774,11.865885942413984,-188.1104822737587,-1680522.7118775342,291.39693864386464,140668.69323899545,0.0642588337043347,4567.868736265452
264.4105654782181,2001.0,12.0,14.0,14.0,25.0,52.0,1.0,3504642.557450219,-26376.68439436242,419297.1492445094,-316.2572975802461,-286.37703389928606,4552.351342819517,3529734.449549346,4572.300649813874,3503532.7235918185,-92052.37472302107,419297.1492445094,3529734.449549346,-328.09362083683396,-528.7384446848903,4552.351342819517,4594.683070179301,12742453.75497255,0.7238209314568701,1.6336210341731752,7.146345858741881e-08,2.7134028470001842e-06,0.11930494221664019,0.11907116290808506,-0.026268115224752184,133534.44954934623,0.050084290639703224,0.049840108605512974,1139.3012665063143,-16086970035.814102,-1011990959.4054902,-197356229.12772018,-16086880618.757528,-1882654240.104061,16118769513.678782,16197872221.718317,-0.9925768563238878,0.026079121825941815,-0.1187899982952096,0.026265094434966774,0.9996550128991113,0.0,-0.11874901727808317,0.0031200305231532223,0.9929194007093547,4557.429082094182,-537.1734466765197,-0.11732631668037419,1.711316512264275e-09,169.62064221335172,0.0,-76.14128442670345,4.420642213351731,0.0,3.0079320542475645e-17,2.291232583360656,1.5707963267948966,18.14939874748848,461.0,0.008312386820914125,4.162143942120592,0.0,0.01817334729179964,-1573.426096394027,11.841939051448733,-188.2454675334756,0.032859167117119524,0.06011318851812719,-0.45288069864493713,0.03172681804020757,0.06071844295179388,-0.45288069864493713,-5.9964058117600426e-18,1.2257762790459654e-19,-4.1880426607683275e-19,-5.9976499020133735e-18,1.0177772413919249e-20,-4.1880426607683275e-19,-1573.3943695759867,11.902657494400527,-188.69834823212054,-1680524.0506871399,291.58542308024494,140724.06218008255,0.0643613706793026,4567.82475386786
264.71056547821814,2001.0,12.0,14.0,14.0,25.0,52.0,1.0,3504547.526680185,-26462.59634144943,420662.83620829636,-317.2811547288858,-286.3692759528236,4552.228350821449,3529803.232126706,4572.24864277725,3503434.139392772,-92210.99013977758,420662.83620829636,3529803.2321267063,-329.13435778580833,-528.6976522733265,4552.228350821449,4594.630952646466,12742443.485359512,0.7238207090224295,1.633621029637846,6.989264130329237e-08,2.691959830000756e-06,0.11969307875365917,0.11945850137360711,-0.026314097031161762,133603.23212670628,0.05024714921925454,0.050002170285328586,1130.5233410298824,-16086968998.178421,-1011990820.8820028,-197362029.66964743,-16086886807.019295,-1882607209.41163,16118768469.393198,16197872972.015041,-0.9925295856454733,0.026123549692661046,-0.11917458525155437,0.026311060350463576,0.9996538041258255,0.0,-0.11913332750183382,0.0031356097047951135,0.9928733142904587,4557.339131835913,-537.1744932785372,-0.11732883771436975,1.6985426050402638e-09,169.7189030381518,0.0,-76.31890303815182,4.5,0.0,3.008106334036235e-17,2.291261045410088,1.5707963267948966,18.143938269956337,461.0,0.008250066832651904,4.1646282226059474,0.0,0.01803808730256289,-1573.2914557053507,11.879815126725031,-188.84755903602513,0.032719226630911584,0.0596793228483544,-0.4495063238398874,0.031593751298212486,0.060282702708735335,-0.4495063238398874,-5.952019135356822e-18,1.2183076494690778e-19,-4.170679599024098e-19,-5.953257241079916e-18,1.013629473084558e-20,-4.170679599024098e-19,-1573.2598619540524,11.940097829433766,-189.29706535986503,-1680525.405084489,291.7739075166252,140779.5188690953,0.0644639105996774,4567.78070268249
265.0105654782182,2001.0,12.0,14.0,14.0,25.0,53.0,1.0,3504452.18876615,-26548.505957498262,422028.48621604376,-318.3049242083034,-286.3614936471705,4552.104969239264,3529872.237021368,4572.196472243062,3503335.2429861748,-92369.59330553567,422028.48621604376,3529872.2370213675,-330.17500446235755,-528.6567713666245,4552.104969239264,4594.57867126642,12742433.292385701,0.7238204882485623,1.6336210251348782,6.828569911354543e-08,2.670635646208814e-06,0.1200812000252716,0.11984582462231134,-0.02636008016765413,133672.23702136753,0.05041000069521485,0.05016422486815557,1121.779474541545,-16086967968.26255,-1011990683.3668157,-197367867.74502113,-16086893025.828035,-1882560029.4538217,16118767432.8755,16197873735.899723,-0.9924821658538027,0.026167970709183634,-0.11955913922033803,0.026357027539950915,0.9996525932038881,0.0,-0.1195176035628356,0.0031512235250832753,0.9928270807290118,4557.248897416912,-537.175544097059,-0.11733136700800643,1.6860114840277774e-09,169.83059255341882,0.0,-76.41529627670941,4.5,0.0,3.008303504242529e-17,2.2912932457484114,1.5707963267948966,18.137764697130788,461.0,0.008188930276143622,4.1670939031728365,0.0,0.017904704170809933,-1573.1563920555939,11.917683448627399,-189.4495273322783,0.03258067915063322,0.059244777468766205,-0.44618041625664623,0.0314621086298788,0.05984630340966633,-0.44618041625664623,-5.90829464535646e-18,1.2109442497629314e-19,-4.1535225024474374e-19,-5.909526848349453e-18,1.0094788018665921e-20,-4.1535225024474374e-19,-1573.124929946964,11.977529752037064,-189.89570774853496,-1680526.7493765112,291.9623919530054,140835.06330603373,0.06456645347015473,4567.736582710914
265.3105654782183,2001.0,12.0,14.0,14.0,25.0,53.0,1.0,3504356.543734457,-26634.41323519972,423394.0991508697,-319.3286057321606,-286.35368696548255,4551.981197980833,3529941.464214197,4572.144138065705,3503236.0343991523,-92528.1841937473,423394.0991508697,3529941.464214197,-331.21556057515556,-528.6158019609107,4551.981197980833,4594.5262258932535,12742423.17002275,0.7238202690046953,1.6336210206618729,6.828569911354543e-08,2.6494331649428565e-06,0.12046930599524665,0.1202331326062465,-0.02640606463866357,133741.46421419643,0.05057284504550288,0.05032627233193644,1113.065399646759,-16086966945.457415,-1011990546.7828676,-197373743.4650906,-16086899274.568344,-1882512700.1790018,16118766403.512974,16197874512.757908,-0.9924345969796443,0.026212384860139618,-0.11994366009837554,0.026402996007759496,0.9996513801330013,0.0,-0.1199018453555447,0.0031668719787334714,0.9927807000552565,4557.158378722464,-537.1765991139114,-0.11733390456122662,1.6747489918520401e-09,170.00209173456633,0.0,-76.50209173456633,4.502091734566331,0.0,3.008602642626694e-17,2.2913420987539266,1.5707963267948966,18.128406711741416,461.0,0.008133962738170237,4.169542444645392,0.0,0.017784802511058975,-1573.0209055991209,11.955543993445259,-190.05137204500497,0.032465428772745566,0.0588542227144296,-0.4431938158611265,0.03135295028673323,0.05945431948172926,-0.4431938158611265,-5.869213575998361e-18,1.204510404559094e-19,-4.139441399604617e-19,-5.870440804139056e-18,1.0060761878481554e-20,-4.139441399604617e-19,-1572.9895526488342,12.014998312926988,-190.4945658608661,-1680528.0843582097,292.15087638938564,140890.6954908978,0.06466899929543062,4567.692393954695
265.61056547821835,2001.0,12.0,14.0,14.0,25.0,53.0,1.0,3504260.591611534,-26720.318167240584,424759.6748958733,-320.35219902580826,-286.3458559130597,4551.857037121741,3530010.9136859938,4572.091640268595,3503136.5136589147,-92686.76277786426,424759.6748958733,3530010.9136859938,-332.25602584497966,-528.5747440742629,4551.857037121741,4594.473616550452,12742413.118098984,0.7238200512871084,1.6336210162189464,6.828569911354543e-08,2.6283130909057668e-06,0.12085739661523827,0.12062042527746202,-0.026452050448623476,133810.9136859933,0.05073568224805455,0.05048831265463124,1104.3817258775234,-16086965929.745737,-1011990411.1309545,-197379656.94730157,-16086905553.216562,-1882465221.613476,16118765381.288431,16197875302.571962,-0.9923868790538618,0.02625679213016423,-0.12032814778250771,0.02644896575821911,0.9996501649128662,0.0,-0.12028605277444357,0.003182555060449475,0.992734172299529,4557.067575805675,-537.1776583331488,-0.11733645037450519,1.6628303154583904e-09,170.10261053140937,0.0,-76.60130526570468,4.6,0.0,3.0087806735690923e-17,2.291371173413253,1.5707963267948966,18.122842090379155,461.0,0.008075805927248473,4.17197385145661,0.0,0.017658674940591732,-1572.884996490761,11.993396737479634,-190.65309279717937,0.03233757727145167,0.058442414382743654,-0.44004820050788473,0.03123160985820114,0.05904084389925794,-0.44004820050788473,-5.8278358318739025e-18,1.197590820821347e-19,-4.123618308812166e-19,-5.829057578981583e-18,1.0023069984178315e-20,-4.123618308812166e-19,-1572.8537648809029,12.052437581378891,-191.09314099768724,-1680529.4100521747,292.3393608257659,140946.41542368752,0.06477154808020143,4567.648136415394
265.9105654782184,2001.0,12.0,14.0,14.0,25.0,53.0,1.0,3504164.3324238923,-26806.220746312334,426125.21333420125,-321.3757038235483,-286.33800051026805,4551.732486860022,3530080.585417506,4572.038978998453,3503036.680792758,-92845.32903134695,426125.21333420125,3530080.585417506,-333.2964000018423,-528.5335977396825,4551.732486860022,4594.420843385024,12742403.140714556,0.7238198351846019,1.6336210118078132,6.828569911354543e-08,2.6071496784743503e-06,0.12124547182782547,0.12100770258802654,-0.026498037601968834,133880.58541750629,0.050898512280778956,0.05065034581416453,1095.732195660472,-16086964921.542229,-1011990276.4648511,-197385608.3140747,-16086911862.181002,-1882417593.8366065,16118764366.619135,16197876105.759512,-0.9923390121074107,0.02630119250390032,-0.12071260216961961,0.02649493679566109,0.9996489475431832,0.0,-0.12067022571405922,0.0031982727649238533,0.9926874974922567,4556.976488842189,-537.178721773956,-0.1173390044484685,1.6498996427132057e-09,170.3008363107233,0.0,-76.70083631072329,4.6,0.0,3.0091251912616477e-17,2.291427437422238,1.5707963267948966,18.11208371722693,461.0,0.0080127443706585,4.17438713448388,0.0,0.01752105593312822,-1572.7486648857948,12.031241657046998,-191.25468921200928,0.03218708036337914,0.057994451895101815,-0.4366212820014564,0.0310883270508968,0.058590788645557446,-0.4366212820014564,-5.78298174384893e-18,1.1899264722668363e-19,-4.105076691455534e-19,-5.784197224803196e-18,9.97819437705269e-21,-4.105076691455534e-19,-1572.717576558744,12.089832445692554,-191.69131049401074,-1680530.7259176224,292.5278452621462,141002.22310440292,0.06487409982916394,4567.603810094566
266.2105654782185,2001.0,12.0,14.0,14.0,25.0,54.0,1.0,3504067.7661981178,-26892.120965112248,427490.7143490577,-322.3991198521653,-286.33012076306994,4551.607547285208,3530150.479389418,4571.986154292389,3502936.535828054,-93003.88292766517,427490.7143490577,3530150.479389418,-334.3366827679712,-528.4923629759397,4551.607547285208,4594.367906434121,12742393.238166383,0.723819620703605,1.6336210074285429,6.664001874625058e-08,2.5861565198089993e-06,0.12163353158355734,0.12139496449003112,-0.026544026103136536,133950.47938941792,0.05106133512159789,0.05081237178846964,1087.1173450499773,-16086963920.877281,-1011990142.7875979,-197391597.68378472,-16086918201.485647,-1882369816.8770971,16118763359.535612,16197876922.350542,-0.9922909961713385,0.026345585965998626,-0.12109702315664385,0.026540909124418637,0.999647728023652,0.0,-0.1210543640689666,0.0032140250868381037,0.9926406756639581,4556.885117898957,-537.1797894410537,-0.1173415667833881,1.6379178189569257e-09,170.4006848420256,0.0,-76.80068484202562,4.6,0.0,3.0093019928541834e-17,2.2914563113134956,1.5707963267948966,18.10656780592715,461.0,0.007954287016873856,4.17678226262829,0.0,0.017393516829873543,-1572.6119109399624,12.069078728479903,-191.85616091294253,0.03205318168589985,0.05757907567166269,-0.4334403074402733,0.03096104381967742,0.05817362097195239,-0.4334403074402733,-5.741125789156627e-18,1.1828557660988434e-19,-4.0884654886272843e-19,-5.742335591073572e-18,9.938010010500698e-21,-4.0884654886272843e-19,-1572.5809498961428,12.127252349451856,-192.2896012203828,-1680532.0319153387,292.7163296985264,141058.11853304395,0.06497665454701526,4567.559414993758
266.51056547821855,2001.0,12.0,14.0,14.0,25.0,54.0,1.0,3503970.892960886,-26978.018816335774,428856.177823646,-323.4224468340393,-286.32221666938034,4551.482218424913,3530220.5955823595,4571.93316612489,3502836.0787922647,-93162.42444029095,428856.177823646,3530220.5955823595,-335.37687386103954,-528.4510397938724,4551.482218424913,4594.314805672136,12742383.408577621,0.7238194078034617,1.6336210030803051,6.664001874625058e-08,2.565294516457469e-06,0.12202157583761698,0.12178221093557237,-0.02659001595656322,134020.59558235947,0.05122415074844349,0.05097439055551467,1078.5359392762184,-16086962927.561556,-1011990010.0738629,-197397625.17240727,-16086924570.934729,-1882321890.735363,16118762359.847305,16197877752.153482,-0.9922428312767868,0.02638997250111576,-0.12148141064054388,0.02658688274882466,0.9996465063539712,0.0,-0.12143846773377183,0.003229812020861961,0.9925937068452447,4556.793462980866,-537.1808613310787,-0.11734413737937249,1.6258979001669487e-09,170.50170166388418,0.0,-76.9008508319421,4.600850831942094,0.0,3.009480762859331e-17,2.291485506670927,1.5707963267948966,18.10099401917754,461.0,0.007895647826507184,4.179159710886653,0.0,0.01726558298184275,-1572.474734809458,12.10690792812351,-192.4575075236401,0.03191708737780809,0.05716231377000792,-0.4302495714090914,0.030831609280767894,0.05775502100580988,-0.4302495714090914,-5.699139433482514e-18,1.1757357609178076e-19,-4.0715706713066846e-19,-5.7003434874300176e-18,9.897140222697386e-21,-4.0715706713066846e-19,-1572.4439032001771,12.16466294912932,-192.88775709504918,-1680533.3282928057,292.90481413490664,141114.1017096106,0.0650792122384529,4567.51495111452
266.8105654782186,2001.0,12.0,14.0,14.0,25.0,54.0,1.0,3503873.7127389503,-27063.914292679518,430221.60364119057,-324.44568449373327,-286.314288231996,4551.356500339265,3530290.9339768975,4571.880014503102,3502735.3097129334,-93320.95354270129,430221.60364119057,3530290.9339768975,-336.4169730009964,-528.4096282091863,4551.356500339265,4594.261541106232,12742373.651200647,0.7238191964679774,1.6336209987628836,6.664001874625058e-08,2.5444796305743057e-06,0.12240960454294252,0.12216944187675893,-0.02663600716668611,134090.9339768975,0.05138695913929473,0.051136402093293155,1069.9879437088966,-16086961941.519653,-1011989878.3154218,-197403690.89683065,-16086930970.446432,-1882273815.4290023,16118761367.47845,16197878595.09195,-0.9921945174549898,0.02643435209391498,-0.12186576451832057,0.026632857673212617,0.9996452825338388,0.0,-0.12182253660311883,0.0032456335616536758,0.99254659106682,4556.701524125257,-537.1819374455613,-0.11734671623676417,1.6138398896747143e-09,170.7013342527107,0.0,-77.00266850542143,4.7,0.0,3.009827391195938e-17,2.2915421153742446,1.5707963267948966,18.090196772917455,461.0,0.007836833676173183,4.1815195916796,0.0,0.01713797298658316,-1572.3371366509364,12.144729232337047,-193.0587286679877,0.03178094857184527,0.05674612110182941,-0.4270721413096834,0.03070213730402082,0.05733698385156666,-0.4270721413096834,-5.657571407011585e-18,1.168686788711282e-19,-4.054845188274029e-19,-5.658769773388138e-18,9.857247327884675e-21,-4.054845188274029e-19,-1572.3064345136324,12.202066216188614,-193.4858008092974,-1680534.615148589,293.0932985712869,141170.17263410296,0.06518177290817478,4567.470418458391
267.1105654782187,2001.0,12.0,14.0,14.0,25.0,55.0,1.0,3503776.22555915,-27149.807386841047,431586.9916849372,-325.4688325586425,-286.3063354546901,4551.230393124326,3530361.494553542,4571.826699470047,3502634.2286176877,-93479.47020837798,431586.9916849372,3530361.4945535418,-337.45697991064236,-528.3681282385405,4551.230393124326,4594.20811277932,12742363.966528464,0.7238189867078262,1.6336209944757847,6.495265578539184e-08,2.5236690359609467e-06,0.12279761764974825,0.12255665726571144,-0.02668199973794296,134161.49455354176,0.05154976027209908,0.05129840637977819,1061.472765877843,-16086960962.802431,-1011989747.507493,-197409794.97685707,-16086937400.065117,-1882225590.979138,16118760382.479502,16197879451.215315,-0.9921460547372754,0.026478724729066205,-0.12225008468701212,0.02667883390191646,0.9996440565629517,0.0,-0.12220657057168918,0.0032614897038600174,0.9924993283594797,4556.609301405406,-537.183017787027,-0.11734930335520712,1.6017437908214125e-09,170.80213507648824,0.0,-77.20427015297646,4.7,0.0,3.010005705189427e-17,2.291571236259322,1.5707963267948966,18.08464760201185,461.0,0.007777830739527474,4.183861795291485,0.0,0.01700932459488667,-1572.1991166215066,12.182542617493697,-193.65982397009586,0.03164071858937564,0.05633606105931954,-0.4238623370881125,0.03056847657222734,0.05692499528840234,-0.4238623370881125,-5.6153361210076635e-18,1.161471113727807e-19,-4.037395735772217e-19,-5.616528604700685e-18,9.815088008488989e-21,-4.037395735772217e-19,-1572.1685481449344,12.2394676127821,-194.08368630718397,-1680535.892417619,293.2817830076672,141226.33130652094,0.06528433656087917,4567.425817026906
267.3479228204267,2001.0,12.0,14.0,14.0,25.0,55.0,1.0,3503698.8770774663,-27217.763549189945,432667.2477657657,-326.27827457137533,-286.30002603378415,4551.130342454017,3530417.4788791933,4571.784401234363,3502554.0330783967,-93604.87835992206,432667.2477657657,3530417.4788791933,-338.2797586212659,-528.3352312018969,4551.130342454017,4594.165724658575,12742356.35278508,0.723818821802323,1.6336209911042054,6.495265578539184e-08,2.5073390076425057e-06,0.12310459910333361,0.12286300759931754,-0.02671838962026708,134217.4788791933,0.05167856192856074,0.051426577583279814,1054.7568471431732,-16086960193.353886,-1011989644.6503403,-197414651.7237445,-16086942508.165314,-1882187330.5209787,16118759608.091223,16197880137.626188,-0.9921076059793239,0.026513827024683478,-0.12255413144598558,0.02671521081382839,0.9996430850614497,0.0,-0.12251039004569145,0.00327405945768514,0.9924618304325462,4556.536134421724,-537.1838755309367,-0.11735135611408637,1.5933781681210026e-09,170.87184859899165,0.0,-77.27184859899164,4.7,0.0,3.010129689791892e-17,2.291591484481511,1.5707963267948966,18.080791250905946,461.0,0.007736999394121435,4.185703116909439,0.0,0.01692024334480315,-1572.0896175684877,12.212454605918317,-194.13531582995503,0.03155222292956004,0.05604511312482794,-0.4216399818171082,0.030484552272485244,0.05663293696884817,-0.4216399818171082,-5.586081576100623e-18,1.1566069617193413e-19,-4.0264462980748096e-19,-5.587270259665825e-18,9.788612955167975e-21,-4.0264462980748096e-19,-1572.0591330162151,12.269087542887165,-194.55695581177213,-1680536.8965622708,293.4702674440474,141282.5777268646,0.06538690320126475,4567.381146821596
267.5783458677583,2001.0,12.0,14.0,14.0,25.0,55.0,1.0,3503623.6045157732,-27283.73296655386,433715.9218754005,-327.06401512493034,-286.2938863567485,4551.032981676963,3530471.960672244,4571.743240785335,3502475.993606677,-93726.61528942092,433715.9218754005,3530471.960672244,-339.07844466335973,-528.3032423171394,4551.032981676963,4594.124476740876,12742349.001002165,0.7238186625709723,1.6336209878479138,6.495265578539184e-08,2.4915704012725063e-06,0.12340260283880018,0.12316039867274048,-0.02675371720730311,134271.9606722435,0.051803596329010826,0.0515509999532435,1048.2544546723366,-16086959450.365387,-1011989545.3196979,-197419389.67176166,-16086947484.651024,-1882150098.4962497,16118758860.332195,16197880811.470608,-0.9920701913575781,0.02654789963877075,-0.1228492753112861,0.026750525775242714,0.9996421406537181,0.0,-0.122805312549932,0.0032862827056844473,0.9924253400409987,4556.464934945805,-537.1847107380016,-0.11735335384966863,1.584521027615402e-09,170.99131620640998,0.0,-77.34565810320498,4.745658103204984,0.0,3.0103381402016227e-17,2.291625527016857,1.5707963267948966,18.074311557128556,461.0,0.007693792783583747,4.187481059221059,0.0,0.016826289635559908,-1571.983065028462,12.241487960893302,-194.59684063738524,0.03145197897546586,0.055738390423844084,-0.41929888693515294,0.03038921849575633,0.0563248661581295,-0.41929888693515294,-5.555374412380987e-18,1.1513981824778966e-19,-4.0140772208215316e-19,-5.556558899393636e-18,9.758947326165073e-21,-4.0140772208215316e-19,-1571.9526758099664,12.297812827051432,-195.0161395243204,-1680537.8661592025,293.65875188042764,141338.91189513388,0.06548947283403046,4567.336407843993
267.8296498010206,2001.0,12.0,14.0,14.0,25.0,55.0,1.0,3503541.3043711856,-27355.678903392556,434859.60099795106,-327.9208985889311,-286.287173943659,4550.926536505374,3530531.5289887036,4571.698240519033,3502390.6724148407,-93859.37558247853,434859.60099795106,3530531.528988703,-339.9494449527924,-528.2682951946483,4550.926536505374,4594.079380844477,12742341.031417921,0.7238184899591574,1.6336209843173581,6.495265578539184e-08,2.4744453885286827e-06,0.12372760103121407,0.12348472871796239,-0.02679224709571938,134331.52898870315,0.05193995639890294,0.05168669253515918,1041.18640114367,-16086958644.924753,-1011989437.6308184,-197424582.9699135,-16086952932.293245,-1882109392.255105,16118758049.719484,16197881555.197086,-0.9920292861449326,0.02658505519970924,-0.12317114219980176,0.026789041855512494,0.9996411092169347,0.0,-0.12312693721212663,0.0032996368837817703,0.9923854441340805,4556.387092564101,-537.1856244821159,-0.1173555381767374,1.5743093162223162e-09,171.13075569814737,0.0,-77.43075569814737,4.8,0.0,3.010580973735039e-17,2.291665184742429,1.5707963267948966,18.066769123328477,461.0,0.007643993497483005,4.189408290644193,0.0,0.016717995709161673,-1571.866573263726,12.273146945215192,-195.1001034349622,0.03133084064435442,0.05538492886592604,-0.4166008526883781,0.03027380852471415,0.05596971000795487,-0.4166008526883781,-5.5199850309320884e-18,1.1453091711069278e-19,-3.9990913026491224e-19,-5.5211645090776296e-18,9.722982573183034e-21,-3.9990913026491224e-19,-1571.8362994552012,12.329116655223148,-195.51670428765058,-1680538.9172367118,293.8472363168079,141395.33381132883,0.06559204546387576,4567.291600095617
268.12964980102066,2001.0,12.0,14.0,14.0,25.0,56.0,1.0,3503442.7746734726,-27441.563850765746,436224.8598526989,-328.94374024177057,-286.2791385007239,4550.799107812901,3530602.8441601642,4571.644370361244,3502288.5316256755,-94017.84980313557,436224.8598526989,3530602.8441601642,-340.9891364630894,-528.2264950945014,4550.799107812901,4594.025396204984,12742331.585355405,0.7238182853691275,1.6336209801315724,6.495265578539184e-08,2.454036221162948e-06,0.12411556080576988,0.12387189091888146,-0.026838244323791588,134402.8441601647,0.05210273271217044,0.051848672025168824,1032.782174155116,-16086957690.243982,-1011989309.9712617,-197430818.20951545,-16086959463.290382,-1882060661.286786,16118757088.907232,16197882455.255999,-0.9919803178708354,0.02662940408566399,-0.12355534709157158,0.0268350225472479,0.9996398759377743,0.0,-0.12351085183806725,0.0033156105250353634,0.9923376825481743,4556.293905774699,-537.1867191886663,-0.11735815336098787,1.562083858257478e-09,171.26526902904203,0.0,-77.53263451452102,4.8,0.0,3.0108164764753415e-17,2.291703645258631,1.5707963267948966,18.059460607962073,461.0,0.0075843753089594205,4.191692558923471,0.0,0.016587880269664634,-1571.7271213402596,12.310933253436351,-195.7007684526094,0.031182864354805842,0.05496070566891094,-0.4133574355284152,0.030132730931085584,0.05554339495952402,-0.4133574355284152,-5.477356439462067e-18,1.137935479615522e-19,-3.980707132261583e-19,-5.47852980858617e-18,9.67847648345266e-21,-3.980707132261583e-19,-1571.6969886093286,12.366476648395876,-196.1141258881378,-1680540.1630429104,294.0357207531881,141451.84347544942,0.06569462109550049,4567.246723577984
268.42964980102073,2001.0,12.0,14.0,14.0,25.0,56.0,1.0,3503343.9381369976,-27527.446383827148,437590.0804200092,-329.96649109911806,-286.27107874837037,4550.671290386326,3530674.381427386,4571.590336953036,3502186.0789431897,-94176.31147048727,437590.0804200092,3530674.3814273854,-342.0287345224439,-528.1846066959477,4550.671290386326,4593.971247965743,12742322.213149853,0.7238180823793643,1.633620975977326,6.322027276634106e-08,2.4335927561043073e-06,0.12450350476548101,0.12425903735703316,-0.026884242932507102,134474.3814273849,0.05226550167057356,0.052010644167141386,1024.4148910939693,-16086956743.004976,-1011989183.289233,-197437092.32253623,-16086966024.483065,-1882011781.316874,16118756135.583439,16197883368.6168,-0.9919312008396882,0.026673745946635147,-0.12393951782183317,0.026881004562351634,0.9996386405065176,0.0,-0.12389473110045063,0.003331618744024359,0.99228977416987,4556.20043541507,-537.18781814716,-0.11736077680847698,1.5498203267340144e-09,171.43483061054988,0.0,-77.63483061054988,4.8,0.0,3.0111114677062465e-17,2.291751820982621,1.5707963267948966,18.050314579521253,461.0,0.007524577866681169,4.1939589056479845,0.0,0.01645736423000455,-1571.587248242078,12.348711538866473,-196.30130597768877,0.03103275903782385,0.05453530120198171,-0.41010576550589795,0.029989565314654583,0.05511585237414524,-0.41010576550589795,-5.434697398561385e-18,1.1305325764715023e-19,-3.9621062423969796e-19,-5.435864609221212e-18,9.633442314627814e-21,-3.9621062423969796e-19,-1571.5572586767632,12.403827391240618,-196.71141174319467,-1680541.399110211,294.2242051895684,141508.4408874957,0.06579719973360476,4567.201778292614
268.70379860415454,2001.0,12.0,14.0,14.0,25.0,56.0,1.0,3503253.350116,-27605.926245168528,438837.62545406335,-330.90103121252633,-286.26369225784566,4550.554147216655,3530739.9484777963,4571.540816914283,3502092.1819625427,-94321.10739208147,438837.62545406335,3530739.9484777963,-342.97866777746844,-528.1462506514245,4550.554147216655,4593.921622685596,12742313.713342221,0.7238178982851441,1.6336209722087187,6.322027276634106e-08,2.4151376206706075e-06,0.12485800546916624,0.12461280930770771,-0.026926279021985446,134539.94847779674,0.05241423827110812,0.0521586526194452,1016.8014369904995,-16086955883.91861,-1011989068.3809767,-197442859.88476616,-16086972046.713537,-1881966983.0958147,16118755270.977571,16197884214.92526,-0.9918861862008261,0.026714260684292543,-0.12429055434775332,0.02692302543792779,0.9996375096510078,0.0,-0.12424550022133138,0.0033462777563987092,0.9922458657509883,4556.114771544318,-537.1888261299463,-0.11736318141790417,1.5388652392033704e-09,171.5284978254239,0.0,-77.7284978254239,4.828497825423905,0.0,3.011276870046112e-17,2.2917788332346403,1.5707963267948966,18.045190573801204,461.0,0.007471153882839123,4.196014270353083,0.0,0.016340970720554314,-1571.4590599369646,12.383227409026889,-196.84998298458135,0.030899603123818627,0.054155264953436255,-0.40720294049157296,0.02986260038711657,0.05473393182940331,-0.40720294049157296,-5.396471009430034e-18,1.1239071737902726e-19,-3.945508428516317e-19,-5.3976327214120924e-18,9.593420311507368e-21,-3.945508428516317e-19,-1571.4291973365775,12.437961340856292,-197.25718592507292,-1680542.5201215874,294.41268962594864,141565.1260474676,0.06589978138288916,4567.156764241014
268.9520962104221,2001.0,12.0,14.0,14.0,25.0,56.0,1.0,3503171.0831073443,-27677.004002326597,439967.50395479763,-331.7473819179672,-286.2569847600811,4550.447770062234,3530799.492835333,4571.495848712729,3502006.914375003,-94452.24052239081,439967.50395479763,3530799.492835333,-343.8389581892441,-528.1114478138137,4550.447770062234,4593.876558914598,12742306.064641546,0.7238177326251866,1.6336209688167516,6.143906154658886e-08,2.3983926982857954e-06,0.12517906663761652,0.12493321047560335,-0.026964352268069362,134599.49283533264,0.05254894424068204,0.052292699107377494,1009.9301288425922,-16086955110.838303,-1011988964.9661207,-197448111.75789705,-16086977522.457195,-1881926301.784428,16118754492.929682,16197884990.647013,-0.9918453091095216,0.026750949951718436,-0.1246084646968982,0.02696108486330482,0.9996364838795119,0.0,-0.1245631675112316,0.003359579391379195,0.9922059919824522,4556.036981068323,-537.1897421201696,-0.11736536523706993,1.5295760747001021e-09,171.62373208833162,0.0,-77.82373208833162,4.9,0.0,3.011444318029429e-17,2.2918061795655875,1.5707963267948966,18.040006263595483,461.0,0.007425843222029916,4.197863725049579,0.0,0.016242601808478207,-1571.3426559904228,12.414482749240259,-197.34682943334417,0.030791562032203245,0.05383478766729274,-0.4047499559693851,0.029759724806252462,0.05441197878244859,-0.4047499559693851,-5.364205561444709e-18,1.118384900935837e-19,-3.932093495855346e-19,-5.365362777445021e-18,9.561365394532163e-21,-3.932093495855346e-19,-1571.3128962656165,12.468894728022708,-197.75157938931355,-1680543.5288845748,294.6011740623289,141621.89895536515,0.06600236604805451,4567.1116814246925
269.25209621042217,2001.0,12.0,14.0,14.0,25.0,57.0,1.0,3503071.405515711,-27762.87987931801,441332.61896175746,-332.7698824421378,-286.2488583461691,4550.318887035309,3530871.638873418,4571.441367585861,3501903.6067844382,-94610.66763930241,441332.61896175746,3530871.638873418,-344.87829861132707,-528.0693173959934,4550.318887035309,4593.821961998349,12742296.88381783,0.7238175337821934,1.6336209647436528,6.322027276634106e-08,2.3783579020971254e-06,0.12556696701467915,0.1253203134558072,-0.027010354684624534,134671.63887341786,0.05271169292243906,0.05245465099154713,1001.6553746163845,-16086954182.881248,-1011988840.807678,-197454493.03441676,-16086984165.277512,-1881877013.30715,16118753559.00824,16197885939.341673,-0.9917957844261305,0.026795272475407656,-0.12499254124756906,0.02700707052869595,0.9996352425467292,0.0,-0.12494694928654575,0.003375682377034035,0.9921576813352174,4555.942733294833,-537.1908527110423,-0.11736801133816759,1.5187424627486197e-09,171.80234124773983,0.0,-78.00234124773982,4.9,0.0,3.011754460895759e-17,2.2918568297394257,1.5707963267948966,18.03041216008445,461.0,0.0073729969529417565,4.200083583540762,0.0,0.01612734481407312,-1571.2016290665915,12.452238919618255,-197.9470155193297,0.03066654758842036,0.05346633425248577,-0.40187802741285755,0.029640607657272295,0.05404183950513745,-0.40187802741285755,-5.326594695747666e-18,1.1119746940475986e-19,-3.9166846136737043e-19,-5.327746730165346e-18,9.524136793116634e-21,-3.9166846136737043e-19,-1571.1719884589343,12.506280759123392,-198.34889354674257,-1680544.7397160288,294.7896584987091,141678.75961118838,0.06610495373380225,4567.06652984515
269.55209621042223,2001.0,12.0,14.0,14.0,25.0,57.0,1.0,3502971.421187888,-27848.753314684272,442697.6952446694,-333.7922911346332,-286.24070761487843,4550.189615394211,3530944.006932879,4571.386723124406,3501799.9874061164,-94769.08210380025,442697.6952446694,3530944.006932879,-345.91754452870936,-528.0270987210772,4550.189615394211,4593.767201397769,12742287.770123977,0.7238173363937522,1.633620960698724,6.143906154658886e-08,2.358247055538268e-06,0.1259548514098312,0.12570740049431833,-0.027056358498435767,134744.00693287887,0.052874434167023594,0.05261659544546578,993.4121584892273,-16086953261.687569,-1011988717.529669,-197460913.6186028,-16086990837.590445,-1881827575.8301427,16118752631.892105,16197886900.650984,-0.9917461111052626,0.026839587916920978,-0.12537658325236783,0.027053057533678777,0.9996339990606959,0.0,-0.12533069530513075,0.003391819920102374,0.9921092240131436,4555.848201983646,-537.1919675410113,-0.11737066570258647,1.5073703391190353e-09,171.9114483796539,0.0,-78.10572418982694,4.905724189826953,0.0,3.01194656879638e-17,2.291888203340492,1.5707963267948966,18.02447470313196,461.0,0.0073175347322067714,4.202287167978496,0.0,0.016006341061923716,-1571.0601815673795,12.489986979156207,-198.54707271197177,0.030528892411085577,0.053071642542571476,-0.39886039325106554,0.02950936912847577,0.05364522017527267,-0.39886039325106554,-5.286873100631077e-18,1.105102875008925e-19,-3.8995453105016676e-19,-5.288019457658418e-18,9.48268136915248e-21,-3.8995453105016676e-19,-1571.030672198251,12.54363219933148,-198.94593310522282,-1680545.941695651,294.9781429350894,141735.70801493726,0.06620754444483407,4567.021309503885
269.8520962104223,2001.0,12.0,14.0,14.0,25.0,57.0,1.0,3502871.130151265,-27934.624301185937,444062.73268782074,-334.81460772750415,-286.23253257944117,4550.059955262505,3531016.5969935944,4571.33191539818,3501696.056268228,-94927.48388946106,444062.73268782074,3531016.5969935944,-346.95669566904274,-527.9847918153455,4550.059955262505,4593.712277182944,12742278.724952227,0.7238171404900144,1.6336209566831474,6.143906154658886e-08,2.3384380439710686e-06,0.12634271977109215,0.12609447154361306,-0.027102363713961648,134816.59699359396,0.05303716795226609,0.052778532446965884,985.2032533437014,-16086952347.397661,-1011988595.1600226,-197467373.6281309,-16086997539.529837,-1881777989.4078605,16118751711.723152,16197887874.717077,-0.9916962891790624,0.02688389626100454,-0.1257605906089221,0.02709904588260771,0.9996327534211012,0.0,-0.1257144054622607,0.0034079920151350246,0.9920606200478351,4555.7533872351105,-537.1930866220541,-0.11737332833135253,1.4958690868124616e-09,172.1094242765628,0.0,-78.20942427656283,5.0,0.0,3.0122893762926083e-17,2.291944188053222,1.5707963267948966,18.013889644936437,461.0,0.007261454513793783,4.204474081452321,0.0,0.015884573143597387,-1570.918313654083,12.527726904382112,-199.14700063785995,0.030389091948852327,0.052673878170756055,-0.39582808563749056,0.02937606135820333,0.05324548215672881,-0.39582808563749056,-5.247157442695069e-18,1.0982171318451185e-19,-3.88228172864209e-19,-5.248298095277917e-18,9.441409811360652e-21,-3.88228172864209e-19,-1570.888937592725,12.580972386538841,-199.54282872349745,-1680547.1346397884,295.16662737146964,141792.74416661175,0.06631013818585192,4566.976020402394
270.0779951130075,2001.0,12.0,14.0,14.0,25.0,58.0,1.0,3502795.4089569366,-27999.283219129557,445090.575182622,-335.584347432605,-286.2263607795097,4549.962065375881,3531071.4035526067,4571.290537715406,3501617.590757947,-95046.75147046283,445090.575182622,3531071.4035526062,-347.73910995711674,-527.9528766583292,4549.962065375881,4593.6708115542115,12742271.961673506,0.7238169940087837,1.6336209536798687,6.143906154658886e-08,2.3234824035367073e-06,0.12663477261196865,0.1263859240455101,-0.02713700640075514,134871.4035526067,0.05315970096115432,0.05290046548519679,979.0470256954432,-16086951663.747921,-1011988503.6485907,-197472264.08663952,-16087002605.86585,-1881740552.7587202,16118751023.676739,16197888616.857286,-0.9916586753909803,0.026917255588441633,-0.1260497238132361,0.02713367583072507,0.9996318140375051,0.0,-0.1260033140743517,0.0034201923445007745,0.9920239246745045,4555.681805115154,-537.1939321035261,-0.11737533873596356,1.4864736766959947e-09,172.1877193608667,0.0,-78.2877193608667,5.0,0.0,3.012427411660908e-17,2.291966730939611,1.5707963267948966,18.00963108466708,461.0,0.007215655863644899,4.206109237407203,0.0,0.015784591714461,-1570.8112102589305,12.55613954710541,-199.5986586283816,0.030266421749687463,0.05234719298744666,-0.3933346863934169,0.029258814655683793,0.05291697897782226,-0.3933346863934169,-5.214299810188789e-18,1.0923947479073826e-19,-3.8669312058494496e-19,-5.215435488432989e-18,9.404221453646601e-21,-3.8669312058494496e-19,-1570.781951444275,12.609056526083233,-199.99199331477502,-1680548.026632104,295.3551118078499,141849.86806621193,0.06641273496155838,4566.930662542166
270.37799511300756,2001.0,12.0,14.0,14.0,25.0,58.0,1.0,3502694.580327163,-28085.149895343846,446455.5442610447,-336.6065019373475,-286.2181431770114,4549.831724614795,3531144.3827319425,4571.235444050267,3501513.1131748725,-95205.13096645192,446455.5442610447,3531144.382731943,-348.7780943053148,-527.9104151537181,4549.831724614795,4593.6156007883665,12742263.043268207,0.723816800851686,1.633620949718623,6.143906154658886e-08,2.3038081933019883e-06,0.1270226127326444,0.12677296695123885,-0.02718301408425042,134944.38273194293,0.05332242161651671,0.05306238936902741,970.9050809293985,-16086950762.233078,-1011988382.9600796,-197478793.49874216,-16087009360.39716,-1881690705.388902,16118750116.363195,16197889613.963127,-0.991608593038004,0.026961551453977793,-0.12643367018474477,0.02717966654610388,0.9996305646219721,0.0,-0.1263869611140046,0.0034364249958214388,0.9919750637206639,4555.586493839253,-537.195058671735,-0.11737801585348646,1.4748827135518224e-09,172.2919753313471,0.0,-78.39197533134707,5.0,0.0,3.012611176569466e-17,2.291996742026675,1.5707963267948966,18.003964946626088,461.0,0.007159139687257214,4.208265383356182,0.0,0.015661229417314165,-1570.6686057518655,12.593865156331049,-200.1983590499597,0.030120276968400937,0.05194450103318579,-0.3902580433748937,0.029119288573330085,0.05251218244581872,-0.3902580433748937,-5.173771734180366e-18,1.085293843352206e-19,-3.848682568824855e-19,-5.174901445872041e-18,9.36003094774177e-21,-3.848682568824855e-19,-1570.639486463292,12.646377338776867,-200.5886170933346,-1680549.2028602492,295.5435962442301,141907.07971373777,0.06651533477665622,4566.885235924688
270.6779951130076,2001.0,12.0,14.0,14.0,25.0,58.0,1.0,3502593.445065518,-28171.014102487683,447820.4741766593,-337.62856358842475,-286.20990128760826,4549.700995618122,3531217.583857345,4571.180187224561,3501408.323911379,-95363.49771062679,447820.4741766593,3531217.5838573454,-349.8169831099401,-527.8678654720001,4549.700995618122,4593.560226512615,12742254.194164982,0.7238166091961686,1.6336209457869848,5.960464477539064e-08,2.2840617313715227e-06,0.12741043668526086,0.12715999373564987,-0.02722902318165505,135017.58385734493,0.053485134752503695,0.053224305740457244,962.7990112155676,-16086949867.701847,-1011988263.1890777,-197485362.66137314,-16087016144.616522,-1881640709.1569362,16118749216.077091,16197890623.904545,-0.9915583621688349,0.027005840180048025,-0.12681758162505527,0.02722565861733653,0.9996293130520194,0.0,-0.1267705720027724,0.003452692183999965,0.9919260562112342,4555.4908993156405,-537.1961895047091,-0.11738070123623238,1.4633796795600838e-09,172.4930967352712,0.0,-78.4965483676356,5.0,0.0,3.012959046530897e-17,2.292053553502714,1.5707963267948966,17.993248958912687,461.0,0.007103059654823636,4.2104047429385165,0.0,0.015538804396727751,-1570.525581276913,12.631582566569323,-200.7979291758324,0.02997486469548238,0.051545440715121994,-0.3872093008143678,0.028980442420209442,0.05211102502501325,-0.3872093008143678,-5.1338291204445365e-18,1.0782941546475472e-19,-3.8306858384059675e-19,-5.134952952509681e-18,9.316451894598736e-21,-3.8306858384059675e-19,-1570.496600834493,12.683693591594336,-201.18513847664676,-1680550.3699499276,295.7320806806104,141964.37910918926,0.0666179376358487,4566.839740551444
270.9779951130077,2001.0,12.0,14.0,14.0,25.0,58.0,1.0,3502492.0031993496,-28256.875833420396,449185.3648153174,-338.650532119141,-286.20163511766197,4549.56987847422,3531291.006908313,4571.124767272113,3501303.22299562,-95521.85167667118,449185.3648153174,3531291.006908313,-350.8557760997788,-527.8252276326466,4549.56987847422,4593.504688760855,12742245.41449306,0.7238164190450277,1.6336209418851266,5.960464477539064e-08,2.2645353056964666e-06,0.12779824441980897,0.12754700435169464,-0.027275033697457648,135091.00690831337,0.05364784034662397,0.05338621457703695,954.7295517921448,-16086948980.16743,-1011988144.3392016,-197491971.69136706,-16087022958.53052,-1881590564.0930889,16118748322.831831,16197891646.694477,-0.9915079828159087,0.027050121751450246,-0.12720145803236546,0.027271652048807302,0.9996280593273325,0.0,-0.1271541466365006,0.0034689939035596356,0.9918769021781082,4555.395021609494,-537.1973246075374,-0.1173833948846446,1.4518417715507559e-09,172.60143844044768,0.0,-78.60143844044767,5.101438440447673,0.0,3.013149639374686e-17,2.2920846796762233,1.5707963267948966,17.987383426223374,461.0,0.007046807597192345,4.212527225993424,0.0,0.015416684295911375,-1570.3821369971201,12.669291754446693,-201.3973686341521,0.029828727711987028,0.051145585799283466,-0.3841639158828607,0.028840904025758098,0.051709053352819556,-0.3841639158828607,-5.093712990206178e-18,1.0712434590743404e-19,-3.812436159353632e-19,-5.094830877190535e-18,9.27280470943859e-21,-3.812436159353632e-19,-1570.3532960930943,12.721000807799513,-201.78153255003494,-1680551.5278840624,295.92056511699064,142021.7662525664,0.06672054354383933,4566.794176423914
271.17043778536464,2001.0,12.0,14.0,14.0,25.0,59.0,1.0,3502426.7693113326,-28311.95272939817,450060.8880870153,-339.3060508077627,-286.19631978294126,4549.485565664639,3531338.2228330444,4571.089130804929,3501235.639259491,-95623.42513815562,450060.8880870153,3531338.2228330444,-351.522085847148,-527.7978300877019,4549.485565664639,4593.468976544254,12742239.817315243,0.7238162978210347,1.6336209393968621,5.960464477539064e-08,2.2520481391601697e-06,0.12804700505335354,0.1277952536738257,-0.02730454906829864,135138.22283304436,0.053752208030775454,0.05349007116437847,949.5705694258213,-16086948414.33918,-1011988068.5574281,-197496232.2657815,-16087027344.940226,-1881558318.8873003,16118747753.362024,16197892309.371233,-0.9914755875325352,0.027078523523991697,-0.1274476868788712,0.027301156429798176,0.9996272539589923,0.0,-0.12740018125815153,0.0034794692360959993,0.9918452939391431,4555.333369289034,-537.1980549903261,-0.11738512714580623,1.4453693604564008e-09,172.7205570826109,0.0,-78.7205570826109,5.1,0.0,3.013355906897545e-17,2.292118365719089,1.5707963267948966,17.98103996274971,461.0,0.007015236457710721,4.213880301379116,0.0,0.015347814726408759,-1570.289900050757,12.693476937543506,-201.7818254369598,0.029752557544823255,0.05092577856019407,-0.38244793833110163,0.028768267272691085,0.05148821613288765,-0.38244793833110163,-5.071246106276631e-18,1.0673926866521114e-19,-3.8030473343881704e-19,-5.07236086820271e-18,9.250114968656115e-21,-3.8030473343881704e-19,-1570.2611317834844,12.744965153676395,-202.1642733752909,-1680552.2660859693,296.1090495533709,142079.24114386918,0.06682315250533216,4566.748543543575
271.41481326143645,2001.0,12.0,14.0,14.0,25.0,59.0,1.0,3502343.7495280737,-28381.891265084487,451172.65768234024,-340.13841303445975,-286.1895556321117,4549.378269870527,3531398.312092576,4571.04378059811,3501149.6325026574,-95752.4017278732,451172.65768234024,3531398.312092576,-352.3681496174248,-527.7629867271824,4549.378269870527,4593.423529938662,12742232.746326178,0.7238161446775248,1.6336209362522673,5.771194914292421e-08,2.2362170170890647e-06,0.12836288686220834,0.12811048621173535,-0.02734203033721723,135198.3120925757,0.05388473600399428,0.053621950119790825,943.0362643003464,-16086947699.508493,-1011987972.8021657,-197501666.36062694,-16087032932.218273,-1881517283.6466544,16118747033.929739,16197893158.036064,-0.9914343619958308,0.027114585573648833,-0.12776034245057788,0.02733862370853644,0.9996262299748456,0.0,-0.1277125894641664,0.003492791927130103,0.9918050690014197,4555.254911395357,-537.1989849916218,-0.11738733177821227,1.4365509568809578e-09,172.84044584653677,0.0,-78.84044584653675,5.1,0.0,3.013564656788955e-17,2.292152457163505,1.5707963267948966,17.974624873305643,461.0,0.006972236241987564,4.215589606766464,0.0,0.015253981259635582,-1570.1725231374917,12.724183862625285,-202.269954335346,0.029642548817311907,0.05062258532923124,-0.3801088302965883,0.028663219654206925,0.05118346104804464,-0.3801088302965883,-5.0405162221543206e-18,1.06202791298695e-19,-3.7893749588125293e-19,-5.0416265098623055e-18,9.21703499635902e-21,-3.7893749588125293e-19,-1570.1438599178375,12.77536732367333,-202.6500631656426,-1680553.1986671668,296.2975339897511,142136.80378309762,0.06692576452503154,4566.702841911897
271.6598888857932,2001.0,12.0,14.0,14.0,25.0,59.0,1.0,3502260.2876125015,-28452.028516209924,452287.5861901629,-340.97309752140444,-286.1827559292273,4549.27040814372,3531458.7213694025,4570.998191799764,3501063.1716931732,-95881.7392834871,452287.5861901629,3531458.7213694025,-353.21657310055264,-527.7279848201014,4549.27040814372,4593.377844232641,12742225.701279871,0.7238159920962959,1.6336209331184075,5.960464477539064e-08,2.220423024506236e-06,0.1286796628013657,0.12842661105443529,-0.027379619944407903,135258.72136940202,0.05401763861461382,0.05375420185783861,936.5080236792564,-16086946987.286205,-1011987877.3843734,-197507142.7844365,-16087038555.275557,-1881476031.698145,16118746317.121891,16197894017.68723,-0.9913929194493197,0.027150746150108422,-0.12807387028292327,0.027376199246535397,0.9996252016204944,0.0,-0.12802586840388422,0.0035061757911402365,0.9917646312259542,4555.176040100961,-537.1999205089502,-0.11738954823571676,1.4273255186568547e-09,172.92674481343147,0.0,-78.92674481343145,5.126744813431453,0.0,3.013716535396031e-17,2.2921772608223523,1.5707963267948966,17.969960472713993,461.0,0.006927259847570043,4.2172926152224415,0.0,0.015155971141663444,-1570.054530442245,12.754973246891316,-202.7593940611252,0.029523668871359987,0.050302182498135624,-0.37766449732010987,0.02854964186919361,0.050861326534433204,-0.37766449732010987,-5.008308425539965e-18,1.0563426602306988e-19,-3.7745143227722893e-19,-5.0094138967865575e-18,9.181185900972598e-21,-3.7745143227722893e-19,-1570.025980800376,12.805834573425749,-203.1370585584453,-1680554.127827851,296.48601842613135,142194.4541702517,0.06702837960764219,4566.657071530352
271.94633282895364,2001.0,12.0,14.0,14.0,25.0,59.0,1.0,3502162.4782198775,-28534.002692419115,453590.67904687923,-341.9485956834785,-286.1747879092666,4549.144011354167,3531529.5152779133,4570.9447696689895,3500961.8529315246,-96032.89790020155,453590.67904687923,3531529.5152779133,-354.2081270841902,-527.6870001234504,4549.144011354167,4593.3243085407385,12742217.52119403,0.7238158149329681,1.6336209294787634,5.771194914292421e-08,2.2019963755078864e-06,0.12904989609977321,0.12879608338402138,-0.027423555820958408,135329.5152779133,0.05417296850352272,0.05390877101404643,928.9056788086891,-16086946160.29842,-1011987766.5782663,-197513577.6654815,-16087045152.130873,-1881427690.6237702,16118745484.808828,16197895032.84626,-0.9913443559754637,0.027193004471504256,-0.12844029112161728,0.027420118629553458,0.9996239978583653,0.0,-0.12839199729708337,0.0035218480193691276,0.9917172437830222,4555.083615991162,-537.2010175454916,-0.1173921458190927,1.4169333134707647e-09,173.0557579368952,0.0,-79.0278789684476,5.2,0.0,3.013941648281439e-17,2.2922140245464835,1.5707963267948966,17.96305155687169,461.0,0.006876590940530151,4.219269914338807,0.0,0.015045834786403346,-1569.916266168908,12.790952802539774,-203.33133875052275,0.02939245649546067,0.049942004295470126,-0.37491898040583965,0.028424363621054986,0.05049926578302254,-0.37491898040583965,-4.972199179572946e-18,1.0500068429225481e-19,-3.758177387922324e-19,-4.973299332290784e-18,9.142017489023262e-21,-3.758177387922324e-19,-1569.8878418052868,12.841452068322797,-203.7062577309286,-1680555.2066884972,296.67450286251164,142252.19230533147,0.06713099775786932,4566.611232400404
272.2463328289537,2001.0,12.0,14.0,14.0,26.0,0.0,1.0,3502059.7404031246,-28619.85387405405,454955.40234599775,-342.9701674901905,-286.1664190915205,4549.011253777495,3531603.876358726,4570.888660008927,3500855.434733331,-96191.19755086057,454955.40234599775,3531603.876358726,-355.24651190731737,-527.6439897247658,4549.011253777495,4593.268079604029,12742209.022092704,0.7238156308610457,1.633620925696121,5.771194914292421e-08,2.182854822723705e-06,0.12943763475978662,0.1291830251170473,-0.02746957238262798,135403.87635872606,0.054335641968828,0.05407064775165195,920.9811568111181,-16086945301.03808,-1011987651.432471,-197520356.53252062,-16087052090.206833,-1881376916.438455,16118744620.01442,16197896108.63029,-0.9912933492254805,0.027237255626199754,-0.12882401828573178,0.02746611785984968,0.999622735020422,0.0,-0.12877541749510407,0.0035382956694153395,0.9916674706335372,4554.986541357733,-537.2021706911047,-0.11739487441429278,1.4052480007716194e-09,173.23410908389437,0.0,-79.13410908389437,5.2,0.0,3.0142504673152395e-17,2.292264458522062,1.5707963267948966,17.953582570516335,461.0,0.006819641036718163,4.22132425107571,0.0,0.014921481709816678,-1569.7710488527027,12.828626969314174,-203.9302216585463,0.029235911678275828,0.04953591963161895,-0.37182099761367604,0.028274610009663453,0.05009084042229273,-0.37182099761367604,-4.931520080764748e-18,1.0427412202974435e-19,-3.738685332042306e-19,-4.932613980874298e-18,9.094789411294138e-21,-3.738685332042306e-19,-1569.742774242693,12.878717809736466,-204.30204265615995,-1680556.3276251387,296.8629872988919,142310.01818833686,0.06723361898041828,4566.56532452352
272.5463328289538,2001.0,12.0,14.0,14.0,26.0,0.0,1.0,3501956.696128904,-28705.702541431812,456320.08576010243,-343.9916447565755,-286.15802602314386,4548.878108513252,3531678.459258228,4570.832387391918,3500748.705034173,-96349.48428521477,456320.08576010243,3531678.4592582285,-356.2847994719869,-527.6008912680581,4548.878108513252,4593.211687361333,12742200.592839219,0.7238154483024937,1.6336209219434659,5.771194914292421e-08,2.1637491755853107e-06,0.1298253569471076,0.12956995043257394,-0.027515590385954816,135478.45925822807,0.05449830777726995,0.05423251683950804,913.0956102311611,-16086944448.818245,-1011987537.213898,-197527175.8810083,-16087059057.986145,-1881325993.569317,16118743762.304842,16197897197.30389,-0.9912421941632389,0.027281499546663545,-0.12920770988193106,0.027512118473097293,0.9996214700260906,0.0,-0.12915880089088055,0.003554777821909271,0.9916175511289959,4554.88918387656,-537.2033281296889,-0.11739761127692123,1.3939343916817038e-09,173.38131216636594,0.0,-79.24065608318297,5.2,0.0,3.014506524209306e-17,2.292306275786312,1.5707963267948966,17.945739209523246,461.0,0.006764496321294964,4.223361660449163,0.0,0.014801079219369984,-1569.6254125909236,12.866292791431114,-204.52897195344468,0.029085580706091595,0.04914267573258514,-0.3688200370954518,0.028130838414972943,0.04969536712047978,-0.3688200370954518,-4.8920539179895655e-18,1.0357105545542031e-19,-3.7199299511268792e-19,-4.8931417932932225e-18,9.049352042868089e-21,-3.7199299511268792e-19,-1569.5972817525087,12.915988158551594,-204.89779199054013,-1680557.4393511042,297.0514717352721,142367.93181926792,0.06733624327999509,4566.519347901155
272.84633282895385,2001.0,12.0,14.0,14.0,26.0,0.0,1.0,3501853.3454257385,-28791.54868724487,457684.72917239036,-345.013027198137,-286.14960868907633,4548.744575495227,3531753.263955857,4570.7759516942615,3500641.6638633884,-96507.75807681873,457684.72917239036,3531753.263955857,-357.3229894887715,-527.5577047519529,4548.744575495227,4593.15513168863,12742192.228093062,0.7238152671416418,1.6336209182184342,5.575503985246929e-08,2.1446803936772925e-06,0.13021306262566754,0.12995685928282283,-0.0275616098353801,135553.26395585714,0.05466096590701642,0.05439437825581017,905.2444335520267,-16086943603.099266,-1011987423.8504168,-197534035.82292947,-16087066054.922411,-1881274921.9716945,16118742911.13698,16197898298.32207,-0.9911908908218517,0.02732573621768867,-0.12959136580785527,0.027558120473632906,0.9996202028750523,0.0,-0.1295421473797034,0.0035712944712755074,0.991567485301961,4554.7915434569895,-537.2044898447743,-0.11740035640675105,1.383842005517857e-09,173.54157994482142,0.0,-79.34157994482143,5.24157994482143,0.0,3.0147845848733476e-17,2.2923516865389035,1.5707963267948966,17.937229878566054,461.0,0.006715281726199709,4.225383420597339,0.0,0.014693904636168506,-1569.4793575493109,12.90395024552722,-205.1275892635312,0.028960138836124655,0.04879243164365192,-0.3661493672130979,0.028011136535900535,0.049343360820633196,-0.3661493672130979,-4.8569900212120005e-18,1.0295946123765569e-19,-3.704375181577921e-19,-4.858072817714261e-18,9.011914176085784e-21,-3.704375181577921e-19,-1569.451346412775,12.953293606347852,-205.4937386307443,-1680558.5425707195,297.23995617165235,142425.9331981246,0.06743887066130597,4566.473302534767
273.1189389607811,2001.0,12.0,14.0,14.0,26.0,1.0,1.0,3501759.16626322,-28869.55378023396,458924.72825823736,-345.9410617801141,-286.14193890625097,4548.622899411857,3531821.430345941,4570.724527739614,3500544.126848205,-96651.56818432365,458924.72825823736,3531821.4303459404,-358.26629453197836,-527.5183853513973,4548.622899411857,4593.103598410921,12742184.677342307,0.7238151036105659,1.6336209148551313,5.771194914292421e-08,2.12763327681448e-06,0.13056535143280473,0.13030842404755905,-0.02760342837350027,135621.4303459404,0.054808764574833815,0.054541452966577426,898.135262042284,-16086942839.66106,-1011987321.5051469,-197540304.6586669,-16087072437.645603,-1881228384.8403847,16118742142.779325,16197899308.921223,-0.9911441435773064,0.027365927210781054,-0.12993995798176178,0.027599923105083662,0.9996190495606782,0.0,-0.12989045729768317,0.003586332848574427,0.9915218642670962,4554.702573390342,-537.2055491709732,-0.11740285804000092,1.3746323742093627e-09,173.63061477991488,0.0,-79.46122955982977,5.3,0.0,3.014941579958235e-17,2.2923773257819895,1.5707963267948966,17.93242913857876,461.0,0.006670371757622541,4.227208351340154,0.0,0.014596256682569352,-1569.3462761902251,12.93816181214731,-205.6714294581899,0.02884448839731014,0.04847487156046082,-0.3637133228862735,0.027900701664673996,0.049024162719261105,-0.3637133228862735,-4.824883590655196e-18,1.0239705204004682e-19,-3.689928478236664e-19,-4.825961689496206e-18,8.977257665474024e-21,-3.689928478236664e-19,-1569.3183754885604,12.987185974866572,-206.03514278107616,-1680559.538434377,297.42844060803264,142484.02232490695,0.06754150112905759,4566.4271884258105
273.3367573562628,2001.0,12.0,14.0,14.0,26.0,1.0,1.0,3501683.733183069,-28931.88008948032,459915.4913901422,-346.6825255969456,-286.13579619060187,4548.525447549626,3531876.0284224395,4570.683342173513,3500466.0077769337,-96766.46796615254,459915.4913901422,3531876.02842244,-359.01995816794494,-527.4869160388188,4548.525447549626,4593.062325285994,12742178.68492161,0.7238149738295327,1.6336209121847403,5.575503985246929e-08,2.1139701319372616e-06,0.130846828211646,0.13058932233267917,-0.02763684318371177,135676.02842243994,0.05492685443443661,0.054658964372576106,892.4768546372652,-16086942233.77006,-1011987240.2617055,-197545337.8216765,-16087077555.13551,-1881191112.4222386,16118741532.982906,16197900123.99435,-0.9911067035216592,0.027398036394095805,-0.13021846964304962,0.027633325170493973,0.9996181267564238,0.0,-0.1301687426936735,0.0035983693148504883,0.9914853252387663,4554.631316544544,-537.206398145999,-0.11740486180727383,1.3661387967942926e-09,173.71722406411413,0.0,-79.60861203205707,5.3,0.0,3.01509313595632e-17,2.2924020767547906,1.5707963267948966,17.927797244082047,461.0,0.006628983483320371,4.228656620999705,0.0,0.014505934117252225,-1569.239692860088,12.965492627231342,-206.1058906066922,0.02872691375338535,0.048184836028123235,-0.36146047854836066,0.027788011192365535,0.048732334551348254,-0.36146047854836066,-4.795202882192465e-18,1.0186073800008822e-19,-3.67518012486437e-19,-4.796276299374114e-18,8.941554395190372e-21,-3.67518012486437e-19,-1569.2119048488958,13.01422496178269,-206.46735108524058,-1680560.328771731,297.6169250444129,142542.199199615,0.06764413468795695,4566.381005575735
273.5451899696639,2001.0,12.0,14.0,14.0,26.0,1.0,1.0,3501611.399299205,-28991.519507688296,460863.54270197207,-347.39199262906874,-286.1299061966722,4548.432003630494,3531928.3833194175,4570.643850860952,3500391.1011532377,-96876.41030055788,460863.54270197207,3531928.383319417,-359.7410979798279,-527.4567592995523,4548.432003630494,4593.022750015139,12742172.983375527,0.7238148503484307,1.6336209096432635,5.575503985246929e-08,2.1009051993608364e-06,0.13111616795896117,0.1308581085385259,-0.027668818871227994,135728.38331941701,0.05503985199012586,0.05477140840372645,887.0801340788603,-16086941657.279192,-1011987162.9497999,-197550174.29500332,-16087082466.579256,-1881155372.7051454,16118740952.775455,16197900910.122372,-0.9910708036111028,0.027428758396711994,-0.130484962514681,0.027665288633218474,0.9996172426508262,0.0,-0.13043501843632183,0.003609904150263343,0.9914502884953649,4554.562990603826,-537.2072126574019,-0.11740678331322561,1.3586595257975694e-09,173.86680948404862,0.0,-79.68340474202431,5.3,0.0,3.0153507671721144e-17,2.292444151125291,1.5707963267948966,17.919929135217878,461.0,0.006592530024621967,4.23003455945537,0.0,0.014426333041241692,-1569.1374957134387,12.991641598586808,-206.52156473037675,0.02862738657262769,0.0479251198189329,-0.35947847757434226,0.027692818195104905,0.048471148037266515,-0.35947847757434226,-4.769235919679242e-18,1.0139816486400886e-19,-3.6628407357422752e-19,-4.770305380965081e-18,8.911662700311518e-21,-3.6628407357422752e-19,-1569.1098028952435,13.040112746624075,-206.8810432079511,-1680561.0807464644,297.8054094807931,142600.46382224865,0.06774677134271147,4566.334753985989
273.845189969664,2001.0,12.0,14.0,14.0,26.0,1.0,1.0,3501507.028539146,-29077.357205479606,462228.0520898757,-348.4130573916786,-286.1214081014342,4548.297180174315,3532003.926349728,4570.586872373896,3500283.0231417334,-97034.6408086474,462228.0520898757,3532003.9263497284,-360.77896121834954,-527.4132797167292,4548.297180174315,4592.965650389841,12742164.832401281,0.7238146738194173,1.6336209060089897,5.575503985246929e-08,2.0822206789309646e-06,0.13150381832456667,0.1312449622242517,-0.02771484316756243,135803.92634972883,0.05520248439508192,0.05493324411913394,879.3433341234922,-16086940833.105976,-1011987052.4075203,-197557170.23940197,-16087089560.446539,-1881103806.0851092,16118740123.287975,16197902052.136534,-0.9910190068104545,0.027472970821108687,-0.1308684989395188,0.0277112952840982,0.9996159683166719,0.0,-0.13081824128957642,0.0036265356174996974,0.9913997357198141,4554.464408556822,-537.2083886337219,-0.11740955597040093,1.3478676643244518e-09,173.9913233567555,0.0,-79.79132335675548,5.3,0.0,3.01556823311431e-17,2.2924796660088225,1.5707963267948966,17.91329324682745,461.0,0.006539929037233363,4.2320044364312075,0.0,0.014311480045047618,-1568.9900475349318,13.029271023068459,-207.1197365904031,0.02848213775129403,0.04754977556646396,-0.3566147841294523,0.02755385127739332,0.04809364414439888,-0.3566147841294523,-4.731520500641538e-18,1.0072342170005926e-19,-3.644673422429921e-19,-4.732584158839007e-18,8.867647726947534e-21,-3.644673422429921e-19,-1568.9624936836544,13.077364667212859,-207.47635137453256,-1680562.1557765156,297.99389391717335,142658.81619280795,0.067849411098029,4566.2884336580155
274.14518996966405,2001.0,12.0,14.0,14.0,26.0,2.0,1.0,3501402.3514747354,-29163.192350033678,463592.5209698775,-349.43402614911884,-286.1128857671058,4548.161969359604,3532079.6910885316,4570.529730956992,3500174.633786749,-97192.85825950607,463592.5209698775,3532079.6910885326,-361.816725709067,-527.3697121597011,4548.161969359604,4592.908387485567,12742156.746567445,0.7238144987017915,1.6336209024027086,5.372690074837192e-08,2.063635984823556e-06,0.13189145197219768,0.13163179923780174,-0.027760868929216448,135879.6910885321,0.055365109026982495,0.05509507206869406,871.6431970447302,-16086940015.498804,-1011986942.7304001,-197564207.2859695,-16087096683.506603,-1881052090.8665648,16118739300.407904,16197903206.558655,-0.9909670618751101,0.027517175930295255,-0.13125199925118491,0.02775730334103385,0.9996146918244219,0.0,-0.13120142678281246,0.0036432015573322875,0.9913490367638267,4554.3655438607975,-537.2095689074199,-0.11741233689637605,1.3370441302096995e-09,174.19911739580598,0.0,-79.899558697903,5.399558697903005,0.0,3.015926141436054e-17,2.2925381168735117,1.5707963267948966,17.902382889773985,461.0,0.006487182308734727,4.233958505711655,0.0,0.014196901232898428,-1568.8421812993156,13.0668919785263,-207.7177738588376,0.02833680048168882,0.04717469734246826,-0.35376157431715055,0.027414806826558332,0.04771639862306262,-0.35376157431715055,-4.694109778007569e-18,1.0005379453434774e-19,-3.626624655067911e-19,-4.695167675301371e-18,8.824431545904646e-21,-3.626624655067911e-19,-1568.814766492489,13.114608377149363,-208.07153543315476,-1680563.222216569,298.18237835355364,142717.25631129293,0.06795205395861768,4566.2420445932585
274.3590073516374,2001.0,12.0,14.0,14.0,26.0,2.0,1.0,3501327.5586181576,-29224.36760726803,464564.98672715755,-350.16163696173186,-286.10679690506015,4548.065364957135,3532133.825790557,4570.488905484584,3500097.192014152,-97305.61574585657,464564.98672715755,3532133.825790557,-362.55630557773304,-527.3386068117687,4548.065364957135,4592.867475213174,12742151.025043007,0.7238143747891861,1.6336208998502866,5.372690074837192e-08,2.050304479935155e-06,0.13216771777698122,0.13190749729389362,-0.027793673518895366,135933.82579055754,0.055481010847449774,0.05521040607846821,866.1793578863144,-16086939436.948652,-1011986865.1121876,-197569247.91533083,-16087101778.271854,-1881015141.499311,16118738718.126,16197904037.08915,-0.9909299490459611,0.027548677526134723,-0.13152530726187286,0.0277900952758949,0.999613780719612,0.0,-0.1314745096523494,0.0036551008199987986,0.9913128131673019,4554.294908127455,-537.2104127494067,-0.11741432397800532,1.3285416614838144e-09,174.27689398651077,0.0,-79.97689398651077,5.4,0.0,3.0160625507091085e-17,2.292560394198394,1.5707963267948966,17.898228257375752,461.0,0.006445761729271198,4.2353411518746995,0.0,0.014106436983857462,-1568.7365383261204,13.093700177280496,-208.143927383219,0.028214271487193483,0.046878411787954495,-0.3515056349415702,0.027297339379396605,0.04741820188619697,-0.3515056349415702,-4.664347806440485e-18,9.95087473105482e-20,-3.61121844632107e-19,-4.665400865679321e-18,8.78707893013874e-21,-3.61121844632107e-19,-1568.709240986741,13.141118379166693,-208.49543301816055,-1680563.9768288415,298.3708627899339,142775.78417770355,0.06805469992918613,4566.195586793154
274.53143249819635,2001.0,12.0,14.0,14.0,26.0,2.0,1.0,3501267.131363929,-29273.69918958837,465349.180836025,-350.7483562038114,-286.10187780866374,4547.987318682868,3532177.562742054,4570.455923074361,3500034.6267753225,-97396.54001741226,465349.180836025,3532177.5627420535,-363.152675806502,-527.3134905193084,4547.987318682868,4592.8344226772715,12742146.43696821,0.7238142754242342,1.6336208978031252,5.372690074837192e-08,2.039826917091645e-06,0.13239049593177502,0.1321298176320478,-0.027820128116032267,135977.562742054,0.055574472708516884,0.05530341005221939,861.7887253314257,-16086938973.003317,-1011986802.8637263,-197573328.0258343,-16087105897.730057,-1880985290.1049583,16118738251.18778,16197904711.607597,-0.9908999659853515,0.02757407811112493,-0.13174569300949052,0.02781653964602886,0.9996130451940495,0.0,-0.13169471338041722,0.00366470929279204,0.9912835479182781,4554.237842056038,-537.2110948340425,-0.11741592944650417,1.3225546572432486e-09,174.33445342756752,0.0,-80.03445342756751,5.4,0.0,3.0161638413090413e-17,2.2925769362087114,1.5707963267948966,17.895144530264506,461.0,0.0064165791516670725,4.2364498758018865,0.0,0.014042712935281218,-1568.6511918718556,13.115315513317496,-208.48753316079032,0.028133380821090615,0.046669720269981264,-0.34991618777886113,0.027219945248517296,0.04720830951400961,-0.34991618777886113,-4.643383736658861e-18,9.91332031049299e-20,-3.60107844405135e-19,-4.644433564630051e-18,8.762508981074496e-21,-3.60107844405135e-19,-1568.623971926607,13.162523822831506,-208.83744934856918,-1680564.581950849,298.5593472263141,142834.39979203983,0.06815734901444319,4566.149060259143
274.7788695853748,2001.0,12.0,14.0,14.0,26.0,2.0,1.0,3501180.2390506538,-29344.49053024361,466474.507693752,-351.590266363746,-286.094804707182,4547.8750955375235,3532240.4549763314,4570.408497857999,3499944.663460046,-97527.01246741354,466474.507693752,3532240.4549763314,-364.0084339348137,-527.2773968541319,4547.8750955375235,4592.786896625989,12742139.886196172,0.7238141335530714,1.6336208948797257,5.372690074837192e-08,2.024584749255382e-06,0.13271018192225018,0.1324488466592547,-0.027858092389121746,136040.45497633144,0.055708589756866725,0.05543687001787454,855.5057912319899,-16086938310.578526,-1011986713.9776783,-197579207.02715334,-16087111825.725517,-1880942366.3573282,16118737584.489275,16197905686.29183,-0.9908568536236579,0.027610524739337724,-0.1320619345255978,0.0278544892086055,0.9996119884389781,0.0,-0.13201069296823095,0.0036785177301108304,0.99124146677253,4554.155786755876,-537.2120761231656,-0.11741823813154643,1.3146557887573873e-09,174.42987136094695,0.0,-80.11493568047347,5.4,0.0,3.0163307939218464e-17,2.2926042016395147,1.5707963267948966,17.890064166820952,461.0,0.006378064211297269,4.238032854136549,0.0,0.01395862165245199,-1568.5284751874963,13.146329478609577,-208.98054321965262,0.028031370785709633,0.04639454740496544,-0.34781911605954335,0.027122485770328584,0.046931679521149086,-0.34781911605954335,-4.6157628960086855e-18,9.8645797662647e-20,-3.588346019475647e-19,-4.616808623219708e-18,8.731674016526524e-21,-3.588346019475647e-19,-1568.5013527017259,13.193261158130726,-209.32836233571217,-1680565.4459341038,298.74783166269435,142893.10315430176,0.06826000121909828,4566.102464992655
275.05899692900516,2001.0,12.0,14.0,14.0,26.0,3.0,1.0,3501081.6155129727,-29424.63238386585,467748.47402882826,-352.54332630307266,-286.08677723379515,4547.747728034893,3532311.838220141,4570.354673203753,3499842.559058487,-97674.71155215015,467748.47402882826,3532311.838220141,-364.9771691089103,-527.2364624600486,4547.747728034893,4592.732957528085,12742132.51842689,0.7238139739885637,1.6336208915908295,5.372690074837192e-08,2.0075685851286867e-06,0.13307208952609886,0.13281001053061553,-0.027901073542900463,136111.8382201409,0.0558604192983551,0.05558795567187491,848.4189451485872,-16086937565.521164,-1011986613.9904486,-197585896.77970907,-16087118560.344114,-1880893649.7209537,16118736834.62425,16197906799.42118,-0.9908079239181741,0.027651780484184665,-0.13241992651037204,0.02789745365945751,0.999610790297563,0.0,-0.1323683873901782,0.003694178763411873,0.9911937061255927,4554.062658641412,-537.2131905753564,-0.11742085861874527,1.3053088256941567e-09,174.61691174305844,0.0,-80.23382348611688,5.416911743058433,0.0,3.016652925153337e-17,2.2926568096619615,1.5707963267948966,17.880270161489552,461.0,0.006332505043410349,4.239813246823298,0.0,0.013859250953304127,-1568.3892029347467,13.181433853668553,-209.53857605188398,0.0279068889483299,0.04607142652452833,-0.34534411360270645,0.02700339514078076,0.046606731741780476,-0.34534411360270645,-4.583312896375851e-18,9.806740300917305e-20,-3.572897119201215e-19,-4.584353687260951e-18,8.694349606556217e-21,-3.572897119201215e-19,-1568.3621995396059,13.228040585410334,-209.88392016548667,-1680566.4176724274,298.9363160990746,142951.89426448932,0.06836265654786111,4566.055800995124
275.31716233233584,2001.0,12.0,14.0,14.0,26.0,3.0,1.0,3500990.487652703,-29498.48913506154,468922.52997028496,-353.42159153612073,-286.07936040939626,4547.630047302356,3532377.7961324714,4570.304942664483,3499748.2193456385,-97810.82088907246,468922.52997028496,3532377.796132471,-365.8698785091395,-527.1986694479436,4547.630047302356,4592.683121247884,12742125.777311035,0.7238138279960279,1.6336208885803376,5.16191365590357e-08,1.9918009328737765e-06,0.13340561057359204,0.1331428461923322,-0.02794068612609159,136177.79613247095,0.0560003393571495,0.055727190169486754,841.9148271232843,-16086936883.818403,-1011986522.48509,-197592094.15195715,-16087124789.359568,-1880848637.7973948,16118736148.521357,16197907834.729855,-0.990762716031519,0.027689796090373895,-0.13274982378263692,0.027937050803148827,0.9996096844230864,0.0,-0.132698009458582,0.003708638571124582,0.9911495771505322,4553.97661369964,-537.2142209783817,-0.11742328004446462,1.2958862667898635e-09,174.72227466420273,0.0,-80.41113733210138,5.5,0.0,3.016836814528237e-17,2.2926868410759202,1.5707963267948966,17.87468420887501,461.0,0.0062865944303153575,4.241442119265976,0.0,0.01375954168385938,-1568.260527369365,13.213779440619891,-210.05275413919566,0.027774939964463757,0.04575047570440378,-0.34285719309685286,0.02687688140286638,0.04628376133445791,-0.34285719309685286,-4.5505412440817776e-18,9.747201018299015e-20,-3.5563383671523885e-19,-4.5515768150544306e-18,8.654681820439989e-21,-3.5563383671523885e-19,-1568.2336504879622,13.260063201954349,-210.3956113322925,-1680567.3067621347,299.1248005354549,143010.7731226026,0.06846531500544176,4566.009068267979
275.61298376447604,2001.0,12.0,14.0,14.0,26.0,3.0,1.0,3500885.789129679,-29583.11628136072,470267.79641445784,-354.4278719919447,-286.07083972418815,4547.49484939253,3532453.576431481,4570.247810243645,3499639.8359047724,-97966.77113933892,470267.79641445784,3532453.5764314807,-366.8927074422829,-527.1552839351068,4547.49484939253,4592.625867345023,12742118.112897066,0.7238136620081553,1.6336208851562584,5.16191365590357e-08,1.9739961428104765e-06,0.13378776358989014,0.13352421390057043,-0.02798607795841353,136253.57643148024,0.05616066099204922,0.055886726253850785,834.4970593452454,-16086936108.728237,-1011986418.4252974,-197599233.42336002,-16087131953.55529,-1880796925.2696815,16118735368.427088,16197909032.410728,-0.9907107794011387,0.027733349927929106,-0.13312780656257822,0.02798242488953496,0.9996084152793541,0.0,-0.1330756757476352,0.0037252388478458843,0.9910988785786394,4553.877761202275,-537.2154056090319,-0.11742606218922039,1.2850605097885382e-09,174.91939490211462,0.0,-80.51939490211461,5.5,0.0,3.0171761108109286e-17,2.2927422523639636,1.5707963267948966,17.864386990348606,461.0,0.00623385468010034,4.243294024252975,0.0,0.013644342739477127,-1568.112703315578,13.250835142495788,-210.6418060844714,0.027620353323039568,0.045373782231412176,-0.3399879384330189,0.026728712405043622,0.04590468347392917,-0.3399879384330189,-4.512866932231915e-18,9.678460212621466e-20,-3.5370518219595596e-19,-4.513896444406716e-18,8.607927359788647e-21,-3.5370518219595596e-19,-1568.085974603173,13.296739825969716,-210.9817940229044,-1680568.3176273182,299.3132849718351,143069.7397286415,0.06856797659655069,4565.962266812645
275.8899503398278,2001.0,12.0,14.0,14.0,26.0,3.0,1.0,3500787.4939956,-29662.347234685014,471527.28291688487,-355.36992884409204,-286.06284079429645,4547.367927720537,3532524.7219933853,4570.194175882611,3499538.0862825727,-98112.76989858734,471527.28291688487,3532524.7219933853,-367.8502555760909,-527.1145862647808,4547.367927720537,4592.572118937476,12742110.995493455,0.7238135078673984,1.6336208819755957,5.16191365590357e-08,1.95722086749755e-06,0.1341455442211612,0.1338812593241025,-0.028028577952814267,136324.72199338535,0.0563107571959504,0.056036086982558846,827.587303429842,-16086935388.938967,-1011986321.775666,-197605954.48937106,-16087138686.929955,-1880748377.9511547,16118734643.989851,16197910164.800087,-0.9906620226872189,0.027774121236219633,-0.13348166538826214,0.02802490821630285,0.9996072251236822,0.0,-0.13342923714364857,0.003740811421065295,0.9910512827322187,4553.784960542894,-537.2165185482188,-0.11742867429720001,1.275107172279028e-09,175.0210314191219,0.0,-80.6210314191219,5.5,0.0,3.0173540981126346e-17,2.292771319896224,1.5707963267948966,17.85899021052285,461.0,0.006185359515590193,4.245013738306551,0.0,0.013538426303776867,-1567.973933587392,13.285521429899912,-211.19319291932214,0.027478090636127907,0.045027021686847135,-0.3373465104317108,0.02659235643549103,0.045555732089418356,-0.3373465104317108,-4.478021582275708e-18,9.61483828750458e-20,-3.51917698616512e-19,-4.479045484314584e-18,8.56459559173178e-21,-3.51917698616512e-19,-1567.9473412309565,13.331077161989331,-211.53053942975384,-1680569.2563479897,299.50176940821535,143128.794082606,0.06867064132589873,4565.9153966305485
276.14388349053127,2001.0,12.0,14.0,14.0,26.0,4.0,1.0,3500697.1441351883,-29734.987140057274,472681.99557631946,-356.2335679653276,-286.05548894519717,4547.251271516646,3532590.116806434,4570.144879980364,3499444.565450391,-98246.61702170088,472681.99557631946,3532590.116806434,-368.7280955972528,-527.0772073409672,4547.251271516646,4592.522718211732,12742104.516131232,0.7238133675450863,1.6336208790793008,5.16191365590357e-08,1.9422450393996486e-06,0.13447355790969215,0.1342085989832229,-0.028067544632213604,136390.11680643447,0.05644836498602684,0.0561730204674149,821.2790190279484,-16086934733.66055,-1011986233.7769524,-197612147.98541635,-16087144881.898272,-1880703756.795401,16118733984.479332,16197911212.037233,-0.9906172099620751,0.02781149631662298,-0.1338060686201653,0.028063859569283107,0.9996061323271659,0.0,-0.1337533667353068,0.0037551147192741783,0.9910075357939594,4553.69966603821,-537.2175421619984,-0.11743107536844133,1.266554741937933e-09,175.12890516124133,0.0,-80.71445258062067,5.5,0.0,3.017541981303633e-17,2.29280200354985,1.5707963267948966,17.853297039178717,461.0,0.006143680792827532,4.24657924789705,0.0,0.013447406306837056,-1567.8463921461093,13.317316633960555,-211.69862198400344,0.027359100230294215,0.044729366496254794,-0.3350770570446541,0.026478394694449132,0.04525628361865934,-0.3350770570446541,-4.448121536603674e-18,9.560756364344274e-20,-3.504272666057248e-19,-4.449140734533674e-18,8.528477966452765e-21,-3.504272666057248e-19,-1567.8199137514148,13.362572917579215,-212.0336990410481,-1680570.1109177321,299.6902538445956,143187.9361844962,0.0687733091981972,4565.86845772311
276.3724912385633,2001.0,12.0,14.0,14.0,26.0,4.0,1.0,3500615.6175158983,-29800.380883076654,473721.5204195042,-357.01101404263414,-286.04885548536265,4547.146012750878,3532649.125402289,4570.100400773318,3499360.1810241123,-98367.10710334075,473721.5204195042,3532649.1254022885,-369.5183245804302,-527.0435024874247,4547.146012750878,4592.478144421718,12742098.722691324,0.7238132420780353,1.6336208764889506,5.16191365590357e-08,1.9284774014466705e-06,0.13476884748339074,0.13450328178079113,-0.028102625983853723,136449.12540228898,0.0565722439331216,0.05629629236399427,815.6238455176353,-16086934147.739656,-1011986155.0825326,-197617749.5252309,-16087150476.866093,-1880663494.882627,16118733394.77366,16197912162.412922,-0.9905767758991956,0.027845139330710908,-0.13409809567927528,0.02809892708623659,0.9996051471939319,0.0,-0.1340451466699079,0.003768012612895134,0.9909680624193657,4553.622705244367,-537.2184663409614,-0.11743324204381046,1.2581249425301433e-09,175.29750114939714,0.0,-80.79875057469856,5.5,0.0,3.017831338456165e-17,2.292849259159016,1.5707963267948966,17.844536389568805,461.0,0.0061026220329694495,4.247979013444783,0.0,0.013357712057594678,-1567.731315327221,13.345935522115562,-212.15355910258185,0.02723564247849289,0.0444359427291825,-0.3328436380893065,0.02635997506809551,0.04496092683494032,-0.3328436380893065,-4.418812702714132e-18,9.506808283941223e-20,-3.4888683386810545e-19,-4.419827094220277e-18,8.491127067317456e-21,-3.4888683386810545e-19,-1567.7049553521529,13.390896448950503,-212.48640274067117,-1680570.8750212118,299.8787382809759,143247.16603431205,0.06887598021815776,4565.821450091747
276.54067226688295,2001.0,12.0,14.0,14.0,26.0,4.0,1.0,3500555.52694407,-29848.48846263209,474486.25758833735,-357.5829253328854,-286.04396643902135,4547.068433116672,3532692.61868654,4570.067618172831,3499297.98616922,-98455.74373402716,474486.25758833735,3532692.61868654,-370.09963890535215,-527.0186741042464,4547.068433116672,4592.445292109485,12742094.483079,0.7238131502620586,1.6336208745930032,5.16191365590357e-08,1.918491952351755e-06,0.13498607832630946,0.13472006625011151,-0.02812843501787157,136492.61868654052,0.0566633756402132,0.05638697748187428,811.4766936600208,-16086933718.95817,-1011986097.4883533,-197621886.03712797,-16087154603.577797,-1880633820.1706834,16118732963.22213,16197912866.009155,-0.9905469747521548,0.027869886899651388,-0.13431291901211373,0.028124725920123633,0.9996044216548454,0.0,-0.13425978772987804,0.0037775140347474615,0.990938968749562,4553.565982466656,-537.2191478366285,-0.11743483907941185,1.253205397764192e-09,175.35327335817564,0.0,-80.85327335817564,5.553273358175643,0.0,3.017929357820088e-17,2.2928652669359506,1.5707963267948966,17.84157074984412,461.0,0.0060786321568977834,4.249003326715788,0.0,0.013305637679935997,-1567.646501714342,13.366986513924738,-212.48819397223963,0.027172699824259263,0.04426489716320214,-0.3315446028072327,0.026299861117401103,0.044788994650623415,-0.3315446028072327,-4.4016825100868196e-18,9.476617052976773e-20,-3.4810032133846224e-19,-4.402694375724766e-18,8.472345754884957e-21,-3.4810032133846224e-19,-1567.6202018532247,13.411775508575362,-212.81973857504687,-1680571.434189016,300.0672227173561,143306.48363205357,0.06897865439049232,4565.77437373788
276.7589535002072,2001.0,12.0,14.0,14.0,26.0,4.0,1.0,3500477.39229343,-29910.92579881187,475478.7862877543,-358.3251597096574,-286.0376096153102,4546.967561611659,3532749.1721956753,4570.02499342663,3499217.118023053,-98570.77849949153,475478.7862877543,3532749.1721956753,-370.8540761243054,-526.9864083131521,4546.967561611659,4592.402576720979,12742089.005352594,0.7238130316329132,1.6336208721429943,5.16191365590357e-08,1.9056016028921314e-06,0.13526801301737995,0.13500142160862122,-0.028161933127080558,136549.17219567532,0.056781651246294,0.0565046734657336,806.1075672805309,-16086933164.94831,-1011986023.0679702,-197627274.5451155,-16087159972.692509,-1880595235.9281504,16118732405.632877,16197913784.436556,-0.9905082267270671,0.027902003141147942,-0.13459171968108752,0.028158210762420047,0.9996034789688655,0.0,-0.1345383512336174,0.0037898620096566207,0.9909011398688002,4553.492229929011,-537.2200343567446,-0.1174369157393105,1.2462611149035269e-09,175.45477770192946,0.0,-80.95477770192946,5.6,0.0,3.0181055258455724e-17,2.292894037357856,1.5707963267948966,17.836243237421773,461.0,0.006044786127121864,4.250326721155054,0.0,0.01323200704390673,-1567.5362273883782,13.39430441333157,-212.922450092554,0.02707817927221797,0.04402532070944207,-0.3297088427995982,0.026209365309362784,0.04454801708659965,-0.3297088427995982,-4.377519261571896e-18,9.433184108819543e-20,-3.4691899921208446e-19,-4.3785273872706325e-18,8.443968086917031e-21,-3.4691899921208446e-19,-1567.5100180230688,13.43885243041817,-213.25215893535358,-1680572.1566537917,300.25570715373635,143365.88897772072,0.06908133171991329,4565.727228662923
276.95782035160465,2001.0,12.0,14.0,14.0,26.0,4.0,1.0,3500406.066062086,-29967.80862085517,476383.0182578491,-359.0013327841288,-286.0318070314903,4546.875483689347,3532800.7978036697,4569.986084852963,3499143.299100206,-98675.57570094243,476383.0182578491,3532800.7978036697,-371.541365410839,-526.9569718460805,4546.875483689347,4592.3635854060785,12742084.044496683,0.7238129241977269,1.6336208699232968,5.16191365590357e-08,1.8939721731231831e-06,0.13552486393619598,0.13525774474752258,-0.028192452540817887,136600.7978036697,0.05688940349587707,0.056611897649309545,801.2333474159241,-16086932663.205463,-1011985955.6552353,-197632203.2534951,-16087164877.656643,-1880560015.077977,16118731900.647486,16197914626.858063,-0.9904728569116072,0.027931259459148875,-0.13484570614737598,0.02818871806144947,0.9996026191312486,0.0,-0.13479212104351973,0.003801127592385445,0.9908666083452482,4553.424907104872,-537.2208440245458,-0.11743881150879214,1.2388974252424654e-09,175.60113971952816,0.0,-81.10113971952815,5.6,0.0,3.0183565681428333e-17,2.2929350356762996,1.5707963267948966,17.8286571377191,461.0,0.006008924721468468,4.251525203971664,0.0,0.013153713954326811,-1567.4355691767898,13.419188595869064,-213.31801890321165,0.026968612677918762,0.04377419543153772,-0.32775856221541194,0.02610412149939547,0.04429515883474014,-0.32775856221541194,-4.351923710170409e-18,9.385785333960612e-20,-3.4554945616990156e-19,-4.3529275820171155e-18,8.41079612943818e-21,-3.4554945616990156e-19,-1567.4094650552904,13.463483754703805,-213.64577746542707,-1680572.8109483551,300.4441915901166,143425.3820713135,0.06918401221113347,4565.680014868291
277.1659743970486,2001.0,12.0,14.0,14.0,26.0,5.0,1.0,3500331.2648261557,-30027.34666541879,477329.4587359677,-359.70903700744714,-286.0257220778029,4546.778923761455,3532854.938607643,4569.945282665464,3499065.8863948975,-98785.26071601914,477329.4587359677,3532854.9386076434,-372.2607036665028,-526.9261193614475,4546.778923761455,4592.322696449039,12742078.881725822,0.7238128123900371,1.6336208676125221,4.942156062059701e-08,1.8816219666900864e-06,0.13579370183550404,0.13552603024170523,-0.028224397939850602,136654.9386076429,0.05700218407068788,0.05672412550063347,796.1491570472717,-16086932141.032042,-1011985885.486317,-197637382.05323264,-16087170025.302816,-1880523079.574111,16118731375.098783,16197915514.367804,-0.9904357657475564,0.027961878546576287,-0.13511153642897414,0.02822065075160292,0.9996017181213506,0.0,-0.135057723952418,0.0038129354820745543,0.9908303955389146,4553.354307515741,-537.221693543437,-0.1174407997051434,1.231936464731627e-09,175.67848372520413,0.0,-81.17848372520415,5.6,0.0,3.0184918009077414e-17,2.2929571208628206,1.5707963267948966,17.824573387903477,461.0,0.005975007232461102,4.252772457153146,0.0,0.013079634715135352,-1567.3300142294893,13.44523078409895,-213.73199584581457,0.026869113131407708,0.04353169046944117,-0.32591105244951485,0.02600875159002304,0.04405113115828123,-0.32591105244951485,-4.327551284504433e-18,9.341290230988448e-20,-3.442995954041612e-19,-4.328551242338646e-18,8.380500133643967e-21,-3.442995954041612e-19,-1567.3040054778992,13.489281915257232,-214.0579068982641,-1680573.4918743204,300.6326760264968,143484.96291283198,0.06928669586886607,4565.632732355394
277.4659743970487,2001.0,12.0,14.0,14.0,26.0,5.0,1.0,3500223.199129228,-30113.15306412816,478693.4714993373,-360.72892499242255,-286.0169317072412,4546.639430367965,3532933.1560851806,4569.886339103649,3498954.052683141,-98943.33187302812,478693.4714993373,3532933.1560851815,-373.297356722006,-526.8815791778038,4546.639430367965,4592.263627535909,12742071.49220856,0.723812652359267,1.6336208643042531,4.942156062059701e-08,1.8641346697805247e-06,0.1361811472427465,0.13591267954122327,-0.028270440219777062,136733.15608518152,0.057164721189189464,0.05688586601807714,788.8524571657181,-16086931393.624498,-1011985785.038401,-197644881.86021727,-16087177468.565744,-1880469721.0017397,16118730622.859291,16197916803.59111,-0.9903821833301562,0.028006001671049597,-0.13549463019837438,0.02826667466379501,0.9996004177187259,0.0,-0.13544048894493932,0.0038299826305086635,0.990778080695877,4553.252317655864,-537.2229215697502,-0.1174436721798294,1.2218799319052342e-09,175.79022297883074,0.0,-81.29022297883073,5.6,0.0,3.018687129532975e-17,2.292989020448133,1.5707963267948966,17.81867828736581,461.0,0.005926009592320298,4.254557620352132,0.0,0.01297261557080514,-1567.177531735126,13.482756443515607,-214.32851862380704,0.02672414437935564,0.04318127584300511,-0.3232420646686869,0.025869765449737087,0.043698486378980356,-0.3232420646686869,-4.292338674814325e-18,9.276816298221384e-20,-3.4247779894956935e-19,-4.2933329403678334e-18,8.336337468084559e-21,-3.4247779894956935e-19,-1567.1516619696763,13.526454929894587,-214.65176068847572,-1680574.4664903246,300.8211604628771,143544.6315022761,0.06938938269782455,4565.585381125643
277.6993939201259,2001.0,12.0,14.0,14.0,26.0,5.0,1.0,3500138.905349482,-30179.914199818835,479754.733209872,-361.52239555458027,-286.0100755017937,4546.530628183964,3532994.167558086,4569.840364694475,3498866.823663852,-99066.31226912854,479754.733209872,3532994.167558086,-374.10386966532934,-526.8468633181159,4546.530628183964,4592.217555354012,12742065.786371304,0.7238125287914584,1.6336208617490513,4.942156062059701e-08,1.8505058489923261e-06,0.1364825930231225,0.13621350593102238,-0.02830626516039688,136794.16755808564,0.05729118008669179,0.05701170511327162,783.2022579312325,-16086930816.498394,-1011985707.4649211,-197650746.59918916,-16087183279.908514,-1880428101.9884746,16118730042.001436,16197917815.131279,-0.9903403905368398,0.028040327147667105,-0.13579267625609076,0.028302485271256575,0.9995994044253279,0.0,-0.1357382783109097,0.003843270219682521,0.9907372755050697,4553.172767885031,-537.2238800572638,-0.1174459128745886,1.2132617774163389e-09,175.95476445167324,0.0,-81.37738222583661,5.677382225836613,0.0,3.0189694052580416e-17,2.2930351195724294,1.5707963267948966,17.810166219684355,461.0,0.005884044051178915,4.255936013593866,0.0,0.012881353487605614,-1567.0586026661658,13.511947797920524,-214.79255600322384,0.026594534741293828,0.042881628499012114,-0.32096929050955036,0.0257453557847931,0.043396774031575124,-0.32096929050955036,-4.262477177543495e-18,9.221237761170604e-20,-3.4085622424722724e-19,-4.263466425942569e-18,8.297380578402874e-21,-3.4085622424722724e-19,-1567.0328573103811,13.555344571952098,-215.11352529373337,-1680575.2190436851,301.00964489925735,143604.38783964587,0.06949207270272287,4565.537961180445
277.9523785639697,2001.0,12.0,14.0,14.0,26.0,5.0,1.0,3500047.3369617257,-30252.26941514376,480904.92069640075,-362.3823064650009,-286.00262809231447,4546.412442226079,3533060.444363731,4569.790425625962,3498772.070568507,-99199.59166949193,480904.92069640075,3533060.444363731,-374.9779142488868,-526.8091776200672,4546.412442226079,4592.167510079231,12742059.646868847,0.7238123958324439,1.6336208589990426,4.712160915387242e-08,1.835808544906868e-06,0.13680929399953873,0.136539535641028,-0.028345093972648786,136860.44436373096,0.057428233205435913,0.057148086483274144,777.1071116030216,-16086930195.495375,-1011985623.9850205,-197657132.04441014,-16087189598.260527,-1880382893.1548223,16118729416.9824,16197918919.944593,-0.9902949937213998,0.028077524636677082,-0.1361156788199266,0.02834129850751287,0.999598304719905,0.0,-0.1360610017941977,0.0038576950849882863,0.9906929504036004,4553.086357628764,-537.2249218613588,-0.11744834703936494,1.204514296091735e-09,176.0720633767585,0.0,-81.4720633767585,5.7,0.0,3.0191727797125385e-17,2.2930683331413766,1.5707963267948966,17.80403865149665,461.0,0.005841436101551302,4.25741908731169,0.0,0.012788397816998523,-1566.929420723146,13.543579965230089,-215.29539353711945,0.026465025590167026,0.04257690500572382,-0.3186520026472286,0.02562109681648081,0.04309001992660415,-0.3186520026472286,-4.23193455474985e-18,9.164767524364668e-20,-3.392295702725999e-19,-4.232918753858995e-18,8.258044090070107e-21,-3.392295702725999e-19,-1566.9037996263296,13.586669985156693,-215.6140455397667,-1680576.0287946966,301.1981293356376,143664.23192494127,0.06959476588827533,4565.4904725212045
278.1639496318865,2001.0,12.0,14.0,14.0,26.0,6.0,1.0,3499970.591280422,-30312.77863646157,481866.7995559131,-363.1013955531297,-285.99638661906357,4546.3133923737,3533115.9925610637,4569.748572765054,3498692.658770769,-99311.04591141405,481866.7995559131,3533115.9925610637,-375.70882179701067,-526.7776131655994,4546.3133923737,4592.125568207494,12742054.545043487,0.7238122853460228,1.633620856713288,4.942156062059701e-08,1.8237341191009631e-06,0.13708250455781507,0.13681218484368682,-0.028377567343262206,136915.99256106373,0.05754284632644671,0.05726213782487804,772.029679119587,-16086929679.441751,-1011985554.6051805,-197662495.50389087,-16087194897.893341,-1880345004.0380769,16118728897.590965,16197919850.374163,-0.9902569477303399,0.028108628791274435,-0.1363857854003317,0.028373758818777652,0.999597383855367,0.0,-0.13633087428123106,0.0038697773812585777,0.9906558017498988,4553.013938786646,-537.2257954896631,-0.11745038724886088,1.1979508368803286e-09,176.18998140265936,0.0,-81.54499070132968,5.7,0.0,3.0193760934766466e-17,2.293101536798831,1.5707963267948966,17.797917276244554,461.0,0.005809452933881793,4.258651481426315,0.0,0.01271853610792877,-1566.821158858287,13.570029151022117,-215.71584034919627,0.02637233586618579,0.04234808731842892,-0.31691112380588776,0.025532290186770362,0.04285980350382792,-0.31691112380588776,-4.2090424869781064e-18,9.123168764653145e-20,-3.380720543359454e-19,-4.210023057572349e-18,8.229989480244227e-21,-3.380720543359454e-19,-1566.7956265681003,13.612888954525946,-216.03275147300215,-1680576.7016850356,301.3866137720178,143724.16375816235,0.0696974622591966,4565.442915149329
278.3989950486541,2001.0,12.0,14.0,14.0,26.0,6.0,1.0,3499885.152081611,-30379.999960030043,482935.3767271734,-363.90021113333927,-285.98943852487525,4546.203127343337,3533177.8330921177,4569.701981275913,3498604.254711318,-99434.85844891633,482935.3767271734,3533177.833092117,-376.5207654875173,-526.7424953867211,4546.203127343337,4592.078877627851,12742048.908508254,0.7238121632801403,1.6336208541874697,4.942156062059701e-08,1.8101691177565653e-06,0.13738601838258888,0.13711507504801526,-0.02841364460915889,136977.83309211675,0.05767017134728064,0.05738883873982153,766.4070243835449,-16086929109.290707,-1011985477.9450533,-197668478.99960792,-16087200801.831615,-1880302824.516568,16118728323.75175,16197920890.593544,-0.9902145943357339,0.028143179637775073,-0.13668583907777007,0.028409821540911602,0.9995963595572033,0.0,-0.13663066714516067,0.003883220295369209,0.9906144463895153,4552.93332040155,-537.2267685665911,-0.1174526586494639,1.190707173870704e-09,176.32547584588107,0.0,-81.62547584588107,5.7,0.0,3.019609447829869e-17,2.293139646456797,1.5707963267948966,17.790896810730246,461.0,0.00577415590157961,4.260013007985594,0.0,0.012641434344018284,-1566.7006426942287,13.599407807459349,-216.1828552140442,0.026269768769691622,0.0420955192504191,-0.31498999447210857,0.02543401273584549,0.04260568610324589,-0.31498999447210857,-4.183787019546057e-18,9.077235831523822e-20,-3.3679167557698644e-19,-4.184763580307426e-18,8.198956565276073e-21,-3.3679167557698644e-19,-1566.675208681493,13.642013493562594,-216.4978452085163,-1680577.4450999945,301.5750982083981,143784.1833393091,0.06980016182020182,4565.3952890662185
278.63423315085265,2001.0,12.0,14.0,14.0,26.0,6.0,1.0,3499799.454859536,-30447.27475346596,484004.80392026174,-364.69962003854016,-285.98246987875245,4546.092534594707,3533239.8603820982,4569.655251660888,3498515.5871087755,-99558.7642147107,484004.80392026174,3533239.8603820987,-377.3333115372236,-526.7072949195024,4546.092534594707,4592.032048626707,12742043.30434013,0.7238120419155762,1.633620851675563,4.712160915387242e-08,1.796687080824308e-06,0.13768977030285767,0.13741820286667683,-0.028449752392694507,137039.8603820987,0.057797595764331196,0.05751563854399004,760.8028122484684,-16086928542.402111,-1011985401.7148397,-197674493.74908575,-16087206728.181581,-1880260519.3134685,16118727753.195541,16197921938.97781,-0.9901721154958419,0.02817775417147706,-0.1369861155896502,0.02844591473135768,0.9995953330898941,0.0,-0.13693068184152715,0.0038966953634430967,0.9905729675978742,4552.85246272433,-537.2277451112258,-0.11745493699714786,1.182732236587309e-09,176.414086260141,0.0,-81.72817252028203,5.714086260141013,0.0,3.019764115203523e-17,2.29316490555579,1.5707963267948966,17.786246803818806,461.0,0.005735311903701781,4.261366690205238,0.0,0.012556662802554188,-1566.579772392361,13.628805126825972,-216.65016677152562,0.02615050859295032,0.04181848811055339,-0.3128757982799098,0.02531953647690739,0.042326777814015316,-0.3128757982799098,-4.155880970029502e-18,9.025457489423666e-20,-3.3528988732150707e-19,-4.1568528837458985e-18,8.162612088322683e-21,-3.3528988732150707e-19,-1566.5544528558842,13.671131904639987,-216.96304256980554,-1680578.1842466407,301.76358264477835,143844.29066838147,0.06990286457600638,4565.347594273276
278.9342331508527,2001.0,12.0,14.0,14.0,26.0,6.0,1.0,3499689.892061375,-30533.068158658665,485368.61048161075,-365.7190195816569,-285.97356118060134,4545.951150888709,3533319.1614809707,4569.595512213796,3498402.231690395,-99716.76965988889,485368.61048161075,3533319.161480971,-378.3694624166245,-526.6623254194739,4545.951150888709,4591.972182120889,12742036.211696751,0.7238118883169411,1.6336208484949784,4.712160915387242e-08,1.7796129354571902e-06,0.138077130627727,0.13780476731546024,-0.02849580215018968,137119.16148097115,0.05796009333558592,0.057677339550919006,753.6886886060238,-16086927824.931036,-1011985305.2123504,-197682202.71641225,-16087214311.64641,-1880206435.1248748,16118727031.081167,16197923286.668476,-0.990117810422781,0.028221840457258087,-0.13736902563825318,0.028491945823862583,0.9995940221025584,0.0,-0.13731325685005097,0.0039139108363618995,0.990519939625244,4552.749093312059,-537.2289943805168,-0.11745784996252341,1.1725363810179948e-09,176.554747088489,0.0,-81.9273735442445,5.8,0.0,3.020007705563136e-17,2.2932046868804594,1.5707963267948966,17.77892847009745,461.0,0.0056856551128122495,4.26307983563577,0.0,0.012448697790437733,-1566.4252555800615,13.666287748112161,-217.24600555290087,0.025998024337613338,0.04146964276845668,-0.31018364695467415,0.025173078704492372,0.04197552440815933,-0.31018364695467415,-4.120398947300757e-18,8.959531012819007e-20,-3.333726572083496e-19,-4.121364934801563e-18,8.116569611510824e-21,-3.333726572083496e-19,-1566.400082501357,13.70826327252032,-217.55618919985554,-1680579.119712647,301.9520670811586,143904.4857453795,0.07000557053132615,4565.299830771898
279.2342331508528,2001.0,12.0,14.0,14.0,26.0,7.0,1.0,3499580.023458701,-30618.858887553724,486732.3745689264,-366.73831853049575,-285.96462832522025,4545.809381240405,3533398.683925193,4569.535610267747,3498288.5654425253,-99874.76160100863,486732.3745689264,3533398.683925193,-379.40550988231047,-526.6172682610078,4545.809381240405,4591.912152767409,12742029.180563971,0.7238117360509788,1.6336208453407919,4.712160915387242e-08,1.7626253464964817e-06,0.1384644734249234,0.1381913142874183,-0.028541853448669607,137198.68392519327,0.05812258276217197,0.05783903242072673,746.613537043333,-16086927113.663843,-1011985209.526477,-197689954.76533237,-16087221923.824223,-1880152202.7716672,16118726315.209703,16197924646.39137,-0.9900633577970137,0.028265919171639994,-0.13775189784930347,0.02853797839630516,0.999592708951527,0.0,-0.13769579273439927,0.003931160684873458,0.9904667660446337,4552.645442242621,-537.2302480061343,-0.11746077120216583,1.1623120667608635e-09,176.7409770359904,0.0,-82.04097703599041,5.8,0.0,3.0203276059677894e-17,2.293256930581235,1.5707963267948966,17.769326978879793,461.0,0.0056358657732070334,4.264778066869578,0.0,0.012339908091297128,-1566.2703236231393,13.703761507754521,-217.8417034968905,0.025842275667102118,0.04111318613226034,-0.3074733260879183,0.025023522745268197,0.04161659038193095,-0.3074733260879183,-4.084744100778148e-18,8.892980102573493e-20,-3.314202793333176e-19,-4.085704072267333e-18,8.069213747028861e-21,-3.314202793333176e-19,-1566.2453001003942,13.745378098136452,-218.1491768229784,-1680580.047066899,302.1405515175388,143964.7685703032,0.07010827969087734,4565.251998563486
279.51119868020305,2001.0,12.0,14.0,14.0,26.0,7.0,1.0,3499478.3192803157,-30698.060087431502,487991.38890188106,-367.6792645667905,-285.9563599070965,4545.678154331257,3533472.296997459,4569.480163446179,3498183.3507477823,-100020.61066167148,487991.38890188106,3533472.2969974596,-380.3619159511317,-526.5755928578424,4545.678154331257,4591.8565880114365,12742022.743683774,0.7238115966546578,1.633620842452265,4.712160915387242e-08,1.746998309871916e-06,0.1388220598331646,0.13854816601980188,-0.028584370228104138,137272.29699745914,0.05827258874628548,0.05798830301568817,740.1166045367718,-16086926462.494766,-1011985121.9117771,-197697149.94710216,-16087228976.989885,-1880102002.9513226,16118725659.82453,16197925912.372293,-0.9900129551660378,0.028306606718457427,-0.13810533885225248,0.028580477833229496,0.9995914947051242,0.0,-0.1380489220900807,0.003947116575717451,0.9904175459777076,4552.549499667473,-537.2314092474536,-0.11746347549055958,1.1533089145760993e-09,176.8922771355975,0.0,-82.14613856779876,5.8,0.0,3.020588276092695e-17,2.2932995012432555,1.5707963267948966,17.761511165845036,461.0,0.005592015702949573,4.26633274665082,0.0,0.012244104725176525,-1566.1269191816777,13.738350086269543,-218.39153746929452,0.02570703116875468,0.04079935862569915,-0.305085779870782,0.024893705042973894,0.041300636375401684,-0.305085779870782,-4.053308458337189e-18,8.83459831087528e-20,-3.29723881164384e-19,-4.054263190910041e-18,8.028075185811098e-21,-3.29723881164384e-19,-1566.1020254766347,13.779650722644945,-218.6966232491653,-1680580.8960445393,302.3290359539191,144025.13914315254,0.07021099205937656,4565.204097649436
279.7375193990688,2001.0,12.0,14.0,14.0,26.0,7.0,1.0,3499395.0188437374,-30762.777170230318,489020.1578900524,-368.44808899128424,-285.94958812603545,4545.57067883345,3533532.589518653,4569.434752516023,3498097.1785350367,-100139.78176930164,489020.1578900524,3533532.589518653,-381.1433716586524,-526.541482592615,4545.57067883345,4591.8110804910675,12742017.51921948,0.7238114835146502,1.6336208401071937,4.712160915387242e-08,1.7344337137881858e-06,0.13911424827821672,0.13883975415498176,-0.028619113539512686,137332.58951865323,0.05839516005508726,0.05811027341046415,734.8295033276081,-16086925933.964727,-1011985050.7891029,-197703056.84221512,-16087234758.246145,-1880060888.699595,16118725127.871872,16197926954.114393,-0.98997167562888,0.028339849494056296,-0.13839412698233186,0.02861520693455467,0.9995905011213805,0.0,-0.13833745474252507,0.003960176582126463,0.9903772339956115,4552.470922512987,-537.2323608976928,-0.11746569051971392,1.1460956333160126e-09,177.0322707409332,0.0,-82.2322707409332,5.8,0.0,3.020828620587116e-17,2.293338752477912,1.5707963267948966,17.75431109616329,461.0,0.005556882790213935,4.267594557220164,0.0,0.012167346143069909,-1566.009474607674,13.766608300695115,-218.84074144421692,0.025599018324560324,0.040548030737685474,-0.30317343146241793,0.02479003399490137,0.041047615648379575,-0.30317343146241793,-4.028159487928989e-18,8.787951020532015e-20,-3.2837174083662586e-19,-4.029110043655382e-18,7.995287460765934e-21,-3.2837174083662586e-19,-1565.9846845736793,13.807655916343494,-219.14391487567934,-1680581.5851139836,302.51752039029935,144085.59746392752,0.07031370764154078,4565.156128031142
279.9604753417676,2001.0,12.0,14.0,14.0,26.0,7.0,1.0,3499312.786725381,-30826.53058524326,490033.6080622056,-369.2054267018997,-285.9429035893103,4545.464586570197,3533592.1087978077,4569.389926344981,3498012.1145409374,-100257.17357134,490033.6080622056,3533592.1087978077,-381.9131512836633,-526.5078307037088,4545.464586570197,4591.7661589718955,12742012.406759558,0.7238113728005183,1.6336208378118628,4.4703483581542975e-08,1.721906388153745e-06,0.13940208284582156,0.13912699736853787,-0.028653341176193933,137392.1087978077,0.05851590449518222,0.05823042587474447,729.6436068415642,-16086925416.755365,-1011984981.1819202,-197708900.06540406,-16087240469.529303,-1880020303.299666,16118724607.312704,16197927987.074316,-0.9899309277467865,0.028372593803830212,-0.13867860040838836,0.028649420538288596,0.9995895211049485,0.0,-0.13862167576972545,0.003973061542761199,0.9903374403650357,4552.39335694915,-537.2333008313543,-0.11746787722263934,1.1386377602466324e-09,177.13027199451926,0.0,-82.31513599725963,5.815135997259638,0.0,3.020998510848865e-17,2.2933664976631962,1.5707963267948966,17.749225291615282,461.0,0.005520566030187983,4.268829294676199,0.0,0.012088072512283915,-1565.893545352945,13.794441426377636,-219.28318805381542,0.025484179468923784,0.0402877406067914,-0.3011969965744175,0.024679733970831307,0.04078548979151066,-0.3011969965744175,-4.002081939844266e-18,8.739062206445226e-20,-3.2692558296079205e-19,-4.003028054866543e-18,7.960276618206527e-21,-3.2692558296079205e-19,-1565.8688656189743,13.835226916169146,-219.58438505038984,-1680582.2594113927,302.7060048266796,144146.14353262816,0.07041642644208736,4565.10808971
280.2107447711427,2001.0,12.0,14.0,14.0,26.0,8.0,1.0,3499220.2795217806,-30898.092411971596,491171.1839620362,-370.0554761774693,-285.93538426054187,4545.345243509723,3533659.0651456253,4569.339501735193,3497916.425234902,-100388.93765284674,491171.1839620362,3533659.065145625,-382.7771650198036,-526.4699986051512,4545.345243509723,4591.715627103705,12742006.704666624,0.7238112493178355,1.6336208352512995,4.4703483581542975e-08,1.7079227075312412e-06,0.139725167301254,0.13944941805218292,-0.028691762934869847,137459.06514562527,0.05865143546979718,0.058365292357852115,723.8456111550331,-16086924839.882812,-1011984903.5378287,-197715487.72597745,-16087246898.972406,-1879974648.468461,16118724026.703466,16197929154.106956,-0.9898850909915811,0.028409344478938753,-0.1389978984692443,0.028687826504487424,0.9995884196060139,0.0,-0.13894068965942907,0.003987547595774038,0.9902926760413477,4552.306103843603,-537.2343587756711,-0.11747033725510934,1.1311068404999711e-09,177.29866449375038,0.0,-82.39866449375036,5.9,0.0,3.0212868932314356e-17,2.2934135940803455,1.5707963267948966,17.740599235709134,461.0,0.00548388055426949,4.270206372135241,0.0,0.012008355476198669,-1565.7631412942005,13.8256783998688,-219.7797436229686,0.0253744593617238,0.040025457218055935,-0.29921159884471593,0.024574521109277467,0.04052151682333566,-0.29921159884471593,-3.976004125123296e-18,8.69108153205005e-20,-3.2555659723988153e-19,-3.9769459951009e-18,7.927475515634296e-21,-3.2555659723988153e-19,-1565.7385667730912,13.866199916692135,-220.07895522181332,-1680583.011477882,302.8944892630598,144206.77734925447,0.0705191484657341,4565.059982687401
280.4985771404199,2001.0,12.0,14.0,14.0,26.0,8.0,1.0,3499113.6248916863,-30980.39262374479,492479.4616552485,-371.03302200861043,-285.9267155711229,4545.207656347043,3533736.261350301,4569.281369035388,3497806.106579946,-100540.4664888647,492479.4616552485,3533736.261350301,-383.7707685644244,-526.4264129143463,4545.207656347043,4591.657370746882,12742000.19428262,0.7238111083315688,1.633620832326975,4.4703483581542975e-08,1.6921185480068949e-06,0.1400967282601544,0.1398202156436258,-0.028735952757894808,137536.26135030063,0.058807301201113646,0.058520393870704526,717.2072376906872,-16086924181.221066,-1011984814.8736472,-197723101.62473026,-16087254317.54624,-1879922013.853034,16118723363.774515,16197930506.101559,-0.9898322477646859,0.02845160449253405,-0.13936508704445977,0.0287319981118233,0.9995871509200697,0.0,-0.13930755029649905,0.004004237417815508,0.9902410678784688,4552.205512654285,-537.2355792518896,-0.11747317363455044,1.1221055213856238e-09,177.40894478614376,0.0,-82.50894478614376,5.9,0.0,3.021478944325206e-17,2.29344495840415,1.5707963267948966,17.73485944581517,461.0,0.005440038497352414,4.271778627938084,0.0,0.011912569266009847,-1565.6128083254796,13.861596020674654,-220.35070468126364,0.025238026371754443,0.03971143898321683,-0.2968227555744142,0.024443531375509295,0.04020534958377577,-0.2968227555744142,-3.94446553861078e-18,8.63231385419743e-20,-3.238380731654785e-19,-3.945402119395275e-18,7.885797806397392e-21,-3.238380731654785e-19,-1565.588364794104,13.901801370258429,-220.64752743683806,-1680583.8701531757,303.08297369944006,144267.4989138064,0.07062187371719907,4565.011806964739
280.7362847682217,2001.0,12.0,14.0,14.0,26.0,8.0,1.0,3499025.331567331,-31048.358732470126,493559.8786533461,-371.8402617680555,-285.9195397568856,4545.093761895367,3533800.167715509,4569.233247264436,3497714.7838201122,-100665.59777837664,493559.8786533461,3533800.167715509,-384.59126768444327,-526.3903567194503,4545.093761895367,4591.609146611516,12741994.861612959,0.7238109928498232,1.6336208299310433,4.4703483581542975e-08,1.679077231318972e-06,0.1404035711694956,0.14012642816762522,-0.028772448203116467,137600.16771550896,0.058936017868762486,0.05864847941050719,711.7549895346165,-16086923641.697214,-1011984742.2379657,-197729419.91322428,-16087260464.239462,-1879878442.619762,16118722820.754742,16197931631.13142,-0.9897885046740703,0.02848649980212486,-0.13966830472262304,0.02876847847079155,0.9995861016673229,0.0,-0.1396104962441705,0.004018044617464735,0.9901983461185484,4552.122243775621,-537.2365902329011,-0.11747552181519845,1.1129784365774206e-09,177.5002395935842,0.0,-82.6002395935842,5.9,0.0,3.021637895850014e-17,2.293470917158122,1.5707963267948966,17.7301118052353,461.0,0.00539562439322395,4.273066417748253,0.0,0.011815489795928336,-1565.4883676930074,13.891252513416186,-220.8221363306576,0.02508639020600994,0.03939212979640093,-0.29440208814397306,0.024297601390791918,0.03988349821817133,-0.29440208814397306,-3.912465676981335e-18,8.57061591610769e-20,-3.219185471537922e-19,-3.913396448905047e-18,7.839194635702464e-21,-3.219185471537922e-19,-1565.4640700916166,13.931136011634358,-221.11653841880158,-1680584.5734966267,303.27145813582035,144328.30822628405,0.07072460220120086,4564.963562543402
280.9816175721952,2001.0,12.0,14.0,14.0,26.0,8.0,1.0,3498934.004762519,-31118.503264790357,494674.92480532837,-372.6733288471507,-285.91211788568773,4544.975960282772,3533866.269705191,4569.183475057244,3497620.3270968036,-100794.73402994771,494674.92480532837,3533866.2697051903,-385.4380175835648,-526.3530862925562,4544.975960282772,4591.55926852706,12741989.400691818,0.7238108745911109,1.6336208274768502,4.4703483581542975e-08,1.6656672352360503e-06,0.14072024523831264,0.14044245167191038,-0.028810115380060574,137666.26970519032,0.05906885805604927,0.0587806682297155,706.1575816273689,-16086923089.18599,-1011984667.8443333,-197735969.70638537,-16087266827.216602,-1879833376.3143482,16118722264.662848,16197932800.406504,-0.989743261390757,0.028522509437901397,-0.13998122369429566,0.02880613003693643,0.9995850173308397,0.0,-0.13992313391245467,0.0040323173324673675,0.9901541582062096,4552.036118697688,-537.2376365395769,-0.11747795077003334,1.1044796093326702e-09,177.59467100741477,0.0,-82.69467100741478,5.9,0.0,3.0218022735102206e-17,2.2934977620672536,1.5707963267948966,17.72520486342573,461.0,0.005354253021586186,4.274385163790668,0.0,0.011725076639930892,-1565.359662642082,13.921854400853421,-221.3085963772908,0.02494976998623703,0.03909512588117444,-0.2921474897795915,0.02416622962745135,0.039584254895403834,-0.2921474897795915,-3.8826758242596086e-18,8.513892972726018e-20,-3.201922140145646e-19,-3.8836013435689294e-18,7.797299195250755e-21,-3.201922140145646e-19,-1565.3354964124544,13.961438655748825,-221.60074386707038,-1680585.2937561981,303.4599425722006,144389.20528668727,0.07082733392245828,4564.915249424781
281.23076296425455,2001.0,12.0,14.0,14.0,26.0,9.0,1.0,3498841.049537003,-31189.73601085303,495807.2696925761,-373.5192720819681,-285.9045641767356,4544.856064302497,3533933.550342682,4569.132818343204,3497524.1898771157,-100925.86775475381,495807.2696925761,3533933.550342682,-386.29785432540007,-526.3151767710282,4544.856064302497,4591.508504052138,12741983.898505766,0.7238107554391902,1.6336208250038018,4.4703483581542975e-08,1.6521483977972532e-06,0.14104182834758028,0.14076337414876247,-0.028848368998375642,137733.55034268135,0.059203756966300966,0.058914905654594354,700.504193842411,-16086922532.48728,-1011984592.8827517,-197742651.31757563,-16087273308.848864,-1879787508.4157116,16118721704.356071,16197933996.23998,-0.9896972141816205,0.02855907342823895,-0.14029897920533854,0.028844367759576967,0.9995839146607703,0.0,-0.1402406028569823,0.004046835352492026,0.99010918409736,4551.948462775526,-537.2387021170571,-0.11748042313750044,1.0958292416552553e-09,177.6907862038305,0.0,-82.7,5.9,0.0,3.0219695456896324e-17,2.2935250796872446,1.5707963267948966,17.720214403483855,461.0,0.005312146664798346,4.275713858991191,0.0,0.011632992681273843,-1565.228674144167,13.952925683672946,-221.80251814372767,0.024809484857473807,0.03878688473978587,-0.2898520245844756,0.024031417473018558,0.03927370546495651,-0.2898520245844756,-3.8523343359573855e-18,8.455953834340786e-20,-3.184198193502257e-19,-3.8532544716595734e-18,7.754234751609906e-21,-3.184198193502257e-19,-1565.204642726694,13.992199389137904,-222.09237016831213,-1680586.0194589607,303.6484270085808,144450.1900950162,0.07093006888569067,4564.866867610265
281.5307629642546,2001.0,12.0,14.0,14.0,26.0,9.0,1.0,3498728.8409748096,-31275.50601306817,497170.70481331344,-374.53779206473445,-285.89544657223115,4544.711343063958,3534014.766475923,4569.071673308449,3497408.14523116,-101083.75545084017,497170.70481331344,3534014.766475923,-387.3331010928869,-526.2694492216833,4544.711343063958,4591.447228942148,12741977.330583967,0.7238106132088916,1.6336208220513007,4.4703483581542975e-08,1.6359412040663316e-06,0.141429035391718,0.141149785769537,-0.028894432241404595,137814.76647592336,0.05936618331951685,0.059076535509639164,693.7375771999359,-16086921867.943281,-1011984503.3934797,-197750737.005678,-16087281139.824207,-1879732142.7631204,16118721035.504671,16197935447.28052,-0.9896416331951926,0.028603093685327086,-0.14068155841609176,0.028890411805748223,0.9995825849351789,0.0,-0.14062283581426638,0.004064348156115316,0.9900548970242103,4551.8426575768,-537.2399892219942,-0.11748340773150828,1.085387167381282e-09,177.8068092513191,0.0,-82.80680925131908,5.9,0.0,3.0221714151582155e-17,2.29355804747334,1.5707963267948966,17.714195630965214,461.0,0.005261322657074242,4.277299891162021,0.0,0.011521908717565187,-1565.0705700654685,13.990330845793894,-222.39712586163964,0.02463906888197446,0.03842128667100671,-0.2870821069844879,0.023867495510768538,0.0389052906796724,-0.2870821069844879,-3.815727738546214e-18,8.385857485086083e-20,-3.162650058355596e-19,-3.816641339656044e-18,7.701929338803516e-21,-3.162650058355596e-19,-1565.0467025699577,14.029236136473566,-222.68420796862412,-1680586.8857262023,303.83691144496106,144511.26265127075,0.07103280709561767,4564.818417101242
281.77246999272745,2001.0,12.0,14.0,14.0,26.0,9.0,1.0,3498638.2133919597,-31344.60806232329,498269.1793669094,-375.35832867016796,-285.8880830689658,4544.594462383287,3534080.362381144,4569.022291307818,3497314.423303705,-101210.95401652678,498269.1793669094,3534080.3623811435,-388.16711222407645,-526.2325433451703,4544.594462383287,4591.3977418878385,12741972.081818854,0.7238104995457465,1.6336208196915816,4.4703483581542975e-08,1.6229273254281289e-06,0.14174099122624267,0.14146110077682741,-0.028931546088920203,137880.3623811435,0.059497042562501025,0.05920675302756253,688.3159434497356,-16086921336.858675,-1011984431.8735538,-197757283.62727755,-16087287469.82433,-1879687427.598895,16118720500.977545,16197936624.936766,-0.989596745034777,0.028638554769120833,-0.14098977054137854,0.028927510141478877,0.9995815120124094,0.0,-0.14093076801603382,0.004078483017180508,0.9900110527679423,4551.757206860622,-537.2410294225516,-0.11748581841088636,1.078084232121355e-09,177.97590595285877,0.0,-82.8,5.9,0.0,3.022460376127584e-17,2.2936052383808847,1.5707963267948966,17.70558757872887,461.0,0.005225761405978206,4.2785673492262095,0.0,0.011444134574187163,-1564.942886301564,14.020461224965198,-222.87609068260195,0.024526079285183928,0.03816039079771996,-0.2851459120636843,0.02375907233876794,0.038642599194917394,-0.2851459120636843,-3.790274456517752e-18,8.338120464890217e-20,-3.1485183087079967e-19,-3.791183731884381e-18,7.66760163651593e-21,-3.1485183087079967e-19,-1564.919127229225,14.059103824160115,-223.16123659466564,-1680587.5780056845,304.02539588134135,144572.42295545098,0.07113554855695935,4564.7698978990975
282.03372677792834,2001.0,12.0,14.0,14.0,26.0,10.0,1.0,3498540.0326350955,-31419.29722225032,499456.46897298563,-376.24515664840965,-285.8801063914299,4544.467846999075,3534151.42524868,4568.968796735229,3497212.8942629327,-101348.43062128748,499456.46897298563,3534151.4252486806,-389.0685024857814,-526.192588588148,4544.467846999075,4591.3441335103635,12741966.451527923,0.7238103776210011,1.6336208171600561,3.942476676500724e-08,1.6089114345471517e-06,0.14207816556080705,0.14179758249053068,-0.028971662935898874,137951.42524868017,0.059638479870762776,0.059347496712393595,682.4860610961914,-16086920767.15709,-1011984355.1495662,-197764392.00626606,-16087294332.528627,-1879638987.8071704,16118719927.582895,16197937906.432352,-0.9895481187586216,0.02867687838648739,-0.1413228831692862,0.028967610176750824,0.999580350727568,0.0,-0.14126357712418622,0.004093786188702383,0.9899635562447339,4551.6646395107855,-537.2421569632482,-0.11748843011417981,1.0691024680268347e-09,178.08775035525738,0.0,-82.8877503552574,5.987750355257393,0.0,3.022654141504584e-17,2.2936368826683866,1.5707963267948966,17.69982022530036,461.0,0.00518204826362347,4.279926889781154,0.0,0.011349013007383004,-1564.804573381757,14.053021982654569,-223.3936898144818,0.024379592109094506,0.037846294310573375,-0.28277447795910426,0.02361817757899186,0.038326077183760514,-0.28277447795910426,-3.758946290701753e-18,8.27804996949987e-20,-3.1300081538995777e-19,-3.759849959310323e-18,7.623056105805062e-21,-3.1300081538995777e-19,-1564.780955204178,14.09134805983833,-223.6764642924409,-1680588.3206066824,304.2138803177216,144633.67100755684,0.07123829327443608,4564.721310005217
282.2757901050581,2001.0,12.0,14.0,14.0,26.0,10.0,1.0,3498448.85803891,-31488.49741580141,500556.5037549329,-377.0667630679585,-285.8726994130701,4544.35027289989,3534217.4170860825,4568.919122383933,3497118.613972172,-101475.79806345093,500556.5037549329,3534217.417086083,-389.9035994181505,-526.1555099450137,4544.35027289989,4591.294353479205,12741961.275012346,0.7238102655232175,1.6336208148320752,3.942476676500724e-08,1.59609453113073e-06,0.14239055689301308,0.1421093321219289,-0.029008833637886648,138017.41708608298,0.059769520698461885,0.059477894879578684,677.1124866008759,-16086920243.358917,-1011984284.6006058,-197771008.1329075,-16087300710.293938,-1879594006.5914967,16118719400.38879,16197939101.771448,-0.9895029652294289,0.02871238129631437,-0.14163149707061184,0.029004765260060284,0.9995792732906225,0.0,-0.1415719089169051,0.004107988325964013,0.9899194507825054,4551.578682483092,-537.2432046438697,-0.11749085554967233,1.061438047304802e-09,178.18202440868995,0.0,-82.98202440868998,6.0,0.0,3.022818023841761e-17,2.293663646685128,1.5707963267948966,17.694945367157043,461.0,0.0051447352119717215,4.2811768121484635,0.0,0.011267529931624328,-1564.6761419854938,14.083184477675836,-223.8731652004343,0.024257069122087672,0.03757872132880533,-0.28074249826934894,0.023500374856350495,0.03805651167294183,-0.28074249826934894,-3.732100305782164e-18,8.227030653964389e-20,-3.1145338772665685e-19,-3.7329992706942945e-18,7.585562162029889e-21,-3.1145338772665685e-19,-1564.6526416106374,14.121240989348777,-224.15390769870365,-1680589.0033580605,304.4023647541018,144695.0068075884,0.07134104125276869,4564.672653420988
282.52401259639214,2001.0,12.0,14.0,14.0,26.0,10.0,1.0,3498355.157029626,-31559.45650509317,501684.4987107547,-377.90920475930034,-285.86508767859027,4544.2294469327935,3534285.23753493,4568.868074454155,3497021.724854661,-101606.39696989066,501684.4987107547,3534285.2375349295,-390.7598729406986,-526.1174287398974,4544.2294469327935,4591.243196945205,12741956.00759815,0.7238101514574085,1.6336208124628144,3.942476676500724e-08,1.5829634760724903e-06,0.14271088463520756,0.14242900187381138,-0.02904695120289282,138085.23753493,0.05990389011467501,0.059611605288412084,671.631300419569,-16086919710.351072,-1011984212.805598,-197777822.60695347,-16087307269.620792,-1879547780.8980117,16118718863.92495,16197940335.579329,-0.9894565633004033,0.02874878232543518,-0.1419479371338648,0.029042866766908315,0.9995781669734286,0.0,-0.14188805880592806,0.004122575026016313,0.989874124898434,4551.490348378626,-537.2442819602708,-0.11749334829641007,1.052898031223285e-09,178.27891076418572,0.0,-83.0,6.0,0.0,3.022986410641617e-17,2.293691146336452,1.5707963267948966,17.68993941609241,461.0,0.005103176218474154,4.282448658592004,0.0,0.011176638700968512,-1564.5441633816556,14.114108276091933,-224.36474259617773,0.02411468504398682,0.037275185469519294,-0.2784767143568617,0.023363427928878345,0.03775059896173637,-0.2784767143568617,-3.702140957879472e-18,8.169217443596124e-20,-3.0965200244245705e-19,-3.703034486036138e-18,7.541790230840833e-21,-3.0965200244245705e-19,-1564.5207999537267,14.15185887505367,-224.6432193105346,-1680589.6980989892,304.59084919048206,144756.43035554554,0.07144379249667837,4564.623928147796
282.77531466982833,2001.0,12.0,14.0,14.0,26.0,10.0,1.0,3498260.080503519,-31631.294024305233,502826.45759460883,-378.76202584284454,-285.8573647156043,4544.106853571223,3534354.0535808355,4568.816280160068,3496923.417169659,-101738.60651992094,502826.45759460883,3534354.0535808355,-391.6266954570055,-526.0788141182184,4544.106853571223,4591.191292456846,12741950.718300799,0.723810036918121,1.633620810083442,4.4703483581542975e-08,1.5698640291641275e-06,0.1430351739103115,0.14275262503845842,-0.029085542786970533,138154.05358083593,0.060039920728171485,0.059746968723982635,666.1141055822372,-16086919175.116575,-1011984140.7072103,-197784752.64132223,-16087313930.350477,-1879500878.6386392,16118718325.219803,16197941593.141684,-0.9894094830784557,0.02878562955990341,-0.14226827589193264,0.02908144205014482,0.9995770454188532,0.0,-0.1422081028728923,0.004137366620925255,0.9898281354228808,4551.40072250255,-537.2453757229654,-0.11749587774366418,1.044050253892523e-09,178.3772194011942,0.0,-83.07721940119418,6.0,0.0,3.023157231385846e-17,2.293719043481057,1.5707963267948966,17.684864104422328,461.0,0.005060125909313531,4.283725777152066,0.0,0.011082519223999858,-1564.4102593454918,14.145409360436796,-224.8623175033157,0.023965171155348564,0.036964399415692316,-0.27613002123567093,0.023219500533030228,0.03743729487642763,-0.27613002123567093,-3.671111092307526e-18,8.109011586884278e-20,-3.0775848944464492e-19,-3.671998920460243e-18,7.495805079706867e-21,-3.0775848944464492e-19,-1564.3870398449587,14.182846655313224,-225.13844752455137,-1680590.395726759,304.77933362686235,144817.94165142838,0.07154654701088672,4564.575134187021
283.0753146698284,2001.0,12.0,14.0,14.0,26.0,11.0,1.0,3498146.299195077,-31717.049848073224,504189.6676548045,-379.7800130682266,-285.848123055399,4543.960150258182,3534436.4080844824,4568.754300125446,3496805.7739534574,-101896.42323967766,504189.6676548045,3534436.4080844824,-392.6613947033392,-526.0326363588581,4543.960150258182,4591.129180554538,12741944.46074891,0.723809901411889,1.6336208072681537,3.942476676500724e-08,1.5541561093966645e-06,0.14342228807683652,0.14313894407016542,-0.029131614210746,138236.40808448195,0.06020230394330776,0.059908555481026124,659.5696542263031,-16086918541.88637,-1011984055.4038898,-197793066.55358374,-16087321908.133577,-1879444751.772188,16118717687.883228,16197943105.470375,-0.9893531443811094,0.028829610007017014,-0.14265065471302518,0.029127493956920467,0.9995757045345738,0.0,-0.14259012868709037,0.0041550560831043895,0.9897731006195032,4551.293470708091,-537.2466854979223,-0.11749890496118147,1.034410504630635e-09,178.49486869211705,0.0,-83.1,6.0,0.0,3.02336160817774e-17,2.2937524207441236,1.5707963267948966,17.678795761441304,461.0,0.005013207631101139,4.285236661934073,0.0,0.010979913057266566,-1564.2500277153997,14.182767631907016,-225.45617997289622,0.02380656294714547,0.03662174991222085,-0.27357214461663304,0.02306700297052133,0.03709202582695649,-0.27357214461663304,-3.637296825177227e-18,8.044091897457268e-20,-3.057535288391799e-19,-3.6381785932905914e-18,7.447094191400285e-21,-3.057535288391799e-19,-1564.2269607124292,14.219859657733972,-225.72975211751285,-1680591.2210624553,304.9678180632426,144879.54069523688,0.07164930480011565,4564.5262715400495
283.37531466982847,2001.0,12.0,14.0,14.0,26.0,11.0,1.0,3498032.212506108,-31802.802895729565,505552.83364628576,-380.79789598331365,-285.8388573046604,4543.813062155338,3534518.9836256634,4568.692157909529,3496687.820343555,-102054.22609299688,505552.83364628576,3534518.9836256634,-393.69598675777667,-525.9863712038675,4543.813062155338,4591.066906122678,12741938.259993391,0.7238097671361426,1.633620804477983,3.942476676500724e-08,1.5385764631977918e-06,0.14380938406524613,0.14352524497317476,-0.029177687237232994,138318.98362566344,0.06036467871282396,0.06007013380028433,653.0658197999,-16086917914.3863,-1011983970.8667047,-197801425.14807105,-16087329914.057089,-1879388477.0997512,16118717056.313583,16197944629.346094,-0.989296658623884,0.02887358267582736,-0.1430329943022958,0.029173547403900137,0.9995743614818622,0.0,-0.14297211395055615,0.004172779839599804,0.9897179206930222,4551.185938049121,-537.2479996766708,-0.11750194045829113,1.0251161570670352e-09,178.59854803666207,0.0,-83.19854803666206,6.0,0.0,3.0235426501981164e-17,2.293781987149801,1.5707963267948966,17.673423876189094,461.0,0.0049679658021918845,4.286733811691479,0.0,0.0108810257787903,-1564.0893834039314,14.220116725586488,-226.04989657583053,0.02365489492786494,0.036295880024938686,-0.2711058871798935,0.0229211218736702,0.03676366593371003,-0.2711058871798935,-3.604682215734481e-18,7.981651819971298e-20,-3.038346719424044e-19,-3.605558179442909e-18,7.400517705512015e-21,-3.038346719424044e-19,-1564.0664622820577,14.256880391520198,-226.32100246301042,-1680592.0389078315,305.1563024996228,144941.22748697098,0.07175206586908747,4564.477340208265
283.67531466982854,2001.0,12.0,14.0,14.0,26.0,11.0,1.0,3497917.820467945,-31888.553160047355,506915.95545362774,-381.81567431972155,-285.8295674668087,4543.665589350422,3534601.780181655,4568.629853538324,3496569.5563721494,-102212.0150536623,506915.95545362774,3534601.7801816547,-394.7304713474125,-525.9400186710724,4543.665589350422,4591.004469187216,12741932.115775242,0.7238096340852666,1.6336208017124738,3.942476676500724e-08,1.5231290267922726e-06,0.14419646182841503,0.14391152770034057,-0.029223761870906733,138401.78018165473,0.06052704501496546,0.06023170366003792,646.6018556654453,-16086917292.590782,-1011983887.0866789,-197809828.54154727,-16087337948.08814,-1879332054.6425724,16118716430.484774,16197946164.741734,-0.9892400258431515,0.028917547551398925,-0.1434152945590311,0.02921960239545293,0.9995730162603689,0.0,-0.14335405856023997,0.004190537884441653,0.9896625956792277,4551.078124586789,-537.2493182612196,-0.1175049842349953,1.0154854052158173e-09,178.73365766187072,0.0,-83.3,6.016828830935362,0.0,3.023776082977387e-17,2.293820109615712,1.5707963267948966,17.666502441179706,461.0,0.004921098185685328,4.288217286307345,0.0,0.010778650986856625,-1563.928326592755,14.257456618687874,-226.64346694963317,0.023494630832479914,0.03595846827017305,-0.2685537594368921,0.022766892477202837,0.03642358748425315,-0.2685537594368921,-3.570971202747037e-18,7.91661515682037e-20,-3.0180905582060187e-19,-3.5718410612928135e-18,7.351412474288899e-21,-3.0180905582060187e-19,-1563.9055597002778,14.293880206172126,-226.91202070907005,-1680592.8492970243,305.34478693600306,145003.0020266308,0.07185483022252494,4564.428340193047
283.9554336139494,2001.0,12.0,14.0,14.0,26.0,11.0,1.0,3497810.733572812,-31968.61821922831,508188.7029340092,-382.76590965817326,-285.8208715480946,4543.527542504597,3534679.289304444,4568.57153185838,3496458.8496132107,-102359.33474521949,508188.7029340092,3534679.289304444,-395.69630320347414,-525.8966590833774,4543.527542504597,4590.946023414108,12741926.434335787,0.7238095110562114,1.633620799155096,3.942476676500724e-08,1.5087747644005227e-06,0.14455787136898876,0.14427219494864085,-0.029266784584930237,138479.28930444457,0.06067864360859199,0.06038255859879172,640.6086161732674,-16086916717.612822,-1011983809.613259,-197817715.5904421,-16087345475.532314,-1879279237.9911466,16118715851.77711,16197947609.252108,-0.9891870134280968,0.028958591817636107,-0.14377222410862933,0.029262606712421774,0.9995717582286897,0.0,-0.14371065483671183,0.004207150050260984,0.9896108061126142,4550.977202626981,-537.2505534647678,-0.1175078337761792,1.0057955080634792e-09,178.9275561492065,0.0,-83.32755614920652,6.1,0.0,3.024106912937353e-17,2.2938741382483268,1.5707963267948966,17.656702732541554,461.0,0.004873962918069955,4.28958895123607,0.0,0.010675927686398603,-1563.7775708063552,14.29231366382048,-227.19756897013212,0.023328678955696614,0.03561544312340618,-0.2659957666182346,0.02260715475013439,0.03607774389839279,-0.2659957666182346,-3.537260109910833e-18,7.850798288872317e-20,-2.9971720941715934e-19,-3.538123695546705e-18,7.300928336547468e-21,-2.9971720941715934e-19,-1563.754963651605,14.328391407718872,-227.46356473675036,-1680593.598648904,305.5332713723833,145064.86431421622,0.07195759786515116,4564.37927149578
284.19579044631195,2001.0,12.0,14.0,14.0,26.0,12.0,1.0,3497718.635190935,-32037.316320117745,509280.7565593969,-383.58118868008063,-285.8133932638402,4543.408823823606,3534745.9497962003,4568.521376164987,3496363.6417148006,-102485.73312295962,509280.7565593969,3534745.9497962007,-396.52496284870995,-525.8593935742621,4543.408823823606,4590.895761000315,12741921.599991528,0.7238094063710198,1.6336207969785232,3.6500241499888574e-08,1.496509901495571e-06,0.14486796708917082,0.1445816537814199,-0.029303701466196878,138545.94979620073,0.06080871728650386,0.06051199418708344,635.4957659840584,-16086916228.3517,-1011983743.6822797,-197824514.3835201,-16087351954.13734,-1879233815.8663478,16118715359.34185,16197948856.860647,-0.9891414238458599,0.028993804527555518,-0.14407846102454971,0.029299507764389048,0.9995706772633761,0.0,-0.1440166048653741,0.004221427987470019,0.9895662671437407,4550.890411231391,-537.2516164080932,-0.11751028458785592,9.981771661484864e-10,179.02278542314392,0.0,-83.4,6.1,0.0,3.024272138604137e-17,2.2939011216474414,1.5707963267948966,17.6518127028931,461.0,0.0048368907813250836,4.290756074760097,0.0,0.010594877575870338,-1563.6479279404566,14.32221642321738,-227.67291563192828,0.023200538038940805,0.035347810726660434,-0.2639748817319953,0.02248381611803028,0.035807969800517196,-0.2639748817319953,-3.510540846217381e-18,7.799056000223262e-20,-2.9809518379247736e-19,-3.511399554372094e-18,7.261540165151713e-21,-2.9809518379247736e-19,-1563.6254441243386,14.358024393017898,-227.93689051366027,-1680594.236273924,305.7217558087636,145126.81434972733,0.07206036880168956,4564.330134117846
284.495790446312,2001.0,12.0,14.0,14.0,26.0,12.0,1.0,3497603.408207448,-32123.058935488953,510643.7569397168,-384.59867965985075,-285.80403761705406,4543.26029960106,3534829.350693077,4568.458628711157,3496244.5290942374,-102643.48395463546,510643.7569397168,3534829.350693077,-397.55915216632854,-525.8128022107827,4543.26029960106,4590.832880030712,12741915.61826484,0.7238092768403699,1.6336207942853516,3.6500241499888574e-08,1.4814482357070094e-06,0.1452549947429666,0.1449678865591255,-0.02934978051830586,138629.35069307638,0.06097106031963295,0.06067354079945184,629.1539605855942,-16086915622.953821,-1011983662.1020826,-197833040.89591944,-16087360065.799234,-1879176989.5135624,16118714750.016443,16197950424.56481,-0.9890843891540977,0.029037748013071712,-0.14446065319662307,0.02934556700259146,0.9995693261086479,0.0,-0.1443984377649636,0.0042392797776196305,0.9895105455112669,4550.781830370683,-537.2529471025223,-0.11751335101272664,9.886037055154453e-10,179.1419295615377,0.0,-83.44192956153772,6.1,0.0,3.0244788071226914e-17,2.293934873177875,1.5707963267948966,17.645700077459015,461.0,0.004790308911899568,4.292200165138896,0.0,0.010493002500241268,-1563.4857439072834,14.35953103730267,-228.26608423271236,0.023037933420860385,0.03500859123844802,-0.26143516395222793,0.02232732325587968,0.03546601856752728,-0.26143516395222793,-3.476953251041744e-18,7.733780174423814e-20,-2.960364200683496e-19,-3.477805779440828e-18,7.211518311687414e-21,-2.960364200683496e-19,-1563.4634165840275,14.394997055870197,-228.5275193966646,-1680595.025233427,305.9102402451438,145188.85213316407,0.07216314303686402,4564.280928060625
284.7957904463121,2001.0,12.0,14.0,14.0,26.0,12.0,1.0,3497487.8759936546,-32208.79874029313,512006.71270090406,-385.6160650562,-285.79465791209054,4543.1113910836375,3534912.9725199295,4568.395719277657,3496125.106234306,-102801.22079556677,512006.71270090406,3534912.972519929,-398.59323299784324,-525.7661235526172,4543.1113910836375,4590.769836733391,12741909.694814902,0.7238091485722234,1.633620791617554,3.6500241499888574e-08,1.4663832903079564e-06,0.14564200399109603,0.14535410098382776,-0.029395861194248318,138712.97251992952,0.06113339480522569,0.060835078872224106,622.8549028933048,-16086915023.437773,-1011983581.3017095,-197841612.6439706,-16087368205.718618,-1879120015.512823,16118714146.610222,16197952003.965216,-0.9890272075756443,0.029081683649564642,-0.14484280565920424,0.029391627801616985,0.9995679727838278,0.0,-0.1447802296250927,0.004257165833677273,0.9894546789261093,4550.672969012953,-537.2542822264169,-0.11751642571873333,9.789274655510109e-10,179.26138931418507,0.0,-83.56138931418505,6.1,0.0,3.024685967186358e-17,2.2939687049837163,1.5707963267948966,17.63957731455435,461.0,0.004743232267393522,4.293630188055424,0.0,0.01039008798490799,-1563.3231480565312,14.396836365726875,-228.8591052508642,0.022871942964787024,0.03467021955028887,-0.25886898594985785,0.02216744268545058,0.0351248399773859,-0.25886898594985785,-3.4430172616056074e-18,7.66755289325329e-20,-2.939329975462323e-19,-3.4438634886529472e-18,7.160445126492115e-21,-2.939329975462323e-19,-1563.3009806138457,14.43196120570426,-229.11797423681404,-1680595.8065072503,306.09872468152406,145250.97766452646,0.07226592057539878,4564.231653325498
285.02931818495387,2001.0,12.0,14.0,14.0,26.0,13.0,1.0,3497397.73148219,-32275.53886602296,513067.6416653886,-386.40795083784417,-285.7873398571602,4542.995210893857,3534978.218816906,4568.346636836773,3496031.929676882,-102923.99752048712,513067.6416653886,3534978.218816906,-399.39811292479664,-525.7297272682262,4542.995210893857,4590.720649848554,12741905.12360751,0.723809049586323,1.633620789558278,3.6500241499888574e-08,1.4546006463393987e-06,0.1459432492033638,0.14565472752088385,-0.029431732707951675,138778.2188169062,0.06125975422577966,0.060960818350008675,617.9809772372246,-16086914560.771757,-1011983518.9381689,-197848316.49872744,-16087374561.538015,-1879075563.2943964,16118713680.94158,16197953241.447882,-0.9889825943105646,0.02911587883982322,-0.14514025544324377,0.029427483798932383,0.9995669178185438,0.0,-0.1450773977847993,0.004271112515628964,0.989411090624049,4550.588034395638,-537.2553245885031,-0.11751882488157028,9.719781183093784e-10,179.34777352113278,0.0,-83.6,6.1,0.0,3.024836203237001e-17,2.2939932403927417,1.5707963267948966,17.635139735010338,461.0,0.004709412772202502,4.294733754557231,0.0,0.010316132778057176,-1563.196294315374,14.42586935373148,-229.32062572264752,0.02275541538670964,0.034424252303544144,-0.25702501121862653,0.022055326538148717,0.0348769357509429,-0.25702501121862653,-3.418626550017659e-18,7.62038627144146e-20,-2.92457943469016e-19,-3.4194683442091484e-18,7.12461436032201e-21,-2.92457943469016e-19,-1563.174238988836,14.460746289482422,-229.57765073386614,-1680596.409427451,306.2872091179043,145313.19094381452,0.0723687014220184,4564.182309913848
285.26982275466514,2001.0,12.0,14.0,14.0,26.0,13.0,1.0,3497304.7005400774,-32344.271119361434,514160.2383605689,-387.22342767900324,-285.77978792375507,4542.875316304683,3535045.5543040684,4568.2959853340935,3495935.7729323525,-103050.43340927729,514160.2383605689,3535045.554304069,-400.2269702781252,-525.6921883336282,4542.875316304683,4590.669890561004,12741900.448255401,0.7238089483456046,1.6336207874521218,3.6500241499888574e-08,1.4427987285732302e-06,0.14625348265772228,0.14596432384444183,-0.029468676945966624,138845.5543040689,0.06138988329702189,0.061090308962234566,612.9854972362518,-16086914087.554092,-1011983455.1537131,-197855249.4115979,-16087381124.677446,-1879029689.495865,16118713204.652893,16197954522.851175,-0.9889365551954207,0.02915109065109755,-0.1454465665186568,0.029464412016965296,0.9995658299604356,0.0,-0.1453834179771169,0.004285497562358654,0.9893661083178127,4550.500384579422,-537.2564008879972,-0.11752130096688229,9.649160142550787e-10,179.43650614866988,0.0,-83.63650614866988,6.1,0.0,3.0249905243208594e-17,2.2940184429383192,1.5707963267948966,17.630583902526826,461.0,0.004675044379490847,4.2958624314560385,0.0,0.010240975420428629,-1563.0653900901812,14.455763819080452,-229.79584061343454,0.02263693444640608,0.0341741031487339,-0.255151072862372,0.0219413330708433,0.034624818125522455,-0.255151072862372,-3.3938387044447915e-18,7.572443498310373e-20,-2.9095817152312857e-19,-3.3946759933042464e-18,7.088182054682978e-21,-2.9095817152312857e-19,-1563.0434487571104,14.490388637205974,-230.0509916862969,-1680597.0260842815,306.4756935542846,145375.49197102824,0.07247148558144803,4564.132897827053
285.5173041554459,2001.0,12.0,14.0,14.0,26.0,13.0,1.0,3497208.7661161646,-32414.995338348195,515284.5002147973,-388.0624895059494,-285.77200078053176,4542.751685977114,3535114.9913240653,4568.243755825599,3495836.618669958,-103180.52766256747,515284.5002147973,3535114.9913240653,-401.07979881910455,-525.6535018898244,4542.751685977114,4590.61754990739,12741895.67528697,0.7238088449914603,1.633620785301479,3.6500241499888574e-08,1.4305890827188507e-06,0.14657270328735347,0.14628288889724284,-0.02950669400192803,138914.99132406525,0.06152378152759279,0.06122355021801709,607.8733574151993,-16086913604.445333,-1011983390.0285542,-197862413.99168044,-16087387897.044237,-1878982385.9154975,16118712718.408453,16197955849.162472,-0.9888890820382068,0.02918731863483784,-0.14576173659963443,0.02950241254575845,0.9995647090879008,0.0,-0.14569828784036082,0.004300322886548594,0.989319723923191,4550.410004013218,-537.2575113860697,-0.11752385443796902,9.570795505697778e-10,179.5357018915218,0.0,-83.7,6.1,0.0,3.0251624335036234e-17,2.2940465178384266,1.5707963267948966,17.62551170937275,461.0,0.004636922178564786,4.297014653401626,0.0,0.010157611747768056,-1562.9304124646333,14.486519227866106,-230.28474143730736,0.02250098800432041,0.03389802351424925,-0.253072693433101,0.021810394031208293,0.0343464288033938,-0.253072693433101,-3.366346995864985e-18,7.518567182204733e-20,-2.892350285129802e-19,-3.3671791355901122e-18,7.046322669798922e-21,-2.892350285129802e-19,-1562.908602070602,14.5208656566695,-230.53781413074046,-1680597.6556167118,306.6641779906648,145437.8807461676,0.07257427305841285,4564.0834170664975
285.817304155446,2001.0,12.0,14.0,14.0,26.0,13.0,1.0,3497092.194813427,-32500.72551986083,516647.3031963951,-389.0795133973003,-285.7625391759534,4542.601469389098,3535199.365252887,4568.180294848023,3495716.1396715273,-103338.21666887461,516647.3031963951,3535199.365252887,-402.11350822794645,-525.6065261172905,4542.601469389098,4590.553953880999,12741889.941547161,0.7238087208332173,1.6336207827178932,3.6500241499888574e-08,1.4158455753589504e-06,0.14695964951960622,0.14666904048056076,-0.029552780240975324,138999.36525288736,0.06168608674218395,0.061385059046977865,601.7170789837837,-16086913024.074303,-1011983311.7926195,-197871140.62315506,-16087396132.243877,-1878924909.3036375,16118712134.270483,16197957467.496588,-0.9888314005797136,0.02923122743361389,-0.14614375310045272,0.029548478692537707,0.9995633483711558,0.0,-0.146079939192616,0.0043183255745362185,0.9892633640389772,4550.300187822852,-537.2588616013853,-0.11752695734517948,9.47613586106836e-10,179.65623607555338,0.0,-83.75623607555339,6.156236075553383,0.0,3.0253712710727916e-17,2.294080623601707,1.5707963267948966,17.61935400858059,461.0,0.004590875202517784,4.298398797014359,0.0,0.010057146943960807,-1562.766415737221,14.523792768420817,-230.8772572293042,0.02233659989229851,0.03356373611991556,-0.2505681663165597,0.021652081282785403,0.034009343616124205,-0.2505681663165597,-3.333214155804988e-18,7.453553371442684e-20,-2.871513210401713e-19,-3.334040073443287e-18,6.99592160701372e-21,-2.871513210401713e-19,-1562.7447636559382,14.557802112036942,-231.12782539562076,-1680598.4118710589,306.85266242704506,145500.3572692326,0.07267706385763875,4564.0338676335605
286.11730415544605,2001.0,12.0,14.0,14.0,26.0,14.0,1.0,3496975.318419761,-32586.452859234236,518010.06105459336,-390.09643053294644,-285.7530535341599,4542.450868884027,3535283.9600095376,4568.116671993383,3495595.3505769526,-103495.89156932058,518010.06105459336,3535283.9600095376,-403.14710795866193,-525.5594631350351,4542.450868884027,4590.490195629598,12741884.264436444,0.7238085979017672,1.633620780159067,3.6500241499888574e-08,1.4012638728492122e-06,0.1473465771386186,0.14705517350460548,-0.029598868123656193,139083.96000953764,0.06184838331290638,0.061546559240110106,595.6034897267818,-16086912449.41939,-1011983234.3161553,-197879912.99858844,-16087404395.502892,-1878867285.158323,16118711555.885038,16197959097.357058,-0.9887735723971439,0.029275128317851264,-0.1465257294503709,0.02959454641947137,0.9995619854827542,0.0,-0.1464615490537216,0.004336362501865905,0.9892068593621036,4550.190091395141,-537.2602162608644,-0.11753006853513234,9.381873132229488e-10,179.8541714558218,0.0,-83.87708572791091,6.2,0.0,3.0257087920154065e-17,2.2941357449547124,1.5707963267948966,17.609411422104493,461.0,0.004545026892793639,4.299769193356397,0.0,0.009957087051564348,-1562.6020080048454,14.56105692350285,-231.46962385093343,0.022172175790619995,0.033234632628368024,-0.24807553903721083,0.021493641772263188,0.0336774338184839,-0.24807553903721083,-3.300351636485009e-18,7.388963892805996e-20,-2.850755940092153e-19,-3.3011713618917265e-18,6.945690471149408e-21,-2.850755940092153e-19,-1562.5805143630732,14.594734357321334,-231.71769938997065,-1680599.160656957,307.0411468634253,145562.92154022327,0.07277985798385178,4563.984249529623
286.4173041554461,2001.0,12.0,14.0,14.0,26.0,14.0,1.0,3496858.136967,-32672.177349310827,519372.77367507154,-391.1132406480659,-285.74354386188975,4542.299884554622,3535368.7755706618,4568.052887291687,3495474.251418943,-103653.55233779356,519372.77367507154,3535368.775570662,-404.1805977419928,-525.5123129643745,4542.299884554622,4590.426275183294,12741878.643805204,0.7238084761938631,1.633620777625195,3.6500241499888574e-08,1.3868490789775683e-06,0.14773348609657072,0.14744128792261468,-0.02964495765446926,139168.77557066223,0.06201067121783606,0.06170805077551345,589.5333714485168,-16086911880.465527,-1011983157.6013533,-197888731.23292673,-16087412686.798824,-1878809513.5125544,16118710983.237217,16197960738.728502,-0.9887155975276499,0.02931902127269943,-0.14690766554932785,0.029640615730951506,0.9995606204223384,0.0,-0.14684311732128355,0.00435443366247877,0.9891502099291325,4550.079714795873,-537.2615753698249,-0.11753318800845444,9.289329380423847e-10,179.99825081523178,0.0,-83.9,6.2,0.0,3.025956660517973e-17,2.294176224953148,1.5707963267948966,17.602117191553138,461.0,0.004500012303240465,4.3011259250757075,0.0,0.009858609451630711,-1562.4371894531455,14.598311670501054,-232.06184094251157,0.02200974813095727,0.03290562819894496,-0.24562142099440498,0.021337210407112974,0.03334565686859337,-0.24562142099440498,-3.2679119614248324e-18,7.325117309973769e-20,-2.8301905850276013e-19,-3.268725557659442e-18,6.895700685902976e-21,-2.8301905850276013e-19,-1562.4158522427383,14.631657327369648,-232.30746236350598,-1680599.9019941203,307.22963129980553,145625.5735591396,0.07288265544177855,4563.934562756064
286.6377449479581,2001.0,12.0,14.0,14.0,26.0,14.0,1.0,3496771.837309983,-32735.16611072477,520374.0696066902,-391.8603270307859,-285.73654080929396,4542.188696228487,3535431.2389896032,4568.005914926138,3495385.0698326626,-103769.39286438448,520374.0696066902,3535431.2389896032,-404.93993852074476,-525.4776113279813,4542.188696228487,4590.379202850456,12741874.547610149,0.7238083874961065,1.6336207757783936,3.332000937312528e-08,1.3761607592886416e-06,0.1480177759058227,0.1477249939302373,-0.029678825416505482,139231.23898960277,0.062129915263616574,0.06182670965199324,585.0989744961262,-16086911465.813942,-1011983101.6898695,-197895240.189156,-16087418796.914062,-1878766968.7339954,16118710565.89336,16197961951.930847,-0.9886729039684604,0.02935126886926556,-0.14718828749032856,0.02967446859517901,0.9995596159877578,0.0,-0.1471234681217285,0.004367734214709935,0.9891084915345052,4549.99843118575,-537.2625768777287,-0.11753548548539529,9.229057472507315e-10,180.0765487370035,0.0,-83.97654873700348,6.2,0.0,3.026092935487261e-17,2.2941984803445608,1.5707963267948966,17.598109583092103,461.0,0.004470680641723198,4.302114679777472,0.0,0.009794487962985078,-1562.3158186105293,14.625680547396525,-232.4969081101641,0.021908087405126966,0.03269441808704299,-0.24402220241627498,0.02123934060172974,0.033132758391126456,-0.24402220241627498,-3.246754085349889e-18,7.284105254939807e-20,-2.8173123501922366e-19,-3.2475638237274024e-18,6.864436593811889e-21,-2.8173123501922366e-19,-1562.2945792699275,14.658813305787652,-232.74093031258036,-1680600.442265097,307.4181157361858,145688.31332598158,0.07298545623614591,4563.884807314269
286.89799091469064,2001.0,12.0,14.0,14.0,26.0,14.0,1.0,3496669.7424816005,-32809.52681537746,521556.13878502336,-392.7422407038081,-285.72825650211655,4542.057163796921,3535505.1349051287,4567.950348175395,3495279.569205849,-103906.14095598606,521556.13878502336,3535505.1349051287,-405.8363173362171,-525.4365830055588,4542.057163796921,4590.323517839293,12741869.74724994,0.7238082835509521,1.63362077361379,3.332000937312528e-08,1.3636801554057407e-06,0.1483533871385585,0.1480599159756537,-0.029718809859058625,139305.13490512874,0.06227068525420527,0.06196678881441086,579.8904483020306,-16086910979.869743,-1011983036.1608756,-197902956.48285347,-16087426029.433052,-1878716639.086858,16118710076.79372,16197963391.81709,-0.9886223992995674,0.02938933391162343,-0.14751955346799936,0.029714435405491152,0.9995584286716475,0.0,-0.1474544130628165,0.004383460242571765,0.9890591394575969,4549.902275392985,-537.2637623123254,-0.11753820357649049,9.15192688736206e-10,180.17876415018392,0.0,-84.0,6.2,0.0,3.026270050955068e-17,2.29422740549554,1.5707963267948966,17.592903752410262,461.0,0.00443316043227763,4.303273374730063,0.0,0.009712410813099493,-1562.1722464538225,14.657984878460347,-233.01043134812693,0.02177303484208604,0.03242027257999121,-0.24197610320925478,0.021109279405460285,0.032856315121721005,-0.24197610320925478,-3.2196780551282916e-18,7.230865146357192e-20,-2.800189580112058e-19,-3.220482691910762e-18,6.82281865434847e-21,-2.800189580112058e-19,-1562.151137174417,14.690841193582068,-233.25240745133618,-1680601.0754129495,307.60660017256606,145751.1408407492,0.07308826037168113,4563.834983205616
287.17811389805695,2001.0,12.0,14.0,14.0,26.0,15.0,1.0,3496559.5934074433,-32889.56461574505,522828.45352126315,-393.69142242349,-285.71931925953453,4541.915262613408,3535584.860461091,4567.890401295612,3495165.7499994156,-104053.32162530406,522828.45352126315,3535584.860461091,-406.8010665430243,-525.3923477517731,4541.915262613408,4590.26344337417,12741864.626559857,0.7238081726699515,1.6336207713045536,3.332000937312528e-08,1.3505089354959797e-06,0.14871461582644174,0.14842040288289754,-0.02976184962160916,139384.86046109116,0.0624221996127021,0.06211755958761759,574.320648163557,-16086910461.48486,-1011982966.2552315,-197911300.94862515,-16087433837.797476,-1878662341.3882978,16118709555.042614,16197964951.237083,-0.9885679139217707,0.02943029957757371,-0.14787608674539884,0.029757456135381458,0.999557148843602,0.0,-0.14781059964938004,0.004400416164798069,0.9890058963266434,4549.79853994446,-537.265042036489,-0.11754113623622937,9.066506648830881e-10,180.29265780155885,0.0,-84.09265780155881,6.2,0.0,3.0264670974965354e-17,2.2942595856378634,1.5707963267948966,17.58711585123619,461.0,0.004391615412951799,4.304509367546885,0.0,0.009621560945366129,-1562.017363506087,14.692748582009566,-233.5630498261851,0.02162119535590954,0.032120333706172004,-0.2397109955203478,0.020962924077344146,0.032553766911707145,-0.2397109955203478,-3.1897072109568933e-18,7.171562710694899e-20,-2.780921781119181e-19,-3.1905061210504207e-18,6.776012215429626e-21,-2.780921781119181e-19,-1561.9964005820095,14.725302348921273,-233.80276082170545,-1680601.7508115303,307.7950846089463,145814.05610344248,0.07319106785311183,4563.785090431487
287.478113898057,2001.0,12.0,14.0,14.0,26.0,15.0,1.0,3496441.3335141377,-32975.27897280555,524191.0052565183,-394.7078519488773,-285.70972462571945,4541.762921563965,3535670.456606681,4567.826044282887,3495043.5547124106,-104210.93221294471,524191.0052565183,3535670.456606681,-407.8341653507084,-525.3448894093248,4541.762921563965,4590.198949386514,12741859.19558254,0.7238080550706544,1.6336207688545432,3.332000937312528e-08,1.3363774756453704e-06,0.14910145844252054,0.148806451132591,-0.029807945016232296,139470.45660668053,0.06258445670126626,0.062279020335286976,568.3962027728558,-16086909911.673899,-1011982892.0990785,-197920282.26051968,-16087442227.157085,-1878604048.2906504,16118709001.660568,16197966632.281382,-0.9885094206621108,0.029474164374742085,-0.14825787971190182,0.029803531084975358,0.9995557760999968,0.0,-0.14819202001837,0.0044186083265862035,0.9889487353262206,4549.687172925358,-537.2664168782494,-0.11754428500192873,8.975945872937734e-10,180.41493800954362,0.0,-84.2,6.214938009543602,0.0,3.02667859749691e-17,2.294294126209157,1.5707963267948966,17.58090779471706,461.0,0.004347571473742923,4.3058202436523185,0.0,0.00952531072891251,-1561.8510937787303,14.72996988042467,-234.15473529081447,0.021459906538786797,0.03180284300035493,-0.23731120912771128,0.02080744559450856,0.03223350150682136,-0.23731120912771128,-3.157953670627972e-18,7.10866768662917e-20,-2.760452506330843e-19,-3.1587465010184325e-18,6.726348517864031e-21,-2.760452506330843e-19,-1561.8302863331357,14.762203381931492,-234.39204649994218,-1680602.4671363514,307.98356904532653,145877.05911406138,0.0732938786851661,4563.735128993266
287.7781138980571,2001.0,12.0,14.0,14.0,26.0,15.0,1.0,3496322.7687082533,-33060.99044786334,525553.5112317643,-395.72417324002123,-285.700105983457,4541.610197077379,3535756.2734505865,4567.761525522396,3494921.0495124846,-104368.52855000705,525553.5112317643,3535756.2734505865,-408.8671529770002,-525.2973439673198,4541.610197077379,4590.134293303397,12741853.819108348,0.7238079386520725,1.6336207664289752,3.6500241499888574e-08,1.3223468772545562e-06,0.1494882821870466,0.14919248056313497,-0.02985404207932626,139556.273450586,0.06274670502582462,0.062440472327089776,562.5153990387917,-16086909367.364798,-1011982818.6837987,-197929309.95392883,-16087450644.320673,-1878545607.813026,16118708453.816044,16197968324.633373,-0.9884507808853435,0.02951802117518484,-0.14863963197295565,0.029849607638970516,0.9995544011827467,0.0,-0.14857339832875155,0.004436834693993703,0.9888914297368262,4549.575525997616,-537.267796184968,-0.11754744205291194,8.885600544388865e-10,180.53753350083716,0.0,-84.23753350083717,6.3,0.0,3.02689058461179e-17,2.2943287463322863,1.5707963267948966,17.574689996285766,461.0,0.004303635043424894,4.307117901910465,0.0,0.009429536741151141,-1561.6844140793007,14.76718166827838,-234.74626959527822,0.021298734621468425,0.03148283281352793,-0.2349238462394669,0.020652149007204267,0.03191071293193746,-0.2349238462394669,-3.126355951420697e-18,7.045983426428158e-20,-2.7400007104316115e-19,-3.1271427120254267e-18,6.676964461741124e-21,-2.7400007104316115e-19,-1561.6637619302935,14.799092381210317,-234.9811934415177,-1680603.1762730181,308.1720534817068,145940.149872606,0.07339669287257237,4563.685098892332
288.0537020756445,2001.0,12.0,14.0,14.0,26.0,16.0,1.0,3496213.583169239,-33139.7247991899,526805.1059344665,-396.6576980663382,-285.6912488790728,4541.469562357058,3535835.3016133937,4567.702114295214,3494808.239814294,-104513.2882602607,526805.1059344665,3535835.301613394,-409.81598535198583,-525.2535906845294,4541.469562357058,4590.074755621375,12741848.927324805,0.7238078327291251,1.6336207642215101,3.332000937312528e-08,1.3096077765656352e-06,0.14984361235466995,0.14954708109558595,-0.029896389572188507,139635.30161339417,0.06289574301788357,0.06258877879338157,557.149879693985,-16086908872.111965,-1011982751.8769966,-197937644.0128008,-16087458400.968252,-1878491792.9270928,16118707955.34591,16197969889.152645,-0.9883967837018938,0.029558302167686235,-0.14899028404803993,0.029891936235062574,0.9995531362304452,0.0,-0.1489237056880832,0.00445360807040787,0.9888386598729261,4549.4727174531845,-537.2690671872748,-0.11755034950723058,8.808228547945242e-10,180.68825403348544,0.0,-84.3,6.3,0.0,3.0271485187627103e-17,2.2943708701758463,1.5707963267948966,17.56713066862216,461.0,0.00426600076694668,4.308298558608911,0.0,0.009347221388779628,-1561.5309364364539,14.801357030372365,-235.2895356134576,0.021162406037680354,0.031209867195410534,-0.23287270884315334,0.0205207984854941,0.031635424276853875,-0.23287270884315334,-3.0992694204621713e-18,6.992590432304181e-20,-2.7227587132698824e-19,-3.100051055794637e-18,6.635071504728472e-21,-2.7227587132698824e-19,-1561.5104156379684,14.832992454649219,-235.52240832230075,-1680603.8214813434,308.36053791808706,146003.32837907624,0.07349951042005937,4563.63500013007
288.27547411284854,2001.0,12.0,14.0,14.0,26.0,16.0,1.0,3496125.532289464,-33203.08233763479,527812.2643182583,-397.40885996574383,-285.684106646055,4541.356155444553,3535899.0325754182,4567.654205537407,3494717.2694285833,-104629.77090977333,527812.2643182583,3535899.0325754173,-410.57946377055436,-525.2183280637217,4541.356155444553,4590.026744889216,12741845.019906363,0.7238077481211932,1.6336207624582941,3.332000937312528e-08,1.2993949268217787e-06,0.15012954296625097,0.14983242457606902,-0.02993046858466287,139699.0325754173,0.06301567186424084,0.06270811896941368,552.8548429906368,-16086908476.50828,-1011982698.5137272,-197944379.16708976,-16087464659.513191,-1878448396.5392663,16118707557.172361,16197971154.647444,-0.9883532412075582,0.029590712275956842,-0.14927243664359374,0.02992600000149643,0.9995521169623475,0.0,-0.14920558005123202,0.004467126939219562,0.988796106211227,4549.389813528706,-537.2700927169298,-0.11755269427861091,8.748423636713633e-10,180.8271893934533,0.0,-84.32718939345328,6.3,0.0,3.02738530700307e-17,2.29440954063014,1.5707963267948966,17.56019699932606,461.0,0.004236908516149731,4.309241605197823,0.0,0.009283578510793145,-1561.407178498574,14.82885286339019,-235.726621025083,0.021057980533474137,0.030997767403773205,-0.23128747611123399,0.020420231148860195,0.03142155769521492,-0.23128747611123399,-3.078361066914013e-18,6.951532549957105e-20,-2.709582403031062e-19,-3.0791387819476406e-18,6.603050604826555e-21,-2.709582403031062e-19,-1561.3867582674252,14.860274421085405,-235.95790850119423,-1680604.3368558697,308.5490223544673,146066.59463347212,0.07360233133235632,4563.584832707862
288.5166654769073,2001.0,12.0,14.0,14.0,26.0,16.0,1.0,3496029.5821919697,-33271.98593881022,528907.5853069214,-398.2257292954888,-285.6763241193873,4541.232580399643,3535968.4809688097,4567.602001369919,3494618.141079995,-104756.4444045051,528907.5853069214,3535968.4809688097,-411.4097262718596,-525.1799236914575,4541.232580399643,4589.974429602288,12741840.803182518,0.7238076568161528,1.6336207605550785,3.332000937312528e-08,1.2882396427722264e-06,0.15044049912460447,0.15014274222450333,-0.02996753274664328,139768.4809688097,0.06314609673018154,0.06283790362358756,548.2094188034534,-16086908049.57989,-1011982640.9188312,-197951733.04524046,-16087471483.222338,-1878401108.7808454,16118707127.47023,16197972537.869566,-0.988305795113455,0.02962595536932026,-0.1495792703338825,0.029963047542503448,0.9995510070936678,0.0,-0.14951211030256825,0.004481850788387097,0.9887497367313851,4549.299476625001,-537.271210818904,-0.11755524950836475,8.677255017350176e-10,180.92640138401384,0.0,-84.42640138401384,6.3,0.0,3.0275567050244013e-17,2.2944375320512496,1.5707963267948966,17.55518163444198,461.0,0.004202301367892697,4.3102592729794065,0.0,0.009207901135112493,-1561.272329763342,14.858750414225458,-236.20188517509436,0.020929040393111338,0.03074877160784209,-0.22940056344839524,0.020295872572304148,0.031170326332852438,-0.22940056344839524,-3.0533882721852468e-18,6.901740415926043e-20,-2.6932055073551053e-19,-3.0541611395444995e-18,6.5632683577174964e-21,-2.6932055073551053e-19,-1561.2520338907698,14.88992074055831,-236.43128573854275,-1680604.89302703,308.73750679084753,146129.94863579367,0.07370515561419272,4563.5345966270925
288.81666547690736,2001.0,12.0,14.0,14.0,26.0,16.0,1.0,3495909.9620791147,-33357.68738130764,530269.9319817009,-399.2416738237345,-285.6666223694824,4541.078529008242,3536055.0616520816,4567.536922661187,3494494.5632695593,-104913.9912066926,530269.9319817009,3536055.061652081,-412.4423268975552,-525.1320768452438,4541.078529008242,4589.909212366638,12741835.60596078,0.7238075442807888,1.6336207582086455,3.332000937312528e-08,1.2746373500869469e-06,0.15082725719555676,0.15052870614427621,-0.030013635620397123,139855.06165208155,0.06330831454750621,0.06299932513651652,542.4686824083328,-16086907523.366259,-1011982569.9199681,-197960922.19113457,-16087479995.62977,-1878342158.1915548,16118706597.837185,16197974268.399815,-0.9882466484096251,0.029669784371987612,-0.14996088090719759,0.030009129684534838,0.9995496246488099,0.0,-0.14989334222279424,0.004500195522751177,0.9886919308852163,4549.186860978306,-537.2726055769734,-0.11755843524237634,8.589437467174407e-10,181.05008807440225,0.0,-84.5,6.3,0.0,3.0277703321823165e-17,2.294472420013733,1.5707963267948966,17.548934736350756,461.0,0.004159599758136068,4.3115135653594026,0.0,0.009114494895146652,-1561.1042322612084,14.895929104088056,-236.79289342028042,0.020769284303084133,0.030438951772628196,-0.2270719535282198,0.020141829316528574,0.030857732698021615,-0.2270719535282198,-3.0225644188836526e-18,6.840192785128138e-20,-2.6729156029222253e-19,-3.0233312849233735e-18,6.513957232495692e-21,-2.6729156029222253e-19,-1561.0840904318918,14.926786836786079,-237.01996537380865,-1680605.5785229448,308.9259912272278,146193.39038604088,0.07380798327029857,4563.484291889145
289.11666547690743,2001.0,12.0,14.0,14.0,26.0,17.0,1.0,3495790.037199574,-33443.385909624005,531632.2323826788,-400.257508926242,-285.656896633151,4540.924094577829,3536141.8629281675,4567.471682316531,3494370.675696055,-105071.52364172152,531632.2323826788,3536141.862928167,-413.4748151304407,-525.0841429877578,4540.924094577829,4589.843833147465,12741830.461733801,0.7238074328934404,1.6336207558859934,3.332000937312528e-08,1.2610644156716519e-06,0.15121399618736336,0.1509146510353971,-0.03005974018263188,139941.86292816745,0.06347052350438015,0.06316073779723229,536.7713138759136,-16086907002.50306,-1011982499.641763,-197970158.23336995,-16087488535.656239,-1878283060.3426497,16118706073.589264,16197976010.082,-0.9881873553575358,0.029713605311839815,-0.1503424503287464,0.030055213450500697,0.9995482400286866,0.0,-0.15027453162769872,0.004518574435301772,0.9886339806162584,4549.073965697447,-537.2740048155363,-0.11756162926327443,8.502137071832535e-10,181.1740898973821,0.0,-84.5740898973821,6.3,0.0,3.027984444415353e-17,2.294507387194994,1.5707963267948966,17.542678275404075,461.0,0.004117151688696275,4.312755055732147,0.0,0.009021641508720632,-1560.9357256289234,14.93309818290634,-237.38374890694425,0.020609713542634512,0.030130957027385948,-0.2247571415356154,0.019987947255640275,0.03054696103054072,-0.2247571415356154,-2.9919211464384e-18,6.77888871167061e-20,-2.652645131462965e-19,-2.9926820224474636e-18,6.464691914428432e-21,-2.652645131462965e-19,-1560.9157376816677,14.963645143936882,-237.60850604847985,-1680606.2570295855,309.11447566360806,146256.9198842137,0.0739108143054041,4563.433918495405
289.4166654769075,2001.0,12.0,14.0,14.0,26.0,17.0,1.0,3495669.80758595,-33529.08151662189,532994.4863958886,-401.2732343377592,-285.64714691058083,4540.7692771859065,3536228.884773122,4567.406280348778,3494246.4783929745,-105229.04168354375,532994.4863958886,3536228.884773122,-414.5071907007104,-525.0361221340581,4540.7692771859065,4589.778291957421,12741825.369728187,0.7238073226373536,1.6336207535861058,3.332000937312528e-08,1.2475217977733882e-06,0.15160071605413034,0.1513005768512767,-0.030105846437855324,140028.88477312168,0.0636327235789792,0.06332214158393584,531.1151174604893,-16086906486.912922,-1011982430.062935,-197979441.2882192,-16087497103.216793,-1878223815.24441,16118705554.647911,16197977762.8361,-0.9881279159952223,0.02975741817410528,-0.15072397849894395,0.03010129884480179,0.9995468532329317,0.0,-0.15065567841536748,0.004536987519874192,0.9885758859619477,4548.960790832309,-537.2754085333203,-0.11756483157069321,8.416099295065766e-10,181.2984068187453,0.0,-84.69840681874527,6.3,0.0,3.028199041281443e-17,2.29454243352284,1.5707963267948966,17.536412290801234,461.0,0.004075318116363775,4.313983919977636,0.0,0.00893015797600582,-1560.7668100563887,14.970257628239068,-237.974451278119,0.020452252255007557,0.029829904840504677,-0.2224761569839665,0.019836045036447297,0.030243167201998877,-0.2224761569839665,-2.9617288393046782e-18,6.718445759574238e-20,-2.632638038590766e-19,-2.9624838063213056e-18,6.416088800854865e-21,-2.632638038590766e-19,-1560.7469740113522,15.000500795441067,-238.19692743510296,-1680606.9286489375,309.3029600999883,146320.53713031224,0.07401364872424002,4563.383476447258
289.71666547690756,2001.0,12.0,14.0,14.0,26.0,17.0,1.0,3495549.27327119,-33614.774195105914,534356.6939064484,-402.2888497915155,-285.6373732086368,4540.614076917883,3536316.1271630623,4567.340716778742,3494121.9713941566,-105386.5453060632,534356.6939064484,3536316.127163063,-415.5394533371745,-524.9880143059579,4540.614076917883,4589.712588817464,12741820.329447353,0.723807213501769,1.6336207513093042,2.9802322387695312e-08,1.2341004599225231e-06,0.1519874167498164,0.15168648354506575,-0.0301519543905583,140116.12716306327,0.06379491474971183,0.06348353647504813,525.5011756122112,-16086905976.545261,-1011982361.1854928,-197988771.46941185,-16087505698.253317,-1878164422.930612,16118705040.962767,16197979526.611435,-0.9880683303608506,0.02980122294400399,-0.1511054653179791,0.0301473858718219,0.9995454642611789,0.0,-0.1510367824836609,0.004555434770282318,0.9885176469598492,4548.847336440349,-537.2768167357249,-0.11756804216552218,8.332090321857917e-10,181.42015895382912,0.0,-84.72015895382911,6.4,0.0,3.028409351973638e-17,2.2945767798653676,1.5707963267948966,17.53027595725827,461.0,0.004034469866840378,4.315200250104436,0.0,0.008841156758238128,-1560.5974857338913,15.00740741763388,-238.56500017666366,0.020299633968017337,0.02953150835244607,-0.22025769576443943,0.01968894319294541,0.02994212151386478,-0.22025769576443943,-2.9323535265243065e-18,6.659737094881534e-20,-2.6132563603316887e-19,-2.9331027677081058e-18,6.369332765722251e-21,-2.6132563603316887e-19,-1560.5777967906984,15.037349539147744,-238.7852578724281,-1680607.593446482,309.49144453636853,146384.2421243364,0.07411648653153745,4563.332965746088
289.95876760075663,2001.0,12.0,14.0,14.0,26.0,17.0,1.0,3495451.779080896,-33683.926653031675,535455.9710248387,-403.1083782866065,-285.629468269401,4540.488550013399,3536386.693180021,4567.287688616899,3494021.267578582,-105513.64131300518,535455.9710248387,3536386.6931800204,-416.37241405334413,-524.949127534185,4540.488550013399,4589.659447768025,12741816.29647215,0.7238071261774247,1.6336207494872157,2.9802322387695312e-08,1.2234388753835733e-06,0.15229947294734156,0.15199789900406654,-0.03018916507553899,140186.6931800209,0.06392579766617222,0.06361377679426618,520.9979189932346,-16086905568.164476,-1011982306.0676367,-197996335.42946184,-16087512654.21874,-1878116385.5503182,16118704629.927168,16197980957.704704,-0.988020137706337,0.029836567792908494,-0.15141329766268896,0.030184579622336255,0.9995443417642975,0.0,-0.15134430494661408,0.004570346739179935,0.9884705424497535,4548.755574089225,-537.2779564254367,-0.11757063918072064,8.27049805369398e-10,181.50956168574416,0.0,-84.8,6.4,0.0,3.0285643887272635e-17,2.294602099288688,1.5707963267948966,17.525755226542415,461.0,0.004004510617247575,4.316173475629435,0.0,0.008775640332822288,-1560.4605419035368,15.037380504859865,-239.04146517238132,0.020190026134227018,0.029315219048987963,-0.21862386852414128,0.01958328974890068,0.029723963157720378,-0.21862386852414128,-2.910722878854784e-18,6.616927230189576e-20,-2.599341264307252e-19,-2.9114679993277766e-18,6.335532807667383e-21,-2.599341264307252e-19,-1560.4409586137879,15.067104468017584,-239.26008904090546,-1680608.125383895,309.67992897274877,146448.03486628618,0.07421932773202776,4563.2823863932845
290.19603264712555,2001.0,12.0,14.0,14.0,26.0,18.0,1.0,3495356.0402798112,-33751.6956214433,536533.2556320032,-403.9114632378534,-285.62170611653346,4540.365289213909,3536455.988652617,4567.235617815044,3493922.380123963,-105638.18886551558,536533.2556320032,3536455.9886526177,-417.188660971084,-524.9109627622059,4540.365289213909,4589.607266114313,12741812.37523281,0.7238070412727754,1.6336207477155105,2.9802322387695312e-08,1.2129581823927145e-06,0.15260528225592443,0.1523030804048453,-0.030225633387669554,140255.98865261767,0.06405405995728336,0.06374140933215013,516.6101567149162,-16086905171.08872,-1011982252.4746661,-198003778.17267466,-16087519488.40606,-1878069214.9275026,16118704230.270031,16197982367.013302,-0.9879728155347808,0.029871201339554492,-0.151714953431789,0.03022103129730017,0.9995432403189607,0.0,-0.15164565615805062,0.004584982355930533,0.9884242878972522,4548.665468516619,-537.2790761783665,-0.11757318954581583,8.203268003923083e-10,181.6171104360505,0.0,-84.80855521802525,6.4,0.0,3.028749314442803e-17,2.294632299949918,1.5707963267948966,17.520366120279128,461.0,0.003971826848678324,4.317119713368986,0.0,0.008704111538864207,-1560.3260760808246,15.066748618222345,-239.50831325902246,0.02006512583506887,0.029075558500597225,-0.21684126057892408,0.01946284539189397,0.02948211366489912,-0.21684126057892408,-2.8871266793124656e-18,6.569422047697319e-20,-2.58347806233906e-19,-2.8878671266886545e-18,6.296951081075294e-21,-2.58347806233906e-19,-1560.3066132354327,15.096230731887244,-239.72515451960138,-1680608.642583998,309.86841340912906,146511.91535616165,0.0743221723304428,4563.2317383902355
290.4960326471256,2001.0,12.0,14.0,14.0,26.0,18.0,1.0,3495234.714538805,-33837.38065847466,537895.3417990771,-404.92679178206623,-285.6118701215586,4540.209094553097,3536543.8038819954,4567.169634392827,3493797.0687276474,-105795.65490645816,537895.3417990771,3536543.8038819954,-418.22062894533207,-524.8626290570114,4540.209094553097,4589.541142218764,12741807.462671619,0.7238069349039821,1.6336207454954965,2.9802322387695312e-08,1.1997979720474404e-06,0.15299193294226127,0.15268893720328242,-0.03027174577126846,140343.8038819949,0.0642162278952043,0.0639027810120499,511.0994476079941,-16086904673.616,-1011982185.3255649,-198013231.316319,-16087528154.114191,-1878009440.2187352,16118703729.562897,16197984158.738512,-0.9879128500805148,0.029914985017385713,-0.15209633235947476,0.030267122586474845,0.9995418456924829,0.0,-0.15202664876964672,0.004603518336477443,0.9883656740714927,4548.55128809139,-537.2804960271352,-0.11757642167134519,8.119556339833357e-10,181.83400554570704,0.0,-84.93400554570704,6.4,0.0,3.0291169934015884e-17,2.2946923464807285,1.5707963267948966,17.509661416274362,461.0,0.0039311335594311445,4.3183051308881,0.0,0.008615105394636703,-1560.155690763072,15.103873217796583,-240.0984617862809,0.01990987006341742,0.028782924965872946,-0.21462440566684288,0.019313020803977107,0.029186759377470884,-0.21462440566684288,-2.857889411093276e-18,6.510581025526358e-20,-2.5638403520837333e-19,-2.8586240745464213e-18,6.249239288332695e-21,-2.5638403520837333e-19,-1560.136377742268,15.133059977174053,-240.31308619194775,-1680609.2905370295,310.0568978455093,146575.8835939628,0.07442502033151478,4563.181021738326
290.7960326471257,2001.0,12.0,14.0,14.0,26.0,18.0,1.0,3495113.084216461,-33923.062740984555,539257.381048321,-405.94200940592384,-285.60201016194463,4540.052517332858,3536631.839570232,4567.103489450341,3493671.447758617,-105953.106434137,539257.381048321,3536631.8395702327,-419.2524830070818,-524.8142084462709,4540.052517332858,4589.474856455268,12741802.600279393,0.7238068296219727,1.6336207432974406,2.9802322387695312e-08,1.1868660302007822e-06,0.1533785642923211,0.1530747747105898,-0.030317859868471398,140431.83957023267,0.06437838685194706,0.06406414371912529,505.6292188167572,-16086904181.209684,-1011982118.8498139,-198022732.0018562,-16087536847.114843,-1877949518.3816013,16118703233.95445,16197985961.324234,-0.9878527384923288,0.029958760549702083,-0.15247766957667014,0.030313215524107505,0.9995404488886825,0.0,-0.1524075982941651,0.004622088460491252,0.988306916033915,4548.436828354462,-537.2819203699551,-0.11757966208512707,8.036551262352042e-10,181.9597708146181,0.0,-85.0,6.4,0.0,3.0293337695996804e-17,2.2947277487205,1.5707963267948966,17.503356486642176,461.0,0.0038907821151711055,4.319478431029566,0.0,0.008526822412568776,-1559.9848973833796,15.140988080729953,-240.68845555722095,0.01975499570652122,0.02848957519898422,-0.2124236340984911,0.019163604882060092,0.02889069051281972,-0.2124236340984911,-2.828745766625899e-18,6.451793195666843e-20,-2.54415061816119e-19,-2.8294746365211846e-18,6.2013733334207836e-21,-2.54415061816119e-19,-1559.9657337784975,15.169878771242772,-240.90087919131943,-1680609.931873411,310.24538228188953,146639.93957968953,0.07452787173997626,4563.1302364389485
291.09603264712575,2001.0,12.0,14.0,14.0,26.0,19.0,1.0,3494991.149345509,-34008.74186191155,540619.373267003,-406.95711584948026,-285.5921262467648,4539.895557654411,3536720.0956929117,4567.037183024125,3493545.5172504955,-106110.54342259848,540619.373267003,3536720.0956929117,-420.284222892028,-524.7657009539538,4539.895557654411,4589.408408860548,12741797.788084008,0.7238067254273431,1.6336207411219266,2.9802322387695312e-08,1.1739807761500303e-06,0.15376517625760208,0.15346059288057828,-0.030363975683810697,140520.09569291165,0.0645405368054643,0.06422549743134306,500.2012089192867,-16086903693.872253,-1011982053.0570011,-198032280.3428043,-16087545567.402905,-1877889449.457517,16118702743.447765,16197987774.773336,-0.9877924808087032,0.03000252792179455,-0.1528589649843594,0.0303593101146232,0.999539049907188,0.0,-0.15278850463026272,0.004640692721760496,0.9882480138223959,4548.322089379409,-537.283349214457,-0.11758291078813532,7.953338346683287e-10,182.0858509898738,0.0,-85.0858509898738,6.4,0.0,3.0295510278803266e-17,2.294763229690327,1.5707963267948966,17.497042255947573,461.0,0.0038503330500916557,4.320639600722441,0.0,0.008438332541313803,-1559.8136961340697,15.17809318470853,-241.27829421691172,0.019598638556773712,0.028196400255812142,-0.21021761188765653,0.01901271547638012,0.02859475950028669,-0.21021761188765653,-2.7995306014775756e-18,6.392686509300403e-20,-2.524264281913883e-19,-2.8002536265225055e-18,6.153034826103799e-21,-2.524264281913883e-19,-1559.7946834185932,15.206687944208817,-241.48851182879937,-1680610.5665894449,310.43386671826977,146704.08331334195,0.07463072656056018,4563.079382493493
291.358010303338,2001.0,12.0,14.0,14.0,26.0,19.0,1.0,3494884.4195700297,-34083.55948481025,541808.7064725631,-407.84347538663474,-285.58347543251017,4539.758178428107,3536797.346412425,4566.979148240163,3493435.294168373,-106248.0147543128,541808.7064725631,3536797.3464124254,-421.1851052745966,-524.7232703025588,4539.758178428107,4589.350250515542,12741793.624869065,0.7238066352849779,1.6336207392393833,2.9802322387695312e-08,1.1626725913961087e-06,0.15410277269320727,0.15379749616014,-0.030404248136659595,140597.34641242493,0.06468212830755905,0.06436639361553555,495.4929191172123,-16086903272.246517,-1011981996.1295723,-198040657.58395928,-16087553204.584612,-1877836873.4259226,16118702319.079733,16197989367.066362,-0.9877397407889268,0.03004074148101423,-0.15319190029989999,0.030399563979250904,0.9995378264527418,0.0,-0.15312109905592716,0.004656966974269835,0.9881964590517948,4548.221664159284,-537.2846006422968,-0.11758575452651908,7.889281039904746e-10,182.18418301553115,0.0,-85.1,6.4,0.0,3.029721261016703e-17,2.2947910308712864,1.5707963267948966,17.492098027099498,461.0,0.0038191802495922368,4.321644166834708,0.0,0.00837016497391728,-1559.6638596734272,15.210487545687723,-241.79324890109777,0.019482382750117863,0.027967993345631836,-0.20851815782923444,0.018900670221615637,0.028364353589975015,-0.20851815782923444,-2.777019980431961e-18,6.347801001172334e-20,-2.509499131713606e-19,-2.7777386504363054e-18,6.11713541376678e-21,-2.509499131713606e-19,-1559.6449590032055,15.238851899277698,-242.00176705892702,-1680611.115707036,310.62235115465006,146768.31479492006,0.0747335847979999,4563.028459903351
291.62279990202705,2001.0,12.0,14.0,14.0,26.0,19.0,1.0,3494776.3082606094,-34159.17785895975,543010.7688019611,-408.7392621400191,-285.5747131965172,4539.619028313394,3536875.5970837525,4566.920365350931,3493323.648190999,-106386.95033313056,543010.7688019611,3536875.5970837525,-422.09556842594674,-524.6803169132542,4539.619028313394,4589.29134246956,12741789.452207116,0.7238065449384538,1.633620737352483,2.9802322387695312e-08,1.1514461932750086e-06,0.1544439776453036,0.15413800054613608,-0.030444954192671903,140675.5970837525,0.06482523257629037,0.06450879510966893,490.7631650865078,-16086902849.652895,-1011981939.0708877,-198049161.8341887,-16087560944.503897,-1877783619.087384,16118701893.737484,16197990984.493826,-0.9876863215294699,0.030079358861490466,-0.15352837664114843,0.03044025119680389,0.9995365881782795,0.0,-0.15345722977644338,0.004673442350794077,0.9881442392515041,4548.119944642259,-537.285868983716,-0.11758863521176494,7.818088422229822e-10,182.29371011964645,0.0,-85.19371011964643,6.493710119646428,0.0,3.0299100616882765e-17,2.2948218643608618,1.5707963267948966,17.48661791148651,461.0,0.003784574222900391,4.322650965466772,0.0,0.008294800374747068,-1559.5120991613314,15.243222017538947,-242.31361015006786,0.019349452135803448,0.02771853898833579,-0.20663922836691878,0.01877239171658373,0.028112559663658845,-0.20663922836691878,-2.752134883667903e-18,6.297491952880445e-20,-2.492592033353063e-19,-2.752848585741357e-18,6.076378297224563e-21,-2.492592033353063e-19,-1559.493326769615,15.271334577202607,-242.52024937843478,-1680611.6660710238,310.8108355910303,146832.63402442378,0.07483644645702908,4562.977468669914
291.91470028731857,2001.0,12.0,14.0,14.0,26.0,19.0,1.0,3494656.852998734,-34242.5358153173,544335.8629144772,-409.72666400885737,-285.5650322135704,4539.465286117866,3536962.0584796956,4566.855418194463,3493200.2918571644,-106540.09779937379,544335.8629144772,3536962.0584796956,-423.0991466362171,-524.6328873070705,4539.465286117866,4589.226257028259,12741784.896900699,0.7238064463073559,1.6336207352919159,2.9802322387695312e-08,1.1391350539694682e-06,0.15482009964093807,0.15451335028925658,-0.03048982954726953,140762.05847969558,0.06498298055761201,0.06466576836962956,485.58589375019073,-16086902388.29399,-1011981876.7687719,-198058580.1142518,-16087569501.424997,-1877724779.5203798,16118701429.37723,16197992777.25365,-0.9876273010852308,0.030121922722905394,-0.15389926550369926,0.03048510572496639,0.9995352211547813,0.0,-0.15382773638079844,0.004691635379874944,0.988086542807573,4548.007558531353,-537.2872712568924,-0.11759181832295318,7.739147368273975e-10,182.41722639956512,0.0,-85.3,6.5,0.0,3.030122745487217e-17,2.2948565982611324,1.5707963267948966,17.480448827303334,461.0,0.0037462054249498005,4.323750042759554,0.0,0.008210887593322157,-1559.3444327495506,15.2792991795528,-242.8871082587862,0.019199808191550437,0.02744144371991107,-0.20454721388595845,0.018627931272368,0.02783281596492364,-0.20454721388595845,-2.724427485640745e-18,6.241223095740788e-20,-2.4735513367122814e-19,-2.725135601895853e-18,6.030121687008913e-21,-2.4735513367122814e-19,-1559.3258048182781,15.307131995517723,-243.09165547267216,-1680612.2669053003,310.99932002741053,146897.04100185315,0.07493931154238181,4562.926408794577
292.21470028731864,2001.0,12.0,14.0,14.0,26.0,20.0,1.0,3494533.7827939023,-34328.20382946703,545697.6787500284,-410.7413535173032,-285.5550589885457,4539.3069009337505,3537051.136364753,4566.788509671534,3493073.207414137,-106697.48034292248,545697.6787500284,3537051.1363647524,-424.13045837267185,-524.5840559941142,4539.3069009337505,4589.159206040625,12741780.263021694,0.7238063459754953,1.633620733195605,2.9802322387695312e-08,1.126689401013668e-06,0.1552066389294944,0.1548990959402977,-0.030535951808992854,140851.13636475243,0.06514509674878322,0.06482708835089895,480.3056167066097,-16086901918.963522,-1011981813.3879117,-198068307.1676082,-16087578322.502935,-1877664162.2747307,16118700956.993414,16197994630.301044,-0.9875664989690214,0.030165659536543238,-0.1542804041309043,0.030531206517596908,0.9995338140496197,0.0,-0.15420848077407948,0.00471036688013895,0.9880271033231856,4547.89177869698,-537.2887168923953,-0.11759509793729957,7.658977271722812e-10,182.5444805210749,0.0,-85.3444805210749,6.5,0.0,3.030341804752084e-17,2.294892373354003,1.5707963267948966,17.47409953200312,461.0,0.00370724025601091,4.3248680688480565,0.0,0.008125615777939665,-1559.1717123003416,15.316367696463594,-243.47636539222532,0.019047231798176332,0.02715703558927851,-0.20242171039518483,0.018480686233025952,0.027545704883470388,-0.20242171039518483,-2.6962710710230247e-18,6.183969146856548e-20,-2.4541397897225054e-19,-2.6969734964612557e-18,5.9829141833076324e-21,-2.4541397897225054e-19,-1559.1532316141086,15.343913401347065,-243.6787871026205,-1680612.8781035598,311.18780446379077,146961.5357272082,0.07504218005879257,4562.875280278734
292.5147002873187,2001.0,12.0,14.0,14.0,26.0,20.0,1.0,3494410.408199098,-34413.86884805483,547059.4470126518,-411.75593058976915,-285.5450618286669,4539.14813371836,3537140.434569296,4566.721439780344,3492945.813594922,-106854.84822405479,547059.4470126518,3537140.434569296,-425.1616546555612,-524.535137891869,4539.14813371836,4589.091993337197,12741775.677481921,0.723806246690756,1.6336207311204995,2.9802322387695312e-08,1.1142043735939913e-06,0.15559315861482884,0.15528482203298732,-0.030582075810114708,140940.43456929596,0.06530720383470623,0.06498839923539106,475.06550750136375,-16086901454.51557,-1011981750.6566737,-198078082.42114604,-16087587170.645605,-1877603398.0617468,16118700489.523264,16197996494.019552,-0.9875055509409665,0.0302093881203408,-0.15466150047821473,0.030577308983864713,0.9995324047650007,0.0,-0.15458918149755327,0.0047291324880305114,0.9879675198455803,4547.775719917054,-537.2901670432954,-0.11759838584208376,7.579329381480711e-10,182.67204938470852,0.0,-85.47204938470853,6.5,0.0,3.0305613440017693e-17,2.2949282268343434,1.5707963267948966,17.467741119613756,461.0,0.003668530781527767,4.325974410838881,0.0,0.008040941128060423,-1558.9985848962262,15.353426348844874,-244.06546573514078,0.018895140957710537,0.02687820344816299,-0.20031061734239955,0.01833382325636088,0.027264172410273374,-0.20031061734239955,-2.6683093109501827e-18,6.127015152220941e-20,-2.434781021511938e-19,-2.669006065157383e-18,5.9358675940680066e-21,-2.434781021511938e-19,-1558.9802510729698,15.380690521255147,-244.2657763524832,-1680613.482926419,311.37628890017106,147026.11820048888,0.07514505201099625,4562.824083123779
292.8147002873188,2001.0,12.0,14.0,14.0,26.0,20.0,1.0,3494286.7292480716,-34499.5308639052,548421.1675878189,-412.7703949608426,-285.5350407392778,4538.988984557956,3537229.953068842,4566.654208540929,3492818.110434175,-107012.20141674072,548421.1675878189,3537229.953068842,-426.1927352150391,-524.4861330208911,4538.988984557956,4589.024618938076,12741771.139728473,0.723806148441158,1.6336207290665796,2.9802322387695312e-08,1.1019809183171546e-06,0.15597965865119834,0.15567052852065275,-0.030628201555135213,141029.95306884265,0.06546930179380996,0.06514970100155328,469.8657872378826,-16086900994.89416,-1011981688.5712239,-198087905.98894626,-16087596045.789333,-1877542486.9101396,16118700026.91068,16197998368.352442,-0.9874444570401377,0.03025310845960091,-0.1550425544463169,0.030623413128162386,0.9995309933005488,0.0,-0.15496983844958157,0.004747932197255172,0.9879077924132196,4547.659382249248,-537.2916217134467,-0.11760168203788449,7.500041567596516e-10,182.89986591097897,0.0,-85.5,6.5,0.0,3.0309463239519706e-17,2.2949910988314723,1.5707963267948966,17.456602698584415,461.0,0.0036300017594111723,4.327069200012587,0.0,0.007956605057703665,-1558.825050731838,15.390475114423186,-244.65440893325268,0.01874301152694041,0.02659646180182625,-0.19821089776886436,0.01818699406313814,0.02697972402420755,-0.19821089776886436,-2.640602125734488e-18,6.070491004601527e-20,-2.4155231018283396e-19,-2.641293242320291e-18,5.889024567513978e-21,-2.4155231018283396e-19,-1558.8068637377748,15.417454838447393,-244.85261983102154,-1680614.081446791,311.5647733365513,147090.78842169524,0.07524792740372796,4562.7728173311125
293.03013578096983,2001.0,12.0,14.0,14.0,26.0,21.0,1.0,3494197.7253887635,-34561.04446960873,549399.0145843197,-413.49883072039205,-285.52782964718745,4538.874461019038,3537294.373830521,4566.605828993896,3492726.213641215,-107125.19054984115,549399.0145843197,3537294.3738305215,-426.93310149687096,-524.4508882041854,4538.874461019038,4588.976136371027,12741767.908967247,0.7238060784903231,1.6336207276040917,2.9802322387695312e-08,1.0929775727327563e-06,0.15625719926238452,0.1559474992914737,-0.030661326375598725,141094.37383052148,0.06558570166459503,0.06526552911685289,466.1553139388561,-16086900667.647423,-1011981644.3650514,-198094990.34122133,-16087602435.683643,-1877498654.8480635,16118699697.534138,16197999720.72999,-0.9874004944233568,0.030284499741489064,-0.15531617007870843,0.0306565223960563,0.9995299783571177,0.0,-0.15524316811728184,0.004761453646487615,0.9878648122653634,4547.575665987092,-537.2926691237572,-0.11760405421140416,7.450914954227383e-10,182.98046728815183,0.0,-85.58046728815182,6.5,0.0,3.031085723892885e-17,2.2950138645694818,1.5707963267948966,17.45257314422862,461.0,0.003606113029911432,4.327848657747992,0.0,0.00790435910255526,-1558.7001818466213,15.417074399702065,-245.0772426862754,0.018652654561347917,0.026424246991902513,-0.19690795692228172,0.018099821349096178,0.026805947444640797,-0.19690795692228172,-2.623342602669962e-18,6.035879693859573e-20,-2.404035283546941e-19,-2.624030343316528e-18,5.861118086965473e-21,-2.404035283546941e-19,-1558.6820820252722,15.443880347146706,-245.2741506431977,-1680614.507577831,311.75325777293153,147155.54639082722,0.07535080624172334,4562.7214829021295
293.3301357809699,2001.0,12.0,14.0,14.0,26.0,21.0,1.0,3494073.5235960674,-34646.70130979721,550760.6529618159,-414.5131008312522,-285.51776743743807,4538.71465570158,3537384.2707652804,4566.53832045276,3492597.9790755617,-107282.51844540749,550760.6529618159,3537384.27076528,-427.9639825932155,-524.4017342833143,4538.71465570158,4588.908484072951,12741763.447398206,0.7238059818910676,1.6336207255841855,2.580956827951785e-08,1.080719492701866e-06,0.15664366544409092,0.15633317198714264,-0.03070745512739766,141184.27076527989,0.06574778389184484,0.06542681516579021,461.01955157518387,-16086900215.71938,-1011981583.31291,-198104897.18055916,-16087611356.601152,-1877437491.2381501,16118699242.664618,16198001612.693953,-0.9873391499872223,0.030328205881403413,-0.15569715100323664,0.030702629433710757,0.9995285631465748,0.0,-0.1556237496282804,0.004780311931136882,0.9878048375916547,4547.458849160068,-537.2941315483076,-0.11760736465271583,7.374278333113255e-10,183.10610109325694,0.0,-85.60610109325695,6.506101093256957,0.0,3.031301917114288e-17,2.295049171601934,1.5707963267948966,17.446327583539063,461.0,0.0035688685837836297,4.328925013950487,0.0,0.007822861426672422,-1558.5259492757646,15.454106126694084,-245.66591506569756,0.018505403043926446,0.02615151171194191,-0.1948765863660503,0.01795770191943714,0.026530594573259014,-0.1948765863660503,-2.5964241354570045e-18,5.980926157740312e-20,-2.385292833879611e-19,-2.597106393343413e-18,5.815548886903031e-21,-2.385292833879611e-19,-1558.5079915738452,15.480636721267343,-245.86079165206363,-1680615.0960503537,311.94174220931177,147220.39210788487,0.07545368852971834,4562.670079838233
293.63013578096997,2001.0,12.0,14.0,14.0,26.0,21.0,1.0,3493949.017540097,-34732.35512757731,552122.2433379346,-415.52725751595375,-285.5076813144405,4538.554468704507,3537474.387928573,4566.470650647601,3492469.4352637967,-107439.83158164776,552122.2433379346,3537474.3879285725,-428.99474722936543,-524.3524936515931,4538.554468704507,4588.840670163509,12741759.033137793,0.723805886316588,1.6336207235853673,2.580956827951785e-08,1.068736378970263e-06,0.15703011185139212,0.1567188249501967,-0.03075358563527879,141274.38792857248,0.065909856934301,0.06558809203847907,455.924643099308,-16086899768.570095,-1011981522.9019728,-198114852.6469893,-16087620304.450876,-1877376180.7742777,16118698792.604687,16198003515.222425,-0.9872776597850847,0.03037190373682421,-0.15607808927805103,0.030748738161286093,0.9995271457551759,0.0,-0.15600428709101186,0.0047992042999246256,0.9877447190682989,4547.341753631802,-537.2955985043087,-0.11761068338623987,7.296444460203194e-10,183.23483989796068,0.0,-85.7348398979607,6.6,0.0,3.0315231932859583e-17,2.2950853087431615,1.5707963267948966,17.43993997917508,461.0,0.0035310476622868034,4.32998992241753,0.0,0.007740435854285992,-1558.3513104756576,15.49112790634613,-246.25442933743565,0.01835533143171563,0.02587947534100049,-0.1928216467543411,0.01781276017914842,0.026255875736560845,-0.1928216467543411,-2.569197891759183e-18,5.92516045836293e-20,-2.3661803093765424e-19,-2.5698745637815106e-18,5.7694102259425475e-21,-2.3661803093765424e-19,-1558.3334977154784,15.51738378208269,-246.44725098419,-1680615.678283358,312.130226645692,147285.32557286814,0.07555657427244933,4562.6186081408205
293.93013578097003,2001.0,12.0,14.0,14.0,26.0,21.0,1.0,3493824.2072541793,-34818.00591593093,553483.7856006707,-416.5413005135115,-285.497571278471,4538.393900094837,3537564.72529537,4566.402819578821,3492340.582240155,-107597.12993269142,553483.7856006707,3537564.72529537,-430.0253951398116,-524.3031663244741,4538.393900094837,4588.772694642985,12741754.664934278,0.7238057917397772,1.6336207216067833,2.580956827951785e-08,1.0568274990617018e-06,0.15741653843919062,0.15710445813472754,-0.030799717903790623,141364.72529536998,0.06607192076984594,0.06574935971282596,450.868678599596,-16086899326.07329,-1011981463.1105065,-198124856.85455024,-16087629279.098776,-1877314723.467186,16118698347.226948,16198005428.186722,-0.987216023856231,0.03041559329312556,-0.15645898480471124,0.03079484858322306,0.9995257261825412,0.0,-0.15638478040471218,0.00481813074654588,0.9876844567339709,4547.224379441146,-537.2970699905468,-0.11761401041194883,7.219664032539996e-10,183.3638932791,0.0,-85.8,6.6,0.0,3.0317449472740725e-17,2.2951215239177354,1.5707963267948966,17.433543444192,461.0,0.003493739418955183,4.331043689858248,0.0,0.007658786951076338,-1558.1762656426065,15.528139716521379,-246.84278514939143,0.018205852341057635,0.025607874610998158,-0.19078639385472038,0.017668413447947222,0.02598159863806297,-0.19078639385472038,-2.5422277734023563e-18,5.869796556778267e-20,-2.347142917949262e-19,-2.542898886904631e-18,5.723110979761296e-21,-2.347142917949262e-19,-1558.1585972291587,15.554121315159442,-247.03357154324615,-1680616.2544419449,312.3187110820723,147350.3467857771,0.075659463474653,4562.567067811298
294.2301357809701,2001.0,12.0,14.0,14.0,26.0,22.0,1.0,3493699.09277245,-34903.65366768859,554845.2796356012,-417.55522956195824,-285.48743734034315,4538.232949991362,3537655.2828409243,4566.334827298694,3492211.4200396836,-107754.41347253638,554845.2796356012,3537655.282840925,-431.0559260582744,-524.2537523280452,4538.232949991362,4588.704557563855,12741750.343337694,0.7238056981725333,1.6336207196491548,2.580956827951785e-08,1.044676616569275e-06,0.15780294515882684,0.15749007149412717,-0.030845851937436657,141455.2828409248,0.06623397537693897,0.06591061816730562,445.8537626564503,-16086898888.284472,-1011981403.9536513,-198134909.91759032,-16087638280.592604,-1877253119.3649256,16118697906.587751,16198007351.64304,-0.9871542422401464,0.030459274535647774,-0.15683983748411773,0.03084096070391739,0.9995243044282912,0.0,-0.156765229467959,0.004837091264656464,0.987624050627543,4547.106726678053,-537.298546016365,-0.1176173457307982,7.142975891220523e-10,183.49326120132116,0.0,-85.89326120132115,6.6,0.0,3.031967178627174e-17,2.2951578170519285,1.5707963267948966,17.427138017487863,461.0,0.003456478695316541,4.332086195471802,0.0,0.007577252105997132,-1558.0008149732103,15.565141535027829,-247.43098214858438,0.018055724108384442,0.02533776953533214,-0.18875385098991174,0.017523398198169702,0.025708797204305057,-0.18875385098991174,-2.515292699359961e-18,5.814370102200742e-20,-2.3280160433600218e-19,-2.5159582328812476e-18,5.676602780424554e-21,-2.3280160433600218e-19,-1557.9832915750121,15.590850332232133,-247.6197359995743,-1680616.824453542,312.50719551845253,147415.45574661173,0.07576235614106644,4562.515458851068
294.4591925615841,2001.0,12.0,14.0,14.0,26.0,22.0,1.0,3493603.3602612973,-34969.045613049544,555884.7785621225,-418.3293104192382,-285.4796837528913,4538.109804118826,3537724.5737927617,4566.282805086747,3492112.59365091,-107874.49302236206,555884.7785621225,3537724.573792762,-431.8426807670356,-524.215965280354,4538.109804118826,4588.652424560645,12741747.073103232,0.7238056273687332,1.6336207181674562,2.580956827951785e-08,1.0357111018005563e-06,0.15809796202382903,0.1577844826331402,-0.03088107750597873,141524.57379276212,0.06635770150623607,0.06603373642188444,442.049702167511,-16086898556.992712,-1011981359.1827594,-198142618.6205303,-16087645171.305874,-1877205984.401554,16118697573.138712,16198008827.106743,-0.987106972521337,0.030492620545276315,-0.15713059820430383,0.030876169496670856,0.999523217417791,0.0,-0.15705568107194795,0.004851590983269371,0.9875778324304154,4547.01670857625,-537.2996760460522,-0.11761989790525361,7.092184000247465e-10,183.58071724095265,0.0,-85.9,6.6,0.0,3.0321181776820395e-17,2.2951824770689995,1.5707963267948966,17.42278851949334,461.0,0.0034317863983043284,4.332875077951093,0.0,0.007523205152494031,-1557.8665813165107,15.593386519134821,-247.87997671255076,0.017959983723934935,0.025156301837737257,-0.18740651258567678,0.017431048566526528,0.025525655395831546,-0.18740651258567678,-2.497434833742292e-18,5.778214759870647e-20,-2.3158375459301404e-19,-2.498096802964706e-18,5.646980434124677e-21,-2.3158375459301404e-19,-1557.8491502679442,15.618912174530653,-248.06738322513644,-1680617.2557924334,312.69567995483277,147480.65245537198,0.07586525227642713,4562.463781261534
294.75919256158414,2001.0,12.0,14.0,14.0,26.0,22.0,1.0,3493477.70940615,-35054.687992366285,557246.1872696079,-419.3430378613579,-285.46950765106095,4537.948181300955,3537815.5195677457,4566.2145284003,3491982.8862951077,-108031.75037909769,557246.1872696079,3537815.5195677453,-432.8730047017115,-524.1663984665369,4537.948181300955,4588.584002462363,12741742.826927256,0.7238055354352534,1.6336207162434506,2.580956827951785e-08,1.0240686837615018e-06,0.15848433360823225,0.1581700609175672,-0.030927214663494348,141615.51956774527,0.06651973978579517,0.06619497856401876,437.0992548763752,-16086898126.821362,-1011981301.0481308,-198152758.11526543,-16087654219.438911,-1877144121.4058743,16118697140.166134,16198010768.37239,-0.9870449340789149,0.030536287090599096,-0.15751137508088406,0.030922284623914935,0.9995217918152849,0.0,-0.15743605185213463,0.004870611571755319,0.9875171728735298,4546.898564532607,-537.3011600620331,-0.11762324784920211,7.018505494835997e-10,183.70788509677894,0.0,-86.00788509677895,6.6,0.0,3.032336717931563e-17,2.2952181674002325,1.5707963267948966,17.416497495189738,461.0,0.0033959867476488757,4.333899345613547,0.0,0.007444875281244202,-1557.6904154260005,15.63037066314643,-248.467892783579,0.0178159185604065,0.024897425302641007,-0.18545371373962494,0.017291880419228634,0.02526419625514975,-0.18545371373962494,-2.471555751062264e-18,5.724987042000571e-20,-2.297482252950855e-19,-2.47221236787527e-18,5.602356344375892e-21,-2.297482252950855e-19,-1557.6731235455813,15.655634859401578,-248.65334649731864,-1680617.8158568386,312.884164391213,147545.9369120579,0.07596815188547287,4562.412035044105
295.0591925615842,2001.0,12.0,14.0,14.0,26.0,23.0,1.0,3493351.754450637,-35140.32731512892,558607.5474308304,-420.3566506175648,-285.4593076570735,4537.786177235683,3537906.685453115,4566.146090562336,3491852.869860453,-108188.9928526706,558607.5474308304,3537906.6854531146,-433.9032108952713,-524.1167450360912,4537.786177235683,4588.5154188652,12741738.625942096,0.7238054444806573,1.6336207143392072,2.580956827951785e-08,1.0125116991615243e-06,0.15887068519952863,0.15855561924744235,-0.030973353598547942,141706.6854531141,0.06668176877794287,0.06635621142738289,432.1874912381172,-16086897701.215837,-1011981243.5198944,-198162946.783858,-16087663294.254084,-1877082111.6784937,16118696711.788446,16198012719.983635,-0.986982750058948,0.030579945281630397,-0.15789210883590257,0.03096840146202209,0.9995203640301117,0.0,-0.15781637810114335,0.004889666214115516,0.9874563696525287,4546.780142082067,-537.3026486234163,-0.11762660608673749,6.944270416749958e-10,183.87624415175455,0.0,-86.1,6.6,0.0,3.032623049838697e-17,2.295264928949331,1.5707963267948966,17.408262105858554,461.0,0.0033599217991269435,4.334912706963079,0.0,0.007365951353725674,-1557.513844244509,15.667344754179739,-249.05564906669747,0.017669597251414457,0.024635989044864342,-0.18348711058587,0.01715052127893204,0.025000124861823562,-0.18348711058587,-2.445531534524671e-18,5.671282876563345e-20,-2.278872914778524e-19,-2.4461827302732e-18,5.557104853009639e-21,-2.278872914778524e-19,-1557.4966937232302,15.692344879041563,-249.23913617728334,-1680618.3699610047,313.0726488275933,147611.30911666946,0.07607105497294198,4562.360220200189
295.3591925615843,2001.0,12.0,14.0,14.0,26.0,23.0,1.0,3493225.4954285426,-35225.963574308444,559968.8589336257,-421.37014842853495,-285.44908377820303,4537.623792011313,3537998.0714236056,4566.077491594248,3491722.5443816446,-108346.22041722295,559968.8589336257,3537998.071423605,-434.93329908401915,-524.0670050115707,4537.623792011313,4588.4466737907105,12741734.469610373,0.723805354493305,1.6336207124550963,2.580956827951785e-08,1.0009321942178826e-06,0.15925701675099402,0.1589411575768458,-0.031019494315686413,141798.07142360555,0.0668437884606733,0.06651743499000227,427.31562343239784,-16086897280.121279,-1011981186.6005814,-198173184.73860073,-16087672395.688742,-1877019955.2548168,16118696287.951056,16198014681.885548,-0.9869204205011507,0.030623595103777726,-0.15827279937106006,0.031014520015431247,0.9995189340618879,0.0,-0.15819665971835298,0.004908754903992076,0.9873954228065107,4546.6614412843965,-537.30414173599,-0.11762997261882849,6.869856126492609e-10,184.06867346229367,0.0,-86.16867346229367,6.668673462293668,0.0,3.032948912296869e-17,2.2953181463273373,1.5707963267948966,17.398899568501797,461.0,0.0033237736239837513,4.33591526492389,0.0,0.0072870454384090675,-1557.3368679703076,15.70430877017279,-249.6432452110043,0.017522614442212217,0.024373333537966464,-0.1815216281411223,0.017008537546112874,0.024734814638194758,-0.1815216281411223,-2.4195410039074616e-18,5.617543666776075e-20,-2.260199068518317e-19,-2.420186763078304e-18,5.511904834043496e-21,-2.260199068518317e-19,-1557.3198594327614,15.729043584810986,-249.82476683914544,-1680618.918175809,313.26113326397353,147676.7690692067,0.07617396154357296,4562.308336731196
295.65919256158435,2001.0,12.0,14.0,14.0,26.0,23.0,1.0,3493098.932374381,-35311.59676274226,561330.1216636957,-422.3835310309926,-285.43883601836296,4537.461025729634,3538089.6774541982,4566.008731530103,3491591.9098941158,-108503.43304678149,561330.1216636957,3538089.6774541987,-435.9632690002313,-524.0171784123268,4537.461025729634,4588.377767272874,12741730.35783837,0.7238052654711595,1.6336207105905776,2.580956827951785e-08,9.894415915629093e-07,0.1596433282159301,0.15932667585924085,-0.031065636819416903,141889.67745419824,0.0670057988125181,0.06667864923041435,422.48250764608383,-16086896863.528913,-1011981130.2809193,-198183472.09557784,-16087681523.726246,-1876957652.1588442,16118695868.644623,16198016654.06763,-0.9868579454454246,0.030667236542419745,-0.15865344658748046,0.031060640288541545,0.9995175019102296,0.0,-0.1585768966025665,0.00492787763499107,0.9873343323747602,4546.54246221218,-537.3056394021688,-0.1176333474453865,6.79625803664139e-10,184.1995392202832,0.0,-86.29953922028324,6.7,0.0,3.0331733672750587e-17,2.2953548026070654,1.5707963267948966,17.392456696478447,461.0,0.003288021278784224,4.336907017489685,0.0,0.007208914986519683,-1557.1594868019724,15.741262689016988,-250.23068086485202,0.01737640925750708,0.024115681163435494,-0.17957380998656844,0.016867237715263227,0.02447451671673329,-0.17957380998656844,-2.3937227953276085e-18,5.564052832460519e-20,-2.2415572573086167e-19,-2.3943631313243613e-18,5.466682527930815e-21,-2.2415572573086167e-19,-1557.142619564257,15.765737205733721,-250.4102546748386,-1680619.4605135955,313.44961770035377,147742.31676966953,0.0762768716021048,4562.256384638537
295.87924150573025,2001.0,12.0,14.0,14.0,26.0,23.0,1.0,3493005.9055497237,-35374.40644856243,562328.572009635,-423.126770197488,-285.43130413764703,4537.3413949844335,3538157.0100456574,4565.95819381636,3491495.893524006,-108618.7384470829,562328.572009635,3538157.010045658,-436.71867295233267,-523.9805757434068,4537.3413949844335,4588.327121915015,12741727.368399112,0.72380520074843,1.6336207092347579,2.580956827951785e-08,9.80989968218413e-07,0.1599266735243793,0.15960943939004385,-0.031099483321919426,141957.01004565833,0.06712462689115405,0.06679689336964872,418.9605042934418,-16086896560.64005,-1011981089.3297938,-198191049.3083601,-16087688235.835863,-1876911859.8068156,16118695563.782263,16198018107.008062,-0.9868120277338824,0.030699242045700296,-0.1589326223830803,0.03109447044237349,0.9995164500436741,0.0,-0.1588557705204682,0.004941925729019598,0.9872894314953631,4546.455014558305,-537.3067408266393,-0.11763582814225368,6.749930593609892e-10,184.28376255707292,0.0,-86.3,6.7,0.0,3.0333186218666935e-17,2.2953785244820972,1.5707963267948966,17.3882898692631,461.0,0.0032655025680639617,4.3376280687933155,0.0,0.0071596176304364574,-1557.0291210402693,15.768361826247231,-250.66146061215932,0.017287787389151994,0.02394985310655132,-0.17834490595844163,0.016781731184591444,0.024307129717143067,-0.17834490595844163,-2.3774294087800577e-18,5.530866889867002e-20,-2.2302773069018074e-19,-2.3780664534993146e-18,5.4392397289941974e-21,-2.2302773069018074e-19,-1557.0123393090846,15.792668955964373,-250.83980551811777,-1680619.85481726,313.638102136734,147807.95221805808,0.07637978515327684,4562.204363923628
296.1792415057303,2001.0,12.0,14.0,14.0,26.0,24.0,1.0,3492878.815538327,-35460.034297047765,563689.7499239816,-424.13995245408677,-285.42101497579824,4537.177968221372,3538248.9974898794,4565.889154411328,3491364.723454407,-108775.92512549198,563689.7499239816,3538248.9974898794,-437.7484372004016,-523.9305990995422,4537.177968221372,4588.25793545411,12741723.328019084,0.7238051132727481,1.6336207074021507,2.580956827951785e-08,9.697210433199752e-07,0.16031295007292512,0.1599949228114952,-0.031145628933425148,142048.99748987937,0.06728662101641376,0.06695809139857659,414.18981739878654,-16086896151.259274,-1011981033.9791834,-198201422.56833702,-16087697409.377747,-1876849302.463187,16118695151.734032,16198020096.411911,-0.9867493005526934,0.03074286891698699,-0.15931319427317775,0.031140593707047862,0.9995150141061276,0.0,-0.15923592962124752,0.004961107455033012,0.9872280922514699,4546.335553109327,-537.3082463783637,-0.11763921734816059,6.678059079235901e-10,184.41285355697056,0.0,-86.4,6.7,0.0,3.033540091019011e-17,2.2954146931394557,1.5707963267948966,17.381940705230008,461.0,0.0032305900943586856,4.338602558754743,0.0,0.007083213081566706,-1556.8510384612002,15.805298189459275,-251.24861722516735,0.017144136021768647,0.023696859736521716,-0.17644022658568798,0.016642905508135197,0.024051533372169278,-0.17644022658568798,-2.3521778032450363e-18,5.478448134799332e-20,-2.2119579412930855e-19,-2.3528095236980906e-18,5.394689127041571e-21,-2.2119579412930855e-19,-1556.834395555692,15.829349722831445,-251.42505745175305,-1680620.3877391182,313.82658657311424,147873.67541437226,0.07648270220182882,4562.152274587881
296.4792415057304,2001.0,12.0,14.0,14.0,26.0,24.0,1.0,3492751.4215903757,-35545.65905505267,565050.8787507521,-425.15301877576917,-285.410701948972,4537.014160660068,3538341.204925868,4565.8199539831985,3491233.2444741204,-108933.09679779348,565050.8787507521,3538341.2049258687,-438.7780824374816,-523.8805359394837,4537.014160660068,4588.188587622978,12741719.331239657,0.7238050267414831,1.6336207055890664,2.580956827951785e-08,9.58667105821815e-07,0.16069920641047047,0.16038038605806088,-0.03119177634379821,142141.20492586913,0.0674486057525567,0.0671192800471306,409.4583668708801,-16086895746.283901,-1011980979.221009,-198211845.5431227,-16087706609.404148,-1876786598.531757,16118694744.11971,16198022095.997026,-0.9866864279832123,0.030786487364797745,-0.15969372257376474,0.031186718703403237,0.9995135759840957,0.0,-0.1596160437119157,0.004980323204607316,0.9871666095297863,4546.215813564018,-537.3097564955343,-0.1176426148499613,6.60692762861526e-10,184.54457846552728,0.0,-86.4445784655273,6.7,0.0,3.033765849987794e-17,2.295451562377008,1.5707963267948966,17.375473504752403,461.0,0.0031960384241260555,4.339566533071598,0.0,0.007007573832068525,-1556.6725515327992,15.842224395101296,-251.8356123867155,0.01700142548647139,0.023444285903533292,-0.17455497061682584,0.016505022518049924,0.023796370348801384,-0.17455497061682584,-2.3271814718490033e-18,5.426486304573761e-20,-2.1937617295033424e-19,-2.327807906877154e-18,5.3504167004697076e-21,-2.1937617295033424e-19,-1556.6560465102812,15.866020765450097,-252.01016735733234,-1680620.9149104394,314.01507100949453,147939.4863586121,0.07658562275250085,4562.100116632715
296.77924150573045,2001.0,12.0,14.0,14.0,26.0,24.0,1.0,3492623.7237399626,-35631.28071556768,566411.9583781079,-426.16596890367157,-285.40036505940014,4536.849972384042,3538433.6323280614,4565.750592547596,3491101.4566181586,-109090.25343816963,566411.9583781079,3538433.632328061,-439.80760840024016,-523.8303862808632,4536.849972384042,4588.119078437152,12741715.37730964,0.7238049411383667,1.6336207037948498,2.1073424255447017e-08,9.472498342581637e-07,0.16108544249089524,0.16076582908395148,-0.03123792555759305,142233.6323280614,0.06761058107758004,0.06728045929332264,404.76469045877457,-16086895345.638332,-1011980925.0399355,-198222318.3470236,-16087715835.831554,-1876723748.0303917,16118694340.86288,16198024105.685776,-0.9866234100655547,0.030830097374581894,-0.16007420718682389,0.031232845435885843,0.9995121356771903,0.0,-0.1599961126921354,0.004999572971338038,0.9871049833698085,4546.095795977114,-537.3112711788845,-0.11764602064767068,6.535626489781215e-10,184.67661761151626,0.0,-86.57661761151627,6.7,0.0,3.0339920824593666e-17,2.295488508943436,1.5707963267948966,17.368997743162478,461.0,0.003161407388233418,4.340520154526004,0.0,0.006931793929216962,-1556.4936604553004,15.879140421200855,-252.42244574733232,0.016857561066681803,0.02319449199178784,-0.17266578800200666,0.01636593828304134,0.023543956506706733,-0.17266578800200666,-2.3021351990633935e-18,5.3742775710679e-20,-2.1754076911110206e-19,-2.3027563069731053e-18,5.30578960419961e-21,-2.1754076911110206e-19,-1556.4772945170173,15.902684377707562,-252.59511153533433,-1680621.4364302885,314.20355544587477,148005.38505077758,0.07668854681003329,4562.047890059549
297.0792415057305,2001.0,12.0,14.0,14.0,26.0,25.0,1.0,3492495.722021973,-35716.899271437556,567772.9886918903,-427.1788025753723,-285.39000431449233,4536.685403497151,3538526.279671167,4565.681070140189,3490969.3599223336,-109247.39502067653,567772.9886918903,3538526.2796711675,-440.83701482188854,-523.7801501466424,4536.685403497151,4588.049407932397,12741711.46617747,0.7238048564622734,1.633620702019689,2.580956827951785e-08,9.365234591049696e-07,0.16147165826741236,0.16115125184270596,-0.03128407657932065,142326.2796711675,0.06777254697000064,0.06744162911570038,400.109521985054,-16086894949.317371,-1011980871.4386748,-198232841.09414434,-16087725088.646877,-1876660750.995431,16118693941.958532,16198026125.472609,-0.9865602468400338,0.030873698931756642,-0.1604546480137073,0.03127897390889842,0.9995106931850236,0.0,-0.16037613646093954,0.00501885674878223,0.9870432138112278,4545.975500422982,-537.3127904343169,-0.11764943474192442,6.465245391830318e-10,184.80897095881073,0.0,-86.60897095881072,6.708970958810722,0.0,3.0342187879822786e-17,2.2955255327650095,1.5707963267948966,17.362513458985983,461.0,0.0031272241075660074,4.341463437121293,0.0,0.00685697892396558,-1556.3143654292371,15.916046245733265,-253.00911695671397,0.016715127360058278,0.02294411974676018,-0.1708011756845348,0.016228307363998183,0.02329098868052281,-0.1708011756845348,-2.2774079306695668e-18,5.322678643121907e-20,-2.1572405285071866e-19,-2.2780237683034355e-18,5.261607648650607e-21,-2.1572405285071866e-19,-1556.2981371218732,15.939337234413788,-253.1799181323985,-1680621.9523054566,314.392039882255,148071.3714908687,0.07679147437916711,4561.995594869801
297.3583987887409,2001.0,12.0,14.0,14.0,26.0,25.0,1.0,3492376.340413242,-35796.566621249964,569039.4160451326,-428.1211640593002,-285.3803419672745,4536.531926367476,3538612.6878019646,4565.616233286395,3490846.1633720193,-109393.6055302621,569039.4160451326,3538612.6878019646,-441.7947948772288,-523.7333265499143,4536.531926367476,4587.984432958667,12741707.864744691,0.7238047784915752,1.633620700384824,2.580956827951785e-08,9.261524220264487e-07,0.16183102314755354,0.16150987883139795,-0.0313270228532486,142412.68780196458,0.06792325167405994,0.06759159306516264,395.8121773004532,-16086894584.36795,-1011980822.0767654,-198242677.72514582,-16087733722.263298,-1876601999.1329558,16118693574.629992,16198028013.954945,-0.9865013414453064,0.030914263634264184,-0.16080861802329535,0.031321899140063475,0.9995093489479023,0.0,-0.16072971710567585,0.005036831314578651,0.9869856069717724,4545.8633128723495,-537.3142082479735,-0.11765261909185658,6.401969331198459e-10,184.92835975245575,0.0,-86.72835975245575,6.8,0.0,3.034423513110414e-17,2.295558966915701,1.5707963267948966,17.356662174813053,461.0,0.003096489523326659,4.342331994603823,0.0,0.006789990677796306,-1556.1471644044773,15.950378829013232,-253.5548828074562,0.016588489882665872,0.022722771067138346,-0.16913112249289658,0.016105902269555456,0.023067341278101727,-0.16913112249289658,-2.2552637136865776e-18,5.2766049309256423e-20,-2.1410860346050495e-19,-2.2558748632437205e-18,5.222606265544088e-21,-2.1410860346050495e-19,-1556.1310585022077,15.973446170291334,-253.7240139299491,-1680622.427331809,314.58052431863524,148137.4456788855,0.07689440546464339,4561.943231064898
297.61671335476154,2001.0,12.0,14.0,14.0,26.0,25.0,1.0,3492265.6378650507,-35870.28336362792,570211.2499460122,-428.9930758050117,-285.3713826349146,4536.389614779345,3538692.8140496416,4565.556113136,3490731.9268833413,-109528.88787388832,570211.2499460122,3538692.8140496416,-442.6809716115536,-523.6899322609501,4536.389614779345,4587.924184732821,12741704.561584482,0.7238047069787926,1.633620698884966,2.1073424255447017e-08,9.167545089288093e-07,0.16216354105091416,0.1618417139574887,-0.03136676403119857,142492.8140496416,0.06806269700686866,0.06773035295712666,391.86112236976624,-16086894249.634739,-1011980776.7961115,-198251818.61077952,-16087741731.24222,-1876547520.8342185,16118693237.714285,16198029768.85411,-0.9864467220845275,0.03095179311383761,-0.16113612565693958,0.03136162079421792,0.9995081033894421,0.0,-0.1610568633428905,0.005053490069102388,0.9869321906839755,4545.759287187585,-537.3155237227851,-0.11765557208805173,6.347704250256001e-10,185.032591499488,0.0,-86.8,6.8,0.0,3.034602670941397e-17,2.295588225609899,1.5707963267948966,17.351544987796018,461.0,0.003070124765790935,4.34312857846986,0.0,0.006732289150097258,-1555.9921358320903,15.98214013811239,-254.0597745655414,0.01648091249586523,0.0225312393573462,-0.16769254912097106,0.016001966665240404,0.022873877819882833,-0.16769254912097106,-2.236187224906394e-18,5.2371507533859376e-20,-2.1273700706027508e-19,-2.2367943918277533e-18,5.189250797592391e-21,-2.1273700706027508e-19,-1555.976133865425,16.00501401593227,-254.22746711466237,-1680622.86301646,314.76900875501553,148203.60761482795,0.07699734007120386,4561.890798646261
297.9167133547616,2001.0,12.0,14.0,14.0,26.0,25.0,1.0,3492136.788063748,-35955.89321482391,571572.141993849,-430.00558297436936,-285.3609553032363,4536.223983736585,3538786.075239432,4565.486141346584,3490598.9682286037,-109685.98728402851,571572.141993849,3538786.075239432,-443.710042895344,-523.6394548138425,4536.223983736585,4587.854063876808,12741700.762488324,0.723804624729497,1.6336206971598157,2.1073424255447017e-08,9.05912170026969e-07,0.16254969992024643,0.16222707989342458,-0.03141292012378919,142586.07523943204,0.06822463645384555,0.06789149635867968,387.30632600188255,-16086893864.63359,-1011980724.7146509,-198262481.37719703,-16087751056.926645,-1876484114.8198016,16118692850.202835,16198031816.06757,-0.9863831534355838,0.030995370997837793,-0.1615164437299807,0.03140775414936049,0.999506654794901,0.0,-0.16143676036692187,0.005072868755750252,0.9868700210285142,4545.638215857863,-537.3170557404685,-0.11765900934431282,6.28174733239758e-10,185.16582177061719,0.0,-86.86582177061719,6.8,0.0,3.0348307020917733e-17,2.2956254659228668,1.5707963267948966,17.345036382085894,461.0,0.0030380885802486044,4.344044752843248,0.0,0.006662159421808294,-1555.8117142189446,16.019017367829214,-254.6459912666545,0.016347619119139938,0.022297740527635574,-0.16594453631211575,0.01587314703478178,0.02263795676986839,-0.16594453631211575,-2.2130097031750366e-18,5.1888204643027823e-20,-2.1103707774399603e-19,-2.2136119423474903e-18,5.1478951534346216e-21,-2.1103707774399603e-19,-1555.7958410719098,16.041655324599084,-254.81193580296662,-1680623.3641150147,314.95749319139577,148269.85729869604,0.0771002782035904,4561.838297615316
298.2167133547617,2001.0,12.0,14.0,14.0,26.0,26.0,1.0,3492007.634528115,-36041.49993420165,572932.9842946552,-431.0179726822731,-285.3505041270546,4536.057972380667,3538879.5562738394,4565.416008621657,3490465.7008707677,-109843.0715379357,572932.9842946552,3538879.5562738394,-444.7389936158631,-523.5888909614296,4536.057972380667,4587.7837817380705,12741697.002547516,0.7238045433283374,1.633620695452009,2.1073424255447017e-08,8.954345695718597e-07,0.1629358383186912,0.16261242538595122,-0.03145907804140642,142679.55627383944,0.06838656638702438,0.06805263025529475,382.78640499711037,-16086893483.588898,-1011980673.1621889,-198273194.51837254,-16087760408.600655,-1876420562.349291,16118692466.673246,16198033873.004787,-0.9863194396324559,0.0310389403739956,-0.1618967176430012,0.031453889261716064,0.9995052040136218,0.0,-0.16181661179690363,0.005092281428578273,0.9868077081257637,4545.516866745796,-537.31859233523,-0.11766245489827276,6.217304269367247e-10,185.29936610548492,0.0,-86.9,6.8,0.0,3.035059204602392e-17,2.295662783214804,1.5707963267948966,17.338519398788566,461.0,0.003006787060748488,4.344951472315229,0.0,0.006593626157075699,-1555.6308894212586,16.05588431260543,-255.23204449050712,0.016217422484558458,0.022068435317977298,-0.164236463599837,0.015747344856099806,0.022406288389857813,-0.164236463599837,-2.190360569804593e-18,5.1416045177485106e-20,-2.0937695766829626e-19,-2.19095799798188e-18,5.107497981179742e-21,-2.0937695766829626e-19,-1555.6151420764024,16.078290600995285,-255.39628095410697,-1680623.8600493018,315.145977627776,148336.1947304898,0.07720321986654534,4561.7857279734935
298.51671335476175,2001.0,12.0,14.0,14.0,26.0,26.0,1.0,3491878.1772932215,-36127.10351465105,574293.7767350249,-432.0302446673889,-285.3400291123451,4535.89158080608,3538973.257127209,4565.345714986837,3490332.124845833,-110000.14060972955,574293.7767350249,3538973.257127209,-445.76782350738944,-523.5382407253377,4535.89158080608,4587.713338342292,12741693.281346975,0.7238044627663178,1.6336206937615514,2.1073424255447017e-08,8.847074275492359e-07,0.16332195620027104,0.16299775038886372,-0.03150523778857654,142773.2571272091,0.06854848678482928,0.06821375462541314,378.30159518122673,-16086893106.458595,-1011980622.1361692,-198283958.14779246,-16087769786.21422,-1876356863.4540231,16118692087.083378,16198035939.622955,-0.9862555807158427,0.031082501227777875,-0.162276947297763,0.031500026135702415,0.9995037510452125,0.0,-0.1621964175322804,0.005111728081101538,0.9867452520157971,4545.395239916242,-537.3201335115244,-0.11766590875051074,6.153384500302466e-10,185.43322446744156,0.0,-87.0,6.8,0.0,3.0352881780217895e-17,2.2957001774119807,1.5707963267948966,17.331994076249543,461.0,0.002975741089130449,4.345848834182171,0.0,0.006525676567277658,-1555.4496616415631,16.092740950519982,-255.81793388845898,0.016087917656336936,0.02184339227964246,-0.1625426325365277,0.01562215400988927,0.02217889052434143,-0.1625426325365277,-2.167902553205333e-18,5.094718875277335e-20,-2.0772506145961713e-19,-2.168495196783794e-18,5.067322924924799e-21,-2.0772506145961713e-19,-1555.4340394875533,16.114919841044323,-255.9804765209955,-1680624.3508740496,315.33446206415624,148402.6199102092,0.07730616506481139,4561.7330897222255
298.8167133547618,2001.0,12.0,14.0,14.0,26.0,26.0,1.0,3491748.4163944246,-36212.70394902081,575654.5192009012,-433.0423986653927,-285.3295302624776,4535.724809092062,3539067.1777739245,4565.275260451981,3490198.2401900897,-110157.19447349757,575654.5192009012,3539067.177773924,-446.7965323011561,-523.4875041246943,4535.724809092062,4587.64273369933,12741689.597925827,0.7238043830226308,1.6336206920880927,2.1073424255447017e-08,8.744836301280068e-07,0.1637080535209621,0.1633830548557741,-0.03155139936981375,142867.177773925,0.06871039762580951,0.06837486944760221,373.8511857390404,-16086892733.145443,-1011980571.6248149,-198294772.37884128,-16087779189.662098,-1876293018.1562932,16118691711.335442,16198038015.82339,-0.9861915767265618,0.031126053544648036,-0.1626571325958803,0.03154616477572523,0.9995022958892805,0.0,-0.16257617747234948,0.005131208706816627,0.9866826527388055,4545.273335418517,-537.3216792711761,-0.1176693709014367,6.093693335644987e-10,185.55897221740628,0.0,-87.05897221740628,6.8,0.0,3.0355038053621765e-17,2.295735392029051,1.5707963267948966,17.325853746713793,461.0,0.002946742204506319,4.346737071222293,0.0,0.006462198599548721,-1555.268031082766,16.129587259649462,-256.40365911183386,0.015968636098603755,0.021631819445567146,-0.16096024131829378,0.015506908530481284,0.021965171048788458,-0.16096024131829378,-2.146918566040733e-18,5.051178736489113e-20,-2.0620433455151759e-19,-2.1475068022323507e-18,5.030331895324013e-21,-2.0620433455151759e-19,-1555.2525241742355,16.15155243069825,-256.5646193531522,-1680624.8367159981,315.52294650053653,148469.13283785427,0.07740911380313167,4561.680382862942
299.1167133547619,2001.0,12.0,14.0,14.0,26.0,27.0,1.0,3491618.351867162,-36298.30123015921,577015.2115782433,-434.0544344067612,-285.3190075717923,4535.557657263048,3539161.3181883134,4565.204644971284,3490064.0469399095,-110314.23310333161,577015.2115782433,3539161.3181883134,-447.82511972300796,-523.436681169738,4535.557657263048,4587.571967763163,12741685.94939396,0.7238043040346991,1.6336206904300752,2.1073424255447017e-08,8.637533632630044e-07,0.1640941302422838,0.16376833874030663,-0.031597562789632494,142961.3181883134,0.06887229888854442,0.06853597470046793,369.43124282360077,-16086892363.356983,-1011980521.5845789,-198305637.32394665,-16087788618.643791,-1876229026.4467022,16118691339.134823,16198040101.309797,-0.9861274277055174,0.03116959731007717,-0.1630372734390123,0.03159230518619037,0.9995008385454325,0.0,-0.16295589151645376,0.005150723299209646,0.9866199103350656,4545.151153246952,-537.3232296069228,-0.1176728413509023,6.033705190536918e-10,185.68759741187625,0.0,-87.1,6.8,0.0,3.0357241142031115e-17,2.29577137119318,1.5707963267948966,17.3195847613623,461.0,0.002917602084113688,4.347616879755265,0.0,0.006398401933253545,-1555.0859979481822,16.166423218087548,-256.9892198122379,0.01584782645785394,0.021418548816290593,-0.15937006623157923,0.015390180402107444,0.021749716872287477,-0.15937006623157923,-2.1258299707130384e-18,5.007278633927987e-20,-2.046638920811735e-19,-2.126413746131827e-18,4.992852409903181e-21,-2.046638920811735e-19,-1555.07060776778,16.188172934959834,-257.14858987846947,-1680625.3179563377,315.71143093691677,148535.73351342496,0.07751206608624958,4561.627607397078
299.41671335476195,2001.0,12.0,14.0,14.0,26.0,27.0,1.0,3491487.983746949,-36383.895350917126,578375.8537530458,-435.06635163837893,-285.30846105980766,4535.390125512397,3539255.678344644,4565.133868669746,3489929.5451317416,-110471.25647333087,578375.8537530458,3539255.678344644,-448.8535855157292,-523.3857718955603,4535.390125512397,4587.501040659107,12741682.338770201,0.7238042258678715,1.633620688789088,2.1073424255447017e-08,8.535387213003707e-07,0.1644801863088943,0.1641536019961034,-0.03164372805254838,143055.67834464367,0.06903419055159951,0.06869707036258804,365.0462079048157,-16086891997.399172,-1011980472.0603689,-198316553.09980077,-16087798073.457249,-1876164888.4043806,16118690970.789692,16198042196.390574,-0.9860631336937,0.031213132509544977,-0.163417369728869,0.03163844737150481,0.9994993790132741,0.0,-0.16333555956398718,0.005170271851756566,0.9865570248449392,4545.028693565098,-537.3247845368463,-0.11767632009992056,5.970697087805588e-10,185.72239763520523,0.0,-87.22239763520524,6.8,0.0,3.035790582998528e-17,2.2957822263712546,1.5707963267948966,17.31769428601207,461.0,0.0028870016145016862,4.348487537731277,0.0,0.00633143636221311,-1554.9035624415383,16.20324880394645,-257.5746156415689,0.01571829342595322,0.021197203198309488,-0.15769887222068912,0.015264911382910643,0.021525999445476885,-0.15769887222068912,-2.1035789226760362e-18,4.9605274602662945e-20,-2.0300194424353006e-19,-2.1041578934535053e-18,4.952435015981694e-21,-2.0300194424353006e-19,-1554.8882975301553,16.224774803391927,-257.7323145137896,-1680625.7941968776,315.899915373297,148602.4219369213,0.07761502191890897,4561.574763326071
299.716713354762,2001.0,12.0,14.0,14.0,26.0,27.0,1.0,3491357.3120693765,-36469.486304148704,579736.4456113484,-436.07815009810054,-285.2978907303036,4535.222213938801,3539350.258217131,4565.062931576311,3489794.734802115,-110628.26455760247,579736.4456113484,3539350.258217131,-449.8819294127449,-523.3347763217366,4535.222213938801,4587.429952416039,12741678.765745988,0.7238041485154604,1.6336206871646053,2.1073424255447017e-08,8.42805251024943e-07,0.16486622167497048,0.16453884457682716,-0.03168989516307828,143150.25821713125,0.06919607259354751,0.0688581564125753,360.69488897919655,-16086891635.241344,-1011980423.0417566,-198327519.82156366,-16087807554.06374,-1876100604.053197,16118690606.268793,16198044301.03331,-0.9859986947321855,0.031256659128539886,-0.1637974213672138,0.031684591336076776,0.9994979172924102,0.0,-0.16371518151439754,0.00518985435792334,0.9864939963088734,4544.905956441573,-537.3263440631937,-0.11767980714850652,5.908544600170888e-10,185.85751173875894,0.0,-87.3,6.8,0.0,3.0360214954932605e-17,2.2958199372434653,1.5707963267948966,17.31113010169993,461.0,0.0028568199158997055,4.349349115451534,0.0,0.0062653642671262845,-1554.720724766963,16.240063995357175,-258.1598462520207,0.015590367228793011,0.02097752219881131,-0.1560520235666584,0.015141222995905175,0.021303975077870248,-0.1560520235666584,-2.0817378080682372e-18,4.914622509575093e-20,-2.0136932643164087e-19,-2.082312060715447e-18,4.912716244752997e-21,-2.0136932643164087e-19,-1554.7055835439671,16.261367970435046,-258.31589827558736,-1680626.2654783148,316.08839980967724,148669.19810834335,0.07771798130585406,4561.52185065136
300.0167133547621,2001.0,12.0,14.0,14.0,26.0,28.0,1.0,3491226.336870116,-36555.074082709936,581096.9870392187,-437.08982952412833,-285.28729659129095,4535.0539226430765,3539445.0577799315,4564.991833722176,3489659.615987638,-110785.25733026011,581096.9870392187,3539445.057779931,-450.9101511479192,-523.2836944720929,4535.0539226430765,4587.358703065301,12741675.230087979,0.7238040719724075,1.633620685556986,2.1073424255447017e-08,8.327336315899057e-07,0.16525223629450045,0.1649240664361562,-0.03173606412574001,143245.057779931,0.06935794499299545,0.0690192328290368,356.37846118211746,-16086891276.859596,-1011980374.5330447,-198338537.60213453,-16087817060.431324,-1876036173.4318247,16118690245.548536,16198046415.21403,-0.985934110862136,0.031300177152558666,-0.1641774282558588,0.031730737084315314,0.999496453382445,0.0,-0.16409475726718167,0.005209470811165695,0.9864308247673996,4544.782941947055,-537.3279081924433,-0.1176833024975433,5.847177141472936e-10,185.9929396856157,0.0,-87.3929396856157,6.8,0.0,3.036252876706915e-17,2.295857724663286,1.5707963267948966,17.30455776649253,461.0,0.0028270201993905687,4.350201669241216,0.0,0.006200133223369313,-1554.5374851289914,16.276868770468944,-258.7449112960756,0.015463786035990449,0.020761135622435808,-0.15442607517992082,0.015018818705094519,0.02108526773848436,-0.15442607517992082,-2.060173891110145e-18,4.869255949552282e-20,-1.997536710146343e-19,-2.0607434767068646e-18,4.873414844428162e-21,-1.997536710146343e-19,-1554.5224663102863,16.29795403820743,-258.8993373712555,-1680626.731831409,316.2768842460575,148736.06202769102,0.07782094425182938,4561.4688693743865
300.31671335476216,2001.0,12.0,14.0,14.0,26.0,28.0,1.0,3491095.058184917,-36640.658679458356,582457.4779227533,-438.101389653865,-285.2766786464166,4534.885251717034,3539540.0770071456,4564.920575129084,3489524.188725,-110942.23476542384,582457.4779227533,3539540.077007145,-451.93825045422574,-523.2325263661374,4534.885251717034,4587.287292628595,12741671.731232785,0.7238039962265087,1.6336206839657688,2.1073424255447017e-08,8.228086049722978e-07,0.16563823012243575,0.16530926752778496,-0.03178223494505219,143340.07700714516,0.0695198077285347,0.06918029959059485,352.0958981513977,-16086890922.197245,-1011980326.5232153,-198349606.55587846,-16087826592.495241,-1875971596.5636954,16118689888.57166,16198048538.874416,-0.9858693821247995,0.03134368656710647,-0.16455739029666522,0.031776884620630295,0.9994949872829814,0.0,-0.164474286721886,0.005229121204929158,0.9863675102611353,4544.6596501431395,-537.3294769266982,-0.11768680614720055,5.787706683480841e-10,186.12509625893145,0.0,-87.42509625893148,6.774903741068535,0.0,3.0364788541761986e-17,2.2958946295846796,1.5707963267948966,17.298143916349215,461.0,0.0027981399293242892,4.351045333486116,0.0,0.006136828436687211,-1554.3538437325683,16.313663107449113,-259.3298104265068,0.015341167308489759,0.02054925451900003,-0.15284832680405597,0.014900289388766677,0.020871143998466526,-0.15284832680405597,-2.0392445786068697e-18,4.825263616400398e-20,-1.9818886601503847e-19,-2.039809645166851e-18,4.8352619961369645e-21,-1.9818886601503847e-19,-1554.3389434431795,16.33453425144758,-259.4826587533109,-1680627.193330476,316.46536868243777,148803.01369496435,0.07792391076157991,4561.415819496596
300.6167133547622,2001.0,12.0,14.0,14.0,26.0,28.0,1.0,3490963.4760496086,-36726.24008725186,583817.9181480687,-439.1128302177979,-285.26603689002445,4534.716201179196,3539635.315872817,4564.849155744569,3489388.4530509696,-111099.1968372188,583817.9181480687,3539635.3158728173,-452.96622705752793,-523.1812720142533,4534.716201179196,4587.215721053269,12741668.266046036,0.7238039212099009,1.6336206823894783,2.1073424255447017e-08,8.128989754310984e-07,0.16602420312113314,0.16569444780542125,-0.031828407625533905,143435.3158728173,0.06968166077874105,0.0693413566758483,347.84342634677887,-16086890570.936865,-1011980278.9684672,-198360726.79431278,-16087836149.929956,-1875906873.4395304,16118689535.018616,16198050671.693342,-0.9858045085615105,0.03138718735769634,-0.16493730739154086,0.03182303394943196,0.9994935189936217,0.0,-0.16485376977810387,0.005248805532648899,0.9863040528307832,4544.536081017925,-537.331050258683,-0.11769031809750118,5.731801451371976e-10,186.25045124688188,0.0,-87.5,6.7,0.0,3.03669365275091e-17,2.2959297088540422,1.5707963267948966,17.29205192192313,461.0,0.0027709853921152523,4.351880896542879,0.0,0.0060771937680232134,-1554.1698007830432,16.350446984482662,-259.9145432963736,0.015226918323923892,0.020351267262519603,-0.15136167171042977,0.014789840995159781,0.02067108425244894,-0.15136167171042977,-2.0195249061254013e-18,4.784008694737713e-20,-1.967310090254602e-19,-2.020085761614949e-18,4.799593784553228e-21,-1.967310090254602e-19,-1554.155010942048,16.37111806873511,-260.06590496808406,-1680627.6503889207,316.653853118818,148870.0531101633,0.07802688083985095,4561.36270101943
300.9167133547623,2001.0,12.0,14.0,14.0,26.0,28.0,1.0,3490831.5905000987,-36811.81829894893,585178.3076013034,-440.1241509614781,-285.2553713392792,4534.5467712039845,3539730.774350932,4564.777575673754,3489252.409002397,-111256.14351977552,585178.3076013034,3539730.774350932,-453.99408069923663,-523.1299314493457,4534.5467712039845,4587.14398844473,12741664.836844586,0.7238038469727331,1.6336206808294516,2.1073424255447017e-08,8.027287483904358e-07,0.16641015523734012,0.16607960722278706,-0.031874582171704816,143530.77435093187,0.06984350412225286,0.06950240406344314,343.62485414743423,-16086890223.31319,-1011980231.9051653,-198371898.43309116,-16087845732.962133,-1875842004.1302912,16118689185.125957,16198052813.907461,-0.9857394902136897,0.03143067950984949,-0.16531717944244093,0.03186918507513109,0.9994920485139674,0.0,-0.16523320633547642,0.005268523787749807,0.9862404525171312,4544.412234715651,-537.3326282040958,-0.11769383834945037,5.671798979414253e-10,186.3,0.0,-87.58682050133125,6.7,0.0,3.0367843171726716e-17,2.2959445154777685,1.5707963267948966,17.289481884554547,461.0,0.002741850492345244,4.35270777374036,0.0,0.006013419357916876,-1553.985356486171,16.38722037977234,-260.4991095590236,0.015101626758746912,0.02013925152663807,-0.14977058366370008,0.014668660248383422,0.020456759013372343,-0.14977058366370008,-1.9983455511371425e-18,4.7392130611566853e-20,-1.951239415286386e-19,-1.998901771837837e-18,4.760497565197032e-21,-1.951239415286386e-19,-1553.9706878259226,16.40767713878571,-260.64888014268735,-1680628.1027011443,316.84233755519824,148937.18027328796,0.07812985449138818,4561.30951394434
301.21671335476236,2001.0,12.0,14.0,14.0,26.0,29.0,1.0,3490699.401572373,-36897.39330741217,586538.6461686442,-441.13535162445345,-285.24468199901,4534.37696190209,3539826.452415422,4564.705834956944,3489116.056616212,-111413.07478723339,586538.6461686442,3539826.4524154225,-455.0218111145006,-523.0785046921441,4534.37696190209,4587.072094843215,12741661.44369922,0.7238037735165332,1.6336206792852264,2.1073424255447017e-08,7.928482052340136e-07,0.16679608642425603,0.16646474573362577,-0.03192075858808612,143626.45241542254,0.07000533773767985,0.06966344173202405,339.43913465738297,-16086889879.334118,-1011980185.3263372,-198383121.5878567,-16087855341.591524,-1875776988.6636806,16118688838.901125,16198054965.523052,-0.9856743271228429,0.031474163009096105,-0.1656970063513752,0.031915338002139956,0.999490575843619,0.0,-0.1656125962936998,0.00528827596364687,0.9861767093610517,4544.288111316637,-537.3342107662354,-0.11769736690300513,5.611893516240451e-10,186.42350345060362,0.0,-87.7,6.7,0.0,3.036996051186849e-17,2.295979094266416,1.5707963267948966,17.28348300755466,461.0,0.002712766695918986,4.353525949017489,0.0,0.005949759940493193,-1553.8005110481104,16.42398327154023,-261.083508868104,0.014976035715231215,0.019928601781808625,-0.14818357016876613,0.01454716005040307,0.020243787916043376,-0.14818357016876613,-1.9772826216235375e-18,4.694581058603545e-20,-1.93518692817209e-19,-1.9778342151937723e-18,4.721452622244448e-21,-1.93518692817209e-19,-1553.78596388806,16.444227059456274,-261.2316924382728,-1680628.5502578076,317.0308219915785,149004.3951843382,0.07823283172093766,4561.256258272779
301.51671335476243,2001.0,12.0,14.0,14.0,26.0,29.0,1.0,3490566.909302495,-36982.96510550593,587898.9337363085,-442.14643194527434,-285.23396887686204,4534.206773372577,3539922.350040161,4564.63393362282,3488979.39592942,-111569.99061373834,587898.9337363085,3539922.350040161,-456.04941803753314,-523.0269917662407,4534.206773372577,4587.000040277542,12741658.086275583,0.7238037008340545,1.6336206777571065,1.4901161193847656e-08,7.829847726476184e-07,0.1671819966362686,0.16684986329169751,-0.031966936879199936,143722.35004016105,0.0701671616036508,0.06982446966023274,335.28729593753815,-16086889538.965496,-1011980139.2347484,-198394396.37124527,-16087864975.775867,-1875711827.0772085,16118688496.310213,16198057126.50578,-0.9856090193305614,0.031517637840974826,-0.16607678802040354,0.031961492734871685,0.9994891009821761,0.0,-0.1659919395525206,0.005308062053744953,0.9861128234035018,4544.163710889484,-537.335797951201,-0.11770090375903385,5.552984975329645e-10,186.5605000573729,0.0,-87.76050005737292,6.7,0.0,3.0372298296397793e-17,2.2960172731851203,1.5707963267948966,17.276864576613303,461.0,0.002684167487910117,4.35433549692909,0.0,0.005887141864338725,-1553.615264675424,16.46073563802678,-261.66774087755533,0.014852328975430932,0.019719745280142236,-0.14662297428303162,0.014427514467367392,0.020032644763036702,-0.14662297428303162,-1.95657833664256e-18,4.650686132955761e-20,-1.9193882677958926e-19,-1.957125377946654e-18,4.683008313078476e-21,-1.9193882677958926e-19,-1553.6008371609566,16.480768282789818,-261.8143638518384,-1680628.9931029975,317.21930642795877,149071.69784331418,0.07833581253324587,4561.2029340061945
301.774401568452,2001.0,12.0,14.0,14.0,26.0,29.0,1.0,3490452.861491521,-37056.465349504775,589067.3265087486,-443.0148139343486,-285.224747740014,4534.060285404376,3540004.897606599,4564.572044975285,3488861.7636540406,-111704.76279623163,589067.3265087486,3540004.8976065996,-456.9319932102343,-522.9826754043593,4534.060285404376,4586.938019733141,12741655.23018662,0.7238036390049319,1.633620676456803,1.4901161193847656e-08,7.747170884344747e-07,0.1675134615682747,0.16718064737964555,-0.032006603717201466,143804.8976065996,0.07030615414709306,0.06996277853167507,331.74668926000595,-16086889249.412844,-1011980100.0192045,-198404122.27407157,-16087873271.486322,-1875655739.1873202,16118688204.86672,16198058990.110071,-0.9855528070068105,0.031554974082593876,-0.16640296935945412,0.03200113928196921,0.9994878323844948,0.0,-0.16631774314742429,0.005325084599405146,0.9860578338963474,4544.056634673323,-537.3371649716554,-0.11770394840801493,5.506492536452714e-10,186.66862200824949,0.0,-87.8,6.7,0.0,3.037414972599223e-17,2.2960475093249726,1.5707963267948966,17.271626778853577,461.0,0.0026615889963890016,4.3550241611798715,0.0,0.00583770830809533,-1553.4558253755333,16.49229605708418,-262.1694393868352,0.014756472311027446,0.019554496738728378,-0.14539079835703236,0.014334848298573724,0.01986564728439364,-0.14539079835703236,-1.940229135739006e-18,4.61630690793607e-20,-1.9071524641282858e-19,-1.940772649101242e-18,4.653237357167711e-21,-1.9071524641282858e-19,-1553.4414905272347,16.512161704368573,-262.31483018519225,-1680629.3698221762,317.407790864339,149139.08825021575,0.07843879693305957,4561.1495411460455
302.0532456752968,2001.0,12.0,14.0,14.0,26.0,30.0,1.0,3490329.1984215304,-37135.99719608543,590331.6003627451,-443.9543886119821,-285.2147497915672,4533.901455832645,3540094.4046774334,4564.50494181657,3488734.2177196243,-111850.58673906057,590331.6003627451,3540094.4046774334,-457.8869236895812,-522.9346491264489,4533.901455832645,4586.870773560587,12741652.16621643,0.7238035726758943,1.633620675061851,2.1073424255447017e-08,7.659254834590382e-07,0.16787212187416925,0.16753857095798905,-0.032049528720359356,143894.40467743343,0.07045654967395304,0.07011243426547335,327.94038704037666,-16086888938.775942,-1011980057.9486825,-198414689.74801517,-16087882269.179014,-1875594925.113471,16118687892.201328,16198061014.182646,-0.9854918595137044,0.031595368358333986,-0.16675589204139743,0.03204404227083547,0.9994864578146844,0.0,-0.16667025585618422,0.005343532853485415,0.9859982111897961,4543.940537408511,-537.338648061931,-0.11770724992016063,5.454357193539939e-10,186.79200668204777,0.0,-87.89200668204776,6.7,0.0,3.037625729267697e-17,2.296081928500954,1.5707963267948966,17.265668361698385,461.0,0.002636276229508782,4.355762914181993,0.0,0.005782299802225423,-1553.2829633837264,16.52643876658735,-262.71218714990715,0.014647379131583607,0.01937080141579835,-0.1440096415255091,0.014229320134138005,0.019679941855474604,-0.1440096415255091,-1.9219052592255595e-18,4.577515841079922e-20,-1.893218620274081e-19,-1.9224447592117576e-18,4.6193447205595335e-21,-1.893218620274081e-19,-1553.2687340635923,16.546118708442826,-262.85619679143264,-1680629.7739611547,317.59627530071924,149206.56640504298,0.07854178492512588,4561.096079693792
302.3532456752969,2001.0,12.0,14.0,14.0,26.0,30.0,1.0,3490195.8604910267,-37221.560004583494,591691.745120216,-444.96513197795133,-285.20397037139884,4533.73021029016,3540190.9143944876,4564.43259267671,3488596.6975508514,-112007.45937287851,591691.745120216,3540190.914394488,-458.914184850552,-522.8828960251678,4533.73021029016,4586.798270221874,12741648.90365884,0.7238035020482023,1.6336206735761736,2.1073424255447017e-08,7.561513457516179e-07,0.16825797336679732,0.16792362984644763,-0.032095712262948856,143990.91439448763,0.07061834624125392,0.07027343492046088,323.87735921144485,-16086888607.995512,-1011980013.1457263,-198426109.09402305,-16087891974.099424,-1875529356.1945117,16118687559.260595,16198063200.796886,-0.9854261484503976,0.03163881894545685,-0.1671355470447612,0.03209020206203749,0.9994849768413818,0.0,-0.1670494683674048,0.00536341347641556,0.9859339272558016,4543.815364784066,-537.340248145459,-0.11771080992865203,5.396750140371537e-10,186.82987770641088,0.0,-87.92987770641089,6.7,0.0,3.03769731529763e-17,2.2960936193868453,1.5707963267948966,17.26364548366145,461.0,0.00260831011592522,4.356549553716548,0.0,0.005721062058951629,-1553.0966001229297,16.56316166917271,-263.29595082888136,0.014525022746332522,0.019165586864860022,-0.1424819185518365,0.014110971077473599,0.019472454927581057,-0.1424819185518365,-1.9015521768194043e-18,4.534153403175482e-20,-1.877507811830595e-19,-1.9020871560905255e-18,4.58110362513664e-21,-1.877507811830595e-19,-1553.082489151852,16.58263412410029,-263.4384327474332,-1680630.2042941116,317.7847597370995,149274.13230779587,0.07864477651419244,4561.042549650891
302.65324567529694,2001.0,12.0,14.0,14.0,26.0,30.0,1.0,3490062.219355768,-37307.119575679186,593051.8384470037,-445.9757540115445,-285.19316718884414,4533.55858589362,3540287.643572329,4564.360083024469,3488458.86922246,-112164.31646784175,593051.8384470037,3540287.6435723286,-459.94132151245094,-522.8310568353505,4533.55858589362,4586.72560602397,12741645.675403455,0.7238034321634752,1.6336206721057311,2.1073424255447017e-08,7.46546688668468e-07,0.16864380371250104,0.16830866760704627,-0.03214189769740586,144087.6435723286,0.07078013297822439,0.07043442575427757,319.8465874195099,-16086888280.682621,-1011979968.8069605,-198437580.5002786,-16087901704.400936,-1875463641.2649906,16118687229.809706,16198065396.630806,-0.9853602928440099,0.03168226081049795,-0.16751515643756693,0.03213636367568403,0.9994834936754604,0.0,-0.16742863379981068,0.005383327988466754,0.9858695006762799,4543.689915389013,-537.3418528654282,-0.11771437824093352,5.339413856602843e-10,186.9680622461837,0.0,-88.0680622461837,6.7,0.0,3.0379329177814736e-17,2.2961320961924043,1.5707963267948966,17.25699129828762,461.0,0.002580479534132376,4.357327911927307,0.0,0.0056601480192336635,-1552.9098367137092,16.599873964201407,-263.87954589975806,0.014403012083047286,0.018964734150545625,-0.14096353279242532,0.013992882927681098,0.019269331224448048,-0.14096353279242532,-1.8814073464950138e-18,4.4911826368989403e-20,-1.861913601161435e-19,-1.8819378404019753e-18,4.5431769011527585e-21,-1.861913601161435e-19,-1552.8958438307816,16.619143295425854,-264.02050943255045,-1680630.630102804,317.97324417347977,149341.78595847444,0.07874777170500719,4560.988951018805
302.953245675297,2001.0,12.0,14.0,14.0,26.0,30.0,1.0,3489928.275052131,-37392.67590225724,594411.8802296662,-446.98625445466905,-285.18234025278343,4533.386582766195,3540384.592184533,4564.287412912121,3488320.7327717775,-112321.15799813825,594411.8802296662,3540384.592184533,-460.9683334128834,-522.7791315818823,4533.386582766195,4586.652781019238,12741642.48191848,0.7238033630318421,1.6336206706507674,1.4901161193847656e-08,7.371181372423122e-07,0.16902961286331544,0.16869368419368128,-0.032188085028260344,144184.5921845329,0.07094190986347318,0.07059540674556725,315.8489356637001,-16086887956.884918,-1011979924.9393138,-198449104.0811031,-16087911460.123005,-1875397780.3669124,16118686903.896648,16198067601.731783,-0.9852942927365329,0.031725693939039665,-0.16789472012217033,0.03218252711619584,0.9994820083165156,0.0,-0.16780775205344609,0.005403276382997858,0.985804931492584,4543.564189315867,-537.3434622291915,-0.11771795485754512,5.282310291916447e-10,187.1065602636184,0.0,-88.1,6.7,0.0,3.0381689846747565e-17,2.2961706488417803,1.5707963267948966,17.25032932944676,461.0,0.002552763722786359,4.358097872284594,0.0,0.005599448029237921,-1552.7226733645666,16.636575630007865,-264.46297201797915,0.014280783821103643,0.018761325432499597,-0.13945094108408046,0.013874640758076519,0.019063642421205177,-0.13945094108408046,-1.8613325011463938e-18,4.4482666229025254e-20,-1.8462932620378723e-19,-1.861858504566409e-18,4.505151769693618e-21,-1.8462932620378723e-19,-1552.7087987238085,16.65563927242907,-264.60242295906323,-1680631.0513254758,318.16172860986,149409.52735707862,0.07885077050231827,4560.9352837990045
303.178801022959,2001.0,12.0,14.0,14.0,26.0,31.0,1.0,3489827.369238526,-37456.99938440676,595434.3952045875,-447.7459201423437,-285.17418436237824,4533.257012609151,3540457.627607175,4564.2326700992035,3488216.6718256585,-112439.06921840736,595434.3952045875,3540457.627607175,-461.740411167783,-522.7400348485332,4533.257012609151,4586.597921521886,12741640.101906817,0.7238033115102959,1.6336206695662787,2.1073424255447017e-08,7.301568984985514e-07,0.16931966994061373,0.16898314538771692,-0.032222812278093996,144257.62760717561,0.07106353550161833,0.07071643399596982,312.86311560869217,-16086887715.561172,-1011979892.2432433,-198457802.52632952,-16087918811.519028,-1875348166.6416094,16118686660.996227,16198069265.549442,-0.9852445753412888,0.031758343424773454,-0.1681800653569784,0.03221723635819014,0.9994808901031778,0.0,-0.1680927614206034,0.005418296916341639,0.9857562911878993,4543.469479804942,-537.3446752856985,-0.11772064940998653,5.246389544368567e-10,187.19661086739373,0.0,-88.2,6.7,0.0,3.038323438114934e-17,2.2961958730027847,1.5707963267948966,17.245973433819398,461.0,0.0025353156022226418,4.358671704990753,0.0,0.005561271212193907,-1552.5816911230038,16.664162806805223,-264.90151014583194,0.01420750449721141,0.01863563312360086,-0.13849896736255193,0.013803774488668822,0.018936626305171355,-0.13849896736255193,-1.8487031656581994e-18,4.4218254812428706e-20,-1.836939570780259e-19,-1.849226475232621e-18,4.4824181019154745e-21,-1.836939570780259e-19,-1552.5678873485151,16.683099433110396,-265.0400091131945,-1680631.3652506452,318.35021304624024,149477.35650360852,0.07895377291087453,4560.881547992952
303.41075641787876,2001.0,12.0,14.0,14.0,26.0,31.0,1.0,3489723.4215597934,-37523.14610081875,596485.8931492371,-448.5270691005921,-285.1657830475436,4533.123542720094,3540532.8647256386,4564.176279363041,3488109.476569046,-112560.31692168649,596485.8931492371,3540532.8647256386,-462.5343225067856,-522.6997780366944,4533.123542720094,4586.541410585932,12741637.67294995,0.7238032589294326,1.6336206684593693,2.1073424255447017e-08,7.229751033013146e-07,0.16961794473754724,0.16928080740252283,-0.03225852602323782,144332.86472563865,0.07118860639008086,0.07084088952310597,309.81016847491264,-16086887469.268494,-1011979858.8724852,-198466778.6626063,-16087926386.292841,-1875297059.098852,16118686413.094318,16198070981.844564,-0.9851933620843102,0.03179191416160148,-0.16847348010578622,0.03225293154342173,0.9994797388676048,0.0,-0.16838582990224782,0.0054337636207339455,0.9857061867012124,4543.371919855232,-537.3459254985646,-0.11772342531562247,5.202363013920782e-10,187.30409246519807,0.0,-88.20409246519804,6.7,0.0,3.038506554885084e-17,2.2962257782408133,1.5707963267948966,17.240812129652358,461.0,0.0025139494014517916,4.3592573132017005,0.0,0.005514468473436435,-1552.4364729893962,16.692526470245017,-265.3523916616397,0.014112466374801283,0.01847816325858072,-0.13733278976521482,0.013711833354985372,0.01877737603169756,-0.13733278976521482,-1.8332225061624683e-18,4.3886090050417525e-20,-1.8247904729713677e-19,-1.8337423260272157e-18,4.452834693884424e-21,-1.8247904729713677e-19,-1552.4227611560411,16.711303846276714,-265.48972445140487,-1680631.6856318396,318.5386974826205,149545.273398064,0.07905677893542482,4560.827743602124
303.7107564178788,2001.0,12.0,14.0,14.0,26.0,31.0,1.0,3489588.711907142,-37608.69420329564,597845.804277725,-449.53726135656876,-285.15489614303584,4532.95058361002,3540630.36729929,4564.103204090889,3487970.5622647787,-112717.11903587903,597845.804277725,3540630.36729929,-463.561018193428,-522.6476355512173,4532.95058361002,4586.468179545806,12741634.5615381,0.7238031915754607,1.63362066704121,2.1073424255447017e-08,7.137018450992287e-07,0.1700037001794962,0.16966577031943986,-0.03230471816275326,144430.3672992899,0.07135035830397143,0.07100184556632204,305.89072465896606,-16086887153.76694,-1011979816.1211374,-198478434.48655915,-16087936205.586348,-1875230829.7080383,16118686095.531126,16198073209.757381,-0.9851269972937958,0.03183532516608251,-0.16885292794168397,0.03229909961653668,0.9994782479693898,0.0,-0.1687648285836559,0.005453797540132341,0.985641257621413,4543.245495349452,-537.3475465910475,-0.11772702290263634,5.147081076109908e-10,187.4,0.0,-88.3,6.7,0.0,3.0386729608990846e-17,2.2962529544052583,1.5707963267948966,17.236124610264064,461.0,0.002487118524757523,4.3600074369382105,0.0,0.005455727647937416,-1552.2483007083108,16.72920120062493,-265.93538963751274,0.013993505399931116,0.018283086795658505,-0.1358680943058918,0.01359669987643411,0.01858007558180699,-0.1358680943058918,-1.8137514117406192e-18,4.346876644345532e-20,-1.8095489651298503e-19,-1.814266854241497e-18,4.415749978167568e-21,-1.8095489651298503e-19,-1552.2347040084344,16.747781276206737,-266.07125773181866,-1680632.0960295256,318.7271819190007,149613.27804044515,0.07915978858071868,4560.77387062799
304.0107564178789,2001.0,12.0,14.0,14.0,26.0,32.0,1.0,3489453.6992158806,-37694.2390360057,599205.6634595644,-450.54733109714,-285.1439855039914,4532.7772461103905,3540728.0892141256,4564.029968447178,3487831.3399713524,-112873.90549430711,599205.6634595644,3540728.0892141256,-464.5875881782436,-522.5954070780929,4532.7772461103905,4586.394787787515,12741631.48322366,0.7238031249383392,1.6336206656379844,2.1073424255447017e-08,7.046216975174626e-07,0.1703894342689666,0.17005071189916388,-0.03235091221458676,144528.0892141261,0.07151210029145381,0.07116279169238261,302.00357088446617,-16086886841.611471,-1011979773.8214723,-198490142.88506007,-16087946050.102283,-1875164454.4539182,16118685781.335777,16198075446.764399,-0.9850604881510362,0.03187872738325969,-0.16923232972474872,0.032345269532052044,0.9994767548767199,0.0,-0.16914377973351893,0.005473865318484101,0.9855761860840256,4543.118794397275,-537.349172340762,-0.11773062879562156,5.091806163356503e-10,187.48298459160875,0.0,-88.38298459160875,6.7,0.0,3.0388182579772936e-17,2.2962766832188737,1.5707963267948966,17.23203387318354,461.0,0.002460293013074185,4.360749591945637,0.0,0.005396992840607803,-1552.059729225331,16.765865225471927,-266.51821744713743,0.013873855089287096,0.018087588152276582,-0.13440343037648392,0.01348089471634029,0.018382333308148403,-0.13440343037648392,-1.794268637207722e-18,4.305011062626041e-20,-1.794206466710399e-19,-1.7947796756117437e-18,4.378413319204726e-21,-1.794206466710399e-19,-1552.0462483306146,16.784247558780077,-266.6526208775139,-1680632.5020618327,318.915666355381,149681.37043075197,0.07926280185150583,4560.719929072029
304.31075641787896,2001.0,12.0,14.0,14.0,26.0,32.0,1.0,3489318.383522117,-37779.78059196307,600565.4705833847,-451.5572780691943,-285.1330511368883,4532.603530342513,3540826.0304431817,4563.956572481963,3487691.8097258294,-113030.67627129653,600565.4705833847,3540826.0304431817,-465.6140322037818,-522.543092639779,4532.603530342513,4586.321235361084,12741628.438378159,0.7238030590261061,1.6336206642494422,1.4901161193847656e-08,6.954230004297655e-07,0.17077514695728488,0.17043563209623439,-0.03239710818330905,144626.03044318128,0.07167383233072434,0.0713237278795158,298.14820423722267,-16086886532.840359,-1011979731.9718544,-198501903.9729743,-16087955919.870655,-1875097933.3699613,16118685470.546362,16198077692.90265,-0.9849938346983114,0.03192212079878695,-0.16961168535812418,0.03239144129442907,0.9994752595891854,0.0,-0.1695226832526704,0.005493966949126855,0.9855109721306895,4542.991817089668,-537.3508027526701,-0.11773424299465167,5.037068753084715e-10,187.6229006331161,0.0,-88.5,6.6,0.0,3.0390564818464527e-17,2.2963155881291426,1.5707963267948966,17.225331203210953,461.0,0.002433730715442274,4.361483679352093,0.0,0.005338612085182367,-1551.870758750867,16.802518523262577,-267.1008747482218,0.013754348743612517,0.01789474195579446,-0.1329483311342432,0.013365184694244506,0.01818724105284026,-0.1329483311342432,-1.774956725663234e-18,4.2634206049475814e-20,-1.7789200881330627e-19,-1.775463378804367e-18,4.340970766881899e-21,-1.7789200881330627e-19,-1551.8573935661727,16.820705764315417,-267.23382307935606,-1680632.9036797527,319.10415079176124,149749.5505689844,0.07936581875253641,4560.665918935719
304.61075641787903,2001.0,12.0,14.0,14.0,26.0,32.0,1.0,3489182.7648627097,-37865.31886405199,601925.2255357483,-452.567102011207,-285.1220930473046,4532.42943639303,3540924.190959744,4563.883016209831,3487551.9715660256,-113187.43134106262,601925.2255357483,3540924.1909597446,-466.6403500041553,-522.4906922580911,4532.42943639303,4586.247522281194,12741625.426151069,0.7238029938203426,1.63362066287561,2.1073424255447017e-08,6.867479456545793e-07,0.17116083820060013,0.17082053086459156,-0.03244330607345198,144724.19095974462,0.07183555440047472,0.07148465410643834,294.32488590478897,-16086886227.367123,-1011979690.5672714,-198513717.86216646,-16087965814.796736,-1875031266.486668,16118685163.07626,16198079948.08491,-0.984927036978091,0.03196550539829092,-0.1699909947443976,0.032437614908090086,0.9994737621063768,0.0,-0.1699015390413884,0.005514102425361935,0.9854456158032315,4542.864563482132,-537.3524378307707,-0.11773786550050452,4.986009294121306e-10,187.75523869968077,0.0,-88.55523869968077,6.6,0.0,3.039282291959048e-17,2.296352465719114,1.5707963267948966,17.218982797028282,461.0,0.0024089474513562486,4.362209904396142,0.0,0.005284344289531583,-1551.6813894956242,16.83916107242921,-267.6833611977696,0.013644946362457378,0.017713451617939913,-0.13159583330059546,0.013259335095588904,0.01800391519304402,-0.13159583330059546,-1.757003234641598e-18,4.2250226168246755e-20,-1.7649356347945526e-19,-1.7575058743656465e-18,4.306938884025364e-21,-1.7649356347945526e-19,-1551.6681301605286,16.857164987622255,-267.8149570310702,-1680633.3009954616,319.2926352281415,149817.81845514255,0.07946883928856091,4560.611840220542
304.9107564178791,2001.0,12.0,14.0,14.0,26.0,32.0,1.0,3489046.8432746097,-37950.85384515437,603284.9282031992,-453.5768026546221,-285.11111122857875,4532.254964279365,3541022.570737051,4563.8092995750085,3487411.8255298515,-113344.17067782352,603284.9282031992,3541022.5707370513,-467.6665413061837,-522.4382059427884,4532.254964279365,4586.17364849184,12741622.44325489,0.7238029292498773,1.6336206615148108,1.4901161193847656e-08,6.776342988552028e-07,0.17154650796241747,0.17120540815817814,-0.03248950588954708,144822.5707370513,0.07199726647943563,0.07164557035188467,290.5291259586811,-16086885924.858727,-1011979649.5596869,-198525584.66389,-16087975734.53917,-1874964453.7915957,16118684858.590073,16198082211.974024,-0.9848600950329326,0.03200888116740564,-0.17037025778619297,0.03248379037745705,0.9994722624278842,0.0,-0.17028034699998815,0.005534271740480012,0.9853801171435651,4542.73703356071,-537.3540775667441,-0.11774149631307028,4.934139160785705e-10,187.88938676721614,0.0,-88.6,6.6,0.0,3.0395110132698956e-17,2.2963898187438407,1.5707963267948966,17.21255749085296,461.0,0.0023837746450893114,4.362929045420517,0.0,0.0052292168481996365,-1551.4916216707024,16.875792851420915,-268.2656764530594,0.013532690678396164,0.01752897376432037,-0.13022201034109399,0.013150709548999967,0.017817336405457,-0.13022201034109399,-1.7387637200819293e-18,4.1858391571601406e-20,-1.7505809409100389e-19,-1.739262242803407e-18,4.271999130893466e-21,-1.7505809409100389e-19,-1551.4784709611533,16.893610187826372,-268.3958984634005,-1680633.6944425832,319.4811196645217,149886.17408922635,0.07957186346433025,4560.557692927982
305.21075641787917,2001.0,12.0,14.0,14.0,26.0,33.0,1.0,3488910.6187948436,-38036.38552815524,604644.5784723226,-454.5863797509888,-285.10010570380695,4532.080114216411,3541121.1697482816,4563.735422721531,3487271.371655294,-113500.8942558053,604644.5784723226,3541121.1697482816,-468.69260585743183,-522.3856337329742,4532.080114216411,4586.099614137472,12741619.493312757,0.7238028653931349,1.6336206601691123,2.1073424255447017e-08,6.688945200283485e-07,0.17193215618558494,0.17159026393095653,-0.032535707636127155,144921.1697482816,0.07215896854630403,0.07180647659457429,286.76687172055244,-16086885625.68238,-1011979609.0056014,-198537504.4940436,-16087985679.456907,-1874897495.3769112,16118684557.457832,16198084484.940554,-0.9847930089054775,0.03205224809177412,-0.17074947438618807,0.03252996770695316,0.9994707605532963,0.0,-0.17065910702883896,0.005554474887761924,0.9853144761936874,4542.6092275093215,-537.3557219822413,-0.117745135433667,4.880507850932856e-10,188.0,0.0,-88.63024249754511,6.6,0.0,3.039701313675442e-17,2.2964208971585602,1.5707963267948966,17.207215304928535,461.0,0.002357752639236743,4.363640231193504,0.0,0.005172221400288487,-1551.3014554876008,16.912413838706147,-268.8478201716743,0.013414910076989401,0.017337773814390812,-0.1288013868051683,0.013036713733949485,0.01762391296596021,-0.1288013868051683,-1.7198794221454878e-18,4.14500314659808e-20,-1.7354919132200443e-19,-1.7203736205793572e-18,4.235261822151317e-21,-1.7354919132200443e-19,-1551.2884187738669,16.930037751672106,-268.97662155847945,-1680634.0835432094,319.669604100902,149954.61747123578,0.07967489128459576,4560.503477059526
305.51075641787924,2001.0,12.0,14.0,14.0,26.0,33.0,1.0,3488774.091460515,-38121.913905942885,606004.1762297451,-455.5958330390135,-285.0890764747319,4531.904886290839,3541219.9879665603,4563.661385663327,3487130.6099804193,-113657.60204924217,606004.1762297451,3541219.9879665603,-469.71854339216554,-522.3329756467081,4531.904886290839,4586.025419231907,12741616.575443383,0.7238028022310302,1.6336206588377125,1.4901161193847656e-08,6.598707981552163e-07,0.17231778282643062,0.17197509813690898,-0.03258191131772637,145019.9879665603,0.07232066057979711,0.07196737281326278,283.036067456007,-16086885329.749304,-1011979568.8864695,-198549477.46664542,-16087995649.452824,-1874830391.259809,16118684259.589773,16198086766.893387,-0.9847257786384516,0.03209560615704833,-0.17112864444711465,0.0325761469010029,0.9994692564822013,0.0,-0.17103781902836465,0.005574711860478701,0.9852486929956786,4542.481145383298,-537.3573710774193,-0.11774878286225131,4.827577789103834e-10,188.07141138080044,0.0,-88.7,6.6,0.0,3.039827678408711e-17,2.296441534085609,1.5707963267948966,17.20366984530325,461.0,0.0023320707817191606,4.364343678059346,0.0,0.005115984128010406,-1551.1108911582153,16.949024012772785,-269.42979201150104,0.0132984041107488,0.017150127306719026,-0.12739893741719202,0.012923923542461628,0.01743406489600335,-0.12739893741719202,-1.7012096038693476e-18,4.104584542787216e-20,-1.720534861532024e-19,-1.7016995173434458e-18,4.19885666284157e-21,-1.720534861532024e-19,-1551.0979672346728,16.96645807766879,-269.5571909489182,-1680634.468413584,319.85808853728224,150023.14860117083,0.07977792275410889,4560.449192616668
305.8107564178793,2001.0,12.0,14.0,14.0,26.0,33.0,1.0,3488637.2613088056,-38207.43897140697,607363.721362123,-456.6051622586507,-285.07802354738214,4531.729280600381,3541319.0253649564,4563.587188425546,3486989.540543371,-113814.29403237459,607363.721362123,3541319.0253649564,-470.7443536459931,-522.280231706336,4531.729280600381,4585.951063800359,12741613.689150933,0.7238027397528234,1.6336206575205843,1.4901161193847656e-08,6.515744659029196e-07,0.17270338784015649,0.1723599107300342,-0.03262811693887968,145119.0253649559,0.07248234255865674,0.0721282589866967,279.3368199169636,-16086885037.009205,-1011979529.1986932,-198561503.69434094,-16088005644.4683,-1874763141.4725072,16118683964.935472,16198089057.781387,-0.9846584042746653,0.032138955348888755,-0.17150776787175515,0.032622327964031486,0.9994677502141863,0.0,-0.17141648289904002,0.005594982651891379,0.9851827675917033,4542.352787248997,-537.3590248567313,-0.11775243859943219,4.775825768707907e-10,188.21128170619482,0.0,-88.8,6.6,0.0,3.0400656421461424e-17,2.296480396513142,1.5707963267948966,17.19699732509451,461.0,0.0023069616009684124,4.365039500392209,0.0,0.005061007083533767,-1550.919928894836,16.9856233521273,-270.0115916307258,0.013184654534538591,0.016967643697837993,-0.12602879513983206,0.012813785268257698,0.0172494334675343,-0.12602879513983206,-1.6830196638390101e-18,4.065225756036194e-20,-1.7059799545731267e-19,-1.6835054085687573e-18,4.163440076452992e-21,-1.7059799545731267e-19,-1550.9071151095677,17.002872785594832,-270.13762042586563,-1680634.8491190951,320.0465729736625,150091.76747903158,0.07988095787762178,4560.394839600897
306.1107564178794,2001.0,12.0,14.0,14.0,26.0,34.0,1.0,3488500.128376975,-38292.960717437905,608723.2137561364,-457.61436714427674,-285.06694691903596,4531.553297187046,3541418.281916481,4563.512830976745,3486848.163382374,-113970.97017944868,608723.2137561364,3541418.281916481,-471.77003634875757,-522.2274019256041,4531.553297187046,4585.876547811254,12741610.8319789,0.7238026779053339,1.6336206562165676,1.4901161193847656e-08,6.426530674948751e-07,0.17308897118790034,0.17274470166434577,-0.032674324504122644,145218.28191648098,0.07264401446161084,0.07228913509363363,275.6660457253456,-16086884747.21316,-1011979489.9078803,-198573583.28861588,-16088015664.24606,-1874695746.0165033,16118683673.24434,16198091357.35254,-0.9845908858570145,0.03218229565296419,-0.17188684456294115,0.03266851090046471,0.9994662417488378,0.0,-0.17179509854138944,0.0056152872552509255,0.98511670002401,4542.224153116858,-537.3606833158153,-0.11775610264534382,4.72805098700291e-10,188.34040273782998,0.0,-88.84040273782998,6.6,0.0,3.0402860419700343e-17,2.296516390535916,1.5707963267948966,17.19082208479712,461.0,0.0022837754438438393,4.365728291453875,0.0,0.005010229563091407,-1550.7285689101525,17.022211835294566,-270.5932186878324,0.013081188149859967,0.016797570874387782,-0.12476330952702783,0.012713666356927484,0.01707742833265149,-0.12476330952702783,-1.6662150566104328e-18,4.0291169179562245e-20,-1.6927475684804493e-19,-1.666697010888703e-18,4.131232724743075e-21,-1.6927475684804493e-19,-1550.7158552437957,17.039289263627218,-270.71798199735946,-1680635.2259837613,320.2350574100427,150160.47410481796,0.07998399665988672,4560.340418013712
306.41075641787944,2001.0,12.0,14.0,14.0,26.0,34.0,1.0,3488362.6927023623,-38378.47913692687,610082.6532984884,-458.6234474433812,-285.0558466037777,4531.376936220505,3541517.7575940886,4563.438313414456,3486706.4785357327,-114127.63046471623,610082.6532984884,3541517.757594089,-472.79559124377806,-522.174486334804,4531.376936220505,4585.8018713622705,12741608.00593031,0.7238026167319128,1.6336206549263983,1.4901161193847656e-08,6.339564140493573e-07,0.17347453281737146,0.17312947089387207,-0.03272053401799143,145317.75759408902,0.07280567626738578,0.07245000111282364,272.02598932385445,-16086884460.5647,-1011979451.0387168,-198585716.3653993,-16088025708.981266,-1874628204.9524465,16118683384.721058,16198093665.811102,-0.9845232234284794,0.03222562705495178,-0.17226587442355354,0.0327146957147289,0.9994647310857411,0.0,-0.17217366585598698,0.005635625663798254,0.9850504903349312,4542.095243125227,-537.3623464672554,-0.11775977500051722,4.676296094468511e-10,188.48251084869858,0.0,-88.9,6.517489151301417,0.0,3.0405275593742395e-17,2.2965558333212766,1.5707963267948966,17.18406044420673,461.0,0.0022586691014317354,4.366409572327776,0.0,0.004955067320256544,-1550.5368114172516,17.058789440817886,-271.1746728416025,0.012965535727687123,0.016613636345647158,-0.12338874279857444,0.012601672643644026,0.016891295862478204,-0.12338874279857444,-1.6479619006905062e-18,3.989386996986515e-20,-1.6779429130717479e-19,-1.648439619152295e-18,4.094996663580101e-21,-1.6779429130717479e-19,-1550.524209744608,17.075680736680365,-271.29806158440107,-1680635.5987433698,320.42354184642295,150229.26847852996,0.08008703910565645,4560.285927856611
306.7107564178795,2001.0,12.0,14.0,14.0,26.0,34.0,1.0,3488224.9543223805,-38463.994222769266,611442.039875931,-459.63240289778474,-285.04472261036517,4531.200197812638,3541617.452370679,4563.36363577777,3486564.486041827,-114284.27486243818,611442.039875931,3541617.4523706795,-473.8210180685933,-522.1214849590526,4531.200197812638,4585.727034492644,12741605.210983457,0.7238025562320829,1.633620653650447,1.4901161193847656e-08,6.253163593518028e-07,0.17386007268235887,0.17351421837266334,-0.032766745485023875,145417.45237067947,0.07296732795471693,0.0726108570230123,268.41787430644035,-16086884177.06145,-1011979412.5970346,-198597903.03714043,-16088035778.663198,-1874560518.3222063,16118683099.363619,16198095983.154636,-0.9844554170321244,0.032268949540537994,-0.17264485735652937,0.03276088241125201,0.9994632182244808,0.0,-0.1725521847434633,0.005655997870764635,0.9849841385668825,4541.966057354468,-537.3640143182445,-0.11776345566580483,4.62427381466026e-10,188.6,0.0,-88.92493195811355,6.5,0.0,3.0407289358173244e-17,2.2965887205901976,1.5707963267948966,17.178426825844138,461.0,0.002233435268251282,4.3670833693959485,0.0,0.004899755217110637,-1550.3446566296122,17.095356147260503,-271.755953751127,0.012848925169416645,0.016427974494226776,-0.12201025512984182,0.012488766492284687,0.01670341089398873,-0.12201025512984182,-1.6296353883845576e-18,3.9493997054572284e-20,-1.6629960129913823e-19,-1.6301088316367994e-18,4.0585586533447754e-21,-1.6629960129913823e-19,-1550.33216786312,17.112059558154492,-271.87796400625683,-1680635.96740078,320.61202628280324,150298.1506001677,0.08019008521968417,4560.2313691310965
307.0107564178796,2001.0,12.0,14.0,14.0,26.0,35.0,1.0,3488086.913274524,-38549.50596786255,612801.3733752491,-460.6412332481019,-285.0335749428145,4531.02308206475,3541717.3662190996,4563.288798094699,3486422.18593912,-114440.9033468824,612801.3733752491,3541717.3662190996,-474.84631655943457,-522.0683978187801,4531.02308206475,4585.65203723033,12741602.44673084,0.7238024963970162,1.633620652388203,1.4901161193847656e-08,6.169152720118993e-07,0.17424559073795898,0.17389894405478717,-0.032812958909758744,145517.36621909915,0.07312896950240028,0.07277170280301562,264.84043565392494,-16086883896.662558,-1011979374.5720257,-198610143.41790098,-16088045873.242596,-1874492686.151087,16118682817.130573,16198098309.340528,-0.9843874667110977,0.032312263095417994,-0.1730237932648575,0.03280707099446287,0.9994617031646407,0.0,-0.17293065510450117,0.005676403869371446,0.9849176447623628,4541.836595874243,-537.3656868712177,-0.11776714464130379,4.573640230177572e-10,188.66766602728453,0.0,-89.0,6.5,0.0,3.040849167010217e-17,2.2966083558340866,1.5707963267948966,17.17506511724391,461.0,0.0022088733055260993,4.36774975831762,0.0,0.00484596913633004,-1550.1521047611043,17.131911933204677,-272.3370610757986,0.01273567285903593,0.016248583159261903,-0.12066891660091496,0.012379089344056843,0.016521863238378783,-0.12066891660091496,-1.6117714090184154e-18,3.9104430763465056e-20,-1.6484445500938014e-19,-1.6122406910201578e-18,4.023139742369092e-21,-1.6484445500938014e-19,-1550.1397256717603,17.148433796443054,-272.4577299923995,-1680636.3320097364,320.8005107191835,150367.12046973102,0.08029313500672319,4560.1767418386735
307.31075641787965,2001.0,12.0,14.0,14.0,26.0,35.0,1.0,3487948.569596361,-38635.01436510522,614160.6536832544,-461.6499382332569,-285.0224036049446,4530.845589059117,3541817.499112135,4563.2138003740265,3486279.5782661494,-114597.51589232273,614160.6536832544,3541817.4991121343,-475.8714864508411,-522.015224934284,4530.845589059117,4585.576879584136,12741599.712096656,0.7238024372034217,1.633620651139373,1.4901161193847656e-08,6.087630455439035e-07,0.1746310869412487,0.17428364789432715,-0.032859174296735544,145617.49911213433,0.07329060088918245,0.07293253843161401,261.2930125594139,-16086883619.258898,-1011979336.952075,-198622437.6196115,-16088055992.60193,-1874424708.463658,16118682537.912281,16198100644.258263,-0.9843193725086322,0.032355567705295414,-0.17340268205157738,0.03285326146879098,0.9994601859058034,0.0,-0.17330907683983446,0.005696843652830101,0.9848510089639547,4541.706858735102,-537.3673641283909,-0.11777084192755745,4.5282504439328326e-10,188.79642730304906,0.0,-89.1,6.5,0.0,3.041068860624589e-17,2.296644234524093,1.5707963267948966,17.168925926167283,461.0,0.002186847091153021,4.368408997071601,0.0,0.0047977486876824346,-1549.959156026,17.16845677725137,-272.9179944753124,0.012636562597399729,0.016088589938264078,-0.11946696015360707,0.012283136102363494,0.016360012468529125,-0.11946696015360707,-1.5958099729298268e-18,3.876012271641284e-20,-1.6357624627775657e-19,-1.596275627342272e-18,3.9922886070577834e-21,-1.6357624627775657e-19,-1549.9468728898978,17.1848167897199,-273.037461435466,-1680636.6927121338,320.9889951555637,150436.17808722,0.0803961884715275,4560.122045980848
307.6107564178797,2001.0,12.0,14.0,14.0,26.0,35.0,1.0,3487809.923325542,-38720.51940739545,615519.8806867743,-462.65851759118505,-285.01120859771896,4530.6677188677395,3541917.8510225164,4563.138642613899,3486136.6630615364,-114754.11247303766,615519.8806867743,3541917.8510225164,-476.89652747630225,-521.9619663230568,4530.6677188677395,4585.501561552127,12741597.00563462,0.7238023786199864,1.6336206499031851,1.4901161193847656e-08,6.006850114687287e-07,0.17501656125047807,0.17466832984537933,-0.032905391650494074,145717.85102251638,0.07345222209383846,0.07309336388759835,257.77358293533325,-16086883344.704044,-1011979299.7155166,-198634785.75470752,-16088066136.586355,-1874356585.274516,16118682261.561247,16198102987.759104,-0.9842511344680464,0.032398863355881984,-0.17378152361977559,0.03289945383866611,0.9994586664475512,0.0,-0.17368744985024454,0.005717317214341871,0.9847842312143251,4541.576845977233,-537.3690460891107,-0.11777454752475516,4.4780744887418055e-10,188.9397871750234,0.0,-89.1,6.5,0.0,3.041312272617614e-17,2.296683986719288,1.5707963267948966,17.16212925435702,461.0,0.0021625117453909497,4.369061433321632,0.0,0.0047444315446802275,-1549.7658106389626,17.204990658019568,-273.4987536096591,0.012523415269249239,0.015908939691209815,-0.11813866129639794,0.012173584591151726,0.016178199229416396,-0.11813866129639794,-1.578164569325913e-18,3.8373975277741075e-20,-1.6212745934562846e-19,-1.5786260836538782e-18,3.957001627469085e-21,-1.6212745934562846e-19,-1549.7536370543714,17.221168857248983,-273.6168922709555,-1680637.0496987328,321.17747959194395,150505.32345263465,0.08049924561885123,4560.067281559135
307.9107564178798,2001.0,12.0,14.0,14.0,26.0,35.0,1.0,3487670.9744997933,-38806.021087635694,616879.0542726846,-463.6669710705144,-284.9999899376264,4530.489471665244,3542018.421922923,4563.063324916254,3485993.4403639804,-114910.69306331489,616879.0542726846,3542018.4219229226,-477.9214393803381,-521.9086220179072,4530.489471665244,4585.4260832365,12741594.329486527,0.7238023206930629,1.6336206486808271,1.4901161193847656e-08,5.921219732256477e-07,0.17540201361297747,0.17505298986206175,-0.03295161097557578,145818.4219229226,0.07361383309514719,0.07325417914975756,254.28569465875626,-16086883073.215237,-1011979262.8951954,-198647187.93793792,-16088076305.404701,-1874288316.6528401,16118681988.29634,16198105340.061878,-0.9841827526327412,0.03244215003289879,-0.1741603178725953,0.03294564810851959,0.999457144789465,0.0,-0.17406577403656975,0.00573782454709844,0.9847173115562236,4541.446557743629,-537.3707327683634,-0.1177782614338438,4.428623637437601e-10,189.0834598898894,0.0,-89.1834598898894,6.5,0.0,3.041556141662295e-17,2.2967238135566834,1.5707963267948966,17.155325415202853,461.0,0.002138528651882618,4.369706551455547,0.0,0.004691908915806569,-1549.5720688150443,17.241513554148323,-274.0793381391397,0.012411796010786232,0.01573408070618897,-0.11682987077991952,0.012065463960603198,0.0160012048076894,-0.11682987077991952,-1.560781058993794e-18,3.799328288225149e-20,-1.6069783024868637e-19,-1.5612384891416754e-18,3.922203536063946e-21,-1.6069783024868637e-19,-1549.5600033510837,17.257514758956013,-274.1961680099196,-1680637.402687028,321.36596402832424,150574.55656597498,0.08060230645344903,4560.012448575047
308.21075641787985,2001.0,12.0,14.0,14.0,26.0,36.0,1.0,3487531.723156915,-38891.51939873032,618238.1743278945,-464.6752984124938,-284.9887476288644,4530.31084755289,3542119.2117859717,4562.987847308515,3485849.910212254,-115067.25763744893,618238.1743278945,3542119.2117859717,-478.9462218998255,-521.8551920395431,4530.31084755289,4585.350444664631,12741591.683213286,0.7238022634131412,1.633620647471829,1.4901161193847656e-08,5.843839511611419e-07,0.1757874439839287,0.1754376278985101,-0.03299783227652308,145919.2117859712,0.07377543387187917,0.0734149841969029,250.82818058133125,-16086882804.748404,-1011979226.480745,-198659644.28303808,-16088086499.004433,-1874219902.62467,16118681718.07293,16198107701.120825,-0.9841142270462021,0.0324854277220757,-0.17453906471323213,0.032991844282783706,0.9994556209311249,0.0,-0.17444404929970123,0.005758365644281662,0.9846502500324824,4541.315994103688,-537.3724241687596,-0.11778198365497652,4.3789430151850146e-10,189.12744540853026,0.0,-89.22744540853026,6.4,0.0,3.041637835862784e-17,2.296737155232103,1.5707963267948966,17.153047433892368,461.0,0.0021144347954722966,4.370344475247349,0.0,0.004638935483157643,-1549.3779307696946,17.278025444295878,-274.65974772436175,0.012298034853306467,0.015556862886150468,-0.11550864575511123,0.01195526100385718,0.01582180073320601,-0.11550864575511123,-1.543163690824769e-18,3.7605658582351884e-20,-1.5923357649613114e-19,-1.5436169404125376e-18,3.886323297402976e-21,-1.5923357649613114e-19,-1549.3659755086908,17.293847245029085,-274.77525637011684,-1680637.7517349236,321.5544484647045,150643.87742724095,0.08070537098007574,4559.957547030101
308.5107564178799,2001.0,12.0,14.0,14.0,26.0,36.0,1.0,3487392.1693347893,-38977.01433358583,619597.2407393479,-465.6834993580613,-284.9774816764876,4530.13184662865,3542220.2205842286,4562.912209814708,3485706.0726452144,-115223.80616974141,619597.2407393479,3542220.220584228,-479.9708747713508,-521.8016764095645,4530.13184662865,4585.274645860563,12741589.066255849,0.7238022067681136,1.63362064627595,1.4901161193847656e-08,5.763494850937719e-07,0.17617285231894997,0.17582224390887824,-0.0330440555578794,146020.22058422863,0.07393702440282982,0.07357577900784047,247.40052124857903,-16086882539.247004,-1011979190.4647249,-198672154.90278012,-16088096717.320545,-1874151343.2190475,16118681450.834116,16198110070.878132,-0.9840455577519985,0.03252869640915133,-0.1749177640449345,0.033038042365891654,0.9994540948721105,0.0,-0.1748222755405834,0.005778940499063586,0.9845830466860176,4541.185155123441,-537.3741202937612,-0.11778571418858066,4.3306071448032293e-10,189.2717436917552,0.0,-89.3,6.4,0.0,3.0418826721230726e-17,2.296777140027794,1.5707963267948966,17.14622411566988,461.0,0.002090994258446758,4.370975333562859,0.0,0.004587598627863938,-1549.1833967187517,17.31452630713963,-275.23998202623756,0.012188350329168754,0.015385661980503606,-0.11422947045058075,0.011849009773988749,0.01564849659554493,-0.11422947045058075,-1.526172056481906e-18,3.723264939130041e-20,-1.5782854159878125e-19,-1.5266212946652941e-18,3.852121670866807e-21,-1.5782854159878125e-19,-1549.1715477089776,17.330174803735176,-275.35421149668815,-1680638.0969161633,321.7429329010847,150713.28603643255,0.08080843920348678,4559.902576925817
308.81075641788,2001.0,12.0,14.0,14.0,26.0,36.0,1.0,3487252.3130713734,-39062.50588510993,620956.253394015,-466.6915736472023,-284.9661920854725,4529.952468980403,3542321.4482902028,4562.8364124485815,3485561.9277017955,-115380.3386345001,620956.253394015,3542321.4482902028,-480.9953977305484,-521.7480751495415,4529.952468980403,4585.198686838104,12741586.477696765,0.7238021507381146,1.63362064509307,1.4901161193847656e-08,5.683967805731567e-07,0.17655823857480585,0.1762068378473355,-0.03309028082418889,146121.44829020277,0.07409860466682654,0.07373656356140894,244.0025389790535,-16086882276.617811,-1011979154.8393304,-198684719.90875047,-16088106960.251368,-1874082638.4647238,16118681186.48637,16198112449.239529,-0.9839767447937837,0.03257195607987286,-0.17529641577100136,0.03308424236227734,0.9994525666119999,0.0,-0.17520045266021156,0.005799549104606345,0.9845157015598279,4541.054040858723,-537.3758211467373,-0.1177894530353282,4.286317234618692e-10,189.40206898600397,0.0,-89.30206898600396,6.4,0.0,3.042104743387453e-17,2.296813407017515,1.5707963267948966,17.140040100643745,461.0,0.0020695089612854643,4.371599337247127,0.0,0.00454053139184587,-1548.9884668784462,17.351016121375874,-275.8200407059829,0.012089389315768464,0.015227009509202617,-0.11305667331511675,0.011753212208217137,0.015487968085264744,-0.11305667331511675,-1.5105880426928145e-18,3.6893081410201165e-20,-1.5656144058888107e-19,-1.5110336634577746e-18,3.821266782832354e-21,-1.5656144058888107e-19,-1548.9767136662379,17.366504089461138,-275.933097379298,-1680638.4383517466,321.93141733746495,150782.7823935498,0.08091151112843781,4559.847538263721
309.11075641788005,2001.0,12.0,14.0,14.0,26.0,37.0,1.0,3487112.1544047035,-39147.9940462108,622315.2121788872,-467.6995210197527,-284.9548788578204,4529.772714693442,3542422.8948763455,4562.76045522096,3485417.4754210105,-115536.85500603833,622315.2121788872,3542422.8948763455,-482.01979051283917,-521.694388278101,4529.772714693442,4585.122567607991,12741583.916514795,0.7238020953010345,1.6336206439224616,1.4901161193847656e-08,5.60529317671188e-07,0.17694360270858991,0.1765914096680657,-0.033136508079996324,146222.89487634506,0.07426017464266856,0.07389733783643844,240.63230660557747,-16086882016.757662,-1011979119.5863224,-198697339.41402364,-16088117227.685215,-1874013788.3800898,16118680924.925581,16198114836.099623,-0.9839077882152957,0.032615206719995904,-0.17567501979478095,0.033130444276375216,0.9994510361503709,0.0,-0.17557858055963074,0.005820191454062104,0.9844482146969963,4540.922651362732,-537.3775267280776,-0.1177932001953147,4.2384924154373235e-10,189.54699268049296,0.0,-89.4,6.4,0.0,3.042350498457192e-17,2.2968535418661764,1.5707963267948966,17.133201954026756,461.0,0.0020463191610777883,4.372216730387176,0.0,0.004489747955280527,-1548.793141465401,17.38749486571944,-276.3999234251146,0.011980034868001314,0.015058253948678232,-0.11179122863797172,0.011647251881376178,0.015317107136570857,-0.11179122863797172,-1.4937770228759281e-18,3.652270709135098e-20,-1.551600499621521e-19,-1.4942186451919455e-18,3.7871580504056955e-21,-1.551600499621521e-19,-1548.7814942135196,17.40281197285601,-276.51171465375256,-1680638.7761763725,322.11990177384524,150852.36649859272,0.08101458675968493,4559.792431045337
309.4107564178801,2001.0,12.0,14.0,14.0,26.0,37.0,1.0,3486971.693372892,-39233.47880979987,623674.1169809995,-468.7073412229247,-284.943542006883,4529.592583922657,3542524.560315054,4562.684338213068,3485272.7158419504,-115693.35525867747,623674.1169809995,3542524.5603150534,-483.0440528612691,-521.6406158250834,4529.592583922657,4585.04628825164,12741581.384121398,0.7238020404874175,1.6336206427649032,1.4901161193847656e-08,5.527507362065209e-07,0.17732894466991497,0.1769759593252731,-0.03318273732984775,146324.56031505344,0.07442173430916887,0.07405810181176725,237.2922248840332,-16086881759.8098,-1011979084.7272779,-198710013.53270113,-16088127519.756851,-1873944793.023426,16118680666.29607,16198117231.602428,-0.9838386880603557,0.032658448315285166,-0.17605357601967708,0.033176648112620964,0.9994495034868002,0.0,-0.17595665913994188,0.005840867540573391,0.9843805861406877,4540.790986758366,-537.3792370496009,-0.1177969556693293,4.1914867131184296e-10,189.6922290215049,0.0,-89.49222902150491,6.4,0.0,3.0425967083425526e-17,2.296893750991866,1.5707963267948966,17.12635682492676,461.0,0.0020235268409657674,4.372827173078925,0.0,0.004439833126719905,-1548.5974206966298,17.423962518904997,-276.979629845461,0.01187241495456328,0.014892239443218843,-0.11054744990994593,0.01154297283234706,0.015149020122740567,-0.11054744990994593,-1.4772532860108079e-18,3.615845845538628e-20,-1.5378087506447017e-19,-1.4776909743652872e-18,3.753588545336878e-21,-1.5378087506447017e-19,-1548.5858777237975,17.43911153902774,-277.09017729537095,-1680639.1102038696,322.3083862102255,150922.0383515613,0.0811176661019845,4559.737255272196
309.7107564178802,2001.0,12.0,14.0,14.0,26.0,37.0,1.0,3486830.930014129,-39318.960168790654,625032.967687421,-469.71503399908175,-284.93218153796096,4529.412076774544,3542626.444578668,4562.608061456937,3485127.6490037846,-115849.83936674609,625032.967687421,3542626.4445786676,-484.06818451386266,-521.5867578124137,4529.412076774544,4584.96984880107,12741578.880223451,0.7238019862909113,1.6336206416200911,1.4901161193847656e-08,5.446573162823108e-07,0.17771426441362628,0.17736048677318017,-0.03322896857829027,146426.44457866764,0.07458328364513038,0.07421885546622216,233.98158505558968,-16086881505.744856,-1011979050.255455,-198722742.37817776,-16088137836.42838,-1873875652.4247673,16118680410.568102,16198119635.717197,-0.983769444372868,0.03270168085151421,-0.17643208434914665,0.03322285387545126,0.9994479686208634,0.0,-0.17633468830229942,0.00586157735727299,0.9843128159341499,4540.659047119963,-537.3809521150181,-0.117800719457651,4.143911049751943e-10,189.73777796952518,0.0,-89.5,6.3,0.0,3.0426809688944e-17,2.2969075117842683,1.5707963267948966,17.12401551526677,461.0,0.002000459582079971,4.3734307564793795,0.0,0.0043891066703561675,-1548.4013047895346,17.460419059686526,-277.5591596291582,0.011761698098311834,0.014721632989034268,-0.10928246706440518,0.011435705539782338,0.014976269856911827,-0.10928246706440518,-1.4603804974481993e-18,3.5784468311620526e-20,-1.5235516874490316e-19,-1.4608141213649846e-18,3.7186449203403375e-21,-1.5235516874490316e-19,-1548.3898690839949,17.47539532954344,-277.66844209622263,-1680639.4404728953,322.4968706466057,150991.7979524555,0.08122074916009332,4559.682010945833
310.01075641788026,2001.0,12.0,14.0,14.0,26.0,38.0,1.0,3486689.86436668,-39404.43811609913,626391.7641852557,-470.7225990895065,-284.9207974569413,4529.231193345177,3542728.5476394743,4562.531624974019,3484982.2749457615,-116006.30730458013,626391.7641852557,3542728.5476394743,-485.09218520757827,-521.5328142626541,4529.231193345177,4584.893249277803,12741576.404159188,0.7238019326971871,1.633620640487991,1.4901161193847656e-08,5.370623258036469e-07,0.1780995618958006,0.17774499196602733,-0.03327520182987208,146528.5476394738,0.07474482262940824,0.07437959877866482,230.70044752955437,-16086881254.495579,-1011979016.1660607,-198735526.06220555,-16088148177.624039,-1873806366.6161704,16118680157.674253,16198122048.3758,-0.9837000571968211,0.03274490431446556,-0.17681054468669963,0.03326906156930383,0.9994464315521358,0.0,-0.17671266794791138,0.005882320897283956,0.9842449041207135,4540.526832511326,-537.3826719286116,-0.11780449156095658,4.100580944210483e-10,189.87318454934226,0.0,-89.57318454934223,6.3,0.0,3.042911166084588e-17,2.2969451058383825,1.5707963267948966,17.11762251422073,461.0,0.0019794454189058478,4.374027630153645,0.0,0.004343087239734393,-1548.2047939619067,17.49686446683754,-278.13851243865076,0.01166336433438175,0.014568178104545927,-0.1081356583141176,0.011340448838880997,0.014820934552686689,-0.1081356583141176,-1.445142416238789e-18,3.544996709398411e-20,-1.5109521998538755e-19,-1.4455724479196543e-18,3.687979803041178e-21,-1.5109521998538755e-19,-1548.1934535130679,17.511685401390228,-278.24664809696486,-1680639.7670707274,322.68535508298595,151061.6453012754,0.0813238359387686,4559.626698067782
310.3107564178803,2001.0,12.0,14.0,14.0,26.0,38.0,1.0,3486548.496468892,-39489.91264464075,627750.5063616238,-471.7300362308975,-284.9093897612543,4529.049933686033,3542830.8694697022,4562.455028740337,3484836.5937072104,-116162.75904652014,627750.5063616238,3542830.8694697027,-486.11605467460674,-521.4787851900414,4529.049933686033,4584.816489657699,12741573.953692976,0.7238018796578483,1.6336206393673478,1.4901161193847656e-08,5.295680655216297e-07,0.17848483707742901,0.1781294748580679,-0.033321437089141676,146630.86946970224,0.07490635124084262,0.07454033172796307,227.44533115625381,-16086881005.835506,-1011978982.4245821,-198748364.6965357,-16088158543.108803,-1873736935.6000495,16118679907.386347,16198124469.348486,-0.9836305265762877,0.03278811868992989,-0.1771889569358942,0.033315271198616624,0.9994448922801911,0.0,-0.1770905979780342,0.0059030981537193175,0.9841768507437928,4540.394342951493,-537.3843964861519,-0.11780827197922757,4.0560310995646887e-10,190.01552781386036,0.0,-89.6,6.3,0.0,3.043152580195905e-17,2.2969845317547337,1.5707963267948966,17.110923315535697,461.0,0.001957844451881441,4.374618324022723,0.0,0.004295766538384664,-1548.0078884319275,17.53329871914978,-278.7176879366838,0.011560986628340639,0.014409275812178064,-0.10695669809780198,0.011241275594720683,0.014660060172305844,-0.10695669809780198,-1.4294752334328613e-18,3.5104094103150525e-20,-1.4978322788670398e-19,-1.4299015259292342e-18,3.656031452786235e-21,-1.4978322788670398e-19,-1547.9966471563328,17.547958779322087,-278.8246446347816,-1680640.0902922563,322.8738395193662,151131.5803980209,0.08142692644276787,4559.571316639584
310.6107564178804,2001.0,12.0,14.0,14.0,26.0,38.0,1.0,3486406.8263591854,-39575.383747334046,629109.1941036847,-472.73734517398225,-284.8979584688213,4528.868297980741,3542933.410041524,4562.37827286568,3484690.6053275345,-116319.19456691458,629109.1941036847,3542933.410041524,-487.13979266161715,-521.4246706290165,4528.868297980741,4584.73957005084,12741571.531213121,0.7238018272245836,1.6336206382595355,1.4901161193847656e-08,5.217534720901189e-07,0.17887008990513134,0.17851393540357496,-0.03336767436064884,146733.4100415241,0.07506786945827801,0.07470105429298186,224.2203817665577,-16086880760.00688,-1011978949.0684505,-198761258.39555323,-16088168933.116375,-1873667359.450831,16118679659.948494,16198126898.879429,-0.9835608525554232,0.03283132396370704,-0.17756732100034345,0.033361482767828854,0.9994433508046026,0.0,-0.17746847829397971,0.005923909119682493,0.9841086558468841,4540.261578591928,-537.3861258040548,-0.11781206071352822,4.00977555303932e-10,190.16201434503444,0.0,-89.66201434503445,6.3,0.0,3.043400667511664e-17,2.297025047488076,1.5707963267948966,17.104044600959742,461.0,0.0019354221590992752,4.375202262559787,0.0,0.004246650925257766,-1547.8105884181678,17.569721795434873,-279.2966857863146,0.011453243686424279,0.014245167296302328,-0.10573299948292403,0.0111368598773159,0.014493858503286496,-0.10573299948292403,-1.413211811952148e-18,3.4742731770035203e-20,-1.4840157106259478e-19,-1.4136341680721602e-18,3.6223902121944395e-21,-1.4840157106259478e-19,-1547.7994515582905,17.58421565393816,-279.4024187857975,-1680640.4098224435,323.0623239557465,151201.60324269207,0.08153002067684902,4559.515866662785
310.91075641788046,2001.0,12.0,14.0,14.0,26.0,38.0,1.0,3486264.85407606,-39660.851417100486,630467.8272986399,-473.7445256607936,-284.88650358314635,4528.686286328719,3543036.16932706,4562.30135737428,3484544.3098462196,-116475.61384011999,630467.8272986399,3543036.16932706,-488.16339890627114,-521.3704705998263,4528.686286328719,4584.662490481389,12741569.136146182,0.7238017753849739,1.6336206371639599,0.0,5.140360686379829e-07,0.17925532033474142,0.17889837355684143,-0.033413913648944596,146836.16932705976,0.0752293772605602,0.07486176645258921,221.02402856945992,-16086880516.95203,-1011978916.0844342,-198774207.27272904,-16088179347.580502,-1873597638.1923575,16118679415.302305,16198129336.90902,-0.9834910351784667,0.03287452012160592,-0.17794563678371556,0.03340769628138089,0.9994418071249426,0.0,-0.17784630879711533,0.005944753788267289,0.9840403194735661,4540.128539499615,-537.3878598842194,-0.11781585776394418,3.9643560026886774e-10,190.3,0.0,-89.70881332437108,6.2,0.0,3.0436349111992726e-17,2.2970633023853684,1.5707963267948966,17.09755499203355,461.0,0.0019134052051952987,4.375779591395734,0.0,0.00419823927255698,-1547.6128941395816,17.606133674524223,-279.8755056509125,0.011346652954309217,0.014083361982199132,-0.10452676109468555,0.011033552409457671,0.01432998043316657,-0.10452676109468555,-1.3971746309493388e-18,3.4385795159451323e-20,-1.470340025149053e-19,-1.3975930925050442e-18,3.5888799583073814e-21,-1.470340025149053e-19,-1547.6018605871723,17.62046365495739,-279.9800324120072,-1680640.7257369328,323.2508083921267,151271.71383528895,0.08163311864577033,4559.460348138925
311.21075641788053,2001.0,12.0,14.0,14.0,26.0,39.0,1.0,3486122.5796580915,-39746.3156468632,631826.4058337221,-474.75157743422477,-284.8750251106337,4528.50389883649,3543139.1472983737,4562.224282297547,3484397.7073028283,-116632.01684049956,631826.4058337221,3543139.147298374,-489.1868731471559,-521.3161851256245,4528.50389883649,4584.585250980804,12741566.768163959,0.723801724131909,1.6336206360805554,0.0,5.066394805908257e-07,0.17964052832135377,0.17928278927217764,-0.0334601549585809,146939.14729837375,0.07539087462654946,0.07502246818566352,217.8562372326851,-16086880276.637747,-1011978883.4693929,-198787211.44049484,-16088189786.45939,-1873527771.8586333,16118679173.414444,16198131783.403112,-0.98342107448974,0.032917707149444274,-0.17832390418973149,0.03345391174371401,0.9994402612407826,0.0,-0.17822408938886153,0.00596563215255779,0.9839718416674998,4539.9952257485975,-537.3895987314507,-0.11781966313101355,3.91966333929163e-10,190.3559247119625,0.0,-89.8,6.2,0.0,3.043736025260348e-17,2.297079815564702,1.5707963267948966,17.094755253683687,461.0,0.0018917396346784436,4.376350401065045,0.0,0.004150793248678581,-1547.4148058155129,17.642534335268564,-280.4541471941564,0.011242200388331344,0.013925329587611208,-0.10334349008793263,0.010932306340833864,0.014169917140377401,-0.10334349008793263,-1.3813962151633255e-18,3.4034650678206673e-20,-1.4568880270682312e-19,-1.3818108461793261e-18,3.556134913472585e-21,-1.4568880270682312e-19,-1547.403873509172,17.656704252408943,-280.5574906842443,-1680641.038079001,323.43929282850695,151341.9121758114,0.08173622035429037,4559.404761069561
311.5107564178806,2001.0,12.0,14.0,14.0,26.0,39.0,1.0,3485980.00314393,-39831.776429547084,633184.9295961951,-475.75850023642494,-284.8635230572617,4528.321135603381,3543242.343927469,4562.147047659479,3484250.7977369973,-116788.40354242316,633184.9295961951,3543242.3439274696,-490.2102151221074,-521.2618142291835,4528.321135603381,4584.507851573149,12741564.426679421,0.7238016734526779,1.633620635009263,0.0,4.991332955492854e-07,0.1800257138209545,0.1796671825039113,-0.033506398294110624,147042.34392746957,0.07555236153512922,0.07518315947111412,214.71698972582817,-16086880039.004389,-1011978851.218618,-198800271.01064104,-16088200249.684813,-1873457760.482166,16118678934.225088,16198134238.301126,-0.9833509705336486,0.032960885033048656,-0.178702123122165,0.033500129159270316,0.9994387131516931,0.0,-0.178601819970692,0.005986544205628354,0.9839032224724292,4539.86163740562,-537.3913423501164,-0.11782347681536989,3.8788710271989134e-10,190.49042990933697,0.0,-89.8,6.2,0.0,3.043964577722318e-17,2.2971171410143145,1.5707963267948966,17.08843038801048,461.0,0.0018719596729491507,4.376914814204296,0.0,0.004107457646611286,-1547.216323665694,17.678923756538016,-281.0326100800348,0.011148421378039232,0.013779167671363685,-0.10226379813251577,0.01084147595227447,0.014021952792465486,-0.10226379813251577,-1.3670432081472025e-18,3.371778697640897e-20,-1.4448681699666156e-19,-1.3674544172817337e-18,3.526862154438406e-21,-1.4448681699666156e-19,-1547.2054821897418,17.69294570933048,-281.1348738781673,-1680641.3469260857,323.6277772648872,151412.19826425955,0.0818393258071683,4559.349105456239
311.81075641788067,2001.0,12.0,14.0,14.0,26.0,39.0,1.0,3485837.1245723087,-39917.2337580773,634543.3984733418,-476.765293806097,-284.8519974225356,4528.137996694623,3543345.7591863,4562.069653449323,3484103.581188449,-116944.77392026616,634543.3984733418,3543345.7591863,-491.2334245653747,-521.2073579269081,4528.137996694623,4584.430292247552,12741562.10990082,0.7238016233084934,1.633620633949089,1.4901161193847656e-08,4.919640427595182e-07,0.18041087679330245,0.1800515532063837,-0.033552643660087145,147145.75918629952,0.07571383796517935,0.07534384028783962,211.60352417826653,-16086879803.870462,-1011978819.3046465,-198813386.0949679,-16088210737.066639,-1873387604.0727863,16118678697.55138,16198136701.41879,-0.9832807233546818,0.033004053758254055,-0.1790802934848389,0.03354634853249239,0.9994371628572436,0.0,-0.1789795004441299,0.006007489940543431,0.9838344619321809,4539.727774503205,-537.3930907380687,-0.11782729881711429,3.834960348728774e-10,190.63679883757075,0.0,-89.9,6.2,0.0,3.044212318868343e-17,2.2971576002138483,1.5707963267948966,17.081579983875514,461.0,0.001850676799731552,4.377473262781045,0.0,0.004060846695496828,-1547.017447910241,17.715301917221375,-281.61089397283956,0.011045291905218104,0.013624240285365657,-0.101102409395492,0.01074149740034158,0.013865014613166195,-0.101102409395492,-1.3516064437324644e-18,3.3373422280009647e-20,-1.4316375123258307e-19,-1.352013887290927e-18,3.494656818046637e-21,-1.4316375123258307e-19,-1547.0067064128405,17.72916693183454,-281.71199638223504,-1680641.6525145099,323.8162617012675,151482.57210063335,0.08194243500916336,4559.293381300522
312.11075641788074,2001.0,12.0,14.0,14.0,26.0,40.0,1.0,3485693.9439820326,-40002.68762538223,635901.8123524896,-477.7719578937501,-284.84044822238224,4527.9544822853795,3543449.39304676,4561.992099767536,3483956.0576969795,-117101.12794841203,635901.8123524896,3543449.39304676,-492.2565012233751,-521.1528162513871,4527.9544822853795,4584.352573104701,12741559.81988023,0.7238015737437651,1.6336206329010923,1.4901161193847656e-08,4.849177627346855e-07,0.1807960171860903,0.1804359013339571,-0.033598891061065166,147249.39304675953,0.07587530389557318,0.07550451061474119,208.5190970003605,-16086879571.444279,-1011978787.7576764,-198826556.80782497,-16088221248.804577,-1873317302.6980572,16118678463.603113,16198139172.965736,-0.9832103329974112,0.03304721331090468,-0.1794584151816326,0.033592569867824065,0.9994356103570031,0.0,-0.17935713071075546,0.0060284693503579725,0.9837655600906634,4539.593637184022,-537.394843909713,-0.11783112913711402,3.7913943091996173e-10,190.7848472096565,0.0,-89.9,6.115152790343508,0.0,3.044462727561723e-17,2.297198495056925,1.5707963267948966,17.074661605530196,461.0,0.0018295621667252426,4.378025256977307,0.0,0.004014432961699059,-1546.8181787696585,17.75166879622758,-282.18899853718,0.010941986593164539,0.013468036205584106,-0.09994624192922837,0.01064137797382222,0.013706791917081405,-0.09994624192922837,-1.3362353868576141e-18,3.302960610735676e-20,-1.418385072190721e-19,-1.3366390601506597e-18,3.46220301050474e-21,-1.418385072190721e-19,-1546.8075373916847,17.76537558814466,-282.2889447791092,-1680641.9545736033,324.0047461376477,151553.03368493283,0.08204554796503537,4559.237588603966
312.4107564178808,2001.0,12.0,14.0,14.0,26.0,40.0,1.0,3485550.4614119874,-40088.138024392756,637260.1711210014,-478.7784922413841,-284.82887546036847,4527.770592469153,3543553.2454806925,4561.9143866317145,3483808.227302466,-117257.46560125191,637260.1711210014,3543553.2454806925,-493.2794448337475,-521.0981892230678,4527.770592469153,4584.274694162154,12741557.555801058,0.7238015247408115,1.6336206318647717,1.4901161193847656e-08,4.777675730550751e-07,0.1811811349560243,0.18082022684101237,-0.033645140501600564,147353.24548069248,0.0760367593051922,0.07566517043071078,205.46238681674004,-16086879341.643284,-1011978756.5644281,-198839783.26167554,-16088231784.80742,-1873246856.3821387,16118678232.297064,16198141652.857616,-0.9831397995064918,0.03309036367685386,-0.17983648811647965,0.03363879316971032,0.9994340556505393,0.0,-0.17973471067220329,0.006049482428117327,0.9836965169918674,4539.459225508819,-537.3966018669948,-0.11783496777563898,3.7483697294273997e-10,190.9,0.0,-90.0,6.1,0.0,3.04465979484674e-17,2.2972306785869283,1.5707963267948966,17.069221048610817,461.0,0.0018087101660772833,4.378571007567434,0.0,0.003968740972404873,-1546.6185164648316,17.788024372485275,-282.7669234379767,0.010840231604219316,0.013316143044066354,-0.0988074012323215,0.010542719769381127,0.013552909158828313,-0.0988074012323215,-1.3210788964769916e-18,3.269048203521302e-20,-1.4053087012832512e-19,-1.3214788500311395e-18,3.43034297661221e-21,-1.4053087012832512e-19,-1546.6079737450623,17.801577281644104,-282.865730839209,-1680642.253211068,324.19323057402795,151623.5830171579,0.08214866467954442,4559.181727368135
312.7107564178809,2001.0,12.0,14.0,14.0,26.0,40.0,1.0,3485406.676901132,-40173.584948041316,638618.474666272,-479.7848965923211,-284.8172791427605,4527.5863273523155,3543657.3164598807,4561.836514072377,3483660.0900448603,-117413.78685318341,638618.474666272,3543657.3164598807,-494.3022551355143,-521.0434768650942,4527.5863273523155,4584.196655450478,12741555.317291023,0.7238014762915693,1.6336206308400347,0.0,4.705087364866462e-07,0.18156623005852657,0.18120452968194786,-0.033691391986250055,147457.31645988114,0.0761982041729653,0.07582581971469564,202.43326890468597,-16086879114.429737,-1011978725.7210299,-198853065.56873477,-16088242345.028786,-1873176265.1586704,16118678003.595322,16198144141.055702,-0.983069122926661,0.03313350484196365,-0.18021451219336662,0.03368501844259689,0.9994324987374195,0.0,-0.18011224023016156,0.006070529166857156,0.9836273326798656,4539.324539551155,-537.3983646145709,-0.11783881473322143,3.708222783293079e-10,190.97164557485146,0.0,-90.07164557485144,6.1,0.0,3.044786375438706e-17,2.2972513507663765,1.5707963267948966,17.065728357526044,461.0,0.0017892478362897947,4.379110588868726,0.0,0.003926117501009988,-1546.4184612170327,17.824368624942547,-283.34466834046265,0.010746308238239442,0.013173802335095908,-0.09774457449189143,0.01045168609424457,0.013408745895974237,-0.09774457449189143,-1.306912472262561e-18,3.2375098815339825e-20,-1.3932211773135553e-19,-1.3073089883147336e-18,3.400919030256052e-21,-1.3932211773135553e-19,-1546.4080095309384,17.83777737083852,-283.44241291495456,-1680642.5484760068,324.3817150104082,151694.22009730866,0.08225178515745092,4559.1257975946
313.01075641788094,2001.0,12.0,14.0,14.0,26.0,41.0,1.0,3485262.5904885046,-40259.028389260806,639976.7228757184,-480.7911706851979,-284.80565926866126,4527.401686995472,3543761.6059560543,4561.758482073525,3483511.6459641946,-117570.0916786098,639976.7228757184,3543761.6059560543,-495.32493186285643,-520.9886791935802,4527.401686995472,4584.118456953557,12741553.102366295,0.7238014283530968,1.633620629825864,0.0,4.631361445164738e-07,0.18195130245409455,0.18158880981117662,-0.03373764551957096,147561.60595605383,0.0763596384777969,0.07598645844563044,199.42887833714485,-16086878889.602558,-1011978695.198402,-198866403.84029388,-16088252929.258898,-1873105529.0361576,16118677777.29538,16198146637.356068,-0.9829983033027401,0.03317663679210474,-0.1805924873163307,0.03373124569093007,0.9994309396172094,0.0,-0.18048971928636937,0.006091609559603323,0.9835580071988134,4539.189579338658,-537.4001321498779,-0.11784267001000914,3.667357617578474e-10,191.11657993721974,0.0,-90.1,6.083420062780265,0.0,3.0450316363808346e-17,2.2972914049178756,1.5707963267948966,17.05896518188171,461.0,0.0017694419106424645,4.379644475704193,0.0,0.003882698281880153,-1546.2180132479198,17.860701532566416,-283.9222329101781,0.01064975892291323,0.013028028081129276,-0.09666290414396415,0.010358109425659007,0.013261087810769408,-0.09666290414396415,-1.2925312653830762e-18,3.205357365116494e-20,-1.380834937376881e-19,-1.2929242598884042e-18,3.3707222681350343e-21,-1.380834937376881e-19,-1546.2076551384941,17.873962620377185,-284.01889581432204,-1680642.840630088,324.5701994467885,151764.94492538506,0.08235490940351592,4559.069799284925
313.310756417881,2001.0,12.0,14.0,14.0,26.0,41.0,1.0,3485118.202213221,-40344.468340986845,641334.915636795,-481.7973142702319,-284.79401585341674,4527.216671565526,3543866.1139408876,4561.6802907267365,3483362.8951005805,-117726.38005194213,641334.915636795,3543866.1139408876,-496.3474747618947,-520.9337962406499,4527.216671565526,4584.040098763212,12741550.912761055,0.7238013809629197,1.6336206288233046,0.0,4.5661787527932806e-07,0.18233635209142793,0.18197306718313067,-0.033783901106121776,147666.11394088762,0.0765210621985759,0.07614708660241985,196.45245188474655,-16086878667.337702,-1011978665.0244912,-198879798.18985903,-16088263537.66506,-1873034648.0802069,16118677553.574598,16198149141.935942,-0.9829273406796325,0.033219759513156887,-0.18097041338946376,0.03377747491915727,0.9994293782894745,0.0,-0.18086714774262097,0.006112723599372136,0.9834885405929479,4539.054345005487,-537.4019044867255,-0.11784653360696982,3.626213194229064e-10,191.2,0.0,-90.1,6.0,0.0,3.04517727183175e-17,2.297315188991948,1.5707963267948966,17.05495185264014,461.0,0.0017495020732542234,4.380172271276821,0.0,0.0038388699490342778,-1546.0171727795318,17.89702307434386,-284.49961681297833,0.010551395896884839,0.012880397186654501,-0.09557044850334635,0.010262767007463662,0.013111529293308648,-0.09557044850334635,-1.2779706308707885e-18,3.172664971689875e-20,-1.368176295698352e-19,-1.2783600275009643e-18,3.3397242811127412e-21,-1.368176295698352e-19,-1546.0069100125245,17.910134603637168,-284.59518726148167,-1680643.1294445638,324.7586838831687,151835.75750138712,0.08245803742250045,4559.013732440687
313.6107564178811,2001.0,12.0,14.0,14.0,26.0,41.0,1.0,3484973.5121144727,-40429.904796157556,642693.0528369929,-482.8033270893261,-284.78234890063726,4527.031281152271,3543970.8403859986,4561.6019400453015,3483213.8374942057,-117882.65194759895,642693.0528369929,3543970.840385999,-497.3698835701796,-520.8788280269057,4527.031281152271,4583.961580892718,12741548.747499093,0.7238013340999055,1.6336206278319156,1.4901161193847656e-08,4.5000519962732874e-07,0.18272137892792759,0.18235730175226117,-0.03383015875046216,147770.84038599906,0.07668247531424247,0.07630770416403346,193.50282672047615,-16086878447.536205,-1011978635.1859525,-198893248.7291991,-16088274170.13961,-1872963622.315204,16118677332.333374,16198151654.694666,-0.9828562351023251,0.03326287299100902,-0.18134829031691263,0.03382370613172702,0.9994278147537793,0.0,-0.18124452550076595,0.00613387127917037,0.9834189329065883,4538.918836608398,-537.403681627089,-0.11785040552449366,3.585973570914631e-10,191.3,0.0,-90.11548626571296,6.0,0.0,3.0453497415556513e-17,2.2973433554353697,1.5707963267948966,17.050201574497503,461.0,0.001730000827207133,4.380694197727655,0.0,0.0037961446830869676,-1545.8159400342927,17.933333229281764,-285.0768197150337,0.010455724269030065,0.012736581244242661,-0.09450563419434384,0.010170036890475858,0.012965840560007607,-0.09450563419434384,-1.263787399894562e-18,3.1408532972827994e-20,-1.3558742148272873e-19,-1.2641733004425226e-18,3.3097619283059836e-21,-1.3558742148272873e-19,-1545.8057699974022,17.94629906984177,-285.171325349228,-1680643.4150482006,324.94716831954895,151906.65782531482,0.08256116921916613,4558.957597063465
313.91075641788115,2001.0,12.0,14.0,14.0,26.0,41.0,1.0,3484828.5202315263,-40515.337747712416,644051.1343638331,-483.8092088857122,-284.77065841425167,4526.845515856209,3544075.7852629507,4561.523430053141,3483064.4731853353,-118038.9073400053,644051.1343638331,3544075.7852629507,-498.39215802659817,-520.8237745732667,4526.845515856209,4583.882903365947,12741546.605969258,0.7238012877508206,1.6336206268511797,1.4901161193847656e-08,4.430433734452315e-07,0.18310638291982734,0.18274151347303602,-0.033876418457152585,147875.78526295023,0.07684387780373246,0.0764683111094193,190.57860267162323,-16086878230.136425,-1011978605.6705523,-198906755.57110387,-16088284826.612173,-1872892451.76672,16118677113.509415,16198154175.568773,-0.9827849866158862,0.03330597721155883,-0.18172611800287677,0.0338699393330886,0.999426249009687,0.0,-0.1816218524627069,0.006155052591995136,0.9833491841841353,4538.783054214831,-537.4054635732748,-0.11785428576277074,3.548547473754293e-10,191.35723157868782,0.0,-90.2,5.942768421312198,0.0,3.04545299264688e-17,2.2973602176182135,1.5707963267948966,17.047359076303138,461.0,0.0017118579826947773,4.381210401009048,0.0,0.0037563233822437195,-1545.6143152350069,17.96963197640643,-285.653841282827,0.01036746561171291,0.01260401473835221,-0.09351247123276436,0.010084473822197702,0.0128315594712435,-0.09351247123276436,-1.2505412865046292e-18,3.1112850794932767e-20,-1.344504833221357e-19,-1.2509239574533227e-18,3.2819821082450394e-21,-1.344504833221357e-19,-1545.6042307611847,17.982463535877674,-285.74735375405976,-1680643.6975216046,325.1356527559292,151977.6458971682,0.08266430479827498,4558.901393154837
314.2107564178812,2001.0,12.0,14.0,14.0,26.0,42.0,1.0,3484683.226603728,-40600.76718859133,645409.1601048597,-484.8149593995764,-284.7589443960194,4526.659375747683,3544180.9485432496,4561.444760743634,3482914.802214315,-118195.14620359175,645409.1601048597,3544180.9485432496,-499.4142978669465,-520.7686358985783,4526.659375747683,4583.804066176259,12741544.486501472,0.7238012418795139,1.6336206258805208,0.0,4.3597039098524775e-07,0.18349136402673283,0.18312570229993833,-0.033922680230754086,147980.9485432501,0.07700526964596596,0.0766289074175157,187.6781955063343,-16086878014.968803,-1011978576.4583209,-198920318.82610184,-16088295506.904482,-1872821136.4526632,16118676896.932243,16198156704.386726,-0.9827135952654683,0.03334907216071262,-0.1821038963516069,0.033916174527691786,0.9994246810567603,0.0,-0.18199912853039807,0.006176267530833795,0.9832792944700723,4538.646997861948,-537.4072503253807,-0.11785817432229301,3.510647683935676e-10,191.5,0.0,-90.2,5.9,0.0,3.0456946473763096e-17,2.297399682830485,1.5707963267948966,17.0407101737511,461.0,0.0016934896004269441,4.38172130023337,0.0,0.0037160091409563405,-1545.4122986048644,18.005919294763242,-286.23068118315126,0.010277477947362777,0.012468160268166212,-0.09250821562227295,0.009997261114719123,0.012693949095349787,-0.09250821562227295,-1.2371874244172909e-18,3.0813785454302974e-20,-1.3329600157935837e-19,-1.2375668165421556e-18,3.2537830334168026e-21,-1.3329600157935837e-19,-1545.4023013437497,18.018613243858592,-286.32318939877354,-1680643.9770850558,325.3241371923094,152048.7217169472,0.08276744416458931,4558.845120716388
314.5107564178813,2001.0,12.0,14.0,14.0,26.0,42.0,1.0,3484537.6312705013,-40686.19311173696,646767.1299476546,-485.82057838117237,-284.747206859923,4526.472860991093,3544286.3301983504,4561.36593220518,3482764.824621569,-118351.36851279679,646767.1299476546,3544286.3301983494,-500.4363028373593,-520.7134120337099,4526.472860991093,4583.725069412235,12741542.390709195,0.7238011965209001,1.6336206249207237,0.0,4.2955682591794984e-07,0.18387632219787267,0.18350986818747025,-0.033968944075828934,148086.3301983499,0.07716665081989918,0.07678949306730914,184.8040834069252,-16086877802.197212,-1011978547.5722396,-198933938.60803735,-16088306211.171667,-1872749676.4339683,16118676682.766853,16198159241.313147,-0.9826420610963059,0.03339215782438589,-0.18248162526740874,0.033962411719987554,0.999423110894561,0.0,-0.18237635360584917,0.006197516088664219,0.983209263808964,4538.510667681115,-537.4090418958425,-0.11786207120381242,3.471505926327178e-10,191.551900283357,0.0,-90.2,5.9,0.0,3.045789283325019e-17,2.2974151380537826,1.5707963267948966,17.038107820565227,461.0,0.001674522439607503,4.382226487081214,0.0,0.0036744517907420747,-1545.209890367432,18.042195163417595,-286.8073390831153,0.01018353962810622,0.012327898998134305,-0.09147207603846344,0.009906202824917006,0.012551841245690485,-0.09147207603846344,-1.2233590220847018e-18,3.050227326187063e-20,-1.3208507623391595e-19,-1.2237349752160734e-18,3.224286447544589e-21,-1.3208507623391595e-19,-1545.1999841646073,18.054747004663287,-286.8988111591538,-1680644.2535257395,325.5126216286897,152119.8852846519,0.0828705873228718,4558.788779749708
314.81075641788135,2001.0,12.0,14.0,14.0,26.0,42.0,1.0,3484391.7342713424,-40771.615510094976,648125.0437798401,-486.8260655756463,-284.73544581297523,4526.285971701224,3544391.9301996464,4561.286944475811,3482614.540447595,-118507.57424206688,648125.0437798401,3544391.930199646,-501.4581726787123,-520.6581030027027,4526.285971701224,4583.645913111956,12741540.318461131,0.7238011516721315,1.6336206239717423,0.0,4.2278352257940807e-07,0.18426125738800506,0.18389401109015419,-0.034015209996940673,148191.93019964593,0.07732802130448961,0.07695006803777313,181.95626789331436,-16086877591.80846,-1011978519.0107391,-198947615.02925354,-16088316939.391804,-1872678071.7470875,16118676470.999979,16198161786.33395,-0.9825703841537154,0.033435234188503436,-0.1828593046546444,0.03400865091442808,0.9994215385226499,0.0,-0.18275352759112667,0.006218798258454856,0.9831390922454564,4538.374063753917,-537.4108382900628,-0.11786597640783615,3.4322830687029415e-10,191.60275742806562,0.0,-90.20275742806561,5.897242571934391,0.0,3.04588224664298e-17,2.2974303201157498,1.5707963267948966,17.035552265060222,461.0,0.0016555179085216598,4.382725994016483,0.0,0.003632807485920736,-1545.0070907466634,18.078459561455244,-287.3838146501484,0.01008887925451324,0.012187423462847485,-0.0904337846256363,0.009814433489697322,0.012409499206302431,-0.0904337846256363,-1.2095007631098512e-18,3.0189266724511866e-20,-1.3086456382029542e-19,-1.2098732506493613e-18,3.1945503320139118e-21,-1.3086456382029542e-19,-1544.9972763131736,18.090869060661547,-287.47424843477404,-1680644.5268609617,325.70110606506995,152191.13660028222,0.08297373427788546,4558.732370256388
315.1107564178814,2001.0,12.0,14.0,14.0,26.0,43.0,1.0,3484245.5356458267,-40857.034376613236,649482.9014890746,-487.8314207292559,-284.72366126218293,4526.098708001575,3544497.7485184823,4561.207797602165,3482463.949732973,-118663.76336585592,649482.9014890746,3544497.7485184823,-502.47990713299447,-520.6027088295947,4526.098708001575,4583.56659732207,12741538.269921135,0.7238011073367494,1.6336206230334118,1.4901161193847656e-08,4.164334718132681e-07,0.1846461695509367,0.184278130962531,-0.034061477998653944,148297.74851848232,0.07748938107867583,0.07711063230787406,179.13438990712166,-16086877383.819607,-1011978490.7722228,-198961348.2030881,-16088327691.573168,-1872606322.4285219,16118676261.648548,16198164339.465076,-0.9824985644830954,0.03347830123899913,-0.18323693441773048,0.03405489211546659,0.9994199639405869,0.0,-0.18313065038835188,0.006240114033164638,0.9830687798242768,4538.237186170616,-537.4126395134491,-0.11786988993465192,3.3935183862563197e-10,191.75392645497473,0.0,-90.3,5.8,0.0,3.0461374331166104e-17,2.2974719952295555,1.5707963267948966,17.028541291934687,461.0,0.0016367376079191203,4.3832197970941245,0.0,0.0035915252221159406,-1544.8038999668838,18.114712467981736,-287.9601075519948,0.0099947612906841,0.012050402651843251,-0.08940529920204184,0.009723135329596672,0.01227061924646255,-0.08940529920204184,-1.195826159382899e-18,2.987991105148102e-20,-1.2965598406667254e-19,-1.1961952163539207e-18,3.1649519579469867e-21,-1.2965598406667254e-19,-1544.7941768315543,18.126983087228197,-288.0495128511968,-1680644.7970691193,325.8895905014502,152262.47566383818,0.0830768850343938,4558.675892238021
315.4107564178815,2001.0,12.0,14.0,14.0,26.0,43.0,1.0,3484099.035433605,-40942.449704241175,650840.7029630493,-488.8366435832941,-284.7118532102903,4525.911069969906,3544603.785126145,4561.128491584551,3482313.052518356,-118819.93585862436,650840.7029630493,3544603.785126145,-503.5015059371375,-520.547229534301,4525.911069969906,4583.487122042882,12741536.243648184,0.7238010634835602,1.6336206221052676,1.4901161193847656e-08,4.094431300173456e-07,0.18503105864573074,0.18466222775915983,-0.03410774808553425,148403.785126145,0.07765073012145496,0.07727118585662006,176.33718660473824,-16086877178.084272,-1011978462.8399856,-198975138.24008995,-16088338467.560604,-1872534428.4997365,16118676054.56542,16198166900.55837,-0.9824266021299268,0.03352135896181576,-0.18361451446113808,0.03410113532755712,0.999418387147931,0.0,-0.18350772189970108,0.006261463405742963,0.9829983265902341,4538.100034975537,-537.414445567086,-0.11787381178479285,3.3589421480796834e-10,191.8,0.0,-90.3,5.8,0.0,3.046222675816272e-17,2.2974859164188683,1.5707963267948966,17.026200674445274,461.0,0.0016199775397097128,4.383708229107161,0.0,0.0035548089400198905,-1544.6003182528025,18.150953862122332,-288.53621745671563,0.00991288821449323,0.01192640032789276,-0.08848969562347005,0.009643793877159716,0.012145024379928437,-0.08848969562347005,-1.1836045822772717e-18,2.9606366498476395e-20,-1.286007648120234e-19,-1.1839706454150068e-18,3.139254779239622e-21,-1.286007648120234e-19,-1544.5906744589254,18.16309888650226,-288.6247071523391,-1680645.0643402692,326.0780749378304,152333.9024753198,0.08318003959716054,4558.61934569621
315.71075641788156,2001.0,12.0,14.0,14.0,26.0,43.0,1.0,3483952.233674405,-41027.861485928515,652198.4480894738,-489.8417338807386,-284.70002166116666,4525.723057698128,3544710.0399938645,4561.049026437411,3482161.84884448,-118976.09169483822,652198.4480894738,3544710.0399938645,-504.5229688297843,-520.4916651378508,4525.723057698128,4583.407487288828,12741534.238687418,0.7238010200918938,1.6336206211868964,0.0,4.026072050960775e-07,0.18541592462989182,0.18504630143461326,-0.03415402026214763,148510.03999386402,0.07781206841180355,0.07743172866300754,173.56354078650475,-16086876974.505627,-1011978435.2012591,-198988985.25172383,-16088349267.248486,-1872462389.9862046,16118675849.65315,16198169469.51535,-0.9823544971397737,0.033564407342904744,-0.18399204468938812,0.03414738055515417,0.9994168081442404,0.0,-0.1838847420274007,0.006282846369129469,0.9829277325882194,4537.962610227134,-537.4162564531985,-0.11787774195867919,3.3212714307628526e-10,191.9,0.0,-90.3,5.75708572305141,0.0,3.0463951038393e-17,2.2975140760520207,1.5707963267948966,17.021468138642607,461.0,0.0016017274486530952,4.3841915218222,0.0,0.0035147553667567734,-1544.39634582951,18.187183723021427,-289.11214403268247,0.009821267967002808,0.01179140451154743,-0.08749158128793476,0.009554959035265913,0.012008217297709381,-0.08749158128793476,-1.1703052485651261e-18,2.930507940171228e-20,-1.2742178435648756e-19,-1.1706679663965791e-18,3.110458281360883e-21,-1.2742178435648756e-19,-1544.3867908704747,18.199191940319135,-289.1996356139704,-1680645.328800369,326.2665593742107,152405.4170347271,0.08328319797094995,4558.562730632553
316.0107564178816,2001.0,12.0,14.0,14.0,26.0,44.0,1.0,3483805.130408033,-41113.26971462864,653556.1367561048,-490.8466913733017,-284.68816662920045,4525.534671356216,3544816.5130928177,4560.969402254089,3482010.338752156,-119132.23084897226,653556.1367561048,3544816.5130928177,-505.54429555854756,-520.4360156716218,4525.534671356216,4583.327693153431,12741532.256809685,0.7238009772000689,1.6336206202790946,1.4901161193847656e-08,3.9649411128908865e-07,0.1858007674520843,0.18543035194348595,-0.03420029453306162,148616.51309281727,0.07797339592866762,0.07759226070602118,170.81598711013794,-16086876773.263666,-1011978407.8802291,-199002889.35195184,-16088360090.808014,-1872390206.9504282,16118675647.092905,16198172046.516802,-0.9822822495582814,0.03360744636822698,-0.18436952500705983,0.0341936278027137,0.9994152269290725,0.0,-0.184261710673736,0.00630426291625452,0.9828569978632045,4537.8249120620985,-537.4180721846303,-0.11788168045702803,3.283245323993828e-10,191.9950187040247,0.0,-90.3,5.7,0.0,3.0465594712098936e-17,2.297540919280731,1.5707963267948966,17.016959379401463,461.0,0.001583307601207411,4.3846692682473085,0.0,0.003474308570296997,-1544.1919829224723,18.22340202984404,-289.68788694859,0.009728062030968656,0.011655132836724674,-0.08648364640355237,0.009464573301655538,0.011870095388734707,-0.08648364640355237,-1.1568710392443308e-18,2.899966613532167e-20,-1.2622176243165202e-19,-1.157230352504358e-18,3.081123310997021e-21,-1.2622176243165202e-19,-1544.1825183491708,18.235272125232772,-289.77437059499357,-1680645.5902158357,326.45504381059095,152477.01934206006,0.08338636016052643,4558.506047048661
316.3107564178817,2001.0,12.0,14.0,14.0,26.0,44.0,1.0,3483657.7256743656,-41198.67438329736,654913.7688507359,-491.85151580510205,-284.67628811867525,4525.345911045236,3544923.204394125,4560.889619057957,3481858.522282271,-119288.35329550876,654913.7688507359,3544923.204394125,-506.5654858632243,-520.3802811570865,4525.345911045236,4583.247739660033,12741530.297363479,0.723800934793981,1.633620619381414,1.4901161193847656e-08,3.902852789672875e-07,0.18618558706892682,0.18581437924039165,-0.03424657090284491,148723.2043941249,0.07813471265108397,0.07775278196469837,168.09330075979233,-16086876574.292503,-1011978380.8655103,-199016850.65295696,-16088370938.16447,-1872317879.4194093,16118675446.818207,16198174631.495134,-0.9822098594311771,0.03365047602375261,-0.1847469553187879,0.03423987707469274,0.9994136435019836,0.0,-0.18463862774104797,0.0063257130400390495,0.982786122460242,4537.686940547927,-537.4198927640292,-0.11788562728012413,3.2466156363000303e-10,192.1,0.0,-90.4,5.7,0.0,3.046739927073012e-17,2.2975703899596636,1.5707963267948966,17.01201214991331,461.0,0.0015655629881440277,4.385141596867776,0.0,0.0034354484832502547,-1543.9872297575355,18.259608761775347,-290.26344587345216,0.009638972989337904,0.011525913230416204,-0.08551508448979867,0.009378151206182976,0.011739112233820657,-0.08551508448979867,-1.1439698048585756e-18,2.8707061817685635e-20,-1.2507523099407167e-19,-1.1443258660423e-18,3.0532168138393125e-21,-1.2507523099407167e-19,-1543.9778516063293,18.271347874009166,-290.3489609579419,-1680645.848672593,326.6435282469712,152548.70939731863,0.08348952617065494,4558.44929494614
316.61075641788176,2001.0,12.0,14.0,14.0,26.0,44.0,1.0,3483510.019513363,-41284.075484891844,656271.3442611917,-492.856206920218,-284.66438613482296,4525.156776863706,3545030.1138688545,4560.809676869758,3481706.399475794,-119444.45900893658,656271.3442611917,3545030.1138688545,-507.5865394835942,-520.3244616166938,4525.156776863706,4583.167626829413,12741528.35960392,0.7238008928575037,1.6336206184936453,1.4901161193847656e-08,3.839760639287592e-07,0.18657038343730825,0.1861983832799615,-0.03429284937606697,148830.11386885494,0.07829601855804572,0.07791329241806158,165.39497607946396,-16086876377.516518,-1011978354.1489683,-199030869.26594,-16088381809.233408,-1872245407.4234762,16118675248.753077,16198177224.373472,-0.9821373268042699,0.03369349629546062,-0.18512433552926086,0.03428612837554908,0.9994120578625292,0.0,-0.1850154931317319,0.006347196733394459,0.982715106424466,4537.548695749519,-537.4217181949878,-0.11788958242852729,3.2120894159828324e-10,192.18764233606865,0.0,-90.4,5.7,0.0,3.0468923612636823e-17,2.2975952843521985,1.5707963267948966,17.007835464174143,461.0,0.0015488340577973932,4.385608696388494,0.0,0.003398795975406522,-1543.7820865609187,18.295803898020143,-290.8388204765992,0.009555588698030276,0.011402218707369368,-0.08460157915974367,0.009297314015294388,0.011613777116753123,-0.08460157915974367,-1.1317928569687286e-18,2.843193205239844e-20,-1.2400193978907582e-19,-1.1321458751661643e-18,3.0270761320301916e-21,-1.2400193978907582e-19,-1543.7727892469034,18.307417675136897,-290.923422055759,-1680646.1042688973,326.8320126833514,152620.4872005029,0.08359269600610078,4558.392474326607
316.9107564178818,2001.0,12.0,14.0,14.0,26.0,44.0,1.0,3483362.011965055,-41369.47301237046,657628.8628753227,-493.860764462003,-284.6524606812269,4524.967268902192,3545137.241488014,4560.729575702009,3481553.970373765,-119600.54796375085,657628.8628753227,3545137.241488014,-508.6074561586768,-520.2685570712873,4524.967268902192,4583.087354674074,12741526.44249893,0.7238008513682963,1.633620617615332,0.0,3.772672683349919e-07,0.18695515651505995,0.18658236401684272,-0.034339129957298126,148937.24148801388,0.07845731362854805,0.07807379204513697,162.71974885463715,-16086876182.831043,-1011978327.7166417,-199044945.30216372,-16088392703.901299,-1872172790.9871972,16118675052.792175,16198179825.045395,-0.9820646517234517,0.03373650716933894,-0.18550166554321987,0.034332381709741275,0.999410470010264,0.0,-0.18539230674823615,0.006368713989222585,0.9826439498010922,4537.410177723747,-537.4235484794373,-0.11789354590264556,3.176660061252381e-10,192.2389164114484,0.0,-90.4,5.6,0.0,3.046986055739343e-17,2.2976105858212788,1.5707963267948966,17.00526929804558,461.0,0.0015316707293909209,4.386070825357431,0.0,0.003361045862464733,-1543.5765535592254,18.331987417802956,-291.41401042767836,0.009468512961589307,0.01127506335092053,-0.08366040596327544,0.00921286938078379,0.011484895691458085,-0.08366040596327544,-1.1192283068173651e-18,2.8146180356337777e-20,-1.228786502421037e-19,-1.1195781406439219e-18,2.9995403341039192e-21,-1.228786502421037e-19,-1543.5673406898447,18.343472313494413,-291.4976708336416,-1680646.3571408782,327.02049711973166,152692.35275161275,0.08369586967162954,4558.335585191677
317.2107564178819,2001.0,12.0,14.0,14.0,26.0,45.0,1.0,3483213.7030695537,-41454.86695869432,658986.32458102,-494.86518818150535,-284.6405117707856,4524.777387320946,3545244.5872225626,4560.649315637635,3481401.2350173094,-119756.62013445476,658986.32458102,3545244.587222562,-509.62823563539604,-520.2125675508788,4524.777387320946,4583.006923277085,12741524.547448354,0.7238008103566472,1.6336206167470806,1.4901161193847656e-08,3.7163388470828525e-07,0.18733990625216038,0.18696632140570252,-0.03438541265110989,149044.58722256264,0.07861859784161641,0.07823428082495432,160.06959226727486,-16086875990.378399,-1011978301.5872846,-199059078.87515593,-16088403622.301617,-1872100030.1679356,16118674859.078724,16198182433.653635,-0.9819918342346954,0.03377950863138479,-0.1858789452654626,0.03437863708172903,0.9994088799447415,0.0,-0.18576906849306588,0.006390264800415913,0.9825726526354167,4537.27138659729,-537.4253836287131,-0.1178975177031368,3.139855809407093e-10,192.3,0.0,-90.49226746080377,5.6,0.0,3.047095606960905e-17,2.2976284768934865,1.5707963267948966,17.002269855582885,461.0,0.0015138462656763688,4.386527639064592,0.0,0.0033220076038395162,-1543.3706309794272,18.368159300368568,-291.98901539665695,0.009377551637426752,0.011145011510492051,-0.08268708488062816,0.009124610747134299,0.011353027569546667,-0.08268708488062816,-1.1062397707207704e-18,2.7849325042798406e-20,-1.2170509505415378e-19,-1.1065862770536234e-18,2.970970596210763e-21,-1.2170509505415378e-19,-1543.36150636868,18.379512327938116,-292.07170248153756,-1680646.607103888,327.20898155611195,152764.30605064833,0.08379904717200728,4558.278627542971
317.51075641788196,2001.0,12.0,14.0,14.0,26.0,45.0,1.0,3483065.092867044,-41540.25731682727,660343.7292662148,-495.86947782445367,-284.6285394091343,4524.587132230678,3545352.1510434006,4560.568896709216,3481248.1934476253,-119912.67549555925,660343.7292662148,3545352.151043401,-510.6488776551962,-520.1564930783646,4524.587132230678,4582.926332671029,12741522.674108598,0.7238007698151163,1.633620615888604,1.4901161193847656e-08,3.656102462525775e-07,0.18772463260427893,0.18735025540122807,-0.03443169746207502,149152.1510434011,0.0787798711762822,0.07839475873657817,157.4437555372715,-16086875800.12397,-1011978275.754076,-199073270.09715706,-16088414564.390862,-1872027124.9975483,16118674667.577742,16198185050.162188,-0.9819188743840552,0.03382250066760472,-0.1862561746008432,0.03442489449597323,0.9994072876655148,0.0,-0.18614577826878326,0.006411849159857597,0.9825012149728163,4537.132322447081,-537.4272236468217,-0.11790149783034914,3.104436085739642e-10,192.44593006200157,0.0,-90.5,5.5540699379984435,0.0,3.0473421590306847e-17,2.2976687419021324,1.5707963267948966,16.995523431254654,461.0,0.0014966921360846494,4.386979215214751,0.0,0.003284354966860946,-1543.1643190488765,18.404319524982196,-292.56383505382627,0.009290060165308076,0.011018310537128092,-0.0817492789444697,0.009039751291325698,0.01122458380335802,-0.0817492789444697,-1.0937619814082421e-18,2.7564521928564e-20,-1.2058088191932113e-19,-1.0941053014220417e-18,2.943508691481772e-21,-1.2058088191932113e-19,-1543.1552792975851,18.415544108785554,-292.64558433277074,-1680646.8542032484,327.3974659924922,152836.3470976095,0.0839022285120003,4558.221601382114
317.81075641788203,2001.0,12.0,14.0,14.0,26.0,45.0,1.0,3482916.181397785,-41625.64407973494,661701.0768188701,-496.8736331368471,-284.61654360340447,4524.396503742273,3545459.9329213738,4560.488318949481,3481094.845705986,-120068.71402158224,661701.0768188701,3545459.9329213738,-511.66938195982783,-520.1003336781581,4524.396503742273,4582.845582888713,12741520.82213853,0.7238007297363147,1.6336206150399346,0.0,3.59176718985856e-07,0.188109335527043,0.1877341659581247,-0.03447798439476726,149259.93292137329,0.07894113361156016,0.07855522575904228,154.84246462583542,-16086875612.033083,-1011978250.2153648,-199087519.0793867,-16088425530.125475,-1871954075.513134,16118674478.254524,16198187674.535587,-0.9818457722176676,0.033865483264014354,-0.18663335345427084,0.03447115395693569,0.9994056931721358,0.0,-0.18652243597800577,0.006433467060421365,0.9824296368587488,4536.99298535019,-537.429068539266,-0.11790548628495519,3.069022040120201e-10,192.5,0.0,-90.5,5.5,0.0,3.0474403937236994e-17,2.2976847848449764,1.5707963267948966,16.992836974615393,461.0,0.0014795411270043892,4.387425653819873,0.0,0.0032466993454701846,-1542.9576179952992,18.44046807092904,-293.13846906979654,0.009202017500241626,0.010891376886745144,-0.0808105738460392,0.00895435149033698,0.011095891399584775,-0.0808105738460392,-1.0812291750013602e-18,2.727764241393048e-20,-1.1944474895589977e-19,-1.0815692752219879e-18,2.915740998109964e-21,-1.1944474895589977e-19,-1542.948663643809,18.451563962328624,-293.2192796436426,-1680647.0984839536,327.5859504288724,152908.47589249638,0.0840054136963754,4558.1645067107365
318.1107564178821,2001.0,12.0,14.0,14.0,26.0,46.0,1.0,3482766.968702116,-41711.02724038478,663058.3671269816,-497.8776538614635,-284.60452435601866,4524.205501938358,3545567.9328272743,4560.407582362329,3480941.1918337476,-120224.73568704877,663058.3671269816,3545567.9328272743,-512.6897482877164,-520.0440893700645,4524.205501938358,4582.764673933996,12741518.990197582,0.7238006900912265,1.6336206142004734,1.4901161193847656e-08,3.532549617031145e-07,0.1884940149794913,0.1881180530311152,-0.034524273453761294,149367.93282727432,0.0791023851265187,0.07871568187143467,152.2640034854412,-16086875425.969685,-1011978224.952913,-199101825.9326778,-16088436519.360502,-1871880881.7352786,16118674290.97214,16198190306.635752,-0.9817725277817502,0.033908456406638435,-0.18701048173070872,0.03451741546907912,0.9994040964641555,0.0,-0.18689904152340542,0.006455118494971503,0.9823579183387531,4536.853375355256,-537.4309183067986,-0.11790948306732987,3.0368220710384345e-10,192.6,0.0,-90.53990403896333,5.5,0.0,3.0476127710721904e-17,2.297712936202349,1.5707963267948966,16.988125043360863,461.0,0.0014639417475712142,4.387867259563192,0.0,0.003212530023205005,-1542.7505280467951,18.476604917514297,-293.71291711549736,0.009123579894648896,0.010776767414589916,-0.07995900698610012,0.00887828191704359,0.010979732975063891,-0.07995900698610012,-1.0698829366327905e-18,2.702018281530412e-20,-1.1843534057691403e-19,-1.070220178064827e-18,2.891165900810624e-21,-1.1843534057691403e-19,-1542.741649764878,18.48758465048936,-293.79287612248345,-1680647.3401228227,327.77443486525266,152980.69243530888,0.08410860272989963,4558.107343530471
318.41075641788217,2001.0,12.0,14.0,14.0,26.0,46.0,1.0,3482617.45482045,-41796.40679174517,664415.6000785714,-498.8815397477783,-284.5924816761436,4524.01412695981,3545676.150731837,4560.326687010442,3480787.2318723407,-120380.74046648988,664415.6000785714,3545676.1507318374,-513.7099763841376,-519.9877601805082,4524.01412695981,4582.683605869607,12741517.178975012,0.7238006508947626,1.6336206133702853,0.0,3.4755181639464677e-07,0.18887867091394933,0.18850191657493873,-0.03457056464363252,149476.15073183738,0.07926362570019803,0.07887612705281531,149.7086907029152,-16086875242.004175,-1011978199.972197,-199116190.77043802,-16088447532.157417,-1871807543.7083552,16118674105.801193,16198192946.532415,-0.9816991411226027,0.03395142008151053,-0.18738755933517337,0.03456367903686686,0.9994024975411241,0.0,-0.18727559480770786,0.006476803456362776,0.9822860594584486,4536.713492569294,-537.4327729569927,-0.1179134881778303,3.0022097699939633e-10,192.69450104548199,0.0,-90.6,5.405498954518016,0.0,3.0477762651584e-17,2.2977396368128966,1.5707963267948966,16.983658440448036,461.0,0.0014471809260743844,4.388303872052272,0.0,0.0031756858310927603,-1542.5430494318416,18.512730044062874,-294.28717886217726,0.009037013333180405,0.010653749224112408,-0.07904076999901678,0.008794280168618251,0.010854981291103358,-0.07904076999901678,-1.0576420467870473e-18,2.673930094810472e-20,-1.1731985242467819e-19,-1.0579761281450106e-18,2.8638474784922264e-21,-1.1731985242467819e-19,-1542.534255151673,18.523585025353977,-294.3662196321763,-1680647.5790289398,327.96291930163295,153052.99672604707,0.08421179561734056,4558.05011184295
318.71075641788224,2001.0,12.0,14.0,14.0,26.0,46.0,1.0,3482467.6397932773,-41881.78272678774,665772.7755617064,-499.88529054246857,-284.58041557154604,4523.822378920804,3545784.5866057444,4560.245632929468,3480632.9658632725,-120536.72833444513,665772.7755617064,3545784.5866057444,-514.7300659915394,-519.9313461346037,4523.822378920804,4582.602378731291,12741515.388222774,0.7238006121415491,1.6336206125494952,1.4901161193847656e-08,3.417535108679465e-07,0.18926330328583585,0.1888857565443561,-0.03461685796895777,149584.58660574444,0.07942485531164678,0.0790365612822571,147.17703092098236,-16086875060.11127,-1011978175.2736489,-199130613.7036909,-16088458568.48201,-1871734061.4717627,16118673922.716478,16198195594.199677,-0.9816256122866055,0.03399437427467378,-0.18776458617273967,0.034609944664763644,0.9994008964025908,0.0,-0.18765209573369754,0.006498521937440765,0.9822140602635353,4536.5733370724865,-537.434632495986,-0.11791750161719525,2.9676358295411125e-10,192.8,0.0,-90.6,5.4,0.0,3.047957493917279e-17,2.297769233715286,1.5707963267948966,16.978710179230156,461.0,0.001430440330592884,4.388735557637892,0.0,0.003138996059226082,-1542.3351823792852,18.54884342992035,-294.8612539814101,0.00895057467725497,0.01053001948002422,-0.0781266532459908,0.00871042767608715,0.010729517556836491,-0.0781266532459908,-1.0454580837165723e-18,2.6459375422767355e-20,-1.1620660215699102e-19,-1.0457890114052287e-18,2.8367199658931487e-21,-1.1620660215699102e-19,-1542.3264719516092,18.559572947477186,-294.93938063465606,-1680647.8152350187,328.1514037380132,153125.38876471086,0.08431499236346592,4557.992811649818
319.0107564178823,2001.0,12.0,14.0,14.0,26.0,47.0,1.0,3482317.5236611622,-41967.15503848665,667129.8934644897,-500.8889059953212,-284.5683260527362,4523.6302579635385,3545893.240419623,4560.164420183215,3480478.393848129,-120692.69926546181,667129.8934644897,3545893.2404196234,-515.7500168555432,-519.8748472601651,4523.6302579635385,4582.520992582963,12741513.618663607,0.7238005738472229,1.63362061173844,1.4901161193847656e-08,3.3585511653377704e-07,0.18964791204744616,0.18926957289414675,-0.03466315343431501,149693.24041962298,0.07958607393994702,0.07919698453886256,144.6701849102974,-16086874880.364498,-1011978150.8673302,-199145094.8449949,-16088469628.39888,-1871660435.0746038,16118673741.792007,16198198249.710913,-0.9815519413202206,0.034037318972180604,-0.18814156214853808,0.03465621235723529,0.999399293048104,0.0,-0.1880285442042149,0.006520273931041717,0.9821419207997935,4536.432908973027,-537.4364969326934,-0.11792152338604847,2.932981582404205e-10,192.90462917089,0.0,-90.6,5.4,0.0,3.048137305333892e-17,2.2977985991481176,1.5707963267948966,16.97380357283446,461.0,0.0014136626115632388,4.389162130851722,0.0,0.003102231211017423,-1542.1269271183476,18.58494505445276,-295.4351421450931,0.008863506716524522,0.010406037857588802,-0.07721067904393182,0.008625957074591023,0.010603784218606098,-0.07721067904393182,-1.033247746450262e-18,2.617813813651289e-20,-1.1508495656345787e-19,-1.0335754968829396e-18,2.8093956686777875e-21,-1.1508495656345787e-19,-1542.118301161273,18.595548838671366,-295.51235282413705,-1680648.048645731,328.3398881743934,153197.86855130034,0.08441819297304397,4557.935442952716
319.3107564178824,2001.0,12.0,14.0,14.0,26.0,47.0,1.0,3482167.106464747,-42052.52371981761,668486.953675056,-501.89238584623206,-284.5562131167951,4523.437764139244,3546002.112144045,4560.083048743174,3480323.5158685725,-120848.65323409396,668486.953675056,3546002.1121440455,-516.7698287115805,-519.8182635718315,4523.437764139244,4582.439447395946,12741511.86782613,0.7238005359582951,1.6336206109357947,1.4901161193847656e-08,3.301876754486626e-07,0.19003249716159382,0.18965336557910806,-0.034709451044283135,149802.11214404553,0.07974728156416924,0.07935739680171311,142.18417206406593,-16086874702.513168,-1011978126.7160708,-199159634.30467778,-16088480711.648354,-1871586664.5188208,16118673562.775255,16198200912.811958,-0.981478128269991,0.03408025416009252,-0.18851848716775405,0.03470248211874847,0.9993976874772115,0.0,-0.18840494012215575,0.006542059429992498,0.9820696411130839,4536.292208287858,-537.4383662624804,-0.11792555348442112,2.9029076118714047e-10,192.9458744914936,0.0,-90.7,5.3,0.0,3.0482148951330627e-17,2.2978112705239337,1.5707963267948966,16.971687248817947,461.0,0.001399093223657379,4.389584199954458,0.0,0.003070199548394403,-1541.9182838786219,18.62103489704613,-296.00884302544466,0.008789406625890384,0.010299759436088886,-0.07641172636160778,0.008554055721926542,0.010496039442700453,-0.07641172636160778,-1.0225784514464086e-18,2.5935149267023653e-20,-1.1412818991913296e-19,-1.0229034948589569e-18,2.7859532245624556e-21,-1.1412818991913296e-19,-1541.9097298228999,18.63153093648883,-296.08525475180625,-1680648.279587051,328.52837261077366,153270.43608581543,0.08452139745084335,4557.878005753292
319.61075641788244,2001.0,12.0,14.0,14.0,26.0,47.0,1.0,3482016.3882447486,-42137.88876375679,669843.9560815645,-502.8957298472239,-284.5440767773213,4523.244897607642,3546111.2017495264,4560.0015186906685,3480168.331966343,-121004.5902149013,669843.9560815645,3546111.201749527,-517.7895013075813,-519.7615951005085,4523.244897607642,4582.357743251759,12741510.137033446,0.7238004985033946,1.6336206101423238,0.0,3.237360862255175e-07,0.19041705857861102,0.19003713455405313,-0.03475575080344161,149911.2017495269,0.07990847816339615,0.07951779804993067,139.72147604823112,-16086874526.69164,-1011978102.8406754,-199174232.19526696,-16088491818.355831,-1871512749.8644044,16118673385.801619,16198203583.637852,-0.9814041731825414,0.03412317982447981,-0.18889536113562572,0.03474875395377037,0.9993960796894594,0.0,-0.188781283390469,0.006563878427110456,0.9819972212493483,4536.151235142633,-537.440240497371,-0.11792959191316865,2.8696223072915456e-10,193.1,0.0,-90.7,5.3,0.0,3.0484744992126725e-17,2.297853667087545,1.5707963267948966,16.964610318500046,461.0,0.0013829789704921341,4.390001433797738,0.0,0.003034888437300117,-1541.7092528900755,18.65711293710611,-296.5823562950024,0.00870574278836264,0.010180718183949401,-0.0755324059033088,0.008472886776952517,0.010375315412220937,-0.0755324059033088,-1.0108775120496635e-18,2.5665575467360143e-20,-1.1305274229598156e-19,-1.0111995104218819e-18,2.7597562092857366e-21,-1.1305274229598156e-19,-1541.7007800032986,18.667488252518332,-296.6578887009057,-1680648.5078844596,328.71685704715395,153343.09136825622,0.08462460580163292,4557.8205000532
319.9107564178825,2001.0,12.0,14.0,14.0,26.0,47.0,1.0,3481865.3690419607,-42223.25016328446,671200.9005722224,-503.8989377461711,-284.5319170419541,4523.051658489766,3546220.50920653,4559.9198300676635,3480012.842183257,-121160.51018245287,671200.9005722224,3546220.5092065306,-518.8090343871958,-519.7048418712641,4523.051658489766,4582.275880192422,12741508.426245308,0.7238004614816452,1.6336206093580323,1.4901161193847656e-08,3.18550442553044e-07,0.1908015962533451,0.19042087977381736,-0.03480205271637153,150020.50920653064,0.08006966371672244,0.07967818826262568,137.282228410244,-16086874352.895937,-1011978079.24097,-199188888.62847275,-16088502948.508354,-1871438691.1504364,16118673210.867119,16198206262.183783,-0.9813300761045772,0.03416609595142255,-0.1892721839574506,0.034795027866769766,0.9993944696843938,0.0,-0.18915757391216337,0.006585730915203867,0.9819246612546082,4536.009989624158,-537.4421196433781,-0.11793363867284301,2.8358472380408065e-10,193.15787029504378,0.0,-90.7,5.242129704956222,0.0,3.048578908570228e-17,2.297870718429635,1.5707963267948966,16.961765796305883,461.0,0.00136662904235637,4.3904138440161065,0.0,0.00299898713736736,-1541.4998343830448,18.6931791540595,-297.1556816266329,0.008619807913836425,0.01005972995403582,-0.07463757213432061,0.008389496663010096,0.010252589963560675,-0.07463757213432061,-9.989277545203572e-19,2.538893257519597e-20,-1.119430779876048e-19,-9.992466108894147e-19,2.732631407550423e-21,-1.119430779876048e-19,-1541.4914448863817,18.70343174402306,-297.2303191987672,-1680648.7335432637,328.9053414835342,153415.83439862265,0.08472781803018205,4557.762925854093
320.2107564178826,2001.0,12.0,14.0,14.0,26.0,48.0,1.0,3481714.0488972515,-42308.607911383144,672557.787035273,-504.9020092911109,-284.51973391768814,4522.858046906352,3546330.0344854644,4559.837982915657,3479857.046561208,-121316.41311132524,672557.787035273,3546330.0344854644,-519.8284276942248,-519.6480039085454,4522.858046906352,4582.193858259461,12741506.735402673,0.7238004248917629,1.6336206085827898,1.4901161193847656e-08,3.1292438507080205e-07,0.19118611014068068,0.19080460119325512,-0.03484835678765513,150130.03448546398,0.0802308382032353,0.07983856741889711,134.86614006757736,-16086874181.120321,-1011978055.9144897,-199203603.71634436,-16088514102.091185,-1871364488.4137812,16118673037.965876,16198208948.442932,-0.9812558370828842,0.034209002527010146,-0.18964895553858233,0.0348413038622165,0.9993928574615594,0.0,-0.18953381159030402,0.006607616887071733,0.9818519611749649,4535.868471818895,-537.4440037058695,-0.11793769376386742,2.803365947565702e-10,193.21254310682997,0.0,-90.8,5.2,0.0,3.048678177211569e-17,2.297886930229055,1.5707963267948966,16.959062245183794,461.0,0.0013509041179923123,4.39082145892664,0.0,0.0029644957266909784,-1541.2900285882356,18.72923352735352,-297.7288186935273,0.00853757181340841,0.00994504291943887,-0.07377761093498109,0.008309666585970104,0.010136244490372108,-0.07377761093498109,-9.87445242687412e-19,2.5123592315782186e-20,-1.1088092124032988e-19,-9.87761092529865e-19,2.7067103759647084e-21,-1.1088092124032988e-19,-1541.2817189216496,18.739369771843894,-297.80259630446227,-1680648.9565712456,329.0938259199144,153488.66517691474,0.08483103414126035,4557.705283157632
320.51075641788265,2001.0,12.0,14.0,14.0,26.0,48.0,1.0,3481562.4278515656,-42393.96200103648,673914.61535899,-505.9049442251935,-284.50752740603235,4522.664062935173,3546439.777556682,4559.755977232497,3479700.9451421676,-121472.29897610129,673914.61535899,3546439.777556682,-520.8476809674604,-519.5910812314536,4522.664062935173,4582.1116774506645,12741505.062934874,0.723800388699755,1.6336206078158662,0.0,3.071953077329454e-07,0.19157060020066452,0.19118829876723842,-0.0348946630218754,150239.77755668247,0.08039200160206413,0.07999893549790899,132.47104659676552,-16086874011.205341,-1011978032.8394113,-199218377.56927347,-16088525278.935844,-1871290141.672018,16118672866.937384,16198211642.253532,-0.9811814561643298,0.03425189953734095,-0.19002567578442942,0.034887581944581095,0.9993912430205,0.0,-0.18990999632801145,0.0066295363355036805,0.9817791210566005,4535.726681770124,-537.4458926846653,-0.11794175718657414,2.7730667329952596e-10,193.35682508097497,0.0,-90.8,5.2,0.0,3.048921851775195e-17,2.2979267253052837,1.5707963267948966,16.952429633049412,461.0,0.0013362332536247434,4.391224638177454,0.0,0.002932350415551455,-1541.0798357367269,18.765276036455365,-298.3017671691998,0.008461819302940746,0.00983662863454919,-0.0729770408745955,0.008236180882125318,0.010026314042885705,-0.0729770408745955,-9.767906441747596e-19,2.487878220634133e-20,-1.099072049269462e-19,-9.77103739573073e-19,2.6829952905462722e-21,-1.099072049269462e-19,-1541.0715995558448,18.77530235049825,-298.3747442100744,-1680649.1771755815,329.28231035629466,153561.5837031325,0.08493425413963798,4557.647571965478
320.8107564178827,2001.0,12.0,14.0,14.0,26.0,48.0,1.0,3481410.505945923,-42479.3124252298,675271.3854316769,-506.9077423002584,-284.4952975193974,4522.469706728736,3546549.73839048,4559.673813091645,3479544.537968182,-121628.16775137081,675271.3854316769,3546549.7383904797,-521.8667939546312,-519.5340738698176,4522.469706728736,4582.02933783966,12741503.409882646,0.7238003529281373,1.633620607057868,1.4901161193847656e-08,3.0209325153698576e-07,0.19195506638457133,0.19157197245065646,-0.034940971423616275,150349.7383904797,0.08055315389231808,0.08015929247877597,130.098953217268,-16086873843.256737,-1011978010.0321817,-199233210.29946065,-16088536479.13907,-1871215650.9810658,16118672697.8882,16198214343.721697,-0.9811069333958624,0.03429478696852253,-0.1904023446004548,0.03493386211833501,0.9993896263607588,0.0,-0.19028612802846095,0.006651489253279997,0.9817061409457769,4535.584619596042,-537.4477865905885,-0.11794582894176035,2.7412176027200864e-10,193.41391198639957,0.0,-90.8,5.1,0.0,3.0490250211808735e-17,2.297943574147865,1.5707963267948966,16.94962307228697,461.0,0.0013208159464648725,4.3916231394782725,0.0,0.0028984438367732537,-1540.8692560599663,18.801306660852436,-298.8745267274876,0.008380397682846924,0.009722440311332204,-0.0721319120367069,0.008157163502703678,0.009910479025770783,-0.0721319120367069,-9.655037562643395e-19,2.4617083055210862e-20,-1.0885566595182622e-19,-9.658138761119124e-19,2.657225692330958e-21,-1.0885566595182622e-19,-1540.8610988964635,18.811217139878206,-298.9466586395243,-1680649.3952189907,329.4707947926749,153634.58997727587,0.08503747803008534,4557.589792279299
321.1107564178828,2001.0,12.0,14.0,14.0,26.0,49.0,1.0,3481258.28322142,-42564.65917695154,676628.0971416801,-507.9104032632946,-284.4830442633713,4522.274978395738,3546659.9169571036,4559.591490521998,3479387.8250813778,-121784.01941173212,676628.0971416801,3546659.916957103,-522.8857663984639,-519.4769818467834,4522.274978395738,4581.946839455356,12741501.775743525,0.723800317566031,1.633620606308525,0.0,2.9615472129511627e-07,0.1923395086488708,0.19195562219841933,-0.034987281997463066,150459.91695710318,0.08071429505311511,0.08031963834065105,127.74912679195404,-16086873677.223637,-1011977987.4852374,-199248102.01824492,-16088547702.640942,-1871141016.3729067,16118672530.767086,16198217052.795164,-0.9810322688245107,0.03433766480667198,-0.19077896189217963,0.034980144387950975,0.999388007481878,0.0,-0.19066220659488653,0.00667347563317184,0.9816330208888362,4535.442285370846,-537.4496854275792,-0.11794990902986303,2.7090249128690407e-10,193.5,0.0,-90.87130993871885,5.1,0.0,3.0491749170745715e-17,2.297968054005045,1.5707963267948966,16.94554710897754,461.0,0.0013052349529381708,4.392017088304424,0.0,0.0028643142761274384,-1540.6582897897697,18.837325380053,-299.44709704255615,0.008298115532110212,0.00960843037592351,-0.07128136179769216,0.008077286685741345,0.009794799409358212,-0.07128136179769216,-9.541565482979185e-19,2.4353450421582198e-20,-1.0779399617131216e-19,-9.544636635656034e-19,2.6313760965212553e-21,-1.0779399617131216e-19,-1540.650212503084,18.847120179462358,-299.5183784043538,-1680649.610767752,329.6592792290552,153707.6839993449,0.08514070581737315,4557.53194410077
321.41075641788285,2001.0,12.0,14.0,14.0,26.0,49.0,1.0,3481105.7597192274,-42650.00224919236,677984.7503773837,-508.91292686503454,-284.47076764746265,4522.079878077544,3546770.3132267413,4559.509009585362,3479230.806523955,-121939.85393179081,677984.7503773837,3546770.3132267417,-523.9045980455185,-519.4198051893578,4522.079878077544,4581.864182359622,12741500.161149934,0.7238002826271187,1.6336206055679694,0.0,2.9085906290923363e-07,0.19272392694628657,0.19233924796545668,-0.03503359474800217,150570.31322674174,0.0808754250635997,0.0804799730627002,125.4220929145813,-16086873513.170574,-1011977965.2047691,-199263052.8382901,-16088558949.496937,-1871066237.8933492,16118672365.638832,16198219769.53791,-0.9809574624973836,0.034380533037915766,-0.191155527565182,0.03502642875790277,0.9993863863833985,0.0,-0.19103823193057937,0.006695495467941166,0.9815597609321997,4535.299679201417,-537.4515892035402,-0.11795399745134132,2.677196220930932e-10,193.62901889534533,0.0,-90.9,5.070981104654662,0.0,3.0493939438319803e-17,2.2980038237890446,1.5707963267948966,16.93959499814484,461.0,0.0012898313436352396,4.392406320331778,0.0,0.0028305290801468085,-1540.4469371583218,18.87333217358585,-300.0194777888987,0.008216433745035119,0.009495021542297448,-0.0704398370632271,0.00799800130682509,0.009679731022671476,-0.0704398370632271,-9.429450836884415e-19,2.409261054682132e-20,-1.0674195544250678e-19,-9.432492221125523e-19,2.605708968404556e-21,-1.0674195544250678e-19,-1540.438939157015,18.883011904608523,-300.08991762596196,-1680649.8237384446,329.8477636654354,153780.8657693396,0.08524393750627265,4557.474027431559
321.7107564178829,2001.0,12.0,14.0,14.0,26.0,49.0,1.0,3480952.9354805923,-42735.34163494512,679341.3450272066,-509.91531285135306,-284.4584676765908,4521.884405870184,3546880.9271695297,4559.426370297601,3479073.4823381915,-122095.6712861601,679341.3450272066,3546880.9271695297,-524.9232886373962,-519.3625439200972,4521.884405870184,4581.781366568357,12741498.565143645,0.7238002480906571,1.633620604835958,0.0,2.850759993450203e-07,0.19310832123483207,0.1927228497067171,-0.035079909679821095,150680.92716952972,0.08103654390290686,0.08064029662407053,123.11720016598701,-16086873351.00014,-1011977943.1807323,-199278062.8697089,-16088570219.60058,-1870991315.5720363,16118672202.405594,16198222493.851162,-0.9808825144616711,0.034423391648389645,-0.19153204152509634,0.035072715232665204,0.999384763064861,0.0,-0.19141420393888753,0.006717548750340711,0.9814863611223688,4535.156801149137,-537.4534979217234,-0.11795809420681823,2.6485297972366885e-10,193.7,0.0,-90.9,5.0,0.0,3.049519503156116e-17,2.2980243291827995,1.5707963267948966,16.936184845957175,461.0,0.0012759520123223397,4.392791081373448,0.0,0.002800034827805762,-1540.2351983981723,18.90932702100027,-300.5916686413339,0.008143823221466439,0.009392246158731446,-0.06967981388726104,0.00792754727033105,0.009575496793658716,-0.06967981388726104,-9.328005016468888e-19,2.3858370797510122e-20,-1.0580508591425528e-19,-9.331019917189032e-19,2.5827853210774257e-21,-1.0580508591425528e-19,-1540.227270850902,18.918902517793928,-300.6613484552212,-1680650.0342574567,330.03624810181566,153854.13528725994,0.08534717310155528,4557.416042273351
322.010756417883,2001.0,12.0,14.0,14.0,26.0,50.0,1.0,3480799.810546837,-42820.677327203266,680697.8809795923,-510.91756096631127,-284.4461443520934,4521.688561854336,3546991.758755546,4559.343572658773,3478915.8525664425,-122251.47144945897,680697.8809795923,3546991.7587555465,-525.9418379138057,-519.305198058046,4521.688561854336,4581.698392081542,12741496.986217437,0.7238002139240279,1.6336206041116854,0.0,2.7957056521317034e-07,0.19349269147449186,0.19310642737716488,-0.03512622679750798,150791.75875554606,0.08119765155019927,0.08080060900395512,120.83201494812965,-16086873190.5594,-1011977921.390485,-199293132.22308105,-16088581512.789846,-1870916249.426088,16118672040.913315,16198225225.579533,-0.980807424764644,0.03446624062423834,-0.19190850367761034,0.03511900381671369,0.9993831375258048,0.0,-0.19179012252321265,0.006739635473113811,0.981412821505925,4535.0136512599,-537.4554115817739,-0.11796219929653429,2.6177832127011294e-10,193.8,0.0,-91.0,5.0,0.0,3.049691780964948e-17,2.2980524642841123,1.5707963267948966,16.931508152066357,461.0,0.00126107227799495,4.393171721637016,0.0,0.0027674462215363104,-1540.023073742245,18.94530990186547,-301.16366927500417,0.008064901996980584,0.009283830443413217,-0.06886772877324503,0.007850917342107851,0.009465476681622413,-0.06886772877324503,-9.219714650318917e-19,2.3606218612280284e-20,-1.047871551310959e-19,-9.22270075678459e-19,2.5580066992167897e-21,-1.047871551310959e-19,-1540.015222824903,18.954775378547094,-301.2325370037774,-1680650.2425235957,330.2247325381959,153927.49255310593,0.08545041260799299,4557.357988627827
322.31075641788306,2001.0,12.0,14.0,14.0,26.0,50.0,1.0,3480646.3849593583,-42906.009318963326,682054.3581230277,-511.91967096570124,-284.43379768983414,4521.4923462116885,3547102.8079548166,4559.260616771186,3478757.9172511394,-122407.25439631482,682054.3581230277,3547102.8079548166,-526.9602456265159,-519.2477676365295,4521.4923462116885,4581.615259001694,12741495.42639588,0.7238001801710369,1.633620603396106,0.0,2.7435947417500656e-07,0.19387703761330927,0.19348998093178554,-0.035172546105652305,150902.8079548166,0.08135874798463127,0.08096091018151834,118.56965491175652,-16086873032.054184,-1011977899.8623977,-199308261.0115764,-16088592829.261488,-1870841039.5237064,16118671881.3692,16198227964.929922,-0.9807321934536531,0.034509079951616124,-0.19228491392847044,0.03516529451452491,0.9993815097657684,0.0,-0.19216598758701564,0.006761755628994736,0.9813391421295294,4534.870229680868,-537.4573301980025,-0.1179663127213122,2.586952126549777e-10,193.889725649738,0.0,-91.0,4.910274350261983,0.0,3.049847514160617e-17,2.298077897445049,1.5707963267948966,16.927282887877027,461.0,0.0012461531777320572,4.393547757184459,0.0,0.0027346484204004004,-1539.8105634238257,18.98128079577158,-301.73547936538176,0.007984851596061514,0.009173390682026609,-0.06805057019738123,0.007773209452465485,0.009353404001983447,-0.06805057019738123,-9.11067617667082e-19,2.3351377607670372e-20,-1.0375414035196404e-19,-9.113633063601505e-19,2.5327096246055655e-21,-1.0375414035196404e-19,-1539.8027902143733,18.990634199773563,-301.80352993557915,-1680650.4482698124,330.4132169745762,154000.9375668776,0.08555365603035807,4557.299866496673
322.6107564178831,2001.0,12.0,14.0,14.0,26.0,50.0,1.0,3480492.658759631,-42991.337603224565,683410.7763460386,-512.9216425958466,-284.4214276942562,4521.295759039431,3547214.0747373137,4559.177502651416,3478599.6764347916,-122563.02010136312,683410.7763460386,3547214.074737314,-527.9785115175722,-519.1902526776989,4521.295759039431,4581.531967345398,12741493.884737635,0.7238001468113076,1.6336206026888591,0.0,2.694598037008223e-07,0.1942613596093403,0.19387351032558442,-0.03521886760884484,151014.07473731413,0.08151983318535996,0.0811212001359509,116.3290886580944,-16086872875.388906,-1011977878.5846304,-199323449.34559542,-16088604168.91081,-1870765685.8929572,16118671723.677109,16198230711.805159,-0.9806568205761296,0.03455190961668684,-0.19266127218348053,0.03521158733057676,0.9993798797842897,0.0,-0.19254179903381508,0.006783909210708644,0.9812653230399222,4534.726536474396,-537.4592537731827,-0.11797043448165391,2.5567511427290213e-10,194.0,0.0,-91.0,4.9,0.0,3.0500363063169093e-17,2.2981087295439737,1.5707963267948966,16.922163620244557,461.0,0.0012315392790906775,4.393919421249102,0.0,0.0027026135502359184,-1539.597667676566,19.017239682329567,-302.30709858826845,0.007906770324279049,0.009065377681085344,-0.06725258608030753,0.007697419458211798,0.009243799172740746,-0.06725258608030753,-9.00427018112411e-19,2.3102853993375386e-20,-1.0274747681491343e-19,-9.007198598222797e-19,2.508172876886273e-21,-1.0274747681491343e-19,-1539.5899702571078,19.026483481502307,-302.37435117434876,-1680650.6516202707,330.6017014109564,154074.4703285749,0.0856569033734231,4557.241675881581
322.9107564178832,2001.0,12.0,14.0,14.0,26.0,50.0,1.0,3480338.631989203,-43076.66217298809,684767.135537184,-513.9234756049284,-284.40903437149217,4521.098800450905,3547325.5590729536,4559.094230332225,3478441.130159982,-122718.76853924635,684767.135537184,3547325.5590729536,-528.9966353309169,-519.1326532053787,4521.098800450905,4581.448517145434,12741492.360858126,0.7238001138365144,1.633620601989729,0.0,2.6446937545089273e-07,0.19464565741884093,0.1942570155135854,-0.03526519131167732,151125.55907295365,0.08168090713157637,0.08128147884645594,114.10973781347275,-16086872720.524632,-1011977857.5512506,-199338697.33633345,-16088615531.689747,-1870690188.5678825,16118671567.797812,16198233466.16502,-0.9805813061795846,0.034594729605623584,-0.1930375783485006,0.035257882269348076,0.9993782475809051,0.0,-0.1929175567671862,0.00680609621097149,0.9811913642839232,4534.582571718963,-537.4611823117958,-0.11797456457802012,2.5292053944840083e-10,194.09365581850523,0.0,-91.1,4.8,0.0,3.050198348773951e-17,2.298135193085487,1.5707963267948966,16.91777225628174,461.0,0.0012182055397406356,4.394286800281232,0.0,0.002673300572261901,-1539.3843867344845,19.053186541170906,-302.87852661979355,0.007836210642744784,0.008968113229671625,-0.06652201284589894,0.007628907750430127,0.009145109002800623,-0.06652201284589894,-8.906844026176221e-19,2.287668095158424e-20,-1.018374165213456e-19,-8.909746730351896e-19,2.4858816359687437e-21,-1.018374165213456e-19,-1539.376757826734,19.062331650173707,-302.94504863263944,-1680650.8526256979,330.79018584733666,154148.09083819785,0.08576015464196111,4557.1834167842435
323.21075641788326,2001.0,12.0,14.0,14.0,26.0,51.0,1.0,3480184.304689699,-43161.98302125591,686123.4355850513,-514.9251697401122,-284.39661772585225,4520.901470548746,3547437.260931599,4559.010799835377,3478282.278469375,-122874.49968461334,686123.4355850513,3547437.2609315985,-530.0146168094373,-519.0749692416218,4520.901470548746,4581.364908423543,12741490.853989976,0.7238000812300481,1.6336206012982526,0.0,2.5895457263265276e-07,0.1950299309993443,0.1946404964508292,-0.03531151721874222,151237.2609315985,0.08184196980245889,0.08144174629223518,111.9102343916893,-16086872567.383627,-1011977836.7498872,-199354005.09484357,-16088626917.511425,-1870614547.5761607,16118671413.652952,16198236227.930006,-0.9805056503116103,0.03463753990460851,-0.19341383232944542,0.03530417933531835,0.9993766131551507,0.0,-0.19329326069075936,0.006828316622489935,0.9811172659084322,4534.438335482265,-537.4631158164865,-0.11797870301075265,2.499418617588961e-10,194.2,0.0,-91.1,4.8,0.0,3.0503807916147665e-17,2.2981649882625033,1.5707963267948966,16.912830869759663,461.0,0.0012037938955465016,4.394650083257489,0.0,0.002641720899805897,-1539.1707208319654,19.08912135194716,-303.44976313641206,0.007758756303422838,0.008861607119187154,-0.06573536261872272,0.007553719102257228,0.009037018747071754,-0.06573536261872272,-8.801921429157283e-19,2.263087184618823e-20,-1.0083842513279298e-19,-8.804795884055024e-19,2.4615467449775574e-21,-1.0083842513279298e-19,-1539.163167112863,19.098158370694232,-303.5154984990308,-1680651.0513873063,330.9786702837169,154221.79909574648,0.08586340984074542,4557.125089206364
323.51075641788333,2001.0,12.0,14.0,14.0,26.0,51.0,1.0,3480029.6769028176,-43247.300141033294,687479.6763782711,-515.9267247535008,-284.3841777689381,4520.703769478351,3547549.180283057,4558.9272112259005,3478123.121405707,-123030.21351212145,687479.6763782711,3547549.180283057,-531.0324557011256,-519.017200815684,4520.703769478351,4581.281141244913,12741489.36485878,0.7238000490076055,1.633620600614958,0.0,2.541947679107193e-07,0.1954141803033866,0.1950239530923778,-0.03535784533463344,151349.18028305704,0.08200302117720591,0.08160200245251471,109.7323594391346,-16086872416.039534,-1011977816.193706,-199369372.73245132,-16088638326.44036,-1870538762.9710753,16118671261.316853,16198238997.173944,-0.9804298530198782,0.03468034049983344,-0.1937900340322886,0.03535047853296843,0.9993749765065614,0.0,-0.19366891070822415,0.0068505704379616394,0.9810430279604276,4534.29382787481,-537.4650542972475,-0.11798284978069055,2.46963935578533e-10,194.3,0.0,-91.11311469008149,4.7868853099185005,0.0,3.050553019350317e-17,2.2981931151862294,1.5707963267948966,16.9081689027164,461.0,0.0011893872235757487,4.395009087216748,0.0,0.00261013861167394,-1538.9566702037564,19.125044094331056,-304.02080781491156,0.007680915298393535,0.008755309086588765,-0.06494858963542037,0.007478143719475077,0.008929124455044575,-0.06494858963542037,-8.696953167104214e-19,2.2384360353131898e-20,-9.983394721675184e-20,-8.699799217404753e-19,2.4370607081894336e-21,-9.983394721675184e-20,-1538.949192060037,19.1339732187861,-304.085756404547,-1680651.2478093896,331.1671547200972,154295.59510122077,0.08596666897454988,4557.066693149641
323.8107564178834,2001.0,12.0,14.0,14.0,26.0,51.0,1.0,3479874.748670333,-43332.61352532795,688835.8578055119,-516.9281403953072,-284.3717145078877,4520.5056973664905,3547661.3170970823,4558.843464549711,3477963.659011793,-123185.90999643573,688835.8578055119,3547661.3170970823,-532.0501517519851,-518.959347952429,4520.5056973664905,4581.197215655469,12741487.893526787,0.723800017170527,1.6336205999396645,0.0,2.488984627796726e-07,0.19579840528570913,0.1954073853933129,-0.03540417566394605,151461.31709708227,0.08216406123501127,0.0817622473065068,107.57563969492912,-16086872266.499035,-1011977795.8802037,-199384800.36116284,-16088649758.474047,-1870462834.7903142,16118671110.796026,16198241773.90231,-0.98035391435214,0.03472313137749974,-0.19416618336306138,0.035396779866780304,0.9993733376346713,0.0,-0.19404450672332824,0.006872857650075183,0.9809686504869675,4534.149048988387,-537.4669977595837,-0.117987004888182,2.4408041750359885e-10,194.37331013868896,0.0,-91.2,4.7,0.0,3.0506823312737507e-17,2.2982142334259574,1.5707963267948966,16.904670360035272,461.0,0.0011754363443918048,4.3953638085652695,0.0,0.0025794860844534136,-1538.7422350849693,19.160954748016145,-304.59166033241024,0.007605368333756639,0.008653281947879399,-0.06418462400624877,0.007404768346014789,0.008825549371198437,-0.06418462400624877,-8.594953394317491e-19,2.21448180824183e-20,-9.885783988321306e-20,-8.597771851214869e-19,2.4131757858397366e-21,-9.885783988321306e-20,-1538.7348303166232,19.169780297387344,-304.6558449564165,-1680651.4418837372,331.3556391564774,154369.47885462065,0.08606993204814847,4557.008228615784
324.11075641788347,2001.0,12.0,14.0,14.0,26.0,52.0,1.0,3479719.520034095,-43417.92316714926,690191.9797554752,-517.9294164115624,-284.359227946607,4520.307254303528,3547773.671343374,4558.759559815796,3477803.8913305234,-123341.58911222832,690191.9797554752,3547773.671343374,-533.0677047037653,-518.9014106736121,4520.307254303528,4581.113131664214,12741486.438777383,0.7237999856924837,1.633620599271988,0.0,2.439425221643588e-07,0.19618260590550832,0.19579079330873453,-0.03545050821127607,151573.67134337407,0.0823250899550993,0.08192248083344783,105.43894910812378,-16086872118.638403,-1011977775.7953967,-199400288.0906015,-16088661213.479603,-1870386763.0601566,16118670961.966108,16198244557.98974,-0.980277834356227,0.034765912523817985,-0.19454228022785122,0.03544308334123684,0.9993716965390135,0.0,-0.19442004863987586,0.006895178251509982,0.9808941335351885,4534.003998878185,-537.4689462057124,-0.11799116833380653,2.4144845117038136e-10,194.5,0.0,-91.2,4.7,0.0,3.050897445207029e-17,2.2982493641972828,1.5707963267948966,16.898853765517444,461.0,0.0011626987619396969,4.3957145280873835,0.0,0.0025515778591989964,-1538.5274157110784,19.19685329271648,-305.16232036635523,0.007537697282324932,0.00855913007905395,-0.06348953139479695,0.007339090307378343,0.008730025285775524,-0.06348953139479695,-8.502335586077504e-19,2.192906197172835e-20,-9.798638221861667e-20,-8.505129431726012e-19,2.3919526831670197e-21,-9.798638221861667e-20,-1538.520076620771,19.205583318002255,-305.22580989775,-1680651.6337708235,331.54412359285766,154443.45035594623,0.08617319906631575,4556.949695606504
324.41075641788353,2001.0,12.0,14.0,14.0,26.0,52.0,1.0,3479563.9910360277,-43503.229059507954,691548.0421168921,-518.9305525527066,-284.346718093074,4520.108440416512,3547886.242991576,4558.675497070125,3477643.8184048655,-123497.25083417799,691548.0421168921,3547886.242991576,-534.0851143027194,-518.8433890049848,4520.108440416512,4581.028889317172,12741485.000669442,0.7237999545747462,1.633620598611925,0.0,2.384185791015631e-07,0.19656678211761297,0.19617417679376017,-0.03549684298122041,151686.2429915755,0.08248610731668138,0.08208270301258729,103.32237437367439,-16086871972.463776,-1011977755.9396102,-199415836.03211278,-16088672691.453962,-1870310547.82126,16118670814.83325,16198247349.441492,-0.9802016130800514,0.03480868392500803,-0.19491832453280103,0.03548938896082172,0.9993700532191204,0.0,-0.19479553636172714,0.006917532234936254,0.9808194771523074,4533.858677636143,-537.4708996419746,-0.1179953401180957,2.385537516452009e-10,194.58034713082216,0.0,-91.28034713082218,4.619652869177826,0.0,3.051038064008496e-17,2.2982723289903255,1.5707963267948966,16.895053734089096,461.0,0.0011486968220901638,4.39606123648454,0.0,0.00252082014369388,-1538.3122123179248,19.232739708166555,-305.73278759452216,0.007461165661993991,0.00845663273603049,-0.0627230563745524,0.007264749995570227,0.00862595141243464,-0.0627230563745524,-8.40000659947218e-19,2.168761186250737e-20,-9.699750400039539e-20,-8.402772488338051e-19,2.367765265409954e-21,-9.699750400039539e-20,-1538.3049475679293,19.24136565957899,-305.79551065089674,-1680651.8234628793,331.7326080292379,154517.50960519747,0.0862764700338265,4556.891094123514
324.7107564178836,2001.0,12.0,14.0,14.0,26.0,52.0,1.0,3479408.1617181324,-43588.531195418196,692904.0447785392,-519.9315485719641,-284.33418495782513,4519.9092558551065,3547999.032011281,4558.591276381414,3477483.4402778647,-123652.89513697232,692904.0447785392,3547999.0320112812,-535.1023802979448,-518.7852829748198,4519.9092558551065,4580.944488683142,12741483.58004551,0.7237999238355385,1.6336205979597163,0.0,2.3371558102008936e-07,0.1969509338741649,0.19655753580352897,-0.0355431799783774,151799.0320112817,0.08264711329898031,0.0822429138231551,101.22678655385971,-16086871828.061071,-1011977736.322141,-199431444.29805046,-16088684192.473848,-1870234189.123328,16118670669.483778,16198250148.343138,-0.9801252505716037,0.03485144556729945,-0.19529431618411333,0.03553569673002,0.9993684076745232,0.0,-0.1951709697928022,0.006939919593015288,0.9807446813856191,4533.7130853768285,-537.4728580773021,-0.11799952024156386,2.3569493686887325e-10,194.64147430183098,0.0,-91.3,4.6,0.0,3.051147805396063e-17,2.2982902511189987,1.5707963267948966,16.892089354564604,461.0,0.0011348688718073859,4.396403738305464,0.0,0.002490501422062061,-1538.0966251417058,19.26861397412216,-306.303061695021,0.0073856185088586775,0.008354642209962251,-0.06196751274205026,0.007191386655759183,0.008522403720913927,-0.06196751274205026,-8.299053622868255e-19,2.144926229308957e-20,-9.602069259982662e-20,-8.301791897668878e-19,2.34394610399641e-21,-9.602069259982662e-20,-1538.08943375505,19.277136377843075,-306.36502920776303,-1680652.0108487662,331.92109246561813,154591.65660237434,0.086379744955456,4556.832424168536
325.01075641788367,2001.0,12.0,14.0,14.0,26.0,53.0,1.0,3479252.0321224825,-43673.829567896435,694259.9876292306,-520.9324042177306,-284.32162854724254,4519.709700726854,3548112.0383720254,4558.506897775657,3477322.756992639,-123808.52199530647,694259.9876292306,3548112.0383720254,-536.1195024336184,-518.7270926073736,4519.709700726854,4580.859929788183,12741482.176268935,0.7237998934610812,1.6336205973152784,0.0,2.2891598188485577e-07,0.1973350611324484,0.19694087029320004,-0.03558951920734655,151912.03837202536,0.08280810788124346,0.08240311324442388,99.15201848745346,-16086871685.365473,-1011977716.9375669,-199447112.99829876,-16088695716.465233,-1870157687.0014138,16118670525.852669,16198252954.628798,-0.9800487468789553,0.03489419743693137,-0.1956702550880487,0.035582006653317864,0.9993667599047525,0.0,-0.19554634883707964,0.006962340318399352,0.9806697462824975,4533.567222172486,-537.47482151641,-0.11800370870490214,2.328504966793839e-10,194.8,0.0,-91.30291196003624,4.5,0.0,3.0514140106030913e-17,2.2983337257285297,1.5707963267948966,16.884902993319145,461.0,0.0011211125035958918,4.396742177156929,0.0,0.0024602497177506253,-1537.880654418983,19.304476070359954,-306.8731423462943,0.007309914326059306,0.008252901900075518,-0.061214362829025606,0.0071178649712404325,0.00841909944577124,-0.061214362829025606,-8.198743687470272e-19,2.1211894061330723e-20,-9.504553251857117e-20,-8.201454397344382e-19,2.3200562084325515e-21,-9.504553251857117e-20,-1537.873536554012,19.312895169805724,-306.93435670912334,-1680652.1960124616,332.1095769019984,154665.89134747686,0.08648302383597982,4556.773685743292
325.31075641788374,2001.0,12.0,14.0,14.0,26.0,53.0,1.0,3479095.602291227,-43759.12416996133,695615.8705578165,-521.9331192411837,-284.30904886893103,4519.509775161586,3548225.2620432917,4558.42236130119,3477161.768592384,-123964.13138388323,695615.8705578165,3548225.2620432917,-537.1364804567285,-518.6688179280882,4519.509775161586,4580.775212680654,12741480.789472586,0.7237998634542451,1.6336205966784896,0.0,2.235174179077153e-07,0.19771916384708105,0.1973241802179516,-0.035635860672728496,152025.2620432917,0.08296909104271045,0.0825633012556573,97.09777638316154,-16086871544.390797,-1011977697.7847896,-199462842.2446347,-16088707263.432697,-1870081041.494967,16118670383.95364,16198255768.311207,-0.9799721020502558,0.03493693952015235,-0.19604614115092486,0.035628318735202544,0.9993651099093378,0.0,-0.1959216733985956,0.006984794403731659,0.9805946718903951,4533.421088117669,-537.4767899652674,-0.11800790550850189,2.3023818158005092e-10,194.85657755411466,0.0,-91.4,4.5,0.0,3.051516449425475e-17,2.298350455257803,1.5707963267948966,16.882139289333452,461.0,0.00110847404290562,4.397076529578061,0.0,0.002432573139029298,-1537.6643003866795,19.340325976677487,-307.443029227117,0.007241577416371278,0.008160761830427597,-0.060524431221526453,0.007051491647709743,0.008325559601164491,-0.060524431221526453,-8.106563476125532e-19,2.0995232313070828e-20,-9.416186974096916e-20,-8.109249227730689e-19,2.298549520162769e-21,-9.416186974096916e-20,-1537.657248895032,19.348651536278652,-307.50355365833855,-1680652.378936436,332.29806133837866,154740.21384050505,0.08658630668017389,4556.714878849508
325.6107564178838,2001.0,12.0,14.0,14.0,26.0,53.0,1.0,3478938.8722665915,-43844.41499463248,696971.6934531748,-522.9336933868015,-284.29644592406305,4519.309479231263,3548338.702994508,4558.337666947652,3477000.4751203735,-124119.72327741163,696971.6934531748,3548338.702994508,-538.1533141074187,-518.6104589561559,4519.309479231263,4580.690337350154,12741479.417758403,0.7237998337739567,1.633620596048627,0.0,2.1900144899933185e-07,0.19810324197976284,0.19770746553297877,-0.03568220437912458,152138.7029945082,0.08313006276264791,0.08272347783614506,95.06182125210762,-16086871404.94405,-1011977678.8399867,-199478632.14596748,-16088718833.173994,-1870004252.6207836,16118670243.59258,16198258589.195019,-0.9798953161337357,0.03497967180322011,-0.19642197427911479,0.03567463298016193,0.9993634576878078,0.0,-0.1962969433814418,0.007007281841646226,0.980519458256844,4533.274683248806,-537.4787634233248,-0.11801211065283816,2.275886415619434e-10,194.91243284929746,0.0,-91.4,4.487567150702553,0.0,3.051617741960965e-17,2.298366997584221,1.5707963267948966,16.879407434122918,461.0,0.0010956576368280734,4.397407241200365,0.0,0.0024044780869609565,-1537.447563282079,19.376163672892623,-308.0127220165926,0.0071716364355097675,0.008065963192436278,-0.05982428102654482,0.006983580016132099,0.008229322058538506,-0.05982428102654482,-8.012987729947182e-19,2.077441647877072e-20,-9.32574149115237e-20,-8.015647930883235e-19,2.276502613134927e-21,-9.32574149115237e-20,-1537.440579702063,19.384392994951163,-308.0725462976191,-1680652.5598710552,332.4865457747589,154814.62408145887,0.08668959349281455,4556.656003488916
325.9107564178839,2001.0,12.0,14.0,14.0,26.0,53.0,1.0,3478781.842090875,-43929.702034932234,698327.4562042233,-523.9341264112046,-284.2838197269968,4519.108813109976,3548452.3611950492,4558.252814808005,3476838.876619955,-124275.29765060883,698327.4562042233,3548452.3611950492,-539.1700031382785,-518.5520157236981,4519.108813109976,4580.605303889814,12741478.062796285,0.723799804456343,1.6336205954264231,0.0,2.1439037576225677e-07,0.19848729547983643,0.19809072619349713,-0.03572855033113745,152252.36119504878,0.08329102302030374,0.0828836429651503,93.04661616683006,-16086871267.195148,-1011977660.1256888,-199494482.8148294,-16088730425.849804,-1869927320.442085,16118670104.94049,16198261417.450779,-0.9798183891777044,0.035022394272401995,-0.19679775437905003,0.03572094939268514,0.9993618032396901,0.0,-0.19667215868976906,0.007029802624768127,0.9804441054294544,4533.128007704735,-537.4807419033674,-0.11801632413864825,2.248283709773866e-10,195.07480170721254,0.0,-91.47480170721255,4.4,0.0,3.051890042537293e-17,2.298411467643101,1.5707963267948966,16.872068046143365,461.0,0.0010823105108308004,4.397733922606548,0.0,0.0023751493418432247,-1537.2304433428244,19.411989138844362,-308.58222039415904,0.007097714563198937,0.007968229343946654,-0.05909403765552858,0.006911760452663551,0.008130055248482322,-0.05909403765552858,-7.915740843546398e-19,2.0543460697400912e-20,-9.230494507442463e-20,-7.918374125439766e-19,2.253196612011184e-21,-9.230494507442463e-20,-1537.2235315823718,19.420119194092845,-308.6413144318146,-1680652.7385960445,332.67503021113913,154889.12207033834,0.08679288427867843,4556.597059663254
326.21075641788394,2001.0,12.0,14.0,14.0,26.0,54.0,1.0,3478624.5118064526,-44014.98528388571,699683.1586999214,-524.934418063646,-284.27117028299665,4518.907776908548,3548566.236614236,4558.1678049109205,3476676.9731345545,-124430.85447820023,699683.1586999214,3548566.236614236,-540.1865472943241,-518.4934882539413,4518.907776908548,4580.5201123283,12741476.724031903,0.7237997754894063,1.6336205948115101,0.0,2.1020674675205215e-07,0.1988713243044095,0.19847396215474294,-0.035774898533371034,152366.23661423614,0.08345197179496198,0.08304379662198211,91.05106389522552,-16086871131.087957,-1011977641.6324147,-199510394.36205655,-16088742041.394707,-1869850244.990151,16118669967.94075,16198264253.020746,-0.9797413212305507,0.03506510691397504,-0.19717348135722115,0.03576726797726255,0.9993601465645119,0.0,-0.1970473192277876,0.00705235674571351,0.9803686134559152,4532.98106156075,-537.4827254089921,-0.11802054596631224,2.2216282508283617e-10,195.13748087748021,0.0,-91.5,4.362519122519776,0.0,3.052002295563266e-17,2.2984297999534538,1.5707963267948966,16.869044388949085,461.0,0.0010694197320244585,4.3980566950902595,0.0,0.002346868717035524,-1537.0129408069172,19.44780235439289,-309.1515240395899,0.00702655448449032,0.007873188156920785,-0.058389309781205885,0.006842643913723248,0.008033541183548817,-0.058389309781205885,-7.821565686632587e-19,2.0320037136132057e-20,-9.138457517960744e-20,-7.8241729636092e-19,2.230732517628581e-21,-9.138457517960744e-20,-1537.0060981630036,19.45583589557644,-309.2099133493711,-1680652.9151845258,332.8635146475194,154963.70780714354,0.08689617904254274,4556.538047374257
326.510756417884,2001.0,12.0,14.0,14.0,26.0,54.0,1.0,3478466.8814557726,-44100.264734520075,701038.8008292632,-525.9345680947748,-284.25849759994276,4518.706370747512,3548680.329221334,4558.08263729487,3476514.7647076705,-124586.3937349185,701038.8008292632,3548680.329221334,-541.2029463220294,-518.4348765727217,4518.706370747512,4580.434762704165,12741475.401246894,0.7237997468684162,1.6336205942039514,0.0,2.048570973406366e-07,0.19925532840938337,0.19885717337197167,-0.035821248990430335,152480.32922133384,0.08361290906588918,0.08320393878592823,89.07546415925026,-16086870996.600246,-1011977623.359791,-199526366.89782625,-16088753679.777197,-1869773026.3054402,16118669832.571146,16198267095.881927,-0.9796641123407422,0.03510780971422573,-0.19754915512017618,0.035813588738385506,0.9993584876617989,0.0,-0.1974224248997654,0.007074944197089513,0.9802929823839935,4532.833844901846,-537.4847139464263,-0.11802477613653495,2.196934155733232e-10,195.2,0.0,-91.5,4.3,0.0,3.05211430290943e-17,2.2984480921412493,1.5707963267948966,16.86602847019893,461.0,0.001057474345068864,4.398375626358483,0.0,0.0023206342282084133,-1536.7950559127203,19.483603299419325,-309.7206326329923,0.0069611772775607875,0.007784742656889853,-0.05773555134014578,0.0067791601697288345,0.00794375192945948,-0.05773555134014578,-7.734208200150611e-19,2.01137931013209e-20,-9.053934038556227e-20,-7.736791616109272e-19,2.2100666743285316e-21,-9.053934038556227e-20,-1536.7882767525505,19.491547051348785,-309.77836818433246,-1680653.0896653011,333.05199908389966,155038.3812918743,0.08699947778918474,4556.478966623673
326.8107564178841,2001.0,12.0,14.0,14.0,26.0,54.0,1.0,3478308.95108136,-44185.54037986374,702394.3824812723,-526.9345762513477,-284.2458016804317,4518.504594714508,3548794.6389855556,4557.997311964791,3476352.2513828822,-124741.91539550308,702394.3824812723,3548794.6389855556,-542.2191999638575,-518.3761807007102,4518.504594714508,4580.349255022309,12741474.093061546,0.7237997185635173,1.6336205936031178,0.0,2.0047462056687076e-07,0.1996393077548069,0.1992403598004561,-0.03586760170692119,152594.63898555562,0.0837738348123929,0.08336406943631526,87.11786329746246,-16086870863.591824,-1011977605.2888432,-199542400.5317933,-16088765340.847782,-1869695664.4098825,16118669698.690575,16198269945.891998,-0.9795867625568264,0.03515050265944983,-0.19792477557451904,0.035859911680546155,0.9993568265310762,0.0,-0.1977974756100268,0.007097564971494171,0.9802172122615356,4532.686357779936,-537.4867075165618,-0.11802901464971648,2.1710825175872836e-10,195.3,0.0,-91.54948426507947,4.250515734920522,0.0,3.0522864590041686e-17,2.2984762073651424,1.5707963267948966,16.86139516281767,461.0,0.0010449733762353862,4.398691034716548,0.0,0.0022931998783741955,-1536.5767888989517,19.51939195382529,-310.28954585480415,0.006891950058288659,0.007692904050717183,-0.05705212414487398,0.006711909862828309,0.00785047860533063,-0.05705212414487398,-7.642998434204607e-19,1.9897082882074177e-20,-8.964521615222307e-20,-7.645556593210696e-19,2.188232136054854e-21,-8.964521615222307e-20,-1536.5700769890889,19.527242432430622,-310.34659797894903,-1680653.262220353,333.2404835202799,155113.14252453076,0.08710278052338231,4556.419817413247
327.11075641788415,2001.0,12.0,14.0,14.0,26.0,55.0,1.0,3478150.7207258134,-44270.81221294775,703749.903545013,-527.9344422886644,-284.23308253576243,4518.302448967641,3548909.165876059,4557.911828996849,3476189.4332038406,-124897.4194347014,703749.903545013,3548909.1658760584,-543.2353079710142,-518.3174006671062,4518.302448967641,4580.263589358985,12741472.800555037,0.7237996905980545,1.6336205930093004,0.0,1.9599417504617463e-07,0.20002326229212047,0.19962352139548964,-0.03591395668745072,152709.1658760584,0.0839347490137511,0.08352418855244963,85.17929619550705,-16086870732.172745,-1011977587.4311905,-199558495.3763721,-16088777024.707195,-1869618159.3560708,16118669566.409603,16198272803.160742,-0.9795092719274299,0.03519318573595279,-0.19830034262691262,0.03590623680823786,0.9993551631718679,0.0,-0.19817247126295556,0.007120219061516629,0.9801413031364656,4532.538600317591,-537.4887061290976,-0.11803326150635299,2.1459049426152227e-10,195.4,0.0,-91.6,4.186905891345141,0.0,3.052458605647371e-17,2.298504321045482,1.5707963267948966,16.856764750701753,461.0,0.0010327980910058042,4.399002674029288,0.0,0.0022664667314236764,-1536.3581400046894,19.555168297533665,-310.8582633858003,0.0068245066466963294,0.0076034493774845965,-0.056386156818460674,0.006646391584261729,0.007759627073218669,-0.056386156818460674,-7.554120142326011e-19,1.9685937104601183e-20,-8.877415252856241e-20,-7.556653702028453e-19,2.1669432015336194e-21,-8.877415252856241e-20,-1536.351493613105,19.562927924606885,-310.91464954261875,-1680653.4327073395,333.42896795666013,155187.99150511285,0.08720608724991366,4556.360599744731
327.4107564178842,2001.0,12.0,14.0,14.0,26.0,55.0,1.0,3477992.190431806,-44356.080226805476,705105.3639095868,-528.9341659571545,-284.2203401733791,4518.099933623099,3549023.909861948,4557.826188424709,3476026.310214276,-125052.90582726858,705105.3639095868,3549023.909861948,-544.2512700897511,-518.258536497395,4518.099933623099,4580.177765747939,12741471.5233352,0.7237996629635378,1.6336205924225278,0.0,1.9198803196437874e-07,0.20040719197794765,0.20000665811238544,-0.035960313936627145,152823.9098619474,0.08409565164927589,0.08368429611365767,83.25994634628296,-16086870602.303032,-1011977569.7847778,-199574651.54131228,-16088788731.306154,-1869540511.1829953,16118669435.688202,16198275667.647346,-0.9794316405012577,0.035235858930049574,-0.1986758561840781,0.035952564125955024,0.9993534975836974,0.0,-0.1985474117629941,0.007142906459737086,0.9800652550567862,4532.390572595253,-537.4907097898142,-0.11803751670717755,2.1204478867255553e-10,195.4770140884963,0.0,-91.6,4.1,0.0,3.052593878924407e-17,2.298526412848136,1.5707963267948966,16.8531280123394,461.0,0.001020489324671301,4.399310634863207,0.0,0.0022394123962078626,-1536.1391094693683,19.59093231048841,-311.4267849070908,0.006755735867539401,0.007512320403732967,-0.05571215229661705,0.006579589015586089,0.007667068106276339,-0.05571215229661705,-7.464077520128416e-19,1.947123173369106e-20,-8.788494590149048e-20,-7.466585962483952e-19,2.1451756260802926e-21,-8.788494590149048e-20,-1536.1325298803529,19.598599378594685,-311.4824970593874,-1680653.601177983,333.61745239304037,155262.9282336206,0.08730939797355723,4556.301313619884
327.7107564178843,2001.0,12.0,14.0,14.0,26.0,55.0,1.0,3477833.3602420855,-44441.34441447269,706460.7634641329,-529.933747007342,-284.20757459969616,4517.897048797084,3549138.8709122734,4557.740390281842,3475862.8824579916,-125208.37454796759,706460.7634641329,3549138.8709122734,-545.2670860663909,-518.1995882160572,4517.897048797084,4580.091784222673,12741470.261000711,0.7237996356512807,1.633620591842606,0.0,1.8730469182098736e-07,0.20079109676898835,0.20038976990647647,-0.03600667345905994,152938.87091227295,0.08425654269829724,0.08384439209928929,81.35926994681358,-16086870473.941978,-1011977552.3439198,-199590869.13702762,-16088800460.59461,-1869462719.9260886,16118669306.48539,16198278539.30984,-0.9793538683270945,0.03527852222806484,-0.19905131615279503,0.035998893638193225,0.9993518297660869,0.0,-0.19892229701464356,0.0071656271587268415,0.9799890680705781,4532.242274693314,-537.4927185034611,-0.11804178025270294,2.09658670394882e-10,195.5360886403412,0.0,-91.6,4.0639113596588,0.0,3.0527003892671556e-17,2.298543807307146,1.5707963267948966,16.85026569341277,461.0,0.0010089496415734572,4.399615005381003,0.0,0.002214095540876644,-1535.919697532778,19.62668397265462,-311.9951101001219,0.0066919450506375934,0.007426927135326655,-0.055081284953866085,0.006517635782978321,0.007580356128484001,-0.055081284953866085,-7.379752485326067e-19,1.9271054642149552e-20,-8.705978985927964e-20,-7.382237636507301e-19,2.1250353254139957e-21,-8.705978985927964e-20,-1535.913179896995,19.634264328783107,-312.0501913850758,-1680653.7676852178,333.80593682942066,155337.95271005403,0.08741271269909208,4556.2419590404625
328.01075641788435,2001.0,12.0,14.0,14.0,26.0,56.0,1.0,3477674.230199476,-44526.60476898649,707816.1020978213,-530.9331851873155,-284.1947858180031,4517.693794583341,3549254.0489960313,4557.654434578834,3475699.1499788687,-125363.82557156814,707816.1020978213,3549254.0489960313,-546.2827556447517,-518.1405558445321,4517.693794583341,4580.00564479374,12741469.01235684,0.7237996086354296,1.6336205912689734,0.0,1.8310853432781287e-07,0.20117497662470382,0.20077285673311362,-0.03605303525935939,153054.04899603175,0.0844174221401207,0.08400447648867543,79.4755088686943,-16086870346.968235,-1011977535.0919034,-199607148.2732265,-16088812212.44185,-1869384785.6098228,16118669178.679007,16198281418.024855,-0.9792759554538034,0.03532117561633254,-0.1994267224398996,0.03604522534944883,0.999350159718558,0.0,-0.19929712692246218,0.007188381151048165,0.9799127422260001,4532.093706669603,-537.4947322716285,-0.11804605214333955,2.0732752151360534e-10,195.6,0.0,-91.6,4.0,0.0,3.0528146677004406e-17,2.2985624703916154,1.5707963267948966,16.84719573963792,461.0,0.0009976756974861684,4.399916085405465,0.0,0.0021893355083406636,-1535.699904435066,19.66242326401813,-312.5632386466735,0.006629528044996059,0.007343461755198534,-0.054464317881846504,0.006457014861434926,0.0074956008250614105,-0.054464317881846504,-7.297300606546869e-19,1.9075278654843627e-20,-8.625256876082366e-20,-7.299762978311173e-19,2.1052989405049067e-21,-8.625256876082366e-20,-1535.6934474202046,19.669918864843194,-312.61770296455535,-1680653.9323866367,333.9944212658009,155413.0649344131,0.08751603143129733,4556.182536008234
328.3107564178844,2001.0,12.0,14.0,14.0,26.0,56.0,1.0,3477514.800346874,-44611.86128338634,709171.3796998588,-531.932480253367,-284.1819738411466,4517.490171144487,3549369.4440821637,4557.568321395939,3475535.112820864,-125519.25887284777,709171.3796998588,3549369.4440821633,-547.2982785770765,-518.08143941365,4517.490171144487,4579.919347541549,12741467.778613623,0.7237995819421603,1.6336205907021926,0.0,1.7756782901008428e-07,0.20155883149617634,0.20115591854766743,-0.03609939934213701,153169.44408216374,0.08457828995408143,0.08416454926117177,77.61059606075287,-16086870221.504936,-1011977518.0455664,-199623489.06156337,-16088823986.961664,-1869306708.2922957,16118669052.393003,16198284303.915792,-0.9791979019303265,0.035363819081196256,-0.1998020749522862,0.03609155926421933,0.9993484874406312,0.0,-0.19967190139106683,0.007211168429254429,0.9798362775712894,4531.944868650962,-537.4967511055659,-0.1180503323798212,2.0491111835672482e-10,195.7,0.0,-91.6,3.9,0.0,3.0529868115766555e-17,2.2985905836200713,1.5707963267948966,16.842573490699042,461.0,0.0009859929979648813,4.4002135794579855,0.0,0.00216364477522706,-1535.4797304167353,19.69815016458595,-313.13117022886183,0.0065639975964672595,0.007256972509120506,-0.05382443563950012,0.006393355310959679,0.00740774745198447,-0.05382443563950012,-7.211881607665843e-19,1.8871241877635698e-20,-8.540599108446554e-20,-7.214320076164033e-19,2.084559056202828e-21,-8.540599108446554e-20,-1535.4733370614242,19.705557912037936,-313.18499466450135,-1680654.095122628,334.18290570218113,155488.2649066978,0.08761935417495272,4556.123044524963
328.6107564178845,2001.0,12.0,14.0,14.0,26.0,56.0,1.0,3477355.070727253,-44697.11395071446,710526.5961594945,-532.9316319555613,-284.1691386745237,4517.286178589318,3549485.0561395604,4557.482050758722,3475370.771028011,-125674.67442659219,710526.5961594945,3549485.056139561,-548.3136546092121,-518.0222389469642,4517.286178589318,4579.8328924916705,12741466.559088873,0.72379955555671,1.6336205901419514,0.0,1.731358474287728e-07,0.20194266134115063,0.20153895530552937,-0.03614576571200557,153285.05613956088,0.08473914611952293,0.08432461039614524,75.76359042525291,-16086870097.482811,-1011977501.1955088,-199639891.61205053,-16088835784.075394,-1869228488.0054352,16118668927.557652,16198287196.911863,-0.9791197078056848,0.035406452609009334,-0.20017737359690901,0.03613789538700344,0.999346812931826,0.0,-0.20004662032513448,0.007233988985890202,0.9797596741547611,4531.7957607101835,-537.4987750089907,-0.11805462096264033,2.0247736843798134e-10,195.72150877080125,0.0,-91.62150877080124,3.8,0.0,3.0530331355888395e-17,2.2985981489053793,1.5707963267948966,16.841330090408515,461.0,0.0009742273398086202,4.400507652719546,0.0,0.002137777600497377,-1535.2591757186417,19.733864654386466,-313.6989045291424,0.006497585398148664,0.0071700824443159715,-0.05317967048718302,0.00632882732449024,0.007319470128452506,-0.05317967048718302,-7.12557475244361e-19,1.866442702149597e-20,-8.454504371276624e-20,-7.127988906005795e-19,2.063473101853581e-21,-8.454504371276624e-20,-1535.2528468913172,19.74118412451492,-313.75208419962956,-1680654.2559831738,334.37139013856137,155563.55262690817,0.08772268093483829,4556.063484592426
328.91075641788456,2001.0,12.0,14.0,14.0,26.0,56.0,1.0,3477195.041383657,-44782.36276401551,711881.7513660161,-533.9306400479742,-284.15628032733787,4517.0818170593675,3549600.8851370555,4557.395622725754,3475206.124644415,-125830.07220759487,711881.7513660161,3549600.8851370555,-549.3288834911053,-517.9629544717673,4517.0818170593675,4579.746279702737,12741465.3542382,0.7237995294889316,1.633620589588314,0.0,1.698993779866605e-07,0.20232646611338717,0.20192196696211148,-0.036192134373579044,153400.88513705507,0.08489999061579694,0.08448465987296602,73.93478697538376,-16086869974.948442,-1011977484.5456951,-199656356.0361163,-16088847603.820223,-1869150124.794605,16118668804.219694,16198290097.058918,-0.979041373128977,0.03544907618613476,-0.20055261828078152,0.036184233722301014,0.9993451361916612,0.0,-0.20042128362940187,0.007256842813491217,0.9796829320248073,4531.646382952846,-537.5008039894763,-0.11805891789228487,2.0023451010153613e-10,195.8,0.0,-91.7,3.8,0.0,3.05317081587284e-17,2.2986206338021016,1.5707963267948966,16.837635686387397,461.0,0.0009633818282616016,4.4007981916008445,0.0,0.002114027648715009,-1535.038240581996,19.76956671346936,-314.2664412303091,0.006437476720118717,0.007090831496662176,-0.052587862878468346,0.006270426820559096,0.007238974051904037,-0.052587862878468346,-7.046534511822716e-19,1.8476364463536542e-20,-8.37679487153868e-20,-7.048926741528821e-19,2.044561682692039e-21,-8.37679487153868e-20,-1535.0319701551755,19.776805687521264,-314.31902909318757,-1680654.4149081763,334.55987457494166,155638.92809504422,0.0878260117157344,4556.003856212398
329.2107564178846,2001.0,12.0,14.0,14.0,26.0,57.0,1.0,3477034.7123592086,-44867.60771633533,713236.845208741,-534.9295042773898,-284.1433988015278,4516.877086633761,3549716.9310434307,4557.309037292295,3475041.173714261,-125985.45219065611,713236.845208741,3549716.9310434307,-550.3439649652468,-517.9035860082851,4516.877086633761,4579.659509169978,12741464.162327245,0.7237995037012972,1.6336205890406252,0.0,1.659323085197815e-07,0.202710245774394,0.20230495347284305,-0.03623850533147227,153516.93104343023,0.08506082342226715,0.08464469767102062,72.12210363149643,-16086869853.725399,-1011977468.0744498,-199672882.4423247,-16088859446.010319,-1869071618.679601,16118668682.201687,16198293004.178307,-0.9789628979493814,0.035491689798944896,-0.20092780891097334,0.03623057427461269,0.9993434572196547,0.0,-0.20079589120866223,0.007279729904584205,0.979606051229899,4531.496735421858,-537.5028380472346,-0.11806322316926113,1.9792290621220914e-10,195.9,0.0,-91.7,3.7,0.0,3.053342966596375e-17,2.29864874814881,1.5707963267948966,16.83301869579299,461.0,0.0009522068777008233,4.401085615287185,0.0,0.002089453802748294,-1534.8169252483626,19.80525632190505,-314.8337800154902,0.0063744862209948825,0.007008097651192169,-0.051975819610232635,0.006209229973325748,0.007154926303509487,-0.051975819610232635,-6.964827108185779e-19,1.8280713577116577e-20,-8.295408229682717e-20,-6.96719636480469e-19,2.0246235715610194e-21,-8.295408229682717e-20,-1534.8107160183893,19.81241124820856,-314.88575583510044,-1680654.5721264035,334.7483590113219,155714.39131110586,0.08792934652242179,4555.94415938666
329.5107564178847,2001.0,12.0,14.0,14.0,26.0,57.0,1.0,3476874.0836971025,-44952.84880072278,714591.8775770286,-535.9282244027168,-284.1304941121683,4516.671987492182,3549833.1938274126,4557.222294555363,3474875.918281808,-126140.81435058452,714591.8775770286,3549833.1938274126,-551.3588987865558,-517.84413358962,4516.671987492182,4579.572580990598,12741462.98513485,0.72379947823229,1.6336205884996968,0.0,1.6118070224511593e-07,0.2030940002732879,0.20268791479317463,-0.036284878590301425,153633.19382741256,0.08522164451828698,0.08480472376968669,70.32830715179443,-16086869733.994713,-1011977451.8062654,-199689470.94268078,-16088871310.817303,-1868992969.726456,16118668561.685839,16198295918.451803,-0.978884282316154,0.03553429343382192,-0.20130294539461419,0.0362769170484404,0.9993417760153233,0.0,-0.20117044296776937,0.007302650251687147,0.9795290318185842,4531.346818260958,-537.5048771957665,-0.11806753679436735,1.9553612345174882e-10,196.0,0.0,-91.7,3.6,0.0,3.0535151081366865e-17,2.298676860995785,1.5707963267948966,16.828404578390607,461.0,0.0009406714096524447,4.40136949578999,0.0,0.002064090168100114,-1534.5952299596609,19.84093345978554,-315.40092056815485,0.006308802171525221,0.006922721488235914,-0.05134414560815213,0.006145405597456308,0.007068171452778807,-0.05134414560815213,-6.880481864432404e-19,1.807769557347152e-20,-8.210503829035408e-20,-6.882827141637261e-19,2.0038284591650733e-21,-8.210503829035408e-20,-1534.5890845540634,19.84800163123832,-315.452264713763,-1680654.727403218,334.93684344770213,155789.9422750932,0.0880326853596816,4555.884394116999
329.81075641788476,2001.0,12.0,14.0,14.0,26.0,57.0,1.0,3476713.155440606,-45038.0860102295,715946.8483602799,-536.9268001744094,-284.1175662644567,4516.4665197422755,3549949.673457676,4557.135394538818,3474710.358391389,-126296.15866219698,715946.8483602799,3549949.6734576756,-552.3736847012723,-517.7845972392229,4516.4665197422755,4579.485495188465,12741461.821909726,0.723799453065649,1.6336205879651893,0.0,1.576990670600291e-07,0.20347772956814936,0.20307085087857804,-0.036331254154684,153749.6734576756,0.08538245388324908,0.0849647381483685,68.55235627293587,-16086869615.680058,-1011977435.730857,-199706121.64695245,-16088883198.155422,-1868914177.9664953,16118668442.595333,16198298839.801521,-0.9788055262786294,0.03557688707715781,-0.20167802763889406,0.036323262048287334,0.999340092578183,0.0,-0.20154493881163774,0.007325603847309284,0.9794518738394886,4531.196631541549,-537.5069214385845,-0.11807185876809788,1.9320653084648783e-10,196.07096208239372,0.0,-91.7,3.5290379176062734,0.0,3.053640728610949e-17,2.298697376376113,1.5707963267948966,16.82503907787215,461.0,0.0009294120015463607,4.401650016152118,0.0,0.002039359564880346,-1534.3731549581569,19.876598107224325,-315.9678625721122,0.006244774130336571,0.006839407499848892,-0.050728069041407683,0.006083192265196516,0.006983514212240384,-0.050728069041407683,-6.798137691150886e-19,1.787953221921322e-20,-8.127646310954902e-20,-6.800459571303922e-19,1.983567858551409e-21,-8.127646310954902e-20,-1534.3670717658918,19.883581621436566,-316.0185906411536,-1680654.8808377162,335.12532788408237,155865.58098700616,0.08813602823229538,4555.824560405202
330.11075641788483,2001.0,12.0,14.0,14.0,26.0,58.0,1.0,3476551.9276330643,-45123.31933790897,717301.7574479303,-537.9252313429474,-284.10461526345586,4516.260683491031,3550066.369902841,4557.048337265717,3474544.494087415,-126451.4851003177,717301.7574479303,3550066.369902841,-553.3883224556596,-517.7249769804365,4516.260683491031,4579.3982517866425,12741460.671870248,0.7237994281844622,1.6336205874367427,0.0,1.5269146510898484e-07,0.2038614336172025,0.20345376168454363,-0.036377632029238535,153866.36990284128,0.08554325149653029,0.085124740786477,66.79313611984253,-16086869498.702045,-1011977419.8374239,-199722834.66486037,-16088895107.935833,-1868835243.430601,16118668324.850258,16198301768.146452,-0.9787266298862202,0.03561947071535411,-0.20205305555106046,0.03636960927865764,0.999338406907749,0.0,-0.20191937864523968,0.007348590683950977,0.9793745773413154,4531.04617533432,-537.5089707790646,-0.11807618909093859,1.9117260194317415e-10,196.1,0.0,-91.7,3.4766144245124395,0.0,3.0536992083866355e-17,2.298706926848254,1.5707963267948966,16.823472821625703,461.0,0.0009195756145789993,4.401927364956791,0.0,0.0020177688759325974,-1534.1507004864743,19.912250244356034,-316.53460571150987,0.006190084675627228,0.0067665708223058965,-0.05018987678132943,0.006030073429721946,0.006909547265695339,-0.05018987678132943,-6.726109767898669e-19,1.770811488486497e-20,-8.056795405586446e-20,-6.72841167925096e-19,1.966259440471159e-21,-8.056795405586446e-20,-1534.1446704130447,19.91915979162173,-316.5847955882912,-1680655.0325329974,335.31381232046266,155941.30744684482,0.08823937514504501,4555.764658253063
330.4107564178849,2001.0,12.0,14.0,14.0,26.0,58.0,1.0,3476390.4003178948,-45208.54877681597,718656.6047294451,-538.9235176616834,-284.09164111738215,4516.054478868384,3550183.283131474,4556.961122782243,3474378.3254143717,-126606.7936397777,718656.6047294451,3550183.283131474,-554.4028117989295,-517.6652728397156,4516.054478868384,4579.310850831374,12741459.535031294,0.7237994035890465,1.6336205869143658,0.0,1.4826468186179114e-07,0.20424511237587561,0.20383664716657993,-0.03642401221858442,153983.28313147416,0.08570403733752814,0.08528473166342454,65.05075430870056,-16086869383.062277,-1011977404.1262052,-199739610.10675138,-16088907040.150684,-1868756166.1607645,16118668208.452227,16198304703.48733,-0.9786475931884175,0.03566204433482176,-0.20242802903841825,0.03641595874405629,0.9993367190035355,0.0,-0.2022937623736053,0.007371610754103667,0.9792971423728455,4530.895449732918,-537.51102522377,-0.11808052776347891,1.8883433737051681e-10,196.1904044735345,0.0,-91.7,3.4,0.0,3.0538559906306805e-17,2.298732531331792,1.5707963267948966,16.819275236109775,461.0,0.0009082769213962735,4.4022015396573755,0.0,0.001992947959412732,-1533.9278667875856,19.947889851336175,-317.10114967083155,0.006125242658413004,0.006682994102073729,-0.04957170369167099,0.005967059476517953,0.006824603211652084,-0.04957170369167099,-6.643529155988508e-19,1.7508466220244986e-20,-7.972923155846561e-20,-6.645807377026665e-19,1.9457462986911104e-21,-7.972923155846561e-20,-1533.921899728109,19.954714454547826,-317.15072137452324,-1680655.1824870966,335.5022967568429,156017.1216546091,0.08834272610271272,4555.70468766238
330.71075641788497,2001.0,12.0,14.0,14.0,26.0,58.0,1.0,3476228.5735385898,-45293.774320008844,720011.3900943372,-539.9216588856463,-284.0786438361892,4515.847906017043,3550300.413112089,4556.873751147397,3474211.8524168204,-126762.084255417,720011.3900943372,3550300.413112089,-555.417152482012,-517.6054848452388,4515.847906017043,4579.223292381756,12741458.411848007,0.7237993792892461,1.6336205863982682,0.0,1.4523855365528125e-07,0.2046287657980442,0.20421950728021804,-0.0364703947273426,154100.41311208857,0.08586481138564635,0.08544471075863645,63.32598823308945,-16086869268.807146,-1011977388.6035043,-199756448.08330703,-16088918994.836903,-1868676946.2051125,16118668093.447937,16198307645.870077,-0.9785684162347906,0.035704607921981754,-0.20280294800833384,0.03646231044898972,0.9993350288650555,0.0,-0.20266808990182666,0.00739466405025019,0.979219568982937,4530.744454843752,-537.5130847810208,-0.11808487478636381,1.8659173775822848e-10,196.2577330172694,0.0,-91.7,3.3,0.0,3.0539758215844895e-17,2.2987521012116776,1.5707963267948966,16.816068425857367,461.0,0.000897439333865791,4.402472427822073,0.0,0.0019691201999317808,-1533.7046541048128,19.983516908342178,-317.6674941349055,0.006063139332070015,0.006602773076932974,-0.048978119913043607,0.0059067084216113215,0.006743075447274134,-0.048978119913043607,-6.564175882584937e-19,1.7316856689303713e-20,-7.89252839710963e-20,-6.566431405308934e-19,1.9260567023630047e-21,-7.89252839710963e-20,-1533.6987473963911,19.990259983789453,-317.71647225481854,-1680655.3306399807,335.69078119322313,156093.02361029902,0.08844608111008108,4555.644648634957
331.01075641788503,2001.0,12.0,14.0,14.0,26.0,59.0,1.0,3476066.447338713,-45378.995960548156,721366.1134321566,-540.9196547685508,-284.06562342792745,4515.640965067955,3550417.759813144,4556.7862224081,3474045.075139394,-126917.35692208323,721366.1134321566,3550417.7598131434,-556.4313442544815,-517.545613023339,4515.640965067955,4579.135576484759,12741457.302355543,0.7237993552858171,1.6336205858884092,0.0,1.4136482746161737e-07,0.20501239383911166,0.20460234198100904,-0.03651677956013517,154217.7598131434,0.08602557362030502,0.0856046780515614,61.618782073259354,-16086869155.940378,-1011977373.2688956,-199773348.705001,-16088930971.988716,-1868597583.6051102,16118667979.84108,16198310595.297443,-0.9784890990749863,0.035747161463264766,-0.2031778123682329,0.03650866439796546,0.9993333364918218,0.0,-0.20304236113505553,0.0074177505648646115,0.979141857220525,4530.593190761358,-537.5151494572143,-0.11808923016012898,1.8437017489876528e-10,196.32537116163346,0.0,-91.8,3.2746288383665596,0.0,3.0540961576427806e-17,2.2987717535813856,1.5707963267948966,16.812849375399566,461.0,0.0008867040558074469,4.40274001359974,0.0,0.001945592118828933,-1533.481062681831,20.019131395572877,-318.23363878890086,0.006001777420607209,0.006524504367308948,-0.04839187364648773,0.0058470562449400455,0.006663514291577056,-0.04839187364648773,-6.485816756096118e-19,1.712756965857689e-20,-7.813076180258625e-20,-6.488049846418844e-19,1.906694213897981e-21,-7.813076180258625e-20,-1533.475215625586,20.025794909864455,-318.28203066254736,-1680655.4769870099,335.87926562960337,156169.01331391462,0.08854944017193313,4555.584541172597
331.3107564178851,2001.0,12.0,14.0,14.0,26.0,59.0,1.0,3475904.0217619045,-45464.21369149653,722720.7746324906,-541.9175050614353,-284.0525798974814,4515.433656128144,3550535.3232030454,4556.698536586901,3473877.9936268064,-127072.61161463177,722720.7746324906,3550535.3232030454,-557.4453868631638,-517.4856573972731,4515.433656128144,4579.047703162929,12741456.205744684,0.7237993315612485,1.6336205853843904,0.0,1.3818768405162858e-07,0.20539599645748638,0.20498515122452365,-0.036563166721585307,154335.3232030454,0.08618632402092509,0.08576463352162954,59.92787978053093,-16086869044.379784,-1011977358.1107761,-199790312.08144754,-16088942971.514446,-1868518078.3911192,16118667867.5489,16198313551.685562,-0.9784096417587294,0.03578970494511113,-0.20355262202559987,0.036555020595492094,0.9993316418833456,0.0,-0.20341657597850277,0.007440870290412221,0.979064007134622,4530.441657556233,-537.5172192555444,-0.11809359388523624,1.823384979505119e-10,196.4,0.0,-91.8,3.2,0.0,3.054227693423434e-17,2.2987932350045592,1.5707963267948966,16.80933218962957,461.0,0.0008768831374178025,4.403004501105099,0.0,0.0019240174448097484,-1533.257092762661,20.05473329324836,-318.7995833183266,0.005946124180022557,0.0064518094427545945,-0.047854411585990374,0.005792983668204143,0.006589656900763981,-0.047854411585990374,-6.413994428405516e-19,1.695505660717171e-20,-7.741083463433721e-20,-6.416207217503682e-19,1.8890847675519397e-21,-7.741083463433721e-20,-1533.2512997789927,20.061322950149126,-318.8474377299126,-1680655.6216349248,336.0677500659836,156245.09076545585,0.08865280329305225,4555.524365277112
331.61075641788517,2001.0,12.0,14.0,14.0,26.0,59.0,1.0,3475741.29685188,-45549.427505918095,724075.3735849576,-542.9152095160015,-284.0395132509407,4515.225979309613,3550653.1032501473,4556.610693711291,3473710.607923844,-127227.84830792485,724075.3735849576,3550653.1032501473,-558.4592800555785,-517.4256179915143,4515.225979309613,4578.959672443791,12741455.121374331,0.7237993081016673,1.6336205848860053,0.0,1.332800374925012e-07,0.20577957361104138,0.20536793496635092,-0.03660955621631714,154453.1032501473,0.08634706256693972,0.08592457714830058,58.25266310572624,-16086868934.060146,-1011977343.1217107,-199807338.3219716,-16088954993.33936,-1868438430.5977378,16118667756.505842,16198316514.967886,-0.9783300443358228,0.03583223835397065,-0.20392737688797694,0.03660137904607903,0.9993299450391373,0.0,-0.20379073433743744,0.007464023219349461,0.9789860187743178,4530.289855303796,-537.5192941804163,-0.11809796596228668,1.8018522535440711e-10,196.5,0.0,-91.8,3.1,0.0,3.054399840494533e-17,2.29882134875478,1.5707963267948966,16.804731389790536,461.0,0.0008664787082026581,4.403266042043347,0.0,0.0019011419589988019,-1533.0327445916744,20.090322581609822,-319.36532740903067,0.005886192943154133,0.006374814922956139,-0.047284747034970265,0.005734738474908053,0.006511398259236725,-0.047284747034970265,-6.337917588541348e-19,1.677086645028183e-20,-7.663590557010521e-20,-6.340108502658258e-19,1.8701064449610763e-21,-7.663590557010521e-20,-1533.0270098531994,20.096833979869057,-319.4126121560656,-1680655.7646682821,336.2562345023639,156321.25596492278,0.08875617047822217,4555.464120950316
331.91075641788524,2001.0,12.0,14.0,14.0,26.0,59.0,1.0,3475578.2726524267,-45634.63739687999,725429.910179219,-543.9127678898832,-284.0264235005247,4515.017934772094,3550771.099922748,4556.522693856994,3473542.9180753687,-127383.06697683332,725429.910179219,3550771.099922748,-559.4730235853218,-517.3654948365506,4515.017934772094,4578.871484403208,12741454.050267193,0.7237992849291952,1.6336205843937206,0.0,1.2904784139758934e-07,0.20616312525168673,0.2057506931621013,-0.03665594804895619,154571.09992274735,0.08650778923778141,0.0860845089110363,56.59477597475052,-16086868825.08561,-1011977328.3157884,-199824427.5375712,-16088967037.55808,-1868358640.2811599,16118667646.81673,16198319485.248598,-0.9782503068561474,0.03587476167630313,-0.20430207686296695,0.03664773975423707,0.9993282459587068,0.0,-0.20416483611718966,0.007487209344124151,0.978907892188779,4530.137784127303,-537.5213742424395,-0.11810234639199912,1.779938585775492e-10,196.5158570324962,0.0,-91.8,3.0,0.0,3.0544373317408266e-17,2.2988274715399486,1.5707963267948966,16.803729745966066,461.0,0.0008558915416070344,4.403524391051768,0.0,0.0018778681423477813,-1532.8080184135918,20.12589924092025,-319.9308707472053,0.005824710379604761,0.006296430804993633,-0.046704743349942186,0.005674978404711317,0.006431711435878355,-0.046704743349942186,-6.260232096857246e-19,1.658200896374836e-20,-7.583804473012453e-20,-6.262400478069021e-19,1.8505699931211314e-21,-7.583804473012453e-20,-1532.8023434351871,20.13233095235613,-319.97757549055524,-1680655.9059521891,336.44471893874413,156397.50891231533,0.08885954173222696,4555.403808194029
332.2107564178853,2001.0,12.0,14.0,14.0,27.0,0.0,1.0,3475414.949207404,-45719.84335745219,726784.3843049775,-544.9101799367083,-284.0133106537254,4514.8095226410505,3550889.3131890916,4556.434537064859,3473374.924126315,-127538.26759623621,726784.3843049775,3550889.3131890916,-560.4866172018762,-517.3052879582639,4514.8095226410505,4578.783139082075,12741452.99223846,0.7237992620398304,1.6336205839074498,0.0,1.264405455326822e-07,0.20654665133568484,0.20613342576740656,-0.03670234222412929,154689.31318909116,0.08666850401290499,0.08624442878930574,54.954003781080246,-16086868717.437468,-1011977313.6904311,-199841579.83817393,-16088979104.142368,-1868278707.4809783,16118667538.462734,16198322462.507925,-0.9781704293696611,0.035917274898578225,-0.20467672185823352,0.03669410272447822,0.9993265446415628,0.0,-0.20453888122315073,0.007510428657175478,0.9788296274272491,4529.985444115566,-537.5234594474414,-0.11810673517494366,1.758832024727227e-10,196.6,0.0,-91.8,2.9152668727268907,0.0,3.054584117650785e-17,2.2988514434982408,1.5707963267948966,16.799809297393008,461.0,0.0008456941011432537,4.403779592850753,0.0,0.0018554615802181102,-1532.5829144734805,20.161463251464397,-320.4962130193865,0.0057657171167096975,0.006220989012529476,-0.04614669451107781,0.005617641057561009,0.006355022196053802,-0.04614669451107781,-6.185660979123382e-19,1.64010147024661e-20,-7.507464278854157e-20,-6.187807810050675e-19,1.831892061658682e-21,-7.507464278854157e-20,-1532.577296832423,20.16781827366045,-320.5423597138976,-1680656.0455110185,336.63320337512437,156473.8496076335,0.08896291705985113,4555.343427010072
332.5107564178854,2001.0,12.0,14.0,14.0,27.0,0.0,1.0,3475251.32656075,-45805.04538070642,728138.7958519711,-545.9074454071763,-284.00017471458347,4514.600743016924,3551007.743017373,4556.346223350226,3473206.626121698,-127693.45014102003,728138.7958519711,3551007.743017374,-561.5000606517175,-517.2449973791813,4514.600743016924,4578.694636495716,12741451.946219802,0.7237992394104561,1.6336205834267021,0.0,1.2105760581248946e-07,0.20693015182251098,0.20651613273791744,-0.036748738746464296,154807.74301737407,0.0868292068717746,0.08640433676259271,53.328765124082565,-16086868611.00712,-1011977299.2308823,-199858795.33291048,-16088991192.974072,-1868198632.2246826,16118667431.334538,16198325446.635382,-0.9780904119263997,0.035959778007275185,-0.20505131178149857,0.036740467961315464,0.999324841087213,0.0,-0.20491286956077062,0.007533681150933856,0.9787512245390484,4529.832835332232,-537.5255497977573,-0.11811113231158281,1.738847725344816e-10,196.7,0.0,-91.8,2.8603671180370474,0.0,3.0547562723568376e-17,2.2988795584953436,1.5707963267948966,16.795213701994335,461.0,0.0008360374369083257,4.40403190537125,0.0,0.0018342655733478135,-1532.3574330167542,20.197014593548204,-321.0613539124513,0.005710273115727883,0.006149582090097455,-0.04561885373100233,0.00556376016105324,0.006282447915369362,-0.04561885373100233,-6.115172775214449e-19,1.6230498059946988e-20,-7.435785014356324e-20,-6.117299386049502e-19,1.8143838892604404e-21,-7.435785014356324e-20,-1532.351869256593,20.203297041463575,-321.1069727661823,-1680656.183485683,336.8216878115046,156550.2780508774,0.08906629646587953,4555.282977400274
332.81075641788544,2001.0,12.0,14.0,14.0,27.0,0.0,1.0,3475087.404756474,-45890.243459716505,729493.1447099732,-546.904564058423,-283.98701569424526,4514.391596051915,3551126.389375732,4556.257752780786,3473038.024106603,-127848.61458607885,729493.1447099732,3551126.3893757323,-562.5133536879252,-517.184623128809,4514.391596051915,4578.605976711939,12741450.912948746,0.723799217057025,1.6336205829518151,0.0,1.1920928955078133e-07,0.20731362666515296,0.2068988140293044,-0.0367951376205902,154926.38937573228,0.08698989779385335,0.08656423281038539,51.720274955034256,-16086868505.869701,-1011977284.9473219,-199876074.13239747,-16089003304.118757,-1868118414.5647671,16118667325.50777,16198328437.705873,-0.9780102545764764,0.03600227098888303,-0.20542584654054344,0.03678683546926286,0.9993231352951644,0.0,-0.20528680103555916,0.007556966817821013,0.9786726835735741,4529.679957892825,-537.5276453029104,-0.11811553780260652,1.7179046784458946e-10,196.8,0.0,-91.8,2.7908723203824555,0.0,3.0549284182392915e-17,2.2989076720514445,1.5707963267948966,16.790620950818536,461.0,0.0008259208460683745,4.404281151141711,0.0,0.0018120494032820404,-1532.131574289173,20.232553247499116,-321.6262931136189,0.0056513935848715125,0.006074782528463613,-0.04506565384152238,0.005506527806015011,0.00620639861278964,-0.04506565384152238,-6.041279197170102e-19,1.6050537065539652e-20,-7.359620564822243e-20,-6.043384303056094e-19,1.7957665345648053e-21,-7.359620564822243e-20,-1532.1260677613668,20.238759646111905,-321.6713587674604,-1680656.3197789025,337.0101722478849,156626.79424204692,0.0891696799550974,4555.222459366466
333.1107564178855,2001.0,12.0,14.0,14.0,27.0,1.0,1.0,3474923.183838656,-45975.43758755907,730847.4307687996,-547.9015356432966,-283.97383359887283,4514.182081862018,3551245.252232251,4556.169125387382,3472869.118126191,-128003.76090631493,730847.4307687996,3551245.252232251,-563.526496059177,-517.1241652317964,4514.182081862018,4578.51715976161,12741449.891887343,0.7237991949678956,1.633620582482544,0.0,1.144579909424277e-07,0.20769707582122743,0.20728146959725927,-0.03684153885113731,155045.25223225122,0.08715057675861856,0.08672411691218522,50.12777814269066,-16086868401.97056,-1011977270.83236,-199893416.3461181,-16089015437.512194,-1868038054.5362236,16118667220.927423,16198331435.663355,-0.9779299573700819,0.036044753829900654,-0.2058003260432102,0.03683320525283572,0.9993214272649228,0.0,-0.20566067555308726,0.007580285650250073,0.9785940045803001,4529.526811876479,-537.5297459673795,-0.11811995164854927,1.6975281887569353e-10,196.87893176035888,0.0,-91.8,2.7,0.0,3.055066865048292e-17,2.2989302821311988,1.5707963267948966,16.78692916225774,461.0,0.0008160775381841793,4.404527457834423,0.0,0.0017904172553356967,-1531.9053385368452,20.268079193666402,-322.1910303104545,0.005594054780157141,0.006001962710901593,-0.044526884489377624,0.005450792243793425,0.006132362447006341,-0.044526884489377624,-5.969262629564483e-19,1.5875144544188694e-20,-7.285387752386642e-20,-5.971346780773079e-19,1.77759921231179e-21,-7.285387752386642e-20,-1531.8998877446013,20.274211556113407,-322.23555719494385,-1680656.4544616397,337.19865668426513,156703.39818114208,0.08927306753229035,4555.161872910482
333.4107564178856,2001.0,12.0,14.0,14.0,27.0,1.0,1.0,3474758.6638514553,-46060.62775731305,732201.6539183038,-548.898359918401,-283.9606284386724,4513.972200592802,3551364.331554966,4556.080341230719,3472699.9082257007,-128158.88907663856,732201.6539183038,3551364.3315549656,-564.5394875180034,-517.0636237167746,4513.972200592802,4578.428185705531,12741448.88352662,0.723799173153687,1.6336205820191143,0.0,1.1050996910178164e-07,0.20808049924464542,0.20766409939749383,-0.0368879424427371,155164.33155496558,0.08731124374556545,0.08688398904749908,48.55211254954338,-16086868299.359756,-1011977256.8927821,-199910822.0843892,-16089027593.194862,-1867957552.1882935,16118667117.64388,16198334440.557442,-0.9778495203574842,0.03608722651683675,-0.2061747501974006,0.03687957731655045,0.9993197169959935,0.0,-0.20603449301898605,0.007603637640625511,0.9785151876087766,4529.373397391947,-537.531851799736,-0.11812437385007393,1.6768502667551643e-10,196.9,0.0,-91.8,2.6,0.0,3.0551127927315813e-17,2.2989377826910866,1.5707963267948966,16.785704838136137,461.0,0.0008060899508676041,4.4047707071474,0.0,0.0017684634921469433,-1531.6787260062213,20.303592412420855,-322.75556519086615,0.00553541975546578,0.005928044769380723,-0.0439798437952298,0.005393789924271095,0.006057195465709736,-0.0439798437952298,-5.895992511548709e-19,1.5696018204906515e-20,-7.209285823736143e-20,-5.898055170837544e-19,1.7589677195282652e-21,-7.209285823736143e-20,-1531.673332216297,20.309649607886566,-322.7995450346614,-1680656.5874691159,337.38714112064537,156780.08986816288,0.0893764592022443,4555.101218034165
333.71075641788565,2001.0,12.0,14.0,14.0,27.0,1.0,1.0,3474593.8448391007,-46145.81396205967,733555.8140483779,-549.8950366343446,-283.947400216795,4513.761952339918,3551483.627311854,4555.991400320729,3472530.3944504424,-128313.99907196779,733555.8140483779,3551483.627311854,-565.552327810776,-517.0029986054889,4513.761952339918,4578.339054553597,12741447.886601415,0.7237991515870262,1.6336205815609086,0.0,1.0641557616804321e-07,0.20846389689572156,0.20804670338574044,-0.03693434840002225,155283.6273118537,0.08747189873418658,0.08704384919585195,46.99125051498413,-16086868197.90867,-1011977243.1105292,-199928291.45612592,-16089039771.028524,-1867876907.545441,16118667015.527647,16198337452.257366,-0.9777689435890284,0.036129689036209826,-0.20654911891107663,0.03692595166492461,0.9993180044878806,0.0,-0.20640825333894705,0.007627022781343181,0.9784362327086308,4529.2197144978345,-537.533962801414,-0.11812880440758779,1.6574299938515607e-10,197.0,0.0,-91.9,2.5,0.0,3.0552849465425834e-17,2.2989658975420166,1.5707963267948966,16.7811172712064,461.0,0.000796708540972093,4.405011203642661,0.0,0.001747849860617063,-1531.4517369440994,20.339092884154955,-323.31989744310766,0.0054808069479781694,0.005859623092862988,-0.04346641431194353,0.005340681898383953,0.005987615923862598,-0.04346641431194353,-5.827429997701644e-19,1.5529060644197114e-20,-7.138632180230578e-20,-5.829472721098325e-19,1.741678881401687e-21,-7.138632180230578e-20,-1531.446396262201,20.34508050007882,-323.3633638574196,-1680656.7189682126,337.5756255570256,156856.86930310936,0.08947985496974559,4555.040494739358
334.0107564178857,2001.0,12.0,14.0,14.0,27.0,2.0,1.0,3474428.726845897,-46230.99619488187,734909.9110489485,-550.8915655480506,-283.93414894316487,4513.551337249321,3551603.1394708427,4555.902302718221,3472360.5768458033,-128469.09086722792,734909.9110489485,3551603.1394708427,-566.5650166903416,-516.9422899263329,4513.551337249321,4578.2497663667,12741446.901601402,0.723799130278503,1.633620581108086,0.0,1.0323827311807144e-07,0.20884726872841275,0.20842928151775045,-0.036980756727626435,155403.13947084267,0.0876325417039896,0.08720369733677014,45.44580289721489,-16086868097.667286,-1011977229.491318,-199945824.5717799,-16089051971.053541,-1867796120.6559758,16118666914.628963,16198340470.812529,-0.9776882271151373,0.03617214137454802,-0.20692343209225894,0.036972328302476674,0.9993162897400872,0.0,-0.2067819564187211,0.007650441064790236,0.978357139929566,4529.065763303168,-537.536078980701,-0.1181332433216902,1.6378903764269707e-10,197.07591352977525,0.0,-91.9,2.5,0.0,3.055418590415831e-17,2.2989877232428375,1.5707963267948966,16.77755771397798,461.0,0.0007872705893464991,4.405248828768154,0.0,0.0017271772877094276,-1531.2243715976192,20.3745805892825,-323.88402675577464,0.005425820611640891,0.0057899066090587765,-0.04295155397609373,0.005287234062277348,0.0059167308390718435,-0.04295155397609373,-5.758595864521223e-19,1.5361123703790366e-20,-7.067430770065592e-20,-5.760618491641409e-19,1.7243456274822012e-21,-7.067430770065592e-20,-1531.219084363557,20.38049732012157,-323.9269783097507,-1680656.8488943446,337.7641099934059,156933.73648598147,0.08958325483958104,4554.979703027908
334.3107564178858,2001.0,12.0,14.0,14.0,27.0,2.0,1.0,3474263.309916222,-46316.174448865466,736263.9448099842,-551.8879464158668,-283.9208746277456,4513.3403554611905,3551722.867999805,4555.81304847807,3472190.455457245,-128624.16443735277,736263.9448099842,3551722.8679998047,-567.5775539089751,-516.8814977077799,4513.3403554611905,4578.1603211998245,12741445.928808646,0.723799109234215,1.6336205806608928,0.0,9.884312124119404e-08,0.20923061469744905,0.20881183374929665,-0.03702716743018471,155522.8679998042,0.08779317263448692,0.08736353344978631,43.916679948568344,-16086867998.66428,-1011977216.0409235,-199963421.54095757,-16089064193.288979,-1867715191.5683377,16118666814.976816,16198343496.251184,-0.9776073709863098,0.036214583518389486,-0.20729768964902942,0.03701870723372645,0.9993145727521158,0.0,-0.20715560216412052,0.007673892483345306,0.9782779093213618,4528.911543911117,-537.5382003459147,-0.11813769059314093,1.617365485747849e-10,197.1469542854346,0.0,-91.9,2.4,0.0,3.0555444519173283e-17,2.2990082779859007,1.5707963267948966,16.774206870335572,461.0,0.0007773600550065214,4.405483512739129,0.0,0.0017053939658834456,-1530.9966302142652,20.410055508239243,-324.4479528178102,0.005367020232859112,0.005716603022544628,-0.04240905723897611,0.005230061266344792,0.0058421670164045605,-0.04240905723897611,-5.686042402829295e-19,1.5182759900513018e-20,-6.991234523896025e-20,-5.68804350259174e-19,1.705694041409057e-21,-6.991234523896025e-20,-1530.991400152999,20.415897675255646,-324.49036187504913,-1680656.9772103,337.95259442978613,157010.69141677924,0.08968665881653765,4554.9188429016685
334.61075641788585,2001.0,12.0,14.0,14.0,27.0,2.0,1.0,3474097.594094525,-46401.348717099245,737617.9152214959,-552.8841789928911,-283.9075772783161,4513.129007104352,3551842.81286656,4555.723637643465,3472020.0303303027,-128779.21975728459,737617.9152214959,3551842.8128665597,-568.5899392176522,-516.8206219761737,4513.129007104352,4578.07071909621,12741444.968099017,0.7237990884514747,1.633620580219258,0.0,9.541398640621977e-08,0.20961393475905907,0.20919436003617337,-0.037073580512333476,155642.81286655972,0.08795379150520964,0.08752335751444959,42.40371236205101,-16086867900.887127,-1011977202.7574198,-199981082.4733249,-16089076437.712664,-1867634120.3233316,16118666716.558578,16198346528.559757,-0.9775263752531224,0.03625701545428235,-0.20767189148953133,0.037065088463195034,0.9993128535234677,0.0,-0.2075291904810195,0.007697377029378519,0.9781985409338741,4528.757056413405,-537.5403269031685,-0.11814214622251831,1.598078070016041e-10,197.2,0.0,-91.9,2.3,0.0,3.0556415639998516e-17,2.2990241375925384,1.5707963267948966,16.771622379364697,461.0,0.0007680451990956111,4.405715286387443,0.0,0.0016849187992245905,-1530.7685130418654,20.44551762148293,-325.01167531850524,0.005312086261672166,0.005647679310917543,-0.041899023163180206,0.005176653091985626,0.005772071102788658,-0.041899023163180206,-5.617795547118972e-19,1.5015519533168538e-20,-6.920014827961804e-20,-5.619776540968284e-19,1.6882579702189343e-21,-6.920014827961804e-20,-1530.7633363887735,20.45128969258572,-325.0535743416684,-1680657.1039324515,338.14107886616637,157087.73409550267,0.0897900669054029,4554.8579143624975
334.9107564178859,2001.0,12.0,14.0,14.0,27.0,2.0,1.0,3473931.579425331,-46486.5189926736,738971.8221735286,-553.8802630312556,-283.8942568992514,4512.917292282569,3551962.974038876,4555.634070232045,3471849.301510588,-128934.25680197285,738971.8221735286,3551962.974038876,-569.602172364305,-516.7596627545527,4512.917292282569,4577.980960073487,12741444.018463666,0.7237990679084533,1.6336205797827186,0.0,9.305772182939053e-08,0.20999722887273473,0.2095768603341939,-0.037119995978710144,155762.97403887566,0.08811439829568571,0.08768316951031643,40.90538087487221,-16086867804.233236,-1011977189.6268666,-199998807.47771478,-16089088704.212343,-1867552906.9498215,16118666619.270992,16198349567.63381,-0.9774452399662285,0.03629943716878442,-0.20804603752196676,0.03711147199540444,0.9993111320536434,0.0,-0.2079027212753514,0.007720894695251331,0.9781190348170351,4528.602300876543,-537.5424586551304,-0.11814661021030463,1.5796755081766834e-10,197.2756771983938,0.0,-91.9,2.224322801606212,0.0,3.0557748540722027e-17,2.2990459055132884,1.5707963267948966,16.76807641167608,461.0,0.0007591567409347413,4.405944396155295,0.0,0.0016653971271623118,-1530.540020328587,20.48096690949269,-325.5751939474937,0.005259964209310849,0.005581941368351356,-0.04141282652207056,0.005125983406972253,0.005705224538472473,-0.04141282652207056,-5.552792539285637e-19,1.4856623540139222e-20,-6.852515123042763e-20,-5.554754489119673e-19,1.6717543252753293e-21,-6.852515123042763e-20,-1530.53489434518,20.486672134031163,-325.61660677401574,-1680657.2291938737,338.3295633025466,157164.86452215177,0.08989347911096467,4554.7969174122545
335.210756417886,2001.0,12.0,14.0,14.0,27.0,3.0,1.0,3473765.265953237,-46571.68526868105,740325.6655561634,-554.8761982878801,-283.88091350009034,4512.705211137293,3552083.3514844645,4555.544346299544,3471678.2690437837,-129089.27554637473,740325.6655561634,3552083.3514844645,-570.6142531017769,-516.6986200710303,4512.705211137293,4577.891044187475,12741443.080206715,0.7237990476117274,1.6336205793514116,0.0,8.940696716308596e-08,0.2103804969931841,0.2099593345991915,-0.037166413833953284,155883.35148446448,0.08827499298546149,0.08784296941695313,39.42222315073013,-16086867708.733646,-1011977176.6534348,-200016596.6640265,-16089100992.809385,-1867471551.4948502,16118666523.145292,16198352613.503744,-0.9773639651763582,0.03634184864846332,-0.20842012765459772,0.0371578578348778,0.9993094083421425,0.0,-0.20827619445310988,0.0077444454733166255,0.9780393910208531,4528.447277404813,-537.5445956096936,-0.11815108255714651,1.5602826026632275e-10,197.34764497780645,0.0,-91.9,2.1523550221935617,0.0,3.055902223702177e-17,2.299066706552423,1.5707963267948966,16.764689401742007,461.0,0.0007497933002085863,4.406170767541111,0.0,0.0016448367356701754,-1530.3111523229447,20.51640335276938,-326.1385083947565,0.005204334441040019,0.005512721683860505,-0.04090079958321978,0.0050718925617224755,0.005634811725359185,-0.04090079958321978,-5.484313222534513e-19,1.4688074072593578e-20,-6.780426746601769e-20,-5.486254811655242e-19,1.6541355833186525e-21,-6.780426746601769e-20,-1530.306080430383,20.522038164494738,-326.1794091943397,-1680657.352954451,338.51804773892684,157242.0826967265,0.08999689543801112,4554.735852052806
335.51075641788606,2001.0,12.0,14.0,14.0,27.0,3.0,1.0,3473598.653722916,-46656.84753821718,741679.4452595261,-555.8719845209498,-283.86754709161875,4512.49276381906,3552203.945170989,4555.454465910778,3471506.9329756526,-129244.2759654561,741679.4452595261,3552203.945170989,-571.6261811842073,-516.637493954962,4512.49276381906,4577.800971503096,12741442.153943643,0.7237990275746059,1.6336205789256195,0.0,8.560065398421929e-08,0.2107637390739923,0.21034178278702134,-0.037212834082702824,156003.94517098833,0.08843557555408385,0.0880027572139268,37.95528003573418,-16086867614.451096,-1011977163.8456335,-200034450.1423663,-16089113303.556856,-1867390054.009869,16118666428.244633,16198355666.231956,-0.9772825509343182,0.03638424987989669,-0.2087941617957481,0.03720424598613953,0.9993076823884638,0.0,-0.20864960992035098,0.007768029355918829,0.9779596095954122,4528.291986111545,-537.5467377760118,-0.11815556326373365,1.5408086159875469e-10,197.41992167284047,0.0,-91.9,2.080078327159518,0.0,3.056030094386566e-17,2.299087589419953,1.5707963267948966,16.761290496159667,461.0,0.0007403919108910896,4.406394252256561,0.0,0.001624193416081801,-1530.0819092737875,20.551826931835848,-326.70161835062225,0.005148208201030211,0.005443231764825722,-0.040386729054701254,0.0050173148081374625,0.005564114650400996,-0.040386729054701254,-5.415556179966048e-19,1.4518413260805614e-20,-6.707683561050053e-20,-5.417477217683913e-19,1.6363575568318289e-21,-6.707683561050053e-20,-1530.0768919589793,20.55739104648625,-326.74200507967697,-1680657.4751329944,338.70653217530713,157319.3886192269,0.09010031589133093,4554.674718286021
335.8107564178861,2001.0,12.0,14.0,14.0,27.0,3.0,1.0,3473431.7427791106,-46742.005794380064,743033.1611737818,-556.8676214837717,-283.8541576790567,4512.279950438043,3552324.755066056,4555.364429089492,3471335.2933520284,-129399.25803419086,743033.1611737818,3552324.755066056,-572.6379563607297,-516.5762844302817,4512.279950438043,4577.710742044099,12741441.238868736,0.7237990077796583,1.6336205785049742,0.0,8.161702118890975e-08,0.2111469550739908,0.21072420485355933,-0.03725925672959999,156124.75506605627,0.08859614598112281,0.0881625328808242,36.503350645303726,-16086867521.303661,-1011977151.1923594,-200052368.02159935,-16089125636.363127,-1867308414.5267866,16118666334.486547,16198358725.734863,-0.977200997290992,0.03642664084967216,-0.20916813985380261,0.03725063645371528,0.9993059541921049,0.0,-0.20902296758319186,0.007791646335393875,0.9778796905908723,4528.136427069511,-537.5488851576068,-0.11816005233058048,1.5230961784172598e-10,197.5,0.0,-91.9,2.0,0.0,3.0561704328025736e-17,2.2991105084225754,1.5707963267948966,16.757561834475545,461.0,0.0007318380039409674,4.406615043631822,0.0,0.001605404240962843,-1529.8522914303098,20.587237627236906,-327.2645235057686,0.005097733708013435,0.005379976845454199,-0.03991881428410183,0.00496824181149508,0.005499783006442327,-0.03991881428410183,-5.353001288036907e-19,1.43650190194494e-20,-6.642316632769746e-20,-5.354903883936951e-19,1.6203723789640994e-21,-6.642316632769746e-20,-1529.8473231884984,20.59273741024335,-327.30444232005266,-1680657.5958357789,338.89501661168737,157396.78228965294,0.0902037404757129,4554.613516113775
336.1107564178862,2001.0,12.0,14.0,14.0,27.0,4.0,1.0,3473264.533166639,-46827.16003026923,744386.8131891281,-557.8631089307319,-283.8407452686627,4512.06677111208,3552445.7811372206,4555.27423586707,3471163.3502188195,-129554.22172755997,744386.8131891281,3552445.7811372206,-573.6495783815824,-516.5149915219615,4512.06677111208,4577.6203558418965,12741440.334437886,0.7237989882151101,1.6336205780892268,0.0,8.024520884654679e-08,0.2115301449510828,0.2111066007547002,-0.037305681779286934,156245.78113722056,0.08875670424614861,0.08832229639724784,35.06564140319824,-16086867429.236027,-1011977138.6861155,-200070350.41076756,-16089137991.16317,-1867226633.081186,16118666241.815365,16198361791.955729,-0.9771193042973394,0.03646902154438699,-0.20954206173720477,0.03729702924213157,0.9993042237525626,0.0,-0.20939626734780895,0.007815296404069064,0.9777996340574696,4527.980600359118,-537.5510377590496,-0.11816454975823512,1.5048884089684899e-10,197.6,0.0,-91.9,1.9,0.0,3.0563425860872046e-17,2.2991386231875426,1.5707963267948966,16.75299023234937,461.0,0.0007230471572448589,4.406833272238678,0.0,0.0015860820708468813,-1529.6222990420445,20.622635419538778,-327.8272235512175,0.005045346873380803,0.0053149781332174385,-0.0394377491731399,0.0049173012949659135,0.00543366042404561,-0.0394377491731399,-5.288721943844399e-19,1.4206634503384867e-20,-6.57450228521001e-20,-5.290605394194524e-19,1.6037724662732384e-21,-6.57450228521001e-20,-1529.6173817407496,20.628069079962824,-327.86666130039066,-1680657.7151345834,339.0835010480676,157474.2637080046,0.09030716919594658,4554.552245537943
336.41075641788626,2001.0,12.0,14.0,14.0,27.0,4.0,1.0,3473097.024930392,-46912.31023898689,745740.4011958035,-558.8584466191994,-283.82730986982256,4511.853225981868,3552567.023351984,4555.183886297956,3470991.103622009,-129709.16702055268,745740.4011958035,3552567.023351984,-574.6610470000627,-516.4536152580554,4511.853225981868,4577.52981295101,12741439.44090061,0.7237989688863566,1.6336205776784916,0.0,7.598131170262078e-08,0.21191330866026187,0.21148897044635978,-0.03735210923640712,156367.02335198363,0.08891725032873803,0.08848204774278938,33.64261192083359,-16086867338.273682,-1011977126.3303554,-200088397.41953605,-16089150367.972752,-1867144709.719671,16118666150.256739,16198364864.919353,-0.9770374720043972,0.036511391950648425,-0.20991592735445952,0.03734342435591616,0.9993024910693328,0.0,-0.20976950912044048,0.007838979554263251,0.9777194400455159,4527.824506083654,-537.5531955880759,-0.1181690555473461,1.48632490183114e-10,197.62431907426236,0.0,-91.9,1.8,0.0,3.056393900083912e-17,2.2991470033991663,1.5707963267948966,16.75162806866647,461.0,0.0007140858622485913,4.407048878687124,0.0,0.001566388058126644,-1529.3919323588639,20.658020289329702,-328.3897181783405,0.004991512892570958,0.005248693855837467,-0.03894711720867736,0.004864947510248952,0.005366215973246939,-0.03894711720867736,-5.222992307099891e-19,1.4044007058554144e-20,-6.504590921930433e-20,-5.224856007942698e-19,1.5866622696936206e-21,-6.504590921930433e-20,-1529.3870674113537,20.66338650530295,-328.4286652955492,-1680657.8329964895,339.27198548444784,157551.83287428197,0.0904106020568215,4554.490906560412
336.71075641788633,2001.0,12.0,14.0,14.0,27.0,4.0,1.0,3472929.2181153335,-46997.45641363804,747093.9250840893,-559.8536343074722,-283.81385149275724,4511.639315194339,3552688.481677796,4555.093380442786,3470818.5536076557,-129864.0938881667,747093.9250840893,3552688.481677796,-575.6723619704186,-516.3921556674561,4511.639315194339,4577.439113432174,12741438.558717918,0.7237989498033655,1.6336205772729788,0.0,7.45058059692383e-08,0.21229644615575632,0.21187131388447553,-0.037398539105605366,156488.48167779576,0.08907778420848926,0.08864178689706224,32.235055059194565,-16086867248.463636,-1011977114.1314251,-200106509.15770793,-16089162766.82916,-1867062644.4918087,16118666059.857986,16198367944.67226,-0.9769555004632783,0.03655375205507379,-0.21028973661413344,0.0373898217995981,0.9993007561419106,0.0,-0.21014269280738676,0.00786269577828687,0.9776391086053986,4527.66814435261,-537.5553586532678,-0.11817356969858835,1.4682169031720355e-10,197.7,0.0,-91.9,1.7021690317203537,0.0,3.05652723849891e-17,2.29916877921487,1.5707963267948966,16.748089587805957,461.0,0.0007053447062782952,4.407261751298474,0.0,0.0015471786163376684,-1529.1611916309785,20.693392217219984,-328.95200707885886,0.004939033540258751,0.005184067595217793,-0.03846877964158023,0.00481391127096631,0.005300459170567358,-0.03846877964158023,-5.159018118630087e-19,1.388575599899015e-20,-6.436574483599817e-20,-5.160862609565719e-19,1.5700175361632124e-21,-6.436574483599817e-20,-1529.1563777197075,20.69869267639055,-328.9904758585004,-1680657.9493606836,339.46046992082813,157629.489788485,0.09051403906312788,4554.429499183065
337.0107564178864,2001.0,12.0,14.0,14.0,27.0,5.0,1.0,3472761.1127665006,-47082.598547330104,748447.384744305,-560.8486717505817,-283.80037014393207,4511.425038869219,3552810.1560820527,4555.002718334464,3470645.7002218906,-130019.00230540769,748447.384744305,3552810.1560820527,-576.683523043545,-516.3306127754055,4511.425038869219,4577.348257318321,12741437.687390579,0.7237989309553348,1.6336205768724583,0.0,6.989264130329237e-08,0.2126795573953677,0.21225363102500533,-0.0374449713915277,156610.15608205274,0.08923830586499044,0.08880151383969268,30.842239141464233,-16086867159.755161,-1011977102.0824223,-200124685.73423427,-16089175187.671904,-1866980437.4339843,16118665970.568043,16198371031.162321,-0.9768733897251715,0.03659610184429029,-0.2106634894248539,0.03743622157770758,0.99929901896979,0.0,-0.21051581831500923,0.007886445068441888,0.9775586397875804,4527.511515248112,-537.5575269594044,-0.1181780922125188,1.450730489743405e-10,197.8,0.0,-91.9,1.637304897434048,0.0,3.056699400486123e-17,2.299196895401076,1.5707963267948966,16.74352311728657,461.0,0.0006969032518514697,4.407472010914625,0.0,0.0015286488084631136,-1528.9300771089388,20.728751183841876,-329.5140899448431,0.004888547132616847,0.005121699990107348,-0.03800746280456797,0.004764816256675759,0.005237005814069755,-0.03800746280456797,-5.097372420829099e-19,1.3733474400811405e-20,-6.37121138530357e-20,-5.099198458690657e-19,1.5540509248630319e-21,-6.37121138530357e-20,-1528.925312292682,20.733988189655946,-329.55209740764764,-1680658.0642930232,339.64895435720837,157707.23445061364,0.09061748021965615,4554.368023407792
337.31075641788647,2001.0,12.0,14.0,14.0,27.0,5.0,1.0,3472592.7089290046,-47167.736633172346,749800.7800668064,-561.8435587026539,-283.786865828664,4511.210397118003,3552932.046532099,4554.911899997418,3470472.543510922,-130173.89224728885,749800.7800668064,3552932.046532099,-577.6945299694067,-516.2689866060456,4511.210397118003,4577.2572446338845,12741436.826124232,0.723798912325078,1.633620576476565,0.0,6.828569911354543e-08,0.21306264233803066,0.21263592182392682,-0.03749140609882121,156732.04653209867,0.08939881527786461,0.08896122855031334,29.462955594062805,-16086867072.06746,-1011977090.1723635,-200142927.2577755,-16089187630.410421,-1866898088.578575,16118665882.305582,16198374124.307087,-0.9767911398413422,0.03663844130493499,-0.2110371856953083,0.03748262369477581,0.9992972795524642,0.0,-0.2108888855497298,0.007910227417021767,0.9774780336426,4527.354618843972,-537.5597005101026,-0.11818262308965896,1.4328504954144754e-10,197.9,0.0,-91.9,1.5685049541447535,0.0,3.0568715541367685e-17,2.2992250102258187,1.5707963267948966,16.738959451845677,461.0,0.0006882736549179955,4.407679849355191,0.0,0.0015097041386064457,-1528.698589043628,20.76409716984929,-330.0759664687105,0.004836518014219672,0.0050579532815401,-0.03753584359615246,0.004714214643764483,0.005172134780980691,-0.03753584359615246,-5.034339639908427e-19,1.3577117518084374e-20,-6.303827976174273e-20,-5.03614664243452e-19,1.5375885626532184e-21,-6.303827976174273e-20,-1528.6938748289842,20.76926930463027,-330.11350231230665,-1680658.1778982803,339.8374387935886,157785.06686066795,0.09072092553119708,4554.306479236492
337.61075641788653,2001.0,12.0,14.0,14.0,27.0,5.0,1.0,3472424.0066480273,-47252.87066427677,751154.1109419905,-562.8382949238332,-283.77333855872007,4510.995390099094,3553054.1529952236,4554.820925503527,3470299.083521029,-130328.76368883172,751154.1109419905,3553054.1529952236,-578.7053825041409,-516.2072771898482,4510.995390099094,4577.1660754508675,12741435.975760508,0.7237988939307979,1.633620576085686,0.0,6.322027276634106e-08,0.21344570093661647,0.21301818623723917,-0.03753784323213437,156854.15299522365,0.08955931242672206,0.08912093100855696,28.098614633083344,-16086866985.486296,-1011977078.4128959,-200161233.83830798,-16089200095.120716,-1866815597.9806533,16118665795.15693,16198377224.19218,-0.9767087508631322,0.03668077042365499,-0.21141082533424596,0.03752902815533528,0.9992955378894254,0.0,-0.21126189441803267,0.007934042816311585,0.9773972902210712,4527.19745526102,-537.5618793155071,-0.11818716233073875,1.4154067149680503e-10,197.90593285031952,0.0,-91.9,1.4940671496805011,0.0,3.056893602627029e-17,2.299228611017537,1.5707963267948966,16.73837514928653,461.0,0.0006798539464883542,4.4078850635212685,0.0,0.0014912179418964454,-1528.4667276862733,20.79943015591836,-330.6376363432312,0.004785689804845445,0.004995701998016665,-0.03707524063901733,0.004664780574057803,0.005108785330886617,-0.03707524063901733,-4.972587876818473e-19,1.3423875200687215e-20,-6.237760269541758e-20,-4.974376217820067e-19,1.5214427644086927e-21,-6.237760269541758e-20,-1528.4620629056992,20.804538941249245,-330.6747115838702,-1680658.290065445,340.02592322996884,157862.98701864792,0.09082437500254198,4554.2448666710625
337.9107564178866,2001.0,12.0,14.0,14.0,27.0,5.0,1.0,3472255.0059688254,-47338.00063375785,752507.3772602945,-563.8328801698644,-283.75978834087334,4510.780017934738,3553176.4754386656,4554.729794887861,3470125.320298567,-130483.61660506594,752507.3772602945,3553176.4754386656,-579.7160803993696,-516.1454845524246,4510.780017934738,4577.074749804375,12741435.135867577,0.7237988757631505,1.6336205756996234,0.0,6.143906154658886e-08,0.21382873314876216,0.21340042422096236,-0.03758428279611683,156976.4754386656,0.0897197972911952,0.08928062119408121,26.748590022325516,-16086866899.967785,-1011977066.7980664,-200179605.5846998,-16089212581.749105,-1866732965.6777644,16118665709.077919,16198380330.77239,-0.9766262228419587,0.03672308918710737,-0.21178440825047734,0.03757543496391963,0.9992937939801649,0.0,-0.21163484482646364,0.007957891258588016,0.9773164095736832,4527.040024583739,-537.5640633807079,-0.11819170993632977,1.397932080190629e-10,198.0,0.0,-91.9,1.4,0.0,3.0570563057467473e-17,2.2992551824534533,1.5707963267948966,16.73406469579769,461.0,0.0006714208836313551,4.408087756426999,0.0,0.0014726893515130191,-1528.2344932884328,20.834750122747163,-331.19909926152434,0.004734549814419133,0.004933387423085311,-0.03661397086890006,0.004615039024902647,0.0050453630404657885,-0.03661397086890006,-4.910923290961696e-19,1.3270516387233502e-20,-6.171503508956026e-20,-4.912692912971591e-19,1.5052344240526048e-21,-6.171503508956026e-20,-1528.2298782494079,20.83979548578763,-331.23571323239327,-1680658.4008514732,340.2144076663491,157940.9949245535,0.09092782863848238,4554.1831857134075
338.21075641788667,2001.0,12.0,14.0,14.0,27.0,6.0,1.0,3472085.7069367273,-47423.12653473233,753860.5789121937,-564.8273141964949,-283.7462151817417,4510.564280746171,3553299.013829609,4554.638508184334,3469951.2538899635,-130638.45097102909,753860.5789121937,3553299.0138296084,-580.7266234067155,-516.0836087192562,4510.564280746171,4576.983267728349,12741434.305971136,0.7237988578118725,1.63362057531816,0.0,5.771194914292421e-08,0.21421173893228546,0.2137826357311369,-0.03763072479541951,157099.01382960798,0.08988026985092218,0.08944029908654233,25.41218212246895,-16086866815.463709,-1011977055.3213319,-200198042.6057412,-16089225090.237568,-1866650191.7069297,16118665624.020008,16198383443.99813,-0.9765435558293147,0.0367653975819592,-0.21215793435287394,0.03762184412506369,0.999292047824173,0.0,-0.21200773668162987,0.007981772736119318,0.9772353917512001,4526.882326895544,-537.5662527106367,-0.11819626590699941,1.381855167198856e-10,198.1,0.0,-91.94144832801145,1.258551671988561,0.0,3.057228468387832e-17,2.2992832987464458,1.5707963267948966,16.729506142257268,461.0,0.0006636600595212339,4.408288042169544,0.0,0.001455609926076266,-1528.0018861020035,20.870057051055817,-331.7603549170601,0.004687843724098523,0.00487631493272809,-0.03618871977384439,0.0045696071438662954,0.0049872854996924915,-0.03618871977384439,-4.854102552760897e-19,1.3129883816893187e-20,-6.111025712178284e-20,-4.855855109910618e-19,1.4903998769273391e-21,-6.111025712178284e-20,-1527.9973164948597,20.875044336555508,-331.796543636834,-1680658.510318933,340.40289210272937,158019.0905783848,0.09103128644381032,4554.121436365434
338.51075641788674,2001.0,12.0,14.0,14.0,27.0,6.0,1.0,3471916.1095971363,-47508.24836031894,755213.7157882006,-565.8215967623057,-283.73261909027053,4510.34817867583,3553421.768135187,4554.547065448204,3469776.884341724,-130793.26676176641,755213.7157882006,3553421.7681351868,-581.7370112806923,-516.0216497181096,4510.34817867583,4576.891629278103,12741433.486331519,0.7237988400825928,1.6336205749412924,0.0,5.575503985246929e-08,0.21459471824227094,0.21416482072382323,-0.037677169234694385,157221.76813518675,0.09004073008554189,0.08959996466560628,24.089437812566757,-16086866732.000792,-1011977043.9843141,-200216545.01122433,-16089237620.603006,-1866567276.1134074,16118665540.009975,16198386563.895206,-0.9764607498767705,0.03680769559488737,-0.21253140355036773,0.03766825564330326,0.9992902994209394,0.0,-0.21238056989019946,0.008005687241165302,0.9771542368044621,4526.724362301078,-537.5684473125892,-0.11820083024328354,1.3643188378304652e-10,198.2,0.0,-92.0,1.1831883783046528,0.0,3.057400622819511e-17,2.2993114136987405,1.5707963267948966,16.724950383327087,461.0,0.0006551992120218307,4.408485862435447,0.0,0.0014370388679673892,-1527.7689063792157,20.905350921586244,-332.3214030036582,0.004636180007949688,0.004814301837119808,-0.03572638358526328,0.004519340071867189,0.0049241479019037394,-0.03572638358526328,-4.792303092261791e-19,1.297554227321779e-20,-6.044076072466172e-20,-4.79403672455265e-19,1.4740470508989538e-21,-6.044076072466172e-20,-1527.7643870391437,20.910275069488147,-332.35712938724345,-1680658.6184334792,340.5913765391096,158097.2739801417,0.09113474842331806,4554.059618629057
338.8107564178868,2001.0,12.0,14.0,14.0,27.0,6.0,1.0,3471746.213995526,-47593.3661036396,756566.7877788728,-566.815727626003,-283.71900007660366,4510.131711866318,3553544.73832248,4554.45546673484,3469602.211700425,-130948.06395233196,756566.7877788728,3553544.73832248,-582.7472437759697,-515.9596075779725,4510.131711866318,4576.79983450912,12741432.677210271,0.7237988225809643,1.6336205745692718,0.0,4.942156062059701e-08,0.2149776710338389,0.2145469791551044,-0.037723616118594934,157344.73832248058,0.09020117797471981,0.0897596179109548,22.78130131959915,-16086866649.6056,-1011977032.7927504,-200235112.90999663,-16089250172.862179,-1866484218.9466379,16118665457.074694,16198389690.489748,-0.9763778050359703,0.036849983212579034,-0.21290481575195383,0.03771466952317561,0.9992885487699524,0.0,-0.21275334435890406,0.008029634765977532,0.9770729447843833,4526.566130905078,-537.5706471950584,-0.11820540294597895,1.3467516682170572e-10,198.2,0.0,-92.0,1.1,0.0,3.0574133022995125e-17,2.2993134844149683,1.5707963267948966,16.724614945418338,461.0,0.0006467239031757581,4.408681149884845,0.0,0.0014184280397102312,-1527.5355543726346,20.940631715102825,-332.88224321549245,0.004584110060480363,0.004751655488651155,-0.03526273514375555,0.0044686847795366086,0.004860365343321814,-0.03526273514375555,-4.730122002524371e-19,1.2819819848554604e-20,-5.976350416293317e-20,-4.73183648367671e-19,1.4574930741990085e-21,-5.976350416293317e-20,-1527.531085687855,20.945492080446147,-332.9175059506362,-1680658.7251606137,340.77986097548984,158175.54512982428,0.0912382145817984,4553.997732506189
339.1107564178869,2001.0,12.0,14.0,14.0,27.0,7.0,1.0,3471576.0201774435,-47678.479757818786,757919.7947748079,-567.8097065439053,-283.7053581474232,4509.914880440151,3553667.924358516,4554.363712079058,3469427.2360127154,-131102.84251778797,757919.7947748079,3553667.9243585155,-583.7573206447498,-515.897482324455,4509.914880440151,4576.707883456246,12741431.878156884,0.7237988052972403,1.633620574201878,0.0,4.942156062059701e-08,0.21536059726479778,0.21492911098108464,-0.037770065451775914,157467.92435851553,0.09036161349812433,0.08991925880228277,21.487056881189346,-16086866568.232351,-1011977021.7401943,-200253746.41078258,-16089262746.95945,-1866401020.2439473,16118665375.168066,16198392823.734592,-0.9762947213586349,0.036892260421731375,-0.2132781708666891,0.03776108576921921,0.9992867958706998,0.0,-0.21312605999453738,0.008053615302799237,0.9769915157419533,4526.407632792073,-537.5728523630416,-0.11820998401564638,1.331009455185556e-10,198.3,0.0,-92.0,1.0,0.0,3.05758547412537e-17,2.2993416022079476,1.5707963267948966,16.7200614911485,461.0,0.000639126429993684,4.408874013197302,0.0,0.0014017317288881768,-1527.3018303351578,20.97589941239206,-333.4428752470885,0.004538068259547322,0.004695500790696236,-0.0348470985606683,0.004423902582480751,0.004803215292328669,-0.0348470985606683,-4.674572048699023e-19,1.2681736936805853e-20,-5.916720999635208e-20,-4.676269697901504e-19,1.4429003423443202e-21,-5.916720999635208e-20,-1527.2974064325754,20.980702627684387,-333.47772234564917,-1680658.8305597585,340.9683454118701,158253.9040274325,0.0913416849240444,4553.935777998755
339.41075641788694,2001.0,12.0,14.0,14.0,27.0,7.0,1.0,3471405.5281885094,-47763.589315982535,759272.7366666369,-568.8035332715231,-283.69169330848354,4509.69768451249,3553791.326210268,4554.271801508087,3469251.957325322,-131257.60243320395,759272.7366666369,3553791.326210268,-584.767241638406,-515.8352739822851,4509.69768451249,4576.615776146724,12741431.088456374,0.7237987882159526,1.6336205738387897,0.0,4.712160915387242e-08,0.21574349689397163,0.21531121615788695,-0.03781651723889305,157591.32621026784,0.09052203663543405,0.09007888731928201,20.205632597208023,-16086866487.8083,-1011977010.8168898,-200272445.62196684,-16089275342.812223,-1866317680.0394216,16118665294.216877,16198395963.55542,-0.9762114988965607,0.03693452720905138,-0.21365146880368993,0.037807504385973426,0.9992850407226682,0.0,-0.21349871670395318,0.008077628843865172,0.9769099497282366,4526.24886803915,-537.5750628205941,-0.1182145734528365,1.3152580586798464e-10,198.3304660146684,0.0,-92.0,0.9,0.0,3.057646779184436e-17,2.2993516140838794,1.5707963267948966,16.71844076834142,461.0,0.0006315249854135343,4.409064624520758,0.0,0.0013850284103444353,-1527.0677345200208,21.01115399426227,-334.00329879332236,0.004491778968512026,0.004639290925175584,-0.03443102834664107,0.004378876726648093,0.0047460022337966895,-0.03443102834664107,-4.618827961234388e-19,1.2542830232765147e-20,-5.856594147489713e-20,-4.62050863245428e-19,1.4281873857733244e-21,-5.856594147489713e-20,-1527.0633556432942,21.015899996496067,-334.037729821669,-1680658.9347252287,341.15682984825037,158332.3506729664,0.09144515945484959,4553.873755108676
339.710756417887,2001.0,12.0,14.0,14.0,27.0,7.0,1.0,3471234.738074417,-47848.694771259405,760625.6133450313,-569.7972075679317,-283.6780055691822,4509.480124225402,3553914.9438446593,4554.1797350763245,3469076.3756850436,-131412.34367365768,760625.6133450313,3553914.9438446593,-585.7770065119659,-515.7729825797734,4509.480124225402,4576.523512635033,12741430.308329407,0.7237987713418712,1.6336205734801057,0.0,4.2146848510894035e-08,0.21612636987669115,0.21569329464165574,-0.03786297148460338,157714.9438446588,0.09068244736632916,0.09023850344166713,18.937432199716568,-16086866408.355995,-1011977000.0258471,-200291210.65270078,-16089287960.433176,-1866234198.3799825,16118665214.24382,16198399109.974037,-0.9761281377016197,0.03697678356125613,-0.21402470947213478,0.03785392537797888,0.9992832833253433,0.0,-0.21387131439406756,0.0081016753814018,0.9768282467943729,4526.089836750348,-537.5772785754608,-0.11821917125820909,1.2993643628295848e-10,198.4,0.0,-92.0,0.7929373647731667,0.0,3.057770390575101e-17,2.299371801355957,1.5707963267948966,16.715173843749593,461.0,0.0006238562846969876,4.409252930329437,0.0,0.001368173769774908,-1526.8332671807882,21.04639544154391,-334.5635135494221,0.004444824388921868,0.0045826076297873775,-0.03401136488382059,0.00433319960923748,0.0046882979516498615,-0.03401136488382059,-4.562673044763353e-19,1.2402501812204587e-20,-5.795686971412025e-20,-4.564336510672101e-19,1.4132794341589569e-21,-5.795686971412025e-20,-1526.828933981179,21.05108373949556,-334.59752491430595,-1680659.037627913,341.3453142846306,158410.88506642592,0.09154863817900777,4553.811663837883
340.0107564178871,2001.0,12.0,14.0,14.0,27.0,8.0,1.0,3471063.649880932,-47933.79611678054,761978.4247007032,-570.7907291916343,-283.6642949380698,4509.262199715161,3554038.777228559,4554.087512832164,3468900.491138753,-131567.06621423518,761978.4247007032,3554038.7772285584,-586.7866150198668,-515.7106081444232,4509.262199715161,4576.431092969628,12741429.537786797,0.7237987546752258,1.633620573125821,0.0,3.942476676500724e-08,0.21650921616908253,0.21607534638855652,-0.037909428193565235,157838.77722855844,0.09084284567049979,0.09039810714914087,17.68249422311783,-16086866329.876635,-1011976989.3670582,-200310041.61194313,-16089300599.813631,-1866150575.3096004,16118665135.250095,16198402262.990698,-0.9760446378257593,0.03701902946507276,-0.21439789278126406,0.037900348749777414,0.9992815236782101,0.0,-0.21424385297185908,0.008125754907627293,0.9767464069915761,4525.9305390238405,-537.5794996345298,-0.11822377743239162,1.283442927756773e-10,198.4839674693692,0.0,-92.0,0.7,0.0,3.057917017411798e-17,2.2993957473356135,1.5707963267948966,16.71130036224336,461.0,0.0006161751974811503,4.409438935243072,0.0,0.0013513009277521604,-1526.598428571358,21.081623735089728,-335.12351921097,0.004397636247688044,0.004525861307427738,-0.033591319491384726,0.004287292972992967,0.004630523091916983,-0.033591319491384726,-4.506489710324784e-19,1.2261810939669857e-20,-5.734502316287228e-20,-4.508135887604461e-19,1.3983165160766037e-21,-5.734502316287228e-20,-1526.594141278385,21.086254258181643,-335.1571105304614,-1680659.1392663792,341.53379872101084,158489.5072078111,0.09165212110131316,4553.749504188311
340.31075641788715,2001.0,12.0,14.0,14.0,27.0,8.0,1.0,3470892.263653893,-48018.89334567968,763331.1706244064,-571.7840979011509,-283.65056142371964,4509.0439111175865,3554162.8263287847,4553.995134823401,3468724.3037333977,-131721.77003003063,763331.1706244064,3554162.8263287847,-587.796066916565,-515.6481507037861,4509.0439111175865,4576.338517198373,12741428.776816353,0.7237987382157516,1.6336205727759412,0.0,3.6500241499888574e-08,0.2168920357274163,0.21645737135477627,-0.0379558873704382,157962.8263287847,0.09100323152765824,0.09055769842143713,16.4408962726593,-16086866252.369028,-1011976978.8405429,-200328938.60850924,-16089313260.94251,-1866066810.8723447,16118665057.234509,16198405422.603294,-0.9759609993210021,0.03706126490723851,-0.21477101864038037,0.037946774505912065,0.9992797617807525,0.0,-0.21461633234436886,0.00814986741475155,0.9766644303711349,4525.770974957272,-537.5817260047098,-0.11822839197603233,1.2681820380117205e-10,198.5,0.0,-92.0,0.6,0.0,3.0579553722332235e-17,2.2994020111533042,1.5707963267948966,16.71028743985675,461.0,0.0006088116965231439,4.409622633982883,0.0,0.0013351220470113518,-1526.363218945959,21.1168388557747,-335.68331547390216,0.004352481184577961,0.004471417283550937,-0.033188282569265475,0.0042433657517897535,0.004575096947855968,-0.033188282569265475,-4.452460790435707e-19,1.212668050336728e-20,-5.675803587660867e-20,-4.454090389205329e-19,1.383955054012514e-21,-5.675803587660867e-20,-1526.3589755802072,21.121413952722556,-335.7165037564714,-1680659.2396422476,341.7222831573911,158568.21709712196,0.09175560822656041,4553.687276161896
340.6107564178872,2001.0,12.0,14.0,14.0,27.0,8.0,1.0,3470720.5794392102,-48103.98645109267,764683.8510069314,-572.777313452357,-283.63680503161396,4508.825258546507,3554287.0911121015,4553.902601075391,3468547.8135159975,-131876.4550961462,764683.8510069314,3554287.0911121015,-588.8053619538017,-515.585610282413,4508.825258546507,4576.245785346632,12741428.024628604,0.7237987219463693,1.6336205724301054,0.0,2.9802322387695312e-08,0.21727482851091195,0.21683936949652227,-0.03800234901988309,158087.09111210145,0.09116360491752044,0.0907172772382961,15.211411148309708,-16086866175.752832,-1011976968.435415,-200347901.75056374,-16089325943.729553,-1865982905.1014454,16118664980.116198,16198408588.729807,-0.9758772222394457,0.03710348987450064,-0.21514408695884757,0.037993202650927024,0.9992779976324534,0.0,-0.21498875241869964,0.008174012894976162,0.9765823169844127,4525.6111446261675,-537.5839576897794,-0.11823301488967258,1.2530467300455464e-10,198.52441587443067,0.0,-92.02441587443067,0.4755841255693286,0.0,3.0580071113162174e-17,2.299410460786787,1.5707963267948966,16.70892125099095,461.0,0.0006015093509976688,4.4098042180277295,0.0,0.0013190660359549136,-1526.1276385591514,21.15204078449592,-336.24290203450715,0.00430753692297896,0.004417593528062326,-0.032788324980064405,0.004199636655995259,0.004520294114283512,-0.032788324980064405,-4.39886215753739e-19,1.1992412989810631e-20,-5.617391286010924e-20,-4.40047525666905e-19,1.3696473625694756e-21,-5.617391286010924e-20,-1526.1234389224953,21.156561078610203,-336.2756903594872,-1680659.33885964,341.91076759377137,158647.01473435844,0.09185909955954456,4553.624979760581
340.9107564178873,2001.0,12.0,14.0,14.0,27.0,8.0,1.0,3470548.5972828665,-48189.07542615771,766036.4657391091,-573.7703756055587,-283.62302577130527,4508.606242149041,3554411.5715452204,4553.809911647115,3468371.020533647,-132031.12138769202,766036.4657391091,3554411.571545221,-589.8144998878469,-515.522986908843,4508.606242149041,4576.152897473451,12741427.28159249,0.7237987058750555,1.6336205720883772,0.0,2.9802322387695312e-08,0.21765759447440988,0.21722134077002292,-0.03804881314656191,158211.5715452209,0.09132396581980336,0.09087684357945695,13.994317352771759,-16086866100.065811,-1011976958.1550769,-200366931.1475668,-16089338648.202604,-1865898858.0444908,16118664903.933062,16198411761.407204,-0.9757933066332638,0.03714570435361646,-0.21551709764609156,0.03803963318936762,0.999276231232795,0.0,-0.21536111310201664,0.008198191340494447,0.9765000668828472,4525.4510481394145,-537.5861946976461,-0.11823764617389249,1.2377979441858827e-10,198.6,0.0,-92.1,0.39775493539869666,0.0,3.058140419172098e-17,2.2994322316118074,1.5707963267948966,16.70540227799298,461.0,0.0005941536287934936,4.409983602849419,0.0,0.0013029235273680831,-1525.891687665827,21.1872295021727,-336.8022785894286,0.00426219022286993,0.004363820329942255,-0.03238637674893193,0.004155506350275569,0.004465530241837444,-0.03238637674893193,-4.345090653504782e-19,1.185744055926742e-20,-5.558561131636671e-20,-4.346687129097838e-19,1.3552806774135786e-21,-5.558561131636671e-20,-1525.8875321594767,21.191695032414536,-336.83466496617757,-1680659.4368699007,342.0992520301516,158725.90011952058,0.09196259510506093,4553.56261498631
341.21075641788735,2001.0,12.0,14.0,14.0,27.0,9.0,1.0,3470376.317230918,-48274.16026401581,767389.0147118128,-574.7632841211105,-283.6092236532693,4508.386862072001,3554536.2675948027,4553.717066597169,3468193.924833513,-132185.76887978674,767389.0147118128,3554536.267594803,-590.8234804750438,-515.4602806125628,4508.386862072001,4576.059853637543,12741426.548061274,0.7237986900094486,1.6336205717510224,0.0,2.9802322387695312e-08,0.21804033357285324,0.21760328513152835,-0.038095279755138045,158336.26759480312,0.09148431421424813,0.09103639742467722,12.790617376565933,-16086866025.34391,-1011976948.006087,-200386026.90816742,-16089351374.387688,-1865814669.7522933,16118664828.721388,16198414940.671013,-0.9757092525547041,0.03718790833135344,-0.21589005061160088,0.038086066125780485,0.9992744625812583,0.0,-0.21573341430154813,0.008222402743491527,0.9764176801179506,4525.290685605526,-537.5884370371396,-0.11824228582948533,1.2225694177367843e-10,198.68038227829018,0.0,-92.1,0.3,0.0,3.0582813784101724e-17,2.299455252002368,1.5707963267948966,16.70168300219762,461.0,0.0005868084779903892,4.410160698872644,0.0,0.0012867876423803333,-1525.6553665212055,21.22240498974677,-337.3614448356653,0.00421666092544072,0.0043095576717606405,-0.03198469742995264,0.00411120766847373,0.004410270761875328,-0.03198469742995264,-4.2913519076736283e-19,1.1722241351645862e-20,-5.499504628253342e-20,-4.2929316912090673e-19,1.3408368192056269e-21,-5.499504628253342e-20,-1525.651255313537,21.226815260508648,-337.39342953309523,-1680659.5336264223,342.28773646653184,158804.87325260838,0.09206609486790521,4553.500181841037
341.5107564178874,2001.0,12.0,14.0,14.0,27.0,9.0,1.0,3470203.7393294913,-48359.24095781043,768741.4978159557,-575.7560387547757,-283.5953986823499,4508.167118425144,3554661.1792274546,4553.624065946381,3468016.526462836,-132340.39754755716,768741.4978159557,3554661.1792274546,-591.832303467012,-515.3974914175652,4508.167118425144,4575.966653859734,12741425.823081892,0.723798674328932,1.633620571417598,0.0,2.580956827951785e-08,0.21842304576616556,0.2179852025373097,-0.03814174885027614,158461.1792274546,0.0916446500805931,0.09119593875372654,11.598783373832703,-16086865951.490118,-1011976937.9751853,-200405189.14028347,-16089364122.177837,-1865730340.255915,16118664754.383526,16198418126.422382,-0.9756250600560896,0.037230101794489205,-0.2162629457649262,0.03813250146471345,0.9992726916773237,0.0,-0.21610565592458486,0.008246647096144293,0.9763351567413091,4525.1300570957665,-537.5906847113913,-0.11824693385696959,1.208436659719477e-10,198.7,0.0,-92.1,0.2,0.0,3.058325531454039e-17,2.2994624627416433,1.5707963267948966,16.70051835694902,461.0,0.0005799897469913835,4.410335734689097,0.0,0.0012718063242950935,-1525.418675380837,21.257567228182193,-337.9204004705712,0.004174708735396252,0.004259139528845993,-0.03161151174371162,0.00407039434266592,0.004358939371769872,-0.03161151174371162,-4.241327368971046e-19,1.1596908636230085e-20,-5.444971451102082e-20,-4.2428917562748243e-19,1.3274950459477912e-21,-5.444971451102082e-20,-1525.4146049864942,21.261926167553963,-337.95201198231496,-1680659.6292549316,342.4762209029121,158883.93413362183,0.09216959885287362,4553.437680326715
341.8107564178875,2001.0,12.0,14.0,14.0,27.0,9.0,1.0,3470030.8636247898,-48444.31750068701,770093.914942487,-576.7486392662062,-283.5815508674615,4507.947011347471,3554786.306409734,4553.530909745141,3467838.8254689346,-132495.00736613796,770093.914942487,3554786.3064097343,-592.8409686193592,-515.334619351845,4507.947011347471,4575.873298190482,12741425.106719326,0.7237986588349077,1.6336205710881402,0.0,1.4901161193847656e-08,0.218805731010422,0.2183670929436582,-0.038188220436641974,158586.30640973384,0.09180497339859918,0.0913554675463817,10.418995469808578,-16086865878.511118,-1011976928.063376,-200424417.9525841,-16089376891.569784,-1865645869.6007533,16118664680.926205,16198421318.66713,-0.9755407291898188,0.037272284729811325,-0.21663578301567926,0.0381789392107154,0.9992709185204703,0.0,-0.21647783787847913,0.00827092439062135,0.9762524968045836,4524.969162710702,-537.5929377276553,-0.11825159025700616,1.1939034616056467e-10,198.72329487104835,0.0,-92.1,0.07670512895162965,0.0,3.05837556523972e-17,2.2994706338789404,1.5707963267948966,16.699198796443095,461.0,0.0005729796237178654,4.410508696334771,0.0,0.0012563934225725609,-1525.1816145005978,21.29271619846509,-338.47914519185355,0.004131155882360096,0.004207305640803399,-0.031227628521627596,0.004028017306437069,0.004306152140663167,-0.031227628521627596,-4.189873098713275e-19,1.1467373243128763e-20,-5.388353920352234e-20,-4.191421487550126e-19,1.3136283111880028e-21,-5.388353920352234e-20,-1525.1775864832914,21.297022350605754,-338.51037282037515,-1680659.7237468436,342.6647053392923,158963.08276256092,0.09227310706476265,4553.375110445302
342.11075641788756,2001.0,12.0,14.0,14.0,27.0,10.0,1.0,3469857.690163083,-48529.38988579395,771446.2659824005,-577.741085417032,-283.5676802193496,4507.72654099193,3554911.6491081407,4553.437598057857,3467660.821899194,-132649.5983106722,771446.2659824005,3554911.649108141,-593.8494756897167,-515.2716644452047,4507.72654099193,4575.779786694302,12741424.399520045,0.723798643539194,1.63362057076289,0.0,1.4901161193847656e-08,0.2191883892598604,0.21874895630688745,-0.03823469451890275,158711.64910814166,0.09196528414801587,0.09151498378240946,9.25216993689537,-16086865806.462671,-1011976918.278061,-200443713.4541458,-16089389682.609325,-1865561257.8386683,16118664608.405544,16198424517.460558,-0.9754562600083643,0.037314457124117684,-0.2170085622735354,0.038225379368336594,0.9992691431101767,0.0,-0.21684996007064714,0.008295234619083188,0.9761697003595088,4524.808002564849,-537.5951960950414,-0.11825625503030178,1.1788115304980956e-10,198.8,0.0,-92.1023558687738,-0.002355868773804789,0.0,3.0585107091499684e-17,2.2994927045543943,1.5707963267948966,16.69563567529158,461.0,0.0005657024346241331,4.410679455580984,0.0,0.0012404191532991448,-1524.944184136696,21.32785188160425,-339.03767869757826,0.004085632216519557,0.004153595822064418,-0.030829997046503632,0.003983717769851661,0.004251439943348795,-0.030829997046503632,-4.1366626119487005e-19,1.1332794910629499e-20,-5.3292783374372154e-20,-4.1381942919303145e-19,1.2991973608706722e-21,-5.3292783374372154e-20,-1524.9402004189262,21.3321033215476,-339.06850869462477,-1680659.8170300834,342.8531897756726,159042.3191394257,0.09237661950836917,4553.312472198765
342.4107564178876,2001.0,12.0,14.0,14.0,27.0,10.0,1.0,3469684.218990717,-48614.45810628226,772798.5508267314,-578.733376964989,-283.5537867442505,4507.505707480725,3555037.2072891286,4553.344130917584,3467482.515801077,-132804.1703563116,772798.5508267314,3555037.2072891286,-594.8578244317164,-515.208626723059,4507.505707480725,4575.6861194042585,12741423.700945808,0.7237986284301455,1.6336205704415354,0.0,1.4901161193847656e-08,0.2195710204729206,0.2191307925833326,-0.03828117110172696,158837.20728912856,0.09212558230862711,0.09167448744162729,8.097238928079605,-16086865735.290062,-1011976908.6107569,-200463075.7533067,-16089402495.231747,-1865476505.0057049,16118664536.766401,16198427722.746374,-0.9753716525642733,0.03735661896421629,-0.2173812834482326,0.03827182194212852,0.9992673654459201,0.0,-0.2172220224085682,0.008319577773682127,0.9760867674578931,4524.646576741788,-537.5974598180942,-0.11826092817737181,1.1644620240995913e-10,198.8817246987551,0.0,-92.2,-0.1,0.0,3.058653853713873e-17,2.2995160818357467,1.5707963267948966,16.6918633348967,461.0,0.000558782354413076,4.410848137307076,0.0,0.0012252255363595446,-1524.706384545663,21.36297425863081,-339.59600068616675,0.004042507503605598,0.004103156426248566,-0.03045171131560068,0.003941739440106593,0.004200053542668312,-0.03045171131560068,-4.0860628158781774e-19,1.1205084424759496e-20,-5.2733251295218694e-20,-4.0875786806003446e-19,1.2855228525655826e-21,-5.2733251295218694e-20,-1524.702442806223,21.36717431217348,-339.62645239748235,-1680659.9091756456,343.04167421205284,159121.6432642161,0.09248013618849048,4553.2497655890675
342.7107564178877,2001.0,12.0,14.0,14.0,27.0,10.0,1.0,3469510.4501541094,-48699.522155305036,774150.7693665527,-579.7255136685025,-283.53987044953266,4507.284510940046,3555162.9809190957,4553.25050836134,3467303.9072221187,-132958.7234782155,774150.7693665527,3555162.980919096,-595.8660145997084,-515.1455062119636,4507.284510940046,4575.59229635742,12741423.010592593,0.7237986134990209,1.6336205701239535,0.0,1.4901161193847656e-08,0.21995362460753817,0.21951260172934928,-0.038327650189784304,158962.98091909615,0.09228586786021359,0.09183397850382777,6.953810423612595,-16086865664.952135,-1011976899.0568907,-200482504.9580075,-16089415329.385904,-1865391611.1418865,16118664465.967419,16198430934.482231,-0.9752869069101683,0.03739877023692524,-0.21775394644957063,0.038318266936643766,0.9992655855271771,0.0,-0.21759402479978376,0.00834395384656228,0.9760036981516195,4524.484885329059,-537.5997289024975,-0.11826560969888002,1.1512307521032955e-10,198.9,0.0,-92.2,-0.24711559870880628,0.0,3.058695952324794e-17,2.29952295706066,1.5707963267948966,16.690754231748762,461.0,0.0005523993050343647,4.411014838277054,0.0,0.0012111778132009338,-1524.4682159843587,21.398083310598178,-340.1541108563965,0.004002926392315184,0.004055920708994778,-0.03010178948789456,0.0039032280371585006,0.004151954165195704,-0.03010178948789456,-4.0391514460856506e-19,1.1087170791973775e-20,-5.2218620013346054e-20,-4.04065278302655e-19,1.2728984745007633e-21,-5.2218620013346054e-20,-1524.4643127563215,21.402235264763373,-340.18421264588443,-1680660.0002368204,343.2301586484331,159201.05513693218,0.0925836571099242,4553.186990618183
343.01075641788776,2001.0,12.0,14.0,14.0,27.0,11.0,1.0,3469336.383699748,-48784.582026017626,775502.9214929757,-580.717495288537,-283.52593134478155,4507.06295151447,3555288.9699643883,4553.1567304446535,3467124.996209928,-133113.2576515514,775502.9214929757,3555288.9699643883,-596.8740459506379,-515.0823029406552,4507.06295151447,4575.498317609401,12741422.32869307,0.7237985987508508,1.633620569810249,0.0,0.0,0.22033620161921968,0.21989438370131387,-0.03837413178774566,159088.9699643883,0.09244614078256479,0.09199345694882476,5.82231217622757,-16086865595.47267,-1011976889.6196547,-200502001.17689937,-16089428185.085566,-1865306576.2950711,16118664396.032524,16198434152.69116,-0.9752020230987459,0.03744091092907273,-0.21812655118741123,0.03836471435643608,0.9992638033534234,0.0,-0.21796596715189773,0.008368362829859565,0.9759204924926445,4524.3229284326035,-537.6020033561858,-0.11827029959550676,1.1368320040699079e-10,198.92709994912616,0.0,-92.2,-0.32709994912615203,0.0,3.058752127784165e-17,2.299532131209389,1.5707963267948966,16.68927450722517,461.0,0.0005454568628456437,4.411179508212042,0.0,0.0011959392990471475,-1524.2296787099694,21.433179018582116,-340.7120089074016,0.003959288490327344,0.004004644069167905,-0.0297223228264126,0.003860761328897341,0.004099714798818461,-0.0297223228264126,-3.9882880621037107e-19,1.0958211369271457e-20,-5.1651231124736726e-20,-3.98977335046327e-19,1.259038893092988e-21,-5.1651231124736726e-20,-1524.2258179486405,21.437278733380936,-340.74173123022797,-1680660.090182921,343.4186430848133,159280.55475757387,0.09268718227746835,4553.124147288087
343.31075641788783,2001.0,12.0,14.0,14.0,27.0,11.0,1.0,3469162.0196741945,-48869.63771157852,776855.007097157,-581.709321585935,-283.5119694394008,4506.841029346843,3555415.1743913004,4553.062797221172,3466945.7828121856,-133267.7728514955,776855.007097157,3555415.1743913004,-597.8819182413256,-515.0190169377162,4506.841029346843,4575.40418321393,12741421.655412424,0.7237985841892047,1.6336205695005117,0.0,0.0,0.22071875146377176,0.2202761384556254,-0.0384206159002834,159215.17439130042,0.09260640105548248,0.0921529227564459,4.703116804361343,-16086865526.868546,-1011976880.3015529,-200521564.51847506,-16089441062.337595,-1865221400.512494,16118664326.978724,16198437377.38927,-0.9751170011827772,0.037483041027497284,-0.21849909757168018,0.03841116420606061,0.9992620189241334,0.0,-0.21833784937257833,0.008392804715701866,0.9758371505329982,4524.16070615656,-537.6042831869067,-0.11827499786794095,1.1224825608699585e-10,199.0,0.0,-92.20739198757202,-0.4073919875720215,0.0,3.05888126104555e-17,2.2995532202713895,1.5707963267948966,16.68587402499611,461.0,0.0005385390915497794,4.411342101641897,0.0,0.0011807552200419512,-1523.9907729800075,21.468261363681123,-341.269694538675,0.003915680077870413,0.003953623568077972,-0.02934437199315928,0.0038183200924917413,0.004047730408706427,-0.02934437199315928,-3.93770093977325e-19,1.0829740348534425e-20,-5.108512787118089e-20,-3.939170212552729e-19,1.2452117494343093e-21,-5.108512787118089e-20,-1523.986954659915,21.47230909408983,-341.2990389106682,-1680660.1789921597,343.6071275211936,159360.14212614126,0.09279071169592142,4553.0612356007605
343.6107564178879,2001.0,12.0,14.0,14.0,27.0,11.0,1.0,3468987.3581240815,-48954.6892051486,778207.0260702932,-582.7009923190863,-283.4979847396078,4506.618744559962,3555541.5941660753,4552.968708724042,3466766.2670766474,-133422.26905323233,778207.0260702932,3555541.5941660753,-598.8896312260651,-514.9556482286298,4506.618744559962,4575.30989320416,12741420.990205707,0.7237985698022941,1.6336205691944172,0.0,0.0,0.2211012740997506,0.22065786594870407,-0.03846710253207114,159341.59416607488,0.09276664865878537,0.09231237590652405,3.5951016545295715,-16086865459.084372,-1011976871.0938656,-200541195.09091735,-16089453961.076557,-1865136083.8302372,16118664258.750189,16198440608.51958,-0.9750318412151076,0.03752516051904759,-0.21887158551236569,0.03845761649007368,0.9992602322387809,0.0,-0.21870967136955674,0.008417279496208926,0.9757536723247846,4523.9982185848885,-537.6065683991862,-0.11827970451669449,1.1098405833925127e-10,199.0,0.0,-92.3,-0.5,0.0,3.058894322271826e-17,2.2995553533315154,1.5707963267948966,16.685530162211133,461.0,0.0005324409069018855,4.411502750858579,0.0,0.001167369077536317,-1523.7514990523075,21.503330327016094,-341.82716745006746,0.0038778444230121055,0.003909144161046034,-0.029010802945744426,0.003781492815413502,0.004002423956542142,-0.029010802945744426,-3.892959201290149e-19,1.0717088894771196e-20,-5.059268335461777e-20,-3.894414573369616e-19,1.2331791185079128e-21,-5.059268335461777e-20,-1523.747717559492,21.507332750972637,-341.8561782530132,-1680660.2667364106,343.79561195757384,159439.8172426343,0.09289424537008206,4552.998255558189
343.91075641788797,2001.0,12.0,14.0,14.0,27.0,11.0,1.0,3468812.399096115,-49039.73649989043,779558.9783036162,-583.6925072468017,-283.48397725255523,4506.396097278767,3555668.2292549037,4552.874464988497,3466586.449051142,-133576.74623195388,779558.9783036162,3555668.2292549037,-599.8971846595958,-514.8921968398299,4506.396097278767,4575.2154476153755,12741420.332597742,0.723798555579839,1.6336205688918135,0.0,0.0,0.22148376948547274,0.22103956613698988,-0.038513591687783566,159468.2292549042,0.09292688357229689,0.09247181637890797,2.4977621734142303,-16086865392.071722,-1011976861.9910882,-200560893.00191098,-16089466881.243979,-1865050626.287666,16118664191.298243,16198443846.032389,-0.9749465432486573,0.037567269390582345,-0.21924401491951742,0.038504071213032634,0.9992584432968389,0.0,-0.21908143305062588,0.008441787163492288,0.9756700579201816,4523.835465803651,-537.6088589984888,-0.11828441954243205,1.096630942296663e-10,199.1,0.0,-92.3,-0.6,0.0,3.05906663538106e-17,2.299583494197821,1.5707963267948966,16.6809950536644,461.0,0.000526071575789348,4.411661569454551,0.0,0.0011533777572664146,-1523.5118571850303,21.538385889730105,-342.38442734178517,0.003837871084943564,0.0038621020945431386,-0.028662617320357086,0.0037425928831418785,0.003954501936322215,-0.028662617320357086,-3.846403423175271e-19,1.059918294120304e-20,-5.0074454304150215e-20,-3.847844149433594e-19,1.2205055764498372e-21,-5.0074454304150215e-20,-1523.5081145921472,21.54234039166643,-342.41308995910555,-1680660.3534783535,343.9840963939541,159519.58010705296,0.09299778330474959,4552.935207162359
344.21075641788804,2001.0,12.0,14.0,14.0,27.0,12.0,1.0,3468637.142637071,-49124.77958896959,780910.8636884018,-584.6838661321997,-283.46994698954074,4506.173087660304,3555795.0796239222,4552.780066082212,3466406.3287835703,-133731.20436286076,780910.8636884018,3555795.0796239227,-600.9045783010664,-514.8286628018142,4506.173087660304,4575.120846515367,12741419.683230583,0.7237985415357243,1.6336205685930045,0.0,0.0,0.22186623757496768,0.22142123897694535,-0.0385600833720968,159595.0796239227,0.09308710577584524,0.09263124415344544,1.4122487306594849,-16086865325.896076,-1011976853.0022535,-200580658.36021382,-16089479822.895283,-1864965027.93875,16118664124.6888,16198447089.992832,-0.9748611073364198,0.03760936762897057,-0.21961638570324882,0.038550528379496164,0.9992566520977789,0.0,-0.21945313432364294,0.008466327709655469,0.97558630737144,4523.672447931069,-537.6111549944816,-0.11828914294590386,1.0834920376077276e-10,199.13582803417532,0.0,-92.3,-0.6358280341753196,0.0,3.059136785546592e-17,2.299594950589261,1.5707963267948966,16.679149504509557,461.0,0.0005197365964211072,4.411818399714288,0.0,0.001139494540298088,-1523.271847636662,21.573428032989007,-342.94147391439515,0.003798108164480692,0.0038153424606514946,-0.028316925739994704,0.0037038984554326523,0.0039068657454523195,-0.028316925739994704,-3.8000780784428256e-19,1.0481721188103295e-20,-4.955761845460704e-20,-3.8015041950560467e-19,1.2079119980712206e-21,-4.955761845460704e-20,-1523.2681437382066,21.57733489873446,-342.96979084013515,-1680660.4391332995,344.1725808303343,159599.4307193973,0.09310132550472346,4552.872090415265
344.5107564178881,2001.0,12.0,14.0,14.0,27.0,12.0,1.0,3468461.5887937997,-49209.81846555423,782262.6821159667,-585.6750687344658,-283.45589395743525,4505.949715830026,3555922.1452392186,4552.685512040671,3466225.906321907,-133885.6434211621,782262.6821159667,3555922.145239219,-601.9118119055881,-514.7650461407768,4505.949715830026,4575.02608993965,12741419.041632766,0.7237985276597502,1.633620568297771,0.0,6.283185307179586,0.2222486783265703,0.2218028844250543,-0.03860657758968827,159722.14523921907,0.09324731524926556,0.09279065921000589,0.33781105279922485,-16086865260.50946,-1011976844.1207967,-200600491.27367216,-16089492785.972418,-1864879288.8219295,16118664058.873577,16198450340.351532,-0.9747755335314638,0.03765145522109151,-0.21998869777373634,0.03859698799402421,0.9992548586410722,0.0,-0.21982477509652845,0.008490901126793921,0.9755024207308846,4523.5091650536115,-537.6134563923483,-0.11829387472770803,1.0699372915683327e-10,199.2,0.0,-92.3,-0.7,0.0,3.059252075396479e-17,2.299613778850596,1.5707963267948966,16.67611731648423,461.0,0.0005132030128662265,4.411973359072642,0.0,0.0011251617857556732,-1523.031470666008,21.608456737981196,-343.4983068688227,0.0037566832226270113,0.003767120508097828,-0.027960166913051428,0.003663580235394302,0.0038577254459754825,-0.027960166913051428,-3.752309626394962e-19,1.0360001632622813e-20,-4.9019610348034863e-20,-3.7537205203852723e-19,1.1947826480912841e-21,-4.9019610348034863e-20,-1523.0278070857728,21.61231446342717,-343.5262670357357,-1680660.5237634405,344.36106526671455,159679.36907966726,0.09320487197480369,4552.808905318903
344.8107564178882,2001.0,12.0,14.0,14.0,27.0,12.0,1.0,3468285.737613221,-49294.85312281506,783614.4334776691,-586.6661148138223,-283.44181816418075,4505.725981920776,3556049.4260668275,4552.590802906725,3466045.181714199,-134040.0633820753,783614.4334776691,3556049.4260668275,-602.9188852293378,-514.7013468839828,4505.725981920776,4574.931177931129,12741418.407584708,0.7237985139471648,1.633620568006023,6.283185307179586,6.283185307179586,0.22263109169770276,0.22218450243782223,-0.038653074345236745,159849.42606682796,0.09340751197242733,0.09295006152845632,-0.7258313000202179,-16086865195.88953,-1011976835.3438681,-200620391.85023892,-16089505770.442959,-1864793408.9794276,16118663993.830086,16198453597.085018,-0.9746898218869309,0.037693532153834676,-0.22036095104121955,0.038643450061177975,0.9992530629261885,0.0,-0.22019635527726653,0.008515507406995053,0.9754183980509129,4523.345617265091,-537.6157631983555,-0.11829861488849101,1.058057393317205e-10,199.2,0.0,-92.3,-0.7848943811827843,0.0,3.0592652321520145e-17,2.2996159275118337,1.5707963267948966,16.67577135915902,461.0,0.0005074731882444642,4.4121264958612745,0.0,0.0011125821782927386,-1522.7907265321978,21.643471985917664,-344.05492590635265,0.003720920805758151,0.003724764040779385,-0.02764678491761889,0.0036287815966830105,0.0038145855509847675,-0.02764678491761889,-3.7102631564830343e-19,1.0253821854156297e-20,-4.855416188379914e-20,-3.711660912742327e-19,1.1834079513284021e-21,-4.855416188379914e-20,-1522.787097750601,21.647286571468648,-344.0825726912703,-1680660.6073977351,344.54954970309484,159759.39518786292,0.09330842271979058,4552.745651875276
345.11075641788824,2001.0,12.0,14.0,14.0,27.0,13.0,1.0,3468109.5891423286,-49379.88355392481,784966.1176649048,-587.657004131649,-283.4277196185963,4505.501886072608,3556176.922072731,4552.495938730424,3465864.155008568,-134194.46422082567,784966.1176649048,3556176.922072731,-603.9257980296719,-514.6375650595717,4505.501886072608,4574.836110539923,12741417.781112827,0.7237985003985374,1.6336205677177624,6.283185307179586,6.283185307179586,0.22301347764481527,0.22256609297177526,-0.038699573643422115,159976.92207273096,0.09356769592517214,0.09310945108868278,-1.7786272466182709,-16086865132.039068,-1011976826.6716663,-200640360.19810134,-16089518776.29958,-1864707388.4565856,16118663929.561123,16198456860.195103,-0.9746039724560375,0.03773559841409969,-0.2207331454160004,0.03868991458551974,0.999251264952597,0.0,-0.22056787477390394,0.008540146542338164,0.9753342393839964,4523.181804666526,-537.6180754196613,-0.11830336342890962,1.0453077927269046e-10,199.3,0.0,-92.3,-0.8,0.0,3.0594375811603614e-17,2.2996440742409097,1.5707963267948966,16.671240812099757,461.0,0.000501327367001615,4.412277808121252,0.0,0.0010991229857041389,-1522.5496154946843,21.678473758031824,-344.6113307286288,0.003682149655843037,0.0036794508338914072,-0.027311874479970685,0.003591049282817122,0.0037684147297541177,-0.027311874479970685,-3.6654756626282783e-19,1.0139895094642619e-20,-4.805139795387009e-20,-3.666859203214102e-19,1.1711719655666215e-21,-4.805139795387009e-20,-1522.5460244454016,21.68224217276158,-344.63864260310874,-1680660.690032702,344.7380341394751,159839.5090439842,0.09341197774448477,4552.68233008639
345.11137942470396,2001.0,12.0,14.0,14.0,27.0,13.0,1.0,3468109.2230291115,-49380.06013106404,784968.9246191228,-587.6590617326971,-283.4276903210514,4505.501420352865,3556177.1870670104,4552.495741599213,3465863.778759777,-134194.78484328504,784968.9246191228,3556177.187067011,-603.9278889026936,-514.6374325233094,4505.501420352865,4574.835912986425,12741417.78099678,0.7237985003960188,1.6336205677176547,6.283185307179586,6.283185307179586,0.2230142717105521,0.2225668853869556,-0.038699670210590044,159977.18706701044,0.09356802856504007,0.09310978207885547,-1.7790215015411377,-16086865132.02753,-1011976826.6692023,-200640401.7387994,-16089518803.45117,-1864707209.6886232,16118663929.549454,16198456867.099514,-0.9746037940303753,0.0377356857614745,-0.22073391828558828,0.03869001108038427,0.9992512612164168,0.0,-0.22056864624011557,0.008540197744286047,0.9753340644713949,4523.18146423596,-537.6180802314938,-0.1183033732989883,1.3315676173407096e-11,150.0,0.0,0.0,0.0,0.0,2.975836118651594e-17,2.285990919295831,1.5707963267948966,19.216572373856742,461.0,0.0,4.4122778389285084,0.0,0.00013934271643013682,-1522.549114400095,21.678546431680218,-344.61248598352125,0.00046255248924004244,0.0003941643196877034,-0.003450794267913912,0.00045277289160605867,0.0004053603641745427,-0.003450794267913912,-4.520999965603352e-20,1.2495728271247868e-21,-5.917322004965523e-21,-4.5227037783652045e-20,1.4336828432416201e-22,-5.917322004965523e-21,-1522.5486616272035,21.67895179204439,-344.61593677778916,-1680660.6900480054,344.9265185758553,159919.71064803115,0.09351553705368744,4552.618939954253
345.11553479556915,2001.0,12.0,14.0,14.0,27.0,13.0,1.0,3468106.781079558,-49381.23787811391,784987.6466466,-587.6727857071197,-283.4274949099317,4505.498314034627,3556178.9545820323,4552.494426762162,3465861.2692067386,-134196.92335162728,784987.6466466,3556178.9545820323,-603.9418347964315,-514.6365485162137,4505.498314034627,4574.834595332909,12741417.781256892,0.7237985003999303,1.6336205677172513,6.283185307179586,6.283185307179586,0.22301956799686617,0.22257217069364799,-0.038700314301302316,159978.95458203182,0.09357024721901559,0.0931119897296182,-1.7804966270923615,-16086865132.096489,-1011976826.6670232,-200640678.81131935,-16089518984.697153,-1864706017.3335974,16118663929.61814,16198456913.298998,-0.9746026039384431,0.037736268355876325,-0.2207390732221635,0.03869065468883282,0.9992512362963328,0.0,-0.2205737918161536,0.008540539258371711,0.9753328978113167,4523.179193602453,-537.618112330353,-0.11830343913231456,1.33119457797347e-11,150.0,0.0,0.0,0.0,0.0,2.975836275560973e-17,2.2859909449210765,1.5707963267948966,19.216566839060604,461.0,0.0,4.412277861528185,0.0,0.00013930359924991146,-1522.54577211078,21.6790311541432,-344.620191362428,0.00046243345517273327,0.0003940531083903792,-0.0034498241926496655,0.0004526564940037767,0.00040524640791908464,-0.0034498241926496655,-4.519729164370336e-20,1.2492384045931272e-21,-5.915801015680743e-21,-4.52143254356863e-20,1.4333148062905945e-22,-5.915801015680743e-21,-1522.545319454286,21.67943640055112,-344.62364118662066,-1680660.6900136974,345.11500301223555,160000.00000000373,0.09361910065220001,4552.555481480878
