time,year,month,day,hour,min,sec,number of passage,pos_ii[0],pos_ii[1],pos_ii[2],vel_ii[0],vel_ii[1],vel_ii[2],pos_ii_mag,vel_ii_mag,pos_pp[0],pos_pp[1],pos_pp[2],pos_pp_mag,vel_pp[0],vel_pp[1],vel_pp[2],vel_pp_mag,a,e,i,OMEGA,omega,vi,lat,lon,alt,gamma_ii,gamma_pp,h_ii[0],h_ii[1],h_ii[2],h_pp[0],h_pp[1],h_pp[2],h_ii_mag,h_pp_mag,uD[0],uD[1],uD[2],uE[0],uE[1],uE[2],uN[0],uN[1],uN[2],vN,vE,azi_pp,rho,T,p,wind[0],wind[1],wind[2],cL,cD,aoa,S,mass,heat_rate,heat_load,T_r,q,gravity_ii[0],gravity_ii[1],gravity_ii[2],drag_pp[0],drag_pp[1],drag_pp[2],drag_ii[0],drag_ii[1],drag_ii[2],lift_pp[0],lift_pp[1],lift_pp[2],lift_ii[0],lift_ii[1],lift_ii[2],force_ii[0],force_ii[1],force_ii[2],energy,t_cf,h_cf,gamma_cf,v_cf
0.0,2001.0,12.0,14.0,14.0,21.0,28.0,1.0,3458970.56121931,51857.56056055267,-824252.3218231678,600.0440877874732,-291.90505101812363,4639.697923558369,3556200.0000000005,4687.4362169495635,3458970.56121931,51857.56056055267,-824252.3218231678,3556200.0000000005,603.7198740638481,-537.0850475678728,4639.697923558369,4709.536586176234,20256100.000000022,0.8266102556760682,1.6336281798666923,6.283185307179586,0.0,6.0488081439609696,-0.23390604099563675,0.014991071735410184,160000.00000000047,-0.10601379577664605,-0.1055144475639891,-2.9802322387695312e-08,-16543166263.09385,-1040807800.7643509,-202090181.42072707,-16546196038.466677,-1889068808.33922,16575874965.940664,16654909929.130123,-0.9726591758673049,-0.01458229586652963,0.2317789555770676,-0.014990510245551496,0.9998876359884534,0.0,0.23175291196382689,0.003474484808281257,0.9727684800360278,4651.399641912391,-546.0747674949836,-0.11686514690950517,1.3267609012110293e-11,150.0,0.0,0.0,0.0,0.0,2.96026934663819e-17,2.2834486724987557,1.5707963267948966,19.78238178962428,461.0,0.0,0.0,0.0,0.00014713602503437366,-1518.5078883678261,-22.765766111334862,361.8514903615622,-0.0004737620354817618,0.0004214711429818926,-0.0036409481064276663,-0.0004737620354817618,0.0004214711429818926,-0.0036409481064276663,-4.751299617803927e-20,-1.2389585441751722e-22,6.168073424097055e-21,-4.751299617803927e-20,-1.2389585441751722e-22,6.168073424097055e-21,-1518.5083621298616,-22.76534464019188,361.8478494134558,-1057163.027433712,0.0,160000.0,-0.10601379577664603,4687.436216949564
7.553464004091812e-07,2001.0,12.0,14.0,14.0,21.0,28.0,1.0,3458970.5616725506,51857.56034006324,-824252.3183185887,600.0440852993992,-291.9050510554192,4639.697924151217,3556199.999625346,4687.436217220195,3458970.561675327,51857.56015486741,-824252.3183185887,3556199.999625346,603.7198715313893,-537.0850476696187,4639.697924151217,4709.536586447256,20256099.999995988,0.8266102556760332,1.6336281798666916,0.0,0.0,6.048808144950999,-0.23390604000766702,0.014991071616175501,159999.9996253457,-0.10601379532926473,-0.1055144471187499,2.6226043701171875e-06,-16543166263.093689,-1040807800.7643296,-202090181.4738477,-16546196038.429934,-1889068808.5598285,16575874965.940504,16654909929.119287,-0.9726591760980086,-0.014582295753987607,0.23177895461600176,-0.01499051012633021,0.9998876359902409,0.0,0.23175291100328332,0.0034744847662414044,0.9727684802650184,4651.399642406964,-546.0747674877389,-0.11686514689565565,1.0360000374654292e-10,199.4,0.0,-92.3,-2.3,0.0,3.041467378827978e-17,2.2967093174857545,1.5707963267948966,17.157801211515025,461.0,0.0005420025031949729,3.863357273841806e-10,0.0,0.0011534652649788648,-1518.5078890467369,-22.765766021734024,361.8514889373976,-0.0037334710807817462,0.0038866966369599898,-0.028638224838545757,-0.003733471080989843,0.003886696636760097,-0.028638224838545757,-3.8261040670150217e-19,-1.0060542186481773e-21,4.9743120221634516e-20,-3.826104067014483e-19,-1.00605423913342e-21,4.9743120221634516e-20,-1518.5116225178178,-22.761879325097265,361.82285071255905,-1057163.0274339207,0.15353820496591458,159923.73511709427,-0.10591995727739238,4687.493324980027
8.40008041611909e-06,2001.0,12.0,14.0,14.0,21.0,28.0,1.0,3458970.5662597283,51857.558108526755,-824252.2828493321,600.0440601180163,-291.905051432878,4639.697930151301,3556199.9958335385,4687.436219959181,3458970.5662906053,51857.556048995066,-824252.2828493321,3556199.995833539,603.719845900796,-537.0850486993693,4639.697930151301,4709.536589190188,20256099.999952555,0.8266102556756623,1.6336281798666843,0.0,0.0,6.048808154970912,-0.23390603000859125,0.01499107040942129,159999.99583353894,-0.10601379080137753,-0.10551444261255254,3.102421760559082e-05,-16543166263.091993,-1040807800.7641034,-202090182.01147237,-16546196038.057974,-1889068810.7925658,16575874965.938797,16654909929.009525,-0.9726591784329206,-0.014582294614968683,0.23177894488921602,-0.014990508919711595,0.9998876360083307,0.0,0.23175290128178339,0.003474484340763135,0.9727684825825936,4651.399647412419,-546.0747674144144,-0.11686514675548723,1.0360004166461053e-10,199.4,0.0,-92.3,-2.3,0.0,3.0414673784697585e-17,2.296709317427253,1.5707963267948966,17.157801221508088,461.0,0.0005420027025162791,4.533646088637693e-09,0.0,0.001153465688488748,-1518.5078959178734,-22.765765114898898,361.8514745236661,-0.0037334722904874764,0.003886698068024415,-0.02863823537314566,-0.0037334722928016846,0.0038866980658014403,-0.02863823537314566,-3.826105474127722e-19,-1.0060543372082693e-21,4.9743136363104756e-20,-3.8261054741217318e-19,-1.0060545650212942e-21,4.9743136363104756e-20,-1518.5116293901663,-22.761878416833095,361.822836288293,-1057163.0274361894,0.30707640993182916,159847.53684107316,-0.10582612218889773,4687.550383209543
0.0004437541100713396,2001.0,12.0,14.0,14.0,21.0,28.0,1.0,3458970.827491238,51857.431026484985,-824250.2629381202,600.0426260829151,-291.90507292847934,4639.698271845396,3556199.7798973056,4687.436375939734,3458970.8291223776,51857.32222684541,-824250.2629381202,3556199.779897306,603.7183862839531,-537.085107341774,4639.698271845396,4709.536745395537,20256099.997528076,0.8266102556549272,1.6336281798662744,0.0,0.0,6.048808725587336,-0.23390546057894554,0.014991001686914647,159999.77989730565,-0.10601353294632733,-0.1055141859926192,0.0016539990901947021,-16543166262.99766,-1040807800.751358,-202090212.62818122,-16546196016.87786,-1889068937.9430552,16575874965.84385,16654909922.7611,-0.972659311401865,-0.014582229749854752,0.23177839096596606,-0.014990440204926852,0.9998876370385137,0.0,0.23175234765954858,0.0034744601105694724,0.9727686145642384,4651.399932464237,-546.0747632387474,-0.11686513877315136,1.0360220102694357e-10,199.4,0.0,-92.3,-2.3,0.0,3.0414673580697354e-17,2.2967093140956765,1.5707963267948966,17.157801790595993,461.0,0.0005420140534895141,2.4049745570984124e-07,0.0,0.001153489806578577,-1518.5082872162836,-22.765713472228978,361.85065368693313,-0.003733541180736464,0.0038867795644516195,-0.028638835298784436,-0.0037335413029925425,0.0038867794470155495,-0.028638835298784436,-3.826185606547302e-19,-1.0060610886514378e-21,4.9744055586612984e-20,-3.82618560623085e-19,-1.0060731236651918e-21,4.9744055586612984e-20,-1518.5120207575867,-22.761826692781963,361.8220148516343,-1057163.0275627188,0.46061461489774375,159771.40517193667,-0.1057322905080906,4687.60739163617
0.005387198930218236,2001.0,12.0,14.0,14.0,21.0,28.0,1.0,3458973.7937279977,51855.9880092519,-824227.3268359974,600.0263425871836,-291.905317007353,4639.702151723411,3556197.3279744596,4687.4381470695225,3458973.813529337,51854.66717459864,-824227.3268359974,3556197.3279744596,603.7018123072922,-537.0857732129745,4639.702151723411,4709.538519077823,20256099.969418406,0.826610255414692,1.6336281798616175,0.0,0.0,6.04881520494008,-0.23389899470068987,0.014990221343279354,159997.32797445962,-0.10601060500026933,-0.1055112720713493,0.020084470510482788,-16543166261.896494,-1040807800.604734,-202090560.27008808,-16546195776.351082,-1889070381.7127316,16575874964.73565,16654909851.781033,-0.9726608212428698,-0.014581493205309291,0.23177210115768834,-0.014989659948968717,0.9998876487359039,0.0,0.23174606126914105,0.003474184982011727,0.9727701131947621,4651.403169177872,-546.0747158244884,-0.1168650481351272,1.0362672025540362e-10,199.4,0.0,-92.3,-2.3,0.0,3.0414671264314615e-17,2.2967092762662755,1.5707963267948966,17.1578082524819,461.0,0.0005421429422074088,2.9202375102734526e-06,0.0,0.001153763664013531,-1518.5127303543575,-22.765127067436836,361.84133304966736,-0.0037343233912561324,0.003887704945285201,-0.02864564737124493,-0.0037343248758046612,0.0038877035193059938,-0.02864564737124493,-3.8270954990095047e-19,-1.0061377062892021e-21,4.975449286395046e-20,-3.8270954951672143e-19,-1.0062838467528446e-21,4.975449286395046e-20,-1518.5164646792332,-22.76123936391753,361.8126874022961,-1057163.0290297624,0.6141528198636583,159695.34010968482,-0.10563846223190002,4687.664350257958
0.02509294701493369,2001.0,12.0,14.0,14.0,21.0,28.0,1.0,3458985.6170562827,51850.2357870226,-824135.8978818002,599.9614322238878,-291.90628990144575,4639.717616849785,3556187.5546898316,4687.445206756706,3458985.709274093,51844.08347149901,-824135.8978818002,3556187.554689831,603.6357440131001,-537.0884273003894,4639.717616849785,4709.545588939182,20256099.857723426,0.8266102544599842,1.633628179843043,0.0,0.0,6.0488410332725655,-0.23387322008142303,0.014987110715023138,159987.55468983157,-0.10599893346747936,-0.10549965644469839,0.0935908854007721,-16543166257.526344,-1040807800.0212908,-202091945.86298564,-16546194817.636444,-1889076136.5475404,16575874960.33749,16654909568.875935,-0.9726668394394581,-0.014578557141376878,0.23174702830140267,-0.014986549670123002,0.9998876953583262,0.0,0.23172100203443033,0.0034730883505423725,0.9727760867093048,4651.416070661802,-546.0745268373283,-0.11686468685589538,1.0372445310168429e-10,199.4,0.0,-92.3,-2.3,0.0,3.0414662031278e-17,2.2967091254793446,1.5707963267948966,17.157834009427102,461.0,0.0005426566913293805,1.3608632600776127e-05,0.0,0.0011548552549107782,-1518.5304406999142,-22.7627894755657,361.8041780908354,-0.003737440748626801,0.0038913935087723866,-0.028672800231765248,-0.0037374476700374614,0.0038913868611773206,-0.028672800231765248,-3.8307223213176516e-19,-1.006442294852307e-21,4.979608881875991e-20,-3.8307223034105336e-19,-1.0071236452435464e-21,4.979608881875991e-20,-1518.5341781475843,-22.758898088704523,361.77550529060363,-1057163.034859104,0.767691024829573,159619.34165431763,-0.1055446373572551,4687.721259072956
0.13126194619327,2001.0,12.0,14.0,14.0,21.0,28.0,1.0,3459049.2957957718,51819.24411016566,-823643.2992836136,599.6117005118731,-291.9115298575681,4639.800911228003,3556134.917190315,4687.483229675253,3459049.7777804094,51787.06057184959,-823643.2992836136,3556134.9171903147,603.2797735661503,-537.1027203325993,4639.800911228003,4709.583666654083,20256099.25420953,0.8266102493014535,1.6336281797426655,0.0,0.0,6.048980191465651,-0.23373435127153544,0.014970351729522139,159934.91719031474,-0.10593604938085516,-0.10543707356481888,0.4906785190105438,-16543166233.914461,-1040807796.8686236,-202099405.79785857,-16546189654.01966,-1889107131.5871732,16575874936.57424,16654908045.114649,-0.9726992530737241,-0.014562737853817509,0.23161193780982026,-0.01496979256463006,0.9998879463772787,0.0,0.23158598485312318,0.003467182664505007,0.9728082597634438,4651.485557362845,-546.073509095735,-0.1168627410874825,1.0425082809685254e-10,199.4,0.0,-92.3,-2.3,0.0,3.04146123033668e-17,2.296708313360924,1.5707963267948966,17.157972734299676,461.0,0.0005454237492980156,7.136886067107709e-05,0.0,0.0011607345179104553,-1518.6258299024291,-22.75019401642061,361.6039790003624,-0.0037542164059398767,0.003911260282979772,-0.028819046055706097,-0.0037542527967552603,0.003911225352993411,-0.028819046055706097,-3.850256428118539e-19,-1.008060575276823e-21,5.001993455558784e-20,-3.850256334160352e-19,-1.0116429140797572e-21,5.001993455558784e-20,-1518.629584155226,-22.746282791067618,361.5751599543067,-1057163.0663564112,0.9212292297954875,159543.40980583505,-0.1054508158810852,4687.778118079215
0.1752029256101671,2001.0,12.0,14.0,14.0,21.0,28.0,1.0,3459075.6401407355,51806.41718403437,-823439.4211305246,599.4669479345669,-291.91369770833836,4639.835371411248,3556113.140684399,4687.498960253185,3459076.283247365,51763.45962239013,-823439.4211305246,3556113.140684399,603.1324388512314,-537.108632720672,4639.835371411248,4709.599419901512,20256099.003500413,0.8266102471585098,1.6336281797009717,0.0,0.0,6.049037787140459,-0.23367687536217127,0.01496341565814937,159913.14068439836,-0.10591002248436801,-0.10541117133122252,0.6555451154708862,-16543166224.106113,-1040807795.5590576,-202102490.70913398,-16546187517.733578,-1889119954.6169255,16575874926.70302,16654907414.683672,-0.9727126630683189,-0.014556190305134074,0.23155602438792144,-0.014962857270109181,0.9998880501847766,0.0,0.23153010173377733,0.0034647397429503892,0.9728215702633553,4651.514305079846,-546.0730881059878,-0.11686193612381471,1.044609716942366e-10,199.39237853822044,0.0,-92.3,-2.3,0.0,3.0414474188377604e-17,2.296706057771977,1.5707963267948966,17.158358042887304,461.0,0.0005465286298252341,9.536045458187284e-05,0.0,0.0011630820075464443,-1518.665294983919,-22.74498045716355,361.5211118487413,-0.003760872178144965,0.003919190435557954,-0.028877420145779733,-0.0037609208494847716,0.003919143729748189,-0.028877420145779733,-3.858041711810107e-19,-1.0086416292479254e-21,5.010860068786853e-20,-3.858041586251446e-19,-1.013432852794318e-21,5.010860068786853e-20,-1518.6690559047686,-22.7410613134338,361.49223442859557,-1057163.0794408899,1.074767434761402,159467.54456423712,-0.10535699780031997,4687.834927274783
0.1992423949329404,2001.0,12.0,14.0,14.0,21.0,28.0,1.0,3459090.050056155,51799.39971940044,-823327.8817238855,599.3877543170092,-291.91488349730474,4639.854220730524,3556101.229300528,4687.507564672646,3459090.7812622613,51750.547777020576,-823327.8817238855,3556101.229300528,603.0518325678634,-537.111866514399,4639.854220730524,4709.608036720773,20256098.866160728,0.8266102459845943,1.633628179678128,0.0,0.0,6.049069297192761,-0.23364543083065537,0.014959621059050533,159901.22930052737,-0.10589578340600235,-0.1053970004541348,0.7458568811416626,-16543166218.733068,-1040807794.841609,-202104177.777737,-16546186349.207554,-1889126968.6398468,16575874921.295527,16654907069.840408,-0.9727199981713266,-0.01455260816273212,0.2315254343549245,-0.014959063095707296,0.9998881069556226,0.0,0.23149952826922374,0.0034634035807763535,0.9728288509531179,4651.5300297428375,-546.072857845848,-0.11686149582576029,1.0456685066197881e-10,199.37914366725266,0.0,-92.3,-2.3,0.0,3.0414258815992154e-17,2.296702540474,1.5707963267948966,17.15895891739935,461.0,0.000547085515177584,0.00010850530576543159,0.0,0.001164265115213154,-1518.6868821912392,-22.74212805126508,361.4757741551326,-0.003764181014488735,0.003923184128137278,-0.028906815281337653,-0.0037642364203450246,0.003923130967078944,-0.028906815281337653,-3.861947581317902e-19,-1.0088647219905189e-21,5.015249865058522e-20,-3.861947438453108e-19,-1.014318862083906e-21,5.015249865058522e-20,-1518.6906464276594,-22.738204920298003,361.4468673398513,-1057163.0866086278,1.2283056397273167,159391.7459295238,-0.1052631831118892,4687.891686657708
0.23334718965531087,2001.0,12.0,14.0,14.0,21.0,28.0,1.0,3459110.4901365777,51789.443993539004,-823169.6399921944,599.2754004015942,-291.9165655205292,4639.8809582004715,3556084.3333204226,4687.519769880775,3459111.3462711447,51732.22960885059,-823169.6399921944,3556084.3333204226,602.9374744841256,-537.1164533417531,4639.8809582004715,4709.620259517645,20256098.67107661,0.8266102443171054,1.6336281796456793,0.0,0.0,6.049114000865275,-0.2336008201112659,0.014954237691032842,159884.33332042256,-0.10587558225259157,-0.1053768960579198,0.8741195499897003,-16543166211.100965,-1040807793.8225082,-202106570.44385466,-16546184691.667583,-1889136917.893167,16575874913.614496,16654906580.678806,-0.9727304028926864,-0.014547526087646706,0.23148203552967378,-0.014953680329834306,0.9998881874712757,0.0,0.23145615293792696,0.0034615083614100888,0.9728391785012767,4651.552334931374,-546.0725312451988,-0.11686087127907387,1.0471703715179936e-10,199.3603703560251,0.0,-92.3,-2.3,0.0,3.041395330661537e-17,2.2966975511272434,1.5707963267948966,17.159811342951425,461.0,0.0005478754524340903,0.000127176978394874,0.0,0.0011659433366278103,-1518.717503637471,-22.738081168819406,361.4114508003878,-0.0037688726356825486,0.003928849146842634,-0.02894851193293268,-0.0037689376191157075,0.003928786808399921,-0.02894851193293268,-3.8674879357478684e-19,-1.0091782194957209e-21,5.021474124018337e-20,-3.8674877682987474e-19,-1.015575121560322e-21,5.021474124018337e-20,-1518.72127257509,-22.734152382011004,361.3825022884549,-1057163.0967900436,1.3818438446932313,159316.01390169514,-0.105169371812723,4687.948396226036
0.33209743209305087,2001.0,12.0,14.0,14.0,21.0,28.0,1.0,3459169.6526644905,51760.61692150972,-822711.4468010874,598.950067491942,-291.9214341184619,4639.958349539097,3556035.4289681376,4687.555097543277,3459170.8701432296,51679.18857333887,-822711.4468010874,3556035.4289681376,602.6063383882654,-537.1297281511744,4639.958349539097,4709.655638089376,20256098.104634088,0.8266102394754109,1.6336281795514593,0.0,0.0,6.049243442492404,-0.23347164762133352,0.01493865037520197,159835.4289681376,-0.10581708878047852,-0.10531868274598773,1.2464056015014648,-16543166188.940765,-1040807790.8634425,-202113493.2488582,-16546179893.910418,-1889165715.7055507,16575874891.312222,16654905164.761398,-0.9727605191906046,-0.014532810374258485,0.231356369539832,-0.014938094755044658,0.9998884204375452,0.0,0.2313305548973476,0.003456023370369138,0.9728690714959278,4651.616897046485,-546.0715860339602,-0.11685906359672181,1.0515174250544373e-10,199.30603218681955,0.0,-92.3,-2.3,0.0,3.041306896679246e-17,2.296683108761926,1.5707963267948966,17.162279303733282,461.0,0.0005501619439170848,0.00018139271706181973,0.0,0.0011708009406445343,-1518.8061392494067,-22.726362290780248,361.2251845669876,-0.0037824398367916237,0.003945246665772709,-0.029069203154746523,-0.0037825327062573303,0.003945157626614242,-0.029069203154746523,-3.883524029459684e-19,-1.0100660823396658e-21,5.039472984431714e-20,-3.883523790615668e-19,-1.0192078392692029e-21,5.039472984431714e-20,-1518.809921782113,-22.722417133153634,361.19611536383286,-1057163.1263526045,1.535382049659146,159240.3484807511,-0.10507556389975169,4688.005055977811
0.3891556956025596,2001.0,12.0,14.0,14.0,21.0,28.0,1.0,3459203.822352118,51743.96031118048,-822446.6975597708,598.7620802523865,-291.92424606676485,4640.0030483462315,3556007.1839538175,4687.575501562843,3459205.248355662,51648.54066506262,-822446.6975597708,3556007.1839538175,602.4149979590629,-537.1373941008861,4640.0030483462315,4709.676071511695,20256097.776209176,0.8266102366681798,1.6336281794968337,0.0,0.0,6.0493182359753375,-0.23339700964153545,0.014929644098052908,159807.18395381747,-0.10578329025515776,-0.10528504609846046,1.4621471762657166,-16543166176.092356,-1040807789.1478325,-202117489.78561008,-16546177122.85746,-1889182348.2812011,16575874878.381441,16654904346.939554,-0.9727779133757192,-0.014524307177477677,0.23128375591337166,-0.014929089482206344,0.9998885549336147,0.0,0.23125798047984006,0.003452855887811496,0.9728863367581045,4651.6541860769985,-546.0710401982965,-0.11685801957796588,1.0542816046182523e-10,199.3,0.0,-92.3,-2.2714799422718457,0.0,3.0412949239517746e-17,2.2966811534671456,1.5707963267948966,17.162613487784366,461.0,0.0005516153270540415,0.00021282494805990187,0.0,0.0011739027983888306,-1518.857333847791,-22.719590297956586,361.11754682271453,-0.0037912534457222903,0.0039557025909471456,-0.029146348454112847,-0.003791362559464482,0.003955598010467953,-0.029146348454112847,-3.893818164506596e-19,-1.010861949265248e-21,5.051221035136634e-20,-3.893817884186277e-19,-1.021602763638414e-21,5.051221035136634e-20,-1518.8611252103506,-22.71563469994612,361.0884004742604,-1057163.1434930563,1.6889202546250603,159164.7496666917,-0.10498175936990584,4688.0616659110765
0.45017435446309684,2001.0,12.0,14.0,14.0,21.0,28.0,1.0,3459240.351877601,51726.147393474756,-822163.5693386383,598.5610378682736,-291.9272522625416,4640.050834930229,3555976.988273418,4687.597314979628,3459242.0006678784,51615.76501162177,-822163.5693386383,3555976.9882734185,602.2103695712802,-537.1455886683228,4640.050834930229,4709.6979163617,20256097.42403073,0.8266102336579113,1.6336281794382546,0.0,0.0,6.049398222162642,-0.23331718974615004,0.014920012805801018,159776.98827341804,-0.10574714515673518,-0.10524907411385846,1.6934243440628052,-16543166162.31482,-1040807787.3081009,-202121760.89631426,-16546174160.36417,-1889200129.7182875,16575874864.515575,16654903472.595043,-0.9727965091100015,-0.0145152134509969,0.23120609949105284,-0.014919459262622182,0.9998886986736628,0.0,0.23118036594552224,0.003449469982626534,0.9729047947040519,4651.694051003424,-546.0704567282153,-0.11685690347262723,1.0573011726581948e-10,199.3,0.0,-92.3,-2.2337353417725643,0.0,3.041292072027639e-17,2.296680687712589,1.5707963267948966,17.162693092986853,461.0,0.0005532028975436701,0.00024653189982165466,0.0,0.0011772943907182398,-1518.9120661262568,-22.71234763075347,361.00242792324934,-0.003800919518921484,0.003967131739601483,-0.02923071813685091,-0.0038010461058618694,0.003967010452442007,-0.02923071813685091,-3.905086452338264e-19,-1.0117765051364966e-21,5.064118077289905e-20,-3.905086127498142e-19,-1.0242374092497817e-21,5.064118077289905e-20,-1518.9158671723626,-22.70838062030103,360.9731972051125,-1057163.1618732028,1.842458459590975,159089.21745951692,-0.10488795822011616,4688.118226023877
0.5131732109991484,2001.0,12.0,14.0,14.0,21.0,28.0,1.0,3459278.054000122,51707.75621265049,-821871.24988809,598.3534635891875,-291.93035500891693,4640.100156300659,3555945.8233122774,4687.61982887544,3459279.932577499,51581.92518734001,-821871.24988809,3555945.8233122774,601.9990928382332,-537.1540454018412,4640.100156300659,4709.720462699567,20256097.059350163,0.8266102305407766,1.6336281793775962,0.0,0.0,6.049480805511817,-0.23323477808051968,0.014910069072356018,159745.82331227697,-0.10570982638421458,-0.10521193407326643,1.9328235685825348,-16543166148.04832,-1040807785.4030757,-202126167.55278978,-16546171102.703043,-1889218482.1310408,16575874850.15761,16654902570.137129,-0.9728157020556809,-0.014505824258956987,0.23112592000137305,-0.014909516635190466,0.9998888469793555,0.0,0.23110022965721566,0.0034459757490841723,0.972923845479963,4651.735196274589,-546.0698545961847,-0.11685575155741999,1.0604698773688409e-10,199.3,0.0,-92.3,-2.2,0.0,3.041289128550502e-17,2.2966802070062924,1.5707963267948966,17.162775254493614,461.0,0.0005548687923013895,0.00028143482932448225,0.0,0.001180850590986621,-1518.9685575449844,-22.704869236341143,360.8835622469339,-0.003811063998032067,0.003979120033347144,-0.029319180821376634,-0.0038112087357166065,0.0039789814035351015,-0.029319180821376634,-3.9169014943652857e-19,-1.0127501410532716e-21,5.0776533682717446e-20,-3.9169011233868527e-19,-1.0269978414755855e-21,5.0776533682717446e-20,-1518.97236875372,-22.700890254937608,360.8542430661125,-1057163.1809058376,1.9959966645568896,159013.7518592268,-0.10479416044731375,4688.174736314251
0.555310448742322,2001.0,12.0,14.0,14.0,21.0,28.0,1.0,3459303.264037078,51695.45503016385,-821675.7281897851,598.2146217326069,-291.9324297317577,4640.133136180243,3555924.984437181,4687.634883249939,3459305.2961790254,51559.29088049175,-821675.7281897851,3555924.984437181,601.8577745255861,-537.1596996128009,4640.133136180243,4709.735538766789,20256096.814783845,0.8266102284503256,1.6336281793369167,0.0,0.0,6.049536042785138,-0.23317965563612136,0.014903418200952189,159724.98443718115,-0.10568486506886231,-0.10518709230413628,2.0933236181735992,-16543166138.480835,-1040807784.1255087,-202129113.2410288,-16546169058.1141,-1889230753.8299465,16575874840.528784,16654901966.668219,-0.9728285358434106,-0.014499544030356526,0.23107228970968774,-0.014902866502721377,0.9998889461185188,0.0,0.2310466282350127,0.003443639486021635,0.9729365842275242,4651.762709005434,-546.0694520105634,-0.11685498132333379,1.0628142508171202e-10,199.3,0.0,-92.3,-2.2,0.0,3.041287160350978e-17,2.296679885574917,1.5707963267948966,17.162830193455598,461.0,0.0005561007711737784,0.0003048417238826712,0.0,0.001183468625291462,-1519.006332567122,-22.699866869757074,360.80405190621855,-0.0038186022444604254,0.00398796463357417,-0.029384294743979498,-0.0038187592146301124,0.003987814323751065,-0.029384294743979498,-3.925598576602328e-19,-1.0135769291684707e-21,5.087710484886847e-20,-3.925598174600012e-19,-1.0290287576717213e-21,5.087710484886847e-20,-1519.0101513263367,-22.695879055433323,360.77466761147457,-1057163.1936697252,2.149534869522804,158938.35286582127,-0.10470036604842986,4688.23119678024
0.6179438880948128,2001.0,12.0,14.0,14.0,21.0,28.0,1.0,3459340.725813124,51677.17020147271,-821385.0991575144,598.0082386770101,-291.93551278529935,4640.182144540014,3555894.018148924,4687.657254072524,3459342.9860229813,51525.64645789913,-821385.0991575144,3555894.018148924,601.6477103636732,-537.1681009549037,4640.182144540014,4709.757941824326,20256096.450264513,0.8266102253345629,1.633628179276284,0.0,0.0,6.049618149514148,-0.23309771958630054,0.014893532341171406,159694.01814892422,-0.10564776161317,-0.10515016654392213,2.332476019859314,-16543166124.220875,-1040807782.2213187,-202133489.1872723,-16546166019.81853,-1889248989.5700338,16575874826.177397,16654901069.878492,-0.972847606921591,-0.014490208705579365,0.2309925703536854,-0.014892981740075627,0.9998890933973076,0.0,0.23096695175246026,0.003440168132370571,0.972955514112232,4651.803593124242,-546.0688538301565,-0.1168538367801658,1.0662979582460249e-10,199.3,0.0,-92.3,-2.2,0.0,3.0412842356277965e-17,2.2966794079313733,1.5707963267948966,17.16291183283198,461.0,0.0005579315188263658,0.00033972944422923547,0.0,0.0011873590506404584,-1519.062467617478,-22.69243069928759,360.68585736004906,-0.003829796313349402,0.004001107977509158,-0.02948105559581565,-0.0038299715634909286,0.004000940223532832,-0.02948105559581565,-3.93852263459756e-19,-1.0147933591981237e-21,5.102645133951691e-20,-3.938522186326524e-19,-1.032044607690976e-21,5.102645133951691e-20,-1519.0662975890414,-22.688429759064057,360.65637630445326,-1057163.2126939446,2.3030730744887187,158863.0204793004,-0.10460657502039594,4688.287607419882
0.6709017563032721,2001.0,12.0,14.0,14.0,21.0,28.0,1.0,3459372.3904338484,51661.70985005792,-821139.3639061601,597.8337315849228,-291.9381187811346,4640.22356958177,3555867.8438486494,4687.676163251937,3459374.8432999523,51497.198992379715,-821139.3639061601,3555867.8438486494,601.4700907605223,-537.1752015115258,4640.22356958177,4709.776878250243,20256096.14110953,0.8266102226920305,1.6336281792248615,0.0,0.0,6.0496875735659055,-0.23302843984339705,0.014885173733625398,159667.8438486494,-0.10561638934062619,-0.10511894451670255,2.5352315604686737,-16543166112.126862,-1040807780.6063721,-202137186.74345472,-16546163451.634356,-1889264403.505414,16575874814.005846,16654900311.824677,-0.9728637270039094,-0.014482315219184963,0.23092516369151955,-0.014884624059034223,0.9998892178469679,0.0,0.23089958130469654,0.003437234247319208,0.972971514883167,4651.8381510170075,-546.0683482698704,-0.11685286936674638,1.0692425670269381e-10,199.3,0.0,-92.3,-2.2,0.0,3.0412817634964963e-17,2.2966790042016942,1.5707963267948966,17.162980839395047,461.0,0.0005594790016060109,0.00036931727807149495,0.0,0.0011906474957353854,-1519.1099175989423,-22.686142726455536,360.58591289279934,-0.003839250967536455,0.004012217768790589,-0.02956284512001012,-0.003839441764611648,0.004012035188290892,-0.02956284512001012,-3.9494470031300677e-19,-1.0158102004568208e-21,5.1152592550726624e-20,-3.949446515594701e-19,-1.0345918339458798e-21,5.1152592550726624e-20,-1519.1137570407068,-22.682130691267243,360.55635004767936,-1057163.228828704,2.4566112794546333,158787.7546996642,-0.10451278736014376,4688.343968231215
0.6820538840396867,2001.0,12.0,14.0,14.0,21.0,28.0,1.0,3459379.0573470695,51658.45411580697,-821087.6154915576,597.7969823303118,-291.9386674722942,4640.2322916056955,3555862.332909803,4687.680144560737,3459381.5507626603,51491.2083375801,-821087.6154915576,3555862.3329098024,601.4326860511069,-537.1766964368086,4640.2322916056955,4709.780865295716,20256096.07590206,0.826610222134663,1.6336281792140153,0.0,0.0,6.049702193353502,-0.23301385044460202,0.01488341354769951,159662.3329098029,-0.10560978275124967,-0.10511236956673743,2.577989876270294,-16543166109.575987,-1040807780.2657429,-202137965.11309588,-16546162910.90227,-1889267648.8916178,16575874811.438618,16654900152.213654,-0.9728671210765938,-0.014480652937833018,0.23091096859749694,-0.014882864068082464,0.9998892440451247,0.0,0.23088539383267873,0.0034366165574658053,0.972974883838923,4651.845427164168,-546.0682418314583,-0.11685266568163112,1.0696815191286302e-10,199.3,0.0,-92.3,-2.2,0.0,3.041281242994365e-17,2.296678919197245,1.5707963267948966,17.162995368657647,461.0,0.0005597101022555293,0.00037555807013923373,0.0,0.0011911382936384304,-1519.1199082877654,-22.684818511583885,360.5648650998969,-0.003840590822427747,0.004013877659737434,-0.02957506081986192,-0.0038407848712187975,0.004013691979421478,-0.02957506081986192,-3.9510784733357837e-19,-1.0158510501571076e-21,5.117048041660608e-20,-3.951077977599191e-19,-1.0349527705397729e-21,5.117048041660608e-20,-1519.1237490726367,-22.680804819604464,360.53529003907704,-1057163.2322318722,2.610149484420548,158712.55552691256,-0.10441900306460522,4688.400279212276
0.6985370744084756,2001.0,12.0,14.0,14.0,21.0,28.0,1.0,3459388.910500873,51653.64202849162,-821011.1295531,597.7426653505663,-291.9394783960879,4640.24518209431,3555854.188191816,4687.686028626067,3459391.463836476,51482.353933622326,-821011.1295531,3555854.188191816,601.3774002844208,-537.1789057630555,4640.24518209431,4709.786757839371,20256095.97947189,0.826610221310416,1.6336281791979754,0.0,0.0,6.049723801935516,-0.2329922867778996,0.01488081194515098,159654.1881918162,-0.10560001796774814,-0.1051026515472771,2.6412174105644226,-16543166105.803707,-1040807779.7620103,-202139115.38925937,-16546162111.74061,-1889272445.3188572,16575874807.64215,16654899916.319279,-0.972872137255889,-0.014478196013937671,0.2308899876377078,-0.014880262753626547,0.9998892827610381,0.0,0.2308644241357726,0.003435703683230677,0.9729798628998748,4651.856180755773,-546.0680845281058,-0.11685236465264325,1.07040549406078e-10,199.3,0.0,-92.3,-2.2,0.0,3.041280473734293e-17,2.2966787935675415,1.5707963267948966,17.16301684177972,461.0,0.0005600910214877215,0.00038478718051008506,0.0,0.0011919474387274808,-1519.1346738407483,-22.68286124102715,360.5337551748963,-0.0038428407490134248,0.004016613192539418,-0.029595195014077865,-0.0038430396227131453,0.00401642291336664,-0.029595195014077865,-3.953767581508306e-19,-1.0159822254853837e-21,5.120051106619751e-20,-3.953767073608719e-19,-1.0355588917893436e-21,5.120051106619751e-20,-1519.138516880371,-22.678844818113784,360.5041599798823,-1057163.237264553,2.7636876893864626,158637.4229610456,-0.10432522213071255,4688.456540361097
0.7247701685190919,2001.0,12.0,14.0,14.0,21.0,28.0,1.0,3459404.5900065876,51645.983535753396,-820889.4012954717,597.6562184700078,-291.94076884154435,4640.26569508717,3555841.2273515896,4687.695392086657,3459407.238672311,51468.26202271874,-820889.4012954717,3555841.2273515896,601.289411562874,-537.1824213783866,4640.26569508717,4709.796134791653,20256095.82587234,0.8266102199975072,1.6336281791724259,0.0,0.0,6.049758192324444,-0.23295796787127593,0.01487667149615243,159641.2273515896,-0.10558447715995184,-0.10508718516474973,2.741918206214905,-16543166099.795025,-1040807778.9596334,-202140945.62197602,-16546160840.010511,-1889280077.9897146,16575874801.594944,16654899540.930384,-0.972880119635965,-0.014474285754612444,0.23085659589668314,-0.014876122762919539,0.9998893443634363,0.0,0.23083105031310927,0.0034342510611887656,0.9729877862188177,4651.873293242527,-546.0678342180512,-0.11685188562209742,1.0715575687475902e-10,199.3,0.0,-92.3,-2.2,0.0,3.0412792495955966e-17,2.2966785936505207,1.5707963267948966,17.163051012496616,461.0,0.0005606971911815684,0.0003994879154391087,0.0,0.0011932350545598137,-1519.1581708578412,-22.679746135209903,360.48424198519155,-0.0038464200490463864,0.004020966348397481,-0.029627235258179934,-0.003846626614763536,0.004020768739338759,-0.029627235258179934,-3.958046850929471e-19,-1.0161893022283452e-21,5.1248285573353787e-20,-3.958046323655178e-19,-1.0365231412045539e-21,5.1248285573353787e-20,-1519.162017484456,-22.675725366470566,360.45461474993334,-1057163.2452808935,2.9172258943523772,158562.35700206328,-0.10423144455539815,4688.512751675715
0.8029888305293855,2001.0,12.0,14.0,14.0,21.0,28.0,1.0,3459451.3277954035,51623.14816897913,-820526.44352988,597.398453697143,-291.94461548170244,4640.326841507555,3555802.5934160138,4687.723303161566,3459454.260464831,51426.24392261824,-820526.44352988,3555802.5934160138,601.0270494359482,-537.1928998744619,4640.326841507555,4709.824086082696,20256095.3668942,0.8266102160743382,1.63362817909608,0.0,0.0,6.049860734906671,-0.23285563842136242,0.014864326128728386,159602.59341601422,-0.10553813875043827,-0.10504106866764575,3.0427358150482178,-16543166081.84033,-1040807776.5620207,-202146399.59145495,-16546157049.14156,-1889302829.810549,16575874783.525131,16654898421.919447,-0.9729039139772316,-0.01446262624866745,0.23075702938323434,-0.014863778760446679,0.9998895279384421,0.0,0.23073153717847938,0.0034299214321702885,0.9730114045530119,4651.924303202021,-546.0670881592184,-0.11685045773594079,1.0749916963542912e-10,199.3,0.0,-92.3,-2.2,0.0,3.04127560065138e-17,2.296677997732707,1.5707963267948966,17.1631528702884,461.0,0.0005625041169632791,0.00044341560311304823,0.0,0.0011970732664541325,-1519.2282135736386,-22.67045717385035,360.336598170389,-0.0038570816469389326,0.004033942702351933,-0.029722743864127855,-0.0038573112436065186,0.004033723159434507,-0.029722743864127855,-3.97080288937738e-19,-1.016794423546296e-21,5.1390592044962295e-20,-3.970802304208975e-19,-1.0393953358667678e-21,5.1390592044962295e-20,-1519.2320708848822,-22.666423450690917,360.30687542652487,-1057163.2692349106,3.070764099318292,158487.35764996556,-0.10413767033559473,4688.568913154159
0.8666785421255018,2001.0,12.0,14.0,14.0,21.0,28.0,1.0,3459489.369246614,51604.554200906474,-820230.9008666268,597.1885594056643,-291.94774645079815,4640.376611593857,3555771.1479622936,4687.746021231313,3459492.5329010473,51392.02999016731,-820230.9008666268,3555771.147962294,600.8134116513859,-537.2014276535036,4640.376611593857,4709.846836885508,20256094.99207824,0.8266102128705515,1.633628179033733,0.0,0.0,6.049944232066175,-0.2327723147997997,0.01485427402179488,159571.14796229405,-0.10550040681523598,-0.10500351742527551,3.288294196128845,-16543166067.178123,-1040807774.6040529,-202150836.96236885,-16546153963.54918,-1889321348.5011609,16575874768.768915,16654897511.070461,-0.972923281320728,-0.014453132063805215,0.23067595374822603,-0.014853727763239365,0.9998896773002187,0.0,0.2306505049542339,0.0034263978185017445,0.9730306286866546,4651.9658227028785,-546.0664809948513,-0.11684929555128344,1.0778852037705963e-10,199.28893495286755,0.0,-92.3,-2.1889349528675472,0.0,3.041255562487656e-17,2.2966747252522275,1.5707963267948966,17.16371224432814,461.0,0.0005640262955312741,0.0004792883880730852,0.0,0.0012003124550519061,-1519.2852262616814,-22.662892825229665,360.2163662903111,-0.003866124429978753,0.004044878291997034,-0.029803305537493264,-0.0038663729085382146,0.004044640779756484,-0.029803305537493264,-3.981545056388108e-19,-1.0173765157440547e-21,5.151105453862094e-20,-3.9815444238781137e-19,-1.0418360291634146e-21,5.151105453862094e-20,-1519.28909263459,-22.65884818444991,360.1865629847736,-1057163.2887965105,3.224302304284206,158412.42490475252,-0.10404389946823513,4688.625024794464
0.9109680937717254,2001.0,12.0,14.0,14.0,21.0,28.0,1.0,3459515.8152278275,51591.623917908844,-820025.3799007884,597.042595174318,-291.9499230962379,4640.41121169883,3555749.2874429966,4687.7618147372405,3459519.1393676926,51368.23744851439,-820025.3799007884,3555749.2874429966,600.6648441646212,-537.2073555278762,4640.41121169883,4709.862653146986,20256094.730799597,0.826610210637237,1.633628178990272,0.0,0.0,6.050002296501612,-0.2327143710389183,0.01484728390109418,159549.28744299663,-0.1054741677734706,-0.10497740403662797,3.4594152569770813,-16543166056.957401,-1040807773.2391888,-202153920.82095075,-16546151818.437668,-1889334222.5998154,16575874758.48266,16654896877.830805,-0.9729367454518975,-0.014446529632986078,0.23061957230693378,-0.014846738413344818,0.9998897811051405,0.0,0.23059415367254113,0.0034239484630385064,0.9730439932854871,4651.994686999872,-546.0660589422441,-0.11684848762423124,1.0800712557003364e-10,199.2616093037458,0.0,-92.3,-2.1616093037457946,0.0,3.041211345492786e-17,2.29666750406896,1.5707963267948966,17.16494671474368,461.0,0.0005651757495933051,0.0005042946049058202,0.0,0.001202768558869405,-1519.3248621919558,-22.65763219069835,360.1327508975771,-0.0038730687923869893,0.004053143191982725,-0.02986431943394532,-0.003873330502125191,0.0040528930934068,-0.02986431943394532,-3.989650508384709e-19,-1.0179564052152207e-21,5.160315700448714e-20,-3.9896498427568945e-19,-1.0437182021330923e-21,5.160315700448714e-20,-1519.328735522458,-22.653579297604946,360.10288657814317,-1057163.3024326153,3.3778405092501207,158337.55876642407,-0.10395013195025243,4688.681086594657
1.0029099662026564,2001.0,12.0,14.0,14.0,21.0,29.0,1.0,3459570.6945118383,51564.78128765509,-819598.7285040262,596.7395719398767,-291.9544400368884,4640.483013320629,3555703.9236640306,4687.794589003825,3459574.3514396185,51318.84503286451,-819598.7285040262,3555703.9236640306,600.3564166406742,-537.2196553204675,4640.483013320629,4709.895474634397,20256094.18671308,0.8266102059865789,1.633628178899768,0.0,0.0,6.050122836302976,-0.23259408174122068,0.01483277310790149,159503.92366403062,-0.10541969635061506,-0.10492319346070765,3.815618187189102,-16543166035.673996,-1040807770.3970015,-202160317.78978488,-16546147366.903212,-1889360938.5459902,16575874737.062792,16654895563.691486,-0.9729646859558111,-0.014432822905002229,0.23050252386015815,-0.01483222921795314,0.9998899964378212,0.0,0.23047716776144234,0.0034188662692105787,0.9730717273120709,4652.054585730247,-546.0651832287932,-0.11684681108452215,1.0846076335969378e-10,199.20490458003826,0.0,-92.3,-2.1049045800382777,0.0,3.041119581176423e-17,2.296652517818814,1.5707963267948966,17.167509220993345,461.0,0.0005675611071419279,0.0005563675185002358,0.0,0.0012078656161148176,-1519.4071161176485,-22.64671040074484,359.9591540145452,-0.0038874668504100267,0.004070294857140359,-0.029990939589510893,-0.003887756192252792,0.0040700184921816,-0.029990939589510893,-4.0064708909436075e-19,-1.0191392947278244e-21,5.1794111868400216e-20,-4.006470156327958e-19,-1.0476207429116104e-21,5.1794111868400216e-20,-1519.4110038738406,-22.642640382252658,359.9291630749557,-1057163.3308284301,3.5313787142160353,158262.75923498027,-0.10385636777858011,4688.737098552765
1.0321226743979126,2001.0,12.0,14.0,14.0,21.0,29.0,1.0,3459588.125484429,51556.2524868426,-819463.1670948598,596.6432888772654,-291.95587474852795,4640.505819609569,3555689.515043248,4687.8049990152895,3459591.8880449566,51303.15133478501,-819463.1670948598,3555689.5150432475,600.2584164378382,-537.2235616286331,4640.505819609569,4709.905899644247,20256094.013335288,0.8266102045046064,1.6336281788709308,0.0,0.0,6.0501611360796685,-0.23255586155495744,0.014828162643578438,159489.51504324703,-0.10540238882744388,-0.10490596881655188,3.929074466228485,-16543166028.891909,-1040807769.4913629,-202162348.9168,-16546145952.956173,-1889369424.2555277,16575874730.23722,16654895146.267332,-0.9729735606577218,-0.014428467704430884,0.23046533270914482,-0.014827619260639963,0.9998900648106578,0.0,0.23043999645915664,0.003417252206187913,0.9730805364507417,4652.073611305791,-546.0649051116013,-0.11684627858312249,1.0861795576347095e-10,199.2,0.0,-92.3,-2.1,0.0,3.04111065365747e-17,2.2966510598443257,1.5707963267948966,17.167758563122145,461.0,0.0005683874208762083,0.0005729593259506982,0.0,0.0012096239814402647,-1519.433242938046,-22.643239908463645,359.9039921183903,-0.003892481555088011,0.004076229707995622,-0.030034661784804018,-0.003892779758746187,0.004075944925896623,-0.030034661784804018,-4.0123025329872967e-19,-1.0196201445970089e-21,5.186091874596691e-20,-4.012301776302942e-19,-1.0489738626895607e-21,5.186091874596691e-20,-1519.4371357178047,-22.639163963537747,359.8739574566055,-1057163.3398769964,3.68491691918195,158188.02631042112,-0.10376260695015165,4688.793060666818
1.072848083579793,2001.0,12.0,14.0,14.0,21.0,29.0,1.0,3459612.421293214,51544.362423658,-819274.1799492185,596.5090579861404,-291.95787451104275,4640.5376079976695,3555669.4318785346,4687.819508896354,3459616.331032546,51281.272574546885,-819274.1799492185,3555669.431878535,600.1217916555267,-537.2290060351924,4640.5376079976695,4709.920430430448,20256093.771216396,0.8266102024350563,1.6336281788306568,0.0,0.0,6.050214530279906,-0.2325025783097106,0.014821735241961525,159469.4318785346,-0.10537826017793248,-0.10488195570865882,4.0874954760074615,-16543166019.420912,-1040807768.2266014,-202165179.3962517,-16546143982.12768,-1889381251.959546,16575874720.705498,16654894564.431099,-0.9729859305860042,-0.014422395995190676,0.23041348349314317,-0.014821192565314433,0.9998901600930683,0.0,0.23038817489756047,0.0034150026084967732,0.9730928150102409,4652.100129966143,-546.0645174879365,-0.1168455363729971,1.0884389136648561e-10,199.2,0.0,-92.3,-2.1,0.0,3.0411087573110974e-17,2.2966507501474607,1.5707963267948966,17.167811528305432,461.0,0.0005695749860708087,0.0005961313731155136,0.0,0.0012121475527100821,-1519.4696600884133,-22.638401449048246,359.82708700685004,-0.003899700078323199,0.004084755987310385,-0.03009743111036571,-0.003900010696417427,0.004084459418891521,-0.03009743111036571,-4.020686027675849e-19,-1.0203430172217783e-21,5.1957228632604773e-20,-4.0206852401199542e-19,-1.0509187248507497e-21,5.1957228632604773e-20,-1519.4735600991098,-22.634316989629355,359.79698957573964,-1057163.3525131568,3.8384551241478646,158113.35999274658,-0.10366884946190091,4688.848972934839
1.1771468256261048,2001.0,12.0,14.0,14.0,21.0,29.0,1.0,3459674.6185096763,51513.91131761511,-818790.1734700167,596.1652748099161,-291.96299399779866,4640.61898780906,3555618.0190214994,4687.856654673576,3459678.904732861,51225.239538185524,-818790.1734700167,3555618.0190214994,599.7718775204901,-537.2429419927054,4640.61898780906,4709.957629724435,20256093.14883679,0.8266101971151623,1.63362817872713,0.0,0.0,6.050351276844287,-0.23236611589392445,0.014805274738497845,159418.0190214999,-0.10531646481742969,-0.10482045625329052,4.4945536851882935,-16543165995.075481,-1040807764.9754766,-202172422.4137782,-16546138936.663206,-1889411531.2230372,16575874696.203968,16654893074.831356,-0.9730175981291036,-0.01440684552281649,0.23028069075185598,-0.014804733867863776,0.9998904039219007,0.0,0.23025545289128757,0.0034092443414890667,0.9731242487302678,4652.168018985052,-546.0635253013962,-0.11684363634954735,1.0942228600812597e-10,199.2,0.0,-92.3,-2.1,0.0,3.04110390265687e-17,2.296649957322259,1.5707963267948966,17.16794712092904,461.0,0.0005726152502810475,0.000655695890881638,0.0,0.0012186080306566388,-1519.5628922109856,-22.626008715413686,359.630110142554,-0.003918161830473754,0.004106584129084135,-0.030258126032774127,-0.003918504465881682,0.00410625718749964,-0.030258126032774127,-4.042148467565696e-19,-1.0221655576056734e-21,5.220354933102277e-20,-4.0421476006107036e-19,-1.0558928144020919e-21,5.220354933102277e-20,-1519.5668107154515,-22.621902458226188,359.5998520165212,-1057163.3849950824,3.9919933291137792,158038.7602819567,-0.10357509531076195,4688.904835354854
1.2067476458139272,2001.0,12.0,14.0,14.0,21.0,29.0,1.0,3459692.2640466723,51505.26895203108,-818652.807000077,596.0677025420379,-291.9644464375562,4640.642075927294,3555603.4330396457,4687.867193176884,3459696.657002502,51209.33664795106,-818652.807000077,3555603.433039646,599.6725651989153,-537.2468952170807,4640.642075927294,4709.968183410524,20256092.97161637,0.8266101956003394,1.6336281786976508,0.0,1.4901161193847656e-08,6.050390087336521,-0.23232738604279496,0.01480060317443295,159403.43303964613,-0.10529892645364455,-0.10480300186983642,4.610418111085892,-16543165988.143274,-1040807764.0497291,-202174476.49273208,-16546137505.21184,-1889420121.6373193,16575874689.227312,16654892652.201965,-0.973026582451251,-0.014402431995677527,0.2302430016218709,-0.014800062815622453,0.9998904730722529,0.0,0.23021778381326796,0.0034076108868611515,0.9731331667372926,4652.187279646088,-546.0632438489553,-0.11684309731578775,1.0956566960353861e-10,199.2,0.0,-92.3,-2.1,0.0,3.041102525373797e-17,2.296649732394864,1.5707963267948966,17.167985589454442,461.0,0.0005733694375876671,0.0006726567355608468,0.0,0.0012202102960638228,-1519.5893435697942,-22.622491211301206,359.5742010145542,-0.0039226534498684705,0.004111999872762025,-0.03029799058981455,-0.003923005164148714,0.00411166432523649,-0.03029799058981455,-4.047472611216503e-19,-1.0224820212621277e-21,5.2263492178740466e-20,-4.0474717218079527e-19,-1.0571029329525232e-21,5.2263492178740466e-20,-1519.5932665749583,-22.61837954697597,359.5439030239644,-1057163.3942441978,4.145531534079693,157964.22717805143,-0.10348134449366901,4688.960647924886
1.248308732163688,2001.0,12.0,14.0,14.0,21.0,29.0,1.0,3459717.0344210225,51493.134550089635,-818459.9362004919,595.9307031520699,-291.966485356494,4640.67448677912,3555582.9575941693,4687.8819869716635,3459721.5771480906,51187.007968028,-818459.9362004919,3555582.95759417,599.5331226547167,-537.2524443221572,4640.67448677912,4709.982998518455,20256092.722389888,0.8266101934700307,1.6336281786561933,0.0,1.4901161193847656e-08,6.050444579816801,-0.23227300678494991,0.014794044100233291,159382.95759417024,-0.10527430142457161,-0.10477849475356292,4.773327499628067,-16543165978.394516,-1040807762.7478373,-202177359.37168398,-16546135495.748426,-1889432180.723344,16575874679.416044,16654892058.907541,-0.9730391945317057,-0.014396235041767357,0.2301900830220792,-0.014793504459499727,0.9998905701254547,0.0,0.2301648933501725,0.003405318019719741,0.9731456857420108,4652.214317548051,-546.0628487781862,-0.11684234063975796,1.0977042405829748e-10,199.2,0.0,-92.3,-2.1,0.0,3.041100591975053e-17,2.296649416646887,1.5707963267948966,17.16803959099958,461.0,0.0005744463551874425,0.000696509065388529,0.0,0.0012224982536675414,-1519.626476181566,-22.617552194406848,359.49569758738454,-0.0039290800549973415,0.004119732970622605,-0.03035491367509327,-0.003929444566232457,0.0041193852974344474,-0.03035491367509327,-4.055075046412844e-19,-1.022953834463589e-21,5.2349256170094027e-20,-4.055074125397793e-19,-1.058834378902921e-21,5.2349256170094027e-20,-1519.6304056261322,-22.613432809109412,359.4653426737095,-1057163.407251304,4.299069739045608,157889.7606810308,-0.10338759700755663,4689.016410642956
1.3732746550097559,2001.0,12.0,14.0,14.0,21.0,29.0,1.0,3459791.4797118953,51456.64830585366,-817880.0039431596,595.5187530616596,-291.97261329372924,4640.771897099514,3555521.4203534145,4687.926449195881,3459796.472159627,51119.868678441104,-817880.0039431596,3555521.4203534145,599.1138262840681,-537.2691193369859,4640.771897099514,4710.027524797121,20256091.970235627,0.826610187040845,1.6336281785310696,0.0,1.4901161193847656e-08,6.050608431646104,-0.23210949537981188,0.014774322577538154,159321.42035341496,-0.10520025705117084,-0.10470480492091856,5.264769077301025,-16543165948.973602,-1040807758.8186948,-202186019.4955448,-16546129456.28605,-1889468423.8054934,16575874649.806473,16654890275.68823,-0.9730770998465049,-0.014377601098339002,0.23003095952712987,-0.014773785092052742,0.9998908616814406,0.0,0.2300058543349905,0.003398427960572499,0.9731833114367652,4652.295579502849,-546.0616616038858,-0.11684006655823427,1.1038579646585046e-10,199.18927544176867,0.0,-92.3,-2.089275441768692,0.0,3.041078235191065e-17,2.296645765506982,1.5707963267948966,17.168664061440516,461.0,0.000577683010439847,0.000768497560006376,0.0,0.0012293801964653687,-1519.7380810467664,-22.60269973262907,359.2596244622822,-0.003948393367396616,0.0041429793908497456,-0.030526099189352885,-0.003948796630233371,0.004142595030867113,-0.030526099189352885,-4.0779203742753884e-19,-1.0243474096435536e-21,5.2606771526475735e-20,-4.0779193578462273e-19,-1.0640422684317504e-21,5.2606771526475735e-20,-1519.7420298433967,-22.598557137598203,359.2290983630929,-1057163.4465061575,4.452607944011523,157815.3607908948,-0.10329385284935957,4689.072123507082
1.5113205852621128,2001.0,12.0,14.0,14.0,21.0,29.0,1.0,3459873.657239641,51416.342207915135,-817239.3568471923,595.0636495734888,-291.9793779453509,4640.8794287668015,3555453.491565719,4687.975530710452,3459879.145412444,51045.69959268063,-817239.3568471923,3555453.4915657192,598.6506072400374,-537.2875221820257,4640.8794287668015,4710.076677018352,20256091.134303033,0.8266101798955339,1.6336281783920306,0.0,0.0,6.0507894402012745,-0.23192886285851394,0.01475253737004502,159253.49156571925,-0.1051184594054002,-0.1046233989259128,5.810445725917816,-16543165916.27619,-1040807754.452298,-202195571.90337878,-16546122789.200903,-1889508432.1460674,16575874616.899412,16654888307.033522,-0.9731189435103011,-0.014357015135698363,0.22985516722011845,-0.014752002258656461,0.9998911832941426,0.0,0.22983015513799726,0.003390823945995046,0.9732248466321702,4652.385284839299,-546.0603514339147,-0.11683755635847512,1.1106508434280742e-10,199.10436445714907,0.0,-92.3,-2.004364457149072,0.0,3.0409408053982285e-17,2.296623321518572,1.5707963267948966,17.17250379031362,461.0,0.0005812556908335329,0.0008484909437699464,0.0,0.0012370150431989656,-1519.8612880038809,-22.586289510616545,358.99879144610225,-0.00396981489229183,0.00416867075901445,-0.03071577122975436,-0.003970261442410067,0.004168245464825223,-0.03071577122975436,-4.1031123686494847e-19,-1.0258946659848345e-21,5.289084325226058e-20,-4.1031112461062724e-19,-1.0698496491831721e-21,5.289084325226058e-20,-1519.8652582653233,-22.58212126515172,358.96807567487247,-1057163.4901333991,4.606146148977437,157741.02750764345,-0.10320011201601278,4689.127786515286
1.5637166512821865,2001.0,12.0,14.0,14.0,21.0,29.0,1.0,3459904.831708303,51401.04356991863,-816996.1919535046,594.8909029677808,-291.9819442161503,4640.920222517271,3555427.722430181,4687.994150375172,3459910.5077428767,51017.54765732179,-816996.1919535046,3555427.722430181,598.4747802356779,-537.2945022640865,4640.920222517271,4710.0953235057905,20256090.815660805,0.8266101771718671,1.6336281783390265,0.0,1.4901161193847656e-08,6.050858144768395,-0.2318603010106046,0.014744268826930888,159227.7224301817,-0.10508741180884872,-0.10459249998268998,6.018351316452026,-16543165903.812738,-1040807752.7878377,-202199193.68120897,-16546120259.916676,-1889523609.7583706,16575874604.356043,16654887560.154367,-0.9731348174835018,-0.014349201176406036,0.22978844058601114,-0.014743734614793759,0.9998913052375286,0.0,0.22976346378604295,0.0033879397855474517,0.973240603639742,4652.419315881359,-546.0598544992275,-0.11683660412281964,1.1135062266045584e-10,199.1,0.0,-92.3,-2.0,0.0,3.0409316378140985e-17,2.2966218243384646,1.5707963267948966,17.17275999202147,461.0,0.0005827569384610557,0.0008789854923782775,0.0,0.0012402073242119447,-1519.9080300222308,-22.58006005178711,358.8997770307473,-0.003978872908020072,0.0041794518504456035,-0.03079516674073745,-0.003979336133714315,0.004179010806792069,-0.03079516674073745,-4.1137087141461033e-19,-1.0266957565552556e-21,5.301161067529029e-20,-4.11370755088782e-19,-1.0722920673539696e-21,5.301161067529029e-20,-1519.9120093583645,-22.57588104098032,358.86898186400657,-1057163.5067633055,4.759684353943352,157666.7608312767,-0.10310637450445151,4689.183399665582
1.6207859747036657,2001.0,12.0,14.0,14.0,21.0,29.0,1.0,3459938.7763605914,51384.380278170924,-816731.3365087956,594.7027428751007,-291.98473856820425,4640.964641888123,3555399.663432459,4688.014424806697,3459944.6568288766,50986.884406731646,-816731.3365087956,3555399.663432459,598.2832649402593,-537.3021018914463,4640.964641888123,4710.115627143382,20256090.467658013,0.8266101741972317,1.6336281782811377,0.0,1.4901161193847656e-08,6.05093297829619,-0.2317856229272524,0.014735262896881218,159199.66343245888,-0.10505359450442903,-0.10455884459026117,6.245343893766403,-16543165890.20099,-1040807750.9700053,-202203136.05510762,-16546117505.818056,-1889540136.2142255,16575874590.657013,16654886746.86603,-0.9731521022558044,-0.014340690002065146,0.2297157602024144,-0.01473472966304373,0.9998914379780222,0.0,0.22969082179500666,0.0033847996259231557,0.9732577610862535,4652.4563714813385,-546.05931345967,-0.11683556728436365,1.1166628638483738e-10,199.1,0.0,-92.3,-2.0,0.0,3.0409289890183045e-17,2.296621391757283,1.5707963267948966,17.172834018016992,461.0,0.0005844165234328617,0.00091229007487939,0.0,0.0012437338067175167,-1519.9589273336849,-22.57327443564426,358.79192274769275,-0.003988889300357446,0.0041913678354441085,-0.030882888882876283,-0.003989370799891887,0.004190909543699495,-0.030882888882876283,-4.1254243129718594e-19,-1.0275958842876744e-21,5.3145256715850765e-20,-4.125423105192043e-19,-1.0749908702908412e-21,5.3145256715850765e-20,-1519.9629167044848,-22.569083526100563,358.76103985880985,-1057163.5249255393,4.913222558909267,157592.56076179462,-0.10301264031161116,4689.2389629559875
1.6801919268258476,2001.0,12.0,14.0,14.0,21.0,29.0,1.0,3459974.0994253512,51367.034560394255,-816455.6342124208,594.5068721204477,-291.9876464374153,4641.010865756759,3555370.4650248485,4688.035522768871,3459980.192494217,50954.965228900044,-816455.6342124208,3555370.465024848,598.083901541778,-537.3100093357659,4641.010865756759,4710.1367554974595,20256090.10435086,0.8266101710917755,1.6336281782207027,0.0,1.4901161193847656e-08,6.051010877037972,-0.23170788598991324,0.014725888333432753,159170.465024848,-0.10501839199489102,-0.10452381062212604,6.482240706682205,-16543165875.990755,-1040807749.0722269,-202207237.14933157,-16546114639.814354,-1889557333.937659,16575874576.355656,16654885900.505955,-0.9731700891738255,-0.014331830038573471,0.2296401014308124,-0.014725356116669504,0.9998915760657439,0.0,0.22961520294755228,0.0033815322722368186,0.9732756155451785,4652.4949324166855,-546.0587505084883,-0.11683448835725772,1.1199476847045987e-10,199.1,0.0,-92.3,-2.0,0.0,3.0409262326558177e-17,2.2966209416091283,1.5707963267948966,17.172911050885475,461.0,0.000586143545717611,0.0009470593467971217,0.0,0.0012474035555736444,-1520.0118934210564,-22.56621038710589,358.6796429082015,-0.00399930436511458,0.00420376810299551,-0.030974175757367967,-0.0039998049885864185,0.004203291772155033,-0.030974175757367967,-4.1376159786712206e-19,-1.0285197615236988e-21,5.328422356831801e-20,-4.1376147244019853e-19,-1.0777970925569048e-21,5.328422356831801e-20,-1520.015893226045,-22.562007095333737,358.64866873244415,-1057163.5438865107,5.066760763875181,157518.42729919715,-0.10291890943442737,4689.294476384517
1.720728914596235,2001.0,12.0,14.0,14.0,21.0,29.0,1.0,3459998.1962340646,51355.19822053295,-816267.5009725525,594.3732113868225,-291.9896301639811,4641.042399341515,3555350.546355623,4688.049915585715,3460004.4342566226,50933.18419029179,-816267.5009725525,3555350.5463556233,597.9478574850289,-537.3154032026965,4641.042399341515,4710.151169047068,20256089.85585345,0.8266101689676814,1.6336281781793656,0.0,0.0,6.051064033730381,-0.23165483970583103,0.014719491449244237,159150.54635562375,-0.10499437041947857,-0.1044999040548114,6.644228667020798,-16543165866.27121,-1040807747.7741711,-202210034.04570937,-16546112684.635834,-1889569066.0371902,16575874566.573784,16654885323.10746,-0.9731823596981923,-0.014325784061574559,0.22958847245295105,-0.0147189599257551,0.9998916702416838,0.0,0.22956360118921804,0.003379303525450315,0.9732877957298759,4652.521238395317,-546.0583665069413,-0.11683375233981978,1.1219453644376234e-10,199.1,0.0,-92.3,-2.0,0.0,3.0409243523079056e-17,2.29662063452501,1.5707963267948966,17.172963601929787,461.0,0.0005871944496908656,0.0009708410679599975,0.0,0.0012496361886451556,-1520.0480271516667,-22.561389720974024,358.60302061192556,-0.004005536464274444,0.0042113148344448785,-0.0310297262503901,-0.004006050085712516,0.004210826250536877,-0.0310297262503901,-4.145034725065199e-19,-1.0289195113946417e-21,5.336739539139958e-20,-4.145033439267166e-19,-1.0794762129425392e-21,5.336739539139958e-20,-1520.0520332017525,-22.55717889472349,358.5719908856752,-1057163.5568555668,5.220298968841096,157444.36044348433,-0.1028251818698361,4689.349939949182
1.8123967357837245,2001.0,12.0,14.0,14.0,21.0,29.0,1.0,3460052.6672775764,51328.43196176853,-815842.0634601888,594.0709476060553,-291.9941144741496,4641.113682563423,3555305.520032463,4688.082451083227,3460059.2327331277,50883.9290991355,-815842.0634601888,3555305.520032463,597.6402040889681,-537.3275947077617,4641.113682563423,4710.183751410909,20256089.292291548,0.8266101641504894,1.6336281780856146,0.0,1.4901161193847656e-08,6.0511842411600725,-0.23153488193903082,0.014705026113063216,159105.5200324636,-0.10494004847389,-0.1044458421816186,7.011468827724457,-16543165844.2287,-1040807744.8302962,-202216354.05589548,-16546108264.828331,-1889595586.842531,16575874544.389921,16654884017.821404,-0.9732100977644066,-0.014312111522463726,0.22947171737092775,-0.014704496155061015,0.9998918830517757,0.0,0.22944690758914182,0.003374265985776055,0.973315329647508,4652.580704328894,-546.0574985711613,-0.11683208859217176,1.1264479967536404e-10,199.1,0.0,-92.3,-2.0,0.0,3.0409201017556556e-17,2.2966199403571483,1.5707963267948966,17.173082395515856,461.0,0.0005895632209048066,0.001024776591551959,0.0,0.0012546685394585553,-1520.1297111819404,-22.55048750886704,358.42973490736273,-0.004019564599761374,0.004228325589307633,-0.03115493916500389,-0.004020107766716337,0.004227809173181251,-0.03115493916500389,-4.161756824014632e-19,-1.0297910120952075e-21,5.3554614237493887e-20,-4.1617554667311335e-19,-1.083255827315782e-21,5.3554614237493887e-20,-1520.1337312897072,-22.54625969969386,358.39857996819774,-1057163.586267814,5.3738371738070105,157370.36019465612,-0.10273145761477344,4689.405353647995
1.8750127025720038,2001.0,12.0,14.0,14.0,21.0,29.0,1.0,3460089.859139816,51310.148372143165,-815551.4541163179,593.8644695375691,-291.997176344649,4641.162354503849,3555274.776857536,4688.104666070938,3460096.647972549,50850.283551728564,-815551.4541163179,3555274.776857536,597.4300444178052,-537.3359177524669,4641.162354503849,4710.205998397911,20256088.90599328,0.8266101608485003,1.6336281780213577,0.0,1.4901161193847656e-08,6.051266353558958,-0.2314529400727455,0.014695145351425987,159074.77685753582,-0.1049029416919431,-0.10440891304873465,7.263060390949249,-16543165829.119621,-1040807742.8124973,-202220667.33582172,-16546105246.97287,-1889613695.011531,16575874529.183958,16654883126.536074,-0.973229037174698,-0.014302771724630103,0.22939196132603115,-0.014694616460983944,0.9998920282945877,0.0,0.2293671934847589,0.00337082689091889,0.97333412972062,4652.621307443677,-546.0569060420361,-0.11683095263558345,1.1295876035272212e-10,199.09347107191977,0.0,-92.3,-1.993471071919765,0.0,3.0409071246816026e-17,2.2966178210401234,1.5707963267948966,17.173445086738322,461.0,0.0005912147711675989,0.001061743422676117,0.0,0.0012581807703838574,-1520.1854863145488,-22.543039640990504,358.3113544336001,-0.004029378258214064,0.004240188401462685,-0.031242304247123775,-0.004029941766244492,0.004239652838186767,-0.031242304247123775,-4.173413486977135e-19,-1.0304358785154815e-21,5.368544205858889e-20,-4.173412080613758e-19,-1.0859027569981228e-21,5.368544205858889e-20,-1520.189516256315,-22.538799988152316,358.280112129353,-1057163.6064286884,5.527375378772925,157296.42655271257,-0.10263773666617573,4689.460717478966
1.9086897384822135,2001.0,12.0,14.0,14.0,21.0,29.0,1.0,3460109.8568649003,51300.314745026604,-815395.1530843491,593.7534153465858,-291.9988227056093,4641.18852530463,3555258.2465328774,4688.116610976796,3460116.7657422847,50832.18759537753,-815395.1530843491,3555258.2465328774,597.3170101021785,-537.3403926086312,4641.18852530463,4710.217960509426,20256088.697773635,0.826610159068685,1.63362817798672,0.0,0.0,6.051310517037981,-0.2314088683099178,0.014689831183572236,159058.24653287744,-0.10488298409849568,-0.1043890510011747,7.398643374443054,-16543165820.975708,-1040807741.7248397,-202222985.90572053,-16546103624.269413,-1889623431.6870904,16575874520.987822,16654882647.280073,-0.973239220840462,-0.014297748312643556,0.22934906455235157,-0.014689302866702494,0.9998921063701275,0.0,0.22932431924926916,0.0033689778714043935,0.9733442384834675,4652.643139646424,-546.0565874720196,-0.11683034184906221,1.1314472650512898e-10,199.07280816609676,0.0,-92.3,-1.9728081660967802,0.0,3.040873678124254e-17,2.296612358802788,1.5707963267948966,17.174379944885192,461.0,0.0005921925019645845,0.001081670391869097,0.0,0.0012602693768376941,-1520.2154770088687,-22.53903363677529,358.2476808178528,-0.004035296664738887,0.004247217791382446,-0.03129419072235003,-0.004035871244235219,0.004246671807409143,-0.03129419072235003,-4.180308411892407e-19,-1.030949912661457e-21,5.376396550162992e-20,-4.1803069788369184e-19,-1.0875063126988266e-21,5.376396550162992e-20,-1520.219512880113,-22.534786964967882,358.2163866271305,-1057163.6172956564,5.68091358373884,157222.55951765366,-0.10254401902097965,4689.516031440101
2.004653212682683,2001.0,12.0,14.0,14.0,21.0,30.0,1.0,3460166.820321284,51272.293298476376,-814949.7649314381,593.4369519048253,-292.0035124404061,4641.263074058858,3555211.1599557903,4688.150636422203,3460174.070902865,50780.62193284644,-814949.7649314381,3555211.1599557903,596.9949041309292,-537.3531378056712,4641.263074058858,4710.252034964815,20256088.102595642,0.82661015398123,1.6336281778877053,0.0,1.4901161193847656e-08,6.051436364118169,-0.2312832825688835,0.014674688526430033,159011.15995579073,-0.10482611340856943,-0.10433245257163926,7.786070644855499,-16543165797.697294,-1040807738.6157844,-202229587.88523883,-16546099001.884153,-1889651166.875986,16575874497.560123,16654881282.039923,-0.9732682294308203,-0.014283433430006983,0.22922682458658017,-0.014674161841672986,0.9998923286905668,0.0,0.2292021434342197,0.003363711522436262,0.9733730337799343,4652.705329672316,-546.0556801315669,-0.11682860205232731,1.1367445049735429e-10,199.0139499447384,0.0,-92.3,-1.9139499447384116,0.0,3.040778398259282e-17,2.2965967984199835,1.5707963267948966,17.177043672441332,461.0,0.0005949776446318483,0.0011386329118934365,0.0,0.0012662190774272034,-1520.3009089113125,-22.527617352392067,358.0662241675634,-0.004052141365112267,0.004267241855871183,-0.03144199734349486,-0.004052747676016338,0.004266666025586842,-0.03144199734349486,-4.1999490070154563e-19,-1.0323914661556752e-21,5.398744957734451e-20,-4.1999474976431523e-19,-1.0920704422424306e-21,5.398744957734451e-20,-1520.3049616589885,-22.52335068636648,358.0347821702199,-1057163.6483579464,5.8344517887047544,157148.75908947937,-0.10245030467612186,4689.571295529411
2.0402043430996404,2001.0,12.0,14.0,14.0,21.0,30.0,1.0,3460187.915591458,51261.91221268235,-814784.7622923382,593.3197086901749,-292.0052492196666,4641.290682182241,3555193.722388787,4688.163237218146,3460195.292625104,50761.51833750301,-814784.7622923382,3555193.7223887867,596.8755705103754,-537.3578572003747,4641.290682182241,4710.264653910516,20256087.88131635,0.8266101520897805,1.6336281778509056,0.0,1.4901161193847656e-08,6.0514829869309645,-0.23123675657055523,0.014669078767685337,158993.7223887872,-0.10480504439068325,-0.10431148441685949,7.9300055503845215,-16543165789.042706,-1040807737.4600924,-202232031.87165186,-16546097290.028147,-1889661438.1575196,16575874488.850046,16654880776.416601,-0.9732789723481363,-0.01427813005458268,0.22918153718635403,-0.014668552686707496,0.9998924109933415,0.0,0.2291568797724237,0.0033617614530386474,0.973383697733273,4652.728360897254,-546.0553441557385,-0.11682795776364092,1.1386277611212795e-10,199.0,0.0,-92.3,-1.9,0.0,3.040755221968083e-17,2.2965930134443946,1.5707963267948966,17.17769173877331,461.0,0.0005959680638932586,0.001159803350798088,0.0,0.0012683309819628886,-1520.3325482149437,-22.523387608373998,357.9989943092083,-0.004058079222371453,0.004274359976742302,-0.03149449080779678,-0.004058697314360666,0.004273773074956233,-0.03149449080779678,-4.2069357860040756e-19,-1.0328380366955742e-21,5.4066381295974266e-20,-4.2069342483799643e-19,-1.0936764166679707e-21,5.4066381295974266e-20,-1520.336606912258,-22.51911383529904,357.9674998184005,-1057163.6599064954,5.987989993670669,157075.0252681897,-0.10235659362853954,4689.626509744898
2.069456528634112,2001.0,12.0,14.0,14.0,21.0,30.0,1.0,3460205.270078656,51253.37040005648,-814648.9940639752,593.2232367828357,-292.006678031625,4641.31339481137,3555179.3769916752,4688.173603604032,3460212.7511038743,50745.79938898075,-814648.9940639752,3555179.3769916752,596.7773785567828,-537.3617394980523,4641.31339481137,4710.275035227659,20256087.699035037,0.8266101505316762,1.633628177820583,0.0,1.4901161193847656e-08,6.051521349462058,-0.2311984736988985,0.014664462973332364,158979.37699167524,-0.10478770821487673,-0.1042942312332808,8.048584371805191,-16543165781.913471,-1040807736.507941,-202234042.09606922,-16546095881.716932,-1889669888.0986435,16575874481.675093,16654880360.445082,-0.9732878103134814,-0.014273766245775445,0.22914427309524832,-0.014663937388807008,0.9998924786897125,0.0,0.22911963520276024,0.0033601572736724154,0.9733924707473601,4652.747308202879,-546.0550677739362,-0.11682742772947767,1.1400623008324747e-10,199.0,0.0,-92.3,-1.9,0.0,3.040753868093461e-17,2.29659279233989,1.5707963267948966,17.17772959801877,461.0,0.0005967228559712953,0.0011772475720413953,0.0,0.0012699345005352904,-1520.358577516007,-22.519907124631242,357.9436736022881,-0.00406253062607986,0.004279780557042115,-0.031534390591236826,-0.004063158374660719,0.004279184586658654,-0.031534390591236826,-4.212264126471906e-19,-1.0330869825716211e-21,5.412579042467796e-20,-4.212262565739266e-19,-1.0948758155281236e-21,5.412579042467796e-20,-1520.3626406743817,-22.515627940044585,357.91213921169685,-1057163.6694197413,6.141528198636584,157001.35805378467,-0.10226288587516989,4689.681674084566
2.1500229908394375,2001.0,12.0,14.0,14.0,21.0,30.0,1.0,3460253.0532725747,51229.84429656741,-814275.0573442309,592.957525010138,-292.010612126456,4641.375931844807,3555139.878913596,4688.202146321004,3460260.8204515837,50702.505624090525,-814275.0573442309,3555139.8789135963,596.5069293422931,-537.3724278623523,4641.375931844807,4710.303619055602,20256087.195815653,0.8266101462302529,1.6336281777368684,0.0,1.4901161193847656e-08,6.051627009265698,-0.2310930332879364,0.014651750268717765,158939.87891359627,-0.10473996009926799,-0.10424671169531105,8.37585100531578,-16543165762.232159,-1040807733.8793104,-202239575.2249458,-16546092004.045973,-1889693154.0628293,16575874461.867565,16654879215.072475,-0.9733121447556078,-0.01426174703415173,0.2290416369195191,-0.014651226049894467,0.9998926650272193,0.0,0.22901705274165468,0.0033557407973457284,0.973416626402707,4652.799477761493,-546.054306869557,-0.11682596837227997,1.1440121086403709e-10,199.0,0.0,-92.3,-1.9,0.0,3.040750140378897e-17,2.2965921835579017,1.5707963267948966,17.177833839334536,461.0,0.0005988011236063342,0.0012254071762351972,0.0,0.0012743496410254705,-1520.4302481056877,-22.5103203942206,357.7912968802277,-0.004074777716449716,0.0042947058334191195,-0.031644252034756994,-0.004075432176729633,0.00429408479270684,-0.031644252034756994,-4.2269353457217354e-19,-1.0337577748675618e-21,5.428924368725997e-20,-4.226933721202236e-19,-1.0981757093214104e-21,5.428924368725997e-20,-1520.4343235378644,-22.50602630942789,357.75965262819295,-1057163.6956827268,6.2950664036024975,156927.7574462643,-0.10216918141295046,4689.736788546418
2.211948951895394,2001.0,12.0,14.0,14.0,21.0,30.0,1.0,3460289.766413116,51211.761165191616,-813987.6341914441,592.7532819257457,-292.0136348569699,4641.423981694628,3555109.5314549115,4688.224076772157,3460297.75327965,50669.2280658057,-813987.6341914441,3555109.531454912,596.2990448238671,-537.3806390200709,4641.423981694628,4710.325581093253,20256086.807790115,0.8266101429134811,1.6336281776723243,0.0,1.4901161193847656e-08,6.051708224366223,-0.23101198681442703,0.014641979007583671,158909.5314549124,-0.10470325860658147,-0.10421018589488325,8.62806886434555,-16543165747.056292,-1040807731.8525339,-202243824.73764887,-16546089024.64301,-1889711030.1547368,16575874446.594381,16654878334.99677,-0.973330841894916,-0.014252508289124234,0.2289627441825466,-0.014641455836859146,0.9998928081404412,0.0,0.228938201240228,0.0033523479072348344,0.9734351862226872,4652.839561821992,-546.0537223204334,-0.11682484712696893,1.1470527113223565e-10,199.0,0.0,-92.3,-1.8994143186404824,0.0,3.040747276266478e-17,2.2965917158128475,1.5707963267948966,17.177913931885687,461.0,0.0006004010306451522,0.00126253794972115,0.0,0.0012777488237618634,-1520.4853170696001,-22.502950957677886,357.67416303613425,-0.0040842005505392675,0.004306196286167275,-0.03172883425274569,-0.004084875660937046,0.004305555878944114,-0.03172883425274569,-4.23823068305367e-19,-1.0342647159344364e-21,5.44150046066046e-20,-4.238229009355828e-19,-1.1007151428043633e-21,5.44150046066046e-20,-1520.489401945261,-22.498645401798942,357.6424342018815,-1057163.7159337476,6.448604608568412,156854.22344562854,-0.10207548023881895,4689.791853128455
2.2394972516952047,2001.0,12.0,14.0,14.0,21.0,30.0,1.0,3460306.0945066866,51203.71666751604,-813859.7705577501,592.6624202439526,-292.01497922614425,4641.445352025681,3555096.0344852847,4688.233830378202,3460314.179030646,50654.42409255688,-813859.7705577501,3555096.0344852847,596.206563194984,-537.3842906343089,4641.445352025681,4710.335348747275,20256086.634838868,0.8266101414351241,1.6336281776435535,0.0,1.4901161193847656e-08,6.051744354051787,-0.23097593214243942,0.014637632213912451,158896.0344852847,-0.1046869314168368,-0.10419393686341313,8.740466296672821,-16543165740.292143,-1040807730.949126,-202245714.21304214,-16546087699.537247,-1889718980.5690691,16575874439.786854,16654877943.570114,-0.9733391574980726,-0.01424839824330955,0.2289276471473949,-0.014637109508990514,0.9998928717743826,0.0,0.22890312253476125,0.003350839040931959,0.9734434407666209,4652.857389336128,-546.0534623642424,-0.11682434846070912,1.148571120405471e-10,199.0,0.0,-92.3,-1.8825431066058775,0.0,3.040746002456456e-17,2.2965915077838837,1.5707963267948966,17.177949553185577,461.0,0.0006011995463247286,0.001279089001051197,0.0,0.0012794545319477198,-1520.509809570291,-22.49967238534583,357.62205161913727,-0.004089020328783087,0.004311944934903714,-0.031771268488653415,-0.0040897047590672045,0.004311295786014478,-0.031771268488653415,-4.2438973920663713e-19,-1.0346606209670113e-21,5.447931271416257e-20,-4.243895696167051e-19,-1.1020285957565487e-21,5.447931271416257e-20,-1520.51389927505,-22.495361089559815,357.59028035064864,-1057163.7249600627,6.602142813534327,156780.75605187743,-0.10198178234971327,4689.846867828678
2.284953970630575,2001.0,12.0,14.0,14.0,21.0,30.0,1.0,3460333.031588063,51190.44257426944,-813648.7848795869,592.5124885919694,-292.0171971049472,4641.480607827931,3555073.7680175374,4688.2499213870005,3460341.2771563786,50629.996228977696,-813648.7848795869,3555073.7680175374,596.0539584794533,-537.390314463362,4641.480607827931,4710.351462931486,20256086.34895561,0.8266101389914421,1.6336281775959958,0.0,1.4901161193847656e-08,6.051803971286914,-0.23091643868307277,0.014630459733976964,158873.76801753743,-0.10465999006725016,-0.10416712448077979,8.926217794418335,-16543165729.111265,-1040807729.4558156,-202248830.6979723,-16546085513.427341,-1889732096.7516997,16575874428.534273,16654877297.796656,-0.9733528761868743,-0.014241616217491645,0.2288697332244986,-0.014629937797053637,0.9998929767330373,0.0,0.22884523883794006,0.003348349960702675,0.9734570587415486,4652.886800352328,-546.053033532516,-0.11682352579898377,1.1510760980270396e-10,199.0,0.0,-92.3,-1.854710021921782,0.0,3.0407439010007337e-17,2.29659116459012,1.5707963267948966,17.178008319414086,461.0,0.000602516909891328,0.0013064475235317107,0.0,0.0012822685869636054,-1520.5502167188283,-22.494262211090074,357.53605935838993,-0.0040969680433327925,0.004321428979153611,-0.03184127639098959,-0.004097667900892866,0.004320765365528544,-0.03184127639098959,-4.2532463064465413e-19,-1.0353077309174212e-21,5.458535611513926e-20,-4.253244573846255e-19,-1.104194540387618e-21,5.458535611513926e-20,-1520.5543143867292,-22.489941445724547,357.50421808199894,-1057163.7398802899,6.755681018500241,156707.35526501093,-0.1018880877425717,4689.90183264508
2.482167770520368,2001.0,12.0,14.0,14.0,21.0,30.0,1.0,3460449.819082736,51132.85180478672,-812733.4057757227,591.8619645635912,-292.0268131743269,4641.633466706535,3554977.230276902,4688.319686621205,3460458.761934201,50524.01286763976,-812733.4057757227,3554977.230276902,595.3918369167446,-537.4164257066379,4641.633466706535,4710.421328643173,20256085.101437926,0.8266101283278501,1.633628177388458,0.0,1.4901161193847656e-08,6.052062629067713,-0.23065831787189395,0.014599342664068114,158777.23027690267,-0.10454310099210842,-0.10405079492923876,9.736242294311523,-16543165680.321878,-1040807722.9393275,-202262332.98562318,-16546076034.940056,-1889788963.9735649,16575874379.431988,16654874497.687418,-0.9734123561924083,-0.014212190288404286,0.22861845607726092,-0.014598824050317408,0.9998934314897503,0.0,0.22859409254898116,0.0033375606149271507,0.9735161023531401,4653.014317834841,-546.0511747069095,-0.11681995919706718,1.1619365938484485e-10,199.0,0.0,-92.3,-1.8,0.0,3.0407347899642765e-17,2.296589676644948,1.5707963267948966,17.178263110120483,461.0,0.0006082287386436616,0.001425835511320129,0.0,0.0012944346531755793,-1520.7254180031723,-22.47078602490476,357.1629160485964,-0.004131211792558586,0.0043624931399186325,-0.032143949046636824,-0.0041319792739858245,0.004361766219109392,-0.032143949046636824,-4.2936662404493603e-19,-1.0379266948543618e-21,5.504228836141045e-20,-4.2936643478449123e-19,-1.1134702621057364e-21,5.504228836141045e-20,-1520.7295499824463,-22.466424258685652,357.13077209954974,-1057163.8049881551,6.909219223466156,156634.0210850291,-0.10179439641433258,4689.95674757566
2.5523945820430476,2001.0,12.0,14.0,14.0,21.0,30.0,1.0,3460491.375526278,51112.343572734,-812407.4367482126,591.6302982382313,-292.03023497734205,4641.687860381949,3554942.8792937095,4688.344511781481,3460500.5661244052,50486.27149948032,-812407.4367482126,3554942.8792937095,595.1560405898152,-537.4257147122435,4641.687860381949,4710.446189555896,20256084.65420195,0.826610124504938,1.633628177314081,0.0,2.1073424255447017e-08,6.052154739150096,-0.23056639899046713,0.01458826231399921,158742.87929370953,-0.10450147577680416,-0.10400936895775656,10.026310056447983,-16543165662.831057,-1040807720.603596,-202267133.79686487,-16546072662.0253,-1889809199.4613047,16575874361.829018,16654873501.194897,-0.9734335216131327,-0.014201711029886042,0.22852897060039973,-0.014587744880168951,0.9998935931884508,0.0,0.22850465356129152,0.003333722320846262,0.9735371125932085,4653.059693924143,-546.0505134395121,-0.1168186901347482,1.1657120706290465e-10,198.9920881041217,0.0,-92.3,-1.8,0.0,3.04071933684566e-17,2.2965871529591597,1.5707963267948966,17.178695275476326,461.0,0.0006102146641345117,0.0014686208073574026,0.0,0.0012986542899824029,-1520.7877650643875,-22.462424642615893,357.03001567692246,-0.004143007686609758,0.004376750957575805,-0.03224890591553475,-0.004143799459497241,0.004376001334028435,-0.03224890591553475,-4.3076691184888955e-19,-1.0387111909450326e-21,5.519952991242329e-20,-4.30766716875598e-19,-1.1166454162209343e-21,5.519952991242329e-20,-1520.791908863847,-22.458048641281867,356.9977667710069,-1057163.8283293732,7.062757428432071,156560.75351193186,-0.10170070836193461,4690.011612618412
2.58439711945248,2001.0,12.0,14.0,14.0,21.0,30.0,1.0,3460510.307507715,51102.99783926944,-812258.8905622867,591.5247241502705,-292.03179387859035,4641.712640999199,3554927.22992367,4688.355821557144,3460519.610908428,50469.072445229445,-812258.8905622867,3554927.22992367,595.0485844183058,-537.4299461554226,4641.712640999199,4710.457515619328,20256084.449998524,0.8266101227594338,1.6336281772801104,0.0,2.1073424255447017e-08,6.052196714539556,-0.2305245107293771,0.01458321301840408,158727.22992367018,-0.10448250677767709,-0.10399049075461475,10.158753514289856,-16543165654.845047,-1040807719.5369561,-202269320.2706272,-16546071125.389553,-1889818418.2757392,16575874353.791792,16654873047.202337,-0.9734431641186453,-0.014196935459157935,0.22848819062316703,-0.014582696121667328,0.9998936668335404,0.0,0.22846389475035944,0.003331973851247243,0.9735466844202959,4653.080366310973,-546.0502122116982,-0.11681811199157613,1.1672770076329806e-10,198.97469991518912,0.0,-92.3,-1.8,0.0,3.040691022462863e-17,2.296582528869534,1.5707963267948966,17.17948718033098,461.0,0.0006110381732004743,0.0014881621505250361,0.0,0.0013004039182652942,-1520.8161695993826,-22.45861405479718,356.9694481151974,-0.004147820543897102,0.004382657759307991,-0.032292383754661313,-0.004148623325338063,0.004381897854133338,-0.032292383754661313,-4.313445354543963e-19,-1.0389173855854006e-21,5.52633871773768e-20,-4.313443378995165e-19,-1.1179345825085934e-21,5.52633871773768e-20,-1520.820318222708,-22.454232156943046,356.9371557314427,-1057163.838986734,7.216295633397985,156487.55254571929,-0.10160702358231659,4690.0664277713295
2.6360080948058298,2001.0,12.0,14.0,14.0,21.0,30.0,1.0,3460540.8322819276,51087.925728687325,-812019.3262144537,591.3544590698214,-292.0343073839802,4641.752596210018,3554901.9978322233,4688.3740568957855,3460550.317474179,50441.3349854668,-812019.3262144537,3554901.9978322233,594.8752840320551,-537.4367681829615,4641.752596210018,4710.4757772192825,20256084.120094538,0.8266101199394534,1.6336281772252284,0.0,2.1073424255447017e-08,6.052264409661806,-0.23045695611768877,0.014575070006768328,158701.99783222284,-0.10445191481406904,-0.10396004521914594,10.372674733400345,-16543165641.943203,-1040807717.8137223,-202272844.75771216,-16546068647.772512,-1889833282.2342799,16575874340.807203,16654872315.186546,-0.9734587112624821,-0.014189233631820479,0.2284224225336233,-0.014574553975420398,0.9998937855474538,0.0,0.22839816077106462,0.0033291549264125773,0.9735621176298258,4653.113697576621,-546.0497265666195,-0.11681717983792705,1.1698002167777155e-10,198.94666425802538,0.0,-92.3,-1.8,0.0,3.040645368078401e-17,2.2965750729427317,1.5707963267948966,17.180764214868148,461.0,0.0006123659735309692,0.001519732724058385,0.0,0.0013032249476183832,-1520.861968549846,-22.45246828705236,356.8717639296509,-0.004155575958569082,0.004392181698595583,-0.03236248581666369,-0.004156396549692189,0.004391405167212676,-0.03236248581666369,-4.3227585646557695e-19,-1.0392426934501347e-21,5.536628502551657e-20,-4.3227565474102242e-19,-1.1200118947347051e-21,5.536628502551657e-20,-1520.8661249463958,-22.448076881885147,356.8394014438342,-1057163.8562044054,7.3698338383639,156414.41818639133,-0.1015133420724176,4690.121193032403
2.7199448315550057,2001.0,12.0,14.0,14.0,21.0,30.0,1.0,3460590.4570236737,51063.413150406115,-811629.7099225202,591.077540056589,-292.0383937140348,4641.817553394622,3554860.9775116104,4688.403702835844,3460600.237535306,50396.22383149339,-811629.7099225202,3554860.9775116104,594.593428486018,-537.4478575884896,4641.817553394622,4710.505465852646,20256083.582014922,0.8266101153400078,1.6336281771357168,0.0,2.1073424255447017e-08,6.052374506660089,-0.23034708762973802,0.014561826909439805,158660.97751161037,-0.10440216105102726,-0.10391052959754381,10.721436083316803,-16543165620.900253,-1040807715.0031465,-202278572.34719536,-16546064619.756926,-1889857447.1442847,16575874319.629301,16654871125.065166,-0.9734839869765352,-0.014176707373454183,0.22831545735739517,-0.014561312283422554,0.9998939784720101,0.0,0.22829125100374242,0.0033245726737134765,0.9735872081799778,4653.1678858570785,-546.0489371392689,-0.11681566444116154,1.1738900299438315e-10,198.9,0.0,-92.3,-1.8012218895129837,0.0,3.0405694648985095e-17,2.2965626770127474,1.5707963267948966,17.18288779803344,461.0,0.0006145182676372021,0.0015712233212182487,0.0,0.0013077969649398326,-1520.9364280102468,-22.442472220704865,356.7128809972633,-0.004168125217943814,0.004407617911787144,-0.03247609637540044,-0.004168974912055398,0.004406814231553075,-0.03247609637540044,-4.33784938425388e-19,-1.03973945654287e-21,5.55327569519376e-20,-4.337847299057012e-19,-1.1233714848553106e-21,5.55327569519376e-20,-1520.940596985159,-22.43806540647331,356.68040490088794,-1057163.8842867538,7.523372043329815,156341.350433948,-0.10141966382917707,4690.175908399621
2.745706707790431,2001.0,12.0,14.0,14.0,21.0,30.0,1.0,3460605.6831952925,51055.88967730123,-811510.1277364776,590.9925453108972,-292.03964752547387,4641.837484257432,3554848.39140197,4688.412799082139,3460615.554263291,50382.37812247895,-811510.1277364776,3554848.3914019708,594.5069185919323,-537.4512597851297,4641.837484257432,4710.514575198305,20256083.416482735,0.8266101139250561,1.633628177108179,0.0,2.1073424255447017e-08,6.052408298156897,-0.2303133662655796,0.014557762377593155,158648.3914019703,-0.10438689037472942,-0.10389533201171335,10.828695744276047,-16543165614.426762,-1040807714.1385056,-202280329.16540703,-16546063383.830412,-1889864861.6397488,16575874313.114292,16654870759.887672,-0.9734917423295468,-0.014172862686447513,0.22828262653880216,-0.014557248182383515,0.9998940376486682,0.0,0.22825843717492592,0.0033231668502517126,0.9735949067351091,4653.1845124824795,-546.0486949460035,-0.11681519948372786,1.1753059672783427e-10,198.9,0.0,-92.3,-1.7854892524628596,0.0,3.040568277353774e-17,2.296562483071974,1.5707963267948966,17.182921026922674,461.0,0.0006152630603716655,0.0015870640117402208,0.0,0.001309388057594791,-1520.9592749144817,-22.43940398086655,356.6641127191889,-0.004172590888301197,0.004412980451308274,-0.032515682288991744,-0.004173449673108925,0.004412168289037734,-0.032515682288991744,-4.343135451593583e-19,-1.0400618372416191e-21,5.559234318308628e-20,-4.34313334514848e-19,-1.124588862201252e-21,5.559234318308628e-20,-1520.9634483641548,-22.434991812577515,356.6315970368999,-1057163.8929258697,7.676910248295729,156268.34928838932,-0.10132598884953443,4690.230573870974
2.7875800824864267,2001.0,12.0,14.0,14.0,21.0,30.0,1.0,3460630.427155127,51043.660949052384,-811315.7576580578,590.8543920572833,-292.04168510512324,4641.869874078409,3554827.9377909736,4688.427581431661,3460640.4453302324,50359.87310874121,-811315.7576580578,3554827.9377909736,594.3663025878535,-537.4567883498454,4641.869874078409,4710.529378835461,20256083.14699775,0.8266101116215243,1.6336281770633478,0.0,2.1073424255447017e-08,6.0524632233934055,-0.2302585550209162,0.014551155925918702,158627.93779097404,-0.10436206916089001,-0.10387062959922186,11.00327980518341,-16543165603.888025,-1040807712.7308761,-202283183.60264403,-16546061375.30618,-1889876910.9592013,16575874302.507965,16654870166.421116,-0.973504345608561,-0.014166613402964205,0.22822926224728116,-0.014550642430426586,0.9998941337986046,0.0,0.22820510048223977,0.003320882387120246,0.9736074177275262,4653.211532551727,-546.0483013828992,-0.11681444389022724,1.1776069985154202e-10,198.9,0.0,-92.3,-1.7599222387175522,0.0,3.040566347479833e-17,2.2965621678996415,1.5707963267948966,17.182975027334756,461.0,0.0006164734369508479,0.0016128525171272663,0.0,0.001311973803046178,-1520.9964040722455,-22.43441661524506,356.58484080875814,-0.004179844900100507,0.004421695318018785,-0.03258001525641116,-0.004180718502405396,0.004420869335089044,-0.03258001525641116,-4.351726085782196e-19,-1.0405805925305645e-21,5.56891353185619e-20,-4.351723944746518e-19,-1.1265664383279041e-21,5.56891353185619e-20,-1521.0005847907478,-22.42999574590997,356.5522607935017,-1057163.9069902748,7.830448453261644,156195.41474971527,-0.10123231713042952,4690.285189444446
2.8873793443080658,2001.0,12.0,14.0,14.0,21.0,30.0,1.0,3460689.3775563175,51014.5151622108,-810852.49862034,590.5251097344528,-292.046539558028,4641.94704157564,3554779.208784593,4688.462799605809,3460699.7459246046,50306.234660768605,-810852.49862034,3554779.208784593,594.0311505130117,-537.4699580690356,4641.94704157564,4710.564647725299,20256082.5025533,0.8266101061128697,1.6336281769561423,0.0,2.1073424255447017e-08,6.052594132465758,-0.23012791762305443,0.014535410591606504,158579.2087845928,-0.1043029100925354,-0.10381175367735966,11.420589089393616,-16543165578.68602,-1040807709.3647628,-202289981.27728215,-16546056590.028076,-1889905617.7851331,16575874277.144331,16654868752.442106,-0.9735343723662223,-0.014151718491109525,0.228102070760557,-0.014534898761210106,0.9998943627793895,0.0,0.22807797469178634,0.00331544050572708,0.9736372246965221,4653.275906791183,-546.0473638702152,-0.11681264378238118,1.1830989019259022e-10,198.9,0.0,-92.3,-1.7,0.0,3.0405617497069725e-17,2.296561417026351,1.5707963267948966,17.183103680487,461.0,0.0006193623266056018,0.0016745200124289672,0.0,0.0013181449497468968,-1521.0848651123442,-22.42252870700479,356.39588790856624,-0.004197144015480354,0.004442495174970775,-0.032733553887127134,-0.004198053147567201,0.00444163607655133,-0.032733553887127134,-4.3722286895042185e-19,-1.0417980039960872e-21,5.591996431405566e-20,-4.372226465745258e-19,-1.1312818774166304e-21,5.591996431405566e-20,-1521.0890631654918,-22.41808707092824,356.3631543546791,-1057163.9406237956,7.9839866582275585,156122.54681792585,-0.10113864866880228,4690.339755118022
2.9164251424496577,2001.0,12.0,14.0,14.0,21.0,30.0,1.0,3460706.5284375907,51006.03241686411,-810717.6692375428,590.4292710799275,-292.0479519243654,4641.969492883194,3554765.0316901994,4688.473046017162,3460716.9986168197,50290.62336121964,-810717.6692375428,3554765.031690199,593.9336034771867,-537.4737892047149,4641.969492883194,4710.574908891666,20256082.314412188,0.8266101045046543,1.633628176924844,0.0,2.1073424255447017e-08,6.052632233205509,-0.23008989594962323,0.014530828089725625,158565.0316901994,-0.10428569198391052,-0.10379461797638972,11.54237499833107,-16543165571.328543,-1040807708.3820472,-202291958.2394564,-16546055197.774448,-1889913969.7657933,16575874269.739666,16654868341.037197,-0.9735431084094293,-0.014147383276499642,0.22806505127909044,-0.014530316743259395,0.9998944293750919,0.0,0.2280409743091072,0.0033138574331528802,0.9736458968151953,4653.29463598741,-546.0470911439057,-0.11681212007148827,1.1848710387250774e-10,198.9,0.0,-92.3,-1.7,0.0,3.040560412039715e-17,2.296561198568709,1.5707963267948966,17.183141110964822,461.0,0.0006202941043061751,0.0016925234642191226,0.0,0.0013201250893642529,-1521.1106027888627,-22.41906849885714,356.34088947214224,-0.004202747836940902,0.004449185793935585,-0.03278281114801291,-0.004203667496599145,0.00444831689382687,-0.03278281114801291,-4.378806608373762e-19,-1.0422720384250385e-21,5.599473242053024e-20,-4.378804360193821e-19,-1.132792061773342e-21,5.599473242053024e-20,-1521.1148064563592,-22.41462018196331,356.3081066609942,-1057163.9504428748,8.137524863193473,156049.74549302107,-0.10104498346159295,4690.3942708896875
2.9639455005512776,2001.0,12.0,14.0,14.0,21.0,30.0,1.0,3460734.5821224027,50992.15413871176,-810497.0803123353,590.2724708177046,-292.0502621543092,4642.0062168503755,3554741.842226584,4688.489806185695,3460745.218762352,50265.0822653922,-810497.0803123353,3554741.842226584,593.7740081842444,-537.4800553731345,4642.0062168503755,4710.591693194882,20256082.005999517,0.8266101018683655,1.633628176873537,0.0,2.1073424255447017e-08,6.052694568549112,-0.23002768995999467,0.014523330944202485,158541.84222658398,-0.10425752199579741,-0.10376658281133633,11.741972863674164,-16543165559.267778,-1040807706.7711061,-202295191.23959166,-16546052920.428734,-1889927631.1811323,16575874257.60155,16654867668.076166,-0.9735573980794748,-0.014140290489817301,0.22800448423131175,-0.014522820388806307,0.9998945382828903,0.0,0.227980438486896,0.0033112681723337606,0.9736600819435978,4653.3252716285715,-546.0466450759841,-0.1168112634456601,1.187769721677003e-10,198.9,0.0,-92.3,-1.7,0.0,3.0405582240156223e-17,2.2965608412372576,1.5707963267948966,17.18320233641101,461.0,0.0006218182386484359,0.0017220362997690697,0.0,0.0013233640393637651,-1521.1527029034694,-22.413407111793433,356.25090429684764,-0.004211909326252193,0.004460129866295708,-0.03286338268085411,-0.004212846268451469,0.004459244881724675,-0.03286338268085411,-4.389566292408792e-19,-1.0430399980817793e-21,5.611696898588313e-20,-4.389564004196675e-19,-1.1352610099823489e-21,5.611696898588313e-20,-1521.156915749738,-22.408947866911706,356.2180409141668,-1057163.9665389154,8.291063068159387,155977.0107750009,-0.10095132150574199,4690.448736757421
3.057434040316433,2001.0,12.0,14.0,14.0,21.0,31.0,1.0,3460789.751413597,50964.850573785756,-810063.10255351,589.9639792558808,-292.0548054474306,4642.078438154284,3554696.2387244864,4688.522766520527,3460800.7151501207,50214.833463858304,-810063.10255351,3554696.238724486,593.4600177306468,-537.4923766639666,4642.078438154284,4710.624700991755,20256081.397017807,0.8266100966628278,1.63362817677223,0.0,2.1073424255447017e-08,6.052817205522868,-0.22990530746048213,0.014508581729310084,158496.23872448597,-0.10420210101217965,-0.10371142707031848,12.135918468236923,-16543165535.453217,-1040807703.5902518,-202301546.5411878,-16546048441.751652,-1889954497.5041966,16575874233.634253,16654866344.560125,-0.9735855000628528,-0.014126336004979331,0.2278853235696395,-0.014508072727812328,0.9998947523743309,0.0,0.22786133918040896,0.003306176847949375,0.9736879784107231,4653.385519608911,-546.0457679657925,-0.11680957886640413,1.1934701594392526e-10,198.9,0.0,-92.3,-1.7,0.0,3.040553921122487e-17,2.296560138521481,1.5707963267948966,17.18332274159348,461.0,0.000624815637124693,0.0017803092926349474,0.0,0.0013297337670277695,-1521.2354990340627,-22.402268113554616,356.0738549802759,-0.00422990901181492,0.004481652893657034,-0.03302183684421462,-0.004230880167955455,0.004480736090405097,-0.03302183684421462,-4.410726546532773e-19,-1.0445233660246544e-21,5.635713162768044e-20,-4.410724179282426e-19,-1.1401117862108029e-21,5.635713162768044e-20,-1521.2397299142308,-22.397787377464212,356.04083314343166,-1057163.998321643,8.444601273125302,155904.3426638654,-0.10085766279819007,4690.503152719203
3.070235991705325,2001.0,12.0,14.0,14.0,21.0,31.0,1.0,3460797.3038333654,50961.1116983832,-810003.6748277291,589.9217343326255,-292.0554274118761,4642.088325056991,3554689.9958168296,4688.527278682419,3460808.312321184,50207.95250178538,-810003.6748277291,3554689.995816829,593.4170197979184,-537.4940632351731,4642.088325056991,4710.62921965095,20256081.313410953,0.826610095948161,1.6336281767583214,0.0,2.9802322387695312e-08,6.052833999190334,-0.22988854863882574,0.014506562050083953,158489.9958168296,-0.10419451176446284,-0.10370387414390186,12.18998721241951,-16543165532.183752,-1040807703.1535509,-202302416.2850242,-16546047828.62799,-1889958175.4113402,16575874230.343819,16654866163.367508,-0.9735893471424723,-0.014124425072473343,0.2278690056744594,-0.014506053261123052,0.9998947816739446,0.0,0.22784502967912243,0.003305479932872859,0.9736917973634847,4653.393767392681,-546.0456479048204,-0.11680934825821175,1.1940004183170393e-10,198.88888424092178,0.0,-92.3,-1.7,0.0,3.0405361728022796e-17,2.296557240000826,1.5707963267948966,17.183819400297473,461.0,0.0006250949805338439,0.0017883096873818785,0.0,0.0013303271063545377,-1521.2468338188976,-22.400742665046117,356.04960866921806,-0.00423147981303653,0.004483654729316815,-0.03303656861431914,-0.004232455470754428,0.004482733744930834,-0.03303656861431914,-4.412674135703636e-19,-1.0444989737107408e-21,5.637785817451115e-20,-4.412671758112692e-19,-1.140530021876374e-21,5.637785817451115e-20,-1521.2510662743684,-22.396259931301188,356.01657210060375,-1057164.0026850812,8.598139478091216,155831.74115961452,-0.10076400733587809,4690.557518773011
3.099227618532092,2001.0,12.0,14.0,14.0,21.0,31.0,1.0,3460814.4052373325,50952.64451600311,-809869.092810777,589.8260642342515,-292.0568357716471,4642.110712699207,3554675.8596208957,4688.537495885871,3460825.5150344437,50192.36961912293,-809869.092810777,3554675.8596208957,593.3196444034866,-537.4978821018774,4642.110712699207,4710.639451566616,20256081.123914972,0.8266100943283596,1.6336281767267966,0.0,2.1073424255447017e-08,6.052872030777408,-0.22985059596370264,0.014501988250617612,158475.8596208957,-0.10417732485555019,-0.10368676948916387,12.312522619962692,-16543165524.773502,-1040807702.1637512,-202304385.46087265,-16546046440.284008,-1889966503.549339,16575874222.886042,16654865753.074995,-0.9735980583623561,-0.01412009747197482,0.227832051301901,-0.01450147994275252,0.9998948480112646,0.0,0.22780809430860896,0.0033039019222706805,0.97370044490057,4653.412443454447,-546.0453760535916,-0.1168088260806085,1.1954140379104295e-10,198.8731773565508,0.0,-92.3,-1.7,0.0,3.0405105917840283e-17,2.2965530623035066,1.5707963267948966,17.1845352970734,461.0,0.0006258390427075261,0.0018064430766095469,0.0,0.0013319078829251046,-1521.272500199763,-22.397287990175883,355.99469818153267,-0.004235794433124797,0.0044889918641849436,-0.03307585254080379,-0.004236780475189573,0.004488061234147998,-0.03307585254080379,-4.4178922579640205e-19,-1.0446331024557959e-21,5.643509842844308e-20,-4.417889856505358e-19,-1.141685584429896e-21,5.643509842844308e-20,-1521.2767369802382,-22.392799928941734,355.9616223289919,-1057164.0125748683,8.751677683057132,155759.20626224828,-0.10067035511574712,4690.611834916824
3.146454458756708,2001.0,12.0,14.0,14.0,21.0,31.0,1.0,3460842.25717854,50938.851540317664,-809649.8597288078,589.6702159029999,-292.05912949851887,4642.1471743670945,3554652.836920615,4688.554136098987,3460853.5319008073,50166.985145659586,-809649.8597288078,3554652.8369206153,593.1610181412964,-537.5041012274559,4642.1471743670945,4710.656115740477,20256080.81475164,0.8266100916856455,1.6336281766753629,0.0,2.1073424255447017e-08,6.052933984197829,-0.22978877108721418,0.014494537666205344,158452.8369206153,-0.10414932737944729,-0.10365890600370214,12.512397050857544,-16543165512.683716,-1040807700.5488834,-202307591.8220289,-16546044179.146408,-1889980067.1302884,16575874210.718714,16654865084.837025,-0.9736122458864181,-0.014113047728486221,0.22777185195677366,-0.014494030141381592,0.9998949560280124,0.0,0.22774792589673715,0.003301332087619783,0.9737145287280978,4653.442860243194,-546.0449333373358,-0.1168079756516336,1.1977163079384716e-10,198.84759657846143,0.0,-92.3,-1.7,0.0,3.040468927990144e-17,2.296546258089603,1.5707963267948966,17.185701410302027,461.0,0.0006270508685226513,0.001836028021623055,0.0,0.001334482419848632,-1521.31430236212,-22.391660074493878,355.9052450183303,-0.004242817585308137,0.004497684249893345,-0.0331398325733227,-0.004243820589829803,0.004496737870420651,-0.0331398325733227,-4.42639063904058e-19,-1.044845592530072e-21,5.65282704602255e-20,-4.426388198653395e-19,-1.1435665229549128e-21,5.65282704602255e-20,-1521.31854618271,-22.387163336623455,355.87210518575694,-1057164.0287100915,8.905215888023045,155686.73797176665,-0.10057670613473854,4690.666101148613
3.23367958240091,2001.0,12.0,14.0,14.0,21.0,31.0,1.0,3460893.6786820847,50913.376461930435,-809244.9449314256,589.3823621826111,-292.06336435541243,4642.214492755854,3554610.331378312,4688.5848583984325,3460905.2576662432,50120.100783217364,-809244.9449314256,3554610.331378312,592.8680336386193,-537.5155819083501,4642.214492755854,4710.686882277072,20256080.24216724,0.8266100867912152,1.6336281765801057,0.0,2.1073424255447017e-08,6.053048410533912,-0.22967458215685752,0.014480777058756899,158410.33137831185,-0.10409761672207972,-0.10360744281919002,12.88242557644844,-16543165490.293114,-1040807697.5580945,-202313509.24697033,-16546040004.426653,-1890005109.1012547,16575874188.184502,16654863851.035824,-0.9736384399480058,-0.014100026757020968,0.22766066305153576,-0.01448027097803019,0.9998951553800043,0.0,0.22763679405583015,0.0032965880920242632,0.9737405314039953,4653.499018076496,-546.0441160727223,-0.11680640557633767,1.2019627199399147e-10,198.8,0.0,-92.3,-1.7004142228898373,0.0,3.04039143252449e-17,2.29653360211962,1.5707963267948966,17.187870840194222,461.0,0.0006292860911336034,0.0018908202006304201,0.0,0.0013392308937152343,-1521.3914826521382,-22.381264636751116,355.7400142574749,-0.004255755821967758,0.004513716867264085,-0.033257836467509794,-0.004256790303001032,0.004512741283334682,-0.033257836467509794,-4.442063716708571e-19,-1.0452140601309378e-21,5.669990150749888e-20,-4.442061204276959e-19,-1.1470309474932353e-21,5.669990150749888e-20,-1521.3957394424413,-22.37675189546778,355.7067564210074,-1057164.0585932452,9.058754092988961,155614.33628816967,-0.10048306038979392,4690.720317466353
3.2699734579825157,2001.0,12.0,14.0,14.0,21.0,31.0,1.0,3460915.0674785986,50902.77631855557,-809076.460468046,589.2625835917162,-292.06512587474344,4642.242494335063,3554592.6511797146,4688.597637501393,3460926.7729325406,50100.59217291134,-809076.460468046,3554592.651179714,592.7461201159297,-537.5203567870102,4642.242494335063,4710.699679780399,20256080.00329662,0.826610084749356,1.633628176540366,0.0,2.1073424255447017e-08,6.0530960234839455,-0.22962706798720453,0.014475051414459887,158392.65117971366,-0.10407609982752937,-0.10358602889677107,13.036739438772202,-16543165480.952295,-1040807696.3103963,-202315969.72231576,-16546038267.908922,-1890015525.4264188,16575874178.783772,16654863337.80809,-0.9736493355388874,-0.01409460860621645,0.2276143963217631,-0.014474545933798856,0.9998952382724954,0.0,0.22759055104439951,0.0032946150347532574,0.9737513474122023,4653.522377330609,-546.0437761685633,-0.11680575251232989,1.2039517422822142e-10,198.8,0.0,-92.3,-1.6783139746420659,0.0,3.040389764756293e-17,2.296533329752404,1.5707963267948966,17.18791753441096,461.0,0.000630332572764795,0.0019136784720910822,0.0,0.001341466695983459,-1521.4235870732973,-22.376938765789404,355.67125650345747,-0.004261986676601939,0.004521252544362198,-0.03331346705441795,-0.004263034513557034,0.004520264565006746,-0.03331346705441795,-4.449491905517236e-19,-1.0455983414812043e-21,5.67830452664817e-20,-4.449489362472222e-19,-1.1487301646310684e-21,5.67830452664817e-20,-1521.4278501078109,-22.3724185012244,355.63794303640304,-1057164.0710598938,9.212292297954875,155542.00121145733,-0.10038941787785503,4690.774483868015
3.3443405406833273,2001.0,12.0,14.0,14.0,21.0,31.0,1.0,3460958.8800917524,50881.05615300208,-808731.228303535,589.0171462884385,-292.0687342073213,4642.299853365756,3554556.4352243086,4688.623814370583,3460970.844443481,50060.61798839735,-808731.228303535,3554556.435224309,592.4963082044482,-537.5301366574234,4642.299853365756,4710.725894340549,20256079.512608316,0.8266100805549624,1.6336281764587317,0.0,2.9802322387695312e-08,6.053193585118532,-0.2295297087508707,0.01446331954313744,158356.4352243091,-0.10403201045091218,-0.1035421505128572,13.353630661964417,-16543165461.764544,-1040807693.7473695,-202321008.12218896,-16546034710.762619,-1890036862.3256211,16575874159.472946,16654862286.462732,-0.9736716542594653,-0.014083506311030985,0.22751959155559173,-0.01446281529053167,0.9998954080171946,0.0,0.22749579483038385,0.0032905738276457325,0.9737735031609643,4653.570226905386,-546.0430799804956,-0.11680441479944804,1.208026037265226e-10,198.8,0.0,-92.3,-1.6330440303863776,0.0,3.040386348509149e-17,2.2965327718369064,1.5707963267948966,17.188013183407644,461.0,0.000632476229199681,0.0019606340864613317,0.0,0.001346046695949502,-1521.4893517592175,-22.36807423178722,355.5303587618355,-0.004274740828537871,0.004536689237071701,-0.03342742641075526,-0.004275816152152047,0.00453567576199253,-0.03342742641075526,-4.464708541967152e-19,-1.0463705604743742e-21,5.695323677429855e-20,-4.464705936049011e-19,-1.1522085668813287e-21,5.695323677429855e-20,-1521.4936275753696,-22.363538556025226,355.49693133542473,-1057164.096668901,9.36583050292079,155469.73274162962,-0.10029577859586392,4690.828600351566
3.40499484953133,2001.0,12.0,14.0,14.0,21.0,31.0,1.0,3460994.600448501,50863.34083657528,-808449.6513962402,588.8169580654188,-292.0716761277241,4642.346618945733,3554526.908410941,4688.645156603168,3461006.775718183,50028.01422767762,-808449.6513962402,3554526.908410941,592.2925519428782,-537.5381092281309,4642.346618945733,4710.747267302338,20256079.111138828,0.8266100771232056,1.6336281763919442,0.0,2.9802322387695312e-08,6.053273158535161,-0.22945030040656428,0.014453751067645487,158326.90841094078,-0.10399605014553184,-0.1035063622947465,13.612785547971725,-16543165446.065718,-1040807691.6504333,-202325114.3152483,-16546031810.546389,-1890054258.4608476,16575874143.673431,16654861429.247066,-0.9736898509696285,-0.01407445083881578,0.22744226509672408,-0.014453247815163611,0.9998955463585151,0.0,0.22741850792390714,0.00328727942108509,0.9737915670448536,4653.609239281322,-546.0425124474912,-0.11680332418147335,1.2113864486324047e-10,198.8,0.0,-92.3,-1.6,0.0,3.0403835632419445e-17,2.296532316968252,1.5707963267948966,17.188091166877125,461.0,0.000634244235121388,0.0019990494740580724,0.0,0.0013498218485322887,-1521.542971881418,-22.360843546612692,355.41543030507114,-0.00428525714067412,0.004549416981210461,-0.03352135859773713,-0.004286355036159346,0.004548382584459673,-0.03352135859773713,-4.477251086316782e-19,-1.0470126738756366e-21,5.709356665854581e-20,-4.477248428905158e-19,-1.1550729198643248e-21,5.709356665854581e-20,-1521.5472582364541,-22.356295164028232,355.3819089464734,-1057164.117621582,9.519368707886704,155397.53087868655,-0.10020214254076275,4690.882666914978
3.44028017565549,2001.0,12.0,14.0,14.0,21.0,31.0,1.0,3461015.374992203,50853.03496204416,-808285.8442019434,588.7004963700823,-292.07338713597795,4642.373817613519,3554509.735960013,4688.657569108986,3461027.672862727,50009.046938388354,-808285.8442019434,3554509.735960013,592.1740145277089,-537.5427455925294,4642.373817613519,4710.759697679828,20256078.877052907,0.8266100751222404,1.633628176353001,0.0,2.9802322387695312e-08,6.053319450560518,-0.22940410440893522,0.01444818470686406,158309.73596001277,-0.10397513013563821,-0.1034855423957889,13.763853788375854,-16543165436.912235,-1040807690.4277501,-202327501.76530844,-16546030123.780756,-1890064375.9305632,16575874134.461239,16654860930.677044,-0.9737004340847479,-0.014069182715258975,0.2273972795811288,-0.014447682035584953,0.9998956267950163,0.0,0.22737354539825433,0.0032853635911451635,0.9738020729281192,4653.6319287101,-546.0421824049884,-0.11680268989789967,1.2135330049984045e-10,198.8,0.0,-92.3,-1.6,0.0,3.040381943360459e-17,2.296532052421529,1.5707963267948966,17.188136521562782,461.0,0.0006353731292516128,0.002021449030664553,0.0,0.0013522208080087085,-1521.5741576597181,-22.356636840131593,355.34856661612406,-0.004292000380447113,0.004557523488116258,-0.03358103883465675,-0.004293111628524482,0.004556476726102901,-0.03358103883465675,-4.485220506218584e-19,-1.0475158629943591e-21,5.718354167698853e-20,-4.485217818439339e-19,-1.1568902552166165e-21,5.718354167698853e-20,-1521.5784507713468,-22.35208036340549,355.3149855772894,-1057164.1298385188,9.67290691285262,155325.3956226281,-0.10010850970949403,4690.936683556213
3.5284300328104368,2001.0,12.0,14.0,14.0,21.0,31.0,1.0,3461067.2560332688,50827.2885463241,-807876.6166187532,588.4095411485715,-292.0776601697895,4642.441742984661,3554466.850559447,4688.688567679814,3461079.8598653655,49961.66211180847,-807876.6166187532,3554466.8505594474,591.8778736364823,-537.5543229039713,4642.441742984661,4710.7907408820065,20256078.29047639,0.8266100701081812,1.63362817625541,0.0,2.9802322387695312e-08,6.053435099322801,-0.22928869553595943,0.014434278975177808,158266.8505594479,-0.1039228667997036,-0.10343352915736019,14.142289608716965,-16543165413.975527,-1040807687.3638395,-202333461.89969024,-16546025911.247417,-1890089642.9205801,16575874111.377405,16654859685.501734,-0.9737268640782559,-0.01405602139852419,0.22728489266726432,-0.014433777753888063,0.9998958276039316,0.0,0.227261215855405,0.0032805796275755957,0.973828310106679,4653.688592779563,-546.0413582676503,-0.1168011059008725,1.2188936800690125e-10,198.8,0.0,-92.3,-1.6,0.0,3.040377897962222e-17,2.2965313917578607,1.5707963267948966,17.188249788812943,461.0,0.0006381924364398212,0.0020775813963438343,0.0,0.001358211928702683,-1521.6520420814102,-22.34612669694729,355.181512663425,-0.0043088265471624455,0.004577768856788051,-0.03373008486607394,-0.004309971328162631,0.00457669106125009,-0.03373008486607394,-4.505123389911859e-19,-1.048750336870042e-21,5.740805566091024e-20,-4.505120626049494e-19,-1.1614249921621647e-21,5.740805566091024e-20,-1521.6563520527384,-22.34155000588604,355.1477825785589,-1057164.1604519282,9.826445117818533,155253.32697345427,-0.10001488009900042,4690.990650273237
3.5683675985269505,2001.0,12.0,14.0,14.0,21.0,31.0,1.0,3461090.753045386,50815.62363695668,-807691.2081826414,588.2777147826616,-292.0795954665928,4642.472507029752,3554447.4276879416,4688.702607153171,3461103.495347323,49940.19339604083,-807691.2081826414,3554447.4276879416,591.7436977795473,-537.5595656983021,4642.472507029752,4710.804800568865,20256078.023800712,0.8266100678286348,1.6336281762110523,0.0,2.9802322387695312e-08,6.053487496582185,-0.2292364069588929,0.014427978857636414,158247.42768794112,-0.10389918770133741,-0.10340996336938334,14.314233094453812,-16543165403.547838,-1040807685.9710661,-202336160.2521293,-16546024003.32855,-1890101086.5037813,16575874100.882841,16654859121.519848,-0.9737388344490621,-0.014050058247316765,0.2272339722599357,-0.014427478292358601,0.9998959185185844,0.0,0.22721032141147493,0.0032784132020666386,0.9738401931790301,4653.714256462813,-546.0409850567095,-0.11680038851669039,1.221321539007359e-10,198.8,0.0,-92.3,-1.6,0.0,3.040376065790809e-17,2.296531092541562,1.5707963267948966,17.188301088355413,461.0,0.0006394693420970105,0.002103094716605042,0.0,0.0013609253692066848,-1521.6873174872424,-22.34136448185412,355.1058194171993,-0.004316440576042734,0.004586938341949475,-0.033797590116030445,-0.004317600632071972,0.004585846419286853,-0.033797590116030445,-4.514137700820912e-19,-1.0492990149043508e-21,5.750965193702444e-20,-4.514134902385933e-19,-1.1634770136207915e-21,5.750965193702444e-20,-1521.6916350878744,-22.336778635434836,355.0720218270833,-1057164.1743697263,9.979983322784447,155181.32493116512,-0.09992125370622483,4691.044567064014
3.579227220202366,2001.0,12.0,14.0,14.0,21.0,31.0,1.0,3461097.1413241695,50812.45176019406,-807640.7926421649,588.2418686925458,-292.08012163128654,4642.48087109914,3554442.1470711664,4688.706424170367,3461109.9212619015,49934.35569479024,-807640.7926421649,3554442.1470711664,591.707212822442,-537.560991025775,4642.48087109914,4710.80862308162,20256077.95121387,0.8266100672081609,1.6336281761989764,0.0,2.9802322387695312e-08,6.053501744279868,-0.22922218881313006,0.014426265769495385,158242.14707116643,-0.10389274895287627,-0.10340355543172237,14.361036568880081,-16543165400.70953,-1040807685.591928,-202336893.76184052,-16546023484.605831,-1890104197.7549388,16575874098.026327,16654858968.1833,-0.9737420889277464,-0.014048436752849043,0.2272201260351515,-0.014425765382497154,0.9998959432326592,0.0,0.2271964822433615,0.0032778242283645286,0.9738434239263363,4653.721233854381,-546.0408835941082,-0.1168001934781549,1.2217852928833558e-10,198.79127452351827,0.0,-92.3,-1.6,0.0,3.040362095698977e-17,2.296528811052427,1.5707963267948966,17.18869225178434,461.0,0.000639713666140639,0.00211004050751706,0.0,0.0013614443302996284,-1521.6969081839027,-22.340069516554788,355.08523653184307,-0.004317811993598885,0.0045886896088347595,-0.03381047815714675,-0.0043189760238672645,0.00458759401468288,-0.03381047815714675,-4.515842861935926e-19,-1.0492738107700569e-21,5.752776539198532e-20,-4.515840054552746e-19,-1.1638425481863104e-21,5.752776539198532e-20,-1521.7012271599265,-22.335481922540104,355.05142605368593,-1057164.1781580318,10.133521527750363,155109.38949576055,-0.09982763052811038,4691.098433926501
3.599810238704335,2001.0,12.0,14.0,14.0,21.0,31.0,1.0,3461109.248418209,50806.439859383645,-807545.2362093591,588.17392641139,-292.08111882507563,4642.496722787363,3554432.13922304,4688.713658219673,3461122.0996707217,49923.291039165764,-807545.2362093591,3554432.13922304,591.6380596448091,-537.5636922380406,4642.496722787363,4710.815867546117,20256077.81355151,0.82661006603142,1.6336281761760738,0.0,2.9802322387695312e-08,6.053528749077465,-0.22919524002700772,0.014423018840369556,158232.13922304055,-0.10388054507636629,-0.1033914099531412,14.449792236089706,-16543165395.326643,-1040807684.872885,-202338283.785857,-16546022501.514557,-1890110094.2271678,16575874092.608913,16654858677.575468,-0.9737482568530018,-0.014045363389629504,0.22719388205449878,-0.014422518791160239,0.9998959900668262,0.0,0.22717025163400878,0.0032767080331676515,0.9738495468792941,4653.7344574921535,-546.0406913071271,-0.116799823841629,1.2227860776959452e-10,198.78015469226727,0.0,-92.3,-1.6,0.0,3.04034398249994e-17,2.2965258529425374,1.5707963267948966,17.189199449961617,461.0,0.000640240556246807,0.002123213411511595,0.0,0.0013625636804535332,-1521.7150846936347,-22.3376150200799,355.0462234250118,-0.004320843736571392,0.004592469104209338,-0.03383829656569663,-0.004322015424299487,0.004591366435071686,-0.03383829656569663,-4.519537369761026e-19,-1.0493325700182776e-21,5.756798195923828e-20,-4.51953454512269e-19,-1.1646544264554803e-21,5.756798195923828e-20,-1521.719406709059,-22.33302365364483,355.0123851284461,-1057164.1853426248,10.287059732716276,155037.52066724066,-0.09973401056160039,4691.152250858659
3.6313902705591112,2001.0,12.0,14.0,14.0,21.0,31.0,1.0,3461127.8213235387,50797.21590419097,-807398.6256309767,588.0696826202395,-292.08264858222077,4642.5210402637285,3554416.7866689796,4688.7247556783805,3461140.781944154,49906.3146952103,-807398.6256309767,3554416.78666898,591.5319579886244,-537.567835846687,4642.5210402637285,4710.82698098223,20256077.602126516,0.826610064224154,1.6336281761408993,0.0,2.9802322387695312e-08,6.053570182186402,-0.22915389285412946,0.014418037178986204,158216.78666897956,-0.10386182081983748,-0.10337277529518696,14.586085259914398,-16543165387.059513,-1040807683.7685598,-202340415.83149686,-16546020993.387403,-1890119139.7580829,16575874084.288755,16654858231.758545,-0.9737577188261483,-0.014040647929186712,0.227153615934734,-0.014417537647740213,0.9998960619025239,0.0,0.22713000602005892,0.0032749958095593485,0.9738589398715686,4653.754743371948,-546.0403963427073,-0.11679925680364617,1.2243213331020418e-10,198.7630962988662,0.0,-92.3,-1.6,0.0,3.04031619516533e-17,2.2965213149264128,1.5707963267948966,17.189977599557423,461.0,0.0006410488420192997,0.002143444766340307,0.0,0.001364280834500962,-1521.7429688511436,-22.333849002391478,354.98636428404933,-0.004325492853355956,0.0045982671092656335,-0.03388097182920492,-0.0043266763109575685,0.004597153568545016,-0.03388097182920492,-4.525204919240693e-19,-1.0494199860298296e-21,5.762965272224118e-20,-4.525202068107864e-19,-1.1658994090182667e-21,5.762965272224118e-20,-1521.7472955274545,-22.32925184882293,354.9524833122201,-1057164.19637689,10.440597937682192,154965.71844560537,-0.09964039380363846,4691.206017858443
3.720905648481861,2001.0,12.0,14.0,14.0,21.0,31.0,1.0,3461180.449377846,50771.06982148921,-806983.0455211956,587.7741873455204,-292.0869833606667,4642.589947217175,3554373.283779422,4688.756201719214,3461193.719689641,49858.19358171096,-806983.0455211956,3554373.2837794214,591.2311963882889,-537.5795758965578,4642.589947217175,4710.8584722963,20256077.00137173,0.8266100590888826,1.6336281760409523,0.0,3.332000937312528e-08,6.053687628609045,-0.22903669001547555,0.01440391653816084,158173.28377942182,-0.103808744930738,-0.10331995337850287,14.973217517137527,-16543165363.569044,-1040807680.6306803,-202346455.05813774,-16546016719.87091,-1890144771.3676605,16575874060.647612,16654856968.429686,-0.9737845305908046,-0.01402728121135773,0.22703947534264543,-0.014403418473150485,0.9998962653877087,0.0,0.22701592349069594,0.0032701445732846533,0.9738855562313964,4653.812226211658,-546.0395606236384,-0.1167976500716144,1.2286716220578159e-10,198.71475975491316,0.0,-92.3,-1.6,0.0,3.040237452202119e-17,2.296508455224617,1.5707963267948966,17.192183094850396,461.0,0.0006433392556437847,0.0022009310655195058,0.0,0.0013691466376744006,-1521.8219842042135,-22.323173075185323,354.81667526897525,-0.004338655156662819,0.00461469672080026,-0.034001898742195266,-0.004339872116194175,0.004613552254877129,-0.034001898742195266,-4.54126434471048e-19,-1.049649768658743e-21,5.780424782308492e-20,-4.541261418344918e-19,-1.1694240218812321e-21,5.780424782308492e-20,-1521.8263240763297,-22.318559522930446,354.78267337023306,-1057164.2277302705,10.594136142648106,154893.98283085474,-0.09954678025116831,4691.259734923813
3.7624135834921852,2001.0,12.0,14.0,14.0,21.0,31.0,1.0,3461204.8438268066,50758.94585226402,-806790.340536471,587.6371621210845,-292.0889926760886,4642.62188791527,3554353.1190776667,4688.77077794364,3461218.257581227,49835.87965068014,-806790.340536471,3554353.1190776667,591.0917291375558,-537.5850170821948,4642.62188791527,4710.87306950591,20256076.722075958,0.8266100567014509,1.6336281759944855,0.0,3.332000937312528e-08,6.053742089036212,-0.22898234253393795,0.014397368931183848,158153.11907766666,-0.10378413337950704,-0.10329545959340707,15.153130680322647,-16543165352.648243,-1040807679.1718527,-202349253.3292897,-16546014738.937738,-1890156652.40282,16575874049.65676,16654856382.811905,-0.9737969587218145,-0.01402108287530313,0.22698654678008703,-0.014396871545078266,0.9998963596741987,0.0,0.22696302182042621,0.003267896156453812,0.9738978938168269,4653.838871435612,-546.03917329163,-0.11679690532167296,1.2308601152916656e-10,198.7,0.0,-92.3,-1.5913988470833442,0.0,3.04021275735243e-17,2.296504422249606,1.5707963267948966,17.192874888670858,461.0,0.0006444910662985313,0.0022276570362215393,0.0,0.0013715987227683262,-1521.8586113451775,-22.31822221844115,354.737983649076,-0.004345383579150328,0.004622970551926426,-0.03406286454390068,-0.004346616318864299,0.004621811522607863,-0.03406286454390068,-4.549377975300665e-19,-1.0499116212732291e-21,5.78937077318651e-20,-4.549375013522019e-19,-1.171238376912223e-21,5.78937077318651e-20,-1521.8629579614962,-22.313600406918543,354.7039207845321,-1057164.2423067093,10.747674347614021,154822.31382298874,-0.09945316990113401,4691.313402052718
3.8051429951700433,2001.0,12.0,14.0,14.0,21.0,31.0,1.0,3461229.9502033223,50746.46501726438,-806591.9633321792,587.4961011352588,-292.09106065421645,4642.654761142022,3554332.3658893104,4688.7857796787775,3461243.5115156495,49812.908839532436,-806591.9633321792,3554332.36588931,590.9481542285586,-537.5906166476024,4642.654761142022,4710.888092838587,20256076.43398225,0.8266100542388122,1.6336281759465547,0.0,3.332000937312528e-08,6.053798152744796,-0.22892639509234658,0.014390628696888156,158132.3658893099,-0.10375879726210839,-0.10327024470778294,15.338666439056396,-16543165341.383507,-1040807677.6670688,-202352132.56055775,-16546012700.156801,-1890168880.2586877,16575874038.319765,16654855780.078083,-0.9738097496826611,-0.014014701978234673,0.22693205932933805,-0.014390132009015674,0.999896456689773,0.0,0.22690856203271845,0.0032655822908269514,0.9739105916091815,4653.866294575462,-546.0387746854408,-0.11679613884451441,1.2334542638362616e-10,198.7,0.0,-92.3,-1.5654573616373841,0.0,3.040210800205038e-17,2.296504102623181,1.5707963267948966,17.192929718057112,461.0,0.0006458555613159289,0.0022552249915343244,0.0,0.0013745130964448761,-1521.8963084075447,-22.313125358796377,354.6569713793005,-0.004353562020194654,0.004632793615815883,-0.03413537091920257,-0.004354811407408553,0.004631619215385706,-0.03413537091920257,-4.559059302960569e-19,-1.0505008229544227e-21,5.800282627948913e-20,-4.559056303745712e-19,-1.1734665981356097e-21,5.800282627948913e-20,-1521.900663218952,-22.308493739580992,354.6228360083813,-1057164.2573423143,10.901212552579935,154750.71142200736,-0.09935956275047975,4691.36701924311
3.912205992519367,2001.0,12.0,14.0,14.0,21.0,31.0,1.0,3461292.8303760025,50715.19259550476,-806094.9023896328,587.1426427776248,-292.0962401102052,4642.737095431039,3554280.388493692,4688.823352798211,3461306.7609382854,49755.352026004366,-806094.9023896328,3554280.3884936916,590.588396822688,-537.6046391852211,4642.737095431039,4710.925720049777,20256075.709471483,0.8266100480456519,1.633628175826013,0.0,3.332000937312528e-08,6.053938629085053,-0.22878621006054106,0.014373740571553507,158080.38849369157,-0.10369531360301788,-0.10320706480785584,15.805064916610718,-16543165313.054783,-1040807673.8827415,-202359340.60086417,-16546007593.763668,-1890199505.9099798,16575874009.80932,16654854270.384829,-0.9738417858488624,-0.01399871326614464,0.22679552941270814,-0.014373245630282132,0.9998966995695363,0.0,0.22677210133689257,0.00325978785209873,0.9739423945174629,4653.934978539776,-546.037776488501,-0.11679421919789419,1.239951438288555e-10,198.7,0.0,-92.3,-1.5004856171144496,0.0,3.040205898420184e-17,2.296503302100964,1.5707963267948966,17.193067042906424,461.0,0.0006492731214888183,0.0023245550730824948,0.0,0.0013818127280532822,-1521.990727010795,-22.30035325862325,354.45396464604164,-0.004374025841423152,0.004657397435601138,-0.03431698004107511,-0.004375317199314075,0.0046561843112110585,-0.03431698004107511,-4.583308398924924e-19,-1.0519444098449065e-21,5.827586262020855e-20,-4.583305305590317e-19,-1.1790424400353482e-21,5.827586262020855e-20,-1521.9951023279941,-22.295697074312038,354.41964766600057,-1057164.2951545175,11.05475075754585,154679.17562791062,-0.09926595879614997,4691.420586492941
4.062763796355442,2001.0,12.0,14.0,14.0,21.0,32.0,1.0,3461381.191862667,50671.214679135686,-805395.8933783724,586.6455533384622,-292.10351871386484,4642.852798533789,3554207.3479818846,4688.876153168246,3461395.6405432643,49674.40996893993,-805395.8933783724,3554207.347981885,590.082448953479,-537.6243396756024,4642.852798533789,4710.978596430639,20256074.684007216,0.8266100392799066,1.6336281756554212,0.0,3.332000937312528e-08,6.054136181488528,-0.22858906728624523,0.014349992139348266,158007.34798188508,-0.10360603610932283,-0.10311821447756726,16.46461221575737,-16543165272.959286,-1040807668.5268499,-202369462.01518187,-16546000417.670736,-1890242543.0878725,16575873969.456644,16654852148.620708,-0.9738868055935678,-0.013976227356894516,0.22660351930105724,-0.014349499647249223,0.9998970406296208,0.0,0.2265801883453843,0.003251647120275953,0.9739870866907709,4654.031498965306,-546.0363741051948,-0.11679152172252875,1.249081502264364e-10,198.7,0.0,-92.3,-1.5,0.0,3.040199010227564e-17,2.29650217717374,1.5707963267948966,17.193260021360167,461.0,0.000654075876526744,0.0024226697751129848,0.0,0.001392018713539749,-1522.1234181394295,-22.28238908502827,354.1684322623969,-0.004402498478042614,0.0046918884090412375,-0.03457090163773795,-0.00440384945745323,0.004690620390540246,-0.03457090163773795,-4.617214133228623e-19,-1.053751094350882e-21,5.865579550503933e-20,-4.617210907198095e-19,-1.1867167900404822e-21,5.865579550503933e-20,-1522.127821988887,-22.27769846463773,354.13386136075917,-1057164.348673487,11.208288962511764,154607.7064406985,-0.09917235803508931,4691.4741038001575
4.1039141429444035,2001.0,12.0,14.0,14.0,21.0,32.0,1.0,3461405.3297349545,50659.194477186385,-805204.8377261625,586.5096816823163,-292.10550707350205,4642.884406177742,3554187.3953690515,4688.890577002006,3461419.9197951797,49652.286430311,-805204.8377261625,3554187.3953690515,589.9441560434332,-537.6297203822612,4642.884406177742,4710.993041028245,20256074.402453918,0.8266100368731636,1.633628175608578,0.0,3.6500241499888574e-08,6.054190177774957,-0.22853518295406572,0.014343501350865047,157987.39536905196,-0.10358163417595294,-0.10309392929633172,16.645616620779037,-16543165261.950777,-1040807667.0562485,-202372225.35879916,-16545998457.2845,-1890254299.818828,16575873958.377518,16654851568.958557,-0.9738991039992029,-0.013970081176644127,0.22655103632839077,-0.014343009526751271,0.9998971337481248,0.0,0.22652773187242523,0.0032494236723534823,0.973999295656076,4654.057866289239,-546.035991078411,-0.11679078486466903,1.2514005145497814e-10,198.68599485450218,0.0,-92.3,-1.5,0.0,3.040175500626537e-17,2.2964983377645254,1.5707963267948966,17.193918696251707,461.0,0.0006552961597254945,0.0024496110806824785,0.0,0.0013946116055338742,-1522.159667797117,-22.277478448953598,354.0903799312452,-0.004409642263044294,0.004700645915146944,-0.0346353685239313,-0.004411009471409214,0.004699362972866881,-0.0346353685239313,-4.625796336072847e-19,-1.054073412303988e-21,5.875080772108525e-20,-4.625793074107403e-19,-1.1886355236923962e-21,5.875080772108525e-20,-1522.1640788065883,-22.27277908598073,354.05574456272126,-1057164.3633677512,11.36182716747768,154536.30386037103,-0.09907876046424267,4691.5275711627055
4.139523448894596,2001.0,12.0,14.0,14.0,21.0,32.0,1.0,3461426.2128442125,50648.79277218548,-805039.5073479498,586.3921030165665,-292.1072273390381,4642.9117521121225,3554170.1331767077,4688.903056008383,3461440.925166381,49633.14172622823,-805039.5073479498,3554170.1331767077,589.8244821284759,-537.634375235157,4642.9117521121225,4711.005537998601,20256074.158400476,0.8266100347869713,1.6336281755679738,0.0,3.332000937312528e-08,6.054236903757992,-0.22848855384853853,0.014337884610082327,157970.13317670766,-0.10356051781580969,-0.1030729139672883,16.802476704120636,-16543165252.408537,-1040807665.7815223,-202374615.55768198,-16545996761.211315,-1890264471.330313,16575873948.774067,16654851067.440115,-0.9739097441777651,-0.013964762480817499,0.22650561936617472,-0.014337393363515407,0.9998972142933191,0.0,0.22648233782602098,0.00324750016389954,0.974009858469382,4654.080678458344,-546.0356597216702,-0.1167901473708208,1.2533185359213709e-10,198.66681464078627,0.0,-92.3,-1.5,0.0,3.0401442519695907e-17,2.2964932344715647,1.5707963267948966,17.19479427940667,461.0,0.0006563056421625234,0.0024729638887468048,0.0,0.0013967564970898457,-1522.191030285389,-22.273228811442547,354.02283387214004,-0.004415504990760627,0.004707887376909607,-0.034688672843200735,-0.004416886185171769,0.004706591580362121,-0.034688672843200735,-4.632878336340222e-19,-1.0542690169839193e-21,5.882860872184592e-20,-4.632875043479226e-19,-1.1902065111490885e-21,5.882860872184592e-20,-1522.1954471715742,-22.268522219862184,353.98814519929687,-1057164.3761048988,11.515365372443593,154464.9678869282,-0.09898516608055517,4691.580988578529
4.186003861724996,2001.0,12.0,14.0,14.0,21.0,32.0,1.0,3461453.4650244038,50635.21545549281,-804823.7020635813,586.2386253068084,-292.1094722869066,4642.947438585859,3554147.6062449915,4688.919341071281,3461468.3368214103,49608.15211734455,-804823.7020635813,3554147.606244992,589.66826947835,-537.6404493143882,4642.947438585859,4711.02184650417,20256073.839279037,0.8266100320590892,1.63362817551488,0.0,3.332000937312528e-08,6.054297895322245,-0.22842768873498298,0.014330553199397226,157947.606244992,-0.10353295455004768,-0.10304548257631933,17.00753617286682,-16543165239.931292,-1040807664.1147052,-202377733.99013063,-16545994547.822012,-1890277745.1072445,16575873936.216784,16654850412.940323,-0.9739236296036959,-0.013957819880687587,0.2264463357260193,-0.014330062706009285,0.999897319379766,0.0,0.22642308407581724,0.0032449901904998872,0.9740236429554772,4654.110448355097,-546.0352273369584,-0.11678931545780001,1.2558215283342202e-10,198.64178471665778,0.0,-92.3,-1.5,0.0,3.0401034711475255e-17,2.2964865744579033,1.5707963267948966,17.19593709166197,461.0,0.0006576230269503668,0.002503499804732956,0.0,0.0013995555861124184,-1522.2319589665499,-22.267681479567347,353.93466155013556,-0.004423151347847574,0.004717337553819684,-0.03475823527772758,-0.004424550852427586,0.00471602493599489,-0.03475823527772758,-4.642120212786455e-19,-1.0545173220443603e-21,5.89300779246917e-20,-4.642116879543701e-19,-1.1922554016174412e-21,5.89300779246917e-20,-1522.2363835174024,-22.262965454631352,353.89990331485785,-1057164.3927598465,11.668903577409509,154393.69852037,-0.0988915748809721,4691.634356045572
4.271686194602284,2001.0,12.0,14.0,14.0,21.0,32.0,1.0,3461503.6831963747,50610.18665720914,-804425.880678106,585.9556925593361,-292.1136091718268,4643.013199974208,3554106.0953888665,4688.949350274624,3461518.848637302,49562.085349889465,-804425.880678106,3554106.0953888656,589.3802950151652,-537.6516408371948,4643.013199974208,4711.051898905575,20256073.24933613,0.8266100270161917,1.6336281754167274,0.0,3.6500241499888574e-08,6.054410329641638,-0.22831548750863287,0.014317038588649496,157906.09538886556,-0.10348214325566689,-0.10299491438111306,17.38647374510765,-16543165216.8655,-1040807661.033347,-202383478.18070406,-16545990469.054413,-1890302205.2438073,16575873913.003025,16654849206.805494,-0.9739492169714102,-0.01394502134142586,0.2263370476536355,-0.014316549481641926,0.9998975129536725,0.0,0.22631385103814697,0.003240365542262019,0.974049044380947,4654.165306923172,-546.0344306656616,-0.11678778249766007,1.260488076391804e-10,198.6,0.0,-92.3,-1.495119236081961,0.0,3.040035019507687e-17,2.29647539545676,1.5707963267948966,17.19785568510431,461.0,0.0006600790932566763,0.002559950173809821,0.0,0.0014047769287116403,-1522.307382233485,-22.257454509868076,353.77210850897177,-0.004437434174665145,0.004734962762846708,-0.03488801134574772,-0.00443886765734175,0.004733618947553386,-0.03488801134574772,-4.659370474206278e-19,-1.0550097543687656e-21,5.911972239188362e-20,-4.6593670661861e-19,-1.1960894771884338e-21,5.911972239188362e-20,-1522.3118211011424,-22.25272089092052,353.737220497626,-1057164.4235489648,11.822441782375423,154322.49576069642,-0.098797986862439,4691.6876735617725
4.306323025655175,2001.0,12.0,14.0,14.0,21.0,32.0,1.0,3461523.9768638504,50600.068738526475,-804265.0609540666,585.8413138492239,-292.1152809548868,4643.039775239286,3554089.3204351407,4688.961477431225,3461539.2608868578,49543.46272252112,-804265.0609540666,3554089.3204351407,589.2638781670796,-537.6561629607253,4643.039775239286,4711.064043518857,20256073.01019829,0.8266100249720133,1.6336281753769406,0.0,3.6500241499888574e-08,6.054455781629119,-0.2282701297456681,0.014311575407823773,157889.32043514075,-0.10346160258294947,-0.10297447198060712,17.54002407193184,-16543165207.51569,-1040807659.7843002,-202385798.65218687,-16545988820.742159,-1890312089.928032,16575873903.593237,16654848719.36544,-0.9739595572299935,-0.013939847385843227,0.22629286673515492,-0.014311086860507848,0.9998975911526495,0.0,0.22626969234350894,0.003238496871760129,0.9740593095211325,4654.1874761689105,-546.0341087570143,-0.11678716302178271,1.2625849456074068e-10,198.6,0.0,-92.3,-1.474150543925932,0.0,3.04003343793342e-17,2.2964751371660808,1.5707963267948966,17.19790001942944,461.0,0.0006611822672008943,0.002582832620239693,0.0,0.0014071333615786942,-1522.3378626789654,-22.25331992777553,353.7063912032924,-0.004444002284962115,0.004742905506983507,-0.034946641240810046,-0.0044454498134798934,0.00474154878839758,-0.034946641240810046,-4.667198556586086e-19,-1.0554169662263e-21,5.920735980848743e-20,-4.667195117578525e-19,-1.1978795752359076e-21,5.920735980848743e-20,-1522.3423081287788,-22.24857837898713,353.6714445620516,-1057164.4360295683,11.975979987341338,154251.35960790748,-0.09870440202190157,4691.740941125072
4.401328519021133,2001.0,12.0,14.0,14.0,21.0,32.0,1.0,3461579.620103486,50572.31596436741,-803823.9432077159,585.5275723015759,-292.1198648971432,4643.11264326361,3554043.3251624545,4688.994729302571,3461595.2290233406,49492.381844495765,-803823.9432077159,3554043.3251624545,588.9445460873128,-537.6685607496114,4643.11264326361,4711.097343254429,20256072.35222317,0.8266100193475571,1.6336281752674684,0.0,3.6500241499888574e-08,6.054580454254991,-0.22814571556051932,0.014296590608383267,157843.3251624545,-0.10340526044203506,-0.10291839939113843,17.96234953403473,-16543165181.790434,-1040807656.3476188,-202392158.75316134,-16545984301.105848,-1890339193.0468876,16575873877.702953,16654847382.763227,-0.9739879096339131,-0.013925655180985584,0.2261716781888058,-0.014296103594037206,0.9998978054891553,0.0,0.22614856468478636,0.0032333737414244126,0.9740874560250016,4654.248263084833,-546.0332262160565,-0.11678546450557523,1.2683343546931882e-10,198.6,0.0,-92.3,-1.416656453068119,0.0,3.04002910140357e-17,2.2964744289570116,1.5707963267948966,17.198021581250238,461.0,0.000664207148954223,0.002645792203564769,0.0,0.001413594802730261,-1522.4214404459851,-22.241978104452787,353.52611806937944,-0.004461996425914413,0.004764684849197179,-0.03510740879588829,-0.004463482678701957,0.004763292579085368,-0.03510740879588829,-4.68866370822657e-19,-1.0565088601906733e-21,5.944745598334774e-20,-4.688660183994364e-19,-1.2027841203854119e-21,5.944745598334774e-20,-1522.4259039286637,-22.237214811873702,353.4910106605835,-1057164.4703692887,12.129518192307252,154180.2900620032,-0.09861082035630585,4691.794158733405
4.565944520376088,2001.0,12.0,14.0,14.0,21.0,32.0,1.0,3461675.962564005,50524.227706939724,-803059.6021846123,584.9839116072618,-292.1278019481589,4643.238813632615,3553963.6874959376,4689.052304030614,3461692.1331751007,49403.871229229546,-803059.6021846123,3553963.6874959376,588.3911982773676,-537.6900217112894,4643.238813632615,4711.155000855159,20256071.204958975,0.8266100095405755,1.6336281750765995,0.0,3.942476676500724e-08,6.054796482119966,-0.2279301354682939,0.01427062707214274,157763.6874959371,-0.10330763277265789,-0.1028212387743393,18.69812121987343,-16543165136.935959,-1040807650.3555416,-202403162.49883738,-16545976475.222862,-1890386121.236827,16575873832.560741,16654845068.213114,-0.9740370013780726,-0.013901062468097043,0.22596167907118783,-0.014270142706311943,0.9998981763295408,0.0,0.2259386708236417,0.003224505406503711,0.9741361915006184,4654.353515021013,-546.0316985062655,-0.11678252373008093,1.2782890630078602e-10,198.6,0.0,-92.3,-1.4,0.0,3.040021592968562e-17,2.296473202736519,1.5707963267948966,17.198232062288824,461.0,0.0006694448273409227,0.002755562471437308,0.0,0.0014247342012950342,-1522.5661613579875,-22.222322443592883,353.213700260453,-0.004492879605699459,0.004802317115110174,-0.03538457423071771,-0.004494433615920725,0.004800862765948637,-0.03538457423071771,-4.725671039388073e-19,-1.058180123733753e-21,5.985956968936196e-20,-4.725667367144231e-19,-1.2111240097204914e-21,5.985956968936196e-20,-1522.5706557916035,-22.217521580826936,353.1783156862223,-1057164.5302450135,12.283056397273167,154109.28712298351,-0.098517241862598,4691.847326384707
4.608427677335394,2001.0,12.0,14.0,14.0,21.0,32.0,1.0,3461700.811546797,50511.81715220084,-802862.3420501729,584.8435983727818,-292.1298491552698,4643.271356832843,3553943.1470717224,4689.0671541906295,3461717.1268570814,49381.0283420901,-802862.3420501729,3553943.1470717224,588.2483849648363,-537.695555974952,4643.271356832843,4711.169872389793,20256070.907409515,0.826610006997075,1.6336281750270971,0.0,3.6500241499888574e-08,6.054852234926495,-0.22787449821472783,0.014263926679261817,157743.14707172243,-0.10328243683022902,-0.10279616336634312,18.88882839679718,-16543165125.30287,-1040807648.8014821,-202405998.90824196,-16545974456.65327,-1890398225.323569,16575873820.85303,16654844471.171835,-0.9740496635995343,-0.013894715334086786,0.22590748045918874,-0.014263442995369335,0.999898271922658,0.0,0.22588449932554444,0.0032222184697571505,0.9741487618801254,4654.380662697437,-546.0313045459113,-0.11678176525334141,1.2807614364752853e-10,198.6,0.0,-92.3,-1.4,0.0,3.040019656360608e-17,2.2964728864644384,1.5707963267948966,17.198286351333383,461.0,0.0006707459634698157,0.002784031292373459,0.0,0.0014274987820406687,-1522.6034906918826,-22.21724906456186,353.1330612030646,-0.004500488014300214,0.004811662162723191,-0.03545336734206639,-0.004502059533582036,0.004810191793590459,-0.03545336734206639,-4.734856307100227e-19,-1.0585077399084097e-21,5.996110901969021e-20,-4.734852596804071e-19,-1.2131747116095237e-21,5.996110901969021e-20,-1522.607992751416,-22.212438872768267,353.0976078357225,-1057164.5457741246,12.436594602239081,154038.35079084846,-0.09842366653772437,4691.900444076913
4.631463879073186,2001.0,12.0,14.0,14.0,21.0,32.0,1.0,3461714.283245557,50505.0875772781,-802755.3785112547,584.7675130408069,-292.13095904351707,4643.289000051221,3553932.011227316,4689.075205148269,3461730.676973578,49368.64184423182,-802755.3785112547,3553932.0112273167,588.1709439684504,-537.6985561610525,4643.289000051221,4711.177934935496,20256070.74584794,0.8266100056160196,1.6336281750002166,0.0,3.942476676500724e-08,6.054882466774236,-0.2278443290237806,0.014260293458957936,157732.0112273167,-0.10326877437369017,-0.10278256626880548,18.992364555597305,-16543165118.986448,-1040807647.957639,-202407536.3532308,-16545973362.285995,-1890404787.5030777,16575873814.496086,16654844147.480482,-0.9740565283853313,-0.013891273577623348,0.22587809107637677,-0.014259810144571838,0.9998983237382892,0.0,0.22585512463647375,0.003220978694567439,0.9741555768827134,4654.395380742107,-546.0310909754785,-0.11678135405372841,1.2819987525203676e-10,198.6,0.0,-92.3,-1.4,0.0,3.040018606441301e-17,2.296472714999603,1.5707963267948966,17.19831578393154,461.0,0.0006713973998362707,0.0027994901597166045,0.0,0.0014288827222579618,-1522.6237289374674,-22.214497929369873,353.08933315762937,-0.004504248880112434,0.00481634140439299,-0.03548781064360614,-0.004505829789700985,0.00481486244911602,-0.03548781064360614,-4.739455089169796e-19,-1.0585972900249146e-21,6.001130876183824e-20,-4.739451358516082e-19,-1.2141883700192378e-21,6.001130876183824e-20,-1522.628234767257,-22.209683066920757,353.0538453469858,-1057164.5542060249,12.590132807204995,153967.48106559808,-0.09833009437863163,4691.953511807952
4.666829813419312,2001.0,12.0,14.0,14.0,21.0,32.0,1.0,3461734.962029478,50494.756062833236,-802591.1637784205,584.6507023691398,-292.13266271245,4643.3160822443615,3553914.917932375,4689.087563272125,3461751.4760862105,49349.62555096328,-802591.1637784205,3553914.9179323744,588.0520520168326,-537.703161145597,4643.3160822443615,4711.19031084675,20256070.49750782,0.826610003493166,1.633628174958898,0.0,3.6500241499888574e-08,6.054928880069227,-0.22779801192027024,0.014254715649758153,157714.9179323744,-0.10324779914489791,-0.10276169138133838,19.15148550271988,-16543165109.277369,-1040807646.6605473,-202409895.89765528,-16545971682.434736,-1890414860.3634984,16575873804.72472,16654843650.60725,-0.9740670657642577,-0.013885989589102012,0.22583297076941802,-0.014254232902281045,0.9998984032612351,0.0,0.22581002687608226,0.003219075762361312,0.9741660378567194,4654.417972813442,-546.0307631661133,-0.11678072287497171,1.2838980075139533e-10,198.6,0.0,-92.3,-1.4,0.0,3.040016994834972e-17,2.296472451804316,1.5707963267948966,17.198360962617805,461.0,0.0006723973544076245,0.002823252358226649,0.0,0.0014310070607027334,-1522.6547947990628,-22.210274118214645,353.0221975960058,-0.004510019358806854,0.0048235240593282195,-0.03554068113791571,-0.004511614714056136,0.004822031899484172,-0.03554068113791571,-4.746514218719185e-19,-1.0587309878504731e-21,6.008833310335761e-20,-4.746510456784559e-19,-1.2157436765156411e-21,6.008833310335761e-20,-1522.659306413777,-22.205452086315162,352.9866569148679,-1057164.5671668984,12.74367101217091,153896.6779472323,-0.0982365253822666,4692.006529575752
4.750657127425396,2001.0,12.0,14.0,14.0,21.0,32.0,1.0,3461783.960122382,50470.26719716869,-802201.924373241,584.3738183647507,-292.13669959540584,4643.380254148768,3553874.4156061118,4689.11684600196,3461800.759098347,49304.55088189173,-802201.924373241,3553874.4156061127,587.7702346938695,-537.7140714307329,4643.380254148768,4711.219635723362,20256069.907398548,0.8266099984488069,1.6336281748607142,0.0,3.942476676500724e-08,6.055038894548408,-0.22768822543596343,0.01424149480239328,157674.41560611269,-0.10319808103974096,-0.10271221111383944,19.529463350772858,-16543165086.206734,-1040807643.5783653,-202415484.8596551,-16545967701.955212,-1890438728.1000993,16575873781.506079,16654842473.207506,-0.9740920342870185,-0.013873464595535758,0.22572601914421495,-0.01424101339686578,0.9998985916268861,0.0,0.22570312863584405,0.0032145672626539465,0.9741908253937241,4654.471505244849,-546.029986508103,-0.11677922732639225,1.2883982659874787e-10,198.6,0.0,-92.3,-1.4,0.0,3.0400131761486576e-17,2.296471828165514,1.5707963267948966,17.198468014080365,461.0,0.0006747667957171777,0.0028797169379193065,0.0,0.0014360407398998068,-1522.7284076642532,-22.200261624881165,352.86305355776176,-0.004523680946229493,0.0048405438121974145,-0.03566596055450802,-0.004525310683742941,0.0048390202434671035,-0.03566596055450802,-4.7632411758528295e-19,-1.0590295982061677e-21,6.027069010229949e-20,-4.763237339642521e-19,-1.2194258652124629e-21,6.027069010229949e-20,-1522.7329329749368,-22.1954226046377,352.82738759720723,-1057164.5979647078,12.897209217136824,153825.94143575116,-0.09814295954557628,4692.0594973782445
4.811633150816887,2001.0,12.0,14.0,14.0,21.0,32.0,1.0,3461819.5867732805,50452.453773450805,-801918.7880876819,584.172404414306,-292.13963487988843,4643.426914622608,3553844.966250906,4689.138137844585,3461836.5927397986,49271.76297425502,-801918.7880876819,3553844.966250906,587.5652321626925,-537.7220033022023,4643.426914622608,4711.240958210837,20256069.476813585,0.826609994768085,1.6336281747890742,0.0,3.942476676500724e-08,6.0551189207003295,-0.2276083651221586,0.014231878080944246,157644.96625090623,-0.10316191531596519,-0.10267621839344362,19.805136412382126,-16543165069.372953,-1040807641.3294308,-202419546.8906211,-16545964807.651768,-1890456082.603948,16575873764.564304,16654841617.05744,-0.9741101892781295,-0.013864353521935926,0.22564821923947292,-0.014231397649974456,0.999898728532509,0.0,0.22562536751317383,0.003211289537005556,0.974208848837894,4654.510429559034,-546.0294218700326,-0.11677813992715852,1.2918792186367203e-10,198.5812078136328,0.0,-92.3,-1.3812078136327959,0.0,3.039981373790614e-17,2.296466634446302,1.5707963267948966,17.19935960183657,461.0,0.0006765989269533102,0.0029209159788469797,0.0,0.0014399448485042353,-1522.7819342008356,-22.192977772687506,352.7472800321078,-0.004534378140400639,0.004853712452001957,-0.0357630424012726,-0.00453603328339239,0.004852165675120592,-0.0357630424012726,-4.776167419271147e-19,-1.05942230861525e-21,6.041300285893869e-20,-4.776163528220064e-19,-1.2223181683771538e-21,6.041300285893869e-20,-1522.786470234119,-22.188125607012385,352.7115169897065,-1057164.6204369422,13.05074742210274,153755.27153115466,-0.09804939686550801,4692.11241521335
4.868904060603147,2001.0,12.0,14.0,14.0,21.0,32.0,1.0,3461853.0374411,50435.722591848666,-801652.8535490844,583.983222622147,-292.14239092728866,4643.470725886671,3553817.315585724,4689.158129456432,3461870.2376214317,49240.966932657946,-801652.8535490844,3553817.315585724,587.3726797809354,-537.7294499269863,4643.470725886671,4711.260978595677,20256069.07129846,0.8266099913016621,1.6336281747216028,0.0,3.942476676500724e-08,6.05519408539338,-0.22753335618586945,0.014222845803168327,157617.3155857236,-0.10312794656892478,-0.1026424121376327,20.064677208662033,-16543165053.519436,-1040807639.211404,-202423359.5051973,-16545962090.05661,-1890472377.2970173,16575873748.609077,16654840813.1506,-0.9741272356457248,-0.013855795771129071,0.22557514423527977,-0.014222366286330172,0.9998988570336589,0.0,0.225552328896059,0.0032082123264059086,0.9742257717301636,4654.546977038347,-546.0288917737595,-0.1167771189574893,1.2953355517845484e-10,198.5466444821545,0.0,-92.3,-1.3466444821545147,0.0,3.0399253784943947e-17,2.2964574897204497,1.5707963267948966,17.20092967823016,461.0,0.0006784175601515506,0.002959717506110976,0.0,0.0014438303586471026,-1522.8321933272432,-22.186135929490927,352.63853203877255,-0.004545110605848505,0.004866791249247548,-0.03585958977333575,-0.004546789959263616,0.004865222353550619,-0.03585958977333575,-4.788991932717762e-19,-1.0599503349837361e-21,6.05553844643134e-20,-4.788987989421283e-19,-1.2252276758157513e-21,6.05553844643134e-20,-1522.8367401172025,-22.181270707137376,352.6026724489992,-1057164.6416007876,13.204285627068653,153684.6682334428,-0.0979558373390092,4692.165283078994
5.00871980087108,2001.0,12.0,14.0,14.0,21.0,33.0,1.0,3461934.655199615,50394.876016980474,-801003.6157773656,583.5213459996029,-292.1491157012285,4643.577625726182,3553749.849509565,4689.206908762611,3461952.3287041485,49165.782621332604,-801003.6157773656,3553749.849509565,586.9025742643922,-537.7476160642624,4643.577625726182,4711.309828105745,20256068.076789703,0.8266099828003899,1.6336281745561227,0.0,4.2146848510894035e-08,6.055377590216618,-0.22735023159412673,0.01420079566168532,157549.84950956516,-0.10304501615911131,-0.10255987841895475,20.700851559638977,-16543165014.639975,-1040807634.0169164,-202432656.71139547,-16545955458.99606,-1890512136.0749614,16575873709.480171,16654838851.463902,-0.9741688287885302,-0.013834902484235833,0.22539673575727565,-0.01420031837160815,0.9998991703957679,0.0,0.22537400909361405,0.003200705407674549,0.9742670637509845,4654.636153122643,-546.0275985926287,-0.11677462790570177,1.3037688113043573e-10,198.5,0.0,-92.3,-1.3,0.0,3.039846962797118e-17,2.296444683465237,1.5707963267948966,17.203128909717506,461.0,0.0006828553317903382,0.003054881158048396,0.0,0.0014532886637338032,-1522.9548303096285,-22.16943053435245,352.37300736205776,-0.004571180306785991,0.004898687532467355,-0.03609475943350113,-0.004572919199106593,0.004897064318174867,-0.03609475943350113,-4.820300914664182e-19,-1.0611421892768516e-21,6.090214457383153e-20,-4.820296843502078e-19,-1.2322772043660076e-21,6.090214457383153e-20,-1522.9594032288276,-22.164533470034275,352.33691260262424,-1057164.6935042217,13.357823832034569,153614.13154261556,-0.09786228096302756,4692.218100973099
5.13894931200878,2001.0,12.0,14.0,14.0,21.0,33.0,1.0,3462010.618883801,50356.82917294519,-800398.8784551502,583.0911037169622,-292.15537483575787,4643.677123647978,3553687.057147944,4689.252310013916,3462028.7322249357,49095.750911418436,-800398.8784551502,3553687.057147944,586.4646669592091,-537.7645196405864,4643.677123647978,4711.355294696782,20256067.144394603,0.8266099748300645,1.6336281744010153,0.0,4.2146848510894035e-08,6.055548519601637,-0.2271796563493312,0.014180257861672815,157487.05714794341,-0.10296776873593147,-0.10248300048913266,21.296670079231262,-16543164978.189318,-1040807629.1475102,-202441303.01762474,-16545949286.93267,-1890549141.374228,16575873672.795689,16654837025.406944,-0.9742075417871573,-0.013815440167323244,0.225230546636124,-0.01417978263942048,0.9998994618281875,0.0,0.22520790236872884,0.0031937201950580957,0.9743054966805805,4654.71915443279,-546.0263952820978,-0.11677230949440622,1.3115819041402472e-10,198.48561905327048,0.0,-92.3,-1.3,0.0,3.039818827261529e-17,2.296440088583577,1.5707963267948966,17.203918135691843,461.0,0.0006869672597064996,0.0031440780445378715,0.0,0.0014620258503449657,-1523.068981203183,-22.153867491541224,352.1256398566156,-0.004595170578189955,0.004928213685890017,-0.03631211817466385,-0.0045969654286245375,0.004926539518210231,-0.03631211817466385,-4.849293667724281e-19,-1.0620958829541025e-21,6.122195660780742e-20,-4.849289477208205e-19,-1.2387365944157676e-21,6.122195660780742e-20,-1523.0735781686117,-22.148940952023015,352.0893277384409,-1057164.7421659455,13.511362037000483,153543.66145867296,-0.09776872773451097,4692.2708688935845
5.249612505575641,2001.0,12.0,14.0,14.0,21.0,33.0,1.0,3462075.1253772136,50324.49803199095,-799884.9896387011,582.7254777903775,-292.16069010548443,4643.76161754641,3553633.7354188776,4689.290864502455,3462093.6116872225,49036.239378089915,-799884.9896387011,3553633.735418878,586.0925273916057,-537.7788706305306,4643.76161754641,4711.393904669634,20256066.347931124,0.8266099680216971,1.633628174268487,0.0,4.2146848510894035e-08,6.055693772461422,-0.22703470440383455,0.014162806147920289,157433.73541887756,-0.10290212507375932,-0.10241767080634975,21.805388271808624,-16543164947.053442,-1040807624.9874911,-202448640.06942254,-16545944045.505703,-1890580565.9812138,16575873641.460043,16654835474.58027,-0.9742404168388881,-0.013798900795360065,0.2250893167931996,-0.014162332678072922,0.9998997091374292,0.0,0.22506674239146293,0.003187789786705439,0.9743381340507876,4654.789639305543,-546.0253736767752,-0.11677034081160803,1.3180990043594073e-10,198.42637268764176,0.0,-92.3,-1.3,0.0,3.0397222659386874e-17,2.296424318922821,1.5707963267948966,17.206627335122448,461.0,0.0006903973280236587,0.0032202896096883904,0.0,0.0014693144418081168,-1523.1659225968692,-22.140640424655743,351.9154016282856,-0.004615072888013625,0.004952820701790114,-0.036493259632181314,-0.0046169155374330695,0.004951103067596982,-0.036493259632181314,-4.873363333410609e-19,-1.0627316249188314e-21,6.148612655514201e-20,-4.873359041546007e-19,-1.2440717961872762e-21,6.148612655514201e-20,-1523.1705395124065,-22.135689321588146,351.8789083686534,-1057164.7837333996,13.664900241966398,153473.257981615,-0.09767517765040758,4692.323586838365
5.303049714237791,2001.0,12.0,14.0,14.0,21.0,33.0,1.0,3462106.2598823593,50308.88571172583,-799636.8388911784,582.5489154656361,-292.1632556118449,4643.802399999976,3553607.9993170393,4689.309473375098,3462124.92603406,49007.50179135688,-799636.8388911784,3553607.9993170393,585.9128196683442,-537.7857962106091,4643.802399999976,4711.4125403219705,20256065.961810857,0.8266099647210424,1.633628174204255,0.0,4.2146848510894035e-08,6.05576391393888,-0.22696470822730755,0.014154379165470965,157407.9993170388,-0.10287042621752518,-0.10238612356512072,22.05182594060898,-16543164931.959066,-1040807622.9710286,-202452179.6457207,-16545941515.60212,-1890595733.4872983,16575873626.268837,16654834725.996216,-0.9742562845140597,-0.013790913854531938,0.2250211162978187,-0.014153906540270175,0.9998998284476547,0.0,0.22499857558328867,0.003184927849666592,0.9743538870554597,4654.823660039308,-546.0248806629053,-0.11676939063133537,1.3212750939071625e-10,198.4,0.0,-92.3,-1.3,0.0,3.03967909093355e-17,2.296417267909391,1.5707963267948966,17.20783897289766,461.0,0.0006920689564243913,0.0032572264670096066,0.0,0.0014728664888147569,-1523.212714418278,-22.134252565350405,351.8138695019923,-0.004624775893511563,0.004964813928524168,-0.036581546526577274,-0.0046266418039461,0.004963075158412538,-0.036581546526577274,-4.88509915552813e-19,-1.0630468177646476e-21,6.161497436706099e-20,-4.885094814492276e-19,-1.246674039185728e-21,6.161497436706099e-20,-1523.217341060082,-22.129289490191994,351.77728795546574,-1057164.8038850296,13.818438446932312,153402.92111144168,-0.0975816307076657,4692.37625480536
5.33207037801781,2001.0,12.0,14.0,14.0,21.0,33.0,1.0,3462123.164447182,50300.40691990307,-799502.0723417557,582.4530257756827,-292.1646485754523,4643.824543187552,3553594.0258303056,4689.319577190655,3462141.9281968283,48991.89483601893,-799502.0723417557,3553594.0258303056,585.8152217539662,-537.7895561935187,4643.824543187552,4711.422658677583,20256065.751749814,0.826609962925385,1.6336281741693033,0.0,4.2146848510894035e-08,6.055802006777137,-0.2269266942972236,0.014149802676979038,157394.02583030565,-0.10285321100842666,-0.10236899069510252,22.185891956090927,-16543164923.74736,-1040807621.8738894,-202454101.00370312,-16545940141.960749,-1890603968.7814548,16575873618.004446,16654834319.534178,-0.97426489999456,-0.013786576204233646,0.22498407711470367,-0.014149330510064,0.999899893212374,0.0,0.22496155468147672,0.0031833740665976685,0.9743624402884407,4654.84213188695,-546.0246129990527,-0.11676887473329092,1.323196448332973e-10,198.4,0.0,-92.3,-1.3,0.0,3.0396777741571025e-17,2.296417052863478,1.5707963267948966,17.20787592891299,461.0,0.000693079800543361,0.003277325575222967,0.0,0.0014750145838890339,-1523.2381208164468,-22.13078324300749,351.75872619689704,-0.004630737438529843,0.004972073453057666,-0.03663499166927897,-0.004632616301573412,0.004970322912004711,-0.03663499166927897,-4.892234692895535e-19,-1.0633791159933444e-21,6.169452026568203e-20,-4.892230324439037e-19,-1.2482809147867686e-21,6.169452026568203e-20,-1523.2427534327483,-22.125812920095484,351.72209120522774,-1057164.8148481231,13.971976651898228,153332.650848153,-0.09748808690323384,4692.428872792482
5.4226039157403125,2001.0,12.0,14.0,14.0,21.0,33.0,1.0,3462175.8824388618,50273.956023991486,-799081.6473508049,582.1538757900051,-292.16899269075526,4643.893599261916,3553550.4485976403,4689.3510869472175,3462194.950338774,48943.20631413846,-799081.6473508049,3553550.4485976403,585.5107426507983,-537.8012806802889,4643.893599261916,4711.454213778018,20256065.094508264,0.8266099573071037,1.6336281740599388,0.0,4.712160915387242e-08,6.055920844003586,-0.22680810322715902,0.014135525913924151,157350.4485976398,-0.10279950512143708,-0.10231554167523042,22.605235129594803,-16543164898.054739,-1040807618.4410518,-202460090.78379482,-16545935858.054153,-1890629651.333724,16575873592.146973,16654833051.8713,-0.9742917683088139,-0.01377304389570527,0.22486852484847974,-0.014135055174768483,0.9999000951171103,0.0,0.22484605938483918,0.0031785290058020587,0.974389114539191,4654.899738441558,-546.0237783591133,-0.11676726589377567,1.3291883178245288e-10,198.4,0.0,-92.3,-1.3,0.0,3.039673667696195e-17,2.296416382227518,1.5707963267948966,17.207991179930048,461.0,0.0006962322675323668,0.0033402152844279327,0.0,0.0014817136767575657,-1523.3173552735973,-22.11995933483897,351.5866850856307,-0.004649313740786344,0.004994713489700772,-0.03680166851228563,-0.004651233200153565,0.0049929260781883,-0.03680166851228563,-4.9144879277174855e-19,-1.0643913841957546e-21,6.194238976856677e-20,-4.914483473520539e-19,-1.2532879808141132e-21,6.194238976856677e-20,-1523.3220065067974,-22.114966408760782,351.5498834171184,-1057164.8491495848,14.125514856864141,153262.4471917489,-0.09739454623406077,4692.481440797643
5.4678691254416885,2001.0,12.0,14.0,14.0,21.0,33.0,1.0,3462202.2303706417,50260.73088415681,-798871.4397524907,582.0043001151332,-292.1711638747556,4643.928113426844,3553528.669126601,4689.3668354084475,3462221.450159531,48918.86249380679,-798871.4397524907,3553528.6691266005,585.3585024517208,-537.8071397436988,4643.928113426844,4711.469984901531,20256064.7647098,0.8266099544878945,1.633628174005072,0.0,4.712160915387242e-08,6.055980261661826,-0.22674880863918695,0.014128387867355721,157328.6691266005,-0.10277265258019422,-0.10228881756324174,22.815529704093933,-16543164885.162462,-1040807616.7186738,-202463083.22436628,-16545933716.930271,-1890642487.3605947,16575873579.171986,16654832418.254221,-0.9743051970396761,-0.013766277705543386,0.22481074845214075,-0.014127917840965717,0.9999001959883191,0.0,0.22478831143757624,0.003176107783897855,0.9744024463128098,4654.928530132924,-546.0233612637904,-0.11676646182432059,1.3321829950924344e-10,198.4,0.0,-92.3,-1.3,0.0,3.039671615323466e-17,2.296416047049615,1.5707963267948966,17.20804878196585,461.0,0.0006978078868109052,0.003371766017142323,0.0,0.0014850618841713839,-1523.356957543413,-22.11454703944339,351.5006591048841,-0.004658589380760341,0.005006029173469851,-0.03688497460415328,-0.004660529244916008,0.005004223242566911,-0.03688497460415328,-4.925610212499044e-19,-1.0648836622328487e-21,6.206615915723054e-20,-4.925605715321681e-19,-1.2557881456951194e-21,6.206615915723054e-20,-1523.361618072658,-22.109542816200825,351.46377413027994,-1057164.866361782,14.279053061830057,153192.3101422295,-0.09730100869709546,4692.533958818751
5.482364426979932,2001.0,12.0,14.0,14.0,21.0,33.0,1.0,3462210.666351307,50256.49576999767,-798804.1245340782,581.9564005968747,-292.1718590415803,4643.939164128698,3553521.6958584194,4689.371877718789,3462229.934754187,48911.06680355157,-798804.1245340782,3553521.6958584194,585.309749663433,-537.8090155749501,4643.939164128698,4711.475034467775,20256064.658963926,0.8266099535839487,1.6336281739874767,0.0,4.712160915387242e-08,6.055999289163009,-0.22672982054819962,0.014126102059553234,157321.6958584194,-0.10276405350342618,-0.10228025961345519,22.882956802845,-16543164881.028742,-1040807616.1663699,-202464041.16455418,-16545933031.384876,-1890646597.170831,16575873575.011744,16654832215.379158,-0.9743094966296022,-0.013764110927071796,0.2247922463693055,-0.014125632261259112,0.9999002282794117,0.0,0.22476981846011032,0.0031753326073951683,0.9744067148640969,4654.937748618441,-546.0232277267936,-0.1167662043822017,1.3329226823978439e-10,198.4,0.0,-92.3,-1.2907731760215613,0.0,3.0396709582019534e-17,2.296415939733528,1.5707963267948966,17.208067224868497,461.0,0.0006981975831885527,0.0033818839509960497,0.0,0.001485895347892274,-1523.3696374827748,-22.112813782928708,351.4731097786264,-0.004660817218123324,0.005008838189681646,-0.036905722746093224,-0.004662763315345342,0.005007026604306978,-0.036905722746093224,-4.928379997582487e-19,-1.0648796105987452e-21,6.209589881559272e-20,-4.928375487306397e-19,-1.2563978155845573e-21,6.209589881559272e-20,-1523.3743002460901,-22.1078067563244,351.4362040558803,-1057164.8718806598,14.43259126679597,153122.23969959468,-0.09720747428928711,4692.586426853714
5.508117348667809,2001.0,12.0,14.0,14.0,21.0,33.0,1.0,3462225.652333119,50248.97147509054,-798684.529279678,581.8712994490137,-292.1730939676003,4643.958795101103,3553509.3082920853,4689.38083509518,3462245.007075014,48897.21660718247,-798684.529279678,3553509.3082920853,585.2231325529001,-537.8123477482526,4643.958795101103,4711.484004733796,20256064.470943134,0.8266099519766918,1.6336281739561915,0.0,4.712160915387242e-08,6.05603309435249,-0.22669608537577426,0.014122041018700177,157309.30829208484,-0.10274877595803222,-0.10226505513589673,23.002831131219864,-16543164873.678831,-1040807615.184348,-202465742.6832229,-16545931813.547482,-1890653898.0106518,16575873567.614676,16654831854.977877,-0.9743171346127878,-0.01376026129805857,0.22475937446285962,-0.014121571625466619,0.9999002856359362,0.0,0.2247369627247677,0.0031739556049723452,0.974414297714819,4654.954124755652,-546.022990515237,-0.11676574705482483,1.3342990786572418e-10,198.4,0.0,-92.3,-1.2770092134275826,0.0,3.0396697908667193e-17,2.296415749093217,1.5707963267948966,17.208099987631662,461.0,0.000698922540218971,0.00339987411952071,0.0,0.001487443886070139,-1523.3921628680034,-22.10973432241372,351.42416315027515,-0.00466498461731273,0.005014060071857368,-0.03694426804615373,-0.004666941892946068,0.005012238347467495,-0.03694426804615373,-4.93352573888656e-19,-1.0649160618307742e-21,6.21515254309056e-20,-4.933521205133113e-19,-1.2575348105337418e-21,6.21515254309056e-20,-1523.3968298098964,-22.10472208406625,351.387218882229,-1057164.881693475,14.586129471761886,153052.23586384451,-0.09711394300758507,4692.63884490044
5.536759700742982,2001.0,12.0,14.0,14.0,21.0,33.0,1.0,3462242.3171402332,50240.602930798756,-798551.5150642024,581.776648630884,-292.17446724764363,4643.980625418218,3553495.53299153,4689.390795984422,3462261.7678623665,48881.81234350202,-798551.5150642024,3553495.53299153,585.1267956693841,-537.8160530304785,4643.980625418218,4711.493979956611,20256064.26160116,0.826609950187175,1.6336281739213587,0.0,4.712160915387242e-08,6.056070692698527,-0.22665856490161465,0.014117524359104619,157295.5329915299,-0.10273178416781636,-0.10224814461161694,23.13627713918686,-16543164865.495485,-1040807614.0909699,-202467634.51478562,-16545930459.265505,-1890662016.7731302,16575873559.378824,16654831454.192043,-0.9743256283053893,-0.013755979679634095,0.2247228138181835,-0.014117055416102874,0.9999003494080692,0.0,0.22470042005676613,0.003172424415933865,0.9744227301072353,4654.972335580591,-546.0227267423555,-0.11676523849792374,1.335829667607789e-10,198.4,0.0,-92.3,-1.26170332392211,0.0,3.039668492758002e-17,2.2964155370959753,1.5707963267948966,17.208136420872535,461.0,0.0006997287212626267,0.003419904211215632,0.0,0.0014891659358744324,-1523.417212113447,-22.106309218401275,351.36972267524936,-0.004669617164871401,0.00501986706224184,-0.0369871324995877,-0.004671586895175892,0.005018034044310881,-0.0369871324995877,-4.939248076992799e-19,-1.0649537989852359e-21,6.221336119299541e-20,-4.93924351710945e-19,-1.2587987477351087e-21,6.221336119299541e-20,-1523.4218837003423,-22.101291184356963,351.3327355427498,-1057164.8926190417,14.7396676767278,152982.298634979,-0.09702041484893892,4692.691212956832
5.624615709596968,2001.0,12.0,14.0,14.0,21.0,33.0,1.0,3462293.416960851,50214.933463219015,-798143.5105204354,581.4863120980636,-292.17867824313055,4644.047565440521,3553453.293355499,4689.421339701877,3462313.1617863434,48834.561472486595,-798143.5105204354,3553453.293355499,584.8312872951866,-537.8274134550054,4644.047565440521,4711.524567625333,20256063.617961287,0.8266099446851473,1.6336281738142617,0.0,4.712160915387242e-08,6.056186021657392,-0.22654347479637374,0.0141036703487823,157253.2933554994,-0.10267966359587086,-0.10219627331063352,23.546427011489868,-16543164840.335312,-1040807610.7292904,-202473433.5134468,-16545926306.490507,-1890686911.8252208,16575873534.057217,16654830225.182138,-0.9743516731345321,-0.013742846026371294,0.22461066591556478,-0.01410320278498656,0.9999005448899433,0.0,0.22458832723706623,0.003167729769078079,0.9744485870259993,4655.0281768463465,-546.0219180101375,-0.11676367911499977,1.3405229605000669e-10,198.4,0.0,-92.3,-1.2147703949993325,0.0,3.039664512319113e-17,2.296414887040973,1.5707963267948966,17.208248138467503,461.0,0.0007022008031646615,0.003481488204936078,0.0,0.0014944465376799901,-1523.494024176236,-22.095802360613884,351.20272093527063,-0.00468381085643342,0.005037674004405749,-0.03711857609558164,-0.0046858189344104574,0.005035806234102883,-0.03711857609558164,-4.956795567952646e-19,-1.0650511379689388e-21,6.240282232362829e-20,-4.956790927799901e-19,-1.2626715655097593e-21,6.240282232362829e-20,-1523.4987099951704,-22.090766554379783,351.16560235917507,-1057164.9262106344,14.893205881693714,152912.4280129981,-0.09692688981029846,4692.743531020792
5.654677686948164,2001.0,12.0,14.0,14.0,21.0,33.0,1.0,3462310.8960958445,50206.14997276571,-798003.9009236185,581.3869633374752,-292.1801186726065,4644.070463212048,3553438.8449230995,4689.431787558581,3462330.7414513053,48818.39325856534,-798003.9009236185,3553438.8449230986,584.7301688358027,-537.8312989710549,4644.070463212048,4711.535030515873,20256063.39719168,0.8266099427979403,1.6336281737775298,0.0,4.712160915387242e-08,6.056225484772671,-0.22650409340830147,0.014098929928151495,157238.84492309857,-0.1026618290285796,-0.10217852403727005,23.68704980611801,-16543164831.70539,-1040807609.5762745,-202475416.4241453,-16545924885.963774,-1890695427.474545,16575873525.371925,16654829804.764881,-0.9743605821155576,-0.013738351886458831,0.22457229060343892,-0.014098462835656366,0.999900611733822,0.0,0.22454997075284422,0.003166124092990805,0.9744574317501635,4655.047278125153,-546.0216414049726,-0.11676314572188824,1.3421588230739463e-10,198.39855615387322,0.0,-92.30144384612677,-1.2,0.0,3.039660919811614e-17,2.2964143003399746,1.5707963267948966,17.208348969418676,461.0,0.0007030623805078568,0.0035026100560193426,0.0,0.0014962861951339015,-1523.520299366842,-22.09220689072607,351.1455725717716,-0.004688764574662495,0.005043889489905715,-0.03716435962675229,-0.004690785874120253,0.005042009748715803,-0.03716435962675229,-4.962904953950565e-19,-1.0650996246291985e-21,6.246891032333259e-20,-4.962900286195661e-19,-1.2640211513572927e-21,6.246891032333259e-20,-1523.524990152716,-22.087164880977355,351.10840821214487,-1057164.9377326146,15.04674408665963,152842.62399790183,-0.09683336788861374,4692.795799090218
5.678087953731463,2001.0,12.0,14.0,14.0,21.0,33.0,1.0,3462324.5056141666,50199.309945110654,-797895.1817864227,581.3095959491824,-292.1812402204957,4644.088291888964,3553427.5951556037,4689.439922457643,3462344.429218829,48805.80244896091,-797895.1817864227,3553427.5951556037,584.6514233122637,-537.8343241457383,4644.088291888964,4711.543177120477,20256063.225067478,0.8266099413265685,1.6336281737488891,0.0,4.712160915387242e-08,6.05625621624182,-0.22647342558200062,0.014095238422236943,157227.59515560372,-0.10264794054853807,-0.10216470197848584,23.796678751707077,-16543164824.97706,-1040807608.6772817,-202476960.10577655,-16545923779.90757,-1890702057.9163532,16575873518.600424,16654829477.412659,-0.9743675188257814,-0.01373485209477688,0.22454240600658223,-0.014094771696538135,0.999900663771568,0.0,0.2245201008108465,0.0031648739488541497,0.9744643184359164,4655.062150771784,-546.0214260460988,-0.1167627304165308,1.3437056661044893e-10,198.38449394450464,0.0,-92.31550605549535,-1.2,0.0,3.039638131093814e-17,2.296410578659925,1.5707963267948966,17.208988609178135,461.0,0.0007038762254713937,0.003519078650907651,0.0,0.0014980170291703126,-1523.540757965985,-22.089406870768375,351.101067524189,-0.004693538844001662,0.005049842074645198,-0.037207353165347186,-0.004695570905425056,0.005047952627663526,-0.037207353165347186,-4.968618888891721e-19,-1.0653280281982326e-21,6.253228567390255e-20,-4.968614198773074e-19,-1.2653030584699458e-21,6.253228567390255e-20,-1523.5454535368904,-22.084358918140712,351.06386017102363,-1057164.9467157833,15.200282291625543,152772.88658969023,-0.09673984908083494,4692.848017163011
5.747211913351995,2001.0,12.0,14.0,14.0,21.0,33.0,1.0,3462364.6801396227,50179.11310641711,-797574.1621956228,581.0811456617444,-292.1845510056832,4644.140921775613,3553394.3864806993,4689.4639364218165,3462384.834603982,48768.62490220368,-797574.1621956228,3553394.3864806993,584.418903718112,-537.8432535394699,4644.140921775613,4711.567225638602,20256062.715692952,0.8266099369722719,1.6336281736641218,0.0,4.942156062059701e-08,6.056346958794988,-0.22638287094401724,0.01408433853193705,157194.3864806993,-0.10260693121483642,-0.10212388876826947,24.121056705713272,-16543164805.06579,-1040807606.0166987,-202481515.7272613,-16545920514.823896,-1890721630.7503104,16575873498.561384,16654828511.03753,-0.9743879958208485,-0.013724517911028836,0.2244541628224793,-0.014083872888155166,0.9999008173436355,0.0,0.22443190086237846,0.003161183898409081,0.9744846477968034,4655.106054503636,-546.0207903702769,-0.11676150447180925,1.3482718589038454e-10,198.34298310087414,0.0,-92.35701689912587,-1.2,0.0,3.0395708564002173e-17,2.2963995918686897,1.5707963267948966,17.210877180788703,461.0,0.0007062786976076873,0.003567816428418039,0.0,0.0015031264386988514,-1523.6011523214963,-22.081138647799744,350.9696478691261,-0.0047076232090471695,0.005067415633723462,-0.03733426981660783,-0.004709687161589506,0.005065497440846605,-0.03733426981660783,-4.985486014890366e-19,-1.0659880781085915e-21,6.271924358123636e-20,-4.985481258627934e-19,-1.2690846911189538e-21,6.271924358123636e-20,-1523.6058620086578,-22.076073150358898,350.9323135993095,-1057164.9733000658,15.353820496591458,152703.21578836322,-0.09664633338391256,4692.900185237063
5.945471165981942,2001.0,12.0,14.0,14.0,21.0,33.0,1.0,3462479.8198961904,50121.183874924456,-796653.403332242,580.4258612244222,-292.19404000704924,4644.2917637954015,3553299.2107761237,4689.532761869945,3462500.6349449432,48661.98996386149,-796653.403332242,3553299.210776123,583.7519473263443,-537.8688388652847,4644.2917637954015,4711.636150116793,20256061.245003354,0.8266099244003189,1.633628173419349,0.0,5.16191365590357e-08,6.056607233238085,-0.22612313543903503,0.014053076562255934,157099.21077612275,-0.10248930498553223,-0.10200682505544323,25.056973487138748,-16543164747.578146,-1040807598.3345387,-202494561.82933396,-16545911156.550505,-1890777727.490327,16575873440.704813,16654825740.9919,-0.9744466844909051,-0.013694875403761051,0.2242010469921092,-0.01405261401224218,0.9999012571446357,0.0,0.22417890874055352,0.003150610774520681,0.974542913640873,4655.231886455264,-546.0189689549956,-0.11675799103601042,1.3613585182831217e-10,198.3,0.0,-92.4,-1.2,0.0,3.039495462918085e-17,2.296387279178666,1.5707963267948966,17.212994178334714,461.0,0.00071316501464612,0.0037085254190432977,0.0,0.0015177640563901252,-1523.7742562323654,-22.057419437259973,350.59264177140085,-0.004747934887972755,0.005117211439962374,-0.037698262351449706,-0.004750091007727497,0.005115210068024286,-0.037698262351449706,-5.034000599149187e-19,-1.0677881880488886e-21,6.325614127555602e-20,-5.033995652154592e-19,-1.2799354846703103e-21,6.325614127555602e-20,-1523.779006323373,-22.05230422719195,350.5549435090494,-1057165.0500554387,15.507358701557372,152633.61159392085,-0.09655282079479716,4692.952303310271
6.035656514065391,2001.0,12.0,14.0,14.0,21.0,34.0,1.0,3462532.152362314,50094.83205921695,-796234.5531710241,580.1277569092707,-292.19835303765615,4644.36032600279,3553255.952222595,4689.564044727745,3462553.267135875,48613.48155110808,-796234.5531710241,3553255.952222595,583.448533362028,-537.8804646619891,4644.36032600279,4711.667477984418,20256060.5713238,0.8266099186414636,1.633628173307217,0.0,5.16191365590357e-08,6.056725633031364,-0.2260049807838082,0.014038856307323256,157055.952222595,-0.10243579626131463,-0.1019535722125649,25.48535257577896,-16543164721.245342,-1040807594.815459,-202500486.4147267,-16545906902.817001,-1890803224.7565486,16575873414.203007,16654824481.766094,-0.9744733601220074,-0.013681390309273919,0.22408589864543024,-0.014038395160037727,0.9999014568752916,0.0,0.22406381652077464,0.0031458063949767125,0.974569397235656,4655.289080780813,-546.0181413071623,-0.11675639418850679,1.3672063703206705e-10,198.27328024732776,0.0,-92.4,-1.1732802473277448,0.0,3.039450091833406e-17,2.29637986951823,1.5707963267948966,17.214268427780755,461.0,0.0007162425946464269,0.0037729823239743597,0.0,0.0015243209271445324,-1523.852941162742,-22.04662767345288,350.4211115779133,-0.004765938019450434,0.005139333216446274,-0.03786130951982788,-0.004768136300871287,0.00513729377505556,-0.03786130951982788,-5.0557137745590315e-19,-1.068507676223728e-21,6.349570215239347e-20,-5.055708740575839e-19,-1.2848019162676852e-21,6.349570215239347e-20,-1523.8577092990429,-22.04149037967782,350.38325026839345,-1057165.085214816,15.660896906523288,152564.07400636314,-0.09645931131043961,4693.004371380527
6.111320288525345,2001.0,12.0,14.0,14.0,21.0,34.0,1.0,3462576.0375558357,50072.72309208483,-795883.1411633613,579.8776412405499,-292.2019699554464,4644.417822465299,3553219.676271337,4689.5902784454265,3462597.403423344,48572.78311612708,-795883.1411633613,3553219.676271337,583.1939628834896,-537.8902123992041,4644.417822465299,4711.693749446362,20256060.00390976,0.8266099137909975,1.633628173212771,0.0,5.16191365590357e-08,6.0568249704040875,-0.22590584906891206,0.014026925967764375,157019.67627133755,-0.10239090240648417,-0.10190889303750353,25.845985740423203,-16543164699.066526,-1040807591.8514682,-202505452.25402394,-16545903335.568665,-1890824606.6540892,16575873391.881845,16654823425.70174,-0.974495730322227,-0.013670076027243603,0.2239892868088983,-0.014026465995133004,0.9999016242869533,0.0,0.22396725170309364,0.0031417781146991053,0.9745916064664425,4655.337044077257,-546.0174473549706,-0.11675505512262523,1.372043163821662e-10,198.23297363481947,0.0,-92.4,-1.132973634819483,0.0,3.0393843756731224e-17,2.2963691372548003,1.5707963267948966,17.216114416783096,461.0,0.0007187882242538257,0.0038272723534403226,0.0,0.0015297562537431092,-1523.9189285098346,-22.037572516652375,350.27718396527865,-0.00478082560221134,0.005157641444415718,-0.03799639675592313,-0.004783059365484876,0.005155569979562055,-0.03799639675592313,-5.073666007955443e-19,-1.0690521229763027e-21,6.369334078703954e-20,-5.073660900949876e-19,-1.2888355177099778e-21,6.369334078703954e-20,-1523.9237115692001,-22.032416946672814,350.2391875685227,-1057165.1148281936,15.814435111489201,152494.60302569004,-0.09636580492779098,4693.056389445718
6.206391251265698,2001.0,12.0,14.0,14.0,21.0,34.0,1.0,3462631.1521418765,50044.94295354903,-795441.588456951,579.5633574336326,-292.2065124740776,4644.490032814939,3553174.117988805,4689.62322539128,3462652.8330291933,48521.64479388966,-795441.588456951,3553174.117988805,582.874081491442,-537.9024524886821,4644.490032814939,4711.726743794163,20256059.288056474,0.8266099076716097,1.6336281730936244,0.0,5.372690074837192e-08,6.056949789936188,-0.22578128793390997,0.014011935820150825,156974.11798880482,-0.10233449224131339,-0.10185275261615469,26.30070450901985,-16543164671.085907,-1040807588.1122085,-202511685.6214795,-16545898855.354439,-1890851460.1449785,16575873363.72165,16654822099.282988,-0.9745238251901798,-0.013655859010183903,0.223867888834897,-0.01401147732061057,0.9999018344334077,0.0,0.2238459127167477,0.0031367198472231276,0.974619499265537,4655.3972815976695,-546.0165759632513,-0.11675337344819287,1.3781837765393361e-10,198.2,0.0,-92.4,-1.1,0.0,3.0393291155819436e-17,2.296360112597043,1.5707963267948966,17.21766700912297,461.0,0.0007220201271929808,0.0038957606149692993,0.0,0.0015366452707530562,-1524.001805149561,-22.0261933912996,350.0963179256227,-0.004799691002716679,0.005180875845488893,-0.03816768650703628,-0.004801969728052922,0.005178763846594382,-0.03816768650703628,-5.096465632077672e-19,-1.0697323503407623e-21,6.394424438192893e-20,-5.096460432905436e-19,-1.2939378204641538e-21,6.394424438192893e-20,-1524.0066071192891,-22.021014627453006,350.05815023911566,-1057165.1521886252,15.967973316455117,152425.1986519016,-0.09627230164380253,4693.108357503735
6.290691521426233,2001.0,12.0,14.0,14.0,21.0,34.0,1.0,3462679.997742652,50020.30969589816,-795050.0539946762,579.284664883201,-292.2105383987135,4644.554031143638,3553133.7417139346,4689.652425279802,3462701.957515687,48476.29901461294,-795050.0539946762,3553133.7417139346,582.5904253726156,-537.9132985541278,4644.554031143638,4711.755985692579,20256058.650595296,0.8266099022223385,1.6336281729875206,0.0,5.372690074837192e-08,6.057060471201478,-0.22567083578156047,0.013998644140670405,156933.74171393458,-0.10228447156505552,-0.10180297112443953,26.705426454544067,-16543164646.169754,-1040807584.7823786,-202517207.05666882,-16545894884.57773,-1890875259.540512,16575873338.64558,16654820923.61824,-0.9745487249363641,-0.013643251996258744,0.22376023864814212,-0.013998186944678094,0.9999020205811476,0.0,0.2237383147499971,0.003132237651382478,0.9746442200106286,4655.450668656654,-546.0158038082878,-0.11675188308593414,1.3837355143339952e-10,198.2,0.0,-92.4,-1.1,0.0,3.039325312720353e-17,2.2963594915426144,1.5707963267948966,17.217773865334507,461.0,0.0007249421229970365,0.003956750634601212,0.0,0.0015428543861405037,-1524.0752590937025,-22.016102125931717,349.9359218363595,-0.004816703898050188,0.005201866283009228,-0.03832219153305551,-0.004819022926421823,0.005199718002201751,-0.03832219153305551,-5.117091809682893e-19,-1.0703534800062965e-21,6.41712718553235e-20,-5.117086528281564e-19,-1.2985240093732286e-21,6.41712718553235e-20,-1524.0800781166288,-22.010902407929514,349.89759964482647,-1057165.185457768,16.12151152142103,152355.86088499776,-0.09617880145542572,4693.160275552461
6.349845781261994,2001.0,12.0,14.0,14.0,21.0,34.0,1.0,3462714.2591138957,50003.02411425516,-794775.3075108918,579.0890957870549,-292.21336232224485,4644.598921818434,3553105.4209128525,4689.672906987875,3462736.414333727,48444.478926581265,-794775.3075108918,3553105.420912853,582.3913732173884,-537.9209052215746,4644.598921818434,4711.77649686712,20256058.201748636,0.8266098983854154,1.6336281729128108,0.0,5.372690074837192e-08,6.057138138743281,-0.22559332900479295,0.013989317371611774,156905.4209128525,-0.10224937088738623,-0.10176803828488028,26.990276873111725,-16543164628.626078,-1040807582.4377948,-202521078.273559,-16545892099.2964,-1890891953.1489604,16575873320.989305,16654820098.913937,-0.9745661904520954,-0.013634405171725827,0.22368469644413216,-0.013988861088842168,0.9999021510955145,0.0,0.22366280914163494,0.0031290941462567925,0.9746615600179872,4655.488116195394,-546.0152622695769,-0.11675083773057769,1.3876868630721215e-10,198.19427614106564,0.0,-92.4,-1.0942761410656534,0.0,3.039313797386278e-17,2.2963576109458446,1.5707963267948966,17.218097441895384,461.0,0.0007270216919176497,0.003999694573306595,0.0,0.001547277204822549,-1524.1267835783592,-22.00902026838135,349.82335892019483,-0.004828837740599472,0.005216807984562948,-0.038432221489684004,-0.004831185295224615,0.005214634034718352,-0.038432221489684004,-5.131768855725453e-19,-1.0708211700319925e-21,6.433304004791398e-20,-5.131763516240418e-19,-1.3017978925750098e-21,6.433304004791398e-20,-1524.1316147636544,-22.00380563434663,349.78492669870514,-1057165.2088831086,16.275049726386946,152286.58972497858,-0.09608530435961221,4693.212143589782
6.38713265638354,2001.0,12.0,14.0,14.0,21.0,34.0,1.0,3462735.8492383948,49992.12835792753,-794602.1244034902,578.9658187573185,-292.21514186613877,4644.627210457495,3553087.5742943687,4689.685813841621,3462758.1275489004,48424.42144760109,-794602.1244034902,3553087.5742943687,582.2659006677881,-537.9256982104891,4644.627210457495,4711.789422289357,20256057.91813654,0.8266098959609817,1.633628172865604,0.0,5.771194914292421e-08,6.057187095784074,-0.22554447329706956,0.013983438454193435,156887.57429436827,-0.10222724547187917,-0.10174601866332204,27.17021283507347,-16543164617.54086,-1040807580.9563305,-202523517.06309593,-16545890344.084803,-1890902472.8642924,16575873309.832937,16654819579.18868,-0.9745771966334357,-0.013628828570941715,0.22363707839689134,-0.013982982746427754,0.9999022333175944,0.0,0.2236152141416736,0.0031271134086852427,0.9746724871289343,4655.511714404802,-546.0149210424653,-0.11675017899741083,1.3903638558447584e-10,198.17196786796035,0.0,-92.4,-1.0719678679603464,0.0,3.039277631446335e-17,2.296351704599628,1.5707963267948966,17.2191137732379,461.0,0.0007284300425461711,0.00402682937544782,0.0,0.0015502849600712825,-1524.1592531829767,-22.004556033289436,349.75240192658754,-0.004837173168122892,0.005226936118235033,-0.038506961357579396,-0.004839539089420073,0.005224745624859941,-0.038506961357579396,-5.141700548247469e-19,-1.071273694785987e-21,6.444367528351612e-20,-5.141695171271649e-19,-1.3040563754892935e-21,6.444367528351612e-20,-1524.1640927220662,-21.999331287664575,349.71389496522994,-1057165.2236848455,16.42858793135286,152217.385171844,-0.09599181035331389,4693.263961613578
6.487588847076896,2001.0,12.0,14.0,14.0,21.0,34.0,1.0,3462793.9932567077,49962.77329714653,-794135.5390193799,578.6336796836592,-292.2199344117212,4644.703395518493,3553039.511852335,4689.720573517453,3462816.6027837647,48370.38283271866,-794135.5390193799,3553039.5118523347,581.9278464210024,-537.9386045000672,4644.703395518493,4711.82423197138,20256057.15135318,0.8266098894061928,1.6336281727379673,0.0,5.771194914292421e-08,6.057318995518706,-0.22541284655860772,0.013967600006553347,156839.51185233472,-0.10216763525849233,-0.1016866934742739,27.65651711821556,-16543164587.570822,-1040807576.9509058,-202530082.25833607,-16545885616.995497,-1890930803.6535652,16575873279.670538,16654818179.407541,-0.9746068376758541,-0.013613803806955507,0.22350878349938944,-0.013967145845506946,0.9999024546609185,0.0,0.2234869812593153,0.0031217797768878087,0.9747019153046859,4655.575267484682,-546.0140021990102,-0.11674840500180611,1.3975732221497952e-10,198.11188981541838,0.0,-92.4,-1.0118898154183735,0.0,3.039180225597507e-17,2.296335797017312,1.5707963267948966,17.221851680862308,461.0,0.0007322229614239293,0.004100195250983552,0.0,0.0015583855374258137,-1524.2467002735232,-21.99252756097872,349.56121481018477,-0.004859601048349163,0.005254213254191316,-0.03870825361927925,-0.004862016713872518,0.005251977983927605,-0.03870825361927925,-5.168448026970756e-19,-1.0724595758885875e-21,6.474135047141838e-20,-5.168442548726868e-19,-1.3101334352012378e-21,6.474135047141838e-20,-1524.251562290237,-21.98727558299479,349.5225065565655,-1057165.2637033276,16.582126136318774,152148.2472255941,-0.09589831943348281,4693.3157296217305
6.521421087839639,2001.0,12.0,14.0,14.0,21.0,34.0,1.0,3462813.567838098,49952.886814713136,-793978.3978625417,578.521815598276,-292.221547882628,4644.72904419256,3553023.3313021054,4689.7322757419715,3462836.288780497,48352.18309087912,-793978.3978625417,3553023.3313021054,581.8139901461126,-537.9429489545532,4644.72904419256,4711.835951030722,20256056.892127845,0.8266098871902245,1.6336281726948318,0.0,5.771194914292421e-08,6.057363418307857,-0.22536851570814131,0.013962265904212052,156823.33130210498,-0.10214755898769147,-0.10166671319577823,27.82080066204071,-16543164577.438925,-1040807575.5970376,-202532291.60006458,-16545884025.532972,-1890940341.5098011,16575873269.473623,16654817708.11909,-0.9746168166904334,-0.013608743479080705,0.22346557391492447,-0.013961812263283798,0.999902529148879,0.0,0.22344379253523874,0.0031199843903071444,0.9747118226813879,4655.596663430804,-546.0136929000362,-0.11674780778328042,1.3998891597193383e-10,198.1,0.0,-92.4,-1.0,0.0,3.0391603190802814e-17,2.296332546036337,1.5707963267948966,17.22241132928598,461.0,0.0007334417303514253,0.0041249895582013835,0.0,0.0015609834294719957,-1524.2761411555487,-21.988476151503516,349.4968194924677,-0.004866738982318263,0.00526297471728578,-0.038772845662108486,-0.004869171291899801,0.005260724486888128,-0.038772845662108486,-5.177045941860174e-19,-1.072753099671311e-21,6.483628463374905e-20,-5.177040429907577e-19,-1.312063849641563e-21,6.483628463374905e-20,-1524.2810103268405,-21.983215427016628,349.4580466468056,-1057165.277232321,16.73566434128469,152079.1758862288,-0.09580483159707133,4693.367447612116
6.546249230668622,2001.0,12.0,14.0,14.0,21.0,34.0,1.0,3462827.9304412473,49945.63148168753,-793863.0776327974,578.4397215963828,-292.22273175557723,4644.747863730707,3553011.4590269383,4689.740862148586,3462850.7331040776,48338.82692693728,-793863.0776327974,3553011.459026939,581.7304341417437,-537.9461364715451,4644.747863730707,4711.844549789644,20256056.70168719,0.8266098855622543,1.6336281726631336,0.0,5.771194914292421e-08,6.057396018692036,-0.225335982792887,0.013958351438513629,156811.45902693877,-0.10213282568394834,-0.10165205033701352,27.94150334596634,-16543164569.995571,-1040807574.6022761,-202533912.39583328,-16545882857.803905,-1890947339.825106,16575873261.982494,16654817362.307854,-0.974624138716526,-0.013605029841411152,0.22343386357954845,-0.01395789817902472,0.9999025837942535,0.0,0.22341209750032323,0.003118667117589437,0.9747190921521521,4655.612362555775,-546.0134659674243,-0.11674736958465165,1.4014721297414997e-10,198.1,0.0,-92.4,-1.0,0.0,3.0391592011773156e-17,2.2963323634689274,1.5707963267948966,17.22244275893773,461.0,0.0007342751088224481,0.0041432096593276135,0.0,0.0015627542351215262,-1524.297743423519,-21.985502857977103,349.449560339179,-0.004871549465432224,0.005268961816518578,-0.03881691393341411,-0.004873993810813601,0.0052667007841944525,-0.03881691393341411,-5.182928672235083e-19,-1.0728658658428995e-21,6.490048269422191e-20,-5.182923136027202e-19,-1.3133606780994017e-21,6.490048269422191e-20,-1524.3026174173299,-21.98023615719291,349.4107434252456,-1057165.2871714346,16.889202546250605,152010.17115374815,-0.09571134684103189,4693.419115582609
6.611569241188532,2001.0,12.0,14.0,14.0,21.0,34.0,1.0,3462865.707075945,49926.54338806423,-793559.6810366205,578.2237360879981,-292.2258456238099,4644.797363619602,3552980.2324730447,4689.763446370586,3462888.7245625295,48303.68800582208,-793559.6810366205,3552980.2324730447,581.510602217439,-537.9545196092314,4644.797363619602,4711.867166500653,20256056.199630473,0.8266098812704513,1.6336281725795654,0.0,5.771194914292421e-08,6.0574817876217875,-0.2252503913622803,0.013948053010680455,156780.2324730442,-0.10209406354560002,-0.10161347353148015,28.259633123874664,-16543164550.372873,-1040807571.9797665,-202538174.2907639,-16545879786.371166,-1890965746.9838483,16575873242.23385,16654816452.706923,-0.9746433973690287,-0.013595259428786744,0.22335043515968708,-0.013947600753685322,0.9999027274856369,0.0,0.22332870930127502,0.0031152026977691962,0.9747382126058147,4655.653654998236,-546.01286913426,-0.11674621704303671,1.4056356702607775e-10,198.1,0.0,-92.4,-1.0,0.0,3.0391562608559317e-17,2.296331883278005,1.5707963267948966,17.222525426140916,461.0,0.000736467111061372,0.0041912441473024075,0.0,0.0015674118837786866,-1524.3545634631616,-21.977679959122987,349.3252189066233,-0.004884194030762955,0.005284709514306634,-0.03893282508750585,-0.00488667013977842,0.005282419987632705,-0.03893282508750585,-5.198401786772943e-19,-1.0731497912706681e-21,6.506923160701145e-20,-5.198396186670675e-19,-1.3167694534436402e-21,6.506923160701145e-20,-1524.3594501333014,-21.972397539135354,349.2862860815358,-1057165.3133738171,17.04274075121652,151941.23302815214,-0.09561786516231716,4693.470733531087
6.7144825194705104,2001.0,12.0,14.0,14.0,21.0,34.0,1.0,3462925.1964652394,49896.469215952726,-793081.6657016329,577.8834292897503,-292.23074934595195,4644.875316126668,3552931.0579331694,4689.79901179931,3462948.551902152,48248.32466336858,-793081.6657016329,3552931.0579331694,581.1642351372053,-537.967719051056,4644.875316126668,4711.902783091606,20256055.405551814,0.8266098744823072,1.6336281724473949,0.0,5.771194914292421e-08,6.057616921728343,-0.2251155368989691,0.013931827834111388,156731.05793316942,-0.10203299138378186,-0.10155269336638319,28.762529015541077,-16543164519.33697,-1040807567.83198,-202544882.44537327,-16545874949.395725,-1890994734.3575962,16575873210.998747,16654815020.162006,-0.9746737258438777,-0.01357986515264269,0.22321898533066067,-0.01393137715354479,0.9999029536563064,0.0,0.22319732274429135,0.0031097478724730157,0.974768323545626,4655.718682366832,-546.0119293987447,-0.11674440209390677,1.4122295341892073e-10,198.08882241646174,0.0,-92.4,-0.988822416461753,0.0,3.039134348610302e-17,2.296328304736724,1.5707963267948966,17.223141515351728,461.0,0.00073993858248351,0.004267214060763845,0.0,0.0015747956694311413,-1524.4440464165482,-21.965353312023016,349.1292924360774,-0.004904238551394373,0.005309655236820177,-0.03911653222018841,-0.004906765064495057,0.005307320520255538,-0.03911653222018841,-5.222901585508465e-19,-1.0736011842920384e-21,6.533644301703895e-20,-5.222895884289864e-19,-1.3221789785566785e-21,6.533644301703895e-20,-1524.4489531816128,-21.96004599150276,349.0901759038572,-1057165.3548168521,17.196278956182432,151872.36150944076,-0.0955243865578801,4693.522301455417
6.780191528150836,2001.0,12.0,14.0,14.0,21.0,34.0,1.0,3462963.1614735113,49877.26692028225,-792776.453914597,577.6661366512857,-292.2338788767743,4644.925065052905,3552899.675667673,4689.8217093354115,3462986.732361793,48212.975061113735,-792776.453914597,3552899.675667673,580.9430729726893,-537.9761413767756,4644.925065052905,4711.925513278232,20256054.89657052,0.8266098701312969,1.633628172362675,0.0,5.960464477539064e-08,6.057703205339218,-0.22502943182993107,0.013921468394644443,156699.67566767288,-0.10199399653741789,-0.10151388495695965,29.084716111421585,-16543164499.444113,-1040807565.1733459,-202549161.32920024,-16545871862.410484,-1891013233.804125,16575873190.978207,16654814105.851933,-0.9746930812818454,-0.013570035594110432,0.22313505200948736,-0.013921018718676209,0.999903097923911,0.0,0.2231134297596994,0.003106267235816863,0.9747875402182382,4655.760182505427,-546.0113297651278,-0.11674324384999375,1.416544595694978e-10,198.04959458459112,0.0,-92.4,-0.9495945845911117,0.0,3.039070739409331e-17,2.296317916565862,1.5707963267948966,17.224930223726357,461.0,0.0007422099435353605,0.004315909504873613,0.0,0.001579648474733259,-1524.5011557212379,-21.957481936317322,349.00418048545635,-0.004917463019624309,0.005325994145217071,-0.039237127863201444,-0.004920022102984916,0.005323630217285854,-0.039237127863201444,-5.238917402015835e-19,-1.0739844832036364e-21,6.55118853913122e-20,-5.238911635466922e-19,-1.3257646120833366e-21,6.55118853913122e-20,-1524.506075743341,-21.952158306100035,348.96494335759314,-1057165.3813806325,17.349817161148348,151803.556597614,-0.09543091102467371,4693.573819353473
6.865136349863023,2001.0,12.0,14.0,14.0,21.0,34.0,1.0,3463012.2192893797,49852.442993778524,-792381.8888526092,577.385221180456,-292.23792288772995,4644.989351144474,3552859.1239734837,4689.851039154325,3463036.0683239694,48167.27631148587,-792381.8888526092,3552859.123973484,580.6571550838278,-537.987023066554,4644.989351144474,4711.954885287381,20256054.23625701,0.8266098644866225,1.633628172252769,0.0,5.960464477539064e-08,6.057814750077304,-0.224918117892128,0.01390807649185206,156659.12397348462,-0.10194358516611858,-0.10146371460084373,29.5024955868721,-16543164473.636911,-1040807561.7243053,-202554687.97518292,-16545867873.315172,-1891037138.80088,16575873165.005363,16654812924.291527,-0.9747180925234499,-0.0135573279521469,0.2230265431876783,-0.01390762811233909,0.9999032842631775,0.0,0.22300497301122293,0.003101770221834763,0.9748123722202928,4655.813809397505,-546.0105550288919,-0.11674174721043618,1.422131403977308e-10,198.0,0.0,-92.4,-0.9,0.0,3.03899023064748e-17,2.2963047684872637,1.5707963267948966,17.22719470496939,461.0,0.0007451508017846775,0.004379081070167976,0.0,0.0015859310553891061,-1524.574954936267,-21.947305183433315,348.8424256087884,-0.004934569703904224,0.005347148691521983,-0.03939325949243749,-0.004937171133366747,0.005344746812692327,-0.03939325949243749,-5.25965434056871e-19,-1.0744588034044154e-21,6.57388557986755e-20,-5.259648489336022e-19,-1.3304024225328748e-21,6.57388557986755e-20,-1524.5798921074004,-21.941960436620622,348.80303234929596,-1057165.4158424586,17.503355366114263,151734.81829267187,-0.09533743855965145,4693.625287223117
6.905965372282632,2001.0,12.0,14.0,14.0,21.0,34.0,1.0,3463035.7906070063,49840.51116540382,-792192.237847645,577.2501933480933,-292.239865986869,4645.02023985998,3552839.639680404,4689.865131717681,3463059.7731823726,48145.31072053015,-792192.237847645,3552839.639680404,580.5197227747584,-537.9922508971731,4645.02023985998,4711.968998122203,20256053.917921945,0.8266098617653403,1.6336281721997825,0.0,5.960464477539064e-08,6.057868365346325,-0.2248646135546102,0.013901639701195831,156639.63968040375,-0.10191935433292705,-0.10143959961253156,29.70383447408676,-16543164461.195465,-1040807560.0615196,-202557342.431713,-16545865956.576664,-1891048624.7982252,16575873152.48406,16654812356.533077,-0.9747301101081761,-0.01355121975751798,0.22297438617829277,-0.013901191943933746,0.9999033737629541,0.0,0.22295284100239873,0.0030996097408452555,0.9748243037124247,4655.839576480803,-546.0101828239402,-0.11674102811489041,1.4250540479394381e-10,198.0,0.0,-92.4,-0.9,0.0,3.038988396469134e-17,2.296304468943208,1.5707963267948966,17.227246302355024,461.0,0.0007466888742631155,0.004409536414094318,0.0,0.0015891997947970117,-1524.6104153842625,-21.94241325398809,348.7646706063596,-0.004943552086231349,0.0053581974507895015,-0.039474592082981486,-0.0049461743910917755,0.005355776885180836,-0.039474592082981486,-5.270511299272899e-19,-1.0748268124691554e-21,6.585870661186258e-20,-5.2705054064133515e-19,-1.3328240642299096e-21,6.585870661186258e-20,-1524.6153615586536,-21.937057477102908,348.7251960142766,-1057165.4324563928,17.656893571080175,151666.1465946144,-0.09524396915976667,4693.676705062219
6.985378262308962,2001.0,12.0,14.0,14.0,21.0,34.0,1.0,3463081.621284758,49817.30340303397,-791823.360981181,576.9875537586075,-292.24364409198614,4645.080299001065,3552801.7555718124,4689.892532763659,3463105.863317206,48102.586797470576,-791823.360981181,3552801.7555718124,580.2524063644219,-538.0024144514829,4645.080299001065,4711.996438582605,20256053.296889286,0.8266098564564462,1.6336281720964099,0.0,6.143906154658886e-08,6.057972649305921,-0.2247605453514998,0.013889120210856318,156601.7555718124,-0.10187222429519331,-0.1013926948945226,30.096487283706665,-16543164436.92395,-1040807556.8176081,-202562501.76304415,-16545862229.674725,-1891070957.7073295,16575873128.056753,16654811252.535444,-0.9747534767134312,-0.013539338839278584,0.2228729367574126,-0.013888673662216381,0.9999035477204311,0.0,0.22285144015460814,0.0030954094867634936,0.9748475029773254,4655.8896772442495,-546.0094592059066,-0.11673962996727467,1.4307366642281426e-10,198.0,0.0,-92.4,-0.9,0.0,3.0389848301949946e-17,2.2963038865264425,1.5707963267948966,17.227346626353377,461.0,0.0007496794904830442,0.004468951778080389,0.0,0.0015955554500781633,-1524.6793651372952,-21.932897584207492,348.6134233457028,-0.004961002410190566,0.0053796806986078066,-0.03963273478448069,-0.004963665497574306,0.0053772236480437,-0.03963273478448069,-5.291621490950252e-19,-1.0755194082910218e-21,6.609154680554555e-20,-5.291615516965852e-19,-1.3375286634321947e-21,6.609154680554555e-20,-1524.6843288027928,-21.92752036055945,348.5737906109183,-1057165.4648681525,17.81043177604609,151597.54150344155,-0.09515050282197315,4693.728072868642
7.042031801530658,2001.0,12.0,14.0,14.0,21.0,35.0,1.0,3463114.304363981,49800.74668996532,-791560.1995291089,576.8001781478354,-292.24633840626507,4645.123129540976,3552774.7394029726,4689.912073420972,3463138.7312673707,48072.10685129302,-791560.1995291089,3552774.7394029726,580.0616942163439,-538.0096614399666,4645.123129540976,4712.01600734722,20256052.852300636,0.8266098526558784,1.6336281720224102,0.0,6.143906154658886e-08,6.058047047343553,-0.22468630123051705,0.013880188856619293,156574.73940297263,-0.10183860084880209,-0.1013592321924541,30.377454459667206,-16543164419.548462,-1040807554.4954004,-202566179.5373019,-16545859571.832336,-1891086884.073504,16575873110.569738,16654810465.178009,-0.9747701403239922,-0.013530862601035977,0.22280055944726937,-0.013879743168875006,0.9999036717252148,0.0,0.22277909745375662,0.003092414543009767,0.9748640472958184,4655.925406055431,-546.0089432352877,-0.11673863292646262,1.4347014129369848e-10,197.9941548921918,0.0,-92.4,-0.8941548921917921,0.0,3.0389732479089804e-17,2.296301994995591,1.5707963267948966,17.227672459703896,461.0,0.000751766263587903,0.004511484161273179,0.0,0.0015999940534412534,-1524.7285371054534,-21.92610840238942,348.5055123759697,-0.004973145103326747,0.0053946748172595945,-0.03974315706879458,-0.004975837267072836,0.005392191770915309,-0.03974315706879458,-5.3063490060914335e-19,-1.0759360567503506e-21,6.625341886932707e-20,-5.306342974438286e-19,-1.340805417698113e-21,6.625341886932707e-20,-1524.7335129427204,-21.920716210618505,348.4657692189009,-1057165.4880712759,17.963969981012006,151529.00301915332,-0.09505703954322477,4693.779390640246
7.073207017938955,2001.0,12.0,14.0,14.0,21.0,35.0,1.0,3463132.2846271065,49791.6358240151,-791415.3864429964,576.6970668267554,-292.24782067246673,4645.146692597932,3552759.87673292,4689.922823600395,3463156.8131803465,48055.33422152469,-791415.3864429964,3552759.87673292,579.9567468458922,-538.0136479723619,4645.146692597932,4712.026772989529,20256052.607161496,0.8266098505603042,1.6336281719816064,0.0,6.322027276634106e-08,6.058087987455317,-0.22464544581389623,0.013875274164972758,156559.8767329203,-0.10182009836327352,-0.10134081816110067,30.532340675592422,-16543164409.967962,-1040807553.2149482,-202568202.30084944,-16545858109.617945,-1891095645.8632052,16575873100.927744,16654810031.999647,-0.9747793077321704,-0.01352619819207029,0.22276073078453407,-0.01387482895048463,0.9999037399277967,0.0,0.22273928782050467,0.003090767036520366,0.974873149091891,4655.945062117528,-546.008659400928,-0.11673808442014183,1.4366831022772965e-10,197.97764081435585,0.0,-92.4,-0.8776408143558616,0.0,3.038946310265014e-17,2.2962975957444787,1.5707963267948966,17.228430320058433,461.0,0.0007528096934091651,0.00453493669689254,0.0,0.0016022223802275772,-1524.7555892938756,-21.922372229256872,348.44612759632554,-0.004979161832092867,0.005402180553272949,-0.03979854369541047,-0.004981869673707645,0.005399683493921,-0.03979854369541047,-5.313706954046467e-19,-1.0760254107273836e-21,6.633327646125003e-20,-5.313700891378845e-19,-1.3424362551458237e-21,6.633327646125003e-20,-1524.7605711635492,-21.916972545762953,348.40632905263016,-1057165.5008651149,18.117508185977922,151460.53114174973,-0.09496357932047564,4693.830658374891
7.16623173809389,2001.0,12.0,14.0,14.0,21.0,35.0,1.0,3463185.9173993054,49764.44934659468,-790983.2697021138,576.3893788002694,-292.2522421488906,4645.216979259956,3552715.543333055,4689.954890341676,3463210.748928538,48005.28509937273,-790983.2697021138,3552715.543333055,579.6435800673764,-538.0255379071972,4645.216979259956,4712.058885854319,20256051.87367528,0.8266098442900834,1.633628171859512,0.0,6.143906154658886e-08,6.058210151990556,-0.22452353399554856,0.013860609225871711,156515.543333055,-0.10176488723467918,-0.10128587097395189,30.995620220899582,-16543164381.302229,-1040807549.3836309,-202574233.71925226,-16545853747.901966,-1891121781.3954196,16575873072.078005,16654808739.796345,-0.97480665330145,-0.013512279413829896,0.22264188057117462,-0.013860165421540244,0.9999039432937984,0.0,0.22262049432546444,0.0030858532944792873,0.9749002990130482,4656.003694509536,-546.0078128514411,-0.1167364483208615,1.4425942222593375e-10,197.92838148117218,0.0,-92.4,-0.828381481172187,0.0,3.0388659536762024e-17,2.2962844725176237,1.5707963267948966,17.23069147328138,461.0,0.0007559221910668627,0.00460511143227046,0.0,0.0016088694888863665,-1524.8362855145467,-21.91122275910692,348.268911818186,-0.004997093811068892,0.005424570062278759,-0.03996376283094284,-0.004999848627719625,0.005422031041693157,-0.03996376283094284,-5.335655207495292e-19,-1.0762674001043936e-21,6.657127570479188e-20,-5.335649052133653e-19,-1.3472968809313863e-21,6.657127570479188e-20,-1524.8412853631744,-21.905800728065227,348.22894805535503,-1057165.5391458403,18.271046390943834,151392.1258712308,-0.09487012215068008,4693.881876070433
7.22629092101773,2001.0,12.0,14.0,14.0,21.0,35.0,1.0,3463220.528908605,49746.89683005816,-790704.2804040419,576.1907187447833,-292.25509557157864,4645.262339143821,3552686.9331039423,4689.975584661727,3463245.555776283,47972.97149479613,-790704.2804040419,3552686.9331039414,579.4413827026286,-538.0332098974444,4645.262339143821,4712.079609939629,20256051.39843984,0.8266098402275202,1.6336281717804169,0.0,6.322027276634106e-08,6.0582890262149505,-0.22444482292619827,0.013851141290924794,156486.93310394138,-0.10172924071717158,-0.10125039486409215,31.29560276865959,-16543164362.72947,-1040807546.9014714,-202578124.28383905,-16545850933.000984,-1891138647.9726708,16575873053.386038,16654807905.808575,-0.9748243008709145,-0.01350329269032515,0.22256514443652728,-0.013850698395430888,0.9999040744761264,0.0,0.2225437947584512,0.003082682688925852,0.9749178203735676,4656.041533226023,-546.0072666095691,-0.11673539249492677,1.446460034408792e-10,197.9,0.0,-92.4,-0.8,0.0,3.0388193629440746e-17,2.296276863673644,1.5707963267948966,17.232002771335864,461.0,0.0007579576908762291,0.004650571589779323,0.0,0.0016132141038029551,-1524.8883646701981,-21.90402358769523,348.15448424909255,-0.00500882280983811,0.0054392101371814935,-0.040071766106261376,-0.005011608206120221,0.0054366438218004425,-0.040071766106261376,-5.350010479155681e-19,-1.0764379608080398e-21,6.672704349311202e-20,-5.350004263632617e-19,-1.3504742010471752e-21,6.672704349311202e-20,-1524.8933762784043,-21.898586943873433,348.11441248298627,-1057165.5639484264,18.42458459590975,151323.78720759647,-0.09477666803079253,4693.93304372473
7.2586830317234865,2001.0,12.0,14.0,14.0,21.0,35.0,1.0,3463239.1912067933,49737.43004572876,-790553.8101559607,576.0835713044443,-292.2566341364816,4645.286797191404,3552671.506656694,4689.986742996662,3463264.3233394395,47955.543396502864,-790553.8101559607,3552671.506656694,579.3323274348074,-538.0373462286974,4645.286797191404,4712.090784323729,20256051.141594253,0.8266098380318669,1.6336281717376648,0.0,6.322027276634106e-08,6.058331566491186,-0.2244023706433093,0.013846034930746643,156471.50665669376,-0.10171001499638706,-0.1012312610504335,31.457702726125717,-16543164352.691734,-1040807545.5598966,-202580221.47538435,-16545849415.192827,-1891147742.3873742,16575873043.28387,16654807456.104279,-0.9748338164252645,-0.013498445692670384,0.22252375674888267,-0.013845592524902457,0.9999041451897449,0.0,0.22250242677640225,0.0030809732630555425,0.9749272678935409,4656.061935853762,-546.0069721031302,-0.11673482320655702,1.4487740014959344e-10,197.9,0.0,-92.4,-0.8,0.0,3.038817911134995e-17,2.2962766265752275,1.5707963267948966,17.232043635886914,461.0,0.0007591756247647896,0.00467514337341807,0.0,0.0016158024570265565,-1524.916446206253,-21.90014055666074,348.092765229353,-0.005015900755829615,0.005447959562433575,-0.0401361725246492,-0.005018703135544112,0.005445378097388945,-0.0401361725246492,-5.358607581009387e-19,-1.0766755566619017e-21,6.682148615531982e-20,-5.358601332104551e-19,-1.3523825051841618e-21,6.682148615531982e-20,-1524.9214649093888,-21.894695178563353,348.0526290568284,-1057165.5773532297,18.578122800875665,151255.5151508468,-0.09468321695776782,4693.98416133563
7.3491435490198205,2001.0,12.0,14.0,14.0,21.0,35.0,1.0,3463291.290490288,49710.99216511232,-790133.5920204289,575.7843332741346,-292.2609293942898,4645.355077487444,3552628.4408543245,4690.017893913917,3463316.7162661063,47906.87173753139,-790133.5920204289,3552628.4408543245,579.0277613678029,-538.0488922485912,4645.355077487444,4712.121980044969,20256050.422163747,0.8266098318817827,1.6336281716179089,0.0,6.495265578539184e-08,6.058450369452338,-0.22428381341099288,0.013831774704504593,156428.44085432403,-0.10165632294281121,-0.10117782566345766,31.911603897809982,-16543164324.57608,-1040807541.8020258,-202586074.04251087,-16545845177.822987,-1891173131.3893242,16575873014.987741,16654806200.576847,-0.974860381243038,-0.013484909141247234,0.22240817050668552,-0.013831333664164393,0.9999043425293594,0.0,0.22238689550364504,0.0030762016159143336,0.9749536428425041,4656.118894482541,-546.00615002077,-0.11673323395432662,1.4552338718513944e-10,197.9,0.0,-92.4,-0.8,0.0,3.038813858132289e-17,2.2962759646696544,1.5707963267948966,17.232157718160423,461.0,0.0007625758057025173,0.0047439726291397775,0.0,0.0016230284566154634,-1524.9948440067105,-21.889295581464708,347.9203892598576,-0.00503564330540005,0.0054723860161150955,-0.04031598016446158,-0.005038493322737265,0.005469762083063978,-0.04031598016446158,-5.382608645022715e-19,-1.0773121703405566e-21,6.70849186799094e-20,-5.38260230271944e-19,-1.357705357873257e-21,6.70849186799094e-20,-1524.9998825000332,-21.883825819381645,347.88007327969314,-1057165.614900386,18.73166100584158,151187.30970098174,-0.09458976892856073,4694.035228900991
7.400514512105045,2001.0,12.0,14.0,14.0,21.0,35.0,1.0,3463320.864720874,49695.978377094325,-789894.954661048,575.6143943247758,-292.26336764728654,4645.393837610936,3552603.9944914742,4690.035577001104,3463346.4570369995,47879.23147944325,-789894.954661048,3552603.9944914742,578.8547966519438,-538.0554454971765,4645.393837610936,4712.139688565036,20256050.012110777,0.8266098283764234,1.6336281715496626,0.0,6.495265578539184e-08,6.058517836879617,-0.2242164855243611,0.013823676673016207,156403.99449147424,-0.10162583154111615,-0.10114748001841911,32.170161694288254,-16543164308.551142,-1040807539.6603434,-202589394.86196896,-16545842772.388065,-1891187543.653995,16575872998.859945,16654805487.809486,-0.9748754610441035,-0.013477221653098089,0.22234252843430555,-0.013823236406859788,0.999904454503149,0.0,0.2223212846069552,0.00307349333384635,0.9749686149048287,4656.151227710544,-546.0056834216676,-0.11673233182773236,1.4589758951354364e-10,197.8924931143428,0.0,-92.4,-0.7924931143427982,0.0,3.038799946118262e-17,2.2962736926653458,1.5707963267948966,17.23254931979608,461.0,0.0007645452726086129,0.004783196548122814,0.0,0.0016272192139747375,-1525.039348566324,-21.88313628765616,347.8224900739011,-0.005047117093475785,0.005486538415860261,-0.040420224959800355,-0.005049994450085292,0.005483890115426606,-0.040420224959800355,-5.39650718248028e-19,-1.0777206495567982e-21,6.723781006992621e-20,-5.396500786648293e-19,-1.3608028712573404e-21,6.723781006992621e-20,-1525.044398560774,-21.877652397540732,347.7820698489413,-1057165.6363010984,18.885199210807492,151119.17085800134,-0.09449632394012639,4694.086246418657
7.440410506354389,2001.0,12.0,14.0,14.0,21.0,35.0,1.0,3463343.826796667,49684.31820169364,-789709.621454867,575.482411999219,-292.26526078185196,4645.423932172718,3552585.013803912,4690.049306647357,3463369.5483449893,47857.76512099016,-789709.621454867,3552585.0138039114,578.7204644060216,-538.0605331490134,4645.423932172718,4712.153437957847,20256049.692932535,0.8266098256479091,1.6336281714965344,0.0,6.495265578539184e-08,6.058570234436121,-0.22416419633593485,0.013817387588261546,156385.0138039114,-0.10160215083818597,-0.10112391251388185,32.37138792872429,-16543164296.07772,-1040807537.9931924,-202591972.51956278,-16545840904.714294,-1891198733.7308164,16575872986.306456,16654804934.369875,-0.9748871694520279,-0.013471251197377175,0.2222915478127544,-0.013816947922725524,0.99990454141888,0.0,0.2222703281770052,0.0030713907397908785,0.974980239682328,4656.1763322230945,-546.0053211724759,-0.11673163140433851,1.4620602568643992e-10,197.86876725488924,0.0,-92.4,-0.7687672548892375,0.0,3.038761460511153e-17,2.296267407488732,1.5707963267948966,17.233632726159257,461.0,0.0007661681115133386,0.004813731414182854,0.0,0.001630684865771013,-1525.0739038424047,-21.878352513931254,347.7464541567128,-0.005056682637617779,0.005498209205460161,-0.04050634708109293,-0.005059581655993985,0.005495541577580968,-0.04050634708109293,-5.407951443234061e-19,-1.0781827441672717e-21,6.736478451281257e-20,-5.407945004869414e-19,-1.3633946175032209e-21,6.736478451281257e-20,-1525.0789634240607,-21.872856972353674,347.7059478096317,-1057165.6529590525,19.038737415773408,151051.09862190555,-0.09440288198942014,4694.137213886475
7.546380616131918,2001.0,12.0,14.0,14.0,21.0,35.0,1.0,3463404.7921558833,49653.346553545896,-789217.3411362745,575.131831416182,-292.270287233319,4645.503836128733,3552534.6192123895,4690.0857599615765,3463430.8565102485,47800.74607148121,-789217.3411362745,3552534.6192123895,578.363641919355,-538.0740392583457,4645.503836128733,4712.189943699722,20256048.841899373,0.8266098183727909,1.63362817135487,0.0,6.828569911354543e-08,6.058709413398735,-0.22402530520519445,0.013800682999452349,156334.61921238946,-0.10153924982305505,-0.10106131217198472,32.90771162509918,-16543164262.81991,-1040807533.5479366,-202598813.35304552,-16545835945.77047,-1891228444.2388256,16575872952.835152,16654803464.821201,-0.9749182563288025,-0.013455392049656881,0.22215612956116584,-0.013800244926585686,0.9999047720858053,0.0,0.22213497409632216,0.0030658089998863913,0.9750111046026104,4656.242987083388,-546.004359505024,-0.11672977177926884,1.470249377986713e-10,197.80577401548683,0.0,-92.4,-0.7057740154868224,0.0,3.038659270688868e-17,2.2962507186242602,1.5707963267948966,17.23651015234044,461.0,0.0007704769572573322,0.004895150695078731,0.0,0.0016398868555064108,-1525.1656537848025,-21.86564473504768,347.54446976529835,-0.00508205537709256,0.00552919714361757,-0.040735019022176765,-0.0050850122465807635,0.005526477934539117,-0.040735019022176765,-5.438337191069406e-19,-1.0793701811794123e-21,6.770157697502454e-20,-5.438330639443314e-19,-1.370269533901107e-21,6.770157697502454e-20,-1525.1707387970491,-21.860118257113143,347.50373474627617,-1057165.6973745748,19.192275620739323,150983.0929926944,-0.09430944307339736,4694.188131302295
7.56928231153189,2001.0,12.0,14.0,14.0,21.0,35.0,1.0,3463417.962781995,49646.6530560595,-789110.95102542,575.0560630386615,-292.27137313834305,4645.521098436328,3552523.732237252,4690.093635228488,3463444.101134853,47788.42323036463,-789110.95102542,3552523.7322372524,578.2865245479492,-538.0769566938395,4645.521098436328,4712.197830292752,20256048.65726446,0.8266098167944259,1.6336281713241498,0.0,6.828569911354543e-08,6.058739492532772,-0.2239952882742921,0.013797072934965364,156323.7322372524,-0.10152565574261596,-0.10104778307149852,33.02396956086159,-16543164255.604498,-1040807532.5837604,-202600290.6438758,-16545834874.428022,-1891234862.8013864,16575872945.573437,16654803147.31708,-0.9749249722685736,-0.013451964527839816,0.22212686262013123,-0.013796635205787694,0.9999048218990637,0.0,0.22210572100718012,0.003064603292976069,0.9750177726085496,4656.257387073511,-546.0041517745547,-0.11672937004185059,1.4718357016996794e-10,197.8,0.0,-92.4,-0.7,0.0,3.038649313527189e-17,2.2962490924963537,1.5707963267948966,17.23679057598249,461.0,0.0007713120929582675,0.004912806542781476,0.0,0.0016416656313242993,-1525.1854757300443,-21.862898146687463,347.50081398687075,-0.0050868811128020365,0.005535200319189392,-0.04077925910163858,-0.005089850173740682,0.005532470265460843,-0.04077925910163858,-5.444229499807614e-19,-1.0794754792317033e-21,6.776581452174698e-20,-5.444222924517369e-19,-1.371573789604282e-21,6.776581452174698e-20,-1525.1905655802182,-21.857365676422003,347.46003472776914,-1057165.707010692,19.34581382570524,150915.1539703679,-0.09421600718901388,4694.238998663954
7.586648281483753,2001.0,12.0,14.0,14.0,21.0,35.0,1.0,3463427.94868943,49641.577473026664,-789030.2769319663,574.9986084962292,-292.27219647073963,4645.534186707069,3552515.4777836534,4690.099606241486,3463454.1431335034,47779.07898289653,-789030.2769319663,3552515.4777836534,578.2280470797888,-538.0791685966515,4645.534186707069,4712.203809893146,20256048.51719563,0.8266098155970361,1.6336281713008352,0.0,6.828569911354543e-08,6.0587623011561496,-0.2239725268177296,0.013794335493847582,156315.47778365342,-0.10151534752169415,-0.10103752412379693,33.1121911406517,-16543164250.13076,-1040807531.8521558,-202601410.58471504,-16545834062.136124,-1891239729.3414545,16575872940.064564,16654802906.583868,-0.9749300642862466,-0.013449365465595378,0.22210466973791407,-0.01379389802516267,0.9999048596627939,0.0,0.22208353862474015,0.00306368916527722,0.9750228282869136,4656.268305135335,-546.0039942798152,-0.11672906544781411,1.4729362955128787e-10,197.8,0.0,-92.4,-0.7,0.0,3.038648536890176e-17,2.296248965661903,1.5707963267948966,17.236812448816238,461.0,0.0007718917918043454,0.004926206189136286,0.0,0.001642897365810055,-1525.2005048219667,-21.860815395530075,347.4677096002046,-0.005090175199177628,0.0055393655172723015,-0.04080991680240628,-0.0050931533096551075,0.005536627426206107,-0.04080991680240628,-5.448321447919364e-19,-1.079473450105673e-21,6.780977982697512e-20,-5.448314855160977e-19,-1.3724619605632456e-21,6.780977982697512e-20,-1525.2055979752763,-21.85527876810387,347.4268996834022,-1057165.7143209018,19.49935203067115,150847.281554926,-0.09412257433322548,4694.289815969296
7.615895947847169,2001.0,12.0,14.0,14.0,21.0,35.0,1.0,3463444.7646418065,49633.02917306092,-788894.405575671,574.9018426075824,-292.2735829447155,4645.556227075712,3552501.57754479,4690.109661281158,3463471.0535142273,47763.34136842621,-788894.405575671,3552501.5775447898,578.1295583730983,-538.0828932087863,4645.556227075712,4712.21387939369,20256048.281057764,0.826609813578391,1.6336281712615293,0.0,6.828569911354543e-08,6.058800715547293,-0.22393419186379168,0.013789725130806446,156301.57754479023,-0.10149798636096102,-0.101020245948754,33.2609007358551,-16543164240.902784,-1040807530.6187663,-202603296.2683474,-16545832694.247967,-1891247924.4715705,16575872930.777351,16654802501.18631,-0.9749386391287422,-0.013444988081169689,0.2220672921195134,-0.013789288100606447,0.9999049232470447,0.0,0.22204617868244111,0.003062149868757502,0.9750313419427638,4656.286690915487,-546.0037290743622,-0.1167285525238209,1.4747896606946368e-10,197.8,0.0,-92.4,-0.7,0.0,3.038647229057087e-17,2.2962487520765515,1.5707963267948966,17.23684928213231,461.0,0.000772867996282127,0.00494879625048965,0.0,0.001644971581784773,-1525.2258136994108,-21.857307522176576,347.4119535414351,-0.005095720484255709,0.005546379666158662,-0.04086154395788464,-0.005098713858604641,0.005543628021694319,-0.04086154395788464,-5.455212230050393e-19,-1.0794671030515298e-21,6.788379164358799e-20,-5.455205607857399e-19,-1.3739571143425201e-21,6.788379164358799e-20,-1525.2309124132694,-21.85176389415488,347.3710919974772,-1057165.7266449686,19.652890235637066,150779.47574636876,-0.09402914450298827,4694.340583216158
7.66479077782915,2001.0,12.0,14.0,14.0,21.0,35.0,1.0,3463472.8704147697,49618.73844925851,-788667.2609931307,574.7400705021778,-292.27590028662814,4645.593065187491,3552478.345024334,4690.126467148548,3463499.3170353924,47737.031744657,-788667.2609931307,3552478.3450243333,577.9649061092122,-538.0891179798824,4645.593065187491,4712.230709430546,20256047.88562427,0.8266098101979917,1.633628171195708,0.0,6.828569911354543e-08,6.058864935533622,-0.22387010467426374,0.01378201780410747,156278.3450243338,-0.10146896249355797,-0.10099136081288017,33.50987085700035,-16543164225.449821,-1040807528.553345,-202606447.22178978,-16545830407.952536,-1891261621.6977324,16575872915.225193,16654801823.584974,-0.9749529710396218,-0.013437670017473397,0.22200480464511557,-0.013781581506285582,0.9999050294958944,0.0,0.22198372073690456,0.003059577310003668,0.9750455716090833,4656.317420766279,-546.0032858464109,-0.11672769524281562,1.4778873300888258e-10,197.8,0.0,-92.4,-0.7,0.0,3.0386450431742135e-17,2.296248395094788,1.5707963267948966,17.236910844874608,461.0,0.0007744996285290665,0.004986625371493547,0.0,0.0016484384151622304,-1525.2681153540248,-21.851442904959583,347.3187381058816,-0.00510498354817739,0.005558103187395475,-0.04094783388695452,-0.0051080025034996495,0.005555328837534181,-0.04094783388695452,-5.466729513961601e-19,-1.079448284051757e-21,6.800742490678973e-20,-5.466722842519948e-19,-1.3764546823292955e-21,6.800742490678973e-20,-1525.2732233565282,-21.84588757612205,347.27779027199466,-1057165.7472826932,19.806428440602982,150711.73654469615,-0.09393571769525849,4694.39130040238
7.771100110173335,2001.0,12.0,14.0,14.0,21.0,35.0,1.0,3463533.951951083,49587.66652571052,-788173.3868400283,574.3883228526803,-292.2809366044656,4645.6731261116465,3552427.8543993304,4690.16299141169,3463560.741068956,47679.827130708494,-788173.3868400283,3552427.8543993304,577.6068961395953,-538.1026441460892,4645.6731261116465,4712.26728622019,20256047.022960734,0.8266098028234244,1.6336281710521139,0.0,6.828569911354543e-08,6.059004568402774,-0.22373076052728857,0.013765260424453474,156227.85439933045,-0.10140585611359164,-0.10092855606954393,34.05276218056679,-16543164191.738573,-1040807524.0475093,-202613291.9454163,-16545825439.031889,-1891291389.8872347,16575872881.297543,16654800350.843277,-0.9749841187568886,-0.013421758044054785,0.22186893559680698,-0.01376482571615416,0.9999052602986964,0.0,0.22184791580012,0.0030539872303186797,0.9750764972129827,4656.384206461955,-546.0023227201225,-0.11672583216961227,1.484821840100433e-10,197.78481799916307,0.0,-92.4,-0.6848179991630582,0.0,3.03861680477458e-17,2.296243783414154,1.5707963267948966,17.23770618618377,461.0,0.0007781517177858618,0.005069151522249467,0.0,0.0016562092483770013,-1525.3600528002385,-21.83869038941839,347.11604264447766,-0.005125828623166948,0.005584351930352844,-0.04114117376635748,-0.005128903895816986,0.005581527603047972,-0.04114117376635748,-5.4925015558440425e-19,-1.0795379041164344e-21,6.82852090013043e-20,-5.492494776121531e-19,-1.3820833388885934e-21,6.82852090013043e-20,-1525.3651817041343,-21.83310886181534,347.0749014707113,-1057165.792305218,19.959966645568894,150644.06394990816,-0.09384229390699267,4694.441967525793
7.827514125724623,2001.0,12.0,14.0,14.0,21.0,35.0,1.0,3463566.35023758,49571.17770905226,-787911.3045661431,574.2016561475428,-292.2836079754225,4645.715592166749,3552401.0736431004,4690.182364547775,3463593.320834358,47649.470397420824,-787911.3045661431,3552401.0736431004,577.4169061936403,-538.1098174722546,4645.715592166749,4712.286687216675,20256046.563451786,0.8266097988952601,1.6336281709756264,0.0,6.989264130329237e-08,6.059078667466306,-0.2236568146707378,0.013756368099400534,156201.07364310045,-0.10137236736759166,-0.10089522738993574,34.341798573732376,-16543164173.782055,-1040807521.6474277,-202616920.70062736,-16545822803.362366,-1891307179.4509406,16575872863.225754,16654799569.609444,-0.9750006401395248,-0.013413313814972693,0.22179683212349524,-0.013755934233013342,0.999905382660468,0.0,0.2217758462973231,0.0030510226357815017,0.9750929008355984,4656.419631026878,-546.001811939579,-0.1167248439944335,1.488838953534934e-10,197.75134205387556,0.0,-92.4,-0.6513420538755502,0.0,3.038562492240092e-17,2.296234913504148,1.5707963267948966,17.239236125770418,461.0,0.0007802663741411259,0.005113109890571862,0.0,0.0016607268472833858,-1525.4088198162906,-21.831922371252446,347.0084680594359,-0.0051381051601255895,0.005599563424947611,-0.04125344393604563,-0.005141211189860089,0.0055967117745849325,-0.04125344393604563,-5.507412560143163e-19,-1.079842636625711e-21,6.844809966571551e-20,-5.507405721124711e-19,-1.3854116985862609e-21,6.844809966571551e-20,-1525.4139610274804,-21.82632565947786,346.96721461549987,-1057165.8162870482,20.11350485053481,150576.45796200482,-0.09374887313514742,4694.492584584232
7.8877660160661,2001.0,12.0,14.0,14.0,21.0,35.0,1.0,3463600.940966555,49553.5669832263,-787631.3900537257,574.0022838182334,-292.2864601643839,4645.760932655789,3552372.4805914047,4690.203048911077,3463628.1051812987,47617.04803298713,-787631.3900537257,3552372.480591405,577.213984477741,-538.1174753902233,4645.760932655789,4712.3074013255755,20256046.071298078,0.8266097946880244,1.6336281708937055,0.0,6.989264130329237e-08,6.059157808759626,-0.22357783700243727,0.01374687092519434,156172.48059140472,-0.10133659977491245,-0.10085963075318746,34.65125787258148,-16543164154.550018,-1040807519.0768554,-202620793.67375728,-16545819989.252523,-1891324037.6749716,16575872843.87026,16654798735.447527,-0.9750182797848574,-0.01340429481794087,0.22171982086816514,-0.01374643795678428,0.9999055132578779,0.0,0.2216988712846274,0.0030478577613535568,0.9751104147911603,4656.457453387084,-546.0012666485062,-0.11672378896194496,1.4931279112892937e-10,197.71560073925588,0.0,-92.4,-0.6156007392558852,0.0,3.03850450031245e-17,2.2962254427036393,1.5707963267948966,17.240870021783607,461.0,0.000782524188795595,0.005160190683203298,0.0,0.0016655503791586158,-1525.4608888329485,-21.824693324508882,346.8935656336886,-0.005151202247947184,0.005615804914276102,-0.04137331736537532,-0.005154341258675596,0.0056129239816318744,-0.04137331736537532,-5.523332912647367e-19,-1.0801513625296047e-21,6.862187402514484e-20,-5.523326010196157e-19,-1.3889626375488852e-21,6.862187402514484e-20,-1525.4660431742072,-21.81908040052725,346.8521923163232,-1057165.8419726174,20.267043055500725,150508.91858098612,-0.09365545537667957,4694.543151575526
7.942698088943944,2001.0,12.0,14.0,14.0,21.0,35.0,1.0,3463632.4671092266,49537.511010692804,-787376.1876405325,573.8205087298907,-292.28905969988386,4645.802256797608,3552346.420758204,4690.221900925906,3463659.8076604633,47587.487932921365,-787376.1876405325,3552346.420758204,577.0289733310876,-538.1244540954052,4645.802256797608,4712.326280450533,20256045.621344704,0.8266097908415394,1.6336281708188092,0.0,7.146345858741881e-08,6.059229963542867,-0.22350583139302704,0.013738212374853068,156146.42075820407,-0.10130398967789192,-0.10082717651801036,34.93408241868019,-16543164136.967203,-1040807516.7267131,-202624322.30768788,-16545817424.38771,-1891339402.474822,16575872826.174574,16654797975.133665,-0.9750343568466469,-0.01339607186248587,0.2216496068737792,-0.01373778022404604,0.9999056322446213,0.0,0.22162869029789792,0.003044973585978183,0.9751263773340865,4656.491925356195,-546.0007697170872,-0.1167228274133209,1.4972066267918382e-10,197.7,0.0,-92.4,-0.6,0.0,3.038477908809951e-17,2.2962210999817185,1.5707963267948966,17.241619332601395,461.0,0.0007846710940066935,0.005203234085850118,0.0,0.0016701242787108058,-1525.5083464378224,-21.81810201462818,346.78879974656,-0.005163672965088206,0.005631237483429891,-0.041487061908268105,-0.005166842517419792,0.005628329457783342,-0.041487061908268105,-5.538479796287286e-19,-1.0805190959457244e-21,6.878783524976957e-20,-5.538472835241109e-19,-1.392333761851092e-21,6.878783524976957e-20,-1525.5135132803398,-21.8124736851704,346.7473126846518,-1057165.8654557467,20.42058126046664,150441.44580685205,-0.0935620406285462,4694.593668497506
7.999428227262813,2001.0,12.0,14.0,14.0,21.0,35.0,1.0,3463665.014701083,49520.92933577683,-787112.6294256813,573.6327777475396,-292.29174349833653,4645.844920464421,3552319.5165846134,4690.241363941595,3463692.537174163,47556.95985384934,-787112.6294256813,3552319.5165846134,576.8379003084804,-538.1316581548164,4645.844920464421,4712.345771454575,20256045.15533164,0.8266097868577627,1.6336281707412394,0.0,7.146345858741881e-08,6.0593044812437915,-0.22343146774442196,0.013729270498656366,156119.5165846129,-0.10127031163879825,-0.10079365944263145,35.22690388560295,-16543164118.756975,-1040807514.2926922,-202627964.05770305,-16545814776.345304,-1891355265.2351444,16575872807.847446,16654797190.127459,-0.9750509550177904,-0.013387579476401689,0.2215770923057205,-0.013728839191125027,0.9999057550461764,0.0,0.2215562097828878,0.0030419962687023034,0.9751428573113491,4656.527514722382,-546.0002567342239,-0.11672183472308766,1.5015785550004028e-10,197.7,0.0,-92.4,-0.6,0.0,3.038475378135105e-17,2.2962206866911523,1.5707963267948966,17.241690646948513,461.0,0.0007869721322250317,0.005247813731893997,0.0,0.0016750149176625387,-1525.5573433471106,-21.81129441701725,346.6805960637131,-0.005177053055966278,0.005647767847378593,-0.041608752221473734,-0.005180254611571931,0.005644831455540631,-0.041608752221473734,-5.554721990325743e-19,-1.0809788393271117e-21,6.896635382621458e-20,-5.554714968028894e-19,-1.3959415792206167e-21,6.896635382621458e-20,-1525.5625236017222,-21.80564958556171,346.63898731149163,-1057165.8897770382,20.574119465432553,150374.0396396026,-0.09346862888770456,4694.644135347995
8.065074313927365,2001.0,12.0,14.0,14.0,21.0,36.0,1.0,3463702.6643175893,49501.741424744956,-786807.6462674144,573.4155346441811,-292.2948480457379,4645.894272695055,3552288.39502506,4690.263878144392,3463730.3970674844,47521.633342864254,-786807.6462674144,3552288.39502506,576.6167898427012,-538.1399905329289,4645.894272695055,4712.368318032876,20256044.61437141,0.8266097822332846,1.6336281706511935,0.0,7.146345858741881e-08,6.059390711868113,-0.22334541537839495,0.01371892339394809,156088.39502506005,-0.10123133994319711,-0.10075487400863083,35.56669554114342,-16543164097.61825,-1040807511.4672155,-202632175.13685507,-16545811713.110004,-1891373614.7527583,16575872786.57302,16654796281.99252,-0.9750701553168938,-0.013377752045531485,0.22149317813534783,-0.013718493060844418,0.9999058970463869,0.0,0.22147233497308014,0.0030385526272741457,0.9751619209339047,4656.568683566206,-545.9996634005859,-0.11672068643888385,1.5066358084277457e-10,197.7,0.0,-92.4,-0.6,0.0,3.0384724507574004e-17,2.296220208614092,1.5707963267948966,17.24177314113444,461.0,0.000789633942667773,0.005299562986752369,0.0,0.0016806722931171226,-1525.614022929914,-21.803416227102854,346.5553758005784,-0.0051925174300309716,0.0056668900651732435,-0.04174952217737625,-0.005195756180924886,0.005663920725108667,-0.04174952217737625,-5.573510749349639e-19,-1.0814898813478753e-21,6.91726835749763e-20,-5.573503656045763e-19,-1.4001114128354837e-21,6.91726835749763e-20,-1525.6192186860949,-21.797752306377745,346.51362627840103,-1057165.9180098288,20.727657670398468,150306.70007923778,-0.09337522015111202,4694.694552124822
8.103193715354537,2001.0,12.0,14.0,14.0,21.0,36.0,1.0,3463724.5201701173,49490.59928574596,-786630.547012572,573.2893821089457,-292.29665027973243,4645.922922379575,3552270.328752961,4690.276947909961,3463752.3749071416,47501.11967635385,-786630.547012572,3552270.328752961,576.4883915696612,-538.144827061123,4645.922922379575,4712.381406592551,20256044.29942491,0.8266097795409165,1.6336281705987683,0.0,7.300048299977716e-08,6.059440785001204,-0.22329544575371701,0.013712915088552644,156070.328752961,-0.10120870950857346,-0.10073235173256095,35.76446098089218,-16543164085.311401,-1040807509.8222255,-202634618.94000933,-16545809934.83462,-1891384266.856937,16575872774.187168,16654795754.778229,-0.975081301349919,-0.01337204527816139,0.22144444938364866,-0.013712485320600674,0.9999059794532346,0.0,0.22142362905543944,0.0030365537615017813,0.9751729876474085,4656.592582667311,-545.9993189971394,-0.11672001986015164,1.5092894996051993e-10,197.68925416995666,0.0,-92.4,-0.5892541699566731,0.0,3.038454123291418e-17,2.296217215511755,1.5707963267948966,17.24228963200317,461.0,0.0007910312646233417,0.005329691331127737,0.0,0.0016836493743590845,-1525.6469268488277,-21.798841180503793,346.48265750539537,-0.00520054312639336,0.005676935682093168,-0.041823564133652194,-0.0052038029497551395,0.005673947691706326,-0.041823564133652194,-5.583368859600712e-19,-1.0815876879540206e-21,6.927948420400298e-20,-5.583361726257682e-19,-1.4022813999738674e-21,6.927948420400298e-20,-1525.6521306517775,-21.793167232812085,346.4408339412617,-1057165.9344469327,20.881195875364384,150239.42712575762,-0.09328181441572622,4694.744918825806
8.131381727833585,2001.0,12.0,14.0,14.0,21.0,36.0,1.0,3463740.6787435883,49482.360005339986,-786499.587380713,573.1960948112142,-292.29798272721825,4645.9441039846515,3552256.971910228,4690.286610769429,3463768.623630926,47485.9503928573,-786499.587380713,3552256.9719102285,576.3934436075533,-538.1484026029364,4645.9441039846515,4712.391083346925,20256044.066196807,0.8266097775471296,1.633628170559946,0.0,7.300048299977716e-08,6.059477812722474,-0.22325849457221658,0.013708472175867265,156056.97191022802,-0.10119197490834526,-0.1007156971119714,35.91088333725929,-16543164076.197826,-1040807508.60406,-202636425.34699622,-16545808620.091423,-1891392142.2630708,16575872765.015087,16654795364.980728,-0.975089541950644,-0.013367825235718155,0.221408415438417,-0.013708042825505052,0.9999060403667407,0.0,0.22138761198490187,0.003035076040757034,0.9751811696157024,4656.6102520138475,-545.9990643857013,-0.1167195270456969,1.5110704119695998e-10,197.67441323358665,0.0,-92.4,-0.57441323358667,0.0,3.038429901436683e-17,2.2962132597826828,1.5707963267948966,17.242972283336712,461.0,0.0007919694292680363,0.005352002286907416,0.0,0.0016856533526003839,-1525.6712540249475,-21.79545792927115,346.42888225815267,-0.005205867636850166,0.005683685567752084,-0.041873378990453736,-0.005209142686492702,0.005680684109967466,-0.041873378990453736,-5.589983991422215e-19,-1.0815347448306251e-21,6.935013704977954e-20,-5.589976829256359e-19,-1.403725308211494e-21,6.935013704977954e-20,-1525.676463167634,-21.789777245161183,346.38700887916224,-1057165.94661914,21.0347340803303,150172.22077916207,-0.09318841167850497,4694.795235448768
8.194911251089122,2001.0,12.0,14.0,14.0,21.0,36.0,1.0,3463777.08693962,49463.79035847158,-786204.431250526,572.985840494303,-292.30098500804127,4645.99183055302,3552226.876521615,4690.308383124615,3463805.2348341127,47451.76182548782,-786204.431250526,3552226.8765216153,576.1794464688855,-538.1564582505479,4645.99183055302,4712.412887009729,20256043.539545488,0.8266097730449634,1.6336281704722801,0.0,7.300048299977716e-08,6.05956126600685,-0.22317521378771854,0.013698458919874134,156026.8765216153,-0.10115425834587695,-0.10067816080596577,36.24143061041832,-16543164055.618639,-1040807505.8533175,-202640494.39610535,-16545805657.675386,-1891409887.1106162,16575872744.303785,16654794486.651335,-0.9751081097122699,-0.013358313946420331,0.22132720081786758,-0.013698030509666727,0.9999061775787548,0.0,0.2213064353639994,0.0030317467494222847,0.9751996053004366,4656.650064719408,-545.9984907453997,-0.1167184166569709,1.515083130451292e-10,197.6409739129059,0.0,-92.4,-0.5409739129059009,0.0,3.0383753226476086e-17,2.2962043463900033,1.5707963267948966,17.24451069815724,461.0,0.0007940833257275027,0.005402382930669094,0.0,0.0016901688292320605,-1525.7260691010806,-21.787832338007014,346.30767693585875,-0.005217857088883356,0.005698894722106581,-0.041985624921842775,-0.005221166551878718,0.0056958628399222735,-0.041985624921842775,-5.604889310442796e-19,-1.0814030913010838e-21,6.950922714984501e-20,-5.604882083258891e-19,-1.406976701902049e-21,6.950922714984501e-20,-1525.7312902676324,-21.782136475167093,346.2656913109369,-1057165.9741051514,21.18827228529621,150105.08103945118,-0.09309501193640624,4694.845501991528
8.285283904026244,2001.0,12.0,14.0,14.0,21.0,36.0,1.0,3463828.8556746272,49437.37415009735,-785784.5575767396,572.686734404878,-292.3052540281392,4646.059694219263,3552184.083953579,4690.339341619599,3463857.2919431753,47403.1266811123,-785784.5575767396,3552184.083953579,575.8750159770916,-538.1679108953497,4646.059694219263,4712.443890020641,20256042.78789846,0.8266097666193776,1.6336281703471691,0.0,7.45058059692383e-08,6.059679983241053,-0.22305674193108843,0.01368421496087097,155984.08395357896,-0.101100604239233,-0.10062476311981072,36.71294677257538,-16543164026.247925,-1040807501.927542,-202646277.51181495,-16545801445.273731,-1891435118.7795315,16575872714.744528,16654793237.646759,-0.9751345116348543,-0.013344783254687817,0.22121166555708505,-0.013683787885677168,0.9999063725915041,0.0,0.22119095408210987,0.0030270135093205097,0.9752258195010325,4656.706675425157,-545.9976751958084,-0.11671683782531576,1.5209613575434203e-10,197.6,0.0,-92.4,-0.5,0.0,3.03830788492847e-17,2.2961933329746764,1.5707963267948966,17.24641196145908,461.0,0.0007971796529202546,0.0054742825342997655,0.0,0.0016967775769679196,-1525.8040142058057,-21.776983526895854,346.1352399923957,-0.005235464014166283,0.005721167163027869,-0.04214993316019534,-0.005238823040898694,0.005718091490793711,-0.04214993316019534,-5.626725518763253e-19,-1.0813007389403275e-21,6.974306658219634e-20,-5.626718198171319e-19,-1.4117471377918654e-21,6.974306658219634e-20,-1525.8092530288466,-21.77126543540506,346.0930900592355,-1057166.0133337285,21.341810490262127,150038.0079066249,-0.09300161518638828,4694.8957184518995
8.31863240258509,2001.0,12.0,14.0,14.0,21.0,36.0,1.0,3463847.952076913,49427.626182495376,-785629.6180442845,572.5763571222991,-292.30682880491037,4646.084728107804,3552168.298671372,4690.350761687018,3463876.494637103,47385.17951887366,-785629.6180442845,3552168.298671372,575.7626738943417,-538.1721350424601,4646.084728107804,4712.455326508963,20256042.509746872,0.8266097642415475,1.633628170300869,0.0,7.45058059692383e-08,6.059723791921908,-0.2230130237944526,0.013678958842753166,155968.29867137177,-0.10108080494094367,-0.10060505844356268,36.88737541437149,-16543164015.379217,-1040807500.4747615,-202648409.99419945,-16545799891.360806,-1891444426.3049922,16575872703.806046,16654792776.880434,-0.9751442508883115,-0.013339790104144919,0.22116903029007268,-0.013678532259487087,0.9999064445012974,0.0,0.2211483387111463,0.003025267715622236,0.975235489530887,4656.727558256222,-545.9973743886507,-0.11671625543557836,1.5235264659020884e-10,197.6,0.0,-92.4,-0.5,0.0,3.038306400514215e-17,2.2961930905514314,1.5707963267948966,17.24645381625748,461.0,0.0007985299073411302,0.005500890261816538,0.0,0.0016996474052423086,-1525.832767609694,-21.772979847222715,346.0716033155834,-0.0052432805163009355,0.005730867609124641,-0.04222134414675685,-0.005246658778012903,0.005727774942596395,-0.04222134414675685,-5.636256406749585e-19,-1.081516455146262e-21,6.984735735476659e-20,-5.636249049841956e-19,-1.4138548923569627e-21,6.984735735476659e-20,-1525.838014268472,-21.76725207228012,346.02938197143664,-1057166.0278505012,21.495348695228042,149971.00138068324,-0.09290822142540933,4694.945884827702
8.397398328654191,2001.0,12.0,14.0,14.0,21.0,36.0,1.0,3463893.0413165377,49404.602217976906,-785263.6625499736,572.3156484042847,-292.3105471225446,4646.14383743176,3552131.0274429414,4690.377726310817,3463921.834667153,47342.78949947463,-785263.6625499736,3552131.0274429414,575.4973244285021,-538.1821077788879,4646.14383743176,4712.482329904571,20256041.85092696,0.8266097586094993,1.6336281701912034,0.0,7.45058059692383e-08,6.059827265329583,-0.22290976423739658,0.013666544526112557,155931.02744294144,-0.10103404017554748,-0.10055851716644469,37.300384879112244,-16543163989.6362,-1040807497.0337493,-202653443.39350107,-16545796222.252548,-1891466402.8504105,16575872677.897764,16654791688.866535,-0.9751672469021259,-0.0133279963868774,0.22106832672646598,-0.013666119103220346,0.9999066142338776,0.0,0.22104768209140924,0.0030211460829935137,0.9752583221477069,4656.776866198482,-545.9966642096642,-0.11671488035060806,1.5295830405220134e-10,197.6,0.0,-92.4,-0.5,0.0,3.0383028956021136e-17,2.296192518155847,1.5707963267948966,17.24655264219491,461.0,0.0008017181221033321,0.005563912667850304,0.0,0.0017064235755191292,-1525.9006606868022,-21.7635227953595,345.92128775515664,-0.005261721936418413,0.00575377238201112,-0.042389959691168065,-0.005265145807154256,0.005750639441800068,-0.042389959691168065,-5.658760702463946e-19,-1.0820029763956163e-21,7.009341256547417e-20,-5.658753259648838e-19,-1.4188277132950398e-21,7.009341256547417e-20,-1525.9059258326095,-21.7577721559177,345.8788977954655,-1057166.0622344147,21.648886900193958,149904.06146162626,-0.09281483065042806,4694.996001116743
8.596392092466996,2001.0,12.0,14.0,14.0,21.0,36.0,1.0,3464006.863023892,49346.43330785173,-784339.0940505295,571.6569437938355,-292.3199338420399,4646.293056328399,3552036.9412511517,4690.445796552244,3464036.28834162,47235.69211140441,-784339.0940505295,3552036.9412511517,574.8268949604583,-538.2072759850389,4646.293056328399,4712.550498018945,20256040.174823735,0.8266097442809758,1.633628169912194,0.0,7.742870483855356e-08,6.060088689581437,-0.22264888021829254,0.01363518185689384,155836.94125115173,-0.10091588932929907,-0.10044093094068178,38.35026761889458,-16543163924.144781,-1040807488.2794092,-202666138.98942432,-16545786959.420433,-1891521880.889375,16575872611.985888,16654788941.812004,-0.9752252990706413,-0.01329819844012274,0.2208138898955983,-0.013634759356112549,0.9999070423480879,0.0,0.22079336355488405,0.003010744251213615,0.9753159621523553,4656.901341812736,-545.9948718846285,-0.11671140924347873,1.544872046687846e-10,197.50867656393964,0.0,-92.4,-0.4086765639396464,0.0,3.038152692968058e-17,2.296167988204165,1.5707963267948966,17.250788921169995,461.0,0.0008097661989920322,0.00572425051056072,0.0,0.0017235954854112666,-1526.0720621383139,-21.739625876937723,345.5414570479541,-0.00530841822473946,0.0058116464478728605,-0.042816840514210315,-0.0053119584644513084,0.0058084107771199656,-0.042816840514210315,-5.715524101569131e-19,-1.0832057352837243e-21,7.071385897102979e-20,-5.715516440196827e-19,-1.431471005326237e-21,7.071385897102979e-20,-1526.0773740967784,-21.733817466160602,345.4986402074399,-1057166.149710521,21.80242510515987,149837.18814945387,-0.09272144285840318,4695.046067316835
8.636429432319717,2001.0,12.0,14.0,14.0,21.0,36.0,1.0,3464029.747993428,49334.72955760731,-784153.0682369475,571.5244041684479,-292.32182119062685,4646.323059178599,3552018.0242996165,4690.459483031388,3464059.300180342,47214.14362257808,-784153.0682369475,3552018.024299617,574.6919962193338,-538.2123351516481,4646.323059178599,4712.564204176186,20256039.835428298,0.826609741379579,1.6336281698557227,0.0,7.884953353001449e-08,6.060141289542221,-0.2225963889460967,0.013628871856249551,155818.02429961693,-0.10089211670068787,-0.10041727191330975,38.562608420848846,-16543163910.883474,-1040807486.50717,-202668689.73918244,-16545785096.916609,-1891533035.5020914,16575872598.63947,16654788389.395529,-0.9752369713448685,-0.013292202713945324,0.22076269401576756,-0.013628449941759704,0.999907128363522,0.0,0.22074219142310103,0.003008653324401903,0.9753275516106886,4656.926369608332,-545.9945115937151,-0.11671071136231462,1.5477298233886684e-10,197.5,0.0,-92.4,-0.4,0.0,3.038137482939028e-17,2.296165504217918,1.5707963267948966,17.251218021511615,461.0,0.0008112711533092066,0.005756702343006312,0.0,0.001726800116550367,-1526.106526594109,-21.734817031878062,345.4650226310562,-0.005317024201076473,0.005822464726469364,-0.042896555575281575,-0.0053205875457128645,0.005819208710316037,-0.042896555575281575,-5.72614266001367e-19,-1.0832593081128833e-21,7.082845301571416e-20,-5.726134955676421e-19,-1.4337966448447792e-21,7.082845301571416e-20,-1526.1118471816546,-21.728997823167745,345.4221260754809,-1057166.1674236227,21.955963310125785,149770.38144416615,-0.09262805804629362,4695.096083425786
8.671559985266125,2001.0,12.0,14.0,14.0,21.0,36.0,1.0,3464049.823918956,49324.460101306984,-783989.8398763739,571.4081055040824,-292.3234768900365,4646.34937954953,3552001.429333414,4690.4714896284295,3464079.48734877,47195.23584768611,-783989.8398763739,3552001.429333414,574.5736275374406,-538.2167730076724,4646.34937954953,4712.576228035852,20256039.53724691,0.8266097388305061,1.6336281698060884,0.0,7.884953353001449e-08,6.060187443561192,-0.22255033029292207,0.013623335216907471,155801.42933341349,-0.10087125731253772,-0.10039651220401578,38.74919864535332,-16543163899.232706,-1040807484.9498074,-202670926.89047363,-16545783463.003475,-1891542820.986417,16575872586.913904,16654787904.768742,-0.9752472109784189,-0.013286941682493354,0.2207177715081892,-0.013622913816405523,0.9999072038040084,0.0,0.2206972897386055,0.003006819179005148,0.9753377186085129,4656.948325545168,-545.9941955476404,-0.11671009914866934,1.5501268740624967e-10,197.5,0.0,-92.4,-0.4,0.0,3.038135922793128e-17,2.296165249426757,1.5707963267948966,17.25126203708691,461.0,0.0008125338240880245,0.005785225147275072,0.0,0.0017294832804558393,-1526.1367613596453,-21.730597312731614,345.39795210399046,-0.005324172704774476,0.0058315375319855966,-0.04296333934672134,-0.005327756115364071,0.005828263871207528,-0.04296333934672134,-5.73505531615141e-19,-1.0832133305540053e-21,7.092385612020105e-20,-5.735047574691886e-19,-1.4357243789114669e-21,7.092385612020105e-20,-1526.1420891157607,-21.724769048860406,345.35498876464374,-1057166.182985764,22.1095015150917,149703.64134576303,-0.09253467621105847,4695.146049441402
8.716962838638553,2001.0,12.0,14.0,14.0,21.0,36.0,1.0,3464075.7640651898,49311.187732779894,-783778.8815846912,571.2577972771223,-292.32561624454576,4646.383388512787,3551979.9869421558,4690.487003490174,3464105.571158002,47170.79914028726,-783778.8815846912,3551979.986942155,574.4206439793533,-538.2225067319825,4646.383388512787,4712.591764202591,20256039.1511938,0.8266097355302389,1.6336281697418267,0.0,8.024520884654679e-08,6.060247093819809,-0.2224908032830142,0.0136161796961647,155779.98694215482,-0.10084429825860013,-0.10036968197546095,38.99071830511093,-16543163884.148636,-1040807482.9334989,-202673816.82179826,-16545781351.780436,-1891555464.9120705,16575872571.732992,16654787278.551144,-0.975260441751587,-0.013280142149926885,0.22065971217913152,-0.013615758959319161,0.9999073012574524,0.0,0.22063925730128162,0.0030044494530637976,0.9753508555494391,4656.9766951468,-545.9937872120775,-0.11670930811334082,1.5532241083554141e-10,197.5,0.0,-92.4,-0.4,0.0,3.0381339069229753e-17,2.296164920210177,1.5707963267948966,17.251318910115696,461.0,0.0008141653522531913,0.005822153477887808,0.0,0.0017329502425810824,-1526.1758287238363,-21.725143423282173,345.31126499814246,-0.005333403955198644,0.0058432607727253024,-0.04304963239839673,-0.005337013364417762,0.005839964259772916,-0.04304963239839673,-5.746571581634992e-19,-1.0831454684763382e-21,7.104705634883013e-20,-5.746563792161402e-19,-1.4382137707590882e-21,7.104705634883013e-20,-1526.1811657372007,-21.7193034590224,345.2682153657441,-1057166.2031339388,22.263039720057613,149636.96785424458,-0.09244129734965705,4695.1959653614895
8.806351495925894,2001.0,12.0,14.0,14.0,21.0,36.0,1.0,3464126.814806082,49285.05695025811,-783363.5446206441,570.9618607852839,-292.329826609853,4646.450320022863,3551937.787875477,4690.517535457862,3464156.9043860985,47122.68764876078,-783363.5446206441,3551937.787875477,574.1194402151968,-538.2337893723699,4646.450320022863,4712.622340066698,20256038.38888134,0.8266097290134216,1.6336281696149324,0.0,8.024520884654679e-08,6.060364534719451,-0.22237360502626707,0.013602092153664423,155737.78787547722,-0.10079122055226156,-0.10031685789939643,39.46743908524513,-16543163854.363457,-1040807478.9520323,-202679501.97141886,-16545777196.716795,-1891580348.6825302,16575872541.75659,16654786046.041985,-0.975286480582791,-0.013266754786531974,0.2205454012439778,-0.013601672721365742,0.9999074929708152,0.0,0.22052499924410834,0.0029997863679228753,0.9753767097845493,4657.032528056636,-545.9929836922889,-0.11670775136336188,1.5593594702349503e-10,197.49723484434654,0.0,-92.4,-0.3972348443465369,0.0,3.038125659108157e-17,2.296163573239798,1.5707963267948966,17.251551606836863,461.0,0.0008173972447082635,0.005895073327574811,0.0,0.0017398199992941976,-1526.2527172576615,-21.714404844829808,345.14058015072413,-0.005351697839430982,0.005866484957387213,-0.04322060807439893,-0.005355358744336695,0.005863143204739007,-0.04322060807439893,-5.769382771937604e-19,-1.0830153844857206e-21,7.129112651023309e-20,-5.769374887590182e-19,-1.44314866354389e-21,7.129112651023309e-20,-1526.2580726164058,-21.70854170162507,345.0973595426497,-1057166.2429191638,22.416577925023528,149570.36096961072,-0.09234792145904887,4695.245831183847
8.840683684609344,2001.0,12.0,14.0,14.0,21.0,36.0,1.0,3464146.415225213,49275.020599742355,-783204.0213703989,570.8481942190006,-292.331443162499,4646.476018116017,3551921.585967737,4690.529258029614,3464176.613177114,47104.20883039266,-783204.0213703989,3551921.585967737,574.0037505688473,-538.2381207184053,4646.476018116017,4712.634079491942,20256038.09525302,0.8266097265032648,1.633628169566055,0.0,8.024520884654679e-08,6.060409641889097,-0.2223285910475113,0.013596681503202878,155721.58596773725,-0.1007708342349994,-0.100296568995945,39.65099415183067,-16543163842.890875,-1040807477.418451,-202681683.91875306,-16545775601.373041,-1891589902.6493237,16575872530.210352,16654785572.795359,-0.9752964780705551,-0.013261612817265758,0.22050149543405856,-0.013596262571228328,0.9999075665500757,0.0,0.22048111372012213,0.0029979962292699643,0.9753866364223697,4657.053964875971,-545.9926752216304,-0.1167071536732305,1.5619922802426995e-10,197.47698245967155,0.0,-92.4,-0.37698245967154315,0.0,3.038092783935395e-17,2.296158204316646,1.5707963267948966,17.252479183247416,461.0,0.0008187833028756975,0.005923160551469059,0.0,0.0017427808640549979,-1526.282238950593,-21.71028003746254,345.07501820317987,-0.005359716079717356,0.005876455389963215,-0.04329419390992831,-0.005363397499221284,0.005873095578207066,-0.04329419390992831,-5.779156286665172e-19,-1.0831726998841004e-21,7.139752914823401e-20,-5.779148364276184e-19,-1.4453224389643067e-21,7.139752914823401e-20,-1526.2876023480922,-21.704406941884333,345.03172400926996,-1057166.2582436781,22.570116129989444,149503.82069186153,-0.09225454853619354,4695.295646906279
8.943713083862507,2001.0,12.0,14.0,14.0,21.0,36.0,1.0,3464205.2117991564,49244.90161692874,-782725.2937659099,570.507072616572,-292.33629251772663,4646.553107625244,3551872.984115934,4690.564423372773,3464235.734553373,47048.75381082339,-782725.2937659099,3551872.984115934,573.656557663952,-538.2511120198594,4646.553107625244,4712.669295391231,20256037.211112406,0.826609718944953,1.6336281694188803,0.0,8.161702118890975e-08,6.060545009002125,-0.2221935035865704,0.013580444578113566,155672.984115934,-0.10070965460598993,-0.10023568170178157,40.20346510410309,-16543163808.346272,-1040807472.8007165,-202688226.54599565,-16545770815.553652,-1891618562.5757833,16575872495.443966,16654784153.038088,-0.9753264686112153,-0.013246181386898297,0.22036973091838508,-0.013580027145182487,0.9999077871797659,0.0,0.22034941000400288,0.0029926269278482296,0.9754164145096998,4657.118271323123,-545.9917499919144,-0.11670536077355315,1.5698900811607225e-10,197.41623014491753,0.0,-92.4,-0.31623014491751916,0.0,3.03799415833881e-17,2.2961420975344042,1.5707963267948966,17.25526253542834,461.0,0.0008229412673459065,0.006007733430500253,0.0,0.0017516632250574014,-1526.3708006794063,-21.697900474946803,344.87825065565477,-0.005383746723701279,0.005906365616968282,-0.043514946254284086,-0.005387489990888024,0.0059029513960688115,-0.043514946254284086,-5.808475136088869e-19,-1.083608581286455e-21,7.171640961380889e-20,-5.808467099339532e-19,-1.451837485906328e-21,7.171640961380889e-20,-1526.3761881693972,-21.691997523550732,344.8347357094005,-1057166.3043871336,22.72365433495536,149437.34702099697,-0.09216117857805094,4695.345412526582
8.986465065353368,2001.0,12.0,14.0,14.0,21.0,36.0,1.0,3464229.5990810464,49232.40361817446,-782526.6437300902,570.3655186212349,-292.3383039402624,4646.585082941285,3551852.825338169,4690.579009226389,3464260.256428136,47025.74239408151,-782526.6437300902,3551852.8253381685,573.5124843295242,-538.2564997223013,4646.585082941285,4712.683902214066,20256036.842896815,0.8266097157971602,1.6336281693575911,0.0,8.296615425989067e-08,6.060601180582555,-0.22213744804346217,0.013573707165082412,155652.82533816807,-0.10068426763917375,-0.10021041603923501,40.43343344330788,-16543163793.959705,-1040807470.8776582,-202690939.07101995,-16545768830.445017,-1891630450.0999603,16575872480.965038,16654783564.101118,-0.9753389081087016,-0.013239777858645998,0.22031505307531618,-0.013573290353119024,0.9999078786513235,0.0,0.22029475735549314,0.002990400184554095,0.9754287659221562,4657.144944445329,-545.9913662785563,-0.11670461713791166,1.5730363400423892e-10,197.4,0.0,-92.4,-0.3,0.0,3.0379671338941094e-17,2.296137684107656,1.5707963267948966,17.256025365594343,461.0,0.0008245980912525766,0.006042952649475586,0.0,0.0017551964910096697,-1526.4075353998826,-21.69276305720746,344.79659372393826,-0.0053932367945080184,0.005918279813650507,-0.04360280260876434,-0.0053970055369470206,0.005914843219262993,-0.04360280260876434,-5.820161733946189e-19,-1.0836725475648605e-21,7.184257379267874e-20,-5.820153650395911e-19,-1.4544060426051382e-21,7.184257379267874e-20,-1526.4129324054195,-21.6868482139882,344.7529909213295,-1057166.3236043733,22.87719253992127,149370.93995701702,-0.09206781158158109,4695.395128042553
9.010865358970165,2001.0,12.0,14.0,14.0,21.0,37.0,1.0,3464243.5151814944,49225.2704637196,-782413.2654671426,570.2847264747354,-292.33945172684446,4646.603329156107,3551841.322146616,4690.58733239356,3464274.249297929,47012.60873994067,-782413.2654671426,3551841.3221466164,573.4302542790523,-538.2595739066257,4646.603329156107,4712.692237346854,20256036.632438187,0.8266097139979957,1.6336281693225585,0.0,8.161702118890975e-08,6.060633240272151,-0.22210545457994857,0.013569861872822876,155641.3221466164,-0.10066977812865187,-0.10019599576202286,40.564854830503464,-16543163785.73692,-1040807469.7784816,-202692486.605914,-16545767697.665657,-1891637233.5068648,16575872472.689459,16654783228.022882,-0.975346006505785,-0.013236123034777858,0.22028384561793363,-0.013569445414992656,0.9999079308371994,0.0,0.2202635642686891,0.0029891296189172196,0.9754358140645516,4657.160165042417,-545.9911473330317,-0.1167041928007669,1.574697912155408e-10,197.4,0.0,-92.4,-0.3,0.0,3.037966052726075e-17,2.296137507539517,1.5707963267948966,17.256055885626196,461.0,0.0008254734755303314,0.006063083636433317,0.0,0.0017570566575066515,-1526.4284977403277,-21.689830785714914,344.7499865945609,-0.005398166914730468,0.005924570082087898,-0.04364910434131382,-0.005401949903841106,0.005921121003091621,-0.04364910434131382,-5.826340656134217e-19,-1.083600844127704e-21,7.190837279738681e-20,-5.826332546618176e-19,-1.45573561886436e-21,7.190837279738681e-20,-1526.4338996902316,-21.683909664711823,344.70633749021954,-1057166.3345882483,23.030730744887187,149304.59949992172,-0.09197444754374422,4695.444793451986
9.04726754171967,2001.0,12.0,14.0,14.0,21.0,37.0,1.0,3464264.272596487,49214.62863841047,-782244.1184682042,570.1641926460173,-292.34116379159,4646.630545633848,3551824.1638541995,4690.599747392674,3464295.121177954,46993.0148331047,-782244.1184682042,3551824.1638541985,573.3075752577432,-538.2641591287999,4646.630545633848,4712.70467019397,20256036.31804491,0.8266097113103147,1.6336281692702248,0.0,8.161702118890975e-08,6.06068106970009,-0.22205772395158194,0.013564125209627177,155624.16385419853,-0.10064816140873181,-0.10017448232956858,40.76114320755005,-16543163773.453377,-1040807468.1364759,-202694794.5058084,-16545766007.974432,-1891647351.7628736,16575872460.327053,16654782726.706266,-0.9753565946290359,-0.013230670400674079,0.22023728720268795,-0.013563709279743487,0.9999080086640844,0.0,0.22021702728041975,0.00298723453617663,0.9754463272397927,4657.1828684336415,-545.9908207683968,-0.11670355985897407,1.577176332171321e-10,197.4,0.0,-92.4,-0.3,0.0,3.0379644400420577e-17,2.29613724416823,1.5707963267948966,17.256101409902733,461.0,0.0008267792259776602,0.00609315633902047,0.0,0.0017598313274952387,-1526.459765986128,-21.685456016949953,344.68045162329423,-0.0054055175031248225,0.005933952868860444,-0.04371816950025305,-0.005409321785915046,0.005930485135540833,-0.04371816950025305,-5.835557330019122e-19,-1.0834887752727813e-21,7.200647679098374e-20,-5.835549181745224e-19,-1.4577179602463201e-21,7.200647679098374e-20,-1526.465175307914,-21.679525531814413,344.63673345379397,-1057166.3509964962,23.184268949853102,149238.32564971104,-0.09188108646150073,4695.494408752673
9.134847333763597,2001.0,12.0,14.0,14.0,21.0,37.0,1.0,3464314.1947588897,49189.02527975156,-781837.1646646578,569.8741909174666,-292.3452814194078,4646.696003074065,3551782.897682061,4690.629606143137,3464345.318411145,46945.87328708637,-781837.1646646578,3551782.8976820605,573.0124123256218,-538.2751854087677,4646.696003074065,4712.734571869135,20256035.559615936,0.8266097048266617,1.6336281691439754,0.0,8.296615425989067e-08,6.060796144123038,-0.22194288722282815,0.013550323560025874,155582.8976820605,-0.10059615296743941,-0.100122722387177,41.23448944091797,-16543163743.821358,-1040807464.175354,-202700343.00540817,-16545761944.099735,-1891671686.6887217,16575872430.504786,16654781520.935461,-0.9753820597176763,-0.0132175514775196,0.22012526868545226,-0.013549908898482961,0.9999081957704131,0.0,0.220105060254748,0.002982677336941962,0.9754716121375124,4657.2374715766855,-545.9900354547776,-0.11670203763766035,1.5831370014801504e-10,197.4,0.0,-92.4,-0.3,0.0,3.037960561485199e-17,2.2961366107518257,1.5707963267948966,17.256210898269835,461.0,0.0008299196766744871,0.006165703018688173,0.0,0.001766504605449882,-1526.5349698258453,-21.674929870618833,344.5131432869799,-0.005423180003416162,0.005956519469405154,-0.043884277859973966,-0.005427035709897371,0.005953006714455671,-0.043884277859973966,-5.85772428948803e-19,-1.083194157130196e-21,7.224221089514932e-20,-5.857716047869404e-19,-1.4624812802416898e-21,7.224221089514932e-20,-1526.5403968615553,-21.668976863904376,344.4692590091199,-1057166.3905790467,23.337807154819018,149172.118406385,-0.0917877283318112,4695.543973942405
9.196091219282007,2001.0,12.0,14.0,14.0,21.0,37.0,1.0,3464349.089858317,49171.12083066922,-781552.5815455304,569.6713864154285,-292.3481596545629,4646.741758061187,3551754.053034412,4690.6504773926035,3464380.4055969226,46912.90698726445,-781552.5815455304,3551754.0530344127,572.8059985510858,-538.282891571815,4646.741758061187,4712.755473122343,20256035.027496133,0.8266097002776741,1.6336281690553998,0.0,8.296615425989067e-08,6.060876616382253,-0.2218625811754852,0.013540672300005304,155554.05303441267,-0.10055978309862516,-0.10008652629193292,41.5664344727993,-16543163723.03151,-1040807461.3962468,-202704219.6199826,-16545759103.38854,-1891688696.7612228,16575872409.581459,16654780678.03568,-0.975399859862807,-0.013208377124870115,0.2200469317062698,-0.013540258523857967,0.999908326497538,0.0,0.22002675923333426,0.0029794923426846114,0.9754892863823038,4657.275639350933,-545.9894865982275,-0.11670097363788393,1.5875913819079397e-10,197.38006629301586,0.0,-92.4,-0.2800662930158484,0.0,3.037926985584592e-17,2.296131127391133,1.5707963267948966,17.257158777663836,461.0,0.0008322656934495554,0.006216600685620296,0.0,0.0017715052826660761,-1526.5875389474863,-21.667568247070257,344.3961336091684,-0.005436550800582774,0.005973388443589573,-0.04400864207182399,-0.005440443342718309,0.0059698434100065555,-0.04400864207182399,-5.874273614991084e-19,-1.0831898807842646e-21,7.24200572543142e-20,-5.874265306341326e-19,-1.4660986557528208e-21,7.24200572543142e-20,-1526.592979390829,-21.66159840366025,344.35212496709653,-1057166.4183504824,23.49134535978493,149105.97776994362,-0.09169437315163632,4695.593489018972
9.253340390765244,2001.0,12.0,14.0,14.0,21.0,37.0,1.0,3464381.6976465345,49154.384063748104,-781286.5582057836,569.4818037908051,-292.35084926648733,4646.784514545512,3551727.0991017893,4690.669980774136,3464413.192742511,46882.09053157669,-781286.5582057836,3551727.0991017893,572.6130420126452,-538.290091791883,4646.784514545512,4712.77500454077,20256034.528688632,0.8266096960134616,1.6336281689723666,0.0,8.560065398421929e-08,6.060951840911204,-0.22178751201231978,0.0135316506522832,155527.09910178883,-0.10052578493791607,-0.10005269057030347,41.87749567627907,-16543163703.543348,-1040807458.7910888,-202707840.8407043,-16545756448.80088,-1891704592.001575,16575872389.968174,16654779890.325003,-0.9754164934627553,-0.013199800892200554,0.21997370192190904,-0.013531237702631009,0.9999084486122891,0.0,0.21995356302423819,0.002976516449033051,0.9755058023726825,4657.311305826935,-545.9889737700881,-0.11669997939470608,1.5919713959593169e-10,197.34637387723603,0.0,-92.4,-0.24637387723602372,0.0,3.037872280855579e-17,2.2961221934308997,1.5707963267948966,17.258703375166128,461.0,0.0008345719614428673,0.006264313222412522,0.0,0.0017764323213879242,-1526.6366640265717,-21.660686222981425,344.2867469477588,-0.005449819352588085,0.005989979485080445,-0.044131096408182656,-0.005453746999229096,0.005986403667973605,-0.044131096408182656,-5.890535319705208e-19,-1.083337314654798e-21,7.2596115453843e-20,-5.890526947048509e-19,-1.4696964436858215e-21,7.2596115453843e-20,-1526.6421177735708,-21.654699819313453,344.2426158513506,-1057166.4443833455,23.644883564750845,149039.90374038686,-0.09160102091793712,4695.642953980159
9.332511376836747,2001.0,12.0,14.0,14.0,21.0,37.0,1.0,3464426.773703719,49131.238211542666,-780918.6653538372,569.2196162614831,-292.3545673711605,4646.843620905458,3551689.8387699025,4690.696942006529,3464458.5165182105,46839.47318022278,-780918.6653538372,3551689.838769903,572.3461885357348,-538.3000438637616,4646.843620905458,4712.802004530305,20256033.836582053,0.8266096900967657,1.6336281688571594,0.0,8.560065398421929e-08,6.061055872244907,-0.22168369552970188,0.013519174594024698,155489.83876990294,-0.10047876732476296,-0.10000589759749857,42.30890840291977,-16543163676.503345,-1040807455.1764419,-202712844.6599102,-16545752779.045916,-1891726565.3536575,16575872362.754564,16654778801.31587,-0.9754394876209392,-0.013187940193686855,0.21987242715549216,-0.013518762785520194,0.9999086173509801,0.0,0.21985233463065226,0.002972403185791667,0.97552863401171,4657.360610969174,-545.988264933797,-0.11669860500306768,1.5980282152669862e-10,197.3,0.0,-92.4,-0.2,0.0,3.0377969647158796e-17,2.2961098933718542,1.5707963267948966,17.260830408609372,461.0,0.000837761229236523,0.006330513228539643,0.0,0.0017832457755834767,-1526.7045759206674,-21.65116802801425,344.1354595418342,-0.00546815086698874,0.006012922923315611,-0.04430043627189073,-0.005472127281513351,0.006009304369126378,-0.04430043627189073,-5.913023083004715e-19,-1.0835147451753072e-21,7.283935352989093e-20,-5.91301462168445e-19,-1.4746671244609659e-21,7.283935352989093e-20,-1526.710048047949,-21.645158723645125,344.0911591055623,-1057166.480504522,23.79842176971676,148973.8963177147,-0.09150767162767466,4695.692368823751
9.368008036269213,2001.0,12.0,14.0,14.0,21.0,37.0,1.0,3464446.977012131,49120.86057145547,-780753.7174582278,569.1020595434688,-292.35623386765286,4646.870113055678,3551673.1385076265,4690.709026284618,3464478.8307723636,46820.36524773357,-780753.7174582278,3551673.138507627,572.2265397831068,-538.3045039396226,4646.870113055678,4712.814106179441,20256033.525390573,0.8266096874364429,1.6336281688053595,0.0,8.688795409866128e-08,6.061102515858011,-0.2216371482432428,0.013513580956054606,155473.13850762649,-0.10045768643250119,-0.09998491742379831,42.50281450152397,-16543163664.345459,-1040807453.5512044,-202715086.6233237,-16545751134.194098,-1891736414.0053327,16575872350.518618,16654778313.177986,-0.9754497938478929,-0.013182622223904017,0.2198270187065389,-0.013513169658500093,0.999908692954402,0.0,0.21980694695091818,0.0029705597993037337,0.975538867419743,4657.382710091815,-545.9879472609214,-0.11669798900201865,1.600950761165366e-10,197.3,0.0,-92.4,-0.2,0.0,3.037795395494832e-17,2.296109637098609,1.5707963267948966,17.2608747313951,461.0,0.0008392998229346387,0.0063602782730066785,0.0,0.0017865161809449688,-1526.73501542262,-21.64690016032849,344.0676237143292,-0.005477016995381195,0.0060239770023959105,-0.0443818163118128,-0.00548101586806747,0.006020338790058403,-0.0443818163118128,-5.92388311604137e-19,-1.0836970053458914e-21,7.295764242576587e-20,-5.92387461399396e-19,-1.4770582854438123e-21,7.295764242576587e-20,-1526.7404964384882,-21.64087982153843,344.0232418980174,-1057166.496745672,23.951959974682676,148907.95550192724,-0.09141432527781021,4695.741733547533
9.423857791664561,2001.0,12.0,14.0,14.0,21.0,37.0,1.0,3464478.756057823,49104.53247410016,-780494.1897353177,568.9170933377734,-292.35885523388987,4646.91178470366,3551646.869622042,4690.7280345532,3464510.784227595,46790.300876955174,-780494.1897353177,3551646.8696220424,572.0382819649907,-538.3115188554576,4646.91178470366,4712.833141771908,20256033.034621008,0.826609683240934,1.6336281687236653,0.0,8.688795409866128e-08,6.061175904900601,-0.2215639107555145,0.013504780106696061,155446.86962204194,-0.10042451774099106,-0.09995190720101697,42.808539658784866,-16543163645.17181,-1040807450.9880713,-202718612.17932564,-16545748546.839977,-1891751905.6749477,16575872331.221865,16654777545.30531,-0.9754660053228433,-0.013174254816029747,0.2197555721012253,-0.013504369612197885,0.9999088118430486,0.0,0.21973553299562557,0.002967660469994948,0.9755549643820501,4657.417471579536,-545.9874476121694,-0.11669702006548378,1.6055478161426625e-10,197.3,0.0,-92.4,-0.2,0.0,3.037792927166148e-17,2.2961092339899434,1.5707963267948966,17.26094445003233,461.0,0.0008417200209221093,0.0064072205855232435,0.0,0.0017916604733804531,-1526.782896944415,-21.640184750105725,343.96088530452613,-0.00549095416401968,0.0060413650723638536,-0.044509826738096565,-0.005494988481618772,0.00603769584823714,-0.044509826738096565,-5.940965881339101e-19,-1.0839695886269675e-21,7.31435891132109e-20,-5.940957315140026e-19,-1.4808170933932878e-21,7.31435891132109e-20,-1526.7883919328965,-21.634147054257486,343.91637547778805,-1057166.5223590322,24.10549817964859,148842.08129302436,-0.09132098186530528,4695.791048149284
9.513901232064994,2001.0,12.0,14.0,14.0,21.0,37.0,1.0,3464529.969883702,49078.207286746096,-780075.7627874331,568.6188704423413,-292.36307979848203,4646.978942308572,3551604.535747363,4690.758667903485,3464562.278857107,46741.82894684988,-780075.7627874331,3551604.535747363,571.7347520690408,-538.322822223389,4646.978942308572,4712.863819155959,20256032.240376852,0.8266096764510632,1.633628168591458,0.0,8.815645848363069e-08,6.061294228236023,-0.22144583175452429,0.01349059117460763,155404.53574736277,-0.10037104061980873,-0.09989868557035284,43.303080171346664,-16543163614.142155,-1040807446.8400661,-202724291.3307933,-16545744376.997915,-1891776871.7072346,16575872299.992983,16654776307.701647,-0.9754921315100923,-0.013160763952288964,0.21964037801390013,-0.013490181972613107,0.9999090033549782,0.0,0.21962039147638954,0.002962988667941044,0.9755809060994947,4657.4734928107855,-545.9866424981062,-0.11669545859221918,1.61278928093649e-10,197.29392860818086,0.0,-92.4,-0.19392860818084576,0.0,3.037779546697535e-17,2.2961070487935875,1.5707963267948966,17.261322395291863,461.0,0.0008455328603709456,0.00648318755366527,0.0,0.0017997692216478504,-1526.8600642873043,-21.62935676248811,343.7887793357925,-0.005512837196127937,0.006068763251636791,-0.044711585061046215,-0.005516928520629711,0.006065044192229053,-0.044711585061046215,-5.967875408521654e-19,-1.0842684322439716e-21,7.34353832568466e-20,-5.967866739554394e-19,-1.4867224395552316e-21,7.34353832568466e-20,-1526.865581215825,-21.62329171829588,343.74406775073146,-1057166.5638108011,24.259036384614504,148776.27369100612,-0.09122764138712149,4695.840312626783
9.53285742015633,2001.0,12.0,14.0,14.0,21.0,37.0,1.0,3464540.748134885,49072.665188787476,-779987.6736465829,568.5560858325443,-292.3639688950819,4646.9930762205695,3551595.626334221,4690.76511493458,3464573.1161629385,46731.62437563279,-779987.6736465829,3551595.626334221,571.6708501966674,-538.3252008340309,4646.9930762205695,4712.870275454173,20256032.07274071,0.8266096750179658,1.6336281685635528,0.0,8.815645848363069e-08,6.0613191383427925,-0.22142097308426403,0.013487604111517188,155395.6263342211,-0.10035978230009779,-0.09988748103723202,43.40742874145508,-16543163607.592976,-1040807445.9645592,-202725486.1497593,-16545743499.405561,-1891782126.0004873,16575872293.401754,16654776047.221739,-0.9754976299874818,-0.013157923731274222,0.21961612630198193,-0.013487195181275205,0.999909043646542,0.0,0.21959615081997294,0.0029620055603904174,0.9755863657657952,4657.485282969839,-545.9864730728365,-0.11669512997501959,1.614076196168062e-10,197.2840292602457,0.0,-92.4,-0.18402926024567767,0.0,3.037763378424124e-17,2.2961044083141577,1.5707963267948966,17.261779107899414,461.0,0.0008462109508138092,0.006499221920705356,0.0,0.0018012176862979943,-1526.8763051460853,-21.62707705125527,343.752544356167,-0.00551665166322105,0.006073642277978614,-0.04474759343573195,-0.005520754433013978,0.006069913227100148,-0.04474759343573195,-5.972656611193034e-19,-1.0841780291915552e-21,7.348600094006112e-20,-5.97264792176325e-19,-1.4877569858211869e-21,7.348600094006112e-20,-1526.8818259005184,-21.62100713802817,343.7077967627313,-1057166.5725597646,24.41257458958042,148710.53269587253,-0.09113430384022063,4695.8895269778095
9.560807531360501,2001.0,12.0,14.0,14.0,21.0,37.0,1.0,3464556.638046978,49064.49356502636,-779857.7893821308,568.4635113173015,-292.36527965967616,4647.013913365341,3551582.49156966,4690.774619554934,3464589.0931100203,46716.5780773999,-779857.7893821308,3551582.4915696606,571.576628312472,-538.3287073589327,4647.013913365341,4712.879793736613,20256031.825321298,0.8266096729028128,1.6336281685223666,0.0,8.815645848363069e-08,6.06135586748723,-0.2213843197799673,0.01348319982969765,155382.4915696606,-0.1003431822667558,-0.09987096031001108,43.56141820549965,-16543163597.926872,-1040807444.6723722,-202727247.37138164,-16545742205.59433,-1891789872.2075505,16575872283.673588,16654775663.196407,-0.9755057361989661,-0.013153735887675523,0.21958036769053454,-0.013482791299922286,0.9999091030382525,0.0,0.21956040850225209,0.0029605562711316757,0.9755944147671662,4657.502664796663,-545.9862233064626,-0.11669464551138223,1.6159734399379124e-10,197.2694350774007,0.0,-92.4,-0.16943507740067304,0.0,3.037739541665931e-17,2.2961005154761227,1.5707963267948966,17.26245248141389,461.0,0.0008472106403206352,0.006522887490141074,0.0,0.0018033531314847141,-1526.900248686283,-21.623715601410073,343.69911563020725,-0.005522273318067811,0.006080835321551496,-0.04480067999977987,-0.005526392986760065,0.006077091521703547,-0.04480067999977987,-5.979705387161453e-19,-1.0840417597821154e-21,7.356059933769034e-20,-5.979696667549807e-19,-1.489281689731166e-21,7.356059933769034e-20,-1526.9057750792697,-21.61763850988837,343.6543149502075,-1057166.5854726378,24.566112794546335,148644.85830762357,-0.09104096922156478,4695.938691200135
9.631413744478515,2001.0,12.0,14.0,14.0,21.0,37.0,1.0,3464596.766846759,49043.850642909965,-779529.679469487,568.229647608003,-292.36858993984885,4647.066536705916,3551549.3206915627,4690.798622982663,3464629.441568287,46678.56841333454,-779529.679469487,3551549.3206915627,571.3386030374865,-538.3375619874732,4647.066536705916,4712.903831666775,20256031.198997024,0.8266096675484518,1.6336281684181067,0.0,8.940696716308596e-08,6.061448652075873,-0.22129172677046624,0.013472074045172066,155349.32069156272,-0.10030124749049057,-0.09982922587313876,43.95111358165741,-16543163573.45801,-1040807441.4013064,-202731693.8875354,-16545738938.09245,-1891809434.832957,16575872259.047617,16654774693.310568,-0.9755262080644989,-0.013143156464527213,0.21949003352646554,-0.013471666525862472,0.9999092529829974,0.0,0.2194701154606612,0.0029568965374189176,0.9756147421920965,4657.546561860629,-545.9855925930556,-0.11669342204784176,1.6207647889964946e-10,197.2325785461808,0.0,-92.4,-0.13257854618081086,0.0,3.037679340678491e-17,2.2960906839087714,1.5707963267948966,17.264153364232918,461.0,0.0008497353350615656,0.006582794956168678,0.0,0.001808746231921012,-1526.9607181365689,-21.61522348415699,343.56413726461966,-0.005536460574317079,0.0060990013784742335,-0.044934751322951216,-0.005540623055784401,0.006095220230583004,-0.044934751322951216,-5.997506839673659e-19,-1.083681742528733e-21,7.374885900549954e-20,-5.997498043761938e-19,-1.4931296525999235e-21,7.374885900549954e-20,-1526.9662587596247,-21.609128263926404,343.5192025132967,-1057166.618160637,24.719650999512247,148579.25052625925,-0.09094763752811603,4695.987805291536
9.693591210243708,2001.0,12.0,14.0,14.0,21.0,37.0,1.0,3464632.0915234094,49025.67181432153,-779240.7352087824,568.023694142391,-292.3715039698369,4647.1128609013795,3551520.120950949,4690.819753027797,3464664.9594379724,46645.0957056942,-779240.7352087824,3551520.120950949,571.1289847269544,-538.3453555628078,4647.1128609013795,4712.924992083609,20256030.645886246,0.8266096628199774,1.6336281683260356,0.0,8.940696716308596e-08,6.061530361765699,-0.22121018578435236,0.013462276538292937,155320.1209509489,-0.10026431806960591,-0.09979247287590821,44.29511070251465,-16543163551.849607,-1040807438.5126443,-202735606.51308846,-16545736061.676235,-1891826655.6475208,16575872237.300472,16654773839.467773,-0.9755442293567183,-0.013133839628424964,0.21941048020872092,-0.013461869907431442,0.9999093849237517,0.0,0.21939059831132712,0.002953675340896862,0.9756326363824543,4657.585204318598,-545.9850374501232,-0.11669234507053662,1.6249788335839405e-10,197.2,0.0,-92.4,-0.1,0.0,3.037626135062289e-17,2.2960819947722397,1.5707963267948966,17.265656893369524,461.0,0.0008519559033375403,0.006635698444912976,0.0,0.0018134898874507166,-1527.0139504732113,-21.60774443409166,343.4452611439054,-0.00554892545749299,0.00611497946830102,-0.045052677431176136,-0.005553125777958406,0.006111165332792974,-0.045052677431176136,-6.01316373583207e-19,-1.083343705157796e-21,7.391425546142366e-20,-6.013154872682375e-19,-1.4965106764048673e-21,7.391425546142366e-20,-1527.019503598989,-21.601633268758867,343.4002084664742,-1057166.6470276061,24.873189204478162,148513.70935177954,-0.09085430875683674,4696.036869249782
9.714834390426098,2001.0,12.0,14.0,14.0,21.0,37.0,1.0,3464644.1574056735,49019.46090321226,-779142.0155849156,567.9533276703495,-292.3724993281325,4647.128684069605,3551510.147168699,4690.8269704901395,3464677.0912731844,46633.6595100341,-779142.0155849156,3551510.147168699,571.0573661301285,-538.3480174070608,4647.128684069605,4712.932219920003,20256030.456561953,0.8266096612014668,1.633628168294521,0.0,8.940696716308596e-08,6.0615582785159665,-0.22118232667123025,0.013458929205835695,155310.14716869872,-0.10025170083783083,-0.09977991592001663,44.41282567381859,-16543163544.453308,-1040807437.5238944,-202736942.61646575,-16545735079.1557,-1891832537.81539,16575872229.856684,16654773547.804306,-0.9755503849637768,-0.013130656418709922,0.21938329986359628,-0.013458522878217576,0.9999094299795039,0.0,0.21936343031363115,0.0029525751603130773,0.9756387485852329,4657.598403596582,-545.9848478429271,-0.1166919772098684,1.6267242454777208e-10,197.2,0.0,-92.4,-0.1,0.0,3.037625198133434e-17,2.296081841760147,1.5707963267948966,17.265683372327597,461.0,0.0008528749203410231,0.006653806433934849,0.0,0.0018154433198883846,-1527.0321335511471,-21.605189037540345,343.40464427056156,-0.005554195674498422,0.006121582453996257,-0.04510128847777324,-0.005558409742581735,0.006117756326077745,-0.04510128847777324,-6.019650493236935e-19,-1.0834130130447092e-21,7.398457081123612e-20,-6.019641605531243e-19,-1.4979321099562051e-21,7.398457081123612e-20,-1527.0376919608898,-21.59907128121427,343.3595429820838,-1057166.6569084805,25.026727409444078,148448.2347841845,-0.09076098290468938,4696.0858830726465
9.749546081820895,2001.0,12.0,14.0,14.0,21.0,37.0,1.0,3464663.870030713,49009.31213101856,-778980.7054394755,567.8383459417797,-292.37412550521947,4647.154535343346,3551493.8525103396,4690.838762071136,3464696.911609139,46614.97246431459,-778980.7054394755,3551493.85251034,570.940338392561,-538.3523659576912,4647.154535343346,4712.944028449551,20256030.14676975,0.8266096585530894,1.6336281682429523,0.0,9.185692672385244e-08,6.061603895262979,-0.22113680410282666,0.013453459639214408,155293.85251034005,-0.10023108392083516,-0.09975939749479754,44.60541495680809,-16543163532.350767,-1040807435.9059811,-202739125.1062882,-16545733473.939383,-1891842147.8440213,16575872217.676434,16654773071.28038,-0.9755604417448591,-0.013125454921276362,0.21933888605462748,-0.013453053806773762,0.9999095035768347,0.0,0.21931903666997848,0.002950777836010723,0.975648734465594,4657.619968056637,-545.9845380870222,-0.11669137622159752,1.6295758106904895e-10,197.2,0.0,-92.4,-0.1,0.0,3.037623667425625e-17,2.29608159177659,1.5707963267948966,17.265726632515257,461.0,0.0008543763817504727,0.0066834372566917585,0.0,0.0018186347641218784,-1527.061840643156,-21.60101331584144,343.3382730612089,-0.005562802493231586,0.006132370234936553,-0.0451807077502657,-0.005567039066775835,0.006128524480332194,-0.0451807077502657,-6.0302483570391e-19,-1.08352087820765e-21,7.409940381759818e-20,-6.030239429183284e-19,-1.5002534631650351e-21,7.409940381759818e-20,-1527.067407682223,-21.594884791361107,343.29309235345863,-1057166.6730766036,25.18026561440999,148382.82682347405,-0.09066765996863677,4696.134846757892
9.872231626583583,2001.0,12.0,14.0,14.0,21.0,37.0,1.0,3464733.5106573314,48973.44169971094,-778410.5611508947,567.4319347979359,-292.3798705647579,4647.245864392231,3551436.2868528333,4690.8804198626385,3464766.9323617863,46548.92346864906,-778410.5611508947,3551436.286852834,570.5266956300821,-538.3677261486469,4647.245864392231,4712.985746116334,20256029.047448598,0.8266096491551096,1.6336281680599585,0.0,9.185692672385244e-08,6.0617651271552,-0.22097590506366455,0.013434128189729787,155236.28685283381,-0.10015821356353255,-0.09968687524873411,45.288496524095535,-16543163489.404459,-1040807430.1647507,-202746831.7353096,-16545727802.798246,-1891876098.5023432,16575872174.454376,16654771387.628052,-0.9755959709000295,-0.013107069846915143,0.21918190227219211,-0.013433724104203642,0.9999097634570292,0.0,0.2191621240550493,0.0029444292037591542,0.9756840132524173,4657.696152330075,-545.9834439293696,-0.11668925309197048,1.6396033864145067e-10,197.19535856604224,0.0,-92.4,-0.09535856604225687,0.0,3.037611070200215e-17,2.296079534493557,1.5707963267948966,17.266082658270296,461.0,0.0008596565453952808,0.006788582305852742,0.0,0.0018298614754483067,-1527.1667946581092,-21.586252955348943,343.1036638010579,-0.005593029049417754,0.006170310825247885,-0.0454600678929391,-0.0055973454600502575,0.0061663954972623084,-0.0454600678929391,-6.067515277657055e-19,-1.0838242275836926e-21,7.450255895315377e-20,-6.067506207860507e-19,-1.5084086701116473e-21,7.450255895315377e-20,-1527.1723920035693,-21.58008655985168,343.058203733165,-1057166.7304504234,25.333803819375905,148317.48546964827,-0.09057433994564164,4696.183760303288
9.912230784884542,2001.0,12.0,14.0,14.0,21.0,37.0,1.0,3464756.204807006,48961.74671354108,-778224.6746326686,567.2994265669256,-292.3817427747656,4647.275626881955,3551417.527635551,4690.893995295804,3464789.7502521346,46527.389112651006,-778224.6746326686,3551417.5276355515,570.3918296169553,-538.3727308646088,4647.275626881955,4712.999341061216,20256028.68760664,0.8266096460788548,1.633628168000058,0.0,9.305772182939053e-08,6.061817694704012,-0.22092344603040226,0.013427825650525985,155217.52763555152,-0.10013445510665643,-0.09966323028665593,45.51198253035545,-16543163475.346966,-1040807428.285462,-202749341.9025356,-16545725954.63395,-1891887162.3182127,16575872160.306622,16654770838.904806,-0.9756075491802026,-0.013101075486223619,0.21913071853052207,-0.013427422133452424,0.9999098481037428,0.0,0.21911096348071835,0.0029423606601160653,0.975695509980597,4657.720979396113,-545.9830874197673,-0.11668856122945341,1.6426517592228767e-10,197.1719095444394,0.0,-92.4,-0.07190954443941008,0.0,3.037572984574142e-17,2.2960733146388033,1.5707963267948966,17.267159135823487,461.0,0.0008612621037549326,0.006822999792150073,0.0,0.0018332920383689333,-1527.2009982485813,-21.58144008896557,343.0271654645586,-0.005602178929118594,0.006181862435350657,-0.04554533391452418,-0.0056065209368361905,0.006177924805974687,-0.04554533391452418,-6.0788356589054005e-19,-1.0837903188518904e-21,7.462394869929142e-20,-6.078826543761629e-19,-1.5108904143568328e-21,7.462394869929142e-20,-1527.2066047695182,-21.575262164159597,342.9816201306441,-1057166.7492306568,25.48734202434182,148252.2107227071,-0.09048102283266707,4696.232623706598
10.043055743911824,2001.0,12.0,14.0,14.0,21.0,38.0,1.0,3464830.393381328,48923.49548355248,-777616.6886229308,566.8660121205704,-292.3878632749561,4647.372924432914,3551356.2025984144,4690.938374892609,3464864.342885515,46456.95545193015,-777616.6886229308,3551356.2025984144,569.9507033903502,-538.3890888799276,4647.372924432914,4713.043784442518,20256027.506087363,0.8266096359781419,1.6336281678033588,0.0,9.424321830774487e-08,6.061989630878982,-0.22075186476062278,0.013407212295712952,155156.20259841392,-0.10005674663901662,-0.09958589302604984,46.24547213315964,-16543163429.190712,-1040807422.1146522,-202757543.56663984,-16545719912.607899,-1891923331.0958834,16575872113.85398,16654769044.891846,-0.9756454000165865,-0.013081468825329061,0.21896330423120425,-0.01340681063412115,0.9999101246755234,0.0,0.218943624833188,0.002935599555649214,0.9757330943450433,4657.802142338726,-545.9819221370085,-0.11668629953170394,1.6526170777577363e-10,197.0952532480174,0.0,-92.4,0.004746751982586486,0.0,3.037448467914078e-17,2.296052979525014,1.5707963267948966,17.27067952945884,461.0,0.0008665109619898072,0.006936017755580269,0.0,0.0018445074997121128,-1527.3128176739751,-21.565696802989493,342.776933046917,-0.005632055463329612,0.00621962740216876,-0.04582409316975614,-0.005636481636208161,0.006215616504299281,-0.04582409316975614,-6.115843679021436e-19,-1.0836226770615974e-21,7.502030293320228e-20,-6.11583441532487e-19,-1.5189942889700922e-21,7.502030293320228e-20,-1527.3184541556113,-21.559481186485193,342.73110895374725,-1057166.8108944166,25.640880229307736,148187.00258265057,-0.09038770862667624,4696.281436965585
10.075765500686437,2001.0,12.0,14.0,14.0,21.0,38.0,1.0,3464848.933657604,48913.93152274659,-777464.6737888665,566.7576419024106,-292.3893928645359,4647.397240323924,3551340.8770146067,4690.949465842165,3464882.984029757,46439.3448090352,-777464.6737888665,3551340.8770146067,569.8404049721563,-538.3931762205659,4647.397240323924,4713.054891332174,20256027.20935191,0.8266096334413745,1.6336281677539959,0.0,9.424321830774487e-08,6.062032620472107,-0.2207089639009972,0.013402058478207942,155140.87701460673,-0.10003731698898931,-0.09956655618786285,46.429454773664474,-16543163417.598644,-1040807420.5654893,-202759592.21251264,-16545718402.588608,-1891932370.0569954,16575872102.187511,16654768596.49701,-0.9756548593956631,-0.013076566406115849,0.21892144424120535,-0.013401657279639127,0.999910193758499,0.0,0.2189017837291141,0.002933910166884261,0.9757424871611079,4657.822425975166,-545.9816309644874,-0.11668573432701093,1.6549746866167303e-10,197.1,0.0,-92.37875223845192,0.0,0.0,3.0374543829284486e-17,2.2960539455201685,1.5707963267948966,17.270512263711883,461.0,0.0008677532818535765,0.006964381200048681,0.0,0.0018471416127835167,-1527.3407635638173,-21.561760108829823,342.7143610717447,-0.005638989789333743,0.006228338305465383,-0.045889713312151026,-0.0056434365928883495,0.006224309384468798,-0.045889713312151026,-6.124608044824031e-19,-1.083442617339407e-21,7.511295946090281e-20,-6.124598744943206e-19,-1.5208581585971294e-21,7.511295946090281e-20,-1527.3464070004102,-21.555535799445355,342.66847135843256,-1057166.8263811115,25.79441843427365,148121.8610494787,-0.09029439732463253,4696.330200078009
10.149835140542585,2001.0,12.0,14.0,14.0,21.0,38.0,1.0,3464890.904103518,48892.27421747038,-777120.4407102321,566.5122355205041,-292.3928555106739,4647.452286043886,3551306.183812812,4690.974573156697,3464925.1826531137,46399.46587770062,-777120.4407102321,3551306.1838128115,569.5906322054158,-538.4024279549299,4647.452286043886,4713.080034730841,20256026.536243476,0.8266096276870135,1.6336281676419602,0.0,9.541398640621977e-08,6.062129969665155,-0.2206118156329013,0.013390388022485641,155106.1838128115,-0.09999331884470213,-0.09952276821157113,46.84688913822174,-16543163391.303993,-1040807417.0504088,-202764228.32725906,-16545714984.216133,-1891952832.1258883,16575872075.724033,16654767581.3922,-0.9756762732671628,-0.013065464782843495,0.2188266515155523,-0.013389987871084207,0.9999103500938533,0.0,0.21880703372678154,0.0029300862096632158,0.9757637503958071,4657.868343557779,-545.9809718845082,-0.11668445486345905,1.6603714068959867e-10,197.1,0.0,-92.34020423645724,0.0,0.0,3.0374511247306055e-17,2.29605341341608,1.5707963267948966,17.270604399149526,461.0,0.0008705968633103579,0.0070287607047808415,0.0,0.0018531805518179174,-1527.4040279542833,-21.552844993522633,342.5726593413557,-0.005654910315219055,0.006248383116106569,-0.046040083622268115,-0.00565940421475985,0.006244313106561437,-0.046040083622268115,-6.144666515093839e-19,-1.0830714657152175e-21,7.532537058297742e-20,-6.1446571327591325e-19,-1.5251456578145307e-21,7.532537058297742e-20,-1527.409687358498,-21.546600680416073,342.52661925773344,-1057166.861510802,25.947956639239564,148056.78612319144,-0.09020108892349946,4696.378913041629
10.22451352029396,2001.0,12.0,14.0,14.0,21.0,38.0,1.0,3464933.201080444,48870.438662464236,-776773.3744320661,566.2648019801984,-292.39634516105264,4647.507761081357,3551271.2206970635,4690.999876139059,3464967.7093553357,46359.25850860753,-776773.3744320661,3551271.220697063,569.338796296389,-538.4117503190497,4647.507761081357,4713.105374077827,20256025.855365478,0.826609621866224,1.6336281675286448,0.0,9.65705618025044e-08,6.062228120843268,-0.220513867023753,0.013378621809619712,155071.22069706302,-0.09994895818196532,-0.09947861944429959,47.26889896392822,-16543163364.706097,-1040807413.4949942,-202768898.41247284,-16545711539.11945,-1891973453.6294782,16575872048.955376,16654766558.29053,-0.9756978540983453,-0.013054271450297134,0.21873107576379275,-0.013378222712131549,0.9999105075740852,0.0,0.2187115009891997,0.0029262330456321386,0.9757851794812288,4657.914619240602,-545.9803077608826,-0.11668316546721832,1.6657863780139718e-10,197.10152587132876,0.0,-92.3,-0.0015258713287738795,0.0,3.0374502052122733e-17,2.2960532632473405,1.5707963267948966,17.2706304015069,461.0,0.000873450225299053,0.00709388248234804,0.0,0.00185923875659338,-1527.4677874100641,-21.54385567670874,342.4297782112571,-0.00567085189430646,0.006268478177123878,-0.04619094692350882,-0.005675393406748189,0.00626436665137639,-0.04619094692350882,-6.164794220508483e-19,-1.0826520879126152e-21,7.553811189732712e-20,-6.164784755109343e-19,-1.5294376109545802e-21,7.553811189732712e-20,-1527.473462803471,-21.537591310057365,342.3835872643336,-1057166.8970459849,26.10149484420548,147991.7778037888,-0.09010778342024076,4696.427575854202
10.25290838364819,2001.0,12.0,14.0,14.0,21.0,38.0,1.0,3464949.2787563573,48862.13608936686,-776641.4087848915,566.1707179358889,-292.3976716432811,4647.528848202568,3551257.930724942,4691.009494245939,3464983.8742931327,46343.97033022452,-776641.4087848915,3551257.930724942,569.2430383191112,-538.4152935251528,4647.528848202568,4713.115006007348,20256025.595873233,0.8266096196478366,1.6336281674854611,0.0,9.65705618025044e-08,6.062265441244632,-0.22047662364297196,0.013374147998938974,155057.93072494166,-0.09993209074231937,-0.09946183257344482,47.429672330617905,-16543163354.569334,-1040807412.1400231,-202770673.0247432,-16545710229.55518,-1891981292.216006,16575872038.753536,16654766169.36849,-0.9757060573704378,-0.013050015300004979,0.21869473407310364,-0.013373749301689114,0.9999105674157143,0.0,0.2186751756378658,0.002924768547093256,0.9757933250892293,4657.932209504987,-545.9800553402455,-0.11668267535524678,1.6681121231352093e-10,197.08491340617707,0.0,-92.3,0.015086593822924658,0.0,3.037423218961712e-17,2.296048856058169,1.5707963267948966,17.271393561258794,461.0,0.0008746749561733216,0.007118701246448723,0.0,0.001861855073481974,-1527.492024031029,-21.540437434748014,342.37544679930676,-0.005677868766079076,0.006277287434891844,-0.04625597479392355,-0.005682429287045792,0.006273159384456258,-0.04625597479392355,-6.17342987359691e-19,-1.0826862935810651e-21,7.563122706648662e-20,-6.173420374873251e-19,-1.5313401960400516e-21,7.563122706648662e-20,-1527.4977064603158,-21.53416427536356,342.3291908245128,-1057166.91058895,26.255033049171395,147926.83609127082,-0.09001448081182029,4696.476188513482
10.295963770325802,2001.0,12.0,14.0,14.0,21.0,38.0,1.0,3464973.6523843445,48849.54675125752,-776441.3069450051,566.0280546047352,-292.39968259750583,4647.560816402064,3551237.7832336114,4691.024075310055,3465008.38014642,46320.78853593467,-776441.3069450051,3551237.7832336114,569.0978367609995,-538.4206646231769,4647.560816402064,4713.129608026405,20256025.20170939,0.8266096162781459,1.6336281674198654,0.0,9.65705618025044e-08,6.0623220310368735,-0.22042015063556625,0.013367364362814228,155037.78323361184,-0.09990651423711307,-0.09943637823547358,47.67383310198784,-16543163339.171864,-1040807410.0818402,-202773362.7417618,-16545708244.227575,-1891993175.5161772,16575872023.257214,16654765579.735361,-0.9757184935646087,-0.013043561530750794,0.21863962774072804,-0.013366966271934814,0.9999106581153563,0.0,0.2186200940643279,0.002922548529718695,0.9758056738825595,4657.958876442125,-545.9796726956837,-0.1166819323553796,1.671637934117924e-10,197.05972904201482,0.0,-92.3,0.04027095798517257,0.0,3.0373823063198544e-17,2.296042174516701,1.5707963267948966,17.27255068686639,461.0,0.0008765316662943479,0.007156400728387572,0.0,0.0018658214982064764,-1527.5287673474638,-21.53525406552031,342.2930594866754,-0.005688501128781838,0.006290642500793952,-0.04635455938708489,-0.00569309053829712,0.00628648934523071,-0.04635455938708489,-6.186521601925735e-19,-1.0827297726547395e-21,7.577231866931838e-20,-6.186512052635143e-19,-1.5342231582878138e-21,7.577231866931838e-20,-1527.534460438002,-21.528967576175077,342.2467049272883,-1057166.9311604593,26.408571254137307,147861.96098563744,-0.0899211810952021,4696.524751017224
10.483952526745671,2001.0,12.0,14.0,14.0,21.0,38.0,1.0,3465080.0007429915,48794.57807361603,-775567.6046527599,565.4051166845373,-292.4084571547583,4647.700305939332,3551149.8745878427,4691.0876974980165,3465115.3045478845,46219.56930188794,-775567.6046527599,3551149.8745878427,568.4638160292487,-538.4440948112039,4647.700305939332,4713.193321645119,20256023.470940135,0.826609601481843,1.6336281671318291,0.0,9.996002811937589e-08,6.062569121325525,-0.2201735702233707,0.013337746209482696,154949.87458784226,-0.09979483831036769,-0.09932523571705426,48.7452007830143,-16543163271.562902,-1040807401.0443525,-202785090.46738017,-16545699581.191835,-1892045026.3143141,16575871955.214195,16654763006.586683,-0.9757727572537491,-0.013015381195999879,0.21839900653102529,-0.013337350758886266,0.9999110535816346,0.0,0.21837958072161978,0.002912864155496577,0.9758595564661244,4658.0752344377925,-545.9780034455974,-0.11667869054137019,1.687021947127605e-10,197.0,0.0,-92.3,0.1,0.0,3.0372814993977835e-17,2.296025711496973,1.5707963267948966,17.275402478924832,461.0,0.0008846337367660758,0.007321940505615412,0.0,0.0018830901465663817,-1527.6890989965257,-21.51261875547301,341.9332814563632,-0.005734681462412301,0.006348888441365788,-0.04678402583444367,-0.005739397910830908,0.006344625090373205,-0.04678402583444367,-6.243675950840387e-19,-1.0827313139705779e-21,7.63866526916967e-20,-6.243666180771135e-19,-1.5467155757116665e-21,7.63866526916967e-20,-1527.6948383944366,-21.506274130382636,341.8864974305288,-1057167.0214897357,26.562109459103223,147797.15248688875,-0.08982788426735035,4696.573263363181
10.577622597357454,2001.0,12.0,14.0,14.0,21.0,38.0,1.0,3465132.947741383,48767.187948227656,-775132.2509850279,565.0946979806897,-292.4128258412964,4647.769755232609,3551106.108054275,4691.1193734605995,3465168.5377962138,46169.13265932422,-775132.2509850279,3551106.108054275,568.1478748050221,-538.455756641655,4647.769755232609,4713.225043127156,20256022.6024554,0.8266095940571733,1.6336281669873163,0.0,9.996002811937589e-08,6.062692244762025,-0.2200507008281177,0.013322988598848784,154906.10805427516,-0.09973919082098015,-0.0992698540121095,49.282259702682495,-16543163237.637894,-1040807396.5098104,-202790924.30216318,-16545695267.842823,-1892070841.5119035,16575871921.071405,16654761725.242283,-0.9757997740300844,-0.013001338527904832,0.21827910160919944,-0.013322594459437148,0.9999112503001801,0.0,0.21825972940445468,0.002908043949709639,0.975886383653692,4658.1331669003275,-545.9771725839051,-0.11667707661046896,1.6946810905018453e-10,197.0,0.0,-92.3,0.1,0.0,3.037277390157759e-17,2.296025040407149,1.5707963267948966,17.275518748581522,461.0,0.0008886679302652379,0.007404993115849698,0.0,0.0018916647721325419,-1527.7689291076183,-21.501337937355913,341.7539779465215,-0.005757545442799758,0.006377871571088806,-0.0469974302059194,-0.005762325740744754,0.006373552962105004,-0.0469974302059194,-6.272150220582073e-19,-1.0826181870016459e-21,7.669172923619962e-20,-6.272140340524937e-19,-1.5528828718185633e-21,7.669172923619962e-20,-1527.774691433359,-21.494964384393807,341.7069805163156,-1057167.0668161772,26.715647664069138,147732.41059502464,-0.08973459032522943,4696.621725549101
10.6087456631191,2001.0,12.0,14.0,14.0,21.0,38.0,1.0,3465150.533615753,48758.08714203845,-774987.5977823192,564.9915538485334,-292.414276884101,4647.792822566089,3551091.5713898027,4691.129894464944,3465186.2186662517,46152.37420512993,-774987.5977823192,3551091.5713898023,568.0428957111957,-538.4596295415798,4647.792822566089,4713.235579250296,20256022.313089292,0.8266095915833818,1.6336281669391604,0.0,1.0106459234841571e-07,6.062733154751673,-0.22000987524401674,0.013318085250542457,154891.57138980273,-0.09972070091769705,-0.0992514524191449,49.46115484833717,-16543163226.334726,-1040807394.9988697,-202792861.22619927,-16545693835.156464,-1892079415.8830464,16575871909.69567,16654761299.619616,-0.9758087475367667,-0.012996672509649511,0.2182392602956757,-0.013317691546141375,0.9999113156134807,0.0,0.21821990588076196,0.0029064431518758672,0.975895294212241,4658.152408951165,-545.9768966497272,-0.11667654056517907,1.6968666726973538e-10,196.97952376644747,0.0,-92.3,0.12047623355252804,0.0,3.037244294111633e-17,2.29601963541264,1.5707963267948966,17.276455249995166,461.0,0.0008898198261619139,0.007432668550107424,0.0,0.0018941290064445396,-1527.7954449663675,-21.497589417320228,341.69439691319036,-0.005763972400438546,0.006386162053364917,-0.04705867224245472,-0.005768772991314536,0.006381825896993371,-0.04705867224245472,-6.280269519573955e-19,-1.0823700538908262e-21,7.677687565499512e-20,-6.280259604814086e-19,-1.5546289700691374e-21,7.677687565499512e-20,-1527.801213739359,-21.491207591423233,341.64733824094793,-1057167.0819182731,26.869185869035054,147667.7353100452,-0.08964129926580389,4696.670137572734
10.654630737038204,2001.0,12.0,14.0,14.0,21.0,38.0,1.0,3465176.454806113,48744.669642256435,-774774.3326849907,564.8394840685062,-292.4164157096118,4647.826823641649,3551070.144667473,4691.1454022980415,3465212.2798055923,46127.666814258955,-774774.3326849907,3551070.144667473,567.8881205959497,-538.4653376798008,4647.826823641649,4713.2511093680805,20256021.885762274,0.826609587930159,1.633628166868045,0.0,1.0106459234841571e-07,6.062793469403808,-0.21994968502956505,0.013310856240435882,154870.14466747362,-0.09969344076037474,-0.09922432245873963,49.72527891397476,-16543163209.642637,-1040807392.7675651,-202795715.54354835,-16545691723.367321,-1892092054.3923364,16575871892.896412,16654760672.229527,-0.9758219744009251,-0.012989793198967746,0.21818052055334478,-0.013310463176787206,0.9999114118610806,0.0,0.21816119234708048,0.00290408378471756,0.975908428312345,4658.180771581247,-545.9764899553903,-0.11667575045308004,1.700199718392991e-10,196.95571629719294,0.0,-92.3,0.1442837028070783,0.0,3.037205387195229e-17,2.296013281430997,1.5707963267948966,17.27755631319868,461.0,0.000891576264962493,0.007473538603617256,0.0,0.001897880816665496,-1527.8345296638392,-21.49206263744601,341.60655124260353,-0.005773801545325032,0.006398798326052705,-0.04715194546375258,-0.005778632433120915,0.006394435980223406,-0.04715194546375258,-6.292653975485631e-19,-1.082058014541657e-21,7.690731778100259e-20,-6.292644008953901e-19,-1.5572948544606311e-21,7.690731778100259e-20,-1527.8403082962723,-21.48566820146579,341.5593992971398,-1057167.1042205803,27.022724074000966,147603.12663195038,-0.08954801108603841,4696.718499431826
10.738835196527218,2001.0,12.0,14.0,14.0,21.0,38.0,1.0,3465224.005059941,48720.04671082226,-774382.9623132512,564.5604081746333,-292.4203392693998,4647.889196808138,3551030.8391389973,4691.173850445381,3465260.086559187,46082.32519069713,-774382.9623132512,3551030.8391389977,567.6040799996174,-538.4758074458643,4647.889196808138,4713.279598394571,20256021.099375397,0.8266095812073244,1.6336281667371764,0.0,1.0215721428991925e-07,6.062904155711948,-0.21983922707187226,0.01329759031779617,154830.83913899772,-0.09964341428875594,-0.099174534913847,50.211134880781174,-16543163178.925379,-1040807388.6614454,-202800949.48630762,-16545687849.34007,-1892115238.913993,16575871861.981943,16654759521.237247,-0.975846238327627,-0.01297716839932331,0.21807272237067146,-0.013297198428180062,0.9999115883486708,0.0,0.2180534422011768,0.0028997562611362397,0.9759325221334947,4658.232801295226,-545.9757439909267,-0.11667430107969451,1.706313911711463e-10,196.91204348777526,0.0,-92.3,0.1879565122247355,0.0,3.037134011017375e-17,2.2960016248165505,1.5707963267948966,17.279576632827027,461.0,0.0008947983931393621,0.007548748724724441,0.0,0.0019047635186603784,-1527.9062300805922,-21.481919434525892,341.44532961187724,-0.005791815742581848,0.006421979440764937,-0.047323055960416714,-0.005796702436278983,0.006417568885400745,-0.047323055960416714,-6.315372707028307e-19,-1.0814588631817823e-21,7.7146378774696e-20,-6.315362645414526e-19,-1.562180873559563e-21,7.7146378774696e-20,-1527.9120267830285,-21.475501865640492,341.3980065559168,-1057167.1452623196,27.17626227896688,147538.5845607402,-0.08945472578289783,4696.766811124122
10.780158520380525,2001.0,12.0,14.0,14.0,21.0,38.0,1.0,3465247.3317426867,48707.96289067008,-774190.89545049,564.4234469371044,-292.42226407637907,4647.919795644836,3551011.557063311,4691.187806379857,3465283.538966228,46060.07347440497,-774190.89545049,3551011.5570633113,567.4646822893262,-538.4809429561992,4647.919795644836,4713.293574382977,20256020.712400023,0.8266095778990616,1.6336281666727768,0.0,1.0215721428991925e-07,6.062958475893377,-0.21978501894995023,0.013291080141274688,154811.5570633118,-0.09961886337799451,-0.0991501012564291,50.45012801885605,-16543163163.80977,-1040807386.6408644,-202803516.11974156,-16545685948.801424,-1892126612.6335058,16575871846.769287,16654758956.549067,-0.97585814162543,-0.012970972562110352,0.2180198185811443,-0.0132906888269523,0.9999116748945904,0.0,0.21800056195768674,0.002897633566870582,0.9759443420123122,4658.258325861383,-545.9753780827443,-0.1166735900719657,1.7095830506290375e-10,196.9,0.0,-92.3,0.2,0.0,3.0371135343090836e-17,2.2959982807163075,1.5707963267948966,17.280156321352155,461.0,0.0008965206183075758,0.007585758758993916,0.0,0.001908433716588721,-1527.9414054161439,-21.47694122505831,341.36620321993297,-0.005801534155521336,0.006434361245709263,-0.04741434451191638,-0.0058064491052454885,0.006429926281549408,-0.04741434451191638,-6.3275219151424925e-19,-1.0813096186931915e-21,7.727568422726831e-20,-6.327511805337409e-19,-1.5648098075828962e-21,7.727568422726831e-20,-1527.947211865249,-21.470511298776763,341.31878887542103,-1057167.165458668,27.329800483932797,147474.10909641464,-0.0893614433533472,4696.815072647364
10.8237856631088,2001.0,12.0,14.0,14.0,21.0,38.0,1.0,3465271.952770738,48695.205298497756,-773988.1192856078,564.2788465438314,-292.4242957078211,4647.952092692267,3550991.2050685026,4691.2025368064715,3465308.2926185755,46036.58097121192,-773988.1192856078,3550991.2050685026,567.3175095545939,-538.4863629719504,4647.952092692267,4713.308325976183,20256020.30298324,0.8266095743989446,1.633628166604642,0.0,1.0215721428991925e-07,6.063015825121269,-0.2197277880263886,0.013284207067476544,154791.20506850258,-0.09959294342201074,-0.09912430509085568,50.70291730761528,-16543163147.81768,-1040807384.5031003,-202806224.47206557,-16545683942.75833,-1892138617.5337121,16575871830.674522,16654758360.489588,-0.9758707055293103,-0.01296443114404273,0.21796396402808796,-0.013283816359905257,0.9999117662188581,0.0,0.2179447322433891,0.002895393271226116,0.9759568178895839,4658.285267012044,-545.9749918987341,-0.11667283961914213,1.7133990496557638e-10,196.9,0.0,-92.3,0.2,0.0,3.03711162396751e-17,2.295997968733853,1.5707963267948966,17.28021040451769,461.0,0.0008985301894368345,0.007624915294687525,0.0,0.0019127054825446692,-1527.9785335021159,-21.471685164880245,341.2826605162919,-0.005812989970994364,0.006448798229373537,-0.04752065082603737,-0.005817935877466176,0.006444336516022747,-0.04752065082603737,-6.341705784989221e-19,-1.0813549046687166e-21,7.742852231946581e-20,-6.341695622241892e-19,-1.5679000183542426e-21,7.742852231946581e-20,-1527.9843514379934,-21.465240828364223,341.2351398654659,-1057167.1868262403,27.48333868889871,147409.70023897372,-0.08926816379435168,4696.863283999297
10.935541646730362,2001.0,12.0,14.0,14.0,21.0,38.0,1.0,3465334.993609937,48662.52484296763,-773468.6782059218,563.9084198432938,-292.4294976918811,4648.034789209842,3550939.0948631163,4691.240253791684,3465371.672678342,45976.401122578805,-773468.6782059218,3550939.0948631163,566.9404933497574,-538.5002385141358,4648.034789209842,4713.346097156926,20256019.250068612,0.826609565397532,1.6336281664294097,0.0,1.0536712127723512e-07,6.063162734809875,-0.21958118137556482,0.013266601135378824,154739.09486311674,-0.09952654501647425,-0.09905822378912177,51.35274079442024,-16543163106.690634,-1040807379.0052348,-202813155.79668954,-16545678806.163883,-1892169355.8122983,16575871789.283419,16654756834.129402,-0.975902875296127,-0.012947673810877098,0.21782087992577578,-0.013266211979187622,0.9999119999378562,0.0,0.21780171167480608,0.0028896579665885153,0.975988762367867,4658.354249728807,-545.9740032240452,-0.11667091815777458,1.7231583989545707e-10,196.89886857889593,0.0,-92.3,0.20113142110407678,0.0,3.037104978983827e-17,2.295996883525663,1.5707963267948966,17.280398531594997,461.0,0.0009036698194196941,0.007725618853017552,0.0,0.0019236316332399128,-1528.0736024481373,-21.458219704050233,341.0686330950318,-0.005842254489147723,0.0064857229621944745,-0.047792554994124964,-0.0058472800573604105,0.006481192466598923,-0.047792554994124964,-6.377981492757029e-19,-1.0814142911576881e-21,7.781892698001743e-20,-6.377971194250864e-19,-1.5757948606801827e-21,7.781892698001743e-20,-1528.0794497281947,-21.451738511583635,341.0208405400377,-1057167.241778141,27.636876893864624,147345.3579884174,-0.08917488710287662,4696.911445177659
10.970219706492172,2001.0,12.0,14.0,14.0,21.0,38.0,1.0,3465354.546866481,48652.38392742792,-773307.4929335184,563.7934711635924,-292.43111121033775,4648.060439508596,3550922.9319399684,4691.251952544783,3465391.331045858,45957.7269045457,-773307.4929335184,3550922.931939968,566.8234998915318,-538.5045416438559,4648.060439508596,4713.3578127196315,20256018.92207293,0.8266095625934803,1.6336281663748349,0.0,1.0536712127723512e-07,6.063208321995565,-0.21953568821986055,0.013261138057706665,154722.9319399679,-0.09950594106623606,-0.09903771823679246,51.55503237247467,-16543163093.879131,-1040807377.2927899,-202815304.71716496,-16545677212.88721,-1892178889.9525352,16575871776.38967,16654756360.645588,-0.9759128534937305,-0.012942473769611695,0.21777647889165505,-0.013260749382068697,0.9999120723972813,0.0,0.2177573303279376,0.0028878793078916114,0.9759986707171032,4658.375646353643,-545.9736966063847,-0.11667032219152494,1.7259869105056173e-10,196.87866492495988,0.0,-92.3,0.22133507504012423,0.0,3.0370721464950885e-17,2.2959915215733413,1.5707963267948966,17.28132811919445,461.0,0.0009051597524803452,0.007756981957777092,0.0,0.0019268149871983706,-1528.1030911015196,-21.454040925245913,341.0022132922049,-0.0058507049721126594,0.006496441140391401,-0.047871680623386745,-0.005855754803332036,0.0064918896975016075,-0.047871680623386745,-6.388486544831514e-19,-1.0813217112233204e-21,7.793104833129074e-20,-6.388476205115992e-19,-1.5780868936688988e-21,7.793104833129074e-20,-1528.108946856323,-21.447549035548413,340.9543416115815,-1057167.2588963304,27.79041509883054,147281.08234474578,-0.08908161327588751,4696.959556180189
11.027796433294844,2001.0,12.0,14.0,14.0,21.0,39.0,1.0,3465387.0027547255,48635.54662412164,-773039.8716016426,563.6026145019939,-292.4337894737079,4648.103016203422,3550896.103569167,4691.271371125186,3465423.961295502,45926.721370047184,-773039.8716016426,3550896.103569167,566.6292481933885,-538.5116836356551,4648.103016203422,4713.377259201693,20256018.376399018,0.826609557928481,1.6336281662840235,0.0,1.0536712127723512e-07,6.063284012292928,-0.21946015403821884,0.01325206766692584,154696.1035691672,-0.09947173144752748,-0.09900367199033919,51.89154502749443,-16543163072.565348,-1040807374.4435877,-202818870.6492407,-16545674568.190386,-1892194715.510479,16575871754.939041,16654755574.67474,-0.975929416186592,-0.012933839805643468,0.21770275700959682,-0.01325167978828022,0.9999121926363279,0.0,0.21768364110443966,0.0028849272249169542,0.9760151175009639,4658.41116240232,-545.9731877001412,-0.11666933297448483,1.7306818753957392e-10,196.845129461459,0.0,-92.3,0.2548705385409945,0.0,3.037017645873254e-17,2.2959826209463405,1.5707963267948966,17.282871426515722,461.0,0.0009076328972927009,0.007809169263742374,0.0,0.0019320991319177541,-1528.152039827087,-21.447102364808316,340.89192800592133,-0.0058647227796920064,0.0065142324516232405,-0.04800302387924165,-0.0058698130081570885,0.006509646147502144,-0.04800302387924165,-6.405923830228167e-19,-1.0811535941572028e-21,7.811703414385177e-20,-6.405913422041851e-19,-1.5818890561407164e-21,7.811703414385177e-20,-1528.157909640095,-21.440592718660813,340.8439249820421,-1057167.2873752043,27.943953303796455,147216.87330795874,-0.08898834231035,4697.007617004624
11.11538979742299,2001.0,12.0,14.0,14.0,21.0,39.0,1.0,3465436.3578867083,48609.93118632304,-772632.7257856879,563.3122462729181,-292.4378623372965,4648.167763076456,3550855.3061097907,4691.300901011641,3465473.5813142983,45879.55084440451,-772632.7257856879,3550855.3061097907,566.3337148716397,-538.5225427889166,4648.167763076456,4713.406831517447,20256017.543381296,0.826609550806955,1.6336281661453933,0.0,1.0641557616804321e-07,6.063399164616209,-0.21934523921016108,0.01323826876162477,154655.3061097907,-0.09941968618319241,-0.09895187526981242,52.40502646565437,-16543163040.028385,-1040807370.0940751,-202824290.91265208,-16545670546.283846,-1892218781.443543,16575871722.193176,16654754379.33555,-0.9759546032054361,-0.012920704137243137,0.21759059696300634,-0.013237882093363459,0.9999123753998058,0.0,0.21757153067394144,0.002880438667220847,0.9760401283314547,4658.465172040738,-545.9724139093764,-0.1166678287128938,1.7378214307866268e-10,196.7941326372384,0.0,-92.3,0.3058673627616192,0.0,3.036934760695684e-17,2.295969084769603,1.5707963267948966,17.28521905416235,461.0,0.0009113938820608237,0.007888836616613245,0.0,0.0019401350909660062,-1528.2264785935595,-21.436545441813102,340.7241304796763,-0.005886018109537342,0.006541288637838107,-0.048202767120025025,-0.005891170065691973,0.006536649102285228,-0.048202767120025025,-6.432441023888129e-19,-1.0808633638852368e-21,7.839956961106602e-20,-6.432430511417863e-19,-1.5876653949235452e-21,7.839956961106602e-20,-1528.2323697636252,-21.43000879271082,340.6759277125563,-1057167.3308506329,28.097491508762367,147152.73087805638,-0.08889507420322994,4697.055627648699
11.141441981215184,2001.0,12.0,14.0,14.0,21.0,39.0,1.0,3465451.0322758444,48602.312525617606,-772511.6306141604,563.225881676737,-292.4390733080906,4648.18701405489,3550843.176108838,4691.309680997018,3465488.3343992787,45865.52111409648,-772511.6306141604,3550843.1761088385,566.245814037743,-538.5257710967381,4648.18701405489,4713.415624117941,20256017.29497421,0.8266095486833042,1.6336281661040557,0.0,1.0641557616804321e-07,6.063433413947459,-0.21931106051326651,0.013234164706552738,154643.17610883852,-0.09940420653826804,-0.09893646954731102,52.55808600783348,-16543163030.325888,-1040807368.7970833,-202825901.92228568,-16545669350.444176,-1892225936.8486392,16575871712.428385,16654754023.90564,-0.9759620919662537,-0.012916797177271518,0.21755723705621682,-0.013233778397796138,0.9999124297203821,0.0,0.21753818550813492,0.0028791042640387756,0.976047564724417,4658.4812305454225,-545.972183866037,-0.11666738146781581,1.739617049736228e-10,196.8,0.0,-92.3,0.3,0.0,3.036942718596345e-17,2.295970384393407,1.5707963267948966,17.28499362704808,461.0,0.0009123407331355621,0.007912592206478926,0.0,0.0019421422037221535,-1528.2486116668872,-21.433405334340037,340.6742198885703,-0.005891177215451048,0.0065480890623152285,-0.04825277121954066,-0.005896346611336529,0.006543434571449624,-0.04825277121954066,-6.439127344601167e-19,-1.0805356387736023e-21,7.846862450998868e-20,-6.439116803304565e-19,-1.5890535483216727e-21,7.846862450998868e-20,-1528.2545080134985,-21.42686189976859,340.62596711735074,-1057167.3438150696,28.251029713728283,147088.65505503863,-0.08880180895149323,4697.103588110149
11.191122933494833,2001.0,12.0,14.0,14.0,21.0,39.0,1.0,3465479.009782813,48587.78381661772,-772280.7033451601,563.0611827877385,-292.4413821102785,4648.2237174291295,3550820.049614,4691.326420619607,3465516.46186659,45838.766488071335,-772280.7033451601,3550820.0496140006,566.0781855434238,-538.5319255775491,4648.2237174291295,4713.432387791839,20256016.820535302,0.826609544627287,1.6336281660250997,0.0,1.0745380149674388e-07,6.063498727330625,-0.2192458818256951,0.013226338414688269,154620.0496140006,-0.09937468687940434,-0.09890709085697964,52.85036510229111,-16543163011.794958,-1040807366.3198649,-202828972.69130433,-16545667070.469193,-1892239579.090826,16575871693.778477,16654753346.2267,-0.9759763698088042,-0.012909346530544215,0.21749361909486586,-0.013225952790877026,0.9999125332611716,0.0,0.21747459563728763,0.0028765603384656863,0.9760617427463374,4658.511847230767,-545.9717453042066,-0.11666652877838818,1.7432145044887938e-10,196.8,0.0,-92.3,0.3,0.0,3.0369405483985194e-17,2.295970029973206,1.5707963267948966,17.28505510263598,461.0,0.0009142371590847642,0.007957965710100533,0.0,0.001946172240391531,-1528.2908105141469,-21.427416902703616,340.5790364702799,-0.005901628536898399,0.006561716557555905,-0.04835310131866949,-0.005906831782237627,0.006557033007815677,-0.04835310131866949,-6.452512638147688e-19,-1.0800257934431857e-21,7.860812120028378e-20,-6.452502040685602e-19,-1.5918730327375973e-21,7.860812120028378e-20,-1528.2967173459292,-21.4208598696958,340.5306833689612,-1057167.3685761709,28.404567918694198,147024.6458389055,-0.08870854655210614,4697.151498386702
11.286162897578006,2001.0,12.0,14.0,14.0,21.0,39.0,1.0,3465532.508124814,48559.98998834802,-771838.9329945036,562.7461001390125,-292.44579706059136,4648.29390259488,3550775.8273345875,4691.358430384616,3465570.2466781014,45787.583873975746,-771838.9329945036,3550775.8273345875,565.75749842078,-538.5436924373438,4648.29390259488,4713.464443547244,20256015.910203528,0.8266095368447764,1.6336281658736007,0.0,1.0745380149674388e-07,6.063623674597007,-0.2191211922238247,0.0132113668629175,154575.82733458793,-0.09931821445910936,-0.09885088811059642,53.41093251109123,-16543162976.239027,-1040807361.5666839,-202834842.00580648,-16545662710.562786,-1892265665.9582934,16575871657.994251,16654752050.252924,-0.9760036722114203,-0.012895092819291406,0.21737191265433659,-0.013210982547137344,0.9999127311621446,0.0,0.21735294286013684,0.0028716965443143037,0.976088854351383,4658.570393238767,-545.9709067927195,-0.11666489829952321,1.7500935257307658e-10,196.8,0.0,-92.3,0.3,0.0,3.036936398557384e-17,2.2959693522527176,1.5707963267948966,17.28517265720194,461.0,0.0009178636004608958,0.008045026542164163,0.0,0.001953878599659166,-1528.3715062861727,-21.415959847363208,340.3969317458313,-0.005921591965598184,0.00658777590984367,-0.048544957941679685,-0.005926860224112621,0.006583036588777648,-0.048544957941679685,-6.478108679287906e-19,-1.0790169233930214e-21,7.887458288994835e-20,-6.478097974320711e-19,-1.5972586493672111e-21,7.887458288994835e-20,-1528.3774331463967,-21.40937681077443,340.34838678788964,-1057167.4160866532,28.558106123660114,146960.70322965703,-0.08861528700203478,4697.199358476096
11.324973168893205,2001.0,12.0,14.0,14.0,21.0,39.0,1.0,3465554.34595677,48548.640052646144,-771658.5308910203,562.617429027784,-292.4475992573327,4648.322552417827,3550757.775958211,4691.371496809157,3465592.2013388295,45766.6827539584,-771658.5308910203,3550757.775958211,565.6265386355188,-538.5484949909759,4648.322552417827,4713.477528744783,20256015.537389763,0.8266095336575532,1.6336281658115561,0.0,1.0848209096909347e-07,6.063674698629695,-0.21907027340690674,0.013205253191731776,154557.77595821116,-0.09929515310130735,-0.09882793687622396,53.64041128754616,-16543162961.677727,-1040807359.6200881,-202837236.86372966,-16545660930.803082,-1892276314.6344411,16575871643.339457,16654751521.19324,-0.9760148171198755,-0.01288927199254186,0.2173222110828948,-0.013204869409237745,0.9999128119110611,0.0,0.21730326317462648,0.0028697114170764255,0.9760999214066364,4658.594291906678,-545.9705645539779,-0.11666423275381717,1.753292007835408e-10,196.78471994776396,0.0,-92.3,0.3152800522360538,0.0,3.0369110160316295e-17,2.2959652069716827,1.5707963267948966,17.2858917164275,461.0,0.000919548624351511,0.008080680973787885,0.0,0.0019574728114929475,-1528.4044473361687,-21.411280840295564,340.3225610398325,-0.005931097455249351,0.006599892989567931,-0.04863433635647877,-0.005936393547246443,0.006595129729552257,-0.04863433635647877,-6.489993202004817e-19,-1.0788546543964528e-21,7.900093183275221e-20,-6.489982450546554e-19,-1.5998325006590431e-21,7.900093183275221e-20,-1528.410383729716,-21.404685710566014,340.27392670347604,-1057167.4355439134,28.711644328626026,146896.82722729316,-0.08852203029824571,4697.247168376054
11.371956888566253,2001.0,12.0,14.0,14.0,21.0,39.0,1.0,3465580.77615697,48534.899725378884,-771440.1345926217,562.4616560516923,-292.44978046843147,4648.357227508851,3550735.9284830494,4691.387311143498,3465618.772853103,45741.37960589436,-771440.1345926217,3550735.928483049,565.4679949548854,-538.5543069992177,4648.357227508851,4713.493365799879,20256015.08510797,0.8266095297909473,1.6336281657362859,0.0,1.0950072449966577e-07,6.063736469023507,-0.21900863038447269,0.013197852036855313,154535.92848304845,-0.09926723468657078,-0.09880015177699751,53.918732821941376,-16543162944.012691,-1040807357.2585616,-202840134.58962762,-16545658776.717892,-1892289202.7495975,16575871625.560999,16654750880.833519,-0.9760283058655083,-0.012882225129435649,0.21726204092068252,-0.013197468899292237,0.9999129096149585,0.0,0.21724311948588385,0.0028673090280474647,0.9761133159500385,4658.623216630866,-545.9701503742176,-0.11666342725544526,1.7573884094284154e-10,196.75741060381057,0.0,-92.3,0.34258939618943596,0.0,3.036866626453839e-17,2.295957957603486,1.5707963267948966,17.28714937379378,461.0,0.0009217061296517721,0.008123935452636937,0.0,0.001962081735453921,-1528.444316723131,-21.405616097122063,340.2325225031239,-0.005943382146778178,0.0066154121606711155,-0.04874889586153812,-0.005948712708178185,0.00661061922317087,-0.04874889586153812,-6.505205698704137e-19,-1.0787982042065503e-21,7.916396008807985e-20,-6.505194889443255e-19,-1.60316365564899e-21,7.916396008807985e-20,-1528.4502654358391,-21.399005477898893,340.18377360726237,-1057167.4591486342,28.86518253359194,146833.01783181395,-0.08842877643770546,4697.294928084307
11.498411562668673,2001.0,12.0,14.0,14.0,21.0,39.0,1.0,3465651.8755532308,48497.91771261202,-770852.322195078,562.0423795542357,-292.4556482289016,4648.45050838859,3550677.156991555,4691.429853630352,3465690.2519434597,45673.27590793738,-770852.322195078,3550677.1569915544,565.0412610317868,-538.5699390851987,4648.45050838859,4713.535969406913,20256013.862589773,0.8266095193394918,1.6336281655328218,0.0,1.1151007970493862e-07,6.063902725168073,-0.2188427170387094,0.013177932450811223,154477.15699155396,-0.09919209166116635,-0.09872536756499685,54.67066365480423,-16543162896.264715,-1040807350.8752508,-202847925.5942633,-16545652981.766344,-1892323873.2918298,16575871577.50643,16654749157.984386,-0.9760645923888773,-0.012863257876882219,0.21710008770502015,-0.013177551045435571,0.9999131723046981,0.0,0.21708123740475488,0.0028608474877014423,0.9761493491871377,4658.701028164481,-545.9690363586527,-0.11666126044091905,1.7684080640836347e-10,196.7,0.0,-92.3,0.4,0.0,3.036772096460685e-17,2.295942519684043,1.5707963267948966,17.289828255245826,461.0,0.000927510331885133,0.008240856434668384,0.0,0.001974467713681596,-1528.5515742109849,-21.390367852147325,339.99015852894536,-0.005976343569634416,0.006657152242362942,-0.04905684903789088,-0.005981767393114714,0.006652279105312568,-0.04905684903789088,-6.546139679350609e-19,-1.0785593755530289e-21,7.960188883880213e-20,-6.546128714481039e-19,-1.6120919575984829e-21,7.960188883880213e-20,-1528.557555978378,-21.38371557304201,339.9411016799075,-1057167.5229522288,29.018720738557857,146769.2750432194,-0.0883355254173808,4697.342637598579
11.635671876791598,2001.0,12.0,14.0,14.0,21.0,39.0,1.0,3465728.9904304994,48457.7747217006,-770214.2674747127,561.5872422942083,-292.46201264600444,4648.551684833736,3550613.413040484,4691.4759965408675,3465767.777892586,45599.35046549451,-770214.2674747127,3550613.413040484,564.5780287861235,-538.5868893054572,4648.551684833736,4713.582178607934,20256012.52670019,0.8266095079187895,1.6336281653105225,0.0,1.1250129990683128e-07,6.064083194233737,-0.21866262004009665,0.013156311227163405,154413.41304048384,-0.09911052463394102,-0.09864419001268855,55.49153250455856,-16543162844.089598,-1040807343.9005828,-202856368.9841884,-16545646696.038874,-1892361477.949991,16575871524.996325,16654747288.98066,-0.9761039501410427,-0.012842668339509984,0.21692428261717117,-0.013155931696030352,0.9999134569857581,0.0,0.2169055093358912,0.0028538410453218884,0.9761884324304533,4658.7854258123225,-545.9678283564152,-0.11665891036845871,1.7803600549092784e-10,196.7,0.0,-92.3,0.4,0.0,3.036766116280786e-17,2.2959415430465504,1.5707963267948966,17.289997756264732,461.0,0.0009338064505791726,0.008368598905073986,0.0,0.0019878511466734964,-1528.6679155979318,-21.37381361406877,339.72703638264136,-0.0060118482025133795,0.006702388261450326,-0.04938994104055515,-0.006017374044917245,0.006697427627145123,-0.04938994104055515,-6.590578052796049e-19,-1.0781038035813303e-21,8.00756090900651e-20,-6.590566919413938e-19,-1.6216704497539025e-21,8.00756090900651e-20,-1528.6739329719767,-21.367116186441624,339.6776464416008,-1057167.592672715,29.172258943523772,146705.5988615094,-0.08824227723423864,4697.3902969165965
11.661160194275894,2001.0,12.0,14.0,14.0,21.0,39.0,1.0,3465743.3032672396,48450.32034202327,-770095.7834743231,561.5027225508529,-292.46319393137185,4648.570463983666,3550601.5819024094,4691.48456097405,3465782.1669402844,45585.622751786635,-770095.7834743231,3550601.5819024094,564.4920058219778,-538.5900348259427,4648.570463983666,4713.590755344809,20256012.27765867,0.8266095057896968,1.6336281652690783,0.0,1.1348386266624797e-07,6.0641167068379245,-0.21862917652328454,0.013152296369118108,154401.58190240944,-0.09909537784437865,-0.09862911554607483,55.64449363946915,-16543162834.363039,-1040807342.6003071,-202857935.33449015,-16545645529.32838,-1892368457.615299,16575871515.207315,16654746942.042973,-0.976111255232225,-0.012838844826786195,0.21689163532161396,-0.013151917185336953,0.9999135097968974,0.0,0.21687287632002375,0.00285254082594217,0.9761956865954264,4658.80109067524,-545.967604176797,-0.11665847419329149,1.7824030162650916e-10,196.69064655823271,0.0,-92.3,0.4,0.0,3.0367505028106344e-17,2.2959389931733685,1.5707963267948966,17.290440317574035,461.0,0.000934883015886298,0.008392414263814936,0.0,0.001990139407029919,-1528.6895100889149,-21.370739257427175,339.6781708706159,-0.006017831970593804,0.006710117449806578,-0.04944685028485949,-0.006023376299718126,0.006705140995422365,-0.04944685028485949,-6.598145555306616e-19,-1.0778958571524885e-21,8.015516248866094e-20,-6.598134391749176e-19,-1.623278710131992e-21,8.015516248866094e-20,-1528.6955334652146,-21.364034116431753,339.628724020331,-1057167.6056702696,29.325797148489684,146641.9892866841,-0.088149031885246,4697.437906036083
11.69366379098347,2001.0,12.0,14.0,14.0,21.0,39.0,1.0,3465761.552373603,48440.814211836965,-769944.6878255478,561.394938275975,-292.46470010073693,4648.594407890774,3550586.49700347,4691.49548082488,3465800.5131779513,45568.11657332535,-769944.6878255478,3550586.49700347,564.3823045706858,-538.5940451855031,4648.594407890774,4713.601690883011,20256011.95968956,0.8266095030713299,1.6336281652161602,0.0,1.1348386266624797e-07,6.064159443610024,-0.21858652785246122,0.013147176507538341,154386.49700347008,-0.09907606197203371,-0.09860989190252585,55.839766919612885,-16543162821.944517,-1040807340.9401025,-202859932.104176,-16545644041.73094,-1892377356.8451045,16575871502.709053,16654746499.674498,-0.9761205694053436,-0.01283396887015222,0.21685000167587676,-0.013146797766402702,0.9999135771197876,0.0,0.21683126087415786,0.0028508831176768386,0.9762049358475772,4658.821063780843,-545.96731835798,-0.1166579180662426,1.784917166088319e-10,196.6738855594112,0.0,-92.3,0.4,0.0,3.036723097169443e-17,2.295934517492509,1.5707963267948966,17.291217182891923,461.0,0.000936208080815149,0.008422822842492322,0.0,0.0019929557744334477,-1528.717043904639,-21.366818572829075,339.61585335743547,-0.006025148867070832,0.006719627529310323,-0.04951686981697067,-0.006030716524513567,0.006714631129406074,-0.04951686981697067,-6.607442340394468e-19,-1.0775682066087815e-21,8.0252276261586e-20,-6.607431138942497e-19,-1.6252418114659913e-21,8.0252276261586e-20,-1528.7230746211635,-21.36010394169967,339.5663364876185,-1057167.6222651768,29.4793353534556,146578.44631874343,-0.0880557893673701,4697.48546495476
11.801687949976207,2001.0,12.0,14.0,14.0,21.0,39.0,1.0,3465822.1772412187,48409.22068827302,-769442.5230271085,561.0367084123282,-292.46970379212513,4648.6739527243435,3550536.3838647017,4691.531757812171,3465861.460409184,45509.9346849537,-769442.5230271085,3550536.3838647017,564.0177035940429,-538.6073660271043,4648.6739527243435,4713.638019984556,20256010.89972481,0.826609494009518,1.63362816503975,0.0,1.144579909424277e-07,6.06430147984571,-0.21844478440691936,0.013130161102320655,154336.38386470173,-0.09901186534108739,-0.09854600178987445,56.49045532941818,-16543162780.547234,-1040807335.4056722,-202866562.67675003,-16545639099.640684,-1892406921.057566,16575871461.045948,16654745029.950998,-0.9761515122502841,-0.01281776322354339,0.21671162884678924,-0.013129783829803007,0.9999138006731293,0.0,0.2166929484502576,0.002845376840162844,0.9762356631073111,4658.887417052237,-545.9663689590768,-0.11665607060033328,1.793269355883044e-10,196.61820429411304,0.0,-92.3,0.4,0.0,3.036632047179806e-17,2.2959196479007713,1.5707963267948966,17.293798688826122,461.0,0.000940610172946844,0.008524193748631208,0.0,0.002002312139695446,-1528.8085171068726,-21.353787098693115,339.4087239537485,-0.006049430654720997,0.006751221601005166,-0.049749485341712564,-0.0060550761469035895,0.006746158700131212,-0.049749485341712564,-6.638326718629503e-19,-1.076439842374696e-21,8.057455073803714e-20,-6.638315391171862e-19,-1.6317563376479088e-21,8.057455073803714e-20,-1528.8145721830194,-21.347040939992983,339.3589744684068,-1057167.6775850747,29.632873558421515,146514.9699576874,-0.08796254967757824,4697.532973670349
11.847643650499446,2001.0,12.0,14.0,14.0,21.0,39.0,1.0,3465847.95657409,48395.77998928345,-769228.8891822089,560.8843035569695,-292.47183153724205,4648.70777799973,3550515.074402876,4691.547183974016,3465887.376673496,45485.18247602104,-769228.8891822089,3550515.0744028757,563.8625882741409,-538.6130295385783,4648.70777799973,4713.65346830663,20256010.44723662,0.8266094901411184,1.63362816496445,0.0,1.1542389828584848e-07,6.064361906197573,-0.21838448260959564,0.01312292249726997,154315.0744028762,-0.09898455419174873,-0.09851882103985676,56.76806682348251,-16543162762.875305,-1040807333.0432174,-202869380.85100886,-16545636998.042683,-1892419492.7086782,16575871443.260551,16654744404.91566,-0.9761646702081352,-0.012810868711399772,0.21665275968771305,-0.013122545848371284,0.9999138956882524,0.0,0.21663410495095192,0.0028430357721781806,0.9762487294330775,4658.915632793657,-545.9659653011803,-0.11665528502132191,1.7969235494607103e-10,196.6,0.0,-92.3,0.4061569964047349,0.0,3.036601815399121e-17,2.295914710676306,1.5707963267948966,17.29465601583868,461.0,0.0009425359908831499,0.008567463256667037,0.0,0.002006410540484578,-1528.8474157797211,-21.348242651820506,339.32059747127727,-0.006060115870129568,0.006765055587265051,-0.049851407758767494,-0.006065794951404107,0.006759963984053671,-0.049851407758767494,-6.651874957880438e-19,-1.0760183886280753e-21,8.071655659347351e-20,-6.651863575995858e-19,-1.6346350471157004e-21,8.071655659347351e-20,-1528.8534815746725,-21.341482687836454,339.2707460635185,-1057167.7012005784,29.786411763387427,146451.56020351598,-0.087869312812838,4697.580432180566
11.882122932006679,2001.0,12.0,14.0,14.0,21.0,39.0,1.0,3465867.2934905794,48385.695743155076,-769068.6046406598,560.7699558936896,-292.4734275612645,4648.733150386241,3550499.0903088814,4691.558755122057,3465906.8162440443,45466.61141251775,-769068.6046406598,3550499.0903088814,563.7462070005779,-538.6172773616911,4648.733150386241,4713.665056076858,20256010.107132923,0.8266094872335114,1.633628164907847,0.0,1.1542389828584848e-07,6.064407242880896,-0.21833923937396954,0.013117491612201819,154299.09030888183,-0.09896406316981564,-0.09849842785295325,56.97669464349747,-16543162749.592659,-1040807331.2674472,-202871494.22680637,-16545635421.612719,-1892428922.6836703,16575871429.892614,16654743936.053324,-0.9761745399975648,-0.01280569583488115,0.21660859081469397,-0.01311711543073226,0.9999139669405448,0.0,0.2165899553149219,0.002841279889004592,0.9762585305057634,4658.936797454673,-545.9656625403082,-0.11665469576868015,1.7999205670846563e-10,196.6,0.0,-92.3,0.42613711389770925,0.0,3.036600316239276e-17,2.2959144658449233,1.5707963267948966,17.294698532010354,461.0,0.0009441149644250562,0.008599988684034155,0.0,0.002009783537248068,-1528.8765941334902,-21.344082576823368,339.254474955333,-0.00606905367883884,0.006776427943213769,-0.049935359944203124,-0.006074758856264995,0.00677131398359474,-0.049935359944203124,-6.663074222965945e-19,-1.0758865369833505e-21,8.08358015130804e-20,-6.663062798249828e-19,-1.6370721317638795e-21,8.08358015130804e-20,-1528.8826688923466,-21.337311262839773,339.20453959538884,-1057167.7189506982,29.939949968353343,146388.2170562292,-0.08777607877011696,4697.627840483133
11.979606428568445,2001.0,12.0,14.0,14.0,21.0,39.0,1.0,3465921.943548356,48357.18419088089,-768615.4263827067,560.4466481931632,-292.4779383222804,4648.804859107258,3550453.9160093823,4691.591457910147,3465961.756156934,45414.104531837314,-768615.4263827067,3550453.916009382,563.4171495480036,-538.629280988975,4648.804859107258,4713.697805842326,20256009.14250586,0.8266094789867318,1.6336281647473005,0.0,1.1733186057227575e-07,6.0645354257845705,-0.21821132066633644,0.013102137014530954,154253.91600938188,-0.09890612771466718,-0.0984407690076387,57.56819722056389,-16543162711.919819,-1040807326.2308129,-202877464.64994147,-16545630966.13345,-1892455573.9786973,16575871391.97786,16654742610.818695,-0.9762024344348017,-0.012791069988842886,0.21648370731329208,-0.013101762152518742,0.9999141682307031,0.0,0.21646512613366944,0.002836318043114235,0.9762862308093323,4658.9966140604965,-545.9648069708206,-0.11665303044529683,1.8083907482408956e-10,196.6,0.0,-92.3,0.4826049882726374,0.0,3.036596079302094e-17,2.2959137739005713,1.5707963267948966,17.29481869271631,461.0,0.0009485775903297644,0.0086922418876199,0.0,0.0020193167922248506,-1528.9590613501175,-21.332319698558855,339.0675093098581,-0.006094290976176074,0.006808570130459022,-0.05017264049807408,-0.006100070226495077,0.006803392753289215,-0.05017264049807408,-6.694727520988263e-19,-1.0754766255352001e-21,8.117251261749608e-20,-6.694715975062712e-19,-1.6439541203439532e-21,8.117251261749608e-20,-1528.965161420344,-21.325516305805564,339.01733666936,-1057167.769294899,30.09348817331926,146324.94051582704,-0.08768284754638295,4697.675198575764
12.154119437580592,2001.0,12.0,14.0,14.0,21.0,40.0,1.0,3466019.698273624,48306.142281687884,-767804.1382650564,559.8678256591371,-292.4860071667344,4648.933131750927,3550373.110947618,4691.64995604831,3466060.0283751637,45320.10484190145,-767804.1382650564,3550373.110947618,562.8280335080563,-538.6507465028479,4648.933131750927,4713.756388009684,20256007.404084533,0.8266094641246094,1.6336281644579993,0.0,1.1827430029502178e-07,6.064764904389772,-0.21798231498756543,0.01307465018033443,154173.11094761826,-0.09880240892568139,-0.09833754540092655,58.63317149877548,-16543162644.028145,-1040807317.1545312,-202888135.3105073,-16545622995.809925,-1892503247.1945105,16575871323.650251,16654740239.81058,-0.9762523318147961,-0.012764885105217918,0.21626012654769242,-0.013074277672619929,0.9999145279789364,0.0,0.21624164235760093,0.002827444944000455,0.9763357812072525,4659.10361396922,-545.9632769269159,-0.11665005170518936,1.823541697321577e-10,196.5163886845228,0.0,-92.3,0.5,0.0,3.036458815137722e-17,2.2958913569613415,1.5707963267948966,17.29871247910374,461.0,0.0009565598504040937,0.008858477560722331,0.0,0.002036300028513515,-1529.1065857306592,-21.311258078239554,338.73274435143327,-0.006138989461517964,0.006865889483039544,-0.05059488978181323,-0.006144902233371631,0.006860598118549575,-0.05059488978181323,-6.750831245422575e-19,-1.074388712029042e-21,8.176619359969402e-20,-6.750819484181756e-19,-1.6559809061079864e-21,8.176619359969402e-20,-1529.1127306328926,-21.304397480121004,338.6821494616515,-1057167.8600236867,30.247026378285174,146261.73058230954,-0.08758961913860389,4697.722506456174
12.206245885989842,2001.0,12.0,14.0,14.0,21.0,40.0,1.0,3466048.877688582,48290.89596214344,-767561.8048939514,559.6949224832351,-292.48841575275236,4648.971421746335,3550348.9909431674,4691.667417860863,3466089.3620151062,45292.026724580064,-767561.8048939514,3550348.9909431674,562.652055593498,-538.6571524199043,4648.971421746335,4713.773874904358,20256006.882055763,0.8266094596616685,1.6336281643711175,0.0,1.1920928955078133e-07,6.064833450898883,-0.21791390973151575,0.013066440119601563,154148.99094316736,-0.09877142750410607,-0.09830671188883966,58.9527752995491,-16543162623.64139,-1040807314.4289166,-202891318.25491402,-16545620616.545855,-1892517477.7145603,16575871303.132582,16654739531.951424,-0.976267226364787,-0.01275706327465797,0.21619333954266984,-0.013066068313177002,0.9999146352858505,0.0,0.21617488426003875,0.002824796943318395,0.976350572252297,4659.135553925555,-545.9628203009975,-0.11664916258490018,1.8278348428054413e-10,196.5,0.0,-92.3,0.5122322853696089,0.0,3.0364311308357935e-17,2.2958868357717304,1.5707963267948966,17.29949802281257,461.0,0.0009588223951029777,0.008908400305346807,0.0,0.00204111954895203,-1529.1506241820853,-21.304966060394527,338.6327355644897,-0.006151569422134492,0.0068821527988191565,-0.05071476949158847,-0.006157521609230247,0.00687682783945454,-0.05071476949158847,-6.766778354816945e-19,-1.073913800386482e-21,8.193352516780172e-20,-6.766766530484203e-19,-1.659380073970888e-21,8.193352516780172e-20,-1529.1567817036946,-21.29808923255507,338.5820207949981,-1057167.8872685432,30.400564583251086,146198.58725567666,-0.08749639354374784,4697.769764122079
12.269132792096034,2001.0,12.0,14.0,14.0,21.0,40.0,1.0,3466084.0686115217,48272.50217925598,-767269.4440124616,559.4863202931332,-292.4913205936754,4649.01760087329,3550319.901764408,4691.688477344529,3466124.7387863584,45258.15199989372,-767269.4440124616,3550319.901764408,562.4397438836876,-538.6648771834464,4649.01760087329,4713.794964637372,20256006.250701565,0.826609454264076,1.6336281642660402,0.0,1.20137002293744e-07,6.064916148694841,-0.21783138234261584,0.013056535357251205,154119.90176440869,-0.0987340499980548,-0.09826951282535062,59.339175283908844,-16543162598.985357,-1040807311.1324977,-202895155.5950792,-16545617747.020262,-1892534640.140328,16575871278.318218,16654738678.190268,-0.9762851896990444,-0.012747626482166213,0.21611276314316083,-0.013056164395703094,0.999914764653104,0.0,0.21609434269682568,0.0028216037636067523,0.9763684107992372,4659.174074658669,-545.9622696546015,-0.11664809030278803,1.8326830392652166e-10,196.5,0.0,-92.3,0.5445535951014444,0.0,3.036428403261453e-17,2.295886390325036,1.5707963267948966,17.29957542189964,461.0,0.0009613784897950486,0.008968777901225638,0.0,0.0020465792823572597,-1529.2037372069817,-21.29737458053675,338.5120724145032,-0.006165697796158023,0.0069005667328381395,-0.050850696244916914,-0.006171696645760767,0.0068952020318918585,-0.050850696244916914,-6.784909685338794e-19,-1.0731750024657626e-21,8.212207623606269e-20,-6.784897786539302e-19,-1.663234429745494e-21,8.212207623606269e-20,-1529.2099089036274,-21.29047937850486,338.4612217182583,-1057167.9202191345,30.554102788217,146135.51053592842,-0.08740317075878305,4697.816971571192
12.363647975126401,2001.0,12.0,14.0,14.0,21.0,40.0,1.0,3466136.933746885,48244.85710232043,-766830.0379844245,559.172790300954,-292.49568443968485,4649.086974286951,3550276.2028997513,4691.720114128015,3466177.8828016184,45207.23944206393,-766830.0379844245,3550276.2028997513,562.1206385801213,-538.6764797781292,4649.086974286951,4713.826646862237,20256005.29860508,0.8266094461243728,1.6336281641075867,0.0,1.2197126108217918e-07,6.0650404409813845,-0.21770734615775664,0.013041649310219209,154076.20289975125,-0.0986778726684013,-0.09821360368425504,59.92156940698624,-16543162561.803892,-1040807306.1615411,-202900917.41600817,-16545613436.12875,-1892560422.4960022,16575871240.897993,16654737395.494734,-0.9763121753655549,-0.012733442937521345,0.21599165646833404,-0.013041279616042444,0.9999149588969934,0.0,0.21597328829962775,0.002816807586735727,0.9763952090911063,4659.231943081846,-545.9614425617968,-0.11664647950813635,1.8399661833747902e-10,196.5,0.0,-92.3,0.5931078891652687,0.0,3.0364243057880314e-17,2.295885721156844,1.5707963267948966,17.29969169531473,461.0,0.0009652184805810796,0.009059824432376991,0.0,0.0020547815577335584,-1529.2835293518212,-21.28596381296304,338.330703407648,-0.0061868982216962114,0.0069282304161614955,-0.05105490465577986,-0.006192967500612416,0.006922805778108428,-0.05105490465577986,-6.812149085450777e-19,-1.0720264662149347e-21,8.240501256962075e-20,-6.812137074676544e-19,-1.6690185726553065e-21,8.240501256962075e-20,-1529.2897223193218,-21.279041007184933,338.27964850299225,-1057167.9699093811,30.707640993182917,146072.5004230648,-0.0873099507806779,4697.864128801222
12.391934327608041,2001.0,12.0,14.0,14.0,21.0,40.0,1.0,3466152.749378369,48236.58344782949,-766698.5319780634,559.0789543664578,-292.496989988551,4649.1077290129515,3550263.1295360723,4691.729578986391,3466193.7817933788,45192.002200198236,-766698.5319780634,3550263.1295360727,562.0251340451305,-538.6799504903214,4649.1077290129515,4713.836125315205,20256005.012912523,0.8266094436819159,1.6336281640600405,0.0,1.2287812309317777e-07,6.065077639571626,-0.2176702242109087,0.013037194286113258,154063.1295360718,-0.09866105972282171,-0.0981968710017793,60.09625795483589,-16543162550.647062,-1040807304.6699362,-202902640.52843338,-16545612146.399405,-1892568135.8606515,16575871229.66952,16654737011.717957,-0.9763202487603563,-0.012729197964012224,0.21595541062846546,-0.013036824970667254,0.9999150169862858,0.0,0.21593705808684238,0.002815372889831879,0.9764032264491401,4659.249255805543,-545.9611951463635,-0.11664599761420123,1.8423740927856419e-10,196.49141192008975,0.0,-92.3,0.6,0.0,3.036409757683385e-17,2.295883345271053,1.5707963267948966,17.30010453788462,461.0,0.0009664873867170513,0.009087143953335897,0.0,0.0020574847360625317,-1529.3074015959724,-21.282548528104336,338.2764189942586,-0.006193971278189676,0.006937351871250921,-0.0511221437788403,-0.006200062446621515,0.0069319085999875185,-0.0511221437788403,-6.821095051830698e-19,-1.0717866130017723e-21,8.24991092131092e-20,-6.821083006234635e-19,-1.6709303416897242e-21,8.24991092131092e-20,-1529.313601658419,-21.275616619504348,338.22529685047976,-1057167.9848197754,30.861179198148832,146009.55691708584,-0.08721673360640088,4697.911235809881
12.423743143767295,2001.0,12.0,14.0,14.0,21.0,40.0,1.0,3466170.5313397734,48227.27944150129,-766550.6489938593,558.9734314114805,-292.49845786472474,4649.131064314629,3550248.430783891,4691.740220648671,3466211.6574394275,45174.867366622944,-766550.6489938593,3550248.430783891,561.9177346843179,-538.6838524736896,4649.131064314629,4713.846782262224,20256004.69117002,0.8266094409312579,1.6336281640064934,0.0,1.2287812309317777e-07,6.065119470781889,-0.21762847918694386,0.013032184510002081,154048.43078389065,-0.0986421529259541,-0.09817805446311208,60.29295817017555,-16543162538.08248,-1040807302.9900937,-202904577.5157592,-16545610696.294561,-1892576808.2540011,16575871217.024252,16654736580.206087,-0.9763293259660962,-0.012724424289555529,0.21591465046422278,-0.013031815620138372,0.9999150822853122,0.0,0.21589631548553775,0.0028137599145363753,0.9764122406621665,4659.268721133155,-545.9609169840902,-0.1166454558108341,1.8453138432218662e-10,196.47303847986333,0.0,-92.3,0.6,0.0,3.036379876821159e-17,2.2958784653559223,1.5707963267948966,17.300952553797316,461.0,0.0009680359518454185,0.009117911539799194,0.0,0.0020607769912328777,-1529.3342423159133,-21.278707783346583,338.21537208749606,-0.006202667265445366,0.006948465231049763,-0.05120397922319998,-0.006208783846445396,0.006943000318382077,-0.05120397922319998,-6.831961620095169e-19,-1.0716256928788917e-21,8.261452293906905e-20,-6.831949534011166e-19,-1.6732642964799416e-21,8.261452293906905e-20,-1529.3404510997598,-21.2717647830282,338.16416810827286,-1057168.0016116295,31.014717403114744,145946.6800179915,-0.08712351923292068,4697.958292594877
12.546968132221437,2001.0,12.0,14.0,14.0,21.0,40.0,1.0,3466239.385647307,48191.235972144656,-765977.7543038848,558.5646258446161,-292.5041417986662,4649.221423716888,3550191.515105286,4691.7814272366095,3466280.874110826,45108.48712418813,-765977.7543038848,3550191.515105286,561.5016598946586,-538.6989591498871,4649.221423716888,4713.888048034416,20256003.439949226,0.8266094302342388,1.6336281637982462,0.0,1.2467205919833125e-07,6.065281525043314,-0.21746675879096636,0.013012777274712046,153991.51510528615,-0.09856890783773341,-0.09810515902879151,61.05756348371506,-16543162489.220774,-1040807296.457272,-202912074.2462378,-16545605081.020168,-1892610389.400231,16575871167.848764,16654734909.118818,-0.9763644748072213,-0.01270593063282964,0.2157567418672535,-0.013012410030413467,0.9999153350085198,0.0,0.2157384748245415,0.0028075151920027787,0.9764471456964926,4659.344095104731,-545.9598400384073,-0.11664335790636547,1.8566969789427736e-10,196.40189388160766,0.0,-92.3,0.6,0.0,3.036264163484009e-17,2.295859567933869,1.5707963267948966,17.30423730030153,461.0,0.0009740324115142061,0.009237567283261664,0.0,0.002073525355095021,-1529.4381782427536,-21.263827437221085,337.9788556924013,-0.006236301359448582,0.0069914990438833865,-0.051520865710011715,-0.006242516842884977,0.006985949970675421,-0.051520865710011715,-6.87403798158318e-19,-1.0709431020955737e-21,8.306090521376663e-20,-6.874025738518011e-19,-1.682291154560603e-21,8.306090521376663e-20,-1529.4444207595964,-21.25684148725041,337.92733482669126,-1057168.066913288,31.16825560808066,145883.86972578178,-0.08703030765720607,4698.005299153919
12.585181885332993,2001.0,12.0,14.0,14.0,21.0,40.0,1.0,3466260.7280753683,48180.058257457094,-765800.0895696288,558.4378440080196,-292.5059036538695,4649.249432541227,3550173.8732343977,4691.794200013212,3466302.3287309078,45087.901325739265,-765800.0895696288,3550173.8732343977,561.3726237191142,-538.7036409276459,4649.249432541227,4713.900839155922,20256003.05030385,0.8266094269030537,1.6336281637334076,0.0,1.237783411580038e-07,6.065331781338477,-0.21741660602811433,0.013006758911298872,153973.8732343982,-0.09854619303002499,-0.0980825526536493,61.295507192611694,-16543162474.004759,-1040807294.4230803,-202914396.82070825,-16545603340.394543,-1892620798.5085366,16575871152.535048,16654734391.069082,-0.976375369911931,-0.012700195239919837,0.21570777007379194,-0.013006392176309358,0.9999154133038234,0.0,0.21568952406618178,0.0028055798530569054,0.976457965265168,4659.3674588614485,-545.9595062675761,-0.11664270764092674,1.8600237685503365e-10,196.4,0.0,-92.3,0.620158457002243,0.0,3.0362595712100933e-17,2.295858817958624,1.5707963267948966,17.304367687546254,461.0,0.000975785580602085,0.009274822325404344,0.0,0.0020772693378702856,-1529.470396297741,-21.259212326361062,337.90550058513605,-0.00624612597633695,0.007004123766213505,-0.05161404865749643,-0.0062523716406529374,0.006998549014750626,-0.05161404865749643,-6.886462281706973e-19,-1.070649146118297e-21,8.319192636189776e-20,-6.886449990727439e-19,-1.684967484143905e-21,8.319192636189776e-20,-1529.4766486693816,-21.252213777346313,337.85388653647857,-1057168.0872490183,31.321793813046575,145821.1260404567,-0.08693709887622598,4698.052255484713
12.636676011735704,2001.0,12.0,14.0,14.0,21.0,40.0,1.0,3466289.479945525,48164.99586036583,-765560.6795601057,558.2669976266635,-292.5082771975129,4649.287165604899,3550150.106642785,4691.811407242046,3466331.2316467674,45060.16108997261,-765560.6795601057,3550150.1066427855,561.1987395113657,-538.7099475041894,4649.287165604899,4713.9180710983455,20256002.52422423,0.8266094224054501,1.6336281636458516,0.0,1.2467205919833125e-07,6.0653995039234365,-0.21734902295217434,0.012998649058257657,153950.10664278502,-0.0985155837987846,-0.09805208953847538,61.616728246212006,-16543162453.461058,-1040807291.6763955,-202917524.86139715,-16545600995.419334,-1892634821.4384336,16575871131.859419,16654733693.122759,-0.9763900476097667,-0.012692466441252518,0.21564177754840383,-0.012998283008826193,0.9999155187508705,0.0,0.21562355986167203,0.002802972853100495,0.9764725412297904,4659.39893415004,-545.959056655271,-0.11664183163178711,1.86448000447781e-10,196.4,0.0,-92.3,0.6498666965187333,0.0,3.036257343302555e-17,2.295858454113711,1.5707963267948966,17.304430944682505,461.0,0.0009781340778466116,0.0093251299555192,0.0,0.0020822870028414124,-1529.5138006417271,-21.252992948944055,337.806646383799,-0.006259278703662795,0.007021041513793014,-0.05173894865825357,-0.006265565061060318,0.007015432153057407,-0.05173894865825357,-6.903122384513046e-19,-1.0702317299990809e-21,8.33674178441634e-20,-6.903110029041489e-19,-1.6885559140130152e-21,8.33674178441634e-20,-1529.5200662067882,-21.245977516790997,337.75490743514075,-1057168.1147053037,31.47533201801249,145758.44896201626,-0.08684389288694948,4698.099161584967
12.738817374429654,2001.0,12.0,14.0,14.0,21.0,40.0,1.0,3466346.4847898027,48135.118425979825,-765085.7912124634,557.9281003152736,-292.51298318731153,4649.361978444122,3550102.985852059,4691.845523571336,3466388.535635414,45005.135883284456,-765085.7912124634,3550102.985852059,560.8538163721488,-538.7224492826928,4649.361978444122,4713.952236425628,20256001.47694142,0.8266094134519228,1.633628163471555,0.0,1.2731557704981472e-07,6.06553383798261,-0.21721496560580128,0.012982562946876218,153902.98585205898,-0.09845486746360566,-0.09799166303264337,62.255873411893845,-16543162412.564522,-1040807286.2085736,-202923723.74291122,-16545596345.951506,-1892662624.2994442,16575871090.700254,16654732309.173918,-0.9764191488105372,-0.012677135300761646,0.21551087229342317,-0.012982198254738495,0.9999157277133282,0.0,0.21549271069941237,0.0027978048701648487,0.9765014408198934,4659.46133974779,-545.9581653460801,-0.11664009484329572,1.8732469596339594e-10,196.39220650228776,0.0,-92.3,0.7,0.0,3.036240833950691e-17,2.2958557579319425,1.5707963267948966,17.304899710820038,461.0,0.0009827546327923072,0.009425275724651629,0.0,0.002092152032098724,-1529.5998601262993,-21.24065517818722,337.6105430770773,-0.0062850613374779525,0.007054309884463339,-0.05198447114056657,-0.0062914285159942586,0.0070486318665420175,-0.05198447114056657,-6.935850429877601e-19,-1.0692972466836162e-21,8.371117928720774e-20,-6.935837947069194e-19,-1.6955744998836194e-21,8.371117928720774e-20,-1529.6061515548154,-21.23360654632068,337.55855860593675,-1057168.1693633776,31.628870222978403,145695.83849046048,-0.08675068968634582,4698.146017452382
12.791678862876834,2001.0,12.0,14.0,14.0,21.0,40.0,1.0,3466375.9730637604,48119.65568995097,-764840.0179949976,557.7527024085408,-292.51541761428655,4649.400679446225,3550078.610541468,4691.863171984143,3466418.17848465,44976.658041839604,-764840.0179949976,3550078.610541468,560.6752998318146,-538.7289153642224,4649.400679446225,4713.969910184623,20256000.933047358,0.8266094088020077,1.6336281633810346,0.0,1.2818463544611084e-07,6.065603361639931,-0.21714558515072707,0.0129742379726783,153878.61054146755,-0.09842344410932546,-0.0979603896746543,62.587651282548904,-16543162391.325623,-1040807283.3689134,-202926928.86264783,-16545593940.70399,-1892677006.7269006,16575871069.324963,16654731593.18129,-0.9764342029473939,-0.012669200594118574,0.21544312166043614,-0.012973873981655419,0.999915835755144,0.0,0.21542498905279217,0.0027951319106369553,0.9765163907120077,4659.493622412706,-545.9577043365235,-0.11663919642810269,1.877580348183543e-10,196.36512282385286,0.0,-92.3,0.7,0.0,3.036196525136131e-17,2.295848521753382,1.5707963267948966,17.3061579444234,461.0,0.0009850388830482558,0.009477285719365021,0.0,0.002097007453511512,-1529.644380251638,-21.23426929962261,337.5090424145662,-0.006297594769816166,0.007070705310135786,-0.052105190831641855,-0.006304003219789102,0.007064992347659477,-0.052105190831641855,-6.951877818764128e-19,-1.0686087172588161e-21,8.387753795921956e-20,-6.951865272029519e-19,-1.6989380026674845e-21,8.387753795921956e-20,-1529.6506842548579,-21.227204307274953,337.45693722373454,-1057168.197749408,31.78240842794432,145633.2946257893,-0.08665748927138435,4698.192823084662
12.88369195535947,2001.0,12.0,14.0,14.0,21.0,40.0,1.0,3466427.279568272,48092.74024688708,-764412.2091620442,557.4473847186233,-292.5196533365786,4649.46801636122,3550036.2000570563,4691.893878753411,3466469.753656641,44927.087410749875,-764412.2091620442,3550036.2000570563,560.364553591999,-538.7401640147101,4649.46801636122,4714.000661053295,20255999.98331073,0.8266094006824108,1.6336281632229677,0.0,1.2818463544611084e-07,6.065724379928843,-0.2170248161170677,0.01295974733125719,153836.2000570558,-0.09836874611207988,-0.09790595276796388,63.16674008965492,-16543162354.23908,-1040807278.4103495,-202932502.95426023,-16545589755.657473,-1892702030.9181242,16575871032.000252,16654730347.29516,-0.9764603959815755,-0.012655388530975488,0.21532518714872784,-0.01295938455846659,0.9999160236499192,0.0,0.21530710492543062,0.0027904819053841522,0.9765424024482323,4659.549791860941,-545.9569023250264,-0.11663763330487045,1.8851199898567447e-10,196.31800006339535,0.0,-92.3,0.7,0.0,3.036119426846251e-17,2.2958359306471245,1.5707963267948966,17.308347750275964,461.0,0.000989013358671768,0.009568105072645525,0.0,0.002105455550173054,-1529.721843941749,-21.223152646041456,337.3323482143217,-0.006319377899848803,0.007099232453936838,-0.052315235534157206,-0.006325858470967051,0.007093458471114209,-0.052315235534157206,-6.979763588435953e-19,-1.0673736236991702e-21,8.416666384591567e-20,-6.979750930398039e-19,-1.7047835912187572e-21,8.416666384591567e-20,-1529.72816980022,-21.21605918757034,337.2800329787876,-1057168.247316517,31.935946632910234,145570.81736800275,-0.08656429163903445,4698.239578479514
12.944282336129847,2001.0,12.0,14.0,14.0,21.0,40.0,1.0,3466461.049426398,48075.01628525182,-764130.4947819102,557.2463253751664,-292.52244133383493,4649.512338261522,3550008.285544815,4691.914090163434,3466503.7001588414,44894.44471480283,-764130.4947819102,3550008.285544815,560.1599194825704,-538.7475667107835,4649.512338261522,4714.020901489262,20255999.35579654,0.826609395317589,1.6336281631185317,0.0,1.2990531157078375e-07,6.065804071731913,-0.21694528844180297,0.012950205409617402,153808.28554481454,-0.09833272686908165,-0.09787010545257767,63.54916635155678,-16543162329.735348,-1040807275.1341652,-202936170.09238568,-16545587000.948965,-1892718501.991162,16575871007.339157,16654729527.16083,-0.9764776364815841,-0.012646292938979137,0.21524752432081723,-0.012949843437532733,0.9999161472618309,0.0,0.2152294752265188,0.0027874217402711022,0.9765595236716291,4659.58676319123,-545.9563745094131,-0.11663660447701334,1.8901964603472734e-10,196.3,0.0,-92.3,0.7146430689818217,0.0,3.0360888769473933e-17,2.2958309414700198,1.5707963267948966,17.30921561133075,461.0,0.0009916892971468243,0.009628109700864213,0.0,0.0021111562955276825,-1529.772832732515,-21.215831592430824,337.2159833652968,-0.006334144716853453,0.0071184699675630615,-0.05245704777524284,-0.006340673397432039,0.007112655259482032,-0.05245704777524284,-6.998628628193849e-19,-1.0666369985998338e-21,8.436311266638047e-20,-6.998615895692671e-19,-1.708775529593514e-21,8.436311266638047e-20,-1529.7791734059126,-21.20871893717134,337.16352631752153,-1057168.2800667174,32.08948483787615,145508.40671710085,-0.08647109678626587,4698.286283634637
13.001210448940302,2001.0,12.0,14.0,14.0,21.0,41.0,1.0,3466492.767030881,48058.36346017106,-763865.8056339967,557.0574125659476,-292.5250599368916,4649.553967257433,3549982.0674466453,4691.933073481024,3466535.583533135,44863.77463465108,-763865.8056339967,3549982.067446645,559.9676479192832,-538.7545187011898,4649.553967257433,4714.039912068685,20255998.76464414,0.8266093902636303,1.6336281630201444,0.0,1.2990531157078375e-07,6.065878947858502,-0.21687056651789685,0.01294124032336069,153782.06744664488,-0.09829888419342873,-0.09783642431282803,63.90931114554405,-16543162306.651707,-1040807272.0477864,-202939613.12795514,-16545584413.562386,-1892733972.2258885,16575870984.107271,16654728756.797964,-0.9764938294537556,-0.012637746834287457,0.2151745533135647,-0.012940879102502764,0.9999162633181112,0.0,0.21515653531044332,0.002784547880365876,0.9765756046545029,4659.621488207335,-545.9558788184775,-0.11663563818535493,1.8951123537540865e-10,196.3,0.0,-92.3,0.7474156916939089,0.0,3.036086419883668e-17,2.295830540201062,1.5707963267948966,17.309285415479906,461.0,0.0009942804303702645,0.00968463856651056,0.0,0.002116692769911645,-1529.8207245186902,-21.208952491423585,337.1066431536113,-0.006348581113309196,0.0071371371117431815,-0.05259486875323308,-0.0063551556915105185,0.0071312835058458795,-0.05259486875323308,-7.017011340134553e-19,-1.0660585567676862e-21,8.455573834326364e-20,-7.016998536148663e-19,-1.712715239260035e-21,8.455573834326364e-20,-1529.8270796743818,-21.20182120791774,337.054048284858,-1057168.3109191898,32.24302304284206,145446.06267308356,-0.08637790471004833,4698.332938547728
13.089743686561908,2001.0,12.0,14.0,14.0,21.0,41.0,1.0,3466542.0721215247,48032.465089319434,-763454.1627029068,556.7636081379655,-292.5291306331624,4649.618680812339,3549941.3113514353,4691.962583458534,3466585.146045109,44816.07647445853,-763454.1627029068,3549941.3113514353,559.6686199260641,-538.7653239865124,4649.618680812339,4714.069464424481,20255997.842215445,0.8266093823774718,1.6336281628666234,0.0,1.3075715880680275e-07,6.065995395610776,-0.21675435856905273,0.012927298213819039,153741.31135143526,-0.0982462518242935,-0.0977840431606919,64.47101593017578,-16543162270.632576,-1040807267.2318814,-202944962.94112632,-16545580391.294655,-1892758021.0067856,16575870947.856825,16654727559.130556,-0.9765190018663734,-0.012624455601886384,0.21506106601302252,-0.012926938159169817,0.9999164436440822,0.0,0.21504309629404667,0.00278008110079548,0.9766006030539518,4659.675469284788,-545.9551083587573,-0.11663413610678082,1.902754121605891e-10,196.3,0.0,-92.3,0.7983608107059393,0.0,3.036082600365909e-17,2.2958299164264746,1.5707963267948966,17.309393927535535,461.0,0.0009983084772488221,0.009772843754000596,0.0,0.0021252997071277307,-1529.895175632467,-21.198253211711943,336.93658292192083,-0.006370999734325449,0.00716615680714293,-0.05280912623080303,-0.006377645980123959,0.007160242506475923,-0.05280912623080303,-7.045589185154799e-19,-1.0651220981627949e-21,8.485487586217197e-20,-7.045576269938068e-19,-1.7188338030500863e-21,8.485487586217197e-20,-1529.9015532784472,-21.191092969205467,336.88377379569005,-1057168.359061094,32.39656124780797,145383.78523595096,-0.08628471540735172,4698.379543216491
13.135551281328965,2001.0,12.0,14.0,14.0,21.0,41.0,1.0,3466567.572641373,48019.06498522727,-763241.1740880037,556.6115864621416,-292.5312360254994,4649.652151132216,3549920.232359312,4691.97784615006,3466610.7795746564,44791.396802840216,-763241.1740880037,3549920.232359312,559.5138954950519,-538.7709116990857,4649.652151132216,4714.084749033852,20255997.363492288,0.8266093782846998,1.6336281627869504,0.0,1.3075715880680275e-07,6.066055647380158,-0.21669423087113596,0.012920084572949247,153720.232359312,-0.09821901903886139,-0.09775694035645663,64.76240253448486,-16543162251.939497,-1040807264.7325522,-202947728.7131316,-16545578310.903625,-1892770459.1271374,16575870929.043697,16654726939.634245,-0.9765320211915615,-0.01261757838797167,0.21500234487825268,-0.012919725120709295,0.9999165368683555,0.0,0.21498440010923822,0.0027777711961349647,0.9766135324153833,4659.703388675973,-545.9547099225696,-0.11663335924546456,1.9065142472334226e-10,196.2780359547911,0.0,-92.3,0.8,0.0,3.036046538496667e-17,2.2958240270762933,1.5707963267948966,17.310418510590875,461.0,0.001000290816045076,0.0098186193868396,0.0,0.002129514806672007,-1529.9336831757926,-21.19271683474747,336.8485847036678,-0.0063818315752405515,0.007180389037182817,-0.05291393709056088,-0.00638851431658959,0.0071744439371119436,-0.05291393709056088,-7.059507141821499e-19,-1.0644486135118958e-21,8.499869128011777e-20,-7.059494170995826e-19,-1.7217438537229833e-21,8.499869128011777e-20,-1529.940071690109,-21.185542390810358,336.79567076657725,-1057168.3840458412,32.55009945277389,145321.57440570294,-0.08619152887514603,4698.426097638623
13.197671462640269,2001.0,12.0,14.0,14.0,21.0,41.0,1.0,3466602.1430505984,48000.89280314699,-762952.3354438879,556.4054220875197,-292.5340902899853,4649.697526613678,3549891.6561033498,4691.998537585827,3466645.530162001,44757.9280208425,-762952.3354438879,3549891.6561033498,559.3040658266019,-538.7784859857865,4649.697526613678,4714.1054701829335,20255996.71279359,0.8266093727216425,1.6336281626786529,0.0,1.3244441773467654e-07,6.0661373566061645,-0.21661268989521013,0.01291030216803753,153691.65610334976,-0.09818208781359604,-0.09772018540023769,65.1583434343338,-16543162226.531359,-1040807261.335333,-202951476.95491344,-16545575490.486286,-1892787321.3101084,16575870903.472383,16654726099.731901,-0.9765496713686392,-0.012608251844500642,0.21492271014303757,-0.012909943531649704,0.9999166632064942,0.0,0.21490479917352268,0.002774640051615732,0.9766310606696736,4659.74123878711,-545.954169821198,-0.11663230608676277,1.9115944705155976e-10,196.2462845592775,0.0,-92.3,0.8,0.0,3.035994582102364e-17,2.2958155419531807,1.5707963267948966,17.311894907064406,461.0,0.0010029691975836125,0.009880840763394086,0.0,0.002135207920908923,-1529.98588855127,-21.18520833834411,336.7292405349861,-0.006396436456916289,0.007199613813445231,-0.053055488734993925,-0.0064031687669355766,0.0071936269122230626,-0.053055488734993925,-7.078297643678364e-19,-1.0635014992114455e-21,8.519252989233762e-20,-7.078284597610046e-19,-1.7256630115380772e-21,8.519252989233762e-20,-1529.9922917200367,-21.17801471143189,336.67618504625113,-1057168.4180060606,32.703637657739804,145259.43018233957,-0.08609834511040143,4698.472601811823
13.291193257227215,2001.0,12.0,14.0,14.0,21.0,41.0,1.0,3466654.1645700056,47973.534289186784,-762517.4841937771,556.095028812671,-292.53838546559626,4649.765808931777,3549848.654580075,4692.0296744534735,3466697.822509737,44707.53995700182,-762517.4841937771,3549848.654580075,558.9881543344533,-538.7898819542944,4649.765808931777,4714.136651762818,20255995.729879647,0.8266093643183483,1.633628162515064,0.0,1.34110450744629e-07,6.066260372140712,-0.21648992765104624,0.012895574980048934,153648.65458007483,-0.09812648675017191,-0.09766484970972968,65.75614106655121,-16543162188.15147,-1040807256.2036859,-202957114.60333234,-16545571246.141249,-1892812695.806629,16575870864.846008,16654724835.700857,-0.9765762317886271,-0.012594210150148062,0.21480281510310703,-0.012895217569578244,0.9999168532252235,0.0,0.2147849549418183,0.002769929035312453,0.9766574377046336,4659.798196681701,-545.9533571822874,-0.1166307213216872,1.9192690839850344e-10,196.2,0.0,-92.3,0.8016817749064655,0.0,3.0359187125236084e-17,2.2958031515106776,1.5707963267948966,17.31405129136772,461.0,0.0010070154537115904,0.009974828727268724,0.0,0.0021438100018493396,-1530.064450782515,-21.173903109364645,336.5495490115413,-0.0064184954093542135,0.0072286604146882105,-0.053269377180881775,-0.006425302761446252,0.007222610271538443,-0.053269377180881775,-7.106694451912318e-19,-1.0620566970423124e-21,8.548534946938502e-20,-7.106681292303005e-19,-1.7315857316034796e-21,8.548534946938502e-20,-1530.0708760852765,-21.166680499093108,336.4962796343604,-1057168.4693047293,32.85717586270572,145197.35256586084,-0.0860051641100882,4698.519055733787
13.320312603011311,2001.0,12.0,14.0,14.0,21.0,41.0,1.0,3466670.3562862566,47965.015743321936,-762382.0857459536,555.9983801813457,-292.53972236035565,4649.787062154626,3549835.270340793,4692.039365915796,3466714.098446894,44691.85069648748,-762382.0857459536,3549835.270340793,558.8897874966003,-538.7934285088801,4649.787062154626,4714.146357141757,20255995.423000015,0.8266093616947179,1.633628162463989,0.0,1.34110450744629e-07,6.06629867539088,-0.2164517032640142,0.012890989509084705,153635.27034079283,-0.0981091742744714,-0.09764761986173771,65.94271117448807,-16543162176.16883,-1040807254.6015165,-202958868.66053963,-16545569925.041178,-1892820593.700863,16575870852.786413,16654724442.233597,-0.9765844988390352,-0.012589837920055644,0.21476548281429497,-0.012890632479745583,0.9999169123453568,0.0,0.21474763845402964,0.0027684629082941926,0.9766656476970729,4659.815925111628,-545.9531042738699,-0.11663022806965478,1.921945931841435e-10,196.2,0.0,-92.3,0.8184120740089682,0.0,3.035917458535191e-17,2.295802946718828,1.5707963267948966,17.314086937222125,461.0,0.0010084261823143407,0.010004173030763343,0.0,0.002146823799736617,-1530.0889041950184,-21.1703827695396,336.49359479526333,-0.006426390151030296,0.007238822057727492,-0.05334439512376303,-0.006433222001773483,0.007232751193881817,-0.05334439512376303,-7.116700116228677e-19,-1.0617983518661668e-21,8.55906787124215e-20,-7.116686918842837e-19,-1.733738949498233e-21,8.55906787124215e-20,-1530.0953374170201,-21.163150018345718,336.4402504001396,-1057168.4853208996,33.010714067671636,145135.34155626674,-0.08591198587117684,4698.565459402209
13.369862860217108,2001.0,12.0,14.0,14.0,21.0,41.0,1.0,3466697.902074418,47950.520268484914,-762151.6867052319,555.8339167353732,-292.54199674361456,4649.82321907168,3549812.50070885,4692.0558534048005,3466741.7874325947,44665.15319404524,-762151.6867052319,3549812.50070885,558.7224002708724,-538.7994615183525,4649.82321907168,4714.162868305998,20255994.899821516,0.8266093572218641,1.633628162376914,0.0,1.3493575361575816e-07,6.066363853887973,-0.2163866589597408,0.012883186802848738,153612.50070884963,-0.09807971458562185,-0.09761830077448061,66.26070606708527,-16543162155.740551,-1040807251.8700806,-202961851.98701787,-16545567677.496578,-1892834029.892896,16575870832.226936,16654723772.812988,-0.9765985630903977,-0.012582397854851829,0.2147019558224668,-0.01288283042142585,0.9999170128967367,0.0,0.21468413832908811,0.0027659688880093043,0.9766796149024548,4659.846085487297,-545.952674047143,-0.11662938894313613,1.9264998582300724e-10,196.2,0.0,-92.3,0.846874113937953,0.0,3.035915325214131e-17,2.295802598321059,1.5707963267948966,17.314147579321766,461.0,0.0010108261921368653,0.010054200304792227,0.0,0.002151951107398416,-1530.1305059767776,-21.164392142840818,336.39837648140616,-0.0064398135781211785,0.007256109828238342,-0.05347202233437161,-0.006446687209349261,0.007250003640359335,-0.05347202233437161,-7.133722627946878e-19,-1.061346873713867e-21,8.576977145243839e-20,-7.133709366258631e-19,-1.7374002239940763e-21,8.576977145243839e-20,-1530.136952663987,-21.15714213920046,336.3449044590718,-1057168.512625793,33.16425227263755,145073.39715355728,-0.08581881039063774,4698.611812814789
13.473670528420667,2001.0,12.0,14.0,14.0,21.0,41.0,1.0,3466755.5840130583,47920.15191873548,-761668.995469194,555.4893517188916,-292.54675947733233,4649.898934497959,3549764.82022467,4692.090379287149,3466799.768900043,44609.22102262106,-761668.995469194,3549764.82022467,558.3717098057991,-538.8120928877918,4649.898934497959,4714.197443764827,20255993.79969004,0.8266093478164075,1.6336281621938193,0.0,1.3575603930867175e-07,6.066500405386307,-0.2162503885838961,0.012866840371660486,153564.82022467023,-0.09801799531330577,-0.09755687606243715,66.92904081940651,-16543162112.784733,-1040807246.1265762,-202968096.2346288,-16545562970.83228,-1892862166.1194508,16575870788.995245,16654722370.841003,-0.9766280146639753,-0.012566810276686914,0.21456886133120975,-0.012866485345060116,0.999917223351446,0.0,0.2145511000399847,0.0027607471098242465,0.9767088633502965,4659.909243649119,-545.9517732498546,-0.11662763180957807,1.9361007022575754e-10,196.19352528083778,0.0,-92.3,0.9,0.0,3.035900807781373e-17,2.2958002274443676,1.5707963267948966,17.314560265707822,461.0,0.0010158859854355175,0.01015939268671684,0.0,0.0021627549943349523,-1530.2176256693942,-21.151840478445415,336.1988734272628,-0.006468079743920103,0.0072925421731453504,-0.053740910701662925,-0.0064750415031143175,0.007286361537403983,-0.053740910701662925,-7.169567634928787e-19,-1.0603707370263169e-21,8.61466741156773e-20,-7.16955423818243e-19,-1.7450965265577622e-21,8.61466741156773e-20,-1530.2241007108973,-21.14455411690801,336.14513251656115,-1057168.5700420998,33.31779047760347,145011.51935773244,-0.08572563766544171,4698.658115969218
13.519597023151194,2001.0,12.0,14.0,14.0,21.0,41.0,1.0,3466781.092191144,47906.716223160656,-761455.4411413638,555.3369033150835,-292.5488656971459,4649.93241809397,3549743.7349021547,4692.105647557983,3466825.4093925,44584.47514361916,-761455.4411413638,3549743.734902154,558.2165513273695,-538.8176778899127,4649.93241809397,4714.21273395927,20255993.31118386,0.8266093436399696,1.6336281621125157,0.0,1.3738191809196613e-07,6.066560819544942,-0.21619009879423434,0.01285960849307021,153543.73490215465,-0.09799068896910586,-0.0975297000374449,67.22567722201347,-16543162093.710686,-1040807243.5761963,-202970856.29840925,-16545560889.349478,-1892874608.6960247,16575870769.798697,16654721750.780579,-0.9766410389870186,-0.012559913749618349,0.2145099753693495,-0.012859254064764115,0.9999173163741579,0.0,0.21449223890680666,0.0027584382727007576,0.9767217978867069,4659.93717403677,-545.951374947312,-0.11662685478058561,1.9405813332921357e-10,196.16716862769331,0.0,-92.3,0.9,0.0,3.035857919606983e-17,2.2957932232739537,1.5707963267948966,17.315779565002842,461.0,0.0010182466738470504,0.010206103231689434,0.0,0.002167774146903812,-1530.256153558112,-21.146286814123375,336.11060043321396,-0.006481244276326153,0.007309485064290211,-0.05386567824718629,-0.006488245985690851,0.007303270726438858,-0.05386567824718629,-7.186133542868865e-19,-1.0599833067624135e-21,8.632139998083338e-20,-7.1861200853812e-19,-1.7486305698924458e-21,8.632139998083338e-20,-1530.2626418040977,-21.138983543396936,336.0567347549668,-1057168.5955374371,33.47132868256938,144949.70816879222,-0.08563246769255943,4698.704368863191
13.632384100547501,2001.0,12.0,14.0,14.0,21.0,41.0,1.0,3466843.705904041,47873.72019997738,-760930.98421772,554.9625016069117,-292.55403583304314,4650.014610314924,3549691.977762972,4692.143126356468,3466888.347517149,44523.70269934503,-760930.98421772,3549691.977762972,557.8354940172818,-538.831384895167,4650.014610314924,4714.250266572172,20255992.10676118,0.8266093333428588,1.633628161912048,0.0,1.3818768405162858e-07,6.0667091887162075,-0.21604203503712113,0.012841848567390951,153491.977762972,-0.0979236281225853,-0.09746295923141195,67.9567198753357,-16543162046.6838,-1040807237.2880197,-202977627.97840416,-16545555779.779453,-1892905151.2603505,16575870722.469769,16654720228.539446,-0.9766730097246338,-0.012542976398589948,0.21436535591949063,-0.01284149560551284,0.9999175445958599,0.0,0.21434768033743465,0.0027527717760143346,0.9767535483332068,4660.005734750477,-545.9503973805841,-0.11662494747764916,1.9515797253684523e-10,196.102472203715,0.0,-92.3,0.9,0.0,3.035752634448412e-17,2.295776028902704,1.5707963267948966,17.318773549055997,461.0,0.0010240415334155791,0.010321275193414898,0.0,0.0021800946966870384,-1530.3507305844234,-21.132646550827097,335.8937945886575,-0.006513520988926738,0.007351075237096375,-0.05417194697614016,-0.0065206212582402615,0.007344777819731913,-0.05417194697614016,-7.226796547315724e-19,-1.0589734417969448e-21,8.674978043505664e-20,-7.22678294057635e-19,-1.757294978570613e-21,8.674978043505664e-20,-1530.3572512056817,-21.125301773007365,335.8396226416814,-1057168.6583967563,33.62486688753529,144887.96358673667,-0.08553930046896191,4698.750571494402
13.654829956896569,2001.0,12.0,14.0,14.0,21.0,41.0,1.0,3466856.1616760297,47867.15356262248,-760826.6104750563,554.8879888316866,-292.55506434693126,4650.030961122958,3549681.681693191,4692.150582113367,3466900.8677610476,44511.6081369359,-760826.6104750563,3549681.681693191,557.7596566787299,-538.8341112563668,4650.030961122958,4714.257733034323,20255991.866161812,0.8266093312858745,1.6336281618720183,0.0,1.3818768405162858e-07,6.066738716312178,-0.21601256822031806,0.01283831419061159,153481.68169319117,-0.09791028203701975,-0.09744967683744424,68.10263389348984,-16543162037.28957,-1040807236.032147,-202978974.50939646,-16545554763.28353,-1892911227.1666265,16575870713.01522,16654719925.679947,-0.9766793697702331,-0.012539605555759,0.2143365740085583,-0.012837961520081745,0.9999175899762984,0.0,0.21431891052641414,0.0027516446894680245,0.9767598645738234,4660.019373784775,-545.9502029343824,-0.11662456806270592,1.953478810099348e-10,196.1,0.0,-92.3,0.9092425631209238,0.0,3.035747831836133e-17,2.2957752445765975,1.5707963267948966,17.318910146087212,461.0,0.0010250428730289268,0.010344272751160608,0.0,0.0021822314399007683,-1530.3695455862592,-21.129931739286196,335.85064388127086,-0.006519014719865155,0.0073582833934282554,-0.05422512916657944,-0.006526133648927456,0.007351970280962608,-0.05422512916657944,-7.233882252331811e-19,-1.0586314668076263e-21,8.682300716458118e-20,-7.233868617615427e-19,-1.75878861170784e-21,8.682300716458118e-20,-1530.3760717199082,-21.122579769005235,335.7964187521043,-1057168.6709537376,33.77840509250121,144826.28561156572,-0.08544613599162017,4698.7967238605415
13.677415346904251,2001.0,12.0,14.0,14.0,21.0,41.0,1.0,3466868.6931909793,47860.546080709704,-760721.5875264767,554.8130119243666,-292.5560991208394,4650.047411453001,3549671.32301396,4692.158083237834,3466913.4641186846,44499.438327408905,-760721.5875264767,3549671.32301396,557.6833469652545,-538.8368540694489,4650.047411453001,4714.265244929116,20255991.6239278,0.8266093292149117,1.6336281618317017,0.0,1.3818768405162858e-07,6.066768427637444,-0.215982918050817,0.012834757856512237,153471.32301395992,-0.09789685290364289,-0.09743631179161423,68.24957299232483,-16543162027.831612,-1040807234.7674986,-202980329.04000342,-16545553740.597132,-1892917340.0412307,16575870703.496515,16654719620.972118,-0.976685768522082,-0.012536213716154787,0.21430761281880098,-0.012834405478978793,0.9999176356260555,0.0,0.2142899615064396,0.002750510800148485,0.9767662192602214,4660.033095833058,-545.9500073131313,-0.11662418634244896,1.9553203530737914e-10,196.1,0.0,-92.3,0.9207522067111962,0.0,3.0357468615747856e-17,2.2957750861208948,1.5707963267948966,17.31893774276061,461.0,0.0010260140793819713,0.010367435100153938,0.0,0.0021843060405783593,-1530.388475253114,-21.12719996724833,335.80722359438977,-0.006524319855618924,0.007365280590783969,-0.054276782989071,-0.006531457335685317,0.007358951884033815,-0.054276782989071,-7.240771162373371e-19,-1.0582531955781715e-21,8.689380827332168e-20,-7.240757499920998e-19,-1.760236285934894e-21,8.689380827332168e-20,-1530.3950067104497,-21.119841015364297,335.7529468114007,-1057168.6835960299,33.93194329746712,144764.67424327944,-0.08535297425750536,4698.842825959303
13.71231263823295,2001.0,12.0,14.0,14.0,21.0,41.0,1.0,3466888.052640862,47850.33663739401,-760559.3130238106,554.6971612717975,-292.5576977139141,4650.07282511106,3549655.320293438,4692.169671490047,3466932.923699552,44480.6343067997,-760559.3130238106,3549655.320293438,557.5654369409525,-538.8410910841286,4650.07282511106,4714.276849819943,20255991.249202017,0.8266093260112195,1.6336281617693338,0.0,1.3898877878619466e-07,6.066814335742735,-0.21593710443759942,0.012829262896985372,153455.32029343862,-0.09787610302677532,-0.09741566093817086,68.47683987021446,-16543162013.200611,-1040807232.8111478,-202982421.23019338,-16545552160.663755,-1892926783.6244361,16575870688.771545,16654719150.220945,-0.9766956537664486,-0.01253097281093834,0.2142628634041397,-0.012828910971847091,0.9999177061354981,0.0,0.21424523088509093,0.0027487591991847424,0.9767760364412402,4660.0542946400465,-545.9497051198854,-0.1166235966413964,1.958165281166467e-10,196.1,0.0,-92.3,0.9385330072904176,0.0,3.0357453626547426e-17,2.2957748413286745,1.5707963267948966,17.318980375996393,461.0,0.0010275144764984013,0.010403266037659484,0.0,0.0021875110751702603,-1530.4177194567674,-21.122978867476345,335.7401311135105,-0.006532512153870488,0.0073760905112582745,-0.05435658296558048,-0.006539678339988367,0.007369737680557362,-0.05435658296558048,-7.251413830388465e-19,-1.0576632876056167e-21,8.700314147470442e-20,-7.25140012507926e-19,-1.7624718794724974e-21,8.700314147470442e-20,-1530.4242591351074,-21.115609129795786,335.6857745305449,-1057168.703153126,34.08548150243304,144703.12948187775,-0.08525981526358886,4698.888877788374
13.812090357938445,2001.0,12.0,14.0,14.0,21.0,41.0,1.0,3466943.38253318,47821.14566947599,-760095.3357368917,554.365910915613,-292.56226661552955,4650.145459338611,3549609.584034944,4692.202791444548,3466988.5394881205,44426.86936732193,-760095.3357368917,3549609.5840349444,557.228298350106,-538.8531989211781,4650.145459338611,4714.3100173278,20255990.174742147,0.8266093168251878,1.6336281615905062,0.0,1.3978528260658483e-07,6.066945597667235,-0.21580611267416322,0.012813551990407089,153409.58403494442,-0.09781677425320118,-0.09735661529087034,69.12820708751678,-16543161971.249203,-1040807227.2017053,-202988398.28580925,-16545547644.996206,-1892953773.944812,16575870646.5507,16654717804.66334,-0.9767239065055414,-0.012515987551741006,0.21413491195075862,-0.012813201356597376,0.9999179075659138,0.0,0.21411733309461375,0.00274375374430232,0.9768040947313033,4660.1148824635375,-545.9488415388175,-0.11662191128288185,1.9662961715654357e-10,196.1,0.0,-92.3,0.9893510722839732,0.0,3.035741078689161e-17,2.2957741417040016,1.5707963267948966,17.319102224465627,461.0,0.0010318027786454615,0.010506003123658738,0.0,0.002196671594043984,-1530.501303606221,-21.110908864510577,335.5482838489035,-0.006555903220039571,0.0074069870797498424,-0.05458466706792124,-0.006563151765880469,0.00740056508167629,-0.05458466706792124,-7.28183263010111e-19,-1.055940265804913e-21,8.731531982984413e-20,-7.281818802250721e-19,-1.7688554989739994e-21,8.731531982984413e-20,-1530.507866757987,-21.1035082994289,335.4936991818356,-1057168.7592296451,34.23901970739895,144641.65132736074,-0.08516665900684196,4698.934879345451
13.869081928497796,2001.0,12.0,14.0,14.0,21.0,41.0,1.0,3466974.971325345,47804.47201207992,-759830.3154620876,554.1766974505003,-292.5648751298022,4650.18692828883,3549583.472414185,4692.221700451201,3467020.2913163994,44396.15908025251,-759830.3154620876,3549583.472414185,557.0357215350525,-538.8601103778162,4650.18692828883,4714.328953483282,20255989.558971733,0.8266093115606885,1.6336281614880208,0.0,1.4214801809444226e-07,6.067020574069161,-0.21573129057823315,0.012804578273715225,153383.4724141853,-0.09778288580201513,-0.09732288855741889,69.50131937861443,-16543161947.207212,-1040807223.9869684,-202991809.03708982,-16545545066.809284,-1892969183.367537,16575870622.354296,16654717036.369377,-0.9767400367565854,-0.012507427822244524,0.21406182482174527,-0.012804228376063969,0.9999180225076921,0.0,0.21404427657014755,0.0027408964916146254,0.9768201140199686,4660.149473758957,-545.948348569423,-0.11662094909910733,1.9713055171629424e-10,196.0793405177316,0.0,-92.3,1.0,0.0,3.035706557746684e-17,2.2957685040062596,1.5707963267948966,17.32008416558842,461.0,0.0010344436743594736,0.010564880751358413,0.0,0.002202295225821692,-1530.5490254564045,-21.1040139186747,335.43869178788987,-0.006570380196516579,0.007425966215783313,-0.05472454352009223,-0.006577677289227219,0.007419503463407564,-0.05472454352009223,-7.300427768214454e-19,-1.0550778332413819e-21,8.750778577686443e-20,-7.30041386834111e-19,-1.7727627389919085e-21,8.750778577686443e-20,-1530.5556031336937,-21.096594415211293,335.3839672443698,-1057168.7913669664,34.392557912364865,144580.23977972835,-0.08507350548423633,4698.980830628219
13.927445731310238,2001.0,12.0,14.0,14.0,21.0,41.0,1.0,3467007.309530156,47787.3967354619,-759558.9116301716,553.9829220238153,-292.5675455654291,4650.229381659973,3549556.741321245,4692.241058243483,3467052.796284215,44364.70894855763,-759558.9116301716,3549556.741321245,556.8385017186175,-538.8671849595545,4650.229381659973,4714.348339068313,20255988.92669947,0.8266093061551019,1.633628161382787,0.0,1.4214801809444226e-07,6.067097356879845,-0.21565466578414444,0.012795388582056913,153356.7413212452,-0.09774818084458133,-0.09728834921164584,69.88429886102676,-16543161922.521137,-1040807220.6860622,-202995299.45971772,-16545542427.366394,-1892984958.4999242,16575870597.509668,16654716249.77415,-0.9767565498878826,-0.012498661715164986,0.21398697555330312,-0.012795039437213003,0.9999181401323811,0.0,0.21396945860781216,0.0027379717912544483,0.9768365135955709,4660.184886193481,-545.9478439527778,-0.11661996410092726,1.976651735750958e-10,196.0459266515565,0.0,-92.3,1.0,0.0,3.035652173850019e-17,2.295759622441925,1.5707963267948966,17.321631338596802,461.0,0.0010372615929744484,0.010625337030861215,0.0,0.0022082859554108476,-1530.597881127076,-21.096952402384524,335.32645216426715,-0.0065858630243859195,0.007446190851592112,-0.054873470711997815,-0.0065932107696789165,0.007439685592879423,-0.054873470711997815,-7.320192669831123e-19,-1.0542610851607269e-21,8.771321244789213e-20,-7.320178694988492e-19,-1.776917357264471e-21,8.771321244789213e-20,-1530.6044743378459,-21.089512716791646,335.27157869355517,-1057168.8243655246,34.546096117330784,144518.89483898057,-0.08498035469274352,4699.026731634371
14.009504128984279,2001.0,12.0,14.0,14.0,21.0,42.0,1.0,3467052.7573025255,47763.38895746734,-759177.3188101673,553.7104669936314,-292.5712986306615,4650.289046225554,3549519.1737247375,4692.268263802285,3467098.4781821813,44320.489962883745,-759177.3188101673,3549519.1737247375,556.5612038432037,-538.8771260598381,4650.289046225554,4714.375583686484,20255988.034818582,0.8266092985299934,1.6336281612343455,0.0,1.429269171748377e-07,6.067205314004969,-0.21554693081935025,0.012782468208443658,153319.17372473748,-0.09769938539881269,-0.09723978661293332,70.42428657412529,-16543161887.699389,-1040807216.0298532,-203000202.73248854,-16545538717.763327,-1893007128.9379153,16575870562.464266,16654715144.172369,-0.9767797576210677,-0.012486336259560311,0.21388173486425036,-0.012782120120192204,0.9999183053656099,0.0,0.2138642618741179,0.002733862026549949,0.9768595618058199,4660.234655302084,-545.9471348518061,-0.1166185798161424,1.9841755834932837e-10,196.0,0.0,-92.29896715592186,1.0,0.0,3.035577341021181e-17,2.2957474013135326,1.5707963267948966,17.3237607339333,461.0,0.0010412274098198068,0.010710615452047335,0.0,0.0022167168373773798,-1530.6665452231287,-21.08702309466925,335.1686302861527,-0.006607634348035624,0.007474642411515617,-0.05508306748998431,-0.006615053608515484,0.007468077169783025,-0.05508306748998431,-7.348011456737344e-19,-1.0530832615408512e-21,8.800210462501072e-20,-7.347997376396635e-19,-1.782759790328759e-21,8.800210462501072e-20,-1530.6731602767372,-21.079555017499466,335.1135472186627,-1057168.8709131759,34.699634322296696,144457.61650511745,-0.0848872066293354,4699.072582361592
14.050043749428113,2001.0,12.0,14.0,14.0,21.0,42.0,1.0,3467075.2017862312,47751.52819050028,-758988.7972600425,553.5758604936024,-292.5731521174759,4650.318512154409,3549500.620883424,4692.28169946639,3467121.0381851797,44298.643989224794,-758988.7972600425,3549500.6208834234,556.4242047714924,-538.8820348718867,4650.318512154409,4714.389038640028,20255987.592913892,0.8266092947519396,1.6336281611607992,0.0,1.4370159448672777e-07,6.067258649313437,-0.2154937052620866,0.012776085175639437,153300.62088342337,-0.09767527839706612,-0.09721579464558329,70.69172409176826,-16543161870.446228,-1040807213.7228723,-203002623.3060279,-16545536885.698446,-1893018077.958518,16575870545.100294,16654714598.111692,-0.9767912189637142,-0.012480246863064206,0.2138297406667703,-0.012775737608587166,0.999918386933932,0.0,0.21381228936601795,0.0027318326596708978,0.9768709443966392,4660.259234251738,-545.9467846959992,-0.11661789619318916,1.9881180622725348e-10,196.0,0.0,-92.2757761042792,1.0,0.0,3.035575603702755e-17,2.295747117587902,1.5707963267948966,17.32381017640808,461.0,0.0010433052106027941,0.010752868603843689,0.0,0.0022211310332478362,-1530.700456369039,-21.082117271601227,335.09065443587315,-0.006619140271965207,0.007489292800072021,-0.05519297844235255,-0.006626595576883338,0.007482697083645203,-0.05519297844235255,-7.362666252667817e-19,-1.0526126011075417e-21,8.815557492180778e-20,-7.362652118488253e-19,-1.7858600807422688e-21,8.815557492180778e-20,-1530.707082964616,-21.07463457451758,335.0354614574308,-1057168.8939763755,34.85317252726261,144396.40477813897,-0.08479406129098378,4699.1183828075755
14.115312023568801,2001.0,12.0,14.0,14.0,21.0,42.0,1.0,3467111.325654794,47732.4323484414,-758685.2774487576,553.3591394709508,-292.57613529858156,4650.365937498114,3549470.7605217905,4692.303324043001,3467157.3478345494,44263.471831018425,-758685.2774487576,3549470.7605217905,556.2036316797378,-538.889934623979,4650.365937498114,4714.4106942623785,20255986.87961509,0.8266092886536017,1.6336281610420926,0.0,1.444721179430584e-07,6.067344519651929,-0.21540801161659834,0.012765808668627516,153270.76052179,-0.09763646587035814,-0.09717716732292302,71.12323540449142,-16543161842.59731,-1040807209.9992105,-203006517.88616097,-16545533936.935038,-1893035700.288775,16575870517.072517,16654713719.158943,-0.9768096659359039,-0.012470442727217017,0.21374602824935707,-0.012765461939598072,0.9999185181710901,0.0,0.21372861183205308,0.002728566788357422,0.9768892646598308,4660.2987939983195,-545.9462211773987,-0.11661679593086799,1.9944633891196237e-10,196.0,0.0,-92.2384506522375,1.0,0.0,3.0355728075265346e-17,2.295746660937671,1.5707963267948966,17.32388975361051,461.0,0.0010466494566306291,0.010821072520111297,0.0,0.0022282356586539654,-1530.755037267051,-21.074218389738647,334.9651052625784,-0.00663764434889009,0.007512870566594382,-0.05536988140703163,-0.006645157852374928,0.007506225667389209,-0.05536988140703163,-7.386253258285477e-19,-1.0518323529580893e-21,8.840239161115157e-20,-7.386239037407299e-19,-1.790846010066742e-21,8.840239161115157e-20,-1530.7616824249033,-21.06671216407126,334.90973538117134,-1057168.9312037565,35.00671073222853,144335.25965804508,-0.08470091867466074,4699.164132970006
14.209325288108554,2001.0,12.0,14.0,14.0,21.0,42.0,1.0,3467163.3340794654,47704.92610892551,-758248.0781557867,553.0469581292658,-292.5804303396395,4650.434218287887,3549427.7698224876,4692.334457893708,3467209.6234183945,44212.80849443262,-758248.0781557867,3549427.769822487,555.8859016399845,-538.9013062145498,4650.434218287887,4714.441872810049,20255985.84817189,0.8266092798352819,1.6336281608704621,0.0,1.460009659995544e-07,6.067468210930142,-0.2152845748385564,0.012751006460653424,153227.76982248714,-0.09758055859199911,-0.09712152681512537,71.74681770801544,-16543161802.327684,-1040807204.615112,-203012122.24370667,-16545529691.314377,-1893061071.8937936,16575870476.544287,16654712453.53288,-0.976836224953465,-0.012456320106112142,0.21362544255794447,-0.012750660936337007,0.9999187070185689,0.0,0.2136080763088094,0.0027238655854312874,0.9769156413385561,4660.355750236042,-545.9454099717719,-0.11661521188366342,2.0033101446413184e-10,195.9864109138746,0.0,-92.2,1.0135890861254016,0.0,3.035547679617738e-17,2.295742557238741,1.5707963267948966,17.3246049101813,461.0,0.0010513127484331466,0.010919696052016387,0.0,0.0022381565646590355,-1530.8336224294628,-21.06283950491919,334.78424300757143,-0.006663342177288096,0.007545920412180001,-0.0556168216761395,-0.006670938975678823,0.007539205330892006,-0.0556168216761395,-7.419139892350206e-19,-1.0505345220252653e-21,8.874472466688656e-20,-7.419125548359152e-19,-1.797782592349989e-21,8.874472466688656e-20,-1530.8402933684386,-21.055300299588296,334.7286261858953,-1057168.985035237,35.16024893719444,144274.18114483586,-0.0846077787773384,4699.209832846573
14.246837475415177,2001.0,12.0,14.0,14.0,21.0,42.0,1.0,3467184.0777441505,47693.9507448879,-758073.6296855044,552.9223903289793,-292.5821434523721,4650.461452664303,3549410.6228956897,4692.346875829927,3467230.4735365342,44192.59304263163,-758073.6296855044,3549410.622895689,555.7591198142112,-538.905841177468,4650.461452664303,4714.454308573628,20255985.435381908,0.8266092763061316,1.6336281608017773,0.0,1.4675941767984797e-07,6.067517565762115,-0.21523532155111139,0.012745100306430585,153210.62289568968,-0.09755825065604931,-0.09709932532325496,71.99626642465591,-16543161786.211678,-1040807202.4604156,-203014356.64208406,-16545527997.873028,-1893071191.5090373,16575870460.324785,16654711948.680605,-0.9768468182212993,-0.012450684842594604,0.21357732599195603,-0.012744755262020699,0.9999187823084988,0.0,0.21355997973458196,0.002721990749284292,0.9769261619089366,4660.378467707206,-545.9450864557792,-0.11661458009233992,2.0065490085919507e-10,195.96735877298852,0.0,-92.2,1.032641227011474,0.0,3.0355164873173196e-17,2.2957374631494996,1.5707963267948966,17.32549274844182,461.0,0.001053020618213793,0.010959165825295334,0.0,0.002241804700678498,-1530.864967496696,-21.058298815321677,334.71207078906,-0.0066726676463372825,0.007558207219885485,-0.055707533663145035,-0.006680296894161287,0.0075514649772785445,-0.055707533663145035,-7.431180536773297e-19,-1.0498759552509184e-21,8.88684938754008e-20,-7.4311661454648655e-19,-1.800312659671001e-21,8.88684938754008e-20,-1530.8716477935902,-21.0507473503444,334.65636325539685,-1057169.0065789316,35.31378714216035,144213.16923851127,-0.08451464159598897,4699.255482434964
14.309337733980561,2001.0,12.0,14.0,14.0,21.0,42.0,1.0,3467218.629050521,47675.66419609449,-757782.9732245797,552.7148382552477,-292.58499690158027,4650.5068156720135,3549382.062430107,4692.3675597134625,3467265.2020239523,44158.91105216998,-757782.9732245797,3549382.0624301066,555.5478788282323,-538.9133939713512,4650.5068156720135,4714.475022150836,20255984.74614276,0.8266092704134732,1.6336281606870928,0.0,1.4751396978812924e-07,6.067599798488156,-0.2151532580074105,0.0127352599590812,153182.06243010657,-0.09752108218203599,-0.09706233419925078,72.41264367103577,-16543161759.302828,-1040807198.8627039,-203018077.17338914,-16545525177.141857,-1893088047.1878884,16575870433.243134,16654711107.716637,-0.9768644628947236,-0.01244129549185142,0.2134971552501054,-0.012734915713264716,0.9999189076729053,0.0,0.21347984226895805,0.002718868277131884,0.9769436855316239,4660.416307106669,-545.9445476416921,-0.11661352777215928,2.011943763202091e-10,195.93562492234065,0.0,-92.2,1.0643750776593595,0.0,3.035464529843014e-17,2.295728977850009,1.5707963267948966,17.326971843209197,461.0,0.0010558653589814095,0.011025068303523419,0.0,0.002247881364634332,-1530.9171783768072,-21.050732912193766,334.5918141621917,-0.006688189156797332,0.007578673131769267,-0.055858632131174146,-0.006695872608967841,0.0075718855405887495,-0.055858632131174146,-7.45123613686074e-19,-1.0487608354854388e-21,8.907449516986073e-20,-7.451221666716749e-19,-1.8045238686052817e-21,8.907449516986073e-20,-1530.9238742494163,-21.043161026653177,334.53595553006056,-1057169.0425506346,35.46732534712627,144152.2239390713,-0.08442150712758485,4699.301081732864
14.407886780186159,2001.0,12.0,14.0,14.0,21.0,42.0,1.0,3467273.082444334,47646.830002099014,-757324.6666903448,552.3875602857265,-292.5894940685493,4650.57830990935,3549337.0506941043,4692.400158276892,3467319.934324596,44105.801064696505,-757324.6666903448,3549337.0506941043,555.2147841268365,-538.925295299122,4650.57830990935,4714.507667511589,20255983.65555958,0.8266092610895069,1.633628160505629,0.0,1.4826468186179114e-07,6.067729463942767,-0.21502385930496498,0.01271974413113434,153137.05069410382,-0.097462474456731,-0.09700400611585916,73.07113900780678,-16543161716.725431,-1040807193.1700953,-203023937.86074898,-16545520731.416685,-1893114612.3192918,16575870390.392311,16654709782.17455,-0.9768922716557817,-0.012426489914805704,0.2133707382177873,-0.012719401142000165,0.9999191051453057,0.0,0.21335347762292314,0.002713948011356742,0.9769713036074276,4660.475943748239,-545.943698574946,-0.11661186932843946,2.0205898611792338e-10,195.9,0.0,-92.2,1.1,0.0,3.0354049854343355e-17,2.2957192535101067,1.5707963267948966,17.328667240387304,461.0,0.001060424502910361,0.01112934457143945,0.0,0.002257606028054545,-1530.9994674420182,-21.038801854940168,334.4021753735738,-0.006713054166757967,0.007611461005344345,-0.056100526193716777,-0.006720823983466436,0.007604601229845414,-0.056100526193716777,-7.483388132440028e-19,-1.0470080182868563e-21,8.940503891838085e-20,-7.48337353719516e-19,-1.8112595907039842e-21,8.940503891838085e-20,-1531.0061882660016,-21.03119725371032,334.3460748473801,-1057169.0994686708,35.62086355209218,144091.345246516,-0.08432837536909851,4699.346630737962
14.473106783490431,2001.0,12.0,14.0,14.0,21.0,42.0,1.0,3467309.1020994578,47627.74721731377,-757021.3544152926,552.1709572391986,-292.59246889827375,4650.625602650347,3549307.2764762854,4692.421721765994,3467356.1382457325,44070.65209845683,-757021.3544152926,3549307.2764762854,554.9943314616696,-538.9331664092098,4650.625602650347,4714.529261955784,20255982.93115524,0.8266092548961872,1.6336281603850935,0.0,1.490116119384767e-07,6.067815278667448,-0.21493822111010902,0.012709475863929382,153107.27647628495,-0.09742368685418638,-0.09696540358121217,73.50831267237663,-16543161688.44433,-1040807189.3888679,-203027812.59984267,-16545517790.528362,-1893132184.751645,16575870361.929592,16654708905.24125,-0.9769106668296375,-0.012416691107739113,0.21328707137660266,-0.012709133704774821,0.9999192356988009,0.0,0.21326984539532814,0.0027106939076250937,0.9769895727097562,4660.515392781726,-545.9431370125702,-0.1166107723260544,2.0265447047430066e-10,195.9,0.0,-92.2,1.1,0.0,3.0354021980666926e-17,2.295718798298424,1.5707963267948966,17.328746613031083,461.0,0.001063564259037431,0.011198608383985465,0.0,0.0022642800076724274,-1531.053902376195,-21.030904973052944,334.2766579875577,-0.006730188278078491,0.007634021263757685,-0.056266676491570265,-0.00673801638566649,0.007627112828612114,-0.056266676491570265,-7.505546341481275e-19,-1.0458995217225372e-21,8.963368544378523e-20,-7.505531662134628e-19,-1.8158838027919578e-21,8.963368544378523e-20,-1531.0606403925808,-21.023277860224333,334.2203913110661,-1057169.1372756679,35.7744017570581,144030.53316084528,-0.08423524631750248,4699.392129447945
14.568961970729482,2001.0,12.0,14.0,14.0,21.0,42.0,1.0,3467362.0152918273,47599.700501957916,-756575.5644973746,551.852597285717,-292.5968390335027,4650.69507749676,3549263.537886557,4692.45339915017,3467409.3218019945,44018.99200473336,-756575.5644973746,3549263.537886557,554.6703135125849,-538.9447271986986,4650.69507749676,4714.560984812904,20255981.86259631,0.8266092457604938,1.6336281602072928,0.0,1.5123026915032014e-07,6.067941404950518,-0.2148123542658529,0.01269438459059189,153063.53788655763,-0.09736667866371765,-0.09690866738912904,74.1528559923172,-16543161646.72773,-1040807183.8112521,-203033501.7804563,-16545513470.126635,-1893157999.120574,16575870319.945087,16654707616.845795,-0.9769376899712262,-0.012402288963570422,0.21316409909304304,-0.012694043648826816,0.9999194273819475,0.0,0.21314692390350432,0.002705914378249933,0.9770164107413198,4660.5733448876,-545.9423121814798,-0.11660916084815048,2.0353731991065002e-10,195.89192235819706,0.0,-92.2,1.1080776418029432,0.0,3.035385557265148e-17,2.295716080649294,1.5707963267948966,17.329220489570552,461.0,0.0010682190651595147,0.011300777698965477,0.0,0.0022741822811359414,-1531.1338715731567,-21.0192974929823,334.092162311761,-0.0067556224457258444,0.007667473937684574,-0.05651314495318708,-0.0067635369075529994,0.007660493438051849,-0.05651314495318708,-7.538391364468988e-19,-1.0442780919947253e-21,8.997279517544251e-20,-7.538376560800637e-19,-1.82275381089737e-21,8.997279517544251e-20,-1531.1406351100643,-21.011636999544248,334.0356491668078,-1057169.1930442527,35.92793996202401,143969.78768205922,-0.0841421199697695,4699.4375778605
14.61452271566104,2001.0,12.0,14.0,14.0,21.0,42.0,1.0,3467387.1546600247,47586.36952470619,-756363.6746132238,551.7012723967723,-292.59891534534256,4650.728085983399,3549242.757425913,4692.468449438984,3467434.5894861775,43994.43715637306,-756363.6746132238,3549242.757425913,554.5162992777816,-538.9502189870971,4650.728085983399,4714.57605670603,20255981.353025448,0.8266092414038895,1.6336281601225031,0.0,1.5123026915032014e-07,6.068001354879677,-0.2147525276454775,0.012687211674567744,153042.7574259136,-0.09733958168916744,-0.09688169969772857,74.46008867025375,-16543161626.834255,-1040807181.1514201,-203036203.55650657,-16545511417.388353,-1893170263.8077712,16575870299.923857,16654707004.647335,-0.9769505290195852,-0.01239544324330185,0.21310564712169086,-0.012686871310416797,0.9999195184095333,0.0,0.21308849604027308,0.0027036439205559855,0.9770291618804657,4660.600878742177,-545.9419203447563,-0.11660839523734606,2.0397890469933643e-10,195.86594678239197,0.0,-92.2,1.1340532176080256,0.0,3.035343265365423e-17,2.2957091738579236,1.5707963267948966,17.330424947878857,461.0,0.0010705466417422944,0.01134949982293139,0.0,0.0022791554308028102,-1531.1718669910385,-21.013779834347343,334.00446160886975,-0.006768500368638026,0.00768421801353612,-0.056636780779772966,-0.006776456908108305,0.007677202321963211,-0.056636780779772966,-7.554800486863843e-19,-1.0436377495802266e-21,9.01436730291859e-20,-7.55478562212016e-19,-1.826247792337111e-21,9.01436730291859e-20,-1531.1786434479466,-21.006102632025378,333.94782482808995,-1057169.2196389977,36.081478166989925,143909.1088101578,-0.08404899632287241,4699.48297597331
14.7341580705942,2001.0,12.0,14.0,14.0,21.0,42.0,1.0,3467453.1338681267,47551.36402356769,-755807.2779245573,551.3038991449215,-292.60436480998544,4650.814719760004,3549188.218333331,4692.507950025718,3467500.9050485916,43929.95879342984,-755807.2779245573,3549188.2183333305,554.1118640583644,-538.9646299024162,4650.814719760004,4714.6156139936165,20255980.009746566,0.8266092299194363,1.6336281598989801,0.0,1.5269146510898484e-07,6.068158777305433,-0.2145954289946317,0.012668376994664172,152988.21833333094,-0.09726842769581813,-0.09681088518194889,75.26959565281868,-16543161574.393757,-1040807174.139729,-203043290.82922775,-16545506029.620779,-1893202453.3308418,16575870247.146568,16654705397.678646,-0.9769842261780362,-0.012377466646178316,0.2129521545294316,-0.01266803814410903,0.9999197571853351,0.0,0.2129350666491632,0.00269768601644904,0.9770626284334455,4660.673143804579,-545.9408920935027,-0.11660638589943803,2.0513786041671783e-10,195.79777291666366,0.0,-92.2,1.202227083336344,0.0,3.0352322582202897e-17,2.2956910450153525,1.5707963267948966,17.333587218015975,461.0,0.00107665566015876,0.011477940576576456,0.0,0.002292208457179375,-1531.2715922307739,-20.999289706299713,333.77414753867583,-0.00680225935221242,0.007728165684716682,-0.05696128882862077,-0.006810326874565334,0.007721057246696658,-0.05696128882862077,-7.597867925274088e-19,-1.0418931028862321e-21,9.059161052618906e-20,-7.597852900125241e-19,-1.8354075597089587e-21,9.059161052618906e-20,-1531.2784025576484,-20.991568649053015,333.7171862498472,-1057169.2897453625,36.235016371955844,143848.496545141,-0.08395587537378406,4699.528323784065
14.770587052992482,2001.0,12.0,14.0,14.0,21.0,42.0,1.0,3467473.21510373,47540.70471415754,-755637.8529976,551.1828937955627,-292.6060234235414,4650.841087867936,3549171.6189766508,4692.519972462258,3467521.0885363305,43910.32478059047,-755637.8529976,3549171.6189766503,553.9887082905841,-538.969015249645,4650.841087867936,4714.627653687325,20255979.599102825,0.8266092264086075,1.6336281598306683,0.0,1.5269146510898484e-07,6.068206713415647,-0.2145475914706129,0.012662641909685168,152971.6189766503,-0.09724676083523255,-0.0967893216924315,75.51687049865723,-16543161558.362644,-1040807171.996574,-203045446.84427676,-16545504389.730928,-1893212250.5516226,16575870231.01252,16654704908.515442,-0.9769944823170138,-0.012371992536458787,0.21290541402883095,-0.012662303519121084,0.999919829821166,0.0,0.21288834536371354,0.002695872973297198,0.9770728144192796,4660.695138596456,-545.9405791778477,-0.11660577435371618,2.0546762046699434e-10,195.8,0.0,-92.2,1.2,0.0,3.035234164495748e-17,2.2956913563337604,1.5707963267948966,17.33353290368461,461.0,0.001078394661925529,0.011517193483309847,0.0,0.0022959027219021737,-1531.3019457035277,-20.99487699336951,333.7040094505376,-0.006811685681892314,0.0077406598251611655,-0.05705327734441418,-0.006819786217194556,0.0077335239257096755,-0.05705327734441418,-7.610141989115494e-19,-1.0411887241128095e-21,9.07174885584751e-20,-7.610126917195458e-19,-1.8379501402247665e-21,9.07174885584751e-20,-1531.308765489745,-20.9871434694438,333.6469561731932,-1057169.3111770563,36.388554576921756,143787.95088700886,-0.0838627571194775,4699.573621290449
14.867939153871028,2001.0,12.0,14.0,14.0,21.0,42.0,1.0,3467526.858175513,47512.218687353066,-755185.0804178003,550.8595096870192,-292.61045415419,4650.9115262537725,3549127.2770610494,4692.552088398502,3467575.004480317,43857.85444442833,-755185.0804178003,3549127.277061049,553.6595773352797,-538.9807282011687,4650.9115262537725,4714.659815722396,20255978.49870666,0.8266092170006751,1.6336281596475675,0.0,1.5557269020245316e-07,6.068334819135275,-0.21441974920007478,0.012647315758428607,152927.2770610489,-0.09718885768905343,-0.09673169479330335,76.17937922477722,-16543161515.404926,-1040807166.2528461,-203051203.81789222,-16545500008.921011,-1893238422.1615064,16575870187.77892,16654703601.677385,-0.9770218799681188,-0.012357363098216645,0.2127805010822694,-0.012646978595078281,0.999920023768109,0.0,0.21276348369957296,0.0026910304426374923,0.9771000247462787,4660.753894305217,-545.9397433769847,-0.11660414075338724,2.0635445877902218e-10,195.8,0.0,-92.2,1.2,0.0,3.035230014451093e-17,2.2956906785800344,1.5707963267948966,17.333651148800474,461.0,0.0010830713640425991,0.011622405128664205,0.0,0.0023058435744028826,-1531.3830322262945,-20.983083476250542,333.5165567977073,-0.006837057411009298,0.007774265034904692,-0.057300770266205656,-0.0068452467132732436,0.007767055317737906,-0.057300770266205656,-7.643146656452547e-19,-1.0393068998163626e-21,9.105607791241833e-20,-7.6431314590264375e-19,-1.8447979979848444e-21,9.105607791241833e-20,-1531.3898774730078,-20.975316420932803,333.45925602744114,-1057169.3686072621,36.54209278188767,143727.47183576133,-0.08376964155692586,4699.618868490149
14.940404103954178,2001.0,12.0,14.0,14.0,21.0,42.0,1.0,3467566.7674603066,47491.014565962665,-754848.0504474461,550.6187845729672,-292.61375058855975,4650.963931992329,3549094.2876350773,4692.575982299239,3467615.1165168774,43818.79691716237,-754848.0504474461,3549094.2876350773,553.4145743974991,-538.9894408321172,4650.963931992329,4714.683743919377,20255977.676502958,0.8266092099711637,1.6336281595107587,0.0,1.5557269020245316e-07,6.068430177904443,-0.21432458652329892,0.012635907761854272,152894.28763507726,-0.09714575594521999,-0.09668879867677417,76.67412513494492,-16543161483.307764,-1040807161.961256,-203055484.61886394,-16545496749.524529,-1893257893.5189507,16575870155.47562,16654702629.279587,-0.9770422635988933,-0.012346473033930251,0.21268751666511393,-0.012635571510049818,0.9999201679797315,0.0,0.21267053739097266,0.0026874283261169593,0.9771202690840196,4660.7976081747565,-545.9391216456556,-0.11660292541254418,2.070213877546083e-10,195.7928595438466,0.0,-92.2,1.2071404561534282,0.0,3.0352158341038085e-17,2.2956883627535785,1.5707963267948966,17.33405519486074,461.0,0.001086588265249339,0.011701015978778624,0.0,0.002313326209660252,-1531.4433618580258,-20.97430385117419,333.37700860361196,-0.006856169279031855,0.00779954189640942,-0.057487015867651384,-0.006864425234336613,0.007792276764770922,-0.057487015867651384,-7.667961494869482e-19,-1.0379165613181364e-21,9.131086125208203e-20,-7.667946203393604e-19,-1.849961462981732e-21,9.131086125208203e-20,-1531.4502262832602,-20.96651157440942,333.3195215877443,-1057169.4115184732,36.69563098685359,143667.05939139845,-0.08367652868310237,4699.664065380851
14.984915213074162,2001.0,12.0,14.0,14.0,21.0,42.0,1.0,3467591.2728222283,47477.98995833026,-754641.0301681649,550.470916085093,-292.61577471500584,4650.996110975191,3549074.031250494,4692.590653932429,3467639.7462640246,43794.80578029198,-754641.0301681649,3549074.031250494,553.2640782409768,-538.9947899621783,4650.996110975191,4714.69843661125,20255977.17011972,0.8266092056417867,1.6336281594264983,0.0,1.5628469708117136e-07,6.06848875226542,-0.2142661326070105,0.01262890054757674,152874.0312504936,-0.09711928056827654,-0.09666244960511346,76.9787255525589,-16543161463.539764,-1040807159.3181103,-203058112.18728006,-16545494748.095789,-1893269849.553855,16575870135.580666,16654702032.141556,-0.9770547798469629,-0.012339783671647208,0.21263039979537193,-0.012628564854862205,0.99992025649534,0.0,0.212613443902095,0.0026852167939311338,0.9771326998329655,4660.824450030095,-545.938739922565,-0.11660217917044775,2.0745183592701102e-10,195.767539063117,0.0,-92.2,1.2324609368830002,0.0,3.0351746012027384e-17,2.2956816289098123,1.5707963267948966,17.335230170655002,461.0,0.0010888574829738611,0.011749431960469589,0.0,0.002318175040084984,-1531.4804071297203,-20.968910598250915,333.2912852725312,-0.0068686566016657145,0.007815867165333027,-0.05760756432565886,-0.006876954475079065,0.00780856710321599,-0.05760756432565886,-7.683958770024636e-19,-1.037186678168035e-21,9.14765441248883e-20,-7.683943418871872e-19,-1.8533500335920796e-21,9.14765441248883e-20,-1531.4872840841954,-20.9611020311477,333.2336777082055,-1057169.4379468635,36.8491691918195,143606.71355392018,-0.08358341849498038,4699.70921196024
15.10472319733539,2001.0,12.0,14.0,14.0,21.0,43.0,1.0,3467657.1997901937,47442.931925908946,-754083.79851204,550.0728892342413,-292.62122034428376,4651.082684105218,3549019.535339985,4692.630125681086,3467706.007451425,43730.229038884085,-754083.79851204,3549019.535339985,552.8589784792734,-539.0091782834072,4651.082684105218,4714.737965013782,20255975.801921375,0.8266091939442131,1.6336281591988262,0.0,1.5840151626966388e-07,6.068646416808202,-0.2141087922437975,0.012610039901641812,152819.53533998504,-0.09704801673592996,-0.09659152574175198,77.80133154988289,-16543161410.129206,-1040807152.1764765,-203065177.53809622,-16545489363.358097,-1893302015.3599293,16575870081.827072,16654700425.426165,-0.9770884529998028,-0.012321777494722881,0.21247665475016925,-0.012609705710696261,0.9999204945003826,0.0,0.2124597616875763,0.002679268086792847,0.9771661430822178,4660.896664308265,-545.9377131075292,-0.11660017158531472,2.086098740253178e-10,195.7,0.0,-92.2,1.3,0.0,3.035064564119459e-17,2.2956636584903647,1.5707963267948966,17.338366604154068,461.0,0.0010949625879695052,0.011880251600840795,0.0,0.002331220125069738,-1531.5800751269408,-20.954392276065327,333.0605230663969,-0.006902209968449387,0.007859788936991628,-0.05793188746785009,-0.0069106211600704895,0.00785239452425845,-0.05793188746785009,-7.726997874414722e-19,-1.0351583243703382e-21,9.192174262415679e-20,-7.726982362642014e-19,-1.862455112262226e-21,9.192174262415679e-20,-1531.586985748101,-20.946539881541067,333.00259117892904,-1057169.5093538146,37.00270739678541,143546.43432332657,-0.08349031098953334,4699.7543082260045
15.28797254904381,2001.0,12.0,14.0,14.0,21.0,43.0,1.0,3467757.9445057306,47389.30851446822,-753231.4785031374,549.4640469707289,-292.62954225033945,4651.214983709963,3548936.258719239,4692.690445000519,3467807.2617247617,43631.45394208453,-753231.4785031374,3548936.2587192394,552.2393175493258,-539.031158435177,4651.214983709963,4714.798370906161,20255973.69412565,0.8266091759233248,1.6336281588481283,0.0,1.6049041769309372e-07,6.068887578073364,-0.2138681267817629,0.012581192821920292,152736.25871923938,-0.09693901241913165,-0.0964830414171235,79.06722924113274,-16543161327.848396,-1040807141.1751941,-203075964.09091252,-16545481133.997673,-1893351169.8660789,16575869999.017849,16654697969.494902,-0.9771399114889271,-0.012294234317364297,0.21224147845782046,-0.012580860919233619,0.9999208578375245,0.0,0.2122246812082483,0.0026701805217703573,0.977217250575346,4661.007020833588,-545.9361443918773,-0.11659710384315593,2.103795022161635e-10,195.7,0.0,-92.2,1.3,0.0,3.0350567721780416e-17,2.2956623859697616,1.5707963267948966,17.338588745769336,461.0,0.0011042935034435355,0.012081757750835047,0.0,0.0023510556764640843,-1531.7323939424027,-20.932181582381936,332.7074940707355,-0.006953027036254132,0.007926836377879781,-0.05842569539097468,-0.006961612849140645,0.007919297094265313,-0.05842569539097468,-7.792847845446904e-19,-1.03170202522333e-21,9.25998399596589e-20,-7.792832089895881e-19,-1.876171320330267e-21,9.25998399596589e-20,-1531.739355555252,-20.92426228528767,332.64906837534454,-1057169.619360743,37.15624560175133,143486.22169961757,-0.08339720616373479,4699.799354175831
15.330076742492087,2001.0,12.0,14.0,14.0,21.0,43.0,1.0,3467781.0763011225,47376.987543381234,-753035.6422081043,549.3241480840582,-292.63145307776483,4651.245361607377,3548917.1377388667,4692.704295059813,3467830.510318351,43608.75836368532,-753035.6422081043,3548917.1377388663,552.096932837122,-539.0362040544237,4651.245361607377,4714.812240843075,20255973.20739045,0.8266091717619073,1.6336281587671355,0.0,1.6118070224511593e-07,6.068942989963536,-0.21381282880254343,0.012574564916603274,152717.1377388658,-0.09691396633388775,-0.09645811480777715,79.35937708616257,-16543161308.848333,-1040807138.6346297,-203078439.0289934,-16545479244.338902,-1893362456.3235447,16575869979.895756,16654697405.484838,-0.9771517270554876,-0.012287905485296824,0.21218743999412973,-0.012574233538187075,0.9999209412003167,0.0,0.21217066470981594,0.0026680944243562435,0.9772289856061053,4661.0323602624185,-545.9357842683561,-0.1165963994821589,2.1075724522268411e-10,195.67459748762866,0.0,-92.2,1.3,0.0,3.0350155108877916e-17,2.2956556474896903,1.5707963267948966,17.339765168402938,461.0,0.001106285811202831,0.012128294587195358,0.0,0.0023552908530182584,-1531.767369877862,-20.927077576496842,332.6263681903872,-0.006963711506769619,0.007941132793405277,-0.05853098236752245,-0.006972336482960415,0.007933561114681823,-0.05853098236752245,-7.80680812958559e-19,-1.0307241489616578e-21,9.274149558756629e-20,-7.806792320390547e-19,-1.8790361410752564e-21,9.274149558756629e-20,-1531.7743422143449,-20.91914401538216,332.5678372080197,-1057169.6447637025,37.30978380671724,143426.07568279322,-0.08330410401455837,4699.844349807402
15.388147536166384,2001.0,12.0,14.0,14.0,21.0,43.0,1.0,3467812.9703878616,47359.99412614341,-752765.5394821457,549.1311920047402,-292.6340877552251,4651.287247128039,3548890.7737581553,4692.723391661265,3467862.5653233523,43577.45590150565,-752765.5394821457,3548890.773758155,551.9005482173789,-539.0431602108246,4651.287247128039,4714.831364851626,20255972.534613732,0.8266091660098948,1.6336281586551853,0.0,1.625524776374657e-07,6.06901941592857,-0.21373655994138208,0.012565423680119947,152690.77375815483,-0.09687942189425933,-0.09642373515137138,79.76306208968163,-16543161282.586185,-1040807135.123016,-203081850.4033043,-16545476638.800583,-1893378018.1906765,16575869953.464933,16654696627.763193,-0.9771680185161077,-0.012279176418652808,0.2121129072352352,-0.012565093023873696,0.9999210561025812,0.0,0.21209616221564523,0.0026652184109750223,0.97724516605825,4661.0672986509735,-545.9352877711589,-0.1165954283207653,2.1128452483690375e-10,195.64530417572757,0.0,-92.2,1.3,0.0,3.0349675235158055e-17,2.2956478105571123,1.5707963267948966,17.341133570148223,461.0,0.0011090667594655854,0.012192618513402332,0.0,0.0023612024501123152,-1531.8155960649487,-20.920037571650457,332.51447047619354,-0.006978649236511296,0.00796109303831714,-0.058677982084182366,-0.00698732863143806,0.007953476354858123,-0.058677982084182366,-7.826318166453031e-19,-1.0293925106737315e-21,9.29397645666629e-20,-7.8263022827660285e-19,-1.8830459848027853e-21,9.29397645666629e-20,-1531.82258339358,-20.9120840952956,332.45579249410935,-1057169.679876266,37.46332201168316,143365.9962728535,-0.08321100453897783,4699.88929511841
15.465673144500254,2001.0,12.0,14.0,14.0,21.0,43.0,1.0,3467855.5321319806,47337.30735417233,-752404.94344193,548.873582518138,-292.6376037132963,4651.343143091001,3548855.591781917,4692.748875816074,3467905.3415860706,43535.66589277871,-752404.94344193,3548855.5917819175,551.6383614757485,-539.0524416710272,4651.343143091001,4714.856885580179,20255971.6338197,0.8266091583084026,1.6336281585052919,0.0,1.6323404237781964e-07,6.0691214478045525,-0.21363473779480155,0.01255322009943846,152655.5917819175,-0.09683330356766139,-0.0963778368136795,80.30333605408669,-16543161247.423613,-1040807130.4212476,-203086400.85744643,-16545473161.641586,-1893398785.264817,16575869918.07652,16654695589.798618,-0.977189759317538,-0.012267522520103161,0.21201340093529691,-0.012552890405655088,0.9999212093672499,0.0,0.21199669626528572,0.002661380986470994,0.9772667587838282,4661.113923687007,-545.9346252832227,-0.11659413235278966,2.1198816436164996e-10,195.60621309101944,0.0,-92.2,1.3,0.0,3.034903481439405e-17,2.2956373516923283,1.5707963267948966,17.34296013467373,461.0,0.0011127779582071774,0.01227874334220177,0.0,0.002369091455430329,-1531.8799550869276,-20.910638171557427,332.36507123421313,-0.0069985623992045954,0.007987730115563193,-0.05887415337856272,-0.007007314688703115,0.007980053189554637,-0.05887415337856272,-7.852353572068085e-19,-1.0275829701614895e-21,9.320406791674735e-20,-7.852337588978757e-19,-1.888391267091893e-21,9.320406791674735e-20,-1531.8869624016163,-20.90265811836787,332.3061970808346,-1057169.7268891726,37.61686021664907,143305.9834697984,-0.08311790773396703,4699.934190106538
15.517922277590971,2001.0,12.0,14.0,14.0,21.0,43.0,1.0,3467884.205765,47322.017231183665,-752161.9138111621,548.6999580084203,-292.6399724329345,4651.380800523369,3548831.889861401,4692.766044547864,3467934.1595958006,43507.500706668194,-752161.9138111621,3548831.8898614007,551.4616520235932,-539.0586936850142,4651.380800523369,4714.874078951356,20255971.02496847,0.8266091531029205,1.6336281584039776,0.0,1.639127731323244e-07,6.069190214312606,-0.21356611263116093,0.012544995470472973,152631.8898614007,-0.09680222113014238,-0.09634690263992439,80.6683619916439,-16543161223.65727,-1040807127.2433027,-203089465.23291194,-16545470819.00258,-1893412776.0724669,16575869894.15753,16654694890.449028,-0.9772044061887756,-0.012259667985672709,0.21194633534487814,-0.012544666424288848,0.9999213125762964,0.0,0.21192965783378642,0.0026587960767519574,0.9772813059369735,4661.1453352275485,-545.9341790156063,-0.11659325927795855,2.1250747811848414e-10,195.6,0.0,-92.2,1.3226376732491183,0.0,3.034891608157042e-17,2.2956354126381666,1.5707963267948966,17.343298820195184,461.0,0.0011155160949604804,0.012336955500232871,0.0,0.002374934746035315,-1531.9233150854857,-20.90430280019559,332.2643733522401,-0.007013568194128494,0.008007436694089445,-0.059019580615271815,-0.007022371705149011,0.007999717298646467,-0.059019580615271815,-7.87172557402394e-19,-1.026623290801717e-21,9.340404884971336e-20,-7.87170951978043e-19,-1.89247055142025e-21,9.340404884971336e-20,-1531.930337457191,-20.896303082896946,332.20535377162486,-1057169.7586654369,37.770398421614985,143246.03727362797,-0.08302481359649994,4699.979034769474
15.579477088655322,2001.0,12.0,14.0,14.0,21.0,43.0,1.0,3467917.974591674,47304.003747103154,-751875.5975796921,548.4954043101629,-292.6427621021983,4651.425150156732,3548803.976201326,4692.786264285936,3467968.0983061697,43474.3188240173,-751875.5975796921,3548803.976201326,551.2534638892884,-539.0660557694806,4651.425150156732,4714.894327706972,20255970.305717465,0.8266091469535495,1.633628158284292,0.0,1.6458870496134868e-07,6.069271229453144,-0.2134852640036343,0.012535306113393254,152603.97620132612,-0.09676560228324019,-0.09631045846299383,81.09942188858986,-16543161195.581726,-1040807123.4891254,-203093072.85263956,-16545468059.982166,-1893429253.1302602,16575869865.90166,16654694066.74107,-0.977221655961487,-0.01225041425662305,0.2118673227999781,-0.012534977829050957,0.9999214340791106,0.0,0.21185067724865594,0.002655752193998108,0.9772984383132769,4661.1823289795675,-545.9336534964286,-0.11659223107377624,2.1313553547016195e-10,195.6,0.0,-92.2,1.3575297483423308,0.0,3.0348889970577626e-17,2.2956349862132934,1.5707963267948966,17.343373303673108,461.0,0.0011188273570202024,0.0124057226864809,0.0,0.0023820087929221625,-1531.9743816904158,-20.896838513166447,332.14573186261265,-0.0070318090828359716,0.008031286298889368,-0.05919568168620302,-0.007040673823990203,0.008023516105571279,-0.05919568168620302,-7.895207197020063e-19,-1.0255713332561535e-21,9.364741063844356e-20,-7.895191057429235e-19,-1.8974462384810612e-21,9.364741063844356e-20,-1531.9814223642397,-20.888814997060877,332.08653618092643,-1057169.7962035257,37.923936626580904,143186.15768434215,-0.08293172212355056,4700.023829104908
15.733348548802471,2001.0,12.0,14.0,14.0,21.0,43.0,1.0,3468002.3330394053,47258.973841674866,-751159.8674737192,547.9840419678561,-292.6497311960017,4651.535943621836,3548734.244639694,4692.836776431331,3468052.880441565,43391.37052790533,-751159.8674737192,3548734.244639694,550.7330160969999,-539.0844429056294,4651.535943621836,4714.944912340764,20255968.498507235,0.8266091315024396,1.633628157983552,0.0,1.6726511955740805e-07,6.069473752377371,-0.21328315729502237,0.01251108562141087,152534.2446396947,-0.09667406176269447,-0.09621935457377716,82.1818265914917,-16543161125.039465,-1040807114.056103,-203102079.03657147,-16545461167.140007,-1893470415.3835204,16575869794.906294,16654692008.613657,-0.9772647488833527,-0.012227280922330913,0.21166979990353857,-0.012510759236299488,0.9999217373891476,0.0,0.2116532340723595,0.00264814990418886,0.9773412381603449,4661.274746038238,-545.9323409175283,-0.11658966256027734,2.1470449560686947e-10,195.55530579961837,0.0,-92.2,1.4,0.0,3.034813009320491e-17,2.2956225764740408,1.5707963267948966,17.34554119890768,461.0,0.001127099218427154,0.012578514766463945,0.0,0.002399637261100951,-1532.1019600407885,-20.878176973107507,331.84911506441813,-0.007077085369534631,0.00809075619026836,-0.059634235332027455,-0.007086103914590223,0.008082858675597144,-0.059634235332027455,-7.953542924108344e-19,-1.0227052384219373e-21,9.424981701174124e-20,-7.9535265727846255e-19,-1.9096969477579646e-21,9.424981701174124e-20,-1532.1090461447031,-20.87009411443191,331.7894808290861,-1057169.890522793,38.077474831546816,143126.34470194095,-0.08283863331209303,4700.068573110528
15.846365187555955,2001.0,12.0,14.0,14.0,21.0,43.0,1.0,3468064.243127651,47225.89926381901,-750634.1619233736,547.6084256867279,-292.6548459263344,4651.617256852798,3548683.0691213114,4692.87384775875,3468115.100832526,43330.444253882124,-750634.1619233736,3548683.069121311,550.350726414332,-539.0979332694363,4651.617256852798,4714.982036866197,20255967.162333664,0.8266091200785338,1.6336281577612506,0.0,1.6858739404357632e-07,6.069622507959976,-0.2131347073978674,0.012493296386267654,152483.0691213105,-0.09660682398580162,-0.0961524374975965,82.98124432563782,-16543161072.884254,-1040807107.0826522,-203108683.0958699,-16545456108.070303,-1893500624.6703174,16575869742.416134,16654690497.7804,-0.9772963753822247,-0.012210288552088472,0.2115247113654582,-0.01249297139140964,0.9999219597877693,0.0,0.21150820393209122,0.0026425721676648505,0.9773726497512397,4661.342572441326,-545.9313778326466,-0.11658777760014725,2.158386175737906e-10,195.5,0.0,-92.1922990236783,1.4077009763217003,0.0,3.0347222556528956e-17,2.295607755275364,1.5707963267948966,17.34813109579345,461.0,0.0011330790370287383,0.012706238639379433,0.0,0.0024123572069505847,-1532.195596234666,-20.864467843591232,331.6312146066433,-0.007109558385815183,0.00813359071579237,-0.05995054877384087,-0.0071186897739368895,0.008125599933284013,-0.05995054877384087,-7.99554188201717e-19,-1.0203490188848544e-21,9.468100290039499e-20,-7.995525377426512e-19,-1.91842964772961e-21,9.468100290039499e-20,-1532.20271492444,-20.85634224365795,331.5712640578695,-1057169.9602584112,38.23101303651273,143066.5983264244,-0.08274554715910167,4700.113266784018
15.872707979036965,2001.0,12.0,14.0,14.0,21.0,43.0,1.0,3468078.667509007,47218.18990253999,-750511.62509038,547.5208708405552,-292.6560376227947,4651.636202281802,3548671.145779012,4692.8824850769215,3468129.59743325,43316.24286804352,-750511.62509038,3548671.1457790113,550.2616160493233,-539.1010759118979,4651.636202281802,4714.990686578844,20255966.84996302,0.8266091174078493,1.6336281577092733,0.0,1.6858739404357632e-07,6.0696571816758125,-0.21310010493056705,0.012489149983662951,152471.1457790113,-0.09659115139056827,-0.09613683965382654,83.16807702183723,-16543161060.691574,-1040807105.4522811,-203110221.09878862,-16545454929.311554,-1893507663.1799169,16575869730.14514,16654690145.731197,-0.9773037441236103,-0.01220632768961032,0.21149089173367913,-0.012488825312283694,0.9999220115800628,0.0,0.21147439789320172,0.002641272802001022,0.9773799684430274,4661.358375523067,-545.9311534696959,-0.11658733843143257,2.1607708441977427e-10,195.5,0.0,-92.1790508655681,1.4209491344319043,0.0,3.034721140619204e-17,2.295607573176543,1.5707963267948966,17.348162921227306,461.0,0.0011343371424927529,0.012736103412848348,0.0,0.002415042806163668,-1532.2174133444391,-20.861272113888244,331.58041991789014,-0.007116321760528154,0.008142479954450294,-0.06001744387626279,-0.007125478318031604,0.008134468264567322,-0.06001744387626279,-8.004458564705628e-19,-1.019695694851701e-21,9.477123728391067e-20,-8.004442025986334e-19,-1.920272491271169e-21,9.477123728391067e-20,-1532.2245388227573,-20.853137645623676,331.52040247401385,-1057169.9765612073,38.38455124147865,143006.9185577925,-0.08265246366155068,4700.157910123074
15.909436229825536,2001.0,12.0,14.0,14.0,21.0,43.0,1.0,3468098.7747510714,47207.441127687925,-750340.778144362,547.3987960339975,-292.65769883150676,4651.662611961148,3548654.524925467,4692.894525354479,3468149.8052982637,43296.44254807969,-750340.778144362,3548654.5249254666,550.1373724521803,-539.1054563857558,4651.662611961148,4715.002744133952,20255966.41385777,0.8266091136792652,1.6336281576367107,0.0,1.6924465733171346e-07,6.069705525647207,-0.2130518602953485,0.012483368922555471,152454.5249254671,-0.09656929979953198,-0.09611509228453112,83.42885181307793,-16543161043.669262,-1040807103.1761588,-203112364.61453328,-16545453286.118332,-1893517474.739418,16575869713.0135,16654689654.95685,-0.9773140160413633,-0.012200805190803705,0.2114437381475227,-0.012483044701823374,0.9999220837620161,0.0,0.211427263246901,0.0026394616352161623,0.9773901706064994,4661.38040480652,-545.9308407291819,-0.11658672624494137,2.164095014906582e-10,195.5,0.0,-92.16058325051898,1.439416749481011,0.0,3.034719586287917e-17,2.2956073193349797,1.5707963267948966,17.348207285351084,461.0,0.0011360909344222193,0.012777797753868402,0.0,0.002418786542393371,-1532.247826433548,-20.856816301197004,331.5095967757371,-0.00712574535486948,0.008154870978168815,-0.06011069649046481,-0.007134937056844696,0.008146830103045498,-0.06011069649046481,-8.016888513909887e-19,-1.0187778623366273e-21,9.489696409909469e-20,-8.016871927618155e-19,-1.92284024690804e-21,9.489696409909469e-20,-1532.2549613706049,-20.84866947109396,331.44948607924664,-1057169.9993217774,38.53808944644456,142947.3053960452,-0.0825593828164146,4700.20250312538
16.01551394793574,2001.0,12.0,14.0,14.0,21.0,44.0,1.0,3468156.822865635,47176.39641240952,-749847.336344663,547.0462086828453,-292.66249469870326,4651.738856084902,3548606.5417556656,4692.929285153104,3468208.1435825326,43239.25480071007,-749847.336344663,3548606.5417556656,549.7785211211489,-539.1181005623954,4651.738856084902,4715.037553811235,20255965.150517583,0.8266091028780311,1.633628157426527,0.0,1.7120130796843874e-07,6.069845154169452,-0.21291251866315597,0.012466672395604195,152406.54175566556,-0.09650618730421441,-0.09605228080039145,84.1838630437851,-16543160994.358316,-1040807096.5829132,-203118550.01728773,-16545448542.135155,-1893545800.2819614,16575869663.385864,16654688237.95777,-0.9773436707543925,-0.012184854616008666,0.21130754495359683,-0.012466349474063467,0.9999222920461323,0.0,0.21129112467664166,0.002634233701897914,0.9774196240334464,4661.444002797223,-545.9299379755377,-0.11658495893529579,2.1736916488668897e-10,195.5,0.0,-92.10726861740616,1.4927313825938315,0.0,3.034715099042178e-17,2.2956065865121382,1.5707963267948966,17.348335362794476,461.0,0.0011411541520876026,0.012898580262463903,0.0,0.002429594922614057,-1532.3356304269657,-20.843945885397087,331.3050272946657,-0.007152921881430715,0.008190640577660864,-0.0603799258310564,-0.007162215428290006,0.008182515180128884,-0.0603799258310564,-8.052774861015752e-19,-1.0160816329605849e-21,9.525955046052597e-20,-8.052758137402651e-19,-1.930245816266835e-21,9.525955046052597e-20,-1532.342792642394,-20.83576337021696,331.24464736883465,-1057170.0652562007,38.69162765141048,142887.75884118254,-0.08246630462066787,4700.247045788629
16.059189721553654,2001.0,12.0,14.0,14.0,21.0,44.0,1.0,3468180.712361557,47163.614108451824,-749644.1673663702,546.9010307085041,-292.6644684557337,4651.7702346618125,3548586.7944519697,4692.943590601971,3468232.152357991,43215.70828698272,-749644.1673663702,3548586.7944519697,549.6307640002287,-539.1233033963674,4651.7702346618125,4715.051879787337,20255964.628652982,0.8266090984162182,1.633628157339716,0.0,1.7184857420132772e-07,6.069902645035945,-0.21285514591458038,0.012459797961053806,152386.79445196968,-0.0964802012369922,-0.09602641866973849,84.49555233120918,-16543160973.98898,-1040807093.8595734,-203121094.4031628,-16545446589.673866,-1893557457.6873188,16575869642.885721,16654687654.720678,-0.9773558752403607,-0.012178286960473456,0.2112514673555117,-0.012459475573416808,0.9999223777216086,0.0,0.21123506953530205,0.0026320824973644565,0.9774317457194355,4661.470176792742,-545.9295664956832,-0.11658423161704123,2.1781363176572024e-10,195.4834930649621,0.0,-92.1,1.5,0.0,3.034687592223083e-17,2.2956020943076734,1.5707963267948966,17.349120520451468,461.0,0.001143497785103662,0.01294847063221521,0.0,0.0024345839372690472,-1532.3717674304792,-20.8386461674789,331.2207906574043,-0.007165653117798775,0.008207380962436964,-0.06050403227131005,-0.007174991043946838,0.008199218888801218,-0.06050403227131005,-8.069268068156973e-19,-1.0151445323986089e-21,9.542877878443202e-20,-8.069251284729468e-19,-1.933679166160325e-21,9.542877878443202e-20,-1532.378942421523,-20.830446948590097,331.160286625133,-1057170.0924926028,38.84516585637639,142828.27889320455,-0.08237322907128516,4700.29153811051
16.110437058322482,2001.0,12.0,14.0,14.0,21.0,44.0,1.0,3468208.735217896,47148.61577454548,-749405.775587343,546.7306805427403,-292.66678373783986,4651.807042787749,3548563.6304700584,4692.960371309338,3468260.315028346,43188.079497114406,-749405.775587343,3548563.6304700584,549.4573875303523,-539.1294058051011,4651.807042787749,4715.0686845734435,20255964.014922623,0.8266090931689701,1.633628157237619,0.0,1.7184857420132772e-07,6.069970103242328,-0.2127878262990937,0.012451731851260438,152363.63047005795,-0.09644970987621491,-0.09599607273105656,84.862015157938,-16543160950.034128,-1040807090.6567686,-203124078.13016123,-16545444299.324497,-1893571132.1515827,16575869618.777033,16654686970.51024,-0.9773701914903876,-0.012170580548782077,0.21118566654758658,-0.012451410089328027,0.999922478188578,0.0,0.21116929505216947,0.002629559339172084,0.9774459648721516,4661.500879758676,-545.9291307757235,-0.11658337846692127,2.1836377633612357e-10,195.45453808757244,0.0,-92.1,1.5,0.0,3.034640413191023e-17,2.2955943893870225,1.5707963267948966,17.35046737550359,461.0,0.001146397946326397,0.013007146133652954,0.0,0.002440750411129866,-1532.414158032844,-20.83242730199308,331.1219445820001,-0.00718148217469067,0.008228192089304361,-0.06065734233856269,-0.007190873639570687,0.008219985862738338,-0.06065734233856269,-8.08961636624963e-19,-1.0141399811483388e-21,9.563885938953081e-20,-8.0895995107312995e-19,-1.9379294618913834e-21,9.563885938953081e-20,-1532.4213489064834,-20.82420731613034,331.0612872396615,-1057170.1245235354,38.9987040613423,142768.86555211115,-0.08228015616524115,4700.3359800887165
16.24261426104193,2001.0,12.0,14.0,14.0,21.0,44.0,1.0,3468280.971511917,47109.93150320618,-748790.9064725399,546.2912914024058,-292.67275211488993,4651.901927557205,3548503.919205086,4693.003628647974,3468332.9112150087,43116.81784071225,-748790.9064725399,3548503.919205086,549.0101927392608,-539.1451332819568,4651.901927557205,4715.112003980782,20255962.424889788,0.8266090795745498,1.633628156973095,0.0,1.7441362009524762e-07,6.070144095598226,-0.21261419137867743,0.012430928057763404,152303.91920508584,-0.09637106457290098,-0.09591780250104755,85.81093135476112,-16543160887.973526,-1040807082.3588624,-203131765.04711252,-16545438394.975086,-1893606382.156246,16575869556.317865,16654685206.46457,-0.977407096112765,-0.012150703175881235,0.21101594461259027,-0.01243060790588578,0.9999227370087601,0.0,0.21099964088951018,0.0026230564693692205,0.9774826193438205,4661.580026462066,-545.9280077585234,-0.11658117929121875,2.1978191887921138e-10,195.3798990063573,0.0,-92.1,1.5,0.0,3.034518784143071e-17,2.295574525856079,1.5707963267948966,17.353940610951454,461.0,0.0011538741546231815,0.013159167852305073,0.0,0.002456646524821066,-1532.5234368262973,-20.81638561839825,330.866969221162,-0.007222229416985592,0.008281840091067668,-0.06105255081602823,-0.007231759633581843,0.008273519544165227,-0.06105255081602823,-8.142068663101217e-19,-1.0114625594086793e-21,9.617963429400075e-20,-8.1420516217247205e-19,-1.948870122959999e-21,9.617963429400075e-20,-1532.530668585931,-20.808112098854085,330.80591667034594,-1057170.2075082473,39.15224226630822,142709.5188179024,-0.08218708589951061,4700.3803717209385
16.375672064618612,2001.0,12.0,14.0,14.0,21.0,44.0,1.0,3468353.6304020765,47070.988710275604,-748171.9282704835,545.848943289481,-292.67875559330594,4651.997370512914,3548443.858616534,4693.04713998538,3468405.9313534307,43045.07932121288,-748171.9282704835,3548443.8586165346,548.5599866770992,-539.1609482674082,4651.997370512914,4715.155577749143,20255960.813611366,0.8266090657984583,1.63362815670507,0.0,1.7631291696726153e-07,6.070319253040131,-0.21243939372893733,0.012409986141108095,152243.85861653555,-0.0962918924857684,-0.09583900798667062,86.7715959250927,-16543160825.084677,-1040807073.9506997,-203139490.4975671,-16545432455.531792,-1893641839.0637782,16575869493.02516,16654683431.630192,-0.9774442176762214,-0.012130691941677013,0.21084507972522365,-0.012409667604541317,0.9999229971102499,0.0,0.2108288440447952,0.002616517355443039,0.9775194895017,4661.659638688877,-545.9268784121657,-0.11657896731308798,2.212083578572806e-10,195.30482327066946,0.0,-92.1,1.5,0.0,3.034396425119588e-17,2.2955545431110833,1.5707963267948966,17.357436146617086,461.0,0.001161394505648775,0.013313200114609371,0.0,0.0024726362200130267,-1532.6333634272487,-20.80023418445727,330.61024942664534,-0.00726313307667514,0.008335804619175062,-0.0614500879120893,-0.007272803935800958,0.008327368350802725,-0.0614500879120893,-8.19482665109308e-19,-1.0086415322725344e-21,9.672246230919053e-20,-8.194809422751425e-19,-1.9598520963058824e-21,9.672246230919053e-20,-1532.6406362311845,-20.79190681610647,330.54879933873326,-1057170.291601792,39.30578047127413,142650.2386905783,-0.08209401827106842,4700.424713004871
16.404930950796892,2001.0,12.0,14.0,14.0,21.0,44.0,1.0,3468369.599911066,47062.42523658034,-748035.81570211,545.7516684273681,-292.6800751071949,4652.018348088796,3548430.658055687,4693.056703355588,3468421.9801592506,43029.30402155738,-748035.81570211,3548430.6580556873,548.4609838432724,-539.1644235958806,4652.018348088796,4715.165154840774,20255960.45793171,0.8266090627574678,1.6336281566459003,0.0,1.7631291696726153e-07,6.070357770264216,-0.2124009556180886,0.012405381160435174,152230.65805568686,-0.09627448247596407,-0.09582168100371313,86.98356360197067,-16543160811.20253,-1040807072.0945842,-203141187.58832657,-16545431150.045292,-1893649632.1376,16575869479.053858,16654683041.483519,-0.9774523766683166,-0.012126291357524986,0.21080750556697805,-0.012405062978333652,0.9999230542459272,0.0,0.210791284824498,0.0026150803828637846,0.9775275932661075,4661.677136790162,-545.9266302284725,-0.11657848115664718,2.214972188243887e-10,195.28962006187427,0.0,-92.1,1.5,0.0,3.034371547545301e-17,2.295550480294881,1.5707963267948966,17.358147024326804,461.0,0.0011629180201076436,0.013347204247806695,0.0,0.0024758750706948365,-1532.6575250529147,-20.7966821609596,330.55379160696475,-0.0072713039128725785,0.008346737919353309,-0.061530624340937465,-0.007281004750371509,0.008338277059008893,-0.061530624340937465,-8.205514229696574e-19,-1.0078927830064655e-21,9.683090687701437e-20,-8.205496962172158e-19,-1.9620456739202523e-21,9.683090687701437e-20,-1532.6648060576651,-20.78834388390059,330.4922609826238,-1057170.3101649191,39.459318676240045,142591.0251701388,-0.08200095327688953,4700.469003938208
16.458862576651455,2001.0,12.0,14.0,14.0,21.0,44.0,1.0,3468399.0283507444,47046.640458699345,-747784.9237465797,545.5723619066925,-292.6825067169608,4652.0570057347195,3548406.33220401,4693.07432675214,3468451.554630825,43000.22583489401,-747784.9237465797,3548406.33220401,548.2784921904246,-539.1708273210749,4652.0570057347195,4715.182803522911,20255959.80116659,0.8266090571422522,1.6336281565366393,0.0,1.7756782901008428e-07,6.070428768129094,-0.212330103575921,0.012396893061484272,152206.33220401034,-0.09624239100699916,-0.0957897425745715,87.3748744726181,-16543160785.569212,-1040807068.6671947,-203144314.15127647,-16545428744.246315,-1893663993.2179735,16575869453.255917,16654682322.473595,-0.9774674121034151,-0.012118179771194754,0.21073824521164983,-0.012396575532059147,0.9999231595053082,0.0,0.2107220519806373,0.002612432574259819,0.9775425269547686,4661.709382422384,-545.9261729090222,-0.11657758528080256,2.2201076458200386e-10,195.26259133778927,0.0,-92.1,1.5,0.0,3.034327237450387e-17,2.2955432439072236,1.5707963267948966,17.35941333665109,461.0,0.0011656270758052107,0.013409995287357881,0.0,0.0024816339132223437,-1532.7020509163906,-20.790134505966222,330.4497195686667,-0.007285736408468133,0.00836617982075165,-0.061673832134489556,-0.007295491793418814,0.008357674275717437,-0.061673832134489556,-8.224518121671447e-19,-1.0064133851431108e-21,9.702246592548577e-20,-8.224500783408583e-19,-1.965920150476348e-21,9.702246592548577e-20,-1532.709346408184,-20.781776831690504,330.3880457365322,-1057170.344441874,39.612856881205964,142531.87825658396,-0.08190789091394902,4700.513244518641
16.57208527608646,2001.0,12.0,14.0,14.0,21.0,44.0,1.0,3468460.7782151653,47013.50186634088,-747258.2007020073,545.1959133576923,-292.6876090777271,4652.1381229568115,3548355.2891291887,4693.111306534045,3468513.6105120666,42939.17869771435,-747258.2007020073,3548355.2891291887,547.8953566971614,-539.1842618774044,4652.1381229568115,4715.219836361261,20255958.417376764,0.8266090453110994,1.6336281563064305,0.0,1.794337418495463e-07,6.070577822422411,-0.2121813554061078,0.01237907361556278,152155.28912918875,-0.09617501746998235,-0.09572269032584713,88.19891077280045,-16543160731.560976,-1040807061.4458325,-203150871.1892572,-16545423695.876263,-1893694127.524547,16575869398.90082,16654680813.547573,-0.9774989616001174,-0.012101149743731601,0.21059283521898786,-0.01237875745342548,0.9999233802466613,0.0,0.2105766996478985,0.00260687762860505,0.9775738630683761,4661.777044962267,-545.9252134426674,-0.11657570549316816,2.230883406060152e-10,195.2058768102097,0.0,-92.1,1.5,0.0,3.0342342536508976e-17,2.2955280585003695,1.5707963267948966,17.3620712892199,461.0,0.001171311696277912,0.013542292599534874,0.0,0.002493718004314955,-1532.7954843409484,-20.776386983065283,330.2312088597949,-0.007315980860481862,0.00840697618893897,-0.06197433410353692,-0.007325851220978669,0.008398376538379848,-0.06197433410353692,-8.264393760236547e-19,-1.0032477461566484e-21,9.742388465743117e-20,-8.264376273608689e-19,-1.9740391448856182e-21,9.742388465743117e-20,-1532.8028101921693,-20.767988606526902,330.16923452569137,-1057170.4166626725,39.766395086171876,142472.79794991374,-0.08181483117922198,4700.55743474387
16.605307439940404,2001.0,12.0,14.0,14.0,21.0,44.0,1.0,3468478.8889681906,47003.77812577974,-747103.6462118813,545.085450274358,-292.68910558596474,4652.1619144311735,3548340.3185939197,4693.122152545513,3468531.8109138478,42921.26576437944,-747103.6462118813,3548340.3185939197,547.7829314688644,-539.1882015060886,4652.1619144311735,4715.230697933656,20255958.01004729,0.8266090418285019,1.6336281562386674,0.0,1.794337418495463e-07,6.070621559218463,-0.21213770843039245,0.012373845042861055,152140.31859391974,-0.09615524812388158,-0.09570301525326347,88.44135701656342,-16543160715.663385,-1040807059.3201871,-203152793.43140072,-16545422215.159412,-1893702965.77606,16575869382.901129,16654680370.93353,-0.9775082149640885,-0.012096152541926305,0.21055016687574427,-0.012373529281166524,0.9999234449562266,0.0,0.2105340481985026,0.0026052486549915195,0.9775830538775702,4661.796890201972,-545.9249320719734,-0.1165751541748193,2.2342993339440616e-10,195.2,0.0,-92.08789824239967,1.512101757600325,0.0,3.034223713350372e-17,2.295526337138662,1.5707963267948966,17.362372638171646,461.0,0.0011731132477101889,0.013581235244093364,0.0,0.00249755871215952,-1532.8228888033054,-20.77235274534435,330.167086460961,-0.007325735535132035,0.008419771108243204,-0.062069935390211536,-0.0073356407258133765,0.008411142715926977,-0.062069935390211536,-8.2771172964489175e-19,-1.0024484683776326e-21,9.755378036060491e-20,-8.277099763906374e-19,-1.976683606624623e-21,9.755378036060491e-20,-1532.8302244440313,-20.76394160262842,330.1050165255708,-1057170.437921442,39.91993329113779,142413.78425012817,-0.08172177406968366,4700.601574611588
16.64745015670834,2001.0,12.0,14.0,14.0,21.0,44.0,1.0,3468501.8573972913,46991.4433717082,-746907.590834142,544.945323674224,-292.6910035050958,4652.192087545126,3548321.332653552,4693.135907764094,3468554.892969687,42898.5428034416,-746907.590834142,3548321.332653552,547.6403158376518,-539.1931974178875,4652.192087545126,4715.244472886848,20255957.492419735,0.826609037402872,1.6336281561525587,0.0,1.8005141576520485e-07,6.070677040403232,-0.21208234118139244,0.012367212577992172,152121.33265355136,-0.09613017021535376,-0.09567805693188361,88.74936720728874,-16543160695.461098,-1040807056.6190164,-203155230.68016538,-16545420337.235458,-1893714174.6896358,16575869362.569098,16654679809.560371,-0.9775199503636237,-0.012089813402373188,0.2104960404686855,-0.012366897323774174,0.9999235270012319,0.0,0.21047994320524205,0.002603182919537247,0.9775947099626744,4661.822058566887,-545.9245752534891,-0.11657445498722847,2.238808494781548e-10,195.2,0.0,-92.06416581693922,1.53583418306078,0.0,3.0342219392816625e-17,2.2955260474112538,1.5707963267948966,17.36242336015869,461.0,0.0011754910619855934,0.013630723669572173,0.0,0.0025026351013674843,-1532.8576444677958,-20.767235007609163,330.0857423153453,-0.007338719300234938,0.00843657193355053,-0.06219635429452079,-0.007348669432547793,0.008427906295679313,-0.06219635429452079,-8.29396651582893e-19,-1.0015240058126604e-21,9.772694644481533e-20,-8.293948923380572e-19,-1.9802198846363005e-21,9.772694644481533e-20,-1532.8649931372283,-20.758807101313483,330.0235459610508,-1057170.4649367295,40.07347149610371,142354.83715722722,-0.08162871958230934,4700.645664119494
16.754468205230317,2001.0,12.0,14.0,14.0,21.0,44.0,1.0,3468560.157341084,46960.11989389392,-746409.7182170893,544.5894691340193,-292.6958210089643,4652.268676275217,3548273.141318657,4693.1708225654165,3468613.4809880625,42840.83872114969,-746409.7182170893,3548273.141318657,547.2781404698183,-539.2058763199962,4652.268676275217,4715.279437779449,20255956.173205484,0.826609026123795,1.6336281559331345,0.0,1.818918528517145e-07,6.070817933083574,-0.21194173782012254,0.01235037018084885,152073.14131865697,-0.0960664856029374,-0.09561467600171275,89.5338707268238,-16543160643.974482,-1040807049.7354165,-203161414.15724388,-16545415570.321157,-1893742626.1829987,16575869310.751854,16654678384.437529,-0.9775497383775279,-0.01207371501992899,0.21035858528627777,-0.012350056212866228,0.9999237351476057,0.0,0.21034254231982102,0.002597940353144545,0.9776242967502167,4661.885943654362,-545.9236696623036,-0.11657268029277487,2.250253936818966e-10,195.2,0.0,-92.00392664832123,1.5960733516787677,0.0,3.0342174362204633e-17,2.2955253120055517,1.5707963267948966,17.362552107516663,461.0,0.0011815267698368779,0.013756845416456748,0.0,0.0025155209718689476,-1532.9458673588372,-20.7542376249873,329.87915474831556,-0.007371640286456739,0.008479213368723563,-0.06251725984936654,-0.007381704967639037,0.008470452858967196,-0.06251725984936654,-8.336736920186086e-19,-9.991201196413942e-22,9.816602384613733e-20,-8.336719175672816e-19,-1.9891869301471153e-21,9.816602384613733e-20,-1532.9532490638048,-20.745767172128332,329.8166374884662,-1057170.5337873101,40.22700970106962,142295.95667121094,-0.0815356677140744,4700.689703265287
16.78893865158461,2001.0,12.0,14.0,14.0,21.0,44.0,1.0,3468578.9276075424,46950.030511570134,-746249.3520143421,544.4748442481397,-292.6973720793763,4652.293335229599,3548257.6256227437,4693.182063873396,3468632.3438991313,42822.25198357397,-746249.3520143421,3548257.625622744,547.1614796087497,-539.2099577985318,4652.293335229599,4715.290695214715,20255955.74684886,0.8266090224785085,1.6336281558622274,0.0,1.8250120749944311e-07,6.070863315340775,-0.21189644874887545,0.012344945321049728,152057.62562274374,-0.09604597243962479,-0.095594260654351,89.78726869821548,-16543160627.334682,-1040807047.5108614,-203163404.10413146,-16545414035.488987,-1893751786.5279841,16575869294.005209,16654677925.540953,-0.9775593290778491,-0.01206852954372454,0.21031430937413123,-0.01234463176661154,0.9999238021302157,0.0,0.21029828387177177,0.0025962527044728675,0.9776338226925674,4661.906512458912,-545.9233781310254,-0.11657210892033096,2.253749861612497e-10,195.18625069193752,0.0,-92.0,1.6,0.0,3.0341945990728166e-17,2.295521582416308,1.5707963267948966,17.363205076584194,461.0,0.0011833706814724657,0.013797605526758702,0.0,0.0025194445345316377,-1532.9742727948646,-20.75005077967609,329.8126067198615,-0.00738153658490121,0.008492400852469793,-0.06261485956672898,-0.007391637648930118,0.008483610520302281,-0.06261485956672898,-8.349701991737226e-19,-9.982059746510984e-22,9.829752793222704e-20,-8.349684200294496e-19,-1.9918526297170477e-21,9.829752793222704e-20,-1532.9816644325135,-20.74156716915579,329.74999186029476,-1057170.556039121,40.38054790603554,142237.14279207925,-0.0814426184619543,4700.733692046666
16.83835964985625,2001.0,12.0,14.0,14.0,21.0,44.0,1.0,3468605.8320368854,46935.565060309294,-746019.430160006,544.3105004505109,-292.6995953335122,4652.328680593188,3548235.386143947,4693.198176753145,3468659.3810325447,42795.6035446226,-746019.430160006,3548235.386143947,546.9942167565387,-539.2158074695716,4652.328680593188,4715.30683121047,20255955.134450033,0.8266090172425844,1.6336281557603762,0.0,1.8310853432781287e-07,6.070928381520995,-0.21183151616825266,0.012337167642226926,152035.38614394702,-0.09601656195832353,-0.09556499041388261,90.15115335583687,-16543160603.4342,-1040807044.3155613,-203166255.6477741,-16545411835.471857,-1893764916.6218822,16575869269.951254,16654677267.729748,-0.9775730760641893,-0.012061094850623994,0.2102508286437965,-0.012336854680057996,0.9999238981125529,0.0,0.21023482815889938,0.0025938339193402925,0.9776474768824379,4661.935995122196,-545.9229602918394,-0.11657128994894647,2.258691968011771e-10,195.16154015994113,0.0,-92.0,1.6,0.0,3.034154081694004e-17,2.295514965426195,1.5707963267948966,17.364363691376333,461.0,0.0011859775339844716,0.013856153272976459,0.0,0.0025249864535424123,-1533.0149888222593,-20.744047675213423,329.71719006663085,-0.007395460572198205,0.008511106785706489,-0.06275267333335237,-0.0074056136713291166,0.0085022739278184,-0.06275267333335237,-8.367992195650358e-19,-9.968368754482044e-22,9.848236133646854e-20,-8.367974337693444e-19,-1.995591503501522e-21,9.848236133646854e-20,-1533.0223944359307,-20.735545401285606,329.6544373932975,-1057170.5880005844,40.53408611100145,142178.3955198322,-0.08134957182292459,4700.777630461333
16.958068418273356,2001.0,12.0,14.0,14.0,21.0,44.0,1.0,3468670.9669489213,46900.526030042405,-745462.500501137,543.9124047335499,-292.7049778790207,4652.414252549423,3548181.5449536494,4693.237186145954,3468724.8367857398,42731.053836776424,-745462.500501137,3548181.5449536494,546.5890502649441,-539.229966774483,4652.414252549423,4715.345896566036,20255953.64547831,0.8266090045120675,1.6336281555127394,0.0,1.855179607568495e-07,6.0710859898109355,-0.21167423147234415,0.01231832862834483,151981.5449536494,-0.09594532154472041,-0.09549408969546049,91.03540968894958,-16543160545.323807,-1040807036.5466542,-203173155.48017582,-16545406508.991192,-1893796704.6232624,16575869211.467714,16654675674.936388,-0.9776063577465713,-0.012043085534208377,0.21009705705768084,-0.012318017097672301,0.9999241303492887,0.0,0.21008111706734642,0.0025879791410071454,0.9776805340271952,4662.007373298475,-545.9219488518148,-0.11656930727685456,2.270633073508264e-10,195.10193119206176,0.0,-92.0,1.6,0.0,3.034056315862701e-17,2.295498999054279,1.5707963267948966,17.36716001463014,461.0,0.0011922764799776205,0.013998502992785381,0.0,0.0025383772185745726,-1533.1135660927553,-20.72950516168207,329.486043335211,-0.0074290490157258625,0.008556306088276002,-0.06308567176164488,-0.007439328564969809,0.008547369984781904,-0.06308567176164488,-8.412185398095151e-19,-9.93443238911158e-22,9.892822548246488e-20,-8.412167379371976e-19,-2.0046104414164956e-21,9.892822548246488e-20,-1533.1210054213202,-20.720957791697288,329.4229576634493,-1057170.665710928,40.68762431596736,142119.71485446978,-0.08125652779396089,4700.821518506988
16.99669313975533,2001.0,12.0,14.0,14.0,21.0,44.0,1.0,3468691.9729332877,46889.22034827703,-745282.8017635355,543.7839514017795,-292.706713779873,4652.441850005466,3548164.181190211,4693.249766822157,3468745.946110734,42710.22614132533,-745282.8017635355,3548164.181190211,546.4583154563737,-539.2345323608596,4652.441850005466,4715.35849529006,20255953.163342956,0.8266090003898671,1.6336281554325536,0.0,1.855179607568495e-07,6.0711368440492315,-0.21162348163918476,0.012312250194698974,151964.18119021086,-0.09592233492830252,-0.09547121268374911,91.32159093022346,-16543160526.50762,-1040807034.0310615,-203175379.5624518,-16545404791.112692,-1893806956.3595984,16575869192.530703,16654675161.184958,-0.9776170912551075,-0.01203727447781135,0.21004743966315978,-0.012311939124967562,0.9999242052050661,0.0,0.2100315191605441,0.00258609129048812,0.9776911951587532,4662.03039316399,-545.9216227042892,-0.11656866787671571,2.2747569673249177e-10,195.08022648776358,0.0,-92.0,1.6,0.0,3.0340209240156384e-17,2.295493219127024,1.5707963267948966,17.3681725314829,461.0,0.0011944512204610366,0.014044596167563891,0.0,0.0025430009010706587,-1533.145358687367,-20.724812439496706,329.4114546201757,-0.007440758565972504,0.008571909267955672,-0.06320063093766949,-0.0074510803059491745,0.008562938678365849,-0.06320063093766949,-8.427437856852792e-19,-9.92445827469368e-22,9.908359764394345e-20,-8.4274197841629355e-19,-2.007753686981088e-21,9.908359764394345e-20,-1533.152809767673,-20.71624950081834,329.348253989238,-1057170.6908738706,40.84116252093328,142061.100795992,-0.08116348637203885,4700.865356181337
17.055513787884426,2001.0,12.0,14.0,14.0,21.0,45.0,1.0,3468723.9529044316,46872.00307193013,-745009.1408827686,543.5883278310338,-292.70935658320343,4652.483865475618,3548137.746216147,4693.268920070151,3468778.0832875203,42678.507812219075,-745009.1408827686,3548137.7462161477,546.2592174326023,-539.2414823742065,4652.483865475618,4715.377676014315,20255952.427441567,0.8266089940979924,1.6336281553101588,0.0,1.867110146007193e-07,6.071214289684891,-0.21154619499524432,0.012302993573208005,151937.7462161472,-0.09588732871265619,-0.09543637338253882,91.75827819108963,-16543160497.787973,-1040807030.1913638,-203178764.51303384,-16545402175.689384,-1893822563.9378152,16575869163.62663,16654674378.964485,-0.9776334323510244,-0.012028424730052507,0.20997187656462074,-0.012302683204552979,0.9999243191291871,0.0,0.2099559857101561,0.002583217479240031,0.9777074261004319,4662.065439514475,-545.9211262088824,-0.11656769445008901,2.2810352736650353e-10,195.047182770184,0.0,-92.0,1.6,0.0,3.0339670397197975e-17,2.2954844191536963,1.5707963267948966,17.369714329430444,461.0,0.0011977621583023077,0.014114952001534568,0.0,0.0025500401909755617,-1533.1937617997773,-20.717665541753536,329.29785788484236,-0.007458572144505127,0.008595664319806542,-0.0633756499731284,-0.0074689582915649635,0.008586641111193949,-0.0633756499731284,-8.450658345869743e-19,-9.909066048092676e-22,9.931995957824574e-20,-8.450640191035982e-19,-2.012535354288953e-21,9.931995957824574e-20,-1533.201230758069,-20.709078900642343,329.23448223486923,-1057170.7292810157,40.99470072589919,142002.55334439888,-0.08107044755413426,4700.909143482084
17.163907899683323,2001.0,12.0,14.0,14.0,21.0,45.0,1.0,3468782.8551399414,46840.27483737984,-744504.8348321485,543.2278184610481,-292.71422431852596,4652.561253144324,3548089.0570204253,4693.304197910916,3468837.2746847235,42620.0565169618,-744504.8348321485,3548089.057020426,545.8923052245282,-539.2542809135097,4652.561253144324,4715.413004461728,20255951.06596714,0.8266089824575209,1.633628155083722,0.0,1.8848643661548996e-07,6.071357008756607,-0.2114037688988257,0.012285935806029652,151889.0570204258,-0.0958228181578705,-0.09537217041634957,92.56573984026909,-16543160444.655003,-1040807023.0877155,-203184995.78640383,-16545397358.198227,-1893851311.066933,16575869110.152464,16654672937.995975,-0.9776635306887547,-0.012012115770496695,0.20983262338329253,-0.012285626726532287,0.9999245288400201,0.0,0.20981678707180418,0.0025779252859361623,0.9777373216585759,4662.129990824914,-545.9202118622798,-0.1165659015786218,2.2927357448935486e-10,195.0,0.0,-91.98632127553226,1.6,0.0,3.033889070718719e-17,2.2954716858495083,1.5707963267948966,17.37194576849341,461.0,0.0012039325753465634,0.014245113553109496,0.0,0.0025631567091499888,-1533.2829172866207,-20.70449383787312,329.0884995565331,-0.00749179309456605,0.008639756834601258,-0.06370188893841029,-0.007502298833708864,0.008630635790169651,-0.06370188893841029,-8.493986580633234e-19,-9.880680615789218e-22,9.976128556201321e-20,-8.493968273390185e-19,-2.0214610257335647e-21,9.976128556201321e-20,-1533.2904195854544,-20.69586320208295,329.0247976675947,-1057170.8003372196,41.148238930865105,141944.07249969037,-0.080977411337223,4700.952880406934
17.21779809210313,2001.0,12.0,14.0,14.0,21.0,45.0,1.0,3468812.124961926,46824.50034632749,-744254.1063747364,543.0485765737241,-292.7166432490542,4652.599709543836,3548064.862283554,4693.321728477724,3468866.6880106363,42590.995828652136,-744254.1063747364,3548064.862283554,545.7098799721492,-539.260639666994,4652.599709543836,4715.430560175885,20255950.386437524,0.8266089766476031,1.6336281549707112,0.0,1.8907453925087362e-07,6.071427965709595,-0.21133295759750836,0.012277455330540568,151864.86228355393,-0.09579074481287327,-0.09534024999501589,92.96852120757103,-16543160418.135942,-1040807019.5423228,-203188090.65685776,-16545394964.143112,-1893865596.3176908,16575869083.463116,16654672221.829908,-0.9776784874721975,-0.01200400710860746,0.2097633880051816,-0.012277146890632844,0.99992463299202,0.0,0.2097475787662439,0.002575295926816426,0.977752177728379,4662.1620684090585,-545.9197575621487,-0.11656501067666743,2.2987844291115204e-10,195.0,0.0,-91.9560778544424,1.6,0.0,3.0338868111547e-17,2.2954713168347003,1.5707963267948966,17.37201044510053,461.0,0.0012071222519316695,0.01431008013884958,0.0,0.002569933413942286,-1533.3272227033813,-20.69794456547453,328.98440180748827,-0.007509057229619518,0.008662245851339513,-0.06387064615105112,-0.007519623370152977,0.008653075062531178,-0.06387064615105112,-8.51647776728433e-19,-9.867314287033853e-22,9.999154493604969e-20,-8.516459382325059e-19,-2.0261138837878908e-21,9.999154493604969e-20,-1533.3347423267514,-20.689291490411996,328.92053116133724,-1057170.8358022962,41.301777135831024,141885.65826186648,-0.08088437771828091,4700.996566953596
17.318289116398,2001.0,12.0,14.0,14.0,21.0,45.0,1.0,3468866.6796752326,46795.08472443602,-743786.558262046,542.7143237957371,-292.72115186581186,4652.671388049953,3548019.766794816,4693.354403321934,3468921.5098627773,42536.80437910458,-743786.558262046,3548019.7667948157,545.3696909278686,-539.2724894692531,4652.671388049953,4715.463281890741,20255949.114551153,0.8266089657730724,1.633628154759203,0.0,1.902452906191904e-07,6.071560284328847,-0.21120091056839024,0.01226164168440983,151819.76679481613,-0.09573093523109363,-0.0952807255758874,93.72198298573494,-16543160368.500341,-1040807012.9066548,-203193856.2340033,-16545390501.725262,-1893892222.2544315,16575869033.508802,16654670886.790516,-0.9777063652034009,-0.011988885963149853,0.20963427690651296,-0.012261334434794878,0.9999248270134501,0.0,0.20961851807183465,0.002570395978147152,0.9777798678362546,4662.221857468543,-545.9189109167228,-0.11656335019176224,2.3100583012959653e-10,195.0,0.0,-91.89970849352018,1.6,0.0,3.0338825996488836e-17,2.2954706290436055,1.5707963267948966,17.37213099442577,461.0,0.0012130675372985739,0.014431683793348459,0.0,0.002582564417372928,-1533.409805286081,-20.685730638215574,328.79026690809246,-0.007541197520395728,0.008704157819196156,-0.06418519503754436,-0.007551876722223117,0.008694893981840196,-0.06418519503754436,-8.55839924633657e-19,-9.841810802745436e-22,1.0042022067997786e-19,-8.558380716561533e-19,-2.0347759629676356e-21,1.0042022067997786e-19,-1533.4173571628032,-20.677035744233734,328.7260817130549,-1057170.9021828528,41.455315340796936,141827.31063092724,-0.08079134669428402,4701.04020311978
17.34036715483855,2001.0,12.0,14.0,14.0,21.0,45.0,1.0,3468878.6609320263,46788.62200469511,-743683.8362310359,542.6408855157472,-292.7221420581135,4652.687130252067,3548009.862964022,4693.361579411671,3468933.549730472,42524.898271660306,-743683.8362310359,3548009.862964022,545.2949484183249,-539.2750915640569,4652.687130252067,4715.470468274102,20255948.83422552,0.8266089633763084,1.6336281547126013,0.0,1.902452906191904e-07,6.071589355390623,-0.21117189917380644,0.012258167437479525,151809.86296402197,-0.0957177947549239,-0.0952676477504552,93.88792952895164,-16543160357.56062,-1040807011.4443924,-203195121.9743687,-16545389521.64773,-1893898069.8700686,16575869022.498852,16654670593.551294,-0.9777124877642,-0.01198556371433952,0.20960591006073453,-0.012257860448960099,0.9999248696063189,0.0,0.2095901622861938,0.0025693199948017657,0.9777859492074997,4662.234988476419,-545.91872499536,-0.11656298552234923,2.3122526746617787e-10,194.9887366266911,0.0,-91.9,1.611263373308894,0.0,3.0338641467532593e-17,2.2954676154570532,1.5707963267948966,17.372659206980504,461.0,0.001214225285184172,0.01445847911981781,0.0,0.002585037675938371,-1533.427942643042,-20.683046999541183,328.7476116740967,-0.007547376261109742,0.008712488013108146,-0.06424669988495454,-0.007558079304134734,0.008703204756739106,-0.06424669988495454,-8.566559290366827e-19,-9.83515573539759e-22,1.0050221671568384e-19,-8.566540730754235e-19,-2.0364527670291366e-21,1.0050221671568384e-19,-1533.435500722346,-20.674343794784445,328.6833649742117,-1057170.9168132264,41.608853545762855,141769.02960687265,-0.08069831826220843,4701.083788903193
17.372244959735262,2001.0,12.0,14.0,14.0,21.0,45.0,1.0,3468895.957442199,46779.29064257653,-743535.5184162116,542.5348486931522,-292.72357153911713,4652.709856328137,3547995.565490227,4693.371939081124,3468950.930816328,42507.707305632706,-743535.5184162116,3547995.5654902267,545.1870284443219,-539.2788478067721,4652.709856328137,4715.480842803705,20255948.429083936,0.8266089599123746,1.6336281546452358,0.0,1.9140888122715278e-07,6.071631330493683,-0.2111300102206457,0.01225315110160983,151795.56549022626,-0.09569882148629862,-0.09524876494133909,94.1277719438076,-16543160341.750072,-1040807009.330829,-203196948.92407668,-16545388106.755938,-1893906511.700798,16575869006.58679,16654670170.20438,-0.9777213265307514,-0.011980766751538882,0.20956495144702283,-0.012252844489815487,0.9999249310832831,0.0,0.20954921963313586,0.002567766760596104,0.977794728521793,4662.253944923566,-545.9184566052518,-0.11656245907742943,2.315429891060828e-10,194.97285054469586,0.0,-91.9,1.6271494553041397,0.0,3.033838089012231e-17,2.295463359904996,1.5707963267948966,17.373405164303232,461.0,0.001215901578500605,0.014497212890175581,0.0,0.002588618204123471,-1533.454126697243,-20.679172036258453,328.68602086931054,-0.007556321486215397,0.00872454295113604,-0.06433574362231263,-0.007567059032249589,0.008715231592545773,-0.06433574362231263,-8.578374248733858e-19,-9.825521991999448e-22,1.0062094073848059e-19,-8.578355645989517e-19,-2.038879943456954e-21,1.0062094073848059e-19,-1533.4616937562753,-20.670456804665907,328.6216851256882,-1057170.937957827,41.76239175072877,141710.81518970267,-0.0806052924190302,4701.127324301551
17.426909519454096,2001.0,12.0,14.0,14.0,21.0,45.0,1.0,3468925.609900836,46763.288970430134,-743281.1790154177,542.3530108714323,-292.72602220990336,4652.748817431639,3547971.0544619397,4693.389699416793,3468980.7281669397,42478.22768884435,-743281.1790154177,3547971.0544619393,545.0019613259547,-539.2852867532658,4652.748817431639,4715.498628614921,20255947.733045682,0.826608953961289,1.6336281545295004,0.0,1.9198803196437874e-07,6.071703310844535,-0.2110581775976212,0.012244549073715454,151771.05446193926,-0.09566628545129527,-0.0952163840278086,94.53971245884895,-16543160314.587519,-1040807005.6996982,-203200080.11777258,-16545385681.051943,-1893920984.1351316,16575868979.249836,16654669444.377031,-0.9777364795026551,-0.011972540654023544,0.2094947133462842,-0.012244243107212808,0.9999250364455985,0.0,0.20947900887794343,0.0025651041998877634,0.9778097795992624,4662.286443444667,-545.9179965197171,-0.11656155656925876,2.3208767862357188e-10,194.9456160688214,0.0,-91.9,1.6543839311785928,0.0,3.03379341474178e-17,2.2954560640429595,1.5707963267948966,17.374684213260437,461.0,0.0012187754003319287,0.014563757997497663,0.0,0.002594756703741322,-1533.4990167381573,-20.672526805106926,328.5803978980987,-0.0075716469171366076,0.0087452099888204,-0.06448840160532773,-0.007582443749959748,0.008735850363018171,-0.06448840160532773,-8.598629623851889e-19,-9.808846936128469e-22,1.0082434273182757e-19,-8.598610947186104e-19,-2.04303840584636e-21,1.0082434273182757e-19,-1533.5065991819072,-20.66379095474391,328.51590949649335,-1057170.9742845092,41.91592995569468,141652.66737941734,-0.08051226916172555,4701.170809312567
17.51950721974333,2001.0,12.0,14.0,14.0,21.0,45.0,1.0,3468975.816280934,46736.18302183367,-742850.3421204678,542.0449789734129,-292.7301716604372,4652.814786024641,3547929.553349942,4693.419770879243,3469031.179580491,42428.29060675694,-742850.3421204678,3547929.553349942,544.6884591269078,-539.2961871697753,4652.814786024641,4715.5287432112455,20255946.550223414,0.8266089438482176,1.6336281543328284,0.0,1.9371509552001982e-07,6.071825242472339,-0.21093649620025665,0.012229978060971836,151729.55334994243,-0.09561117074203239,-0.0951615320830233,95.23940244317055,-16543160268.42891,-1040806999.5291904,-203205379.26246232,-16545381573.744104,-1893945488.5548098,16575868932.79486,16654668215.26533,-0.9777621363155434,-0.01195860570757283,0.2093757305353121,-0.012229673185464798,0.9999252147504716,0.0,0.20936007231905884,0.0025605967574148097,0.9778352639697571,4662.3414696208065,-545.9172176128645,-0.11656002850186788,2.330111662514385e-10,194.89944168742807,0.0,-91.9,1.7,0.0,3.033717671983347e-17,2.295443694311787,1.5707963267948966,17.3768532163465,461.0,0.0012236479025032505,0.014676839087083964,0.0,0.002605164028474095,-1533.5750260364755,-20.661269172926858,328.4014628790199,-0.007597604938638617,0.008780249917708732,-0.06474722106281805,-0.007608502602831347,0.008770808261714466,-0.06474722106281805,-8.632969932283695e-19,-9.780194095549652e-22,1.0116885538714067e-19,-8.632951130440204e-19,-2.0500813205589453e-21,1.0116885538714067e-19,-1533.5826345390783,-20.652498364665142,328.3367156579571,-1057171.0360167678,42.0694681606606,141594.58617601663,-0.08041924848727076,4701.214243933956
17.559587011117856,2001.0,12.0,14.0,14.0,21.0,45.0,1.0,3468997.5386586483,46724.45042164436,-742663.8577025218,541.9116463673386,-292.73196699628886,4652.843328567665,3547911.5974083343,4693.432781788475,3469053.007860888,42406.67563358219,-742663.8577025218,3547911.597408334,544.552758723514,-539.3009026775651,4652.843328567665,4715.541772782725,20255946.03673436,0.8266089394579067,1.6336281542474478,0.0,1.9371509552001982e-07,6.071878019981122,-0.210883826996816,0.012223671246189125,151711.59740833333,-0.0955873145858225,-0.09513778966131875,95.54302737116814,-16543160248.390633,-1040806996.8504331,-203207671.03652695,-16545379796.589277,-1893956090.7802596,16575868912.627924,16654667683.408047,-0.9777732371897172,-0.011952573921108763,0.2093242284404776,-0.012223366842095624,0.9999252918608688,0.0,0.20930859021689574,0.0025586468331665834,0.9778462902664194,4662.36527771113,-545.9168806454469,-0.1165593673750039,2.334600647916669e-10,194.87699676041666,0.0,-91.9,1.7,0.0,3.0336810586662437e-17,2.295437714903336,1.5707963267948966,17.377901892777583,461.0,0.0012260151916868754,0.014725930382062645,0.0,0.0026101972515775087,-1533.6079136117792,-20.656396012752,328.3240061814624,-0.007610342270002429,0.008797232292049489,-0.06487236465271584,-0.007621285979088629,0.00878775315378232,-0.06487236465271584,-8.649574178544616e-19,-9.76919841581166e-22,1.0133787851369226e-19,-8.64955531924886e-19,-2.053501003683903e-21,1.0133787851369226e-19,-1533.6155348977582,-20.64760825959822,328.25913381680965,-1057171.0628160983,42.22300636562651,141536.57157950057,-0.08032623039264214,4701.257628163437
17.635412769323477,2001.0,12.0,14.0,14.0,21.0,45.0,1.0,3469038.6199564645,46702.25366955332,-742311.0502825505,541.6593905755242,-292.73536237543436,4652.897308899069,3547877.6391835795,4693.457388210095,3469094.289253216,42365.78239563335,-742311.0502825505,3547877.63918358,544.2960232943336,-539.309819499353,4652.897308899069,4715.566414498119,20255945.06258316,0.826608931128946,1.633628154085468,0.0,1.9542689693874154e-07,6.071977869629077,-0.2107841822419215,0.012211739689837452,151677.63918357948,-0.09554218113904284,-0.09509287138560307,96.11883461475372,-16543160210.375896,-1040806991.7684861,-203212003.6422115,-16545376435.499647,-1893976141.8450844,16575868874.369102,16654666677.441782,-0.9777942313849095,-0.01194116221138403,0.20922679014752255,-0.012211436176258533,0.9999254376334833,0.0,0.20921118970291044,0.002554959594249909,0.9778671434732658,4662.410304113945,-545.9162434323755,-0.11655811706925427,2.3430902041051285e-10,194.83454897947436,0.0,-91.9,1.7,0.0,3.033611811134267e-17,2.295426405923142,1.5707963267948966,17.379885635276235,461.0,0.001230492306737176,0.014819063427884476,0.0,0.0026197162197225438,-1533.6701125848833,-20.647175915340632,328.1774568638644,-0.007634409705277233,0.008829349996309448,-0.06510904012077579,-0.007645440775456914,0.008819799785388648,-0.06510904012077579,-8.680975778637535e-19,-9.748070167291716e-22,1.0165724527597712e-19,-8.680956810724239e-19,-2.0599623880476275e-21,1.0165724527597712e-19,-1533.6777580256587,-20.638356115555244,328.1123478237436,-1057171.1136576869,42.37654457059242,141478.62358986912,-0.08023321487481609,4701.300961998729
17.708013465406893,2001.0,12.0,14.0,14.0,21.0,45.0,1.0,3469077.936037416,46681.0007605162,-741973.2448237624,541.4178542749245,-292.73861191430325,4652.948970683461,3547845.140105177,4693.480937600307,3469133.796599839,42326.627817584325,-741973.2448237624,3547845.140105177,544.0501977979465,-539.3183517856835,4652.948970683461,4715.589997665307,20255944.126520965,0.8266089231256356,1.6336281539298234,0.0,1.9655981597711058e-07,6.072073474205044,-0.2106887738364889,0.012200315757331102,151645.14010517718,-0.09549896647614114,-0.09504986274217762,96.67185801267624,-16543160173.847885,-1040806986.8852941,-203216148.131096,-16545373218.65958,-1893995331.5425124,16575868837.606554,16654665714.552896,-0.9778143237945822,-0.011930235437595658,0.20913349245050936,-0.01220001309475104,0.9999255770708577,0.0,0.20911792812341942,0.002551431346447232,0.9778871010170104,4662.453396531915,-545.9156336715403,-0.11655692050666626,2.3512757223909926e-10,194.79392513147147,0.0,-91.89392513147148,1.7,0.0,3.0335455335353395e-17,2.295415581969823,1.5707963267948966,17.38178473756559,461.0,0.001234809076514026,0.014908553524389908,0.0,0.002628893364191004,-1533.729641494361,-20.638347100038256,328.0371267997028,-0.007657612271668035,0.008860230597834824,-0.06533722791111678,-0.007668727471998858,0.008850611894678204,-0.06533722791111678,-8.711249994244925e-19,-9.727675263429481e-22,1.0196512392921396e-19,-8.711230921959785e-19,-2.066190189468169e-21,1.0196512392921396e-19,-1533.737310221833,-20.629496488143577,327.97178957179165,-1057171.1625113934,42.53008277555834,141420.7422071223,-0.0801402019307691,4701.344245437551
17.75985393508487,2001.0,12.0,14.0,14.0,21.0,45.0,1.0,3469105.9989227094,46665.824993257884,-741732.0328078743,541.2453797317187,-292.74093139105446,4652.985846192645,3547821.943034505,4693.497746762187,3469161.9958676696,42298.66914307471,-741732.0328078743,3547821.943034505,543.8746605047663,-539.3244410966263,4652.985846192645,4715.606830936232,20255943.45608486,0.8266089173934159,1.6336281538183508,0.0,1.971238338250365e-07,6.072141741646352,-0.21062064646567394,0.012192158593781512,151621.943034505,-0.09546810856786647,-0.09501915194205776,97.06777465343475,-16543160147.685642,-1040806983.3878981,-203219105.20205906,-16545370922.450586,-1894009028.8149807,16575868811.276333,16654665027.175573,-0.9778286654657882,-0.011922432924267904,0.20906687108808505,-0.012191856537875655,0.9999256765550927,0.0,0.20905133251800978,0.0025489132991284766,0.9779013464626368,4662.484155324225,-545.9151984817012,-0.11655606644002885,2.357364953442432e-10,194.76492879313128,0.0,-91.86492879313128,1.7,0.0,3.033498222834773e-17,2.295407855546075,1.5707963267948966,17.383140630158728,461.0,0.0012380198699952158,0.014972650112821208,0.0,0.0026357159130433803,-1533.7721333456795,-20.632042369553417,327.93691593276316,-0.007674951156103259,0.008882848564890206,-0.06550691261162209,-0.007686127337733959,0.00887317983721064,-0.06550691261162209,-8.733761051282758e-19,-9.71381730834007e-22,1.0219517367035554e-19,-8.733741902623364e-19,-2.0708392290240527e-21,1.0219517367035554e-19,-1533.7798194730174,-20.623169189716208,327.87140902015153,-1057171.1975018978,42.68362098052425,141362.92743126015,-0.08004719155747766,4701.387478477627
17.876849752271763,2001.0,12.0,14.0,14.0,21.0,45.0,1.0,3469169.299597459,46631.57522262968,-741187.6480594244,540.8561141481305,-292.7461634716376,4653.0690269525785,3547769.6180435857,4693.535663231312,3469225.6037529185,42235.56963584544,-741187.6480594244,3547769.6180435857,543.4784826119025,-539.3381740364945,4653.0690269525785,4715.644801786981,20255941.936697736,0.8266089044026586,1.6336281535657455,0.0,1.9936394930272808e-07,6.072295813837187,-0.2104668903765567,0.012173749418297176,151569.61804358568,-0.09539846553594301,-0.09494984091052157,97.9644646346569,-16543160088.395718,-1040806975.4622619,-203225771.81452265,-16545365742.631586,-1894039925.746693,16575868751.60575,16654663476.399006,-0.977861016146257,-0.011904823081250753,0.20891651033083478,-0.012173448728559803,0.9999259008276828,0.0,0.20890102979033587,0.0025432344270620516,0.9779334802077216,4662.553538448969,-545.9142169673509,-0.11655413998019287,2.3711002635587577e-10,194.6995225544821,0.0,-91.79952255448211,1.7,0.0,3.0333914952257684e-17,2.295390425604792,1.5707963267948966,17.386200176614476,461.0,0.0012452626142579113,0.01511791709154044,0.0,0.002651105621737684,-1533.8679857164261,-20.61781198335247,327.7107303176935,-0.007714011575593866,0.008933861028570307,-0.06588967473819259,-0.007725325950940175,0.008924079023514626,-0.06588967473819259,-8.784537657959008e-19,-9.681773623036434e-22,1.0271340665831035e-19,-8.784518337104673e-19,-2.081311875179684e-21,1.0271340665831035e-19,-1533.8757110423771,-20.608887904328956,327.64484064295533,-1057171.2767997328,42.837159185490165,141305.17926228262,-0.0799541837519184,4701.430661116685
17.89382586170278,2001.0,12.0,14.0,14.0,21.0,45.0,1.0,3469178.480750221,46626.60552533757,-741108.6569489124,540.7996296383448,-292.74692234608136,4653.081091714212,3547762.028807435,4693.541162707364,3469234.829414781,42226.41375513443,-741108.6569489124,3547762.0288074347,543.4209951063834,-539.3401655732105,4653.081091714212,4715.6503091505065,20255941.715406474,0.8266089025106185,1.6336281535289756,0.0,1.9936394930272808e-07,6.072318170110694,-0.21044457996839777,0.012171078274822712,151562.02880743472,-0.09538836014155523,-0.09493978368947638,98.0949336886406,-16543160079.760431,-1040806974.3082771,-203226738.33164912,-16545364991.30743,-1894044407.0915055,16575868742.915043,16654663251.43769,-0.9778657083662823,-0.011902267799322679,0.20889469218374632,-0.012170777782971433,0.9999259333411438,0.0,0.20887922005184348,0.002542410878610596,0.9779381409769525,4662.563601959398,-545.9140746232005,-0.11655386056974643,2.372771376125614e-10,194.7,0.0,-91.8,1.7,0.0,3.0333915305267146e-17,2.2953904313698743,1.5707963267948966,17.386199164462177,461.0,0.0012461446212355337,0.015139064640015631,0.0,0.002652980312964414,-1533.881888717775,-20.615746968497586,327.67790783138395,-0.007718639125233096,0.008940203031818854,-0.06593636136732689,-0.007729972279175219,0.00893040585633737,-0.06593636136732689,-8.790762310633249e-19,-9.675804481721332e-22,1.0277518633064176e-19,-8.7907429672921e-19,-2.082561516226586e-21,1.0277518633064176e-19,-1533.889618690054,-20.60681656264125,327.6119714700166,-1057171.2883490734,42.990697390456084,141247.4977001897,-0.0798611785110679,4701.47379335245
17.92230674630574,2001.0,12.0,14.0,14.0,21.0,45.0,1.0,3469193.881852569,46618.26781589568,-740976.1327950773,540.7048642034914,-292.74819534146746,4653.101330094735,3547749.2980972314,4693.550387944972,3469250.305151974,42211.0528225437,-740976.1327950773,3547749.2980972314,543.324546931057,-539.3435061477677,4653.101330094735,4715.659547619081,20255941.343954414,0.8266088993347,1.6336281534672277,0.0,1.99920056238752e-07,6.072355677531299,-0.2104071494943425,0.01216659690435436,151549.29809723143,-0.09537140617984832,-0.09492291054839509,98.31399831175804,-16543160065.265697,-1040806972.3707955,-203228359.4002337,-16545363730.971827,-1894051924.43517,16575868728.327255,16654662874.062597,-0.9778735794585713,-0.011897980740968027,0.2088580873492064,-0.012166296744301024,0.9999259878728674,0.0,0.20884262931789285,0.002541029468137589,0.9779459593192413,4662.580483280598,-545.9138358540487,-0.11655339186956348,2.3756004228374587e-10,194.7,0.0,-91.8,1.7,0.0,3.033390342564297e-17,2.295390237360888,1.5707963267948966,17.386233225905265,461.0,0.0012476377196208824,0.015174577580118217,0.0,0.0026561538027918947,-1533.9052108814906,-20.612282380391374,327.6228397549924,-0.00772648185935334,0.008950926569159016,-0.06601538731854878,-0.007737846658500279,0.008941103816583784,-0.06601538731854878,-8.801295700725778e-19,-9.665846473174088e-22,1.0287985278451764e-19,-8.801276319474853e-19,-2.0846785202102343e-21,1.0287985278451764e-19,-1533.912948728149,-20.603341276574792,327.55682436767387,-1057171.3077354096,43.144235595421996,141189.88274498144,-0.07976817583190293,4701.516875182652
17.95394559258088,2001.0,12.0,14.0,14.0,21.0,45.0,1.0,3469210.9874652657,46609.00557837848,-740828.9136817884,540.5995894835106,-292.7496092349065,4653.123808513124,3547735.158421168,4693.560634231607,3469267.4936188376,42193.98855757004,-740828.9136817884,3547735.1584211676,543.2174028726466,-539.3472161931774,4653.123808513124,4715.66980860097,20255940.930803,0.8266088958022494,1.6336281533985473,0.0,1.99920056238752e-07,6.072397344091287,-0.2103655684114195,0.012161618664789148,151535.1584211681,-0.09535257221127334,-0.09490416636187204,98.55761009454727,-16543160049.14384,-1040806970.2158066,-203230159.5363288,-16545362331.121649,-1894060273.793883,16575868712.1019,16654662454.898584,-0.9778823217352983,-0.011893218257122508,0.20881742311663307,-0.012161318873035174,0.9999260484272167,0.0,0.20880198073976902,0.0025394952687668813,0.9779546430192604,4662.59923306725,-545.9135706719799,-0.11655287129952416,2.3787425730737494e-10,194.7,0.0,-91.8,1.7,0.0,3.033389023123906e-17,2.29539002187992,1.5707963267948966,17.38627105726744,461.0,0.0012492960865477009,0.015214077160685657,0.0,0.0026596785462143753,-1533.9311146652767,-20.60843348490577,327.56166328484204,-0.007735188474495753,0.008962837105291476,-0.06610316058244486,-0.007746588475773921,0.008952985909682217,-0.06610316058244486,-8.812995015411976e-19,-9.654721643242731e-22,1.0299604916273705e-19,-8.812975592070974e-19,-2.0870287195900832e-21,1.0299604916273705e-19,-1533.9388612537525,-20.599480498996087,327.4955601242596,-1057171.3292980623,43.297773800387915,141132.3343966578,-0.07967517571140022,4701.559906605024
18.050593208367477,2001.0,12.0,14.0,14.0,21.0,46.0,1.0,3469263.2195861437,46580.71181796632,-740379.1970424524,540.277994347208,-292.7539266334595,4653.1924476042,3547691.9828107837,4693.591921671069,3469319.9784691916,42141.86138759979,-740379.1970424524,3547691.9828107837,542.89009734094,-539.3585432428814,4653.1924476042,4715.701140912209,20255939.665338702,0.826608884982501,1.6336281531881796,0.0,2.021291846968317e-07,6.072524625553772,-0.21023854804813563,0.01214641173421982,151491.98281078367,-0.09529503884706389,-0.09484690725633149,99.30348286032677,-16543159999.76377,-1040806963.6151576,-203235654.02738896,-16545358056.486794,-1894085768.8614101,16575868662.40481,16654661174.825014,-0.9779090167011908,-0.011878669735643572,0.20869320127838747,-0.012146113065636708,0.9999262332479315,0.0,0.20867780665875038,0.0025348112187569736,0.9779811591948888,4662.656486548376,-545.9127610194636,-0.11655128175659013,2.3883371531591826e-10,194.7,0.0,-91.8,1.7,0.0,3.0333849941976854e-17,2.2953893639063354,1.5707963267948966,17.38638657681782,461.0,0.0012543600564695982,0.01533506342150632,0.0,0.0026704415662955347,-1534.010214998602,-20.596675209669016,327.374770765036,-0.0077617474053791715,0.008999207165291729,-0.06637118441147868,-0.007773255252499885,0.008989268889527738,-0.06637118441147868,-8.848719915606975e-19,-9.620330102523952e-22,1.0335050385274584e-19,-8.848700363846294e-19,-2.0941978828425994e-21,1.0335050385274584e-19,-1534.0179882538544,-20.587685940779487,327.3083995806245,-1057171.3953435067,43.45131200535383,141074.8526552188,-0.0795821781465366,4701.602887617296
18.08531235584374,2001.0,12.0,14.0,14.0,21.0,46.0,1.0,3469281.9755718703,46570.54762430728,-740217.6417398694,540.1624622649883,-292.75547698777854,4653.2170955462,3547676.4789192406,4693.603156768788,3469338.8251092955,42123.13524820098,-740217.6417398694,3547676.4789192406,542.772513850884,-539.3626100732114,4653.2170955462,4715.712392122786,20255939.20947478,0.8266088810848506,1.6336281531124002,0.0,2.0267770452403228e-07,6.0725703501874735,-0.21019291720715902,0.01214094894274399,151476.47891924065,-0.09527437052235456,-0.09482633745484646,99.57205107808113,-16543159981.975512,-1040806961.2374203,-203237626.21611974,-16545356521.444664,-1894094923.9492252,16575868644.502354,16654660715.107698,-0.9779186027036464,-0.01187344322361472,0.20864857495838188,-0.012140650676952056,0.9999262995846945,0.0,0.20863319747175454,0.0025331294628135608,0.9779906810230027,4662.677045966882,-545.9124703125634,-0.11655071097701647,2.3919242836993234e-10,194.69559864905082,0.0,-91.8,1.70440135094916,0.0,3.033376693653187e-17,2.2953880083245464,1.5707963267948966,17.38662457953345,461.0,0.0012562529605755816,0.015378645266232378,0.0,0.002674470003151549,-1534.0386201437138,-20.59245086446259,327.3076266893773,-0.007771751832298507,0.009012805783392478,-0.06647146288206164,-0.0077832992260088996,0.009002835541672265,-0.06647146288206164,-8.862070315477357e-19,-9.608480081691551e-22,1.0348382428331177e-19,-8.862050716373436e-19,-2.096901951698115e-21,1.0348382428331177e-19,-1534.04640344294,-20.58344802892092,327.2411552264952,-1057171.4191353563,43.60485021031974,141017.43752066442,-0.07948918313428899,4701.645818217208
18.114458224228567,2001.0,12.0,14.0,14.0,21.0,46.0,1.0,3469297.717662507,46562.0149927426,-740082.0193853505,540.0654742776521,-292.7567782255128,4653.23778297523,3547663.466344569,4693.612586549082,3469354.6432470563,42107.41500681526,-740082.0193853505,3547663.4663445693,542.6738037419799,-539.3660231645499,4653.23778297523,4715.721835426722,20255938.82622032,0.826608877808011,1.6336281530486887,0.0,2.0267770452403228e-07,6.072608735198087,-0.21015461093176258,0.012136363088846785,151463.46634456934,-0.09525701982579884,-0.0948090694661409,99.7978022992611,-16543159967.020622,-1040806959.238379,-203239281.15833488,-16545355233.038647,-1894102607.9431212,16575868629.451452,16654660329.23704,-0.977926648386917,-0.011869055621051275,0.2086111116249462,-0.012136065160906545,0.9999263552494305,0.0,0.20859574851166454,0.0025317180439694957,0.9779986728552367,4662.6943018257,-545.912226331638,-0.11655023191913635,2.395340084550542e-10,194.6793329307117,0.0,-91.8,1.720667069288298,0.0,3.0333501497968506e-17,2.295383673383834,1.5707963267948966,17.387385720719237,461.0,0.001258054335571416,0.015415286447865611,0.0,0.002678318137022068,-1534.0624613116506,-20.58890448050769,327.25125850419516,-0.007781507529404098,0.009025756450544915,-0.06656714405334299,-0.007793090142859898,0.00901575759212645,-0.06656714405334299,-8.874765501052866e-19,-9.60033548295765e-22,1.0361328438990184e-19,-8.874745858602253e-19,-2.0995483840350253e-21,1.0361328438990184e-19,-1534.0702544017936,-20.579888722915562,327.1846913601418,-1057171.439137673,43.75838841528566,140960.0889929947,-0.07939619067163424,4701.688698402499
18.198932518941447,2001.0,12.0,14.0,14.0,21.0,46.0,1.0,3469343.3274393827,46537.28441111157,-739688.9378734154,539.7843627329629,-292.7605483683532,4653.297721768398,3547625.7648321404,4693.639907827073,3469400.473149904,42061.852024730266,-739688.9378734154,3547625.7648321404,542.3877008449887,-539.3759107183474,4653.297721768398,4715.749195886708,20255937.712345306,0.8266088682843306,1.6336281528635173,0.0,2.048570973406366e-07,6.07271998914699,-0.21004358517591556,0.012123071907012223,151425.7648321404,-0.09520673105083499,-0.09475902040584099,100.45368760824203,-16543159923.556698,-1040806953.4284155,-203244074.31372374,-16545351499.964285,-1894124871.0648704,16575868585.708485,16654659211.112684,-0.9779499595313326,-0.011856338524117261,0.20850252729755292,-0.012122774956826194,0.9999265164637581,0.0,0.20848720579453173,0.0025276292163577446,0.9780218280337782,4662.744298125305,-545.9115195057583,-0.11654884395487214,2.4052367315631445e-10,194.6322060401755,0.0,-91.8,1.7677939598244983,0.0,3.033273238991151e-17,2.2953711128960665,1.5707963267948966,17.38959151695832,461.0,0.0012632736033748758,0.015521780215713729,0.0,0.002689467854409749,-1534.1315389202675,-20.57862512081869,327.0878726838453,-0.0078097494992521175,0.009063279868261106,-0.06684437464064037,-0.007821434477627015,0.009053197883824433,-0.06684437464064037,-8.911548059520413e-19,-9.57636153607953e-22,1.0398805452870291e-19,-8.911528291517116e-19,-2.1072098432952103e-21,1.0398805452870291e-19,-1534.1393603547451,-20.569571922934866,327.02102830920467,-1057171.4972715806,43.91192662025157,140902.8070722096,-0.07930320075554943,4701.731528170907
18.416188937402822,2001.0,12.0,14.0,14.0,21.0,46.0,1.0,3469460.5205155206,46473.67925038413,-738677.9623430293,539.061323869318,-292.77023597964285,4653.451738442026,3547528.8918245817,4693.710110773399,3469518.2304234426,41944.666386514014,-738677.9623430293,3547528.891824581,541.6518243642752,-539.4013080240309,4653.451738442026,4715.819499508468,20255934.826263506,0.8266088436081463,1.6336281523837568,0.0,2.080833918417836e-07,6.073006130033558,-0.20975803112217448,0.012088889666807778,151328.8918245812,-0.09507738995775017,-0.09463029582744562,102.15136671066284,-16543159810.94265,-1040806938.3751736,-203256378.38166142,-16545341906.841059,-1894182076.7742321,16575868472.371454,16654656337.180798,-0.9780098587552261,-0.011823629254486732,0.20822324070294157,-0.012088595221378012,0.9999269302631936,0.0,0.20820802588554643,0.002517126472541423,0.978081326900358,4662.8727667585945,-545.9097037680812,-0.11654527773281557,2.430665896047432e-10,194.5111147807265,0.0,-91.8,1.8,0.0,3.033075585184949e-17,2.295338833579885,1.5707963267948966,17.395262876057174,461.0,0.001276685181921702,0.015797691604366806,0.0,0.002718019144813282,-1534.3090473829589,-20.552182714689888,326.6675824738639,-0.007881742389078607,0.009159537364306317,-0.06755428028610078,-0.007893692374101844,0.009149240871185347,-0.06755428028610078,-9.005731550691591e-19,-9.510013165055572e-22,1.0494338550656494e-19,-9.005711463493245e-19,-2.1265929998936664e-21,1.0494338550656494e-19,-1534.316941075333,-20.543033473818703,326.60002819357777,-1057171.6478982233,44.06546482521748,140845.59175830914,-0.07921021338301153,4701.77430752018
18.461161161282558,2001.0,12.0,14.0,14.0,21.0,46.0,1.0,3469484.7599363653,46460.512676725644,-738468.6855532448,538.9116438888416,-292.77223975918395,4653.48359520935,3547508.8552689506,4693.724631374866,3469542.5862850994,41920.40819203434,-738468.6855532448,3547508.8552689506,541.4994868920784,-539.4065595007213,4653.48359520935,4715.8340409326665,20255934.225069072,0.8266088384678846,1.633628152283817,0.0,2.0861625671386756e-07,6.073065363335785,-0.2096989192856899,0.012081814077545655,151308.85526895104,-0.09505061533193122,-0.09460364882077987,102.50471484661102,-16543159787.484657,-1040806935.2394569,-203258921.14718437,-16545339922.47088,-1894193909.035573,16575868448.762857,16654655742.589281,-0.9780222482410293,-0.01181685794237607,0.20816542415572312,-0.012081520148824791,0.999927015772098,0.0,0.2081502313629652,0.0025149547662260277,0.9780936336496971,4662.899339149332,-545.9093282909158,-0.11654454014016385,2.435600437244753e-10,194.5,0.0,-91.78761696550117,1.8,0.0,3.0330564010185754e-17,2.2953357005677564,1.5707963267948966,17.39581353914741,461.0,0.0012792887054021665,0.015855167235502076,0.0,0.002723551829345976,-1534.3457648022693,-20.546708168098025,326.5805670057192,-0.007895525643164312,0.009178041179332968,-0.06769197837322512,-0.00790752899526623,0.009167701470947927,-0.06769197837322512,-9.024041084100481e-19,-9.494425584133313e-22,1.0512679532446036e-19,-9.024020933787396e-19,-2.1303009585754056e-21,1.0512679532446036e-19,-1534.3536723312645,-20.537540466627078,326.512875027346,-1057171.6792749912,44.2190030301834,140788.4430512933,-0.07911722855099765,4701.81703644806
18.503999824148558,2001.0,12.0,14.0,14.0,21.0,46.0,1.0,3469507.843136596,46447.97066457434,-738269.3358885002,538.7690616568012,-292.7741479776541,4653.513932729614,3547489.7744572093,4693.738459440538,3469565.780290842,41897.30062916929,-738269.3358885002,3547489.774457209,541.3543732136592,-539.411559993694,4653.513932729614,4715.847888827737,20255933.65131414,0.8266088335622291,1.6336281521884417,0.0,2.0914776396182516e-07,6.073121787127472,-0.20964261119451727,0.012075074216769479,151289.7744572088,-0.09502511064375425,-0.09457826569734416,102.84182891249657,-16543159765.097458,-1040806932.2469206,-203261341.9455239,-16545338032.69811,-1894205176.9688697,16575868426.231932,16654655176.31127,-0.9780340468554868,-0.011810407722903126,0.20811034924024852,-0.012074780779677795,0.9999270971771506,0.0,0.20809517740832473,0.002512886845058186,0.9781053534968008,4662.924644296275,-545.9089707489677,-0.11654383773723666,2.4400526266512764e-10,194.5,0.0,-91.76641606356534,1.8,0.0,3.0330546214636985e-17,2.2953354099443906,1.5707963267948966,17.39586462139468,461.0,0.0012816384768211191,0.015910020680892513,0.0,0.0027285430223780945,-1534.3807316840246,-20.54149304044153,326.49767488531876,-0.007907847550226351,0.009194602621900761,-0.06781630759053611,-0.0079199004515699,0.00918422272647545,-0.06781630759053611,-9.040606962885115e-19,-9.478505660227932e-22,1.0529118005383673e-19,-9.040586754475151e-19,-2.133621908412787e-21,1.0529118005383673e-19,-1534.388651584476,-20.532308817715055,326.4298585777282,-1057171.70921967,44.37254123514931,140731.36095116212,-0.079024246256485,4701.8597149522975
18.618263212138093,2001.0,12.0,14.0,14.0,21.0,46.0,1.0,3469569.382986749,46414.51700779438,-737737.6049985795,538.3887367653195,-292.77923538305345,4653.594814140133,3547438.904981615,4693.775325549699,3469627.6151616867,41835.66487514234,-737737.6049985795,3547438.904981615,540.9672960592616,-539.4248889856035,4653.594814140133,4715.884807801685,20255932.115843438,0.826608820433802,1.6336281519332192,0.0,2.1126042125758308e-07,6.073272289035362,-0.20949241788104458,0.012057097253232464,151238.90498161456,-0.09495708067576492,-0.09451055997878954,103.74348172545433,-16543159705.185974,-1040806924.2387118,-203267792.5677968,-16545332994.29114,-1894235217.6363242,16575868365.93583,16654653666.384304,-0.9780655024923307,-0.011793202362525016,0.20796344200955388,-0.012056805124762026,0.9999273140834706,0.0,0.2079483259961668,0.0025073746933839394,0.978136599247538,4662.992109097581,-545.9080176606047,-0.11654196516109501,2.451922170956602e-10,194.5,0.0,-91.70989442401618,1.8,0.0,3.0330498771609354e-17,2.2953346351409505,1.5707963267948966,17.39600080845752,461.0,0.001287903173127579,0.016056823134633077,0.0,0.002741849777954942,-1534.4739576617035,-20.527581305953294,326.27655409027466,-0.00794065711100917,0.009238751571130953,-0.06814778007006413,-0.007952842632552415,0.009228264192661149,-0.06814778007006413,-9.084772880911745e-19,-9.435424175576434e-22,1.0572889500539958e-19,-9.08475251779237e-19,-2.142464571566682e-21,1.0572889500539958e-19,-1534.481910504336,-20.518353041760633,326.20840631020457,-1057171.7893569916,44.526079440115225,140674.34545791554,-0.07893126649645067,4701.902343030645
18.656233099674417,2001.0,12.0,14.0,14.0,21.0,46.0,1.0,3469589.823146749,46403.40018112186,-737560.9080175881,538.2623491452995,-292.7809251693233,4653.621678996478,3547422.0089337532,4693.787570595459,3469648.1531866933,41815.18288878376,-737560.9080175881,3547422.008933753,540.8386646054727,-539.4293153940613,4653.621678996478,4715.897070406089,20255931.603839252,0.8266088160561116,1.6336281518481401,0.0,2.11785292678355e-07,6.073322301988833,-0.20944250747047252,0.012051123559501309,151222.00893375278,-0.09493447376297001,-0.09448806081464595,104.0439021885395,-16543159685.208555,-1040806921.568794,-203269934.07090303,-16545331320.717121,-1894245195.6055703,16575868345.830185,16654653164.790762,-0.9780759504927253,-0.011787484765972947,0.2079146225512866,-0.012050831865019186,0.9999273860892905,0.0,0.20789952505744946,0.002505544158644481,0.9781469775700153,4663.014517598701,-545.9077011351812,-0.11654134320413786,2.4560976548898904e-10,194.490011167191,0.0,-91.7,1.8,0.0,3.033032739859264e-17,2.295331836407196,1.5707963267948966,17.396492759807156,461.0,0.0012901063424379494,0.01610576488935201,0.0,0.0027465316487696005,-1534.5049235702795,-20.52295795119462,326.20306793483616,-0.007952290967593856,0.009254414654001742,-0.06826430012219462,-0.007964522028663101,0.009243890472978205,-0.06826430012219462,-9.10026392797426e-19,-9.421780852546314e-22,1.0588368069543987e-19,-9.100243511656813e-19,-2.145593838521064e-21,1.0588368069543987e-19,-1534.5128880923082,-20.513714060721643,326.134803634714,-1057171.816078864,44.679617645081144,140617.3965715536,-0.07883828926787195,4701.944920680858
18.69643493921775,2001.0,12.0,14.0,14.0,21.0,46.0,1.0,3469611.4595934525,46391.6298133907,-737373.8232939088,538.1285294054123,-292.782713868418,4653.650116420272,3547404.124023372,4693.800532378703,3469669.8931582635,41793.49674382174,-737373.8232939088,3547404.124023372,540.7024691088102,-539.434000455111,4653.650116420272,4715.910050775542,20255931.06082536,0.8266088114132806,1.6336281517578934,0.0,2.11785292678355e-07,6.073375255329503,-0.20938966269746387,0.012044798760972518,151204.12402337184,-0.0949105377189724,-0.09446423885305,104.362489849329,-16543159664.021378,-1040806918.7369342,-203272200.34281707,-16545329549.147085,-1894255757.6070952,16575868324.507002,16654652633.799948,-0.978087010064998,-0.011781430951379925,0.20786293230600378,-0.012044507525517759,0.999927462288374,0.0,0.20784785440456244,0.002503606652435851,0.9781579634052722,4663.038237801787,-545.9073661053918,-0.11654068485180114,2.460792443864893e-10,194.4676550292148,0.0,-91.7,1.8,0.0,3.0329962422369467e-17,2.2953258758931367,1.5707963267948966,17.397540573664983,461.0,0.001292582775340991,0.016157679523968828,0.0,0.0027517966638771923,-1534.5377025345517,-20.518062572636172,326.12525808268424,-0.007965481948427605,0.00927217460054101,-0.06839521388199067,-0.007977762875599604,0.009261610226863825,-0.06839521388199067,-9.11763019660973e-19,-9.408246104967525e-22,1.0605871335985921e-19,-9.11760972180133e-19,-2.1491350311013362e-21,1.0605871335985921e-19,-1534.5456802974272,-20.508800962409307,326.0568628688022,-1057171.8444191571,44.833155850047056,140560.51429207632,-0.07874531456772615,4701.98744790069
18.840267344899914,2001.0,12.0,14.0,14.0,21.0,46.0,1.0,3469688.825481736,46349.51771123642,-736704.4702879844,537.6497315061395,-292.78910989001145,4653.751802944022,3547340.1725810273,4693.846880764598,3469747.628651196,41715.90744902655,-736704.4702879844,3547340.1725810273,540.2151711140145,-539.4507494807852,4653.751802944022,4715.95646561987,20255929.109602235,0.8266087947300735,1.6336281514335949,0.0,2.1439037576225677e-07,6.073564713866944,-0.2092005925684531,0.012022170522118533,151140.17258102773,-0.09482489828448012,-0.09437900757809688,105.50664100050926,-16543159587.890062,-1040806908.5610021,-203280299.1403448,-16545323214.07333,-1894293524.8658175,16575868247.886963,16654650734.750368,-0.978126556756643,-0.011759770819688334,0.2076779881394802,-0.01202188092498275,0.9999277345783671,0.0,0.20766298020210344,0.002496680044152811,0.9781972465931081,4663.123056430448,-545.9061683059257,-0.1165383308136227,2.477579697480219e-10,194.38771572628468,0.0,-91.7,1.8122842737153286,0.0,3.0328657234352026e-17,2.2953045605552234,1.5707963267948966,17.40128872183966,461.0,0.0013014381336469941,0.01634423179615045,0.0,0.0027706375560840766,-1534.6549171496379,-20.500545968466596,325.84683949477875,-0.008012640257532408,0.009335704807712392,-0.0688636924166725,-0.008025100406945868,0.009324996064975605,-0.0688636924166725,-9.179773020106531e-19,-9.359106611352271e-22,1.066844405536712e-19,-9.17975233592608e-19,-2.1618154685544113e-21,1.066844405536712e-19,-1534.6629422500448,-20.49122097240162,325.77797580236205,-1057171.946254924,44.986694055012975,140503.69861948365,-0.07865234239299054,4702.029924687906
19.019285295713537,2001.0,12.0,14.0,14.0,21.0,47.0,1.0,3469785.021089974,46297.1024928505,-735871.353858327,537.0537547865531,-292.79706289974035,4653.878243355658,3547260.656296471,4693.9045111242085,3469844.2825721838,41619.334217506,-735871.353858327,3547260.6562964707,539.6086144610288,-539.4715674480851,4653.878243355658,4716.014178611488,20255926.662207842,0.8266087738044874,1.6336281510268675,0.0,2.1747528790423948e-07,6.073800528931942,-0.2089652608855602,0.011994007533443018,151060.65629647113,-0.09471830441965716,-0.09427292172136117,106.94011026620865,-16543159492.40146,-1040806895.7981813,-203290358.6882973,-16545315336.17176,-1894340485.1918914,16575868151.785402,16654648372.665606,-0.9781757301688921,-0.011732809694610604,0.2074477815866556,-0.01199371996675361,0.9999280727539152,0.0,0.20743286043901968,0.002488070600074613,0.9782460927163344,4663.228522608874,-545.904679357391,-0.11653540393705208,2.498284016418165e-10,194.3,0.0,-91.68961810719016,1.9,0.0,3.0327216126301063e-17,2.295281025474709,1.5707963267948966,17.405429141137617,461.0,0.0013123609752183512,0.016578198254082868,0.0,0.002793959449901588,-1534.800673590749,-20.478739650851804,325.5002378283108,-0.008070937744667052,0.009414060832392874,-0.06944371384978579,-0.00808362180155492,0.009403171592803721,-0.06944371384978579,-9.25674330201303e-19,-9.296926507596216e-22,1.0745836151365959e-19,-9.256722356657904e-19,-2.177622454144213e-21,1.0745836151365959e-19,-1534.8087572125505,-20.469336479259,325.430794114461,-1057172.0739862677,45.14023225997889,140446.94955377563,-0.07855937274064259,4702.072351040264
19.063271995930375,2001.0,12.0,14.0,14.0,21.0,47.0,1.0,3469808.641091642,46284.22327326918,-735666.6444283335,536.9073080182575,-292.79901574209566,4653.909290536981,3547241.131758973,4693.9186620103865,3469868.014896523,41595.60453099177,-735666.6444283335,3547241.1317589735,539.4595680058522,-539.4766778418187,4653.909290536981,4716.028349787004,20255926.057818677,0.826608768636861,1.6336281509264263,0.0,2.1798519549262258e-07,6.0738584729284755,-0.20890743565390807,0.011987087704422594,151041.13175897347,-0.0946921123490223,-0.09424685447412798,107.29384908080101,-16543159468.820728,-1040806892.6464181,-203292826.96295118,-16545313401.663664,-1894352016.077194,16575868128.0533,16654647792.540722,-0.978187804553314,-0.011726184656176933,0.2073912139329355,-0.01198680063517033,0.9999281557244664,0.0,0.20737631406141843,0.002485957134900057,0.9782580867968449,4663.254419588594,-545.9043138231532,-0.11653468528470685,2.5030566811398145e-10,194.3,0.0,-91.6679241766372,1.9,0.0,3.0327197926809215e-17,2.2952807282544523,1.5707963267948966,17.405481442802106,461.0,0.0013148799198266152,0.01663597943578199,0.0,0.0027993102363156287,-1534.8364651173952,-20.47338080785318,325.41506141500713,-0.008084132037899169,0.009431818742472993,-0.06957699775620355,-0.00809686939603687,0.009420886454075015,-0.06957699775620355,-9.274500933423657e-19,-9.279632597601243e-22,1.076343744827384e-19,-9.274479927284632e-19,-2.181178699396166e-21,1.076343744827384e-19,-1534.8445619867912,-20.463959921399105,325.34548441725093,-1057172.1055297926,45.2937704649448,140390.26709495223,-0.07846640560765963,4702.114726955535
19.129586448289903,2001.0,12.0,14.0,14.0,21.0,47.0,1.0,3469844.2384850117,46264.80636929454,-735358.021430801,536.6865180703775,-292.8019588820465,4653.95608195333,3547211.706585701,4693.939988810473,3469903.7814116618,41559.82917517568,-735358.021430801,3547211.706585701,539.2348587046038,-539.4843786948554,4653.95608195333,4716.049707164709,20255925.14444203,0.826608760827333,1.6336281507746457,0.0,2.1950781140709318e-07,6.073945830636585,-0.2088202569906886,0.011976655451085727,151011.70658570156,-0.09465262454557485,-0.09420755485485027,107.82820701599121,-16543159433.184858,-1040806887.8835313,-203296545.5551236,-16545310486.077196,-1894369394.2588632,16575868092.188686,16654646918.143757,-0.9782060019055219,-0.01171619644184651,0.20730592991265395,-0.011976369130679064,0.9999282807193952,0.0,0.2072910620804955,0.0024827723396126265,0.9782761631681771,4663.293449085132,-545.9037629792938,-0.11653360222585323,2.510249501272953e-10,194.3,0.0,-91.63522953966839,1.9,0.0,3.032717049857048e-17,2.29528028031732,1.5707963267948966,17.405560266637277,461.0,0.0013186762736562155,0.01672330093328451,0.0,0.002807374432186252,-1534.8904077617465,-20.465301215996206,325.2866399148795,-0.008103999694361241,0.00945857980728988,-0.06977787266336667,-0.00811681760391733,0.009447582495105121,-0.06977787266336667,-9.301263759237638e-19,-9.253297564215987e-22,1.0789941386113728e-19,-9.301242661575214e-19,-2.1865335957027455e-21,1.0789941386113728e-19,-1534.8985245793504,-20.4558536335011,325.2168620422161,-1057172.153199615,45.44730866991072,140333.65124301348,-0.07837344099101917,4702.157052431486
19.195420383945912,2001.0,12.0,14.0,14.0,21.0,47.0,1.0,3469879.563455402,46245.52996783156,-735051.6316570444,536.4673202970374,-292.80487954241545,4654.002516015051,3547182.5066000116,4693.961152619923,3469939.2740212646,41524.31254377012,-735051.6316570444,3547182.506600011,539.0117699071343,-539.4920194788995,4654.002516015051,4716.070901317565,20255924.235073425,0.8266087530520673,1.633628150623546,0.0,2.205170480452295e-07,6.074032556778399,-0.20873370859016865,0.011966298905665095,150982.50660001114,-0.09461342218674161,-0.09416853931674578,108.35994067788124,-16543159397.705666,-1040806883.141807,-203300234.12941757,-16545307592.666996,-1894386639.609273,16575868056.481768,16654646050.321554,-0.9782240602407616,-0.011706280256656808,0.2072212608991451,-0.011966013327380322,0.999928404699581,0.0,0.20720642483071783,0.002479612369635725,0.9782941015008567,4663.332180486986,-545.9032164080148,-0.1165325274705412,2.517310684996935e-10,194.30313325001396,0.0,-91.6,1.9,0.0,3.03271921133721e-17,2.2952806333138187,1.5707963267948966,17.405498149515157,461.0,0.0013224034764277393,0.016810238591172835,0.0,0.002815290924205819,-1534.9439396166697,-20.45727947047131,325.1591378560037,-0.008123449261274866,0.009484806219686667,-0.06997510535900027,-0.008136346923633405,0.009473744542882466,-0.06997510535900027,-9.327552260505922e-19,-9.226566939505084e-22,1.0815901588475531e-19,-9.327531072744876e-19,-2.1917777840377255e-21,1.0815901588475531e-19,-1534.9520759635934,-20.447805725928426,325.08916275064473,-1057172.2006602567,45.60084687487663,140277.10199795934,-0.07828047888769875,4702.199327465889
19.222844104135525,2001.0,12.0,14.0,14.0,21.0,47.0,1.0,3469894.2741330354,46237.500152067914,-734924.0013291455,536.3760092297182,-292.8060958307254,4654.021853161818,3547170.3466018066,4693.969966109775,3469954.054454948,41509.51762195741,-734924.0013291455,3547170.3466018066,538.9188379778694,-539.4952010616341,4654.021853161818,4716.079727443517,20255923.855490983,0.8266087498065667,1.633628150560478,0.0,2.2101993820356363e-07,6.074068683756034,-0.20869765565040843,0.011961984827110597,150970.34660180612,-0.09459709188889481,-0.09415228684080423,108.5818150639534,-16543159382.896275,-1040806881.1626076,-203301769.7352926,-16545306387.699131,-1894393821.284652,16575868041.577326,16654645688.892233,-0.9782315804988525,-0.01170214947859033,0.20718599038616897,-0.011961699557582237,0.9999284563125974,0.0,0.20717116753643858,0.002478296569539475,0.9783015718006909,4663.348309908153,-545.9029888114268,-0.11653207990546129,2.5206546845033164e-10,194.28793325225766,0.0,-91.6,1.9,0.0,3.032694387649907e-17,2.295276579298029,1.5707963267948966,17.40621156611723,461.0,0.0013241674149657237,0.01684652762881011,0.0,0.0028190412557474445,-1534.9662329377143,-20.453937734633,325.1060224587291,-0.008132835710530313,0.009497454744700403,-0.07006835829303262,-0.008145769014150303,0.009486364450632185,-0.07006835829303262,-9.339922952359744e-19,-9.21678183458393e-22,1.0828357449860762e-19,-9.339901723825287e-19,-2.1942979952014467e-21,1.0828357449860762e-19,-1534.9743787067284,-20.44445137018237,325.0359541004361,-1057172.2204709556,45.75438507984254,140220.61935978985,-0.07818751929467584,4702.241552056521
19.263860021102392,2001.0,12.0,14.0,14.0,21.0,47.0,1.0,3469916.271286119,46225.490404253374,-734733.1117622316,536.2394385884168,-292.80791458350075,4654.050768596969,3547152.163527678,4693.983145157042,3469976.1558547677,41487.38963402219,-734733.1117622316,3547152.163527678,538.7798430935445,-539.4999581753747,4654.050768596969,4716.092925385713,20255923.286827125,0.8266087449443812,1.6336281504659929,0.0,2.2101993820356363e-07,6.074122717043696,-0.2086437330943179,0.011955532570978164,150952.16352767823,-0.09457266747834482,-0.09412797882358305,108.91414201259613,-16543159360.709988,-1040806878.1974964,-203304065.45248395,-16545304585.839924,-1894404560.230574,16575868019.248636,16654645148.398315,-0.9782428257613403,-0.011695971224635192,0.20713323756360433,-0.011955247762819051,0.9999285334717325,0.0,0.20711843447022685,0.0024763291749877476,0.9783127423765978,4663.372428725328,-545.9026485001596,-0.11653141065780288,2.5256550298884835e-10,194.2652044095978,0.0,-91.6,1.9,0.0,3.032657266897963e-17,2.295270517019179,1.5707963267948966,17.407278505474604,461.0,0.0013268051014790872,0.01690089373265443,0.0,0.002824649249140572,-1534.999569213728,-20.44893948721203,325.02657755026013,-0.008146864004712455,0.009516368557700145,-0.07020780263133138,-0.008159850701170606,0.009505235408545596,-0.07020780263133138,-9.358420976122407e-19,-9.202034063435507e-22,1.084697287046332e-19,-9.35839968664634e-19,-2.198064458652096e-21,1.084697287046332e-19,-1535.007729064429,-20.439434251803483,324.9563697476288,-1057172.2501499597,45.90792328480846,140164.20332850498,-0.07809456220892808,4702.283726201162
19.44922941220732,2001.0,12.0,14.0,14.0,21.0,47.0,1.0,3470015.61645479,46171.212017917685,-733870.3810983892,535.6221773910307,-292.8161287780458,4654.181362142479,3547070.043784421,4694.042666391102,3470075.9709211756,41387.38086395581,-733870.3810983892,3547070.0437844205,538.151625311216,-539.5214371189244,4654.181362142479,4716.152531953392,20255920.702737205,0.8266087228498759,1.6336281500366252,0.0,2.2450863083182865e-07,6.074366924683314,-0.20840002586812043,0.011926372477457791,150870.04378442047,-0.09446227927104697,-0.0940181166508368,110.42322185635567,-16543159259.893932,-1040806864.7234758,-203314426.0243002,-16545296447.435661,-1894453061.0225515,16575867917.785477,16654642706.75821,-0.9782936136267838,-0.011668047248313995,0.20689480953001205,-0.01192608974819062,0.9999288816627501,0.0,0.20688009551517264,0.0024674460668897276,0.9783631931903101,4663.4813587505505,-545.901111833002,-0.11652838822413451,2.5482379592843657e-10,194.1625547305256,0.0,-91.6,1.9,0.0,3.032489598128883e-17,2.29524313463118,1.5707963267948966,17.41209939764013,461.0,0.0013387181541131181,0.0171479471800742,0.0,0.002849977260759205,-1535.1501347250032,-20.42634679037517,324.6674767316742,-0.00821010845050847,0.00960179203296317,-0.07083759342295293,-0.008223337744829444,0.009590464396881361,-0.07083759342295293,-9.4419615564644e-19,-9.133697100301661e-22,1.0930894848690006e-19,-9.441939992190535e-19,-2.215044124545503e-21,1.0930894848690006e-19,-1535.158358062748,-20.416756325978287,324.59663913825125,-1057172.3850156218,46.06146148977437,140107.85390410476,-0.07800160762743305,4702.325849897594
19.57939718102913,2001.0,12.0,14.0,14.0,21.0,47.0,1.0,3470085.3089857507,46133.096420726506,-733264.5507323019,535.1886957947754,-292.8218913961788,4654.272979444344,3547012.4352170997,4694.084422693427,3470145.992203968,41317.15158181697,-733264.5507323019,3547012.4352170997,537.7104495874607,-539.5364996341195,4654.272979444344,4716.194348117846,20255918.87424029,0.8266087072158098,1.633628149732824,0.0,2.2647804250673496e-07,6.074538415849466,-0.20822888606560508,0.011905896586377107,150812.4352171002,-0.09438476061872994,-0.09394096738459273,111.48988601565361,-16543159188.558119,-1040806855.1896842,-203321686.81303456,-16545290737.482826,-1894487086.0058298,16575867845.991798,16654640993.284916,-0.9783292434359828,-0.011648437195086434,0.20672736961730487,-0.011905615310822616,0.9999291256504487,0.0,0.2067127179494488,0.002461216536881871,0.9783985867994242,4663.557778015985,-545.9000340970465,-0.11652626799967893,2.5638491691532856e-10,194.09159468566688,0.0,-91.6,1.9084053143331172,0.0,3.032373592760327e-17,2.295224189516779,1.5707963267948966,17.41543645969003,461.0,0.0013469544896712758,0.017322749060095743,0.0,0.002867497637187594,-1535.2557688410857,-20.410478736940252,324.41526111283747,-0.008253664768147456,0.009660868427953846,-0.07127325860838428,-0.00826706449573386,0.009649404412219993,-0.07127325860838428,-9.499747189464434e-19,-9.083461455705258e-22,1.0988690020240387e-19,-9.499725434484198e-19,-2.2267519472564585e-21,1.0988690020240387e-19,-1535.2640359055815,-20.400829332528033,324.3439878542291,-1057172.4804463163,46.21499969474029,140051.57108658916,-0.07790865554716844,4702.367923143602
19.609534113426726,2001.0,12.0,14.0,14.0,21.0,47.0,1.0,3470101.436418945,46124.27164708594,-733124.2849026782,535.0883302482134,-292.82322493819225,4654.294180857565,3546999.104114048,4694.094085571317,3470162.195608243,41300.89155428625,-733124.2849026782,3546999.1041140486,537.6083026285179,-539.5399845931574,4654.294180857565,4716.204024848214,20255918.449381825,0.8266087035831682,1.6336281496622298,0.0,2.2745635393967898e-07,6.074578120922771,-0.20818926233756282,0.011901155994842389,150799.1041140491,-0.09436681282863955,-0.09392310511624613,111.73761737346649,-16543159171.983164,-1040806852.974403,-203323366.15591672,-16545289416.073631,-1894494959.759773,16575867829.310452,16654640596.70512,-0.9783374886064434,-0.011643896810231133,0.20668860165550965,-0.011900875055140477,0.9999291820788719,0.0,0.20667396439841954,0.0024597752236239214,0.9784067773404322,4663.575462398661,-545.8997847312712,-0.11652577737032653,2.567107883232433e-10,194.07678234894348,0.0,-91.6,1.9232176510565147,0.0,3.032349253833926e-17,2.2952202146684524,1.5707963267948966,17.416136772377914,461.0,0.0013486746244161644,0.01736336746917782,0.0,0.002871171754665121,-1535.2802145773098,-20.40680451826737,324.35686104863845,-0.008262656997501956,0.009673233473804846,-0.07136463847294942,-0.008276094516255597,0.009661739287266586,-0.07136463847294942,-9.511866761540008e-19,-9.070723058260839e-22,1.1000623125749227e-19,-9.511844964969114e-19,-2.229192001818125e-21,1.1000623125749227e-19,-1535.2884906718261,-20.397142778980104,324.2854964101655,-1057172.5026200172,46.368537899706205,139995.3548759582,-0.07781570596511196,4702.409945936976
19.659636278188675,2001.0,12.0,14.0,14.0,21.0,47.0,1.0,3470128.241322633,46109.600514096484,-732891.0938059705,534.9214706056921,-292.82544139690697,4654.329419402625,3546976.9469034597,4694.11014604057,3470189.126693811,41273.85928798348,-732891.0938059705,3546976.9469034597,537.4384813841875,-539.5457763081884,4654.329419402625,4716.220108341141,20255917.741846733,0.8266086975335697,1.6336281495446665,0.0,2.2843047554427274e-07,6.074644130626837,-0.20812338786578075,0.01189327489094464,150776.94690345973,-0.09433697460089628,-0.09389340906708302,112.15006637573242,-16543159144.380327,-1040806849.285214,-203326156.62055382,-16545287219.737183,-1894508046.5548449,16575867801.530436,16654639937.507677,-0.9783511927596018,-0.011636348334323374,0.20662414917745392,-0.011892994508996611,0.999929275839851,0.0,0.20660953585803685,0.002457379871593556,0.9784203907200081,4663.604855332077,-545.8993702943227,-0.11652496191746833,2.5725240902653973e-10,194.05216322606637,0.0,-91.6,1.947836773933623,0.0,3.0323087992803507e-17,2.2952136079384786,1.5707963267948966,17.417300914994655,461.0,0.0013515336525101312,0.017431010680968067,0.0,0.0028772785567876672,-1535.3208460047213,-20.400695866865057,324.25976676372966,-0.008277593513552669,0.009693785506118878,-0.07151652254600085,-0.008291093969750741,0.009682241093828047,-0.07151652254600085,-9.53201057240309e-19,-9.049403567693825e-22,1.1020444381562423e-19,-9.531988706756096e-19,-2.2332451353614644e-21,1.1020444381562423e-19,-1535.329137098691,-20.39101362577123,324.18825024118365,-1057172.5395468418,46.52207610467212,139939.2052722119,-0.07772275887824129,4702.451918275511
19.75186590067314,2001.0,12.0,14.0,14.0,21.0,47.0,1.0,3470177.5627628635,46082.593146091334,-732461.8237703148,534.6142986402431,-292.82951978118143,4654.39425997562,3546936.177290876,4694.139697885,3470238.680025582,41224.09669329821,-732461.8237703148,3546936.1772908755,537.1258575042759,-539.556431433677,4654.39425997562,4716.249702549171,20255916.435465373,0.8266086863636757,1.6336281493276004,0.0,2.2988391847225347e-07,6.074765645493846,-0.2080021219291224,0.011878767283472475,150736.17729087546,-0.09428204643291156,-0.09383874262606394,112.91124972701073,-16543159093.41538,-1040806842.4736011,-203331288.7729467,-16545283178.238218,-1894532126.7039437,16575867750.238354,16654638724.397476,-0.9783764089818289,-0.011622452345557817,0.20650549859337022,-0.011878487926311746,0.9999294482735192,0.0,0.20649092927391668,0.0024529730717583356,0.9784454399968879,4663.658939676941,-545.8986078091798,-0.11652346149397538,2.5824899955637704e-10,194.0068636565283,0.0,-91.6,1.993136343471684,0.0,3.032234357105201e-17,2.295201450608675,1.5707963267948966,17.41944352586868,461.0,0.0013567944581169748,0.017555904676299392,0.0,0.0028885157096105885,-1535.3956115039005,-20.389449820226226,324.08101587622883,-0.008305046937858912,0.009731603116111832,-0.0717960061260428,-0.008318663611035214,0.00971996602751243,-0.0717960061260428,-9.569076307530777e-19,-9.009694166601846e-22,1.105687536139627e-19,-9.569054314950745e-19,-2.2406951116288826e-21,1.105687536139627e-19,-1535.4039301675116,-20.379729854198715,324.0092198701028,-1057172.6077279318,46.675614309638036,139883.1222753502,-0.07762981428353423,4702.4938401570025
19.801369109222197,2001.0,12.0,14.0,14.0,21.0,47.0,1.0,3470204.0238050236,46068.09709114273,-732231.4154595003,534.4494213858508,-292.8317078767777,4654.429047648277,3546914.304319742,4694.155552679284,3470265.265325534,41197.386777269414,-732231.4154595003,3546914.304319742,536.958053939853,-539.5621470077585,4654.429047648277,4716.265580071435,20255915.732130032,0.8266086803499719,1.6336281492107385,0.0,2.3084779657169732e-07,6.074830868376268,-0.20793703265215557,0.011870980581702406,150714.30431974214,-0.09425256380820869,-0.09380940048047275,113.32085999846458,-16543159065.976908,-1040806838.8063997,-203334040.92853418,-16545281009.85478,-1894545045.8768241,16575867722.623758,16654638073.46524,-0.9783899377267564,-0.01161499355287373,0.20644181184973226,-0.011870701773546898,0.9999295407374479,0.0,0.2064272661119094,0.002450609182058852,0.9784588792178237,4663.687956500643,-545.8981987800034,-0.11652265652604728,2.5883163120709133e-10,194.0,0.0,-91.58038039967767,2.0,0.0,3.03222161541189e-17,2.295199369732243,1.5707963267948966,17.419810314832112,461.0,0.0013598691414454139,0.01762314508423557,0.0,0.0028950568847756794,-1535.4357249534992,-20.383413069992226,323.9850644277145,-0.00832122352542718,0.009753375858245324,-0.07195886428743159,-0.008334904848557586,0.009741686853816269,-0.07195886428743159,-9.590746274163682e-19,-8.989376620837237e-22,1.1078422032292049e-19,-9.590724210073e-19,-2.2450625742585306e-21,1.1078422032292049e-19,-1535.4440598583478,-20.37367138313841,323.9131055634271,-1057172.6444355734,46.82915251460395,139827.10588537314,-0.07753687217796856,4702.53571157925
19.861717411826266,2001.0,12.0,14.0,14.0,21.0,47.0,1.0,3470236.2708553593,46050.42511415341,-731950.5272875172,534.2484172239821,-292.8343744572447,4654.471442594536,3546887.6485744203,4694.174874469224,3470297.663659942,41164.824907379174,-731950.5272875172,3546887.6485744203,536.7534823226803,-539.5691114871488,4654.471442594536,4716.284929558923,20255914.872508008,0.8266086729999699,1.6336281490679188,0.0,2.318076668099177e-07,6.074910381282503,-0.20785768261641002,0.01186148806773015,150687.64857442025,-0.09421662165098543,-0.09377362957844233,113.82127475738525,-16543159032.44164,-1040806834.3244987,-203337393.6902751,-16545278367.217234,-1894560790.0951624,16575867688.873245,16654637280.10146,-0.9784064248707562,-0.011605900436097633,0.20636417045284924,-0.011861209927875496,0.9999296533751997,0.0,0.20634965342997816,0.0024477287473331265,0.9784752573025581,4663.723318629356,-545.8977003546566,-0.11652167555404265,2.5956466420344304e-10,194.0,0.0,-91.5470607180253,2.0,0.0,3.032219132769335e-17,2.295198964285945,1.5707963267948966,17.419881783326836,461.0,0.0013637371720010907,0.017705327537055254,0.0,0.0029032741104737286,-1535.4846111985146,-20.376053266397136,323.8680836367368,-0.008341622211862902,0.009780618980604266,-0.07216352858281976,-0.008355383540126606,0.00976886557726036,-0.07216352858281976,-9.61801064515154e-19,-8.964942610753665e-22,1.1105627748190643e-19,-9.617988492317558e-19,-2.2505601333876986e-21,1.1105627748190643e-19,-1535.4929665820548,-20.366284400819875,323.795920108154,-1057172.689299943,46.98269071956986,139771.1561022807,-0.0774439325585221,4702.577532540062
19.94807111408026,2001.0,12.0,14.0,14.0,21.0,47.0,1.0,3470282.3927651257,46025.13761708432,-731548.5938281079,533.9607848530895,-292.8381884434406,4654.532079765619,3546849.5237266836,4694.202510111703,3470344.0016709436,41118.23068691461,-731548.5938281079,3546849.5237266836,536.460745100335,-539.57907089265,4654.532079765619,4716.312604815996,20255913.63819997,0.8266086624462878,1.6336281488628726,0.0,2.3276357876976346e-07,6.0750241601075725,-0.20774413683673953,0.01184790518978378,150649.52372668358,-0.09416519024081021,-0.09372244322126777,114.53937685489655,-16543158984.289698,-1040806827.8894975,-203342186.77514789,-16545274587.321726,-1894583308.7709982,16575867640.412262,16654636145.190033,-0.978430006250912,-0.01159288839626655,0.20625306738681937,-0.011847628004344997,0.9999298143923255,0.0,0.2062385913899501,0.002443609617154137,0.9784986827755713,4663.773896785946,-545.8969875545534,-0.1165202725232384,2.606136928578472e-10,193.99940465835448,0.0,-91.5,2.0,0.0,3.0322146534374915e-17,2.2951982327555402,1.5707963267948966,17.420010732587404,461.0,0.001369272776743735,0.017823330037804227,0.0,0.0029150338792878713,-1535.554534535527,-20.365520949498944,323.70067716326867,-0.008370783234521492,0.009819611395524647,-0.07245642382754462,-0.00838465946220128,0.009807765577407637,-0.07245642382754462,-9.65702640733566e-19,-8.929490743430262e-22,1.1144517815147688e-19,-9.657004127691362e-19,-2.258418772550773e-21,1.1144517815147688e-19,-1535.5629191949893,-20.355713183921537,323.62822073944113,-1057172.7537194882,47.13622892453578,139715.27292607294,-0.07735099542217273,4702.619303037242
19.99523686760686,2001.0,12.0,14.0,14.0,21.0,47.0,1.0,3470307.573722818,46011.32563415996,-731329.0585345478,533.8036766473336,-292.8402707782344,4654.565186074547,3546828.7088865163,4694.217598365979,3470369.3004753888,41092.78090523283,-731329.0585345478,3546828.7088865163,536.3008486118695,-539.5845075540298,4654.565186074547,4716.327714698303,20255912.96188039,0.8266086566635585,1.6336281487505282,0.0,2.3371558102008936e-07,6.075086306290702,-0.20768211793649735,0.011840486405438064,150628.70888651675,-0.09413709829120707,-0.09369448511790988,114.93265208601952,-16543158957.90583,-1040806824.36368,-203344802.50883055,-16545272523.52122,-1894595603.2989333,16575867613.85907,16654635525.472578,-0.9784428810391773,-0.01158578106754228,0.20619238157800399,-0.0118402097403652,0.9999299022598055,0.0,0.20617792795801004,0.002441361044748981,0.9785114724821528,4663.801511121795,-545.8965984309066,-0.11651950652797954,2.612121195126432e-10,193.97338610814595,0.0,-91.5,2.0,0.0,3.032172135536209e-17,2.2951912890553143,1.5707963267948966,17.42123481992835,461.0,0.0013724298031899008,0.01788798731831459,0.0,0.002921746061421402,-1535.5927116982086,-20.359767772282293,323.60923298047203,-0.008387499524108059,0.00984224596592518,-0.07262332822276203,-0.008401440604651372,0.009830348401109627,-0.07262332822276203,-9.679165419092399e-19,-8.910711137876053e-22,1.1166700276651974e-19,-9.679143068270683e-19,-2.2629071450171152e-21,1.1166700276651974e-19,-1535.6011131388134,-20.349937423881183,323.53660965224924,-1057172.7890171632,47.28976712950169,139659.45635674978,-0.07725806076589828,4702.6610230686065
20.07119338641593,2001.0,12.0,14.0,14.0,21.0,48.0,1.0,3470348.109982715,45989.0823793037,-730975.511942213,533.5506587510739,-292.8436229629033,4654.618481326645,3546795.2011947166,4694.241887639719,3470410.026241239,41051.79561206256,-730975.511942213,3546795.201194717,536.0433403433876,-539.5932582520411,4654.618481326645,4716.352038788572,20255911.869469274,0.8266086473231165,1.6336281485690627,0.0,2.351363575169375e-07,6.075186389073316,-0.20758224012502463,0.01182853919436587,150595.20119471662,-0.09409185781259213,-0.09364946018768353,115.56763994693756,-16543158915.29021,-1040806818.668637,-203349011.64380208,-16545269201.054482,-1894615395.1770458,16575867570.969948,16654634527.708508,-0.9784636071099487,-0.011574334937138322,0.20609464896534999,-0.011828263365920777,0.9999300436459275,0.0,0.20608023133511452,0.0024377417862691516,0.9785320616453245,4663.845965255375,-545.8959720801412,-0.11651827344611673,2.62175465651897e-10,193.93150149339579,0.0,-91.5,2.0,0.0,3.032103685582117e-17,2.2951801103294738,1.5707963267948966,17.42320586393073,461.0,0.0013775121028944154,0.017992425397881442,0.0,0.002932551499623669,-1535.6541713825047,-20.350502011794752,323.4619578547446,-0.008414383577374946,0.009878683866858955,-0.07289201568900022,-0.008428429396911151,0.009866702784102727,-0.07289201568900022,-9.714804398424048e-19,-8.880077979394704e-22,1.1202374681588077e-19,-9.714781933141567e-19,-2.27012539381348e-21,1.1202374681588077e-19,-1535.6625998119016,-20.34063530901065,323.3890658390556,-1057172.8460310046,47.4433053344676,139603.70639431124,-0.07716512858667672,4702.70269263197
20.138748716872144,2001.0,12.0,14.0,14.0,21.0,48.0,1.0,3470384.146572426,45969.299130918625,-730661.0660521376,533.3256174477214,-292.84660309059177,4654.665861418515,3546765.4129767674,4694.263480954458,3470446.231089978,41015.34294844413,-730661.0660521376,3546765.412976767,535.8143052486893,-539.6010363158732,4654.665861418515,4716.373663054834,20255910.89448809,0.8266086389867257,1.633628148407104,0.0,2.3560804576936265e-07,6.075275403761454,-0.20749340772969477,0.011817913535210845,150565.4129767674,-0.09405162040809233,-0.09360941449094788,116.13410371541977,-16543158877.255968,-1040806813.5858135,-203352751.82089862,-16545266247.222065,-1894632990.2611258,16575867532.691603,16654633640.549547,-0.978482032781882,-0.011564154425995808,0.20600772280535481,-0.011817638449430594,0.999930169272574,0.0,0.20599333713621595,0.0024345247859042006,0.9785503656657393,4663.885485469012,-545.8954153184493,-0.11651717725724207,2.630318769179365e-10,193.89426622095928,0.0,-91.5,2.0,0.0,3.032042828933801e-17,2.295170171684575,1.5707963267948966,17.424958643950553,461.0,0.0013820303778596906,0.01808563630118602,0.0,0.002942157681536725,-1535.708811056319,-20.342260318114903,323.33095981328506,-0.008438256662076518,0.009911077869763791,-0.07313088314026409,-0.008452395945555793,0.009899022316125583,-0.07313088314026409,-9.746486948729375e-19,-8.852428768482598e-22,1.123405294566498e-19,-9.746464381819885e-19,-2.276535006237131e-21,1.123405294566498e-19,-1535.7172634522647,-20.332361295798776,323.2578289301448,-1057172.8969160803,47.59684353943352,139548.02303875735,-0.07707219888148595,4702.744311725154
20.16246464172367,2001.0,12.0,14.0,14.0,21.0,48.0,1.0,3470396.7939458573,45962.353990484015,-730550.6761491729,533.2466127130482,-292.84764900456923,4654.6824900786,3546754.9585270258,4694.2710593809725,3470458.937468317,41002.54577844969,-730550.6761491729,3546754.958527026,535.7338984391943,-539.6037658142774,4654.6824900786,4716.3812523440165,20255910.551511727,0.8266086360541697,1.6336281483501298,0.0,2.370174783555702e-07,6.075306653546482,-0.20746222193861333,0.011814183327624805,150554.95852702623,-0.09403749452481983,-0.09359535590850047,116.33331647515297,-16543158863.876465,-1040806811.7977824,-203354064.08466431,-16545265210.511341,-1894639165.4575398,16575867519.22623,16654633329.161657,-0.9784884995014161,-0.011560580377810516,0.20597720583791668,-0.011813908502245453,0.9999302133478619,0.0,0.20596283137830448,0.0024333958633173257,0.9785567897036965,4663.899355597633,-545.895219931692,-0.11651679254332892,2.6326768045046976e-10,193.8832872522514,0.0,-91.5,2.0,0.0,3.032024728621911e-17,2.295167215679317,1.5707963267948966,17.425480035759314,461.0,0.0013832758857415667,0.01811842614810577,0.0,0.0029448047010457615,-1535.7279878523007,-20.339366822231565,323.2849689879613,-0.008444553831617624,0.009920009083298766,-0.0731967281730784,-0.008458722513469855,0.009907930312024612,-0.0731967281730784,-9.755216925215386e-19,-8.84046686493892e-22,1.124240919046355e-19,-9.755194328202631e-19,-2.2782248930354857e-21,1.124240919046355e-19,-1535.7364465748142,-20.32945889191954,323.21177225978823,-1057172.9148163032,47.750381744399434,139492.4062900881,-0.07697927164730393,4702.785880345983
20.201262156691236,2001.0,12.0,14.0,14.0,21.0,48.0,1.0,3470417.480082051,45950.99219625147,-730370.0855079637,533.1173646295654,-292.8493597211576,4654.709688238497,3546737.8591527995,4694.283454771345,3470479.720060521,40981.6104066668,-730370.0855079637,3546737.8591528,535.6023566446202,-539.6082298826193,4654.709688238497,4716.393665501391,20255909.98970357,0.8266086312505304,1.6336281482568036,0.0,2.3795246217655165e-07,6.075357776300949,-0.20741120387182246,0.011808081013360155,150537.85915279947,-0.09401438542515671,-0.09357235690809718,116.65956896543503,-16543158841.960428,-1040806808.8689212,-203356210.00064203,-16545263514.82173,-1894649265.6982882,16575867497.169535,16654632819.820675,-0.9784990765823065,-0.011554733401260158,0.2059272814942194,-0.011807806613620958,0.9999302854214265,0.0,0.20591292536057323,0.0024315495163524286,0.9785672969890219,4663.922041844478,-545.8949003713376,-0.1165161633065713,2.6368566515379016e-10,193.864287947555,0.0,-91.5,2.0,0.0,3.031993497161101e-17,2.295162115194698,1.5707963267948966,17.426379755315924,461.0,0.0013854827887473124,0.018172137224205225,0.0,0.002949495548946222,-1535.7593541180966,-20.33463308130075,323.20972828905,-0.008455883098676398,0.00993583325059688,-0.07331339864136294,-0.008470101675104424,0.009923714978552182,-0.07331339864136294,-9.770687422746634e-19,-8.821894779085041e-22,1.1257442608643423e-19,-9.770664773777898e-19,-2.2812656628615792e-21,1.1257442608643423e-19,-1535.7678242197717,-20.3247093663222,323.1364148904087,-1057172.9441375416,47.90391994936535,139436.8561483035,-0.07688634688110865,4702.827398492288
20.272284372055765,2001.0,12.0,14.0,14.0,21.0,48.0,1.0,3470455.3348562247,45930.193274777725,-730039.4959464361,532.8807579649263,-292.852490300604,4654.7594603971,3546706.568004748,4694.3061380187855,3470517.7511752252,40943.28594466635,-730039.4959464361,3546706.568004748,535.3615510804575,-539.6163979165887,4654.7594603971,4716.416381261524,20255908.958966527,0.8266086224373907,1.6336281480855785,0.0,2.3888378652753583e-07,6.075451362210404,-0.2073178095967064,0.01179691030072516,150506.56800474785,-0.09397208160389385,-0.09353025463320004,117.2579273879528,-16543158801.751867,-1040806803.4954011,-203360135.54877856,-16545260411.658829,-1894667748.864422,16575867456.70291,16654631887.643818,-0.9785184324192956,-0.011544029696175176,0.2058358880128983,-0.011796636679011003,0.9999304172606529,0.0,0.2058215653879544,0.002428171186389757,0.9785865251504037,4663.963557263745,-545.894315639433,-0.11651501184256735,2.644505598839409e-10,193.8295200052754,0.0,-91.5,2.0,0.0,3.03193634182468e-17,2.295152781019904,1.5707963267948966,17.428026542340717,461.0,0.001389521418218514,0.01827068008073369,0.0,0.002958079733826853,-1535.8167548828571,-20.325966935210225,323.07198376527214,-0.008476596704883268,0.009964791415000613,-0.07352690452773863,-0.008490906829349219,0.009952600708207809,-0.07352690452773863,-9.798997636787146e-19,-8.787620792881124e-22,1.1284928259098793e-19,-9.798974892872802e-19,-2.2868250648681682e-21,1.1284928259098793e-19,-1535.8252457896865,-20.316014334502018,322.9984568607444,-1057172.9979325756,48.057458154331265,139381.3726134035,-0.07679342457987816,4702.868866161898
20.34496916496285,2001.0,12.0,14.0,14.0,21.0,48.0,1.0,3470494.058383339,45908.90723577371,-729701.1638685066,532.6386033556009,-292.85569277754496,4654.810375677837,3546674.5587364924,4694.329342099345,3470556.6548621007,40904.06373489463,-729701.1638685066,3546674.558736493,535.115099194861,-539.6247520284278,4654.810375677837,4716.439618600679,20255907.90098538,0.8266086133912952,1.6336281479098265,0.0,2.4027400458748843e-07,6.075547140602872,-0.20722222731714657,0.011785478227543618,150474.55873649288,-0.09392878666417763,-0.0934871659580804,117.8718184530735,-16543158760.48093,-1040806797.9798508,-203364149.32682294,-16545257237.115976,-1894686656.403542,16575867415.167088,16654630933.93317,-0.9785382327547106,-0.011533075013645108,0.20574235154196482,-0.011785205400533813,0.9999305520553251,0.0,0.20572806315851766,0.00242471587251089,0.9786061949435956,4664.006026148851,-545.8937175554422,-0.1165138339706261,2.65256436325829e-10,193.8,0.0,-91.49319842061612,2.0068015793838696,0.0,3.031887304011107e-17,2.295144772537196,1.5707963267948966,17.429439700587977,461.0,0.0013937760216098333,0.018371827972191914,0.0,0.0029671304196478357,-1535.8754753756461,-20.31709708719866,322.93100148996507,-0.008498548530375074,0.009995208720773596,-0.07375207438840414,-0.008512953773158463,0.009982942579772556,-0.07375207438840414,-9.828880270213948e-19,-8.75312977946844e-22,1.1314085374346183e-19,-9.82885742701747e-19,-2.2927338385700155e-21,1.1314085374346183e-19,-1535.8839883294193,-20.30711414461889,322.8572494155767,-1057173.0531495102,48.21099635929718,139325.95568538815,-0.07670050474059043,4702.910283352657
20.37767590501284,2001.0,12.0,14.0,14.0,21.0,48.0,1.0,3470511.4774736925,45899.32885719853,-729548.9198210037,532.5296354802476,-292.85713337184717,4654.833279297549,3546660.159936129,4694.339780127497,3470574.154918937,40886.41430695494,-729548.9198210037,3546660.159936129,535.0041976013721,-539.6285095228545,4654.833279297549,4716.450071589534,20255907.42378644,0.82660860931108,1.6336281478305579,0.0,2.4073562653964086e-07,6.07559023957529,-0.20717921658913882,0.011780334062826647,150460.15993612865,-0.09390930451559247,-0.09346777662460126,118.14860334992409,-16543158741.865938,-1040806795.4921515,-203365954.23985547,-16545255809.04642,-1894695161.686536,16575867396.432625,16654630504.873007,-0.9785471396789924,-0.011528145484255039,0.20570026078679668,-0.011780061592912599,0.9999306126671326,0.0,0.20568598779433056,0.002423161741746649,0.9786150431667417,4664.025130252477,-545.8934485400505,-0.11651330413171761,2.656704018363008e-10,193.8,0.0,-91.47519992016083,2.024800079839165,0.0,3.0318859636789606e-17,2.295144553644345,1.5707963267948966,17.429478329247235,461.0,0.0013959604529987972,0.01841745017370137,0.0,0.0029717933592122367,-1535.9018905377102,-20.313105553392507,322.8675578414991,-0.008510144497426597,0.010010634609039849,-0.0738682118078087,-0.008524595153274233,0.009998331966661242,-0.0738682118078087,-9.844349778439476e-19,-8.73957634272243e-22,1.1329548711706834e-19,-9.844326885502902e-19,-2.295891593177985e-21,1.1329548711706834e-19,-1535.9104151328634,-20.303107221425847,322.7936896296913,-1057173.0780549292,48.364534564263096,139270.60536425744,-0.07660758736022354,4702.951650062402
20.456057690699467,2001.0,12.0,14.0,14.0,21.0,48.0,1.0,3470553.207862859,45876.37405686408,-729184.0635258812,532.2684860605866,-292.86058460275035,4654.888149527264,3546625.6651645526,4694.364786408962,3470616.0790870828,40844.11690798918,-729184.0635258812,3546625.665164553,534.7384139516743,-539.6375100905838,4654.888149527264,4716.475113711688,20255906.277145427,0.8266085995068958,1.6336281476401033,0.0,2.425733297482095e-07,6.075693527792934,-0.20707613984270062,0.01176800617359504,150425.66516455263,-0.09386261481617639,-0.09342130935696549,118.81337803602219,-16543158697.137083,-1040806789.5148636,-203370276.66593558,-16545252387.709908,-1894715537.6935327,16575867351.416716,16654629476.85204,-0.9785684779693423,-0.011516331511714285,0.20559938723954652,-0.01176773455818551,0.999930757814444,0.0,0.20558515108862507,0.0024194390143605763,0.9786362408815253,4664.070897956943,-545.8928041234255,-0.1165120348273889,2.666621265191116e-10,193.8,0.0,-91.4320814556908,2.0679185443092005,0.0,3.031882752683535e-17,2.295144029248996,1.5707963267948966,17.42957087154468,461.0,0.0014011937472439694,0.01852707302113604,0.0,0.002982964634930131,-1535.9651745438618,-20.3035391378086,322.7155039348384,-0.008537901714844913,0.010047587729885931,-0.07414645195275175,-0.008552461472006941,0.010035197439609393,-0.07414645195275175,-9.881411273280276e-19,-8.706735218948547e-22,1.136656365202468e-19,-9.88138826129392e-19,-2.3034506971558126e-21,1.136656365202468e-19,-1535.9737270053338,-20.29350394036899,322.64135748288567,-1057173.1378991026,48.51807276922901,139215.32165001135,-0.07651467243575552,4702.992966288985
20.52471216800984,2001.0,12.0,14.0,14.0,21.0,48.0,1.0,3470589.7426252402,45856.2677627791,-728864.4829639501,532.0397368713701,-292.86360618872914,4654.9361889917745,3546595.4651517514,4694.386679538157,3470652.7832817314,40807.06810632461,-728864.4829639501,3546595.4651517514,534.5056055673365,-539.6453887140483,4654.9361889917745,4716.49703821899,20255905.269251253,0.8266085908890364,1.633628147472718,0.0,2.4303058430999715e-07,6.075783999419564,-0.2069858534356221,0.011757208328470393,150395.4651517514,-0.09382171859613174,-0.09338060796471706,119.39735132455826,-16543158657.820908,-1040806784.2612532,-203374059.13416225,-16545249392.166328,-1894733376.9751623,16575867311.848244,16654628576.666988,-0.9785871598223648,-0.01150598327530951,0.20551102885165493,-0.011756937460041448,0.9999308848223264,0.0,0.20549682492038196,0.0024161803135576807,0.9786547997227287,4664.1109680415475,-545.8922400038233,-0.11651092357442339,2.6753037688714714e-10,193.8,0.0,-91.39433143968925,2.105668560310747,0.0,3.031879941469468e-17,2.2951435701428986,1.5707963267948966,17.429651892804124,461.0,0.001405775608681733,0.018623428525290586,0.0,0.002992745512504291,-1536.0205817144752,-20.2951591250192,322.58230737074985,-0.008562176492912662,0.010079937450799114,-0.07439006524223302,-0.008576832123134759,0.010067470190637388,-0.07439006524223302,-9.913860364367808e-19,-8.677552238025403e-22,1.139893515429828e-19,-9.913837248285866e-19,-2.3100618944085076e-21,1.139893515429828e-19,-1536.0291585465982,-20.285091654828562,322.5079173055076,-1057173.1905019712,48.67161097419492,139160.1045426499,-0.07642175996416452,4703.034232030254
20.5414496837453,2001.0,12.0,14.0,14.0,21.0,48.0,1.0,3470598.647181987,45851.36594739988,-728786.5707982664,531.9839680530445,-292.864342641852,4654.947897688492,3546588.104552963,4694.392015549087,3470661.7291027126,40798.035767071604,-728786.5707982664,3546588.104552963,534.4488471321888,-539.647308769167,4654.947897688492,4716.502381877618,20255905.02305679,0.8266085887839831,1.6336281474318328,0.0,2.4348698017549863e-07,6.0758060560476865,-0.2069638419617415,0.01175457590274379,150388.10455296328,-0.09381174825158929,-0.09337068511795071,119.53995096683502,-16543158648.217348,-1040806782.9780034,-203374980.77464464,-16545248662.043133,-1894737724.9393919,16575867302.183058,16654628357.24513,-0.9785917131586893,-0.011503460386250317,0.2054894871673089,-0.011754305216214683,0.9999309157681265,0.0,0.20547529108392987,0.002415386150887979,0.9786593230862906,4664.1207343517635,-545.892102521004,-0.1165106527330088,2.677039947576051e-10,193.78678283662586,0.0,-91.4,2.1,0.0,3.0318586337462846e-17,2.295140090327625,1.5707963267948966,17.430266022467503,461.0,0.0014066925262951272,0.01864696487891253,0.0,0.002994688335103232,-1536.034086339604,-20.293116018362845,322.5498331020321,-0.008566791605884527,0.010086586337501861,-0.07443833546361629,-0.008581468856152328,0.01007410217505364,-0.07443833546361629,-9.9202402653031e-19,-8.668749070949934e-22,1.140503645312028e-19,-9.920217127862633e-19,-2.311286681056799e-21,1.140503645312028e-19,-1536.0426678084602,-20.28304191618779,322.47539476656846,-1057173.203351073,48.82514917916084,139104.95404217308,-0.07632884994242858,4703.075447284069
20.58216031728327,2001.0,12.0,14.0,14.0,21.0,48.0,1.0,3470620.3018252007,45839.443218013155,-728597.0643406423,531.848319595483,-292.8661336049239,4654.976371803802,3546570.204600719,4694.404992043286,3470683.4840437183,40776.066288200105,-728597.0643406423,3546570.204600719,534.3107916125031,-539.651977767371,4654.976371803802,4716.515376969899,20255904.423518997,0.8266085836577127,1.6336281473322674,0.0,2.448510635667298e-07,6.07585970473136,-0.2069103031049429,0.011748173088481886,150370.2046007188,-0.09378749721534747,-0.09334654961051388,119.88715142011642,-16543158624.830662,-1040806779.8529934,-203377221.66025102,-16545246886.447601,-1894748298.6260345,16575867278.6463,16654627823.609285,-0.9786027863036356,-0.01149732387513552,0.2054370905714721,-0.011747902844045388,0.999930991008263,0.0,0.20542291356498638,0.0024134549805970074,0.9786703233558933,4664.144484815993,-545.8917681968851,-0.11650999408832247,2.681614379816306e-10,193.7668940007987,0.0,-91.4,2.1,0.0,3.031825934159886e-17,2.2951347500799026,1.5707963267948966,17.431208574851727,461.0,0.001409107630139009,0.01870428157811931,0.0,0.0029998219949879824,-1536.0669282452454,-20.288146386781598,322.47084302528276,-0.008579212183637644,0.010103901055116604,-0.07456602021137804,-0.008593943751785547,0.010091373990424158,-0.07456602021137804,-9.937172800321036e-19,-8.648763520549666e-22,1.1421519811187487e-19,-9.937149607280599e-19,-2.3146210783869453e-21,1.1421519811187487e-19,-1536.0755221889972,-20.278055012791175,322.3962770050714,-1057173.2346414682,48.97868738412675,139049.8701485809,-0.07623594236752589,4703.1166120482885
20.647191765998016,2001.0,12.0,14.0,14.0,21.0,48.0,1.0,3470654.881646085,45820.39761606234,-728294.3430048167,531.6316277892784,-292.8689935881328,4655.021842058295,3546541.620562814,4694.42571409017,3470718.223877699,40740.97169585723,-728294.3430048167,3546541.6205628137,534.090254693693,-539.659432679385,4655.021842058295,4716.536128715481,20255903.463692367,0.8266085754508307,1.6336281471728666,0.0,2.45756246186356e-07,6.075945404632188,-0.20682477863732612,0.01173794527889605,150341.6205628137,-0.09374875790462422,-0.09330799484642084,120.44281500577927,-16543158587.390146,-1040806774.8500082,-203380798.85869056,-16545244050.92788,-1894765183.6373506,16575867240.965525,16654626971.362434,-0.9786204689533343,-0.011487521099327151,0.20535338956186872,-0.011737675739656096,0.9999311111112759,0.0,0.20533924299506606,0.002410371498716494,0.9786878896744617,4664.182411866859,-545.891234366083,-0.11650894232480896,2.6889191895031624e-10,193.7351339586819,0.0,-91.4,2.1,0.0,3.0317737142316075e-17,2.2951262219184247,1.5707963267948966,17.432714012364908,461.0,0.0014129643369647652,0.01879604311690334,0.0,0.003008019939549663,-1536.1193743334813,-20.28020731474,322.34465501697076,-0.008599029357702456,0.010131551088053867,-0.07476992060379317,-0.008613847887965646,0.010118955376295716,-0.07476992060379317,-9.964211847155066e-19,-8.616584756328147e-22,1.1447818874244917e-19,-9.964188565451586e-19,-2.319941038249541e-21,1.1447818874244917e-19,-1536.1279881813693,-20.270088359363704,322.269885096367,-1057173.2847356573,49.13222558909267,138994.85286187334,-0.07614303723643452,4703.157726320781
20.706854349156128,2001.0,12.0,14.0,14.0,21.0,48.0,1.0,3470686.594231572,45802.92421713346,-728016.611133069,531.4328191141153,-292.8716164683499,4655.063542696886,3546515.406611293,4694.4447181226915,3470750.0830459823,40708.77401614412,-728016.611133069,3546515.4066112936,533.8879182913774,-539.6662684739501,4655.063542696886,4716.555159984008,20255902.58079032,0.8266085679016767,1.6336281470262417,0.0,2.466581070012881e-07,6.076024030534055,-0.20674631367994,0.01172856195443489,150315.40661129355,-0.09371321625260545,-0.0932726225053564,120.95373424887657,-16543158552.950562,-1040806770.2480139,-203384078.1267954,-16545241450.398918,-1894780668.7387512,16575867206.304937,16654626189.67655,-0.9786366856255376,-0.011478527328615633,0.2052765962262352,-0.011728293061085136,0.9999312212056753,0.0,0.20526247754944368,0.0024075440791233296,0.9787039997066381,4664.217194638831,-545.8907448461607,-0.11650797778233686,2.6956183104472036e-10,193.70600734588172,0.0,-91.4,2.1,0.0,3.0317258212933443e-17,2.2951184004080445,1.5707963267948966,17.43409494498315,461.0,0.001416501346896462,0.018880449739791368,0.0,0.0030155382658896774,-1536.1674734824778,-20.272923083774323,322.2288754151171,-0.008617185002950108,0.010156909066157849,-0.07495691802500737,-0.008632083526069059,0.010144250250867973,-0.07495691802500737,-9.98900875709774e-19,-8.586788267470443e-22,1.147191259914244e-19,-9.988985394218191e-19,-2.3248148394032135e-21,1.147191259914244e-19,-1536.1761055660038,-20.262778833523456,322.1539184970921,-1057173.330815088,49.28576379405858,138939.90218205043,-0.07605013454613266,4703.198790099416
20.737908908751177,2001.0,12.0,14.0,14.0,21.0,48.0,1.0,3470703.096036912,45793.829196874205,-727872.0498479367,531.3293361180035,-292.8729813112585,4655.085242069265,3546501.766048137,4694.454607037203,3470766.661064834,40692.01486262155,-727872.0498479367,3546501.7660481366,533.782599079895,-539.6698251421182,4655.085242069265,4716.565063070845,20255902.120348264,0.826608563964716,1.6336281469497747,0.0,2.466581070012881e-07,6.076064956018788,-0.20670547196523736,0.011723677941947145,150301.76604813663,-0.09369471649261911,-0.09325421087229328,121.2201075553894,-16543158534.990093,-1040806767.848022,-203385784.01021832,-16545240097.154371,-1894788726.54112,16575867188.229212,16654625782.88235,-0.9786451241309561,-0.011473845932400204,0.2052366241055066,-0.01172340938437402,0.9999312784748792,0.0,0.20522251993168744,0.0024060729650557393,0.9787123827385525,4664.235294219213,-545.8904901399414,-0.1165074758825035,2.699470185559008e-10,193.6897075601708,0.0,-91.4,2.1,0.0,3.031699114097128e-17,2.2951140387919056,1.5707963267948966,17.43486511188972,461.0,0.0014185341708248765,0.018924468928906733,0.0,0.003019859900016401,-1536.1925027641907,-20.26913139456683,322.16860820644274,-0.008627793963756288,0.010171482045770085,-0.07506439105897396,-0.008642736226695678,0.010158788618935566,-0.07506439105897396,-1.0003262099650522e-18,-8.572332328875644e-22,1.1485990870041942e-19,-1.0003238691422984e-18,-2.3276632150928413e-21,1.1485990870041942e-19,-1536.2011455004174,-20.258972605947896,322.0935438153838,-1057173.3548459597,49.439301999024494,138885.01810911216,-0.07595723429359844,4703.239803382073
20.77446907537619,2001.0,12.0,14.0,14.0,21.0,48.0,1.0,3470722.519298892,45783.12168250955,-727701.8586889172,531.2075046458395,-292.8745877960241,4655.110783271246,3546485.7105786777,4694.466246731036,3470786.1739789997,40672.28436736708,-727701.8586889172,3546485.7105786777,533.6586058333534,-539.6740111508672,4655.110783271246,4716.57671944599,20255901.57738709,0.8266085593221821,1.6336281468596026,0.0,2.480047490759683e-07,6.076113137511585,-0.20665738909195716,0.011717928084124333,150285.7105786777,-0.09367293675056722,-0.09323253488107267,121.53415256738663,-16543158513.810898,-1040806765.017904,-203387791.46178448,-16545238504.28866,-1894798210.929765,16575867166.914106,16654625304.030542,-0.9786550566455473,-0.011468334482794409,0.20518956456479803,-0.011717659921496445,0.9999313458662871,0.0,0.2051754774529959,0.002404341537010241,0.9787222499737648,4664.256598287672,-545.8901903564794,-0.11650688513118637,2.704286826396687e-10,193.66963822334714,0.0,-91.4,2.1,0.0,3.0316662981144313e-17,2.2951086795352253,1.5707963267948966,17.435811537092405,461.0,0.0014210755314528066,0.018976377424877164,0.0,0.0030252630817444144,-1536.2219637604364,-20.264667286739925,322.09765320364284,-0.008641177337468628,0.01018969993353131,-0.07519874978146188,-0.008656172738694474,0.010176964381920181,-0.07519874978146188,-1.0021082277811487e-18,-8.556103864713458e-22,1.1503750420898267e-19,-1.0021058813806264e-18,-2.331256778236076e-21,1.1503750420898267e-19,-1536.2306199331751,-20.254490322358006,322.02245445386137,-1057173.3831835836,49.59284020399041,138830.20064305852,-0.07586433647581003,4703.280766166631
20.88808103610238,2001.0,12.0,14.0,14.0,21.0,48.0,1.0,3470782.8493179604,45749.847342847504,-727172.977918184,530.8288942894563,-292.8795777332548,4655.1901174413715,3546435.8411602476,4694.502400850338,3470846.7820908637,40610.97020621695,-727172.977918184,3546435.8411602476,533.273277553822,-539.6870109310631,4655.1901174413715,4716.61292537818,20255899.883936986,0.826608544842492,1.6336281465783593,0.0,2.49344118396663e-07,6.076262865915241,-0.20650796713836728,0.011700060429383013,150235.84116024757,-0.09360525413093224,-0.09316517467094856,122.51316395401955,-16543158447.755455,-1040806756.1909823,-203394023.71881756,-16545233556.425577,-1894827670.412827,16575867100.434761,16654623816.409592,-0.97868590820336,-0.011451206796097211,0.20504331968410375,-0.011699793491573985,0.9999315550737733,0.0,0.2050292855092147,0.002398964497130801,0.9787528988733175,4664.3227713513925,-545.8892593153689,-0.1165050502447157,2.7192476519257293e-10,193.60730145030945,0.0,-91.4,2.1,0.0,3.0315643608261873e-17,2.295092031912692,1.5707963267948966,17.438752126035226,461.0,0.0014289694107495635,0.019138277080286432,0.0,0.0030420460831742766,-1536.3134755873223,-20.250793561657513,321.87713653079777,-0.008682698140124956,0.010246287500052452,-0.07561608699666332,-0.008697859234829072,0.01023342070166956,-0.07561608699666332,-1.0076432322680239e-18,-8.504935956983644e-22,1.155884675335061e-19,-1.0076408685702773e-18,-2.3424051409000576e-21,1.155884675335061e-19,-1536.3221734465571,-20.240560140955843,321.8015204438011,-1057173.4715662487,49.746378408956325,138775.4497838895,-0.0757714410897457,4703.321678450976
20.940032263632133,2001.0,12.0,14.0,14.0,21.0,48.0,1.0,3470810.4220332666,45734.6318300398,-726931.1341355717,530.6557599955706,-292.88185833298263,4655.22637635567,3546413.049268091,4694.518924626314,3470874.481715085,40582.932649223374,-726931.1341355717,3546413.049268091,533.0970712935485,-539.6929511004779,4655.22637635567,4716.629472834054,20255899.106444594,0.8266085381946059,1.6336281464492395,0.0,2.5067633153886743e-07,6.0763313334719244,-0.2064396397052842,0.011691890217631161,150213.04926809063,-0.09357430429652216,-0.09313437226455308,122.96238797903061,-16543158417.428572,-1040806752.1384742,-203396870.52991363,-16545231294.939651,-1894841134.4759603,16575867069.913261,16654623136.3815,-0.9787000085710276,-0.011443374498522918,0.20497644353231662,-0.01169162383864127,0.9999316506301896,0.0,0.2049624335215752,0.002396507473562339,0.9787669066722898,4664.353015089701,-545.8888338544245,-0.11650421165837507,2.7258733354239424e-10,193.6,0.0,-91.4,2.1,0.0,3.031550843138809e-17,2.295089824306811,1.5707963267948966,17.43914214850979,461.0,0.001432466190484661,0.01921260527303427,0.0,0.003049479574766755,-1536.3553013332153,-20.244448852796197,321.77629021267467,-0.008700993947889544,0.010271376339158759,-0.0758011143813185,-0.008716229945012557,0.010258450327778912,-0.0758011143813185,-1.010105374101882e-18,-8.480600273789403e-22,1.158322021352194e-19,-1.0101030026715117e-18,-2.347336641631793e-21,1.158322021352194e-19,-1536.3640175631604,-20.234190402468418,321.70048909829336,-1057173.5121442676,49.89991661392224,138720.7655316051,-0.0756785481323835,4703.362540233004
21.012377689776223,2001.0,12.0,14.0,14.0,21.0,49.0,1.0,3470848.80382888,45713.44305234129,-726594.347973632,530.4146514992789,-292.88503301901477,4655.276850259223,3546381.3224783507,4694.541926285362,3470913.039973659,40543.88803359259,-726594.347973632,3546381.3224783507,532.8516848150083,-539.7012187491771,4655.276850259223,4716.652507455788,20255898.02064598,0.8266085289105632,1.6336281462689102,0.0,2.5156055414876605e-07,6.076426680411092,-0.20634448789006649,0.011680512790106207,150181.32247835072,-0.09353120396053384,-0.09309147723171675,123.58952096104622,-16543158375.07628,-1040806746.4788692,-203400831.7553474,-16545228146.74705,-1894859876.8938458,16575867027.289173,16654622189.630472,-0.9787196368235012,-0.011432467167760441,0.20488331115669745,-0.011680247187999846,0.999931783586074,0.0,0.20486933475193705,0.002393087719006113,0.9787864061221263,4664.395115599735,-545.888241660624,-0.11650304434378284,2.7349947874741673e-10,193.6,0.0,-91.4,2.1,0.0,3.031547891420297e-17,2.295089342254596,1.5707963267948966,17.439227316116252,461.0,0.00143728061414584,0.019316411670709653,0.0,0.003059713618018027,-1536.4135256961663,-20.2356127222479,321.6358438574362,-0.008726122790865947,0.010305930149744598,-0.07605594219253634,-0.0087414628301503,0.010292921975891276,-0.07605594219253634,-1.0135004237069476e-18,-8.4460646000835365e-22,1.1616744774937068e-19,-1.0134980416042105e-18,-2.354119509451321e-21,1.1616744774937068e-19,-1536.4222671589964,-20.225319800272008,321.5597879152437,-1057173.5688130762,50.053454818888156,138666.14788620538,-0.0755856576007017,4703.403351510612
21.098171523272693,2001.0,12.0,14.0,14.0,21.0,49.0,1.0,3470894.2978692595,45688.31516115559,-726194.9513601164,530.128711112796,-292.8887960481269,4655.336678217175,3546343.7166333054,4694.569190538228,3470958.7428788394,40497.58457675052,-726194.9513601164,3546343.7166333054,532.560671097584,-539.7110166161241,4655.336678217175,4716.6798107790655,20255896.728268523,0.8266085178601694,1.6336281460542725,0.0,2.5331974029541084e-07,6.076539753751374,-0.20623164593534796,0.011667020572132059,150143.71663330495,-0.09348009057700142,-0.09304060731568495,124.33558091521263,-16543158324.66677,-1040806739.7425349,-203405524.6007163,-16545224414.946459,-1894882092.5717878,16575866976.556158,16654621067.233192,-0.978742902612375,-0.011419531724126446,0.20477286168119208,-0.011666755889353697,0.9999319410875013,0.0,0.2047589250629168,0.0023890349899988576,0.9788095193238036,4664.4450183377685,-545.8875398172355,-0.11650166074558578,2.745675564452012e-10,193.59301848144995,0.0,-91.39301848144996,2.1069815185500484,0.0,3.031533494882825e-17,2.2950869911216025,1.5707963267948966,17.439642719928038,461.0,0.001442918466777312,0.01943996629748561,0.0,0.0030717055897598634,-1536.4825422746967,-20.225132950362223,321.46927255543596,-0.008755479897587199,0.010346285410423407,-0.07635450899021765,-0.008770942848706142,0.010333180128872447,-0.07635450899021765,-1.0174751242996096e-18,-8.40427740489681e-22,1.1655877052356583e-19,-1.0174727296666422e-18,-2.3620482647573265e-21,1.1655877052356583e-19,-1536.4913132175454,-20.214799770233352,321.39291804644574,-1057173.6362634245,50.20699302385407,138611.59684769026,-0.07549276949167853,4703.444112281701
21.14971875080833,2001.0,12.0,14.0,14.0,21.0,49.0,1.0,3470921.62010649,45673.21749749215,-725954.9807349843,529.9569043098994,-292.8910560351457,4655.3726095185175,3546321.131788993,4694.585564731606,3470986.1903983005,40469.76381852752,-725954.9807349843,3546321.1317889933,532.3858160457405,-539.7168999568637,4655.3726095185175,4716.696208436684,20255895.949424934,0.8266085112007078,1.633628145924929,0.0,2.541947679107193e-07,6.076607692385975,-0.20616384631803836,0.011658914179803416,150121.1317889928,-0.09344937973919794,-0.0930100427597796,124.78496342897415,-16543158294.288055,-1040806735.6830523,-203408341.71607384,-16545222173.628338,-1894895434.71056,16575866945.982492,16654620393.052778,-0.9787568754799459,-0.011411759486685843,0.20470649829976503,-0.011658650048354056,0.9999320356299473,0.0,0.2046925855515624,0.002386601426300945,0.9788234005957603,4664.47498876342,-545.887118357736,-0.11650082981350972,2.751698189601926e-10,193.567924209992,0.0,-91.36792420999198,2.132075790008023,0.0,3.0314922212744776e-17,2.295080250629834,1.5707963267948966,17.440833759891483,461.0,0.001446098258906625,0.019514426009756253,0.0,0.0030784924724724435,-1536.5239929936324,-20.21883586064965,321.3691831215454,-0.008771921423386151,0.010368715821226218,-0.07652337228638018,-0.008787455737590148,0.010355553819052933,-0.07652337228638018,-1.0197137896829103e-18,-8.378083258491532e-22,1.1677690062528639e-19,-1.0197113878239803e-18,-2.366502559848158e-21,1.1677690062528639e-19,-1536.53278044937,-20.208480306830598,321.29265974925903,-1057173.6769119762,50.36053122881998,138557.11241605977,-0.07539988380229216,4703.48482254418
21.27701212307183,2001.0,12.0,14.0,14.0,21.0,49.0,1.0,3470989.053103806,45635.934052193494,-725362.3770111474,529.53261590569,-292.8966339359678,4655.461292093352,3546265.3909749244,4694.62597782384,3471053.9321008725,40401.06051009923,-725362.3770111474,3546265.390974924,531.9539999585452,-539.7314173914662,4655.461292093352,4716.736679439589,20255894.018741135,0.8266084946924726,1.6336281456043373,0.0,2.563692708922222e-07,6.07677546723894,-0.2059964147446237,0.011638896136095039,150065.3909749235,-0.09337353904664945,-0.09293456330363971,125.8981542289257,-16543158218.98281,-1040806725.6206546,-203415290.50238138,-16545216641.534557,-1894928364.3559403,16575866870.19402,16654618728.802017,-0.9787913620155273,-0.0113925654331788,0.20454260948917133,-0.011638633362824807,0.999932268812966,0.0,0.2045287555754316,0.0023805964389199156,0.9788576612068581,4664.548959162235,-545.8860783132924,-0.11649877905916033,2.7665624066870667e-10,193.50598997213723,0.0,-91.30598997213723,2.194010027862778,0.0,3.031390346590281e-17,2.295063613231317,1.5707963267948966,17.44377429801961,461.0,0.0014539464629965482,0.019699004540071154,0.0,0.0030952438496266695,-1536.6263011495262,-20.203283695008693,321.12198838050705,-0.008812443675084472,0.010424070476089741,-0.07694016345248385,-0.008828154863414575,0.010410768008393603,-0.07694016345248385,-1.0252390813956668e-18,-8.312531459088337e-22,1.173144975509776e-19,-1.0252366617451022e-18,-2.3774811423863295e-21,1.173144975509776e-19,-1536.6351293043897,-20.1928729270003,321.04504821705456,-1057173.7776761353,50.5140694337859,138502.69459131395,-0.07530700052952083,4703.525482295965
21.310963451005428,2001.0,12.0,14.0,14.0,21.0,49.0,1.0,3471007.029518047,45625.98979729988,-725204.3175170989,529.4194461311349,-292.89812092979093,4655.484933707711,3546250.531484503,4694.636751354197,3471071.990690234,40382.73584608274,-725204.3175170989,3546250.5314845033,531.8388223783434,-539.7352867495555,4655.484933707711,4716.747468407748,20255893.501970425,0.82660849027384,1.6336281455185426,0.0,2.576651642589365e-07,6.07682021656183,-0.20595175697647614,0.011633557051782083,150050.5314845033,-0.09335331060584662,-0.09291443121088153,126.19590160250664,-16543158198.826635,-1040806722.9276026,-203417141.9537705,-16545215166.685202,-1894937142.9003403,16575866849.908522,16654618285.061174,-0.9788005556497448,-0.011387445835412548,0.2044988956867409,-0.011633294639968511,0.9999323309383589,0.0,0.20448505743836312,0.0023789959070720425,0.9788667946472102,4664.5686786907545,-545.8858010908676,-0.1164982323744144,2.7708405546490116e-10,193.48816435562912,0.0,-91.3,2.2,0.0,3.031361133256231e-17,2.295058842331811,1.5707963267948966,17.444617709153576,461.0,0.0014562045737398267,0.019748405247561555,0.0,0.00310005105638797,-1536.6535758932687,-20.199135230626624,321.05605038795363,-0.00882418615687404,0.010440168165645745,-0.07705972867143682,-0.008839946702517709,0.0104268266963049,-0.07705972867143682,-1.0268244022727516e-18,-8.295533404467969e-22,1.174702942219723e-19,-1.0268219776566539e-18,-2.3806433618399237e-21,1.174702942219723e-19,-1536.6624158399711,-20.18870840393032,320.9789906592822,-1057173.8046468776,50.66760763875181,138448.34337345272,-0.07521411967034274,4703.566091534976
21.353561840171654,2001.0,12.0,14.0,14.0,21.0,49.0,1.0,3471029.578909262,45613.51276942733,-725006.0007264524,529.2774503118262,-292.89998621208844,4655.514589721678,3546231.8919240944,4694.650265615431,3471094.6430893233,40359.74388891416,-725006.0007264524,3546231.8919240944,531.6943073597113,-539.740139991064,4655.514589721678,4716.761002033885,20255892.852449853,0.8266084847201294,1.6336281454107016,0.0,2.580956827951792e-07,6.076876363615469,-0.20589572479284313,0.011626858199117764,150031.8919240944,-0.09332792993145261,-0.09288917142345936,126.57006570696831,-16543158173.492832,-1040806719.5426424,-203419463.8141867,-16545213316.594992,-1894948154.6554952,16575866824.412165,16654617728.387611,-0.9788120881192564,-0.011381022200163004,0.20444404732175672,-0.011626596240348296,0.9999324088456499,0.0,0.20443022871259825,0.002376988391952726,0.9788782516302522,4664.59341483719,-545.885453366916,-0.11649754662529731,2.776432422771672e-10,193.46486490511805,0.0,-91.3,2.2,0.0,3.03132302041153e-17,2.2950526180319177,1.5707963267948966,17.44571818302902,461.0,0.001459155616591866,0.0198105002544111,0.0,0.0031063250379512234,-1536.6877897341874,-20.193929935246967,320.9733145375421,-0.008839587674117369,0.010461319732157312,-0.07721574688406109,-0.008855411700419934,0.010447928234961101,-0.07721574688406109,-1.0288932397057925e-18,-8.274564189693107e-22,1.1767464643145676e-19,-1.0288908087007938e-18,-2.3847782776125266e-21,1.1767464643145676e-19,-1536.6966451458877,-20.183482007012007,320.896098790658,-1057173.8385459557,50.82114584371773,138394.05876247614,-0.07512124122173615,4703.6066502591375
21.50632295352787,2001.0,12.0,14.0,14.0,21.0,49.0,1.0,3471110.393027047,45568.768530703244,-724294.8110144337,528.7682163360482,-292.9066712869911,4655.620875489483,3546165.0901372624,4694.698699702154,3471175.8257188434,40277.291255660035,-724294.8110144337,3546165.090137263,531.1760391046719,-539.7575294171094,4655.620875489483,4716.809505521169,20255890.512493264,0.8266084647123546,1.633628145022179,0.0,2.606638622959845e-07,6.077077716125958,-0.20569478419140352,0.011602835986238826,149965.09013726283,-0.0932369105534542,-0.09279858555597606,127.91721215844154,-16543158082.226784,-1040806707.3478421,-203427779.784762,-16545206685.569805,-1894987619.8974442,16575866732.560492,16654615732.864464,-0.9788534198176552,-0.011357985381921686,0.2042473468110302,-0.011602575647806106,0.9999326878537059,0.0,0.20423359848374148,0.0023697952922386674,0.9789193129776604,4664.682067961144,-545.8842073553399,-0.11649508903848059,2.796472958821152e-10,193.38136267157853,0.0,-91.3,2.2,0.0,3.03118641403419e-17,2.295030308517463,1.5707963267948966,17.449663751214487,461.0,0.0014697321813985013,0.020034210521081897,0.0,0.0031288107688103575,-1536.8104145099778,-20.17526097558304,320.6765797419122,-0.008894699298681377,0.010537126865921877,-0.07777491269326112,-0.008910751953093626,0.010523555379857785,-0.07777491269326112,-1.0363075679725135e-18,-8.198084107845124e-22,1.1840586448682773e-19,-1.0363051141285165e-18,-2.3995737160077185e-21,1.1840586448682773e-19,-1536.819325261931,-20.16473742020318,320.5988048292189,-1057173.960670475,50.97468404868364,138339.8407583842,-0.07502836518067922,4703.647158466384
21.657448199960438,2001.0,12.0,14.0,14.0,21.0,49.0,1.0,3471190.2651839578,45524.50243856368,-723591.2212246004,528.2643955945719,-292.91327866098885,4655.725926129824,3546099.066983812,4694.746570338621,3471256.0610831967,40195.71896760533,-723591.2212246004,3546099.066983812,530.6632804663794,-539.7747100437014,4655.725926129824,4716.857444748093,20255888.180785168,0.8266084447750626,1.6336281446350533,1.4901161193847656e-08,2.640492490927786e-07,6.077276919864902,-0.2054959879161765,0.011579071619014485,149899.06698381202,-0.0931468623034681,-0.09270896617494287,129.2581747174263,-16543157991.284164,-1040806695.1965919,-203435990.70976803,-16545200130.992052,-1895026625.9466774,16575866641.034344,16654613759.854725,-0.9788942710040319,-0.011335193464235168,0.20405273726322087,-0.011578812876938316,0.9999329632992208,0.0,0.20403905824092977,0.002362688461797893,0.9789598972457385,4664.769690758385,-545.8829761531584,-0.11649266017355825,2.816279904856396e-10,193.29883372976502,0.0,-91.3,2.2,0.0,3.031051377104576e-17,2.295008255313273,1.5707963267948966,17.45356580814597,461.0,0.0014801860921720598,0.020257114061286295,0.0,0.0031510353122020255,-1536.9316203897743,-20.156788293087676,320.38296468246284,-0.008949037122146607,0.010612054455422869,-0.0783275864454482,-0.008965317465170038,0.010598304011828283,-0.0783275864454482,-1.043635292789712e-18,-8.120451032266922e-22,1.191267844924643e-19,-1.043632816465083e-18,-2.4141604495092293e-21,1.191267844924643e-19,-1536.9405857072395,-20.146189989075847,320.3046370960174,-1057174.0823645238,51.128222253649554,138285.6893611769,-0.0749354915441502,4703.6876161546525
21.701433844517236,2001.0,12.0,14.0,14.0,21.0,49.0,1.0,3471213.498008721,45511.618416933256,-723386.4354468196,528.1177489610828,-292.9152006229243,4655.756483446464,3546079.862490032,4694.760494921703,3471279.399367244,40171.97651918146,-723386.4354468196,3546079.8624900323,530.5140323524055,-539.779706317824,4655.756483446464,4716.871389282217,20255887.49912742,0.8266084389465318,1.633628144521872,0.0,2.640492490927786e-07,6.077334900348743,-0.205438126019525,0.011572155011052809,149879.86249003233,-0.09312065271196526,-0.09268288140771208,129.64997124671936,-16543157964.698137,-1040806691.6441541,-203438377.54774368,-16545198224.276117,-1895037971.9883206,16575866614.27772,16654613185.821112,-0.9789061538308773,-0.011328559445069287,0.2039960924452679,-0.01157189673236631,0.999933043361412,0.0,0.20398243355263268,0.0023606217155828914,0.9789717024853485,4664.795178613483,-545.8826180805642,-0.11649195369142205,2.8215937527687963e-10,193.3,0.0,-91.3,2.2,0.0,3.0310514135969426e-17,2.2950082612729283,1.5707963267948966,17.453564753410117,461.0,0.0014829921079204667,0.02032228234340724,0.0,0.0031569993529147575,-1536.966878108661,-20.151411060159113,320.29749596003023,-0.008963421582604502,0.010632193289205843,-0.07847612368243012,-0.008979765930550589,0.010618392742739216,-0.07847612368243012,-1.0456144449569756e-18,-8.096308471863984e-22,1.1931877483197618e-19,-1.0456119624725707e-18,-2.4180444686128327e-21,1.1931877483197618e-19,-1536.9758578745914,-20.140792667416374,320.2190198363478,-1057174.1179408934,51.28176045861547,138231.60457085422,-0.07484262030912733,4703.728023321887
21.772920729834762,2001.0,12.0,14.0,14.0,21.0,49.0,1.0,3471251.2429825864,45490.678709956825,-723053.6081423435,527.8794069536591,-292.9183231586621,4655.806128753219,3546048.6621033987,4694.783117553341,3471317.31549282,40133.389059090325,-723053.6081423435,3546048.6621033996,530.271462270137,-539.7878223640172,4655.806128753219,4716.894044326906,20255886.388517104,0.8266084294502235,1.633628144337465,1.4901161193847656e-08,2.6614324896770423e-07,6.077429133433816,-0.20534408565993703,0.011560914024841915,149848.66210339917,-0.09307805539986551,-0.09264048696417075,130.28808498382568,-16543157921.382439,-1040806685.8562121,-203442253.8426509,-16545195126.407982,-1895056405.3665955,16575866570.684067,16654612253.09926,-0.978925459368555,-0.011317777301816415,0.20390402869244661,-0.011560656498083193,0.999933173377768,0.0,0.2038904024749496,0.002357264434288675,0.9789908820223965,4664.8365877409105,-545.8820363931679,-0.11649080592609382,2.830260526833566e-10,193.3,0.0,-91.3,2.2,0.0,3.0310485132415707e-17,2.2950077876089505,1.5707963267948966,17.453648582553807,461.0,0.001487568659645736,0.020428460701053117,0.0,0.0031667266101149593,-1537.0241610711594,-20.142671154120148,320.15857904585425,-0.008986874478372694,0.010665037239038753,-0.07871836951658877,-0.009003323291932345,0.0106511549562035,-0.07871836951658877,-1.0488413937985798e-18,-8.056831589880197e-22,1.1963171202258307e-19,-1.0488389012976515e-18,-2.4243752671165825e-21,1.1963171202258307e-19,-1537.0331643944512,-20.132019999163944,320.07986067633766,-1057174.175904708,51.435298663581385,138177.58638741617,-0.07474975147258882,4703.768379966037
21.860445404721982,2001.0,12.0,14.0,14.0,21.0,49.0,1.0,3471297.432685193,45465.04096171574,-722646.1075656593,527.5875817967806,-292.922144369993,4655.866882395133,3546010.481216357,4694.810801908024,3471363.714332745,40086.14387081663,-722646.1075656593,3546010.481216357,529.974460377614,-539.7977523675224,4655.866882395133,4716.921768346105,20255885.024080873,0.826608417783554,1.6336281441109117,0.0,2.6739177770802997e-07,6.077544509577636,-0.20522894546849044,0.011547151350934272,149810.4812163571,-0.09302590047618789,-0.09258858042200828,131.0716288983822,-16543157868.167662,-1040806678.7454815,-203446994.93001997,-16545191335.21108,-1895078963.1135454,16575866517.12781,16654611111.488775,-0.9789490845334425,-0.011304575686721103,0.2037913061435104,-0.011546894742794135,0.9999333323886143,0.0,0.20377771986390864,0.0023531567615356504,0.9790143530818749,4664.887262294407,-545.8813246510902,-0.11648940139296607,2.8408556350928735e-10,193.30060152044638,0.0,-91.30060152044635,2.2,0.0,3.0310459035453667e-17,2.2950073614132176,1.5707963267948966,17.4537240114717,461.0,0.0014931636948299154,0.02055890480308846,0.0,0.0031786185549137758,-1537.0942631637147,-20.13196938376391,319.98847917147015,-0.009015504666977234,0.010705201733354269,-0.07901453254154565,-0.009032081760945193,0.01069121918284817,-0.07901453254154565,-1.052786836055691e-18,-8.007918371483938e-22,1.200137707660693e-19,-1.0527843313365333e-18,-2.432104440073247e-21,1.200137707660693e-19,-1537.1032952454757,-20.12127816458106,319.9094646389286,-1057174.2471159548,51.5888368685473,138123.63481086277,-0.0746568850315129,4703.80868608506
21.892629863498872,2001.0,12.0,14.0,14.0,21.0,49.0,1.0,3471314.4110790286,45455.61339843782,-722496.2606506309,527.4802688848368,-292.9235489879154,4655.889214508816,3545996.446699928,4694.820978205028,3471380.769516343,40068.770713582155,-722496.2606506309,3545996.4466999285,529.8652438529177,-539.8014019205349,4655.889214508816,4716.93195922288,20255884.52102948,0.8266084134821878,1.6336281440273872,0.0,2.6780666046755734e-07,6.077586936165409,-0.20518660564198404,0.011542090608730663,149796.44669992896,-0.09300672183730622,-0.09256949311771492,131.36038827896118,-16543157848.548155,-1040806676.1238978,-203448736.97756094,-16545189941.576921,-1895087254.9499457,16575866497.382408,16654610691.79672,-0.9789577687667944,-0.011299721056086235,0.2037498546630017,-0.011541834337830278,0.9999333908116671,0.0,0.20373628305055963,0.0023516470688773614,0.9790229806928976,4664.905889480004,-545.8810630532164,-0.11648888512159575,2.8450659900213107e-10,193.2830583749112,0.0,-91.2830583749112,2.2,0.0,3.031017196379306e-17,2.2950026731772164,1.5707963267948966,17.45455378885479,461.0,0.0014953861314607676,0.02060699712511141,0.0,0.0031833399998545523,-1537.1200321346917,-20.128033837761798,319.92592542007253,-0.009026994514249945,0.010720827542641044,-0.0791319864031512,-0.009043620232490552,0.010706806538358529,-0.0791319864031512,-1.0543435330043342e-18,-7.990536350416423e-22,1.2016615789096078e-19,-1.0543410235570644e-18,-2.4351836512246044e-21,1.2016615789096078e-19,-1537.129075754924,-20.11732703122344,319.8467934336694,-1057174.2733706906,51.742375073513216,138069.749841194,-0.07456402098287773,4703.84894167692
21.947841232605615,2001.0,12.0,14.0,14.0,21.0,49.0,1.0,3471343.5289047845,45439.44062175015,-722239.2015753294,527.2961729598693,-292.92595792077367,4655.927514316503,3545972.377603259,4694.838430597093,3471410.018929682,40038.967366357094,-722239.2015753294,3545972.377603259,529.6778823056272,-539.8076602340672,4655.927514316503,4716.949436619032,20255883.65633966,0.8266084060886086,1.6336281438838238,1.4901161193847656e-08,2.690474701712704e-07,6.077659718346491,-0.2051139722931104,0.011533409136575225,149772.37760325894,-0.09297382114599627,-0.09253674910793575,131.85656940937042,-16543157814.824594,-1040806671.617799,-203451723.72585678,-16545187551.417208,-1895101475.4758468,16575866463.442451,16654609971.95097,-0.9789726622958146,-0.011291392910798599,0.2036787444079005,-0.011533153443505821,0.999933490974099,0.0,0.20366519793301321,0.00234905821243692,0.9790377771446928,4664.93783528635,-545.8806144446731,-0.11648799972784639,2.852286719022315e-10,193.25297200407368,0.0,-91.25297200407368,2.2,0.0,3.030967961403531e-17,2.294994632495477,1.5707963267948966,17.455977110691038,461.0,0.0014991976599894447,0.02068966471750615,0.0,0.00319143731741225,-1537.1642268265048,-20.121282157516283,319.8186104685535,-0.009046685675065872,0.010747624029035415,-0.07933342134522847,-0.009063394958299071,0.01073353696610863,-0.07933342134522847,-1.05701323146416e-18,-7.960511455078959e-22,1.20427313470412e-19,-1.0570107139190449e-18,-2.4404606293881854e-21,1.20427313470412e-19,-1537.173290221463,-20.110548620550176,319.7392770472083,-1057174.3184996974,51.89591327847913,138015.93147840985,-0.07447115932366154,4703.889146739586
22.06554627675165,2001.0,12.0,14.0,14.0,21.0,50.0,1.0,3471405.5712251086,45404.96145683888,-721691.1706185573,526.9036814305032,-292.9310908111354,4656.009122634419,3545921.0927777854,4694.875617471005,3471472.341179473,39975.428497135945,-721691.1706185573,3545921.0927777854,529.2784286405298,-539.8209923128032,4656.009122634419,4716.986676769471,20255881.80554226,0.8266083902632402,1.6336281435765818,0.0,2.706930357901008e-07,6.077814885871114,-0.20495912204814015,0.01151490138270487,149721.0927777849,-0.09290367862947119,-0.09246694062088942,132.9178468286991,-16543157742.64286,-1040806661.9736421,-203458084.10281324,-16545182458.253426,-1895131775.9811494,16575866390.79759,16654608437.823362,-0.9790043969816624,-0.011273637357175426,0.20352713772691503,-0.01151464691859394,0.9999337042556072,0.0,0.20351364474381528,0.002343543129277467,0.9790693051100567,4665.005904603105,-545.8796587057029,-0.11648611322367326,2.8677835069422106e-10,193.18886597223116,0.0,-91.2,2.2111340277688423,0.0,3.030863044734253e-17,2.294977498303096,1.5707963267948966,17.459010923801227,461.0,0.0015073778094215008,0.020866606218218696,0.0,0.0032088323654573367,-1537.2583985135182,-20.10688664910883,319.5898002707005,-0.009089001756345333,0.010805351390627691,-0.07976612962546456,-0.009105890828576305,0.010791122454121177,-0.07976612962546456,-1.0627483379419166e-18,-7.896272800377339e-22,1.2098856187699257e-19,-1.0627458030311986e-18,-2.4518256709168442e-21,1.2098856187699257e-19,-1537.2675044043467,-20.096095526654707,319.51003414107504,-1057174.415094627,52.04945148344504,137962.17972251037,-0.07437830005084257,4703.929301271033
22.1266650147593,2001.0,12.0,14.0,14.0,21.0,50.0,1.0,3471437.7686848375,45387.05779683552,-721406.5999224866,526.6998694040396,-292.93375462584174,4656.051474937616,3545894.478023668,4694.894916214651,3471504.6836702763,39942.43510792696,-721406.5999224866,3545894.478023668,529.0710014160254,-539.8279096626467,4656.051474937616,4717.006003161206,20255880.840480413,0.8266083820114019,1.6336281434163835,1.4901161193847656e-08,2.7273603108112786e-07,6.07789545889303,-0.20487871376607986,0.011505291311823526,149694.47802366782,-0.09286725604690708,-0.09243069148443253,133.47087839245796,-16543157705.005571,-1040806656.9450307,-203461382.95612985,-16545179814.904953,-1895147500.9113584,16575866352.918821,16654607641.493788,-0.9790208662963786,-0.011264417301608251,0.20344841178820647,-0.011505037484287838,0.9999338148660066,0.0,0.20343494652781152,0.002340681603742143,0.979085667212454,4665.041230539978,-545.8791627832534,-0.1164851342222537,2.876100617603807e-10,193.15559752958475,0.0,-91.2,2.2444024704152303,0.0,3.0308085918153377e-17,2.2949686054665723,1.5707963267948966,17.460585937517717,461.0,0.0015117676233431516,0.020958869816070185,0.0,0.003218209468574559,-1537.30727227807,-20.09941086883269,319.4709760706415,-0.009111962539959969,0.010836884038470393,-0.07999932480909636,-0.009128947789078721,0.010822579602717777,-0.07999932480909636,-1.0658401821083748e-18,-7.864028639833143e-22,1.2129319440465815e-19,-1.0658376378201937e-18,-2.4580545453089005e-21,1.2129319440465815e-19,-1537.3164012258592,-20.08858828922997,319.3909767458324,-1057174.4654621556,52.20298968841096,137908.49457349547,-0.07428544316139896,4703.969405269244
22.218752606675253,2001.0,12.0,14.0,14.0,21.0,50.0,1.0,3471486.257067685,45360.08204805737,-720977.8324173748,526.3927736204006,-292.93776631535934,4656.11525733611,3545854.3970234403,4694.923979858642,3471553.3901541554,39892.72317605427,-720977.8324173748,3545854.3970234403,528.758458503529,-539.8383250912319,4656.11525733611,4717.035108442001,20255879.381099805,0.8266083695328358,1.633628143174134,1.4901161193847656e-08,2.747638361839329e-07,6.078016860529013,-0.2047575603325342,0.011490812003207269,149654.39702344034,-0.09281237705634446,-0.09237607382531433,134.30674239993095,-16543157648.090479,-1040806649.3408009,-203466348.44339043,-16545175833.837887,-1895171182.4176857,16575866295.638565,16654606442.009626,-0.9790456689559344,-0.01125052489733987,0.2033297907050549,-0.01149055913278105,0.9999339813461767,0.0,0.20331636714599038,0.002336372983552428,0.979110308500446,4665.094431226414,-545.8784160261201,-0.11648365989957389,2.8886259301748956e-10,193.1054962793004,0.0,-91.2,2.2945037206995824,0.0,3.03072658042703e-17,2.294955211990452,1.5707963267948966,17.46295861725405,461.0,0.0015183787464628311,0.0210983892894787,0.0,0.003232331873302403,-1537.3808778353662,-20.088145996761465,319.2919259423852,-0.009146500569217087,0.01088437333571402,-0.08035052990756172,-0.00916363121016089,0.010869954858142516,-0.08035052990756172,-1.0704965069507152e-18,-7.814824032242488e-22,1.217514181324271e-19,-1.0704939485697823e-18,-2.4674245491181965e-21,1.217514181324271e-19,-1537.3900414665763,-20.07727604190332,319.21157541247766,-1057174.5416286811,52.35652789337687,137854.87603136525,-0.0741925886523089,4704.009458732209
22.258488860520075,2001.0,12.0,14.0,14.0,21.0,50.0,1.0,3471507.1713116886,45348.44176423338,-720792.8152929506,526.260255720075,-292.9394966814558,4656.14276869013,3545837.1090924162,4694.9365158532155,3471574.398354914,39871.27193408541,-720792.8152929506,3545837.1090924162,528.6235900989802,-539.8428168232315,4656.14276869013,4717.047662395427,20255878.749435313,0.8266083641317256,1.6336281430692803,1.4901161193847656e-08,2.7516760397880447e-07,6.078069246784059,-0.20470528117393544,0.011484564177638039,149637.10909241624,-0.09278869609384925,-0.09235250562872294,134.6683742403984,-16543157623.456106,-1040806646.0494628,-203468489.25932413,-16545174116.60773,-1895181396.9309409,16575866270.846138,16654605924.556154,-0.9790563670995845,-0.011244530052394529,0.20327860336411308,-0.011484311719460624,0.9999340531176695,0.0,0.2032651977739767,0.0023345148469300714,0.979120937072809,4665.11737834324,-545.8780939634705,-0.11648302399622808,2.893580807662157e-10,193.1,0.0,-91.2,2.3,0.0,3.030716385319845e-17,2.294953547003095,1.5707963267948966,17.463253619640724,461.0,0.001520995290474008,0.021158777552620685,0.0,0.0032379008764941166,-1537.4126269177955,-20.083284734519413,319.2146583422722,-0.009159894857599814,0.01090315439040996,-0.08048917133675665,-0.009177085729645712,0.010888688946523018,-0.08048917133675665,-1.0723407867752454e-18,-7.791783635680332e-22,1.2192985954993584e-19,-1.0723382227800483e-18,-2.4710454471707893e-21,1.2192985954993584e-19,-1537.421804003525,-20.07239604557289,319.1341691709354,-1057174.5745958798,52.51006609834279,137801.32409611964,-0.0740997365205506,4704.049461657924
22.301327599049966,2001.0,12.0,14.0,14.0,21.0,50.0,1.0,3471529.712577061,45335.89256578114,-720593.3513751721,526.1173881626459,-292.94136167806903,4656.172420572444,3545818.4762486373,4694.950027168376,3471597.040808272,39848.145645117234,-720593.3513751721,3545818.4762486373,528.4781884894835,-539.8476575155219,4656.172420572444,4717.06119306646,20255878.067259036,0.8266083582987058,1.6336281429560415,1.4901161193847656e-08,2.7597336735505153e-07,6.078125723767915,-0.20464891964566317,0.011477828587005483,149618.4762486373,-0.09276316592098245,-0.09232709702623002,135.0588192641735,-16543157596.851967,-1040806642.494931,-203470795.9973972,-16545172265.724703,-1895192406.14336,16575866244.071304,16654605366.79369,-0.9790678975989517,-0.011238067011054467,0.20322341828889587,-0.01147757657275881,0.9999341304486093,0.0,0.2032100320535011,0.002332512344788596,0.9791323926104051,4665.142110858743,-545.877746867923,-0.11648233862869052,2.898756597600749e-10,193.1,0.0,-91.2,2.3,0.0,3.030714654182191e-17,2.2949532642868613,1.5707963267948966,17.46330371231665,461.0,0.0015237290146916335,0.021223994757986357,0.0,0.0032437110653332564,-1537.446846711149,-20.078043640408108,319.1313534834637,-0.009173774721362422,0.010922770828207065,-0.08063387730647356,-0.009191029648724595,0.010908255552566823,-0.08063387730647356,-1.0742682282002592e-18,-7.766222166343289e-22,1.22115073443745e-19,-1.074265658329263e-18,-2.474792311828915e-21,1.22115073443745e-19,-1537.4560377407977,-20.06713538485554,319.05071960615726,-1057174.6101993434,52.6636043033087,137747.83876775866,-0.07400688676310217,4704.089414044393
22.372027897557288,2001.0,12.0,14.0,14.0,21.0,50.0,1.0,3471566.900898185,45315.18141528906,-720264.1568656832,525.8815951094465,-292.94443856643414,4656.221340555793,3545787.73599661,4694.972318172819,3471634.395890843,39809.97797228094,-720264.1568656832,3545787.73599661,528.2382132186414,-539.8556425593347,4656.221340555793,4717.0835160038,20255876.938757323,0.8266083486493248,1.6336281427687127,1.4901161193847656e-08,2.7717762049642705e-07,6.078218933681087,-0.20455590027245335,0.011466712391309766,149587.73599661002,-0.09272103075345235,-0.09228516249643613,135.70448258519173,-16543157552.841955,-1040806636.6147808,-203474600.21559024,-16545169212.022623,-1895210569.15709,16575866199.77892,16654604446.48383,-0.9790869206994633,-0.011227400210151495,0.20313233912837128,-0.011466461108573005,0.9999342579738157,0.0,0.20311898479681342,0.0023292090665089317,0.9791512920893463,4665.1829148017905,-545.8771742834795,-0.11648120793043276,2.907295556497213e-10,193.1,0.0,-91.2,2.3,0.0,3.030711798169159e-17,2.2949527978645365,1.5707963267948966,17.463386355347676,461.0,0.0015282391841486504,0.021331881537979176,0.0,0.003253296793112615,-1537.5033039354194,-20.069393197179583,318.9938585371151,-0.009196652353536885,0.010955134673369645,-0.08087261730461075,-0.009214013239680012,0.01094053701801163,-0.08087261730461075,-1.0774481720138976e-18,-7.723717853449826e-22,1.224203588310825e-19,-1.0774455924691734e-18,-2.480968161059335e-21,1.224203588310825e-19,-1537.512517948659,-20.05845266016157,318.91298591981047,-1057174.669096982,52.817142508274614,137694.42004628232,-0.07391403937694185,4704.129315889623
22.44708650617486,2001.0,12.0,14.0,14.0,21.0,50.0,1.0,3471606.3634440633,45293.19329078149,-719914.6654220554,525.6312571487717,-292.9477036718119,4656.273253087004,3545755.11584677,4694.995972627859,3471674.0351545634,39769.456840916995,-719914.6654220554,3545755.11584677,527.9834351425607,-539.864114457068,4656.273253087004,4717.107204344299,20255875.737034183,0.8266083383738441,1.6336281425692276,0.0,2.7797755757239e-07,6.078317891270878,-0.2044571449603519,0.011454911081342643,149555.11584676988,-0.09267629732396152,-0.09224064207314853,136.39171370863914,-16543157505.976868,-1040806630.3531038,-203478635.15457454,-16545165971.38587,-1895229843.1089356,16575866152.613134,16654603469.728123,-0.9791071074364043,-0.011216075431486632,0.20303564174654823,-0.011454660573649713,0.9999343932234467,0.0,0.2030223212325678,0.0023257043605598537,0.979171347712221,4665.226214791454,-545.8765667508093,-0.11648000810318089,2.9165262978844086e-10,193.09389480846235,0.0,-91.2,2.3,0.0,3.030699227061774e-17,2.2949507448469,1.5707963267948966,17.463750128878868,461.0,0.0015331143768531732,0.021446768423832443,0.0,0.0032636586999063074,-1537.5632162136956,-20.06020863485051,318.84787400481946,-0.009221430092598385,0.010990110478229996,-0.08113062756658096,-0.009238904804594994,0.010975424332936353,-0.08113062756658096,-1.0808821306913189e-18,-7.678582360771007e-22,1.2275068563336114e-19,-1.0808795407665734e-18,-2.487650762814467e-21,1.2275068563336114e-19,-1537.5724551185,-20.049233210517574,318.76674337725285,-1057174.7318161335,52.97068071324053,137641.06793169063,-0.07382119435904765,4704.169167191636
22.484267648195658,2001.0,12.0,14.0,14.0,21.0,50.0,1.0,3471625.9047090504,45282.301130547276,-719741.5393870254,525.5072457568888,-292.9493205230955,4656.298959734369,3545738.9628343787,4695.007686059876,3471693.663835325,39749.38399862125,-719741.5393870254,3545738.9628343787,527.8572242560189,-539.8683090551305,4656.298959734369,4717.118934555783,20255875.140255917,0.8266083332710141,1.633628142470162,1.4901161193847656e-08,2.7957056521317034e-07,6.0783669117198045,-0.20440822470880185,0.011449065221367129,149538.9628343787,-0.09265413778462088,-0.09221858804893869,136.73286989331245,-16543157482.703741,-1040806627.2435409,-203480632.46274787,-16545164366.595415,-1895239387.3555863,16575866129.190681,16654602985.986488,-0.9791171037193714,-0.011210465410811443,0.20298774019497512,-0.011448815097006536,0.9999344601687026,0.0,0.2029744364127273,0.0023239691044514717,0.9791812790952129,4665.247656571444,-545.8762659353584,-0.11647941397346544,2.921574114256653e-10,193.0737035429734,0.0,-91.2,2.3,0.0,3.030666173031331e-17,2.294945346714073,1.5707963267948966,17.46470669725294,461.0,0.001535779016626452,0.021503821607849784,0.0,0.0032693234925248106,-1537.5928848168587,-20.055658627279158,318.7755536584437,-0.009235178269434334,0.011009206444490667,-0.08127150418546444,-0.009252712323481162,0.01099447401491071,-0.08127150418546444,-1.0827497610579675e-18,-7.657237927804587e-22,1.2293308895137294e-19,-1.0827471656031476e-18,-2.4913414784386026e-21,1.2293308895137294e-19,-1537.6021375291823,-20.044664153264247,318.69428215425825,-1057174.7629625946,53.124218918206445,137587.78242398356,-0.07372835170639777,4704.208967948454
22.57949503070597,2001.0,12.0,14.0,14.0,21.0,50.0,1.0,3471675.9322653725,45254.404136432466,-719298.1290909587,525.1896200614628,-292.9534598803322,4656.364772283964,3545697.609537246,4695.037673889663,3471743.914905723,39697.97324135181,-719298.1290909587,3545697.609537246,527.533965173137,-539.8790459462492,4656.364772283964,4717.1489653423305,20255873.607111014,0.8266083201616448,1.633628142215656,1.4901161193847656e-08,2.811545470969866e-07,6.078492463661317,-0.2042829293803149,0.011434093119082637,149497.60953724617,-0.09259738237013947,-0.0921621028772961,137.60893964767456,-16543157422.914772,-1040806619.2549396,-203485743.55244678,-16545160257.9392,-1895263821.7823455,16575866069.018084,16654601747.351295,-0.9791426955212983,-0.011196096681953892,0.20286505176193953,-0.011433843974708455,0.9999346314694586,0.0,0.20285179077160764,0.002319527349767171,0.979206704824689,4665.302550445523,-545.8754958954945,-0.11647789296380864,2.9344970196105675e-10,193.02201192155772,0.0,-91.2,2.3,0.0,3.030581545265159e-17,2.29493152595102,1.5707963267948966,17.467156280872043,461.0,0.0015426009326050258,0.02165039451348357,0.0,0.003283826172887389,-1537.6688421760566,-20.04400427041827,318.5903128397622,-0.009270337528272115,0.011058095134001293,-0.08163216936321926,-0.009288023994856865,0.01104324391434313,-0.08163216936321926,-1.0875310262615513e-18,-7.602012311435692e-22,1.2339955420707588e-19,-1.0875284166806943e-18,-2.5007797577791365e-21,1.2339955420707588e-19,-1537.6781302000516,-20.032961026503926,318.508680670399,-1057174.8429789953,53.27775712317236,137534.5635231611,-0.07363551141597034,4704.248718158107
22.649414730404697,2001.0,12.0,14.0,14.0,21.0,50.0,1.0,3471712.645212439,45233.9208122932,-718972.5557759142,524.9563967581798,-292.9564976204141,4656.4130700422365,3545667.262234141,4695.05968086195,3471780.79162409,39660.224785159946,-718972.5557759142,3545667.2622341416,527.2966055245479,-539.8869237120375,4656.4130700422365,4717.171003838331,20255872.477067072,0.8266083104990344,1.633628142028068,0.0,2.8194320095218066e-07,6.078584650707715,-0.2041909307403752,0.011423100160886433,149467.26223414158,-0.09255570941532629,-0.09212062834562447,138.25430795550346,-16543157378.84625,-1040806613.3668056,-203489492.32080784,-16545157242.565945,-1895281753.2960277,16575866024.666803,16654600838.179646,-0.9791614764879275,-0.011185546147432302,0.20277496521850338,-0.011422851734415134,0.9999347571008088,0.0,0.20276173559188915,0.00231626836314215,0.9792253639896358,4665.342835305008,-545.8749308688664,-0.11647677678299936,2.9441397739039775e-10,192.984077792677,0.0,-91.18407779267702,2.3,0.0,3.0305194351200654e-17,2.2949213825945622,1.5707963267948966,17.46895453645843,461.0,0.0015476910886536082,0.021758428695470358,0.0,0.0032946444551630615,-1537.7245864089537,-20.035446271355394,318.45428725056644,-0.009296600400463668,0.011094288439811834,-0.08190124390517763,-0.009314399670514876,0.011079348977695217,-0.08190124390517763,-1.0910978243779152e-18,-7.561309520235708e-22,1.2374795855250772e-19,-1.0910952043276348e-18,-2.5078256465137614e-21,1.2374795855250772e-19,-1537.7339008086242,-20.0243669223777,318.37238600666126,-1057174.9019571524,53.431295328138276,137481.41122922333,-0.07354267348474337,4704.288417818639
22.712528596274236,2001.0,12.0,14.0,14.0,21.0,50.0,1.0,3471745.7705964297,45215.431108696575,-718678.6701706898,524.7458676490907,-292.9592385539738,4656.456648847437,3545639.880447936,4695.079537522705,3471814.0645898767,39626.15020998259,-718678.6701706898,3545639.8804479362,527.0823426277068,-539.8940305402748,4656.456648847437,4717.190888942107,20255871.45378089,0.8266083017492625,1.6336281418582148,0.0,2.835139273172693e-07,6.078667865815788,-0.20410788569290694,0.011413177342528303,149439.88044793624,-0.09251809216898238,-0.09208319020847221,138.83840557932854,-16543157338.941326,-1040806608.0351697,-203492873.2882778,-16545154521.691706,-1895297932.6998374,16575865984.505846,16654600017.707747,-0.9791784224153264,-0.011176022254402342,0.2026936447025455,-0.011412929562888245,0.9999348703984637,0.0,0.2026804433462321,0.0023133282898352477,0.9792422000696244,4665.379184095586,-545.8744211074461,-0.11647576968837216,2.953038854420719e-10,192.94985055992032,0.0,-91.14985055992031,2.3,0.0,3.0304633902078884e-17,2.2949122297658096,1.5707963267948966,17.470577516707298,461.0,0.0015523883649407229,0.0218562581809566,0.0,0.0033046242579424724,-1537.774885231772,-20.027720627693267,318.33149157992426,-0.009320889166040243,0.011127336048299307,-0.08214950794071298,-0.009338791173664224,0.011112315770894868,-0.08214950794071298,-1.094388496613269e-18,-7.524632426272097e-22,1.240701402315487e-19,-1.0943858669731805e-18,-2.5143368395097168e-21,1.240701402315487e-19,-1537.7842240229456,-20.016608311922372,318.24934207198356,-1057174.9553635176,53.58483353310419,137428.32554217015,-0.07344983790969503,4704.32806692809
22.818559346824568,2001.0,12.0,14.0,14.0,21.0,50.0,1.0,3471801.39104298,45184.36817675169,-718184.9386978783,524.392165056036,-292.9638409073557,4656.529822939655,3545593.9040093096,4695.112879024077,3471869.932442065,39568.904208126536,-718184.9386978783,3545593.904009309,526.7223671637682,-539.9059611222896,4656.529822939655,4717.224278201366,20255869.72767705,0.8266082869899171,1.6336281415717422,0.0,2.8585383434967613e-07,6.078807669365252,-0.20396836782968938,0.011396507325578594,149393.90400930913,-0.09245489413644964,-0.09202029307812692,139.8229855298996,-16543157271.629433,-1040806599.0423477,-203498547.08504695,-16545149952.756273,-1895325099.6572924,16575865916.762114,16654598639.752552,-0.9792068766014409,-0.011160021502570432,0.20255702095092293,-0.011396260630065103,0.9999350605132573,0.0,0.20254386700194624,0.002308392603206275,0.9792704699231399,4665.440218075918,-545.8735652821681,-0.11647407871692575,2.9677610639773656e-10,192.9,0.0,-91.1,2.306773322989867,0.0,3.0303811900352164e-17,2.2948988054588613,1.5707963267948966,17.472958481331872,461.0,0.0015601601436670727,0.022021277252567643,0.0,0.0033211459976275567,-1537.8593454043705,-20.014740199736615,318.1251734487608,-0.009360971488275539,0.011182152292444436,-0.08256057292678878,-0.009379045621729275,0.011166996924923405,-0.08256057292678878,-1.0998400035826222e-18,-7.461876420235199e-22,1.2460217470235124e-19,-1.0998373580341437e-18,-2.5251037789353387e-21,1.2460217470235124e-19,-1537.8687244499922,-20.00357320281169,318.042612875834,-1057175.045450678,53.73837173807011,137375.3064620016,-0.07335700468780332,4704.3676654845185
22.84317458419688,2001.0,12.0,14.0,14.0,21.0,50.0,1.0,3471814.298069951,45177.15678912183,-718070.3169019682,524.3100495570625,-292.9649089235579,4656.546803642056,3545583.2349268277,4695.120616175495,3471882.896809591,39555.6142606652,-718070.3169019682,3545583.2349268277,526.6387953810447,-539.9087292462561,4656.546803642056,4717.23202643518,20255869.32577294,0.826608283553364,1.6336281415050429,0.0,2.8585383434967613e-07,6.078840125538346,-0.20393597797664206,0.01139263739155684,149383.23492682772,-0.092440222346945,-0.09200569114368559,140.05212578177452,-16543157255.956747,-1040806596.948521,-203499863.15639946,-16545148892.450361,-1895331403.9530709,16575865900.988882,16654598319.937553,-0.9792134796353871,-0.011156306773737757,0.20252530241806252,-0.01139239094726955,0.9999351046085464,0.0,0.20251215945928283,0.002307247421860563,0.9792770302016035,4665.45438154942,-545.8733667029024,-0.11647368632308089,2.9708432433608804e-10,192.9,0.0,-91.1,2.31862785908031,0.0,3.030380199339386e-17,2.2948986436659538,1.5707963267948966,17.47298718138083,461.0,0.0015617881413244024,0.02205970071030995,0.0,0.003324622488006063,-1537.878945564108,-20.011726515747885,318.07727228152396,-0.009369283653893874,0.011193859470542685,-0.08264715748591651,-0.009387396216456772,0.01117867426435864,-0.08264715748591651,-1.100993144830832e-18,-7.446689068867927e-22,1.2471307748936612e-19,-1.1009904958223983e-18,-2.5273711670063944e-21,1.2471307748936612e-19,-1537.8883329603245,-20.000547841483527,317.99462512403807,-1057175.0664264765,53.89190994303602,137322.35398871772,-0.07326417381604625,4704.407213485987
22.87845884005456,2001.0,12.0,14.0,14.0,21.0,50.0,1.0,3471832.7958832597,45166.81971331347,-717906.0136837813,524.1923407908547,-292.9664395698438,4656.57113984624,3545567.9444423183,4695.131704788156,3471901.4767541355,39536.563912935206,-717906.0136837813,3545567.9444423183,526.5189991154472,-539.9126961219043,4656.57113984624,4717.243130930614,20255868.748934805,0.826608278621003,1.6336281414093117,0.0,2.8662955852853374e-07,6.078886649578062,-0.20388954900056733,0.011387090133706274,149367.9444423183,-0.0924191911793238,-0.09198476010853492,140.38093674182892,-16543157233.462402,-1040806593.9433353,-203501748.92447868,-16545147372.826593,-1895340439.043849,16575865878.350227,16654597861.55886,-0.9792229428846075,-0.011150981882862749,0.2024798353699863,-0.0113868440492352,0.9999351677896915,0.0,0.20246670815471635,0.0023056063084728514,0.9792864321885315,4665.474680185725,-545.8730821203281,-0.11647312396403238,2.975260494441388e-10,192.9,0.0,-91.1,2.3356172863130316,0.0,3.030378779514935e-17,2.2948984117910247,1.5707963267948966,17.47302831327879,461.0,0.0015641213476450739,0.02211484829075857,0.0,0.0033296049482965935,-1537.9070361677745,-20.00740643984682,318.0086065955149,-0.009381190719528785,0.011210638046887472,-0.08277124992792997,-0.009399358434075583,0.011195410031002266,-0.08277124992792997,-1.1026458184573983e-18,-7.424832899534114e-22,1.2487194547164336e-19,-1.1026431644957186e-18,-2.530619269855484e-21,1.2487194547164336e-19,-1537.9164355262087,-19.996211029815818,317.92583534558696,-1057175.0965322647,54.04544814800193,137269.46812231845,-0.07317134529140192,4704.4467109305615
22.980336785120375,2001.0,12.0,14.0,14.0,21.0,50.0,1.0,3471886.1822088906,45136.97266941816,-717431.6082067231,523.8524624865947,-292.9708572162607,4656.641377400831,3545523.814751337,4695.163707833072,3471955.0998079046,39481.55813375574,-717431.6082067231,3545523.814751337,526.1730933642506,-539.9241429958125,4656.641377400831,4717.275179814272,20255867.078553688,0.8266082643380861,1.633628141132098,1.4901161193847656e-08,2.88559745714622e-07,6.07902098294307,-0.20375549010688024,0.01137107344759663,149323.81475133635,-0.09235846579158676,-0.09192432383837966,141.33265885710716,-16543157168.324928,-1040806585.2410941,-203507188.96921924,-16545142986.81074,-1895366515.3578024,16575865812.794868,16654596538.418886,-0.9792502550293568,-0.011135606527162688,0.2023485514952153,-0.011370828400062845,0.9999353500409396,0.0,0.2023354696696452,0.002300870656053373,0.9793135676114102,4665.533264745591,-545.8722608754473,-0.11647150096893637,2.9880090718361645e-10,192.9,0.0,-91.1,2.3846502762929394,0.0,3.030374681772962e-17,2.294897742578975,1.5707963267948966,17.473147024788037,461.0,0.0015708553718438009,0.02227454081869147,0.0,0.0033439854242877445,-1537.9881112487817,-19.994931774854354,317.81032734028906,-0.00941551865201416,0.011259064724973034,-0.0831294119038554,-0.009433846048944976,0.011243712851739139,-0.0831294119038554,-1.1074158425759965e-18,-7.361157217685585e-22,1.2532996815619976e-19,-1.1074131743550204e-18,-2.5399841726212474e-21,1.2532996815619976e-19,-1537.9975450948307,-19.983688062002614,317.7271979283852,-1057175.1837112177,54.19898635296785,137216.64886280382,-0.07307851911084823,4704.486157816324
23.053594907975302,2001.0,12.0,14.0,14.0,21.0,51.0,1.0,3471924.5497044264,45115.51005807533,-717090.4695516409,523.6080526202942,-292.9740321350414,4656.691856501277,3545492.0997810555,4695.186707968021,3471993.6371497414,39442.00400326541,-717090.4695516409,3545492.0997810555,525.9243491977479,-539.9323678673368,4656.691856501277,4717.298212892122,20255865.87289162,0.8266082540288262,1.633628140932013,1.4901161193847656e-08,2.897116854075141e-07,6.079117581084967,-0.20365908932157636,0.011359556377320777,149292.09978105593,-0.09231479855272642,-0.0918808644976339,142.0191864669323,-16543157121.30997,-1040806578.9600239,-203511096.35402104,-16545139834.454304,-1895385256.0130591,16575865765.478292,16654595587.30555,-0.9792698839645271,-0.011124549961823655,0.20225414395816124,-0.011359312073611237,0.9999354809332521,0.0,0.20224109470954718,0.0022974679394018463,0.9793330696202143,4665.575368914388,-545.8716707445031,-0.11647033458153697,2.997593818420024e-10,192.8776247263199,0.0,-91.1,2.4,0.0,3.030336755564747e-17,2.2948915487591335,1.5707963267948966,17.4742458256983,461.0,0.00157591702236454,0.022389801198494912,0.0,0.0033547661115990346,-1538.0463808577197,-19.985960516129342,317.66773316988076,-0.009441351968902648,0.011295388322063763,-0.08339768956821299,-0.009459797072657362,0.01127994519893867,-0.08339768956821299,-1.110978826183424e-18,-7.315244318940464e-22,1.2567349682868777e-19,-1.110976147503666e-18,-2.5469656075395506e-21,1.2567349682868777e-19,-1538.0558406547923,-19.974680570930403,317.5843354803126,-1057175.2466360033,54.35252455793376,137163.8962101738,-0.07298569527136324,4704.525554141355
23.125606952556236,2001.0,12.0,14.0,14.0,21.0,51.0,1.0,3471962.247140084,45094.412286675935,-716755.1298639982,523.3677909967149,-292.97715165503814,4656.741454853304,3545460.938689335,4695.209306665034,3472031.501233243,39403.12207856052,-716755.1298639982,3545460.9386893352,525.6798269167482,-539.9404476879301,4656.741454853304,4717.320843956443,20255864.683894835,0.8266082438620533,1.6336281407346873,0.0,2.9124051758188207e-07,6.079212537828122,-0.20356432656979218,0.011348235340963282,149260.93868933478,-0.0922718732633293,-0.09183814357029216,142.6959188580513,-16543157074.945345,-1040806572.7657001,-203514933.66750938,-16545136736.957993,-1895403669.5567107,16575865718.816214,16654594652.630598,-0.9792891703713884,-0.011113681058668445,0.20216133875359066,-0.011347991766948746,0.9999356094683584,0.0,0.20214832147751094,0.002294125207771083,0.9793522313822315,4665.6167384347955,-545.871090983351,-0.11646918858130097,3.00733165958288e-10,192.8386733616685,0.0,-91.1,2.4,0.0,3.0302729619159755e-17,2.2948811304656607,1.5707963267948966,17.476094383172168,461.0,0.0015810586799190382,0.02250347135487668,0.0,0.003365696365307004,-1538.1036351577975,-19.97714103042844,317.5275513637618,-0.009467611162269926,0.011332230066795844,-0.08366952227634977,-0.009486174198663044,0.011316695563606427,-0.08366952227634977,-1.1145816896103293e-18,-7.269960255197195e-22,1.2602184490514338e-19,-1.1145790004979683e-18,-2.5540138581468174e-21,1.2602184490514338e-19,-1538.1131213319961,-19.965824334864834,317.44388184148545,-1057175.3086910155,54.506062762899674,137111.21016442846,-0.07289287376992482,4704.564899903752
23.216366608212645,2001.0,12.0,14.0,14.0,21.0,51.0,1.0,3472009.7340784897,45067.82160294567,-716332.4827777258,523.0649669362866,-292.9810813399923,4656.803934383594,3545421.6854927596,4695.237774271899,3472079.197767544,39354.116807619146,-716332.4827777258,3545421.6854927596,525.371632865119,-539.950623734262,4656.803934383594,4717.349352335579,20255863.17980504,0.8266082310009942,1.6336281404850723,1.4901161193847656e-08,2.9351883535969673e-07,6.079332217974941,-0.2034448909067954,0.011333967177590018,149221.68549275957,-0.09221777167040315,-0.09178429954326629,143.55151584744453,-16543157016.294367,-1040806564.9299301,-203519764.89303312,-16545132834.806591,-1895426865.0965247,16575865659.788956,16654593474.98542,-0.9793134655814512,-0.011099981976375123,0.20204436772890288,-0.011333724521155476,0.9999357712815752,0.0,0.2020313906780987,0.0022899152048904206,0.9793763696705307,4665.668851991433,-545.8703607558098,-0.11646774500472658,3.0198061461936403e-10,192.78960686594948,0.0,-91.1,2.4,0.0,3.0301925947141414e-17,2.2948680055055677,1.5707963267948966,17.47842377197364,461.0,0.0015876450427841215,0.022647262145083565,0.0,0.003379697986754885,-1538.1757608908251,-19.966024318823468,317.35085617203333,-0.009501299711317863,0.011379423707830452,-0.08401773776048502,-0.009520013168404425,0.01136377267460191,-0.08401773776048502,-1.1191971442350355e-18,-7.212732546566596e-22,1.2646876853249037e-19,-1.1191944418369854e-18,-2.5630568010200624e-21,1.2646876853249037e-19,-1538.1852809039935,-19.954660546148865,317.26683843427287,-1057175.3871910814,54.65960096786559,137058.59072556772,-0.07280005460351097,4704.604195101613
23.2659302730052,2001.0,12.0,14.0,14.0,21.0,51.0,1.0,3472035.6549968347,45053.3003336779,-716101.673663279,522.8995893312969,-292.98322640499657,4656.838039612944,3545400.258992432,4695.253313577836,3472105.2329400307,39327.35473825884,-716101.673663279,3545400.258992432,525.2033226649094,-539.9561774276696,4656.838039612944,4717.364913897025,20255862.355711225,0.8266082239543863,1.6336281403483044,1.4901161193847656e-08,2.9427435484724594e-07,6.079397576177189,-0.20337966621102177,0.011326175452173282,149200.25899243169,-0.09218822636496417,-0.09175489489415972,144.0200923383236,-16543156984.159689,-1040806560.636658,-203522400.81830448,-16545130704.668156,-1895439526.5850623,16575865627.448112,16654592832.042723,-0.9793267273937553,-0.011092500667170168,0.2019804877734138,-0.011325933295847317,0.999935859560491,0.0,0.20196753265615577,0.002287617531584389,0.9793895458696779,4665.697298808838,-545.869962200394,-0.11646695703451337,3.027037590054305e-10,192.7628237405396,0.0,-91.1,2.4,0.0,3.0301487225851827e-17,2.294860840643178,1.5707963267948966,17.47969564747649,461.0,0.001591462302391564,0.022726047021466324,0.0,0.003387813484356647,-1538.2151325291265,-19.959952958405342,317.2543545954151,-0.009520995738788767,0.011406776136299304,-0.08421956308776644,-0.009539794200194454,0.011391059138623476,-0.08421956308776644,-1.121872952688525e-18,-7.1821709430115975e-22,1.2673011672211134e-19,-1.121870242680445e-18,-2.56834537857788e-21,1.2673011672211134e-19,-1538.2246723233268,-19.948561899266718,317.1701350323274,-1057175.4302014317,54.813139172831505,137006.03789359162,-0.07270723776909953,4704.643439733051
23.389283826794486,2001.0,12.0,14.0,14.0,21.0,51.0,1.0,3472100.1311330935,45017.15948235656,-715527.2309084827,522.4879808187359,-292.9885621745995,4656.922875227128,3545346.962348518,4695.291966798112,3472169.992799821,39260.74837287262,-715527.2309084827,3545346.9623485184,524.7844153736422,-539.9699888993282,4656.922875227128,4717.403622475472,20255860.29617122,0.8266082063437801,1.6336281400064936,0.0,2.9615472129511627e-07,6.079560242437473,-0.2032173322029645,0.011306783759063622,149146.9623485189,-0.09211469266484736,-0.09168171125846007,145.19048511981964,-16543156903.85101,-1040806549.9070549,-203528953.73465368,-16545125405.702929,-1895471021.3506894,16575865546.624187,16654591232.3967,-0.9793597156143433,-0.011073880438168853,0.20182149688235343,-0.011306542844401102,0.9999360790015068,0.0,0.2018085962507553,0.0022819034014214925,0.9794223212670652,4665.768059263142,-545.8689709549775,-0.11646499705856901,3.045025207374879e-10,192.69620293564859,0.0,-91.1,2.4,0.0,3.0300395838845866e-17,2.294843016940757,1.5707963267948966,17.482860466849882,461.0,0.001600957738798757,0.02292294509908512,0.0,0.003408000573814968,-1538.3130709468867,-19.944840941557267,317.01415580020836,-0.009569920063234781,0.011474815097527118,-0.08472159989846459,-0.009588930856702513,0.011458933482855998,-0.08472159989846459,-1.1285287106245462e-18,-7.105095999083842e-22,1.2737928221837011e-19,-1.1285259817481973e-18,-2.5814815629818684e-21,1.2737928221837011e-19,-1538.3226598777435,-19.93338200807441,316.9294342003099,-1057175.537691068,54.96667737779742,136953.55166850018,-0.07261442326366839,4704.682633796182
23.406443346929773,2001.0,12.0,14.0,14.0,21.0,51.0,1.0,3472109.096284727,45012.13193287667,-715447.3202457087,522.4307205253866,-292.98930410337005,4656.934671473739,3545339.5516608916,4695.29734143024,3472178.997348458,39251.48273051923,-715447.3202457087,3545339.551660892,524.7261397399521,-539.9719090040353,4656.934671473739,4717.40900480487,20255860.008701015,0.8266082038856927,1.6336281399587893,1.4901161193847656e-08,2.965293637235831e-07,6.07958287107333,-0.20319474978448596,0.011304086242042469,149139.5516608921,-0.09210446332142957,-0.09167153061199422,145.35375249385834,-16543156892.641619,-1040806548.4095198,-203529864.47038898,-16545124668.854782,-1895475400.6142187,16575865535.342884,16654591009.929125,-0.9793643025593529,-0.011071290114406959,0.20179937910616821,-0.011303845499766797,0.9999361094974606,0.0,0.20178648604242497,0.0022811090033649935,0.9794268786348295,4665.777898377378,-545.8688331407213,-0.116464724535585,3.0470184090756186e-10,192.68839073432454,0.0,-91.08839073432453,2.4,0.0,3.03002667716754e-17,2.294840909113903,1.5707963267948966,17.48323481619496,461.0,0.0016020110593820602,0.022950425229340803,0.0,0.0034102368574041664,-1538.3266894309625,-19.94273854315943,316.980739111425,-0.009575115045962299,0.01148214873256306,-0.08477726182697744,-0.009594151937114503,0.01146624682569127,-0.08477726182697744,-1.129266075756884e-18,-7.09304447327295e-22,1.2744818623376952e-19,-1.129263344724453e-18,-2.5828724112666495e-21,1.2744818623376952e-19,-1538.3362835828996,-19.931272296333738,316.89596184959805,-1057175.5526944548,55.120215582763336,136901.13205029335,-0.07252161108419546,4704.721777289132
23.43789144769764,2001.0,12.0,14.0,14.0,21.0,51.0,1.0,3472125.524088566,45002.91795433938,-715300.8681549936,522.3257787747771,-292.99066362580663,4656.956287116711,3545325.9722675704,4695.307189978142,3472195.4973096126,39234.501584189995,-715300.8681549936,3545325.972267571,524.6193371722688,-539.9754272102272,4656.956287116711,4717.418867457267,20255859.481385242,0.8266081993767421,1.633628139871278,0.0,2.972772321590793e-07,6.079624342618887,-0.20315336293961844,0.011299142546159472,149125.9722675709,-0.09208571597696448,-0.09165287251403087,145.65321105718613,-16543156872.079985,-1040806545.6624484,-203531533.0414549,-16545123318.624556,-1895483425.2325673,16575865514.649334,16654590602.256413,-0.9793727077481724,-0.011066542792141571,0.2017588435450665,-0.0112989021196009,0.9999361653680158,0.0,0.20174596434353925,0.0022796534249795784,0.9794352296356086,4665.79592773419,-545.86858061831,-0.11646422516513551,3.050941344923959e-10,192.67330251952322,0.0,-91.07330251952322,2.4,0.0,3.030001817070065e-17,2.2948368491518814,1.5707963267948966,17.48395591092478,461.0,0.00160408344067328,0.023000838131274265,0.0,0.003414638694015179,-1538.3516443705328,-19.938885376185567,316.9194947336345,-0.009585482657940965,0.01149671963464796,-0.0848867938273184,-0.009604569301461762,0.011480779097117288,-0.0848867938273184,-1.1307174211063595e-18,-7.071544572867449e-22,1.2758571488215975e-19,-1.1307146858825735e-18,-2.585650849625171e-21,1.2758571488215975e-19,-1538.3612489398342,-19.92740459708845,316.8346079398072,-1057175.5802156422,55.27375378772925,136848.77903897114,-0.07242880122765843,4704.760870210039
23.507551190321724,2001.0,12.0,14.0,14.0,21.0,51.0,1.0,3472161.9010714213,44982.5081952537,-714976.4641113064,522.0933193943464,-292.9936741235683,4657.00415237388,3545295.902675621,4695.328998319521,3472232.03391759,39196.886763565024,-714976.4641113064,3545295.9026756207,524.3827558974872,-539.9832168144584,4657.00415237388,4717.440707030825,20255858.31093022,0.8266081893684544,1.6336281396770456,1.4901161193847656e-08,2.9876735293512787e-07,6.07971620612123,-0.20306168704997127,0.011288192004819331,149095.90267562075,-0.09204418875711003,-0.09161154298152613,146.3176393508911,-16543156826.440699,-1040806539.565133,-203535226.61939928,-16545120328.612347,-1895501194.7047098,16575865468.717255,16654589699.415098,-0.9793913200015576,-0.011056026870418146,0.2016690521013257,-0.011287952276607305,0.9999362890371571,0.0,0.20165620357184072,0.0022764306357883966,0.9794537219412425,4665.835851573676,-545.8680214870428,-0.11646311939334153,3.0596281159317845e-10,192.63989186180083,0.0,-91.03989186180083,2.4,0.0,3.02994676532612e-17,2.2948278585198096,1.5707963267948966,17.485552967352415,461.0,0.0016086725181153544,0.023112737958650917,0.0,0.003424386024860127,-1538.406905014668,-19.930349789018585,316.78382536609155,-0.009608420784120159,0.011528982819522136,-0.08512934002875466,-0.009627617842889416,0.011512956591980452,-0.08512934002875466,-1.1339311898770102e-18,-7.023634523106403e-22,1.2788999036905707e-19,-1.1339284453940709e-18,-2.5917979274743515e-21,1.2788999036905707e-19,-1538.4165326325108,-19.918836832426607,316.6986960260628,-1057175.6413029823,55.42729199269517,136796.49263453358,-0.07233599369103519,4704.799912557044
23.59351355568457,2001.0,12.0,14.0,14.0,21.0,51.0,1.0,3472206.7691179616,44957.32160638245,-714576.1344811941,521.8064455221173,-292.9973873900617,4657.06319133175,3545258.8142820685,4695.355897444079,3472277.0985508785,39150.46811606813,-714576.1344811941,3545258.8142820685,524.0907953716764,-539.9928228484262,4657.06319133175,4717.4676446774065,20255856.861931413,0.8266081769783881,1.6336281394366172,0.0,3.002500784339005e-07,6.079829570783761,-0.20294855389776573,0.011274678856595305,149058.81428206898,-0.09199294180398769,-0.09156053998117959,147.13966807723045,-16543156769.940767,-1040806532.017271,-203539780.01186842,-16545116640.439371,-1895523112.1325555,16575865411.854877,16654588585.624676,-0.9794142770515982,-0.011043049370147684,0.20155824212396722,-0.011274439988288755,0.9999364414816326,0.0,0.20154543138073308,0.002272456304971643,0.9794765311286924,4665.885095233675,-545.8673319255093,-0.11646175553559908,3.0704001798017155e-10,192.6,0.0,-91.0,2.4,0.0,3.0298809194720557e-17,2.294817105075778,1.5707963267948966,17.48746355919542,461.0,0.0016143632667548994,0.02325126655833424,0.0,0.0034364735295376136,-1538.4750674789889,-19.91981554993163,316.61638831321613,-0.009636859127418629,0.01156901657672411,-0.08543012715809052,-0.009656193248144533,0.011552884070599727,-0.08543012715809052,-1.1379172800967118e-18,-6.964108400294767e-22,1.2826729987322883e-19,-1.1379145241811197e-18,-2.5994207840176236e-21,1.2826729987322883e-19,-1538.4847236722371,-19.90826266586103,316.53095818605806,-1057175.7169278376,55.58083019766108,136744.27283698064,-0.07224318847130345,4704.838904328301
23.63538050413138,2001.0,12.0,14.0,14.0,21.0,51.0,1.0,3472228.612636634,44945.05466202493,-714381.1568549392,521.6667224078634,-292.9991951781547,4657.0919342265315,3545240.758202537,4695.368993112323,3472299.037656447,39127.8601665044,-714381.1568549392,3545240.7582025365,523.948594821979,-539.9974987170144,4657.0919342265315,4717.480759099541,20255856.15425758,0.8266081709272203,1.6336281393191994,1.4901161193847656e-08,3.0098870212918867e-07,6.079884784552073,-0.20289345287966554,0.011268097507277468,149040.75820253696,-0.09196798217396174,-0.09153569916553735,147.54095059633255,-16543156742.347103,-1040806528.3310753,-203541995.8472631,-16545114844.79383,-1895533782.4846084,16575865384.084206,16654588043.299994,-0.9794254535810223,-0.011036728627237861,0.20150427166394635,-0.011267859057027605,0.9999365156610048,0.0,0.20149147929845507,0.002270521732498349,0.9794876357061291,4665.909069312324,-545.8669962523311,-0.11646109156502363,3.0764941066437697e-10,192.6,0.0,-91.0,2.4,0.0,3.029879244231689e-17,2.294816831488264,1.5707963267948966,17.487512173832858,461.0,0.0016175808237310488,0.023318923015382857,0.0,0.0034433130561434323,-1538.5082528135408,-19.914684554187033,316.53483341386953,-0.00965338547226268,0.011592094775960638,-0.08560043823099679,-0.009672792518034275,0.011575905894313683,-0.08560043823099679,-1.1401853403307888e-18,-6.936948072440179e-22,1.2848774435482093e-19,-1.140182578063403e-18,-2.603881413252343e-21,1.2848774435482093e-19,-1538.517925606059,-19.90310864829272,316.44923297563855,-1057175.753862122,55.73436840262699,136692.11964631238,-0.07215038556544094,4704.87784552197
23.706167745358673,2001.0,12.0,14.0,14.0,21.0,51.0,1.0,3472265.5316232233,44924.31394916056,-714051.4924451496,521.4304763645815,-293.0022506612629,4657.140514871524,3545210.2405845625,4695.391127034271,3472336.118022232,39089.634953592096,-714051.4924451496,3545210.2405845625,523.7081599519662,-540.005400591237,4657.140514871524,4717.5029247183065,20255854.95456429,0.8266081606688908,1.6336281391201433,1.4901161193847656e-08,3.024605383006411e-07,6.079978139427247,-0.20280028863233354,0.011256970083836236,149010.24058456253,-0.09192578065179925,-0.09149369853090512,148.22098100185394,-16543156695.56894,-1040806522.0819937,-203545739.56670186,-16545111809.71245,-1895551817.194756,16575865337.005964,16654587126.54422,-0.9794443438845774,-0.01102604141952007,0.2014130175612409,-0.011256732339306135,0.9999366409813379,0.0,0.20140025623010244,0.002267252428338855,0.9795064044491365,4665.949589784522,-545.8664289594732,-0.11645996936308355,3.086793802710146e-10,192.6,0.0,-91.0,2.4,0.0,3.0298764128105883e-17,2.2948163690821066,1.5707963267948966,17.487594340893583,461.0,0.0016230191234611077,0.023433619154074815,0.0,0.003454873105110584,-1538.5643430162384,-19.906008612288804,316.3969331688908,-0.009681292415244017,0.011631101600361989,-0.08588829758667091,-0.009700823049427404,0.011614817236233317,-0.08588829758667091,-1.1440188059788854e-18,-6.890647172728172e-22,1.2885999977256113e-19,-1.1440160330001281e-18,-2.6114138295219394e-21,1.2885999977256113e-19,-1538.5740438392877,-19.894393795052572,316.31104487130415,-1057175.8164754584,55.88790660759291,136640.0330625287,-0.07205758497042537,4704.916736136222
23.7857402604353,2001.0,12.0,14.0,14.0,21.0,51.0,1.0,3472307.0125914156,44900.998886555964,-713680.9098895,521.1648999759899,-293.005683757042,4657.195099436662,3545175.9519850686,4695.415996256112,3472377.7800440914,39046.6650125063,-713680.9098895,3545175.9519850686,523.4378747769732,-540.014277257886,4657.195099436662,4717.52782955334,20255853.601154882,0.8266081490961519,1.6336281388955822,0.0,3.039252468104842e-07,6.080083082316978,-0.20269556001935848,0.011244461810378853,148975.95198506862,-0.09187834065947606,-0.09144648435808725,148.9877586066723,-16543156642.797628,-1040806515.0322535,-203549943.80113947,-16545108399.355553,-1895572080.6081274,16575865283.89613,16654586096.29276,-0.9794655687258019,-0.01101402738294067,0.20131043410973298,-0.011244224857480412,0.9999367817054008,0.0,0.20129770760740354,0.002263579787286832,0.9795274927834088,4665.99511801902,-545.8657916391325,-0.11645870851294592,3.098315604852691e-10,192.59493998133578,0.0,-91.0,2.4050600186641966,0.0,3.0298653156096234e-17,2.2948145567716556,1.5707963267948966,17.48791638632623,461.0,0.00162910292642833,0.02356300994032692,0.0,0.0034678125408662075,-1538.6273667772866,-19.896254977445675,316.24190347240784,-0.009712474972878719,0.01167474480861397,-0.08621046335513273,-0.009732144655450798,0.01165835309340195,-0.08621046335513273,-1.1483067533442045e-18,-6.838044355185643e-22,1.292756926134302e-19,-1.148303968392527e-18,-2.619835565113802e-21,1.292756926134302e-19,-1538.637098921942,-19.884596624352273,316.1556930090527,-1057175.8871114217,56.04144481255882,136588.01308562967,-0.0719647866832344,4704.955576169236
23.848375841546364,2001.0,12.0,14.0,14.0,21.0,51.0,1.0,3472339.6495106043,44882.646220689,-713389.2024230618,520.9558436146477,-293.00838493223466,4657.238046867843,3545148.973968373,4695.435563377507,3472410.559216296,39012.84068573754,-713389.2024230618,3545148.9739683736,523.2251118214025,-540.0212601459929,4657.238046867843,4717.547424694699,20255852.53231374,0.8266081399566914,1.6336281387182376,1.4901161193847656e-08,3.057462651831399e-07,6.080165689636544,-0.2026131213608572,0.011234616025568953,148948.9739683736,-0.09184099754180847,-0.09140931899460544,149.59302562475204,-16543156601.122425,-1040806509.4648209,-203553250.10903603,-16545105715.937763,-1895588023.8625016,16575865241.95358,16654585285.542156,-0.979482268506574,-0.011004570180887855,0.2012296824932881,-0.011234379694559392,0.9999368923651525,0.0,0.20121698336396482,0.002260690658945229,0.979544085217021,4666.030939859598,-545.8652902534276,-0.11645771649975967,3.1070834602785714e-10,192.56121746046702,0.0,-91.0,2.4387825395329674,0.0,3.029810054793883e-17,2.2948055319955687,1.5707963267948966,17.489520261478425,461.0,0.0016337329579192103,0.023665194179003507,0.0,0.003477703677734767,-1538.6769553705617,-19.888576696567448,316.1198606055884,-0.00973618851968564,0.011707996041819197,-0.0864564641518689,-0.009755966137372172,0.011691520984566548,-0.0864564641518689,-1.151566888020833e-18,-6.7963010929522425e-22,1.2959025467995424e-19,-1.151564093824803e-18,-2.6262704604438632e-21,1.2959025467995424e-19,-1538.686711336699,-19.87688517558288,316.03340414143656,-1057175.9428954516,56.194983017524734,136536.0597156153,-0.07187199070084563,4704.994365619201
23.914271112533175,2001.0,12.0,14.0,14.0,21.0,51.0,1.0,3472373.9707905184,44863.338260164244,-713082.3109717438,520.7359002373045,-293.0112255513659,4657.283211439861,3545120.603641597,4695.456140531466,3472445.0299017727,38977.25559653241,-713082.3109717438,3545120.6036415976,523.0012688856195,-540.0286022655373,4657.283211439861,4717.568031314485,20255851.404562235,0.8266081303134889,1.633628138531118,1.4901161193847656e-08,3.068336886461687e-07,6.0802525973713895,-0.20252639105781295,0.01122425795390186,148920.6036415971,-0.09180171035962821,-0.09137021881745057,150.23137962818146,-16543156557.150616,-1040806503.59055,-203556725.57661924,-16545102893.867424,-1895604790.0764318,16575865197.69969,16654584432.80253,-0.9794998303682049,-0.010994620481033685,0.20114472558119903,-0.011224022275963221,0.999937008678021,0.0,0.20113205520902558,0.0022576528806158873,0.9795615342442067,4666.068610966189,-545.8647630423034,-0.1164566733033715,3.116303816480944e-10,192.52575455199636,0.0,-91.0,2.4742454480036304,0.0,3.029751937906152e-17,2.2947960407875287,1.5707963267948966,17.491207359528094,461.0,0.0016386020623263976,0.02377301008026486,0.0,0.003488105761236482,-1538.7291050503013,-19.8804981581277,315.9914558220683,-0.009761100905835958,0.01174296461848468,-0.08671517324384606,-0.009780992371730178,0.011726401713614058,-0.08671517324384606,-1.1549953376935525e-18,-6.752002706995579e-22,1.2992071355755668e-19,-1.1549925338015697e-18,-2.6330309301093777e-21,1.2992071355755668e-19,-1538.7388860426731,-19.868771756414088,315.90474064882443,-1057176.0017540865,56.34852122249065,136484.17295248553,-0.07177919702023669,4705.033104484312
23.98168865698235,2001.0,12.0,14.0,14.0,21.0,51.0,1.0,3472409.069940705,44843.584064909715,-712768.3268167505,520.5108681417961,-293.0141305925201,4657.329400342896,3545091.5903191287,4695.477184257095,3472480.2816430624,38940.84794114855,-712768.3268167505,3545091.5903191282,522.7722470773522,-540.0361095698728,4657.329400342896,4717.58910517353,20255850.247273892,0.8266081204177106,1.633628138339099,0.0,3.0791727184909443e-07,6.080341514232765,-0.20243765572008152,0.011213660711702388,148891.59031912824,-0.0917615149002035,-0.09133021468327061,150.88615688681602,-16543156512.027538,-1040806497.5624726,-203560278.24815226,-16545100007.662771,-1895621936.4379072,16575865152.287148,16654583560.580185,-0.9795177904925357,-0.010984440584691103,0.20105780306584045,-0.011213425700668007,0.9999371275655563,0.0,0.2010451620722978,0.002254546736218342,0.9795793790328263,4666.107136431515,-545.8642239359498,-0.11645560647808145,3.1256163451601e-10,192.4906559101425,0.0,-91.0,2.5,0.0,3.029694327160071e-17,2.294786632238693,1.5707963267948966,17.492880097612147,461.0,0.0016435202501754096,0.023883648467527118,0.0,0.003498598025200723,-1538.7824386481732,-19.87223229039212,315.86007352209407,-0.009786126065122655,0.011778263102361332,-0.08697613720093232,-0.00980613353498833,0.011761610866071734,-0.08697613720093232,-1.1584539058711897e-18,-6.705731193894e-22,1.302527123122021e-19,-1.158451092252191e-18,-2.6398023087107327e-21,1.302527123122021e-19,-1538.7922447817082,-19.86047067952605,315.77309738489316,-1057176.0621542893,56.502059427456565,136432.3527962404,-0.07168640563838508,4705.071792762779
24.057841982846448,2001.0,12.0,14.0,14.0,21.0,52.0,1.0,3472448.6988954693,44821.26993943022,-712413.6537072578,520.2566676178517,-293.0174106009652,4657.381551122951,3545058.832613127,4695.50094408004,3472520.0826377515,38899.722072585624,-712413.6537072578,3545058.832613127,522.5135397806466,-540.044584262906,4657.381551122951,4717.612899018552,20255848.935970172,0.8266081092049614,1.6336281381215214,0.0,3.097148193542154e-07,6.080441954444158,-0.20233742054515558,0.011201690448209707,148858.8326131273,-0.09171611018619996,-0.09128502608610156,151.62773060798645,-16543156460.89985,-1040806490.7321293,-203564287.51488343,-16545096748.767653,-1895641295.8493266,16575865100.831469,16654582575.608513,-0.9795380687880134,-0.010972941186398289,0.20095961374557073,-0.011201456188971847,0.9999372617215775,0.0,0.20094700588537187,0.002251040309123715,0.9795995271758919,4666.150634583354,-545.8636153194154,-0.11645440198872227,3.1358076314715065e-10,192.45425845903034,0.0,-91.0,2.5,0.0,3.029634332514232e-17,2.294776834369482,1.5707963267948966,17.494622405176344,461.0,0.001648903474049716,0.02400901243191298,0.0,0.003510040659974731,-1538.8426577452612,-19.862894498354937,315.7116534604534,-0.00981317214411128,0.01181683485337601,-0.08726077155739412,-0.009833308838304963,0.011800083507011176,-0.08726077155739412,-1.1622270242220014e-18,-6.651477342193884e-22,1.306116564738828e-19,-1.1622242001023891e-18,-2.6470643737271176e-21,1.306116564738828e-19,-1538.8524910540996,-19.851094414847925,315.624392688896,-1057176.130592741,56.65559763242248,136380.59924687992,-0.07159361655226837,4705.110430452817
24.175376592973716,2001.0,12.0,14.0,14.0,21.0,52.0,1.0,3472509.8240027553,44786.82995497553,-711866.2454548556,519.8643164482572,-293.0224699070641,4657.461992122441,3545008.30596362,4695.537592592757,3472581.47259685,38836.24737480358,-711866.2454548556,3545008.30596362,522.1142327090611,-540.0576528379357,4657.461992122441,4717.649600007543,20255846.903646395,0.826608091826858,1.6336281377843138,0.0,3.118582000800436e-07,6.0805969769288,-0.20218271449553707,0.011183215903835085,148808.30596362008,-0.09164603106750088,-0.09121528052125553,152.77629926800728,-16543156381.660597,-1040806480.1462595,-203570467.59009057,-16545091721.705545,-1895671156.878552,16575865021.083883,16654581055.972122,-0.9795693473425916,-0.01095519220913276,0.20080806136823787,-0.011182982801747806,0.9999374684927332,0.0,0.2007955045374892,0.0022456330967333222,0.9796306051208945,4666.217729114137,-545.862676703826,-0.11645254417818314,3.151571737278222e-10,192.4,0.0,-90.99788245452511,2.5,0.0,3.029544731998798e-17,2.2947622014948448,1.5707963267948966,17.497225168259575,461.0,0.001657230595541175,0.024203303764166944,0.0,0.003527740250840913,-1538.9355468205865,-19.848480822344307,315.48255447392415,-0.009854962740533248,0.011876461754892985,-0.08770107208228964,-0.009875299858134177,0.011859556785338541,-0.08770107208228964,-1.1680643337943718e-18,-6.56684456682282e-22,1.311663714835877e-19,-1.1680614935136317e-18,-2.6582866040687445e-21,1.311663714835877e-19,-1538.9454221204446,-19.836621265558968,315.3948534018419,-1057176.236662073,56.809135837388396,136328.91230440405,-0.071500829758864,4705.149017552651
24.213736534022175,2001.0,12.0,14.0,14.0,21.0,52.0,1.0,3472529.763511124,44775.58959865333,-711687.5849841678,519.7362591009975,-293.02412032135277,4657.48823310008,3544991.823758572,4695.549547771816,3472601.4983683303,38815.53071332876,-711687.5849841678,3544991.823758572,521.9839051081792,-540.0619151006359,4657.48823310008,4717.661572304636,20255846.2380899,0.8266080861357746,1.6336281376738861,1.4901161193847656e-08,3.1292438507080205e-07,6.080647572795695,-0.20213222189935356,0.011177186416736313,148791.82375857234,-0.09162315878679882,-0.09119251710310339,153.15223243832588,-16543156355.711159,-1040806476.6796079,-203572482.54103282,-16545090081.72325,-1895680897.890728,16575864994.967978,16654580560.152596,-0.9795795508172738,-0.010949399220947892,0.2007585970197252,-0.011176953691478711,0.9999375359022075,0.0,0.20074605681508828,0.0022438695420557045,0.9796407431924581,4666.23961627358,-545.8623705554484,-0.11645193815485282,3.1571344814818317e-10,192.4,0.0,-90.97727969821544,2.5,0.0,3.029543203627952e-17,2.294761951892944,1.5707963267948966,17.49726957214621,461.0,0.0016601683488335966,0.02426693167418442,0.0,0.003533980656653081,-1538.9658493069105,-19.84377614239229,315.40777567271533,-0.00986990133862005,0.011897138448947934,-0.08785652652498359,-0.00989030616877475,0.011880180958025231,-0.08785652652498359,-1.1701337710578056e-18,-6.539825965442678e-22,1.3136558897023647e-19,-1.170130925133974e-18,-2.662312586375829e-21,1.3136558897023647e-19,-1538.9757396130792,-19.831895961434263,315.31991914619033,-1057176.2713982426,56.96267404235431,136277.29196881282,-0.07140804525514943,4705.187554060518
24.276320506821136,2001.0,12.0,14.0,14.0,21.0,52.0,1.0,3472562.284133228,44757.25090083998,-711396.0995279268,519.5273290288459,-293.02681211655045,4657.531031684591,3544964.9418740845,4695.569046381062,3472634.1595411478,38781.73127560117,-711396.0995279268,3544964.941874085,521.7712710849312,-540.068865838466,4657.531031684591,4717.681098832621,20255845.149730925,0.8266080768293567,1.6336281374933184,0.0,3.136331614829492e-07,6.080730120602133,-0.20204984257319417,0.011167349432143153,148764.941874085,-0.091585842339725,-0.09115537826460972,153.7667386829853,-16543156313.277315,-1040806471.010914,-203575767.75539058,-16545087406.846382,-1895696785.2378469,16575864952.261927,16654579751.376648,-0.9795961924817518,-0.010939947760131805,0.2006778941943046,-0.011167117320803301,0.9999376458013487,0.0,0.20066538108502507,0.002240993588159551,0.9796572782262885,4666.275313840571,-545.8618712759502,-0.11645094976271576,3.166207117496312e-10,192.4,0.0,-90.94367734260625,2.5,0.0,3.029540710909192e-17,2.2947615448010765,1.5707963267948966,17.49734199381502,461.0,0.001664959814690381,0.024370981616128416,0.0,0.0035441586385845415,-1539.0152729592803,-19.836099996477564,315.2857667376355,-0.009894245664232266,0.011930859213389305,-0.08811007211714302,-0.009914761185326072,0.011913815907250163,-0.08811007211714302,-1.1735090075047078e-18,-6.495446263364191e-22,1.3169024272871708e-19,-1.173506152398691e-18,-2.668873418902004e-21,1.3169024272871708e-19,-1539.0251877204657,-19.824186180570315,315.19765666551837,-1057176.3282009736,57.11621224732023,136225.73824010624,-0.07131526303810205,4705.226039974662
24.517352760801867,2001.0,12.0,14.0,14.0,21.0,52.0,1.0,3472687.4099961394,44686.6207393147,-710273.464474251,518.7226052846056,-293.03716935987853,4657.695708573328,3544861.511533991,4695.644070574568,3472759.824547236,38651.554036586494,-710273.464474251,3544861.5115339905,520.9522816006311,-540.0955994315315,4657.695708573328,4717.75623044394,20255840.928822722,0.8266080407368263,1.6336281367931318,0.0,3.18550442553044e-07,6.081048052056387,-0.20173255993564645,0.011129464782487893,148661.51153399004,-0.09144211836884572,-0.0910123383262075,156.14718121290207,-16543156148.71225,-1040806449.028219,-203588395.18963218,-16545077113.577772,-1895757914.3833492,16575864786.641289,16654576638.234848,-0.9796602245949085,-0.010903544161266984,0.20036705585344292,-0.01112923502541029,0.9999380681460973,0.0,0.2003546467502129,0.002229932055942477,0.9797209005265853,4666.41266784564,-545.8599506887311,-0.11644714695710205,3.2011148572783585e-10,192.31438941748758,0.0,-90.9,2.5,0.0,3.029397119974481e-17,2.2947380946218394,1.5707963267948966,17.501514831331697,461.0,0.0016833952734585907,0.024774512962987053,0.0,0.003583337944673586,-1539.205450690991,-19.80653082017271,314.8157777901342,-0.009987628375453693,0.01206212831712146,-0.08908503529208196,-0.010008575426469116,0.012044753133109442,-0.08908503529208196,-1.1864490623157932e-18,-6.32107380279372e-22,1.3293127989069862e-19,-1.18644617220402e-18,-2.6939733099043412e-21,1.3293127989069862e-19,-1539.2154592664176,-19.7944860670396,314.7266927548421,-1057176.5484951697,57.26975045228614,136174.25111828427,-0.07122248310469927,4705.264475293337
24.57965971599847,2001.0,12.0,14.0,14.0,21.0,52.0,1.0,3472719.723541201,44668.36240219758,-709983.2563114162,518.5145676281102,-293.0398441862516,4657.738237572662,3544834.800821377,4695.663445868939,3472792.2769017518,38617.902109251205,-709983.2563114162,3544834.8008213774,520.740556099118,-540.1025007612244,4657.738237572662,4717.775633478285,20255839.83020512,0.826608031342643,1.6336281366108902,0.0,3.199414991376397e-07,6.0811302405011665,-0.2016505391952799,0.011119671824050272,148634.80082137743,-0.09140496421011038,-0.09097536099050653,156.76612374186516,-16543156105.880127,-1040806443.3066676,-203591652.92329592,-16545074454.984987,-1895773701.1986554,16575864743.534428,16654575833.935045,-0.9796767612688374,-0.010894133091985841,0.20028669774594438,-0.011119442672935237,0.9999381770862853,0.0,0.20027431543871144,0.0022270764537375355,0.9797373314853449,4666.448140468568,-545.8594548119393,-0.11644616491913558,3.209728633349243e-10,192.28311202375272,0.0,-90.9,2.5,0.0,3.029345680820952e-17,2.2947296939705555,1.5707963267948966,17.503010185508096,461.0,0.0016879454233626203,0.024879544967296822,0.0,0.0035930096279677116,-1539.2545679046227,-19.79888569823593,314.69426196558993,-0.010010428838961498,0.0120947237154067,-0.08932560569208392,-0.010031485840262712,0.012077264554879221,-0.08932560569208392,-1.1896372267936428e-18,-6.274333115584751e-22,1.3323380321057045e-19,-1.18963432807711e-18,-2.700093767398762e-21,1.3323380321057045e-19,-1539.264599390463,-19.786808433681053,314.60493635989786,-1057176.6058333404,57.42328865725205,136122.83060334696,-0.07112970545191832,4705.302860014811
24.627974555682336,2001.0,12.0,14.0,14.0,21.0,52.0,1.0,3472744.7715922603,44654.204179013424,-709758.2176387399,518.3532438914622,-293.04191761936505,4657.771204614444,3544814.0958416937,4695.678464872816,3472817.4324320033,38591.80701428964,-709758.2176387399,3544814.095841693,520.5763726467528,-540.1078496419258,4657.771204614444,4717.790673984844,20255838.976313714,0.8266080240410861,1.6336281364692413,0.0,3.2063476430401363e-07,6.081193972944942,-0.20158693679086884,0.011112078113918688,148614.09584169323,-0.09137615325940746,-0.09094668715421762,157.2470237314701,-16543156072.589458,-1040806438.8596032,-203594177.24934974,-16545072394.059454,-1895785938.5392256,16575864710.030216,16654575210.387117,-0.9796895799150238,-0.010886835238993333,0.20022438369090617,-0.011111849431948415,0.9999382614952794,0.0,0.2002120221368485,0.002224863204178017,0.9797500682192356,4666.475637633909,-545.8590704615816,-0.116445403694666,3.2161701825843303e-10,192.26010649077026,0.0,-90.9,2.5,0.0,3.0293077454768166e-17,2.2947234986587057,1.5707963267948966,17.504113148927498,461.0,0.0016913487609393043,0.024961180560623557,0.0,0.003600243209368274,-1539.2926425938986,-19.792957005050948,314.60002801500036,-0.01002735371942919,0.012119105103879438,-0.08950554766878197,-0.010048494617825834,0.012101582006041701,-0.08950554766878197,-1.1920220242497182e-18,-6.237396428823587e-22,1.3345840144363126e-19,-1.1920191190935218e-18,-2.7046373216353935e-21,1.3345840144363126e-19,-1539.3026910885164,-19.780855423044905,314.51052246733155,-1057176.6503989585,57.57682686221797,136071.4766952943,-0.07103693007673655,4705.341194137355
24.688993955826025,2001.0,12.0,14.0,14.0,21.0,52.0,1.0,3472776.394979943,44636.322857111256,-709474.0019638819,518.1494937955273,-293.0445353775804,4657.812826317776,3544787.955620299,4695.697426649806,3472849.191363476,38558.849751268404,-709474.0019638819,3544787.955620299,520.369010811775,-540.1146017409902,4657.812826317776,4717.8096629089905,20255837.89544315,0.8266080147986401,1.6336281362899385,1.4901161193847656e-08,3.223614044902329e-07,6.081274465124682,-0.20150660883975546,0.011102487695771237,148587.95562029956,-0.09133976585730673,-0.09091047292136784,157.85553577542305,-16543156030.449858,-1040806433.230432,-203597363.07679066,-16545069791.998732,-1895801388.4029112,16575864667.62031,16654574423.041592,-0.9797057637417316,-0.010877618135136389,0.20014568172942568,-0.011102259605388175,0.9999383680165765,0.0,0.20013334635408705,0.002222069317457481,0.9797661486727655,4666.510353468263,-545.8585852554403,-0.11644444265264384,3.2243026959068023e-10,192.23106180033284,0.0,-90.9,2.5,0.0,3.029259849264682e-17,2.2947156766136603,1.5707963267948966,17.505505928639565,461.0,0.0016956455958282966,0.025064516602409475,0.0,0.0036093758013175173,-1539.3407136842072,-19.785468820402176,314.48100663843064,-0.010048701895672592,0.01214988742642609,-0.08973272988090636,-0.010069948972509549,0.012132283460007625,-0.08973272988090636,-1.19503283584095e-18,-6.190458492348678e-22,1.3374169493621485e-19,-1.1950299225793316e-18,-2.7103682153779754e-21,1.3374169493621485e-19,-1539.3507836331798,-19.773336536942168,314.39127390854975,-1057176.7068108972,57.73036506718388,136020.1893941262,-0.07094415697613111,4705.3794776592595
24.78007713087967,2001.0,12.0,14.0,14.0,21.0,52.0,1.0,3472823.5758297155,44609.63125251037,-709049.7507545003,517.845345801931,-293.0484410328623,4657.874925337749,3544748.955438762,4695.725717186924,3472896.5741283777,38509.653939693206,-709049.7507545003,3544748.9554387624,520.0594714984863,-540.1246737153903,4657.874925337749,4717.837993948243,20255836.276911434,0.8266080009586763,1.6336281360214422,0.0,3.240788455446309e-07,6.081394617366233,-0.20138670173043144,0.011088172331675743,148548.95543876244,-0.09128544961496766,-0.09085641516761586,158.7662853896618,-16543155967.349249,-1040806424.8011212,-203602113.8051222,-16545065909.567461,-1895824439.223853,16575864604.114935,16654573248.12124,-0.979729909730239,-0.010863859309587285,0.20002819936418753,-0.01108794512243986,0.9999385268470066,0.0,0.200015903000085,0.002217901697490571,0.9797901405194486,4666.562148993516,-545.8578614290677,-0.11644300883787272,3.2368655964331437e-10,192.2,0.0,-90.9,2.5138057015469406,0.0,3.029207600063518e-17,2.294707143671558,1.5707963267948966,17.50702555147196,461.0,0.0017022825515540735,0.02521925595890006,0.0,0.0036235032177481573,-1539.4124368793068,-19.774290186424818,314.3033272045408,-0.01008194575197377,0.012197484414481069,-0.09008428234210254,-0.010103354708306336,0.012179756969061194,-0.09008428234210254,-1.1996984963587645e-18,-6.121044392467261e-22,1.3418355245092906e-19,-1.1996955705687434e-18,-2.7193372468993937e-21,1.3418355245092906e-19,-1539.422540234015,-19.762110429455756,314.2132429221987,-1057176.791284036,57.883903272149794,135968.9686998428,-0.0708513861470793,4705.417710578815
24.832921569491674,2001.0,12.0,14.0,14.0,21.0,52.0,1.0,3472850.936413689,44594.14521230938,-708803.6070173676,517.6688793820261,-293.0507059904646,4657.910937685964,3544726.3388952166,4695.74212328325,3472924.051633932,38481.111200218,-708803.6070173676,3544726.3388952157,519.8798770965949,-540.130513501213,4657.910937685964,4717.854423531908,20255835.334819417,0.8266079929028969,1.6336281358651599,0.0,3.2510495527493244e-07,6.081464328241178,-0.20131713306970234,0.011079866972004675,148526.33889521612,-0.09125393595623979,-0.09082505147835042,159.29614460468292,-16543155930.620884,-1040806419.8947333,-203604867.4759975,-16545063657.96016,-1895837806.7210588,16575864567.15097,16654572566.637875,-0.9797439123936258,-0.01085587645454498,0.19996003619232292,-0.011079640272943118,0.9999386189018915,0.0,0.19994776242572362,0.0022154852699756244,0.9798040538423818,4666.592186140576,-545.8574417205446,-0.11644217736836476,3.2447813866743544e-10,192.2,0.0,-90.9,2.5420763809798363,0.0,3.0292055040257514e-17,2.2947068013626137,1.5707963267948966,17.507086518622884,461.0,0.0017064633106466866,0.025309323551718492,0.0,0.003632432528529448,-1539.454031439049,-19.767803998106967,314.2002321148416,-0.010103305851941123,0.012227538339005771,-0.09030665142291681,-0.010124813298671131,0.01220973540404443,-0.09030665142291681,-1.2026591813663782e-18,-6.082254712734317e-22,1.3446846110871634e-19,-1.202656247623199e-18,-2.7251634735156413e-21,1.3446846110871634e-19,-1539.4641562523477,-19.75559426270292,314.1099254634187,-1057176.840452971,58.03744147711571,135917.81461244402,-0.07075861758655817,4705.455892894328
24.926821204713796,2001.0,12.0,14.0,14.0,21.0,52.0,1.0,3472899.53061043,44566.62766902431,-708366.2278760922,517.355303257453,-293.05472876583553,4657.974899047225,3544686.1704262816,4695.771261892411,3472972.853181595,38430.392655088166,-708366.2278760922,3544686.1704262816,519.5607427352872,-540.140883460367,4657.974899047225,4717.883603855758,20255833.655110568,0.8266079785397775,1.6336281355865159,0.0,3.268079787412495e-07,6.081588200147671,-0.20119351385337927,0.011065109298982549,148486.17042628163,-0.09119793807706937,-0.09076932008114799,160.2403925359249,-16543155865.136448,-1040806411.1469072,-203609755.7905506,-16545059658.67619,-1895861548.5028648,16575864501.246473,16654571356.024118,-0.9797687823980022,-0.010841691142002159,0.19983891205547955,-0.01106488350455719,0.999938782302712,0.0,0.199826678377455,0.0022111942815713306,0.9798287652587478,4666.645534943049,-545.8566963711777,-0.11644070064574365,3.2588403508014253e-10,192.2,0.0,-90.9,2.592286967147949,0.0,3.029201781323521e-17,2.294706193399202,1.5707963267948966,17.50719480141596,461.0,0.0017138888286221889,0.02546990825605629,0.0,0.0036482923923312678,-1539.5279091115847,-19.756277573451044,314.0170247008715,-0.010141199633666803,0.012280918766769936,-0.09070161852662112,-0.010162882603248677,0.012262981405778575,-0.09070161852662112,-1.207917876710732e-18,-6.012661838339279e-22,1.349739114527976e-19,-1.2079149288904673e-18,-2.7355003059777908e-21,1.349739114527976e-19,-1539.538071994188,-19.744014592045264,313.9263230823449,-1057176.9281190354,58.190979682081625,135866.72713192986,-0.07066585129154486,4705.494024604117
24.964737143878896,2001.0,12.0,14.0,14.0,21.0,52.0,1.0,3472919.14422206,44555.51619298131,-708189.6158938686,517.2286794020062,-293.0563524626131,4658.000715545661,3544669.957610612,4695.783022940745,3472992.5503719854,38409.91262687791,-708189.6158938686,3544669.957610612,519.4318744693227,-540.1450683040248,4658.000715545661,4717.895381740863,20255832.974780012,0.8266079727222942,1.633628135473661,0.0,3.278255462646499e-07,6.081638219449277,-0.20114359658215447,0.011059150329694326,148469.9576106118,-0.09117532619055711,-0.09074681579805226,160.62265703082085,-16543155838.613579,-1040806407.6038672,-203611727.94915113,-16545058044.380919,-1895871131.2540274,16575864474.553473,16654570867.302904,-0.9797788205684056,-0.010835963033570897,0.19979000142829786,-0.011058924899866927,0.9999388482202595,0.0,0.19977778391413617,0.0022094626215398523,0.9798387394511817,4666.6670679201825,-545.8563955621332,-0.11644010461823531,3.2642358810250833e-10,192.18884178956867,0.0,-90.88884178956869,2.6,0.0,3.029182807333268e-17,2.294703094711439,1.5707963267948966,17.507746722262706,461.0,0.0017167391259033172,0.025534947345528712,0.0,0.003654360306790856,-1539.5577287381495,-19.751622904018895,313.9430407919087,-0.010155517075939797,0.012301145550038766,-0.09085266083359776,-0.010177268773182355,0.012283155508310991,-0.09085266083359776,-1.2099231120663856e-18,-5.983371626398493e-22,1.3516428115551187e-19,-1.2099201589334443e-18,-2.7393660281870712e-21,1.3516428115551187e-19,-1539.5679060069226,-19.739339748510584,313.8521881310751,-1057176.9636263307,58.344517887047544,135815.70625830034,-0.07057308725901638,4705.532105706507
25.008529712635802,2001.0,12.0,14.0,14.0,21.0,53.0,1.0,3472941.791792196,44542.68246146116,-707985.6294244912,517.0824269340507,-293.058227339365,4658.0305257814825,3544651.2368933065,4695.796603342974,3473015.2943689306,38386.25818103191,-707985.6294244912,3544651.236893306,519.2830297002541,-540.1498999962636,4658.0305257814825,4717.90898158419,20255832.18765673,0.8266079659916252,1.6336281353430953,0.0,3.285021734989986e-07,6.081695991860693,-0.20108594201204213,0.011052267819403529,148451.23689330602,-0.09114920939283555,-0.09072082328136577,161.06479158997536,-16543155807.927536,-1040806403.504744,-203614004.55465484,-16545056180.308233,-1895882196.3859742,16575864443.670595,16654570302.92225,-0.97979041159853,-0.010829346983844702,0.19973350891497077,-0.011052042810192014,0.9999389243097409,0.0,0.19972131005304591,0.002207463291158125,0.9798502566293043,4666.691931978204,-545.8560482431313,-0.11643941639908556,3.270268112156942e-10,192.16804099256225,0.0,-90.86804099256227,2.6,0.0,3.029148501536585e-17,2.2946974921496706,1.5707963267948966,17.5087447106424,461.0,0.0017199261736652463,0.025610197505138467,0.0,0.003661130141102192,-1539.5921618322263,-19.746246524119897,313.8575856145598,-0.010171356031519647,0.012323564117419564,-0.0910211220895084,-0.010193185572781543,0.012305514371813977,-0.0910211220895084,-1.2121552409306958e-18,-5.948707281970806e-22,1.3537441981105138e-19,-1.212152281926373e-18,-2.7436121488258828e-21,1.3537441981105138e-19,-1539.602355017799,-19.733941009748083,313.7665644924703,-1057177.0047072694,58.49805609201346,135764.75199155544,-0.07048032548594978,4705.570136199835
25.13035182584419,2001.0,12.0,14.0,14.0,21.0,53.0,1.0,3473004.759084014,44506.98117135227,-707418.1732532735,516.6755647922191,-293.0634401713638,4658.113409071187,3544599.1874741204,4695.834361536534,3473078.529303576,38320.45516052754,-707418.1732532735,3544599.187474121,518.8689561454627,-540.1633308418378,4658.113409071187,4717.946793829538,20255829.99037308,0.8266079472026897,1.633628134978654,1.4901161193847656e-08,3.3119485930938973e-07,6.081856706283816,-0.20092555538417736,0.011033122318130771,148399.18747412087,-0.0910765561833955,-0.09064851579707454,162.29820865392685,-16543155722.267208,-1040806392.0625849,-203620330.73757204,-16545050997.220478,-1895912961.232053,16575864357.46084,16654568733.42218,-0.9798226387842992,-0.010810941698554828,0.1995763514682119,-0.011032898476219567,0.9999391357233767,0.0,0.19956420439794867,0.002201905624003096,0.9798822786103628,4666.761063050062,-545.8550827070626,-0.11643750296777679,3.287039591672157e-10,192.11020830457878,0.0,-90.81020830457877,2.6,0.0,3.0290531132150095e-17,2.29468191405456,1.5707963267948966,17.511520267925977,461.0,0.0017287874412168591,0.02582026239462179,0.0,0.003679952711797555,-1539.6879009279878,-19.73128894716356,313.61984155239554,-0.01021533180777793,0.012385888570433247,-0.09148950779944384,-0.010237378555891796,0.01236767237298738,-0.09148950779944384,-1.2183611769211773e-18,-5.85137689660738e-22,1.3595784405146587e-19,-1.2183582016721127e-18,-2.7554007272419396e-21,1.3595784405146587e-19,-1539.6981383065438,-19.71892127479057,313.5283520445961,-1057177.119386239,58.65159429697937,135713.8643316952,-0.07038756596932198,4705.608116082451
25.17368297626319,2001.0,12.0,14.0,14.0,21.0,53.0,1.0,3473027.144095005,44494.28235520922,-707216.3312023391,516.5308410847806,-293.06529337693166,4658.142874815339,3544580.683790723,4695.8477848165785,3473101.009301163,38297.04915857415,-707216.3312023391,3544580.6837907224,518.7216673419588,-540.1681045566073,4658.142874815339,4717.960236324932,20255829.206057884,0.8266079404960154,1.6336281348485855,1.4901161193847656e-08,3.3253302580746263e-07,6.0819138722525485,-0.20086850600428258,0.011026312507817078,148380.6837907224,-0.09105071347445133,-0.09062279605990772,162.73816892504692,-16543155691.69125,-1040806387.9786496,-203622578.47258043,-16545049154.482916,-1895923898.3216615,16575864326.688784,16654568175.336966,-0.9798340958025206,-0.010804394814231648,0.19952044946710384,-0.011026089080124288,0.9999392108321371,0.0,0.1995083207850091,0.0021999302491307235,0.9798936627228716,4666.785639742614,-545.8547394989283,-0.11643682275009253,3.2932606732471557e-10,192.088354738403,0.0,-90.8,2.6,0.0,3.029017173294823e-17,2.2946760446201706,1.5707963267948966,17.512566264681194,461.0,0.0017320738286609803,0.025895242133914982,0.0,0.003686936181011738,-1539.7219379401947,-19.725968100106186,313.53526904425274,-0.010231751287055071,0.012409223405516192,-0.0916632404836394,-0.010253877633184588,0.012390946429221653,-0.0916632404836394,-1.2206631415673899e-18,-5.816926477186062e-22,1.3617567140234213e-19,-1.2206601603321281e-18,-2.759805328068913e-21,1.3617567140234213e-19,-1539.732191817828,-19.713577153676965,313.4436058037691,-1057177.160320634,58.80513250194529,135663.0432787196,-0.0702948087061099,4705.646045352712
25.22241812423981,2001.0,12.0,14.0,14.0,21.0,53.0,1.0,3473052.3133355286,44479.99972399133,-706989.3151126682,516.3680644918879,-293.0673771027345,4658.176005829644,3544559.8786343266,4695.862877771879,3473126.2852416276,38270.723855279255,-706989.3151126682,3544559.8786343266,518.5560057158592,-540.1734714068215,4658.176005829644,4717.975350885452,20255828.32212155,0.8266079329374755,1.6336281347019903,1.4901161193847656e-08,3.3320009373125436e-07,6.081978168324228,-0.20080434105786285,0.011018653476530424,148359.87863432663,-0.09102164747921802,-0.09059386837281863,163.2338772714138,-16543155657.23187,-1040806383.3759048,-203625105.0035472,-16545047082.457409,-1895936195.8314965,16575864292.008392,16654567547.756506,-0.9798469779497077,-0.01079703127205301,0.19945757423205449,-0.011018430514100447,0.9999392952519698,0.0,0.199445466210268,0.0021977094221869243,0.9799064629246327,4666.813273541327,-545.8543536289968,-0.11643605793458917,3.3005424779856755e-10,192.0623482929083,0.0,-90.8,2.6,0.0,3.0289745140992423e-17,2.294669077844834,1.5707963267948966,17.513807987592205,461.0,0.0017359199400617052,0.02597974899361428,0.0,0.0036951119990793514,-1539.7602094207928,-19.71998332045656,313.440143621291,-0.010251094239551893,0.012436769645785481,-0.09186658669950554,-0.010273312606582076,0.01241842262197365,-0.09186658669950554,-1.2233575947699976e-18,-5.778508334103351e-22,1.364322747284731e-19,-1.223354606556134e-18,-2.764997451334861e-21,1.364322747284731e-19,-1539.7704827333994,-19.707564897834587,313.3482770345915,-1057177.2064543813,58.9586707069112,135612.2888326286,-0.07020205369329041,4705.683924008988
25.34164701173374,2001.0,12.0,14.0,14.0,21.0,53.0,1.0,3473113.855584466,44445.057322887566,-706433.92113981,515.9698200148164,-293.0724721875692,4658.257017244155,3544509.0071701324,4695.899782557616,3473188.087935589,38206.31879096002,-706433.92113981,3544509.007170132,518.1507029514042,-540.1865913448696,4658.257017244155,4718.012308498382,20255826.15134183,0.8266079143751122,1.6336281343419794,0.0,3.355243876337336e-07,6.082135469656637,-0.200647360502942,0.010999916171120403,148309.0071701319,-0.09095053698638307,-0.0905230962464847,164.45055729150772,-16543155572.607107,-1040806372.072478,-203631279.25984767,-16545042015.662073,-1895966265.2602525,16575864206.84087,16654566012.866299,-0.9798784770781314,-0.01077901585626473,0.19930374551475985,-0.010999694344200714,0.9999395015321347,0.0,0.1992916879435164,0.0021922802823167225,0.9799377618113243,4666.88084320746,-545.8534102404301,-0.11643418788733743,3.3183599008271846e-10,192.0,0.0,-90.8,2.6,0.0,3.02887214098629e-17,2.294652359046724,1.5707963267948966,17.516788606558055,461.0,0.001745331059838349,0.02618728150005635,0.0,0.0037151173297620354,-1539.8537927824018,-19.705340203297933,313.20739775581626,-0.010298364645168112,0.012504174422960649,-0.09236416670761313,-0.010320808963954065,0.012485655557247975,-0.09236416670761313,-1.2299512022648186e-18,-5.68357592639302e-22,1.3705942017847053e-19,-1.2299481970546351e-18,-2.7776870015798463e-21,1.3705942017847053e-19,-1539.8641135913658,-19.692854547740684,313.11503358910863,-1057177.3197501209,59.11220891187711,135561.60099342227,-0.07010930092784026,4705.7217520496615
25.395433141826956,2001.0,12.0,14.0,14.0,21.0,53.0,1.0,3473141.6027726093,44429.29402699864,-706183.3705396843,515.7901573970512,-293.0747694194976,4658.293543091559,3544486.0710552125,4695.916421801657,3473215.952339353,38177.264085634204,-706183.3705396843,3544486.0710552116,517.9678561527381,-540.1925053756966,4658.293543091559,4718.028971560057,20255825.168174528,0.8266079059680255,1.6336281341789267,1.4901161193847656e-08,3.3684535489849357e-07,6.082206432372082,-0.20057654248808238,0.010991463580087932,148286.07105521206,-0.09091845715641254,-0.09049116905941043,165.00128251314163,-16543155534.280157,-1040806366.9530723,-203634061.40347487,-16545039731.034163,-1895979822.637244,16575864168.268099,16654565320.665388,-0.9798926791396189,-0.010770888450485188,0.1992343477680672,-0.010991242264144208,0.9999395944723316,0.0,0.1992223129121606,0.0021898329836575856,0.9799518736496363,4666.911308513681,-545.852984954381,-0.11643334476494152,3.3266742424856267e-10,192.0,0.0,-90.8,2.6,0.0,3.0288700165120046e-17,2.294652012093744,1.5707963267948966,17.516850472299353,461.0,0.001749722605986472,0.026281274300058177,0.0,0.003724451936695709,-1539.895988170167,-19.69873372706459,313.1023907399674,-0.01032055106088822,0.01253566427905671,-0.09259662810055883,-0.010343099629552445,0.012517066076791775,-0.09259662810055883,-1.2330461026477485e-18,-5.640858869290642e-22,1.3735536954639337e-19,-1.2330430895139423e-18,-2.7836755560677714e-21,1.3735536954639337e-19,-1539.9063312697965,-19.686216660987796,313.0097941118668,-1057177.3710628748,59.26574711684303,135510.97976110055,-0.07001655040673624,4705.7595294731245
25.484460856786214,2001.0,12.0,14.0,14.0,21.0,53.0,1.0,3473187.5091537926,44403.20208076297,-705768.6506196288,515.4927659620961,-293.07857013483795,4658.35397431095,3544448.1243621553,4695.943950901688,3473262.052361467,38129.17154571555,-705768.6506196288,3544448.1243621553,517.6651941115733,-540.2022881066615,4658.35397431095,4718.0565400648675,20255823.535422426,0.8266078920063081,1.633628133908137,0.0,3.384893146634281e-07,6.082323893074377,-0.20045932128602165,0.010977472869734101,148248.1243621558,-0.09086535711316138,-0.0904383216734662,165.9154596030712,-16543155470.630968,-1040806358.4511594,-203638662.1315064,-16545035950.962322,-1896002252.8692298,16575864104.210667,16654564175.211418,-0.9799161760863692,-0.01075743534900151,0.19911947526291873,-0.010977252397831361,0.9999397481497544,0.0,0.19910747794611422,0.002185784737284797,0.9799752214066537,4666.96171266959,-545.8522814126313,-0.11643194987975698,3.340429918718517e-10,192.0,0.0,-90.8,2.6,0.0,3.028866501671131e-17,2.2946514380766674,1.5707963267948966,17.516952827197855,461.0,0.001756988410592966,0.02643737163570097,0.0,0.003739895880338801,-1539.965801146809,-19.687797588114027,312.92856565079654,-0.01035721463805719,0.012587764446051992,-0.09298123565927054,-0.010379936249198867,0.012569034659457507,-0.09298123565927054,-1.2381666107997601e-18,-5.569514040696714e-22,1.3784444228741238e-19,-1.238163584608445e-18,-2.7935718708656543e-21,1.3784444228741238e-19,-1539.9761810830582,-19.67522855345457,312.83558441513725,-1057177.4562783,59.41928532180894,135460.42513566345,-0.06992380212695505,4705.7972562777795
25.54716878529185,2001.0,12.0,14.0,14.0,21.0,53.0,1.0,3473219.828069266,44384.82364684516,-705476.5335577205,515.2832860095186,-293.08124594857685,4658.396519698643,3544421.409209729,4695.963332087248,3473294.507389008,38095.29636334123,-705476.5335577205,3544421.409209729,517.4520016613094,-540.2091740164531,4658.396519698643,4718.075948991841,20255822.38129712,0.8266078821373322,1.6336281337167273,1.4901161193847656e-08,3.401253286157066e-07,6.082406629684252,-0.20037675336382174,0.01096761843625475,148221.4092097287,-0.09082795462612156,-0.09040109714931942,166.56132179498672,-16543155425.640413,-1040806352.4415417,-203641899.48532957,-16545033289.523891,-1896018044.309591,16575864058.931545,16654563368.609438,-0.979932718599457,-0.01074795910676858,0.199038560066427,-0.01096739855756702,0.999939856275806,0.0,0.1990265891461664,0.002182935216572748,0.9799916589475052,4666.997198681988,-545.8517861615144,-0.11643096787056825,3.349768143531858e-10,191.99045467747635,0.0,-90.8,2.6,0.0,3.028849074603521e-17,2.2946485920205437,1.5707963267948966,17.517460335266094,461.0,0.001761921677638208,0.026547709121400986,0.0,0.0037503815091245157,-1540.0149527890267,-19.680093825515943,312.80611775287616,-0.010381910985311573,0.012623127831352303,-0.09324228402002335,-0.01040475246131035,0.012604307127821441,-0.09324228402002335,-1.2416372623707841e-18,-5.518186265822445e-22,1.381733833777567e-19,-1.2416342273543815e-18,-2.800227401505401e-21,1.381733833777567e-19,-1540.025357541488,-19.667489518388123,312.7128754688561,-1057177.5165135842,59.572823526774854,135409.93711711103,-0.06983105608547334,4705.834932462041
25.58028919648093,2001.0,12.0,14.0,14.0,21.0,53.0,1.0,3473236.8926313007,44375.11665206951,-705322.2451774781,515.1726424019795,-293.08265880687907,4658.41898413662,3544407.303464885,4695.973565527941,3473311.6437473246,38077.404353164384,-705322.2451774781,3544407.303464885,517.3393972020444,-540.2128093775949,4658.41898413662,4718.086197080069,20255821.770501826,0.8266078769143915,1.6336281336154264,0.0,3.404515879987454e-07,6.082450329134741,-0.20033314300650773,0.010962413666020647,148207.30346488487,-0.0908081995350867,-0.09038143605290036,166.90302494168282,-16543155401.83031,-1040806349.2610672,-203643608.27841088,-16545031884.208612,-1896026382.327739,16575864034.968723,16654562942.663942,-0.9799414532161528,-0.010742953925171436,0.19899582209075706,-0.010962194100218656,0.9999399133450515,0.0,0.19898386509745888,0.0021814308268914583,0.9800003381583211,4667.015935684024,-545.851524684738,-0.11643044936941252,3.354313327981542e-10,191.97478162764986,0.0,-90.8,2.6,0.0,3.0288232158745816e-17,2.2946443689696276,1.5707963267948966,17.518213444898326,461.0,0.0017643236181740171,0.026606103514354655,0.0,0.0037554864989055177,-1540.0409058066625,-19.676024687263958,312.7414406006137,-0.010393733764766537,0.012640332768312187,-0.09336928159313748,-0.010416636007664655,0.012621466172768478,-0.09336928159313748,-1.2433200961025355e-18,-5.490262007220429e-22,1.3833027275158285e-19,-1.2433170568056548e-18,-2.8034012041893433e-21,1.3833027275158285e-19,-1540.0513224426702,-19.66340322109119,312.6480713190206,-1057177.5483917817,59.726361731740774,135359.5157054432,-0.06973831227926769,4705.872558024338
25.637546404791276,2001.0,12.0,14.0,14.0,21.0,53.0,1.0,3473266.384502535,44358.335487312565,-705055.5159997453,514.981361872348,-293.0851006058507,4658.457808753356,3544382.925176706,4695.991251611119,3473341.259583843,38046.47309594245,-705055.5159997453,3544382.925176706,517.1447267934061,-540.2190914875808,4658.457808753356,4718.103908477749,20255820.712606195,0.8266078678682661,1.6336281334399723,1.4901161193847656e-08,3.420782173648194e-07,6.082525875770498,-0.20025775038740593,0.010953415938469787,148182.9251767057,-0.09077404735189906,-0.09034744636381943,167.49467700719833,-16543155360.591532,-1040806343.7524916,-203646560.61237234,-16545029455.369444,-1896040792.613367,16575863993.465433,16654562206.432978,-0.9799565489698545,-0.010734300976818307,0.19892193673306183,-0.010953196912867523,0.9999400119394103,0.0,0.19891000379186846,0.0021788311433262016,0.9800153381893406,4667.048318272864,-545.8510728170082,-0.11642955327666914,3.362168554172601e-10,191.94769464078414,0.0,-90.8,2.6,0.0,3.028778523541421e-17,2.294637070157726,1.5707963267948966,17.51951522268603,461.0,0.001768474849926584,0.02670724271112578,0.0,0.0037643093139764047,-1540.0857602891417,-19.668989726488604,312.6296230112057,-0.010414150801924872,0.012670067719245144,-0.09358876852620285,-0.010437158271377618,0.012651121695474441,-0.09358876852620285,-1.2462284445218984e-18,-5.441757929340203e-22,1.386012062667533e-19,-1.2462253978492399e-18,-2.808882031709567e-21,1.386012062667533e-19,-1540.096197447413,-19.65633860479313,312.5360342426795,-1057177.6036047265,59.879899936706686,135309.16090066003,-0.06964557070531459,4705.910132963108
25.73623122114991,2001.0,12.0,14.0,14.0,21.0,53.0,1.0,3473317.189076008,44329.412230403184,-704595.7936458694,514.6516700603189,-293.0893070729267,4658.524691686996,3544340.9295866285,4696.021719122878,3473392.277360294,37993.16114014936,-704595.7936458694,3544340.9295866285,516.8091922896249,-540.2299113322232,4658.524691686996,4718.134419597485,20255818.883462664,0.8266078522271381,1.6336281331366023,0.0,3.436971484026567e-07,6.082656085492087,-0.2001278061072149,0.010937908233351175,148140.92958662845,-0.0907151836948858,-0.09028886277137396,168.51713806390762,-16543155289.288776,-1040806334.2279421,-203651643.83973676,-16545025271.002647,-1896065616.9417508,16575863921.705326,16654560937.890364,-0.9799825542644373,-0.010719386733651621,0.19879458766627325,-0.010937690136709624,0.9999401816781208,0.0,0.1987826961076404,0.002174353600748654,0.9800411786831186,4667.104103528942,-545.8502944905655,-0.11642800963452705,3.3756630248471786e-10,191.9011619832856,0.0,-90.8011619832856,2.5988380167144083,0.0,3.028701730265476e-17,2.2946245288640243,1.5707963267948966,17.52175249038561,461.0,0.0017756065476448527,0.02688211710088978,0.0,0.0037794648628372454,-1540.1630327900027,-19.656863530145596,312.43688248391453,-0.010449153443371686,0.012721172349268808,-0.09396579628074442,-0.010472342576387867,0.012702089378747953,-0.09396579628074442,-1.2512241893576102e-18,-5.357387314149908e-22,1.3906569027391195e-19,-1.2512211300849641e-18,-2.818275803136356e-21,1.3906569027391195e-19,-1540.173505132579,-19.644161440766847,312.34291668763376,-1057177.6990701128,60.033438141672605,135258.87270276147,-0.0695528313605906,4705.947657276798
25.773811401869157,2001.0,12.0,14.0,14.0,21.0,53.0,1.0,3473336.527419606,44318.39785118899,-704420.7249676782,514.5261157182994,-293.0909082528773,4658.550150517677,3544324.9443101822,4696.033316443244,3473411.6967421602,37972.85912507371,-704420.7249676782,3544324.9443101822,516.6814129527137,-540.234029112044,4658.550150517677,4718.146033516737,20255818.184906296,0.8266078462537291,1.6336281330207465,1.4901161193847656e-08,3.45308489389912e-07,6.082705671486051,-0.2000783211920568,0.010932002806677098,148124.94431018177,-0.0906927674284897,-0.09026655315648774,168.907431691885,-16543155262.058239,-1040806330.5905377,-203653577.84661713,-16545023678.157526,-1896075066.2025158,16575863894.300127,16654560454.939596,-0.9799924530955151,-0.010713707044844393,0.19874609016831468,-0.010931785063097575,0.999940246252412,0.0,0.19873421434460867,0.0021726495398510263,0.9800510148164778,4667.125338043163,-545.8499982567266,-0.11642742206787875,3.3814576875591027e-10,191.88118038772723,0.0,-90.78118038772723,2.6188196122727683,0.0,3.028668941888343e-17,2.2946191741156747,1.5707963267948966,17.52270791561212,461.0,0.001778667373016187,0.026948902284065483,0.0,0.00378599848073345,-1540.1924470354036,-19.652245354360137,312.3634786222232,-0.010464611313778505,0.012742735829677465,-0.09412835761116718,-0.010487873650915648,0.012723596687094267,-0.09412835761116718,-1.2533775151901155e-18,-5.326593086261005e-22,1.3927068655749894e-19,-1.2533744504381434e-18,-2.8224632804087543e-21,1.3927068655749894e-19,-1540.2029349090544,-19.63952175767304,312.26935026461206,-1057177.7355286833,60.18697634663852,135208.65111174755,-0.0694600942420721,4705.985130963872
25.851922080066796,2001.0,12.0,14.0,14.0,21.0,53.0,1.0,3473376.707211154,44295.504191624845,-704056.8403898398,514.2651424335506,-293.0942351069192,4658.603047694618,3544291.731275561,4696.057412698943,3473452.044704817,37930.66074453614,-704056.8403898398,3544291.7312755613,516.415814932044,-540.2425834873603,4658.603047694618,4718.170164260146,20255816.729103487,0.8266078338050377,1.633628132779323,1.4901161193847656e-08,3.469123460895679e-07,6.082808737760821,-0.1999754650028821,0.010919728449140196,148091.73127556127,-0.0906461743722581,-0.09022018177634895,169.72041884064674,-16543155205.309776,-1040806323.0105147,-203657594.6285885,-16545020368.471361,-1896094699.3300848,16575863837.18769,16654559451.327728,-0.98001302038835,-0.010701901429227216,0.19864528480460483,-0.010919511438176353,0.9999403803577249,0.0,0.19863344164378516,0.0021691094595636816,0.9800714518977162,4667.16945811012,-545.8493828157966,-0.11642620127920748,3.393497412609037e-10,191.8396640944516,0.0,-90.7396640944516,2.660335905548404,0.0,3.028600812299899e-17,2.2946080477095157,1.5707963267948966,17.524693498843586,461.0,0.0017850270723124236,0.027088083308377284,0.0,0.0037995740566790443,-1540.253563740489,-19.642645742163754,312.210897031387,-0.010496699014216048,0.012787535816595828,-0.0944661294613405,-0.010520113837142742,0.012768279731793283,-0.0944661294613405,-1.2578515956406829e-18,-5.262139343852431e-22,1.3969621386741672e-19,-1.2578485195415872e-18,-2.8311559395472353e-21,1.3969621386741672e-19,-1540.2640838543261,-19.62987746243196,312.11643090192564,-1057177.8115089498,60.34051455160443,135158.49612761827,-0.06936735934673545,4706.022554022803
25.938458528862004,2001.0,12.0,14.0,14.0,21.0,53.0,1.0,3473421.1973799393,44270.140697957766,-703653.6988912956,513.9760059608637,-293.09791891936834,4658.661620615615,3544254.955237999,4696.084094240142,3473496.7207634696,37883.909660073456,-703653.6988912956,3544254.955237999,516.1215547478762,-540.2520535877696,4658.661620615615,4718.196883988424,20255815.110155705,0.8266078199612616,1.6336281325108848,1.4901161193847656e-08,3.4882724019049657e-07,6.08292292400595,-0.19986151149371287,0.010906130241765993,148054.9552379991,-0.09059455426194642,-0.09016880725446497,170.62387463450432,-16543155142.202394,-1040806314.5817425,-203662039.86839917,-16545016703.430838,-1896116438.8765333,16575863773.67559,16654558339.777931,-0.9800357944425084,-0.010688821808398806,0.19853360093392175,-0.010905914040513259,0.9999405287510558,0.0,0.19852179389271682,0.002165190385938913,0.9800940818616396,4667.218312124153,-545.8487014339345,-0.11642484955006414,3.4068917857503344e-10,191.7936940474989,0.0,-90.7,2.7,0.0,3.0285253671751025e-17,2.2945957265856047,1.5707963267948966,17.526892831914676,461.0,0.0017921024153401712,0.02724285784571492,0.0,0.0038146687192353586,-1540.3212399397198,-19.632009519496574,312.0418389747777,-0.010532341356076738,0.012837488654975075,-0.09484168035202126,-0.010555926280208551,0.012818102424865413,-0.09484168035202126,-1.2628262188125438e-18,-5.189958933265074e-22,1.401689020766226e-19,-1.2628231301866287e-18,-2.840799670691629e-21,1.401689020766226e-19,-1540.331795866,-19.619191417071708,311.94699729442567,-1057177.8960039802,60.49405275657035,135108.40775037365,-0.06927462667155695,4706.059926452079
26.004607490071844,2001.0,12.0,14.0,14.0,21.0,54.0,1.0,3473455.1890485254,44250.7524819931,-703345.5317842375,513.7549798015061,-293.10073349394884,4658.706372644955,3544226.857370194,4696.1044798607545,3473530.8542283373,37848.17230865376,-703345.5317842375,3544226.8573701936,515.8966119181141,-540.2592876017501,4658.706372644955,4718.217298784707,20255813.868238844,0.8266078093414999,1.6336281323049695,1.4901161193847656e-08,3.4978075606541523e-07,6.083010210224193,-0.19977440317180492,0.010895735821517975,148026.85737019358,-0.09055509478778472,-0.09012953550967993,171.3165442943573,-16543155093.792343,-1040806308.1160734,-203665434.41233662,-16545013903.027662,-1896133048.6294274,16575863724.955084,16654557490.328518,-0.9800531946777491,-0.01067882328975324,0.19844822583002428,-0.010895520237845423,0.9999406420576907,0.0,0.1984364463516841,0.002162196660695548,0.9801113720720293,4667.255638500095,-545.8481808979143,-0.11642381680897938,3.4174284861774e-10,191.758571712742,0.0,-90.7,2.7,0.0,3.028467720295138e-17,2.294586312135658,1.5707963267948966,17.5285737064016,461.0,0.0017976677330913881,0.0273615880194527,0.0,0.0038264995114656686,-1540.3729485191575,-19.623878347355546,311.91259758817773,-0.010560302569215434,0.01287734253531017,-0.09513593637294056,-0.01058402100851682,0.012857855202807396,-0.09513593637294056,-1.2667254110492693e-18,-5.133944040219479e-22,1.4053987343735972e-19,-1.2667223127905692e-18,-2.848306561006422e-21,1.4053987343735972e-19,-1540.383532540166,-19.61102049215274,311.8174616518048,-1057177.9608212747,60.64759096153626,135058.3859800136,-0.0691818962135129,4706.097248250193
26.080466579921627,2001.0,12.0,14.0,14.0,21.0,54.0,1.0,3473494.1524193706,44228.51800473517,-702992.1246130621,513.5014996661262,-293.1039597818577,4658.757671026675,3544194.6498414055,4696.127847359892,3473569.979891079,37807.188416319776,-702992.1246130621,3544194.649841406,515.6386400962903,-540.267578192124,4658.757671026675,4718.2406997265225,20255812.439291034,0.8266077971224032,1.6336281320680421,1.4901161193847656e-08,3.513641989991562e-07,6.083110311046522,-0.19967450635060144,0.010883815721505248,147994.64984140592,-0.09050984217004938,-0.09008449817862864,172.11315169930458,-16543155038.092323,-1040806300.6766869,-203669323.59835434,-16545010692.799417,-1896152087.9374733,16575863668.897852,16654556516.425518,-0.9800731401833455,-0.010667356663949468,0.19835031482949714,-0.01088360084461152,0.9999407718623414,0.0,0.1983385669097458,0.002158765654007276,0.9801311915284807,4667.298424974038,-545.8475842884967,-0.11642263303357214,3.429506309472773e-10,191.7183123017574,0.0,-90.7,2.7,0.0,3.0284016367246424e-17,2.294575519869588,1.5707963267948966,17.53050099004232,461.0,0.0018040472207090474,0.027498199516894636,0.0,0.0038400609538828635,-1540.4322224294772,-19.614552751540252,311.7643713647382,-0.010592315819572096,0.012923026646134587,-0.09547323804250758,-0.010616187795278344,0.012903423143245553,-0.09547323804250758,-1.271194857053972e-18,-5.069152379038957e-22,1.4096459689586155e-19,-1.2711917478019458e-18,-2.8569010765293312e-21,1.4096459689586155e-19,-1540.4428386172724,-19.601649328397006,311.6688981266957,-1057178.0353999697,60.80112916650217,135008.43081653825,-0.06908916796957949,4706.1345194156565
26.127537241709778,2001.0,12.0,14.0,14.0,21.0,54.0,1.0,3473518.319572903,44214.72136028146,-702772.8330575741,513.344210014128,-293.10596092229184,4658.789489446456,3544174.6730201235,4696.142341247759,3473594.2475756295,37781.757542862775,-702772.8330575741,3544174.6730201235,515.4785633038073,-540.2727196573763,4658.789489446456,4718.2552143571575,20255811.550077688,0.8266077895186305,1.633628131920606,0.0,3.523108487587258e-07,6.083172424646074,-0.19961251932927523,0.010876419357541847,147974.6730201235,-0.09048176242595432,-0.09005655202028315,172.60866132378578,-16543155003.431288,-1040806296.0472887,-203671734.88383144,-16545008701.52048,-1896163897.221191,16575863634.014528,16654555912.245274,-0.980085511591236,-0.010660241390040612,0.19828955903539458,-0.01087620491842335,0.999940852334063,0.0,0.19827783067079796,0.0021566378772527556,0.9801434847906447,4667.324963769997,-545.8472142725859,-0.11642189880218509,3.4367756599588286e-10,191.7,0.0,-90.7,2.7,0.0,3.028371083292594e-17,2.294570530115469,1.5707963267948966,17.531392209192067,461.0,0.001807887554097112,0.027583210333446632,0.0,0.003848224085592313,-1540.4689884996708,-19.60876575973908,311.6723896876881,-0.010611474486654135,0.01295053619023514,-0.09567634626840653,-0.010635440428591422,0.012930861737927013,-0.09567634626840653,-1.2738891367749715e-18,-5.028344139629905e-22,1.4121912704038269e-19,-1.2738860209210168e-18,-2.862051318246392e-21,1.4121912704038269e-19,-1540.4796239400994,-19.59583489800115,311.5767133414197,-1057178.0818092097,60.95466737146809,134958.5422599475,-0.06899644193673281,4706.1717399469935
26.154178805750934,2001.0,12.0,14.0,14.0,21.0,54.0,1.0,3473531.9946796545,44206.912543968225,-702648.7153791912,513.2551838453062,-293.1070932864387,4658.8074942101575,3544163.3690342093,4696.150542730464,3473607.979523877,37767.363793849836,-702648.7153791912,3544163.3690342093,515.387959624266,-540.2756287102641,4658.8074942101575,4718.2634275772125,20255811.046005752,0.8266077852082466,1.6336281318370272,0.0,3.5262583393452444e-07,6.083207580684743,-0.19957743493114422,0.01087223310804363,147963.3690342093,-0.09046586939931225,-0.09004073460198883,172.88948726654053,-16543154983.782946,-1040806293.4229869,-203673098.98460296,-16545007574.705935,-1896170579.5963526,16575863614.240177,16654555570.331306,-0.9800925120645444,-0.01065621413612813,0.19825517116911692,-0.010872018916436731,0.9999408978558086,0.0,0.1982434538634038,0.0021554339712320414,0.980150441057241,4667.339981002442,-545.8470049084917,-0.11642148333668946,3.44054365526357e-10,191.7,0.0,-90.7,2.7,0.0,3.028370037127415e-17,2.2945703592637297,1.5707963267948966,17.531422726655737,461.0,0.0018098791182989654,0.027631401324339878,0.0,0.0038524565229582064,-1540.4897931882397,-19.605490223396874,311.6203264850879,-0.01062125484679128,0.012964816243346087,-0.09578177247812442,-0.010645271664106861,0.012945103550824974,-0.09578177247812442,-1.275292519554137e-18,-5.0046734114205375e-22,1.4134963299378747e-19,-1.2752894002698116e-18,-2.864691565047935e-21,1.4134963299378747e-19,-1540.5004384599038,-19.59254511984605,311.5245447126098,-1057178.1081174053,61.108205576434,134908.7203102414,-0.06890371811194893,4706.208909842739
26.23056831762826,2001.0,12.0,14.0,14.0,21.0,54.0,1.0,3473571.1922426927,44184.52211219293,-702292.8293772953,512.999911924037,-293.11033906661754,4658.859102657911,3544130.967919692,4696.174051174029,3473647.3398358515,37726.092083807445,-702292.8293772953,3544130.967919692,515.1281644384466,-540.2839659693121,4658.859102657911,4718.286969663855,20255809.597600356,0.826607772822736,1.6336281315968664,1.4901161193847656e-08,3.54822900885067e-07,6.083308385039258,-0.19947683598575783,0.010860229950031674,147930.96791969147,-0.09042029863713785,-0.08999538063218472,173.69614654779434,-16543154927.325594,-1040806285.8822513,-203677007.6154177,-16545004344.713102,-1896189733.7118325,16575863557.420744,16654554590.148628,-0.9801125780277775,-0.010644666471214417,0.19815656806540705,-0.010860016467054241,0.9999410282823359,0.0,0.1981448824322218,0.002151983592245275,0.9801703803587107,4667.383026040109,-545.8464048442574,-0.11642029248186732,3.4513440267695016e-10,191.7,0.0,-90.7,2.7,0.0,3.028367038457058e-17,2.2945698695436962,1.5707963267948966,17.531510200846007,461.0,0.0018155877417764142,0.027769875252291028,0.0,0.0038645883075947513,-1540.5494282719221,-19.59609765028564,311.471035685936,-0.01064926424785831,0.01300574875788011,-0.09608396672692657,-0.010673427215203327,0.012985926276379758,-0.09608396672692657,-1.2793151794838582e-18,-4.936440962006809e-22,1.4172338690210185e-19,-1.279312050402785e-18,-2.8722528669831673e-21,1.4172338690210185e-19,-1540.5601016991372,-19.58311172400926,311.37495171920904,-1057178.1837116424,61.26174378139992,134858.96496741992,-0.06881099649220387,4706.2460291014395
26.34461349213934,2001.0,12.0,14.0,14.0,21.0,54.0,1.0,3473629.675674481,44151.094016266296,-701761.5045869643,512.6187871473327,-293.11518192175106,4658.93610498788,3544082.6249044184,4696.209126643431,3473706.0655994895,37664.474595378015,-701761.5045869643,3544082.6249044184,514.7402865240365,-540.2964022986675,4658.93610498788,4718.322095328737,20255807.426651094,0.8266077542586286,1.6336281312369074,1.4901161193847656e-08,3.5700644703838237e-07,6.083458883598593,-0.19932664407422437,0.010842310195928085,147882.6249044179,-0.09035226245490688,-0.08992766810891673,174.90440762043,-16543154842.705235,-1040806274.5799649,-203682835.63223124,-16544999525.07949,-1896218312.3314655,16575863472.257689,16654553127.311249,-0.9801425173300449,-0.010627425650493632,0.19800935216793666,-0.010842097767966621,0.9999412227306113,0.0,0.1979977137189028,0.0021468367551765026,0.9802001308171888,4667.447251293672,-545.8455096630846,-0.11641851574007159,3.467765660843285e-10,191.69078113052237,0.0,-90.7,2.7,0.0,3.0283481135570066e-17,2.2945667788729716,1.5707963267948966,17.532062279835824,461.0,0.0018242669369791951,0.027977421063207688,0.0,0.0038830336791242197,-1540.6384094785274,-19.58207339668403,311.24812637092293,-0.010691923691935196,0.0130679680094963,-0.09654331934756481,-0.010716307746264258,0.013047979476483725,-0.09654331934756481,-1.2854250567343912e-18,-4.833982968039253e-22,1.4229207859915593e-19,-1.2854219128727312e-18,-2.88375816168176e-21,1.4229207859915593e-19,-1540.6491257862735,-19.56902541720755,311.15158305157536,-1057178.2970164437,61.415281986365834,134809.2762314831,-0.06871827707447362,4706.283097721654
26.38971853470538,2001.0,12.0,14.0,14.0,21.0,54.0,1.0,3473652.7939671106,44137.87300033195,-701551.3623891126,512.4680456328566,-293.11709631655765,4658.966544277252,3544063.5150824436,4696.222992005653,3473729.279522203,37640.10439229935,-701551.3623891126,3544063.5150824436,514.5868740795776,-540.3013173418133,4658.966544277252,4718.335980532863,20255806.565073457,0.8266077468911414,1.6336281310940468,0.0,3.5793817488743e-07,6.083518407140762,-0.1992672418058667,0.010835222996243999,147863.5150824436,-0.09032535349833636,-0.08990088716007394,175.38368302583694,-16543154809.122587,-1040806270.0944085,-203685138.19495547,-16544997619.74835,-1896229609.4739366,16575863438.459658,16654552548.923244,-0.9801543524090581,-0.01062060660936652,0.19795112570740503,-0.010835010984576548,0.9999412995456104,0.0,0.19793950588637907,0.0021448026214490267,0.9802118912924751,4667.472639743493,-545.8451558421491,-0.11641781341154037,3.4749318440836473e-10,191.6668938530545,0.0,-90.7,2.7,0.0,3.028308899675698e-17,2.2945603747601555,1.5707963267948966,17.533206345633655,461.0,0.0018280525599462835,0.028059791155599395,0.0,0.003891080797844649,-1540.6735849670822,-19.57652622805199,311.1599565759043,-0.010710819747129617,0.013095077179978562,-0.0967434729179619,-0.010735296194167306,0.013075018991519438,-0.0967434729179619,-1.28807695599157e-18,-4.794006368368486e-22,1.4254276688424802e-19,-1.2880738057418911e-18,-2.888830746205182e-21,1.4254276688424802e-19,-1540.6843202632763,-19.56345120906047,311.0632131029863,-1057178.3419833593,61.568820191331746,134759.65410243085,-0.068625559855734,4706.320115701957
26.497848257530656,2001.0,12.0,14.0,14.0,21.0,54.0,1.0,3473708.187456847,44106.17808191484,-701047.5856841813,512.1066609722546,-293.1216834489719,4659.039480773374,3544017.7262456445,4696.256214999895,3473784.9017740907,37581.68112391144,-701047.5856841813,3544017.7262456445,514.2190863102293,-540.3130919277736,4659.039480773374,4718.369251069622,20255804.492399845,0.8266077291673586,1.633628130750367,1.4901161193847656e-08,3.6041100688123373e-07,6.0836611047479785,-0.19912483491308372,0.010818233155333848,147817.72624564404,-0.09026084376292648,-0.08983668429616447,176.53607788681984,-16543154728.334553,-1040806259.303605,-203690652.49938193,-16544993054.050457,-1896256678.6991165,16575863357.15348,16654551162.730398,-0.9801827107264628,-0.010604258789564124,0.19781153477097196,-0.010818022139414808,0.9999414834864044,0.0,0.1977999595296082,0.002139929562583997,0.9802400709579019,4667.533473732006,-545.8443081495976,-0.11641613059554044,3.49210265788348e-10,191.60965780705507,0.0,-90.7,2.7,0.0,3.028214931879729e-17,2.294545028654481,1.5707963267948966,17.53594848787399,461.0,0.0018371235151210977,0.02825794819513877,0.0,0.003910362794685282,-1540.757872109773,-19.563226794285818,310.9485679501601,-0.010756038541171051,0.01316003485952499,-0.0972230695193493,-0.010780737126876697,0.01313980934428854,-0.0972230695193493,-1.2944310642603206e-18,-4.697321864556437e-22,1.4314265938039494e-19,-1.294427898783114e-18,-2.900969211399055e-21,1.4314265938039494e-19,-1540.7686528468998,-19.55008698494153,310.85134488064074,-1057178.4501590505,61.722358396297665,134710.0985802633,-0.06853284483296089,4706.357083040932
26.679246357297817,2001.0,12.0,14.0,14.0,21.0,54.0,1.0,3473801.0276415837,44053.00566811924,-700202.4336865005,511.5003587421578,-293.1293717675632,4659.161727196863,3543940.9835792435,4696.311898262535,3473878.1241744673,37483.667566077966,-700202.4336865005,3543940.983579244,513.6020418528741,-540.332819000605,4659.161727196863,4718.425014012688,20255800.99220537,0.826607699236536,1.6336281301699853,0.0,3.6408876546831975e-07,6.083900502081324,-0.19888592523874407,0.010789731711907313,147740.983579244,-0.09015261846646741,-0.08972897380724411,178.48024490475655,-16543154591.907576,-1040806241.0810062,-203699885.5460702,-16544985400.751846,-1896302047.8977957,16575863219.851505,16654548838.420229,-0.9802302409296851,-0.010576831764343013,0.19757734029174576,-0.010789522359403319,0.999941791409508,0.0,0.19756583959325422,0.002131765130789229,0.9802873020718159,4667.635435422981,-545.8428877032212,-0.1164133102562839,3.520881157783491e-10,191.51372947405503,0.0,-90.7,2.7,0.0,3.028057415847786e-17,2.294519304334285,1.5707963267948966,17.540547071815777,461.0,0.0018523273890481773,0.02859257806009449,0.0,0.00394268087625567,-1540.8991496132553,-19.54091165031362,310.5938785898656,-0.010831642556527,0.013268910094453608,-0.0980269136486486,-0.010856715849363466,0.013248402791779837,-0.0980269136486486,-1.3050803803101514e-18,-4.532435706308884e-22,1.441456189216775e-19,-1.305077189564793e-18,-2.9212630633889702e-21,1.441456189216775e-19,-1540.9100063291046,-19.52766324752184,310.49585167621694,-1057178.6328390744,61.87589660126358,134660.60966498035,-0.06844013200312997,4706.393999737182
26.724180710178853,2001.0,12.0,14.0,14.0,21.0,54.0,1.0,3473824.0082046287,44039.834046743745,-699993.076589666,511.3501622564596,-293.131274887065,4659.1919873949555,3543921.98760571,4696.3256816539015,3473901.199115497,37459.387950847886,-699993.076589666,3543921.98760571,513.44918432082,-540.3377005957476,4659.1919873949555,4718.438817126928,20255800.120708484,0.8266076917841888,1.6336281300254782,1.4901161193847656e-08,3.6530645704660803e-07,6.083959805094984,-0.1988267430154195,0.010782671711547405,147721.98760570958,-0.09012580907557344,-0.08970229194012969,178.96394428610802,-16543154557.939758,-1040806236.5438669,-203702169.24409354,-16544983506.125837,-1896313278.215398,16575863185.665827,16654548262.888033,-0.98024200624757,-0.010570037399766698,0.19751932436373534,-0.010782462769727245,0.9999418675586194,0.0,0.19750784208319022,0.002129744761253656,0.9802989934213405,4667.660674427478,-545.842536160128,-0.1164126121585691,3.527759824700028e-10,191.5,0.0,-90.69109733967733,2.708902660322671,0.0,3.028034128141929e-17,2.2945155011633007,1.5707963267948966,17.54122715422042,461.0,0.0018559622942315459,0.028675895724640653,0.0,0.0039504192614415274,-1540.9341219431703,-19.535383153280492,310.50600557006015,-0.010849632796131064,0.013294786386257645,-0.09821952920396837,-0.010874797270231839,0.01327421037947126,-0.09821952920396837,-1.3076365977961198e-18,-4.491019830298037e-22,1.443847910581008e-19,-1.3076334009988586e-18,-2.9261203940561774e-21,1.443847910581008e-19,-1540.9449967404405,-19.52210894290102,310.4077860408562,-1057178.678323716,62.02943480622949,134611.18735658206,-0.06834742136321702,4706.430865789315
26.754221631121318,2001.0,12.0,14.0,14.0,21.0,54.0,1.0,3473839.368126136,44031.02809418217,-699853.1098677105,511.24974629525883,-293.1325469182359,4659.212213103137,3543909.290934169,4696.334894348909,3473916.6220668373,37443.15565969598,-699853.1098677105,3543909.290934169,513.3469892968279,-540.3409630802678,4659.212213103137,4718.448043004401,20255799.537168663,0.8266076867942176,1.6336281299287208,1.4901161193847656e-08,3.6591378324653935e-07,6.083999452556614,-0.19878717630645068,0.010777951767371736,147709.29093416966,-0.09010788545244115,-0.08968445357322756,179.28773099184036,-16543154535.195593,-1040806233.5059195,-203703695.2538618,-16544982239.736416,-1896320784.455823,16575863162.775787,16654547878.168674,-0.9802498700950435,-0.010565494933936647,0.19748053700415968,-0.010777743099813367,0.9999419184401034,0.0,0.19746906702652126,0.00212839449504402,0.9803068078436203,4667.677543999198,-545.8423012059599,-0.1164121455622663,3.532133122674887e-10,191.5,0.0,-90.6769899268552,2.7230100731447964,0.0,3.028032953741601e-17,2.2945153093691726,1.5707963267948966,17.54126145226236,461.0,0.0018582739845440198,0.028731685022238572,0.0,0.003955352007507984,-1540.957497490899,-19.53168689563276,310.447255186329,-0.010861019212537699,0.01331109706732033,-0.0983424418763339,-0.010886242863458354,0.013290476281478366,-0.0983424418763339,-1.309272106019368e-18,-4.463174825312913e-22,1.445366644490841e-19,-1.3092689053279528e-18,-2.9292219154987875e-21,1.445366644490841e-19,-1540.9683837337625,-19.51839641935128,310.34891274445266,-1057178.7087794803,62.18297301119541,134561.83165506838,-0.0682547129101976,4706.467681195959
26.800367217956943,2001.0,12.0,14.0,14.0,21.0,54.0,1.0,3473862.95648671,44017.5012757095,-699638.1070692454,511.0954952777126,-293.1345004025644,4659.2432741574885,3543889.7925489414,4696.349042437245,3473940.3071428663,37418.22119326664,-699638.1070692454,3543889.7925489414,513.1900054509152,-540.3459728168649,4659.2432741574885,4718.46221133707,20255798.639377594,0.8266076791170138,1.6336281297798654,1.4901161193847656e-08,3.671254216061529e-07,6.084060355215503,-0.19872639768823772,0.010770701548131579,147689.79254894098,-0.09008035287263857,-0.08965705195480782,179.78572902083397,-16543154500.203268,-1040806228.8321033,-203706038.1584165,-16544980294.860533,-1896332311.9089668,16575863127.559042,16654547287.287502,-0.9802619467588568,-0.01055851716154909,0.19742095494624032,-0.010770493301394046,0.9999419965548225,0.0,0.19740950385070322,0.0021263210728032973,0.9803188086271295,4667.703450954636,-545.8419404049052,-0.11641142901185611,3.5388492331425403e-10,191.5,0.0,-90.6553250543789,2.744674945621098,0.0,3.0280311502048555e-17,2.29451501482927,1.5707963267948966,17.541314124332796,461.0,0.0018618241194624872,0.02881751779883461,0.0,0.0039629274389954856,-1540.993396263364,-19.526008836711014,310.35700494595267,-0.010878494508987873,0.013336144682712874,-0.09853120548666214,-0.010903809182501743,0.013315455046370772,-0.09853120548666214,-1.3117838398328345e-18,-4.420237284005786e-22,1.4476975426974044e-19,-1.311780633177806e-18,-2.933982138100722e-21,1.4476975426974044e-19,-1541.0043000725466,-19.512693381664644,310.258473740466,-1057178.7556364648,62.33651121616132,134512.54256043932,-0.06816200664104734,4706.504445955749
26.903732456986447,2001.0,12.0,14.0,14.0,21.0,54.0,1.0,3473915.7681369144,43987.20113193369,-699156.4996798616,510.7499628819586,-293.13887409875235,4659.31281747777,3543846.13788724,4696.380718724201,3473993.334976237,37362.36762295853,-699156.4996798616,3543846.13788724,512.8383514567724,-540.3571868987528,4659.31281747777,4718.4939329483805,20255796.622102242,0.8266076618668398,1.6336281294454313,0.0,3.689354182225471e-07,6.084196778440775,-0.19859025229958233,0.010754461389237427,147646.13788723946,-0.09001867925403842,-0.08959567168744798,180.9040119946003,-16543154421.578629,-1040806218.330974,-203711281.01202166,-16544975940.193233,-1896358120.8110561,16575863048.430178,16654545964.08892,-0.9802889854149685,-0.010542886505008685,0.19728748723179124,-0.010754254083065453,0.9999421713374813,0.0,0.19727607836027294,0.0021216797651002145,0.9803456774943039,4667.761454606909,-545.8411327004587,-0.11640982476112836,3.553885838839736e-10,191.5,0.0,-90.60681987471052,2.7931801252894717,0.0,3.0280271122904323e-17,2.2945143553878005,1.5707963267948966,17.54143205231942,461.0,0.001869772698148821,0.029010376531835594,0.0,0.003979888721381214,-1541.0737728045203,-19.513288901606053,310.15482719095746,-0.010917571715995231,0.013392219772141237,-0.0989538502244502,-0.010943090812599227,0.013371375623563797,-0.0989538502244502,-1.3174076333093989e-18,-4.323332701000316e-22,1.4529098545510187e-19,-1.317404413376357e-18,-2.94462738300287e-21,1.4529098545510187e-19,-1541.084715895333,-19.49991752598249,310.055873340733,-1057178.8609209284,62.49004942112723,134463.3200726949,-0.06806930255274167,4706.5411600673415
26.957113850106364,2001.0,12.0,14.0,14.0,21.0,54.0,1.0,3473943.0279184133,43971.55291020732,-698907.7781126953,510.5715109147379,-293.14113170521097,4659.348714269715,3543823.604666958,4696.397069245957,3474020.7061544457,37333.52244907364,-698907.7781126953,3543823.604666958,512.6567380218598,-540.3629741063088,4659.348714269715,4718.510306864983,20255795.576833263,0.8266076529284995,1.6336281292721608,1.4901161193847656e-08,3.7073657824470996e-07,6.084267233436456,-0.19851994078189572,0.010746074513481549,147623.6046669581,-0.08998682823011599,-0.08956397216040797,181.48308724164963,-16543154380.83896,-1040806212.8900628,-203713985.78475744,-16544973692.272444,-1896371442.7221231,16575863007.429262,16654545280.93648,-0.9803029421609508,-0.010534813978863987,0.1972185571517399,-0.010745867691933256,0.9999422614969063,0.0,0.19720717004746766,0.002119284521546574,0.9803595466536682,4667.791394846826,-545.8407158352177,-0.11640899670822141,3.5623531915537316e-10,191.47950583369763,0.0,-90.6,2.8,0.0,3.027992888261338e-17,2.294508766179693,1.5707963267948966,17.542431636984375,461.0,0.0018742467123492442,0.029110304890992162,0.0,0.003989408392376567,-1541.1152625274215,-19.50671924160987,310.0504053441545,-0.010939750847835498,0.013424135733695605,-0.09919074328827679,-0.010965381482938224,0.01340320774079982,-0.09919074328827679,-1.3205495674992579e-18,-4.27321021871469e-22,1.455856298333241e-19,-1.3205463402564754e-18,-2.9506034910188846e-21,1.455856298333241e-19,-1541.1262279089044,-19.493316033869068,309.95121460086625,-1057178.9154750071,62.64358762609315,134414.16419183515,-0.06797660064225604,4706.577823529399
27.020514845388142,2001.0,12.0,14.0,14.0,21.0,55.0,1.0,3473975.3919414016,43952.967385720636,-698612.3694156538,510.3595575539859,-293.143812067542,4659.391333086577,3543796.8522274215,4696.416481465682,3474053.2022638754,37299.26268090076,-698612.3694156538,3543796.8522274215,512.4410297361262,-540.3698439055191,4659.391333086577,4718.529746859906,20255794.33207509,0.82660764228427,1.6336281290658163,1.4901161193847656e-08,3.7223088731756417e-07,6.084350913882462,-0.1984364307381296,0.010736113527713555,147596.85222742148,-0.08994899826364522,-0.08952632212665511,182.1724210679531,-16543154332.324528,-1040806206.410697,-203717195.74569306,-16544971023.279724,-1896387259.2033985,16575862958.60372,16654544469.719885,-0.9803195124123131,-0.010525225975483513,0.19713668659549352,-0.010735907280764725,0.9999423684867338,0.0,0.19712532530992474,0.0021164411889263925,0.9803760129655101,4667.826941671463,-545.840220955798,-0.11640801361846537,3.5727197618741695e-10,191.44606528427687,0.0,-90.6,2.8,0.0,3.0279379678772114e-17,2.2944997970003076,1.5707963267948966,17.544035948964968,461.0,0.0018797235099946982,0.029229307501117997,0.0,0.00400105049940742,-1541.1645225383654,-19.49891589684038,309.9263746218365,-0.010966961058446988,0.013463349937340913,-0.09948032093374506,-0.010992726983760415,0.013442320478745324,-0.09948032093374506,-1.3243859965101862e-18,-4.213435136763165e-22,1.4594662359986705e-19,-1.3243827604060395e-18,-2.9579083681405113e-21,1.4594662359986705e-19,-1541.175515265349,-19.485473576361635,309.8268943009027,-1057178.980440719,62.79712583105906,134365.07491786,-0.06788390090656586,4706.614436340601
27.171575907308856,2001.0,12.0,14.0,14.0,21.0,55.0,1.0,3474052.4492535368,43908.68428800375,-697908.5091462638,509.85452398255427,-293.15019403042083,4659.492809019591,3543733.155848386,4696.462701777885,3474130.573329654,37217.632603016886,-697908.5091462638,3543733.155848386,511.92704933106586,-540.3861960828586,4659.492809019591,4718.5760333027365,20255791.351745237,0.8266076167987015,1.6336281285717449,0.0,3.7520165181202426e-07,6.0845502984295905,-0.1982374521688146,0.010712380599662756,147533.15584838577,-0.08985886104864174,-0.08943661362510025,183.82175600528717,-16543154216.167892,-1040806190.8968935,-203724832.98891824,-16544964667.814922,-1896424918.0583227,16575862841.702173,16654542537.597754,-0.9803589662489502,-0.01050238010771068,0.19694160887776588,-0.010712175717457202,0.9999426229996391,0.0,0.1969303089590022,0.0021096731203773572,0.9804152195333552,4667.91157902577,-545.8390428508447,-0.11640567297498676,3.5974021087505115e-10,191.36644481048222,0.0,-90.6,2.8,0.0,3.027807189634598e-17,2.2944784392924844,1.5707963267948966,17.54785741457435,461.0,0.0018927640549218552,0.02951424553403659,0.0,0.004028770610575247,-1541.281815312463,-19.480320926627808,309.6308157725415,-0.011031630939141024,0.013556720607637672,-0.10016981418944362,-0.011057720508833942,0.013535448716591358,-0.10016981418944362,-1.333520206822717e-18,-4.0693082434469352e-22,1.4680456625637498e-19,-1.3335169497879611e-18,-2.975268964353555e-21,1.4680456625637498e-19,-1541.292873032972,-19.466785477911216,309.53064595835207,-1057179.135988431,62.95066403602498,134316.0522507695,-0.06779120334264634,4706.650998499642
27.30520118512491,2001.0,12.0,14.0,14.0,21.0,55.0,1.0,3474120.5488553527,43869.51163512113,-697285.8771344564,509.40775040977115,-293.1558342688146,4659.582491462618,3543676.864004574,4696.503549885635,3474198.949344463,37145.42238219766,-697285.8771344564,3543676.864004574,511.4723613057973,-540.4006420599308,4659.582491462618,4718.616939852555,20255788.69797579,0.8266075941055876,1.63362812813185,1.4901161193847656e-08,3.781490785017489e-07,6.084726675550071,-0.19806143413775748,0.010691387453916103,147476.86400457378,-0.08977912480436334,-0.08935725661186583,185.28881230950356,-16543154112.74047,-1040806177.0837454,-203731575.93271032,-16544959050.306429,-1896458199.7672086,16575862737.611507,16654540829.299767,-0.9803938346168515,-0.010482169737175482,0.19676903507123963,-0.010691183773875328,0.9999428476615617,0.0,0.19675778926075307,0.0021036939149547424,0.9804498696196218,4667.986379772563,-545.8380019095217,-0.11640360448364437,3.619215198227649e-10,191.29608000571727,0.0,-90.6,2.8,0.0,3.027691596152865e-17,2.2944595614443055,1.5707963267948966,17.551236603776637,461.0,0.001904289293859472,0.02976793657373589,0.0,0.0040532692322610905,-1541.3854811543713,-19.46386930125028,309.3693244418823,-0.011088646438668392,0.013639241145657227,-0.10077918106143006,-0.011115023819308845,0.013617754013323172,-0.10077918106143006,-1.3415924039847304e-18,-3.939816995570574e-22,1.4756093534951365e-19,-1.34158912865264e-18,-2.9905738844622006e-21,1.4756093534951365e-19,-1541.3965961781905,-19.450251547236956,309.2685452608209,-1057179.2744925264,63.104202240990894,134267.09619056364,-0.06769850794747277,4706.687510005227
27.340405222616486,2001.0,12.0,14.0,14.0,21.0,55.0,1.0,3474138.4799929694,43859.19134000086,-697121.8406020963,509.290041376669,-293.1573194114174,4659.606105966061,3543662.041938722,4696.514305623494,3474216.9531280166,37126.39803079443,-697121.8406020963,3543662.041938722,511.3525671391872,-540.40444496513,4659.606105966061,4718.62771097849,20255787.996245213,0.8266075881048872,1.633628128015524,1.4901161193847656e-08,3.790288371436888e-07,6.084773143636554,-0.19801506064937924,0.010685856812322302,147462.04193872213,-0.08975811757187968,-0.08933634928919477,185.67653784155846,-16543154085.39171,-1040806173.4310914,-203733350.38682958,-16544957571.046785,-1896466963.1852689,16575862710.087362,16654540379.37557,-0.9804030158664023,-0.01047684502399183,0.19672356797904575,-0.010685653448207145,0.9999429067753742,0.0,0.19671233639618993,0.002102119872518903,0.9804589934319506,4668.006075726035,-545.8377278550653,-0.11640305984344256,3.6245846224685454e-10,191.28004659858018,0.0,-90.58004659858015,2.8,0.0,3.027665070091444e-17,2.2944552294097247,1.5707963267948966,17.552012240737866,461.0,0.0019071272615348107,0.029835024711863986,0.0,0.004059296443931098,-1541.412778405556,-19.459534607310314,309.3004263928613,-0.011102483886694783,0.013659124254417855,-0.10092918897314371,-0.011128933754809308,0.01363758253258287,-0.10092918897314371,-1.3435794881365954e-18,-3.9049203841283905e-22,1.477445324783597e-19,-1.3435762083692019e-18,-2.994282830114436e-21,1.477445324783597e-19,-1541.423907339311,-19.445897024777732,309.19949720388814,-1057179.311116878,63.257740445956806,134218.2067372424,-0.0676058147180203,4706.723970856076
27.424041182831306,2001.0,12.0,14.0,14.0,21.0,55.0,1.0,3474181.0632600766,43834.67269859082,-696732.1276257635,509.01038588590615,-293.160846404037,4659.662186956176,3543626.8421648787,4696.539848798609,3474259.708689288,37081.20040847538,-696732.1276257635,3543626.842164879,511.06795782109145,-540.4134748021319,4659.662186956176,4718.653290697288,20255786.32489301,0.8266075738126605,1.633628127738482,1.4901161193847656e-08,3.8107370890809594e-07,6.0848835417050395,-0.19790488731420208,0.010672717520279835,147426.8421648792,-0.08970820891337165,-0.08928667799148152,186.59956949949265,-16543154020.25408,-1040806164.7316933,-203737562.70620468,-16544954057.858896,-1896487774.9041345,16575862644.532026,16654539310.694843,-0.9804248199471214,-0.010464194470832505,0.19661554634802197,-0.010672514905407217,0.99994304709098,0.0,0.1966043485206989,0.002098382349034048,0.980480661173013,4668.0528507101935,-545.8370770801899,-0.11640176643497512,3.637491206210959e-10,191.24093573875467,0.0,-90.54093573875467,2.8,0.0,3.0276004489257197e-17,2.294444675972477,1.5707963267948966,17.553902097403366,461.0,0.0019139487044894604,0.02999481444373291,0.0,0.004073785846580549,-1541.4776066257432,-19.449235698510368,309.13672977769744,-0.01113578999216746,0.01370710495584567,-0.10128976953682882,-0.011162413913738355,0.01368543242424609,-0.10128976953682882,-1.3483557968452691e-18,-3.821717342145512e-22,1.4818642187611022e-19,-1.3483525064528352e-18,-3.003212252307447e-21,1.4818642187611022e-19,-1541.488769039657,-19.43555026608612,309.0354400081606,-1057179.3983472101,63.411278650922725,134169.3838908058,-0.06751312365126398,4706.760381050928
27.512772919346496,2001.0,12.0,14.0,14.0,21.0,55.0,1.0,3474226.2154718945,43808.65986168263,-696318.6650699893,508.713678669388,-293.1645862371546,4659.721652310792,3543589.5188743137,4696.566933250601,3474305.043239861,37033.248157680595,-696318.6650699893,3543589.5188743137,510.7659948375031,-540.4230472511782,4659.721652310792,4718.680413897153,20255784.54518133,0.8266075585937975,1.6336281274435134,1.4901161193847656e-08,3.828177624543073e-07,6.085000668503513,-0.19778799892947552,0.010658777868573796,147389.51887431415,-0.08965525827151108,-0.08923397917257905,187.58175003528595,-16543153950.894075,-1040806155.4689059,-203742026.53925315,-16544950332.405756,-1896509842.3851438,16575862574.727272,16654538177.248127,-0.9804479397894645,-0.01045077257408891,0.1965009382043741,-0.010658576046568436,0.9999431957649692,0.0,0.19648977611889654,0.002094420193073366,0.9805036365484836,4668.102448426242,-545.8363871313628,-0.11640039502181221,3.6511984643454083e-10,191.1993985928927,0.0,-90.5,2.8,0.0,3.027531818881717e-17,2.294433467835723,1.5707963267948966,17.555909656284943,461.0,0.001921193507408415,0.030164963369028262,0.0,0.004089174452415181,-1541.5463489983267,-19.438308122694757,308.9630407766158,-0.011171120772245276,0.013758069926036476,-0.10167272709043136,-0.011197930091448975,0.013736258190090226,-0.10167272709043136,-1.3534283492638545e-18,-3.732709646634676e-22,1.4865516535944582e-19,-1.3534250476681368e-18,-3.012684317463278e-21,1.4865516535944582e-19,-1541.557546928418,-19.424571864504667,308.86136804952537,-1057179.4912329968,63.56481685588864,134120.62765125383,-0.06742043474417886,4706.796740588529
27.54224730458463,2001.0,12.0,14.0,14.0,21.0,55.0,1.0,3474241.2080423087,43800.01899743038,-696181.322347937,508.61511728636174,-293.1658280452468,4659.741397747884,3543577.125858781,4696.57592658216,3474320.0962753035,37017.31947375952,-696181.322347937,3543577.125858781,510.6656875991027,-540.4262252489308,4659.741397747884,4718.689420094659,20255783.952474877,0.826607553525378,1.6336281273452833,0.0,3.836868163819257e-07,6.0850395755373174,-0.19774917108769327,0.010654147520909716,147377.12585878093,-0.0896376691784791,-0.0892164737286671,187.90870222449303,-16543153927.794933,-1040806152.3841649,-203743508.13976857,-16544949095.311907,-1896517169.8387072,16575862551.480019,16654537800.823668,-0.9804556167049157,-0.01044631403776443,0.1964628672161943,-0.010653945961813469,0.9999432451071625,0.0,0.1964517169872189,0.002093104770824269,0.9805112655167161,4668.118917311364,-545.8361580566634,-0.11639993965614089,3.6563105832528566e-10,191.18390732347618,0.0,-90.5,2.8,0.0,3.02750636293665e-17,2.294429310564404,1.5707963267948966,17.556654411937473,461.0,0.0019238941619808853,0.030221629267075154,0.0,0.0040949153382652285,-1541.5691752997232,-19.43467799750958,308.90534153664055,-0.011184560754954224,0.013777403654277305,-0.10181552164990611,-0.011211436490934623,0.013755542248268348,-0.10181552164990611,-1.355320263162181e-18,-3.703584019347591e-22,1.4883348828348045e-19,-1.3553169573501011e-18,-3.0162928593294218e-21,1.4883348828348045e-19,-1541.580386736214,-19.420922455261312,308.80352601499067,-1057179.52216723,63.71835506085455,134071.93801858652,-0.06732774799373986,4706.833049467644
27.590779476098096,2001.0,12.0,14.0,14.0,21.0,55.0,1.0,3474265.8883002126,43785.7909735733,-695955.17419041,508.4528241059731,-293.1678722832446,4659.773902291157,3543556.7248994405,4696.590731174496,3474344.875982079,36991.091288560194,-695955.17419041,3543556.724899441,510.50051968620926,-540.4314562307391,4659.773902291157,4718.704245866372,20255782.974726535,0.8266075451643383,1.633628127183238,0.0,3.845539063383347e-07,6.085103639986565,-0.197685237031795,0.010646523293062884,147356.724899441,-0.08960870690408068,-0.08918764918997418,188.44791519641876,-16543153889.690014,-1040806147.2954572,-203745946.45533833,-16544947058.762812,-1896529232.1013715,16575862513.130768,16654537181.086006,-0.9804682542737267,-0.010438972524028079,0.19640017875265134,-0.010646322166369295,0.9999433263062112,0.0,0.19638904802906065,0.002090939576533244,0.980523824180691,4668.146028051186,-545.8357809825532,-0.11639919005449546,3.664725978980577e-10,191.15840612430128,0.0,-90.5,2.8,0.0,3.0274644564563416e-17,2.2944224667168003,1.5707963267948966,17.557880597783473,461.0,0.0019283399530611483,0.030315107991521494,0.0,0.004104365883571523,-1541.6067519751352,-19.428700386100036,308.81033003748576,-0.01120667078702619,0.013809230595725122,-0.10205058785789922,-0.011233656044648264,0.013787287320036328,-0.10205058785789922,-1.358434647732465e-18,-3.6554150378313493e-22,1.4912684341515621e-19,-1.3584313350006059e-18,-3.0222291588162826e-21,1.4912684341515621e-19,-1541.6179856311799,-19.41491309878,308.70827944962787,-1057179.5731973723,63.87189326582047,134023.31499280382,-0.0672350633969219,4706.8693076870495
27.792715948863542,2001.0,12.0,14.0,14.0,21.0,55.0,1.0,3474368.4952851143,43726.58882916358,-695014.1822363787,507.77749940709117,-293.1763713161666,4659.909042078938,3543471.908892476,4696.652281577941,3474447.895263653,36881.95627070501,-695014.1822363787,3543471.9088924755,509.8132332027884,-540.4531967067478,4659.909042078938,4718.765884320631,20255778.88229037,0.8266075101685331,1.633628126504968,1.4901161193847656e-08,3.8943095044410416e-07,6.085370212272367,-0.1974192072531122,0.010614800440151747,147271.90889247507,-0.08948819461282531,-0.08906771000103773,190.70295283198357,-16543153730.201752,-1040806125.9961743,-203756075.03075874,-16544938590.73895,-1896579381.1594849,16575862352.619827,16654534603.478846,-0.9805207955915767,-0.0104084234950892,0.19613932326998687,-0.010614601105957824,0.999943663534782,0.0,0.19612827347382358,0.0020819406777034216,0.9805760377794226,4668.2587426218215,-545.8342135930159,-0.1163960736988985,3.699712581854033e-10,191.05238611559383,0.0,-90.5,2.8476138844061603,0.0,3.027290208633729e-17,2.2943940098878217,1.5707963267948966,17.562981002520186,461.0,0.0019468239915223472,0.030706376924283078,0.0,0.004143739621488512,-1541.7629858250011,-19.403824391304546,308.4149370596763,-0.011298718309820236,0.013941691376490754,-0.10302995463219948,-0.011326161684566197,0.013919405712064303,-0.10302995463219948,-1.3714094266013277e-18,-3.453641859231325e-22,1.5034806035784401e-19,-1.371406085043243e-18,-3.0470565746271906e-21,1.5034806035784401e-19,-1541.7743119866857,-19.389904985592484,308.3119071050441,-1057179.7867877726,64.02543147078639,133974.75857390574,-0.06714238095069973,4706.90551524554
27.91917177254103,2001.0,12.0,14.0,14.0,21.0,55.0,1.0,3474432.679965542,43689.51463352961,-694424.9042557251,507.3545655171505,-293.1816879669839,4659.993580340471,3543418.853163146,4696.690784597669,3474512.3369008396,36813.61195697916,-694424.9042557251,3543418.853163146,509.3828083488967,-540.4667904061922,4659.993580340471,4718.804442418417,20255776.299472515,0.8266074880819296,1.6336281260769343,0.0,3.922714764204105e-07,6.085537150542754,-0.19725260867492625,0.010594935605901823,147218.85316314595,-0.08941272479867601,-0.08899259907330194,192.12443441152573,-16543153629.54752,-1040806112.5544987,-203762403.79255098,-16544933292.688877,-1896610751.9956279,16575862251.320204,16654532990.189474,-0.9805536632507346,-0.01038929166505854,0.19597595797511336,-0.010594737388729427,0.9999438741947789,0.0,0.19596495866666802,0.0020763138092510006,0.9806087007036683,4668.329252428346,-545.8332333571755,-0.11639412435989943,3.7210871735131474e-10,190.98761462571773,0.0,-90.48761462571774,2.9,0.0,3.027183621117696e-17,2.2943766028254577,1.5707963267948966,17.566102437864366,461.0,0.0019581183790091726,0.03095329157679965,0.0,0.004167835390196472,-1541.860724921055,-19.38824346568461,308.16728510899947,-0.011354730379758182,0.014022418681661115,-0.10362937047224131,-0.011382458168141481,0.013999920490178196,-0.10362937047224131,-1.379349489756217e-18,-3.325185264013361e-22,1.5109113150346062e-19,-1.3793461307040081e-18,-3.0622167114452984e-21,1.5109113150346062e-19,-1541.872107379223,-19.37424354519443,308.06365573852725,-1057179.9215889666,64.1789696757523,133926.2687618923,-0.06704970065204814,4706.94167214192
27.977977951429974,2001.0,12.0,14.0,14.0,21.0,55.0,1.0,3474462.509765714,43672.27366607794,-694150.8666842406,507.1578780041845,-293.184158923997,4660.032870259043,3543394.1955381013,4696.708679081598,3474542.285871793,36781.82898448444,-694150.8666842406,3543394.1955381017,509.182637207851,-540.4731065438693,4660.032870259043,4718.822362499553,20255775.09357154,0.8266074777698206,1.6336281258770895,0.0,3.934019441140941e-07,6.085614784107824,-0.19717513306862114,0.010585697931100854,147194.19553810125,-0.08937762800238401,-0.08895766917133485,192.78768894076347,-16543153582.553305,-1040806106.2787267,-203765343.23100656,-16544930830.185947,-1896625331.7468128,16575862204.024662,16654532240.197058,-0.9805689387443801,-0.010380394321015908,0.1958999841333844,-0.010585500231948477,0.9999439720228526,0.0,0.1958890082535502,0.002073699327482644,0.9806238811167816,4668.362022470209,-545.8327778532749,-0.11639321842211427,3.730128302696197e-10,190.96021726455697,0.0,-90.46021726455697,2.9,0.0,3.0271383272853186e-17,2.29436920578128,1.5707963267948966,17.56742922439823,461.0,0.0019628979042001656,0.031068581477316976,0.0,0.004177987043789565,-1541.906151402588,-19.38099698073977,308.0521054216356,-0.011377826911692094,0.014056016545907834,-0.10388201178982308,-0.01140567964011408,0.014033425038754679,-0.10388201178982308,-1.3826951573623354e-18,-3.2632504441650305e-22,1.5139752369929184e-19,-1.3826917912373808e-18,-3.0684077386879623e-21,1.5139752369929184e-19,-1541.917557082228,-19.366963555701016,307.94822340984575,-1057179.984526787,64.33250788071821,133877.8455567635,-0.06695702249794178,4706.977778375013
28.066682692554,2001.0,12.0,14.0,14.0,21.0,56.0,1.0,3474507.48391474,43646.26667591281,-693737.497047325,506.861178574108,-293.1878844216145,4660.092108315753,3543357.019435632,4696.735658721269,3474587.4393934943,36733.88603515379,-693737.497047325,3543357.0194356325,508.88068288852645,-540.4826274978518,4660.092108315753,4718.849380731582,20255773.268988658,0.8266074621671143,1.6336281255747456,1.4901161193847656e-08,3.95653189639802e-07,6.085731890596836,-0.19705826483836197,0.010571763750135233,147157.01943563297,-0.08932468612216972,-0.08890497903898187,193.79061484336853,-16543153511.44956,-1040806096.7837423,-203769772.77773106,-16544927117.213482,-1896647313.725147,16575862132.46503,16654531109.186615,-0.9805919698001272,-0.010366972854743431,0.19578537901829038,-0.010571566830659632,0.9999441194260532,0.0,0.19577443841894046,0.002069758218757883,0.9806467689044126,4668.411430371183,-545.8320911664067,-0.11639185256696045,3.7437595402679045e-10,190.91891048403664,0.0,-90.41891048403666,2.9,0.0,3.027070033392404e-17,2.2943580525421643,1.5707963267948966,17.569430141583478,461.0,0.00197010415698346,0.031243019757041978,0.0,0.004193292840965627,-1541.974643281121,-19.370065196208635,307.8783495193463,-0.011412604675781828,0.014106667401155529,-0.10426292487924628,-0.01144064633814034,0.014083934891148047,-0.10426292487924628,-1.3877393383199841e-18,-3.1691801517495632e-22,1.518588685535251e-19,-1.3877359616073792e-18,-3.0777295947913335e-21,1.518588685535251e-19,-1541.986083927459,-19.35598126131749,307.774086594467,-1057180.079754576,64.48604608568412,133829.48895851933,-0.06686434648535518,4707.013833943656
28.115290885459647,2001.0,12.0,14.0,14.0,21.0,56.0,1.0,3474532.1175690615,43632.01529307704,-693510.9776026137,506.69858840220667,-293.18992501379745,4660.124555219868,3543336.656998995,4696.750436395525,3474612.1711422848,36707.61402460917,-693510.9776026137,3543336.656998995,508.7152131073092,-540.4878414653057,4660.124555219868,4718.864179543824,20255772.266328182,0.8266074535929724,1.633628125408614,0.0,3.967740224508773e-07,6.085796063344713,-0.19699422264564243,0.01056412821730567,147136.65699899523,-0.08929567467048531,-0.08887610553953855,194.3414414525032,-16543153472.376348,-1040806091.5662496,-203772197.83731627,-16544925083.369352,-1896659354.0009627,16575862093.141314,16654530489.570553,-0.9806045847433204,-0.01035961794714094,0.19572257584747202,-0.010563931724199933,0.9999442001164497,0.0,0.19571165455053155,0.0020675999281372375,0.9806593054183652,4668.438492915069,-545.831715085019,-0.11639110445838093,3.7514207754270254e-10,190.89582124874406,0.0,-90.4,2.9,0.0,3.027031895280156e-17,2.294351824115768,1.5707963267948966,17.570547741423166,461.0,0.00197415394833609,0.03133887863524049,0.0,0.004201895702338007,-1542.0121596784165,-19.36407431463673,307.78312709392895,-0.011432226445534306,0.014135226882113728,-0.10447700265961965,-0.011460373510071443,0.014112415793210504,-0.10447700265961965,-1.3905743777654732e-18,-3.1174771793955926e-22,1.5211916638753671e-19,-1.3905709951144244e-18,-3.082990585791177e-21,1.5211916638753671e-19,-1542.0236200519266,-19.34996189884352,307.67865009126933,-1057180.1320849769,64.63958429065003,133781.1989671598,-0.06677167261126288,4707.049838846702
28.14729191239271,2001.0,12.0,14.0,14.0,21.0,56.0,1.0,3474548.3307315004,43622.63289289965,-693361.8484894953,506.59154559364043,-293.19126808363137,4660.145911026994,3543323.2550291447,4696.760162687579,3474628.4488084516,36690.317803731865,-693361.8484894953,3543323.255029145,508.6062744995812,-540.491272786146,4660.145911026994,4718.873919748222,20255771.60503068,0.8266074479379545,1.633628125299044,1.4901161193847656e-08,3.9761257362742487e-07,6.085838311641101,-0.19695206029756257,0.010559101424248353,147123.25502914516,-0.08927657489440548,-0.08885709658385586,194.7046321630478,-16543153446.606028,-1040806088.1251112,-203773793.50410035,-16544923744.69316,-1896667278.603794,16575862067.205772,16654530081.703201,-0.9806128875983322,-0.010354775774876366,0.195681228774537,-0.010558905211503634,0.9999442532065147,0.0,0.19567032017348757,0.002066179546300894,0.9806675566700916,4668.456304853754,-545.8314675731986,-0.11639061207875619,3.7571166126133043e-10,190.87906878643147,0.0,-90.4,2.9,0.0,3.0270043496309865e-17,2.2943473255698716,1.5707963267948966,17.571355031212658,461.0,0.0019771632846129782,0.031402102335151935,0.0,0.004208292781954512,-1542.0368524307153,-19.36013004221058,307.72043461982474,-0.011447127783370844,0.014156767109829403,-0.10463612104387834,-0.011475349805411301,0.0141339002520258,-0.10463612104387834,-1.3926823091103392e-18,-3.0838874148863e-22,1.5231687114768012e-19,-1.392678921968761e-18,-3.086991488772733e-21,1.5231687114768012e-19,-1542.0483277805206,-19.345996141958555,307.61579849878086,-1057180.1665991172,64.79312249561595,133732.9755826849,-0.06667900087263937,4707.085793083015
28.236590826505637,2001.0,12.0,14.0,14.0,21.0,56.0,1.0,3474593.5554692904,43596.451063725304,-692945.6998597241,506.29283340477,-293.1950144661018,4660.205481364365,3543285.871787395,4696.787293267951,3474673.8532231366,36642.05209262436,-692945.6998597241,3543285.871787395,508.3022720011961,-540.5008425348539,4660.205481364365,4718.901089135154,20255769.754403718,0.826607432112493,1.6336281249924083,0.0,3.99284392803143e-07,6.085956207260455,-0.19683440450752898,0.010545074285760004,147085.87178739533,-0.08922327613260998,-0.0888040512566721,195.7206111252308,-16543153374.488918,-1040806078.4950885,-203778242.59459817,-16544920010.356058,-1896689383.5303996,16575861994.626295,16654528943.768784,-0.980636047711937,-0.010341263284562597,0.19556584620426654,-0.01054487885394495,0.9999444012193656,0.0,0.19555497298168384,0.0020622181561932205,0.9806905729119706,4668.505989823534,-545.8307772265147,-0.11638923865925824,3.773004490356988e-10,190.83233973424416,0.0,-90.4,2.9,0.0,3.026927509193383e-17,2.294334776574086,1.5707963267948966,17.573607426702743,461.0,0.001985557671421314,0.0315790357978644,0.0,0.004226136971662624,-1542.1057322637798,-19.34912271563452,307.5454780082585,-0.01148865100635503,0.014216852297257722,-0.10507997116012446,-0.011517082667588332,0.014193829575410615,-0.10507997116012446,-1.3985620820188079e-18,-2.9895366924420593e-22,1.5286777597605278e-19,-1.398558682416698e-18,-3.0981399175534366e-21,1.5286777597605278e-19,-1542.1172493464474,-19.334928886059107,307.44039803709836,-1057180.2631862182,64.94666070058187,133684.81880509463,-0.06658633126645896,4707.1216966514785
28.45924495393834,2001.0,12.0,14.0,14.0,21.0,56.0,1.0,3474706.200737042,43531.16894455065,-691908.0693527064,505.54797898655863,-293.20434620019955,4660.353863530612,3543192.7580284867,4696.854871189101,3474786.9444321683,36521.70469577595,-691908.0693527064,3543192.758028487,507.5442264431003,-540.5246689849631,4660.353863530612,4718.96876371329,20255765.10589116,0.8266073923610798,1.6336281242222832,0.0,4.04807260847277e-07,6.0862501739945065,-0.1965410356948057,0.010510100479194777,146992.7580284872,-0.08909037808266139,-0.0886717851109193,198.26953780651093,-16543153193.3444,-1040806054.3077238,-203789312.573213,-16544910707.259544,-1896744443.2906702,16575861812.32049,16654526107.886248,-0.9806937363367209,-0.010307569243310786,0.19527813376365663,-0.010509906985438777,0.9999447694023692,0.0,0.19526734843562463,0.0020523550221461027,0.9807479036295634,4668.629748621954,-545.8290580953743,-0.11638581786649867,3.8125778378929357e-10,190.71594753560902,0.0,-90.31594753560901,2.9,0.0,3.0267360836111976e-17,2.2943035144040764,1.5707963267948966,17.57922121777081,461.0,0.0020064675448500926,0.03202345661866001,0.0,0.00427056446800095,-1542.277311857376,-19.32167220571626,307.1091642301633,-0.011591757510997443,0.014364571463878815,-0.1061853046615782,-0.01162071095911066,0.014341158681900588,-0.1061853046615782,-1.4132007387232335e-18,-2.7500168239986733e-22,1.5423537229110253e-19,-1.4131973085838795e-18,-3.125790315694282e-21,1.5423537229110253e-19,-1542.288932568335,-19.30733104703436,307.00297892550174,-1057180.5057994071,65.10019890554778,133636.72863438903,-0.06649366378969596,4707.1575495509915
28.524098269957804,2001.0,12.0,14.0,14.0,21.0,56.0,1.0,3474738.980164255,43512.15358236282,-691605.8285505167,505.33100681347776,-293.20706178312406,4660.397043637672,3543165.6622104687,4696.87453652675,3474819.8531980533,36486.6496538348,-691605.8285505167,3543165.6622104687,507.32341190071674,-540.5315997823365,4660.397043637672,4718.988457177299,20255763.74283857,0.8266073807050087,1.6336281239964743,1.4901161193847656e-08,4.064494877155408e-07,6.086335801700244,-0.1964555821316239,0.010499913757558469,146965.6622104682,-0.08905166697298011,-0.08863325805866402,199.0161719918251,-16543153140.229576,-1040806047.2156483,-203792530.74622396,-16544907999.648369,-1896760465.7957768,16575861758.86516,16654525282.247536,-0.9807105239979729,-0.01029775436214629,0.19519432464781952,-0.010499720825876066,0.9999448764119844,0.0,0.19518356483628466,0.0020494859155975246,0.9807645872610213,4668.665763134785,-545.828557934509,-0.11638482245446474,3.823575807040142e-10,190.68406912274244,0.0,-90.3,2.9,0.0,3.0266834994041166e-17,2.294294926751356,1.5707963267948966,17.580763965277008,461.0,0.0020122801327464458,0.0321537754873615,0.0,0.004282915247628981,-1542.3272448740347,-19.31367516706223,306.9820548180339,-0.01162012216636134,0.01440580215909686,-0.10649259496840721,-0.01164922484449972,0.014382278523603008,-0.10649259496840721,-1.4172706063401579e-18,-2.678859830807318e-22,1.5461167493267303e-19,-1.4172671678850548e-18,-3.133399715086301e-21,1.5461167493267303e-19,-1542.338894098879,-19.299292888538627,306.87556222306546,-1057180.5769392885,65.2537371105137,133588.70507056802,-0.06640099843932462,4707.193351780463
28.572165622586613,2001.0,12.0,14.0,14.0,21.0,56.0,1.0,3474763.266222934,43498.059846771524,-691381.8148334746,505.1701889453545,-293.2090737630534,4660.429035885544,3543145.5870998492,4696.889106553521,3474844.2349579246,36460.66760741624,-691381.8148334746,3543145.587099849,507.15974614307254,-540.5367339987099,4660.429035885544,4719.003048042559,20255762.730119456,0.8266073720447886,1.6336281238287185,0.0,4.0726811792601773e-07,6.086399267256245,-0.19639224564045457,0.010492363729437536,146945.58709984878,-0.0890229750437654,-0.08860470254743781,199.57063910365105,-16543153100.76666,-1040806041.9466585,-203794914.15081298,-16544905993.476282,-1896772336.8463864,16575861719.149273,16654524670.425957,-0.9807229619943925,-0.01029047966308948,0.19513220606872872,-0.010492171213640586,0.999944955656672,0.0,0.1951214651445835,0.002047360515368498,0.9807769482174584,4668.692446363352,-545.8281873983419,-0.11638408496854266,3.831382794503248e-10,190.66176344427643,0.0,-90.3,2.9,0.0,3.0266466006390747e-17,2.2942889007257183,1.5707963267948966,17.581846691289776,461.0,0.0020164071144584796,0.032250600054575786,0.0,0.004291686513128749,-1542.3642410411735,-19.307747585134322,306.8878385100568,-0.011640088465922299,0.014435340237403758,-0.10671081264723177,-0.011669299927622744,0.014411736413884664,-0.10671081264723177,-1.420161247687402e-18,-2.625636702291953e-22,1.5487664232937453e-19,-1.4201578033990013e-18,-3.13876052652821e-21,1.5487664232937453e-19,-1542.3759103411012,-19.29333584872044,306.78112769740954,-1057180.6297947168,65.40727531547961,133540.74811363165,-0.06630833521231902,4707.2291033388265
28.672455585512353,2001.0,12.0,14.0,14.0,21.0,56.0,1.0,3474813.912896542,43468.65370919106,-690914.4172320119,504.8346386315988,-293.2132696516627,4660.495754295928,3543103.7220287127,4696.919491504244,3474895.080866186,36406.45666150478,-690914.4172320119,3543103.7220287123,506.81825375193415,-540.5474389064993,4660.495754295928,4719.033476449908,20255760.610494655,0.8266073539188931,1.633628123477597,0.0,4.097141946812754e-07,6.086531687055965,-0.1962600951153323,0.010476611184269182,146903.72202871228,-0.08896310975996051,-0.08854512189268961,200.73057359457016,-16543153018.171438,-1040806030.9185644,-203799882.03843883,-16544901809.434229,-1896797093.2214892,16575861636.024574,16654523394.219133,-0.9807489008186666,-0.010275300842917225,0.19500259417650007,-0.010476419534259611,0.9999451208110084,0.0,0.1949918925922804,0.0020429289868619848,0.9808027264768564,4668.748093014948,-545.8274147553668,-0.11638254702182847,3.847663655500775e-10,190.61524669856922,0.0,-90.3,2.9,0.0,3.026569645785901e-17,2.2942763330444524,1.5707963267948966,17.584105233887342,461.0,0.0020250138523579203,0.03245325725732097,0.0,0.004309978647371324,-1542.4413967412218,-19.295378867001045,306.69124317383876,-0.011681673148479451,0.014496941162435195,-0.10716589875259457,-0.011711112169865664,0.014473169741277755,-0.10716589875259457,-1.4261894095080437e-18,-2.513815144537997e-22,1.5542849414369557e-19,-1.426185953147492e-18,-3.1499254510586275e-21,1.5542849414369557e-19,-1542.4531078533917,-19.280905697259765,306.58407727508614,-1057180.7404213324,65.56081352044552,133492.85776357993,-0.06621567410565327,4707.264804225021
28.717372945350576,2001.0,12.0,14.0,14.0,21.0,56.0,1.0,3474836.5853601783,43455.483301090826,-690705.0793968398,504.6843486164924,-293.21514800810337,4660.525621898552,3543084.9807323436,4696.933093746679,3474917.8423688067,36382.17659009941,-690705.0793968398,3543084.9807323436,506.66530238202176,-540.5522301395349,4660.525621898552,4719.047098145936,20255759.658182435,0.8266073457752211,1.6336281233198524,1.4901161193847656e-08,4.1106683683794195e-07,6.086590995575827,-0.19620090719191757,0.010469556095364839,146884.98073234316,-0.08893629711528798,-0.08851843672633698,201.2514252960682,-16543152981.063084,-1040806025.963983,-203802104.85807028,-16544899936.261658,-1896808175.7474582,16575861598.678343,16654522822.778141,-0.980760512735586,-0.010268502389287693,0.19494454215830676,-0.010469364832272156,0.9999451946981939,0.0,0.19493385816383832,0.0020409455339155734,0.9808142665574804,4668.773004145898,-545.827068909911,-0.11638185855521961,3.855195929599859e-10,190.59372591542896,0.0,-90.3,2.9062740845710264,0.0,3.026534098366144e-17,2.294270527710248,1.5707963267948966,17.585148715683403,461.0,0.002028995247152672,0.032544302423737854,0.0,0.004318452057132127,-1542.4759375761214,-19.289838730855244,306.60318514540967,-0.011701048591541918,0.014525454970375112,-0.10737669641140689,-0.011730591694496216,0.014501606763908496,-0.10737669641140689,-1.428981601513827e-18,-2.4637464603552536e-22,1.5568559110680518e-19,-1.428978139524211e-18,-3.1551430099032402e-21,1.5568559110680518e-19,-1542.4876681678159,-19.275337124091337,306.4958084489983,-1057180.790124042,65.71435172541145,133445.03402041283,-0.06612301511630136,4707.300454438009
28.753799975267494,2001.0,12.0,14.0,14.0,21.0,56.0,1.0,3474854.9672921062,43444.80231638347,-690535.3098495101,504.5624641157388,-293.2166709169643,4660.549837577112,3543069.786034689,4696.944121962515,3474936.296421686,36362.48580709279,-690535.3098495101,3543069.786034689,506.5412595572541,-540.556114262179,4660.549837577112,4719.058142133886,20255758.88445735,0.8266073391587273,1.6336281231916834,0.0,4.1187628987685893e-07,6.086639093991543,-0.19615290657454812,0.010463834604129984,146869.78603468835,-0.08891455240677357,-0.08849679540009478,201.67450296878815,-16543152950.913841,-1040806021.9384439,-203803906.5309346,-16544898417.49883,-1896817161.0636716,16575861568.335829,16654522359.41272,-0.9807699272869091,-0.010262988877729312,0.1948974622434234,-0.010463643654434026,0.9999452545822062,0.0,0.19488679250042595,0.0020393375940686927,0.9808236228859261,4668.793201271518,-545.826788528138,-0.11638130037832602,3.8618436098238383e-10,190.57473254336045,0.0,-90.3,2.9252674566395376,0.0,3.026502848497422e-17,2.29426542421939,1.5707963267948966,17.586066150422507,461.0,0.0020325078586130828,0.03261827721535235,0.0,0.004325952956273188,-1542.5039425258972,-19.285345571559894,306.5317683535628,-0.01171848206627684,0.014550649897869066,-0.10756327665463648,-0.011748113927305666,0.014526735818450601,-0.10756327665463648,-1.4314529836707939e-18,-2.423758655006802e-22,1.5591686970777285e-19,-1.431449516546723e-18,-3.1598709200133154e-21,1.5591686970777285e-19,-1542.5156906398245,-19.270818835741444,306.4242050769082,-1057180.8305060025,65.86788993037736,133397.27688413038,-0.06603035824123721,4707.336053976766
28.855234602706954,2001.0,12.0,14.0,14.0,21.0,56.0,1.0,3474906.130183956,43415.05977758143,-690062.5652939146,504.2230531372039,-293.22090972433244,4660.617238688394,3543027.4942519916,4696.974817345096,3474987.6597270956,36307.6541507286,-690062.5652939146,3543027.4942519916,506.1958384130816,-540.5669230617052,4660.617238688394,4719.088881414987,20255756.722923256,0.8266073206743934,1.6336281228336171,0.0,4.1456305215488837e-07,6.086773030900137,-0.19601924198248932,0.01044790272594424,146827.49425199116,-0.08885400110048089,-0.08843653197205734,202.85589492321014,-16543152866.68751,-1040806010.6923856,-203808918.80977654,-16544894189.949974,-1896842170.3297122,16575861483.569553,16654521069.402384,-0.9807961313776764,-0.010247635450086714,0.19476635911333834,-0.010447712647118319,0.9999454211607968,0.0,0.1947557289915421,0.0020348629533416132,0.9808496650138258,4668.849417242257,-545.8260082094398,-0.11637974681158107,3.880346264753863e-10,190.52186781498895,0.0,-90.3,2.978132185011037,0.0,3.026415863482579e-17,2.294251218488415,1.5707963267948966,17.588620382017673,461.0,0.002042284851259379,0.03282493990338133,0.0,0.0043468313860460924,-1542.5818923022985,-19.272832864286215,306.33288437109917,-0.011766951075168997,0.014620778213074491,-0.10808261602762076,-0.01179683071591026,0.014596680383617736,-0.10808261602762076,-1.438331772777708e-18,-2.3115966657297413e-22,1.565598658492436e-19,-1.4383282914499494e-18,-3.1730161243960716e-21,1.565598658492436e-19,-1542.5936891330143,-19.258236183902596,306.22480175507155,-1057180.9433199763,66.02142813534327,133349.58635473254,-0.06593770347743462,4707.371602840284
28.907340043624306,2001.0,12.0,14.0,14.0,21.0,56.0,1.0,3474932.398405767,43399.78131613017,-689819.720876732,504.04869615875657,-293.2230860593878,4660.651844565094,3543005.780664039,4696.990577225543,3475014.030661319,36279.48752833486,-689819.720876732,3543005.780664039,506.01839404511315,-540.5724714200992,4660.651844565094,4719.1046638337275,20255755.60845104,0.8266073111439862,1.6336281226490152,1.4901161193847656e-08,4.1563289406840367e-07,6.08684183351258,-0.19595057924851028,0.01043971885935827,146805.78066403838,-0.08882289621181504,-0.08840557496223707,203.4646428823471,-16543152823.261356,-1040806004.8942597,-203811490.87984785,-16544892019.229948,-1896855010.7899773,16575861439.865023,16654520406.897118,-0.9808095853600394,-0.010239748330733819,0.19469901083464908,-0.010439529226848506,0.9999455066299971,0.0,0.19468840102941248,0.002032566014046813,0.9808630358923763,4668.878280292098,-545.8256076183576,-0.1163789491861796,3.8898459594832037e-10,190.494725830048,0.0,-90.3,3.0052741699520107,0.0,3.026371199645794e-17,2.294243924330325,1.5707963267948966,17.58993219157913,461.0,0.0020473047321105647,0.03293148473862443,0.0,0.00435755142452398,-1542.621915192576,-19.266404665467114,306.2307109757518,-0.011791805291152056,0.014656785236436267,-0.1083492717883802,-0.011821812569460787,0.014632592834627658,-0.1083492717883802,-1.4418635774473609e-18,-2.253516440740418e-22,1.56889578955494e-19,-1.4418600888773489e-18,-3.1797571084347717e-21,1.56889578955494e-19,-1542.6337370051453,-19.251772072632487,306.1223617039634,-1057181.0014861021,66.17496634030918,133301.96243221936,-0.06584505082186741,4707.407101027569
28.92547836133664,2001.0,12.0,14.0,14.0,21.0,56.0,1.0,3474941.5404506964,43394.46273576563,-689735.1843836048,503.98800004765945,-293.22384348754207,4660.663888429358,3542998.2237538123,4696.996062111518,3475023.2084235074,36269.682435590876,-689735.1843836048,3542998.2237538127,505.95662317998944,-540.5744022172495,4660.663888429358,4719.110156563597,20255755.219909124,0.8266073078213688,1.633628122584655,1.4901161193847656e-08,4.164334718132681e-07,6.086865784445441,-0.19592667700723176,0.010436870006230054,146798.22375381226,-0.0888120682585577,-0.08839479848680291,203.67682722210884,-16543152808.121643,-1040806002.8728145,-203812385.81401256,-16544891263.732523,-1896859479.633528,16575861424.628258,16654520176.301075,-0.9808142677366952,-0.01023700271493873,0.1946755659540888,-0.010436680528921539,0.999945536366625,0.0,0.1946649632154376,0.0020317666886498194,0.9808676893549176,4668.888325480388,-545.8254682088167,-0.11637867159308461,3.8925796512952303e-10,190.48691528201363,0.0,-90.28691528201362,3.0,0.0,3.0263582257488744e-17,2.2942418055321654,1.5707963267948966,17.590313282432714,461.0,0.002048750540090194,0.03296863173086902,0.0,0.004360611073990078,-1542.635844494176,-19.26416686137303,306.19514206300784,-0.011798606904854125,0.01466680859761291,-0.10842544302503426,-0.011828653532732759,0.014642587030195596,-0.10842544302503426,-1.4428719625959426e-18,-2.2323834631440198e-22,1.5697980503227453e-19,-1.4428684721499703e-18,-3.1815650923926305e-21,1.5697980503227453e-19,-1542.6476731477087,-19.249524274342836,306.0867166199828,-1057181.0217647422,66.3285045452751,133254.4051165908,-0.06575240027150922,4707.442548537646
28.96514091595653,2001.0,12.0,14.0,14.0,21.0,56.0,1.0,3474961.5272701895,43382.832696216734,-689550.3300253642,503.85527564011863,-293.2254994263486,4660.690219524957,3542981.7024391764,4697.008053503826,3475043.2732770164,36248.24179012617,-689550.3300253642,3542981.702439176,505.82154862114476,-540.5786231032853,4660.690219524957,4719.122165104579,20255754.369273365,0.8266073005471505,1.6336281224437559,0.0,4.1669998926251127e-07,6.086918157638768,-0.19587441028457284,0.010430640526818455,146781.70243917592,-0.08878839090434001,-0.08837123369773557,204.14125391840935,-16543152774.976343,-1040805998.4473499,-203814341.97931042,-16544889611.973831,-1896869249.6894982,16575861391.270485,16654519672.113441,-0.980824504649463,-0.010230998868882377,0.19462429894871916,-0.010430451388587558,0.9999456013623093,0.0,0.19461371165199484,0.002030019289222548,0.980877863068955,4668.910286932498,-545.8251634368166,-0.11637806470790403,3.899004606987144e-10,190.46855826575103,0.0,-90.26855826575101,3.0,0.0,3.0263278469167045e-17,2.294236844292371,1.5707963267948966,17.591205686911877,461.0,0.0020521474660888297,0.0330499580153997,0.0,0.004367826103615214,-1542.6662979402404,-19.259273342864216,306.11736173647427,-0.01181491276460639,0.014690685961593826,-0.10860500359335648,-0.011845049546881878,0.014666397611183952,-0.10860500359335648,-1.445249479581964e-18,-2.186714821295777e-22,1.5719610998958894e-19,-1.4452459845510558e-18,-3.185936001267139e-21,1.5719610998958894e-19,-1542.6781429897874,-19.244606945253032,306.0087567328809,-1057181.0661608148,66.482042750241,133206.91440784687,-0.06565975182333371,4707.4779453695555
29.03474022666744,2001.0,12.0,14.0,14.0,21.0,57.0,1.0,3474996.5871449746,43362.42430247708,-689225.9475911075,503.6223663220336,-293.22840422262817,4660.736408760608,3542952.721578919,4697.029088354626,3475078.46985953,36210.61763292052,-689225.9475911075,3542952.7215789193,505.5845152345873,-540.5860260936918,4660.736408760608,4719.143230036518,20255752.87320165,0.8266072877534717,1.633628122195963,0.0,4.188260234163791e-07,6.0870100625821095,-0.19578269216832084,0.010419709215527798,146752.7215789198,-0.08874684164139104,-0.08832988196269861,204.95771154761314,-16543152716.68182,-1040805990.6642735,-203817772.10347432,-16544886714.374365,-1896886387.9473956,16575861332.60229,16654518787.538916,-0.9808424619086814,-0.010220463121727244,0.19453433386036081,-0.010419520671322374,0.9999457153210768,0.0,0.19452377362650766,0.0020269545129399575,0.9808957095173297,4668.948811049826,-545.8246288624222,-0.1163770001518248,3.9102749415311925e-10,190.43635730991087,0.0,-90.23635730991087,3.0,0.0,3.026274555160983e-17,2.2942281410881886,1.5707963267948966,17.592771405063694,461.0,0.002058106305477226,0.0331929932562691,0.0,0.004380482486692865,-1542.7197194176713,-19.250685684312757,305.9808646766802,-0.011843488305491302,0.014732567770530315,-0.10891998447536985,-0.01187378357660903,0.014708162085434996,-0.10891998447536985,-1.4494199667960272e-18,-2.106181672177118e-22,1.5757517376394043e-19,-1.4494164637720725e-18,-3.193595695956223e-21,1.5757517376394043e-19,-1542.731593201248,-19.235977522227323,305.8719446922048,-1057181.144243259,66.63558095520693,133159.4903059876,-0.06556710547431434,4707.513291522353
29.109310680759627,2001.0,12.0,14.0,14.0,21.0,57.0,1.0,3475034.1331888842,43340.55801122815,-688878.3925162876,503.3728124611915,-293.2315150487043,4660.785874148821,3542921.6856250674,4697.051615046192,3475116.1620570226,36170.30559190975,-688878.3925162876,3542921.685625067,505.33054266528234,-540.5939525239614,4660.785874148821,4719.165788942051,20255751.26545483,0.826607274004785,1.6336281219296995,1.4901161193847656e-08,4.20677489444411e-07,6.087108533515978,-0.1956844213970894,0.010407997266673203,146721.68562506698,-0.08870232391743106,-0.08828557587527501,205.83459267020226,-16543152654.036411,-1040805982.3006867,-203821443.65231377,-16544883611.062279,-1896904741.679434,16575861269.555344,16654517840.018534,-0.9808616928104404,-0.010209174461480747,0.19443793954332098,-0.01040780935753281,0.9999458372853888,0.0,0.19442740825669189,0.002023673006638375,0.9809148218199926,4668.990067615912,-545.8240564385892,-0.11637586012197344,3.9222625390331946e-10,190.40210703133374,0.0,-90.2,3.0,0.0,3.0262178485760045e-17,2.294218880200067,1.5707963267948966,17.59443776854157,461.0,0.0020644447473229513,0.03334670513421662,0.0,0.004393944297684337,-1542.7769313447047,-19.24148383255472,305.83460528506527,-0.011873802664466348,0.01477706276262329,-0.10925502262910931,-0.011904267422341214,0.014752531672312441,-0.10925502262910931,-1.4538558055146175e-18,-2.019290238754511e-22,1.5797729572581973e-19,-1.453852294076073e-18,-3.2017204168793047e-21,1.5797729572581973e-19,-1542.788835612127,-19.22673130088241,305.72535026243617,-1057181.2281542234,66.78911916017285,133112.1328110129,-0.06547446122142463,4707.5485869951135
29.135008675173403,2001.0,12.0,14.0,14.0,21.0,57.0,1.0,3475047.0677555515,43333.02253562539,-688758.619448018,503.28681065591303,-293.23258673517347,4660.8029151011,3542910.9937765114,4697.059375515548,3475129.146913864,36156.41337645832,-688758.619448018,3542910.993776512,505.24301809426987,-540.5966828046456,4660.8029151011,4719.173560509012,20255750.71023009,0.8266072692567635,1.6336281218377524,1.4901161193847656e-08,4.2120498493619784e-07,6.087142468339827,-0.1956505555499318,0.010403961201478802,146710.9937765114,-0.08868698231220494,-0.08827030720292929,206.1372951567173,-16543152632.402367,-1040805979.4124757,-203822708.06210852,-16544882541.917295,-1896911064.557159,16575861247.782637,16654517513.545712,-0.9808683178940387,-0.010205284140632034,0.19440471992039696,-0.010403773510857896,0.9999458792838414,0.0,0.19439419859773024,0.0020225426754935743,0.9809214060630301,4669.004280601972,-545.8238592532143,-0.11637546738693111,3.926940222776261e-10,190.38874222063927,0.0,-90.2,3.0,0.0,3.026195850831415e-17,2.2942152876957462,1.5707963267948966,17.595084276040613,461.0,0.0020669167671652205,0.033399788392373786,0.0,0.00439919892025133,-1542.7966413162433,-19.23831255305078,305.78419919023764,-0.011885900480874456,0.014794751135745429,-0.10938572802589733,-0.011916428614439364,0.014770173339770357,-0.10938572802589733,-1.455586824937334e-18,-1.9895363005881105e-22,1.5813778438204988e-19,-1.4555833101176955e-18,-3.2049680978694367e-21,1.5813778438204988e-19,-1542.8085577448578,-19.22354237971101,305.6748134622118,-1057181.2571323253,66.94265736513876,133064.8419229229,-0.06538181906163794,4707.583831786924
29.177750787742152,2001.0,12.0,14.0,14.0,21.0,57.0,1.0,3475068.576240063,43320.48911730731,-688559.4062795357,503.1437659748611,-293.2343688207632,4660.831252174587,3542893.2146375133,4697.0722802128985,3475150.7389566866,36133.30703516311,-688559.4062795357,3542893.214637513,505.0974406565504,-540.6012224878699,4660.831252174587,4719.186483660134,20255749.785282716,0.8266072613470428,1.6336281216845756,0.0,4.2199499185402397e-07,6.087198910786427,-0.19559422782598654,0.01039724826432979,146693.2146375128,-0.0886614652162817,-0.08824491141243625,206.64145585894585,-16543152596.36243,-1040805974.6009783,-203824810.11633083,-16544880763.99872,-1896921578.7155273,16575861211.511702,16654516970.59841,-0.9808793346068273,-0.010198813468573608,0.1943494665418486,-0.010397060936783485,0.9999459491011886,0.0,0.1943389617784985,0.002020663246666963,0.9809323548822818,4669.027915097337,-545.8235313754154,-0.1163748143245364,3.9347185960881497e-10,190.366518296891,0.0,-90.2,3.0,0.0,3.026159270123602e-17,2.2942093136127957,1.5707963267948966,17.596159481736564,461.0,0.002071027463999777,0.033488220714146644,0.0,0.004407936743179521,-1542.8294170120987,-19.233037709387943,305.70035786685594,-0.011906005836956743,0.014824164908686033,-0.10960307606994775,-0.011936639509261758,0.01479950936536403,-0.10960307606994775,-1.4584652669349857e-18,-1.9398778951668225e-22,1.5840449827397641e-19,-1.458461746512858e-18,-3.2103653475795778e-21,1.5840449827397641e-19,-1542.841353651608,-19.21823820002258,305.590754790786,-1057181.3054068666,67.09619557010467,133017.61764171752,-0.06528917899192754,4707.619025896894
29.331240745037448,2001.0,12.0,14.0,14.0,21.0,57.0,1.0,3475145.764331024,43275.48009567443,-687844.007684066,502.6300573251007,-293.24076436220696,4660.932948364015,3542829.4101511925,4697.118592238824,3475228.22621906,36050.32892635605,-687844.007684066,3542829.410151193,504.57463648092187,-540.6175099025453,4660.932948364015,4719.232861910753,20255746.448563423,0.8266072328129244,1.633628121131996,0.0,4.2566230467217587e-07,6.0874016042676296,-0.1953919462960523,0.010373142004038854,146629.41015119338,-0.08856982928382935,-0.08815371109684521,208.458960801363,-16543152466.351088,-1040805957.2437756,-203832348.74333373,-16544874382.801817,-1896959311.6146214,16575861080.66704,16654515021.429096,-0.9809188713014415,-0.010175575720090224,0.19415103806951622,-0.010372955976438992,0.9999461994449056,0.0,0.19414059263589592,0.0020139201706750225,0.9809716481206423,4669.112734584088,-545.8223548714631,-0.11637247070644507,3.962765431962973e-10,190.28676268899176,0.0,-90.18676268899175,3.0,0.0,3.026027978046326e-17,2.2941878719894038,1.5707963267948966,17.6000196318908,461.0,0.0020858498533848305,0.033807236033530155,0.0,0.004439440152459985,-1542.9470462617478,-19.214093081944053,305.3992413320474,-0.011978430210432229,0.014929906183169823,-0.11038674697091758,-0.01200944458327071,0.014904969967960277,-0.11038674697091758,-1.4688430914529204e-18,-1.7598086423464e-22,1.593652097374153e-19,-1.4688395510249738e-18,-3.229802314453552e-21,1.593652097374153e-19,-1542.9590557063311,-19.199188111976092,305.2888545850765,-1057181.4795558285,67.24973377507058,132970.45996739675,-0.0651965410092667,4707.654169324143
29.402174337488436,2001.0,12.0,14.0,14.0,21.0,57.0,1.0,3475181.4092662577,43254.67937004835,-687513.3893001126,502.39263963128917,-293.24371784396186,4660.9799121079,3542799.945673499,4697.139979123894,3475264.008941194,36011.98071752863,-687513.3893001126,3542799.945673499,504.3330152813805,-540.6250290603265,4660.9799121079,4719.25427937748,20255744.89843973,0.8266072195569413,1.6336281208753052,1.4901161193847656e-08,4.277437953474353e-07,6.087495279151959,-0.19529846177615634,0.0103620017742222,146599.9456734988,-0.08852747962844855,-0.08811156275695178,209.30259522795677,-16543152405.953188,-1040805949.1805799,-203835827.35011894,-16544871435.618523,-1896976736.6476657,16575861019.882029,16654514120.953505,-0.98093712945469,-0.01016483608155939,0.19405933155771624,-0.010361816345329448,0.99994631493997,0.0,0.19404891347085218,0.002010807153698451,0.9809897939506671,4669.151904553855,-545.8218116544195,-0.11637138846328687,3.9760244469255463e-10,190.2499320918735,0.0,-90.14993209187348,3.0,0.0,3.025967340926437e-17,2.2941779691962174,1.5707963267948966,17.601803031107327,461.0,0.002092856708014254,0.03395544190327517,0.0,0.004454324974352002,-1543.0013699257338,-19.2053368338474,305.26006461237955,-0.012012721262086615,0.014979151888209358,-0.11075711260700145,-0.012043913134281995,0.014954083717316265,-0.11075711260700145,-1.4737468861116277e-18,-1.675676715168658e-22,1.598199891228016e-19,-1.473743336310046e-18,-3.238994346752042e-21,1.598199891228016e-19,-1543.013413838868,-19.190382750130084,305.14930749977253,-1057181.5604593996,67.40327198003651,132923.36889996062,-0.06510390511062852,4707.689262067815
29.50327824121917,2001.0,12.0,14.0,14.0,21.0,57.0,1.0,3475232.186015944,43225.03107272817,-687042.1426535825,502.0542261942558,-293.24792519341264,4661.0468139092845,3542757.973078943,4697.17044539834,3475314.981567552,35957.32087521742,-687042.1426535825,3542757.9730789433,503.9886103289913,-540.6357377432954,4661.0468139092845,4719.284789215468,20255742.6800256,0.8266072005860047,1.633628120507995,1.4901161193847656e-08,4.3033150071483144e-07,6.087628799625106,-0.19516521262026001,0.010346123465740629,146557.97307894332,-0.08846711603168174,-0.08805148610181485,210.50906977057457,-16543152319.5174,-1040805937.6419847,-203840779.752108,-16544867236.880074,-1897001559.129155,16575860932.892288,16654512837.81114,-0.9809631388810967,-0.010149527895626356,0.19392861377332174,-0.010345938887970276,0.9999464793420327,0.0,0.1939182345863139,0.0020063735867275776,0.9810156434838121,4669.207703757747,-545.8210379255876,-0.11636984681743444,3.994912114475507e-10,190.19746634867914,0.0,-90.09746634867913,3.0,0.0,3.025880954427962e-17,2.2941638612103827,1.5707963267948966,17.604344392672306,461.0,0.002102838399701853,0.034167542528232696,0.0,0.004475528986299362,-1543.0787583828946,-19.192854954313955,305.06167061545216,-0.01206149769143336,0.015049294919226833,-0.11128471581986123,-0.012092943312199575,0.01502403827784815,-0.11128471581986123,-1.4807322868681757e-18,-1.5547217288030623e-22,1.604668635899312e-19,-1.4807287238364996e-18,-3.2520687239273535e-21,1.604668635899312e-19,-1543.0908513262068,-19.177830916036108,304.9503858996323,-1057181.676242195,67.55681018500242,132876.34443940915,-0.06501127129298608,4707.724304127067
29.54092757403471,2001.0,12.0,14.0,14.0,21.0,57.0,1.0,3475251.0856502564,43213.99045451309,-686866.656882018,501.92820258556696,-293.24949123376666,4661.0717158280495,3542742.3504427425,4697.181785363632,3475333.953988135,35936.966225371165,-686866.656882018,3542742.3504427425,503.86035554681513,-540.6397228839343,4661.0717158280495,4719.296145395415,20255741.851344373,0.8266071934994659,1.6336281203707945,0.0,4.308471767545066e-07,6.087678521129388,-0.19511559214525737,0.010340210724794454,146542.350442742,-0.08844463729327061,-0.08802911421554792,210.9595043361187,-16543152287.229881,-1040805933.3319165,-203842622.2091631,-16544865673.94078,-1897010798.392862,16575860900.39785,16654512360.096052,-0.9809728199833151,-0.01014382720235923,0.19387993507238233,-0.010340026463297071,0.9999465404974099,0.0,0.19386957034749117,0.0020047236593507514,0.981025265106016,4669.22847309971,-545.8207499634289,-0.11636927300858876,4.001059822903204e-10,190.18038938082444,0.0,-90.1,3.0,0.0,3.025852653913527e-17,2.2941592393856327,1.5707963267948966,17.605177116864866,461.0,0.002106089308056551,0.034246773131049686,0.0,0.004482438410716962,-1543.1075642444873,-19.188206523233404,304.9877858432909,-0.012076983874294575,0.015072616868388495,-0.11145661616738443,-0.01210851838983034,0.015047295476740698,-0.11145661616738443,-1.4830088041796766e-18,-1.5091202821147406e-22,1.6067237091998843e-19,-1.4830052370218923e-18,-3.256227036762449e-21,1.6067237091998843e-19,-1543.1196727628771,-19.173159227756663,304.8763292271235,-1057181.7194924783,67.71034838996833,132829.3865857423,-0.06491863955331238,4707.759295501071
29.590700215422963,2001.0,12.0,14.0,14.0,21.0,57.0,1.0,3475276.0637964606,43199.39460123685,-686634.6622119213,501.7615950147676,-293.25156096274964,4661.1046270287725,3542721.7032447546,4697.196772581268,3475359.0282292897,35910.057027255585,-686634.6622119213,3542721.703244754,503.69079832019605,-540.6449891093005,4661.1046270287725,4719.311154042554,20255740.753822878,0.8266071841139108,1.633628120189083,0.0,4.3187668163149213e-07,6.087744253924048,-0.19504999290834085,0.01033239409994532,146521.7032447541,-0.08841491994602736,-0.08799953812754012,211.55589058995247,-16543152244.467903,-1040805927.6235813,-203845056.5070243,-16544863608.2296,-1897023009.2597156,16575860857.361824,16654511728.647085,-0.9809856148300422,-0.01013629069265187,0.19381558014648384,-0.010332210256005007,0.9999466212909696,0.0,0.19380523452102563,0.0020025433249630607,0.9810379813709976,4669.255922539736,-545.8203694099973,-0.11636851465746122,4.009318702098352e-10,190.15744804972678,0.0,-90.1,3.0,0.0,3.025814664605547e-17,2.294153035260818,1.5707963267948966,17.6062950558522,461.0,0.0021104563442021205,0.03435170795807922,0.0,0.004491719355959153,-1543.1456355579205,-19.182060939590247,304.89010448787485,-0.012097836627251508,0.015103862726625394,-0.11168752217795462,-0.012129489720583721,0.015078454809517647,-0.11168752217795462,-1.4860665818487614e-18,-1.4486434668998615e-22,1.6094906899784542e-19,-1.4860630091524358e-18,-3.261824971954576e-21,1.6094906899784542e-19,-1543.157765047641,-19.16698248478073,304.7784169656969,-1057181.7767740022,67.86388659493424,132782.49533896006,-0.06482600988858032,4707.794236189021
29.695294402386242,2001.0,12.0,14.0,14.0,21.0,57.0,1.0,3475328.526831953,43168.72196527062,-686147.1341476176,501.41146591166176,-293.2559081993684,4661.173753470105,3542678.336748491,4697.228251413817,3475411.692724064,35853.50812575568,-686147.1341476176,3542678.3367484915,503.3344705785029,-540.6560477686185,4661.173753470105,4719.342677884274,20255738.440055866,0.8266071643274971,1.6336281198059999,0.0,4.3443977049330964e-07,6.0878823898938315,-0.19491213758894627,0.010315968136357373,146478.33674849104,-0.08835246955011615,-0.08793738457958278,212.8125143945217,-16543152154.319067,-1040805915.5894166,-203850166.6904155,-16544859269.133665,-1897048656.687896,16575860766.635244,16654510402.042421,-0.9810124889616241,-0.010120452583528207,0.19368033700100779,-0.010315785167820652,0.9999467908725801,0.0,0.19367003143927758,0.0019979647477335015,0.9810646905577511,4669.31357710138,-545.819570198129,-0.11636692187299655,4.0266653006035815e-10,190.10926305387895,0.0,-90.1,3.0,0.0,3.025734867708133e-17,2.2941400034385047,1.5707963267948966,17.6086437763624,461.0,0.0021196289462772095,0.03457292917903472,0.0,0.004511213040600256,-1543.2256022356573,-19.169145143618163,304.68481357717377,-0.012141575407016866,0.015169491925794955,-0.11217251859611477,-0.012173478334018342,0.01514390187178394,-0.11217251859611477,-1.492488958756014e-18,-1.3206996028682141e-22,1.6152943724050072e-19,-1.4924853745394637e-18,-3.2735663856725368e-21,1.6152943724050072e-19,-1543.2377757139914,-19.15400124174638,304.57264105857763,-1057181.8975334745,68.01742479990016,132735.67069906247,-0.06473338229576271,4707.829126190125
29.734043583927427,2001.0,12.0,14.0,14.0,21.0,57.0,1.0,3475347.9536026013,43157.35850766464,-685966.5169838297,501.28174839615434,-293.25751797957014,4661.1993510043385,3542662.2783756955,4697.23990795977,3475431.193965076,35832.55806709082,-685966.5169838297,3542662.278375695,503.2024566032983,-540.6601419382426,4661.1993510043385,4719.35435109672,20255737.580299035,0.8266071569751904,1.6336281196636537,1.4901161193847656e-08,4.357156609658468e-07,6.0879335662110154,-0.19486106524032612,0.0103098828510183,146462.278375695,-0.0883293330382662,-0.08791435804157068,213.27921944856644,-16543152120.821575,-1040805911.117759,-203852058.0302103,-16544857662.264116,-1897058153.8714945,16575860732.923075,16654509910.691252,-0.9810224404338523,-0.010114584809794512,0.19363023147053807,-0.01030970020608334,0.999946853628562,0.0,0.1936199407263347,0.001996269637295771,0.981074580987942,4669.334926583278,-545.8192742840621,-0.11636633208199648,4.0334747309372457e-10,190.09034796961876,0.0,-90.1,3.0096520303812384,0.0,3.025703630116791e-17,2.294134901952695,1.5707963267948966,17.60956339213995,461.0,0.0021232288156522237,0.03465513026971677,0.0,0.004518882307457127,-1543.2552145905047,-19.164359786151426,304.6087524192786,-0.012158983056747811,0.015195277419344837,-0.11236331001549434,-0.012190981885748287,0.015169617183254446,-0.11236331001549434,-1.4950153770911587e-18,-1.2734377190213017e-22,1.617603790167875e-19,-1.495011788227443e-18,-3.2782642418062067e-21,1.617603790167875e-19,-1543.2674055723905,-19.149190168968172,304.4963891092631,-1057181.942405669,68.17096300486608,132688.91266604952,-0.06464075677183233,4707.86396550361
29.775577432901716,2001.0,12.0,14.0,14.0,21.0,57.0,1.0,3475368.7708755634,43145.17835837717,-685772.9188642809,501.142706108103,-293.2592429957069,4661.226780959585,3542645.070599133,4697.25239890541,3475452.0909613254,35810.10227930384,-685772.9188642809,3542645.070599133,503.0609527991166,-540.6645286795612,4661.226780959585,4719.366859901686,20255736.657064155,0.8266071490800394,1.6336281195107953,0.0,4.367336895988274e-07,6.0879884207714055,-0.19480632211705753,0.010303360294467222,146445.07059913315,-0.0883045336001949,-0.08788967648053218,213.78025019168854,-16543152084.85107,-1040805906.3159221,-203854084.18577045,-16544855940.298615,-1897068330.8804607,16575860696.72204,16654509384.094843,-0.9810331042769564,-0.010108295232987487,0.19357652409370574,-0.010303177995963213,0.9999469208528938,0.0,0.19356624921690707,0.0019944533835773116,0.9810851794415197,4669.357804377555,-545.8189572070164,-0.11636570008069548,4.041218230390082e-10,190.06883824891642,0.0,-90.1,3.031161751083561,0.0,3.0256682031406494e-17,2.2941291162884245,1.5707963267948966,17.610606461340076,461.0,0.002127321518441726,0.03474340147734597,0.0,0.004527622184447503,-1543.2869471798817,-19.159230281469178,304.52722119214417,-0.012179048919417644,0.01522462459814067,-0.11258071611283096,-0.012211154302317853,0.01519888605592075,-0.11258071611283096,-1.4978941822919825e-18,-1.2230869561347995e-22,1.6202654458146925e-19,-1.4978905879855768e-18,-3.283706412991563e-21,1.6202654458146925e-19,-1543.299158334184,-19.144031395413258,304.4146404760313,-1057181.9905908909,68.324501209832,132642.2212399212,-0.06454813331376184,4707.89875412872
29.901004765676355,2001.0,12.0,14.0,14.0,21.0,57.0,1.0,3475431.6015348416,43108.39530714365,-685188.2684287527,500.72279741282176,-293.26444952004414,4661.309571486951,3542593.1341159376,4697.290099454906,3475515.161754981,35742.28733922896,-685188.2684287527,3542593.134115938,502.6336104651809,-540.6777657501937,4661.309571486951,4719.404614353568,20255733.85820142,0.8266071251452057,1.6336281190473942,0.0,4.3977363596480566e-07,6.088154078306527,-0.19464100109042803,0.010283663200089182,146393.1341159381,-0.08822964067207045,-0.0878151395274972,215.29828146100044,-16543151975.804674,-1040805891.7588514,-203860196.01111713,-16544850742.545242,-1897099047.4202068,16575860586.976776,16654507794.238176,-0.9810652903617463,-0.010089300686274979,0.19341432744004428,-0.010283481945092727,0.9999471236015858,0.0,0.19340410038700753,0.0019889727441519483,0.9811171683040285,4669.426855282588,-545.8180003154536,-0.11636379260636517,4.064589647827851e-10,190.00391764492264,0.0,-90.1,3.096082355077363,0.0,3.0255612678984884e-17,2.2941116524380756,1.5707963267948966,17.613755710544236,461.0,0.0021396744920697134,0.035011000567027814,0.0,0.004554002370253785,-1543.3827267127292,-19.143738194694144,304.2809812663609,-0.012239528744317494,0.015313204209630824,-0.11323693020628466,-0.01227195685814092,0.015287228719449363,-0.11323693020628466,-1.5065831831475554e-18,-1.0697950690050783e-22,1.6282876922939687e-19,-1.5065795725615068e-18,-3.3001103046607054e-21,1.6282876922939687e-19,-1543.3949986695873,-19.128450965974697,304.1677443361546,-1057182.1366684064,68.4780394147979,132595.59642067752,-0.06445551191852383,4707.933492064717
29.97255646294297,2001.0,12.0,14.0,14.0,21.0,57.0,1.0,3475467.420530509,43087.411631856565,-684854.7421290865,500.48324321267125,-293.267417752363,4661.3567703557765,3542563.525757417,4697.3115923465675,3475551.117320851,35703.60065750545,-684854.7421290865,3542563.525757417,502.3898155458454,-540.6853100330889,4661.3567703557765,4719.426137973916,20255732.254179392,0.826607111428185,1.6336281187818398,1.4901161193847656e-08,4.4178864599387987e-07,6.088248582027996,-0.19454668932260719,0.010272426903265703,146363.52575741708,-0.08818691596108745,-0.08777261788746829,216.16760322451591,-16543151913.31116,-1040805883.4165992,-203863677.92475432,-16544847779.01506,-1897116558.7531192,16575860524.082764,16654506887.550043,-0.9810836395877365,-0.010078464478593039,0.19332179568541716,-0.010272246241755224,0.9999472390867173,0.0,0.19331159585091937,0.001985849089178898,0.9811354051877681,4669.466221159716,-545.8174548769699,-0.11636270519924166,4.0782443371945974e-10,189.96690719677136,0.0,-90.06690719677135,3.1,0.0,3.0255002989584566e-17,2.2941016954545472,1.5707963267948966,17.615551771955534,461.0,0.002146891239942885,0.03516435546393082,0.0,0.004569341544871264,-1543.4373323413351,-19.13489945948464,304.14049344524744,-0.012274687455204004,0.015364026939815643,-0.11361859443013776,-0.012307300996680853,0.015337914398881677,-0.11361859443013776,-1.511636050882676e-18,-9.803980950937059e-23,1.6329504758780823e-19,-1.511632431129177e-18,-3.3095465655810254e-21,1.6329504758780823e-19,-1543.449639642332,-19.11956154508576,304.0268748508173,-1057182.2203851268,68.63157761976382,132549.03820831847,-0.06436289258309083,4707.968179310881
30.058599875321022,2001.0,12.0,14.0,14.0,21.0,58.0,1.0,3475510.4714228334,43062.177748996895,-684453.660645443,500.1951596995311,-293.27098532803757,4661.413499686021,3542527.9394372036,4697.337424933107,3475594.332041767,35657.07785834019,-684453.660645443,3542527.9394372036,502.0966323231304,-540.6943755797498,4661.413499686021,4719.452007492912,20255730.318170138,0.8266070948721074,1.6336281184613515,1.4901161193847656e-08,4.437945071409807e-07,6.088362228134324,-0.1944332740348684,0.010258915031342093,146327.93943720357,-0.08813553700587413,-0.08772148313236273,217.21618181467056,-16543151837.883999,-1040805873.3482558,-203867860.5677393,-16544844216.803028,-1897137605.8429973,16575860448.172245,16654505797.481857,-0.9811056938605062,-0.01006543306585889,0.19321051868801387,-0.010258735081793022,0.9999473777927125,0.0,0.19320035152404932,0.001982095526236154,0.981157324524619,4669.5135358158495,-545.8167993847023,-0.11636139826339195,4.094703010293343e-10,189.9224242965045,0.0,-90.02242429650448,3.1,0.0,3.025427014112318e-17,2.294089727130914,1.5707963267948966,17.617711145490084,461.0,0.0021555901000314156,0.035349455812871605,0.0,0.0045878205974110185,-1543.502965676867,-19.124269545610215,303.97153562369454,-0.012316992335415815,0.015425150533567546,-0.11407839977982585,-0.012349829557297127,0.015398872656127181,-0.11407839977982585,-1.5177231274179736e-18,-8.719096638308012e-23,1.638560781882087e-19,-1.5177194967500398e-18,-3.320886397520558e-21,1.638560781882087e-19,-1543.5153155064243,-19.108870672954087,303.8574572239147,-1057182.3214288577,68.78511582472973,132502.54660284406,-0.06427027530443523,4708.00281586651
30.113418690377966,2001.0,12.0,14.0,14.0,21.0,58.0,1.0,3475537.8864978733,43046.10091882244,-684198.1264907486,500.0116134371682,-293.2732572129374,4661.449625818309,3542505.2778478493,4697.353875429227,3475621.8512642267,35627.43747515179,-684198.1264907486,3542505.2778478493,501.9098369477108,-540.7001474730553,4661.449625818309,4719.468481507628,20255729.080643114,0.826607084289195,1.633628118256512,1.4901161193847656e-08,4.4504357943142065e-07,6.088434633990795,-0.19436101522762458,0.010250306625346076,146305.2778478493,-0.08810280257182455,-0.08768890427990496,217.88605085015297,-16543151789.670195,-1040805866.9127991,-203870522.80692434,-16544841948.168468,-1897151008.873159,16575860399.649494,16654505103.1369,-0.9811197383383278,-0.010057130386774258,0.19313962092567843,-0.010250127128410327,0.9999474660670187,0.0,0.19312947454177667,0.0019797056680211835,0.9811712831247587,4669.543666515984,-545.8163820034587,-0.11636056600993673,4.105183995369695e-10,189.89409730981163,0.0,-89.99409730981164,3.1,0.0,3.025380342335454e-17,2.2940821050513245,1.5707963267948966,17.619086638008397,461.0,0.002161129733416858,0.0354677745368424,0.0,0.004599588334578834,-1543.5447629664843,-19.117496574415718,303.8638822149181,-0.012343899736980624,0.015464070694952316,-0.1143712119964799,-0.01237687980808868,0.015437687307081978,-0.1143712119964799,-1.5215993570102591e-18,-8.023199110078675e-23,1.6421290691738484e-19,-1.5215957194506279e-18,-3.3280986662186975e-21,1.6421290691738484e-19,-1543.5571398462923,-19.102058887108637,303.7495110029216,-1057182.3860175833,68.93865402969564,132456.12160425427,-0.06417766007952946,4708.037401730919
30.12965278889654,2001.0,12.0,14.0,14.0,21.0,58.0,1.0,3475546.003294448,43041.33988641266,-684122.4519714728,499.9572569096981,-293.2739298557807,4661.460321783964,3542498.5684184385,4697.358745958837,3475629.9988689385,35618.65968181923,-684122.4519714728,3542498.5684184385,501.8545182164411,-540.7018561959203,4661.460321783964,4719.473359000369,20255728.713588893,0.8266070811502702,1.633628118195757,1.4901161193847656e-08,4.457913429037248e-07,6.0884560765104725,-0.19433961625425297,0.010247757337612932,146298.56841843855,-0.08809310847893628,-0.08767925626111792,218.08468368649483,-16543151775.369902,-1040805865.0040437,-203871310.82435313,-16544841276.464794,-1897154977.1327944,16575860385.257568,16654504897.535988,-0.9811238965216142,-0.010054671581059046,0.19311862482329858,-0.01024757797456799,0.9999474921942928,0.0,0.19310848458806792,0.0019789981662180936,0.9811754158897165,4669.552587394362,-545.8162584352219,-0.11636031960589245,4.1076996501974865e-10,189.8872982427095,0.0,-90.0,3.1,0.0,3.025369022772657e-17,2.2940802564264304,1.5707963267948966,17.619420277314326,461.0,0.002162460645599581,0.03550286850207869,0.0,0.0046024179641589525,-1543.5571381484463,-19.11549073272824,303.832000240315,-0.01235010592275954,0.015473739946022554,-0.11444160594750541,-0.012383124394251682,0.015447329039578437,-0.11444160594750541,-1.5225316452029835e-18,-7.815843669137224e-23,1.6429529741404415e-19,-1.5225280061149658e-18,-3.3297670837187874e-21,1.6429529741404415e-19,-1543.5695212728406,-19.100043403688662,303.7175586343675,-1057182.4051747918,69.09219223466157,132409.76321254912,-0.06408504690534572,4708.071936903441
30.172236350508843,2001.0,12.0,14.0,14.0,21.0,58.0,1.0,3475567.290219237,43028.851200389516,-683923.9497913704,499.81467257289853,-293.2756939235959,4661.488372956165,3542480.9724225397,4697.371519346861,3475651.366532132,35595.634575599346,-683923.9497913704,3542480.97242254,501.7094099110691,-540.7063370954904,4661.488372956165,4719.486150649672,20255727.749601975,0.8266070729065714,1.6336281180361962,0.0,4.4628915583706084e-07,6.088512322633576,-0.19428348435511433,0.0102410703478299,146280.9724225402,-0.08806767978045553,-0.08765394841937164,218.60624593496323,-16543151737.813477,-1040805859.9911091,-203873377.04141918,-16544839514.812616,-1897165384.236859,16575860347.460487,16654504358.278507,-0.9811348017362231,-0.010048221811974088,0.19306354927960734,-0.010240891335675054,0.9999475606973852,0.0,0.19305342516172277,0.001977142829052205,0.9811862544591422,4669.575983227888,-545.8159343812387,-0.11635967339598048,4.114933559622362e-10,189.8677471361558,0.0,-90.0,3.1,0.0,3.025336628143571e-17,2.2940749659820168,1.5707963267948966,17.620375167611346,461.0,0.0021662861074460797,0.035595035429586884,0.0,0.004610547962353303,-1543.5895935274386,-19.11022903261707,303.7483678227243,-0.012368274606315576,0.015501106611419822,-0.1146438795435561,-0.012401398191255282,0.01547461940784859,-0.1146438795435561,-1.5252099226856618e-18,-7.271222946895085e-23,1.645363722087414e-19,-1.525206279062593e-18,-3.3346444953086834e-21,1.645363722087414e-19,-1543.60199492563,-19.094754413209223,303.6337239431807,-1057182.455486983,69.24573043962748,132363.4714277286,-0.06399243577885624,4708.106421383432
30.237168616656074,2001.0,12.0,14.0,14.0,21.0,58.0,1.0,3475599.737259828,43009.80805766551,-683621.2673993158,499.5972513519832,-293.2783828690109,4661.531131037284,3542454.151357557,4697.390989586289,3475683.9364773617,35560.52506606835,-683621.2673993158,3542454.151357557,501.48814004270207,-540.7131662026595,4661.531131037284,4719.505648724041,20255726.276437234,0.8266070603085409,1.6336281177923517,0.0,4.4802714521804554e-07,6.08859808891875,-0.19419789223512665,0.010230873977988046,146254.15135755762,-0.088028905078597,-0.08761535800237043,219.40301096439362,-16543151680.420149,-1040805852.3303076,-203876525.34744975,-16544836829.417152,-1897181247.5867221,16575860289.699389,16654503536.155638,-0.9811514244003392,-0.010038386820741398,0.19297956676089512,-0.010230695499991548,0.9999476650653205,0.0,0.19296946718787422,0.001974315185251008,0.9812027755835067,4669.6116452128845,-545.81544047206,-0.11635868840727918,4.125959997448535e-10,189.8379459528418,0.0,-90.0,3.1,0.0,3.0252872474697816e-17,2.2940669015059862,1.5707963267948966,17.621830958686374,461.0,0.0021721172646797793,0.03573588623480666,0.0,0.004622940450786679,-1543.639065739345,-19.10220535927036,303.6208350504135,-0.012395942258037756,0.01554282158441154,-0.11495220427012022,-0.012429226408919804,0.015516217907250014,-0.11495220427012022,-1.5292923213970464e-18,-6.436994261957414e-23,1.6490348263893232e-19,-1.5292886709132396e-18,-3.3420717936490536e-21,1.6490348263893232e-19,-1543.6514949657537,-19.08668914136311,303.5058828461434,-1057182.5323740747,69.39926864459339,132317.24624979272,-0.06389982669703317,4708.140855170256
30.318729950465688,2001.0,12.0,14.0,14.0,21.0,58.0,1.0,3475640.473940328,42985.88774390407,-683241.0645134071,499.32413896719925,-293.28175884005094,4661.58481389078,3542420.477988842,4697.415434355449,3475724.8271841174,35516.42342941267,-683241.0645134071,3542420.4779888415,501.21019329192734,-540.7217383163892,4661.58481389078,4719.530128439141,20255724.420361612,0.8266070444359623,1.6336281174851282,1.4901161193847656e-08,4.5049835615846815e-07,6.08870582167066,-0.19409037824224581,0.01021806647820491,146220.47798884148,-0.08798019934731136,-0.08756688375123667,220.40635630488396,-16543151608.10958,-1040805842.6783533,-203880475.99056482,-16544833457.674385,-1897201163.916521,16575860216.925455,16654502503.738684,-0.981172294136412,-0.010026032666109873,0.19287407261751924,-0.010217888669649344,0.9999477960129391,0.0,0.19286400382192795,0.001970765801267675,0.9812235179162452,4669.656418875624,-545.8148204409089,-0.11635745178911659,4.139772955300296e-10,189.80059748605186,0.0,-90.00059748605184,3.1,0.0,3.025225351184405e-17,2.29405679307547,1.5707963267948966,17.62365607446434,461.0,0.0021794223026935333,0.03591334571165637,0.0,0.004638465227544936,-1543.7011796492816,-19.092125930766098,303.4606269498418,-0.01243054217844424,0.015595095400836353,-0.11533846094190253,-0.01246402829215157,0.015568345388759642,-0.11533846094190253,-1.5344064451290838e-18,-5.382638555585493e-23,1.6536257248172474e-19,-1.534402786147372e-18,-3.351360042331651e-21,1.6536257248172474e-19,-1543.7136436775738,-19.076557585377337,303.3452884888999,-1057182.6292459834,69.5528068495593,132271.0876787415,-0.06380721965684852,4708.175238263307
30.34200941952318,2001.0,12.0,14.0,14.0,21.0,58.0,1.0,3475652.0970337885,42979.060289064066,-683132.5451157182,499.24618443272306,-293.28272209047765,4661.600130991603,3542410.8702174826,4697.422409046088,3475736.4941678597,35503.83568597351,-683132.5451157182,3542410.870217482,501.13085890153815,-540.7241837844908,4661.600130991603,4719.537113100577,20255723.8894186,0.8266070398954999,1.6336281173972453,0.0,4.507447320894689e-07,6.088736571435185,-0.1940596909145065,0.010214410955001066,146210.8702174821,-0.08796629743868599,-0.0875530479123754,220.69326320290565,-16543151587.424786,-1040805839.9173656,-203881602.7898801,-16544832495.582623,-1897206846.5304947,16575860196.108114,16654502209.113459,-0.9811782487993751,-0.010022506419136466,0.19284396139902824,-0.010214233337210126,0.9999478333579872,0.0,0.1928339013771296,0.001969753219401617,0.9812294362441081,4669.669193948988,-545.8146435448646,-0.11635709895765999,4.144336646696003e-10,189.78858777185263,0.0,-89.98858777185262,3.1,0.0,3.025205559231674e-17,2.2940535608042967,1.5707963267948966,17.624239756052305,461.0,0.002181834355546991,0.03596410940338887,0.0,0.004643589184766952,-1543.7189026444628,-19.089248847071588,303.41489696473025,-0.012442264880675707,0.015612046548982341,-0.11546595776535173,-0.01247581311366899,0.01558525071858943,-0.11546595776535173,-1.536094292119079e-18,-5.080679640228762e-23,1.6551803870200176e-19,-1.5360906301958287e-18,-3.354502455942789e-21,1.6551803870200176e-19,-1543.7313784575765,-19.073663596352997,303.2994310069649,-1057182.656956857,69.70634505452522,132224.99571457485,-0.06371461465527427,4708.20957066199
30.382227351593656,2001.0,12.0,14.0,14.0,21.0,58.0,1.0,3475672.1729747057,42967.26503101103,-682945.0646662695,499.1115069929448,-293.2843858708787,4661.626587570237,3542394.275233486,4697.4344560994305,3475756.64585855,35482.08879254424,-682945.0646662695,3542394.275233486,500.9937975854936,-540.728407343565,4661.626587570237,4719.549177375861,20255722.97077554,0.8266070320395408,1.6336281172451956,1.4901161193847656e-08,4.522201688734784e-07,6.088789695544349,-0.19400667466964375,0.01020809565403237,146194.27523348574,-0.08794228012164561,-0.08752914473840515,221.18954357504845,-16543151551.635881,-1040805835.1403822,-203883548.62228778,-16544830833.74759,-1897216661.8393476,16575860160.089882,16654501700.16157,-0.9811885340260313,-0.010016414333270551,0.19279194002797875,-0.010207918365485829,0.9999478978440045,0.0,0.19278189515224475,0.001968004385329247,0.9812396587277994,4669.691259784982,-545.8143380151018,-0.11635648953471246,4.152219264094271e-10,189.7678440418572,0.0,-89.96784404185718,3.1,0.0,3.0251713724968197e-17,2.2940479776868012,1.5707963267948966,17.625248046434717,461.0,0.002186000613201769,0.036051942126143745,0.0,0.004652439573822341,-1543.7495151346288,-19.084278164679226,303.3358901451877,-0.012462501822254415,0.015641324091165865,-0.1156861779344996,-0.012496157488808494,0.015614449045979037,-0.1156861779344996,-1.5390095991690287e-18,-4.557416093170786e-23,1.657864183632103e-19,-1.5390059321851644e-18,-3.359927125965904e-21,1.657864183632103e-19,-1543.7620112921177,-19.068663715633246,303.2202039672532,-1057182.7049024925,69.85988325949114,132178.97035729288,-0.06362201168928225,4708.243852365733
30.529914103195356,2001.0,12.0,14.0,14.0,21.0,58.0,1.0,3475745.8486107183,42923.95036182941,-682256.5970077931,498.6169267340199,-293.29049179949135,4661.723681109093,3542333.3741772473,4697.4786674575735,3475830.598837511,35402.22922605184,-682256.5970077931,3542333.374177247,500.49046315034417,-540.7439031842252,4661.723681109093,4719.593451935099,20255719.58234128,0.8266070030626277,1.6336281166844355,1.4901161193847656e-08,4.5564427529039346e-07,6.088984780119059,-0.1938119861653676,0.01018490518821019,146133.37417724635,-0.08785408260852609,-0.08744136637752835,223.01862835884094,-16543151419.629244,-1040805817.521777,-203890684.89204282,-16544824734.348236,-1897252682.9244602,16575860027.23745,16654499831.71368,-0.981226279879662,-0.009994042199451221,0.1926009002939358,-0.010184729105194098,0.9999481343015015,0.0,0.19259091091371064,0.001961587994910235,0.9812771745057384,4669.772239578164,-545.8132169108972,-0.11635425308631077,4.1810644430235494e-10,189.69171772155795,0.0,-89.9,3.1,0.0,3.025045899753638e-17,2.294027486432789,1.5707963267948966,17.628949716025016,461.0,0.002201247071574088,0.036375914653477906,0.0,0.004684829143920525,-1543.8618639285173,-19.06602291973597,303.0457310205793,-0.012536405014815871,0.01574865308661816,-0.11649209162169832,-0.012570456228949822,0.015721487045893743,-0.11649209162169832,-1.5496780929400923e-18,-2.6188513321592253e-23,1.6676651188444073e-19,-1.549674407669563e-18,-3.379739378696627e-21,1.6676651188444073e-19,-1543.8744343847463,-19.050301432690077,302.9292389289576,-1057182.8817510158,70.01342146445705,132133.01160689554,-0.06352941075584431,4708.278083373979
30.597352403664743,2001.0,12.0,14.0,14.0,21.0,58.0,1.0,3475779.4668733114,42904.17125556661,-681942.2167914982,498.39107424405495,-293.29327799733215,4661.767985995765,3542305.584967473,4697.498841411201,3475864.3433134235,35365.76213785961,-681942.2167914982,3542305.584967473,500.2606131321411,-540.7509718709927,4661.767985995765,4719.613654727024,20255718.027345482,0.8266069897647295,1.6336281164271125,1.4901161193847656e-08,4.575894037718839e-07,6.0890738639416515,-0.19372308318771217,0.010174315888294498,146105.5849674726,-0.08781380785297065,-0.08740128301995882,223.8573342859745,-16543151359.050518,-1040805809.4367058,-203893938.75524676,-16544821950.815517,-1897269119.5894346,16575859966.270596,16654498978.79236,-0.9812435036841521,-0.009983825869778638,0.1925136610701982,-0.010174140353929018,0.9999482420945889,0.0,0.19250369696633818,0.0019586610077769176,0.9812942934213715,4669.809191543148,-545.8127054248886,-0.1163532326140261,4.1939169525439215e-10,189.65698120934076,0.0,-89.9,3.1,0.0,3.024988639813952e-17,2.2940181351749853,1.5707963267948966,17.630639521806113,461.0,0.002208041336892467,0.03652459166003068,0.0,0.0046992702335884266,-1543.913131730778,-19.057685920183804,302.91321806245276,-0.012569155704713869,0.015797244539559368,-0.11685131836412477,-0.012603387378979564,0.015769947265205364,-0.11685131836412477,-1.5544338177307714e-18,-1.7256818360157817e-23,1.6720092123110906e-19,-1.5544301244730507e-18,-3.38852970395846e-21,1.6720092123110906e-19,-1543.925735118157,-19.0419159729186,302.79636674408863,-1057182.962909082,70.16695966942297,132087.1194633828,-0.06343681185193223,4708.312263686191
30.680308227727473,2001.0,12.0,14.0,14.0,21.0,58.0,1.0,3475820.7997917817,42879.8407279002,-681555.4937270464,498.11324290332266,-293.2967036154595,4661.8224587554405,3542271.418741871,4697.523645077689,3475905.831117068,35320.90333492864,-681555.4937270464,3542271.4187418707,499.9778643453048,-540.7596608764927,4661.8224587554405,4719.638493849203,20255716.10797996,0.826606973350821,1.6336281161094905,1.4901161193847656e-08,4.595262987944308e-07,6.0891834478231175,-0.19361372175251357,0.010161290148086413,146071.41874187114,-0.08776426497755808,-0.08735197558331063,224.89203169941902,-16543151284.277578,-1040805799.4571319,-203897937.2260479,-16544818528.207,-1897289328.2896338,16575859891.018581,16654497929.849115,-0.9812646802631588,-0.009971258314099988,0.19240634416690702,-0.010161115287043207,0.9999483745354674,0.0,0.19239641110001038,0.0019550630450384555,0.9813153411234973,4669.854623871033,-545.8120766283818,-0.11635197798390294,4.2097188318846036e-10,189.6142734273389,0.0,-89.9,3.1,0.0,3.0249182342927043e-17,2.2940066370807926,1.5707963267948966,17.632717728821234,461.0,0.002216394970625624,0.036708108014982116,0.0,0.0047170255743292306,-1543.9761668983385,-19.047429639710032,302.7501989734994,-0.012609369478501766,0.015856988132018763,-0.11729298927410811,-0.012643823710246735,0.015829529154354476,-0.11729298927410811,-1.5602808069428918e-18,-6.1943133658928665e-24,1.6773431288230657e-19,-1.560277103964876e-18,-3.399322831224498e-21,1.6773431288230657e-19,-1543.9888107220488,-19.031600110555676,302.63290598422526,-1057183.0630842876,70.32049787438888,132041.29392675473,-0.06334421497451756,4708.346393301853
30.726011626409967,2001.0,12.0,14.0,14.0,21.0,58.0,1.0,3475843.561761927,42866.436028616394,-681342.4319111684,497.9601706041706,-293.29859012071023,4661.852457224467,3542252.6034576157,4697.537304525078,3475928.67824484,35296.1886712276,-681342.4319111684,3542252.603457616,499.822082803564,-540.7644450532331,4661.852457224467,4719.6521728218095,20255715.047432084,0.8266069642812861,1.633628115933988,1.4901161193847656e-08,4.6073272328795325e-07,6.089243822492802,-0.19355346963149508,0.01015411386330131,146052.60345761618,-0.08773696956318561,-0.08732480988085876,225.46349903941154,-16543151242.962029,-1040805793.9429235,-203900138.19604245,-16544816643.232986,-1897300457.2723694,16575859849.438318,16654497352.058437,-0.9812763423060126,-0.00996433417446705,0.192347217487004,-0.010153939372475558,0.9999484474287762,0.0,0.1923373014933748,0.0019530819848274093,0.9813269322325803,4669.879643706569,-545.8117303814761,-0.11635128706974308,4.2181229845620555e-10,189.59178161957354,0.0,-89.89178161957355,3.1,0.0,3.0248810775024424e-17,2.2940005689164384,1.5707963267948966,17.633814715423224,461.0,0.0022208385793939726,0.03680950991854021,0.0,0.004726467546514346,-1544.0108814510727,-19.04177863622257,302.6603787461353,-0.012630594740954503,0.015888558414295414,-0.11752790659925347,-0.012665168960958631,0.015861012174040953,-0.11752790659925347,-1.563390443283179e-18,-6.079001380579898e-26,1.6801584165416245e-19,-1.5633867352679327e-18,-3.405016512937072e-21,1.6801584165416245e-19,-1544.0235466200336,-19.025917624048528,302.542850839536,-1057183.1184362322,70.47403607935479,131995.5349970113,-0.06325162012057195,4708.380472220465
30.754289110684745,2001.0,12.0,14.0,14.0,21.0,58.0,1.0,3475857.64148374,42858.14226584718,-681210.6061892528,497.86546039734225,-293.2997570521504,4661.871013326426,3542240.9650112903,4697.545753799176,3475942.8105931454,35280.89717129781,-681210.6061892528,3542240.96501129,499.7256963266319,-540.7674040695254,4661.871013326426,4719.660634173435,20255714.390243128,0.82660695866117,1.633628115825238,1.4901161193847656e-08,4.616955931433977e-07,6.089281177666643,-0.19351619027885192,0.010149673797257357,146040.9650112898,-0.08772008126411268,-0.08730800183682484,225.817517131567,-16543151217.360168,-1040805790.5260024,-203901499.28656644,-16544815477.207584,-1897307341.2845402,16575859823.672428,16654496994.61233,-0.9812835560671876,-0.009960050013476527,0.19231063412059027,-0.010149499535228352,0.999948492503081,0.0,0.19230072868119583,0.0019518566916264005,0.9813341021304296,4669.895120178647,-545.8115162167352,-0.11635085969858666,4.2230369952331905e-10,189.57885001254422,0.0,-89.87885001254423,3.1,0.0,3.0248596380219616e-17,2.2939970675835655,1.5707963267948966,17.634447741416253,461.0,0.002223437504490798,0.036872346242843676,0.0,0.004731987171343372,-1544.032355026074,-19.038282104824834,302.60480290963375,-0.012642860249179452,0.01590681512225502,-0.11766527943433609,-0.012677506029862185,0.015879216714834863,-0.11766527943433609,-1.5652086508767562e-18,3.749131230591171e-24,1.6817853121763208e-19,-1.5652049400186485e-18,-3.408303787871316e-21,1.6817853121763208e-19,-1544.0450325321037,-19.022402888109998,302.4871376301994,-1057183.1527361367,70.6275742843207,131949.8426741525,-0.06315902728706684,4708.41450044155
30.79992989835483,2001.0,12.0,14.0,14.0,21.0,58.0,1.0,3475880.360967007,42844.75579093872,-680997.8340408448,497.71259223525215,-293.30164006298037,4661.9009562745705,3542222.184847139,4697.559387878659,3475965.6149173034,35256.216012071054,-680997.8340408448,3542222.1848471393,499.5701225857342,-540.7721783470396,4661.9009562745705,4719.6742877415045,20255713.327902406,0.8266069495762929,1.6336281156494523,1.4901161193847656e-08,4.6265645910084733e-07,6.089341470659362,-0.19345601966124085,0.010142507426271617,146022.1848471393,-0.08769282274765966,-0.08728087285469478,226.38961052894592,-16543151175.975151,-1040805785.0027218,-203903695.02258652,-16544813595.592905,-1897318449.5932968,16575859782.022264,16654496417.752378,-0.9812951964974793,-0.0099531351146999,0.19225158629348726,-0.010142333533103882,0.999948565212483,0.0,0.19224169787399645,0.0019498797104568505,0.9813456718035892,4669.920093691527,-545.8111706513893,-0.11635017008394143,4.230966397874518e-10,189.5579831634881,0.0,-89.85798316348811,3.1,0.0,3.024825041406649e-17,2.2939914175275105,1.5707963267948966,17.635469346688414,461.0,0.002227631269623084,0.03697392095409596,0.0,0.004740893878227762,-1544.0670061459039,-19.03263833418088,302.5150976447182,-0.012662639195607898,0.015936273466951183,-0.11788695080948706,-0.012697400612941301,0.01590859079510425,-0.11788695080948706,-1.5681425520550505e-18,9.91712661958721e-24,1.6844087704062226e-19,-1.5681388366364058e-18,-3.413604648512951e-21,1.6844087704062226e-19,-1544.0797035465168,-19.016729743385778,302.39721069390873,-1057183.2081816643,70.78111248928663,131904.2169581783,-0.06306643647097364,4708.448477964648
30.892581262710674,2001.0,12.0,14.0,14.0,21.0,58.0,1.0,3475926.460341395,42817.58081679591,-680565.8997417936,497.4022574180981,-293.3054608708174,4661.961713447577,3542184.0786187015,4697.5870525954415,3476011.886139972,35206.11228318496,-680565.8997417936,3542184.0786187015,499.2542953195842,-540.7818638395394,4661.961713447577,4719.701992001602,20255711.165190503,0.8266069310812887,1.6336281152916172,1.4901161193847656e-08,4.6481114508159046e-07,6.089463868141097,-0.19333387059184404,0.010127959761298438,145984.078618702,-0.08763748668202044,-0.08722579974552305,227.5536206662655,-16543151091.724287,-1040805773.758958,-203908148.1844555,-16544809777.367374,-1897340989.2940505,16575859697.23165,16654495246.984293,-0.9813188160157578,-0.009939097320123979,0.19213171439898316,-0.010127786615314037,0.9999487126539414,0.0,0.19212186047325794,0.001945869005467361,0.9813691478348541,4669.970767363264,-545.8104695427221,-0.11634877082771765,4.24705569432581e-10,189.5156429096689,0.0,-89.81564290966892,3.1,0.0,3.0247548379957665e-17,2.2939799524404454,1.5707963267948966,17.63754276393311,461.0,0.0022361409224808445,0.037180708261215584,0.0,0.004758966442312751,-1544.1373182083946,-19.021180444687747,302.3329795038764,-0.012702722414628316,0.01599604168545379,-0.11833674556349637,-0.012737719089529472,0.015968187710009938,-0.11833674556349637,-1.5740955762319155e-18,2.2509052120187442e-23,1.6897252936515224e-19,-1.5740918516618932e-18,-3.424346824766515e-21,1.6897252936515224e-19,-1544.1500559274841,-19.00521225697774,302.2146427583129,-1057183.3210576195,70.93465069425254,131858.65784908875,-0.06297384766926374,4708.482404789317
30.950817894080387,2001.0,12.0,14.0,14.0,21.0,58.0,1.0,3475955.421693161,42800.49962490056,-680294.4016846291,497.2071871695904,-293.30786128012124,4661.999883991486,3542160.1388601377,4697.6044327719255,3476040.9552476597,35174.618791979316,-680294.4016846291,3542160.1388601377,499.05577269371173,-540.7879473651097,4661.999883991486,4719.719397020433,20255709.801532257,0.8266069194195909,1.6336281150660132,1.4901161193847656e-08,4.6648013122375813e-07,6.08954080323582,-0.1932570916311623,0.010118815837269415,145960.13886013767,-0.08760270418573292,-0.08719118253240057,228.287105768919,-16543151038.601929,-1040805766.6698129,-203910944.36335373,-16544807378.406174,-1897355149.7058752,16575859643.768986,16654494511.26962,-0.9813336548827646,-0.009930273452656057,0.19205636532953224,-0.010118643159829339,0.9999488052198493,0.0,0.19204653304613264,0.001943349827343356,0.9813838966155952,4670.002602951362,-545.8100291257769,-0.11634789177543026,4.257807305682882e-10,189.4876735751721,0.0,-89.8,3.1123264248279026,0.0,3.0247085727202704e-17,2.293972396747567,1.5707963267948966,17.63890945836802,461.0,0.0022418260573538805,0.037311093143578854,0.0,0.004771069272883128,-1544.181492649783,-19.01397785036659,302.21849741759837,-0.012729892461139633,0.016036333203296244,-0.11863789656845176,-0.012765043380586363,0.01600836694266687,-0.11863789656845176,-1.5780818952063374e-18,3.043199618159967e-23,1.693329148573346e-19,-1.5780781642760662e-18,-3.431667118695909e-21,1.693329148573346e-19,-1544.1942576931635,-18.997969483423923,302.09985952102994,-1057183.39222949,71.08818889921845,131813.16534688385,-0.06288126087890834,4708.516280915137
31.005903207172373,2001.0,12.0,14.0,14.0,21.0,59.0,1.0,3475982.805424618,42784.3426070098,-680037.5929672138,497.02266748302304,-293.31013095538054,4662.035975692447,3542137.5031791967,4697.620866307075,3476068.4407190853,35144.82916016096,-680037.5929672138,3542137.5031791967,498.86798740185645,-540.7936986024876,4662.035975692447,4719.735854044499,20255708.508294743,0.8266069083601048,1.6336281148520602,1.4901161193847656e-08,4.6814316726938343e-07,6.089613576148742,-0.19318446639779138,0.010110166788399474,145937.50317919673,-0.08756980339312477,-0.08715843807920097,228.9824355840683,-16543150988.223228,-1040805759.9467894,-203913587.18523717,-16544805109.96268,-1897368538.8425674,16575859593.067554,16654493815.48042,-0.9813476855709832,-0.009921926838982735,0.19198509158858332,-0.010109994553367195,0.9999488926990874,0.0,0.19197527974873677,0.0019409682302882793,0.9813978421658177,4670.032704695013,-545.8096127316835,-0.11634706061709514,4.268842200141587e-10,189.45937897399594,0.0,-89.8,3.140621026004069,0.0,3.0246619122280296e-17,2.293964776510896,1.5707963267948966,17.64028804998395,461.0,0.0022476591119141237,0.03743474566106961,0.0,0.004783524006688161,-1544.2232620220323,-19.007164535151983,302.11020275204163,-0.012758286531235315,0.01607813716834342,-0.11894771715991573,-0.012793591763404416,0.016050058560906164,-0.11894771715991573,-1.5821837846596831e-18,3.790976299628316e-23,1.6970955029757146e-19,-1.5821800468461147e-18,-3.43936610647031e-21,1.6970955029757146e-19,-1544.2360556137958,-18.991114476591076,301.9912550348817,-1057183.4597259797,71.24172710418436,131767.73945156357,-0.06278867609687871,4708.550106341704
31.13795208123566,2001.0,12.0,14.0,14.0,21.0,59.0,1.0,3476048.4075031537,42745.61097537521,-679421.9706556215,496.5803220480953,-293.3155684179829,4662.122440800943,3542083.275809935,4697.660235898452,3476134.2859531767,35073.41705148601,-679421.9706556215,3542083.275809935,498.4178135810124,-540.8074730461329,4662.122440800943,4719.775279906572,20255705.39450725,0.8266068817316313,1.6336281143369131,1.4901161193847656e-08,4.716870722575355e-07,6.08978802898293,-0.1930103675538834,0.01008943384783796,145883.27580993436,-0.08749093278224819,-0.0870799422408672,230.65552416443825,-16543150866.925554,-1040805743.7595061,-203919914.37098718,-16544799674.892944,-1897400614.9969778,16575859470.992825,16654492147.994356,-0.98138129887935,-0.009901917690928963,0.19181422845013843,-0.010089262670238882,0.999949102094087,0.0,0.191804465507586,0.0019352641347226546,0.9814312516748578,4670.104819563702,-545.8086153189978,-0.1163450694811319,4.2952780426569927e-10,189.39159476241798,0.0,-89.8,3.2,0.0,3.024550118408545e-17,2.2939465191946535,1.5707963267948966,17.643591924650625,461.0,0.002261633604523669,0.037732469003100164,0.0,0.0048133463183809,-1544.323332163454,-18.990829999479594,301.8505724497734,-0.012826140002536474,0.016178262292900654,-0.1196895696895826,-0.012861816285531546,0.01614991393227199,-0.1196895696895826,-1.5920051962133875e-18,5.601950759911366e-23,1.7060958513466215e-19,-1.5920014421866753e-18,-3.457742639035603e-21,1.7060958513466215e-19,-1544.3361939797396,-18.974680085547323,301.7308828800838,-1057183.6222404186,71.39526530915028,131722.38016312793,-0.06269609332014588,4708.583881068639
31.316354635691237,2001.0,12.0,14.0,14.0,21.0,59.0,1.0,3476136.9453884033,42693.28207405585,-678590.2256928557,495.9826526797652,-293.3229071392517,4662.239139665589,3542010.089459706,4697.713370890312,3476223.1507081515,34976.93395889369,-678590.2256928557,3542010.0894597056,497.8095674055226,-540.8260553289493,4662.239139665589,4719.828490840836,20255701.15681209,0.8266068454916433,1.6336281136358557,1.4901161193847656e-08,4.763712693198303e-07,6.090023729189823,-0.19277514555149802,0.01006142361122193,145810.08945970563,-0.08738437183071501,-0.08697388762070771,232.92993712425232,-16543150701.849102,-1040805721.7301804,-203928444.4575959,-16544792338.140953,-1897443906.4039097,16575859304.858881,16654489896.139593,-0.9814266653425628,-0.009874882644456002,0.19158336892156258,-0.01006125385533102,0.999949384304455,0.0,0.19157367179608975,0.0019275689091793767,0.9814763434503475,4670.20215028365,-545.8072694712695,-0.11634238228415165,4.330956388393503e-10,189.30011182463207,0.0,-89.8,3.2,0.0,3.0243992141505904e-17,2.293921874659093,1.5707963267948966,17.64805367571452,461.0,0.002280494943878352,0.03813763276775737,0.0,0.0048534368046389545,-1544.458399973657,-18.96875731814783,301.4997368276143,-0.01291686663778903,0.0163131352613475,-0.12068683985215939,-0.012953046309172328,0.016284422529088453,-0.12068683985215939,-1.6052073439367936e-18,8.110348852111085e-23,1.7181303500208031e-19,-1.6052035692121964e-18,-3.482096325090671e-21,1.7181303500208031e-19,-1544.471353019966,-18.95247289561874,301.37904998776213,-1057183.8434138,71.5488035141162,131677.08748157692,-0.06260351254568089,4708.617605095579
31.35769457350512,2001.0,12.0,14.0,14.0,21.0,59.0,1.0,3476157.446417639,42681.15608818546,-678397.4884581192,495.84415160244237,-293.32460646193624,4662.266162022143,3541993.143092757,4697.725674512198,3476243.7272112677,34954.57615447855,-678397.4884581192,3541993.143092757,497.6686153771348,-540.8303567629006,4662.266162022143,4719.840812046988,20255700.16997231,0.8266068370523563,1.6336281134725952,1.4901161193847656e-08,4.773025923385357e-07,6.090078347684118,-0.19272063785970797,0.010054933111893621,145793.1430927571,-0.08735967856552626,-0.08694931168417222,233.4591886997223,-16543150663.408005,-1040805716.6001408,-203930418.09700888,-16544790639.075106,-1897453930.698359,16575859266.17152,16654489374.501253,-0.9814371701961909,-0.009868617680032355,0.19152987062695548,-0.010054763684311971,0.9999494495859541,0.0,0.19152018871269313,0.0019257875876408821,0.9814867847595411,4670.2246878016595,-545.8069578851535,-0.11634176007434964,4.3383046598052547e-10,189.28127010306346,0.0,-89.78127010306345,3.2,0.0,3.024367958340162e-17,2.29391677019788,1.5707963267948966,17.64897810132809,461.0,0.002284381733482762,0.03823198830289795,0.0,0.0048616916445965485,-1544.489676873372,-18.96364189233089,301.41842936952617,-0.012935103598618443,0.016340437360151807,-0.12089228925078588,-0.012971391627217053,0.01631164606903301,-0.12089228925078588,-1.6079262187564661e-18,8.696276094507494e-23,1.720549205991844e-19,-1.607922440128724e-18,-3.4869840089607644e-21,1.720549205991844e-19,-1544.5026482649992,-18.947330246261856,301.2975370802754,-1057183.8949188627,71.70234171908211,131631.86140691055,-0.06251093377045473,4708.651278422183
31.444604971104685,2001.0,12.0,14.0,14.0,21.0,59.0,1.0,3476200.5277766404,42655.662974810024,-677992.2865842622,495.5529667921506,-293.32817750350046,4662.3229482294,3541957.531587042,4697.751529849202,3476286.966911226,34907.57198034942,-677992.2865842622,3541957.531587042,497.37227776849943,-540.839394291395,4662.3229482294,4719.8667043356845,20255698.089827485,0.8266068192632907,1.633628113128487,1.4901161193847656e-08,4.796229880878697e-07,6.090193175754135,-0.1926060427243778,0.010041288044028863,145757.5315870419,-0.08730776423575375,-0.08689764401869937,234.574203312397,-16543150582.379208,-1040805705.7870815,-203934563.69951752,-16544787068.348875,-1897474996.1545725,16575859184.62366,16654488278.068085,-0.9814592456035487,-0.00985544622402867,0.1914173957586879,-0.010041119305275428,0.9999495866907977,0.0,0.1914077457743288,0.0019220449079181078,0.9815087267064729,4670.272049305519,-545.8063031679919,-0.11634045256376366,4.3537363122818387e-10,189.2417017633799,0.0,-89.7417017633799,3.2,0.0,3.024302313857706e-17,2.2939060496403276,1.5707963267948966,17.650919937200033,461.0,0.0022925443595846447,0.03843088002248799,0.0,0.004879027318627901,-1544.5554051421161,-18.952886716751735,301.2474805526153,-0.012973352566093355,0.01639776262027945,-0.12132374898420331,-0.013009868756253736,0.016368806025493975,-0.12132374898420331,-1.6136359043781138e-18,9.93436753389392e-23,1.7256222866584942e-19,-1.6136321176515644e-18,-3.49723471725858e-21,1.7256222866584942e-19,-1544.5684150108723,-18.93651791072624,301.1261568036311,-1057184.0034856256,71.85587992404803,131586.7019391288,-0.062418356991438245,4708.684901048126
31.52287335170927,2001.0,12.0,14.0,14.0,21.0,59.0,1.0,3476239.303642252,42632.70452758692,-677627.3721170418,495.2907256095715,-293.3313917106488,4662.374060194932,3541925.4790473436,4697.7748014795625,3476325.884989759,34865.24103850622,-677627.3721170418,3541925.479047343,497.1053960703328,-540.8475267542764,4662.374060194932,4719.890009224478,20255696.210162167,0.8266068031886733,1.6336281128175796,1.4901161193847656e-08,4.817017875684729e-07,6.0902965877565665,-0.1925028404840027,0.010028999943915035,145725.47904734313,-0.0872610111118113,-0.08685111303195045,235.5810546875,-16543150509.160486,-1040805696.0168054,-203938292.8501266,-16544783854.164783,-1897493956.5441163,16575859110.935938,16654487290.92084,-0.9814791151181339,-0.009843584018002482,0.19131610083995904,-0.01002883182388761,0.9999497100015822,0.0,0.19130647955355048,0.0019186770005258722,0.9815284761836482,4670.314678280215,-545.805713948948,-0.11633927574275087,4.3676257461513105e-10,189.20608783038125,0.0,-89.70608783038126,3.2,0.0,3.02424322525382e-17,2.293896399738997,1.5707963267948966,17.652668221688533,461.0,0.002299891448304561,0.038610601399645915,0.0,0.0048946307464435,-1544.6145672054004,-18.943200021839253,301.0935147682264,-0.01300772777145111,0.01644935397617926,-0.12171209791874991,-0.013044449963677821,0.016420248267152677,-0.12171209791874991,-1.6187749093351192e-18,1.105663499327491e-22,1.7301815061122616e-19,-1.6187711154291838e-18,-3.50644691916874e-21,1.7301815061122616e-19,-1544.627611655364,-18.9267797735721,300.9718026703076,-1057184.101588998,72.00941812901394,131541.6090782317,-0.06232578220560229,4708.718472973108
31.56193327206456,2001.0,12.0,14.0,14.0,21.0,59.0,1.0,3476258.6471025497,42621.24699547469,-677445.2596596268,495.15985010361527,-293.3329951457001,4662.3995578737,3541909.48953894,4697.7864106892575,3476345.2992857113,34844.11549796576,-677445.2596596268,3541909.48953894,496.97220467794847,-540.8515829961398,4662.3995578737,4719.901635025116,20255695.269832198,0.8266067951471042,1.6336281126620518,1.4901161193847656e-08,4.826228243321718e-07,6.090348196326399,-0.1924513365922548,0.010022867610047103,145709.4895389406,-0.08723767857997228,-0.08682789135798419,236.08451211452484,-16543150472.53202,-1040805691.1292387,-203940152.38792434,-16544782250.647688,-1897503415.0589433,16575859074.072857,16654486798.37548,-0.9814890271908774,-0.009837664006061744,0.19126554804984913,-0.010022699798226205,0.9999497714829254,0.0,0.19125594106500313,0.0019169971698468475,0.9815383284055651,4670.335944129117,-545.8054200387181,-0.11633868868857976,4.3751238497664553e-10,189.18686192367574,0.0,-89.7,3.2,0.0,3.0242114456694516e-17,2.2938912097390083,1.5707963267948966,17.6536086487873,461.0,0.002303856408482265,0.038700510569406814,0.0,0.004903055916723185,-1544.6440813005697,-18.938365522393635,301.0166725109913,-0.013026558124600388,0.016477540785647678,-0.12192171562420259,-0.013063388790763363,0.016448356763447015,-0.12192171562420259,-1.6215492625172079e-18,1.1620332711775105e-22,1.7326790684490483e-19,-1.6215454645650504e-18,-3.511498516088617e-21,1.7326790684490483e-19,-1544.6571446893604,-18.921917165630187,300.89475079536714,-1057184.1506666485,72.16295633397985,131496.58282421922,-0.06223320940991752,4708.751994196847
31.608864354946952,2001.0,12.0,14.0,14.0,21.0,59.0,1.0,3476281.881800524,42607.480515169766,-677226.4474808169,495.0025979018911,-293.3349211520376,4662.430185083539,3541890.2834924078,4697.800355344511,3476368.6189741534,34818.73263317252,-677226.4474808169,3541890.2834924078,496.81216987555183,-540.8564546302101,4662.430185083539,4719.915599608719,20255694.137804784,0.8266067854661587,1.6336281124748167,1.4901161193847656e-08,4.837716543897416e-07,6.090410205414676,-0.19238945327262943,0.010015499567654173,145690.28349240776,-0.08720964389688159,-0.08679998987236263,236.69042629003525,-16543150428.436644,-1040805685.2452769,-203942385.33103,-16544780324.452326,-1897514776.3578835,16575859029.695034,16654486206.64762,-0.9815009333226301,-0.009830550877154847,0.1912048068335566,-0.01001533212564713,0.9999498453034597,0.0,0.1911952170144928,0.0019149796444582732,0.9815501626731781,4670.36148815469,-545.8050670242234,-0.1163379835451499,4.384486797451215e-10,189.1628543655097,0.0,-89.7,3.2,0.0,3.024171830296501e-17,2.293884740057631,1.5707963267948966,17.654781099331302,461.0,0.0023088067589975324,0.03880874952670508,0.0,0.004913577581861894,-1544.679533421847,-18.93255649578231,300.9243405698106,-0.013050223664548338,0.01651293335691689,-0.12218345122635822,-0.0130871882854872,0.01648365276645084,-0.12218345122635822,-1.6250136708313386e-18,1.2300789743838548e-22,1.7358179745814187e-19,-1.6250098677391395e-18,-3.5178502112298865e-21,1.7358179745814187e-19,-1544.6926206101325,-18.91607284301586,300.80215711858426,-1057184.2097493652,72.31649453894576,131451.6231770914,-0.062140638601354686,4708.785464719078
31.74658695502498,2001.0,12.0,14.0,14.0,21.0,59.0,1.0,3476350.0230669905,42567.08127811051,-676584.3192867952,494.541109290601,-293.3405697195595,4662.520008386026,3541833.9572022823,4697.8412518114965,3476437.0088972645,34744.243492174646,-676584.3192867952,3541833.9572022823,496.3425153469772,-540.8707381723954,4662.520008386026,4719.956554519559,20255690.801789615,0.826606756936967,1.6336281119230414,1.4901161193847656e-08,4.876574329124014e-07,6.090592179360954,-0.1922078483806461,0.009993877832889715,145633.95720228227,-0.08712737227072216,-0.08671810912402192,238.47487565875053,-16543150298.491785,-1040805667.9056147,-203948929.75001627,-16544774674.756296,-1897548096.4208314,16575858898.917828,16654484470.635344,-0.9815358514557031,-0.009809675979169659,0.19102654937026847,-0.009993711472974821,0.9999500616185765,0.0,0.191017009813584,0.0019090642180844431,0.9815848702153515,4670.436403460156,-545.80403185332,-0.11633591558124856,4.4120213988588636e-10,189.09244650285282,0.0,-89.69244650285285,3.2,0.0,3.0240556373529564e-17,2.293865764309909,1.5707963267948966,17.658220858975817,461.0,0.0023233651074970893,0.039127724288115465,0.0,0.0049445181096373254,-1544.7835102624954,-18.915507587586024,300.65335561760133,-0.01311973620956061,0.016616815445676728,-0.12295315175794959,-0.013157095331857188,0.01658725041085949,-0.12295315175794959,-1.6352010666144396e-18,1.431425825099128e-22,1.7450374317925806e-19,-1.6351972486186015e-18,-3.536503492919824e-21,1.7450374317925806e-19,-1544.7966673578273,-18.898920337175166,300.5304024658434,-1057184.3838625345,72.47003274391169,131406.73013684817,-0.06204806977688424,4708.818884539565
31.85097447825486,2001.0,12.0,14.0,14.0,21.0,59.0,1.0,3476401.628730868,42536.45995926741,-676097.6068200781,494.19130102260686,-293.344847664922,4662.588036306918,3541791.299415641,4697.872224525735,3476488.8022824028,34687.78277092573,-676097.6068200781,3541791.299415641,495.9865175053333,-540.8815519163439,4662.588036306918,4719.987571494538,20255688.25912608,0.8266067351923788,1.633628111502525,1.4901161193847656e-08,4.903817973108441e-07,6.090730111250578,-0.19207019619467697,0.009977489839963292,145591.29941564053,-0.08706501224400036,-0.08665604536544144,239.83367437124252,-16543150199.451117,-1040805654.6903095,-203953881.87003842,-16544770395.37728,-1897573331.1748307,16575858799.242798,16654483155.260876,-0.9815622966988448,-0.00979385283843485,0.1908914302577984,-0.009977324297096987,0.9999502252611729,0.0,0.190881928686713,0.0019045857052187268,0.9816111561377713,4670.493140705403,-545.8032480104994,-0.11633434947923522,4.4333502921797236e-10,189.03912426955068,0.0,-89.63912426955069,3.2,0.0,3.0239676291663136e-17,2.293851391482298,1.5707963267948966,17.66082716558561,461.0,0.002334641799093916,0.03937084458585295,0.0,0.004968471165700244,-1544.862260449834,-18.90258338999731,300.4479311379499,-0.013173652839288738,0.016696000069487262,-0.12354919052707558,-0.013211313329538727,0.016666215754008805,-0.12354919052707558,-1.6430884794852966e-18,1.5859954147214347e-22,1.7521867281020662e-19,-1.6430846500726024e-18,-3.550952958284952e-21,1.7521867281020662e-19,-1544.8754717631634,-18.885917174243303,300.32438194742286,-1057184.5165691692,72.6235709488776,131361.9037034896,-0.061955502933476785,4708.852253658083
31.931889918295447,2001.0,12.0,14.0,14.0,21.0,59.0,1.0,3476441.6054668557,42512.72369774314,-675720.3293250592,493.9201367085476,-293.3481616659581,4662.640735695312,3541758.254223506,4697.896218049555,3476528.92408501,34644.016763271335,-675720.3293250592,3541758.254223506,495.7105552712717,-540.8899266945488,4662.640735695312,4720.0115993048485,20255686.27976362,0.8266067182650566,1.6336281111752073,1.4901161193847656e-08,4.926405923013898e-07,6.090837030706761,-0.19196349353567013,0.009964786955635348,145558.25422350597,-0.08701667310476845,-0.08660793587712072,240.89063468575478,-16543150122.35275,-1040805644.4033961,-203957715.5861074,-16544767079.919575,-1897592879.6863678,16575858721.650648,16654482135.916864,-0.9815827830539504,-0.009781587075277865,0.19078668865083337,-0.009964622044247147,0.9999503519212918,0.0,0.19077721645829876,0.0019011172434790112,0.9816315191728768,4670.537093475117,-545.8026408755179,-0.11633313630744764,4.4498728882470167e-10,188.99781777938244,0.0,-89.59781777938245,3.2,0.0,3.023899446183993e-17,2.2938402563562574,1.5707963267948966,17.66284690949194,461.0,0.002343377675429861,0.03956010593762448,0.0,0.00498702692220216,-1544.9232678934825,-18.892564143429617,300.2886795858431,-0.013215351983399593,0.016757333426214972,-0.12401092757205903,-0.013253246777597018,0.016727378798084277,-0.12401092757205903,-1.649198405741239e-18,1.7067799419237798e-22,1.75771586884738e-19,-1.6491945676229352e-18,-3.562127653668831e-21,1.75771586884738e-19,-1544.93652114026,-18.875836764631533,300.16466865827107,-1057184.6198760308,72.77710915384351,131317.14387701565,-0.06186293806810272,4708.885572074434
31.951215466492204,2001.0,12.0,14.0,14.0,21.0,59.0,1.0,3476451.1501184306,42507.05457606384,-675630.2211152643,493.85537122919374,-293.34895290812653,4662.653318077632,3541750.3645136757,4697.901946661357,3476538.503326332,34633.56374960826,-675630.2211152643,3541750.3645136757,495.6446438607351,-540.8919259348938,4662.653318077632,4720.01733610267,20255685.805943638,0.8266067142129889,1.6336281110968596,1.4901161193847656e-08,4.928659024399934e-07,6.090862567253294,-0.1919380087664926,0.00996175306867173,145550.36451367568,-0.08700512782021788,-0.08659644544157898,241.1435422897339,-16543150103.897041,-1040805641.9410155,-203958630.58488932,-16544766288.285395,-1897597547.0212958,16575858703.076742,16654481892.49477,-0.9815876743203787,-0.009778657495631787,0.1907616719361971,-0.009961588307864332,0.9999503821482267,0.0,0.19075220675183496,0.0019002892407482725,0.9816363810088269,4670.547587530426,-545.8024959286262,-0.11633284665921631,4.4532824383663674e-10,188.9892939040841,0.0,-89.6,3.2,0.0,3.0238852771012593e-17,2.293837942369442,1.5707963267948966,17.663266691873957,461.0,0.0023451815744511854,0.03960541093621167,0.0,0.004990860731837007,-1544.9378341205888,-18.89017103817281,300.25064222193146,-0.01322371925254685,0.016770288869469154,-0.1241063139651899,-0.013261666280285465,0.016740297103276236,-0.1241063139651899,-1.6504609706888972e-18,1.735498252413423e-22,1.7588261464683389e-19,-1.650457130955569e-18,-3.564374389747616e-21,1.7588261464683389e-19,-1544.951095786869,-18.873430741069534,300.1265359079663,-1057184.6446056403,72.93064735880942,131272.45065742635,-0.06177037517773242,4708.918839788435
31.987252283484224,2001.0,12.0,14.0,14.0,21.0,59.0,1.0,3476468.944917962,42496.48318695169,-675462.1935082442,493.7345998418921,-293.3504280871115,4662.676776480344,3541735.655144415,4697.912626972649,3476556.3625670513,34614.07165910169,-675462.1935082442,3541735.655144415,495.52173561396233,-540.8956529770178,4662.676776480344,4720.028031675706,20255684.92142093,0.8266067066486246,1.6336281109505983,1.4901161193847656e-08,4.939909116700573e-07,6.090910186171899,-0.191890486396644,0.009956095730525432,145535.65514441533,-0.08698359890375428,-0.08657501880342662,241.61558431386948,-16543150069.444227,-1040805637.3442302,-203960336.15461057,-16544764812.33519,-1897606248.7072952,16575858668.403278,16654481438.620115,-0.9815967935148718,-0.009773194566010121,0.19071502203365376,-0.009955931250263617,0.9999504384882983,0.0,0.19070556990885756,0.0018987456477595676,0.9816454453470983,4670.567152483125,-545.8022257035673,-0.11633230664946702,4.4598199358154096e-10,188.97295016046147,0.0,-89.6,3.2,0.0,3.0238581469324e-17,2.2938335116766284,1.5707963267948966,17.664070525450434,461.0,0.002348639966506093,0.03968998687482726,0.0,0.004998209935524454,-1544.9649914115935,-18.885708407644383,300.179710656655,-0.013239844639705319,0.0167950129133855,-0.12428916996795111,-0.013277890444508571,0.01676495064674953,-0.12428916996795111,-1.6528811311080842e-18,1.7892496143449216e-22,1.7609655319488376e-19,-1.652877288231061e-18,-3.568702455487902e-21,1.7609655319488376e-19,-1544.978269302038,-18.868943456997634,300.05542148668707,-1057184.6907706447,73.08418556377534,131227.8240447217,-0.06167781425933617,4708.952056799931
32.027634773052824,2001.0,12.0,14.0,14.0,22.0,0.0,1.0,3476488.8804176617,42484.63693297895,-675273.9024812948,493.59926213354635,-293.35208074087296,4662.7030571221485,3541719.1762497616,4697.924592173656,3476576.370187394,34592.228861734715,-675273.9024812948,3541719.1762497625,495.3840033412165,-540.8998279315058,4662.7030571221485,4720.040013974345,20255683.928705085,0.8266066981589963,1.633628110786445,1.4901161193847656e-08,4.9511336463202e-07,6.090963547914811,-0.19183723284271847,0.009949756212574214,145519.17624976253,-0.0869594735949514,-0.08655100810670804,242.14522832632065,-16543150030.777395,-1040805632.185159,-203962246.39248928,-16544763158.754414,-1897615997.243122,16575858629.488806,16654480930.074759,-0.9816070098106009,-0.00976707275204229,0.19066274565459065,-0.009949592046308473,0.9999505015840094,0.0,0.19065330815069234,0.0018970165376922506,0.9816556002078595,4670.589071253379,-545.8019229863258,-0.11633170168139904,4.4671438889944345e-10,188.9546402775139,0.0,-89.6,3.2,0.0,3.0238277519468904e-17,2.2938285477987934,1.5707963267948966,17.664971181584665,461.0,0.0023525144549385955,0.03978490815859788,0.0,0.005006443321191265,-1544.9954163168886,-18.880707398510054,300.10022179811426,-0.01325789742239901,0.016822711592343952,-0.12449402571690193,-0.013296054050056013,0.016792570264257553,-0.12449402571690193,-1.655592424608819e-18,1.849660167245537e-22,1.7633606144795036e-19,-1.655588578237601e-18,-3.573547779754138e-21,1.7633606144795036e-19,-1545.0087123709386,-18.863914828245797,299.97572777239736,-1057184.742582474,73.23772376874126,131183.26403890166,-0.061585255309884186,4708.985223108781
32.14760252915166,2001.0,12.0,14.0,14.0,22.0,0.0,1.0,3476548.072295808,42449.44384771281,-674714.5237767124,493.19718696781524,-293.35698782411845,4662.78109012135,3541670.247617911,4697.960119235949,3476635.7757502217,34527.337579551175,-674714.5237767124,3541670.247617911,494.9748143020875,-540.912221286416,4662.78109012135,4720.075591801855,20255680.969906896,0.8266066728555523,1.6336281102971788,1.4901161193847656e-08,4.98242780485769e-07,6.091122077180323,-0.19167902496735081,0.009930923091518348,145470.24761791062,-0.08688780105311097,-0.08647967605316341,243.72296249866486,-16543149915.531727,-1040805616.808484,-203967915.03210035,-16544758248.520803,-1897644942.5716581,16575858513.505041,16654479419.676481,-0.9816373441566361,-0.009748885459557927,0.1905074376222682,-0.009930759855698888,0.9999506887885464,0.0,0.19049804346972815,0.0018918836137512812,0.9816857522703473,4670.654152851137,-545.8010242649475,-0.1163299054561884,4.488873095820809e-10,188.90030952238828,0.0,-89.60030952238826,3.2,0.0,3.02373755161813e-17,2.2938138169672064,1.5707963267948966,17.667644534132744,461.0,0.0023640099336506887,0.040067824285163915,0.0,0.005030871330469029,-1545.0857568410643,-18.86584902926806,299.8640544995455,-0.013311371728326781,0.016904900907719223,-0.12510182351193436,-0.01334985829839408,0.016874524449663832,-0.12510182351193436,-1.6636364619768364e-18,2.0302228360996896e-22,1.7704550434187406e-19,-1.6636326054183103e-18,-3.587899934285759e-21,1.7704550434187406e-19,-1545.0991066993627,-18.848974504818393,299.73895267603353,-1057184.8970081024,73.39126197370717,131138.77063996624,-0.06149269832634657,4709.018338714869
32.17428189984701,2001.0,12.0,14.0,14.0,22.0,0.0,1.0,3476561.229293456,42441.617253354365,-674590.1234804118,493.10776714218474,-293.35807857121785,4662.7984353355605,3541659.371904478,4697.9680161583365,3476648.980152744,34512.90634516089,-674590.1234804118,3541659.371904478,494.88381241031067,-540.9149754767045,4662.7984353355605,4720.083500008075,20255680.309869867,0.8266066672109538,1.633628110188041,1.4901161193847656e-08,4.991332955492854e-07,6.09115733275538,-0.19164384086243386,0.00992673488179252,145459.3719044784,-0.08687186166644038,-0.08646381238701177,244.07471725344658,-16543149889.823395,-1040805613.378424,-203969174.39413512,-16544757156.989513,-1897651376.5098844,16575858487.632063,16654479083.85695,-0.9816440868742339,-0.009744840686528826,0.19047289776985535,-0.00992657185241167,0.9999507303718813,0.0,0.19046351324101554,0.0018907429056495314,0.9816924544963939,4670.668619211844,-545.8008245195053,-0.11632950620209444,4.4944468989548103e-10,188.88671488059802,0.0,-89.58671488059802,3.2,0.0,3.0237151056517325e-17,2.2938101512627087,1.5707963267948966,17.668309916779094,461.0,0.0023669569206186338,0.04013093366430966,0.0,0.005037131036179908,-1545.1058382458277,-18.862544416075163,299.8115291138963,-0.013325436527664566,0.016925595447391563,-0.12525758811051113,-0.013364002168189669,0.01689516161361592,-0.12525758811051113,-1.665697637086671e-18,2.070997137578095e-22,1.7723200452866382e-19,-1.6656937776788659e-18,-3.5916692942364645e-21,1.7723200452866382e-19,-1545.1192022479959,-18.84564925446155,299.6862715257858,-1057184.9314567707,73.54480017867309,131094.34384791547,-0.061400143305693475,4709.051403618098
32.2175327689371,2001.0,12.0,14.0,14.0,22.0,0.0,1.0,3476582.5534980404,42428.929223269195,-674388.4527877147,492.96280303647575,-293.3598464109767,4662.826547797061,3541641.745091589,4697.980815148664,3476670.3811173663,34489.51120583747,-674388.4527877147,3541641.745091589,494.7362835403629,-540.9194388908337,4662.826547797061,4720.096317286582,20255679.238153547,0.826606658045692,1.6336281100108334,1.4901161193847656e-08,5.002442101119367e-07,6.091214487269991,-0.19158680220749855,0.009919945263913954,145441.74509158963,-0.08684602154462127,-0.08643809501843601,244.64572197198868,-16543149848.080421,-1040805607.8090053,-203971215.0052649,-16544755387.80851,-1897661804.3574865,16575858445.621754,16654478539.50062,-0.9816550152018432,-0.009738283453891678,0.19041690304287806,-0.009919782568826302,0.9999507977464628,0.0,0.19040753410213676,0.0018888942756146298,0.9817033172173553,4670.69206572961,-545.8005007970878,-0.11632885911532577,4.5034806405603075e-10,188.86468136448707,0.0,-89.56468136448706,3.2,0.0,3.023678724994803e-17,2.2938042098505473,1.5707963267948966,17.669388486233984,461.0,0.002371733311170291,0.04023341000301113,0.0,0.0050472765227537846,-1545.138385783471,-18.85718696499817,299.72637476505975,-0.013348218066712466,0.016959134550330057,-0.1255100458309804,-0.013386912035333315,0.016928607633557927,-0.1255100458309804,-1.6690382618736344e-18,2.13729780539001e-22,1.7753408666018916e-19,-1.6690343978768991e-18,-3.5977746286250664e-21,1.7753408666018916e-19,-1545.1517726955062,-18.84025835736461,299.60086471922875,-1057184.9873918146,73.698338383639,131049.98366274935,-0.061307590244894815,4709.084417818394
32.40911205596991,2001.0,12.0,14.0,14.0,22.0,0.0,1.0,3476676.933449844,42372.72680334974,-673495.1398802614,492.32064926704487,-293.36767095696547,4662.950975299475,3541563.7296258407,4698.037463676058,3476765.0997430505,34385.88035309488,-673495.1398802614,3541563.7296258407,494.08276886180516,-540.9391872112233,4662.950975299475,4720.153046755287,20255674.46512305,0.826606617226909,1.633628109221736,1.4901161193847656e-08,5.053229617420838e-07,6.091467659426323,-0.1913341432088132,0.009889871265425083,145363.72962584067,-0.08673155971828371,-0.08632417692701624,247.18626990914345,-16543149662.17519,-1040805583.0070257,-203980239.2285429,-16544747556.261044,-1897707958.1539612,16575858258.526033,16654476129.042377,-0.9817033844850122,-0.009709236647487261,0.19016886079060188,-0.009889710045564512,0.9999510956217882,0.0,0.19015956070070966,0.0018807148929143747,0.981751396426613,4670.795841360099,-545.7990682391752,-0.11632599520314245,4.543463566756649e-10,188.76716203230086,0.0,-89.5,3.232837967699144,0.0,3.02351768572673e-17,2.2937779101422255,1.5707963267948966,17.67416442179421,461.0,0.0023928743076529974,0.040689810563728196,0.0,0.005092260209976965,-1545.2824486064067,-18.833452829290678,299.34913102379545,-0.013449123087579676,0.017108576218509152,-0.12662930522530297,-0.013488389974529892,0.01707763531477374,-0.12662930522530297,-1.6838492339136433e-18,2.432701968117494e-22,1.7887216212893804e-19,-1.6838453496870585e-18,-3.6249233398823406e-21,1.7887216212893804e-19,-1545.2959369963812,-18.816375193975905,299.22250171857013,-1057185.236506017,73.85187658860491,131005.69008446785,-0.06121503914092058,4709.117381315703
32.55729287089815,2001.0,12.0,14.0,14.0,22.0,0.0,1.0,3476749.849122076,42329.25489490349,-672804.1728822994,491.8239215794763,-293.3737161993242,4663.047108372691,3541503.456759314,4698.081229831741,3476838.275876522,34305.72241345716,-672804.1728822994,3541503.456759314,493.5772535043857,-540.9544369534085,4663.047108372691,4720.196875442742,20255670.744055793,0.8266065854043938,1.6336281086066025,1.4901161193847656e-08,5.09480267682044e-07,6.091663488090467,-0.19113871141154573,0.009866610541973124,145303.45675931452,-0.08664302328434335,-0.08623606105641086,249.16435754299164,-16543149517.245893,-1040805563.6723318,-203987202.8207404,-16544741504.403042,-1897743616.1531615,16575858112.668688,16654474265.466364,-0.981740754548927,-0.00968676801599085,0.18997699172033425,-0.009866450456990397,0.9999513253930812,0.0,0.18996774466493865,0.0018743985767767529,0.9817885427203212,4670.8760186048485,-545.7979617272272,-0.11632378268528706,4.573980809645611e-10,188.69272973257168,0.0,-89.5,3.3,0.0,3.023394682554496e-17,2.2937578221997557,1.5707963267948966,17.67781412475209,461.0,0.0024090121269165947,0.04104559881040261,0.0,0.005126701862744967,-1545.393758024632,-18.815091431710474,299.0572846095846,-0.0135261171168653,0.017224153759266288,-0.12748611824858147,-0.013565829893802365,0.017192893190921113,-0.12748611824858147,-1.6951883462337976e-18,2.662665164641084e-22,1.7989332985263479e-19,-1.695184446715639e-18,-3.6457808667632694e-21,1.7989332985263479e-19,-1545.4073238545259,-18.797898538519554,298.92979849133604,-1057185.4307161923,74.00541479357082,130961.46311307099,-0.06112248999074063,4709.150294109992
32.596752920849156,2001.0,12.0,14.0,14.0,22.0,0.0,1.0,3476769.25390865,42317.67832166444,-672620.1683056841,491.69163864011864,-293.37532502578784,4663.072692423205,3541487.416557429,4698.092877292401,3476857.7498034895,34284.3762442985,-672620.1683056841,3541487.416557429,493.4426303870993,-540.9584942330066,4663.072692423205,4720.208539544538,20255669.749103323,0.8266065768955616,1.6336281084421236,1.4901161193847656e-08,5.105686694089174e-07,6.09171563772097,-0.1910866674585504,0.009860416379535221,145287.4165574289,-0.08661944579442936,-0.08621259556120271,249.69292268157005,-16543149478.49464,-1040805558.5025407,-203989054.79584318,-16544739893.648813,-1897753105.791223,16575858073.669289,16654473769.336313,-0.9817506998749231,-0.009680784430860775,0.18992589530630535,-0.00986025659586168,0.9999513864882951,0.0,0.1899166623415708,0.0018727180619189324,0.9817984285443211,4670.897356286304,-545.7976672918691,-0.11632319388635651,4.5812880127268425e-10,188.6749072860321,0.0,-89.5,3.3,0.0,3.023365079647204e-17,2.293752987678111,1.5707963267948966,17.678692724056514,461.0,0.0024128781695657853,0.04114073348541259,0.0,0.005134917313532116,-1545.4233818636046,-18.81020130138355,298.97955811822453,-0.013544026975766791,0.017251787726735447,-0.12769053052911367,-0.013583851642921614,0.01722044775932769,-0.12769053052911367,-1.6978934213127617e-18,2.7245118977756915e-22,1.8013093433803752e-19,-1.6978895186599203e-18,-3.6505878417096645e-21,1.8013093433803752e-19,-1545.4369657152477,-18.792980853624222,298.85186758769544,-1057185.4826448262,74.15895299853675,130917.30274855875,-0.06102994279132472,4709.1831562012485
32.66292041538622,2001.0,12.0,14.0,14.0,22.0,0.0,1.0,3476801.780573853,42298.26632222124,-672311.6230498622,491.4698179546995,-293.37802179722513,4663.115577359953,3541460.5296718073,4698.112401108676,3476890.392197605,34248.582151096045,-672311.6230498622,3541460.5296718073,493.21688559073675,-540.9652941012059,4663.115577359953,4720.228091254794,20255668.07714491,0.8266065625969624,1.6336281081657242,1.4901161193847656e-08,5.125219679450997e-07,6.091803084444521,-0.19099939793146675,0.00985002995388107,145260.52967180684,-0.08657991002526387,-0.08617324758736168,250.58081948757172,-16543149413.3759,-1040805549.8150084,-203992157.95955983,-16544737193.496914,-1897769012.5972967,16575858008.13355,16654472937.549349,-0.9817673705712072,-0.00967075077193361,0.18984021349862856,-0.009849870674596488,0.9999514888471809,0.0,0.1898310041310203,0.001869901551799278,0.9818149995486904,4670.933123284309,-545.79717378875,-0.11632220694052875,4.593536482843553e-10,188.64503296867426,0.0,-89.5,3.3,0.0,3.0233154562727035e-17,2.2937448835660463,1.5707963267948966,17.68016572370268,461.0,0.0024193586280047384,0.04130060222518021,0.0,0.005148688386428842,-1545.4730392741412,-18.80200090044844,298.84921631704464,-0.013574018941685109,0.017298109107406718,-0.1280331755350393,-0.013614031538388159,0.01726663586784484,-0.1280331755350393,-1.7024276948420983e-18,2.8286269135768458e-22,1.8052882520287e-19,-1.7024237870014255e-18,-3.65863750701884e-21,1.8052882520287e-19,-1545.4866533056795,-18.784734264580596,298.7211831415096,-1057185.5699078161,74.31249120350266,130873.20899093115,-0.060937397539642627,4709.2159675894845
32.75923909537024,2001.0,12.0,14.0,14.0,22.0,0.0,1.0,3476849.102746726,42270.00834946887,-671862.474907984,491.14690533872437,-293.38194531703334,4663.177970565176,3541421.412662726,4698.140806066392,3476937.882370625,34196.47661166734,-671862.474907984,3541421.412662727,492.88826061811363,-540.9751847631114,4663.177970565176,4720.256536794265,20255665.635280035,0.8266065417140923,1.6336281077620491,1.4901161193847656e-08,5.151148443652331e-07,6.091930381231552,-0.1908723590727861,0.009834910833803142,145221.41266272636,-0.08652235747380253,-0.08611596840597961,251.87682846188545,-16543149318.272104,-1040805537.1271001,-203996670.09227353,-16544733264.72621,-1897792155.2017028,16575857912.420742,16654471727.037512,-0.9817916246675603,-0.009656144419693806,0.18971548331008245,-0.009834752286839301,0.99995163765427,0.0,0.18970630822428827,0.0018658047833326565,0.981839108709987,4670.9851605773165,-545.7964558824648,-0.11632077108170766,4.6112583520686654e-10,188.60176582840793,0.0,-89.50176582840794,3.3,0.0,3.0232435648669087e-17,2.2937331428084913,1.5707963267948966,17.68230016955566,461.0,0.0024287354885327932,0.04153408571781688,0.0,0.005168614514511654,-1545.5452875943708,-18.79006257691344,298.65946186309617,-0.013617300568367002,0.017365183105548975,-0.12852896738185463,-0.013657586681673472,0.017333516235636302,-0.12852896738185463,-1.7089884106456672e-18,2.981030161017179e-22,1.811030302602662e-19,-1.7089844954880763e-18,-3.670254484016734e-21,1.811030302602662e-19,-1545.5589451810524,-18.7727290606778,298.53093289571433,-1057185.697353853,74.46602940846857,130829.18184018819,-0.06084485423266396,4709.2487282747325
32.78394664022858,2001.0,12.0,14.0,14.0,22.0,0.0,1.0,3476861.236757589,42262.75958946601,-671747.2590314542,491.0640697725789,-293.38295136903264,4663.193969183929,3541411.3825608995,4698.148089514525,3476950.059387999,34183.11041169697,-671747.2590314542,3541411.3825608995,492.80395970492714,-540.9777204187208,4663.193969183929,4720.263830647992,20255665.007343635,0.8266065363439639,1.6336281076582417,1.4901161193847656e-08,5.157610267364077e-07,6.0919630356924745,-0.1908397707727195,0.009831032532532855,145211.38256089995,-0.08650759395020305,-0.08610127500695983,252.20996204018593,-16543149293.815926,-1040805533.8643497,-203997826.56858632,-16544732257.263454,-1897798089.3033705,16575857887.807951,16654471416.575853,-0.9817978437946154,-0.009652397510220389,0.18968348674185767,-0.009830874173058807,0.999951675788882,0.0,0.18967432043699875,0.0018647544908662712,0.9818452906937282,4670.998503766719,-545.7962718169935,-0.11632040291336426,4.6165241555275254e-10,188.58922820112494,0.0,-89.48922820112494,3.3,0.0,3.023222851233125e-17,2.293729760015379,1.5707963267948966,17.682915253565373,461.0,0.0024315199725249274,0.04159412784148375,0.0,0.005174529017874422,-1545.5638135775052,-18.786999950656515,298.61078275217835,-0.013630506317060443,0.01738473249846369,-0.12867614440602007,-0.0136708681802882,0.017353010969274118,-0.12867614440602007,-1.7109356615750558e-18,3.0208199814665183e-22,1.8127813096661187e-19,-1.7109317439757485e-18,-3.673793531437808e-21,1.8127813096661187e-19,-1545.5774844456855,-18.76964693968724,298.4821066077723,-1057185.7301271707,74.61956761343448,130785.22129632985,-0.06075231286735835,4709.281438257044
32.82335214845252,2001.0,12.0,14.0,14.0,22.0,0.0,1.0,3476880.5847838153,42251.19865355463,-671563.5030005019,490.93195513320427,-293.3845555569339,4663.2194796064105,3541395.3892775956,4698.159703223267,3476969.475929426,34161.792830026425,-671563.5030005019,3541395.3892775956,492.66950799908136,-540.9817632245015,4663.2194796064105,4720.275460948676,20255664.004369862,0.8266065277665028,1.6336281074924424,1.4901161193847656e-08,5.168362020261532e-07,6.092015115939823,-0.19078779604147983,0.009824847147467623,145195.3892775951,-0.08648404775516787,-0.08607784065209034,252.7419162094593,-16543149254.753355,-1040805528.653043,-203999670.18717647,-16544730650.764389,-1897807551.4320076,16575857848.495241,16654470921.46885,-0.9818077604259512,-0.009646421558422777,0.18963245534057502,-0.00982468908670941,0.9999517365774958,0.0,0.18962330302926242,0.001863079914470457,0.9818551481158027,4671.019779996877,-545.795978331689,-0.11631981586202247,4.6249206292625714e-10,188.56923659699387,0.0,-89.46923659699388,3.3,0.0,3.0231898216273466e-17,2.293724365871402,1.5707963267948966,17.68389614772412,461.0,0.002435959963684096,0.04169003071182228,0.0,0.005183959920111127,-1545.593354283098,-18.78211524871494,298.53314254138854,-0.013651551329680505,0.017415903227186755,-0.1289108242695551,-0.01369203412720074,0.01738409446549362,-0.1289108242695551,-1.7140405875718084e-18,3.0844499327216933e-22,1.815571736753956e-19,-1.7140366661049012e-18,-3.6794333557402395e-21,1.815571736753956e-19,-1545.6070463172252,-18.764731154249446,298.404231717119,-1057185.7824744843,74.7731058184004,130741.32735935616,-0.06065977344069531,4709.314097536495
33.008744111446724,2001.0,12.0,14.0,14.0,22.0,1.0,1.0,3476971.5420042058,42196.806815638,-670698.968467541,490.3103585813913,-293.3920971758966,4663.339409717777,3541320.203076243,4698.21430126856,3477060.754258918,34061.49739725708,-670698.968467541,3541320.203076243,492.03691591249276,-541.0007628084775,4663.339409717777,4720.330136993278,20255659.26120293,0.8266064872027243,1.6336281067084741,1.4901161193847656e-08,5.219662156145928e-07,6.092260145312686,-0.1905432630537799,0.009795747132892385,145120.20307624293,-0.08637326643685571,-0.08596758551127173,255.25520998239517,-16543149070.02489,-1040805504.0102901,-204008330.3891703,-16544723097.26909,-1897852034.5162024,16575857662.583965,16654468592.816008,-0.9818543805325752,-0.009618304881797709,0.18939235370044316,-0.00979559047244475,0.9999520220527064,0.0,0.1893832670440795,0.0018552099354619473,0.9819014901505172,4671.1198041310645,-545.7945988279971,-0.1163170561273759,4.664393384972449e-10,188.47525384530368,0.0,-89.4,3.3,0.0,3.023034527224737e-17,2.29369900437081,1.5707963267948966,17.688509503019905,461.0,0.0024568337127284074,0.04214357348457634,0.0,0.005228303926350163,-1545.7322366139206,-18.75913098198799,298.1678176251025,-0.013750305969733615,0.017563120009697782,-0.13001420287558482,-0.013791361388831944,0.017530899856509758,-0.13001420287558482,-1.7286390889573277e-18,3.386514931155612e-22,1.828666686821228e-19,-1.7286351497073412e-18,-3.705907760779251e-21,1.828666686821228e-19,-1545.7460279753095,-18.74160008213148,298.0378034222269,-1057186.03003042,74.92664402336632,130697.50002926709,-0.06056723594964426,4709.346706113184
33.167681842956995,2001.0,12.0,14.0,14.0,22.0,1.0,1.0,3477049.428468061,42150.175228034175,-669957.779718766,489.7774153581163,-293.3985552475807,4663.442109247101,3541255.8212994896,4698.261054381216,3477138.914388737,33975.510670744006,-669957.779718766,3541255.8212994896,491.49454577021885,-541.017024097522,4663.442109247101,4720.37695689489,20255655.162553612,0.8266064521507956,1.6336281060310793,1.4901161193847656e-08,5.266248299799113e-07,6.092470218830002,-0.19033361504130958,0.009770800161550698,145055.8212994896,-0.0862782889374636,-0.08587305910805088,257.42419573664665,-16543148910.401241,-1040805482.7170336,-204015737.10930818,-16544716627.690287,-1897890126.0207114,16575857501.938284,16654466597.342787,-0.9818943024321739,-0.009594198325461968,0.1891864958439857,-0.009770644694961977,0.9999522661118604,0.0,0.18917746523695556,0.001848474031976485,0.9819411743023477,4671.205457471813,-545.7934178276447,-0.11631469304985508,4.698193817767965e-10,188.39477662436198,0.0,-89.4,3.3,0.0,3.022901524637523e-17,2.2936772833999464,1.5707963267948966,17.692462615092918,461.0,0.0024747089814235916,0.0425354776393069,0.0,0.005266294641860282,-1545.8511719828307,-18.73942235104951,297.85455751014865,-0.013834650811435837,0.0176908553877889,-0.13095928578042684,-0.013876203803655927,0.0176582812137939,-0.13095928578042684,-1.741144749813669e-18,3.6489142759389586e-22,1.8398531057746423e-19,-1.7411407958330486e-18,-3.728543323508627e-21,1.8398531057746423e-19,-1545.8650481866343,-18.721764069835714,297.72359822436823,-1057186.2439477053,75.08018222833223,130653.73930606266,-0.060474700391174675,4709.379263987226
33.197908234349086,2001.0,12.0,14.0,14.0,22.0,1.0,1.0,3477064.231140065,42141.30682991882,-669816.8203973363,489.676056868258,-293.3997826541454,4663.461628134996,3541243.5852539404,4698.269940118283,3477153.768936302,33959.15763172653,-669816.8203973363,3541243.5852539404,491.39139445262566,-541.0201137904272,4663.461628134996,4720.385855325327,20255654.37984301,0.8266064454569908,1.63362810590172,1.4901161193847656e-08,5.270462984987378e-07,6.092510170961794,-0.19029374382569195,0.009766055876050072,145043.5852539409,-0.0862602259345126,-0.08585508189355616,257.8381204903126,-16543148879.918608,-1040805478.6507483,-204017143.85076463,-16544715397.962296,-1897897365.5598216,16575857471.260477,16654466217.947504,-0.9819018898941281,-0.009589613595951302,0.18914734450533544,-0.009765900635814602,0.9999523124553348,0.0,0.18913832453289603,0.0018471941719672988,0.9819487166174107,4671.221736577242,-545.7931934011048,-0.11631424394441506,4.703660214827579e-10,188.38176139326768,0.0,-89.38176139326767,3.3,0.0,3.0228798453803944e-17,2.2936737429085743,1.5707963267948966,17.693107141007445,461.0,0.002477602054639026,0.04261032118127607,0.0,0.0052724363540481,-1545.8737773038988,-18.735673786598216,297.7949757085194,-0.01384782639397857,0.01771101024749111,-0.13111218306750616,-0.013889464610158237,0.017678375283596243,-0.13111218306750616,-1.7431670197666564e-18,3.6985248269678853e-22,1.8416003884335322e-19,-1.7431630638686942e-18,-3.7320713997781945e-21,1.8416003884335322e-19,-1545.887666768509,-18.71799541131462,297.6638635254519,-1057186.2847990599,75.23372043329815,130610.04518974286,-0.06038216676225582,4709.411771158768
33.252827497058746,2001.0,12.0,14.0,14.0,22.0,1.0,1.0,3477091.11873099,42125.19346895184,-669560.7055494192,489.49189170733166,-293.402012134429,4663.497082579893,3541221.3596863104,4698.286080264049,3477180.750642854,33929.44505186437,-669560.7055494192,3541221.3596863104,491.2039718156742,-541.0257252267184,4663.497082579893,4720.40201852721,20255652.955263812,0.8266064332738655,1.6336281056662898,1.4901161193847656e-08,5.287288129094356e-07,6.092582761926238,-0.19022129987636258,0.009757435893696185,145021.3596863104,-0.08622740636975232,-0.08582241820055324,258.59122291207314,-16543148824.43871,-1040805471.2500799,-204019698.29026344,-16544713164.16349,-1897910515.5319123,16575857415.425364,16654465528.701357,-0.9819156718717155,-0.009581283293419963,0.18907620776599246,-0.009757281064163792,0.9999523966000756,0.0,0.189067207095658,0.0018448697017190172,0.9819624166213446,4671.251306213904,-545.7927857755901,-0.11631342819535453,4.714032146388478e-10,188.3570663181227,0.0,-89.35706631812268,3.3,0.0,3.022838800475496e-17,2.293667039766913,1.5707963267948966,17.69432754233633,461.0,0.002483090318101444,0.04274654124009704,0.0,0.005284091081809864,-1545.9148385513463,-18.72886255689095,297.6867141743249,-0.013873046531432405,0.017749523666873428,-0.1314022666635646,-0.013914844273495335,0.017716775082067353,-0.1314022666635646,-1.7470041486843397e-18,3.7892505283431166e-22,1.8449450074226678e-19,-1.7470001889704828e-18,-3.738828905814072e-21,1.8449450074226678e-19,-1545.9287533956199,-18.71114578180888,297.55531190766135,-1057186.3591509257,75.38725863826406,130566.4176803077,-0.06028963505985699,4709.444227627969
33.3668259562711,2001.0,12.0,14.0,14.0,22.0,1.0,1.0,3477146.898262077,42091.74582797073,-669029.0698744614,489.10959592617104,-293.4066373650647,4663.570635731322,3541175.251734587,4698.319564071008,3477236.7249630173,33867.76828929435,-669029.0698744614,3541175.251734587,490.8149142087853,-541.0373635826372,4663.570635731322,4720.43555016459,20255649.988204252,0.8266064078992792,1.6336281051759969,1.4901161193847656e-08,5.320778808402221e-07,6.092733445254031,-0.1900709216984034,0.009739543228452207,144975.25173458643,-0.08615927988815966,-0.0857546152694742,260.1586480438709,-16543148708.888428,-1040805455.8371866,-204024994.43331704,-16544708529.557695,-1897937796.0140676,16575857299.135311,16654464098.370485,-0.981944263633874,-0.009563991014764033,0.18892853990966657,-0.009739389249110584,0.9999525710237732,0.0,0.18891957922243863,0.0018400485904463664,0.9819908384540059,4671.312650801464,-545.7919402331303,-0.11631173591392334,4.735549190526329e-10,188.3058352606516,0.0,-89.30583526065159,3.3,0.0,3.022753644302889e-17,2.2936531327085405,1.5707963267948966,17.696860074625597,461.0,0.0024944763218491916,0.04303025694830969,0.0,0.005308269748546917,-1546.000025744288,-18.71472274185181,297.46196796188286,-0.013925285455456375,0.01782941383404082,-0.13200407190611146,-0.013967415160607578,0.01779642903541777,-0.13200407190611146,-1.754964348920251e-18,3.978720784110298e-22,1.8518726730028144e-19,-1.7549603814859313e-18,-3.7528253391005445e-21,1.8518726730028144e-19,-1546.0139931594485,-18.69692631281639,297.32996388997674,-1057186.5140082035,75.54079684322997,130522.85677775717,-0.060197105280947384,4709.476633395014
33.41408187583384,2001.0,12.0,14.0,14.0,22.0,1.0,1.0,3477170.0078412616,42077.88058223627,-668808.687835554,488.95111621367187,-293.40855363637735,4663.601109468677,3541156.14911139,4698.333436616761,3477259.915062356,33842.20095724895,-668808.687835554,3541156.14911139,490.65363145637775,-541.0421842598782,4663.601109468677,4720.449442526369,20255648.75417289,0.8266063973457082,1.6336281049720942,1.4901161193847656e-08,5.337445345095554e-07,6.092795909342854,-0.19000858409713384,0.009732126251860642,144956.14911138965,-0.08613103878540511,-0.0857265082886216,260.81013426184654,-16543148660.830313,-1040805449.4270855,-204027187.3874431,-16544706609.23185,-1897949098.4808064,16575857250.769535,16654463505.59445,-0.9819561094291004,-0.00955682255518194,0.18886732458928238,-0.009731972624030805,0.9999526432330909,0.0,0.18885838044341505,0.0018380516324768361,0.9820026138979909,4671.338066401326,-545.791589960485,-0.11631103480881311,4.745444852628053e-10,188.3,0.0,-89.3,3.3,0.0,3.022742674785068e-17,2.29365134125033,1.5707963267948966,17.697186361117044,461.0,0.002499710838828613,0.04314825788589662,0.0,0.005319391584836743,-1546.0353204699063,-18.70886078159855,297.36879465172876,-0.01394981448986346,0.017866678165711414,-0.13228104175912705,-0.013992091996584159,0.017833588380857034,-0.13228104175912705,-1.758641395423945e-18,4.058525301578162e-22,1.8551390381081964e-19,-1.758637423997251e-18,-3.759432306936668e-21,1.8551390381081964e-19,-1546.049312561903,-18.691027193217693,297.2365136099696,-1057186.5784149952,75.6943350481959,130479.36248209127,-0.06010457742249614,4709.508988460112
33.471373042978016,2001.0,12.0,14.0,14.0,22.0,1.0,1.0,3477198.0149174887,42061.07079721451,-668541.5036268341,488.75897696001124,-293.4108760351455,4663.638041748243,3541132.998165186,4698.350249201958,3477288.019580321,33811.203851688864,-668541.5036268341,3541132.998165186,490.45809386950873,-541.048025678704,4663.638041748243,4720.4662791269175,20255647.2545309,0.8266063845205949,1.633628104724303,1.4901161193847656e-08,5.351985989829356e-07,6.092871639179923,-0.18993300760289702,0.009723134281166692,144932.9981651865,-0.08609679998185966,-0.08569243208913109,261.6015529036522,-16543148602.428637,-1040805441.6372986,-204029844.10152978,-16544704281.771666,-1897962796.302676,16575857191.993977,16654462787.034197,-0.9819704657752347,-0.009548131592122608,0.1887931077350764,-0.009722981078774192,0.9999527307022776,0.0,0.18878418361745894,0.0018356318143111256,0.9820168850237413,4671.368868516554,-545.7911654851209,-0.11631018513040174,4.757888486212258e-10,188.3,0.0,-89.3,3.3,0.0,3.022740552743807e-17,2.2936509946946915,1.5707963267948966,17.697249482322178,461.0,0.002506292437231844,0.04329165762755857,0.0,0.005333378081376861,-1546.0780961988607,-18.701753533523174,297.2558280325104,-0.013980854760536269,0.017913755958121204,-0.1326294141160621,-0.014023316294156313,0.017880535575770167,-0.1326294141160621,-1.7632720049413653e-18,4.1560547563493776e-22,1.8592779756902967e-19,-1.7632680283398915e-18,-3.7678073471561876e-21,1.8592779756902967e-19,-1546.092119515155,-18.683872997947404,297.1231986183943,-1057186.6566845924,75.84787325316181,130435.93479331,-0.06001205148147234,4709.541292823494
33.551378956506134,2001.0,12.0,14.0,14.0,22.0,1.0,1.0,3477237.1077921023,42037.59606235202,-668168.3829425831,488.49064962190005,-293.41411772852075,4663.689593336895,3541100.6835803455,4698.373716750221,3477327.2482044906,33767.91648398958,-668168.3829425831,3541100.6835803455,490.1850207553857,-541.0561776404319,4663.689593336895,4720.48978019598,20255645.153706357,0.8266063665540786,1.6336281043771754,1.4901161193847656e-08,5.376821325024644e-07,6.092977395959438,-0.18982746495329325,0.00971057731461666,144900.68358034594,-0.08604898541895874,-0.08564484459954119,262.70970076322556,-16543148520.615349,-1040805430.7247342,-204033550.60005075,-16544701032.738909,-1897981916.1610136,16575857109.656923,16654461783.755026,-0.9819905049095146,-0.009535994455217644,0.1886894620197609,-0.009710424705016934,0.9999528527145909,0.0,0.18868056582384135,0.0018322548135730407,0.9820368052790553,4671.411863342344,-545.7905730459746,-0.11630899914649716,4.77525757556405e-10,188.3,0.0,-89.3,3.3,0.0,3.022737590756523e-17,2.2936505109654592,1.5707963267948966,17.697337588932353,461.0,0.002515479407674148,0.04349254310591902,0.0,0.005352901063406895,-1546.1378056169722,-18.691827595998266,297.09805956875,-0.0140241289782442,0.01797947008987962,-0.1331156928569342,-0.01406684807118385,0.017946067080381028,-0.1331156928569342,-1.7697356755711074e-18,4.293008680411202e-22,1.8650483230709927e-19,-1.769731691865645e-18,-3.779483393410655e-21,1.8650483230709927e-19,-1546.1518724650434,-18.673881528917885,296.964943875893,-1057186.7663312461,76.00141145812772,130392.57371141338,-0.059919527454845016,4709.57354648541
33.59276336180611,2001.0,12.0,14.0,14.0,22.0,1.0,1.0,3477257.320815017,42025.453258903086,-667975.3783707512,488.35184872166764,-293.4157938684993,4663.716248485679,3541083.975281128,4698.385850760949,3477347.531297151,33745.52510864078,-667975.3783707512,3541083.975281128,490.04376498838826,-541.0603918839508,4663.716248485679,4720.501931538525,20255644.063997813,0.8266063572347446,1.6336281041971181,1.4901161193847656e-08,5.385074317333957e-07,6.093032101187922,-0.18977287048247377,0.009704082072656368,144883.97528112773,-0.08602425216961626,-0.08562022880776483,263.2842566072941,-16543148478.178686,-1040805425.0643405,-204035466.2272595,-16544699352.678432,-1897991802.176074,16575857066.948582,16654461264.872072,-0.9820008662802421,-0.009529716138957624,0.18863584795887828,-0.009703929769084883,0.9999529157650557,0.0,0.18862696618429406,0.0018305090205247287,0.9820471052168704,4671.43409413754,-545.7902667485656,-0.1163083859389543,4.783878476794523e-10,188.2933058679197,0.0,-89.29330586791971,3.3,0.0,3.02272548386016e-17,2.2936485337592356,1.5707963267948966,17.697697727410826,461.0,0.002520039967920511,0.043596743014096224,0.0,0.0053625902287113714,-1546.168679430498,-18.686692865328794,297.01644525562983,-0.014045408488411532,0.01801188556265251,-0.1333569740621754,-0.014088257349917551,0.017978390527823306,-0.1333569740621754,-1.772937626727133e-18,4.363879549743192e-22,1.8678808166530365e-19,-1.77293363972531e-18,-3.78521196919522e-21,1.8678808166530365e-19,-1546.182767687848,-18.66871447480097,296.88308828156767,-1057186.823205538,76.15494966309363,130349.27923640139,-0.05982700533958311,4709.6057494461365
33.617338812490345,2001.0,12.0,14.0,14.0,22.0,1.0,1.0,3477269.321268965,42018.24242130285,-667860.7652476222,488.2694227699659,-293.41678899732835,4663.732073731955,3541074.0555785676,4698.393054740502,3477359.57331279,33732.228274920904,-667860.7652476222,3541074.0555785666,489.9598812432549,-541.0628936381653,4663.732073731955,4720.509145807915,20255643.416016873,0.8266063516931222,1.6336281040900522,1.4901161193847656e-08,5.395372805068461e-07,6.093064587234502,-0.1897404502060861,0.009700224999150428,144874.0555785671,-0.08600956461819641,-0.08560561100661482,263.6258189380169,-16543148452.944382,-1040805421.6985172,-204036603.26808128,-16544698355.18548,-1897997671.5166447,16575857041.552729,16654460956.7717,-0.9820070178522807,-0.00952598780637743,0.18860400962117188,-0.009700072877114123,0.999952953186388,0.0,0.18859513640348477,0.0018294726382413005,0.9820532203270945,4671.447292627054,-545.7900849079776,-0.11630802188044546,4.788617890240162e-10,188.28228397618568,0.0,-89.28228397618567,3.3,0.0,3.0227071618788194e-17,2.2936455415526087,1.5707963267948966,17.69824277215072,461.0,0.002522547902551053,0.04365870462087311,0.0,0.00536791594372022,-1546.187009502254,-18.683643569554203,296.9679780239933,-0.01405690674854552,0.018029484797380903,-0.13348953185053175,-0.014099828831889904,0.017995937772389073,-0.13348953185053175,-1.7746910510169718e-18,4.405735582972543e-22,1.86940575638822e-19,-1.7746870624144573e-18,-3.788292957019516e-21,1.86940575638822e-19,-1546.201109331086,-18.665647631781813,296.8344884921427,-1057186.8570250962,76.30848786805954,130306.05136827403,-0.05973448513265555,4709.63790170597
33.654805737503125,2001.0,12.0,14.0,14.0,22.0,1.0,1.0,3477287.612868666,42007.24896805542,-667686.029095835,488.14375698953506,-293.4183058234234,4663.756195396742,3541058.9355481635,4698.4040353913415,3477377.928207137,33711.956240623906,-667686.029095835,3541058.935548164,489.83199294300346,-541.0667065757818,4663.756195396742,4720.520142142895,20255642.42688665,0.8266063432339388,1.633628103926624,1.4901161193847656e-08,5.403597463509132e-07,6.093114114743243,-0.18969102296642765,0.009694344659452701,144858.93554816395,-0.08598717229228427,-0.08558332501971491,264.14707297086716,-16543148414.424856,-1040805416.5607615,-204038336.0133915,-16544696834.704138,-1898006617.8457034,16575857002.786612,16654460487.095291,-0.9820163943893329,-0.009520303630700576,0.18855546921092847,-0.00969419281389997,0.9999530102088232,0.0,0.18854660902880502,0.00182789307464612,0.9820625413030712,4671.467410446621,-545.7898077502335,-0.11630746697031762,4.795841904766115e-10,188.2654839424044,0.0,-89.26548394240439,3.3,0.0,3.0226792339401735e-17,2.293640980574102,1.5707963267948966,17.699073643113124,461.0,0.0025263706458700575,0.04375328804259249,0.0,0.005376033673539831,-1546.2149494259218,-18.678994541115944,296.89408373646756,-0.014074422846617756,0.018056309351254657,-0.13369158371629916,-0.014117456663449886,0.01802268301916273,-0.13369158371629916,-1.7773636824133083e-18,4.469689125697049e-22,1.8717287903899312e-19,-1.7773596913954547e-18,-3.792986377390262e-21,1.8717287903899312e-19,-1546.2290668825851,-18.660971858096783,296.76039215275125,-1057186.908649996,76.46202607302546,130262.8901070313,-0.05964196683103119,4709.670003265229
33.746258580906364,2001.0,12.0,14.0,14.0,22.0,1.0,1.0,3477332.2409769343,41980.41486043531,-667259.5126393517,487.83701042935553,-293.42200664127756,4663.8150485661145,3541022.045480263,4698.43082634594,3477422.7104613176,33662.4737264626,-667259.5126393517,3541022.045480263,489.5198213642642,-541.0760077006628,4663.8150485661145,4720.546971363545,20255640.006243546,0.826606322532232,1.6336281035267057,1.4901161193847656e-08,5.432285706269267e-07,6.0932350079791515,-0.18957037446673475,0.0096799915070093,144822.04548026342,-0.08593251411920565,-0.08552892640920233,265.4220272600651,-16543148320.158888,-1040805403.9879614,-204042561.66175258,-16544693124.70588,-1898028445.3892848,16575856907.917202,16654459340.884241,-0.9820392716560115,-0.00950642873557626,0.1884369834666907,-0.009679840334910133,0.9999531492480488,0.0,0.18842815505231986,0.0018240399131496663,0.9820852830900044,4671.516494817591,-545.789131594419,-0.11630611310910047,4.813467159429699e-10,188.22449497807045,0.0,-89.22449497807047,3.3,0.0,3.022611090901507e-17,2.293629851971355,1.5707963267948966,17.70110127386502,461.0,0.0025356976491478504,0.04398475834378835,0.0,0.005395839679222985,-1546.2831199479597,-18.6676458758127,296.7137016303802,-0.01411710798150336,0.018121751497566743,-0.13418456125865053,-0.01416041504445365,0.018087931359605472,-0.13418456125865053,-1.783884345622248e-18,4.626508853269114e-22,1.8773897489948915e-19,-1.783880348836152e-18,-3.804423499836575e-21,1.8773897489948915e-19,-1546.2972803630041,-18.649557944453093,296.57951706912155,-1057187.034988746,76.61556427799138,130219.79545267322,-0.05954945043167876,4709.702054124261
33.82039224588334,2001.0,12.0,14.0,14.0,22.0,1.0,1.0,3477368.3969051978,41958.66230055956,-666913.7651696153,487.58834506469435,-293.42500494296223,4663.862729891808,3540992.1586060864,4698.452531530203,3477458.990979514,33622.36149970869,-666913.7651696153,3540992.158606086,489.26675827803325,-541.0835412965322,4663.862729891808,4720.568707549098,20255638.037446685,0.8266063056947603,1.6336281032014723,1.4901161193847656e-08,5.450648414543899e-07,6.09333300850874,-0.18947257231527725,0.009668356676491978,144792.15860608593,-0.08588820613140866,-0.08548482882864135,266.45827227830887,-16543148243.489695,-1040805393.7626666,-204045983.1079387,-16544690118.692064,-1898046129.3692758,16575856830.757248,16654458411.968342,-0.9820578061795026,-0.009495181009647918,0.18834093251201842,-0.009668206048838456,0.9999532618036691,0.0,0.18833212979653752,0.001820918942956572,0.9821037079354213,4671.556261683642,-545.7885838596269,-0.11630501628144936,4.828312766652742e-10,188.1901982576074,0.0,-89.2,3.3,0.0,3.022554158933785e-17,2.2936205542754378,1.5707963267948966,17.702795682628146,461.0,0.0025435525614031632,0.04417302103735581,0.0,0.005412523500580273,-1546.3383513952467,-18.658445491809662,296.5674655216276,-0.01415330106653592,0.01817715068377934,-0.1345997652067913,-0.014196835879831692,0.01814316921218424,-0.1345997652067913,-1.7893767450965655e-18,4.754894788664233e-22,1.8821898240159373e-19,-1.7893727432898822e-18,-3.814125570106682e-21,1.8821898240159373e-19,-1546.3525482311265,-18.640302322597478,296.43286575642077,-1057187.1377446558,76.7691024829573,130176.76740519976,-0.05945693593156708,4709.734054283426
33.86595829559336,2001.0,12.0,14.0,14.0,22.0,1.0,1.0,3477390.6108976877,41945.292040226115,-666701.2507011513,487.435499184341,-293.4268471017846,4663.892025380381,3540973.796284041,4698.46586716046,3477481.2813890795,33597.70635472577,-666701.2507011513,3540973.796284041,489.1112093133719,-541.0881690899075,4663.892025380381,4720.582062226201,20255636.824124906,0.8266062953182245,1.6336281030010404,1.4901161193847656e-08,5.466919043017737e-07,6.093393245077563,-0.18941245767397294,0.009661205425839666,144773.79628404044,-0.0858609719584722,-0.08545772398200514,267.0966064631939,-16543148196.240677,-1040805387.4611177,-204048084.3329601,-16544688271.661255,-1898056994.376558,16575856783.205788,16654457841.102701,-0.9820691938015492,-0.009488267433660139,0.1882818933596174,-0.009661055132175545,0.9999533309178649,0.0,0.18827310641647163,0.0018190017521376603,0.9821150282084669,4671.580694500606,-545.7882473606435,-0.1163043424045002,4.838412043777768e-10,188.1672453550505,0.0,-89.2,3.3,0.0,3.0225162054545083e-17,2.293614356001894,1.5707963267948966,17.703925440505156,461.0,0.002548893969619238,0.04428904392305103,0.0,0.0054238752853199585,-1546.372286335293,-18.652790097831904,296.4775754896269,-0.014178387307730663,0.018215307576816487,-0.13488216741683243,-0.014222072243508027,0.018181219922394774,-0.13488216741683243,-1.793113395939482e-18,4.835062304956213e-22,1.8855171084565608e-19,-1.7931093902826527e-18,-3.820858027958027e-21,1.8855171084565608e-19,-1546.3865084075364,-18.63460887790951,296.34269332221004,-1057187.2010706402,76.9226406879232,130133.80596461093,-0.05936442332766476,4709.766003743118
33.95603907471252,2001.0,12.0,14.0,14.0,22.0,1.0,1.0,3477434.5058572595,41918.85975725053,-666281.1210661251,487.1333240771693,-293.4304872603688,4663.949914211527,3540937.5122443493,4698.492218632914,3477525.327057236,33548.964299025334,-666281.1210661251,3540937.51224435,488.803690321425,-541.0973118296292,4663.949914211527,4720.608451334934,20255634.418038655,0.8266062747409412,1.6336281026035702,1.4901161193847656e-08,5.491234592404517e-07,6.093512330240695,-0.18929361354125157,0.009647068067755945,144737.5122443498,-0.08580713109326935,-0.08540413878570624,268.3618557751179,-16543148102.543976,-1040805374.9647896,-204052234.36738726,-16544684621.565626,-1898078463.8459477,16575856688.909327,16654456712.734169,-0.9820916960641529,-0.009474599363308453,0.18816517342149217,-0.009646918432904366,0.999953467399733,0.0,0.1881564176066932,0.0018152140799104395,0.9821373974710768,4671.628974503937,-545.7875824949458,-0.11630301083727332,4.858368265607611e-10,188.12189030543723,0.0,-89.2,3.3,0.0,3.0224412038065655e-17,2.2936021073032498,1.5707963267948966,17.70615844737466,461.0,0.0025594488786716205,0.04451912535157328,0.0,0.00544630684384821,-1546.439344316545,-18.64160888963141,296.2998550386746,-0.014227897905089793,0.018290707398742466,-0.13544020615062102,-0.014271880265233504,0.01825640954949547,-0.13544020615062102,-1.8004969571764443e-18,4.994399101946787e-22,1.8920838001304533e-19,-1.800492944050028e-18,-3.8341450052425745e-21,1.8920838001304533e-19,-1546.4536161968101,-18.623352480081916,296.16441483252396,-1057187.326649703,77.07617889288912,130090.91113090674,-0.059271912616940446,4709.797902503745
34.206137294041326,2001.0,12.0,14.0,14.0,22.0,2.0,1.0,3477556.2321178755,41845.47205211107,-665114.6554157153,486.29430330394865,-293.4405821816703,4664.110452798736,3540836.892024526,4698.565295981681,3477647.4692181116,33413.63365457121,-665114.6554157153,3540836.892024526,487.9498323320393,-541.1226532381628,4664.110452798736,4720.681633051186,20255627.685882185,0.826606217166168,1.6336281014914227,1.4901161193847656e-08,5.563543648300978e-07,6.093842968304401,-0.1889636445886098,0.009607818447536881,144636.89202452544,-0.08565764243345382,-0.08525535996041651,271.8978000879288,-16543147840.389004,-1040805340.0001714,-204063729.051865,-16544674496.920946,-1898138002.509639,16575856425.076212,16654453581.284262,-0.9821540995156417,-0.009436648643667535,0.18784108833531335,-0.009607670631651572,0.9999538452673872,0.0,0.18783241858010752,0.0018047153078166588,0.9821994326678289,4671.762865455989,-545.7857391406077,-0.11629931835125684,4.913709386510994e-10,187.99611503065682,0.0,-89.2,3.3,0.0,3.022233177348148e-17,2.293568134004408,1.5707963267948966,17.712355026991975,461.0,0.0025887207785074144,0.045162900559467915,0.0,0.0055085149940222525,-1546.6253210322575,-18.610559348720525,295.8063360571769,-0.014364779976481997,0.018499811805190832,-0.13698779134035605,-0.014409592569987622,0.01846492844738841,-0.13698779134035605,-1.820971951810562e-18,5.442698182466805e-22,1.9102381361340736e-19,-1.820967918942662e-18,-3.870877424363886e-21,1.9102381361340736e-19,-1546.6397306248275,-18.592094420273135,295.66934826583656,-1057187.678016279,77.22971709785503,130048.08290408718,-0.05917940379636273,4709.829750565742
34.24205046744396,2001.0,12.0,14.0,14.0,22.0,2.0,1.0,3477573.694325041,41834.93364374817,-664947.151997127,486.1738147626273,-293.44203038235025,4664.13348348666,3540822.457577276,4698.575779439677,3477664.9908423196,33394.200157794796,-664947.151997127,3540822.457577276,487.8272131522372,-541.1262870644271,4664.13348348666,4720.692131480872,20255626.712769896,0.8266062088438977,1.6336281013307097,1.4901161193847656e-08,5.575503985247001e-07,6.0938904482371425,-0.18891626073011955,0.00960218247102407,144622.45757727604,-0.08563617568057684,-0.08523399513728477,272.4082502126694,-16543147802.495815,-1040805334.9469132,-204065376.34404433,-16544673044.189266,-1898146543.7468743,16575856386.9405,16654453131.774803,-0.9821630518074125,-0.009431198699706619,0.18779454772553078,-0.009602034915113189,0.9999538994001118,0.0,0.1877858902842249,0.0018032098041284366,0.9822083322007421,4671.782073277629,-545.7854747512083,-0.11629878866090522,4.920576295553934e-10,187.98050841919562,0.0,-89.1805084191956,3.3194915808043928,0.0,3.0222071824024176e-17,2.2935638887076006,1.5707963267948966,17.713129666253774,461.0,0.0025923554506231774,0.04525593288529426,0.0,0.0055162762984621375,-1546.6520022587076,-18.606099991511936,295.7354565083317,-0.01438138932370055,0.01852527025184415,-0.13718100359973032,-0.014426310664346586,0.018490309824323384,-0.13718100359973032,-1.8235270675249753e-18,5.505988154991821e-22,1.9124406443904815e-19,-1.823523032632678e-18,-3.875385582563152e-21,1.9124406443904815e-19,-1546.6664285693719,-18.587609681687614,295.598275504732,-1057187.728805244,77.38325530282096,130005.32128415225,-0.0590868968629001,4709.861547929568
34.29033807721052,2001.0,12.0,14.0,14.0,22.0,2.0,1.0,3477597.1665850054,41820.76398249498,-664721.9313921216,486.01180675514536,-293.4439770322757,4664.164441028164,3540803.0551576586,4698.589871111702,3477688.5428717732,33368.07034488654,-664721.9313921216,3540803.0551576586,487.6623403345326,-541.1311709610166,4664.164441028164,4720.706243277351,20255625.402439322,0.826606197637651,1.6336281011142642,1.4901161193847656e-08,5.587438720242058e-07,6.093954288717679,-0.1888525494218387,0.009594604580612214,144603.0551576591,-0.08560731193696365,-0.0852052684449286,273.0955047905445,-16543147751.471733,-1040805328.1418903,-204067589.92934105,-16544671091.367949,-1898158024.7187488,16575856335.589811,16654452527.465742,-0.9821750853400472,-0.009423870750529723,0.18773196956658297,-0.009594457373771004,0.9999539721345693,0.0,0.18772332866475072,0.0018011863797006559,0.9822202948436015,4671.807892162999,-545.7851193854323,-0.11629807667010326,4.930061922922216e-10,187.9589501751768,0.0,-89.15895017517678,3.341049824823219,0.0,3.022171321971535e-17,2.2935580322547997,1.5707963267948966,17.714198408364656,461.0,0.002597375651293678,0.0453812336395997,0.0,0.005526986094831701,-1546.6878672758403,-18.60010379392237,295.6401495478464,-0.014404406907895143,0.01856057043765219,-0.13744758194821088,-0.014449477267828467,0.018525504582217838,-0.13744758194821088,-1.8270526129380967e-18,5.5917613649899365e-22,1.9154929853100001e-19,-1.827048575204565e-18,-3.881618843669154e-21,1.9154929853100001e-19,-1546.702316753108,-18.58157828934015,295.5027019658982,-1057187.797194412,77.53679350778687,129962.62627110197,-0.05899439181352105,4709.893294595702
34.376856916695814,2001.0,12.0,14.0,14.0,22.0,2.0,1.0,3477639.2032050085,41795.37539931669,-664318.3908988412,485.7215211364274,-293.44746334263397,4664.219883853647,3540768.3072406137,4698.615108175284,3477730.722071973,33321.25192561263,-664318.3908988412,3540768.307240614,487.36692164217385,-541.1399158368545,4664.219883853647,4720.73151638161,20255623.0483368,0.8266061775048064,1.6336281007254407,1.4901161193847656e-08,5.613210261415723e-07,6.094068676000356,-0.18873839357219255,0.009581027110904848,144568.30724061374,-0.08555559477837167,-0.08515379684672858,274.3294951915741,-16543147659.804043,-1040805315.9168326,-204071552.35353443,-16544667593.739449,-1898178586.22152,16575856243.335388,16654451444.914125,-0.9821966365210246,-0.009410740560875755,0.1876198421513089,-0.009580880528121645,0.999954102310854,0.0,0.1876112308341162,0.001797563292356732,0.9822417191461162,4671.85413198029,-545.784483014825,-0.1162968015774113,4.947049793477734e-10,187.9203413784597,0.0,-89.1203413784597,3.3796586215403024,0.0,3.0221070953134193e-17,2.2935475432455346,1.5707963267948966,17.71611287817234,461.0,0.0026063665805754524,0.045606344008346636,0.0,0.005546167069767442,-1546.7521004143046,-18.589359306427877,295.46937057750324,-0.014445579344596105,0.018623785745527085,-0.13792501934491344,-0.014490917230031961,0.018588530763045324,-0.13792501934491344,-1.8333666306116793e-18,5.746162529560016e-22,1.9209527601341523e-19,-1.8333625879172864e-18,-3.89276887195746e-21,1.9209527601341523e-19,-1546.7665913315345,-18.570770775664833,295.33144555815835,-1057187.920060467,77.69033171275278,129919.99786493632,-0.05890188864519398,4709.924990564651
34.44062565331423,2001.0,12.0,14.0,14.0,22.0,2.0,1.0,3477670.1702307216,41776.66254342195,-664020.9581871821,485.50755831380957,-293.4500316302164,4664.26072742885,3540742.70956782,4698.6336996704395,3477761.7939021667,33286.743911468984,-664020.9581871821,3540742.70956782,487.14917542146463,-541.1463564867231,4664.26072742885,4720.750134426496,20255621.30799777,0.8266061626209954,1.6336281004380209,1.4901161193847656e-08,5.6329542909372e-07,6.094152986613221,-0.1886542535288572,0.009571019947169176,144542.70956781972,-0.08551747594440215,-0.08511585900325268,275.2411756813526,-16543147592.036613,-1040805306.8796221,-204074469.7835701,-16544665016.893839,-1898193733.347825,16575856175.134232,16654450647.192455,-0.9822125127884989,-0.009401062613649194,0.18753719562645993,-0.0095708738232121,0.9999541981382248,0.0,0.18752860607374813,0.001794894836499892,0.9822575020108336,4671.88819586721,-545.7840142671438,-0.11629586227091594,4.960100868101418e-10,187.89088695977463,0.0,-89.1,3.4,0.0,3.0220581771762113e-17,2.29353955430746,1.5707963267948966,17.71757131888167,461.0,0.0026132728094645998,0.045772761844669496,0.0,0.005560883104232213,-1546.7994207489282,-18.58143937172207,295.34348664840155,-0.014477369642172971,0.018672582417005108,-0.13829125804163256,-0.014522910578268827,0.01863718418140378,-0.13829125804163256,-1.8382105466541413e-18,5.861436721669417e-22,1.925168572265401e-19,-1.838206500052548e-18,-3.9013535450610034e-21,1.925168572265401e-19,-1546.8139436595065,-18.562802187540665,295.2051953903599,-1057188.010892801,77.84386991771869,129877.43606565529,-0.05880938735488728,4709.956635836941
34.484573354953845,2001.0,12.0,14.0,14.0,22.0,2.0,1.0,3477691.503931758,41763.76605010431,-663815.97403003,485.36009706731653,-293.4518009831766,4664.288865557291,3540725.074903622,4698.646507738924,3477783.199691206,33262.96167535958,-663815.97403003,3540725.074903622,486.99910672666607,-541.1507928562215,4664.288865557291,4720.762960785386,20255620.105744768,0.8266061523390209,1.6336281002394695,1.4901161193847656e-08,5.644767560027856e-07,6.094211091931263,-0.18859626575838456,0.009564123335003887,144525.07490362227,-0.08549120512813627,-0.08508971292084533,275.8707272410393,-16543147545.222137,-1040805300.6366417,-204076478.87913713,-16544663241.525417,-1898204168.5179267,16575856128.020134,16654450097.499252,-0.9822234503157158,-0.009394392665820005,0.18748023638861566,-0.00956397752669693,0.9999542641210492,0.0,0.18747166181521852,0.0017930567675205483,0.9822683752232222,4671.911663291921,-545.7836913613206,-0.11629521517351607,4.97002036671247e-10,187.86884362952784,0.0,-89.1,3.4,0.0,3.022021704842603e-17,2.2935335979233606,1.5707963267948966,17.718658863492593,461.0,0.0026185198170506326,0.0458877259798328,0.0,0.005572034201038951,-1546.8320214295034,-18.575980816226927,295.2567252745645,-0.014501844758119565,0.018710058975086645,-0.13856867203402606,-0.014547535283689728,0.018674555561234187,-0.13856867203402606,-1.8418806234244e-18,5.942725457086627e-22,1.9284146514520238e-19,-1.8418765735664418e-18,-3.90792185942171e-21,1.9284146514520238e-19,-1546.8465689647871,-18.557306260665694,295.11815660253046,-1057188.0736411847,77.9974081226846,129834.9408732589,-0.05871688793956926,4709.988230413122
34.57467510111794,2001.0,12.0,14.0,14.0,22.0,2.0,1.0,3477735.2221036702,41737.32536705093,-663395.7108605461,485.05776173249416,-293.4554268791638,4664.346528510853,3540688.936997633,4698.672754918459,3477827.0652999147,33214.20263443305,-663395.7108605461,3540688.936997633,486.6914255100464,-541.1598823125366,4664.346528510853,4720.789245446228,20255617.633392707,0.8266061311948132,1.633628099831159,1.4901161193847656e-08,5.670278546345443e-07,6.094330221478758,-0.18847737719597507,0.00954998401836016,144488.93699763296,-0.0854373437353703,-0.08503610725809066,277.16474410891533,-16543147448.95213,-1040805287.7983786,-204080594.0607609,-16544659602.988716,-1898225552.9883883,16575856031.133972,16654448970.700201,-0.9822458643455354,-0.009380717489008625,0.1873634545888914,-0.009549838855771734,0.9999543992492002,0.0,0.18735491067468968,0.001789290798784618,0.9822906575370227,4671.959754625934,-545.7830297017072,-0.1162938891232077,4.990347938831452e-10,187.82367124704123,0.0,-89.1,3.4,0.0,3.0219469584775665e-17,2.2935213909155787,1.5707963267948966,17.720888108668298,461.0,0.0026292725287789883,0.0461241432972478,0.0,0.005594886007021979,-1546.8988308287867,-18.56478877456276,295.0788326220712,-0.014551940072278387,0.018786859572254396,-0.1391371743505475,-0.01459793793217543,0.018751140247546063,-0.1391371743505475,-1.8494014630527485e-18,6.110239040782242e-22,1.9350585927795102e-19,-1.849397406666443e-18,-3.921365488361953e-21,1.9350585927795102e-19,-1546.9134287667189,-18.546037634315216,294.9396954477207,-1057188.2026790231,78.15094632765052,129792.51228774716,-0.05862439039620822,4710.01977429377
34.81935109170294,2001.0,12.0,14.0,14.0,22.0,2.0,1.0,3477853.8036458762,41665.52266617708,-662254.438112074,484.23668847784825,-293.4652620772417,4664.502939284104,3540590.91623309,4698.7439493022075,3477946.0447843894,33081.79078821584,-662254.438112074,3540590.91623309,485.8558346841652,-541.1845244736585,4664.502939284104,4720.860541492036,20255610.868652944,0.8266060733408149,1.6336280987140552,1.4901161193847656e-08,5.744199534474804e-07,6.09465373618797,-0.18815451681668874,0.009511588942472157,144390.91623309068,-0.08529107445528937,-0.08489053242735208,280.700815230608,-16543147185.54774,-1040805252.6728373,-204091742.8018381,-16544649731.370544,-1898283557.4679368,16575855766.043802,16654445912.061213,-0.9823066620994018,-0.009343578959246797,0.18704630209486628,-0.009511445523698352,0.9999547651789303,0.0,0.18703784108885926,0.0017790807127845455,0.9823510985755735,4672.090202164934,-545.7812353924977,-0.1162902924456092,5.045484618886486e-10,187.70114529136336,0.0,-89.00114529136336,3.4,0.0,3.0217441799827946e-17,2.293488274674241,1.5707963267948966,17.726938728606534,461.0,0.002658440038700062,0.04677103257663393,0.0,0.00565684032395445,-1547.080060945287,-18.534390168480456,294.5956599445483,-0.014687340132406286,0.01899215276344398,-0.14067886279878053,-0.014734169461762509,0.018955845457986044,-0.14067886279878053,-1.8697908050157902e-18,6.5713294040431025e-22,1.9530108043452905e-19,-1.86978673204298e-18,-3.957653513263291e-21,1.9530108043452905e-19,-1547.0947951147486,-18.515434323022472,294.4549810817495,-1057188.5557467807,78.30448453261644,129750.15030912003,-0.058531894721772344,4710.051267479482
34.86581700429884,2001.0,12.0,14.0,14.0,22.0,2.0,1.0,3477876.300521745,41651.88649175064,-662037.6970390251,484.08074928386395,-293.4671280241388,4664.532613860705,3540572.3200748037,4698.7574562673635,3477968.6168313096,33056.64404697417,-662037.6970390251,3540572.3200748037,485.6971383974396,-541.1891974880567,4664.532613860705,4720.874067743749,20255609.575445123,0.8266060622809067,1.6336280985005827,1.4901161193847656e-08,5.757713045585729e-07,6.09471517621512,-0.18809320104119756,0.009504297573885595,144372.3200748032,-0.08526329579060504,-0.08486288564430533,281.3758374154568,-16543147135.193708,-1040805245.9593463,-204093855.7054959,-16544647858.156734,-1898294562.0502214,16575855715.36759,16654445331.401957,-0.9823181967252765,-0.009336525583602756,0.18698606812387833,-0.009504154484682774,0.9999548345038046,0.0,0.1869776228053299,0.001777144477932757,0.9823625656179964,4672.114950908093,-545.7808950455142,-0.11628961011508337,5.055036406211686e-10,187.68035563867025,0.0,-89.0,3.4,0.0,3.0217095885038057e-17,2.293482625457011,1.5707963267948966,17.727971316269706,461.0,0.002663495227980245,0.046894676465275696,0.0,0.005667581429598736,-1547.114445886075,-18.52861623632999,294.50388579276625,-0.014710332548722721,0.019028221139128117,-0.14094613415369198,-0.014757313379274392,0.018991808372018245,-0.14094613415369198,-1.8733263317715867e-18,6.658588780804292e-22,1.9560609865720327e-19,-1.8733222565217433e-18,-3.963823547906607e-21,1.9560609865720327e-19,-1547.1292031994542,-18.509624427957974,294.36293965861256,-1057188.62324238,78.45802273758235,129707.85493737755,-0.05843940091322985,4710.082709970881
34.96430002311416,2001.0,12.0,14.0,14.0,22.0,2.0,1.0,3477923.9579801844,41622.98476838306,-661578.3166898577,483.75022966495914,-293.4710809033472,4664.5954775147475,3540532.9259121097,4698.786069707634,3478016.4331888785,33003.34561361323,-661578.3166898577,3540532.9259121097,485.3607751128426,-541.1990946946198,4664.5954775147475,4720.902722040293,20255606.826914962,0.8266060387746061,1.6336280980467734,1.4901161193847656e-08,5.786564302130899e-07,6.094845398514978,-0.18796324207263596,0.009488843920512871,144332.92591211013,-0.08520441877915334,-0.08480428815197139,282.8100753426552,-16543147028.174635,-1040805231.6891384,-204098329.37002504,-16544643889.561255,-1898317874.383172,16575855607.66366,16654444100.9795,-0.9823426320185609,-0.009321575679206806,0.18685839971942142,-0.009488701528147719,0.9999549812583113,0.0,0.18684998758939209,0.0017730435829649113,0.9823868578387523,4672.167379468825,-545.7801741208898,-0.11628816468333504,5.075171200477039e-10,187.63658434678905,0.0,-89.0,3.4,0.0,3.021636731421808e-17,2.293470726992565,1.5707963267948966,17.73014657536103,461.0,0.0026741518884615054,0.04715751080607249,0.0,0.005690224773131981,-1547.1872897920448,-18.516377521448117,294.3093567172224,-0.014758686272886661,0.019104329831977126,-0.14150956737551476,-0.014805988154808485,0.019067693976727633,-0.14150956737551476,-1.880779488333445e-18,6.844308316531391e-22,1.9624757904499008e-19,-1.8807754085059667e-18,-3.97680029574068e-21,1.9624757904499008e-19,-1547.2020957801997,-18.49730982747139,294.16784714984686,-1057188.7666947506,78.61156094254827,129665.6261725197,-0.05834690896754889,4710.114101768611
35.050236977619676,2001.0,12.0,14.0,14.0,22.0,3.0,1.0,3477965.5176084056,41597.76460933804,-661177.4532049757,483.4618032711848,-293.47452806319905,4664.650298714686,3540498.5722804936,4698.81102228459,3478058.1310033607,32956.83624084548,-661177.4532049757,3540498.5722804936,485.0672493904742,-541.2077231830283,4664.650298714686,4720.927710245435,20255604.41954147,0.8266060181859551,1.6336280976492943,1.4901161193847656e-08,5.811452865600667e-07,6.094959033741301,-0.18784983661742552,0.00947535914544268,144298.57228049356,-0.0851530411657847,-0.0847531544491227,284.0654537677765,-16543146934.440153,-1040805219.1902874,-204102228.05346727,-16544640428.317005,-1898338204.082507,16575855513.329334,16654443027.57907,-0.9823639411223052,-0.00930852973614319,0.18674699048928028,-0.009475217359282834,0.9999551091204016,0.0,0.18673860725261487,0.0017694683260778548,0.9824080422834478,4672.213100548228,-545.7795455141334,-0.1162869042180411,5.092820938716201e-10,187.59821535061695,0.0,-88.99821535061696,3.4,0.0,3.0215728773386243e-17,2.293460298829403,1.5707963267948966,17.732053491057176,461.0,0.002683493384239252,0.04738771875973015,0.0,0.005710073013117948,-1547.2508162628806,-18.505696770325535,294.13959080004724,-0.014801044114470929,0.019170989979623014,-0.14200345476731704,-0.014848627627814116,0.01913415849332904,-0.14200345476731704,-1.887312375133277e-18,7.007515742983321e-22,1.9680949220100189e-19,-1.88730829143251e-18,-3.988166756871505e-21,1.9680949220100189e-19,-1547.2656648905083,-18.486562611832206,293.99758734527995,-1057188.8923413698,78.76509914751418,129623.46401454648,-0.05825441888169752,4710.145442873343
35.07805545969712,2001.0,12.0,14.0,14.0,22.0,3.0,1.0,3477978.9654832142,41589.6005779267,-661047.6894675472,483.3684347933808,-293.4756435071967,4664.668037976387,3540487.456123846,4698.819096497016,3478071.623516284,32941.78062467128,-661047.6894675472,3540487.4561238466,484.97223019791744,-541.210514720094,4664.668037976387,4720.935795986343,20255603.638397925,0.8266060115053524,1.6336280975203226,1.4901161193847656e-08,5.820997054763104e-07,6.094995818846909,-0.18781312588769963,0.009470994053084124,144287.45612384658,-0.08513640959413209,-0.08473660183330539,284.4726249873638,-16543146904.025436,-1040805215.134715,-204103489.07732615,-16544639308.237307,-1898344782.4128385,16575855482.719982,16654442680.16311,-0.9823708363944055,-0.009304306549001645,0.1867109254473302,-0.009470852462786856,0.999955150471074,0.0,0.18670255155027854,0.0017683116281020602,0.9824148972397566,4672.227895148699,-545.7793421242122,-0.11628649636069668,5.099212728788213e-10,187.58432015480824,0.0,-88.98432015480823,3.4,0.0,3.021549872749301e-17,2.2934565418948583,1.5707963267948966,17.732740596093958,461.0,0.0026868748015627126,0.047462417124166496,0.0,0.005717254474491541,-1547.2713727789082,-18.502239092925212,294.0846325137769,-0.014816701689301355,0.0191947064560965,-0.14218217189364293,-0.01486438185265921,0.0191578066861474,-0.14218217189364293,-1.889675739146005e-18,7.061543068883707e-22,1.9701707863925436e-19,-1.8896716537055034e-18,-3.992361808832692e-21,1.9701707863925436e-19,-1547.286237160761,-18.483081286239063,293.9424503418833,-1057188.9331111405,78.91863735248009,129581.3684634579,-0.0581619306526439,4710.176733285766
35.12905378749022,2001.0,12.0,14.0,14.0,22.0,3.0,1.0,3478003.6121003916,41574.6337587273,-660809.7983688195,483.1972634870706,-293.4776878531678,4664.700549898043,3540467.082967413,4698.833894587906,3478096.3518471792,32914.17966298168,-660809.7983688195,3540467.082967413,484.798032686275,-541.2156303155526,4664.700549898043,4720.950615205951,20255602.203834463,0.8266059992364744,1.6336280972834776,1.4901161193847656e-08,5.83623529302073e-07,6.095063255865388,-0.1877458252151972,0.009462991780252079,144267.08296741312,-0.0851059194216631,-0.0847062564069509,285.220145791769,-16543146848.169334,-1040805207.6868832,-204105799.56952026,-16544637255.288933,-1898356838.9112914,16575855426.506447,16654442043.321466,-0.9823834738020051,-0.009296564236206634,0.18664480784127704,-0.009462850548549824,0.9999552262274025,0.0,0.18663645104909427,0.001766191922264805,0.9824274607857278,4672.255010183805,-545.7789693795359,-0.11628574886489615,5.110927293737453e-10,187.5588537092664,0.0,-88.9588537092664,3.4,0.0,3.021507709295651e-17,2.2934496560803237,1.5707963267948966,17.734000084627613,461.0,0.0026930721882702357,0.04759960136123281,0.0,0.005730416408977349,-1547.3090485389719,-18.495899998713323,293.9838753536563,-0.01484537759565048,0.019238170611722123,-0.14250971924477307,-0.014893235150169545,0.01920114557011962,-0.14250971924477307,-1.894007162944338e-18,7.16087803037766e-22,1.9739725733222229e-19,-1.894003074366305e-18,-4.000044648259844e-21,1.9739725733222229e-19,-1547.323941774122,-18.476698853143205,293.8413656344115,-1057189.007984478,79.07217555744602,129539.33951925393,-0.05806944427735589,4710.207973006604
35.33997796727653,2001.0,12.0,14.0,14.0,22.0,3.0,1.0,3478105.455422014,41512.73132696347,-659825.8860588068,482.48927114456063,-293.48613557189464,4664.834897302078,3540382.8981922125,4698.895043266005,3478198.53148973,32800.021970822345,-659825.8860588068,3540382.8981922125,484.0775238810488,-541.2367604429578,4664.834897302078,4721.0118511892015,20255596.235656004,0.8266059481944602,1.6336280962982834,1.4901161193847656e-08,5.90055879152525e-07,6.095342177093632,-0.1874674678480858,0.009429895804789326,144182.898192212,-0.0849798110631284,-0.0845807467052228,288.3266439437866,-16543146615.796177,-1040805176.7044982,-204115337.9051058,-16544628770.5541,-1898406658.7798343,16575855192.646425,16654439410.220753,-0.9824356945306015,-0.009264540846011504,0.18637133469256295,-0.009429756049742255,0.9999555388620248,0.0,0.18636304841093657,0.001757436220815734,0.9824793766817259,4672.36705615536,-545.7774294000361,-0.11628266018147158,5.159333539478108e-10,187.453622740265,0.0,-88.9,3.4,0.0,3.02133345989154e-17,2.2934211989930664,1.5707963267948966,17.739207154423564,461.0,0.0027186818764777573,0.048170337000148805,0.0,0.005784819921772289,-1547.464740662901,-18.469678059055212,293.56708896245095,-0.014963621456732872,0.019419194335268754,-0.1438634242898552,-0.015012219171679948,0.0193816498594102,-0.1438634242898552,-1.911909383667933e-18,7.575495823993643e-22,1.9896509081884874e-19,-1.9119052827676384e-18,-4.0317445432004325e-21,1.9896509081884874e-19,-1547.4797528820727,-18.4502964091958,293.4232255381611,-1057189.319478279,79.22571376241193,129497.37718193463,-0.05797695975280163,4710.239162036591
35.48201611692322,2001.0,12.0,14.0,14.0,22.0,3.0,1.0,3478173.953442608,41471.04469583018,-659163.2951246959,482.012462894708,-293.4918175305295,4664.925260188097,3540326.2769968524,4698.936171569495,3478267.2545041856,32723.144693940987,-659163.2951246959,3540326.2769968524,483.59228660423037,-541.2509647078972,4664.925260188097,4721.053038211001,20255592.184739772,0.8266059135494694,1.633628095629613,1.4901161193847656e-08,5.943677030557222e-07,6.095530012478215,-0.18728001212664722,0.009407609285673213,144126.27699685283,-0.08489488504388124,-0.08449622382730625,290.4324080348015,-16543146458.075565,-1040805155.6758718,-204121745.11072257,-16544623062.356607,-1898440167.3797035,16575855033.916643,16654437637.801218,-0.9824708183265782,-0.009242974272331478,0.18618716003877567,-0.009407470519170161,0.9999557487701298,0.0,0.1861789210279579,0.0017515502191127988,0.9825142957925321,4672.442418830093,-545.7763938665678,-0.11628058285561059,5.191166457199076e-10,187.38475221872537,0.0,-88.88475221872537,3.4,0.0,3.0212192585165536e-17,2.2934025484931726,1.5707963267948966,17.742621536568286,461.0,0.0027355259784562647,0.048557710483133905,0.0,0.005820608071193147,-1547.5694659811295,-18.452016303003596,293.28636298389193,-0.015040816671370005,0.01953898122429465,-0.14475387911043727,-0.015089910545427295,0.01950109107604246,-0.14475387911043727,-1.9236856913781677e-18,7.857110562233458e-22,1.9998880851300523e-19,-1.9236815833714544e-18,-4.052450179381259e-21,1.9998880851300523e-19,-1547.5845558916749,-18.432515211927555,293.1416091047815,-1057189.5309055913,79.37925196737784,129455.48145149995,-0.057884477075948966,4710.2703003764955
35.548252814766364,2001.0,12.0,14.0,14.0,22.0,3.0,1.0,3478205.872992273,41451.60467929557,-658854.3044850789,481.79010170569927,-293.49446532759447,4664.967369479558,3540299.8919564635,4698.955337262586,3478299.278565975,32687.293798165407,-658854.3044850789,3540299.8919564635,483.3659946125858,-541.2575817239355,4664.967369479558,4721.072231265954,20255590.287497,0.8266058973234934,1.6336280953164584,2.1073424255447017e-08,5.966049796094865e-07,6.0956176078612705,-0.1871925937790126,0.009397216569096175,144099.89195646346,-0.08485528048371309,-0.08445680726436748,291.4178476333618,-16543146384.208218,-1040805145.8274684,-204124728.5889661,-16544620401.986774,-1898455782.306673,16575854959.57667,16654436811.493572,-0.9824871860343375,-0.009232916644273757,0.18610126955120138,-0.009397078261975757,0.9999558464853027,0.0,0.18609305252606106,0.0017488081946256853,0.9825305682122216,4672.477537956653,-545.7759113798979,-0.116279614856528,5.204945311624633e-10,187.35543550718165,0.0,-88.85543550718164,3.4,0.0,3.0211704317540065e-17,2.293394574477713,1.5707963267948966,17.744081770215285,461.0,0.0027428195901379117,0.04873914472367583,0.0,0.005836095163872007,-1547.6182697933507,-18.443779079339127,293.15543587300607,-0.015073653521163063,0.019590133035431716,-0.14513937049715034,-0.01512296773803237,0.01955208913687785,-0.14513937049715034,-1.928782865191728e-18,7.987887345559255e-22,2.0042427430539646e-19,-1.928778754908622e-18,-4.061247813264707e-21,2.0042427430539646e-19,-1547.6333927610888,-18.42422699020225,293.01029650250894,-1057189.6299274024,79.53279017234375,129413.6523279499,-0.05779199624376585,4710.301388027104
35.62084845935574,2001.0,12.0,14.0,14.0,22.0,3.0,1.0,3478240.8400089284,41430.29815410682,-658515.6464973415,481.54638503354977,-293.4973659542654,4665.013499733576,3540270.987847253,4698.976332932257,3478334.3598292125,32648.00059204009,-658515.6464973415,3540270.9878472537,483.11796970058276,-541.2648289815058,4665.013499733576,4721.093256909516,20255588.20233663,0.8266058794903512,1.6336280949723163,2.1073424255447017e-08,5.98833897632671e-07,6.095713614190852,-0.18709678147202263,0.009385826235880136,144070.98784725321,-0.08481187303545418,-0.08441360586184635,292.50025552511215,-16543146303.025131,-1040805135.0041442,-204127995.28185245,-16544617487.342287,-1898472888.1742642,16575854877.874178,16654435906.030043,-0.9825051166335426,-0.009221893099175578,0.1860071301767122,-0.009385688431073623,0.9999559534562884,0.0,0.18599893720552219,0.001745804969796773,0.9825483944943494,4672.5160105384775,-545.7753828756191,-0.11627855445301472,5.220039679767773e-10,187.32331983028135,0.0,-88.82331983028133,3.4,0.0,3.021116939935389e-17,2.2933858386007797,1.5707963267948966,17.745681804863494,461.0,0.0027508097470567813,0.04893855054087353,0.0,0.005853061090690234,-1547.671734983018,-18.434750316158567,293.0119275827341,-0.01510957836636369,0.019646164115628983,-0.14556167377482784,-0.01515913455084863,0.019607951513015857,-0.14556167377482784,-1.9343666270940758e-18,8.131874696785464e-22,2.0090068626910584e-19,-1.9343625144440232e-18,-4.0708725069629906e-21,2.0090068626910584e-19,-1547.686894117569,-18.41514236464555,292.86636590895927,-1057189.7387571167,79.68632837730966,129371.88981128448,-0.057699517253220145,4710.332424989233
35.686074556907755,2001.0,12.0,14.0,14.0,22.0,3.0,1.0,3478272.2422587494,41411.15438132219,-658211.3645205329,481.3274020759325,-293.4999709036261,4665.054927743067,3540245.0304122856,4698.995188310951,3478365.864461125,32612.695787264733,-658211.3645205329,3540245.030412285,482.89511579448805,-541.2713360609093,4665.054927743067,4721.112139206101,20255586.32368094,0.8266058634233036,1.6336280946622816,1.4901161193847656e-08,6.006850114687287e-07,6.0957998757694565,-0.18701069421191013,0.00937559229868812,144045.03041228512,-0.08477287145560432,-0.08437478941112715,293.4749035537243,-16543146229.88263,-1040805125.2531604,-204130927.49513817,-16544614869.585035,-1898488250.2740946,16575854804.263737,16654435092.63773,-0.982521219458091,-0.00921198829660295,0.18592254458835578,-0.009375454944159848,0.9999560494564699,0.0,0.18591437319146661,0.0017431084398916799,0.9825644036976868,4672.550561430816,-545.7749082923782,-0.1162776021661933,5.233919632782501e-10,187.2937880153564,0.0,-88.8,3.4,0.0,3.021067805428895e-17,2.2933778143269197,1.5707963267948966,17.747151768069983,461.0,0.002758156450059322,0.04911820902893977,0.0,0.005868663183513753,-1547.7197512856242,-18.426637449715383,292.88297707471605,-0.01514274020555285,0.019697874178309312,-0.14594998914875681,-0.015192517739935189,0.019659507440399574,-0.14594998914875681,-1.939501166389247e-18,8.262315562275634e-22,2.0134045550551603e-19,-1.9394970514659806e-18,-4.079759625526482e-21,2.0134045550551603e-19,-1547.734943803364,-18.406977942274985,292.7370270855673,-1057189.8368088603,79.83986658227558,129330.19390150369,-0.05760704010127968,4710.363411263717
35.72528867109361,2001.0,12.0,14.0,14.0,22.0,3.0,1.0,3478291.114505068,41399.645009252505,-658028.4280357184,481.1957456310225,-293.50153645028377,4665.079825569495,3540229.4304119553,4699.006520153764,3478384.7981383177,32591.47023461761,-658028.4280357184,3540229.4304119553,482.76113209728175,-541.2752460972782,4665.079825569495,4721.123487226005,20255585.19168141,0.8266058537419628,1.6336280944754706,2.1073424255447017e-08,6.019774042583841e-07,6.095851737080615,-0.18695893769772692,0.009369439675142727,144029.43041195534,-0.08474942330465497,-0.08435145256039199,294.0619543790817,-16543146185.810286,-1040805119.3776942,-204132689.0468753,-16544613296.233406,-1898497482.7005284,16575854759.909437,16654434603.68622,-0.9825308970818761,-0.009206033358924177,0.1858716902308638,-0.00936930259084819,0.9999561071211882,0.0,0.18586353178728995,0.0017414881088453644,0.9825740250844828,4672.571326166776,-545.7746230942173,-0.11627702986269382,5.243084632976247e-10,187.27428801494415,0.0,-88.8,3.4,0.0,3.021035500746286e-17,2.29337253857188,1.5707963267948966,17.748118368804644,461.0,0.002763005643450612,0.049226464091161805,0.0,0.005878967782755077,-1547.7486090861573,-18.421759671731433,292.8054469001375,-0.0151650390486706,0.019732491263576,-0.14620635295419254,-0.015214958817349506,0.019694025718505745,-0.14620635295419254,-1.942891674443077e-18,8.34225329377675e-22,2.016361728380333e-19,-1.9428875575439936e-18,-4.085742632444956e-21,2.016361728380333e-19,-1547.7638240449746,-18.40206564601293,292.6592405471833,-1057189.8958907574,79.9934047872415,129288.56459860754,-0.05751456478491228,4710.394346851419
35.824204873606476,2001.0,12.0,14.0,14.0,22.0,3.0,1.0,3478338.696135537,41370.61275658871,-657566.9729498281,480.86363603947296,-293.50548362941817,4665.142600050649,3540190.0989280394,4699.035090759908,3478432.5343205286,32537.928855209248,-657566.9729498281,3540190.0989280394,482.42315200450076,-541.2851022239356,4665.142600050649,4721.152098618182,20255582.327477325,0.8266058292460462,1.6336280940027952,2.1073424255447017e-08,6.051045806481618e-07,6.095982557407307,-0.18682838170464566,0.009353920063433031,143990.09892803943,-0.08469027521123874,-0.08429258521798554,295.5465889275074,-16543146074.298647,-1040805104.5114948,-204137128.1523777,-16544609329.005354,-1898520760.116779,16575854647.684385,16654433370.520166,-0.982555297065485,-0.009191011766588932,0.1857434077195283,-0.009353783659211216,0.9999562524087025,0.0,0.18573528189284116,0.0017374036519331303,0.9825982833735957,4672.623679918648,-545.773904100553,-0.11627558696155836,5.266191879776836e-10,187.2251236600493,0.0,-88.8,3.4,0.0,3.0209540466895953e-17,2.2933592361149193,1.5707963267948966,17.750556071083288,461.0,0.002775231969609805,0.04950037457910737,0.0,0.005904948679535649,-1547.8213693708599,-18.409454651370595,292.6098639143549,-0.015221189029930516,0.019819771412416285,-0.14685272220839687,-0.01527146833078053,0.019781056325365396,-0.14685272220839687,-1.9514398959120507e-18,8.544890205262759e-22,2.023807993910455e-19,-1.951435774214267e-18,-4.100807906544067e-21,2.023807993910455e-19,-1547.8366408391907,-18.38967359504523,292.4630111921465,-1057190.0453807842,80.14694299220741,129247.00190259604,-0.057422091301085734,4710.425231753224
35.920668346368934,2001.0,12.0,14.0,14.0,22.0,3.0,1.0,3478385.066290099,41342.30001281685,-657116.9541428302,480.539746406767,-293.50933037309034,4665.203777419069,3540151.768862781,4699.062934217618,3478479.054635288,32485.714151290988,-657116.9541428302,3540151.768862781,482.0935373111201,-541.29470457659,4665.203777419069,4721.1799818228665,20255579.522085764,0.8266058052530835,1.633628093539823,2.1073424255447017e-08,6.082156786906381e-07,6.096110136695482,-0.18670106017787313,0.009338785499151068,143951.76886278158,-0.08463259241858506,-0.084235176215094,296.9997188150883,-16543145965.078035,-1040805089.9505959,-204141451.1942531,-16544605462.207487,-1898543445.1019382,16575854537.765009,16654432168.198982,-0.9825790761938705,-0.00917636199583797,0.1856183003007012,-0.009338649755959298,0.99995639385962,0.0,0.1856102062030412,0.0017334242948047229,0.9826219245434527,4672.674701632819,-545.7732034982753,-0.11627418082352489,5.288938682331043e-10,187.17721107847697,0.0,-88.8,3.4,0.0,3.0208746583878876e-17,2.293346271021349,1.5707963267948966,17.752932618536303,461.0,0.002787267515738175,0.04976866024066438,0.0,0.005930524212918901,-1547.8922806700352,-18.39745336856469,292.41910870435584,-0.015276469758155173,0.019905689577818547,-0.14748900617879823,-0.015327102893183389,0.019866729039831214,-0.14748900617879823,-1.9598547885812124e-18,8.744253145569773e-22,2.0311390810166994e-19,-1.9598506622826956e-18,-4.115640219862199e-21,2.0311390810166994e-19,-1547.9076077729285,-18.37758663952486,292.27161969817706,-1057190.1918012854,80.30048119717333,129205.50581346915,-0.05732961964676776,4710.456065970042
36.01542966131452,2001.0,12.0,14.0,14.0,22.0,4.0,1.0,3478430.58779247,41314.48650377387,-656674.8704524544,480.2215575525652,-293.51310677568136,4665.263836277183,3540114.140302412,4699.090268367168,3478524.7231104528,32434.419906731084,-656674.8704524544,3540114.140302412,481.76972429884506,-541.3041284692597,4665.263836277183,4721.207354991364,20255576.75430355,0.8266057815817353,1.63362809308305,1.4901161193847656e-08,6.109476089477634e-07,6.096235467445559,-0.18657598262330372,0.009323918207480027,143914.14030241175,-0.08457592618954712,-0.08417877894488089,298.43240001797676,-16543145857.322903,-1040805075.5848541,-204145692.19642857,-16544601665.615156,-1898565715.1383352,16575854429.320475,16654430987.344385,-0.9826024205008548,-0.009161970100760761,0.18549539490169048,-0.009323783111561922,0.9999565325895364,0.0,0.1854873318972212,0.001729518830256891,0.9826451335402144,4672.724790464895,-545.7725157996014,-0.11627280044456877,5.311515818552952e-10,187.13017537801468,0.0,-88.8,3.4,0.0,3.0207967152013466e-17,2.2933335419329954,1.5707963267948966,17.755266546905222,461.0,0.0027992131759785274,0.05003335206672315,0.0,0.0059559088157333274,-1547.9618975947224,-18.385662531538472,292.2316984377314,-0.015331355723205355,0.019990966053984795,-0.14812053942801104,-0.015382339820537367,0.01995176217100997,-0.14812053942801104,-1.9682069428267405e-18,8.941846303359344e-22,2.0384179337008598e-19,-1.9682028120664866e-18,-4.130366946403166e-21,2.0384179337008598e-19,-1547.9772799345428,-18.36571076936746,292.08357789830336,-1057190.3362588938,80.45401940213924,129164.07633122691,-0.0572371498189261,4710.48684950281
36.09488366652484,2001.0,12.0,14.0,14.0,22.0,4.0,1.0,3478468.7327193883,41291.16558614439,-656304.1945559666,479.95475643698387,-293.5162712738555,4665.314163708565,3540082.6092979307,4699.113173336937,3478562.990858078,32391.410812025726,-656304.1945559666,3540082.6092979307,481.4982074347011,-541.3120231782531,4665.314163708565,4721.230292656767,20255574.424493335,0.8266057616560989,1.6336280926985558,2.1073424255447017e-08,6.136673772923447e-07,6.0963405548833265,-0.1864711074678453,0.009311452673401657,143882.60929793026,-0.08452841258305771,-0.08413149085103024,299.63761669397354,-16543145766.619823,-1040805063.4923856,-204149243.73161778,-16544598483.81319,-1898584376.5766528,16575854338.037085,16654429997.429838,-0.9826219822446309,-0.00914990252683668,0.1853923388206257,-0.009311318118603952,0.9999566487377811,0.0,0.1853843018287321,0.0017262470435108548,0.9826645819945982,4672.7667632915945,-545.7719396017561,-0.11627164376903606,5.329941707770522e-10,187.09178810881141,0.0,-88.7917881088114,3.4,0.0,3.020733022634548e-17,2.293323140147461,1.5707963267948966,17.757174227259416,461.0,0.0028089637588285224,0.05025615844808738,0.0,0.005976625124765357,-1548.0202359894213,-18.375775321392826,292.07454549781465,-0.015375848779259814,0.020060307518909967,-0.1486359903186675,-0.015427122506091349,0.02002090294212404,-0.1486359903186675,-1.9750232036487793e-18,9.107746987045473e-22,2.0443183693413395e-19,-1.9750190697318572e-18,-4.142300948679829e-21,2.0443183693413395e-19,-1548.0356631119273,-18.3557544184507,291.925909507496,-1057190.457857659,80.60755760710515,129122.71345586929,-0.057144681814528434,4710.517582352486
36.132251020801746,2001.0,12.0,14.0,14.0,22.0,4.0,1.0,3478486.665014378,41280.197631853356,-656129.8636667317,479.829275938412,-293.51775894969245,4665.337823391541,3540067.7862711465,4699.123941250555,3478580.98078631,32371.183344547146,-656129.8636667317,3540067.7862711465,481.3705090827699,-541.3157339004264,4665.337823391541,4721.241075940783,20255573.32613772,0.8266057522624343,1.6336280925172983,2.1073424255447017e-08,6.147519154768167e-07,6.0963899783292455,-0.186421783854634,0.009305590162897314,143867.78627114696,-0.08450606654359426,-0.08410925087061347,300.20553705096245,-16543145723.859455,-1040805057.7916964,-204150912.6394855,-16544596987.890478,-1898593149.5525827,16575854295.003147,16654429531.94057,-0.9826311784979681,-0.009144226974999432,0.18534387002737363,-0.009305455862086863,0.9999567033082977,0.0,0.18533584525097413,0.0017247092018480895,0.9826737250192843,4672.786495337909,-545.7716687455621,-0.1162711000106829,5.337847322054946e-10,187.07531807905218,0.0,-88.7753180790522,3.4,0.0,3.02070557555489e-17,2.293318657699187,1.5707963267948966,17.757996436158155,461.0,0.00281314900604475,0.05036119858784054,0.0,0.0059855115491092604,-1548.0476622494732,-18.371125030868182,292.0006311357101,-0.015394554357955881,0.020089652426637173,-0.14885718728994302,-0.015445956208786882,0.02005015898439175,-0.14885718728994302,-1.977947540797018e-18,9.184844728953446e-22,2.0467989166326973e-19,-1.9779434060563024e-18,-4.147312032017812e-21,2.0467989166326973e-19,-1548.063108205682,-18.35107487188379,291.85177394842015,-1057190.5151836649,80.76109581207108,129081.4171873963,-0.057052215630542434,4710.548264520053
36.18548698633855,2001.0,12.0,14.0,14.0,22.0,4.0,1.0,3478512.2044306616,41264.57187415149,-655881.499006142,479.6505044095386,-293.51987773434536,4665.3715201366895,3540046.6751165246,4699.139277134488,3478606.6021675235,32342.365738126347,-655881.499006142,3540046.675116525,481.18857782386374,-541.3210180358886,4665.3715201366895,4721.256433715297,20255571.75850569,0.8266057388552822,1.6336280922586104,2.1073424255447017e-08,6.165552397244432e-07,6.096460390899838,-0.1863515135079238,0.009297238105608226,143846.67511652503,-0.08447423057948221,-0.0840775660051797,301.01579785346985,-16543145662.829884,-1040805049.6555964,-204153288.7444102,-16544594857.239573,-1898605644.2046757,16575854233.583134,16654428868.853748,-0.9826442760258297,-0.00913614104736677,0.18527481674646362,-0.00929710416608976,0.9999567809931211,0.0,0.18526680935288417,0.001722519270645064,0.9826867467710981,4672.814598226963,-545.7712830106475,-0.11627032558920189,5.349106604519981e-10,187.05186124058338,0.0,-88.75186124058337,3.4,0.0,3.02066648343603e-17,2.2933122734716878,1.5707963267948966,17.759167621822435,461.0,0.0028191097883062313,0.050511118116611436,0.0,0.005998167825596742,-1548.086724007213,-18.364499572216094,291.8953223277668,-0.015421172162264508,0.02013144372122014,-0.14917222274503514,-0.015472756775426574,0.020091823583919574,-0.14917222274503514,-1.9821123938310885e-18,9.295001555725689e-22,2.0503286796613869e-19,-1.9821082579808675e-18,-4.154442609729847e-21,2.0503286796613869e-19,-1548.1021967639883,-18.344407748632175,291.74615010502174,-1057190.5970024187,80.91463401703699,129040.18752580797,-0.05695975126393579,4710.578896006519
36.283406604095255,2001.0,12.0,14.0,14.0,22.0,4.0,1.0,3478559.155525079,41235.83032919825,-655424.6645769941,479.32166906470314,-293.52377291210854,4665.433468420676,3540007.86483959,4699.16747051638,3478653.7035849504,32289.35931538752,-655424.6645769941,3540007.8648395906,480.8539305295928,-541.3307300471303,4665.433468420676,4721.284667339907,20255568.86642443,0.826605714120767,1.6336280917814094,1.4901161193847656e-08,6.192503796571637e-07,6.09658990650474,-0.1862222594897045,0.009281875916350999,143807.86483959015,-0.08441567202452312,-0.08401928537392035,302.5096653699875,-16543145550.239086,-1040805034.6463395,-204157654.54248986,-16544590939.878653,-1898628614.283881,16575854120.27207,16654427649.45108,-0.9826683545355851,-0.009121267677423835,0.18514779898849001,-0.009281742639674658,0.9999569236990016,0.0,0.18513982350617159,0.0017184942205133802,0.9827106860768929,4672.866262697306,-545.7705739521148,-0.11626890192990975,5.36980541888525e-10,187.00873871065573,0.0,-88.70873871065574,3.4,0.0,3.020594612393447e-17,2.293300536039698,1.5707963267948966,17.761321269797108,461.0,0.0028300682543620404,0.050787700813474064,0.0,0.00602143518331888,-1548.1585370581904,-18.352311949455668,291.70160531888615,-0.015470035385889652,0.020208265411683177,-0.14975138839945157,-0.015521956863791396,0.020168411958017614,-0.14975138839945157,-1.989768883063463e-18,9.498594874993674e-22,2.0568083122676344e-19,-1.9897647453699707e-18,-4.1675320565361414e-21,2.0568083122676344e-19,-1548.1740590150541,-18.33214353749765,291.5518539304867,-1057190.7479476314,81.0681722220029,128999.02447110426,-0.056867288711676046,4710.60947681292
36.320441836266006,2001.0,12.0,14.0,14.0,22.0,4.0,1.0,3478576.905011218,41224.95958085366,-655251.8787316605,479.19729273327573,-293.5252454701981,4665.456887790778,3539993.1929244213,4699.178128878033,3478671.509778043,32269.310938142742,-655251.8787316605,3539993.1929244213,480.7273559653899,-541.3344008432974,4665.456887790778,4721.295340914849,20255567.76964782,0.826605704740578,1.6336280916004522,1.4901161193847656e-08,6.205041054981156e-07,6.096638892732403,-0.1861733721951399,0.009276065676298876,143793.19292442128,-0.08439352360976965,-0.08399724207574347,303.0758709907532,-16543145507.541119,-1040805028.9545635,-204159304.19402814,-16544589458.80954,-1898637298.002464,16575854077.300968,16654427188.33064,-0.9826774573270519,-0.009115642087290219,0.1850997567004785,-0.009275932649749546,0.9999569776112757,0.0,0.18509179326679295,0.001716972876638666,0.9827197362775532,4672.885794288645,-545.7703059211017,-0.11626836373360852,5.378084245347241e-10,186.99149115552657,0.0,-88.7,3.4,0.0,3.020565942303041e-17,2.2932958538586106,1.5707963267948966,17.762180532897784,461.0,0.0028344502644325146,0.05089259103258587,0.0,0.006030742794205412,-1548.1856863480962,-18.347701973014345,291.6283317306116,-0.015489794930967077,0.02023925795483084,-0.14998301294299876,-0.015541849077883767,0.020199312780534894,-0.14998301294299876,-1.992831288119479e-18,9.576699083043266e-22,2.059428591758884e-19,-1.9928271494377822e-18,-4.172829169570012e-21,2.059428591758884e-19,-1548.201228197174,-18.32750266023381,291.4783487176686,-1057190.8051912542,81.22171042696881,128957.92802328519,-0.056774827970730884,4710.64000694031
36.36168399262681,2001.0,12.0,14.0,14.0,22.0,4.0,1.0,3478596.6652847375,41212.8539329763,-655059.4646915237,479.05878561626713,-293.52688486087203,4665.4829604746765,3539976.8588708797,4699.189994742904,3478691.3331041895,32246.985055872516,-655059.4646915237,3539976.8588708797,480.58640089167574,-541.3384870068232,4665.4829604746765,4721.307223716372,20255566.54618764,0.8266056942769219,1.6336280913985926,1.4901161193847656e-08,6.217553032942235e-07,6.09669344390335,-0.18611893119225004,0.009269595474602719,143776.8588708802,-0.08436885907314207,-0.08397269459619759,303.7072993516922,-16543145459.91154,-1040805022.6053587,-204161140.21075422,-16544587809.85466,-1898646965.5139804,16575854029.366703,16654426674.875933,-0.9826875914137364,-0.0091093773607769,0.1850462561782009,-0.009269462726222805,0.9999570376075,0.0,0.1850383061483123,0.0017152793742709095,0.9827298118376341,4672.907538716614,-545.7700075400641,-0.1162677645709411,5.387884677471882e-10,186.97107358860023,0.0,-88.7,3.4,0.0,3.0205320959163495e-17,2.293290326324188,1.5707963267948966,17.763195044169848,461.0,0.0028396363838847373,0.05100959727130329,0.0,0.006041762812677482,-1548.2159119081753,-18.342568102519156,291.54673107192616,-0.015513462595014472,0.020276273518057348,-0.15025717979857436,-0.01556567111661956,0.020236221785580984,-0.15025717979857436,-1.9964566452396443e-18,9.664900255644156e-22,2.0625671496130506e-19,-1.996452505042172e-18,-4.179178787902082e-21,2.0625671496130506e-19,-1548.2314775792918,-18.322331880733575,291.3964738921276,-1057190.8690468296,81.37524863193472,128916.89818235073,-0.0566823690380678,4710.670486389775
36.510567567775425,2001.0,12.0,14.0,14.0,22.0,4.0,1.0,3478667.952046891,41169.152160570426,-654364.8439047191,478.5587544589718,-293.53279918760296,4665.57702152638,3539917.9324704944,4699.232802220295,3478762.846645308,32166.387549208488,-654364.8439047191,3539917.932470495,480.07753246115885,-541.3532239007938,4665.57702152638,4721.350092293173,20255562.111007478,0.8266056563449349,1.6336280906668121,1.4901161193847656e-08,6.265579474457794e-07,6.096890376993866,-0.18592239577935585,0.009246238474923936,143717.93247049442,-0.08427981845943112,-0.08388407655721339,305.9947694540024,-16543145287.25099,-1040804999.5886246,-204167759.24005997,-16544581860.239157,-1898681842.1805534,16575853855.60163,16654424821.707108,-0.9827241515222058,-0.009086760812773898,0.1848531113962974,-0.009246106727490258,0.9999572538415749,0.0,0.18484520963591228,0.0017091715968788113,0.9827661610002189,4672.98598487142,-545.7689312327269,-0.11626560308165276,5.423266361822169e-10,186.89741558811804,0.0,-88.69741558811803,3.4,0.0,3.0204099802138454e-17,2.2932703833165244,1.5707963267948966,17.766856337339444,461.0,0.0028583599789465445,0.051433765651261724,0.0,0.006081547416162837,-1548.324958337073,-18.32403284316933,291.25212111143236,-0.01559876835070796,0.020409826053425253,-0.15124699403892336,-0.01565153577065376,0.02036938883742147,-0.15124699403892336,-2.0095445175741776e-18,9.985457818254983e-22,2.0738792043507308e-19,-2.009540372292444e-18,-4.2020629289865544e-21,2.0738792043507308e-19,-1548.3406098728437,-18.303663454331907,291.10087411739346,-1057191.1005305033,81.52878683690064,128875.93494830093,-0.05658991191065448,4710.700915162418
36.577594076824575,2001.0,12.0,14.0,14.0,22.0,4.0,1.0,3478700.0206246558,41149.477592639756,-654052.125147063,478.3336318769544,-293.5354598143637,4665.619336090753,3539891.4242402287,4699.252059515104,3478795.0168881253,32130.102310386366,-654052.125147063,3539891.424240229,479.84843129595333,-541.3598511565318,4665.619336090753,4721.36937707328,20255560.104630858,0.8266056391853217,1.633628090335807,2.1073424255447017e-08,6.288572503927213e-07,6.096979037242804,-0.1858339145495847,0.009235723461265298,143691.42424022965,-0.08423973187658958,-0.08384418021523117,307.0286482870579,-16543145209.144129,-1040804989.1770216,-204170734.50831455,-16544579183.326996,-1898697531.7376575,16575853776.995144,16654423987.61462,-0.9827405985014874,-0.009076578476494512,0.18476615431430723,-0.009235592162797103,0.999957351009233,0.0,0.18475827422429783,0.001706424846735376,0.9827825131838182,4673.021274836726,-545.7684471166456,-0.11626463074810311,5.439502652859336e-10,186.86428030028708,0.0,-88.66428030028707,3.4,0.0,3.0203550398595556e-17,2.2932614108757643,1.5707963267948966,17.76850407817625,461.0,0.0028669516881162805,0.05162563982515321,0.0,0.00609979261663375,-1548.3740159349381,-18.31568732457114,291.11947268821683,-0.015637962303507745,0.02047005266983451,-0.15170105785349725,-0.015690982516198135,0.020429439272483536,-0.15170105785349725,-2.0155471261136814e-18,1.0131571770293542e-21,2.079075110362431e-19,-2.0155429785531592e-18,-4.212561886302648e-21,2.079075110362431e-19,-1548.3897069174543,-18.295257885298657,290.96777163036336,-1057191.2052485943,81.68232504186656,128835.03832113575,-0.05649745658545833,4710.731293259377
36.697838610514275,2001.0,12.0,14.0,14.0,22.0,4.0,1.0,3478757.5133469873,41114.18127132143,-653491.1053638475,477.9297475139203,-293.5402298752549,4665.695199272153,3539843.900140145,4699.286584432275,3478852.6913276757,32065.006033244943,-653491.1053638475,3539843.9001401444,479.4374092681201,-541.3717291369877,4665.695199272153,4721.403951265525,20255556.4903453,0.826605608273957,1.6336280897395776,1.4901161193847656e-08,6.325538538930261e-07,6.097138095686994,-0.18567517723995075,0.009216859951708744,143643.9001401444,-0.08416781556984312,-0.08377260519798581,308.88967126607895,-16543145068.444109,-1040804970.422389,-204176064.97252396,-16544574383.437948,-1898725660.3376727,16575853635.395153,16654422491.573929,-0.9827700851978094,-0.009058310744147636,0.18461014773503864,-0.009216729456108153,0.9999575250470056,0.0,0.18460230642769132,0.0017015017865260084,0.9828118300840946,4673.08454398555,-545.7675792906018,-0.11626288757323333,5.468611164161541e-10,186.80487517518054,0.0,-88.60487517518052,3.4,0.0,3.020256532834089e-17,2.2932453234576546,1.5707963267948966,17.77145923957465,461.0,0.0028823554650511227,0.05197130144014505,0.0,0.006132503284583103,-1548.461970878916,-18.300713952669597,290.881477389888,-0.01570810787467797,0.02057801405373834,-0.1525151246913432,-0.015761582806022568,0.020537084088235763,-0.1525151246913432,-2.026308424593869e-18,1.0395395489123178e-21,2.0883740576415154e-19,-2.02630427327451e-18,-4.2313510868443764e-21,2.0883740576415154e-19,-1548.477732461722,-18.28017686858136,290.7289622651967,-1057191.3938877378,81.83586324683247,128794.20830085521,-0.056405003059447005,4710.761620681802
36.74093759071142,2001.0,12.0,14.0,14.0,22.0,4.0,1.0,3478778.1085119196,41101.52994996009,-653290.0180734679,477.7849785543676,-293.54193863992,4665.722375578528,3539826.8759560017,4699.298952125394,3478873.3514161604,32041.67337215394,-653290.0180734679,3539826.8759560017,479.2900819252801,-541.3759830286365,4665.722375578528,4721.416336609843,20255555.190211162,0.8266055971544785,1.6336280895251263,2.1073424255447017e-08,6.341315159485808e-07,6.097195107685819,-0.18561828033817238,0.00921009882864582,143626.8759560017,-0.08414203827149117,-0.08374695022736948,309.5586456656456,-16543145017.831827,-1040804963.6763961,-204177973.333882,-16544572663.789642,-1898735736.7106137,16575853584.459158,16654421955.446915,-0.982780648128906,-0.009051762838966648,0.1845542284880906,-0.009209968620013005,0.9999575873395923,0.0,0.18454640105227094,0.0016997386530660248,0.9828223322387244,4673.107208739653,-545.7672684473307,-0.11626226313881782,5.478291135554607e-10,186.7854177288908,0.0,-88.6,3.4,0.0,3.020224132248619e-17,2.2932400320404898,1.5707963267948966,17.772431463481034,461.0,0.0028874797375266514,0.05209564109043068,0.0,0.006143388777217533,-1548.493479602018,-18.295346568225128,290.7961651249374,-0.015731067039296807,0.020614422569768837,-0.15278600678073748,-0.015784699450649458,0.020573384537613443,-0.15278600678073748,-2.0298900695595045e-18,1.0488997243376716e-21,2.0914192275900775e-19,-2.0298859175347403e-18,-4.237508827877365e-21,2.0914192275900775e-19,-1548.5092643014686,-18.274773183687515,290.64337911815664,-1057191.4617452025,81.98940145179839,128753.4448874593,-0.05631255132958799,4710.79189743088
36.78931623246886,2001.0,12.0,14.0,14.0,22.0,4.0,1.0,3478801.21916932,41087.32874328466,-653064.2960244064,477.62247176281323,-293.543856127948,4665.7528714745595,3539807.77243893,4699.312830476003,3478896.5348189506,32015.482221955015,-653064.2960244064,3539807.7724389303,479.1247033174261,-541.3807558215448,4665.7528714745595,4721.430234767428,20255553.728133902,0.8266055846499617,1.633628089283958,2.1073424255447017e-08,6.358798829720088e-07,6.097259104353229,-0.18555441286306823,0.00920250951418636,143607.77243893035,-0.08411310292022245,-0.08371815218915013,310.31071159243584,-16543144960.915672,-1040804956.0900679,-204180114.0730289,-16544570733.97431,-1898747043.866395,16575853527.178967,16654421353.71426,-0.9827925013063601,-0.009044412657441091,0.18449145773089384,-0.009202379627171397,0.9999576572081427,0.0,0.18448364584749968,0.0016977604320099304,0.9828341172468169,4673.132641985215,-545.7669196575682,-0.11626156244190408,5.488904200594253e-10,186.7641915988115,0.0,-88.6,3.4,0.0,3.0201887364136583e-17,2.293234251461961,1.5707963267948966,17.77349368991308,461.0,0.0028930986391261797,0.05223547152299763,0.0,0.006155326380662234,-1548.5288376256296,-18.28932135282317,290.7003969197622,-0.015756097957874596,0.020654524107192866,-0.15308306186920687,-0.015809905407323393,0.020613366536406365,-0.15308306186920687,-2.0338180434258495e-18,1.0593873810910776e-21,2.0947397492160102e-19,-2.0338138908512542e-18,-4.244225095014094e-21,2.0947397492160102e-19,-1548.544647531037,-18.268707986286763,290.547313857893,-1057191.5380549207,82.1429396567643,128712.74808094803,-0.05622010139284876,4710.822123507817
36.869624875619785,2001.0,12.0,14.0,14.0,22.0,4.0,1.0,3478839.565549611,41063.754506725745,-652689.5937099846,477.35270196406304,-293.5470377566958,4665.80347246567,3539776.074909951,4699.335858301769,3478935.001649993,31972.004350054045,-652689.5937099846,3539776.0749099515,478.85016623039434,-541.3886735202595,4665.80347246567,4721.453295457619,20255551.294869997,0.8266055638392817,1.6336280888825874,1.4901161193847656e-08,6.379715987625125e-07,6.097365340469382,-0.1854483911971926,0.009189911358003006,143576.07490995154,-0.08406506945001037,-0.0836703466590184,311.56177151203156,-16543144866.193626,-1040804943.4644533,-204183664.440956,-16544567531.625772,-1898765805.404234,16575853431.851063,16654420355.002531,-0.9828121689133948,-0.009032210985511952,0.18438725498380243,-0.00918978200369921,0.9999577730618051,0.0,0.18437946887458231,0.001694478677561645,0.9828536718146492,4673.174842634937,-545.7663409742959,-0.11626039982362393,5.506513938915819e-10,186.72897212216836,0.0,-88.6,3.4,0.0,3.02013000239732e-17,2.2932246594691716,1.5707963267948966,17.775256583743314,461.0,0.0029024220209053755,0.0524681852766811,0.0,0.006175134168796714,-1548.5875073890124,-18.27931873183644,290.54140956408474,-0.015797579688210904,0.02072106397553825,-0.15357595986829312,-0.015851678232131915,0.020679707771355908,-0.15357595986829312,-2.0403354963624455e-18,1.0768674448773221e-21,2.1002425419545611e-19,-2.0403313430205085e-18,-4.2553552389652974e-21,2.1002425419545611e-19,-1548.6033590672446,-18.258639024065083,290.38783360421644,-1057191.6650534924,82.29647786173021,128672.11788132139,-0.05612765324619688,4710.852298913845
36.95810437724399,2001.0,12.0,14.0,14.0,22.0,4.0,1.0,3478881.7883295403,41037.781456120654,-652276.7632789038,477.0554730838339,-293.55054106354424,4665.8591895954505,3539741.173107348,4699.361214217338,3478977.3566924487,31924.102164392236,-652276.7632789038,3539741.173107348,478.54768492538733,-541.3973893524748,4665.8591895954505,4721.478687559379,20255548.60494243,0.8266055408334355,1.6336280884388774,2.1073424255447017e-08,6.410963763087785e-07,6.097482387581744,-0.1853315803405406,0.009176031600074672,143541.17310734792,-0.08401214784839998,-0.08361767618904802,312.94395074248314,-16543144761.48125,-1040804929.5071076,-204187571.32116717,-16544564005.115694,-1898786463.7137568,16575853326.468925,16654419254.913528,-0.9828338250049062,-0.009018767362690474,0.18427244574673385,-0.009175902830985808,0.9999579005174349,0.0,0.18426468797211693,0.0016908660566001337,0.9828752035424014,4673.22131004758,-545.7657038593895,-0.11625911969718711,5.52651680790755e-10,186.68896638418488,0.0,-88.5889663841849,3.4110336158150996,0.0,3.0200633819878876e-17,2.293213779530649,1.5707963267948966,17.777256625223206,461.0,0.002913011272545124,0.052725447002523046,0.0,0.006197656817384734,-1548.6521108084976,-18.268297327065984,290.36622907737666,-0.015845031851660564,0.02079631257122951,-0.15413643681934366,-0.015899457054881626,0.020754732383251567,-0.15413643681934366,-2.0477457491242326e-18,1.0963129551086016e-21,2.1065360375445959e-19,-2.0477415945678434e-18,-4.2681184620531695e-21,2.1065360375445959e-19,-1548.6680102655525,-18.24754259468273,290.21209264055733,-1057191.805448059,82.45001606669614,128631.55428857938,-0.0560352068865998,4710.882423650219
37.00967035150118,2001.0,12.0,14.0,14.0,22.0,5.0,1.0,3478906.3836933873,41022.644183857265,-652036.1628671718,476.88224196469116,-293.55258181292083,4665.891646054188,3539720.842315815,4699.3759845014065,3479002.0289247273,31896.184349664116,-652036.1628671718,3539720.842315815,478.37139263890606,-541.4024653537879,4665.891646054188,4721.493478922183,20255547.032483377,0.8266055273848233,1.6336280881795155,2.1073424255447017e-08,6.428258004821349e-07,6.097550603858344,-0.18526350174721462,0.009167942542794476,143520.8423158154,-0.08398130455816619,-0.08358697925877162,313.7514646053314,-16543144700.269712,-1040804921.3483633,-204189845.97800866,-16544561950.647154,-1898798497.5578935,16575853264.865883,16654418613.879328,-0.9828464401301875,-0.009010932152716446,0.1842055325584901,-0.009167814113950623,0.9999579747091235,0.0,0.18419779126740327,0.0016887620812575165,0.9828877462736236,4673.248378322538,-545.7653327628453,-0.1162583740150978,5.539223552615379e-10,186.66355289476923,0.0,-88.56355289476924,3.4364471052307577,0.0,3.0200212266378894e-17,2.293206895039541,1.5707963267948966,17.778522430968142,461.0,0.0029197357452926654,0.05287583448189257,0.0,0.0062120022903476,-1548.6897445553693,-18.261873512858237,290.26412531387683,-0.015875820695329237,0.020843552130232798,-0.15449345929794592,-0.01593044557843795,0.020801832895886916,-0.15449345929794592,-2.0524650343448624e-18,1.107844687212699e-21,2.1106173967078398e-19,-2.0524608781870983e-18,-4.276451748066891e-21,2.1106173967078398e-19,-1548.7056750009478,-18.24107167996235,290.1096318545789,-1057191.8875189498,82.60355427166205,128591.05730272201,-0.05594276231102499,4710.912497718224
37.10854106577951,2001.0,12.0,14.0,14.0,22.0,5.0,1.0,3478953.5169610423,40993.62023705513,-651574.8397521416,476.55008316843794,-293.556492646766,4665.95384482671,3539681.8814511816,4699.404289715461,3479049.309135615,31842.65502035234,-651574.8397521416,3539681.8814511816,478.0333643755651,-541.4121904826595,4665.95384482671,4721.521824529948,20255544.007390924,0.8266055015123894,1.63362808768061,1.4901161193847656e-08,6.457551920420178e-07,6.09768140143509,-0.18513296814481245,0.00915243305411602,143481.88145118114,-0.0839221657138229,-0.08352812103988175,315.3039361536503,-16543144582.512127,-1040804905.6535589,-204194202.6318913,-16544558013.092218,-1898821558.7663262,16575853146.35518,16654417384.976221,-0.9828706153981531,-0.008995908696545816,0.1840772311112354,-0.009152305275960929,0.9999581167769657,0.0,0.1840695213635092,0.001684731013483639,0.9829117829115799,4673.300251269777,-545.7646216779918,-0.11625694504870111,5.563574093011779e-10,186.61485181397643,0.0,-88.51485181397643,3.4851481860235602,0.0,3.019940435980252e-17,2.293193700923867,1.5707963267948966,17.78094886754404,461.0,0.002932622517105882,0.0531651475372808,0.0,0.006239494434773608,-1548.7618666653661,-18.249555646599227,290.06833812721334,-0.01593474367246854,0.020934072073247805,-0.15517767225337392,-0.015989752232579216,0.020892085894327013,-0.15517767225337392,-2.061508962180942e-18,1.1300687397552753e-21,2.1184280801441763e-19,-2.061504803173294e-18,-4.292400393662591e-21,2.1184280801441763e-19,-1548.7778564175987,-18.2286635607049,289.91316045495995,-1057192.0454067457,82.75709247662796,128550.62692374927,-0.05585031951644002,4710.942521119163
37.30926430422328,2001.0,12.0,14.0,14.0,22.0,5.0,1.0,3479049.103955652,40934.69583104145,-650638.2617238876,475.8757005181981,-293.56442407333276,4666.079988584056,3539602.868215089,4699.461693991108,3479145.192663298,31733.979033037915,-650638.2617238876,3539602.8682150897,477.3470653853913,-541.4319040729433,4666.079988584056,4721.579310722704,20255537.82489272,0.826605448635772,1.6336280866610942,2.1073424255447017e-08,6.524258637127288e-07,6.097946950083225,-0.18486795534868872,0.009120947034380834,143402.86821508966,-0.08380210024589829,-0.08340862528698532,318.4729502797127,-16543144341.850557,-1040804873.5796816,-204203028.3836703,-16544550025.725985,-1898868327.9743388,16575852904.154568,16654414890.879078,-0.982919644433931,-0.008965406633044222,0.18381674045031612,-0.009120820570430274,0.9999584044509662,0.0,0.1838090944920755,0.001676559507488686,0.9829605312169055,4673.405453319663,-545.7631798488305,-0.11625404716222153,5.612957365568958e-10,186.51608526886207,0.0,-88.5,3.5,0.0,3.019776565634694e-17,2.2931669388655043,1.5707963267948966,17.785872596564353,461.0,0.0029587584788151764,0.053756416504140384,0.0,0.0062950634800963325,-1548.9081425878837,-18.224544061470258,289.6707897331829,-0.01605318621325068,0.0211201164706946,-0.15656026952393934,-0.016108983611282622,0.021077588912027746,-0.15656026952393934,-2.0797873363027385e-18,1.1759191713531377e-21,2.134133330575201e-19,-2.0797831733526748e-18,-4.3242190296256594e-21,2.134133330575201e-19,-1548.924251571495,-18.20346647255823,289.514229463659,-1057192.368088277,82.91063068159387,128510.26315166117,-0.05575787849981224,4710.972493854374
37.35832817400731,2001.0,12.0,14.0,14.0,22.0,5.0,1.0,3479072.4482148117,40920.29237686106,-650409.3250273975,475.7108478183056,-293.56636112622016,4666.1107961671805,3539583.5715996604,4699.475713441322,3479168.609041854,31707.414170545726,-650409.3250273975,3539583.5715996604,477.1792998304669,-541.4367166654292,4666.1107961671805,4721.593350178312,20255536.30533251,0.8266054356395103,1.633628086410513,2.1073424255447017e-08,6.541253348484147e-07,6.098011861374103,-0.18480317502721144,0.009113250879014583,143383.57159965998,-0.08377275113105133,-0.08337941543084042,319.25113493204117,-16543144282.700632,-1040804865.6964818,-204205181.85168445,-16544548074.655928,-1898879750.0983853,16575852844.626371,16654414281.391884,-0.9829316185546362,-0.008957950428110968,0.1837530635654564,-0.00911312473491979,0.9999584746166041,0.0,0.18374543314904168,0.0016745645886956492,0.9829724368619445,4673.431146360639,-545.7628277784619,-0.11625333945642793,5.624642760192675e-10,186.49285733295554,0.0,-88.49285733295554,3.5,0.0,3.019737956454509e-17,2.2931606335078762,1.5707963267948966,17.787033078220755,461.0,0.0029649440392377773,0.05390174118981317,0.0,0.0063082036943800926,-1548.9438683720682,-18.2184294557173,289.5736007021487,-0.016080937678979845,0.021164007909202913,-0.15688724363488624,-0.016136924508904867,0.02112135068621187,-0.15688724363488624,-2.084109728013291e-18,1.1871564571639755e-21,2.137813302338382e-19,-2.084105564614241e-18,-4.331660656628062e-21,2.137813302338382e-19,-1548.960005296577,-18.197308105031087,289.4167134585138,-1057192.447398318,83.06416888655978,128469.9659864577,-0.055665439258109246,4711.00241592521
37.38588657399914,2001.0,12.0,14.0,14.0,22.0,5.0,1.0,3479085.556768728,40912.20214266876,-650280.734241292,475.61825099394247,-293.56744885086204,4666.128095748479,3539572.735928212,4699.483585846073,3479181.758041414,31692.493003703228,-650280.734241292,3539572.735928212,477.0850668878126,-541.4394187704129,4666.128095748479,4721.601233816671,20255535.45050912,0.8266054283285028,1.6336280862695531,1.4901161193847656e-08,6.548038882827826e-07,6.098048321329049,-0.1847667886336694,0.009108928094868934,143372.73592821183,-0.08375626604895428,-0.08336300856817878,319.68876630067825,-16543144249.426199,-1040804861.2618831,-204206390.7563107,-16544546979.00399,-1898886164.0150797,16575852811.139147,16654413939.084848,-0.9829383424519567,-0.008953762323347832,0.18371729662189393,-0.009108802130194278,0.9999585140013324,0.0,0.18370967492637105,0.0016734445028230415,0.9829791223225156,4673.445573934504,-545.7626300889588,-0.11625294205960503,5.630782974013294e-10,186.48081769801314,0.0,-88.48081769801315,3.5,0.0,3.019717867561975e-17,2.2931573527427536,1.5707963267948966,17.787636954993257,461.0,0.0029681953085737055,0.05398349465907702,0.0,0.0063151068048236565,-1548.963929942522,-18.214994825355394,289.5190087282059,-0.016095300617329184,0.021186795739487656,-0.15705907696988852,-0.016151389043008203,0.021144068852762567,-0.15705907696988852,-2.086380913746468e-18,1.1933985867484365e-21,2.1397179296770978e-19,-2.086376750448884e-18,-4.335508284849677e-21,2.1397179296770978e-19,-1548.980081331565,-18.19385075650263,289.361949651236,-1057192.4920139182,83.21770709152571,128429.73542813885,-0.055573001788298465,4711.032287333055
37.42709483035242,2001.0,12.0,14.0,14.0,22.0,5.0,1.0,3479105.153314643,40900.10470647367,-650088.450705655,475.47978811607686,-293.56907494705774,4666.153957818151,3539556.537212873,4699.495354688009,3479201.414981846,31670.181146107596,-650088.450705655,3539556.537212874,476.94415749319546,-541.4434578337499,4666.153957818151,4721.613019452129,20255534.170538146,0.826605417381351,1.6336280860584946,1.4901161193847656e-08,6.56158890017998e-07,6.098102840553709,-0.18471237940330318,0.009102464240446934,143356.5372128738,-0.08373161559852742,-0.0833384750798433,320.3438638150692,-16543144199.60288,-1040804854.6218808,-204208197.5481274,-16544545340.981918,-1898895752.4922335,16575852760.997215,16654413427.274628,-0.9829483943549177,-0.008947499725783561,0.1836638132124736,-0.009102338543741489,0.9999585728584135,0.0,0.18365620454567932,0.001671770206094436,0.9829891167842366,4673.4671424792805,-545.7623345669238,-0.11625234797759765,5.639962246038176e-10,186.46281912541534,0.0,-88.46281912541535,3.5,0.0,3.019687834866381e-17,2.2931524480313517,1.5707963267948966,17.788539824021004,461.0,0.002973055831504611,0.05410590865572511,0.0,0.006325426632279722,-1548.993921379292,-18.209858794795295,289.43737372886227,-0.016116758186058254,0.02122086095422014,-0.1573159603742709,-0.016172998668894344,0.021178029845152324,-0.1573159603742709,-2.089776190963021e-18,1.2027520871875163e-21,2.142563341147815e-19,-2.0897720278588964e-18,-4.3412563864194125e-21,2.142563341147815e-19,-1549.010094377961,-18.188680764950142,289.280057768488,-1057192.5588191543,83.37124529649162,128389.57147670466,-0.05548056608734737,4711.062108079319
37.533545555024105,2001.0,12.0,14.0,14.0,22.0,5.0,1.0,3479155.749444403,40868.85384220711,-649591.7316808226,475.122093165414,-293.57327340121344,4666.220731812703,3539514.7139084633,4699.525740781517,3479252.166658403,31612.543542617375,-649591.7316808226,3539514.713908464,476.58014250641577,-541.4538838624338,4666.220731812703,4721.643448904187,20255530.854395878,0.8266053890194904,1.6336280855117316,2.1073424255447017e-08,6.598707981552163e-07,6.098243678974356,-0.1845718251098743,0.009085766750896692,143314.71390846418,-0.0836679365204246,-0.08327509814282717,322.040028244257,-16543144070.521975,-1040804837.4198263,-204212859.97961238,-16544541111.32114,-1898920509.0805109,16575852631.090897,16654412105.390661,-0.9829743475812489,-0.008931321409230596,0.18352564805798455,-0.009085641744652394,0.999958724705219,0.0,0.18351807298276107,0.001667448289210008,0.9830149218119208,4673.522830862323,-545.7615716311957,-0.11625081414382814,5.663662118536958e-10,186.41634878718244,0.0,-88.41634878718244,3.5,0.0,3.0196102885415475e-17,2.293139783755434,1.5707963267948966,17.79087152829302,461.0,0.0029856054969133344,0.054423060640995016,0.0,0.00635207167144943,-1549.0713588839815,-18.196590068578722,289.2264730244697,-0.016172080469479523,0.021308806386284317,-0.15797921784813132,-0.016228714530019454,0.021265705749459806,-0.15797921784813132,-2.098542330437944e-18,1.2270230675475531e-21,2.1498993536022964e-19,-2.0985381680658174e-18,-4.356075812959871e-21,2.1498993536022964e-19,-1549.0875875985114,-18.17532436282926,289.0684938066216,-1057192.7318978515,83.52478350145753,128349.4741321551,-0.055388132152223477,4711.091878165434
37.59775237872767,2001.0,12.0,14.0,14.0,22.0,5.0,1.0,3479186.248598335,40850.004353555676,-649292.1271768213,474.9063372147776,-293.5758042497005,4666.26098359684,3539489.502979948,4699.544057566198,3479282.759306671,31577.778306834556,-649292.1271768213,3539489.5029799477,476.36057449175746,-541.460166966008,4666.26098359684,4721.661791824899,20255528.847416256,0.8266053718544392,1.6336280851808571,1.4901161193847656e-08,6.617189440481342e-07,6.098328628684756,-0.18448704676396008,0.009075695620163672,143289.50297994772,-0.08362952707611455,-0.08323687093809823,323.0658237338066,-16543143992.401001,-1040804827.0095096,-204215668.72902346,-16544538561.3688,-1898935432.3915603,16575852552.470407,16654411308.250008,-0.9829899923074815,-0.008921562920372772,0.18344230901947098,-0.009075571029147666,0.999958816157193,0.0,0.18343475416025215,0.0016648437052570644,0.9830304772801324,4673.556400141772,-545.761111784891,-0.11624988956912351,5.678691850283338e-10,186.38687872493463,0.0,-88.4,3.5,0.0,3.0195612267603e-17,2.293131771358507,1.5707963267948966,17.792347071206287,461.0,0.002993562541316286,0.05461500467758979,0.0,0.006368971582874156,-1549.1180399418859,-18.188586110126177,289.0992535415646,-0.016207501994980084,0.02136501104563756,-0.1583998019801469,-0.016264382498800228,0.02132174195112161,-0.1583998019801469,-2.1041016367864078e-18,1.2418947192888663e-21,2.1545964163849917e-19,-2.1040974744586706e-18,-4.365570567220025e-21,2.1545964163849917e-19,-1549.1343043243846,-18.167264368175054,288.9408537395845,-1057192.8366477322,83.67832170642345,128309.44339449015,-0.05529569997989424,4711.121597592858
37.66019005335958,2001.0,12.0,14.0,14.0,22.0,5.0,1.0,3479215.8940955065,40831.674086200444,-649000.7754701617,474.6965199445152,-293.57826428636366,4666.3001092344675,3539464.9976933445,4699.561861785674,3479312.4954873067,31543.97060245501,-649000.7754701617,3539464.997693345,476.14705014373277,-541.4662730040833,4666.3001092344675,4721.679621448613,20255526.89039263,0.826605355116628,1.6336280848582163,1.4901161193847656e-08,6.637292340791374e-07,6.098411238853593,-0.18440460323002902,0.009065902080620592,143264.99769334495,-0.08359217540778964,-0.0831996964880534,324.0656292140484,-16543143916.225136,-1040804816.8583157,-204218397.6026637,-16544536082.53438,-1898949938.1002278,16575852475.807459,16654410533.17746,-0.9830051993040645,-0.008912073045788584,0.18336126388963103,-0.009065777892505102,0.999958904991202,0.0,0.18335372865687827,0.001662312492512411,0.9830455975715455,4673.589030213503,-545.7606648436049,-0.11624899088319174,5.694313970492596e-10,186.3562471166812,0.0,-88.4,3.5,0.0,3.019510382901404e-17,2.2931234679262142,1.5707963267948966,17.793876478030786,461.0,0.0030018310443755514,0.05480217414326177,0.0,0.00638654064782454,-1549.163415879288,-18.1808021200399,288.97553036071054,-0.016244789218529312,0.021423997497532665,-0.15883691504690967,-0.016301921414397392,0.021380556674875043,-0.15883691504690967,-2.109880210640653e-18,1.256629456239347e-21,2.1595408922667063e-19,-2.109876047716135e-18,-4.375573605541451e-21,2.1595408922667063e-19,-1549.1797178007025,-18.159421563365026,288.81669344566365,-1057192.9387902915,83.83185991138936,128269.47926370986,-0.05520326956732718,4711.1512663630765
37.75380542540293,2001.0,12.0,14.0,14.0,22.0,5.0,1.0,3479260.3182612453,40804.19047519835,-648563.9353047718,474.3819207658076,-293.58195073008557,4666.358740401322,3539428.276200224,4699.588541847441,3479357.0551848006,31493.2806076111,-648563.9353047718,3539428.276200224,475.82689269681595,-541.4754207553942,4666.358740401322,4721.706339578474,20255523.94603901,0.826605329934461,1.6336280843728,2.1073424255447017e-08,6.67232667721466e-07,6.0985351018086,-0.18428099010348614,0.009051218394403681,143228.27620022418,-0.08353617149222119,-0.08314395828333937,325.56898632645607,-16543143801.619158,-1040804801.5858332,-204222484.52868807,-16544532367.48989,-1898971675.266788,16575852360.468664,16654409371.26181,-0.9830279874805337,-0.008897843987792548,0.1832397451491916,-0.009051094808737593,0.999959038002439,0.0,0.18323223928319773,0.001658520306074248,0.9830682559200349,4673.637927502979,-545.7599951588758,-0.11624764420966867,5.71772392235709e-10,186.31034525028022,0.0,-88.4,3.5,0.0,3.0194341865148395e-17,2.293111024111946,1.5707963267948966,17.796169010683624,461.0,0.00301422184637034,0.05508377120407137,0.0,0.006412868615636298,-1549.2314150106868,-18.169130207494444,288.7900103201378,-0.016300583152748783,0.02151239155166311,-0.15949194857445562,-0.0163580935721515,0.021468692928925122,-0.15949194857445562,-2.1185393730328322e-18,1.278835097041461e-21,2.1669393547911566e-19,-2.1185352094451023e-18,-4.390541076771641e-21,2.1669393547911566e-19,-1549.2477731042588,-18.14766151456552,288.63051837156337,-1057193.0924644154,83.98539811635527,128229.58173981418,-0.05511084091148981,4711.180884477598
37.794174022013934,2001.0,12.0,14.0,14.0,22.0,5.0,1.0,3479279.4656553166,40792.338951790196,-648375.5604411283,474.24625579746674,-293.58353965255833,4666.384011525772,3539412.4487583037,4699.600041377585,3479376.260861982,31471.421925210398,-648375.5604411283,3539412.4487583037,475.688830870542,-541.4793627304227,4666.384011525772,4721.717855516283,20255522.6726375,0.8266053190434306,1.6336280841628616,1.4901161193847656e-08,6.682302750581229e-07,6.098588514484957,-0.18422768515233082,0.009044886593361796,143212.4487583032,-0.08351202123890897,-0.0831199226092965,326.21885600686073,-16543143752.05369,-1040804794.9806572,-204224245.1858594,-16544530766.07995,-1898981044.332344,16575852310.586262,16654408870.290813,-0.9830378095897291,-0.008891707982846475,0.18318734248352195,-0.009044763266877531,0.9999590952921255,0.0,0.18317984925879136,0.0016568861462518732,0.9830780221090414,4673.659003130377,-545.7597065391919,-0.11624706378290951,5.727362939647041e-10,186.291609731448,0.0,-88.391609731448,3.5,0.0,3.019403007248088e-17,2.293105932151264,1.5707963267948966,17.79710728263498,461.0,0.003019324852739748,0.055205558896257806,0.0,0.006423707640130001,-1549.2607245189922,-18.164096682406498,288.71000459867736,-0.016323311064454848,0.021548504953719717,-0.15976168297538443,-0.01638097957874261,0.021504698507262426,-0.15976168297538443,-2.1221046850415677e-18,1.2883553133934314e-21,2.1699531683992564e-19,-2.1221005215924205e-18,-4.396634162959423e-21,2.1699531683992564e-19,-1549.277105498571,-18.142591983899237,288.550242915702,-1057193.1589268465,84.1389363213212,128189.75082280315,-0.05501841400934961,4711.210451937958
37.823889373519854,2001.0,12.0,14.0,14.0,22.0,5.0,1.0,3479293.5565657527,40783.61499633919,-648236.89692364,474.14639108057173,-293.58470897593503,4666.402609126788,3539400.801060163,4699.608504118668,3479390.3946128297,31455.331632514673,-648236.89692364,3539400.801060163,475.58720181148846,-541.482263382916,4666.402609126788,4721.726330331996,20255521.73398573,0.8266053110154123,1.633628084008117,1.4901161193847656e-08,6.693922711973375e-07,6.098627831896416,-0.18418844703553006,0.009040225774531223,143200.80106016295,-0.08349424407514609,-0.08310222978744104,326.6977495253086,-16543143715.518063,-1040804790.1119362,-204225540.55361578,-16544529587.51087,-1898987939.2208924,16575852273.817019,16654408501.557281,-0.9830450378975565,-0.008887191194366232,0.1831487682122557,-0.009040102638598167,0.9999591374372673,0.0,0.18314128428422521,0.001655683662771617,0.9830852092785922,4673.674513163311,-545.7594941479394,-0.11624663663918904,5.734092720794742e-10,186.27866784462552,0.0,-88.3786678446255,3.5,0.0,3.019381403787044e-17,2.2931024040383323,1.5707963267948966,17.797757451736853,461.0,0.003022888556638756,0.0552953320340302,0.0,0.006431273901833332,-1549.2822942949729,-18.160391350690887,288.65110994078066,-0.016338985672581123,0.021573478729073087,-0.1599500254029344,-0.016396766381494485,0.021529595665345697,-0.1599500254029344,-2.1245938640616304e-18,1.2952998654918888e-21,2.1720317168774487e-19,-2.1245897010196983e-18,-4.400833000733676e-21,2.1720317168774487e-19,-1549.2986910613545,-18.13886175502554,288.49115991537775,-1057193.207917748,84.29247452628711,128149.98651267674,-0.05492598885787419,4711.2399687457155
37.8729620412371,2001.0,12.0,14.0,14.0,22.0,5.0,1.0,3479316.820147482,40769.20796409815,-648007.9033455568,473.9814689670766,-293.58663949912096,4666.433313327982,3539381.571133227,4699.6224758541775,3479413.7288274937,31428.759535832236,-648007.9033455568,3539381.571133227,475.41936599477765,-541.4870516651663,4666.433313327982,4721.740322002162,20255520.181460705,0.8266052977371044,1.633628083752182,2.1073424255447017e-08,6.710487752674766e-07,6.098692762208052,-0.18412364766956274,0.009032528827819818,143181.5711332271,-0.08346488615577669,-0.08307301115244417,327.4895708858967,-16543143655.088598,-1040804782.0593143,-204227678.54372954,-16544527641.619501,-1898999322.4786298,16575852213.001171,16654407892.680225,-0.9830569716487129,-0.008879731926097326,0.18308506452953022,-0.009032406006136024,0.9999592069888352,0.0,0.18307759593844877,0.0016536986364903302,0.9830970751386751,4673.700119852306,-545.7591435146668,-0.11624593144548079,5.745203345246566e-10,186.25730125914123,0.0,-88.35730125914122,3.5,0.0,3.019345735981997e-17,2.2930965790437186,1.5707963267948966,17.79883100340242,461.0,0.0030287721845047564,0.055443816796897326,0.0,0.00644376561958379,-1549.3179059240467,-18.154271994822558,288.553845404344,-0.01636484416222073,0.021614707725814336,-0.16026097509138276,-0.01642281034624964,0.021570698061427303,-0.16026097509138276,-2.128703384930807e-18,1.3067954089625283e-21,2.175460691096296e-19,-2.12869922262028e-18,-4.407759740762776e-21,2.175460691096296e-19,-1549.334328734393,-18.13270129676113,288.3935844292526,-1057193.2889484428,84.44601273125302,128110.28880943498,-0.05483356545403102,4711.26943490246
37.96263482409423,2001.0,12.0,14.0,14.0,22.0,5.0,1.0,3479359.3098721644,40742.88107500976,-647589.4487695767,473.68008927141636,-293.59016554038294,4666.489393719074,3539346.4486695956,4699.647994687136,3479456.347253677,31380.202492931126,-647589.4487695767,3539346.448669596,475.1126618729005,-541.4957953156973,4666.489393719074,4721.765877244354,20255517.336666185,0.8266052734063541,1.6336280832832522,2.1073424255447017e-08,6.740202234923157e-07,6.098811414220812,-0.1840052349286552,0.00901846398148711,143146.44866959564,-0.08341123818474919,-0.08301961770243778,328.9396252334118,-16543143544.36057,-1040804767.3046267,-204231581.493516,-16544524087.173512,-1899020113.5589077,16575852101.565186,16654406780.23823,-0.9830787682741735,-0.008866100831899806,0.18296865202698623,-0.009018341732657819,0.9999593339293319,0.0,0.18296121141085286,0.0016500738303431165,0.9831187478506488,4673.746889743238,-545.758503155701,-0.11624464346207393,5.765496324233618e-10,186.21827629955072,0.0,-88.31827629955073,3.5,0.0,3.019280586487605e-17,2.2930859393238516,1.5707963267948966,17.80079225958625,461.0,0.0030395185892895006,0.05571589705272657,0.0,0.006466581396856327,-1549.3829510047235,-18.143088911030713,288.37609508372213,-0.016412009909964605,0.021690004561029905,-0.16082891877004232,-0.016470315645561468,0.021645763319362236,-0.16082891877004232,-2.136209136409825e-18,1.3278890277120625e-21,2.1817150611919994e-19,-2.136204975626004e-18,-4.420393736405568e-21,2.1817150611919994e-19,-1549.3994213203691,-18.12144314771135,288.2152661649521,-1057193.4374263901,84.59955093621893,128070.65771307785,-0.054741143794787714,4711.2988504097975
38.01726100563331,2001.0,12.0,14.0,14.0,22.0,6.0,1.0,3479385.180192051,40726.84330669437,-647334.5353402429,473.4964908841622,-293.5923124338752,4666.523539342049,3539325.063984653,4699.663532215187,3479482.2957409434,31350.62249993478,-647334.5353402429,3539325.063984653,474.92581994171775,-541.501117776634,4666.523539342049,4721.78143694031,20255515.59874143,0.8266052585423412,1.6336280829968022,1.4901161193847656e-08,6.756653814765721e-07,6.098883694897866,-0.1839331000023845,0.009009896157362907,143125.06398465298,-0.08337855677172817,-0.08298709133670076,329.82493445277214,-16543143476.715818,-1040804758.2912486,-204233956.5931874,-16544521922.77208,-1899032772.5241945,16575852033.48796,16654406102.687439,-0.9830920395380872,-0.008857796877419203,0.18289773435262227,-0.009009774256622456,0.9999594111601954,0.0,0.182890310745782,0.0016478672985648288,0.9831319437230578,4673.775366468967,-545.7581133008267,-0.11624385927002319,5.77820840997555e-10,186.19382998081625,0.0,-88.3,3.5,0.0,3.019239828545103e-17,2.2930792830467066,1.5707963267948966,17.80201946176415,461.0,0.0030462497414718345,0.05588211417528641,0.0,0.006480875067614548,-1549.422555841232,-18.136275916459663,288.26780545631146,-0.01644170444685304,0.02173737823760648,-0.16118468064863253,-0.01650022154782394,0.021692993030818994,-0.16118468064863253,-2.1409109744228618e-18,1.3408738204634765e-21,2.1856526580640673e-19,-2.1409068144262417e-18,-4.428350723818804e-21,2.1856526580640673e-19,-1549.4390560627799,-18.114582923428845,288.1066207756628,-1057193.5281336699,84.75308914118484,128031.09322360535,-0.054648723877111796,4711.328215269371
38.053192898559544,2001.0,12.0,14.0,14.0,22.0,6.0,1.0,3479402.19164753,40716.29395379576,-647166.8579126786,473.37572136882756,-293.59372416947883,4666.545992556444,3539311.0021324116,4699.673749218957,3479499.35851659,31331.165276877906,-647166.8579126786,3539311.002132412,474.80291687412176,-541.5046171512178,4666.545992556444,4721.791668520845,20255514.45337533,0.8266052487463197,1.6336280828080212,2.1073424255447017e-08,6.77142606228708e-07,6.0989312400011615,-0.18388565076755692,0.009004260470130717,143111.00213241205,-0.0833570594342242,-0.08296569598591087,330.4081924855709,-16543143432.1353,-1040804752.3510884,-204235517.86202338,-16544520499.42951,-1899041096.6739607,16575851988.622427,16654405657.052319,-0.983100766341306,-0.008852334609194016,0.18285108528828486,-0.009004138797993222,0.9999594619205853,0.0,0.18284367285646838,0.0016464165512994134,0.9831406209738749,4673.7940919650355,-545.7578569592708,-0.11624334361584968,5.787348613932174e-10,186.17625266551505,0.0,-88.3,3.5,0.0,3.0192106413178276e-17,2.2930745164107598,1.5707963267948966,17.802898382950527,461.0,0.0030510877821039507,0.05599165930813332,0.0,0.006491154762419684,-1549.4485992521236,-18.131794244681405,288.1965712047752,-0.01646344228867152,0.021771886279052795,-0.16144043876320655,-0.016522107639638923,0.02172740028822156,-0.16144043876320655,-2.144291814526275e-18,1.3496143208662283e-21,2.1885351934568026e-19,-2.144287654521181e-18,-4.434182140121091e-21,2.1885351934568026e-19,-1549.4651213597633,-18.110066844393184,288.035130766012,-1057193.5879136175,84.90662734615077,127991.59534101748,-0.054556305697970944,4711.357529482836
38.15836488036021,2001.0,12.0,14.0,14.0,22.0,6.0,1.0,3479451.958921352,40685.41590274115,-646676.0645673478,473.02221957154353,-293.597854270318,4666.611680672457,3539269.8639681498,4699.703639425484,3479549.275562995,31274.21362478485,-646676.0645673478,3539269.86396815,474.44317011399033,-541.5148523552896,4666.611680672457,4721.821601371424,20255511.09054075,0.8266052199848267,1.6336280822537426,1.4901161193847656e-08,6.805769948166285e-07,6.0990704057941905,-0.18374676556487535,0.008987765090834734,143069.86396815022,-0.08329413609036887,-0.0829030711554742,332.1198018491268,-16543143301.246479,-1040804734.9104697,-204240083.02062038,-16544516334.92783,-1899065449.274415,16575851856.89678,16654404352.868158,-0.9831262970328583,-0.008836346146750421,0.182714539840799,-0.00898764408616398,0.9999596103112267,0.0,0.18270716005740048,0.00164217325345633,0.9831660068018855,4673.848874395045,-545.7571070910327,-0.11624183508095214,5.814088420702355e-10,186.12482996018778,0.0,-88.3,3.5,0.0,3.019125247367634e-17,2.29306057052036,1.5707963267948966,17.805470385549313,461.0,0.0030652418961408003,0.05631329279892247,0.0,0.006521228675611736,-1549.5247923721759,-18.1186754045066,287.9880528631909,-0.01652695251431382,0.021872842224591335,-0.16218867732797737,-0.01658605266752785,0.021828060914846327,-0.16218867732797737,-2.1541824044650653e-18,1.375314367838141e-21,2.196956836135128e-19,-2.154178244678252e-18,-4.451219094255625e-21,2.196956836135128e-19,-1549.5413784248433,-18.096847343591755,287.8258641858629,-1057193.7634296585,85.06016555111668,127952.16406531425,-0.05446388925433274,4711.386793051885
38.261152902288345,2001.0,12.0,14.0,14.0,22.0,6.0,1.0,3479500.5621825936,40655.23735277677,-646196.3894868154,472.6767138870736,-293.6018878387606,4666.6758336842195,3539229.687988474,4699.73283081984,3479598.024567248,31218.551870664607,-646196.3894868154,3539229.687988474,474.0915608860215,-541.5248448953193,4666.6758336842195,4721.850834411709,20255507.788784545,0.8266051917456764,1.6336280817095512,2.1073424255447017e-08,6.839941392856076e-07,6.099206420192214,-0.1836110253768073,0.008971643864583925,143029.6879884745,-0.0832326375523975,-0.08284186436473275,333.7989793121815,-16543143172.736485,-1040804717.7870479,-204244538.01131532,-16544512267.11404,-1899089232.536803,16575851727.565182,16654403078.499441,-0.983151231008373,-0.008820719371962467,0.1825810830192493,-0.008971523509877264,0.9999597550731288,0.0,0.18257373505691513,0.0016380304787660476,0.9831907994501973,4673.90237652388,-545.756374851861,-0.11624036185710522,5.840456707635644e-10,186.07460998559313,0.0,-88.27460998559312,3.5,0.0,3.019041841682825e-17,2.29304694933834,1.5707963267948966,17.807983246370362,461.0,0.0030791993255930195,0.05662907642982768,0.0,0.006550875300742745,-1549.599207319956,-18.105852391571343,287.78423656689125,-0.01658955743411162,0.021971493664933988,-0.16292640173783346,-0.01664908393919833,0.02192642136130405,-0.16292640173783346,-2.163932693984745e-18,1.4006717161350783e-21,2.205257108541806e-19,-2.163928534622413e-18,-4.468000025684201e-21,2.205257108541806e-19,-1549.6158564038951,-18.08392597021004,287.62131016515343,-1057193.9357579034,85.2137037560826,127912.79939649565,-0.05437147454316484,4711.416005978232
38.36813368365935,2001.0,12.0,14.0,14.0,22.0,6.0,1.0,3479551.1102709244,40623.82736897888,-645697.1412902846,472.3170972727504,-293.60608287801995,4666.74255507903,3539187.9043939123,4699.763190594254,3479648.7236772114,31160.61856381244,-645697.1412902846,3539187.9043939123,473.72559161910465,-541.535233842451,4666.74255507903,4721.881237497744,20255504.336398203,0.8266051622181709,1.6336280811405932,1.4901161193847656e-08,6.873942968053235e-07,6.099347985928056,-0.18346974501322655,0.008954865308104859,142987.9043939123,-0.08316862890121474,-0.08277815936156181,335.55322206020355,-16543143038.36535,-1040804699.8835368,-204249167.70570725,-16544508035.775381,-1899113967.7304842,16575851592.33503,16654401752.412893,-0.9831771631444652,-0.008804454413151233,0.18244217564392373,-0.008954745627387932,0.9999599054615884,0.0,0.18243486070910447,0.001633723274598567,0.9832165847595898,4673.958020562872,-545.7556134073494,-0.11623882971234395,5.86813833903311e-10,186.02238049239037,0.0,-88.22238049239036,3.5,0.0,3.0189550891137694e-17,2.2930327815686424,1.5707963267948966,17.810597722400114,461.0,0.0030938519372826425,0.056959276050550754,0.0,0.0065819889426092845,-1549.6766040378945,-18.09250470681523,287.57208083481623,-0.016655251633238204,0.022074137394269402,-0.16370075072531887,-0.016715223316044473,0.0220287597962829,-0.16370075072531887,-2.1741656718489508e-18,1.4273152771203125e-21,2.213965601864479e-19,-2.174161513160369e-18,-4.485595558431853e-21,2.213965601864479e-19,-1549.6933192612105,-18.07047594701895,287.40838008409094,-1057194.1159480307,85.3672419610485,127873.50133456169,-0.05427906156143493,4711.445168263613
38.43485828270831,2001.0,12.0,14.0,14.0,22.0,6.0,1.0,3479582.617956486,40604.236533594114,-645385.7533771063,472.09279298620083,-293.6086977703364,4666.784144618467,3539161.8598012053,4699.782114636615,3479680.325211804,31124.48462647495,-645385.7533771063,3539161.859801205,473.49732506844316,-541.5417077144326,4666.784144618467,4721.900188536766,20255502.1748143,0.826605143730591,1.6336280807844066,1.4901161193847656e-08,6.898127197684607e-07,6.099436283069338,-0.18338162584921036,0.008944400549214965,142961.85980120488,-0.08312870548658281,-0.08273842533429544,336.65073522925377,-16543142954.234646,-1040804688.6747185,-204252051.65414926,-16544505397.900618,-1899129385.8302824,16575851507.66653,16654400925.457863,-0.983193327418842,-0.008794309460665136,0.18235553471220944,-0.008944281287587584,0.9999599991160889,0.0,0.18234824032963487,0.0016310391968144431,0.9832326575942361,4673.992705206886,-545.7551388317818,-0.11623787470935959,5.8847936726238e-10,185.99095533467207,0.0,-88.2,3.5,0.0,3.018902805299579e-17,2.2930242429738033,1.5707963267948966,17.812173792172945,461.0,0.0031026696028754962,0.05716601676127248,0.0,0.006600714730711897,-1549.7248491568903,-18.08417883582546,287.43974468056433,-0.016694443458976013,0.022136223108216845,-0.16416678110988864,-0.01675468832653038,0.022090659451055938,-0.16416678110988864,-2.180324440124364e-18,1.4438751713339572e-21,2.219161805117365e-19,-2.1803202824558666e-18,-4.496097274416096e-21,2.219161805117365e-19,-1549.7416038452168,-18.062088176374402,287.27557789945445,-1057194.2287674416,85.52078016601442,127834.26987951236,-0.054186650306110716,4711.474279909794
38.46876894513643,2001.0,12.0,14.0,14.0,22.0,6.0,1.0,3479598.625002949,40594.28004563286,-645227.4992770923,471.9787947643417,-293.61002624135483,4666.8052738183205,3539148.6282039937,4699.7917287849195,3479696.379852737,31106.120532674453,-645227.4992770923,3539148.628203993,473.38131312968505,-541.5449961527685,4666.8052738183205,4721.909816400243,20255501.074053533,0.8266051343160045,1.6336280806030217,2.1073424255447017e-08,6.910990849319375e-07,6.0994811577884,-0.18333684157819596,0.008939082206747587,142948.6282039932,-0.08310841543867799,-0.08271823153656077,337.209426432848,-16543142911.392353,-1040804682.966762,-204253516.2637599,-16544504057.658443,-1899137218.8242805,16575851464.550371,16654400505.233036,-0.9832015395235248,-0.008789153494370152,0.1823115011715473,-0.008938963157732138,0.999960046670698,0.0,0.18230421722010545,0.0016296757922033007,0.98324082326792,4674.01032642631,-545.7548977448305,-0.11623738953764687,5.892585613204007e-10,185.97625355999244,0.0,-88.2,3.5,0.0,3.018878248603463e-17,2.293020232560984,1.5707963267948966,17.81291414139202,461.0,0.0031067963848919024,0.05727129862198247,0.0,0.006609481421008976,-1549.7493600493774,-18.07994723021579,287.37248512106373,-0.016712447554953817,0.022165655505572136,-0.16438494178949603,-0.01677282570903403,0.022120002373488778,-0.16438494178949603,-2.1832079668966316e-18,1.452148590011311e-21,2.2215499836031768e-19,-2.183203810254488e-18,-4.5009273195404124e-21,2.2215499836031768e-19,-1549.7661328750864,-18.057827227842303,287.20810017927425,-1057194.2862193827,85.67431837098033,127795.10503134767,-0.05409424077415994,4711.503340918565
38.52877595464824,2001.0,12.0,14.0,14.0,22.0,6.0,1.0,3479626.940986358,40576.6613154809,-644947.4571271086,471.7770634561403,-293.6123762846806,4666.842651077415,3539125.2219067235,4699.808736004702,3479724.779890164,31073.62386241229,-644947.4571271086,3539125.2219067235,473.1760183892739,-541.5508124366681,4666.842651077415,4721.926847881574,20255499.122577175,0.8266051176254052,1.6336280802814545,1.4901161193847656e-08,6.92863937471086e-07,6.099560567191353,-0.18325759222349464,0.008929671136854233,142925.22190672345,-0.08307251055415925,-0.08268249697274266,338.19955679774284,-16543142835.440105,-1040804672.8474705,-204256106.22150627,-16544501686.63608,-1899151075.2216666,16575851388.112604,16654399761.701065,-0.9832160666006168,-0.008780029502790861,0.18223357939836882,-0.008929552463446642,0.9999601307516228,0.0,0.18222631388252913,0.0016272643078394035,0.9832552682491248,4674.0414981023105,-545.75447129347,-0.11623653129078786,5.90636932159618e-10,185.95024656302607,0.0,-88.2,3.5,0.0,3.0188348067012196e-17,2.293013137959949,1.5707963267948966,17.81422400869663,461.0,0.003114096658889445,0.05745794741535665,0.0,0.006624989606343414,-1549.792720108808,-18.07245873755279,287.25345873570734,-0.016744267098158627,0.022217721289160806,-0.16477086657870682,-0.01680488141152251,0.022171909721130745,-0.16477086657870682,-2.1883088153049357e-18,1.4668289379640834e-21,2.2257707114579718e-19,-2.1883046605686416e-18,-4.509463602915436e-21,2.2257707114579718e-19,-1549.8095249902194,-18.05028682783166,287.08868786912865,-1057194.3880726937,85.82785657594626,127756.00679006761,-0.05400183296255036,4711.532351291742
38.63699554555515,2001.0,12.0,14.0,14.0,22.0,6.0,1.0,3479677.976820756,40544.886475012405,-644442.4096788203,471.4132370238024,-293.61661198702376,4666.910019768824,3539083.035135416,4699.839389542439,3479775.9667711523,31015.01688784326,-644442.4096788203,3539083.0351354154,472.80576537222765,-541.5612927293016,4666.910019768824,4721.95754514698,20255495.59163568,0.8266050874259044,1.6336280796996145,2.1073424255447017e-08,6.96858343546996e-07,6.099703780656129,-0.1831146673811314,0.008912698961445408,142883.03513541538,-0.08300775665198508,-0.08261805023553667,339.98997607827187,-16543142698.015808,-1040804654.5379201,-204260771.3980731,-16544497412.621553,-1899176049.7706296,16575851249.809818,16654398421.04769,-0.9832422501039187,-0.008763574230932544,0.18209304593334077,-0.00891258096342041,0.9999602821615319,0.0,0.18208581359115622,0.0016229190147567312,0.9832813039119163,4674.097681816641,-545.7537027492083,-0.11623498443729557,5.930989222787305e-10,185.90379391926925,0.0,-88.2,3.5,0.0,3.018757172132416e-17,2.293000459272697,1.5707963267948966,17.81656535590387,461.0,0.003127137044361811,0.05779566547452506,0.0,0.006652691025475306,-1549.8708742292438,-18.058952312583457,287.0387798907414,-0.016800891378307405,0.022310726081845773,-0.1654602367564517,-0.016861930266620747,0.02226463018081496,-0.1654602367564517,-2.1974200579648925e-18,1.4933774668604176e-21,2.233281830508513e-19,-2.1974159071117727e-18,-4.524654112002945e-21,2.233281830508513e-19,-1549.8877361595105,-18.036687682402643,286.87331965398494,-1057194.572363004,85.98139478091217,127716.97515567217,-0.053909426868249774,4711.561311031169
38.675340337231496,2001.0,12.0,14.0,14.0,22.0,6.0,1.0,3479696.050591487,40533.6277784323,-644263.4575289006,471.2843202049443,-293.61811203163757,4666.933877976974,3539068.0951614887,4699.850245230507,3479794.093894435,30994.25076174749,-644263.4575289006,3539068.0951614887,472.674571424827,-541.5650033447578,4666.933877976974,4721.968416320534,20255494.33691491,0.8266050766944932,1.633628079492856,2.1073424255447017e-08,6.979726808447007e-07,6.099754525430687,-0.18306402486726162,0.00890668537841404,142868.09516148875,-0.08298481240297949,-0.0825952148225091,340.62586337327957,-16543142649.182486,-1040804648.0316167,-204262422.62903127,-16544495898.852276,-1899184894.2944508,16575851200.664322,16654397946.102833,-0.9832515228096088,-0.008757743543878664,0.18204324986278703,-0.008906567619074443,0.9999603357399967,0.0,0.1820360292519926,0.001621380514498977,0.9832905243006235,4674.117578919126,-545.7534306018687,-0.11623443664366782,5.9408869555137e-10,185.88511895186096,0.0,-88.2,3.5,0.0,3.018726143098963e-17,2.2929953918469743,1.5707963267948966,17.817501325377776,461.0,0.0031323767792834985,0.057915674121489735,0.0,0.0066638236697171135,-1549.8985526616339,-18.054166258929087,286.96270761553683,-0.016824249661027663,0.022348092421425964,-0.16573722063876492,-0.016885451412021277,0.022301886515392697,-0.16573722063876492,-2.201080871958811e-18,1.5031202504394427e-21,2.236379121199981e-19,-2.2010767217525365e-18,-4.530919614757681e-21,2.236379121199981e-19,-1549.9154381130459,-18.031864372413693,286.79697039489804,-1057194.637850618,86.13493298587808,127678.01012816138,-0.05381702248822606,4711.590220138708
38.76453318885653,2001.0,12.0,14.0,14.0,22.0,6.0,1.0,3479738.0724105346,40507.438986170244,-643847.1979137739,470.9844411364977,-293.62159969549907,4666.989349385264,3539033.359472332,4699.875485039566,3479836.239477734,30945.94665002582,-643847.1979137739,3539033.359472332,472.3693955129273,-541.5736288383716,4666.989349385264,4721.993692133218,20255491.41021369,0.8266050516628946,1.633628079010575,2.1073424255447017e-08,7.011467430602808e-07,6.099872563218599,-0.18294622493403506,0.0088926974662785,142833.35947233206,-0.08293144157307698,-0.08254209715337701,342.1084230542183,-16543142535.277092,-1040804632.8552858,-204266259.96926472,-16544492378.928675,-1899205458.0898774,16575851086.030766,16654396841.477905,-0.9832730822284692,-0.008744180545006176,0.1819274170418589,-0.008892580260888206,0.999960460226455,0.0,0.18192022367298746,0.0016178041577008112,0.9833119621607771,4674.163840547022,-545.7527979021154,-0.11623316302896768,5.963899349580011e-10,185.8416993404151,0.0,-88.2,3.5,0.0,3.018653995302063e-17,2.292983609217575,1.5707963267948966,17.819678007965948,461.0,0.0031445595232391004,0.05819560260533068,0.0,0.006689707647542149,-1549.9629075489734,-18.04303272311347,286.7857448260137,-0.016878492490491462,0.022434971439004237,-0.1663812238536608,-0.016940073752417163,0.022388509407354023,-0.1663812238536608,-2.209592240551629e-18,1.525873291309392e-21,2.2435716061171176e-19,-2.209588092044644e-18,-4.545469148411624e-21,2.2435716061171176e-19,-1549.9798476227259,-18.020644213706117,286.61936360216004,-1057194.7906039003,86.28847119084399,127639.11170753522,-0.05372461981944708,4711.619078616255
38.87505234678019,2001.0,12.0,14.0,14.0,22.0,6.0,1.0,3479790.104680097,40474.987935563295,-643331.4023849284,470.6128427086868,-293.62591825966547,4667.058036518365,3538990.3490363555,4699.90673777968,3479888.4244485945,30886.091798514142,-643331.4023849284,3538990.3490363555,471.9912336088146,-541.5843057035827,4667.058036518365,4722.024989453005,20255487.767958947,0.8266050205112344,1.6336280784103787,2.1073424255447017e-08,7.04936753065295e-07,6.100018827431252,-0.18280025542644462,0.00887536525301833,142790.3490363555,-0.08286530806551134,-0.08247627733846728,343.9521015882492,-16543142393.524467,-1040804613.9685462,-204271007.95305425,-16544488019.740995,-1899230920.850262,16575850943.37195,16654395472.990223,-0.9832997779708966,-0.008727373841786325,0.18178388154127165,-0.008875248731605001,0.9999606142043557,0.0,0.18177672183846183,0.001613377164075405,0.9833385075404039,4674.221123665075,-545.7520145722094,-0.11623158604175653,5.992514400460038e-10,185.78793629544438,0.0,-88.18793629544437,3.5,0.0,3.0185646511770215e-17,2.292969018214666,1.5707963267948966,17.822374263530744,461.0,0.003159708581714547,0.058543970128038726,0.0,0.00672188921543693,-1550.0425970879858,-18.029235537041977,286.5664444530237,-0.016945861408168283,0.022542564333870228,-0.16718197174388785,-0.017007914280038644,0.02249578354835374,-0.16718197174388785,-2.2201743148642934e-18,1.5542788043619973e-21,2.252503860242464e-19,-2.220170168778538e-18,-4.563532799746788e-21,2.252503860242464e-19,-1550.0596050022657,-18.006739753493623,286.3992624812798,-1057194.9807041269,86.4420093958099,127600.27989379369,-0.053632218858880754,4711.647886465728
38.96966695064473,2001.0,12.0,14.0,14.0,22.0,6.0,1.0,3479834.6164776585,40447.206460828886,-642889.8277574704,470.2947049563713,-293.6296127008182,4667.116797120157,3538953.5551036447,4699.933473670233,3479933.0663962425,30834.849581950995,-642889.8277574704,3538953.5551036447,471.66747679178764,-541.5934364017392,4667.116797120157,4722.05176347927,20255484.635852844,0.8266049937227544,1.633628077894296,2.1073424255447017e-08,7.083931162360288e-07,6.100144045912843,-0.18267528922021622,0.008860527502174585,142753.5551036452,-0.08280869032753731,-0.08241992815063635,345.5361996591091,-16543142271.62771,-1040804597.72804,-204275066.62229368,-16544484289.94523,-1899252703.5771556,16575850820.69598,16654394301.659042,-0.9833226156296154,-0.008712985096253385,0.1816609960394471,-0.00886041156418144,0.9999607457830099,0.0,0.18165386507928993,0.0016095911900686358,0.9833612167041956,4674.270128284259,-545.7513445412804,-0.11623023700898638,6.017350305039494e-10,185.7419438795565,0.0,-88.1419438795565,3.5,0.0,3.0184882122521e-17,2.2929565347908785,1.5707963267948966,17.824681732850127,461.0,0.0031728566353126145,0.05884354771556452,0.0,0.006749806605257784,-1550.110772239855,-18.017422478946376,286.3786809440396,-0.01700436042819572,0.022634642762614347,-0.16787678513638296,-0.01706681828904171,0.02258758597221026,-0.16787678513638296,-2.2293547452906676e-18,1.5788605364563544e-21,2.2602582319300187e-19,-2.2293506014269806e-18,-4.579199468315724e-21,2.2602582319300187e-19,-1550.127839058144,-17.994834892974165,286.2108041589032,-1057195.1441782117,86.59554760077583,127561.5146869368,-0.053539819603495034,4711.676643689071
39.067334207730205,2001.0,12.0,14.0,14.0,22.0,7.0,1.0,3479880.532833727,40418.528275848505,-642434.0003013021,469.966288098243,-293.6334237767169,4667.1774130054755,3538915.600147348,4699.96105345312,3479979.1165439137,30781.95317669246,-642434.0003013021,3538915.600147348,471.33325945618503,-541.6028523223141,4667.1774130054755,4722.079382600608,20255481.389056724,0.8266049659533036,1.6336280773593863,2.1073424255447017e-08,7.115206948705657e-07,6.100273307171261,-0.18254628835819242,0.008845211241583696,142715.60014734836,-0.08275024456567748,-0.08236175960368865,347.17691960930824,-16543142145.268738,-1040804580.8941076,-204279250.3975684,-16544480441.811993,-1899275173.8654685,16575850693.529337,16654393092.745956,-0.9833461742910794,-0.008698131477170804,0.1815341400836328,-0.008845095903779694,0.999960881374093,0.0,0.18152703871751752,0.0016056868788499098,0.9833846429470495,4674.3206801035585,-545.750653445475,-0.1162288454319563,6.04296990053985e-10,185.69450018418544,0.0,-88.09450018418546,3.5,0.0,3.0184093534551425e-17,2.2929436561719965,1.5707963267948966,17.827062899831176,461.0,0.0031864200293200647,0.05915409433796323,0.0,0.006778605430925631,-1550.1811020447728,-18.00522693652956,286.1848380085435,-0.01706459508868996,0.022729614923310135,-0.16859353984807957,-0.017127472084583466,0.022682272815895643,-0.16859353984807957,-2.238824673044397e-18,1.6043873222022906e-21,2.2682425234414123e-19,-2.2388205318048098e-18,-4.595330266609114e-21,2.2682425234414123e-19,-1550.1982295168575,-17.982544663713664,286.01624446869545,-1057195.3136383686,86.74908580574174,127522.81608696454,-0.05344742205025796,4711.7053502882545
39.103200339160495,2001.0,12.0,14.0,14.0,22.0,7.0,1.0,3479897.38654353,40407.99675579128,-642266.6063037728,469.84568055648657,-293.6348226562069,4667.199662496934,3538901.668688644,4699.971176744111,3479996.0192434913,30762.52791563785,-642266.6063037728,3538901.668688644,471.21052178761056,-541.6063077202137,4667.199662496934,4722.089520330716,20255480.193424392,0.8266049557271956,1.6336280771624132,2.1073424255447017e-08,7.127678837240726e-07,6.1003207761908875,-0.1824989149586587,0.008839586740198933,142701.66868864466,-0.0827287813249494,-0.0823403981640511,347.78079411387444,-16543142098.737429,-1040804574.6951565,-204280785.30676103,-16544479029.187056,-1899283421.6941428,16575850646.700611,16654392648.85928,-0.9833548216481017,-0.008692676653837925,0.18148755360636157,-0.00883947162227782,0.9999609311075303,0.0,0.18148046308864513,0.0016042540799000575,0.9833932417329184,4674.339235495041,-545.7503997970769,-0.11622833465638023,6.051202468050494e-10,185.67963187627183,0.0,-88.1,3.5,0.0,3.0183844530953495e-17,2.292939589634639,1.5707963267948966,17.827814911189126,461.0,0.003190781138136264,0.05926845475134244,0.0,0.0067878712857684246,-1550.2069176371995,-18.000748051053368,286.11364803731163,-0.017083393182942972,0.022760916147142964,-0.16882411392701024,-0.01714641452951199,0.022713478273536966,-0.16882411392701024,-2.2418723880178926e-18,1.6134801222181215e-21,2.2707367368641357e-19,-2.2418682485842166e-18,-4.600376624742347e-21,2.2707367368641357e-19,-1550.2240640517289,-17.97803457277983,285.9448239233846,-1057195.3760420699,86.90262401070765,127484.18409387692,-0.053355026196137585,4711.734006265272
39.16205477144825,2001.0,12.0,14.0,14.0,22.0,7.0,1.0,3479925.0332202623,40390.71497747179,-641991.9198431477,469.64776557936125,-293.63711738326657,4667.236160698426,3538878.815646747,4699.987782978784,3480023.746144318,30730.65181708231,-641991.9198431477,3538878.8156467476,471.0091113493916,-541.6119750644903,4667.236160698426,4722.1061502510065,20255478.227785334,0.826604938915294,1.633628076838585,2.1073424255447017e-08,7.151005000294496e-07,6.100398671157781,-0.18242117689416867,0.008830357293960476,142678.81564674806,-0.0826935608906971,-0.08230534478009628,348.77322882413864,-16543142022.239618,-1040804564.5039885,-204283302.27917182,-16544476711.752771,-1899296951.4241018,16575850569.713846,16654391920.541824,-0.9833690068045822,-0.008683725388168213,0.18141110597081028,-0.008830242536247252,0.9999610126483688,0.0,0.181404033232232,0.0016019040644911068,0.9834073472526262,4674.369673857647,-545.7499837379681,-0.1162274967917793,6.065168215876182e-10,185.65423960749783,0.0,-88.1,3.5,0.0,3.018342011628529e-17,2.2929326584171075,1.5707963267948966,17.829096829905282,461.0,0.0031981783023857556,0.059456465511385954,0.0,0.006803584884188579,-1550.2492663155092,-17.99339803646317,285.99682269486715,-0.0171154925781049,0.02281366357813087,-0.16921515345902874,-0.017178754976947617,0.02276606486614005,-0.16921515345902874,-2.2470404038227336e-18,1.628567257850803e-21,2.274994653430122e-19,-2.2470362671469226e-18,-4.608987911795609e-21,2.274994653430122e-19,-1550.266445070486,-17.97063197159703,285.8276075414081,-1057195.4786347859,87.05616221567357,127445.61870767393,-0.05326263203810201,4711.762611622145
39.283505210329885,2001.0,12.0,14.0,14.0,22.0,7.0,1.0,3479982.0473457933,40355.05233327989,-641425.07739167,469.2393364070049,-293.64184973348944,4667.311430110206,3538831.687153933,4700.022029350923,3480080.925167864,30664.87209534144,-641425.07739167,3538831.6871539326,470.59346889850457,-541.6236591181228,4667.311430110206,4722.140445467903,20255474.15723128,0.8266049041002271,1.6336280761679733,2.1073424255447017e-08,7.192801467268127e-07,6.100559416302504,-0.1822607555089976,0.008811311906737654,142631.68715393217,-0.08262087942173103,-0.08223300803196583,350.8270761668682,-16543141863.825415,-1040804543.3994926,-204288489.43354678,-16544471931.952711,-1899324853.2492764,16575850410.287073,16654390417.912525,-0.9833982604486854,-0.008665253057006318,0.18125334406834395,-0.008811197889953307,0.9999611806424008,0.0,0.18124630792996452,0.001597059082801973,0.9834364368194024,4674.432446143604,-545.7491258157996,-0.11622576894060761,6.093840081671626e-10,185.6021089424152,0.0,-88.10210894241523,3.5,0.0,3.018254852488554e-17,2.2929184242493394,1.5707963267948966,17.83173001765711,461.0,0.003213365570404494,0.05984581035277279,0.0,0.006835847056495097,-1550.3366034762898,-17.97822917368295,285.75572009814607,-0.017181211040942425,0.022922038497676597,-0.17001801073309356,-0.017244970940847825,0.022874108484740644,-0.17001801073309356,-2.2576507868835315e-18,1.659824967104417e-21,2.2837122391077033e-19,-2.2576466563506243e-18,-4.626619024226261e-21,2.2837122391077033e-19,-1550.3538484472306,-17.955355065198212,285.585702087413,-1057195.6910895184,87.20970042063948,127407.11992835556,-0.05317023957311941,4711.791166360921
39.322314615514834,2001.0,12.0,14.0,14.0,22.0,7.0,1.0,3480000.255712671,40343.65623842529,-641243.9413447665,469.1088182889015,-293.64336110408965,4667.335468961636,3538816.6359208715,4700.032966559304,3480099.18604309,30643.851930902325,-641243.9413447665,3538816.6359208715,470.46064574296247,-541.6273896456761,4667.335468961636,4722.151398275431,20255472.85231897,0.8266048929394204,1.6336280759529955,2.1073424255447017e-08,7.206679755058294e-07,6.1006107832028285,-0.18220949206001416,0.008805226037791191,142616.63592087105,-0.08259765367652941,-0.08220989244216183,351.4850867688656,-16543141813.042475,-1040804536.6340215,-204290145.053962,-16544470405.247257,-1899333764.2120252,16575850359.179535,16654389937.831535,-0.9834076031852661,-0.008659350026743666,0.18120292948659714,-0.00880511225709323,0.9999612342476782,0.0,0.1811959050187127,0.0015955121354436369,0.9834457271987486,4674.452493761504,-545.7488518507498,-0.11622521713183473,6.104187804401144e-10,185.58329490108883,0.0,-88.08329490108882,3.5,0.0,3.0182235722950026e-17,2.292913315806061,1.5707963267948966,17.832675228308158,461.0,0.0032188439288298276,0.059970624617688185,0.0,0.006847479073714421,-1550.3644971090803,-17.973381528622536,285.6786688493012,-0.017205502968391857,0.02296040159271462,-0.17030751268734667,-0.01726943262603119,0.02291235628365277,-0.17030751268734667,-2.2614756717770932e-18,1.6701909986330128e-21,2.2869322688819717e-19,-2.261471542543647e-18,-4.6331245271434695e-21,2.2869322688819717e-19,-1550.3817665417064,-17.950469172338885,285.5083613366138,-1057195.7591969203,87.36323862560539,127368.68775592186,-0.053077848798158,4711.819670483671
39.4037128133429,2001.0,12.0,14.0,14.0,22.0,7.0,1.0,3480038.429183621,40319.75406905064,-640864.0265975156,468.83506413655584,-293.64652969141815,4667.385866497165,3538785.081316719,4700.05589632094,3480137.4693535944,30599.76411919515,-640864.0265975156,3538785.0813167184,470.1820569820392,-541.6352091077412,4667.385866497165,4722.174360740033,20255470.10820678,0.8266048694692337,1.633628075500952,2.1073424255447017e-08,7.235890950071364e-07,6.100718520693276,-0.1821019715368112,0.008792461750535403,142585.08131671837,-0.08254893970873496,-0.08216140951258284,352.8680993616581,-16543141706.251284,-1040804522.4074779,-204293614.4876958,-16544467204.199589,-1899352445.9737475,16575850251.705782,16654388931.023039,-0.9834271902318232,-0.008646968780542483,0.18109718784025777,-0.00879234846393769,0.9999613465572,0.0,0.18109018781046635,0.0015922695813307259,0.983465204547853,4674.494523634741,-545.7482775286446,-0.11622406028846083,6.125881594756122e-10,185.54385164589794,0.0,-88.04385164589796,3.5,0.0,3.0181579899250275e-17,2.2929026053922463,1.5707963267948966,17.834657303516323,461.0,0.003230329437078686,0.06023309967411989,0.0,0.006871865630325403,-1550.4229773074867,-17.96321345873986,285.5170517182118,-0.017256372107195966,0.023040822819825946,-0.17091445644009148,-0.017320658381931132,0.022992535478564814,-0.17091445644009148,-2.2694943653597257e-18,1.6920128420701907e-21,2.293675178124916e-19,-2.269490239028941e-18,-4.646747180715855e-21,2.293675178124916e-19,-1550.4402979658687,-17.940220923261297,285.34613726177173,-1057195.9024206419,87.51677683057132,127330.32219037275,-0.05298545971018602,4711.848123992495
39.50282830250913,2001.0,12.0,14.0,14.0,22.0,7.0,1.0,3480084.8814801453,40290.64895851921,-640401.4133247213,468.5017101697262,-293.6503855163508,4667.447194982549,3538746.6833454575,4700.083799178087,3480184.054866227,30546.079209003423,-640401.4133247213,3538746.6833454575,469.8428159837743,-541.6447216380363,4667.447194982549,4722.202303391964,20255466.753608376,0.8266048407775627,1.6336280749484118,2.1073424255447017e-08,7.271094857904983e-07,6.1008497111182916,-0.18197104528685717,0.008776919369206798,142546.68334545754,-0.08248962132402951,-0.0821023724545642,354.55744674801826,-16543141575.703423,-1040804505.0171831,-204297833.53509593,-16544463308.304842,-1899375179.5199716,16575850120.323584,16654387705.262804,-0.9834510255410917,-0.00863189200650152,0.18096842487727863,-0.008776806682314295,0.9999614830904545,0.0,0.18096145453282705,0.0015883248807507916,0.9834889064943421,4674.54566950779,-545.747578724251,-0.11622265257889897,6.152363116361503e-10,185.49585418182193,0.0,-88.0,3.5,0.0,3.018078177002558e-17,2.2928895709528434,1.5707963267948966,17.837070080020894,461.0,0.003244350016335239,0.060553967910968926,0.0,0.0069016361144449015,-1550.4941435515275,-17.95083090717737,285.32023634428884,-0.017318403450547457,0.0231391408501436,-0.17165537997831312,-0.017383126312060404,0.023090557745053968,-0.17165537997831312,-2.2792831349928746e-18,1.7187525408801737e-21,2.301897870719653e-19,-2.279279012459245e-18,-4.663361025361928e-21,2.301897870719653e-19,-1550.5115266778396,-17.927740349432316,285.14858096431055,-1057196.0775075834,87.67031503553723,127292.0232317083,-0.05289307230617184,4711.876526889514
39.55778612405106,2001.0,12.0,14.0,14.0,22.0,7.0,1.0,3480110.6242341627,40274.51051431958,-640144.8996608071,468.3168645720543,-293.65252234779473,4667.481182258184,3538725.404106174,4700.099262383516,3480209.8712347993,30516.311450221387,-640144.8996608071,3538725.4041061746,469.6547060759954,-541.6499919439677,4667.481182258184,4722.217788650422,20255464.88719834,0.8266048248142543,1.6336280746410072,2.1073424255447017e-08,7.289394622227716e-07,6.10092245515681,-0.18189844772026573,0.008768301485335295,142525.40410617506,-0.08245672972130884,-0.08206963684273492,355.49677407741547,-16543141503.070679,-1040804495.3419607,-204300170.29840994,-16544461148.993847,-1899387778.0023234,16575850047.22665,16654387025.687117,-0.9834642346638491,-0.00862353191203015,0.18089702549907158,-0.008768189130051235,0.9999615586908227,0.0,0.18089007158058512,0.0015861393326395605,0.9835020417699133,4674.574013717072,-545.7471914978545,-0.11622187247062837,6.167524574350265e-10,185.46925513271884,0.0,-88.0,3.5,0.0,3.018033943060516e-17,2.292882347001893,1.5707963267948966,17.838407581025972,461.0,0.0032523763986247413,0.060732491482531334,0.0,0.006918689168940426,-1550.5335837091227,-17.943964391545986,285.2110960072177,-0.017354116437270948,0.02319636062462511,-0.17207966862866164,-0.017419089549588176,0.023147609440489617,-0.17207966862866164,-2.284890725310323e-18,1.733774865892646e-21,2.306633739873194e-19,-2.2848866046710794e-18,-4.672941160128104e-21,2.306633739873194e-19,-1550.5510027986722,-17.920816782105497,285.039016338589,-1057196.1749213617,87.82385324050314,127253.79087992848,-0.05280068658308384,4711.904879176879
39.66025428850009,2001.0,12.0,14.0,14.0,22.0,7.0,1.0,3480158.5941457404,40244.420275332326,-639666.6281861616,467.97220972473644,-293.65650423886194,4667.544516223284,3538685.7516576415,4700.128077242415,3480257.9779207115,30460.80906664515,-639666.6281861616,3538685.7516576415,469.30396486252596,-541.6598103086397,4667.544516223284,4722.246644603109,20255461.395033266,0.8266047949459087,1.6336280740658282,2.1073424255447017e-08,7.325857015420276e-07,6.101058087822224,-0.18176308813325276,0.008752233734891552,142485.7516576415,-0.0823954026274117,-0.08200860059209664,357.2533044219017,-16543141367.171732,-1040804477.2390087,-204304522.16533944,-16544457124.684158,-1899411254.6135597,16575849910.459177,16654385758.78565,-0.9834888492967875,-0.008607944079910534,0.18076389741206036,-0.008752121996141693,0.9999616994468161,0.0,0.1807569740547938,0.0015820676826483941,0.9835265189065326,4674.626832001951,-545.7464699920173,-0.116220418811151,6.195776943930442e-10,185.41968957205185,0.0,-88.0,3.5,0.0,3.0179515093394296e-17,2.2928688845535947,1.5707963267948966,17.840900682641372,461.0,0.0032673334393362404,0.06106652302905362,0.0,0.006950466996016638,-1550.6070807212004,-17.93116070728036,285.00758690567324,-0.017420565994862875,0.02330298835579867,-0.17287031898601915,-0.017486006722332907,0.023253923428066703,-0.17287031898601915,-2.2953399687707695e-18,1.7619206140453964e-21,2.315445453965282e-19,-2.295335851964677e-18,-4.690766082242717e-21,2.315445453965282e-19,-1550.6245667279227,-17.907906783852294,284.8347165866872,-1057196.3571884297,87.97739144546905,127215.62513503329,-0.05270830253789049,4711.933180856764
39.733404530065734,2001.0,12.0,14.0,14.0,22.0,7.0,1.0,3480192.8174264897,40222.939127208425,-639325.1945246705,467.7261566201818,-293.6593450862423,4667.589701459237,3538657.462322818,4700.148634853104,3480292.2984607513,30421.186264527772,-639325.1945246705,3538657.462322818,469.0535667264885,-541.6668130540313,4667.589701459237,4722.267231530982,20255458.89229665,0.8266047735400746,1.6336280736536168,2.1073424255447017e-08,7.353085155174497e-07,6.1011549154745985,-0.18166645541389662,0.008740763394570588,142457.46232281858,-0.08235162139275494,-0.08196502698555627,358.51133066415787,-16543141269.777765,-1040804464.2652441,-204307624.90884385,-16544454253.153206,-1899428003.7251525,16575849812.442766,16654384854.494339,-0.9835064104159561,-0.008596815766553153,0.18066885572615143,-0.008740652094565607,0.9999617997708521,0.0,0.18066195413446282,0.0015791636122255569,0.9835439820214463,4674.664514852934,-545.7459552981222,-0.11621938173990523,6.215219143930047e-10,185.3721384951524,0.0,-87.9860692475762,3.5,0.0,3.017873303982151e-17,2.29285611264951,1.5707963267948966,17.843266570222912,461.0,0.003277627757180281,0.06130591338915449,0.0,0.006972332384454639,-1550.6595181646567,-17.92201946221067,284.8622907121701,-0.017465852400340078,0.023375818065476457,-0.17341417958367697,-0.017531618638136126,0.023326534638211452,-0.17341417958367697,-2.302513723161672e-18,1.781912178866664e-21,2.321437531235791e-19,-2.3025096098555e-18,-4.702880171897337e-21,2.321437531235791e-19,-1550.6770497832947,-17.89869292757246,284.6888765325864,-1057196.4878141545,88.13092965043496,127177.52599702273,-0.05261592016756029,4711.961431931369
39.82496902640849,2001.0,12.0,14.0,14.0,22.0,7.0,1.0,3480235.6304355217,40196.05019443728,-638897.8064360168,467.41815234790647,-293.6628990059695,4667.646228654343,3538622.072625575,4700.1743524329,3480335.2327644164,30371.588414560327,-638897.8064360168,3538622.072625575,468.7401235450078,-541.6755710845192,4667.646228654343,4722.292985785808,20255455.74891533,0.8266047466547888,1.6336280731359227,2.1073424255447017e-08,7.384724434235185e-07,6.101276119914189,-0.18154549496326539,0.008726405775794572,142422.07262557512,-0.08229681797941354,-0.08191048346717411,360.0903103649616,-16543141147.454287,-1040804447.9711308,-204311504.0444116,-16544450660.387115,-1899448956.8789375,16575849689.33755,16654383722.745703,-0.9835283795034062,-0.00858288559535981,0.1805498844814387,-0.008726295023353507,0.9999619251627361,0.0,0.18054301007396903,0.001575531558417429,0.9835658286122689,4674.711656445933,-545.7453114826372,-0.11621808439248013,6.238419056567425e-10,185.29349472350026,0.0,-87.94674736175013,3.5,0.0,3.0177449790937816e-17,2.2928351556048407,1.5707963267948966,17.84715009474651,461.0,0.0032899139325586846,0.06160658956963738,0.0,0.006998418811188444,-1550.72511962764,-17.91057599698413,284.68040170927867,-0.017519208144040746,0.023461823146268594,-0.17406276220782452,-0.01758536834763486,0.02341227497316334,-0.17406276220782452,-2.311046071801757e-18,1.8067253959697084e-21,2.3284754142695614e-19,-2.3110419639729634e-18,-4.717096879983596e-21,2.3284754142695614e-19,-1550.7427049959877,-17.887163722010964,284.50633894707084,-1057196.6518771946,88.28446785540089,127139.49346589681,-0.05252353946906182,4711.989632402921
39.93085938862852,2001.0,12.0,14.0,14.0,22.0,7.0,1.0,3480285.10665335,40164.9539062466,-638403.544227557,467.0619425345517,-293.66700610410254,4667.711554687725,3538581.1750471,4700.204072846582,3480384.84863323,30314.229656376916,-638403.544227557,3538581.1750471005,468.37762373879315,-541.685688926979,4667.711554687725,4722.322748581761,20255452.09901427,0.8266047154371994,1.633628072534889,2.1073424255447017e-08,7.422214392073487e-07,6.101416290591913,-0.18140560642881248,0.008709802053068226,142381.17504710052,-0.0822334387686367,-0.08184740481390738,361.9221324324608,-16543141005.421309,-1040804429.0528487,-204315983.62980148,-16544446507.757143,-1899473171.3148365,16575849546.396954,16654382414.180029,-0.9835537681531085,-0.008566775257310132,0.18041229313301244,-0.008709691931609117,0.9999620699138825,0.0,0.18040545007919725,0.0015713354938636972,0.9835910758473198,4674.766135888358,-545.7445675525734,-0.11621658515872524,6.265118714674601e-10,185.20146880887566,0.0,-87.90146880887568,3.5,0.0,3.017594835517643e-17,2.292810635298049,1.5707963267948966,17.8516961466693,461.0,0.003304054189943719,0.0619557125263809,0.0,0.007028441332288975,-1550.800934728654,-17.897340635128785,284.4700312711457,-0.01758043453643733,0.023560787717351313,-0.17480918022555098,-0.01764705032948807,0.023510933861090377,-0.17480918022555098,-2.3208632622002708e-18,1.8355486636521447e-21,2.3365495775932547e-19,-2.3208591611587136e-18,-4.733406326408679e-21,2.3365495775932547e-19,-1550.8185817789836,-17.873829701267695,284.2952220909201,-1057196.8423771728,88.4380060603668,127101.52754165552,-0.05243116043936379,4712.01778227367
39.96030474686941,2001.0,12.0,14.0,14.0,22.0,7.0,1.0,3480298.8580011893,40156.3067592442,-638266.101521383,466.96288674451404,-293.66814763700506,4667.729711542045,3538569.808033781,4700.212333346835,3480398.6386960223,30298.279485820192,-638266.101521383,3538569.808033781,468.27681884030915,-541.6885004462447,4667.729711542045,4722.331020861549,20255451.08123614,0.8266047067321369,1.6336280723673025,2.1073424255447017e-08,7.432677694165833e-07,6.101455268988122,-0.1813667064853767,0.008705185034860204,142369.80803378066,-0.08221581438197202,-0.0818298640045267,362.4326436519623,-16543140965.815592,-1040804423.7776883,-204317228.0542208,-16544445353.445951,-1899479901.4843543,16575849506.53816,16654382050.348854,-0.9835608247135071,-0.008562295257545177,0.18037403135930724,-0.008705075088432178,0.9999621101160308,0.0,0.18036719700818798,0.00157016948698599,0.9835980931311282,4674.781278007553,-545.7443608019923,-0.11621616846893085,6.273643974664505e-10,185.1872600422258,0.0,-87.88726004222583,3.5,0.0,3.017571191647473e-17,2.292806773961019,1.5707963267948966,17.85241225516201,461.0,0.0033085671529201515,0.062053067398839916,0.0,0.007038024164658165,-1550.8220073802413,-17.893659940777006,284.411528202103,-0.017600548651616806,0.023592413176636472,-0.17504767314488562,-0.017667303013323445,0.02354246538853722,-0.17504767314488562,-2.3240145683932147e-18,1.8439306579551028e-21,2.3392161413154394e-19,-2.3240104685676754e-18,-4.738794364021424e-21,2.3392161413154394e-19,-1550.8396746832545,-17.87011747538847,284.2364805289581,-1057196.895498274,88.59154426533271,127063.62822429888,-0.0523387830754349,4712.045881545894
40.00431016276235,2001.0,12.0,14.0,14.0,22.0,8.0,1.0,3480319.4036399773,40143.38373274402,-638060.6955372276,466.8148476158305,-293.66985318988816,4667.756839552662,3538552.8247858463,4700.2246752488145,3480419.242097423,30274.442165651963,-638060.6955372276,3538552.8247858463,468.1261656888143,-541.692700583194,4667.756839552662,4722.343380363004,20255449.55759984,0.8266046937004595,1.6336280721164325,2.1073424255447017e-08,7.449090331763193e-07,6.1015135217759555,-0.18130857093994146,0.008698285043523506,142352.8247858463,-0.08218947491534707,-0.08180364944229437,363.1966474354267,-16543140906.525208,-1040804415.8808559,-204319086.81918842,-16544443628.68952,-1899489956.9428406,16575849446.868925,16654381506.638144,-0.9835713678537662,-0.00855559989202201,0.1803168490428974,-0.008698175358328182,0.9999621701571694,0.0,0.1803100276848384,0.001568427573036313,0.9836085776116641,4674.803901717151,-545.7440519124515,-0.11621554590436543,6.28638141061529e-10,185.16603098230783,0.0,-87.86603098230785,3.5,0.0,3.0175358644309256e-17,2.2928010045887275,1.5707963267948966,17.853482331322688,461.0,0.0033153099749830325,0.06219881082185141,0.0,0.007052341796321617,-1550.853492223696,-17.88815899669711,284.32409303860345,-0.017630579913398097,0.023639661977908687,-0.17540400421857996,-0.01769754156664114,0.02358957373522267,-0.17540400421857996,-2.328722841996168e-18,1.8564860921214175e-21,2.3431974115274927e-19,-2.3287187440514567e-18,-4.7468388140644915e-21,2.3431974115274927e-19,-1550.8711897652627,-17.86456942296189,284.14868903438486,-1057196.9750217404,88.74508247029863,127025.79551382686,-0.05224640737424397,4712.073930221895
40.16228771695963,2001.0,12.0,14.0,14.0,22.0,8.0,1.0,3480393.1079274626,40096.990004221196,-637323.2870396981,466.28336872337934,-293.6759716879691,4667.854158897757,3538491.9000217402,4700.2689502872045,3480493.1528024697,30188.865687608926,-637323.2870396981,3538491.9000217402,467.58530236791836,-541.7077629560674,4667.854158897757,4722.387718535661,20255444.062301893,0.8266046466990411,1.6336280712117428,2.1073424255447017e-08,7.50551239220102e-07,6.101722651365143,-0.1810998622123509,0.00867351473592562,142291.90002173977,-0.08209491516048355,-0.0817095380892587,365.9497319161892,-16543140692.685022,-1040804387.4015441,-204325749.84977138,-16544437440.200748,-1899526029.6792212,16575849231.662476,16654379555.00585,-0.9836091903392759,-0.008531562750623634,0.18011155742246646,-0.008673405985121209,0.9999623853068761,0.0,0.18010478258150595,0.0015621806601375228,0.983646189888851,4674.885062187152,-545.7429439449136,-0.11621331259092534,6.332176233423438e-10,185.08987502717468,0.0,-87.8,3.4898750271746923,0.0,3.017409120314214e-17,2.292780305703661,1.5707963267948966,17.85732255742846,461.0,0.0033395530494709207,0.06272446640237314,0.0,0.007103792678331343,-1550.9664449058794,-17.8684085704636,284.0101684215527,-0.017738292049817278,0.023809858596406764,-0.17668444349302276,-0.017806001932026094,0.023759264854413716,-0.17668444349302276,-2.3456415660751264e-18,1.901907643508653e-21,2.357477459351513e-19,-2.345637475579153e-18,-4.775658144465317e-21,2.357477459351513e-19,-1550.9842509078114,-17.844649305609188,283.8334839780597,-1057197.2618390694,88.89862067526454,126988.02941023947,-0.05215403333275987,4712.101928304002
40.26596560233519,2001.0,12.0,14.0,14.0,22.0,8.0,1.0,3480441.4331186875,40066.54209250895,-636839.3304831357,465.93454744182924,-293.67998343969344,4667.91796915786,3538451.953893782,4700.297980124218,3480541.6126561463,30132.702060435575,-636839.3304831357,3538451.953893781,467.23032208260355,-541.7176345740086,4667.91796915786,4722.416789766519,20255440.43400317,0.8266046156660479,1.633628070614446,2.1073424255447017e-08,7.542401990201512e-07,6.101859903321784,-0.18096288643105543,0.008657258729665083,142251.95389378117,-0.08203285539018632,-0.08164777259754268,367.765609562397,-16543140551.498074,-1040804368.5985513,-204330114.30583227,-16544433381.615808,-1899549681.5334094,16575849089.57348,16654378274.404284,-0.983633989667739,-0.008515786692335037,0.1799768200278501,-0.008657150589180068,0.9999625261696942,0.0,0.17997007560703737,0.0015580864335428576,0.9836708515823079,4674.938277331736,-545.742217597397,-0.11621184832348427,6.362635155991855e-10,185.03994236722647,0.0,-87.8,3.439942367226467,0.0,3.017326007634152e-17,2.2927667323729475,1.5707963267948966,17.859841721684504,461.0,0.0033556773991969976,0.0630715410976448,0.0,0.007137902010006937,-1551.0405086631422,-17.85544478243173,283.8041145269786,-0.017809529855126537,0.023924523293647325,-0.17753307740021618,-0.017877741321367286,0.023873594905987526,-0.17753307740021618,-2.3568574760196767e-18,1.9322364405630446e-21,2.3669251969565943e-19,-2.3568533912438586e-18,-4.7945792124737364e-21,2.3669251969565943e-19,-1551.0583864044636,-17.831571187525743,283.6265814495784,-1057197.4512117691,89.05215888023045,126950.32991353673,-0.05206166094795158,4712.129875794569
40.361384361025074,2001.0,12.0,14.0,14.0,22.0,8.0,1.0,3480485.876697814,40038.51933700999,-636393.9207449841,465.6134990277257,-293.6836730103686,4667.976655080835,3538415.216348249,4700.324678429073,3480586.1796060423,30081.011603134044,-636393.9207449841,3538415.2163482495,466.90360518171906,-541.726710313445,4667.976655080835,4722.443526139659,20255437.079377018,0.8266045869737408,1.63362807006219,2.1073424255447017e-08,7.577647051269665e-07,6.101986224317148,-0.18083681959051026,0.008642297916834374,142215.21634824947,-0.08197573808079665,-0.08159092612434501,369.4433089196682,-16543140420.961996,-1040804351.2137213,-204334125.22401002,-16544429648.309559,-1899571433.805439,16575848958.203384,16654377095.968647,-0.9836567974060749,-0.008501266743414742,0.17985281032161107,-0.008642190336020032,0.999962655575795,0.0,0.17984609382196795,0.001554322219267471,0.9836935328746543,4674.987218933595,-545.7415496659262,-0.11621050169380023,6.390647534459777e-10,184.99402043531185,0.0,-87.8,3.3940204353118397,0.0,3.017249562942313e-17,2.29275424800735,1.5707963267948966,17.862159427799842,461.0,0.0033705071093630234,0.06339244332111973,0.0,0.0071692710689899635,-1551.1086267979736,-17.843512356607025,283.6144536939993,-0.01787491770916308,0.024029978800859466,-0.17831353598655084,-0.017943592074945384,0.023978741996340515,-0.17831353598655084,-2.367171919686644e-18,1.960320681126458e-21,2.375596978540412e-19,-2.367167840564293e-18,-4.811944337277379e-21,2.375596978540412e-19,-1551.1265703900485,-17.819533614610684,283.43614015801273,-1057197.626300672,89.20569708519638,126912.69702371859,-0.051969290216788144,4712.157772695972
40.38952706130403,2001.0,12.0,14.0,14.0,22.0,8.0,1.0,3480498.97898652,40030.25427011685,-636262.5510336024,465.5188066785284,-293.6847607325616,4667.993956314152,3538404.385854014,4700.3325493249295,3480599.3181782933,30065.76591304859,-636262.5510336024,3538404.385854014,466.80724095390366,-541.7293853645112,4667.993956314152,4722.451408258199,20255436.087292932,0.8266045784883816,1.6336280698988694,2.1073424255447017e-08,7.586432731961108e-07,6.102023481786294,-0.18079963707786836,0.008637885431395194,142204.3858540142,-0.08195889172720057,-0.08157415965091086,369.93923142552376,-16543140382.35805,-1040804346.0724438,-204335307.12782255,-16544428547.577717,-1899577846.5698998,16575848919.352789,16654376748.435308,-0.9836635213581532,-0.008496984130261313,0.17981623400007085,-0.008637778015278461,0.9999626936995993,0.0,0.17980952572162834,0.0015532127128359793,0.9837002195740487,4675.001647427642,-545.7413527686094,-0.11621010470198466,6.397582921168158e-10,184.98265094890465,0.0,-87.78265094890466,3.4,0.0,3.017230477889483e-17,2.2927511311816917,1.5707963267948966,17.862738159603456,461.0,0.003374181471850139,0.06348734763185285,0.0,0.007177086148468258,-1551.1287091354225,-17.83999277323436,283.5585114130226,-0.017890668617385856,0.02405552174352308,-0.1785081246134949,-0.017959463878800208,0.02400420394673186,-0.1785081246134949,-2.3697423758754123e-18,1.9681632486545158e-21,2.37768565666606e-19,-2.369738299067868e-18,-4.816182839843792e-21,2.37768565666606e-19,-1551.1466685993012,-17.81598856928763,283.3800032884091,-1057197.6780807935,89.35923529016229,126875.13074078513,-0.05187692113623871,4712.185619010618
40.44475093534258,2001.0,12.0,14.0,14.0,22.0,8.0,1.0,3480524.68160773,40014.03580096125,-636004.7653861382,465.3329901556607,-293.6868945193593,4668.027896225581,3538383.1397879384,4700.347989636497,3480625.091861249,30035.849372817072,-636004.7653861382,3538383.1397879384,466.61814370757384,-541.7346322655434,4668.027896225581,4722.4668705850345,20255434.137212522,0.8266045618092055,1.6336280695778553,2.1073424255447017e-08,7.606893192589597e-07,6.102096592053942,-0.18072667389144606,0.008629226949476923,142183.13978793845,-0.0819258341381417,-0.08154125880920338,370.9136875271797,-16543140306.476923,-1040804335.9668132,-204337624.93645304,-16544426388.124685,-1899590426.472701,16575848842.98686,16654376066.529417,-0.9836767117508503,-0.008488580288288727,0.17974445961899285,-0.008629119856052442,0.9999627684521608,0.0,0.17973776745454573,0.0015510364855136675,0.9837133369210139,4675.02995186012,-545.7409665357274,-0.11620932593312325,6.411983032619497e-10,184.9590442088205,0.0,-87.7590442088205,3.4,0.0,3.0171909623889924e-17,2.292744677810725,1.5707963267948966,17.863936544216475,461.0,0.003381808815492319,0.06367389581198954,0.0,0.007193278089579948,-1551.1681052626275,-17.833086035929846,283.44873176026687,-0.017923645542469863,0.024108959531179315,-0.17891118426500702,-0.017992687826530445,0.024057476675353233,-0.17891118426500702,-2.3750673920574574e-18,1.983872377102876e-21,2.3820587487948516e-19,-2.3750633195322548e-18,-4.825015714766954e-21,2.3820587487948516e-19,-1551.186097950454,-17.809028559254493,283.26982057600185,-1057197.7798618972,89.5127734951282,126837.63106473626,-0.05178455370327248,4712.213414740937
40.54538337710725,2001.0,12.0,14.0,14.0,22.0,8.0,1.0,3480571.492164877,39984.48117609047,-635535.007230125,464.99437137384655,-293.6907806969099,4668.089709740968,3538344.445672404,4700.37611029854,3480672.031445724,29981.332813207813,-635535.007230125,3538344.445672404,466.27354648652414,-541.7441856662756,4668.089709740968,4722.495031341574,20255430.572420426,0.8266045313192479,1.6336280689910903,2.1073424255447017e-08,7.644745909202678e-07,6.102229820461974,-0.18059371348902387,0.008613449094106043,142144.44567240402,-0.08186559342677628,-0.08148130373300597,372.69380766153336,-16543140167.76567,-1040804317.4944968,-204341843.76464006,-16544422454.712505,-1899613337.626152,16575848703.389437,16654374824.099392,-0.9837007348741253,-0.008473265752823098,0.17961366310942972,-0.008613342587042125,0.9999629044767002,0.0,0.1796070002466049,0.001547074013675088,0.9837372271213549,4675.081501641397,-545.7402631773772,-0.11620790763038844,6.438209044259486e-10,184.9160507471156,0.0,-87.7160507471156,3.4,0.0,3.0171189902741185e-17,2.2927329238723777,1.5707963267948966,17.866119666958518,461.0,0.003395700389853188,0.06401491175670708,0.0,0.0072227678792215885,-1551.2398577200702,-17.82049902731066,283.24866660865064,-0.017983612245455843,0.024206274121098353,-0.1796452658400609,-0.01805310556207247,0.024154490178543063,-0.1796452658400609,-2.3847653989212124e-18,2.0126239100798475e-21,2.390010900419418e-19,-2.3847613344980476e-18,-4.841077353682572e-21,2.390010900419418e-19,-1551.2579108256323,-17.796344537132118,283.0690213428106,-1057197.965920167,89.66631170009411,126800.19799557206,-0.05169218791485877,4712.241159889383
40.59840931831098,2001.0,12.0,14.0,14.0,22.0,8.0,1.0,3480596.144198287,39968.90789175585,-635287.476516497,464.81593772185533,-293.69282731448135,4668.122263311024,3538324.068033444,4700.390919699792,3480696.751225076,29952.60618450191,-635287.476516497,3538324.068033444,466.09196258364835,-541.7492155397628,4668.122263311024,4722.509861857682,20255428.688147403,0.8266045152028874,1.6336280686809652,2.1073424255447017e-08,7.665050714976787e-07,6.10230002326138,-0.18052365190108285,0.008605135410479902,142124.06803344423,-0.08183385041518314,-0.08144971123037899,373.63412100076675,-16543140094.446495,-1040804307.7309021,-204344064.27098688,-16544420382.962519,-1899625403.5090156,16575848629.601881,16654374169.522108,-0.9837133864224039,-0.008465195840908147,0.17954474047640914,-0.008605029211518858,0.999962976050748,0.0,0.17953809302104928,0.001544987736574073,0.9837498087253989,4675.108649879395,-545.7398927975858,-0.11620716071408985,6.452597274080706e-10,184.88517008361063,0.0,-87.7,3.4,0.0,3.0170679641848465e-17,2.292724590679606,1.5707963267948966,17.86766777093113,461.0,0.0034033203053517817,0.06419516657407175,0.0,0.007238948125971637,-1551.277646452768,-17.81386601515416,283.1432376991354,-0.018016743918840613,0.024259923148046068,-0.18004782326664914,-0.018086482271489707,0.024207975785456956,-0.18004782326664914,-2.3900766962790784e-18,2.028008477030956e-21,2.3943971291004564e-19,-2.390072635923656e-18,-4.849940581620047e-21,2.3943971291004564e-19,-1551.2957329350395,-17.789658039368703,282.96318987586875,-1057198.0642666202,89.81984990506002,126762.83153329247,-0.051599823767966985,4712.268854458437
40.656968333192346,2001.0,12.0,14.0,14.0,22.0,8.0,1.0,3480623.357592001,39951.709462950945,-635014.1148230727,464.6188800804132,-293.69508659526645,4668.158199584756,3538301.5731461556,4700.407267883047,3480724.0392396855,29920.881721561957,-635014.1148230727,3538301.5731461556,465.8914259331605,-541.7547669978356,4668.158199584756,4722.526233349404,20255426.602025412,0.8266044973600775,1.63362806833762,2.1073424255447017e-08,7.683857133599552e-07,6.102377552414755,-0.18044627868719143,0.008595954297157971,142101.5731461551,-0.08179879468125276,-0.08141482171058842,374.67472353577614,-16543140013.273676,-1040804296.9214641,-204346514.46899548,-16544418095.711117,-1899638723.112497,16575848547.910507,16654373446.696144,-0.9837273525966659,-0.008456283644290156,0.1794686240546864,-0.00859584843775546,0.9999630550123515,0.0,0.1794619935885874,0.001542685091706598,0.9837636977343277,4675.138619123708,-545.7394839604316,-0.11620633620090809,6.470030811729784e-10,184.8289328653878,0.0,-87.7,3.4,0.0,3.0169763570259385e-17,2.29270963009522,1.5707963267948966,17.870447780045364,461.0,0.0034125491792868843,0.06439473248862095,0.0,0.007258556280980039,-1551.3193626142236,-17.806540407259643,283.0268002740442,-0.018057574665174818,0.024325608545557573,-0.18053510917595228,-0.01812760262659046,0.024273468168197507,-0.18053510917595228,-2.3964882061340006e-18,2.0455109705635582e-21,2.3997837990280557e-19,-2.3964841494423623e-18,-4.86083593720711e-21,2.3997837990280557e-19,-1551.3374902168503,-17.782266939091446,282.84626516486827,-1057198.173148265,89.97338811002595,126725.53167789752,-0.05150746125956662,4712.296498450606
40.79476877287458,2001.0,12.0,14.0,14.0,22.0,8.0,1.0,3480687.350327029,39911.23778474323,-634370.8347467637,464.15514525257265,-293.70039940604687,4668.242705833758,3538248.6760550635,4700.445711211416,3480788.2067680126,29846.22677706714,-634370.8347467637,3538248.676055064,465.41950417194283,-541.7678171055425,4668.242705833758,4722.5647314870175,20255421.67080599,0.8266044551827979,1.6336280675260013,2.1073424255447017e-08,7.735697837124904e-07,6.1025599970459385,-0.1802642009819835,0.0085743497088285,142048.67605506396,-0.08171630005039254,-0.08133271821340404,377.13275241851807,-16543139821.397861,-1040804271.3698108,-204352271.92747113,-16544412716.165922,-1899670044.6554077,16575848354.808916,16654371745.954144,-0.9837601947890457,-0.008435310660624314,0.17928949964422777,-0.008574244645602826,0.9999632404887479,0.0,0.1792829090498482,0.0015372720323373298,0.9837963586623618,4675.209093474609,-545.738522676979,-0.11620439737847563,6.511026057325437e-10,184.69834506882992,0.0,-87.69834506882995,3.4,0.0,3.0167635308375483e-17,2.292674872940988,1.5707963267948966,17.87690989232097,461.0,0.0034342517936198657,0.06486647810778724,0.0,0.007304665556732513,-1551.4174636303496,-17.789299946327127,282.7527704697245,-0.01815341039508489,0.024480010637708296,-0.1816810126342759,-0.018224121522012252,0.02442741542909559,-0.1816810126342759,-2.4115658545907492e-18,2.0869446260643943e-21,2.412427828549929e-19,-2.4115618070806097e-18,-4.8864093142037764e-21,2.412427828549929e-19,-1551.4356877518717,-17.76487253089803,282.57108945709024,-1057198.4305250905,90.12692631499186,126688.29842938721,-0.051415100386627284,4712.32409186842
40.97423724159363,2001.0,12.0,14.0,14.0,22.0,8.0,1.0,3480770.597340705,39858.527203560625,-633533.0225110813,463.55114253727106,-293.7073109062504,4668.352641703782,3538179.8631661492,4700.495722105284,3480871.6797374315,29748.99501355439,-633533.0225110813,3538179.8631661492,464.8048386116931,-541.7847848387729,4668.352641703782,4722.61481367921,20255415.2015406,0.8266043998502964,1.633628066461399,2.1073424255447017e-08,7.801437445109341e-07,6.102797617326371,-0.18002705851914128,0.00854621298354071,141979.86316614924,-0.08160885682793173,-0.08122578439618267,380.3531255722046,-16543139569.680433,-1040804237.8515449,-204359752.82986435,-16544405715.81756,-1899710790.8840575,16575848101.483568,16654369531.361876,-0.9838029196804496,-0.008407993986753808,0.17905619471367482,-0.00854610895121701,0.9999634813440909,0.0,0.17904965582211166,0.0015302337484133922,0.9838388481528154,4675.30077480074,-545.737272378467,-0.11620187526953686,6.564356046234336e-10,184.61232895768654,0.0,-87.61232895768654,3.4,0.0,3.016620229934472e-17,2.2926514701275114,1.5707963267948966,17.881263713057976,461.0,0.0034624883090962153,0.06548535199436094,0.0,0.0073646156516102585,-1551.5450915602846,-17.76684228680679,282.39581550401317,-0.018277804568418692,0.02467776262616077,-0.18317304495429668,-0.018349400254311247,0.024624573465981636,-0.18317304495429668,-2.431275029145378e-18,2.141552619125564e-21,2.4289173427827685e-19,-2.4312709947540324e-18,-4.919721660343733e-21,2.4289173427827685e-19,-1551.5634409605389,-17.742217713340807,282.2126424590589,-1057198.7681778688,90.28046451995777,126651.13178776152,-0.051322741146118664,4712.351634714435
41.02861905632567,2001.0,12.0,14.0,14.0,22.0,9.0,1.0,3480795.8011162844,39842.554810087626,-633279.1481174559,463.36811024345536,-293.70940346015095,4668.3859264810135,3538159.0294506154,4700.510863495318,3480896.951603423,29719.5316341144,-633279.1481174559,3538159.029450616,464.61857522723125,-541.7899199765374,4668.3859264810135,4722.629976654995,20255413.23092292,0.8266043829953053,1.6336280661371412,2.1073424255447017e-08,7.822754829172505e-07,6.102869621883839,-0.1799551987342063,0.008537687250558501,141959.02945061587,-0.0815762989427481,-0.08119338086909708,381.3331309556961,-16543139493.005238,-1040804227.6420836,-204362015.75905922,-16544403595.915527,-1899723127.300054,16575848024.318615,16654368860.40496,-0.9838158552595969,-0.00839971617633283,0.17898549580338896,-0.008537583529272613,0.999963554169591,0.0,0.17897897252836326,0.001528103620949706,0.9838517125522601,4675.328532696466,-545.7368938882507,-0.11620111169436678,6.579679384568888e-10,184.5878105006843,0.0,-87.6,3.4,0.0,3.0165792673638366e-17,2.2926447804320556,1.5707963267948966,17.88250865667147,461.0,0.0034706035557159087,0.06567387463623166,0.0,0.007381849074687279,-1551.5837342965694,-17.760036356147708,282.28763812376445,-0.018313106380645837,0.024735084592494027,-0.18360192696658897,-0.018384963541554104,0.0246817217933112,-0.18360192696658897,-2.436940987698519e-18,2.1579410451523595e-21,2.4335984454840427e-19,-2.436936958025491e-18,-4.9291828992581495e-21,2.4335984454840427e-19,-1551.602119260111,-17.735354634354398,282.10403619679784,-1057198.8710310943,90.43400272492369,126614.03175302048,-0.05123038353501054,4712.3791269912335
41.081847639438955,2001.0,12.0,14.0,14.0,22.0,9.0,1.0,3480820.460776196,39826.921020198344,-633030.6556823318,463.18895495144545,-293.71145085509016,4668.418493008919,3538138.645506951,4700.525678072621,3480921.6777396426,29690.69279062008,-633030.6556823318,3538138.6455069506,464.4362573285618,-541.7949433547254,4668.418493008919,4722.644812351843,20255411.29779352,0.8266043664609416,1.6336280658190558,2.1073424255447017e-08,7.841183016850475e-07,6.102940100315394,-0.1798848619994426,0.00852934238102706,141938.64550695056,-0.08154443109431876,-0.08116166410548868,382.29409289360046,-16543139417.789145,-1040804217.6269394,-204364228.94323626,-16544401521.574726,-1899735197.4503531,16575847948.62209,16654368203.73524,-0.9838285116836879,-0.00839161371709501,0.17891629444374985,-0.008529238963579702,0.9999636253797946,0.0,0.17890978643149089,0.0015260198297889296,0.9838642993739113,4675.355691590886,-545.7365235915375,-0.11620036461086534,6.593948145134603e-10,184.56516167438951,0.0,-87.6,3.4,0.0,3.016541323198086e-17,2.292638583679526,1.5707963267948966,17.883662024459056,461.0,0.0034781620207873162,0.0658588112711023,0.0,0.0073979036678000635,-1551.6215437971273,-17.753374347916328,282.18174832886933,-0.018345609318484942,0.024788934194386186,-0.18400145004291987,-0.018417716273443914,0.024735407153127872,-0.18400145004291987,-2.4422197917612706e-18,2.1737888695981205e-21,2.437909922356666e-19,-2.4422157672406013e-18,-4.937901367361094e-21,2.437909922356666e-19,-1551.6399615134007,-17.7286389407632,281.99774687882643,-1057198.9719276987,90.5875409298896,126576.99832516407,-0.05113802755027284,4712.406568701423
41.166752583350245,2001.0,12.0,14.0,14.0,22.0,9.0,1.0,3480859.7756764647,39801.98332734904,-632634.2816675928,462.90317519982847,-293.7147150509847,4668.470414494724,3538106.147381713,4700.549297099234,3480961.098327889,29644.691381376877,-632634.2816675928,3538106.1473817136,464.1454328292842,-541.8029502862911,4668.470414494724,4722.668465048944,20255408.20556117,0.8266043400125571,1.6336280653102435,2.1073424255447017e-08,7.873681076540498e-07,6.103052522175035,-0.17977266614896925,0.008516031607917973,141906.1473817136,-0.08149359786791652,-0.0811110718747368,383.8304598033428,-16543139297.474508,-1040804201.6067278,-204367755.5989656,-16544398214.038055,-1899754441.0181582,16575847827.53895,16654367156.405624,-0.9838486900411078,-0.00837868909142669,0.17880590782607184,-0.008515928673889735,0.9999637388219741,0.0,0.17879942411321606,0.00152269835751693,0.9838843668472909,4675.398991542607,-545.7359332733416,-0.11619917355003063,6.616696832800461e-10,184.52905264634848,0.0,-87.6,3.4,0.0,3.016480825064585e-17,2.29262870358454,1.5707963267948966,17.885501271470307,461.0,0.003490212770920146,0.06615463637531341,0.0,0.007423499923231849,-1551.6818255548187,-17.742746944777767,282.01283026282215,-0.01839735804266576,0.024874788414463216,-0.18463842192799704,-0.01846986416312428,0.024820999162203147,-0.18463842192799704,-2.4506357328322414e-18,2.199163848799601e-21,2.444774293082729e-19,-2.4506317167641555e-18,-4.9517820447861495e-21,2.444774293082729e-19,-1551.7002954189818,-17.717925945615566,281.82819184089414,-1057199.1333218738,90.74107913485553,126540.03150419229,-0.051045673188875575,4712.433959847633
41.22120538249806,2001.0,12.0,14.0,14.0,22.0,9.0,1.0,3480884.9770598034,39785.98968200001,-632380.0694796987,462.71988783010687,-293.7168074665665,4668.50369729949,3538085.315643301,4700.564437307596,3480986.3672675434,29615.18855443452,-632380.0694796987,3538085.3156433003,463.95891002277244,-541.8080816458452,4668.50369729949,4722.683626840282,20255406.216761608,0.8266043230019999,1.6336280649829955,2.1073424255447017e-08,7.897615432739463e-07,6.10312462371001,-0.1797007095550293,0.00850749498436482,141885.3156433003,-0.08146099604963694,-0.08107862461631084,384.8180738091469,-16543139220.093586,-1040804191.3032027,-204370015.0532627,-16544396093.593575,-1899766776.4864013,16575847749.66376,16654366484.793371,-0.983861624782393,-0.008370399781908549,0.17873511039535753,-0.008507392359574416,0.9999638114828158,0.0,0.17872864223674356,0.0015205697125651545,0.9838972305642288,4675.426747734868,-545.7355549010562,-0.11619841007330012,6.631279049689776e-10,184.5059062703337,0.0,-87.6,3.4,0.0,3.0164420425215527e-17,2.29262236991461,1.5707963267948966,17.886680533421742,461.0,0.003497937651039874,0.06634489852173604,0.0,0.0074399077376420914,-1551.7204683120672,-17.735930646510255,281.90448809173523,-0.018430483925407932,0.024929823288695908,-0.18504673739953575,-0.01850324651076896,0.02487586572346863,-0.18504673739953575,-2.456030428014872e-18,2.215499933023558e-21,2.449168355117454e-19,-2.45602641751965e-18,-4.960667340440379e-21,2.449168355117454e-19,-1551.738971558578,-17.711054780786785,281.7194413543357,-1057199.2371241413,90.89461733982144,126503.13129010514,-0.05095332044778884,4712.461300432524
41.24531197395926,2001.0,12.0,14.0,14.0,22.0,9.0,1.0,3480896.130681048,39778.90915975504,-632267.5275907838,462.63874391737755,-293.7177335327062,4668.518427701036,3538076.095938299,4700.571138079838,3480997.5507401256,29602.12738098926,-632267.5275907838,3538076.095938299,463.87633375054014,-541.8103523838757,4668.518427701036,4722.690337164648,20255405.334902365,0.8266043154592958,1.6336280648378882,2.1073424255447017e-08,7.903236512050905e-07,6.103156543775939,-0.17966885365349486,0.00850371578971999,141876.09593829932,-0.08144656289323708,-0.08106425988454335,385.25586917996407,-16543139185.782051,-1040804186.7344767,-204371014.74754268,-16544395155.060778,-1899772235.9346256,16575847715.133057,16654366187.486557,-0.9838673494717372,-0.008366729990621855,0.17870376737137594,-0.008503613301632292,0.9999638436267665,0.0,0.17869730609126463,0.0015196277332710352,0.9839029238330768,4675.439032146705,-545.7353874485467,-0.11619807217632248,6.638123249360534e-10,184.49511992287415,0.0,-87.59511992287416,3.395119922874166,0.0,3.016424013218286e-17,2.2926194255059396,1.5707963267948966,17.88722880583492,461.0,0.0035015624931484385,0.06642926390271886,0.0,0.007447590376049321,-1551.737571145602,-17.7329128951351,281.856522212859,-0.01844615955525558,0.02495542504560542,-0.18523793009142944,-0.01851903942808329,0.024901389925180355,-0.18523793009142944,-2.458556273134093e-18,2.222898670428609e-21,2.4512471419081525e-19,-2.458552264995008e-18,-4.964849787808527e-21,2.4512471419081525e-19,-1551.7560901850302,-17.70801150520992,281.67128428276754,-1057199.2831514105,91.04815554478735,126466.29768290263,-0.0508609693239829,4712.488590458774
41.267102991957834,2001.0,12.0,14.0,14.0,22.0,9.0,1.0,3480906.211251056,39772.50874221761,-632165.7956766401,462.56539356275516,-293.7185705079973,4668.531740997339,3538067.7632291485,4700.577194205279,3481007.6582643683,29590.320759488866,-632165.7956766401,3538067.763229149,463.8016886164669,-541.8124045047192,4668.531740997339,4722.696401923197,20255404.53692829,0.8266043086340745,1.6336280647065868,2.580956827951785e-08,7.914466693931727e-07,6.103185397882693,-0.17964005754671591,0.008500299619280454,141867.76322914846,-0.08143351605416349,-0.08105127489754507,385.6519435942173,-16543139154.734419,-1040804182.600391,-204371918.1092332,-16544394306.782417,-1899777170.158513,16575847683.88711,16654365918.745197,-0.9838725234271086,-0.008363412670333414,0.17867543472363304,-0.008500197254659479,0.999963872670724,0.0,0.17866897965736925,0.0015187764397129144,0.9839080693979091,4675.450134761314,-545.7352361098599,-0.11619776678847747,6.644789416681226e-10,184.48470403643557,0.0,-87.58470403643558,3.3847040364355845,0.0,3.01640665444326e-17,2.2926165906028415,1.5707963267948966,17.887756720333627,461.0,0.003505092029302332,0.06650560463724246,0.0,0.0074550517122685496,-1551.753028750481,-17.730184945017438,281.8131626020226,-0.01846158317687179,0.024980094231080305,-0.18542362331281154,-0.018534573606319306,0.024925985284881696,-0.18542362331281154,-2.4610092439534555e-18,2.2297817450047412e-21,2.45329188383188e-19,-2.4610052377823276e-18,-4.968939417892271e-21,2.45329188383188e-19,-1551.7715633240873,-17.705258959732557,281.6277389787098,-1057199.3248004206,91.20169374975326,126429.53068258475,-0.050768619814428054,4712.515829929094
41.375740097892994,2001.0,12.0,14.0,14.0,22.0,9.0,1.0,3480956.443153037,39740.59978017546,-631658.616295201,462.1997012404091,-293.7227412296242,4668.598082493827,3538026.2409908017,4700.607372287884,3481058.024123236,29531.459272461118,-631658.616295201,3538026.2409908012,463.42954120421126,-541.8226280786001,4668.598082493827,4722.726623024435,20255400.546775095,0.8266042745055127,1.633628064050079,2.580956827951785e-08,7.955043205642397e-07,6.103329249380904,-0.17949649518664362,0.00848326877793205,141826.24099080032,-0.08136847127547224,-0.08098653847683579,387.6313439309597,-16543138999.486374,-1040804161.9293444,-204376417.39690137,-16544390079.218863,-1899801757.7462783,16575847527.647467,16654364579.054926,-0.9838983057255077,-0.008346874008540712,0.17853418071831745,-0.008483167027357972,0.9999640172912153,0.0,0.17852775657488454,0.001514535275126,0.9839337103256698,4675.505460166088,-545.7344820362082,-0.11619624504555863,6.678007207359741e-10,184.43280123850042,0.0,-87.5328012385004,3.3328012385004038,0.0,3.0163201491451116e-17,2.2926024632155477,1.5707963267948966,17.89038799790768,461.0,0.003522680250719251,0.06688734317898175,0.0,0.0074922313336506455,-1551.8300571286284,-17.71658400049803,281.59698135242576,-0.01853834008422237,0.02510301001497899,-0.18634893051095977,-0.018611882612563767,0.02504853270166873,-0.18634893051095977,-2.47323201743873e-18,2.264229248133535e-21,2.4634675975915386e-19,-2.4732280213930933e-18,-4.98928994370245e-21,2.4634675975915386e-19,-1551.8486690112409,-17.691535467796363,281.4106324219148,-1057199.533060303,91.35523195471917,126392.83028915152,-0.05067627191609479,4712.543018846216
41.624420160013464,2001.0,12.0,14.0,14.0,22.0,9.0,1.0,3481071.27891149,39667.55560472526,-630497.6101701967,461.3625304183898,-293.73227620901764,4668.749751495232,3537931.316498451,4700.676363742539,3481173.163881033,29396.715882022065,-630497.6101701967,3537931.316498451,462.57759356111967,-541.845986320448,4668.749751495232,4722.795712821291,20255391.33814682,0.8266041957420818,1.6336280625352944,2.1073424255447017e-08,8.046627044677951e-07,6.1036585509729155,-0.179167855362259,0.008444284663432524,141731.31649845047,-0.08121957188496967,-0.08083834494653383,392.1923466026783,-16543138641.206078,-1040804114.2298163,-204386689.48638913,-16544380411.04001,-1899857968.6266987,16575847167.079079,16654361512.979055,-0.9839572485896668,-0.008309012598672063,0.17821081128115587,-0.008444184309176164,0.9999643472401167,0.0,0.17820445757389267,0.001504844936345891,0.9839923306319578,4675.631944068769,-545.7327584729293,-0.11619276628008329,6.753946801239627e-10,184.22829124612616,0.0,-87.41414562306309,3.3,0.0,3.015985423560989e-17,2.2925477983792284,1.5707963267948966,17.900577082078733,461.0,0.0035628887820891536,0.06776836450465366,0.0,0.007577496113902854,-1552.0061681945172,-17.68544394614734,281.10202337541045,-0.01871396032036951,0.025384137066037208,-0.18846916821257936,-0.01878877305914308,0.02532881229729787,-0.18846916821257936,-2.501147382075564e-18,2.3434722179291597e-21,2.4866592412976166e-19,-2.501143409997753e-18,-5.0360053907501026e-21,2.4866592412976166e-19,-1552.0249569675764,-17.660115133850045,280.9135542071979,-1057200.0136907343,91.50877015968508,126356.19650260289,-0.05058392562595375,4712.570157212893
41.68208507157949,2001.0,12.0,14.0,14.0,22.0,9.0,1.0,3481097.877743493,39650.61749531094,-630228.3861156736,461.1683903764859,-293.73448479667803,4668.784882800415,3537909.3296131794,4700.69234408155,3481199.832680747,29365.470225209836,-630228.3861156736,3537909.329613179,462.3800269041912,-541.8513938870059,4668.784882800415,4722.811715938176,20255389.18800725,0.8266041773514173,1.63362806218167,2.580956827951785e-08,8.071424105138307e-07,6.103734913231252,-0.17909164653821041,0.008435245073346016,141709.32961317943,-0.08118504330303386,-0.08080398004247123,393.2558801174164,-16543138557.551962,-1040804103.0935404,-204389066.0201505,-16544378170.955156,-1899870988.6500611,16575847082.890785,16654360802.126278,-0.9839709015554018,-0.008300232563738581,0.17813582186533317,-0.00843514504103111,0.9999644235312258,0.0,0.17812948442182902,0.0015026014944373664,0.9840059090108974,4675.661241661536,-545.7323593188238,-0.11619196053276218,6.770706390481508e-10,184.18814401464383,0.0,-87.4,3.3,0.0,3.0159193916690405e-17,2.292537014552905,1.5707963267948966,17.902588520051854,461.0,0.003571764974653415,0.06797408054894803,0.0,0.007596344451159749,-1552.0469630074192,-17.678221821460884,280.9872307600693,-0.01875232918503139,0.025446729709109068,-0.18893794054300797,-0.018827430217036378,0.025391214507676854,-0.18893794054300797,-2.5073245079703903e-18,2.361694891107457e-21,2.4917320376947047e-19,-2.5073205421659367e-18,-5.046256476831519e-21,2.4917320376947047e-19,-1552.0657904376362,-17.652830606953206,280.7982928195263,-1057200.125914082,91.66230836465101,126319.62932293891,-0.05049158094097556,4712.59724503191
41.75203446807129,2001.0,12.0,14.0,14.0,22.0,9.0,1.0,3481130.1279574498,39630.070851697834,-629901.8059407466,460.9328853935255,-293.7371626619723,4668.827478856667,3537882.671233767,4700.711719824244,3481232.1675025704,29327.567817920903,-629901.8059407466,3537882.6712337667,462.14036527248254,-541.8579489757125,4668.827478856667,4722.8311192979845,20255386.572952103,0.8266041549841947,1.6336280617515822,2.580956827951785e-08,8.09888734918926e-07,6.103827544379415,-0.17899920150174045,0.008424279860062216,141682.6712337667,-0.08114315841170394,-0.0807622936977971,394.5487562716007,-16543138455.810427,-1040804089.5493529,-204391946.1068086,-16544375454.599009,-1899886775.0951443,16575846980.499567,16654359939.924227,-0.9839874554937006,-0.008289581804501586,0.17804485464213565,-0.008424180217343993,0.9999645159642745,0.0,0.1780385368921528,0.001499881942276166,0.9840223725787238,4675.6967644242495,-545.7318753916575,-0.1161909836014332,6.789959664501818e-10,184.1585235930741,0.0,-87.4,3.3,0.0,3.015869724734536e-17,2.2925289033269514,1.5707963267948966,17.90410176357272,461.0,0.0035819649001313397,0.06822427970910364,0.0,0.007618007794069193,-1552.0964269419474,-17.66946052214003,280.84797361440746,-0.018795893325635037,0.025519370928753067,-0.18947704081977013,-0.01887133504092031,0.025463633132003616,-0.18947704081977013,-2.514446284949124e-18,2.3835200600680426e-21,2.497510509597026e-19,-2.5144423274965737e-18,-5.057939890964976e-21,2.497510509597026e-19,-1552.1152982769884,-17.64399688900803,280.6584965735877,-1057200.262403043,91.81584656961692,126283.12875015958,-0.0503992378581311,4712.624282306072
41.85976587642231,2001.0,12.0,14.0,14.0,22.0,9.0,1.0,3481179.765368072,39598.42591144661,-629398.8230492804,460.570161593069,-293.7412843099561,4668.893040974941,3537841.6404071264,4700.741541918909,3481281.934651858,29269.19215456194,-629398.8230492804,3537841.6404071264,461.77123956183345,-541.8680351148917,4668.893040974941,4722.860983898423,20255382.530808114,0.8266041204106732,1.633628061086786,2.1073424255447017e-08,8.138544442905039e-07,6.103970211429846,-0.1788568210694438,0.00840739218401521,141641.64040712593,-0.08107864878354405,-0.080698089858237,396.54584443569183,-16543138298.548063,-1040804068.6139151,-204396375.9839464,-16544371273.066065,-1899911072.7529564,16575846822.232979,16654358612.205343,-0.9840129345787338,-0.00827317758383151,0.17790474730713235,-0.00840729313933943,0.9999646580865091,0.0,0.17789845981294342,0.0014956973614911689,0.9840477127078673,4675.751439562636,-545.7311306359836,-0.11618947999635248,6.819593039297924e-10,184.1129337856955,0.0,-87.4,3.3,0.0,3.015793274581439e-17,2.2925164180694635,1.5707963267948966,17.90643155142947,461.0,0.0035976644354726375,0.06861101628643558,0.0,0.0076513512799123926,-1552.172561917631,-17.6559656029073,280.6334775811412,-0.018862825793605233,0.025631178497242224,-0.19030680884099932,-0.018938793406417298,0.02557509750492529,-0.19030680884099932,-2.525407560348992e-18,2.4172942960036557e-21,2.506388565957701e-19,-2.5254036161610578e-18,-5.075890090764121e-21,2.506388565957701e-19,-1552.1915007110374,-17.630390505402374,280.4431707723002,-1057200.473376872,91.96938477458284,126246.69478426487,-0.050306896374391334,4712.6512690382115
41.893053387323384,2001.0,12.0,14.0,14.0,22.0,9.0,1.0,3481195.0947368806,39588.64797406282,-629243.4068843728,460.45808136944265,-293.74255719899276,4668.913288583875,3537828.9689830947,4700.750751839894,3481297.30396864,29251.1546646086,-629243.4068843728,3537828.9689830947,461.6571812082797,-541.8711492444461,4668.913288583875,4722.870206946171,20255381.27828969,0.8266041096975408,1.633628060880787,2.580956827951785e-08,8.153536331835289e-07,6.104014294235466,-0.17881282682025892,0.008402174179342652,141628.96898309467,-0.08105871588355912,-0.08067825144274716,397.1643490791321,-16543138249.818375,-1040804062.1267483,-204397743.32291242,-16544369981.526537,-1899918576.5726295,16575846773.192116,16654358202.005793,-0.9840208032920529,-0.008268108752870686,0.17786145469469686,-0.00840207531896671,0.9999647019421908,0.0,0.177855176530787,0.0014944053386858284,0.9840555385413398,4675.7683249224165,-545.7309006533487,-0.11618901564836419,6.82883770123558e-10,184.09871122886832,0.0,-87.39871122886834,3.3,0.0,3.0157694347492613e-17,2.292512524729409,1.5707963267948966,17.90715818924391,461.0,0.00360256209131695,0.0687308524257198,0.0,0.007661752688957341,-1552.1960752656041,-17.651795529447753,280.5671960268299,-0.018883723210547657,0.025666004329954802,-0.19056565592016397,-0.018959854489955946,0.02560981644365169,-0.19056565592016397,-2.528826779608722e-18,2.427802890990637e-21,2.5091602535714146e-19,-2.528822839567221e-18,-5.0814935083153986e-21,2.5091602535714146e-19,-1552.2150351200942,-17.6261857130041,280.3766303709097,-1057200.5387502704,92.12292297954875,126210.3274252548,-0.05021455648672734,4712.678205231185
41.92413357002304,2001.0,12.0,14.0,14.0,22.0,9.0,1.0,3481209.4042319153,39579.518383252755,-629098.2959126247,460.35343176349573,-293.74374540725063,4668.932189214943,3537817.1405979064,4700.759349040296,3481311.6507032146,29234.313165118536,-629098.2959126247,3537817.1405979064,461.55068463205765,-541.8740558722592,4668.932189214943,4722.878816399931,20255380.107180323,0.8266040996807176,1.6336280606881812,2.580956827951785e-08,8.164422232987347e-07,6.104055454149556,-0.17877174958815512,0.00839730220835812,141617.14059790643,-0.0810401046180004,-0.0806597283963481,397.7425000965595,-16543138204.256105,-1040804056.0613031,-204399019.38228852,-16544368775.836578,-1899925581.178009,16575846727.338902,16654357819.021885,-0.9840281485308362,-0.008263375975440556,0.17782103226689225,-0.008397203519853595,0.9999647428649903,0.0,0.17781476280675004,0.0014931993980555472,0.984062843767377,4675.7840869729935,-545.7306859790962,-0.11618858219622313,6.838448264201026e-10,184.08392574738303,0.0,-87.38392574738305,3.3,0.0,3.015744772314072e-17,2.292508497048088,1.5707963267948966,17.907909964271738,461.0,0.003607651413990015,0.0688429007134038,0.0,0.007672556881940564,-1552.218024602026,-17.647901836892586,280.505307429918,-0.018905914647702075,0.025701631248000248,-0.19083455262491358,-0.018982208120143267,0.025645335489284316,-0.19083455262491358,-2.532377942296479e-18,2.4379854068982297e-21,2.512101753864368e-19,-2.53237400563332e-18,-5.087435035908171e-21,2.512101753864368e-19,-1552.237006810146,-17.622256501403303,280.3144728772931,-1057200.5998746436,92.27646118451466,126174.02667312935,-0.05012221819211036,4712.705090887871
42.01623310195845,2001.0,12.0,14.0,14.0,22.0,10.0,1.0,3481251.7882869653,39552.46455968419,-628668.2868647382,460.0433161465463,-293.7472648549372,4668.988172619589,3537782.1054741885,4700.78481366702,3481354.1447726563,29184.40642174592,-628668.2868647382,3537782.105474189,461.235095841582,-541.8826633722327,4668.988172619589,4722.904317320115,20255376.62721094,0.8266040699155439,1.6336280601158901,2.580956827951785e-08,8.201055470596194e-07,6.104177424435195,-0.17865002430055726,0.008382865283223422,141582.1054741894,-0.08098495330654455,-0.08060483850382556,399.4595650434494,-16543138068.868057,-1040804038.0384609,-204402797.25586832,-16544365204.188337,-1899946328.604382,16575846591.086348,16654356684.20312,-0.9840499049915429,-0.008249351020399875,0.17770124561712494,-0.008382767102848923,0.9999648639905802,0.0,0.17769500190448503,0.0014896281558945113,0.9840844817931651,4675.8307739122,-545.7300501659682,-0.11618729834511424,6.866914302221112e-10,184.04013184273674,0.0,-87.34013184273675,3.3,0.0,3.0156717187219035e-17,2.292496566491095,1.5707963267948966,17.910137211052263,461.0,0.0036227260680169494,0.06917585816598423,0.0,0.007704558751231932,-1552.283039482701,-17.636362906099958,280.32190100244935,-0.01897156616348117,0.025807148284632344,-0.1916310236729945,-0.019048341014470584,0.025750532613458377,-0.1916310236729945,-2.5428961872027616e-18,2.468265894973854e-21,2.5208038469162667e-19,-2.542892260808216e-18,-5.105012100821218e-21,2.5208038469162667e-19,-1552.3020878237155,-17.6106123734865,280.13026997877637,-1057200.7815067004,92.42999938948059,126137.79252788855,-0.050029881487511724,4712.731926011178
42.11132852365494,2001.0,12.0,14.0,14.0,22.0,10.0,1.0,3481295.5210743933,39524.53036701602,-628224.2847193192,459.7230991958391,-293.75089634491985,4669.045938480141,3537745.9554728437,4700.811088809629,3481397.9906241703,29132.875439179206,-628224.2847193192,3537745.9554728437,460.90922757375364,-541.8915419582163,4669.045938480141,4722.930629910456,20255373.018758383,0.8266040390513704,1.6336280595225572,2.1073424255447017e-08,8.234829830913836e-07,6.104303364791793,-0.17852433689299416,0.008367958942519963,141545.95547284372,-0.08092800677675634,-0.08054816189685075,401.23850497603416,-16543137928.482756,-1040804019.3517425,-204406692.59660187,-16544361518.16976,-1899967736.425242,16575846449.804716,16654355512.57783,-0.9840723541040294,-0.008234869265869997,0.1775775571865088,-0.008367861284964024,0.999964988835867,0.0,0.17757133998950783,0.001485944365859472,0.9841068088290377,4675.878947263991,-545.7293941857956,-0.11618597366140736,6.89628617831448e-10,183.99494434105463,0.0,-87.29494434105465,3.3,0.0,3.0155963332080085e-17,2.2924842551023827,1.5707963267948966,17.912436154777748,461.0,0.0036382809222264122,0.06952110227685357,0.0,0.007737579531195821,-1552.3501263399105,-17.62444737521949,280.13250867391537,-0.019039183703864183,0.025916010156102832,-0.19245285795019992,-0.01911645677371494,0.02585906376765023,-0.19245285795019992,-2.5537489323192134e-18,2.4996987485204766e-21,2.5297663954008224e-19,-2.553745016932928e-18,-5.1231148332445066e-21,2.5297663954008224e-19,-1552.3692427966841,-17.598588311451838,279.9400558159652,-1057200.9698448218,92.5835375944465,126101.62498953237,-0.04993754636990301,4712.758710604031
42.134254933949684,2001.0,12.0,14.0,14.0,22.0,10.0,1.0,3481306.0599897946,39517.79570341064,-628117.2400968805,459.64589650677857,-293.75177148433073,4669.059859294149,3537737.24388992,4700.81742073627,3481408.556717619,29120.451786831116,-628117.2400968805,3537737.24388992,460.830662400909,-541.8936811293424,4669.059859294149,4722.936970861317,20255372.146586437,0.8266040315914157,1.6336280593791515,2.580956827951785e-08,8.245608408604451e-07,6.104333727943328,-0.1784940347215991,0.008364365226036709,141537.24388991995,-0.08091427744078818,-0.08053449763620117,401.66827404499054,-16543137894.551512,-1040804014.8352038,-204407630.89449784,-16544360629.792688,-1899972895.4012408,16575846415.656834,16654355230.133095,-0.9840777640370022,-0.008231377793001867,0.17754773653179343,-0.00836426769424694,0.9999650189011309,0.0,0.17754152571686782,0.0014850567968595469,0.9841121893627967,4675.890556401352,-545.7292361149447,-0.11618565443672267,6.902354480725378e-10,183.9858265443555,0.0,-87.3,3.3,0.0,3.015580992975365e-17,2.2924817498522727,1.5707963267948966,17.912904042739275,461.0,0.0036414967539570697,0.06960455031032853,0.0,0.0077444110163921425,-1552.366293689158,-17.621574487779665,280.08684534169214,-0.019052690133468955,0.02593912146956856,-0.19262285337260338,-0.01913007418963397,0.02588210357436424,-0.19262285337260338,-2.555994816935998e-18,2.5069307138436734e-21,2.531558636804623e-19,-2.5559909048034313e-18,-5.1267404290220596e-21,2.531558636804623e-19,-1552.3854237633477,-17.5956923842053,279.89422248831954,-1057201.015366625,92.73707579941241,126065.52405806084,-0.049845212836255814,4712.785444669388
42.17733855566246,2001.0,12.0,14.0,14.0,22.0,10.0,1.0,3481325.8600743907,39505.139777790115,-627916.0795247162,459.50081398768515,-293.7534156684464,4669.086013309248,3537720.8769230577,4700.829316934648,3481428.4077910646,29097.104957891668,-627916.0795247162,3537720.8769230573,460.68301946660483,-541.8976996661692,4669.086013309248,4722.948884013927,20255370.505403925,0.82660401755387,1.6336280591093009,2.1073424255447017e-08,8.261749908703271e-07,6.104390787192728,-0.17843709006406422,0.008357611897221513,141520.87692305725,-0.08088847689287175,-0.08050881937873423,402.47678142786026,-16543137830.702688,-1040804006.3363359,-204409393.2911599,-16544358960.641825,-1899982587.90417,16575846351.400352,16654354699.386408,-0.9840879280501763,-0.008224816476533038,0.17749169631235803,-0.008357514601479921,0.9999650753649779,0.0,0.17748549747964487,0.0014833894435719722,0.9841222981622567,4675.9123672984215,-545.728939148635,-0.11618505469386119,6.914356923091362e-10,183.96764102561914,0.0,-87.3,3.3,0.0,3.015550487145291e-17,2.2924767678721465,1.5707963267948966,17.913834567400947,461.0,0.0036478559343955837,0.06976157651981071,0.0,0.007757916638890828,-1552.39666873907,-17.61617551877267,280.001031009788,-0.019079697733129182,0.025984401901315114,-0.19295894989620382,-0.019157296080561468,0.025927244640307375,-0.19295894989620382,-2.560434344915561e-18,2.5207661867793938e-21,2.5351409714098177e-19,-2.5604304386375797e-18,-5.133983201863359e-21,2.5351409714098177e-19,-1552.4158260351505,-17.590248274132364,279.8080720598918,-1057201.1010258738,92.89061400437832,126029.48973347392,-0.04975288088354194,4712.812128210227
42.26362368263347,2001.0,12.0,14.0,14.0,22.0,10.0,1.0,3481365.49562463,39479.79308500295,-627513.2045861364,459.21024343947573,-293.75670700553303,4669.13836869105,3537688.1137428894,4700.853130717168,3481468.1451268233,29050.34689903693,-627513.2045861364,3537688.1137428894,460.38732101492496,-541.9057421511493,4669.13836869105,4722.972731734813,20255367.20997018,0.8266039893669678,1.6336280585674443,2.580956827951785e-08,8.296615425989302e-07,6.104505063393872,-0.17832304334902194,0.00834408688707705,141488.1137428889,-0.08083680444452054,-0.08045739184604218,404.09945809841156,-16543137702.49758,-1040803989.270881,-204412919.51081786,-16544355618.948215,-1900001990.343938,16575846222.37668,16654353636.54793,-0.9841082744412466,-0.008211675525093573,0.1773794592430096,-0.008343990062927511,0.999965188308988,0.0,0.17737328436408256,0.0014800524452911277,0.9841425341070558,4675.956028549305,-545.7283447275422,-0.11618385415002398,6.938383255214803e-10,183.93123749209877,0.0,-87.3,3.3,0.0,3.015489417450166e-17,2.292466794434063,1.5707963267948966,17.915697687879543,461.0,0.0036605859411001206,0.07007688129914853,0.0,0.007784952424186285,-1552.457475050932,-17.605362023983666,279.8291550764401,-0.019133691113294007,0.026075045423880033,-0.1936317554562424,-0.019211719336045888,0.0260176088376575,-0.1936317554562424,-2.5693212773244253e-18,2.5485695902100036e-21,2.542302714912623e-19,-2.5693173830126124e-18,-5.148462701850575e-21,2.542302714912623e-19,-1552.476686770268,-17.579344415146007,279.63552332098385,-1057201.2730265148,93.04415220934423,125993.52201577165,-0.049660550508733324,4712.838761229549
42.34769278651669,2001.0,12.0,14.0,14.0,22.0,10.0,1.0,3481404.0891175107,39455.09708717157,-627120.6721646719,458.9271245350632,-293.75991184964573,4669.189348388595,3537656.2119384287,4700.876318576085,3481506.8373655453,29004.78903979104,-627120.6721646719,3537656.2119384287,460.09920581842226,-541.9135709198763,4669.189348388595,4722.995952639319,20255363.988136534,0.8266039618095528,1.6336280580376885,2.580956827951785e-08,8.327336315899057e-07,6.104616406714869,-0.1782119236063739,0.008330909394970788,141456.21193842916,-0.08078645810466173,-0.08040728413196448,405.6848747730255,-16543137577.15701,-1040803972.5866235,-204416350.81357983,-16544352364.584549,-1900020882.8208663,16575846096.235828,16654352601.142132,-0.9841280861652418,-0.008198871598068064,0.17727010048301065,-0.008330813028827962,0.999965298175031,0.0,0.17726394888701144,0.001476804062725507,0.9841622383909796,4675.99854252141,-545.7277659883754,-0.11618268518705208,6.962172501565583e-10,183.8905298460729,0.0,-87.29526492303644,3.295264923036445,0.0,3.01542155015456e-17,2.2924557108635755,1.5707963267948966,17.917768661205475,461.0,0.0036731896448158785,0.07038514253410347,0.0,0.007811703160060661,-1552.5166851849722,-17.594825241603623,279.6616773684742,-0.01918719299134693,0.026164549411418943,-0.1942973718478111,-0.01926564467619602,0.02610683734197492,-0.1942973718478111,-2.5781077115240283e-18,2.5759396884202827e-21,2.5493936456098214e-19,-2.5781038290597808e-18,-5.162777570135251e-21,2.5493936456098214e-19,-1552.5359508296483,-17.56871840426165,279.4673799966264,-1057201.4411857538,93.19769041431015,125957.62090495402,-0.04956822170880205,4712.865343730384
42.38658207194241,2001.0,12.0,14.0,14.0,22.0,10.0,1.0,3481421.9339187727,39443.67294529752,-626939.0902690244,458.79615371799025,-293.76139371347375,4669.212920565144,3537641.4612299954,4700.887040195221,3481524.727703269,28983.714337878715,-626939.0902690244,3537641.461229995,459.9659237521449,-541.9171900148991,4669.212920565144,4723.00668953785,20255362.493820373,0.8266039490281566,1.6336280577919895,2.1073424255447017e-08,8.341988922523743e-07,6.104667913377659,-0.17816052036296498,0.008324813710493328,141441.4612299949,-0.0807631682113909,-0.08038410462397089,406.41984301805496,-16543137519.023308,-1040803964.8484486,-204417936.63669437,-16544350859.65107,-1900029618.343533,16575846037.730957,16654352122.212337,-0.9841372467668855,-0.008192948509768266,0.17721951111773923,-0.00832471755572714,0.9999653489384607,0.0,0.17721337027355352,0.001475302375419225,0.9841713493488771,4676.018200271205,-545.7274984094944,-0.11618214468951046,6.974526219879276e-10,183.85365307498725,0.0,-87.27682653749362,3.2768265374936183,0.0,3.015361344573584e-17,2.2924458785460424,1.5707963267948966,17.91960625212361,461.0,0.0036797312954113554,0.07052811954387564,0.0,0.007825531371487846,-1552.5440635048433,-17.58995072600041,279.5841990001694,-0.01921539219796244,0.026210192607296783,-0.1946411172671628,-0.019294052853635137,0.02615234250147096,-0.1946411172671628,-2.5826273921793213e-18,2.5891907140026374e-21,2.553112216316966e-19,-2.5826235148868e-18,-5.170212497088165e-21,2.553112216316966e-19,-1552.563357557697,-17.563798383498938,279.38955788290224,-1057201.5191795789,93.35122861927607,125921.78640102102,-0.04947589448072036,4712.89187571578
42.48667661918043,2001.0,12.0,14.0,14.0,22.0,10.0,1.0,3481467.8400408863,39414.268840781726,-626471.7244804442,458.45904600543764,-293.7652058754119,4669.273561229486,3537603.514725853,4700.914621926666,3481570.7506152615,28929.47091617583,-626471.7244804442,3537603.5147258528,459.6228671852075,-541.926498001055,4669.273561229486,4723.034310575345,20255358.63562663,0.826603916027671,1.6336280571576618,2.580956827951785e-08,8.381820386901882e-07,6.104800484917853,-0.17802821499181798,0.008309124589664279,141403.51472585276,-0.08070322295944998,-0.08032444348554545,408.3163312673569,-16543137368.928324,-1040803944.8699832,-204422014.0551118,-16544346987.613901,-1900052090.792477,16575845886.677694,16654350889.606127,-0.9841608128561198,-0.008177703011587415,0.17708929841138307,-0.008309028977518867,0.9999654794228903,0.0,0.17708318518660196,0.001471440112108668,0.984194787828184,4676.068770824785,-545.7268101077652,-0.11618075426520388,7.006306417098302e-10,183.75878681463192,0.0,-87.22939340731597,3.229393407315967,0.0,3.0152064405972114e-17,2.292420580806893,1.5707963267948966,17.92433601630792,461.0,0.0036965602178358845,0.07089728244673302,0.0,0.007861104197760796,-1552.6144972051995,-17.577403558098705,279.38476706022254,-0.019287832968746733,0.02632759781663643,-0.19552539259359064,-0.019367032416493266,0.026269392128546325,-0.19552539259359064,-2.594253449966634e-18,2.623429900198699e-21,2.5626643764379523e-19,-2.594249586318797e-18,-5.1893094891331315e-21,2.5626643764379523e-19,-1552.633864237616,-17.551134165970158,279.18924166762895,-1057201.7205528747,93.50476682424198,125886.01850397265,-0.049383568821460666,4712.918357188815
42.6108174461858,2001.0,12.0,14.0,14.0,22.0,10.0,1.0,3481524.7275736053,39377.800291926,-625892.0723341983,458.0409317409255,-293.7699300342022,4669.348709516979,3537556.490866696,4700.948801892047,3481627.782167742,28862.194996717863,-625892.0723341983,3537556.4908666965,459.1973747721672,-541.9380281653088,4669.348709516979,4723.068539248317,20255353.826163206,0.8266038748905674,1.6336280563670231,2.580956827951785e-08,8.432003468749242e-07,6.104964908797075,-0.1778641211947586,0.008289666695145432,141356.49086669693,-0.08062887483344598,-0.08025044772761249,410.6781427562237,-16543137181.828482,-1040803919.9672648,-204427062.56334224,-16544342188.189983,-1900079939.2461984,16575845698.383398,16654349361.033503,-0.9841900167973707,-0.008158794091694253,0.17692779576810533,-0.008289571753126057,0.9999656409098013,0.0,0.1769217166900119,0.0014666556581421418,0.9842238338328531,4676.131439752154,-545.725957254738,-0.11617903126487274,7.045982763307609e-10,183.67061358337116,0.0,-87.2,3.2,0.0,3.0150613717151506e-17,2.292396889260537,1.5707963267948966,17.92876782593598,461.0,0.003717571613854923,0.07135747648494366,0.0,0.007905625196876022,-1552.7017844719321,-17.561840160895496,279.13739342516254,-0.019378634919737073,0.026475674016865187,-0.1966326089362812,-0.01945851234937036,0.026417022980441317,-0.1966326089362812,-2.608844122437427e-18,2.6661849408987407e-21,2.5746709626878906e-19,-2.608840275609598e-18,-5.2134514174992585e-21,2.5746709626878906e-19,-1552.7212429842814,-17.535423137915053,278.94076081622626,-1057201.9715765323,93.6583050292079,125850.31721380891,-0.04929124472799554,4712.944788152587
42.73645602467718,2001.0,12.0,14.0,14.0,22.0,10.0,1.0,3481582.2486014366,39340.891155378056,-625305.4172255184,457.61774900476854,-293.7747068812699,4669.424696329369,3537508.9433533754,4700.983362797404,3481685.44802034,28794.105940982932,-625305.4172255184,3537508.943353376,458.76672468243686,-541.9496817316556,4669.424696329369,4723.103149402468,20255348.9308782,0.8266038330193138,1.6336280555622722,2.580956827951785e-08,8.480580613096131e-07,6.105131320863432,-0.17769804315787108,0.008269974394429329,141308.9433533759,-0.08055362757674807,-0.08017555709068737,413.07983112335205,-16543136991.392714,-1040803894.6202853,-204432162.4608999,-16544337334.023495,-1900108098.1170635,16575845506.731863,16654347814.175797,-0.9842195465150917,-0.008139656012766885,0.17676433536667222,-0.00826988012741347,0.9999658039566545,0.0,0.17675829072579807,0.0014618198642842926,0.9842532040803214,4676.1948078605055,-545.7250950164179,-0.1161772891151046,7.086398149630497e-10,183.61117919171986,0.0,-87.2,3.2,0.0,3.014962136561622e-17,2.2923806829300917,1.5707963267948966,17.931800736921087,461.0,0.003738975640142389,0.07182589216112138,0.0,0.007951087376406225,-1552.790049167947,-17.546086793155514,278.8870002851828,-0.01947147224722154,0.026628037450000645,-0.19776374692866236,-0.019552046056360524,0.02656893119647293,-0.19776374692866236,-2.6237839754918985e-18,2.7097849850209608e-21,2.5869803698658987e-19,-2.623780145660483e-18,-5.238341396995179e-21,2.5869803698658987e-19,-1552.8096012140034,-17.51951786195904,278.68923653825414,-1057202.227079656,93.8118432341738,125814.6825305298,-0.04919892219729767,4712.971168610219
42.77925552627586,2001.0,12.0,14.0,14.0,22.0,10.0,1.0,3481601.831327764,39328.317709567425,-625105.5676226001,457.47358388487777,-293.77633315168333,4669.4505660179575,3537492.7560563963,4700.995128944291,3481705.0798678156,28770.910679860313,-625105.5676226001,3537492.7560563954,458.6200157226166,-541.9536479768753,4669.4505660179575,4723.114932315567,20255347.25681939,0.8266038187004265,1.633628055287074,2.580956827951785e-08,8.49758233391266e-07,6.105188011102934,-0.17764146669983352,0.008263266180203675,141292.75605639582,-0.08052799367963466,-0.08015004467823597,413.9006045758724,-16543136926.269287,-1040803885.9524149,-204433897.58479762,-16544335681.147741,-1900117684.7223322,16575845441.192684,16654347287.263304,-0.984229599878878,-0.008133136281509785,0.17670864952370086,-0.008263172142396179,0.9999658594102826,0.0,0.17670261658619796,0.0014601739900646947,0.9842632032050725,4676.216381492967,-545.7248014975984,-0.11617669601818854,7.099473201834269e-10,183.59195117377314,0.0,-87.19195117377313,3.2,0.0,3.0149299568399886e-17,2.2923754275827286,1.5707963267948966,17.932784469741012,461.0,0.003745901788868992,0.07198607427388581,0.0,0.007965793783410599,-1552.8200996522994,-17.540719813338864,278.8016944024729,-0.01950114216147723,0.02667699493743264,-0.1981297299557456,-0.01958194489037368,0.02661773917530036,-0.1981297299557456,-2.6286170845075836e-18,2.724450433961302e-21,2.590914327444458e-19,-2.628613261022532e-18,-5.24629124302153e-21,2.590914327444458e-19,-1552.8396815971898,-17.514102074163564,278.60356467251717,-1057202.3144550398,93.96538143913972,125779.11445413534,-0.04910660122633996,4712.997498564859
42.80925825306514,2001.0,12.0,14.0,14.0,22.0,10.0,1.0,3481615.5552666443,39319.50360140882,-624965.4711010287,457.3725215400885,-293.7774728781455,4669.468696095823,3537481.411697686,4701.003374903004,3481718.838176026,28754.650550932678,-624965.4711010287,3537481.411697686,458.5171701165578,-541.9564272472238,4669.468696095823,4723.1231900242765,20255346.081578642,0.8266038086481209,1.633628055093879,2.580956827951785e-08,8.509332856696645e-07,6.105227751634201,-0.17760180592765287,0.00825856370321726,141281.41169768618,-0.0805100240046822,-0.08013216016484184,414.4766455888748,-16543136880.55084,-1040803879.867357,-204435113.25603697,-16544334522.699879,-1900124403.2155383,16575845395.182367,16654346917.913841,-0.9842366455022872,-0.008128565836656347,0.17666961274606366,-0.008258469825863757,0.9999658982566032,0.0,0.1766635880042638,0.0014590206660104017,0.9842702108324501,4676.231500788684,-545.7245958022576,-0.11617628036747592,7.108044495081549e-10,183.57934633076243,0.0,-87.17934633076243,3.2,0.0,3.014908794595855e-17,2.2923719715259865,1.5707963267948966,17.933431459641522,461.0,0.003750443519697912,0.07209853011644532,0.0,0.007975433071535525,-1552.8411599660117,-17.53695737294674,278.74189199757905,-0.01952029044825838,0.02670878232817897,-0.19836968083827936,-0.01960124615213058,0.02664942667154396,-0.19836968083827936,-2.631785281373061e-18,2.734527909153241e-21,2.593453232527553e-19,-2.6317814627183122e-18,-5.2514176207734806e-21,2.593453232527553e-19,-1552.8607612121639,-17.510307946275198,278.5435223167408,-1057202.3757952526,94.11891964410565,125743.6129846255,-0.049014281812095446,4713.023778019677
42.85133966033278,2001.0,12.0,14.0,14.0,22.0,10.0,1.0,3481634.799163465,39307.14099829878,-624768.9727521737,457.2307705898169,-293.7790710266109,4669.494118506928,3537465.5044810385,4701.014937534044,3481738.130188643,28731.84417980203,-624768.9727521737,3537465.5044810385,458.37291797070344,-541.9603238950614,4669.494118506928,4723.1347691312185,20255344.430834845,0.8266037945286394,1.6336280548225295,2.580956827951785e-08,8.526277244639635e-07,6.105283491577864,-0.17754617784995433,0.008251968108389067,141265.50448103854,-0.08048481978341329,-0.0801070753900342,415.2854951620102,-16543136816.334934,-1040803871.3204985,-204436817.4209097,-16544332898.19515,-1900133824.0101976,16575845330.556517,16654346399.89715,-0.9842465250270841,-0.008122155295480998,0.17661485941297678,-0.008251874455777262,0.9999659527043738,0.0,0.17660884615464637,0.0014574036469006354,0.9842800371004862,4676.252701403326,-545.7243073847186,-0.11617569753996546,7.120063280993115e-10,183.56167164559835,0.0,-87.16167164559836,3.2,0.0,3.014879119652455e-17,2.292367125239952,1.5707963267948966,17.934338788376486,461.0,0.0037568120758562735,0.07225648608632732,0.0,0.007988949504685447,-1552.8706915502103,-17.531680014100193,278.6580106017695,-0.01954712085974364,0.026753353318577124,-0.19870614631028155,-0.01962829131035747,0.02669385749437109,-0.19870614631028155,-2.6362277480267305e-18,2.7486887273214217e-21,2.597010711716621e-19,-2.6362239362155608e-18,-5.258600568791751e-21,2.597010711716621e-19,-1552.8903198415205,-17.50498615660582,278.45930445545923,-1057202.4619537592,94.27245784907156,125708.1781220003,-0.04892196395153736,4713.050006977869
42.949202227424934,2001.0,12.0,14.0,14.0,22.0,10.0,1.0,3481679.528809924,39278.39084245338,-624312.001178793,456.90111072952743,-293.7827857278586,4669.5532099571365,3537428.530463497,4701.04181334275,3481782.971323957,28678.806108081742,-624312.001178793,3537428.5304634976,458.0374413642988,-541.9693789039001,4669.5532099571365,4723.161683235291,20255340.581099723,0.8266037616002538,1.633628054189755,2.580956827951785e-08,8.565251745701047e-07,6.105413119731198,-0.17741680983299984,0.008236629852618395,141228.53046349715,-0.08042620509082687,-0.08004873847676885,417.17068922519684,-16543136666.576797,-1040803851.3890231,-204440776.40138996,-16544329121.75284,-1900155721.4177494,16575845179.842386,16654345195.340803,-0.9842694887938134,-0.008107246792721507,0.17648752357888386,-0.008236536721262644,0.9999660791561078,0.0,0.1764815369731476,0.0014536459688021838,0.9843028771780528,4676.301979737183,-545.7236370507142,-0.11617434285848355,7.147999205357714e-10,183.5205894038857,0.0,-87.12058940388572,3.2,0.0,3.014810140256484e-17,2.2923558600496916,1.5707963267948966,17.936448241176915,461.0,0.003771615214366152,0.07262486175352449,0.0,0.00802036689898063,-1552.939335784198,-17.519406275281487,278.4629246920064,-0.01960939587852574,0.02685694432336393,-0.19948822514178896,-0.019691066573995865,0.026797122276234722,-0.19948822514178896,-2.6465535144554884e-18,2.7817390909332795e-21,2.605267782276812e-19,-2.6465497188701964e-18,-5.27527223473027e-21,2.605267782276812e-19,-1552.959026850772,-17.49260915300525,278.2634364668646,-1057202.6628859267,94.42599605403747,125672.80986625973,-0.048829647641639114,4713.076185442652
43.00895018164945,2001.0,12.0,14.0,14.0,22.0,11.0,1.0,3481706.8217036445,39260.837854318845,-624033.003850402,456.69983659267285,-293.7850523695881,4669.589266569279,3537405.969857188,4701.058212381399,3481810.3320050156,28646.424381427052,-624033.003850402,3537405.969857188,457.8326158779483,-541.9749025377856,4669.589266569279,4723.178105640471,20255338.22325477,0.8266037414326001,1.6336280538022399,2.580956827951785e-08,8.591136518359195e-07,6.105492262828587,-0.17733782554729594,0.008227265505087704,141205.96985718794,-0.0803904184734595,-0.08001312145189718,418.3245024085045,-16543136574.85529,-1040803839.1823161,-204443190.62508294,-16544326817.107641,-1900169082.753572,16575845087.535404,16654344460.005402,-0.9842835008687405,-0.00809814441020564,0.17640977856878423,-0.008227172691017526,0.9999661562420561,0.0,0.17640380819893942,0.0014513537126695504,0.9843168138487285,4676.332048523274,-545.7232280647806,-0.11617351627760975,7.165425621390259e-10,183.4949623214849,0.0,-87.1,3.2,0.0,3.0147671534288e-17,2.292348839767972,1.5707963267948966,17.937763077508087,461.0,0.0037808487756579596,0.07285047856493644,0.0,0.00803996638420596,-1552.981222366698,-17.511912140927112,278.34380858137865,-0.019648380269582117,0.02692177094700566,-0.1999760743155324,-0.019730361900144114,0.026861746358539003,-0.1999760743155324,-2.652994725677543e-18,2.8021448089807024e-21,2.610436678622266e-19,-2.6529909400039325e-18,-5.285711441475301e-21,2.610436678622266e-19,-1553.0009527285981,-17.485050394568574,278.1438325070631,-1057202.785950765,94.57953425900338,125637.50821740381,-0.04873733287937424,4713.102313417269
43.044046791852026,2001.0,12.0,14.0,14.0,22.0,11.0,1.0,3481722.8482450014,39250.526971494895,-623869.1167245454,456.5816034013799,-293.7863833630687,4669.610439393959,3537392.72214176,4701.067842023891,3481826.3982664775,28627.402842620824,-623869.1167245454,3537392.7221417595,457.71229656478056,-541.9781455150451,4669.610439393959,4723.187749003799,20255336.83541994,0.8266037295618476,1.6336280535741488,2.1073424255447017e-08,8.602759256280366e-07,6.105538752828712,-0.1772914288312619,0.008221764820844083,141192.72214175994,-0.08036939679320296,-0.07999219939220079,419.00339037179947,-16543136520.868021,-1040803831.9974556,-204444607.75983977,-16544325463.674444,-1900176928.6375754,16575845033.203527,16654344028.08334,-0.984291728897537,-0.00809279746165362,0.17636410931122623,-0.008221672192813292,0.9999662014820071,0.0,0.17635814846570438,0.0014500078933343925,0.9843249976236801,4676.349705223109,-545.7229879179175,-0.11617303090864271,7.176686179504064e-10,183.4784026771999,0.0,-87.1,3.2,0.0,3.014739495294036e-17,2.292344322851783,1.5707963267948966,17.938609161298164,461.0,0.003786813068346061,0.07298327909313981,0.0,0.00805263400778197,-1553.0058189748252,-17.507509770711803,278.2738347597867,-0.019674075031533806,0.02696421985325514,-0.20029126011981932,-0.01975625288133865,0.02690406758707127,-0.20029126011981932,-2.6571570629692273e-18,2.8145561239069022e-21,2.613843445102e-19,-2.6571532826320727e-18,-5.2925996471195256e-21,2.613843445102e-19,-1553.0255752277064,-17.48060570312473,278.0735434996669,-1057202.8583871275,94.7330724639693,125602.2731754325,-0.048645019661716526,4713.1283909049835
43.14652135335108,2001.0,12.0,14.0,14.0,22.0,11.0,1.0,3481769.6185564254,39220.42114161478,-623390.5972756703,456.2363771594401,-293.7902676416942,4669.672228870496,3537354.06128773,4701.095944382426,3481873.284133097,28571.863384907054,-623390.5972756703,3537354.0612877305,457.36097921122564,-541.9876072529771,4669.672228870496,4723.215891403357,20255332.77080359,0.8266036947953834,1.6336280529061178,2.580956827951785e-08,8.645242276406729e-07,6.105674495621567,-0.17715595839213824,0.008205704162259502,141154.06128773047,-0.08030801705171908,-0.07993111052153083,420.990669041872,-16543136362.75427,-1040803810.9547296,-204448741.22586256,-16544321513.363504,-1900199825.4409733,16575844874.080496,16654342767.036386,-0.9843157410331619,-0.008077185062584834,0.1762307607536274,-0.00820561207599549,0.9999663333985092,0.0,0.17622482766283468,0.001446081258601837,0.9843488807146569,4676.40123341295,-545.7222871462955,-0.11617161447153496,7.209547905429111e-10,183.43007660966308,0.0,-87.1,3.2,0.0,3.014658774796327e-17,2.2923311401940953,1.5707963267948966,17.941078936672156,461.0,0.0038042190915250278,0.07337222323688601,0.0,0.008089602565537956,-1553.0776017547403,-17.494654810528456,278.0695105768564,-0.019748958960476615,0.027088101064971108,-0.20121108441912255,-0.019831710749676365,0.027027575697236506,-0.20121108441912255,-2.669303896747786e-18,2.8509314342613775e-21,2.6237719249484645e-19,-2.6693001323375888e-18,-5.3126740432613156e-21,2.6237719249484645e-19,-1553.09743346549,-17.46762723483122,277.86829949243725,-1057203.0705349147,94.8866106689352,125567.10474034584,-0.04855270798563987,4713.154417909086
43.25468537133321,2001.0,12.0,14.0,14.0,22.0,11.0,1.0,3481818.9472079165,39188.643384285584,-622885.5032405995,455.8719664060941,-293.79436444813575,4669.737399442473,3537313.285680764,4701.125584164733,3481922.734078349,28513.239288057597,-622885.5032405995,3537313.2856807634,456.9901390281915,-541.9975829038797,4669.737399442473,4723.24557341606,20255328.460169762,0.8266036579245594,1.6336280521976727,2.1073424255447017e-08,8.687517551868479e-07,6.105817778145294,-0.1770129633193259,0.008188752059732247,141113.28568076342,-0.0802432279284096,-0.07986662841866266,423.09648311138153,-16543136195.072369,-1040803788.6388084,-204453097.2995766,-16544317346.019224,-1900223974.914927,16575844705.328249,16654341436.082949,-0.9843410670390326,-0.008060705112968292,0.1760900019124893,-0.00818866054300969,0.9999664723572043,0.0,0.1760840980298053,0.001441941250679302,0.9843740707812552,4676.455581135397,-545.7215481225286,-0.11617012058236599,7.244625029332001e-10,183.35821420190857,0.0,-87.07910710095427,3.1791071009542837,0.0,3.0145402351658056e-17,2.2923117812033063,1.5707963267948966,17.94470712706708,461.0,0.003822797700480978,0.07378470121650818,0.0,0.008128982717083394,-1553.1533149546115,-17.48108454337808,277.85381688818126,-0.019828607433816963,0.027219230450912204,-0.20219054099419878,-0.019911968107661764,0.02715830821652461,-0.20219054099419878,-2.6822137040972325e-18,2.8897740805615713e-21,2.634308200418051e-19,-2.6822099572897567e-18,-5.333878224429614e-21,2.634308200418051e-19,-1553.173226922719,-17.453926235161557,277.65162634718706,-1057203.2955233809,95.04014887390113,125532.0029121438,-0.04846039784811839,4713.180394432888
43.34191375639747,2001.0,12.0,14.0,14.0,22.0,11.0,1.0,3481858.699365653,39163.01603232282,-622478.1672976878,455.57807604445213,-293.79766595754245,4669.7899189238215,3537280.4261092045,4701.149469946368,3481962.5835463353,28465.96136363759,-622478.1672976878,3537280.4261092045,456.6910635807482,-542.0056191872043,4669.7899189238215,4723.269493228982,20255324.968570728,0.826603628059267,1.6336280516238717,2.580956827951785e-08,8.724499445143289e-07,6.105933330082174,-0.17689764317644802,0.008175081303298817,141080.42610920407,-0.08019097788293054,-0.07981462596865774,424.8008037805557,-16543136059.252094,-1040803770.563697,-204456605.08830965,-16544313986.993597,-1900243436.252717,16575844568.64104,16654340362.818869,-0.9843614766433105,-0.008047414379003146,0.17597648258336598,-0.008174990244159736,0.9999665842089464,0.0,0.17597060218999364,0.0014386060283205625,0.9843943709599249,4676.4993786759605,-545.7209526300512,-0.1161689167320109,7.273377154446444e-10,183.27606527301015,0.0,-87.03803263650508,3.1380326365050797,0.0,3.0144059459582545e-17,2.2922898501113957,1.5707963267948966,17.94881920769681,461.0,0.0038380250229761155,0.07411882237030475,0.0,0.008161168167809308,-1553.2143323650378,-17.470139673137133,277.679852777264,-0.019893630711119013,0.027325435696954517,-0.20299061996707005,-0.01997748527710967,0.027264190083360992,-0.20299061996707005,-2.692730974214576e-18,2.9215292029425974e-21,2.6428821032465087e-19,-2.692727242301525e-18,-5.351018097970217e-21,2.6428821032465087e-19,-1553.234309850315,-17.442875483053772,277.4768621572969,-1057203.4777633585,95.19368707886704,125496.96769082641,-0.048368089246126414,4713.206320479722
43.434714992688434,2001.0,12.0,14.0,14.0,22.0,11.0,1.0,3481900.9630658664,39135.75108282366,-622044.8024289515,455.26539691691335,-293.801176098196,4669.845757465733,3537245.490468635,4701.1748649914425,3482004.950277202,28415.662175722584,-622044.8024289515,3537245.490468635,456.3728680033582,-542.0141605255747,4669.845757465733,4723.294924454809,20255321.238757543,0.8266035961563702,1.6336280510109868,2.580956827951785e-08,8.761325237804394e-07,6.106056266749319,-0.1767749530937689,0.008160537335333269,141045.4904686357,-0.0801353885584568,-0.07975930005826247,426.6199631690979,-16543135914.166906,-1040803751.256556,-204460331.94094744,-16544310415.037756,-1900264127.313742,16575844422.62984,16654339221.056463,-0.9843831760220536,-0.008033273984599217,0.17585570583243268,-0.00816044676132828,0.9999667029999827,0.0,0.17584985036499254,0.001435061125121374,0.984415954120095,4676.545944027305,-545.7203195727184,-0.11616763684226852,7.303945839943768e-10,183.18872617158922,0.0,-86.99436308579462,3.0943630857946163,0.0,3.01426314395208e-17,2.292266528773966,1.5707963267948966,17.953194101318548,461.0,0.0038542148912820654,0.0744757470823998,0.0,0.008195386434336916,-1553.279207705731,-17.458494391342953,277.49475591733886,-0.01996263465332427,0.027438335065026347,-0.20384122700626914,-0.020047015823846513,0.02737674505855663,-0.20384122700626914,-2.703911592458753e-18,2.955478334914868e-21,2.6519803404789433e-19,-2.7039078768204985e-18,-5.369204138630464e-21,2.6519803404789433e-19,-1553.299254721555,-17.431117646284395,277.2909146903326,-1057203.6724367198,95.34722528383296,125461.99907639364,-0.04827578217663842,4713.232196052949
43.46455502673865,2001.0,12.0,14.0,14.0,22.0,11.0,1.0,3481914.5467006946,39126.984028892235,-621905.4538047687,455.164852851787,-293.80230427354115,4669.863704274735,3537234.2620863006,4701.183027044424,3482018.56693254,28399.488413765215,-621905.4538047687,3537234.262086301,456.2705501142051,-542.0169051414829,4669.863704274735,4723.303098136221,20255320.036286496,0.826603585871043,1.6336280508134087,2.580956827951785e-08,8.77525321503635e-07,6.1060957972780745,-0.176735501849749,0.008155860795131321,141034.2620863011,-0.08011751368665179,-0.07974150988672503,427.2061377465725,-16543135867.392561,-1040803745.0322715,-204461529.19845718,-16544309266.85552,-1900270777.4954674,16575844375.556969,16654338853.946945,-0.9843901503087912,-0.008028727053269827,0.17581686926156875,-0.008155770376751874,0.9999667411517054,0.0,0.17581102179498634,0.0014339220140567597,0.9844228910803834,4676.560910371749,-545.7201161198674,-0.11616722548759972,7.312240599543587e-10,183.18251342922343,0.0,-86.98251342922345,3.1,0.0,3.0142521953772936e-17,2.292264740736012,1.5707963267948966,17.953529613893817,461.0,0.0038586117566948063,0.07459081961500949,0.0,0.008204735620209236,-1553.3000593888198,-17.45474962140362,277.4352343725729,-0.019980888595287866,0.02746914684452195,-0.20407411113411275,-0.020065422511509036,0.02740745805173915,-0.20407411113411275,-2.706992245943684e-18,2.965765655955437e-21,2.6544071291443593e-19,-2.706988536016254e-18,-5.3741270671894014e-21,2.6544071291443593e-19,-1553.3201248113314,-17.42734216335188,277.2311602614388,-1057203.7351983488,95.50076348879887,125427.09706884551,-0.04818347663662909,4713.258021155949
43.52215035897387,2001.0,12.0,14.0,14.0,22.0,11.0,1.0,3481940.7564829476,39110.06232487379,-621636.490455928,454.9707852845686,-293.80448111431474,4669.898333121884,3537212.596791216,4701.198775874071,3482044.840299198,28368.270617537986,-621636.490455928,3537212.5967912166,456.0730587950872,-542.0222001025594,4669.898333121884,4723.318869402878,20255317.711266264,0.8266035659839852,1.6336280504314031,2.580956827951785e-08,8.797996890023939e-07,6.106172097291586,-0.17665935486145146,0.008146834491364668,141012.59679121617,-0.08008301240918093,-0.07970717209237867,428.33909353613853,-16543135776.953148,-1040803732.9977332,-204463838.55056462,-16544307051.22976,-1900283609.1480036,16575844284.540363,16654338145.41551,-0.9844036073652842,-0.008019950693173567,0.17574190791354916,-0.008146744372857569,0.9999668147274305,0.0,0.17573607587043316,0.0014317243993699595,0.9844362761514356,4676.589788318291,-545.7197235734611,-0.11616643177996763,7.329091384609654e-10,183.15844087912905,0.0,-86.95844087912907,3.1,0.0,3.014211743690222e-17,2.292258134474174,1.5707963267948966,17.95476934447748,461.0,0.003867541697351395,0.07481331728678334,0.0,0.008223686601024422,-1553.340293812292,-17.44752135418305,277.3203441016048,-0.020018231251925922,0.02753162056803425,-0.20454586106181102,-0.020103069609222087,0.02746973436064793,-0.20454586106181102,-2.713219796227038e-18,2.9860332622657937e-21,2.6593582177895373e-19,-2.7132160972281545e-18,-5.384122486999436e-21,2.6593582177895373e-19,-1553.3603968819011,-17.420051619822402,277.115798240543,-1057203.8565501887,95.65430169376478,125392.26166818202,-0.04809117262307332,4713.283795792126
43.628275186136115,2001.0,12.0,14.0,14.0,22.0,11.0,1.0,3481989.0212038807,39078.882162360154,-621140.8949182822,454.6131843314839,-293.8084897631796,4669.962102289641,3537172.700640344,4701.227777171238,3482093.2216639635,28310.748087894397,-621140.8949182822,3537172.7006403436,455.70914915378796,-542.0319478668989,4669.962102289641,4723.34791201668,20255313.4132263,0.8266035292206562,1.633628049725292,2.580956827951785e-08,8.840797528142815e-07,6.106312689691193,-0.17651904440770555,0.008130202869638437,140972.70064034406,-0.08001943938531432,-0.079643900301785,430.43197426199913,-16543135609.768032,-1040803710.7518294,-204468088.51440954,-16544302970.538183,-1900307238.515685,16575844116.288319,16654336840.022614,-0.9844283885357341,-0.008003778860661576,0.1756037794834941,-0.008130113301930265,0.9999669500827004,0.0,0.17559797579310468,0.0014276786234479844,0.9844609248878863,4676.642967128046,-545.7190007711947,-0.1161649702060477,7.360121724176839e-10,183.1141118226045,0.0,-86.91411182260453,3.1,0.0,3.014137247409855e-17,2.292245968308318,1.5707963267948966,17.957052910247082,461.0,0.0038839864383311113,0.07522462907516266,0.0,0.00825858492884862,-1553.4143875467123,-17.43420138046964,277.1086287130493,-0.020086881939793227,0.02764665442589236,-0.20541459552958613,-0.020172282344759804,0.027584404144574103,-0.20541459552958613,-2.7246875557180513e-18,3.023531914987279e-21,2.6684602257796546e-19,-2.724683877269107e-18,-5.4024975553086895e-21,2.6684602257796546e-19,-1553.434559829057,-17.40661697632507,276.9032141175197,-1057204.0808816645,95.8078398987307,125357.49287440316,-0.04799887013294617,4713.309519964905
43.68161325046006,2001.0,12.0,14.0,14.0,22.0,11.0,1.0,3482013.26459779,39063.21093253082,-620891.8073249691,454.4334485699429,-293.8105033318109,4669.994134028467,3537152.660783329,4701.242344626317,3482117.5234299535,28281.837022437387,-620891.8073249691,3537152.6607833286,455.52624261160844,-542.0368428086566,4669.994134028467,4723.362500224825,20255311.24611526,0.8266035106842256,1.6336280493692954,2.580956827951785e-08,8.860867468904847e-07,6.106383352259583,-0.1764485235359229,0.00812184395416973,140952.66078332858,-0.07998748717562386,-0.07961209949127439,431.486488699913,-16543135525.472502,-1040803699.5358037,-204470221.97385526,-16544300920.47469,-1900319107.6416552,16575844031.454868,16654336184.002102,-0.9844408362795437,-0.007995650664445497,0.17553435400423684,-0.008121754662439088,0.9999670180066956,0.0,0.17552856453134838,0.001425646958052144,0.9844733061715362,4676.669679224557,-545.7186377379305,-0.11616423606685254,7.376513554795889e-10,183.0908259791607,0.0,-86.9,3.1,0.0,3.0140981948653086e-17,2.2922395905437947,1.5707963267948966,17.958250244655424,461.0,0.003892671783257658,0.07543201751780707,0.0,0.008277022020012821,-1553.4516063119488,-17.427506203900695,277.00221169212443,-0.020123510977445174,0.02770781820622171,-0.20587346801726367,-0.020209204874225006,0.027645377952923485,-0.20587346801726367,-2.730745550055516e-18,3.0427806546827237e-21,2.6733166442680205e-19,-2.7307418817222857e-18,-5.412307266483097e-21,2.6733166442680205e-19,-1553.471815516823,-17.399860825947773,276.79633822410716,-1057204.1939916853,95.96137810369662,125322.79068750892,-0.04790656916322294,4713.335193677738
43.73922738267588,2001.0,12.0,14.0,14.0,22.0,11.0,1.0,3482039.4407937373,39046.283232707174,-620622.748669036,454.23929870082725,-293.8126774477778,4670.028719828588,3537131.023250759,4701.258073530647,3482143.7624876173,28250.607887868693,-620622.748669036,3537131.023250759,455.32866772533123,-542.0421269714504,4670.028719828588,4723.37825153651,20255308.899514936,0.8266034906125111,1.6336280489838144,2.580956827951785e-08,8.885891148970165e-07,6.106459680680965,-0.1763723481637438,0.008112814982589598,140931.0232507591,-0.07995297295449356,-0.07957774880694636,432.62785521149635,-16543135434.195831,-1040803687.3908697,-204472524.54646933,-16544298706.700653,-1900331923.0911713,16575843939.595724,16654335475.417526,-0.9844542765304164,-0.007986870631075832,0.17545936087452588,-0.008112725988321507,0.9999670912970279,0.0,0.17545358673453518,0.001423453716861048,0.9844866747099744,4676.698521199259,-545.7182457839787,-0.11616344340604622,7.395716864951279e-10,183.0637790634489,0.0,-86.9,3.1,0.0,3.014052980148314e-17,2.2922322064201395,1.5707963267948966,17.959636715230683,461.0,0.0039028437050116177,0.07565658394084944,0.0,0.008298624692348282,-1553.4917934240327,-17.42027383581097,276.88725623677533,-0.02016712869871317,0.0277801867516381,-0.20641096869919767,-0.02025315965131161,0.027717528389898563,-0.20641096869919767,-2.7378428907035496e-18,3.0642453347769253e-21,2.6790996423216377e-19,-2.737839232682153e-18,-5.4239986947246114e-21,2.6790996423216377e-19,-1553.512046583684,-17.39255630742107,276.68084526807615,-1057204.3164699785,96.11491630866253,125288.15510749933,-0.04781426971087911,4713.360816934096
43.87571676284783,2001.0,12.0,14.0,14.0,22.0,11.0,1.0,3482101.4082443165,39006.180571137,-619985.3337545765,453.7793325450201,-293.81782434195264,4670.110596886589,3537079.8002717686,4701.295309135393,3482205.8780717566,28176.624040283237,-619985.3337545765,3537079.8002717686,454.860587458604,-542.0546320172292,4670.110596886589,4723.4155401856115,20255303.316009287,0.8266034428537565,1.6336280480665857,2.580956827951785e-08,8.941938393520115e-07,6.10664050840271,-0.176191882989568,0.008091425408310331,140879.8002717686,-0.07987120608611921,-0.07949636936185937,435.3416496217251,-16543135217.014347,-1040803658.4930955,-204477971.42939985,-16544293464.851004,-1900362261.609982,16575843721.028294,16654333796.860891,-0.9844860943776853,-0.007966069648221764,0.17528169245911288,-0.008091337116091175,0.9999672645960336,0.0,0.17527595454210232,0.0014182632639656986,0.9845183229827005,4676.766800469259,-545.717317993829,-0.11616156695495121,7.441177258805363e-10,182.99975033971074,0.0,-86.89975033971076,3.1,0.0,3.013945931836985e-17,2.2922147241041926,1.5707963267948966,17.96292014406162,461.0,0.003926924696538406,0.07619092369950826,0.0,0.008349766169806047,-1553.5869336956519,-17.40313832481003,276.61489447824437,-0.02027018810602305,0.027951499702610436,-0.20768343570294898,-0.02035701950262374,0.02788832405234109,-0.20768343570294898,-2.7546442836375497e-18,3.115362282909202e-21,2.692763467300653e-19,-2.7546406507336453e-18,-5.451622226603156e-21,2.692763467300653e-19,-1553.6072907151545,-17.37525000075769,276.4072110425414,-1057204.607895203,96.26845451362844,125253.58613437437,-0.047721971772890365,4713.386389737474
44.0615073591388,2001.0,12.0,14.0,14.0,22.0,12.0,1.0,3482185.658010461,38951.59133224436,-619117.6607800284,453.15317710925723,-293.82482210708196,4670.221918478759,3537010.1584828384,4701.345934501086,3482290.3276988408,28075.91380806864,-619117.6607800284,3537010.1584828384,454.22338666867466,-542.0716239988432,4670.221918478759,4723.466237667093,20255295.660407655,0.826603377371069,1.6336280468091466,2.580956827951785e-08,9.019819468511384e-07,6.106886661119226,-0.1759462237107717,0.00806231038885712,140810.15848283842,-0.07975990025629885,-0.0793855908969363,439.057430267334,-16543134919.239756,-1040803618.8744237,-204485367.77763233,-16544286335.5516,-1900403509.824893,16575843421.353619,16654331512.207546,-0.9845293543608399,-0.007937753229442658,0.17503983111136787,-0.00806222304630455,0.9999674997516428,0.0,0.17503414227338435,0.0014112101604073263,0.9845613528493304,4676.85963406665,-545.7160567926065,-0.11615901583837444,7.5029843464809e-10,182.91269810354802,0.0,-86.81269810354803,3.1,0.0,3.013800367124101e-17,2.292190951582518,1.5707963267948966,17.96738695887897,461.0,0.003959666537914878,0.07692355119027242,0.0,0.00841925856722565,-1553.7162947250524,-17.37980914922181,276.24408701274876,-0.02040977836982419,0.028180469446556184,-0.20941301789892455,-0.020497691466286626,0.028116588624627816,-0.20941301789892455,-2.777473949429405e-18,3.1855836394648428e-21,2.7112640631367077e-19,-2.7774703524632097e-18,-5.488978957363267e-21,2.7112640631367077e-19,-1553.7367924165187,-17.351692560597183,276.03467399484987,-1057205.0074715652,96.42199271859435,125219.08376813403,-0.04762967534623266,4713.411912091386
44.117155582373044,2001.0,12.0,14.0,14.0,22.0,12.0,1.0,3482210.869961058,38935.240444676616,-618857.7703010972,452.96562012374216,-293.82691623842715,4670.255232436508,3536989.3180055656,4701.36108439044,3482315.5991126453,28045.748343886517,-618857.7703010972,3536989.3180055656,454.0325212865472,-542.0767067253654,4670.255232436508,4723.4814091367625,20255293.3551703,0.8266033576530315,1.6336280464305495,2.580956827951785e-08,9.043175769269035e-07,6.106960390951951,-0.17587264165779623,0.008053589972264514,140789.31800556555,-0.07972656089940494,-0.07935240949717615,440.1751642227173,-16543134829.575747,-1040803606.9452783,-204487579.1055879,-16544284201.518682,-1900415853.5772934,16575843331.117504,16654330827.960548,-0.9845423002510652,-0.007929271428984957,0.17496738459194958,-0.008053502912821212,0.9999675700195648,0.0,0.17496171040309047,0.001409100341459975,0.9845742299740802,4676.887415288971,-545.7156794210687,-0.11615825242627636,7.520545595547571e-10,182.8762622345901,0.0,-86.8,3.088131117295041,0.0,3.013740182047022e-17,2.292181122613525,1.5707963267948966,17.96923447713445,461.0,0.003968971390784781,0.07714416517925746,0.0,0.008438970538684658,-1553.7550086009244,-17.372820633540236,276.133007484318,-0.020448753788320742,0.02824597617623558,-0.20990331269018878,-0.02053698244690464,0.02818189230018738,-0.20990331269018878,-2.7839324677402287e-18,3.206376199884342e-21,2.7164181494383453e-19,-2.7839288825434926e-18,-5.499338748783684e-21,2.7164181494383453e-19,-1553.7755455833712,-17.34463874124005,275.9231041716278,-1057205.1277911477,96.57553092356027,125184.64800877834,-0.04753738042788206,4713.437383999373
44.173950946071784,2001.0,12.0,14.0,14.0,22.0,12.0,1.0,3482236.590872122,38918.55237742734,-618592.5204913382,452.77419198920256,-293.8290526607664,4670.28921924786,3536968.056815848,4701.376540178609,3482341.380522861,28014.960752934498,-618592.5204913382,3536968.0568158487,453.8377165182219,-542.0818910283253,4670.28921924786,4723.49688694066,20255290.997078933,0.8266033374828848,1.6336280460432737,2.580956827951785e-08,9.066471901641356e-07,6.107035641553032,-0.17579754187625093,0.008044689862578148,140768.0568158487,-0.0796925338523512,-0.0793185436634992,441.3180264234543,-16543134737.856524,-1040803594.7426915,-204489834.10184082,-16544282024.151669,-1900428446.576481,16575843238.813063,16654330129.653254,-0.9845555075942175,-0.007920614578056137,0.17489344278902685,-0.00804460309144638,0.9999676416570193,0.0,0.17488778352702003,0.0014069483305343062,0.9845873672099401,4676.915757599459,-545.7152944538893,-0.1161574736104883,7.537554547321052e-10,182.82901514633042,0.0,-86.8,3.0645075731652054,0.0,3.0136626512745235e-17,2.2921684608774964,1.5707963267948966,17.97161504110558,461.0,0.003977985348304663,0.07736984038284951,0.0,0.008458028473220969,-1553.7945050812723,-17.36568761246038,276.0196311024039,-0.020485854136099112,0.028309891005180596,-0.21037701567669034,-0.020574396193850764,0.02824560797131465,-0.21037701567669034,-2.7901590805020343e-18,3.227292363439426e-21,2.7213123092643627e-19,-2.7901555081119604e-18,-5.509126650081879e-21,2.7213123092643627e-19,-1553.815079477466,-17.337442004489066,275.8092540867272,-1057205.2508694232,96.72906912852619,125150.2788563073,-0.04744508701481492,4713.462805464996
44.32972811176879,2001.0,12.0,14.0,14.0,22.0,12.0,1.0,3482307.081856378,38872.78006418878,-617864.9888161542,452.24912181262573,-293.8349078452236,4670.382365582846,3536909.788188241,4701.418898800226,3482412.0364585877,27930.515665743722,-617864.9888161542,3536909.788188241,453.30338478561873,-542.0960938376627,4670.382365582846,4723.539305897579,20255284.502182018,0.8266032819280992,1.6336280449765515,2.580956827951785e-08,9.131141722115315e-07,6.10724204198452,-0.1755915550750605,0.008020279190140027,140709.7881882405,-0.07959920294455693,-0.07922565492886777,444.4633829295635,-16543134485.237164,-1040803561.132483,-204496009.12936342,-16544276055.540527,-1900462959.3875499,16575842984.581789,16654328214.60192,-0.9845917043426856,-0.007896869679577253,0.17469062707778346,-0.008020193206502782,0.9999678377332595,0.0,0.17468500863123831,0.0014010525805289499,0.9846233720622168,4676.993434172775,-545.714239525636,-0.11615533921909477,7.584193278230568e-10,182.69973523530058,0.0,-86.79973523530059,3.0,0.0,3.013450455579697e-17,2.2921338066906767,1.5707963267948966,17.978133801346214,461.0,0.004002702541895737,0.07799144503615926,0.0,0.008510285631710243,-1553.9027551026659,-17.346121011258425,275.70862816931134,-0.020587368919430905,0.028485136330838146,-0.21167591559297066,-0.020676773012846796,0.02842030627186124,-0.21167591559297066,-2.8072315048699122e-18,3.2849668838787723e-21,2.7347033412079865e-19,-2.807227968421796e-18,-5.535905712341007e-21,2.7347033412079865e-19,-1553.9234318756787,-17.317700704986564,275.49695225371835,-1057205.5898643713,96.8826073334921,125115.97631072087,-0.047352795104007805,4713.488176491838
44.361305276074454,2001.0,12.0,14.0,14.0,22.0,12.0,1.0,3482321.3609199985,38863.50157242045,-617717.511088846,452.1426818126543,-293.8360939201954,4670.401234154058,3536897.9849551753,4701.427479265714,3482426.348783202,27913.39776303252,-617717.511088846,3536897.9849551753,453.1950673663367,-542.0989698857151,4670.401234154058,4723.547898584716,20255283.180434402,0.826603270622376,1.6336280447594995,2.580956827951785e-08,9.144506450037237e-07,6.107283881678243,-0.17554979922268588,0.008015331034887769,140697.98495517578,-0.07958028369444425,-0.07920682531054857,445.10292914509773,-16543134433.82815,-1040803554.2931759,-204497259.079731,-16544274846.258953,-1900469950.5578864,16575842932.844776,16654327826.439028,-0.9845990366689461,-0.007892056226039633,0.17464951313733595,-0.008015245210296248,0.9999678774061789,0.0,0.17464390294196439,0.0013998586736546036,0.9846306655598797,4677.009169030724,-545.7140258537324,-0.11615490687129573,7.594963728402116e-10,182.6849811939697,0.0,-86.7849811939697,3.0,0.0,3.0134257701226886e-17,2.2921297752496073,1.5707963267948966,17.978892469236825,461.0,0.004008408204986676,0.07811792926179528,0.0,0.008522395002911666,-1553.9246838528911,-17.342154308924847,275.6455790959903,-0.020611654318182314,0.028525039752022894,-0.2119772999076363,-0.02070124737710029,0.028460086851919978,-0.2119772999076363,-2.8112093983682486e-18,3.2972597933402617e-21,2.737921976888934e-19,-2.8112058685108357e-18,-5.5424043837325844e-21,2.737921976888934e-19,-1553.9453851002681,-17.31369422207293,275.43360179608266,-1057205.658851754,97.03614553845802,125081.74037201906,-0.0472605046924375,4713.513497083503
44.40992196891637,2001.0,12.0,14.0,14.0,22.0,12.0,1.0,3482343.338618255,38849.21618891693,-617490.4509205875,451.9788021881058,-293.83791948332646,4670.430276019147,3536879.817946256,4701.440685971691,3482448.3775747,27887.042596323518,-617490.4509205875,3536879.817946256,453.0282972150817,-542.1033959400288,4670.430276019147,4723.5611241015595,20255281.142043177,0.8266032531867439,1.6336280444247364,2.580956827951785e-08,9.165122696567964e-07,6.107348299262089,-0.17548551071566257,0.008007712821268954,140679.81794625567,-0.07955115506296521,-0.07917783467761837,446.089004278183,-16543134354.545975,-1040803543.7452226,-204499182.35408524,-16544272984.825762,-1900480711.0908654,16575842853.056736,16654327228.83898,-0.9846103223255229,-0.007884645233016869,0.17458621234100707,-0.008007627241161698,0.9999679384390114,0.0,0.17458061483451234,0.001398021309873089,0.9846418914815785,4677.033387577886,-545.7136969927343,-0.11615424142541458,7.611541124041706e-10,182.66227243281958,0.0,-86.76227243281959,3.0,0.0,3.013387773822303e-17,2.292123569982846,1.5707963267948966,17.980060354124625,461.0,0.004017190225251956,0.07831301850444876,0.0,0.008541033338233544,-1553.9584362611843,-17.33604684219794,275.5485034682156,-0.020649003484530488,0.02858645424241827,-0.21244118148691232,-0.020738887758743416,0.028521312129498325,-0.21244118148691232,-2.8173319443374898e-18,3.316226172054626e-21,2.742871974048902e-19,-2.817328424733096e-18,-5.552398708349046e-21,2.742871974048902e-19,-1553.979175148943,-17.307525530068443,275.3360622867287,-1057205.7652436998,97.18968374342393,125047.57104020192,-0.047168215777081,4713.53876724362
44.60638456503721,2001.0,12.0,14.0,14.0,22.0,12.0,1.0,3482432.070491402,38791.487304188064,-616572.8745421709,451.316519783629,-293.84529005270275,4670.547530932595,3536806.471196226,4701.494006612826,3482537.314486927,27780.53780053726,-616572.8745421709,3536806.471196226,452.35433376061064,-542.1212577211779,4670.547530932595,4723.6145206870715,20255272.8595123,0.8266031823409455,1.6336280430647094,2.580956827951785e-08,9.248328595866832e-07,6.107608620780318,-0.17522571074877036,0.00797692775452082,140606.47119622538,-0.07943344152336879,-0.07906067879797501,450.09130573272705,-16543134032.405462,-1040803500.8897371,-204506939.99128482,-16544265467.435934,-1900524155.6588595,16575842528.86098,16654324814.045767,-0.9846558874082403,-0.007854695479320719,0.1743303965211397,-0.007976843157641227,0.9999681844805055,0.0,0.17432485010901072,0.0013906062306585354,0.9846872157435488,4677.131168462143,-545.7123694238222,-0.11615155483735669,7.678470033444336e-10,182.57058899528172,0.0,-86.7,3.0,0.0,3.0132343500032023e-17,2.2920985139717236,1.5707963267948966,17.984777710836617,461.0,0.004052647862002033,0.07910573014071971,0.0,0.0086162989144997,-1554.0947149512094,-17.31136291655756,275.15616279431134,-0.020799455281971704,0.02883574131244013,-0.21431426902015582,-0.020890524178294935,0.02876983344791523,-0.21431426902015582,-2.842054627245643e-18,3.393350705848885e-21,2.7628136092928127e-19,-2.8420511503228213e-18,-5.59267611362304e-21,2.7628136092928127e-19,-1554.1156054753876,-17.282593083109646,274.94184852529116,-1057206.1975429542,97.34322194838984,125013.46831526939,-0.04707592835491554,4713.563986975835
44.76923525418179,2001.0,12.0,14.0,14.0,22.0,12.0,1.0,3482505.522993645,38743.63389936882,-615812.2647541425,450.7675002731092,-293.8513915686374,4670.644597867936,3536745.754541963,4701.538146098809,3482610.93520946,27692.25177665695,-615812.2647541425,3536745.754541963,451.7956313185126,-542.1360342744554,4670.644597867936,4723.658723037711,20255265.9387862,0.8266031231433628,1.633628041928334,2.580956827951785e-08,9.317695022144346e-07,6.1078244131848045,-0.17501035060100015,0.007951410213734736,140545.7545419624,-0.07933586315964751,-0.07896356268739692,453.43082109093666,-16543133763.236267,-1040803465.081463,-204513352.90794027,-16544259241.940144,-1900560119.709375,16575842257.97451,16654322812.551376,-0.9846936073188235,-0.007829867821596727,0.1741183300957677,-0.007951326426114687,0.999968387704364,0.0,0.17411282581564105,0.0013844716793614377,0.9847247367283211,4677.212114061272,-545.711270652371,-0.11614933093999426,7.7338739804593e-10,182.494693177453,0.0,-86.7,3.0,0.0,3.013107322158486e-17,2.2920777687503584,1.5707963267948966,17.988685404912403,461.0,0.004082001570304995,0.07976809683539843,0.0,0.00867863135347468,-1554.207536643822,-17.290898005986588,274.83088159350365,-0.02092360200511437,0.029044497097026917,-0.2158651966294853,-0.021015664825943563,0.02897795307490213,-0.2158651966294853,-2.8625271754847006e-18,3.457855992975337e-21,2.77927206301774e-19,-2.862523735431701e-18,-5.625944065242134e-21,2.77927206301774e-19,-1554.228552308648,-17.261920052911684,274.6150163968742,-1057206.558764303,97.49676015335577,124979.4321972215,-0.04698364242291859,4713.589156283818
44.80206928146433,2001.0,12.0,14.0,14.0,22.0,12.0,1.0,3482520.321688714,38733.985554578816,-615658.9083609156,450.6568018865183,-293.8526208746009,4670.664154561763,3536733.5217762673,4701.547039070183,3482625.7676301603,27674.451218456303,-615658.9083609156,3536733.5217762673,451.6829806177346,-542.1390103084698,4670.664154561763,4723.667628674367,20255264.53757425,0.8266031111578445,1.633628041698262,2.580956827951785e-08,9.331982321650829e-07,6.1078679222358385,-0.17496692869449035,0.007946265426897406,140533.52177626733,-0.07931618893869403,-0.07894398166620642,454.1064336001873,-16543133708.739252,-1040803457.831632,-204514643.9631677,-16544257987.395655,-1900567365.5511024,16575842203.129814,16654322409.035383,-0.984701206971643,-0.007824861852910326,0.1740755713061783,-0.007946181801810672,0.9999684285990096,0.0,0.17407007549651396,0.00138323613685295,0.9847322963498393,4677.228422666849,-545.7110493011551,-0.11614888289222286,7.743548761735767e-10,182.48169086251923,0.0,-86.68169086251923,3.0,0.0,3.0130853929391114e-17,2.2920741874370534,1.5707963267948966,17.98936018053056,461.0,0.004087130642138444,0.0799022066808334,0.0,0.008689511622118866,-1554.2302682411712,-17.286771417704255,274.7652911965931,-0.020944529457111283,0.029080116028330803,-0.21613609741624218,-0.02103677272830327,0.02901345645693908,-0.21613609741624218,-2.866101908539039e-18,3.470273098427919e-21,2.7820467063875284e-19,-2.8660984767919353e-18,-5.631541302898167e-21,2.7820467063875284e-19,-1554.2513050138996,-17.257757961247314,274.54915509917686,-1057206.6318993885,97.65029835832168,124945.46268605825,-0.04689135797806784,4713.614275171262
44.863213037099634,2001.0,12.0,14.0,14.0,22.0,12.0,1.0,3482547.8702357924,38716.01823176837,-615373.3253001083,450.4506542573114,-293.85490930640384,4670.700560670249,3536710.7498412263,4701.563593857866,3482653.378810512,27641.302633929514,-615373.3253001083,3536710.7498412263,451.4731973420739,-542.1445494195433,4670.700560670249,4723.684207038927,20255261.923347212,0.8266030887965644,1.6336280412690407,2.580956827951785e-08,9.358119051520916e-07,6.107948945893141,-0.17488606731238715,0.007936684832187789,140510.74984122626,-0.07927955108356693,-0.07890751736840176,455.3663966357708,-16543133607.065228,-1040803444.3060867,-204517046.45968267,-16544255651.762657,-1900580854.118515,16575842100.807144,16654321657.642351,-0.9847153542219585,-0.00781553951936002,0.1739959439226785,-0.007936601509209317,0.9999685046822645,0.0,0.17399046386513997,0.0013809364711330299,0.984746369121743,4677.258782222222,-545.7106372640934,-0.11614804883450006,7.762272352769519e-10,182.45638871247363,0.0,-86.65638871247363,3.0,0.0,3.0130428105856323e-17,2.2920672332109846,1.5707963267948966,17.99067061558522,461.0,0.004097055377021901,0.08015241491414071,0.0,0.008710570923386266,-1554.272585261378,-17.279086459202926,274.6431419908469,-0.020985383163872606,0.02914950763675344,-0.21666034021761482,-0.021077972638684803,0.02908262662557407,-0.21666034021761482,-2.873020140592582e-18,3.493762338110619e-21,2.7874630806521815e-19,-2.8730167241271195e-18,-5.642473904909858e-21,2.7874630806521815e-19,-1554.2936632340168,-17.250003832577352,274.4264816506293,-1057206.7683468033,97.80383656328759,124911.55978177962,-0.046799075017341256,4713.639343641878
44.981742214457455,2001.0,12.0,14.0,14.0,22.0,12.0,1.0,3482601.2380969934,38681.18758833158,-614819.7068245453,450.05101431534433,-293.8593425772959,4670.771088762912,3536666.6353740175,4701.595664487718,3482706.867455212,27577.042050603086,-614819.7068245453,3536666.6353740175,451.066509456846,-542.1552764928301,4670.771088762912,4723.716323341832,20255256.83763826,0.8266030452949381,1.6336280404341226,2.580956827951785e-08,9.410174729733185e-07,6.10810601586737,-0.17472931189211516,0.00791811276963658,140466.63537401706,-0.07920852597981187,-0.07883682871148087,457.81556728482246,-16543133409.27081,-1040803417.9951099,-204521697.42314613,-16544251126.24848,-1900606984.7675688,16575841901.75095,16654320201.186184,-0.9847427610566696,-0.007797467189803908,0.17384157745462075,-0.007918030030223434,0.9999686519088689,0.0,0.17383612785300834,0.0013764828307871002,0.9847736318302237,4677.317596507099,-545.7098391273228,-0.11614643309800801,7.798544248030413e-10,182.40737263779675,0.0,-86.60737263779673,3.0,0.0,3.0129603122463325e-17,2.2920537602097313,1.5707963267948966,17.993209993201344,461.0,0.004116282448281523,0.08063917219710312,0.0,0.00875136829298122,-1554.3545665977263,-17.26418744461262,274.4063283740185,-0.021064378336452798,0.029283922276757458,-0.21767594130326828,-0.021157640318926103,0.029216611623310226,-0.21767594130326828,-2.8864221740336992e-18,3.53949292283103e-21,2.797936169866895e-19,-2.886418787746286e-18,-5.663612702125886e-21,2.797936169866895e-19,-1554.3757242380452,-17.23497083298931,274.1886524327153,-1057207.0337912757,97.9573747682535,124877.72348438564,-0.04670679353771699,4713.664361699401
45.03322089801627,2001.0,12.0,14.0,14.0,22.0,13.0,1.0,3482624.401663053,38666.06004669295,-614579.2608897046,449.87743918958046,-293.8612667973328,4670.80170093469,3536647.4881127477,4701.609584373197,3482730.083218835,27549.132490869277,-614579.2608897046,3536647.4881127477,450.88987327180604,-542.1599310054897,4670.80170093469,4723.730263050732,20255254.62127982,0.8266030263368463,1.633628040070298,2.580956827951785e-08,9.43138742354348e-07,6.108174234507797,-0.17466122985718616,0.007910046790243474,140447.48811274813,-0.07917767831851419,-0.07880612717329925,458.88211926817894,-16543133323.07253,-1040803406.5293647,-204523714.78373975,-16544249161.652988,-1900618326.4862235,16575841815.002825,16654319568.680668,-0.9847546567546984,-0.007789617874969567,0.17377453165898105,-0.0079099643034259,0.9999687157430069,0.0,0.17376909525187378,0.0013745503422670938,0.9847854650362696,4677.343124365115,-545.7094927372331,-0.11614573182059489,7.815729894298618e-10,182.36872028187037,0.0,-86.58436014093517,3.0,0.0,3.012896659528745e-17,2.2920433649320673,1.5707963267948966,17.995169792026786,461.0,0.004125388633319641,0.08085130299868473,0.0,0.008770693805193134,-1554.3901508964332,-17.257716014925155,274.3034676998143,-0.021102455116584515,0.029347532935683554,-0.21815657380204528,-0.021196026563074934,0.029280023212011237,-0.21815657380204528,-2.8927459140588447e-18,3.560059599492304e-21,2.80296480256172e-19,-2.8927425405189934e-18,-5.6737642014634265e-21,2.80296480256172e-19,-1554.4113469229962,-17.228435991713145,274.08531112601224,-1057207.149472354,98.11091297321941,124843.95379387628,-0.0466145135361735,4713.689329347583
45.09499978160438,2001.0,12.0,14.0,14.0,22.0,13.0,1.0,3482652.1881544553,38647.905554389785,-614290.7028406855,449.66912873860144,-293.8635750645403,4670.83842295797,3536624.5194899132,4701.626282412368,3482757.93214381,27515.63828314719,-614290.7028406855,3536624.5194899137,450.67788924389686,-542.1655133153922,4670.83842295797,4723.74698486936,20255251.954806257,0.8266030035285792,1.6336280396326166,2.580956827951785e-08,9.456075422886429e-07,6.108256103760001,-0.1745795245354595,0.007900366992674938,140424.51948991325,-0.0791406579847382,-0.0787692822000245,460.164621502161,-16543133219.369072,-1040803392.7356266,-204526133.70535615,-16544246804.657345,-1900631931.8166502,16575841710.637886,16654318809.636866,-0.984768926684399,-0.0077801977935491335,0.17369406886577954,-0.007900284808312213,0.9999687922630124,0.0,0.17368864826696206,0.0013722326135542533,0.9847996600531754,4677.373747279583,-545.7090772384847,-0.11614489059213613,7.837262978206329e-10,182.31129872478311,0.0,-86.55564936239156,3.0,0.0,3.012802580323784e-17,2.2920280006319236,1.5707963267948966,17.99806719948723,461.0,0.004136796352646753,0.08110651726244038,0.0,0.008794905628869684,-1554.432838183021,-17.249949255649042,274.1800183015407,-0.02115052684004067,0.02942718891327704,-0.21875846392868653,-0.021244480874058152,0.029359432306172974,-0.21875846392868653,-2.9006538873173996e-18,3.5852102209885924e-21,2.809302070061888e-19,-2.900650528897776e-18,-5.6865584427038034e-21,2.809302070061888e-19,-1554.454082663895,-17.22058982334287,273.96125983761203,-1057207.2886468712,98.26445117818534,124810.25071025155,-0.04652223500968941,4713.7142465902025
45.2388172309575,2001.0,12.0,14.0,14.0,22.0,13.0,1.0,3482716.8235496613,38605.64245834082,-613618.9486279112,449.1841726168915,-293.86894449574737,4670.923845175349,3536571.0911532217,4701.665124708079,3482822.712001416,27437.66448819003,-613618.9486279112,3536571.0911532217,450.1843810900692,-542.1784937608941,4670.923845175349,4723.78588247837,20255245.719044916,0.8266029501895341,1.6336280386091884,2.9802322387695312e-08,9.520431068518096e-07,6.10844669444632,-0.17438931543506095,0.007877833343372833,140371.09115322167,-0.07905447495331921,-0.07868350739745647,463.1611035466194,-16543132976.852936,-1040803360.4801143,-204531755.9964166,-16544241320.618887,-1900663580.0353327,16575841466.574963,16654317042.693676,-0.9848021211036143,-0.007758267480279331,0.17350674786741513,-0.00787775186023047,0.9999689700313849,0.0,0.1735013639584743,0.0013668431057750688,0.9848326804307792,4677.4449817477125,-545.7081108248278,-0.11614293380735151,7.887352043854682e-10,182.18886394152707,0.0,-86.5,2.988863941527091,0.0,3.012601540172681e-17,2.29199516828365,1.5707963267948966,18.00426197992798,461.0,0.00416333364068894,0.08170336895035155,0.0,0.00885119129196321,-1554.5321398950234,-17.23186667861771,273.8926032804629,-0.021262013341214102,0.029612957878956684,-0.2201578858663422,-0.021356861786615174,0.02954462625064405,-0.2201578858663422,-2.919053084915531e-18,3.644126594599383e-21,2.8240123563088176e-19,-2.919049762703844e-18,-5.716211345759393e-21,2.8240123563088176e-19,-1554.55349675681,-17.202322052367066,273.67244539459654,-1057207.614117736,98.41798938315125,124776.61423351147,-0.04642995795524366,4713.739113431056
45.437422003380405,2001.0,12.0,14.0,14.0,22.0,13.0,1.0,3482805.9671623367,38547.27794807144,-612691.2691606674,448.5144212928191,-293.87635004318633,4671.041660884199,3536497.404048884,4701.718695640792,3482912.0530874818,27329.983474671575,-612691.2691606674,3536497.4040488834,449.5028194420784,-542.1963850011455,4671.041660884199,4723.83952969515,20255237.04229389,0.826602875970704,1.6336280371852,2.9802322387695312e-08,9.607494068035777e-07,6.108709900146196,-0.1741266366117308,0.007846716237659571,140297.40404888382,-0.07893545593706963,-0.07856505212587588,467.32486003637314,-16543132639.410118,-1040803315.5995896,-204539499.85921007,-16544233754.10261,-1900707229.0881207,16575841126.979942,16654314602.771818,-0.9848479032106591,-0.007727980640783699,0.17324804719472048,-0.007846635716271132,0.9999692146801001,0.0,0.17324271369816557,0.0013594143148923203,0.9848782230018166,4677.543229266953,-545.7067781895835,-0.11614023513408749,7.956433704171417e-10,182.09675506110477,0.0,-86.5,2.896755061104778,0.0,3.012447243489947e-17,2.2919699697230795,1.5707963267948966,18.009019419735413,461.0,0.004199938023842862,0.08253386205871183,0.0,0.008928573533594521,-1554.6691057532514,-17.206890852314007,273.49562292869507,-0.02141452431517323,0.029872617485449275,-0.2220832426749091,-0.021510624171440864,0.029803492661635133,-0.2220832426749091,-2.9444639324473465e-18,3.726616745928853e-21,2.8442316273980957e-19,-2.9444606633595138e-18,-5.756655636154124e-21,2.8442316273980957e-19,-1554.6906163774229,-17.177087359652372,273.2735396860202,-1057208.0669945534,98.57152758811716,124743.04436365602,-0.046337682369815454,4713.763929873958
45.478069037781594,2001.0,12.0,14.0,14.0,22.0,13.0,1.0,3482824.195157523,38535.33271517954,-612501.4046798719,448.37734074435576,-293.8778643443887,4671.065752208679,3536482.336584891,4701.729649852428,3482930.321208996,27307.94472522906,-612501.4046798719,3536482.3365848917,449.3633217022899,-542.2000417968103,4671.065752208679,4723.850499504892,20255235.257422578,0.8266028607033161,1.6336280368922749,2.9802322387695312e-08,9.623658592979996e-07,6.1087637699389825,-0.17407287463984925,0.007840347826446051,140282.33658489166,-0.07891109651115814,-0.0785408080777249,468.18058294057846,-16543132569.996607,-1040803306.3673884,-204541081.8488064,-16544232206.482782,-1900716154.4854872,16575841057.12371,16654314103.44203,-0.9848572648527323,-0.007721781738516975,0.17319509794904048,-0.007840267500952115,0.9999692646304252,0.0,0.17318977473369648,0.0013578958977740804,0.9848875357351327,4677.563319196256,-545.7065057254046,-0.1161396833233006,7.968915772758169e-10,182.08037398321292,0.0,-86.48037398321294,2.9,0.0,3.0124196227757986e-17,2.2919654589181406,1.5707963267948966,18.00987132580942,461.0,0.0042065555877308465,0.0827047090425833,0.0,0.00894262423489303,-1554.6971140023743,-17.20177855738746,273.41436512994255,-0.021441476640306486,0.029918735909031404,-0.22243305088312107,-0.021537810891773427,0.029849461986799358,-0.22243305088312107,-2.9490792121893765e-18,3.742753886081086e-21,2.8478048227170595e-19,-2.9490759545430333e-18,-5.7638797924738105e-21,2.8478048227170595e-19,-1554.718651813266,-17.17192909540066,273.1919320790594,-1057208.1601546817,98.72506579308308,124709.5411006852,-0.04624540825038415,4713.78869592275
45.52996322360637,2001.0,12.0,14.0,14.0,22.0,13.0,1.0,3482847.4587934585,38520.08211252729,-612259.0027278763,448.2023260217311,-293.8797969959101,4671.096499213245,3536463.106604018,4701.743630303112,3482953.635931536,27279.807574418708,-612259.0027278763,3536463.1066040173,449.18522091700896,-542.2047080298743,4671.096499213245,4723.864499862613,20255232.97449743,0.8266028411756717,1.6336280365176281,2.580956827951785e-08,9.645552833487323e-07,6.108832546321903,-0.17400423590725295,0.007832217310213762,140263.10660401778,-0.07887999644338448,-0.0785098553131187,469.27464631199837,-16543132481.214249,-1040803294.5593258,-204543100.15265197,-16544230231.12059,-1900727545.6437364,16575840967.775108,16654313465.973713,-0.9848692128096692,-0.007713867429714223,0.17312749610890588,-0.007832137234355194,0.9999693283427958,0.0,0.1731221860016926,0.0013559583085652458,0.9848994213071002,4677.588959330756,-545.7061580068013,-0.11613897907556431,7.985154423273872e-10,182.05900733779754,0.0,-86.45900733779754,2.9,0.0,3.012383632357625e-17,2.2919595812368048,1.5707963267948966,18.01098150402371,461.0,0.004215164170581551,0.08292322962060526,0.0,0.00896088911870596,-1554.7328605658806,-17.19525134551513,273.31061781502336,-0.021476620328419144,0.02997890042655353,-0.2228877329993082,-0.0215732583613396,0.029909433548483813,-0.2228877329993082,-2.9550783318173355e-18,3.763559765828867e-21,2.852463969241664e-19,-2.955075088854161e-18,-5.773282602667134e-21,2.852463969241664e-19,-1554.754433824242,-17.165341911966646,273.08773008202405,-1057208.2793104127,98.87860399804899,124676.10444459901,-0.04615313559392953,4713.813411581284
45.62483688230935,2001.0,12.0,14.0,14.0,22.0,13.0,1.0,3482889.966209488,38492.20049343023,-611815.8360474469,447.882351307115,-293.8833283787559,4671.152680980501,3536427.969499731,4701.769175570264,3482996.23633076,27228.36622558439,-611815.8360474469,3536427.969499731,448.85960414077516,-542.2132319173305,4671.152680980501,4723.890081503482,20255228.78881388,0.8266028053722044,1.6336280358307815,2.9802322387695312e-08,9.688046991102906e-07,6.108958286166359,-0.1738787477025955,0.007817353142195805,140227.96949973144,-0.07882313795176055,-0.07845326612334409,471.2792706489563,-16543132318.435394,-1040803272.9105994,-204546785.90813237,-16544226621.15674,-1900748359.7422156,16575840803.958128,16654312300.62891,-0.984891044401357,-0.007699397940638999,0.1730039014859379,-0.00781727352138122,0.9999694446505313,0.0,0.17299861529126853,0.0013524188181816676,0.9849211390109586,4677.635809643637,-545.7055227008101,-0.11613769228710921,8.014825755782344e-10,182.0199661108127,0.0,-86.41996611081271,2.9,0.0,3.012317866259663e-17,2.291948840817933,1.5707963267948966,18.013010523741663,461.0,0.004230894196648228,0.08332388318137485,0.0,0.008994263237184382,-1554.7981791413413,-17.183317250605633,273.1209303438535,-0.02154073611845376,0.030088824748126203,-0.2237185450186683,-0.021637930446828206,0.030019004867359193,-0.2237185450186683,-2.9660398352818012e-18,3.8017278530537844e-21,2.8609640263124816e-19,-2.9660366195408116e-18,-5.790436605065838e-21,2.8609640263124816e-19,-1554.819817071788,-17.153298245738274,272.89721179883486,-1057208.4977794029,99.0321422030149,124642.73439539745,-0.04606086439743148,4713.838076853442
45.69268403247121,2001.0,12.0,14.0,14.0,22.0,13.0,1.0,3482920.3459878624,38472.2612614933,-611498.9102878136,447.6535190315709,-293.88585226199734,4671.192834289842,3536402.857235862,4701.787432709169,3483026.682276077,27191.57839639247,-611498.9102878136,3536402.857235862,448.626736985587,-542.2193220811487,4671.192834289842,4723.9083646380395,20255225.785908237,0.8266027796859386,1.633628035338066,2.9802322387695312e-08,9.716654054463952e-07,6.109048208224473,-0.17378900558856883,0.007806723427135121,140202.85723586194,-0.07878247591671943,-0.07841279667469558,472.71639743447304,-16543132201.65511,-1040803257.3801031,-204549418.43136048,-16544224040.680996,-1900763235.5437484,16575840686.433117,16654311467.317476,-0.984906647484867,-0.007689050001968969,0.17291551188423596,-0.007806644130673756,0.9999695276894277,0.0,0.17291024274905506,0.0013498898659535187,0.9849366607806883,4677.669293696009,-545.7050686887197,-0.11613677264033569,8.036874910482875e-10,181.99107154482743,0.0,-86.39107154482744,2.9,0.0,3.012269269298493e-17,2.291940904331886,1.5707963267948966,18.014510144377052,461.0,0.0042425817551779415,0.08361132291104927,0.0,0.00901906164963163,-1554.8448637314054,-17.174782043888307,272.98526678441357,-0.021588742560509265,0.030170493859471445,-0.22433583886360114,-0.021686345513111046,0.030100414006360723,-0.22433583886360114,-2.974184192926072e-18,3.829526659606967e-21,2.8673276595049694e-19,-2.974180996621829e-18,-5.8032800494929174e-21,2.8673276595049694e-19,-1554.8665500769187,-17.144681629881948,272.76093094554994,-1057208.654514132,99.18568040798083,124609.43095308053,-0.04596859465787022,4713.86269174312
45.734678328011256,2001.0,12.0,14.0,14.0,22.0,13.0,1.0,3482939.141908008,38459.91969936894,-611302.7463137464,447.51187883056684,-293.88741379501806,4671.217677307279,3536387.320318421,4701.798728409118,3483045.519013386,27168.808198826417,-611302.7463137464,3536387.320318421,448.48259935151066,-542.2230893009149,4671.217677307279,4723.919676421279,20255223.92286033,0.8266027637497785,1.6336280350323986,2.580956827951785e-08,9.734918457902502e-07,6.109103866518398,-0.1737334586666712,0.0078001441682246375,140187.32031842088,-0.07875730766361966,-0.07838774762385933,473.6075716614723,-16543132129.203281,-1040803247.7451212,-204551046.4746442,-16544222443.938742,-1900772439.2174394,16575840613.51927,16654310951.547318,-0.984916301164593,-0.007682644953149561,0.17286080141773158,-0.0078000650720795785,0.999969579029718,0.0,0.17285554282442872,0.0013483254994701322,0.9849462641856253,4677.690010402168,-545.7047878070663,-0.11613620366164146,8.0518291935199e-10,181.9716503980261,0.0,-86.3716503980261,2.9,0.0,3.012236724443106e-17,2.2919355893536557,1.5707963267948966,18.01551456854906,461.0,0.00425050576925273,0.08378965552634843,0.0,0.0090358766662835,-1554.8737481729431,-17.169498822947748,272.9012921852464,-0.021621929316909774,0.030225865480542423,-0.2247543497625311,-0.02171980119598082,0.03015561319954145,-0.2247543497625311,-2.979706073356798e-18,3.847402407667656e-21,2.8717257414197184e-19,-2.9797028886990827e-18,-5.812158206266435e-21,2.8717257414197184e-19,-1554.8954679741391,-17.13934320974821,272.6765378354839,-1057208.751754744,99.33921861294674,124576.19411764825,-0.04587632637222624,4713.887256254239
45.82578069184593,2001.0,12.0,14.0,14.0,22.0,13.0,1.0,3482979.897301019,38433.14570701748,-610877.1848872751,447.204595730135,-293.8907997106875,4671.271545283739,3536353.631455395,4701.823221089269,3483086.362594536,27119.41002160393,-610877.1848872751,3536353.631455395,448.16989825417835,-542.2312558178171,4671.271545283739,4723.94420397452,20255219.869294748,0.8266027290763038,1.6336280343673917,2.9802322387695312e-08,9.777024210885109e-07,6.109224613210828,-0.17361295357059617,0.007785871266251353,140153.63145539444,-0.078702706889065,-0.07833340544667249,475.5453998744488,-16543131971.565807,-1040803226.7825887,-204554574.75307888,-16544218981.150425,-1900792395.7416434,16575840454.876612,16654309832.653519,-0.9849372335427504,-0.0076687494656587476,0.17274210911872723,-0.007785792603507808,0.9999696902574273,0.0,0.17273687334986837,0.001344934235490925,0.9849670876416194,4677.734931115745,-545.7041788069806,-0.11613496995297803,8.084254724182845e-10,181.92953931924308,0.0,-86.32953931924305,2.9,0.0,3.012166152345065e-17,2.291924064055408,1.5707963267948966,18.01769301702376,461.0,0.0042676878741264085,0.08417766894939174,0.0,0.009072337270413273,-1554.9363806109861,-17.158036578813917,272.71910458125564,-0.021693791418840737,0.030345918466955897,-0.22566182522170783,-0.021792247609910123,0.030275291870363024,-0.22566182522170783,-2.9916790639605644e-18,3.886311120877831e-21,2.8812491976525046e-19,-2.991675904929199e-18,-5.831382352660786e-21,2.8812491976525046e-19,-1554.958172858596,-17.127761286943553,272.4934427560339,-1057208.96332811,99.49275681791265,124543.02388910062,-0.045784059537480305,4713.911770390734
45.96532502452262,2001.0,12.0,14.0,14.0,22.0,13.0,1.0,3483042.269326414,38392.13454990229,-610225.3296640243,446.73389660381093,-293.8959815849991,4671.353986380038,3536302.0740419445,4701.860704916226,3483148.8687433843,27043.743851004074,-610225.3296640243,3536302.0740419454,447.6909000295299,-542.2437485754313,4671.353986380038,4723.981741169949,20255213.628558565,0.8266026756940621,1.633628033343725,2.9802322387695312e-08,9.840409148394897e-07,6.109409569117231,-0.17342836768813108,0.0077640093692136316,140102.0740419454,-0.07861907104975355,-0.07825016570941605,478.52568674087524,-16543131728.87527,-1040803194.5121449,-204559969.58767033,-16544213680.21763,-1900822937.4585097,16575840210.638693,16654308118.844994,-0.9849692689748624,-0.007647464295971029,0.17256029515785823,-0.007763931367239719,0.9999698602306596,0.0,0.17255509423036486,0.0013397462883162395,0.9849989566162153,4677.803678960491,-545.70324689549,-0.11613308192284592,8.134227809103236e-10,181.8301851048635,0.0,-86.26509255243175,2.9,0.0,3.012002134407453e-17,2.2918972778934346,1.5707963267948966,18.02275809806783,461.0,0.004294167379874566,0.08477504366845515,0.0,0.009128529425245094,-1555.0322385444936,-17.140477294058662,272.44000704806575,-0.02180436022089107,0.030530809648917436,-0.22705949977297415,-0.021903717682525692,0.030459606270354486,-0.22705949977297415,-3.0100753045066493e-18,3.946347065220004e-21,2.8958599604188177e-19,-3.0100721856122072e-18,-5.860875336344787e-21,2.8958599604188177e-19,-1555.0541422621761,-17.110017687788307,272.2129475482928,-1057209.2890596632,99.64629502287856,124509.92026743758,-0.04569179415061345,4713.936234156561
46.11350727391051,2001.0,12.0,14.0,14.0,22.0,14.0,1.0,3483108.430324856,38348.58397490828,-609533.1114417543,446.23402899991595,-293.9014783412917,4671.441437692472,3536247.3846207126,4701.900466130584,3483215.1708997795,26963.39197101737,-609533.1114417543,3536247.384620712,447.1822193633032,-542.2569932482558,4671.441437692472,4724.021558993104,20255206.95926796,0.8266026186458989,1.633628032249951,2.9802322387695312e-08,9.90563026346024e-07,6.109605979819953,-0.17323234986431588,0.007740794667578757,140047.3846207126,-0.07853025526037218,-0.0781617705416739,481.7065171599388,-16543131469.523026,-1040803160.0290562,-204565685.7415046,-16544208055.290241,-1900855334.871986,16575839949.633013,16654306298.991402,-0.9850032512002491,-0.007624860208672699,0.1723672144920175,-0.007740717363200603,0.9999700401985566,0.0,0.17236205040449598,0.0013342458900648824,0.9850327625862314,4677.876604699304,-545.7022585063469,-0.11613107924732269,8.187549994805207e-10,181.6934615517815,0.0,-86.19673077589076,2.9,0.0,3.0117778255280985e-17,2.2918606454734562,1.5707963267948966,18.02968981569785,461.0,0.004322421063492591,0.08541345736588427,0.0,0.009188488282367792,-1555.1339266495331,-17.12182815186903,272.14358667867117,-0.021922061913593253,0.030727961884863153,-0.22855004409147456,-0.022022383095362,0.030656142662476838,-0.22855004409147456,-3.0296530927299715e-18,4.010639284734551e-21,2.9113746930619407e-19,-3.0296500176729594e-18,-5.892192290528964e-21,2.9113746930619407e-19,-1555.1559490326285,-17.091172009206552,271.9150366345797,-1057209.6371595878,99.79983322784447,124476.8832526592,-0.04559953020860695,4713.9606475557
46.13437882821981,2001.0,12.0,14.0,14.0,22.0,14.0,1.0,3483117.7431875803,38342.449786217134,-609435.6110704147,446.1636197364062,-293.90225207587633,4671.453747565659,3536239.686503804,4701.9060629702935,3483224.5035397564,26952.074205334022,-609435.6110704147,3536239.6865038043,447.11056875490516,-542.2588569970904,4671.453747565659,4724.027163800963,20255206.016400058,0.8266026105807306,1.633628032095344,2.9802322387695312e-08,9.914592608893187e-07,6.109633644864761,-0.1732047401533542,0.007737524902170836,140039.6865038043,-0.0785177452725378,-0.07814931979868701,482.15583938360214,-16543131432.857508,-1040803155.1544538,-204566489.82119107,-16544207263.358513,-1900859895.1807973,16575839912.733768,16654306042.667437,-0.985008034617568,-0.007621676298752503,0.17234001795646073,-0.007737447695712832,0.9999700655035411,0.0,0.17233485904480347,0.0013334718748163252,0.9850375212197588,4677.886869903972,-545.7021193911974,-0.11613079735349864,8.193938363369624e-10,181.68854055978252,0.0,-86.2,2.8885405597825327,0.0,3.0117692357807334e-17,2.2918592426612547,1.5707963267948966,18.029955370615408,461.0,0.004325808851096702,0.08550370686267371,0.0,0.009195637088037773,-1555.148240908554,-17.119201167914387,272.1018318593613,-0.021935509612570098,0.030752136449124078,-0.22872802629151656,-0.022035955129308667,0.030680240541556967,-0.22872802629151656,-3.032006010602134e-18,4.0192553664611214e-21,2.9131627969133603e-19,-3.032002942419645e-18,-5.895752690055813e-21,2.9131627969133603e-19,-1555.1702768636833,-17.08852092737283,271.8731038330698,-1057209.6863720696,99.9533714328104,124443.91284476545,-0.04550726770844242,4713.985010592146
46.17390361815965,2001.0,12.0,14.0,14.0,22.0,14.0,1.0,3483135.375075882,38330.83333248922,-609250.9723817145,446.03028282822925,-293.9037169803195,4671.477053764501,3536225.1117875725,4701.9166593957125,3483242.172809562,26930.641468186768,-609250.9723817145,3536225.111787573,446.9748810788827,-542.2623852097931,4671.477053764501,4724.037775312255,20255204.228907138,0.8266025952907414,1.6336280318022145,2.9802322387695312e-08,9.932493038920266e-07,6.109686034921762,-0.17315245487932457,0.007731332922132822,140025.11178757297,-0.07849405475501105,-0.07812574147407687,483.00753501057625,-16543131363.34718,-1040803145.9127728,-204568011.8133011,-16544205763.912184,-1900868529.1586764,16575839842.780313,16654305557.280622,-0.9850170910213271,-0.007615646803258304,0.1722885147641905,-0.0077312559008803315,0.9999701133944929,0.0,0.17228336564531635,0.001332006596424556,0.9850465307183968,4677.906304938411,-545.7018560146914,-0.1161302636513201,8.206569784103438e-10,181.67234643063662,0.0,-86.2,2.872346430636619,0.0,3.011741934815046e-17,2.2918547840752024,1.5707963267948966,18.030799442905963,461.0,0.0043325059038686374,0.08567481602102088,0.0,0.00920979164358787,-1555.1753422475174,-17.114226243700855,272.022757504142,-0.02196243659511337,0.03079962189113809,-0.22908027788122537,-0.022063123337175944,0.030727575863383854,-0.22908027788122537,-3.036654034787993e-18,4.03582332550733e-21,2.916734000445684e-19,-3.036650979406697e-18,-5.90289187279047e-21,2.916734000445684e-19,-1555.1974053708545,-17.08349866783747,271.7936772262608,-1057209.7796693202,100.10690963777631,124411.00904375635,-0.04541500664710171,4714.009323269914
46.32368562622687,2001.0,12.0,14.0,14.0,22.0,14.0,1.0,3483202.144544566,38286.811428035115,-608551.262556722,445.52497201267784,-293.9092644321651,4671.565312462047,3536169.9193970542,4701.956786807443,3483309.083094901,26849.419318676373,-608551.262556722,3536169.9193970542,446.460661700382,-542.2757413946101,4671.565312462047,4724.0779598509625,20255197.430157308,0.8266025371349995,1.6336280306872608,2.580956827951785e-08,9.999334257726859e-07,6.109884574672005,-0.1729543121819689,0.007707868281868213,139969.91939705424,-0.07840427597966712,-0.07803638786213414,486.24467277526855,-16543131098.96667,-1040803110.7615635,-204573771.13069558,-16544200084.529793,-1900901225.0571542,16575839576.714338,16654303718.02478,-0.9850513868091592,-0.0075927967067980755,0.1720933316067812,-0.0077077919597679494,0.999970294530345,0.0,0.17208821949354133,0.0013264595976884277,0.9850806490924885,4677.979903762227,-545.7008587376364,-0.11612824262876516,8.254403189219665e-10,181.61102155228247,0.0,-86.2,2.8110215522824804,0.0,3.0116385413203044e-17,2.2918378986361008,1.5707963267948966,18.033996833141625,461.0,0.004357867495285024,0.08632564723482726,0.0,0.009263392356994617,-1555.2779758256368,-17.095371473595062,271.7230687566386,-0.022064194927569083,0.030979444479407457,-0.230414194996937,-0.02216579780368989,0.030906829112356236,-0.230414194996937,-3.0542547100478376e-18,4.0988791629632324e-21,2.930229723099127e-19,-3.054251703988981e-18,-5.929868480862091e-21,2.930229723099127e-19,-1555.3001416234404,-17.064464644482705,271.4926545616417,-1057210.134526629,100.26044784274222,124378.17184963185,-0.045322747021566995,4714.033585593037
46.376730200267374,2001.0,12.0,14.0,14.0,22.0,14.0,1.0,3483225.772480298,38271.22108426152,-608303.4605367446,445.346010630276,-293.9112275523241,4671.59654539872,3536150.3882803437,4701.970986921003,3483332.7605802165,26820.654407676393,-608303.4605367446,3536150.3882803437,446.2785453325951,-542.2804660235564,4671.59654539872,4724.092180179824,20255195.012814544,0.8266025164572872,1.633628030290833,2.580956827951785e-08,1.0021515594340013e-06,6.109954888042328,-0.17288413941522027,0.00769955851027086,139950.38828034373,-0.07837248055074654,-0.07800474300291428,487.394745439291,-16543131004.965378,-1040803098.2634019,-204575807.58737388,-16544198074.289848,-1900912795.3564873,16575839482.113771,16654303066.713299,-0.9850635233515018,-0.0075847041168176895,0.1720242053485081,-0.00769948243475024,0.9999703585458106,0.0,0.1720191063009058,0.0013244973474327063,0.9850927229323209,4678.005948838617,-545.7005058627592,-0.11612752745492168,8.272491573160573e-10,181.58798535042965,0.0,-86.18798535042966,2.8,0.0,3.011599806821083e-17,2.2918315728123204,1.5707963267948966,18.03519497983784,461.0,0.004367455709224165,0.0865570545165444,0.0,0.009283698451556553,-1555.3142968724926,-17.088693412122655,271.6169237390892,-0.02210335243444255,0.031046898222638415,-0.23091956946476241,-0.02220529304593698,0.03097407042724783,-0.23091956946476241,-3.06092207504558e-18,4.121850735498837e-21,2.935420771677618e-19,-3.0609190861587032e-18,-5.940298325213585e-21,2.935420771677618e-19,-1555.3365021655386,-17.057719341695407,271.3860041696244,-1057210.2606986687,100.41398604770814,124345.40126239201,-0.04523048882882069,4714.057797565569
46.434581094906406,2001.0,12.0,14.0,14.0,22.0,14.0,1.0,3483251.5304997633,38254.21799489134,-608033.2035121914,445.15082894924456,-293.91336766382335,4671.630594330327,3536129.0964127206,4701.98646723795,3483358.57244812,26789.28284860004,-608033.2035121914,3536129.096412721,446.0799227595668,-542.2856155263286,4671.630594330327,4724.107682534244,20255192.370148394,0.8266024938521591,1.6336280298574701,2.580956827951785e-08,1.0048068563630536e-06,6.110031573322589,-0.17280760747065482,0.007690495867713482,139929.0964127211,-0.07833780374429358,-0.07797023040921665,488.6514250934124,-16543130902.202747,-1040803084.6005833,-204578026.6713655,-16544195882.529419,-1900925408.7828295,16575839378.696024,16654302356.395967,-0.9850767541212976,-0.007575878062759878,0.17194881378313362,-0.0076904200605067054,0.9999704282824032,0.0,0.17194372896137133,0.0013223586068981427,0.9851058853943434,4678.034342146071,-545.7001211958288,-0.11612674781465104,8.293517292437923e-10,181.56137051590136,0.0,-86.16137051590137,2.8,0.0,3.011555166987696e-17,2.291824282574283,1.5707963267948966,18.036575996526665,461.0,0.004378598298344648,0.08681003834432567,0.0,0.009307341125923107,-1555.3538933474058,-17.08140981905432,271.5011540471486,-0.02214962008455024,0.03112472516418699,-0.23150801868625784,-0.022251943616326732,0.031051653607044864,-0.23150801868625784,-3.068684562613723e-18,4.147576806621874e-21,2.941552080824921e-19,-3.0686815919702194e-18,-5.9526733712334626e-21,2.941552080824921e-19,-1555.376145291022,-17.050358165447275,271.2696460284623,-1057210.3986313846,100.56752425267405,124312.6972820368,-0.04513823206584557,4714.0819591915815
46.57283649878078,2001.0,12.0,14.0,14.0,22.0,14.0,1.0,3483313.0427614837,38213.58253014253,-607387.3197150759,444.6843523688212,-293.9184784837381,4671.711907281098,3536078.249687458,4702.023435699558,3483420.2125936183,26714.308081765485,-607387.3197150759,3536078.2496874584,445.60522278402846,-542.2979084930681,4671.711907281098,4724.14470362206,20255186.027387477,0.8266024395966655,1.633628028817461,2.9802322387695312e-08,1.0111950383975667e-06,6.110214843942296,-0.17262470326967735,0.007668837737146853,139878.2496874584,-0.07825492932699431,-0.07788774843737363,491.6649649143219,-16543130655.560911,-1040803051.8101244,-204583321.9663366,-16544190647.15509,-1900955530.8962944,16575839130.481953,16654300658.853436,-0.9851083507276757,-0.0075547841974726295,0.17176863090310876,-0.007668762568606199,0.9999705946079946,0.0,0.17176357997918282,0.0013172528471304945,0.9851373190767222,4678.102148696553,-545.6992026633468,-0.11612488600041694,8.343750312541617e-10,181.49781210932298,0.0,-86.09781210932297,2.8,0.0,3.011448552879246e-17,2.291806871169048,1.5707963267948966,18.039875189585906,461.0,0.004405220130649073,0.08741724254166679,0.0,0.009363827288744504,-1555.4484573938337,-17.06400121617556,271.2244515188357,-0.02225994755867836,0.03131064192587254,-0.2329139257892266,-0.022363188536282955,0.031236987076476833,-0.2329139257892266,-3.087229747265391e-18,4.2093630238765346e-21,2.9561723242089146e-19,-3.087226821055507e-18,-5.982181283368122e-21,2.9561723242089146e-19,-1555.47082058237,-17.032764229099083,270.9915375930465,-1057210.729688961,100.72106245763996,124280.05990856621,-0.04504597672962464,4714.106070475166
46.65943037428435,2001.0,12.0,14.0,14.0,22.0,14.0,1.0,3483351.5370520125,38188.130851574206,-606982.7758732871,444.39216839660094,-293.92167686943947,4671.762793753807,3536046.4298743866,4702.046570650737,3483458.7864028765,26667.34807125836,-606982.7758732871,3536046.4298743866,445.30788812113,-542.3055982035912,4671.762793753807,4724.167871505863,20255182.034948967,0.8266024054455873,1.6336280281629416,2.9802322387695312e-08,1.015030525083967e-06,6.110329634984581,-0.17251014170577114,0.007655272754384311,139846.4298743871,-0.07820302109053487,-0.07783608600256176,493.55984258651733,-16543130500.314447,-1040803031.172211,-204586632.8418522,-16544187369.941784,-1900974381.4291708,16575838974.245968,16654299595.627815,-0.9851281241594505,-0.0075415718091138536,0.17165577090424383,-0.00765519798402215,0.999970698542625,0.0,0.17165074113998952,0.0013140589113719355,0.985156990695021,4678.144582662934,-545.6986279066352,-0.11612372090153393,8.375570125612904e-10,181.45803734298389,0.0,-86.05803734298387,2.8,0.0,3.011381826360216e-17,2.2917959739015132,1.5707963267948966,18.041940689878945,461.0,0.0044220834298498895,0.08779943806731286,0.0,0.009399607958817821,-1555.507638616735,-17.053096310340067,271.05112255731245,-0.022329854924003547,0.03142841340194411,-0.23380448403712645,-0.02243367675928571,0.031354389436734846,-0.23380448403712645,-3.09897713695553e-18,4.248467198457089e-21,2.9654363880142247e-19,-3.098974239050214e-18,-6.000879083517118e-21,2.9654363880142247e-19,-1555.5300722934942,-17.02174192090333,270.8173180732753,-1057210.938072618,100.87460066260589,124247.48914198027,-0.04495372281714125,4714.130131420428
46.785442544813776,2001.0,12.0,14.0,14.0,22.0,14.0,1.0,3483407.5090831467,38151.092850059926,-606394.0722410452,443.9669598288452,-293.92632748972176,4671.836785733949,3536000.162764644,4702.080209859056,3483514.873353582,26599.01026138944,-606394.0722410452,3536000.1627646433,444.87518407224513,-542.3167748854156,4671.836785733949,4724.201558598273,20255176.198027052,0.8266023555168203,1.6336280272061499,2.9802322387695312e-08,1.0209198673344482e-06,6.11049668358535,-0.1723434270118805,0.007635533163153589,139800.16276464285,-0.07812748200597171,-0.07776090461104015,496.3275139927864,-16543130273.347599,-1040803001.001718,-204591442.96412337,-16544182603.493155,-1901001790.9686668,16575838745.83257,16654298048.417585,-0.9851568758497947,-0.007522344184676972,0.17149152837338455,-0.007635458969700071,0.999970849458284,0.0,0.17148652930243274,0.0013094165285461332,0.9851855945435665,4678.206284104393,-545.6977922722674,-0.11612202683757805,8.421837235357149e-10,181.40020345580356,0.0,-86.00020345580357,2.8,0.0,3.011284793314522e-17,2.291780127202569,1.5707963267948966,18.044945194157673,461.0,0.004446604113206314,0.08835821964680513,0.0,0.009451635253930848,-1555.5936945162578,-17.03722556769654,270.79886367314197,-0.022431281017968367,0.031599634801084485,-0.2350994178560894,-0.02253595016737452,0.0315250731596707,-0.2350994178560894,-3.1160578816812596e-18,4.305664891306568e-21,2.978877110332017e-19,-3.1160550258109606e-18,-6.0280059976877634e-21,2.978877110332017e-19,-1555.6162304664251,-17.00570049453687,270.5637642552859,-1057211.2427284531,101.0281388675718,124214.98498227895,-0.04486147032537902,4714.154142031496
46.81064658996575,2001.0,12.0,14.0,14.0,22.0,14.0,1.0,3483418.6977746254,38143.684705918946,-606276.3228694211,443.8819098534303,-293.92725714706364,4671.851576758704,3535990.914066505,4702.086934293316,3483526.084917092,26585.34165676421,-606276.3228694211,3535990.914066505,444.7886348833689,-542.319008450856,4671.851576758704,4724.2082926043095,20255175.026752584,0.8266023454977786,1.6336280270141699,2.9802322387695312e-08,1.0218981245518133e-06,6.1105300959623685,-0.17231008141613327,0.007631585033942153,139790.91406650515,-0.07811237297280466,-0.07774586712111108,496.8825177550316,-16543130227.80333,-1040802994.9478022,-204592403.92795277,-16544181650.51119,-1901007270.10835,16575838699.998043,16654297738.957983,-0.9851626233142448,-0.00751849829449652,0.17145867667747583,-0.00763151095551924,0.999970879596269,0.0,0.17145368373158779,0.001308488769482988,0.9851913124830166,4678.218618233421,-545.6976252423818,-0.11612168820203563,8.430076385328751e-10,181.37980903667813,0.0,-86.0,2.8,0.0,3.0112512074383264e-17,2.2917746422127387,1.5707963267948966,18.045985379315884,461.0,0.004450972508064637,0.0884703488964809,0.0,0.009460908590561007,-1555.6108975285476,-17.034050956414642,270.7484045405522,-0.022448824821706886,0.031630620411180366,-0.23532993207581854,-0.022553653006333614,0.0315559601270784,-0.23532993207581854,-3.1190858640119052e-18,4.316604352395943e-21,2.9811910631155267e-19,-3.119083016996875e-18,-6.0326804739155214e-21,2.9811910631155267e-19,-1555.633451181554,-17.002494996287563,270.51307460847636,-1057211.3038626872,101.18167707253771,124182.54742946228,-0.0447692192513219,4714.178102312515
46.845413898033115,2001.0,12.0,14.0,14.0,22.0,14.0,1.0,3483434.128314245,38133.465624131604,-606113.894811789,443.76458751001866,-293.92853926010093,4671.871975448136,3535978.159009024,4702.096208107315,3483541.5469451495,26566.486631181353,-606113.894811789,3535978.159009024,444.66924446275544,-542.3220884594372,4671.871975448136,4724.217579618847,20255173.409203757,0.8266023316613142,1.6336280267490395,2.9802322387695312e-08,1.0235264754936186e-06,6.110576186404812,-0.1722640830917763,0.007626138874279648,139778.15900902404,-0.07809153092705261,-0.0777251237645147,497.6488156914711,-16543130164.906172,-1040802986.5872093,-204593728.90027928,-16544180336.14663,-1901014826.5128293,16575838636.700033,16654297312.089386,-0.9851705497868318,-0.007513193078835856,0.17141335934655647,-0.0076260649543379525,0.9999709211438662,0.0,0.1714083748421406,0.0013072094124181122,0.985199198252581,4678.235628547252,-545.697394894918,-0.11612122118558701,8.441414214200853e-10,181.35146446449787,0.0,-86.0,2.8,0.0,3.011204535328047e-17,2.291767020078698,1.5707963267948966,18.047431063253736,461.0,0.004456983927087223,0.08862520242931302,0.0,0.009473669871666557,-1555.6346228718182,-17.02967164867827,270.6787972560872,-0.02247293758349297,0.03167327348710647,-0.23564713999922957,-0.02257798503112999,0.03159847732019191,-0.23564713999922957,-3.1232521980498605e-18,4.331701287377311e-21,2.9843710755009047e-19,-3.12324936331939e-18,-6.0391045985064435e-21,2.9843710755009047e-19,-1555.6572008568494,-16.99807317135808,270.44315011608796,-1057211.3882900476,101.33521527750362,124150.17648353023,-0.04467696959195412,4714.202012267647
46.906849403023685,2001.0,12.0,14.0,14.0,22.0,14.0,1.0,3483461.384847466,38115.40790631344,-605826.8748907306,443.5572689100591,-293.9308040002092,4671.908008020648,3535955.628452252,4702.112589437924,3483568.8589441716,26533.168632694375,-605826.8748907306,3535955.6284522517,444.45827143780156,-542.327528015428,4671.908008020648,4724.233984266683,20255170.54561827,0.8266023071662704,1.6336280262796683,2.9802322387695312e-08,1.0263428305222582e-06,6.110657631240822,-0.1721828010266028,0.007616515312451142,139755.62845225167,-0.07805470164196741,-0.07768846886800261,499.00491267442703,-16543130053.55842,-1040802971.7862152,-204596068.4515548,-16544178014.197124,-1901028174.208973,16575838524.64264,16654296557.819715,-0.9851845512181919,-0.007503818322603895,0.17133327975495874,-0.007616441671998629,0.9999709944874686,0.0,0.17132831014536576,0.001304949931725867,0.9852131278299173,4678.265675820573,-545.6969880275614,-0.1161203962535148,8.461441375776302e-10,181.30139656055925,0.0,-86.0,2.8,0.0,3.01112208602479e-17,2.291753555085638,1.5707963267948966,18.049985543694824,461.0,0.004467602674311335,0.08889934517259288,0.0,0.009496211665463408,-1555.6765323192515,-17.021932798667695,270.5557914364794,-0.02251548639709046,0.03174861662620335,-0.23620746116526034,-0.022620921716561434,0.031673580253397324,-0.23620746116526034,-3.1306114212136803e-18,4.358435121681657e-21,2.989982314964579e-19,-3.130608608364315e-18,-6.050440107756407e-21,2.989982314964579e-19,-1555.699153240968,-16.990259218414298,270.3195839753142,-1057211.5377538707,101.48875348246953,124117.87214448283,-0.04458472134426026,4714.2258719010715
47.01286022473903,2001.0,12.0,14.0,14.0,22.0,15.0,1.0,3483508.3877551863,38084.247853225395,-605331.5987899359,443.1995145050751,-293.9347095025778,4671.970145761395,3535916.775319926,4702.140838596144,3483615.9570336575,26475.6755486707,-605331.5987899359,3535916.775319926,444.0942109935753,-542.3369053983661,4671.970145761395,4724.26227363393,20255165.58830658,0.8266022647614824,1.6336280254671105,2.9802322387695312e-08,1.0311991141317322e-06,6.110798171845952,-0.17204254127437293,0.00759990944478065,139716.77531992598,-0.07799114923256885,-0.07762521737724815,501.35099574923515,-16543129860.79992,-1040802946.1634542,-204600100.27532476,-16544174009.313354,-1901051191.97731,16575838330.65564,16654295256.35926,-0.98520869646839,-0.007487641036538596,0.17119509232090627,-0.0075998362849404675,0.9999711208272177,0.0,0.17119014834825566,0.0013010546744241566,0.9852371493022563,4678.317491929914,-545.6962864558099,-0.11611897370782179,8.495977493399144e-10,181.21505626650213,0.0,-86.0,2.8,0.0,3.0109798823579815e-17,2.2917303314644424,1.5707963267948966,18.05439311994812,461.0,0.0044859148179333935,0.08937393007881628,0.0,0.00953508490642429,-1555.7488065228788,-17.008577718154427,270.3435179540072,-0.02258872814137278,0.03187854515372608,-0.2371737283345391,-0.022694834028983167,0.03180309400922978,-0.2371737283345391,-3.1433015452379725e-18,4.404736549323444e-21,2.99964086091212e-19,-3.14329877066879e-18,-6.069951529356433e-21,2.99964086091212e-19,-1555.7715013569077,-16.976774624145197,270.1063442256727,-1057211.796499081,101.64229168743546,124085.63441232004,-0.04449247450522516,4714.249681216987
47.066768954223164,2001.0,12.0,14.0,14.0,22.0,15.0,1.0,3483532.275174082,38068.402152980554,-605079.7379639179,443.01758249581854,-293.9366943429158,4672.001725296843,3535897.0297106337,4702.15519521191,3483639.8925980665,26446.43872671684,-605079.7379639179,3535897.029710633,443.90907218267876,-542.3416696656556,4672.001725296843,4724.276650684049,20255163.05947526,0.8266022431298586,1.6336280250526094,2.9802322387695312e-08,1.033672404052341e-06,6.110869640872981,-0.17197121505765242,0.007591465105750348,139697.02971063275,-0.07795883093197387,-0.07759305210021254,502.547027438879,-16543129762.470524,-1040802933.0928183,-204602148.00903028,-16544171973.607176,-1901062889.9432335,16575838231.699564,16654294594.571648,-0.9852209675017479,-0.007479414277197188,0.17112481864706217,-0.007591392189504832,0.9999711849671595,0.0,0.17111988767979303,0.0012990756117077385,0.9852493574943402,4678.343825796829,-545.6959299360514,-0.11611825076337018,8.515294546601425e-10,181.18378713829094,0.0,-85.98378713829095,2.8,0.0,3.010927865285463e-17,2.291721836431825,1.5707963267948966,18.056005936293115,461.0,0.004496154128231142,0.0896160286577159,0.0,0.009556813700024265,-1555.7855384996906,-17.00178579239313,270.2355631013645,-0.022630594156813216,0.03195040860742931,-0.23771432095764014,-0.022737061087223228,0.031874730668477194,-0.23771432095764014,-3.150422199446374e-18,4.4293199903269796e-21,3.005180525684848e-19,-3.1504194440477807e-18,-6.081135237706254e-21,3.005180525684848e-19,-1555.8082755607777,-16.969911061724652,269.99784878040685,-1057211.9284906313,101.79582989240137,124053.4632870419,-0.04440022907183402,4714.273440219608
47.12917860428859,2001.0,12.0,14.0,14.0,22.0,15.0,1.0,3483559.9171738694,38050.057595063256,-604788.1588306484,442.8069560788047,-293.93899117185845,4672.0382687908,3535874.1805224307,4702.171808423066,3483667.590119565,26412.591200874493,-604788.1588306484,3535874.18052243,443.69473323975717,-542.3471815685989,4672.0382687908,4724.293287541094,20255160.124416076,0.8266022180233374,1.6336280245715549,2.9802322387695312e-08,1.0366754013852397e-06,6.110952380911358,-0.17188864034093546,0.007581689249251324,139674.1805224307,-0.07792141585078449,-0.07755581417310296,503.93446308374405,-16543129648.346333,-1040802917.9231031,-204604516.5194515,-16544169617.583761,-1901076426.630262,16575838116.848057,16654293828.423079,-0.9852351673907267,-0.007469890005241079,0.1710434613771495,-0.007581616614334845,0.9999712591317379,0.0,0.171038545439559,0.0012967859485503372,0.9852634847187445,4678.374299036382,-545.6955174009245,-0.11611741419594165,8.538714964508532e-10,181.15522565303837,0.0,-85.95522565303838,2.8,0.0,3.0108799172890685e-17,2.2917140059297685,1.5707963267948966,18.057492853117974,461.0,0.004508566819476681,0.08989701931772019,0.0,0.009583150455892763,-1555.8280451144828,-16.993922347300337,270.1105768909072,-0.022681826202355086,0.03203708725049794,-0.238369823594743,-0.022788723412810952,0.03196113709779834,-0.238369823594743,-3.1590679534016252e-18,4.458436863770674e-21,3.011969574359918e-19,-3.159065220096908e-18,-6.0948373624016115e-21,3.011969574359918e-19,-1555.8508338378956,-16.96196121020254,269.8722070673125,-1057212.081685152,101.94936809736728,124021.3587686484,-0.04430798504107237,4714.297148913165
47.218215787009875,2001.0,12.0,14.0,14.0,22.0,15.0,1.0,3483599.3300798866,38023.88594958924,-604372.1713857544,442.506454393914,-293.9422660965767,4672.090374388772,3535841.6013703546,4702.19549619478,3483707.0818349645,26364.301785940213,-604372.1713857544,3535841.6013703546,443.3889349774269,-542.3550383915508,4672.090374388772,4724.317009027372,20255155.923106056,0.8266021820852509,1.6336280238830299,2.9802322387695312e-08,1.0407370382687457e-06,6.11107042442927,-0.17177083266458648,0.007567742598270607,139641.60137035465,-0.0778680364683961,-0.07750268752904385,505.91909506917,-16543129484.987675,-1040802896.2100297,-204607891.61313373,-16544166257.63186,-1901095727.803811,16575837952.448378,16654292735.380535,-0.9852554142936762,-0.0074563017120796455,0.17092738858876574,-0.007567670363456092,0.9999713647726469,0.0,0.17092249404413265,0.0012935221329261454,0.9852836281143745,4678.417749307866,-545.6949292344334,-0.11611622140462066,8.572108595386466e-10,181.11450171294334,0.0,-85.91450171294333,2.8,0.0,3.010811546200029e-17,2.2917028400835693,1.5707963267948966,18.059613549772557,461.0,0.004526265700050197,0.09029923677517004,0.0,0.009620702793898452,-1555.888654672025,-16.982702989023778,269.9322498253632,-0.02275476061718452,0.03216066513294508,-0.23930447764802104,-0.022862272737520534,0.03208432635749154,-0.23930447764802104,-3.1713951761900337e-18,4.5001269219939495e-21,3.021634440039485e-19,-3.1713924748459807e-18,-6.114343301812812e-21,3.021634440039485e-19,-1555.9115169447625,-16.950618662666287,269.6929453477152,-1057212.3009713292,102.1029063023332,123989.32085713952,-0.044215742409926005,4714.32080730191
47.26469679474356,2001.0,12.0,14.0,14.0,22.0,15.0,1.0,3483619.894579852,38010.22317713721,-604155.007285149,442.34957571484034,-293.94397486927267,4672.117561861229,3535824.6025229017,4702.207855821472,3483727.687289255,26339.09248195554,-604155.007285149,3535824.6025229017,443.22929123575545,-542.3591368063313,4672.117561861229,4724.3293862450755,20255153.723315474,0.8266021632681785,1.6336280235225527,2.9802322387695312e-08,1.0429748412727064e-06,6.111132048774576,-0.17170933143074393,0.0075604619510009664,139624.60252290173,-0.07784016986088067,-0.07747495286122784,506.95759639143944,-16543129399.454271,-1040802884.8417114,-204609651.69996467,-16544164504.201862,-1901105798.6390874,16575837866.369934,16654292164.762836,-0.9852659786357972,-0.007449207877325681,0.170866792106732,-0.007560389924468933,0.9999714198436823,0.0,0.1708619087071041,0.0012918195734700644,0.9852941384962943,4678.440420614128,-545.6946223651094,-0.11611559904806897,8.588917701356189e-10,181.09400280322416,0.0,-85.89400280322417,2.7940028032241595,0.0,3.010777074628711e-17,2.2916972104487483,1.5707963267948966,18.060682965515575,461.0,0.00453517610801477,0.09050983677667739,0.0,0.009639583117115231,-1555.9202799797288,-16.976845602437947,269.83914908421326,-0.02279105291284292,0.03222283488097246,-0.23977442212050692,-0.022898878819850515,0.03214629884506493,-0.23977442212050692,-3.1775931172486208e-18,4.5216630481639705e-21,3.0264443150661175e-19,-3.177590433110433e-18,-6.124020540397756e-21,3.0264443150661175e-19,-1555.9431788585487,-16.944699303592884,269.59937466209277,-1057212.415788807,102.25644450729911,123957.34955251528,-0.044123501175381094,4714.344415390106
47.29035683309278,2001.0,12.0,14.0,14.0,22.0,15.0,1.0,3483631.2441757615,38002.68055136962,-604035.1203768234,442.26296880418784,-293.94491794898414,4672.132566780606,3535815.220818998,4702.214677142619,3483739.059439114,26325.17549668823,-604035.1203768234,3535815.2208189974,443.1411578502028,-542.3613984239736,4672.132566780606,4724.336217274672,20255152.507175386,0.8266021528652746,1.6336280233232716,2.9802322387695312e-08,1.0441451097342759e-06,6.11116606900924,-0.1716753791582448,0.007556442658684314,139615.22081899736,-0.07782478586028176,-0.07745964169851934,507.53154388070107,-16543129352.167866,-1040802878.5569277,-204610622.82047528,-16544163536.397093,-1901111356.7718284,16575837818.782211,16654291849.756596,-0.9852718091507561,-0.007445291637890102,0.17083333903317247,-0.007556370746963225,0.9999714502230224,0.0,0.17082846177944272,0.0012908800456763153,0.9852999392442776,4678.452933030083,-545.694453008962,-0.11611525557009221,8.597465476024625e-10,181.08357868777483,0.0,-85.88357868777486,2.7835786877748476,0.0,3.01075947837607e-17,2.2916943367626126,1.5707963267948966,18.061228906757627,461.0,0.004539708831666115,0.09062626695219082,0.0,0.009649156673538764,-1555.9377343597255,-16.97361188143918,269.78775042396546,-0.022809039870463618,0.03225441164035943,-0.24001274399818676,-0.022917029992229956,0.03217777348440046,-0.24001274399818676,-3.1807362016544214e-18,4.533218049592918e-21,3.0288289659543655e-19,-3.1807335274470037e-18,-6.12878090835579e-21,3.0288289659543655e-19,-1555.9606513897177,-16.94143410795478,269.54773767996727,-1057212.4792649224,102.40998271226502,123925.44485477568,-0.04403126133442413,4714.3679731820375
47.32799715877054,2001.0,12.0,14.0,14.0,22.0,15.0,1.0,3483647.888706958,37991.61634289606,-603859.2593712377,442.13592466550176,-293.9463010096251,4672.154572071437,3535801.4622618686,4702.224680838325,3483755.7369834906,26304.76077459806,-603859.2593712377,3535801.462261869,443.01187453509806,-542.3647147603964,4672.154572071437,4724.346235208027,20255150.721045785,0.8266021375866527,1.6336280230305986,2.9802322387695312e-08,1.0459511310122137e-06,6.111215973106314,-0.17162557475132031,0.007550546844795111,139601.4622618691,-0.07780221914439223,-0.07743718182747902,508.37425860762596,-16543129282.719149,-1040802869.3267037,-204612046.64402187,-16544162116.976942,-1901119507.9638975,16575837748.890966,16654291387.68767,-0.9852803598183126,-0.007439546890670377,0.17078426654220172,-0.007550475101266896,0.9999714947565981,0.0,0.1707793982951147,0.001289502352215023,0.9853084462753997,4678.4712829614655,-545.6942046504324,-0.1161147518517454,8.610001050297035e-10,181.0682914020768,0.0,-85.86829140207679,2.768291402076786,0.0,3.0107336722165394e-17,2.2916901222969317,1.5707963267948966,18.062029630345602,461.0,0.004546356279680267,0.09079726778777011,0.0,0.009663196516979581,-1555.9633321281478,-16.968868222720463,269.7123519267201,-0.022835399817680894,0.032300718139874514,-0.2403622492457911,-0.02294363098752085,0.03222393014971067,-0.2403622492457911,-3.1853455613248235e-18,4.550191462852779e-21,3.032323675242353e-19,-3.1853429017580448e-18,-6.1357569820090954e-21,3.032323675242353e-19,-1555.9862757591354,-16.93664429257075,269.4719896774743,-1057212.572491506,102.56352091723095,123893.60676392069,-0.0439390228840419,4714.391480682001
47.43255893186495,2001.0,12.0,14.0,14.0,22.0,15.0,1.0,3483694.100771903,37960.880595678784,-603370.7274103323,441.7829953725623,-293.95014098769167,4672.215668530074,3535763.2628478156,4702.2524553287185,3483802.0403141035,26248.049677009698,-603370.7274103323,3535763.2628478156,442.65272490889765,-542.373919806509,4672.215668530074,4724.374049227419,20255145.74569239,0.826602095027237,1.6336280222153965,2.9802322387695312e-08,1.0508224494615074e-06,6.111354604667669,-0.1714872201053225,0.007534168912559894,139563.2628478161,-0.07773952966431134,-0.07737478915390092,510.72021639347076,-16543129089.267733,-1040802843.6164298,-204615997.55276608,-16544158175.431042,-1901142139.1481464,16575837554.206923,16654290104.155777,-0.9853041002264781,-0.007423587985319098,0.17064794290677665,-0.007534097634876699,0.9999716182836531,0.0,0.1706430996252659,0.00128567826305052,0.9853320656416726,4678.5222304730105,-545.693515151571,-0.11611335333901592,8.644804960878653e-10,181.02584760868456,0.0,-85.82584760868457,2.7258476086845693,0.0,3.010662019249217e-17,2.2916784204793346,1.5707963267948966,18.064253292073168,461.0,0.004564812762781359,0.09127360790681611,0.0,0.009702176453038794,-1556.0344044546757,-16.955689713739204,269.5028849643517,-0.022908470598168716,0.032429272878816064,-0.24133261265254524,-0.02301737240194156,0.032352068439378254,-0.24133261265254524,-3.1981426020318215e-18,4.597489112705031e-21,3.042011114431774e-19,-3.198139983594142e-18,-6.1550932951536185e-21,3.042011114431774e-19,-1556.0574218270776,-16.923337645299824,269.26155235169915,-1057212.8321789093,102.71705912219686,123861.83527995036,-0.043846785821221604,4714.414937894313
47.51153219221618,2001.0,12.0,14.0,14.0,22.0,15.0,1.0,3483728.979289434,37937.6662802232,-603001.7454850873,441.5164247688713,-293.95303923986546,4672.26178173188,3535734.4318715245,4702.273418215002,3483836.9873314975,26205.21636596622,-603001.7454850873,3535734.4318715245,442.38145614063455,-542.3808649001535,4672.26178173188,4724.395041947625,20255141.974601716,0.8266020627690931,1.6336280215975671,2.9802322387695312e-08,1.0546190905106853e-06,6.111459312080657,-0.1713827218254386,0.0075217991688975635,139534.431871525,-0.07769218069913482,-0.0773276643604637,512.4968999028206,-16543128942.641798,-1040802824.1302421,-204618977.34378514,-16544155199.915924,-1901159220.1344593,16575837406.646774,16654289134.787369,-0.9853220185112836,-0.00741153411572694,0.17054497646926162,-0.007521728241712842,0.9999717114020065,0.0,0.17054015199098246,0.001282792965991097,0.9853498926782805,4678.560683604173,-545.69299479817,-0.1161122978288527,8.67177693329279e-10,180.99303983940626,0.0,-85.8,2.7,0.0,3.010606691609887e-17,2.291669384790127,1.5707963267948966,18.06597070526006,461.0,0.004579114783509942,0.09163465760252601,0.0,0.009732414420345352,-1556.0880485636367,-16.94573528538149,269.34466343123603,-0.022965460740006813,0.03252929316419255,-0.2420852817609039,-0.023074880161638285,0.03245176738313047,-0.2420852817609039,-3.2080690512097928e-18,4.633701373737097e-21,3.0495664313093166e-19,-3.208066463928961e-18,-6.170213355606764e-21,3.0495664313093166e-19,-1556.1111234437983,-16.913283517998362,269.1025781494751,-1057213.029010186,102.87059732716277,123830.13040286466,-0.04375455014295069,4714.438344823304
47.550898252264986,2001.0,12.0,14.0,14.0,22.0,15.0,1.0,3483746.357436016,37926.09447880416,-602817.8164949646,441.38354301027886,-293.95448329744437,4672.284757756714,3535720.06689937,4702.283862960284,3483854.3994848602,26183.864900168686,-602817.8164949646,3535720.0668993695,442.24623244669374,-542.3843245032668,4672.284757756714,4724.405501557405,20255140.09018108,0.8266020466496262,1.6336280212888405,2.9802322387695312e-08,1.0563021062879626e-06,6.111511506561715,-0.17133063158629586,0.007515633232517299,139520.06689936947,-0.0776685782007322,-0.0773041736057431,513.3842867612839,-16543128869.373037,-1040802814.3930553,-204620461.3259365,-16544153717.153421,-1901167730.735323,16575837332.911192,16654288651.587132,-0.9853309463325266,-0.007405525438876298,0.17049364912635817,-0.007515562479615328,0.9999717577614955,0.0,0.17048883400405604,0.0012813556723867581,0.9853587750700646,4678.579842963397,-545.6927355471407,-0.11611177192833663,8.686680591904158e-10,180.97508362421186,0.0,-85.8,2.7,0.0,3.010576535125798e-17,2.2916644598625298,1.5707963267948966,18.066906928493367,461.0,0.004587014370257097,0.09181507691855786,0.0,0.009749183883645434,-1556.114777373866,-16.94077295282209,269.26578920127093,-0.022997882262951196,0.03258538091180415,-0.24250254520576964,-0.02310758109693205,0.03250768114764023,-0.24250254520576964,-3.213573322667352e-18,4.6525221019540914e-21,3.0538642413059276e-19,-3.213570750327093e-18,-6.178896613462995e-21,3.0538642413059276e-19,-1556.1378849549628,-16.908265271674452,269.0232866560652,-1057213.1273671445,103.02413553212868,123798.49213266358,-0.043662315846217006,4714.461701473319
47.64493981097539,2001.0,12.0,14.0,14.0,22.0,15.0,1.0,3483787.8509057476,37898.4503788554,-602378.4249736804,441.0660926039931,-293.9579312712181,4672.3396177613695,3535685.7679286744,4702.308801759479,3483895.9738201834,26132.857844485043,-602378.4249736804,3535685.767928674,441.92318732284485,-542.392582842829,4672.3396177613695,4724.430475847746,20255135.575427692,0.8266020080300645,1.6336280205491793,2.9802322387695312e-08,1.0607073173855449e-06,6.111636195633026,-0.1712061915236277,0.007500903565968519,139485.7679286739,-0.07761219338598804,-0.07724805573557211,515.5092117190361,-16543128693.834753,-1040802791.0644045,-204624002.73815638,-16544150176.178253,-1901188051.4285522,16575837156.254475,16654287497.258183,-0.9853522633209482,-0.007391170924048087,0.17037102969887916,-0.0075008332282505375,0.9999718683547463,0.0,0.17036623688151015,0.0012779246806966119,0.9853799836810893,4678.625589848839,-545.6921165749059,-0.11611051625952193,8.722265774000853e-10,180.93220991084235,0.0,-85.8,2.7,0.0,3.010504526248554e-17,2.291652699920432,1.5707963267948966,18.069142886804123,461.0,0.004605876476704915,0.09224733343822117,0.0,0.009789224608876655,-1556.1785992572993,-16.928917588726346,269.0773530755163,-0.023075187587802387,0.03271930295885037,-0.24349885387433665,-0.02318555495174375,0.032641187323762824,-0.24349885387433665,-3.2267156321797642e-18,4.6976236728668e-21,3.064111813671463e-19,-3.2267130959499024e-18,-6.199600537469719e-21,3.064111813671463e-19,-1556.2017848122512,-16.896276401402584,268.833854221642,-1057213.3630138803,103.1776737370946,123766.92046934715,-0.04357008292800872,4714.485007848723
47.78105213337762,2001.0,12.0,14.0,14.0,22.0,15.0,1.0,3483847.85416507,37858.438742766826,-601742.4565775053,440.60660338754235,-293.96291741090664,4672.418951684548,3535636.1685561673,4702.3448656837545,3483956.093189559,26059.03071779908,-601742.4565775053,3535636.1685561677,441.4556003428861,-542.4045199192602,4672.418951684548,4724.466591094054,20255129.008091807,0.8266019518524392,1.6336280194732544,2.9802322387695312e-08,1.0671770137426095e-06,6.111816670301777,-0.17102607722423863,0.00747958472165923,139436.16855616774,-0.07753058201622942,-0.0771668307320319,518.5973629653454,-16543128438.49311,-1040802757.1300967,-204629119.28658384,-16544145054.075977,-1901217437.1961439,16575836899.28594,16654285826.485184,-0.9853830900853939,-0.0073703937496602465,0.17019354591092906,-0.00747951498197249,0.9999720280366019,0.0,0.17018878526329223,0.0012729651764758166,0.9854106539561385,4678.691745041138,-545.6912215765224,-0.11610870048487971,8.77402301602386e-10,180.84042139041938,0.0,-85.77021069520968,2.7,0.0,3.010352475764839e-17,2.291627868191998,1.5707963267948966,18.07386611199223,461.0,0.004633309939139687,0.09287611181336783,0.0,0.009847446391822228,-1556.2708964120586,-16.91175644439469,268.80458375571095,-0.02318738807407575,0.032912388960242366,-0.24494692155841186,-0.02329872366332225,0.03283366851919264,-0.24494692155841186,-3.2457737355750253e-18,4.7633525158865714e-21,3.078944125459995e-19,-3.245771252689467e-18,-6.229549782698842e-21,3.078944125459995e-19,-1556.294195135722,-16.8789227758755,268.5596368341525,-1057213.7057949733,103.33121194206052,123735.41541291535,-0.04347785138531434,4714.508263953893
47.92478521222984,2001.0,12.0,14.0,14.0,22.0,15.0,1.0,3483911.149036314,37816.18616949327,-601070.869400178,440.1213583467316,-293.96817715597683,4672.502639515473,3535583.8482996584,4702.382908221367,3484019.509475194,25981.068341446076,-601070.869400178,3535583.848299658,440.9618039329297,-542.4171051224022,4672.502639515473,4724.504687767408,20255122.030709412,0.8266018921670958,1.633628018330316,2.9802322387695312e-08,1.0739179102616378e-06,6.112007254975246,-0.17083587304863634,0.007457072695631976,139383.84829965793,-0.07744439870595468,-0.07708105542061258,521.8742372691631,-16543128167.212618,-1040802721.0800002,-204634510.55061135,-16544139649.008482,-1901248435.283455,16575836626.277157,16654284062.110582,-0.9854156085566285,-0.007348452039665517,0.17000611361239432,-0.007457003583757429,0.9999721961622492,0.0,0.1700013867899948,0.0012677361984682971,0.985443007654126,4678.761530747153,-545.6902775974461,-0.1161067851462412,8.828959285359173e-10,180.70962074914482,0.0,-85.70481037457242,2.7,0.0,3.0101373899071055e-17,2.2915927420057574,1.5707963267948966,18.080551806782847,461.0,0.0046624277264224225,0.09354416533385745,0.0,0.009909226168330953,-1556.368263160854,-16.893631746108653,268.5164991373862,-0.023306168530474874,0.03311537558399814,-0.24648275595634195,-0.02341852749584601,0.03303601310034947,-0.24648275595634195,-3.2659367067450685e-18,4.833325456543882e-21,3.0945989868187065e-19,-3.2659342815848974e-18,-6.261139539323658e-21,3.0945989868187065e-19,-1556.3916816883498,-16.860595733008303,268.27001638142985,-1057214.0699786246,103.48475014702643,123703.97696336816,-0.04338562121512277,4714.531469793221
47.95466419476408,2001.0,12.0,14.0,14.0,22.0,15.0,1.0,3483924.297907426,37807.40268318274,-600931.2595163889,440.0204826381548,-293.96926982518437,4672.520025058376,3535572.9792936468,4702.3908112059535,3484032.683431408,25964.86143123371,-600931.2595163889,3535572.9792936468,440.8591505520098,-542.4197187052869,4672.520025058376,4724.512601997933,20255120.574730136,0.8266018797124616,1.6336280180918539,2.9802322387695312e-08,1.0753642650049678e-06,6.112046874089384,-0.17079633302616773,0.007452392990659635,139372.97929364676,-0.07742648273099148,-0.07706322425980527,522.5574559271336,-16543128110.604645,-1040802713.5580133,-204635629.76278806,-16544138525.901667,-1901254874.8616643,16575836569.308578,16654283695.32528,-0.985422364023006,-0.007343890674382596,0.16996714904084537,-0.007452324008817209,0.9999722310478765,0.0,0.16996242923122107,0.0012666502655073048,0.9854497289293488,4678.776028206648,-545.6900815102528,-0.11610638725966865,8.839552659263029e-10,180.69219921516304,0.0,-85.69219921516306,2.7,0.0,3.0101083877293296e-17,2.291588005590687,1.5707963267948966,18.08145369776479,461.0,0.004668044660133053,0.0936835640639715,0.0,0.009921141727035992,-1556.3884909494334,-16.88986366441419,268.45660702926875,-0.02332866444524799,0.0331545564506846,-0.2467792291824886,-0.023441226428326054,0.0330750676760692,-0.2467792291824886,-3.269839324927714e-18,4.8475050068297564e-21,3.0975743595901083e-19,-3.2698369121522776e-18,-6.267142488759397e-21,3.0975743595901083e-19,-1556.4119321758617,-16.85678859673812,268.20982780008626,-1057214.1459733248,103.63828835199234,123672.60512070563,-0.04329339241442321,4714.554625371115
47.98090354917307,2001.0,12.0,14.0,14.0,22.0,15.0,1.0,3483935.842598561,37799.68910673947,-600808.6554071954,439.93189374973866,-293.9702291904806,4672.535289612326,3535563.4363212483,4702.397750027222,3484044.250108166,25950.628657891877,-600808.6554071954,3535563.4363212483,440.76900052552713,-542.422013181783,4672.535289612326,4724.519550693064,20255119.294799425,0.826601868763764,1.6336280178822227,2.9802322387695312e-08,1.0766024510973284e-06,6.112081667306821,-0.17076160926404585,0.007448283347229685,139363.43632124877,-0.07741074904669827,-0.07704756505827735,523.1579370498657,-16543128060.841553,-1040802706.9455085,-204636612.21138632,-16544137539.752234,-1901260528.8146348,16575836519.228481,16654283373.226389,-0.985428295336517,-0.007339884893960066,0.16993293041641377,-0.007448214479444831,0.9999722616658265,0.0,0.1699282167600028,0.001265696912862024,0.9854556302341015,4678.788757010834,-545.689909350523,-0.11610603791742338,8.848459433501144e-10,180.68159591249864,0.0,-85.68159591249864,2.7,0.0,3.010090473169186e-17,2.2915850799209907,1.5707963267948966,18.082010839727555,461.0,0.004672768381587291,0.09380611285258776,0.0,0.00993116145783302,-1556.4062511550926,-16.886554481889547,268.4040089344414,-0.023347376889802717,0.03318752070032,-0.24702866491233127,-0.023460112392367068,0.03310792449559724,-0.24702866491233127,-3.2731282604418244e-18,4.859768182182032e-21,3.100054918303604e-19,-3.2731258586901943e-18,-6.272146625137946e-21,3.100054918303604e-19,-1556.429711267485,-16.85344655739395,268.1569802695291,-1057214.2127791904,103.79182655695826,123641.29988492772,-0.04320116498020526,4714.577730691999
48.025837644275086,2001.0,12.0,14.0,14.0,22.0,16.0,1.0,3483955.607131691,37786.47978360104,-600598.698674959,439.78018562706745,-293.9718716325573,4672.561422709996,3535547.098734345,4702.409629326116,3484064.052195868,25926.255327316736,-600598.698674959,3535547.098734345,440.6146189838706,-542.4259407959565,4672.561422709996,4724.531446895908,20255117.099980693,0.8266018499889816,1.633628017522762,2.9802322387695312e-08,1.0787658570849384e-06,6.112141250065405,-0.17070214544218043,0.007441245742448178,139347.09873434482,-0.07738380538336163,-0.07702074894444455,524.1873093545437,-16543127975.508371,-1040802695.6066712,-204638293.69184214,-16544135851.319954,-1901270208.4184406,16575836433.351715,16654282821.652658,-0.9854384498068469,-0.007333025017994476,0.16987433115795894,-0.007441177069690367,0.9999723140586531,0.0,0.16986962802719016,0.001264064977741592,0.98546573335334,4678.810548864785,-545.6896146225278,-0.1161054398463691,8.863707847944824e-10,180.66344303816092,0.0,-85.66344303816092,2.7,0.0,3.010059802456285e-17,2.2915800710134557,1.5707963267948966,18.08296477996947,461.0,0.00468085549621626,0.09401625935593924,0.0,0.009948315364618402,-1556.4366571707244,-16.880887391403,268.3139328621778,-0.02337938787148146,0.033243953460562366,-0.24745570299487268,-0.023492420745505033,0.033164173236331036,-0.24745570299487268,-3.278758896085994e-18,4.8808006262911534e-21,3.1042983510922447e-19,-3.2787565133137387e-18,-6.280707009083306e-21,3.1042983510922447e-19,-1556.4601495914699,-16.84772321816667,268.0664771591829,-1057214.3273375817,103.94536476192417,123610.06125603446,-0.04310893890945881,4714.600785760311
48.0987063178109,2001.0,12.0,14.0,14.0,22.0,16.0,1.0,3483987.64436665,37765.05834624734,-600258.2137785148,439.5341574613843,-293.9745339602518,4672.603783449729,3535520.616393001,4702.4288850870635,3484096.1500769183,25886.729236580013,-600258.2137785148,3535520.616393001,440.36425534384074,-542.432305811489,4672.603783449729,4724.550730056904,20255113.532611474,0.8266018194731818,1.6336280169385464,2.9802322387695312e-08,1.0822593455265953e-06,6.112237875330683,-0.17060571304486088,0.007429833099628025,139320.61639300128,-0.07734011085443582,-0.07697726125995993,525.859522998333,-16543127836.812132,-1040802677.1776592,-204641018.01018298,-16544133114.076645,-1901285898.5987084,16575836293.771996,16654281927.202682,-0.9854549097867948,-0.007321900236291113,0.1697792995451144,-0.007429764742355622,0.9999723989170267,0.0,0.1697746134525805,0.0012614202537421248,0.9854821101602861,4678.845872589475,-545.6891369105563,-0.11610447041513589,8.888424699865472e-10,180.63401821444586,0.0,-85.63401821444586,2.7,0.0,3.01001008434286e-17,2.29157195142935,1.5707963267948966,18.084511366135924,461.0,0.0046939645234180686,0.09435782460605836,0.0,0.00997612120741051,-1556.4859450383462,-16.871696610213654,268.1678491744264,-0.02343120949201179,0.033335422274200825,-0.2481479182988231,-0.023544725209511477,0.03325534349945017,-0.2481479182988231,-3.2878857750692585e-18,4.914994685128761e-21,3.111167900743326e-19,-3.287883423348202e-18,-6.294564928706687e-21,3.111167900743326e-19,-1556.5094897635558,-16.838441266714202,267.9197012561276,-1057214.5135361813,104.09890296689008,123578.88923402582,-0.043016714199174216,4714.6237905805
48.18162817210811,2001.0,12.0,14.0,14.0,22.0,16.0,1.0,3484024.079745806,37740.68130723011,-599870.7508108194,439.2541770278308,-293.9775618058302,4672.651960180528,3535490.4984955736,4702.450784416635,3484132.6540847756,25841.74944387043,-599870.7508108194,3535490.4984955736,440.0793412299278,-542.4395424719945,4672.651960180528,4724.5726605475675,20255109.460953977,0.8266017846435806,1.6336280162718042,2.9802322387695312e-08,1.0861505355920086e-06,6.112347833057432,-0.17049597478103434,0.007416846073207799,139290.49849557364,-0.07729038725661977,-0.07692777304362299,527.7667799293995,-16543127678.510872,-1040802656.1445503,-204644114.41875753,-16544130000.478138,-1901303742.864969,16575836134.462427,16654280909.391415,-0.9854736296328185,-0.007309240246824775,0.16967115342724787,-0.007416778073765192,0.9999724953232486,0.0,0.1696664866770188,0.0012584132904896617,0.985500735511987,4678.886046105523,-545.6885936564728,-0.11610336791242225,8.916464117258325e-10,180.60062311946706,0.0,-85.6,2.700623119467065,0.0,3.009953648389703e-17,2.291562734738759,1.5707963267948966,18.086267256769293,461.0,0.004708836276561314,0.09474767505707894,0.0,0.010007667763993524,-1556.5420013118219,-16.861236968578485,268.00159746990687,-0.02348986757166363,0.0334391493881236,-0.24893326870731597,-0.023603932662497898,0.033358731288821615,-0.24893326870731597,-3.2982402578981327e-18,4.953994532982588e-21,3.118943668879377e-19,-3.298237941929692e-18,-6.310253335727472e-21,3.118943668879377e-19,-1556.5656052444845,-16.827878237289664,267.75266420119954,-1057214.7260561623,104.252441171856,123547.78381890182,-0.04292449084634212,4714.646745157034
48.21045451847026,2001.0,12.0,14.0,14.0,22.0,16.0,1.0,3484036.7404359737,37732.2069930477,-599736.0550857213,439.1568443155711,-293.97861393865156,4672.668700947276,3535480.033025512,4702.458394092903,3484145.3385366923,25826.11285750279,-599736.0550857213,3535480.033025512,439.98029339146944,-542.44205655271,4672.668700947276,4724.580281051671,20255108.042394157,0.8266017725089845,1.6336280160395222,3.332000937312528e-08,1.0876826996144985e-06,6.11238605839265,-0.1704578257347786,0.007412331393021852,139280.033025512,-0.0772731014995862,-0.07691056911292098,528.4309428036213,-16543127623.359259,-1040802648.8168339,-204645189.89312273,-16544128918.405811,-1901309943.4765866,16575836078.959534,16654280555.573116,-0.9854801345194165,-0.007304839121210342,0.16963355739064745,-0.007412263517678494,0.9999725287974388,0.0,0.16962889735283118,0.0012573686288207173,0.9855072075875416,4678.900005852363,-545.6884048942999,-0.11610298481454702,8.927714497574581e-10,180.58754128189003,0.0,-85.6,2.687541281890022,0.0,3.009931659036662e-17,2.2915591436048817,1.5707963267948966,18.08695150663527,461.0,0.004714799937203911,0.09488349920594671,0.0,0.010020272459895447,-1556.5614804496424,-16.85760063781107,267.9437994865812,-0.023514018038941344,0.03348138647920443,-0.24924689663204888,-0.023628295485222318,0.03340083737525954,-0.24924689663204888,-3.3023769015253418e-18,4.968467625153083e-21,3.122145241130001e-19,-3.302374597961484e-18,-6.316655553827503e-21,3.122145241130001e-19,-1556.5851087451276,-16.82419980043581,267.6945525899492,-1057214.8000978455,104.40597937682192,123516.74501066245,-0.04283226884795355,4714.6696494943935
48.255760752114675,2001.0,12.0,14.0,14.0,22.0,16.0,1.0,3484056.633513111,37718.88789182637,-599524.3534699074,439.00386448286076,-293.9802671060166,4672.695004988227,3535463.589182332,4702.4703507965405,3484165.268860141,25801.536761469466,-599524.3534699074,3535463.5891823326,439.8246178845272,-542.4460062329338,4672.695004988227,4724.592254768369,20255105.80923927,0.8266017534061952,1.6336280156738494,2.9802322387695312e-08,1.0898241104619177e-06,6.112446137427215,-0.17039786659915757,0.007405235727367296,139263.58918233262,-0.07724593333782222,-0.07688352955726062,529.4762027263641,-16543127536.53769,-1040802637.2811809,-204646879.23279452,-16544127218.033613,-1901319686.1956263,16575835991.584957,16654279999.470867,-0.9854903553584451,-0.007297921788931996,0.16957446692544298,-0.007405168046763868,0.9999725813672089,0.0,0.1695698174254036,0.0012557274240233068,0.9855173768975115,4678.921940185901,-545.6881083116185,-0.11610238287664337,8.945391628992427e-10,180.56698647791578,0.0,-85.6,2.6669864779157826,0.0,3.009897107041374e-17,2.29155350083583,1.5707963267948966,18.08802678063748,461.0,0.004724170437380219,0.09509732154318203,0.0,0.010040077441439,-1556.5920875288691,-16.851885207044656,267.85295506265106,-0.02355193410832276,0.03354775159291585,-0.24973968130911303,-0.023666545596802164,0.03346699652937576,-0.24973968130911303,-3.30887646379263e-18,4.991253630978183e-21,3.127171676338787e-19,-3.308874179843908e-18,-6.326706562927476e-21,3.127171676338787e-19,-1556.615754074466,-16.81841821051528,267.60321538134195,-1057214.9166573156,104.55951758178783,123485.77280930773,-0.042740048200999914,4714.692503597072
48.449803090173305,2001.0,12.0,14.0,14.0,22.0,16.0,1.0,3484141.7552790563,37661.84258693137,-598617.6418825892,438.3486321899432,-293.987341037827,4672.80756116363,3535393.22656464,4702.52151336932,3484250.548766836,25696.277630548608,-598617.6418825892,3535393.22656464,439.157840018133,-542.4628989897741,4672.80756116363,4724.643490137407,20255096.195047233,0.8266016711645836,1.6336280140994899,3.332000937312528e-08,1.0992573584025453e-06,6.112703456558225,-0.17014106092827483,0.00737484615695141,139193.22656464018,-0.07712957163852767,-0.07676771866637247,533.9721707999706,-16543127162.7579,-1040802587.6170913,-204654100.99626434,-16544119939.872107,-1901361375.2715073,16575835615.424309,16654277617.636341,-0.9855340906879828,-0.007268294071920767,0.16932137488543786,-0.007374779306173699,0.9999728059453343,0.0,0.16931677035071316,0.0012487077715980061,0.9855608920847585,4679.015798029126,-545.6868393747545,-0.11609980725633903,9.021031443011807e-10,180.45806641160044,0.0,-85.57903320580022,2.6,0.0,3.009715491571988e-17,2.291523840778822,1.5707963267948966,18.093680915019856,461.0,0.004764267196697162,0.09601790203996058,0.0,0.010124897274418562,-1556.7230614927755,-16.827403421388922,267.4638271313426,-0.023713972622779883,0.033830643996267604,-0.25184971631969905,-0.02383001498201321,0.03374900526998058,-0.25184971631969905,-3.336674118118969e-18,5.089246225970298e-21,3.148622612098972e-19,-3.336671919445363e-18,-6.3696889207397886e-21,3.148622612098972e-19,-1556.7468915077575,-16.79365441611894,267.2119774150229,-1057215.4184701517,104.71305578675374,123454.86721483762,-0.04264782890247299,4714.715307469575
48.62560844982629,2001.0,12.0,14.0,14.0,22.0,16.0,1.0,3484218.767130556,37610.15747407845,-597796.128316421,437.75493397323277,-293.9937411294039,4672.909396593464,3535329.5676923953,4702.567801830471,3484327.70196188,25600.90840263637,-597796.128316421,3535329.5676923958,438.5536809781587,-542.4781713939627,4672.909396593464,4724.689844456451,20255087.414430127,0.8266015960532965,1.633628012661894,3.332000937312528e-08,1.1078088875888177e-06,6.11293660044929,-0.1699083821638384,0.007347313432992881,139129.56769239577,-0.077024141918615,-0.07666278798817329,538.0715633630753,-16543126821.39228,-1040802542.2637795,-204660625.11947465,-16544113351.856241,-1901399092.91397,16575835271.884542,16654275459.505175,-0.9855736601768061,-0.007241448898170694,0.1690920512133805,-0.00734724732814982,0.999973008614082,0.0,0.16908748718457053,0.0012423611214888825,0.9856002628938628,4679.100715884465,-545.6856915171036,-0.11609747709717182,9.089464730674546e-10,180.29891923098944,0.0,-85.49945961549471,2.6,0.0,3.0094535494503384e-17,2.2914810623839688,1.5707963267948966,18.101842264109912,461.0,0.0048005434868081,0.0968586747346526,0.0,0.010201857980110795,-1556.84156729858,-16.805218162725275,267.1112015447929,-0.023860616952450574,0.03408341441712547,-0.2537629459350112,-0.02397795022352523,0.03400097179139494,-0.2537629459350112,-3.3617858095018384e-18,5.178388595294626e-21,3.1679479580837544e-19,-3.361783689279632e-18,-6.408679255676261e-21,3.1679479580837544e-19,-1556.8655452488035,-16.77121719093388,266.85743859885787,-1057215.8767749518,104.86659399171965,123424.02822725216,-0.04255561094936494,4714.738061116426
48.6672648946181,2001.0,12.0,14.0,14.0,22.0,16.0,1.0,3484236.9995146617,37597.910708471034,-597601.4710219386,437.6142526962752,-293.9952563542914,4672.933506318597,3535314.49659633,4702.578760573475,3484345.9675673195,25578.310615356004,-597601.4710219386,3535314.49659633,438.41052099755956,-542.4817855799156,4672.933506318597,4724.700818790788,20255085.324393995,0.826601578174645,1.6336280123197409,3.332000937312528e-08,1.1098114360193243e-06,6.112991844273633,-0.16985324853876682,0.007340789750498404,139114.49659632985,-0.0769991601401329,-0.07663792445592767,539.0463925600052,-16543126740.138498,-1040802531.469049,-204662168.35564375,-16544111791.711056,-1901408022.5472138,16575835190.11329,16654274948.132559,-0.9855830283053797,-0.007235087752442352,0.16903771124104722,-0.007340723821582277,0.9999730565239122,0.0,0.16903315677751646,0.0012408591536529016,0.9856095840536395,4679.120820312354,-545.6854197900168,-0.11609692544704472,9.103986623547814e-10,180.28277399592207,0.0,-85.48277399592206,2.6,0.0,3.009426199437451e-17,2.291476595787901,1.5707963267948966,18.102694849940285,461.0,0.004808245948038077,0.09705880767632853,0.0,0.010218194744496237,-1556.869624714888,-16.79996083587736,267.02763848974377,-0.023890908459722412,0.0341371544026538,-0.2541696580750607,-0.024008527329173395,0.03405453616224711,-0.2541696580750607,-3.367148491049034e-18,5.198713262838944e-21,3.171964201308584e-19,-3.3671463900939196e-18,-6.416780412533648e-21,3.171964201308584e-19,-1556.8936332422172,-16.765906299715112,266.7734688316687,-1057215.985864563,105.02013219668558,123393.25584655133,-0.04246339433866826,4714.760764542159
48.73993153852864,2001.0,12.0,14.0,14.0,22.0,16.0,1.0,3484268.7905570813,37576.546963859015,-597261.9030991825,437.3688383470546,-293.9978984052764,4672.975545820206,3535288.2177589834,4702.597868929197,3484377.8163147806,25538.890055660882,-597261.9030991825,3535288.217758984,438.1607826845773,-542.4880860883717,4672.975545820206,4724.719954332134,20255081.670432016,0.8266015469177805,1.6336280117216,3.332000937312528e-08,1.1133072283478863e-06,6.113088214235152,-0.16975707080281258,0.007329409748836395,139088.21775898337,-0.0769555807028883,-0.07659455129076301,540.749782204628,-16543126598.085228,-1040802512.5975525,-204664858.00827992,-16544109070.967,-1901423592.837069,16575835047.15538,16654274056.096037,-0.9855993632461244,-0.00722399094007955,0.1689429167610516,-0.007329344126061988,0.999973139996611,0.0,0.16893837895373484,0.001238240774602393,0.9856258371594508,4679.155875854584,-545.6849460153808,-0.11609596356694563,9.129389499649398e-10,180.2535752877593,0.0,-85.45357528775932,2.6,0.0,3.009376821898385e-17,2.291468531823809,1.5707963267948966,18.104234313570878,461.0,0.004821719744243105,0.09740869731679745,0.0,0.010246772358764174,-1556.9185485640492,-16.790789251843677,266.8818599202004,-0.023943871587655825,0.03423114930301743,-0.254881083246095,-0.02406199028131202,0.03414822386177162,-0.254881083246095,-3.37652739936372e-18,5.2342975414253345e-21,3.178985017298051e-19,-3.3765253322772245e-18,-6.430941988198962e-21,3.178985017298051e-19,-1556.9426105543305,-16.756641027981907,266.62697883695427,-1057216.176583467,105.17367040165149,123362.55007273512,-0.04237117906737594,4714.783417751318
48.851338518249776,2001.0,12.0,14.0,14.0,22.0,16.0,1.0,3484317.495539266,37543.79332044333,-596741.297419054,436.9925727193823,-294.0019461611428,4673.039952751244,3535247.957666235,4702.627143732298,3484426.609155819,25478.452558843775,-596741.297419054,3535247.957666235,437.77788777261975,-542.4977352391008,4673.039952751244,4724.749270783747,20255076.048653483,0.8266014988276682,1.6336280108014272,3.332000937312528e-08,1.1187785473285283e-06,6.113235964105472,-0.16960961561598295,0.007311963013788766,139047.95766623458,-0.07688876669146975,-0.07652805352027338,543.3683397173882,-16543126379.532198,-1040802483.5646087,-204668975.63172537,-16544104901.74549,-1901447447.218817,16575834827.210623,16654272688.534922,-0.9856243892595399,-0.007206977520089756,0.1687975792829502,-0.0073118978585191225,0.9999732677175458,0.0,0.16879306693838322,0.0012342306584822154,0.985650737953468,4679.2095828932615,-545.6842202365233,-0.1160944899555234,9.168307589306551e-10,180.20884185137177,0.0,-85.40884185137179,2.6,0.0,3.009301167738809e-17,2.2914561765619283,1.5707963267948966,18.106593540055172,461.0,0.004842362688827939,0.09794702072985408,0.0,0.010290554970333892,-1556.9935048333805,-16.776726696569305,266.6583413643571,-0.024024849354450383,0.03437513897867992,-0.25597103521605746,-0.024143735815013424,0.03429174225965243,-0.25597103521605746,-3.3908960272412216e-18,5.28906395990154e-21,3.189719433327567e-19,-3.3908940127630095e-18,-6.45259373006082e-21,3.189719433327567e-19,-1557.0176485691954,-16.742434954309655,266.40237032914104,-1057216.4700128883,105.3272086066174,123331.91090580355,-0.0422789651324812,4714.806020748466
48.88937968989851,2001.0,12.0,14.0,14.0,22.0,16.0,1.0,3484334.1168048014,37532.609115686384,-596563.5290862764,436.8640884190873,-294.00332752676803,4673.061932792908,3535234.2183386944,4702.637134211531,3484443.260252603,25457.815246777016,-596563.5290862764,3535234.2183386944,437.64713979747063,-542.5010271920916,4673.061932792908,4724.759275475902,20255074.12350599,0.8266014823594505,1.633628010486349,2.9802322387695312e-08,1.1205633586956086e-06,6.113286415733658,-0.16955926460487686,0.007306005689781916,139034.21833869442,-0.07686595192455635,-0.07650534673746624,544.2644329965115,-16543126304.690466,-1040802473.6229683,-204670379.9928556,-16544103478.675343,-1901455587.907842,16575834751.892336,16654272221.57576,-0.9856329298289154,-0.007201167921128676,0.16874795055774788,-0.007305940693635426,0.9999733112591461,0.0,0.16874344688742582,0.0012328625189474292,0.9856592358328308,4679.227911383082,-545.6839725708634,-0.11609398707092003,9.182359827436135e-10,180.192772923368,0.0,-85.39277292336803,2.6,0.0,3.0092740544910144e-17,2.291451748632534,1.5707963267948966,18.107439204285658,461.0,0.004849814682542149,0.09813136512432424,0.0,0.010306361391116214,-1557.019085617953,-16.77192449607895,266.5820123538312,-0.0240544551812739,0.03442711597073723,-0.2563644965829303,-0.02417361405031008,0.03434355124149447,-0.2563644965829303,-3.396082983349312e-18,5.308266823545437e-21,3.193643243260707e-19,-3.3960809868601138e-18,-6.460509164925391e-21,3.193643243260707e-19,-1557.0432592320033,-16.737580944837454,266.32564785724827,-1057216.5704962332,105.48074681158332,123301.33834575664,-0.04218675253097777,4714.828573538173
48.929814745115124,2001.0,12.0,14.0,14.0,22.0,16.0,1.0,3484351.7786672,37520.72104522586,-596374.5730967595,436.727516444104,-294.0047953805751,4673.085289067948,3535219.6188419997,4702.647750175371,3484460.9537290805,25435.879117070563,-596374.5730967595,3535219.6188419997,437.5081616801906,-542.5045247075254,4673.085289067948,4724.769906542348,20255072.073790833,0.826601464825636,1.6336280101508953,3.332000937312528e-08,1.1227409416956055e-06,6.113340042646772,-0.1695057446365332,0.007299673512673314,139019.61884199968,-0.07684170124757736,-0.07648121083993624,545.2181765139103,-16543126225.006392,-1040802463.0382665,-204671871.80901784,-16544101966.35141,-1901464238.2779548,16575834671.70088,16654271725.223904,-0.9856420051409576,-0.007194992633980224,0.16869519786499393,-0.00729960868537823,0.9999733575016088,0.0,0.1686907034034562,0.0012314089315169088,0.9856682658061436,4679.247387461277,-545.6837094085232,-0.1160934527059789,9.19841927380034e-10,180.1745235524996,0.0,-85.37452355249961,2.6,0.0,3.0092433508456996e-17,2.291446734346728,1.5707963267948966,18.108396952040813,461.0,0.004858328756030098,0.09832764064762657,0.0,0.010324422290367927,-1557.0462684211907,-16.766819885875062,266.50087666429084,-0.02408883592540294,0.03448650136159888,-0.2568140294853726,-0.024208298984322904,0.03440274774912863,-0.2568140294853726,-3.4020092762213557e-18,5.329363018919739e-21,3.198198888167892e-19,-3.4020072987253385e-18,-6.4697006009898086e-21,3.198198888167892e-19,-1557.070476720175,-16.732417138125932,266.24406263480546,-1057216.6774814297,105.63428501654923,123270.83239259433,-0.04209454125985973,4714.851076125024
49.074566867605554,2001.0,12.0,14.0,14.0,22.0,17.0,1.0,3484414.96051595,37478.16284691954,-595698.1280336371,436.2385873650639,-294.0100463890314,4673.168842763165,3535167.3920057206,4702.685726843371,3484524.2479544543,25357.349530149575,-595698.1280336371,3535167.3920057206,437.0106187864593,-542.517031863557,4673.168842763165,4724.807937235818,20255064.706749707,0.8266014018058866,1.6336280089453459,3.332000937312528e-08,1.129739965261571e-06,6.113532023470902,-0.1693141466278082,0.007277005446466329,138967.39200572064,-0.07675488531482774,-0.07639480580267241,548.6431996524334,-16543125938.61039,-1040802424.9973075,-204677204.54813576,-16544096554.935421,-1901495183.4657989,16575834383.481407,16654269948.269463,-0.985674470700938,-0.0071728851050990175,0.16850634269277429,-0.0072769412212316835,0.999973522712708,0.0,0.1685018811019283,0.0012262107511800415,0.9857005693780974,4679.317060221503,-545.6827680702067,-0.11609154114916118,9.255868793707287e-10,180.10924000715082,0.0,-85.3092400071508,2.6,0.0,3.0091335044404974e-17,2.2914287950673735,1.5707963267948966,18.111824282119066,461.0,0.0048887871009933035,0.09903309911952748,0.0,0.01038903263827985,-1557.1435137788876,-16.748544259719353,266.2103930642211,-0.024211585752077536,0.03469891707758971,-0.2584221784990381,-0.024332139943135753,0.03461448680502584,-0.2584221784990381,-3.4232090336390006e-18,5.405197773511523e-21,3.2144637916546857e-19,-3.4232071251150772e-18,-6.502515820590772e-21,3.2144637916546857e-19,-1557.1678459188308,-16.713929772914327,265.95197088572206,-1057217.0620054398,105.78782322151514,123240.39304631666,-0.042002331316121536,4714.873528513615
49.28954040518718,2001.0,12.0,14.0,14.0,22.0,17.0,1.0,3484508.662215172,37414.95762994741,-594693.5070739636,435.5124151183635,-294.01783402574193,4673.292760337676,3535089.9371109284,4702.742048451302,3484618.114244941,25240.720731523885,-594693.5070739636,3535089.9371109284,436.2716536172979,-542.5355675229446,4673.292760337676,4724.864338962755,20255053.68089986,0.8266013074873693,1.633628007141272,3.332000937312528e-08,1.1404013552456212e-06,6.113817147446544,-0.1690295910857474,0.007243341587495593,138889.93711092882,-0.0766259486823545,-0.07626647939814153,553.7613150477409,-16543125509.985075,-1040802368.0674101,-204685101.90224743,-16544088525.569036,-1901541077.1846466,16575833952.127235,16654267309.042038,-0.985722619858652,-0.007140050516551215,0.16822584931459483,-0.007243278249471656,0.9999737671160183,0.0,0.16822143626540703,0.001218506635339301,0.9857484788841336,4679.42039086755,-545.681372229853,-0.11608870630218393,9.341069177978288e-10,180.01242138866104,0.0,-85.3,2.6,0.0,3.008970567786247e-17,2.2914021854923736,1.5707963267948966,18.11691056175857,461.0,0.004933960921085541,0.10008891536549742,0.0,0.010484907432184045,-1557.2877454092322,-16.721397666172532,265.7789090562846,-0.02439303155238099,0.03501884199374877,-0.26080787790347876,-0.02451522982120787,0.03493340506895882,-0.26080787790347876,-3.4546639825212394e-18,5.518683548111779e-21,3.238513579983122e-19,-3.4546621790319014e-18,-6.5510887773600844e-21,3.238513579983122e-19,-1557.3122606390534,-16.686464261103573,265.51810117838113,-1057217.6375021413,105.94136142648107,123210.02030692363,-0.04191012269675807,4714.895930708554
49.34819841923349,2001.0,12.0,14.0,14.0,22.0,17.0,1.0,3484534.2026968193,37397.71106545041,-594419.3800109094,435.31425893832755,-294.0199567483324,4673.3265375446135,3535068.8250569394,4702.757400240846,3484643.69915963,25208.896524470234,-594419.3800109094,3535068.825056939,436.07000665403365,-542.5406171162117,4673.3265375446135,4724.879712589815,20255050.65491573,0.8266012816021082,1.6336280066461557,3.332000937312528e-08,1.1433182361852722e-06,6.113894948972028,-0.1689519446445875,0.007234156185462909,138868.82505693892,-0.0765907657966717,-0.07623146302038916,555.1644170880318,-16543125392.352936,-1040802352.44345,-204687252.14693183,-16544086336.166971,-1901553586.647351,16575833833.74618,16654266588.854326,-0.9857357442265651,-0.007131090728923559,0.16814930894629332,-0.007234093088093123,0.9999738336062564,0.0,0.16814490908526772,0.0012164077536160156,0.985761538051107,4679.448556475376,-545.680991805863,-0.11608793361878986,9.363174943061063e-10,179.97516679319764,0.0,-85.28758339659882,2.5875833965988178,0.0,3.008908639613052e-17,2.2913920718541827,1.5707963267948966,18.11884450606685,461.0,0.004945683875849669,0.10037868367562004,0.0,0.010509726388078192,-1557.3270614579892,-16.71398932854159,265.661156555625,-0.024439206749862913,0.03510115971313573,-0.2614252135468378,-0.024561837922692013,0.03501545883790496,-0.2614252135468378,-3.4627844181583724e-18,5.5491964115377405e-21,3.244617701723713e-19,-3.462782644453748e-18,-6.563344508792855e-21,3.244617701723713e-19,-1557.3516232959118,-16.678973869703686,265.39973134207816,-1057217.7954441682,106.09489963144698,123179.71417441525,-0.0418179153987646,4714.918282714462
49.40473133476409,2001.0,12.0,14.0,14.0,22.0,17.0,1.0,3484558.8068827027,37381.08920226142,-594155.1823166315,435.12327694330367,-294.02200166606747,4673.359076799632,3535048.4869556543,4702.772189284434,3484668.345975037,25178.224984102148,-594155.1823166315,3535048.4869556543,435.87566030698764,-542.545480493947,4673.359076799632,4724.894522670106,20255047.732042655,0.8266012565988693,1.6336280061679256,3.332000937312528e-08,1.1462276943703438e-06,6.113969932729783,-0.16887711034540304,0.007225303627094229,138848.48695565388,-0.0765568571183693,-0.07619771481775005,556.5190418660641,-16543125278.729834,-1040802337.352174,-204689322.6107885,-16544084226.715881,-1901565637.5693774,16575833719.3997,16654265894.76236,-0.985748387563418,-0.00712245534311903,0.16807553970166658,-0.007225240761080626,0.9999738976073047,0.0,0.16807115252792681,0.0012143862403931063,0.9857741186265713,4679.475689778012,-545.6806253463731,-0.11608718926841374,9.383513044346126e-10,179.92997101256418,0.0,-85.26498550628209,2.5649855062820826,0.0,3.008833975153395e-17,2.291379878222564,1.5707963267948966,18.121176758171327,461.0,0.004956471247819683,0.10065858281975609,0.0,0.010532507993999365,-1557.3649372257983,-16.70684894854509,265.5476631311941,-0.024480942876869593,0.035176147128483756,-0.2619916635728888,-0.024603976706748954,0.0350902012128606,-0.2619916635728888,-3.470218292154061e-18,5.578126430175075e-21,3.250119931881379e-19,-3.470216547849104e-18,-6.574323491451034e-21,3.250119931881379e-19,-1557.389541202505,-16.67175874733223,265.2856714676212,-1057217.9480043352,106.24843783641289,123149.47464879148,-0.041725709419136794,4714.940584535971
49.54613654508002,2001.0,12.0,14.0,14.0,22.0,17.0,1.0,3484620.301805655,37339.512597793226,-593494.3392414355,434.64555525439937,-294.02711272355566,4673.440405658141,3534997.654549265,4702.809152725325,3484729.946693931,25101.505366952337,-593494.3392414355,3534997.654549265,435.3895232480224,-542.5576311319458,4673.440405658141,4724.931538688341,20255040.39347933,0.8266011938222231,1.6336280049673153,3.332000937312528e-08,1.1532767159277452e-06,6.114157492598199,-0.16868992428513144,0.007203161109886027,138797.65454926435,-0.07647203988102941,-0.07611329897688322,559.9171742796898,-16543124993.455149,-1040802299.4637984,-204694493.36429292,-16544078953.099085,-1901595757.4673357,16575833432.308912,16654264158.671423,-0.9857799883429503,-0.0071008548859003255,0.16789101358459319,-0.007203098820075677,0.9999740573471835,0.0,0.16788665804631675,0.0012093355618524927,0.9858055627544094,4679.543506867826,-545.6797095088695,-0.11608532889274283,9.434345450735626e-10,179.8170101094764,0.0,-85.2085050547382,2.508505054738192,0.0,3.00864732614722e-17,2.291349396126615,1.5707963267948966,18.12700972944318,461.0,0.004983433712294331,0.10136136111865711,0.0,0.010589446729154947,-1557.459607085731,-16.688986914642374,265.2637533918966,-0.024585020995995223,0.03536354415982557,-0.2634074035349975,-0.024709064023731686,0.03527698496170822,-0.2634074035349975,-3.4887965759157346e-18,5.6507811396270466e-21,3.2638402552185924e-19,-3.488794906130057e-18,-6.601697494161517e-21,3.2638402552185924e-19,-1557.4843161497547,-16.653709929680666,265.00034598836163,-1057218.3310428616,106.4019760413788,123119.30173005235,-0.04163350475487074,4714.9628361777195
49.588593163415,2001.0,12.0,14.0,14.0,22.0,17.0,1.0,3484638.7523406516,37327.02916842072,-593295.9202491764,434.50211464847314,-294.02864622700326,4673.464807391138,3534982.4031252363,4702.820243041357,3484748.4287616545,25078.470127403998,-593295.9202491764,3534982.403125236,435.24355590299,-542.5612754084232,4673.464807391138,4724.942644779022,20255038.182199094,0.8266011749061274,1.633628004605598,3.332000937312528e-08,1.1552965507628385e-06,6.114213808102845,-0.16863372100829668,0.0071965129484297214,138782.4031252358,-0.07644657318011287,-0.0760879527945136,560.940207272768,-16543124907.495975,-1040802288.0480995,-204696043.62137476,-16544077370.461143,-1901604794.5012803,16575833345.802563,16654263637.415766,-0.9857894697526159,-0.007094369155906525,0.16783560781650586,-0.007196450830931184,0.999974105212449,0.0,0.16783126174909796,0.001207820699330934,0.9858149972225336,4679.563854534172,-545.6794347489986,-0.11608477072615171,9.450546484109697e-10,179.79050390654479,0.0,-85.19050390654478,2.5,0.0,3.0086032248331e-17,2.291342193835448,1.5707963267948966,18.12838850824974,461.0,0.004992025510819334,0.1015731164130315,0.0,0.010607632600996245,-1557.488012429406,-16.683623354176238,265.1785017860674,-0.024618798903714694,0.03542335349002182,-0.26385982859260293,-0.024743158112890844,0.0353366008345606,-0.26385982859260293,-3.494747281502371e-18,5.673235910930159e-21,3.268305222651585e-19,-3.494745634000756e-18,-6.610658557502505e-21,3.268305222651585e-19,-1557.5127555875188,-16.648286753341676,264.91464195747477,-1057218.4464613553,106.55551424634471,123089.19541819787,-0.041541301402962895,4714.985037644365
49.633933398679304,2001.0,12.0,14.0,14.0,22.0,17.0,1.0,3484658.449296024,37313.69780331042,-593084.0236647049,434.3489287847592,-294.03028333295975,4673.490857752338,3534966.121396391,4702.832082580455,3484768.159272976,25053.870183341485,-593084.0236647049,3534966.1213963917,435.0876716648975,-542.5651651978166,4673.490857752338,4724.9545011582495,20255035.81644793,0.8266011546686154,1.633628004218612,3.332000937312528e-08,1.1576965212557384e-06,6.114273949040079,-0.16857369991539156,0.007189413291818706,138766.12139639165,-0.07641937654702714,-0.07606088486553843,562.0343197584152,-16543124815.53253,-1040802275.8349682,-204697698.022666,-16544075680.706625,-1901614442.056298,16575833253.25372,16654263080.74786,-0.9857995917359497,-0.00708744279943612,0.1677764378206893,-0.0071893513579829585,0.9999741562795768,0.0,0.16777210185333666,0.0012062037610837159,0.9858250691234223,4679.585576914181,-545.6791414385015,-0.11608417485704162,9.468863429059368e-10,179.77015174548958,0.0,-85.17015174548959,2.5,0.0,3.0085689523862317e-17,2.291336596720118,1.5707963267948966,18.129460148358334,461.0,0.005001737754012087,0.10179967708197378,0.0,0.010628233113160695,-1557.5183373063628,-16.67789523908863,265.08745573266555,-0.024657637687769324,0.03549106200562148,-0.26437257617111026,-0.024782348431629814,0.03540409276964269,-0.26437257617111026,-3.50150548410579e-18,5.697862887511054e-21,3.27345135593209e-19,-3.501503860157502e-18,-6.621039685641658e-21,3.27345135593209e-19,-1557.5431196547945,-16.64249114631899,264.8230831564944,-1057218.5699425377,106.70905245131064,123059.155713228,-0.041449099360410184,4715.007188940567
49.78737971260066,2001.0,12.0,14.0,14.0,22.0,17.0,1.0,3484725.058761355,37268.57951526634,-592366.8869584488,433.8304751379698,-294.03581961054596,4673.578953957644,3534911.0612493856,4702.872120656515,3484834.881395019,24970.614549503563,-592366.8869584488,3534911.061249386,434.5600856658486,-542.57831417648,4673.578953957644,4724.994596181495,20255027.776008494,0.8266010858876013,1.6336280029035213,3.332000937312528e-08,1.165438478996884e-06,6.114477489891326,-0.16837056461957176,0.007165386035348201,138711.06124938605,-0.07632733220706107,-0.07596927610309133,565.7494706213474,-16543124502.98107,-1040802234.3291281,-204703288.27393624,-16544069964.84752,-1901647067.5284643,16575832938.71284,16654261196.685959,-0.9858338218453881,-0.007064000795730884,0.1675761784934644,-0.007165324720393226,0.9999743287313186,0.0,0.16757187660036169,0.001200737734308248,0.9858591300999989,4679.659036797338,-545.6781496271138,-0.1160821598307967,9.530806094440689e-10,179.70132656173257,0.0,-85.10132656173256,2.5,0.0,3.0084530413327947e-17,2.2913176670085442,1.5707963267948966,18.133085458664034,461.0,0.005034582836132879,0.10256969601954107,0.0,0.010697899326744562,-1557.62089210116,-16.65850736945834,264.77929344686197,-0.024788700470626666,0.03572000532048604,-0.26610657994376896,-0.024914603424378488,0.03563230258240331,-0.26610657994376896,-3.524359337156104e-18,5.781569838063202e-21,3.290816998343296e-19,-3.524357794078436e-18,-6.6560699954137725e-21,3.290816998343296e-19,-1557.6458067045844,-16.622875066875938,264.5131868669182,-1057218.9896162134,106.86259065627655,123029.18261514278,-0.041356898624209916,4715.029290071003
49.85670531550546,2001.0,12.0,14.0,14.0,22.0,17.0,1.0,3484755.1262007356,37248.195218232366,-592042.8869022763,433.59623144943146,-294.03831870696905,4673.618721162669,3534886.2071587117,4702.890193869867,3484864.9992720713,24932.999775145196,-592042.8869022763,3534886.2071587117,434.32171598388777,-542.584246987912,4673.618721162669,4725.012695100068,20255024.12596647,0.8266010546636783,1.6336280023065979,3.332000937312528e-08,1.168862889351815e-06,6.114569449800075,-0.16827878791925419,0.0071545309104228405,138686.20715871174,-0.07628574644627846,-0.07592788713231602,567.4342870414257,-16543124361.096607,-1040802215.4884744,-204705809.45055795,-16544067383.897936,-1901661794.7315342,16575832795.92534,16654260345.416721,-0.98584927351117,-0.007053409449122258,0.16748569888990894,-0.007154469873710748,0.9999744064528983,0.0,0.16748141233678554,0.0011982713869852432,0.9858745055367639,4679.692197016932,-545.6777019649352,-0.11608125026657845,9.559361767481506e-10,179.67025894838966,0.0,-85.1,2.5,0.0,3.0084007134191325e-17,2.2913091212117163,1.5707963267948966,18.13472259275244,461.0,0.005049723817875057,0.10291924557035946,0.0,0.01073003277201442,-1557.6671876208688,-16.649747080735025,264.640052225835,-0.024849300025571845,0.03582729286499886,-0.266906157662097,-0.024975756845607915,0.03573925287109892,-0.266906157662097,-3.534900765976044e-18,5.819919278086449e-21,3.2988493940352696e-19,-3.5348992598480374e-18,-6.6722922763646464e-21,3.2988493940352696e-19,-1557.6921633777145,-16.614007827863926,264.3731460681729,-1057219.1801315956,107.01612886124246,122999.27612394218,-0.0412646991913598,4715.051341040356
49.9637469212376,2001.0,12.0,14.0,14.0,22.0,17.0,1.0,3484801.519679509,37216.72067803917,-591542.6119652115,433.2345357893113,-294.0421747964175,4673.680082013974,3534847.857776805,4702.918080572288,3484911.470066905,24874.920196228,-591542.6119652115,3534847.8577768058,433.95364951818135,-542.5933979910128,4673.680082013974,4725.040621464299,20255018.468777925,0.8266010062697458,1.633628001381394,3.332000937312528e-08,1.1742644491700338e-06,6.11471144223244,-0.16813707834382705,0.007137770347371747,138647.8577768053,-0.07622153509532704,-0.07586397963352672,570.0438252091408,-16543124141.192495,-1040802186.2869743,-204709696.81988528,-16544063400.541553,-1901684518.6420844,16575832574.621584,16654259030.93721,-0.9858731154156923,-0.0070370553973071815,0.16734598935108178,-0.007137709738617794,0.9999745262253871,0.0,0.16734172641706666,0.001194467097909846,0.9858982299649938,4679.74336321414,-545.6770112793606,-0.11607984684648437,9.603463556673907e-10,179.6223222210066,0.0,-85.1,2.5,0.0,3.008319965390552e-17,2.291295934057895,1.5707963267948966,18.137249480806183,461.0,0.005073108350733583,0.1034610281308444,0.0,0.010779662198725802,-1557.738623639188,-16.636219571754722,264.42503797787737,-0.024942736954415023,0.03599311124657232,-0.2681410757521482,-0.025070051606978595,0.035904549800947254,-0.2681410757521482,-3.551181282889865e-18,5.879384271797661e-21,3.311234494739988e-19,-3.551179834533114e-18,-6.697306330808795e-21,3.311234494739988e-19,-1557.763693690795,-16.600315021953776,264.1568969021252,-1057219.4754109252,107.16966706620838,122969.43623962623,-0.04117250105885798,4715.073341853322
50.03509389030212,2001.0,12.0,14.0,14.0,22.0,18.0,1.0,3484832.4210499125,37195.74156846982,-591209.1575990436,432.99344377699833,-294.04474324880385,4673.720953275494,3534822.3143491093,4702.936655162656,3484942.4225924085,24836.20758446973,-591209.1575990436,3534822.3143491093,433.7083110736728,-542.5994910465805,4673.720953275494,4725.059222471691,20255014.68355329,0.8266009738893177,1.6336280007623378,3.332000937312528e-08,1.1779459818585405e-06,6.114806086846633,-0.16804262224824743,0.007126598981430121,138622.31434910977,-0.07617873517031376,-0.07582138223673925,571.7886253297329,-16543123994.056053,-1040802166.7483001,-204712284.2278827,-16544060746.66237,-1901699654.4702137,16575832426.54864,16654258154.729696,-0.9858889960170781,-0.007026154464299569,0.1672528645072523,-0.0071265386568078685,0.9999746059009563,0.0,0.16724861727144566,0.0011919340043727823,0.9859140324156659,4679.777443971504,-545.6765512660093,-0.11607891208188921,9.631856443132213e-10,179.59146038789976,0.0,-85.09146038789976,2.5,0.0,3.0082678987257484e-17,2.2912874309262423,1.5707963267948966,18.138879215393658,461.0,0.005088165829318907,0.10382353465871508,0.0,0.010811612057814552,-1557.7862070997614,-16.62720216565031,264.2817099771433,-0.025002298513335835,0.03609938463930476,-0.26893618545303416,-0.0251301712779783,0.03601048449862765,-0.26893618545303416,-3.5616624263621186e-18,5.918577035283995e-21,3.319129555815774e-19,-3.561661017173045e-18,-6.7132453914772485e-21,3.319129555815774e-19,-1557.8113372710395,-16.59119168115168,264.0127737916903,-1057219.672982404,107.32320527117429,122939.6629621949,-0.04108030422370305,4715.095292514602
50.066850372354935,2001.0,12.0,14.0,14.0,22.0,18.0,1.0,3484846.1696945126,37186.40372371235,-591060.7363747205,432.8861315333552,-294.0458860112524,4673.739137871755,3534810.9495615526,4702.9449193912815,3484956.1939086677,24818.976490431938,-591060.7363747205,3534810.9495615526,433.5991087288561,-542.6022014131022,4673.739137871755,4725.067498453648,20255012.995360456,0.826600959447783,1.6336280004862522,3.332000937312528e-08,1.179641275585647e-06,6.114848213529871,-0.16800057947073715,0.0071216266495304145,138610.94956155308,-0.07615968474603838,-0.07580242195766122,572.5664464235306,-16543123928.434227,-1040802158.0343375,-204713434.94052184,-16544059565.736229,-1901706388.7288828,16575832360.50915,16654257764.728088,-0.9858960616665882,-0.007021302367955607,0.1672114137951377,-0.007121566451087973,0.9999746413241102,0.0,0.1672071735350902,0.0011908071947224414,0.9859210633192859,4679.792607300054,-545.6763466056846,-0.11607849618969457,9.64347378152352e-10,179.5788328461701,0.0,-85.07883284617007,2.5,0.0,3.008246512354374e-17,2.2912839382667447,1.5707963267948966,18.139548716384017,461.0,0.005094329051968804,0.10398521221197904,0.0,0.010824682392225851,-1557.8073784499375,-16.623188306729624,264.2179113224123,-0.025026127786348242,0.03614234982634123,-0.2692615707309968,-0.02515423393651196,0.036053308281147924,-0.2692615707309968,-3.565950716308981e-18,5.935442454943238e-21,3.3222883941771215e-19,-3.565949324848216e-18,-6.719615779511885e-21,3.3222883941771215e-19,-1557.832532683874,-16.587134998448477,263.94864975168133,-1057219.7610984035,107.47674347614021,122909.95629164821,-0.04098810868289394,4715.117193028914
50.13811612323466,2001.0,12.0,14.0,14.0,22.0,18.0,1.0,3484877.0110683646,37165.44823149967,-590727.6573919556,432.64530333469327,-294.04844950414247,4673.779930433178,3534785.4557275204,4702.963457998938,3484987.0859422316,24780.30732048637,-590727.6573919556,3534785.4557275204,433.354038853876,-542.6082801393303,4673.779930433178,4725.086063426432,20255009.19934283,0.8266009269749703,1.6336279998654861,3.332000937312528e-08,1.1832122523252055e-06,6.114942752364989,-0.167906228923045,0.007110468155971282,138585.4557275204,-0.07611693260065848,-0.0757598721101298,574.3146175742149,-16543123780.879818,-1040802138.44097,-204716015.18372905,-16544056916.2891,-1901721495.2722638,16575832212.01563,16654256889.512259,-0.9859119116537615,-0.007010413398735159,0.16711839085871016,-0.007110408240050333,0.9999747207278091,0.0,0.16711416622741954,0.001188279983425725,0.985936835419387,4679.82662238415,-545.6758875256494,-0.11607756325559088,9.66953414520135e-10,179.55050636391158,0.0,-85.05050636391157,2.5,0.0,3.008198535666312e-17,2.2912761030789834,1.5707963267948966,18.141050814189914,461.0,0.005108154808877779,0.10434875657619129,0.0,0.01085400242474727,-1557.854871794988,-16.614180186558773,264.07473091567454,-0.025079520882082408,0.036238725507329685,-0.269991493642666,-0.02520815132705541,0.03614936653307592,-0.269991493642666,-3.575570268223554e-18,5.973369332236483e-21,3.329366243583215e-19,-3.575568916812938e-18,-6.733889410288051e-21,3.329366243583215e-19,-1557.880079946315,-16.578030820025695,263.80473942203184,-1057219.9592333306,107.63028168110613,122880.31622798616,-0.040895914433430144,4715.139043400975
50.263423489736674,2001.0,12.0,14.0,14.0,22.0,18.0,1.0,3484931.1981803165,37128.60151243037,-590141.9938460261,432.2218346032829,-294.0529535092563,4673.851602498546,3534740.66403765,4702.996029761621,3485041.361396676,24712.313836810743,-590141.9938460261,3534740.66403765,432.9231118049008,-542.6189560342873,4673.851602498546,4725.118681510635,20255002.499884326,0.8266008696647459,1.633627998770035,3.332000937312528e-08,1.1896689925320893e-06,6.115108984340473,-0.1677403279883964,0.007090848312362569,138540.66403764999,-0.07604175944728632,-0.07568505465962026,577.3971372246742,-16543123520.468819,-1040802103.8634305,-204720544.9850986,-16544052260.120136,-1901748037.063507,16575831949.947353,16654255350.618355,-0.9859397598396358,-0.006991266456471083,0.16695482071715015,-0.007090788891049712,0.9999748600404424,0.0,0.16695062347970938,0.0011838413880483646,0.9859645469484712,4679.886386418376,-545.6750810075423,-0.11607592415227078,9.715228056231896e-10,179.50166009412496,0.0,-85.00083004706248,2.500830047062479,0.0,3.0081157234792385e-17,2.291262578822499,1.5707963267948966,18.14364417955911,461.0,0.0051323977355260154,0.10499036745816313,0.0,0.010905416755775388,-1557.9383195829394,-16.598339467632552,263.8229491267654,-0.02517289823758267,0.03640770319969394,-0.2712714928428662,-0.025302451201325533,0.03631778656748285,-0.2712714928428662,-3.592439811236156e-18,6.040261855169891e-21,3.3417456771349734e-19,-3.592438531130622e-18,-6.758858320788033e-21,3.3417456771349734e-19,-1557.9636220341406,-16.56202168106507,263.55167763392257,-1057220.308914911,107.78381988607204,122850.74277120872,-0.04080372147231147,4715.160843635521
50.30319353117511,2001.0,12.0,14.0,14.0,22.0,18.0,1.0,3484948.3849879466,37116.90698587558,-589956.1141220507,432.08742938667524,-294.05438207996923,4673.874335389704,3534726.457224701,4703.006360751489,3485058.5760470587,24690.733791127695,-589956.1141220507,3534726.457224701,432.78633943331215,-542.6223410442316,4673.874335389704,4725.129027192269,20255000.366783503,0.826600851417202,1.6336279984212752,3.332000937312528e-08,1.191720308252179e-06,6.115161743905651,-0.16768767348154323,0.00708462143739875,138526.45722470107,-0.07601790057781774,-0.07566130868316862,578.3778712749481,-16543123437.55491,-1040802092.8545287,-204721980.76997393,-16544050782.97332,-1901756455.5063157,16575831866.505804,16654254862.198742,-0.9859485926906381,-0.006985189402891924,0.16690290500873897,-0.007084562172491849,0.9999749041745118,0.0,0.1668987164425614,0.0011824340073039125,0.985973336505427,4679.905342307393,-545.6748252177753,-0.11607540427631287,9.731743476285009e-10,179.46614306175266,0.0,-84.98307153087633,2.483071530876334,0.0,3.008057142823026e-17,2.2912530118753183,1.5707963267948966,18.145479168411963,461.0,0.005141154757408688,0.10519465773580067,0.0,0.010923911216491033,-1557.9647881630483,-16.593311504588392,263.7430316968195,-0.025207369239866006,0.03646853490305456,-0.27173126151317734,-0.025337241265634428,0.03637842364667941,-0.27173126151317734,-3.598472180031169e-18,6.062830589845158e-21,3.346288497836265e-19,-3.5984709229828674e-18,-6.767925816963197e-21,3.346288497836265e-19,-1557.9901254043139,-16.556933080941715,263.4713004353063,-1057220.420253221,107.93735809103795,122821.23592131594,-0.04071152979653819,4715.182593737291
50.38322720095113,2001.0,12.0,14.0,14.0,22.0,18.0,1.0,3484982.955706702,37093.37261955672,-589582.0449767989,431.8169439183609,-294.0572556207924,4673.920062292181,3534697.8806706434,4703.027141250151,3485093.20251152,24647.3054614202,-589582.0449767989,3534697.880670643,432.51109022550156,-542.6291482474163,4673.920062292181,4725.14983724253,20254996.06319438,0.8266008146022479,1.6336279977176855,3.332000937312528e-08,1.195719536978654e-06,6.115267919112085,-0.16758170968390557,0.007072090506799088,138497.88067064295,-0.07596988611232731,-0.07561352140495452,580.3554535508156,-16543123270.274876,-1040802070.6445522,-204724867.4101548,-16544047811.226997,-1901773388.9979262,16575831698.161285,16654253879.252638,-0.9859663598322266,-0.006972959583392692,0.16679842659280875,-0.007072031555810338,0.9999749928721586,0.0,0.1667942554432312,0.0011796037363238578,0.98599101663563,4679.9434717875265,-545.6743107292483,-0.11607435857240225,9.764963720377564e-10,179.39470167660738,0.0,-84.94735083830369,2.447350838303695,0.0,3.0079392945503155e-17,2.2912337657918282,1.5707963267948966,18.149171828937117,461.0,0.005158769560928407,0.10560682721197134,0.0,0.010961111783958631,-1558.018030349026,-16.58319253845673,263.58219483963853,-0.025276613707795346,0.036590884942681444,-0.27265605711872154,-0.02540712861105616,0.03650038187694631,-0.27265605711872154,-3.610605313517328e-18,6.108363094993171e-21,3.355413671681309e-19,-3.610604103252671e-18,-6.786138388770016e-21,3.355413671681309e-19,-1558.043437477637,-16.54669215657978,263.30953878251984,-1057220.6448813733,108.09089629600386,122791.79567830777,-0.040619339403111056,4715.204293711034
50.52197842695095,2001.0,12.0,14.0,14.0,22.0,18.0,1.0,3485042.838303496,37052.57146945849,-588933.5273420516,431.3479919773361,-294.06223315224725,4673.999270673637,3534648.3810261153,4703.063136872293,3485153.180849004,24572.014183960622,-588933.5273420516,3534648.3810261153,432.033879416311,-542.6409343409872,4673.999270673637,4725.1858840519335,20254988.567570746,0.8266007504809872,1.6336279964923783,3.332000937312528e-08,1.2030323083365337e-06,6.115451994929316,-0.16739800034111055,0.007050366445431049,138448.38102611573,-0.07588664338024616,-0.07553067253886124,583.7963980138302,-16543122978.924046,-1040802031.9637198,-204729863.16681004,-16544042662.010069,-1901802720.9903362,16575831404.956583,16654252175.010674,-0.9859971361103979,-0.006951756309301497,0.16661728801750944,-0.007050308036031618,0.9999751462694446,0.0,0.16661314695632717,0.0011747032046516414,0.9860216424266205,4680.009519767202,-545.6734196213035,-0.11607254726027022,9.822652294314029e-10,179.28547628264465,0.0,-84.9,2.4,0.0,3.007758561106645e-17,2.2912042497805514,1.5707963267948966,18.1548379588629,461.0,0.005189359929497391,0.10632472994218929,0.0,0.01102578712993034,-1558.1102598947057,-16.565647666514426,263.30332622089804,-0.025396916707208523,0.03680436502052684,-0.2742642169709704,-0.025528554315129418,0.03671317988647339,-0.2742642169709704,-3.631726284817354e-18,6.187739212656425e-21,3.3712887081185414e-19,-3.631725156459127e-18,-6.817909631966092e-21,3.3712887081185414e-19,-1558.1357884490208,-16.528934486627954,263.0290620039271,-1057221.036119707,108.24443450096977,122762.42204218426,-0.04052715028903118,4715.225943561506
50.644223597161336,2001.0,12.0,14.0,14.0,22.0,18.0,1.0,3485095.543257361,37016.62351388676,-588362.1492436285,430.93480424602734,-294.0666141191401,4674.068986347385,3534604.814503493,4703.0948181154645,3485205.9692045357,24505.678316701313,-588362.1492436285,3534604.814503493,431.6134151361092,-542.6513022738426,4674.068986347385,4725.21761034552,20254981.926860515,0.8266006936729509,1.6336279954068444,3.6500241499888574e-08,1.2094750337424434e-06,6.115614177047565,-0.16723614106149656,0.0070312270475267145,138404.81450349325,-0.07581330129100942,-0.07545767746109032,586.8416214883327,-16543122720.806797,-1040801997.6952031,-204734255.48619276,-16544038128.263565,-1901828537.3899095,16575831145.196936,16654250673.339787,-0.9860242239539031,-0.006933074446158031,0.16645768908292394,-0.007031169112522569,0.9999752810249417,0.0,0.16645357441945924,0.00117039216202174,0.9860485980646049,4680.0676521309915,-545.6726354028917,-0.11607095308882626,9.873842958395407e-10,179.2310181293666,0.0,-84.9,2.4,0.0,3.007666747810373e-17,2.291189255531379,1.5707963267948966,18.157717778255048,461.0,0.0052165068000889015,0.10696076499896007,0.0,0.011083396014281328,-1558.1914395258532,-16.55018783949316,263.05759854020556,-0.025504369294192787,0.036996788215704984,-0.2756976940219086,-0.025637015085330474,0.03690499490430568,-0.2756976940219086,-3.650620605725548e-18,6.258273964543624e-21,3.3855311140345983e-19,-3.650619549616424e-18,-6.84667067689846e-21,3.3855311140345983e-19,-1558.2170765409385,-16.513282844588854,262.78190084618365,-1057221.382735597,108.3979727059357,122733.11501294537,-0.040434962451300176,4715.247543293473
50.72908956464625,2001.0,12.0,14.0,14.0,22.0,18.0,1.0,3485132.102783993,36991.66713725565,-587965.4778054685,430.6479452613579,-294.06965306620225,4674.117346343794,3534574.593976506,4703.116794318877,3485242.5861077807,24459.625383878905,-587965.4778054685,3534574.5939765065,431.32150447812364,-542.6584911252835,4674.117346343794,4725.23961779798,20254977.296299487,0.8266006540606903,1.6336279946499088,3.6500241499888574e-08,1.2137816746341839e-06,6.115726770678972,-0.16712377153260005,0.0070179401349109065,138374.5939765065,-0.07576238406832987,-0.07540700114354415,588.9632643759251,-16543122540.823822,-1040801973.8000239,-204737299.72781253,-16544034982.410738,-1901846445.402375,16575830964.068727,16654249630.74049,-0.9860430140722465,-0.0069201044520497915,0.16634688621580032,-0.007017882527725365,0.9999753743592025,0.0,0.16634278981713257,0.0011674029063153844,0.986067296611295,4680.107977016523,-545.6720914623146,-0.11606984728786834,9.908706358132018e-10,179.19399330722945,0.0,-84.89399330722947,2.4,0.0,3.007604266182373e-17,2.2911790515071586,1.5707963267948966,18.159678120345305,461.0,0.005234997116626365,0.10740426785287611,0.0,0.011122629544198539,-1558.2477536029487,-16.5394540346436,262.88698906264705,-0.025577067362989234,0.03712749089155394,-0.2766740178435678,-0.025710404665032202,0.03703528110806776,-0.2766740178435678,-3.6634882961076216e-18,6.307050012973039e-21,3.395167085334621e-19,-3.663487290946732e-18,-6.866124756134834e-21,3.395167085334621e-19,-1558.2734640076137,-16.502418753535533,262.6103150448035,-1057221.624430664,108.55151091090161,122703.87459059112,-0.04034277588692008,4715.269092911709
50.7587833105488,2001.0,12.0,14.0,14.0,22.0,18.0,1.0,3485144.888844453,36982.935091919724,-587826.6855015511,430.547573744995,-294.07071589108153,4674.134259560903,3534564.024871295,4703.12448013056,3485255.392142494,24443.511783210473,-587826.6855015511,3534564.0248712953,431.2193654143556,-542.6610047187627,4674.134259560903,4725.247314538329,20254975.67242628,0.8266006401692088,1.6336279943844672,3.6500241499888574e-08,1.2153356375756822e-06,6.115766166506144,-0.16708445411248432,0.00701329121401349,138364.02487129485,-0.07574456842879478,-0.07538926979432671,589.7069363594055,-16543122477.706688,-1040801965.4204267,-204738363.9048872,-16544033882.028204,-1901852708.4411855,16575830900.549982,16654249265.936808,-0.9860495856400293,-0.0069155662795217145,0.1663081164650726,-0.007013233721234784,0.9999754069739772,0.0,0.16630402644523656,0.001166357690507889,0.9860738361795428,4680.122080056821,-545.6719012373255,-0.11606946055671868,9.919862635855435e-10,179.18224985699428,0.0,-84.88224985699428,2.4,0.0,3.007584359582724e-17,2.2911758005127227,1.5707963267948966,18.160302775913113,461.0,0.005240916298564271,0.10755980077206752,0.0,0.011135181335497379,-1558.2674489953476,-16.53569815892333,262.8272909398616,-0.025599778071846796,0.03716874187126965,-0.2769864941809485,-0.02573334159399723,0.0370763959956673,-0.2769864941809485,-3.667605780883452e-18,6.3235046159431564e-21,3.3981776272073754e-19,-3.667604793814622e-18,-6.872195307567716e-21,3.3981776272073754e-19,-1558.2931823369418,-16.498621762927662,262.55030444568064,-1057221.709189782,108.70504911586752,122674.7007751215,-0.04025059059289339,4715.290592420991
50.84310108960087,2001.0,12.0,14.0,14.0,22.0,18.0,1.0,3485181.1796436673,36958.139575065536,-587432.5708575035,430.26255383112857,-294.0737325344197,4674.182264928056,3534534.02647754,4703.146294892811,3485291.739374089,24397.75551174291,-587432.5708575035,3534534.02647754,430.9293263570601,-542.668137428789,4674.182264928056,4725.269160319119,20254971.051290594,0.8266006006375002,1.6336279936291276,3.6500241499888574e-08,1.219803630754893e-06,6.115878035400669,-0.16697280785017504,0.007000090330419344,138334.0264775399,-0.07569397887488652,-0.07533891958965144,591.8221510052681,-16543122298.092205,-1040801941.5749402,-204741382.9752071,-16544030758.322443,-1901870484.9493809,16575830719.79266,16654248230.038584,-0.9860682379248377,-0.006902679484474316,0.1661980239706249,-0.007000033161679621,0.9999754994677297,0.0,0.16619395203057533,0.0011633916791999987,0.9860923977134494,4680.16210917009,-545.6713613454156,-0.11606836290403522,9.951527607041202e-10,179.1489183083777,0.0,-84.84891830837768,2.4,0.0,3.0075278557133344e-17,2.291166572730569,1.5707963267948966,18.16207607132376,461.0,0.005257717077723232,0.1080024118810893,0.0,0.011170807559954752,-1558.3233520878944,-16.525032410348548,262.6577631863225,-0.025664155398422008,0.037285818070470926,-0.27787341062550397,-0.02579836202197939,0.037193085627324624,-0.27787341062550397,-3.679292384742257e-18,6.370334143226144e-21,3.406711510290864e-19,-3.679291449410454e-18,-6.88940306440933e-21,3.406711510290864e-19,-1558.3491504499164,-16.48783932472122,262.379889775697,-1057221.9503930416,108.85858732083344,122645.5935665365,-0.04015840656622302,4715.312041826108
50.94586047123517,2001.0,12.0,14.0,14.0,22.0,18.0,1.0,3485225.3753097584,36927.92055140151,-586952.2517745623,429.9151818199478,-294.0774062978613,4674.240727668425,3534497.493828865,4703.172861446665,3485336.0032430235,24341.990823312444,-586952.2517745623,3534497.4938288643,430.5758373373869,-542.6768204921956,4674.240727668425,4725.295764647179,20254965.39943321,0.8266005522883596,1.6336279927054163,3.6500241499888574e-08,1.2250712161700945e-06,6.116014374303057,-0.1668367402522808,0.0069840024114492605,138297.49382886477,-0.07563232337761304,-0.07527755579122052,594.4069122672081,-16543122078.417633,-1040801912.4126723,-204745056.87489605,-16544026953.25253,-1901892133.6681075,16575830498.720455,16654246967.556639,-0.986090953333062,-0.006886973570023149,0.16606384720865267,-0.006983945635966931,0.9999756119542885,0.0,0.16605979723595593,0.001159780881004749,0.9861150027508259,4680.210858064748,-545.6707039052161,-0.11606702618063681,9.990089847309413e-10,179.1083264765164,0.0,-84.8083264765164,2.4,0.0,3.007459038619001e-17,2.2911553340461777,1.5707963267948966,18.16423628449101,461.0,0.005278178019836549,0.10854374289967862,0.0,0.011214194600489405,-1558.3914349356126,-16.51203262347766,262.45113683655325,-0.025742390075986037,0.03742838213035449,-0.2789535389740269,-0.02587738191768327,0.037335178328306164,-0.2789535389740269,-3.693524380535661e-18,6.427616504069404e-21,3.417082321170715e-19,-3.693523508984468e-18,-6.910314343450353e-21,3.417082321170715e-19,-1558.4173123175303,-16.474697445149353,262.17218329757924,-1057222.245395651,109.01212552579935,122616.55296483616,-0.04006622380391235,4715.333441131854
50.98926787988547,2001.0,12.0,14.0,14.0,22.0,18.0,1.0,3485244.0336289173,36915.15537959062,-586749.3545614987,429.768441078755,-294.07895728139124,4674.26540946997,3534482.070646419,4703.184077221563,3485354.6901834453,24318.434549259287,-586749.3545614987,3534482.0706464197,430.42651262871783,-542.6804851789474,4674.26540946997,4725.3069963691505,20254963.00538163,0.8266005318082821,1.6336279923141732,3.6500241499888574e-08,1.2274252092964877e-06,6.116071967145422,-0.16677926200662668,0.00697720665213447,138282.0706464192,-0.07560627858396311,-0.07525163421647368,595.5010548532009,-16543121985.367102,-1040801900.0604488,-204746606.9858062,-16544025346.52946,-1901901273.2650993,16575830405.077934,16654246434.256004,-0.9861005433098746,-0.006880338919023489,0.16600716677399593,-0.006977150042226214,0.9999756593924115,0.0,0.1660031260586926,0.00115825691066704,0.9861245461804866,4680.231438853387,-545.6704263669744,-0.1160664618556583,1.0007118756617928e-09,179.08017661604796,0.0,-84.79008830802398,2.4,0.0,3.007412195085325e-17,2.2911476839165714,1.5707963267948966,18.16570703770214,461.0,0.005287211504064573,0.108773045801357,0.0,0.011233351724648509,-1558.4201788008972,-16.506540859700905,262.3638474735283,-0.025777259366331753,0.037491255811147595,-0.27943009852977946,-0.025912593093824748,0.03739784595254,-0.27943009852977946,-3.699787494706756e-18,6.452328189867733e-21,3.421688939064702e-19,-3.699786650283414e-18,-6.919603470659726e-21,3.421688939064702e-19,-1558.446091393991,-16.469143013748365,262.08441737499857,-1057222.3703548796,109.16566373076527,122587.57897002043,-0.03997404230296524,4715.354790343029
51.040630602311985,2001.0,12.0,14.0,14.0,22.0,19.0,1.0,3485266.1032468346,36900.05063661865,-586509.2708149091,429.59480353349676,-294.080791839189,4674.294604050056,3534463.827644894,4703.197343595441,3485376.7935231864,24290.560890821245,-586509.2708149091,3534463.827644894,430.2498175245551,-542.6848190440342,4674.294604050056,4725.3202816054945,20254960.167113237,0.8266005075281014,1.633627991850361,3.6500241499888574e-08,1.230045502393856e-06,6.11614011572294,-0.16671124902222478,0.006969165479163169,138263.8276448939,-0.07557546022830938,-0.07522096166221648,596.7976465821266,-16543121875.051548,-1040801885.416728,-204748439.79852235,-16544023445.79129,-1901912083.884251,16575830294.06058,16654245803.197357,-0.9861118866919015,-0.006872488183591536,0.16594009711671479,-0.006969109064756462,0.9999757154645524,0.0,0.16593606733854419,0.0011564546350226646,0.9861358345425316,4680.255782581365,-545.6700980987295,-0.11606579436027215,1.002809820837202e-09,179.03456911223475,0.0,-84.76728455611737,2.4,0.0,3.00733689545079e-17,2.2911353865530235,1.5707963267948966,18.168071748057987,461.0,0.005298338495445658,0.10904489795575728,0.0,0.011256950482878962,-1558.4541786461818,-16.500042293276007,262.2605553890716,-0.025820577593900478,0.037568628539114975,-0.2800167612985834,-0.025956327117134807,0.03747496711380721,-0.2800167612985834,-3.70748029083498e-18,6.482122902197229e-21,3.427395079842471e-19,-3.7074794786426384e-18,-6.931110362420701e-21,3.427395079842471e-19,-1558.480134973299,-16.4625673261622,261.980538627773,-1057222.5185003616,109.31920193573119,122558.67158208934,-0.039881862060385964,4715.376089464442
51.16675093062036,2001.0,12.0,14.0,14.0,22.0,19.0,1.0,3485320.2569970945,36862.96078668988,-585919.7427267181,429.16842328418295,-294.0852934576898,4674.366241762618,3534419.063527866,4703.22989630555,3485431.0294105783,24222.116632755056,-585919.7427267181,3534419.063527866,429.8159293722867,-542.6954495027167,4674.366241762618,4725.352880598771,20254953.1725728,0.8266004476926865,1.6336279907074815,3.6500241499888574e-08,1.2367963790894342e-06,6.116307456407344,-0.16654424125792316,0.0069494207447678225,138219.0635278658,-0.07549978483370585,-0.0751456442808289,599.9902813732624,-16543121603.195732,-1040801849.3314316,-204752933.8594053,-16544018780.626394,-1901938610.7885618,16575830020.475397,16654244253.548439,-0.9861397210583199,-0.006853210159119573,0.16577540246228886,-0.006949364808495632,0.9999758528728373,0.0,0.16577139946256517,0.0011520337479856303,0.9861635340745805,4680.31551718618,-545.6692926603976,-0.11606415650390776,1.007957694295432e-09,178.92265881966452,0.0,-84.71132940983226,2.4,0.0,3.0071520924620205e-17,2.291105205934596,1.5707963267948966,18.173878005221415,461.0,0.005325642321909157,0.10971484816841778,0.0,0.011314857255818466,-1558.5376098285851,-16.48408368796291,262.00689980996486,-0.025926661450042146,0.037758461332126715,-0.28145631078815336,-0.026063433777615774,0.03766418186864872,-0.28145631078815336,-3.7263554610954215e-18,6.555546262423428e-21,3.4413683442081926e-19,-3.726354728945377e-18,-6.959287959311861e-21,3.4413683442081926e-19,-1558.5636732623627,-16.446419506094262,261.7254434991767,-1057222.8835856616,109.4727401406971,122529.8308010429,-0.039789683073179274,4715.397338500905
51.21886699872299,2001.0,12.0,14.0,14.0,22.0,19.0,1.0,3485342.6189764454,36847.634169080644,-585676.1323666578,428.99222565015134,-294.0871523487365,4674.395823874516,3534400.5788565357,4703.2433384952965,3485453.4250545558,24193.833365408067,-585676.1323666578,3534400.5788565357,429.63662923689725,-542.6998375937787,4674.395823874516,4725.366341900051,20254950.27171531,0.8266004228770067,1.633627990233543,3.332000937312528e-08,1.239576002543375e-06,6.1163766069842085,-0.16647522824098768,0.006941261825014793,138200.5788565362,-0.0754685132807813,-0.07511452066800663,601.3132744431496,-16543121490.44951,-1040801834.3666066,-204754788.27115828,-16544016853.718658,-1901949564.7332203,16575829907.012007,16654243613.15265,-0.9861512149769353,-0.006845243719724423,0.16570734394688738,-0.006941206085525863,0.999975909538864,0.0,0.16570335198055808,0.001150208824220462,0.9861749723867809,4680.340183990414,-545.6689600898566,-0.11606348018532615,1.0101776429329762e-09,178.88822357067025,0.0,-84.7,2.3882235706702377,0.0,3.0070947980642217e-17,2.291095849049355,1.5707963267948966,18.175678897156274,461.0,0.005337415651856158,0.10999269939293564,0.0,0.011339778717890265,-1558.5720628969823,-16.47748857948518,261.9020732258165,-0.025972669974906843,0.037841051873879615,-0.28207614689494664,-0.026109880980192776,0.03774650855042414,-0.28207614689494664,-3.734505109873596e-18,6.586693584964342e-21,3.447449109838866e-19,-3.734504411361592e-18,-6.971493756260877e-21,3.447449109838866e-19,-1558.5981727779624,-16.439742070934756,261.61999707892153,-1057223.0349981748,109.62627834566301,122501.05662688108,-0.03969750533835038,4715.418537457237
51.27259256695912,2001.0,12.0,14.0,14.0,22.0,19.0,1.0,3485365.6619481156,36831.83411824982,-585424.9969759316,428.81058242321114,-294.0890678572888,4674.426307089465,3534381.5312690577,4703.2571900589655,3485476.5025612586,24164.676386798455,-585424.9969759316,3534381.531269058,429.4517876644672,-542.7043583364444,4674.426307089465,4725.380213156993,20254947.27439823,0.8266003972361304,1.6336279897438377,3.6500241499888574e-08,1.242438768486808e-06,6.116447893888895,-0.16640408313708932,0.006932850992987456,138181.53126905812,-0.07543627560739555,-0.0750824355036269,602.6796944439411,-16543121373.954914,-1040801818.9040855,-204756698.3331836,-16544014867.809307,-1901960852.2919064,16575829789.776388,16654242952.937208,-0.9861630590033557,-0.006837031082527716,0.16563718200669988,-0.00693279545587393,0.9999759678848122,0.0,0.1656332013948625,0.001148328702739812,0.9861867591571484,4680.365602151309,-545.6686174048292,-0.11606278327657506,1.0125585913677347e-09,178.86441408632265,0.0,-84.7,2.3644140863226535,0.0,3.0070546220536724e-17,2.2910892878089095,1.5707963267948966,18.176941940041463,461.0,0.005350041718889793,0.11027979527229487,0.0,0.011366459632526318,-1558.6075660326778,-16.470689418417546,261.7940033073429,-0.02602229225071582,0.03793033105931381,-0.28274002623138705,-0.02615997114279361,0.037835507371502444,-0.28274002623138705,-3.743255520229632e-18,6.619566550117493e-21,3.454027106417334e-19,-3.743254856823475e-18,-6.984644471486336e-21,3.454027106417334e-19,-1558.6337260038206,-16.432853911046042,261.5112632811115,-1057223.1914455164,109.77981655062892,122472.3490596039,-0.03960532885290498,4715.439686338264
51.39173648994699,2001.0,12.0,14.0,14.0,22.0,19.0,1.0,3485416.7281256695,36796.7949400827,-584868.0634631086,428.40774851645494,-294.0933128998736,4674.4938626470985,3534339.319374301,4703.287886958095,3485527.644711985,24100.0158637788,-584868.0634631086,3534339.319374301,429.04186087447954,-542.7143733315415,4674.4938626470985,4725.410953697961,20254940.6023204,0.8266003401590268,1.6336279886537217,3.6500241499888574e-08,1.2487670961347027e-06,6.116605985238242,-0.16624630622461842,0.006914199018372906,138139.31937430147,-0.07536478277285324,-0.07501128087925792,605.7193012535572,-16543121114.638382,-1040801784.4840187,-204760928.29908156,-16544010465.607235,-1901985867.082929,16575829528.810308,16654241488.65576,-0.9861893071797765,-0.006818817800449711,0.16548158244371686,-0.006914143928300917,0.9999760970211932,0.0,0.16547762694095877,0.0011441634784988526,0.9862128806053606,4680.421932683894,-545.6678580187298,-0.11606123885862919,1.0178350782123166e-09,178.81164921787683,0.0,-84.7,2.311649217876835,0.0,3.006965579273323e-17,2.2910747460193237,1.5707963267948966,18.179741891445182,461.0,0.005378023473385605,0.1109188873476011,0.0,0.011425587177933993,-1558.686248654063,-16.455609971922517,261.5543215938826,-0.026132050414300362,0.03812818640462921,-0.28421125153004345,-0.026270768845174132,0.03803274065387762,-0.28421125153004345,-3.7626466740199346e-18,6.692731952200986e-21,3.4685767638476997e-19,-3.762646089359725e-18,-7.013729409539272e-21,3.4685767638476997e-19,-1558.7125194229084,-16.417577231268638,261.27011034235255,-1057223.5397000797,109.93335475559483,122443.70809921135,-0.039513153613849175,4715.460785148817
51.43592871272702,2001.0,12.0,14.0,14.0,22.0,19.0,1.0,3485435.6571146403,36783.79826812005,-584661.4866357589,428.258326355632,-294.09488644437096,4674.518904144426,3534323.6724522454,4703.299265571909,3485546.601665658,24076.0320272897,-584661.4866357589,3534323.6724522463,428.88980782209507,-542.7180844014041,4674.518904144426,4725.422348488399,20254938.118742943,0.8266003189129307,1.6336279882479348,3.6500241499888574e-08,1.2510765045019228e-06,6.11666462458332,-0.16618778349966862,0.00690728080386754,138123.67245224584,-0.07533826457714204,-0.0749848881307236,606.850021570921,-16543121018.112663,-1040801771.6715999,-204762495.2018838,-16544008833.406673,-1901995139.4971128,16575829431.670563,16654240945.47542,-0.9861990368435201,-0.006812062012018511,0.1654238662952165,-0.00690722587899608,0.9999761448307937,0.0,0.16541992008089526,0.0011426200102779068,0.9862225633496439,4680.44281326195,-545.6675765494958,-0.11606066638788866,1.0197030608615728e-09,178.79296939138428,0.0,-84.69296939138428,2.3,0.0,3.0069339911982114e-17,2.2910695872951705,1.5707963267948966,18.180735393488717,461.0,0.005387931582798281,0.11115678329195403,0.0,0.011446550782652954,-1558.7154154802763,-16.450016308119032,261.4654125651525,-0.02617052297692492,0.03819786566509506,-0.28473297098102146,-0.026309614330646283,0.03810219689239788,-0.28473297098102146,-3.7695221272251995e-18,6.719358351178185e-21,3.473676766320837e-19,-3.769521571957124e-18,-7.023956644057027e-21,3.473676766320837e-19,-1558.7417250946069,-16.411914111226633,261.1806795941715,-1057223.669332495,110.08689296056076,122415.13374570344,-0.03942097961818962,4715.481833893728
51.46414818109411,2001.0,12.0,14.0,14.0,22.0,19.0,1.0,3485447.7409906313,36775.49905260117,-584529.5739718464,428.1629095967288,-294.0958909660863,4674.534890206093,3534313.683780059,4703.306529452611,3485558.7033380154,24060.71677805093,-584529.5739718464,3534313.6837800588,428.79271106555876,-542.7204531195176,4674.534890206093,4725.429622695835,20254936.53057605,0.8266003053267353,1.6336279879884543,3.6500241499888574e-08,1.2526728315906758e-06,6.116702069702775,-0.16615041284692508,0.006902863117257574,138113.6837800583,-0.07532133093890596,-0.07496803459829421,607.572848290205,-16543120956.387838,-1040801763.4786059,-204763495.18539286,-16544007791.336447,-1902001058.827727,16575829369.553097,16654240598.614618,-0.9862052480893834,-0.006807747962064657,0.16538701039876963,-0.006902808297703389,0.9999761753349953,0.0,0.16538307010865075,0.0011416348277129835,0.9862287446588429,4680.4561430571575,-545.6673968704689,-0.11606030093649357,1.0208129133268555e-09,178.78187086673145,0.0,-84.68187086673144,2.3,0.0,3.006915161031956e-17,2.291066512095649,1.5707963267948966,18.181327689726523,461.0,0.005393820226481082,0.11130891131554047,0.0,0.011459037257734875,-1558.734035289619,-16.44644427282626,261.40863650542025,-0.026193053438262268,0.038238904082937675,-0.28504381686829056,-0.02633237056014282,0.038143100222282594,-0.28504381686829056,-3.773617816422879e-18,6.735816938442502e-21,3.4766634992389016e-19,-3.773617279885658e-18,-7.0299788316185e-21,3.4766634992389016e-19,-1558.760367660179,-16.408301172603977,261.123592688552,-1057223.7522282153,110.24043116552667,122386.62599908015,-0.03932880686293337,4715.50283257784
51.513392603642814,2001.0,12.0,14.0,14.0,22.0,19.0,1.0,3485468.8215260436,36761.01642712563,-584299.3785137844,427.996399715992,-294.0976433784309,4674.56277833562,3534296.2583646686,4703.31920143758,3485579.8148154523,24033.990720992275,-584299.3785137844,3534296.258364668,428.6232694828389,-542.7245847324033,4674.56277833562,4725.442312695813,20254933.755023528,0.8266002815828679,1.6336279875349942,3.6500241499888574e-08,1.2552404218109888e-06,6.116767413864047,-0.1660851986295447,0.006895154066981352,138096.25836466858,-0.07529178062796446,-0.07493862407614893,608.8356399834156,-16543120848.515154,-1040801749.1605164,-204765239.12408078,-16544005973.229647,-1902011385.2289155,16575829260.994236,16654239993.315582,-0.9862160837722875,-0.006800219609239236,0.16532269391138754,-0.0068950994308876684,0.9999762285193774,0.0,0.16531876394617276,0.0011399164127012245,0.9862395281461201,4680.479397242896,-545.6670834269303,-0.1160596634040209,1.0227490705923788e-09,178.7625092940762,0.0,-84.66250929407622,2.3,0.0,3.0068823103809104e-17,2.2910611471771976,1.5707963267948966,18.18236109102228,461.0,0.0054040931967283936,0.11157477777343243,0.0,0.01148082028055818,-1558.766518453513,-16.44021063594955,261.30955536182745,-0.0262323239034937,0.03831049349402322,-0.2855860979047944,-0.026372035304577057,0.03821445384965672,-0.2855860979047944,-3.7807627801397236e-18,6.764581626510367e-21,3.48186935711556e-19,-3.780762276441214e-18,-7.040475373232917e-21,3.48186935711556e-19,-1558.7928904888176,-16.401996182099893,261.02396926392265,-1057223.8971005771,110.39396937049258,122358.1848593415,-0.03923663534508798,4715.523781205996
51.592805386632,2001.0,12.0,14.0,14.0,22.0,19.0,1.0,3485502.799249157,36737.661202627,-583928.156689247,427.7278744160513,-294.10046794335204,4674.607729009134,3534268.171983961,4703.339626255892,3485613.842132316,23990.89118692838,-583928.156689247,3534268.1719839615,428.3500163943061,-542.7312423262834,4674.607729009134,4725.46276655038,20254929.26796634,0.8266002431976446,1.6336279868019632,3.6500241499888574e-08,1.2594787245462438e-06,6.1168727908346865,-0.16598003119790247,0.006882722367189189,138068.17198396102,-0.07524412641235328,-0.07489119528755617,610.8759126365185,-16543120674.125458,-1040801726.0142572,-204768048.5410192,-16544003042.263885,-1902028029.4433966,16575829085.495295,16654239017.16702,-0.9862335489317628,-0.006788078894834145,0.16521897271916947,-0.006882668026082927,0.9999763141599118,0.0,0.1652150593690021,0.0011371473408364951,0.9862569092552013,4680.516878793323,-545.666578242676,-0.11605863583623055,1.0258697795598873e-09,178.73130220440112,0.0,-84.63130220440112,2.3,0.0,3.0068293585956843e-17,2.2910524994944104,1.5707963267948966,18.18402708096505,461.0,0.005420651567078352,0.11200458921927091,0.0,0.011515930667880361,-1558.8188765403802,-16.43015744383755,261.1497639269461,-0.026295528347088728,0.03842587411491631,-0.28646016254512474,-0.02643587638122961,0.038329454111743995,-0.28646016254512474,-3.792278968870977e-18,6.811084994770825e-21,3.4902480028042503e-19,-3.792278518537856e-18,-7.057368932530914e-21,3.4902480028042503e-19,-1558.8453124167613,-16.391827989725808,260.863303764401,-1057224.1313064843,110.5475075754585,122329.8103264875,-0.03914446506166148,4715.5446797830455
51.65579938119986,2001.0,12.0,14.0,14.0,22.0,19.0,1.0,3485529.7368272683,36719.13456881499,-583633.6833528948,427.51486096225955,-294.1027072766595,4674.643366334599,3534245.9050686774,4703.355819113318,3485640.8187835114,23956.70221178562,-583633.6833528948,3534245.905068678,428.13325258744743,-542.7365189260147,4674.643366334599,4725.478982427401,20254925.698863298,0.826600212665163,1.63362798621894,3.6500241499888574e-08,1.2629118722922483e-06,6.116956382040086,-0.1658966061986355,0.006872861045662232,138045.90506867785,-0.0752063242546256,-0.07485357194935525,612.4977234303951,-16543120535.413074,-1040801707.6040436,-204770274.55734104,-16544000718.124908,-1902041225.0521874,16575828945.900644,16654238242.815485,-0.9862473954584035,-0.006778448035386517,0.16513669366239347,-0.0068728069377951605,0.9999763819834926,0.0,0.16513279346123658,0.001134952613887452,0.9862706892158222,4680.546594495599,-545.6661777546353,-0.11605782118856485,1.0283438812580155e-09,178.70656118741982,0.0,-84.60656118741984,2.3,0.0,3.006787375792956e-17,2.2910456431824096,1.5707963267948966,18.18534818510645,461.0,0.005433779360753843,0.11234647123283435,0.0,0.011543766566657933,-1558.860387446848,-16.422182182487724,261.0230003622579,-0.026345556216946345,0.03851734134954449,-0.28715313347451604,-0.02648640996789211,0.03842061951648301,-0.28715313347451604,-3.801408926114849e-18,6.848076069172001e-21,3.496879906379841e-19,-3.8014085184733915e-18,-7.070740374259422e-21,3.496879906379841e-19,-1558.886873856816,-16.38376156297124,260.73584722878337,-1057224.3175990395,110.70104578042441,122301.5024005181,-0.03905229600966239,4715.56552831384
51.686424237438416,2001.0,12.0,14.0,14.0,22.0,19.0,1.0,3485542.8278226745,36710.12769902138,-583490.5228066401,427.41130131867817,-294.10379554191996,4674.660685312752,3534235.0838996167,4703.363688452742,3485653.928689153,23940.080944658435,-583490.5228066401,3534235.0838996167,428.0278696755102,-542.7390827275378,4674.660685312752,4725.486862953655,20254923.96060549,0.8266001977949381,1.6336279859350047,3.6500241499888574e-08,1.2644932582126974e-06,6.116997020714742,-0.16585604832264123,0.006868066943141297,138035.08389961626,-0.07518794635854753,-0.07483528098734736,613.2872538864613,-16543120467.856396,-1040801698.637979,-204771355.93308762,-16543999588.5019,-1902047637.808991,16575828877.91429,16654237866.352709,-0.9862541245680635,-0.006773765857771789,0.16509669248227438,-0.006868012948422456,0.9999764149209421,0.0,0.16509279866373,0.0011338862217099806,0.9862773859981853,4680.561035681662,-545.665983134581,-0.11605742529294602,1.0296145125479656e-09,178.69385487452033,0.0,-84.59385487452033,2.3,0.0,3.0067658684092314e-17,2.2910421307600948,1.5707963267948966,18.186025050962026,461.0,0.005440519996688262,0.11251297858106973,0.0,0.011558060266121332,-1558.8805611512873,-16.418304778981547,260.9613705958882,-0.026371588705578642,0.03856430169188995,-0.2875089419373071,-0.026512697729919862,0.03846742667402137,-0.2875089419373071,-3.806096699316006e-18,6.866545307206267e-21,3.5003300966818227e-19,-3.806096312520989e-18,-7.077697562368577e-21,3.5003300966818227e-19,-1558.9070738490173,-16.379837352307526,260.6738616539509,-1057224.408328997,110.85458398539033,122273.26108143336,-0.03896012818609971,4715.586326803236
51.7252702896979,2001.0,12.0,14.0,14.0,22.0,19.0,1.0,3485559.428512983,36698.70290080401,-583308.9302667632,427.2799393158954,-294.1051755750108,4674.682647617879,3534221.3615758857,4703.373667569004,3485670.553285788,23918.997610744114,-583308.9302667632,3534221.3615758857,427.8941949368239,-542.74233341728,4674.682647617879,4725.496856255813,20254921.752442375,0.8266001789048157,1.6336279855743272,3.6500241499888574e-08,1.2665987014771355e-06,6.117048569134954,-0.1658046023879504,0.006861985899268991,138021.36157588614,-0.07516463477336384,-0.07481207967358934,614.2898943424225,-16543120382.037338,-1040801687.2483727,-204772726.83676144,-16543998155.873642,-1902055769.8405747,16575828791.54942,16654237388.808605,-0.9862626577899326,-0.006767826676277796,0.16504595230183022,-0.006861932047845101,0.9999764566671411,0.0,0.16504206657003817,0.0011325341094670428,0.9862858782466583,4680.579348630663,-545.6657363431915,-0.11605692326051134,1.0313298030142312e-09,178.67670196985767,0.0,-84.57670196985768,2.3,0.0,3.006736912401571e-17,2.291037401885177,1.5707963267948966,18.18693641727247,461.0,0.005449617402437171,0.11272449876493633,0.0,0.01157735303876356,-1558.9061438313304,-16.4133863146069,260.8831935860798,-0.026407233606061134,0.03862767538804793,-0.2879891451004264,-0.02654868066416076,0.03853059625287292,-0.2879891451004264,-3.812423349125437e-18,6.890696563312387e-21,3.505053134568755e-19,-3.812422988852615e-18,-7.087222589515342e-21,3.505053134568755e-19,-1558.9326925119944,-16.374855718354027,260.5952044409794,-1057224.5235861205,111.00812219035625,122245.08636923325,-0.03886796158798286,4715.6070752560945
51.874910506096896,2001.0,12.0,14.0,14.0,22.0,19.0,1.0,3485623.3289138833,36654.69254111379,-582609.4034166445,426.7738950510974,-294.11048772487396,4674.767187425176,3534168.5407608226,4703.412079874986,3485734.544937454,23837.780594360003,-582609.4034166445,3534168.5407608226,427.37924155692116,-542.7548412922201,4674.767187425176,4725.535323165726,20254913.21197496,0.8266001058437555,1.6336279841794943,3.6500241499888574e-08,1.2746373500869469e-06,6.117247144290911,-0.1656064219838554,0.00683856119487014,137968.54076082306,-0.07507483362800481,-0.07472270330888381,618.1643899381161,-16543120050.119852,-1040801643.1997325,-204777999.7432012,-16543992639.704176,-1902087072.315155,16575828457.521063,16654235549.025755,-0.9862955047941936,-0.006744947310641923,0.1648504865280767,-0.006838507893061376,0.999976617131519,0.0,0.1648466318508312,0.0011273313532972607,0.9863185677515437,4680.649840816991,-545.6647864438663,-0.11605499083520801,1.0379324048971182e-09,178.6106759510288,0.0,-84.51067595102882,2.3,0.0,3.0066254428128695e-17,2.29101919751984,1.5707963267948966,18.190445712951593,461.0,0.005484636747240084,0.11354260162307676,0.0,0.01165161714023709,-1559.0046225078497,-16.394437871176024,260.5820157068182,-0.02654415782852302,0.038871589914645066,-0.28983761069114244,-0.02668690952342761,0.03877372405903597,-0.28983761069114244,-3.836775825319639e-18,6.98409142003676e-21,3.52319581830837e-19,-3.836775568444856e-18,-7.123810413789923e-21,3.52319581830837e-19,-1559.0313094173732,-16.355664147116986,260.29217809612703,-1057224.9693639632,111.16166039532216,122216.97826391777,-0.03877579621232185,4715.627773677278
51.914868673871204,2001.0,12.0,14.0,14.0,22.0,19.0,1.0,3485640.379316594,36642.94039664905,-582422.6078354374,426.6387615170815,-294.1119051651095,4674.789745302079,3534154.4466988244,4703.422329365093,3485751.6194811715,23816.093038762898,-582422.6078354374,3534154.4466988244,427.2417289983247,-542.7581774288238,4674.789745302079,4725.545587225332,20254910.922094703,0.826600086254506,1.6336279838055703,3.6500241499888574e-08,1.2768130205162388e-06,6.1173001704675,-0.16555350120853873,0.006832306215640797,137954.44669882394,-0.07505085370423395,-0.0746988368136442,619.202258348465,-16543119961.126522,-1040801631.3904089,-204779405.61133564,-16543991167.40002,-1902095424.727038,16575828367.961828,16654235057.688478,-0.9863042693952256,-0.0067388376478591605,0.16479828955394563,-0.006832253059957653,0.9999766598866819,0.0,0.1647944431431928,0.0011259436180807323,0.9863272903859519,4680.668650319611,-545.6645330017487,-0.11605447521818653,1.0396170334640072e-09,178.58765933071984,0.0,-84.5,2.3,0.0,3.006586965242726e-17,2.2910129136557624,1.5707963267948966,18.191657392823068,461.0,0.005493573344864502,0.11376194389144452,0.0,0.011670571889678464,-1559.030900495745,-16.389377602574218,260.50158477358195,-0.026578636896729426,0.03893419145340388,-0.2903091807053805,-0.026721728541686935,0.03883612271021514,-0.2903091807053805,-3.842978743623701e-18,7.008583976758319e-21,3.527756508772856e-19,-3.8429785146875516e-18,-7.133010782021145e-21,3.527756508772856e-19,-1559.0576222242867,-16.350541479864003,260.2112755928766,-1057225.0888865124,111.31519860028807,122188.93676548693,-0.038683632056127105,4715.648422071651
51.94615088968906,2001.0,12.0,14.0,14.0,22.0,19.0,1.0,3485653.7238676744,36633.73990720443,-582276.3697775624,426.53296737587925,-294.1130145327829,4674.807400389103,3534143.4159373767,4703.430351170171,3485764.9828652795,23799.114319483408,-582276.3697775624,3534143.415937377,427.1340723688583,-542.7607880806959,4674.807400389103,4725.5536204331775,20254909.127046518,0.826600070898389,1.633627983512437,3.6500241499888574e-08,1.2785508912273705e-06,6.117341683582077,-0.1655120706067114,0.006827409377424767,137943.41593737714,-0.07503208030161025,-0.07468015221131084,620.0156445801258,-16543119891.364517,-1040801622.1328382,-204780505.59780917,-16543990014.98305,-1902101961.7821054,16575828297.756195,16654234673.029772,-0.9863111290690886,-0.006734054484648315,0.1647574252792802,-0.006827356335952487,0.9999766933311306,0.0,0.16475358533252543,0.001124857651375712,0.9863341172317535,4680.683371706367,-545.6643346500215,-0.11605407167118979,1.0408426736247615e-09,178.56314652750476,0.0,-84.5,2.3,0.0,3.006546338432633e-17,2.2910062787941645,1.5707963267948966,18.19293693482922,461.0,0.005500076789253879,0.1139338946927141,0.0,0.011684370256528952,-1559.0514673797077,-16.38541590257571,260.4386151458976,-0.02660321754531844,0.0389802079228052,-0.29065218419985517,-0.026746564572426478,0.038881989108605096,-0.29065218419985517,-3.84747846642866e-18,7.02713065565128e-21,3.530997915598632e-19,-3.847478259453862e-18,-7.139553723101377e-21,3.530997915598632e-19,-1559.0782139442802,-16.346533913467102,260.1479629616977,-1057225.1825808361,111.46873680525398,122160.96187394072,-0.03859146911640955,4715.669020444084
52.031865149745464,2001.0,12.0,14.0,14.0,22.0,20.0,1.0,3485690.271401809,36608.530097548806,-581875.6700475855,426.2430809268258,-294.1160528417543,4674.85575387092,3534113.2053196095,4703.452321016686,3485801.5817039707,23752.591673726132,-581875.6700475855,3534113.20531961,426.83908259156306,-542.7679362947837,4674.85575387092,4725.575621508702,20254904.197659925,0.8266000287288723,1.633627982707458,3.6500241499888574e-08,1.283231386042384e-06,6.117455432146497,-0.1653985481182592,0.00681399199038144,137913.20531960996,-0.07498063995144515,-0.07462895517685537,622.2482359409332,-16543119699.79208,-1040801596.710585,-204783516.7566073,-16543986858.266624,-1902119865.2737422,16575828104.96551,16654233619.026213,-0.9863299162169112,-0.006720948168262779,0.1646454531144435,-0.006813939261009608,0.999976784846402,0.0,0.16464163084496022,0.0011218841171232233,0.9863528145490028,4680.723690380411,-545.6637914367785,-0.11605296646270936,1.044199408932226e-09,178.49601182135547,0.0,-84.5,2.3,0.0,3.00643505911447e-17,2.2909881055023646,1.5707963267948966,18.196442633050786,461.0,0.0055178884929854176,0.11440609349538503,0.0,0.01172216116084385,-1559.1077966619735,-16.374560059941544,260.2660658929564,-0.02667044766948562,0.039106237275955975,-0.29159159751385594,-0.026814495284418375,0.03900760714804286,-0.29159159751385594,-3.859801740492293e-18,7.078061841852543e-21,3.5398632052600826e-19,-3.859801594097318e-18,-7.157448607981498e-21,3.5398632052600826e-19,-1559.134611157258,-16.3355524527935,259.9744742954426,-1057225.43987515,111.6222750102199,122133.05358927914,-0.03849930739018063,4715.689568799445
52.13071852753239,2001.0,12.0,14.0,14.0,22.0,20.0,1.0,3485732.390444954,36579.45555920301,-581413.5420114357,425.90874484177345,-294.1195543569414,4674.911479390532,3534078.389226869,4703.477640143004,3485843.759372983,23698.936822800806,-581413.5420114357,3534078.3892268697,426.4988607967147,-542.776171060386,4674.911479390532,4725.600976623951,20254898.492860395,0.8265999799258382,1.6336279817758528,3.6500241499888574e-08,1.2885843222814772e-06,6.117586619598218,-0.16526762137756482,0.00679851804531892,137878.38922687015,-0.0749213131703153,-0.07456990900944553,624.8300796151161,-16543119478.086615,-1040801567.2894416,-204786984.33336145,-16543983219.374266,-1902140498.184227,16575827881.850164,16654232403.407915,-0.9863515676389853,-0.006705832246122104,0.16451631174446818,-0.006798465674361942,0.9999768901652051,0.0,0.16451250979968268,0.0011184584982673954,0.9863743625875507,4680.770156032253,-545.6631654580231,-0.11605169278870864,1.0480678636810944e-09,178.41864272637812,0.0,-84.5,2.3,0.0,3.006306793576174e-17,2.290967158150298,1.5707963267948966,18.2004851938284,461.0,0.005538416102226766,0.11495256998408977,0.0,0.011765713988353335,-1559.172715829235,-16.362038928787932,260.06704754582364,-0.026747762313592386,0.03925148151066544,-0.2926742361557336,-0.02689261942258044,0.03915237681365964,-0.2926742361557336,-3.874002932995108e-18,7.137005094390805e-21,3.550057874657973e-19,-3.874002857204693e-18,-7.178026629536864e-21,3.550057874657973e-19,-1559.1996084486575,-16.32288655197427,259.7743733096679,-1057225.737643076,111.77581321518582,122105.21191150218,-0.03840714687445223,4715.710067142608
52.16633463573233,2001.0,12.0,14.0,14.0,22.0,20.0,1.0,3485747.5575116924,36568.980142878216,-581247.039501025,425.78828271866905,-294.12081526026356,4674.9315463499815,3534065.8519524117,4703.486757579753,3485858.947419591,23679.605195170272,-581247.039501025,3534065.8519524112,426.37627807330136,-542.779135568702,4674.9315463499815,4725.610107020106,20254896.432314713,0.8265999622984016,1.6336279814393564,3.6500241499888574e-08,1.2905644430027084e-06,6.117633886052399,-0.16522044885006337,0.00679294295229414,137865.8519524117,-0.07489993788722002,-0.07454863482936201,625.7621313333511,-16543119398.00826,-1040801556.6626205,-204788232.32021913,-16543981908.761759,-1902147928.124193,16575827801.262564,16654231965.41949,-0.9863593643830411,-0.006700385954067144,0.16446978178969482,-0.006792890710071015,0.9999769280517431,0.0,0.16446598715139954,0.001117225252806625,0.9863821221403246,4680.7868884637555,-545.6629400548901,-0.11605123414359914,1.0495185059485377e-09,178.39481494051464,0.0,-84.49481494051463,2.3,0.0,3.0062671246899975e-17,2.290960679729548,1.5707963267948966,18.201735819500723,461.0,0.0055461128833619875,0.1151499569121034,0.0,0.011782040916996066,-1559.1960939377204,-16.357527347380355,259.9953377719098,-0.026777036395820457,0.039305629859865875,-0.2930802803732508,-0.02692219236930349,0.03920634865495753,-0.2930802803732508,-3.879336914914559e-18,7.158706377168385e-21,3.553924647977098e-19,-3.879336864769394e-18,-7.185828899250313e-21,3.553924647977098e-19,-1559.2230161300897,-16.318320998725397,259.70225749153656,-1057225.8451954387,111.92935142015173,122077.43684060988,-0.038314987566236795,4715.730515478447
52.2056976913179,2001.0,12.0,14.0,14.0,22.0,20.0,1.0,3485764.3152191956,36557.40262145742,-581063.0194743108,425.65514542718194,-294.1222084046817,4674.953717944164,3534051.999835681,4703.496831212438,3485875.7282262607,23658.239685425873,-581063.0194743108,3534051.9998356816,426.24079707133643,-542.7824104661241,4674.953717944164,4725.620194971173,20254894.151442993,0.8265999427861181,1.6336279810668943,3.6500241499888574e-08,1.292713307994475e-06,6.117686125500914,-0.16516831320596725,0.0067867813693815665,137851.99983568164,-0.07487631365845403,-0.07452512234005335,626.7934872210026,-16543119309.367767,-1040801544.8997793,-204789610.76559502,-16543980460.532087,-1902156137.2928264,16575827712.058388,16654231481.331877,-0.9863679788493036,-0.006694366604262156,0.16441835589893067,-0.006786729269189257,0.9999769698877203,0.0,0.16441456932573348,0.0011158628683712488,0.9863906955377735,4680.805375791941,-545.6626910194743,-0.11605072740125018,1.0512500205397936e-09,178.37749979460207,0.0,-84.47749979460207,2.3,0.0,3.006237874931515e-17,2.2909559028814797,1.5707963267948966,18.2026580793221,461.0,0.005555297689529865,0.11536845059413527,0.0,0.01180151780816904,-1559.221924258858,-16.35254093699397,259.9160807816763,-0.02681265073263893,0.039369578614997375,-0.29356507116836905,-0.0269581524930899,0.039270090066006375,-0.29356507116836905,-3.885722542669804e-18,7.183644886713423e-21,3.55864333712713e-19,-3.8857225210233356e-18,-7.19534420341374e-21,3.55864333712713e-19,-1559.2488824113511,-16.313270846927963,259.62251571050797,-1057225.9642479736,112.08288962511764,122049.7283766022,-0.038222829462547236,4715.750913811838
52.35188220664512,2001.0,12.0,14.0,14.0,22.0,20.0,1.0,3485826.5032698466,36514.406130977404,-580379.6076151078,425.16068759529435,-294.127378419166,4675.035998084773,3534000.594466426,4703.534214651864,3485938.001253914,23578.892413564496,-580379.6076151078,3534000.594466426,425.7376351479126,-542.7945589356176,4675.035998084773,4725.657631545047,20254885.647976328,0.8265998700409866,1.6336279796784412,3.6500241499888574e-08,1.3007612730739554e-06,6.117880133265185,-0.16497469091091524,0.006763899077745404,137800.59446642594,-0.07478857748816352,-0.0744378011423876,630.6352308094501,-16543118978.904428,-1040801501.0485885,-204794722.30228725,-16543975084.58786,-1902186601.763085,16575827379.49371,16654229683.346924,-0.9863999476152414,-0.006672011445183276,0.16422736558784742,-0.006763847502760073,0.9999771249218451,0.0,0.16422360887402443,0.0011108088566162274,0.9864225121072996,4680.873983296933,-545.6617669079861,-0.11604884690197263,1.0576756916967574e-09,178.31324308303243,0.0,-84.41324308303243,2.3,0.0,3.006129318838801e-17,2.290938174326146,1.5707963267948966,18.20608175439165,461.0,0.005589383615593907,0.11618304124448861,0.0,0.01187379789959168,-1559.317784940192,-16.334020879453558,259.62171190158904,-0.026944544794601243,0.03960686701592495,-0.2953641717579783,-0.027091333092082497,0.039506608058643464,-0.2953641717579783,-3.909419247852311e-18,7.27660515556051e-21,3.576118421834399e-19,-3.909419333244014e-18,-7.230582179063566e-21,3.576118421834399e-19,-1559.3448762732842,-16.294514271394913,259.32634772983107,-1057226.4080957416,112.23642783008356,122022.08651947917,-0.03813067256039696,4715.771262147656
52.61758198183441,2001.0,12.0,14.0,14.0,22.0,20.0,1.0,3485939.34896707,36436.255305949104,-579137.4317600467,424.2619007573091,-294.1367600225701,4675.1853070400475,3533907.314891451,4703.602050470886,3486050.998144197,23434.669093704397,-579137.4317600467,3533907.314891451,424.8230275047835,-542.8165843693829,4675.1853070400475,4725.725563776204,20254870.059690613,0.8265997366864405,1.633627977133786,3.6500241499888574e-08,1.315444261905847e-06,6.118232769207094,-0.16462275544968846,0.006722310174219655,137707.31489145104,-0.07462910445299521,-0.07427908234794378,637.6642407774925,-16543118373.12182,-1040801420.672942,-204803981.9662128,-16543965323.21769,-1902241882.8230712,16575826769.859655,16654226414.56591,-0.9864579592833141,-0.006631376265855526,0.1638801983627677,-0.006722259544746231,0.9999774053580476,0.0,0.16387649554836262,0.001101645227639021,0.986480248451321,4680.998480920907,-545.6600902744852,-0.11604543468119706,1.0693356385686218e-09,178.19664361431376,0.0,-84.29664361431378,2.1966436143137824,0.0,3.0059322944145417e-17,2.290905997795836,1.5707963267948966,18.21229897760717,461.0,0.005651239563495792,0.117676359029734,0.0,0.012004443390106902,-1559.4917489074883,-16.300352307492506,259.08656344835276,-0.02718111767763811,0.040036486494746414,-0.2986159967965195,-0.027330250699912267,0.03993483198574357,-0.2986159967965195,-3.952247216273698e-18,7.447364923367457e-21,3.6074645751558227e-19,-3.952247503793844e-18,-7.293184683069211e-21,3.6074645751558227e-19,-1559.519079158188,-16.260417475506763,258.78794745155625,-1057227.2217443734,112.38996603504947,121994.51126924076,-0.038038516856799875,4715.791560490782
52.65615577026878,2001.0,12.0,14.0,14.0,22.0,20.0,1.0,3485955.7118390044,36424.90931057394,-578957.0917337703,424.13140824998277,-294.13812039260677,4675.206957636378,3533893.789149596,4703.611886844386,3486067.3826166154,23413.730540073284,-578957.0917337703,3533893.789149596,424.6902381033494,-542.8197760605942,4675.206957636378,4725.735414129144,20254867.782680433,0.8265997172070397,1.6336279767621475,3.6500241499888574e-08,1.3175525497315642e-06,6.118283965758361,-0.16457166057863243,0.0067162724978999,137693.7891495959,-0.07460595172246348,-0.07425603911678162,638.6895281672478,-16543118284.635345,-1040801408.933468,-204805322.95844415,-16543963907.138475,-1902249898.7620444,16575826680.810661,16654225939.93347,-0.9864663712645169,-0.006625476581090916,0.16382979406777584,-0.006716222004723122,0.9999774459266485,0.0,0.16382609903858328,0.0011003172679472538,0.9864886206012263,4681.016533699223,-545.6598471858891,-0.11604493991362687,1.0708012056004578e-09,178.16397588799083,0.0,-84.28198794399542,2.2,0.0,3.005878205693574e-17,2.290897164437352,1.5707963267948966,18.214006548556483,461.0,0.0056590186021281816,0.11789449506056113,0.0,0.012020952769348567,-1559.5169758081108,-16.295463599605956,259.0088593945418,-0.02720982982092675,0.04009056553782002,-0.29902641249775813,-0.027359273676722928,0.03998872876084226,-0.29902641249775813,-3.957621815618896e-18,7.470596005597698e-21,3.6112434221226503e-19,-3.957622132454485e-18,-7.300820070520081e-21,3.6112434221226503e-19,-1559.5443350817875,-16.255474870845113,258.709832982044,-1057227.3405956626,112.5435042400154,121967.00262588699,-0.03794636234877042,4715.81180884609
52.707346332604594,2001.0,12.0,14.0,14.0,22.0,20.0,1.0,3485977.4189317874,36409.852168592035,-578717.7645253736,423.95823078973217,-294.1399250757937,4675.235679649351,3533875.845812146,4703.624935860032,3486089.118238194,23385.94318212539,-578717.7645253736,3533875.845812146,424.51401245402184,-542.8240093781778,4675.235679649351,4725.74848168981,20254864.755999885,0.826599691314328,1.6336279762681667,3.942476676500724e-08,1.3204144189880687e-06,6.118351908357053,-0.16450385291253455,0.006708260056723427,137675.8458121461,-0.07457522587258739,-0.07422545858154449,640.0518355965614,-16543118167.016613,-1040801393.3292166,-204807101.2707144,-16543962028.32164,-1902260532.786959,16575826562.444225,16654225310.049042,-0.9864775307172768,-0.006617647082830917,0.1637629022001972,-0.006708209744044333,0.9999774997078834,0.0,0.16375921748705985,0.001098555896252342,0.9864997272493129,4681.040482775974,-545.6595247142263,-0.11604428355639407,1.0727949097615459e-09,178.12410180476908,0.0,-84.26205090238454,2.2,0.0,3.0058120519955166e-17,2.290886360718581,1.5707963267948966,18.21609545928602,461.0,0.005669600095599382,0.11818445622575621,0.0,0.012043387153467304,-1559.550442661707,-16.288975584981017,258.9057349999434,-0.02724907412265443,0.040164102780525436,-0.2995842491456767,-0.02739893753985572,0.04006201959953606,-0.2995842491456767,-3.964934399836752e-18,7.501853112959057e-21,3.616414977123999e-19,-3.964934755898215e-18,-7.311243349657699e-21,3.616414977123999e-19,-1559.5778415992468,-16.248913565381482,258.6061507507977,-1057227.498576941,112.6970424449813,121939.56058941784,-0.03785420903332352,4715.83200721846
52.80035829641889,2001.0,12.0,14.0,14.0,22.0,20.0,1.0,3486016.837485531,36382.49348409662,-578282.9092475763,423.64356218266363,-294.1432022751602,4675.287837359407,3533843.2619730863,4703.648632007316,3486128.5882287063,23335.45369753839,-578282.9092475763,3533843.2619730863,424.19380529610254,-542.8316944467349,4675.287837359407,4725.772211512982,20254859.24222142,0.8265996441448775,1.6336279753683385,3.942476676500724e-08,1.3256172160080583e-06,6.118475360102997,-0.16438064632087085,0.0066937017915182735,137643.2619730858,-0.07451939693386937,-0.07416989367602381,642.5319268703461,-16543117952.749203,-1040801364.903811,-204810328.6450844,-16543958615.82802,-1902279843.5096622,16575826346.814781,16654224165.537493,-0.9864977956838586,-0.00660342068609723,0.16364135768848384,-0.006693651805694034,0.9999775972618107,0.0,0.1636376916739906,0.0010953582693777433,0.986519896430817,4681.0839730317275,-545.6589391611878,-0.11604309167141529,1.0764153363237976e-09,178.05169327352405,0.0,-84.22584663676203,2.2,0.0,3.0056919053487784e-17,2.2908667392821274,1.5707963267948966,18.21989055400669,461.0,0.005688815772852427,0.11871268945297342,0.0,0.01208412692113792,-1559.6112181043975,-16.277186148456966,258.71834662482763,-0.027320218177296816,0.040297630541698326,-0.30059725125276177,-0.02747084496253212,0.04019509952189248,-0.30059725125276177,-3.978212981808012e-18,7.558795579038873e-21,3.625789913783598e-19,-3.978213409696627e-18,-7.330138221154886e-21,3.625789913783598e-19,-1559.6386889493601,-16.236991048935074,258.41774937357485,-1057227.7863754462,112.85058064994722,121912.18515983333,-0.0377620569074746,4715.852155612771
52.89037715919999,2001.0,12.0,14.0,14.0,22.0,20.0,1.0,3486054.959689493,36356.01490486097,-577862.0428826,423.3390078438177,-294.1463717242152,4675.338280448207,3533811.7497116234,4703.671548926976,3486166.7597236596,23286.588271265777,-577862.0428826,3533811.749711624,423.8838905521439,-542.8391239033651,4675.338280448207,4725.795161000336,20254853.888077628,0.826599598341002,1.6336279744946434,3.942476676500724e-08,1.330632811737506e-06,6.118594841356236,-0.1642614023145595,0.0066796121779555285,137611.74971162342,-0.07446536352163377,-0.07411611580065387,644.938182413578,-16543117744.68714,-1040801337.3028486,-204813447.52971426,-16543955314.7016,-1902298519.2635345,16575826137.430204,16654223057.817034,-0.9865173944277443,-0.006589651605851974,0.1635237199405872,-0.006679562507113277,0.9999776914735216,0.0,0.16352007196735105,0.001092266908738838,0.9865394026681308,4681.126033541899,-545.6583729050974,-0.11604193900037363,1.0800312860470732e-09,177.98968713952928,0.0,-84.2,2.2,0.0,3.0055886819640986e-17,2.2908498816241067,1.5707963267948966,18.22315239805392,461.0,0.005708006019937826,0.11922563439454709,0.0,0.012124820140901339,-1559.6699972797473,-16.2657750160134,258.53697123898803,-0.02739181665790881,0.04043168238379162,-0.301609307724339,-0.027543201972762804,0.04032870671484385,-0.301609307724339,-3.9914968374872116e-18,7.614925461642066e-21,3.6352403922137334e-19,-3.991497335601277e-18,-7.349193704433393e-21,3.6352403922137334e-19,-1559.6975404817201,-16.225446309298555,258.2353619312637,-1057228.0658417735,113.00411885491313,121884.87633713346,-0.03766990596823961,4715.8722540339
52.9394578138989,2001.0,12.0,14.0,14.0,22.0,20.0,1.0,3486075.7333701057,36341.57796597268,-577632.5735442515,423.1729519574497,-294.14809884100396,4675.365768341373,3533794.5779431397,4703.684036911756,3486187.560075749,23259.945272336616,-577632.5735442515,3533794.5779431397,423.7149119972324,-542.8431711949542,4675.365768341373,4725.807666731702,20254850.960895736,0.8265995732993816,1.6336279740169912,3.942476676500724e-08,1.3334666085957736e-06,6.1186599865730305,-0.16419638644289378,0.006671930220150627,137594.5779431397,-0.07443590265393235,-0.07408679425845435,646.2529398202896,-16543117630.93764,-1040801322.2132277,-204815146.1084877,-16543953515.46173,-1902308696.156048,16575826022.95768,16654222453.819477,-0.9865280743355772,-0.006582144139763543,0.1634595788758228,-0.006671880720484522,0.9999777427561334,0.0,0.1634559407161134,0.0010905828128801212,0.986550032220231,4681.1489535019045,-545.6580643544477,-0.11604131088980862,1.0821777571075362e-09,177.96822242892463,0.0,-84.2,2.2,0.0,3.005552389038742e-17,2.290843954539598,1.5707963267948966,18.22429953654124,461.0,0.00571939452285362,0.11950606962721871,0.0,0.012148981180707697,-1559.702028438014,-16.259552920088,258.4380735119244,-0.027435288418684076,0.04051230081326136,-0.30221052214407595,-0.027587116246794965,0.040409065628722214,-0.30221052214407595,-3.999415438338703e-18,7.646896129250252e-21,3.6410019291379274e-19,-3.9994159750788474e-18,-7.360823763802124e-21,3.6410019291379274e-19,-1559.7296155542608,-16.21914385445928,258.1358629897803,-1057228.2186298054,113.15765705987904,121857.63412131823,-0.03757775621263503,4715.892302486725
53.041146438064935,2001.0,12.0,14.0,14.0,22.0,21.0,1.0,3486118.7477521985,36311.66626864039,-577157.1391373951,422.8288952629943,-294.15167506330016,4675.4226859091505,3533759.0217491947,4703.709894809182,3486230.6292611277,23204.743871066934,-577157.1391373951,3533759.021749194,423.36479984279106,-542.8515489126346,4675.4226859091505,4725.8335613748295,20254844.877707776,0.8265995212585148,1.6336279730243417,3.942476676500724e-08,1.3391162120498807e-06,6.118794960843732,-0.1640616801393221,0.006656014378115229,137559.02174919378,-0.07437486267180936,-0.07402604294051804,648.9835563898087,-16543117394.548443,-1040801290.8544114,-204818661.03122222,-16543949789.04755,-1902329768.7054493,16575825785.06591,16654221202.30592,-0.9865501885681667,-0.006566589212294588,0.16332668288504434,-0.006655965231847532,0.9999778488180788,0.0,0.16332306500597918,0.0010870967227158425,0.9865720423049541,4681.196412462528,-545.6574254973601,-0.11604001032731125,1.0866222813507757e-09,177.92377718649226,0.0,-84.2,2.2,0.0,3.005477234661257e-17,2.2908316808983273,1.5707963267948966,18.226675474325862,461.0,0.0057429763357651036,0.12008886546512536,0.0,0.012199010301839414,-1559.7683550364104,-16.246660559393625,258.233154590707,-0.02752514909948278,0.04067923401861563,-0.30345543078004955,-0.02767789517170922,0.04057546096046141,-0.30345543078004955,-4.015811657532663e-18,7.713328233665139e-21,3.6529116196194636e-19,-4.015812274993757e-18,-7.384864056752024e-21,3.6529116196194636e-19,-1559.7960329315822,-16.206085098433164,257.92969915992694,-1057228.5361497868,113.31119526484495,121830.45851238762,-0.03748560763767782,4715.9123009761215
53.10637630019824,2001.0,12.0,14.0,14.0,22.0,21.0,1.0,3486146.3216243205,36292.47872066471,-576852.1607702445,422.6081866539694,-294.1539675740704,4675.459172688073,3533736.228861992,4703.7264707399345,3486258.2379635414,23169.333564266566,-576852.1607702445,3533736.228861992,423.14020680319766,-542.8569174455625,4675.459172688073,4725.850160860476,20254840.96236439,0.8265994877632225,1.6336279723854366,3.942476676500724e-08,1.342759171255786e-06,6.118881543757248,-0.16397526910457355,0.0066458050084879,137536.22886199132,-0.0743357068759474,-0.07398707231323153,650.7398755252361,-16543117242.40175,-1040801270.670863,-204820912.67942727,-16543947399.64919,-1902343277.0759625,16575825631.95211,16654220399.420267,-0.9865643647902549,-0.00655661092501181,0.16324143156435156,-0.0066457560880231045,0.9999779167191736,0.0,0.16323782665797582,0.0010848627376363964,0.9865861518493056,4681.226835799419,-545.6570159892557,-0.11603917662761375,1.0895185314761907e-09,177.89528607748917,0.0,-84.19528607748917,2.2,0.0,3.0054290538791586e-17,2.2908238123794806,1.5707963267948966,18.228199003630785,461.0,0.005758342722599219,0.12046397224604072,0.0,0.01223160744395269,-1559.8108745434286,-16.238389829332363,258.10169463973097,-0.027583832522835583,0.04078769956772249,-0.304266605232738,-0.02773717408206098,0.04068357686605341,-0.304266605232738,-4.026495349841513e-18,7.756416840805077e-21,3.660688944113048e-19,-4.026496019619129e-18,-7.400560035892426e-21,3.660688944113048e-19,-1559.8386117175105,-16.197706252466308,257.79742803449824,-1057228.7405163758,113.46473346981088,121803.34951034165,-0.03739346024038545,4715.9322495069655
53.145510779271845,2001.0,12.0,14.0,14.0,22.0,21.0,1.0,3486162.8575845407,36280.96713147358,-576669.1886829168,422.47577023041856,-294.1553423904189,4675.481053847208,3533722.560042627,4703.7364112769765,3486274.794698492,23148.08907860331,-576669.1886829168,3533722.5600426267,423.00545990549256,-542.8601362211833,4675.481053847208,4725.8601155231145,20254838.608143087,0.8265994676231232,1.6336279720012874,3.942476676500724e-08,1.3449897383714505e-06,6.11893348947324,-0.16392342650141037,0.006639679966976142,137522.56004262716,-0.07431221520650753,-0.07396369173522281,651.7954295277596,-16543117150.919329,-1040801258.5351156,-204822262.4031902,-16543945966.490011,-1902351378.0211294,16575825539.8882,16654219917.68981,-0.9865728662796995,-0.006550624358671801,0.1631902841506495,-0.006639631181647736,0.9999779574059479,0.0,0.16318668701346273,0.001083523299188607,0.9865946133842564,4681.245080690589,-545.6567704171692,-0.11603867666472285,1.0913979941387646e-09,177.87820005328396,0.0,-84.17820005328396,2.2,0.0,3.005400158547499e-17,2.290819093413705,1.5707963267948966,18.229112832270545,461.0,0.005768311674591133,0.12068951844029237,0.0,0.012252747071922221,-1559.836373954233,-16.233427560845982,258.0228213634099,-0.027622575136514685,0.04085713871890938,-0.3047927690955254,-0.027776290856876485,0.04075279263685868,-0.3047927690955254,-4.033426232974702e-18,7.783342952008979e-21,3.6658226713246673e-19,-4.0334269344630125e-18,-7.410912515256592e-21,3.6658226713246673e-19,-1559.8641502450898,-16.192674768209123,257.7180285943144,-1057228.863398146,113.61827167477679,121776.3071151803,-0.03730131401777596,4715.95214808413
53.254668150032494,2001.0,12.0,14.0,14.0,22.0,21.0,1.0,3486208.953770003,36248.85769846908,-576158.822133925,422.1064111064342,-294.15917489325074,4675.542051102137,3533684.4563929774,4703.76412185979,3486320.948348702,23088.83140373515,-576158.822133925,3533684.456392978,422.6296003342901,-542.8691061462368,4675.542051102137,4725.887865482116,20254832.020138882,0.8265994112634142,1.633627970926379,3.942476676500724e-08,1.3511664374509474e-06,6.119078383190825,-0.16377882037332958,0.006622595623163696,137484.45639297785,-0.07424668913891086,-0.07389847553391056,654.7472269833088,-16543116894.918695,-1040801224.5762554,-204826022.6311413,-16543941970.37017,-1902373960.557307,16575825282.260435,16654218573.812735,-0.9865965655313145,-0.006533925620315053,0.16304761481788937,-0.006622547213450405,0.9999780706937555,0.0,0.1630440392968116,0.0010797905271719482,0.986618201383999,4681.295941200233,-545.656085885373,-0.11603728296787394,1.0966372459655463e-09,177.83057049122232,0.0,-84.1305704912223,2.2,0.0,3.0053196031318e-17,2.2908059377159553,1.5707963267948966,18.231660936558974,461.0,0.0057961021003031426,0.12132068949044897,0.0,0.012311677315716514,-1559.9074593340338,-16.219585304842944,257.8028042283304,-0.027730399244120418,0.04105069262791592,-0.3062595441661159,-0.027885160142100247,0.04094572323600315,-0.3062595441661159,-4.0527467084740876e-18,7.85867128014209e-21,3.6801102302736333e-19,-4.052747499200036e-18,-7.439723764731403e-21,3.6801102302736333e-19,-1559.935344494176,-16.17863958160694,257.4965446841643,-1057229.207268104,113.7718098797427,121749.3313269036,-0.0372091689668679,4715.971996712486
53.338816048571125,2001.0,12.0,14.0,14.0,22.0,21.0,1.0,3486244.461156823,36224.10469791127,-575765.3831197575,421.82166579717324,-294.1621270477861,4675.589037237508,3533655.105568006,4703.785467031926,3486356.4995499565,23043.149818703452,-575765.3831197575,3533655.1055680057,422.3398438390611,-542.8760127259151,4675.589037237508,4725.909240984507,20254826.919858888,0.8265993676309618,1.6336279700943264,3.942476676500724e-08,1.3559237916562792e-06,6.1191900818568845,-0.1636673433854036,0.006609425707844794,137455.1055680057,-0.0741961749870143,-0.07384820025380011,657.0303063094616,-16543116696.73075,-1040801198.2881382,-204828916.77791154,-16543938891.192245,-1902391355.7127504,16575825082.812927,16654217537.637196,-0.9866148210266699,-0.006521052318432038,0.16293762857968788,-0.006609377586364661,0.9999781578254201,0.0,0.1629340696675588,0.001076916310309999,0.9866363713105389,4681.33511894623,-545.6555586309685,-0.11603620943462227,1.1006729843992165e-09,177.79388196000713,0.0,-84.09388196000711,2.2,0.0,3.005257546312278e-17,2.2907958030682245,1.5707963267948966,18.233624401810562,461.0,0.005817509411734382,0.1218093195610119,0.0,0.01235707136399838,-1559.962218018645,-16.20891344250209,257.6331792325934,-0.027813278080921124,0.041199768076708575,-0.3073894084701995,-0.027968846231291377,0.04109431794873351,-0.3073894084701995,-4.067628776631692e-18,7.916965318726875e-21,3.6910922856477266e-19,-4.0676296369427465e-18,-7.461868875902127e-21,3.6910922856477266e-19,-1559.9901868648763,-16.167819124553358,257.3257898241232,-1057229.473484395,113.92534808470862,121722.42214551153,-0.03711702508468028,4715.991795396904
53.34816192638428,2001.0,12.0,14.0,14.0,22.0,21.0,1.0,3486248.403302785,36221.355493083014,-575721.6856115338,421.79003997054747,-294.1624548068521,4675.594253826154,3533651.846943663,4703.787836844738,3486360.446536146,23038.076162238307,-575721.6856115338,3533651.846943663,422.3076614411924,-542.8767793636018,4675.594253826154,4725.911614164645,20254826.35236679,0.8265993627761126,1.6336279700017513,3.942476676500724e-08,1.3564968267614991e-06,6.119202487771467,-0.16365496209033764,0.006607963001533173,137451.84694366297,-0.07419056458325078,-0.07384261638031918,657.284225821495,-16543116674.679106,-1040801195.3632307,-204829237.97120285,-16543938549.282778,-1902393286.9843707,16575825060.621141,16654217422.549034,-0.9866168478231888,-0.006519622520867321,0.16292541273116332,-0.006607914911994656,0.9999781674919287,0.0,0.16292185566077483,0.001076597264329138,0.9866383886137717,4681.339468613078,-545.6555000954215,-0.11603609024833182,1.100815305633705e-09,177.78188209702878,0.0,-84.08188209702877,2.1909410485143885,0.0,3.005237811103416e-17,2.290792580064028,1.5707963267948966,18.234248911590605,461.0,0.005818269804691557,0.12186368921910255,0.0,0.012358626507937844,-1559.9682976349575,-16.20772811628818,257.6143389450126,-0.027814560157452258,0.04120422875017141,-0.30742794753270686,-0.027970172389649547,0.04109875521402404,-0.30742794753270686,-4.068116717543848e-18,7.921256896406472e-21,3.69124757067625e-19,-4.068117585650549e-18,-7.46211707884386e-21,3.69124757067625e-19,-1559.996267807347,-16.166629361074158,257.3069109974799,-1057229.5031054541,114.07888628967453,121695.5795710041,-0.03702488236823271,4716.01154414225
53.36567779118159,2001.0,12.0,14.0,14.0,22.0,21.0,1.0,3486255.790800991,36216.20297791681,-575639.7884491188,421.730767121092,-294.1630690212529,4675.604029622844,3533645.7403505133,4703.792277826256,3486367.843091804,23028.56719338746,-575639.7884491188,3533645.740350513,422.2473454742392,-542.8782159440019,4675.604029622844,4725.916061456441,20254825.288340483,0.8265993536734503,1.6336279698281817,3.942476676500724e-08,1.3574786098768251e-06,6.119225738759715,-0.1636317572430588,0.0066052216302858735,137445.7403505128,-0.07418004964280187,-0.07383215116241591,657.7602490782738,-16543116633.333157,-1040801189.8792245,-204829839.81379753,-16543937908.529533,-1902396906.1496994,16575825019.012436,16654217206.854445,-0.9866206460034052,-0.00651694280794067,0.16290251789417334,-0.00660517360057354,0.9999781856029192,0.0,0.16289896427396253,0.0010759994106615525,0.9866421690074566,4681.347619811854,-545.6553904022715,-0.11603586689621946,1.1014259649487228e-09,177.7683118900284,0.0,-84.06831189002838,2.1841559450141905,0.0,3.0052152775566244e-17,2.290788900056567,1.5707963267948966,18.234962027377772,461.0,0.005821513146048836,0.12196563067071754,0.0,0.012365460999205335,-1559.9796907765842,-16.205506570019125,257.5790283527177,-0.027825857945608844,0.04122618727049126,-0.30759793283030706,-0.027981604185738015,0.041120636114529006,-0.30759793283030706,-4.070340888569135e-18,7.93177315816057e-21,3.6927336629338314e-19,-4.070341771275117e-18,-7.465065046847044e-21,3.6927336629338314e-19,-1560.00767238077,-16.164385933904597,257.2714304198874,-1057229.5586438254,114.23242449464045,121668.8036033813,-0.03693274081454527,4716.031242953389
53.396139347889246,2001.0,12.0,14.0,14.0,22.0,21.0,1.0,3486268.6358066625,36207.24229664161,-575497.3620129249,421.6276856368951,-294.1641369885838,4675.62102734191,3533635.1225172943,4703.799999586247,3486380.7038056273,23012.03023978413,-575497.3620129249,3533635.1225172943,422.1424499139783,-542.8807135408061,4675.62102734191,4725.923794188367,20254823.436536033,0.8265993378314002,1.6336279695261207,3.942476676500724e-08,1.359195023893387e-06,6.119266174367008,-0.16359140187735505,0.006600454171005436,137435.12251729425,-0.07416176318887258,-0.07381395118017658,658.5885022878647,-16543116561.375874,-1040801180.3352615,-204830886.0594657,-16543936794.351847,-1902403198.9798138,16575824946.597874,16654216831.74809,-0.9866272501055503,-0.0065122825198179485,0.16286270145598722,-0.006600406245217308,0.9999782170814513,0.0,0.16285915383102678,0.00107495999180306,0.9866487421947377,4681.361792747933,-545.655199677225,-0.11603547854442105,1.102487748270576e-09,177.7447167050983,0.0,-84.04471670509831,2.1723583525491548,0.0,3.0051760956218776e-17,2.2907825011610203,1.5707963267948966,18.23620214970622,461.0,0.005827152544532096,0.12214304829781532,0.0,0.0123773444089011,-1559.9995008058077,-16.201643019757306,257.5176187613242,-0.027845489757285093,0.041264365241178665,-0.30789349310565695,-0.028001469141212505,0.04115867909097894,-0.30789349310565695,-4.0742080756165334e-18,7.950076228657036e-21,3.695315965926546e-19,-4.074208983769879e-18,-7.47018740277024e-21,3.695315965926546e-19,-1560.0275022749488,-16.160484340666326,257.2097252682185,-1057229.6553014163,114.38596269960637,121642.09424264313,-0.036840600420638595,4716.050891835183
53.50221742215469,2001.0,12.0,14.0,14.0,22.0,21.0,1.0,3486313.342220029,36176.03773428295,-575001.3779998925,421.268708685324,-294.1678540219947,4675.680187677849,3533598.1676683775,4703.826874864813,3486425.4644891317,22954.442038100682,-575001.3779998925,3533598.1676683775,421.7771556259116,-542.8894037657107,4675.680187677849,4725.950707653661,20254816.974017415,0.8265992825449673,1.6336279684721187,3.942476676500724e-08,1.3651448161774183e-06,6.119406987550416,-0.16345086810951892,0.006583852315603992,137398.16766837751,-0.07409808228772587,-0.07375057140467497,661.4769549071789,-16543116310.257431,-1040801147.0307868,-204834525.41007674,-16543932915.82115,-1902425100.9619055,16575824693.883755,16654215525.528675,-0.9866502355556823,-0.006496053300040911,0.16272404238292423,-0.006583804750543883,0.9999783265226335,0.0,0.16272051558707468,0.0010713433232684008,0.98667162016071,4681.4111214177365,-545.6545359053864,-0.11603412691963957,1.1061832331622496e-09,177.66259481861667,0.0,-83.96259481861668,2.131297409308339,0.0,3.005039707474534e-17,2.290760227286228,1.5707963267948966,18.240520245676016,461.0,0.005846780607650587,0.12276222268385736,0.0,0.012418703483337422,-1560.0684507687806,-16.188187808482386,257.30375353897034,-0.027913696385929172,0.04139721817416326,-0.30892216128439764,-0.028070488578741264,0.041291061858904334,-0.30892216128439764,-4.087666756822329e-18,8.013956788923866e-21,3.704287313627675e-19,-4.087667754168007e-18,-7.487981628926407e-21,3.704287313627675e-19,-1560.0965212573594,-16.146896746623483,256.99483137768595,-1057229.9926219787,114.53950090457228,121615.4514887896,-0.03674846118353387,4716.070490792489
53.59280541170627,2001.0,12.0,14.0,14.0,22.0,21.0,1.0,3486351.4902195735,36149.38951614683,-574577.8152455643,420.9621388918785,-294.17102579924534,4675.7306699604,3533566.634081066,4703.849807637201,3486463.6583035053,22905.262442702584,-574577.8152455643,3533566.634081066,421.4651908980034,-542.8968160136419,4675.7306699604,4725.97367301012,20254811.43812273,0.8265992351856611,1.6336279675694367,3.942476676500724e-08,1.370339820574183e-06,6.119527240761348,-0.1633308534954081,0.006569674934665342,137366.63408106612,-0.07404369929798053,-0.07369644556879969,663.9487157464027,-16543116095.1474,-1040801118.5049723,-204837628.34205493,-16543929605.420265,-1902443790.0482295,16575824477.407045,16654214410.093891,-0.9866698492895944,-0.006482193436451012,0.1626056261975623,-0.006569627676217186,0.9999784197632446,0.0,0.1626021171296512,0.0010682584221761316,0.9866911423180501,4681.453214155157,-545.6539695545043,-0.11603297359568307,1.1094207398667367e-09,177.59158520266527,0.0,-83.89579260133264,2.1,0.0,3.004921790208791e-17,2.290740969935321,1.5707963267948966,18.24425525372181,461.0,0.005863974476448579,0.12329262693969968,0.0,0.01245496092814716,-1560.1272884109117,-16.176696240109745,257.1210996352152,-0.02797393327233752,0.04151394954526011,-0.3098238866613831,-0.02813143359984359,0.0414073833173407,-0.3098238866613831,-4.099465934484017e-18,8.069276446347448e-21,3.712211323603943e-19,-4.099467008675902e-18,-7.503732080754883e-21,3.712211323603943e-19,-1560.1554198445115,-16.135288856792403,256.81127574855384,-1057230.281576233,114.69303910953819,121588.87534182069,-0.03665632310025277,4716.09003983016
53.6273337511076,2001.0,12.0,14.0,14.0,22.0,21.0,1.0,3486366.0233257874,36139.23225826416,-574416.3696980028,420.84528430750333,-294.172234146595,4675.749902189133,3533554.6208436787,4703.858544268561,3486478.208743769,22886.517068438374,-574416.3696980028,3533554.620843679,421.3462799694894,-542.8996390720376,4675.749902189133,4725.982422054737,20254809.323453113,0.8265992170947468,1.633627967224652,3.942476676500724e-08,1.3723637779300396e-06,6.119573076799052,-0.163285108395951,0.006564271156506821,137354.62084367918,-0.07402297051535595,-0.07367581480248395,664.8923310339451,-16543116012.977505,-1040801107.6089108,-204838809.84191525,-16543928344.044054,-1902450909.9877613,16575824394.715126,16654213984.928709,-0.9866773215214457,-0.006476910511991446,0.16256048974300386,-0.006564224014577585,0.9999784552494551,0.0,0.1625569874178039,0.001067083470592519,0.9866985796962083,4681.469250205197,-545.6537538041715,-0.11603253422232948,1.110922394540102e-09,177.56155210919795,0.0,-83.88077605459898,2.1,0.0,3.0048720291899414e-17,2.2907328433442284,1.5707963267948966,18.245831900099937,461.0,0.005871942739207757,0.1234952413489607,0.0,0.012471854769985007,-1560.14970420852,-16.17231585577126,257.0514751695441,-0.0280038084455608,0.041569243972765166,-0.3102438651459163,-0.028161620086091937,0.041462494932764944,-0.3102438651459163,-4.1049680684267166e-18,8.092295740448746e-21,3.7161453627801914e-19,-4.1049691719916575e-18,-7.511661031337006e-21,3.7161453627801914e-19,-1560.1778658286062,-16.130853360838493,256.7412313043982,-1057230.391954599,114.8465773145041,121562.36580173642,-0.03656418616781752,4716.109538953048
53.71388596447903,2001.0,12.0,14.0,14.0,22.0,21.0,1.0,3486402.435739989,36113.770869249485,-574011.6711091901,420.55235744918843,-294.17526165177094,4675.798088573346,3533524.521911471,4703.880433751491,3486514.664297179,22839.527596963177,-574011.6711091901,3533524.52191147,421.0481984196057,-542.9067103454815,4675.798088573346,4726.004342638367,20254804.010138698,0.8265991716395054,1.633627966358411,3.942476676500724e-08,1.3772897516045208e-06,6.119687975387218,-0.16317043775013895,0.006550725609520428,137324.52191147069,-0.07397100900736688,-0.07362409899216879,667.2618962526321,-16543115806.518816,-1040801080.2326254,-204841768.58000427,-16543925183.09604,-1902468748.9123185,16575824186.94487,16654212919.097149,-0.9866960431934794,-0.006463667495537308,0.16244734331111327,-0.006550678758824829,0.999978544073721,0.0,0.16244385785289098,0.0010641403612556344,0.9867172141252839,4681.509428519835,-545.6532132689567,-0.11603143339136929,1.1146847610661626e-09,177.48630477867675,0.0,-83.84315238933837,2.1,0.0,3.004747337972686e-17,2.290712479723086,1.5707963267948966,18.24978390166569,461.0,0.005891907435985326,0.1240043342601682,0.0,0.01251418238404095,-1560.2058680854464,-16.161334862347033,256.8769366477354,-0.028078555234971103,0.041707772282318416,-0.3112961200325233,-0.028237148133495982,0.04160056487746357,-0.3112961200325233,-4.118752979067483e-18,8.150127325378876e-21,3.725987868541014e-19,-4.118754156743266e-18,-7.531498041623327e-21,3.725987868541014e-19,-1560.2341052335798,-16.11973429746957,256.5656405277029,-1057230.669291148,115.00011551947003,121535.92286853679,-0.036472050383250895,4716.128988165997
53.920237984910585,2001.0,12.0,14.0,14.0,22.0,21.0,1.0,3486489.1455097403,36053.06646555449,-573046.7988832834,419.853938180553,-294.1824712056644,4675.912838336936,3533452.8465891816,4703.93255983699,3486601.475116714,22727.49596332039,-573046.7988832834,3533452.846589181,420.3374893781654,-542.9235386971462,4675.912838336936,4726.056542781979,20254791.270002764,0.8265990626477544,1.6336279642817173,3.942476676500724e-08,1.3891686943649995e-06,6.119961916778145,-0.16289703973094857,0.006518431839101375,137252.84658918064,-0.07384712207587427,-0.07350079783736824,672.9357214272022,-16543115311.484274,-1040801014.5968289,-204848805.7306434,-16543917652.401537,-1902511229.490131,16575823688.765865,16654210377.58886,-0.9867406263769185,-0.006432092615940551,0.1621775707114478,-0.0065183856778883355,0.9999787550984043,0.0,0.162174125264917,0.001057135954200224,0.9867615900297971,4681.605107860913,-545.6519262106348,-0.11602881201562351,1.1236441763524187e-09,177.35355823647583,0.0,-83.75355823647581,2.1,0.0,3.004525662732534e-17,2.2906762774090295,1.5707963267948966,18.256814121978568,461.0,0.005939454313156955,0.12522504831356512,0.0,0.01261498059655731,-1560.3396213188046,-16.135150785911954,256.46075115967903,-0.02825609892466605,0.042037816772823644,-0.31380360610530816,-0.028416560428063526,0.04192951536691333,-0.31380360610530816,-4.15168010575325e-18,8.288956822353464e-21,3.7494385383316192e-19,-4.151681462938075e-18,-7.578760379233249e-21,3.7494385383316192e-19,-1560.3680378792326,-16.09322127054504,256.14694755357374,-1057231.3342825696,115.15365372443594,121509.5465422218,-0.03637991574357618,4716.148387473851
54.06660390061782,2001.0,12.0,14.0,14.0,22.0,22.0,1.0,3486550.561558949,36010.00780508568,-572362.3986711517,419.3585116314095,-294.18757776220446,4675.994116958754,3533402.0793537972,4703.969480557902,3486662.961303373,22648.029590625294,-572362.3986711517,3533402.079353797,419.8333454116481,-542.9354490215368,4675.994116958754,4726.093515955501,20254782.171327773,0.8265989848084314,1.6336279627989359,3.942476676500724e-08,1.3976145353872856e-06,6.120156230657942,-0.162703111205249,0.006495526329971,137202.07935379725,-0.07375924560490398,-0.07341333685959953,676.9809881448746,-16543114957.949402,-1040800967.727457,-204853782.79909396,-16543912315.494503,-1902541318.5120223,16575823332.985668,16654208574.523834,-0.9867722050871233,-0.006409694985736596,0.16198620644266665,-0.006495480653675275,0.9999789041430213,0.0,0.161982789204823,0.0010521782701105903,0.9867930223315899,4681.6728784879,-545.6510147058447,-0.11602695536070795,1.1298800718003068e-09,177.28239856399387,0.0,-83.68239856399386,2.1,0.0,3.0044057090693874e-17,2.290656687489188,1.5707963267948966,18.260620677123146,461.0,0.005972552984762706,0.12609684670638513,0.0,0.012685136942090844,-1560.4343655134714,-16.116575018587746,256.16549671226863,-0.02837863979937412,0.042267002682446354,-0.3155497395715943,-0.028540413732790943,0.042157935155575,-0.3155497395715943,-4.174643843171378e-18,8.387356869988543e-21,3.765657436849124e-19,-4.1746453299747016e-18,-7.611439046992674e-21,3.765657436849124e-19,-1560.4629059272042,-16.07441708343217,255.84994697269704,-1057231.809202727,115.30719192940185,121483.23682279143,-0.036287782245817204,4716.1677368814435
54.09730483104194,2001.0,12.0,14.0,14.0,22.0,22.0,1.0,3486563.434660191,36000.97595629791,-572218.8410395737,419.2545897912675,-294.1886481290436,4676.011153565561,3533391.438295501,4703.977219334567,3486675.848954385,22631.360928870592,-572218.8410395737,3533391.438295501,419.7275950258323,-542.9379445236696,4676.011153565561,4726.101265726252,20254780.256695922,0.8265989684286966,1.633627962486956,3.942476676500724e-08,1.3993610580669203e-06,6.1201969895996156,-0.16266243308694095,0.0064907218487249875,137191.43829550082,-0.07374081276916418,-0.07339499117554253,677.8314943313599,-16543114883.555784,-1040800957.8654796,-204854825.24797583,-16543911196.556385,-1902547625.3464508,16575823258.119612,16654208196.299292,-0.9867788242098501,-0.006404996820784709,0.1619460654253497,-0.0064906762737089625,0.999978935338895,0.0,0.16194265408636424,0.0010511394844768367,0.9867996108092303,4681.6870836987755,-545.6508236623222,-0.11602656620223811,1.1310624116110197e-09,177.25875176777961,0.0,-83.6587517677796,2.1,0.0,3.004366395613389e-17,2.290650267114591,1.5707963267948966,18.2618685900261,461.0,0.0059788310287533526,0.12628030328524886,0.0,0.012698435653598008,-1560.4542251457362,-16.112678312950404,256.10356012215374,-0.028401100111492196,0.042309726676526785,-0.31588051215675567,-0.028563129448553482,0.04220051060224961,-0.31588051215675567,-4.178974567159888e-18,8.407099788833597e-21,3.768614161307312e-19,-4.178976081255715e-18,-7.617387259835616e-21,3.768614161307312e-19,-1560.4827882751847,-16.070477802348154,255.78767960999699,-1057231.9091401063,115.46073013436776,121456.9937102457,-0.03619564988699835,4716.187036393607
54.16724125921224,2001.0,12.0,14.0,14.0,22.0,22.0,1.0,3486592.747550434,35980.40136780333,-571891.8161647351,419.0178518829364,-294.19108543492047,4676.049947310508,3533367.207912315,4703.994841056756,3486705.1947792666,22593.389589623028,-571891.8161647351,3533367.207912315,419.48669167302876,-542.9436257020292,4676.049947310508,4726.118912482403,20254775.887630522,0.8265989310511742,1.6336279617751153,3.942476676500724e-08,1.4034014556374633e-06,6.1202898389923615,-0.16256976780144125,0.0064797773580461925,137167.20791231515,-0.07369882250691302,-0.07335319944409155,679.7712762653828,-16543114713.795187,-1040800935.3624066,-204857197.9776771,-16543908648.29269,-1902561986.4601855,16575823087.281021,16654207334.692944,-0.9867938964768344,-0.006394294241206902,0.16185462266251024,-0.00647973201318364,0.9999790063161513,0.0,0.1618512247377326,0.001048774579948026,0.9868146133508443,4681.719430099934,-545.6503886603417,-0.11602568007004851,1.1337546764094287e-09,177.20490647181143,0.0,-83.60490647181143,2.1,0.0,3.0042768679442565e-17,2.2906356461366575,1.5707963267948966,18.264711093577645,461.0,0.0059931267643554414,0.12669894182084698,0.0,0.012728717881089181,-1560.4994478445947,-16.103801198786787,255.9624619132557,-0.028452180413698486,0.042407000165235235,-0.3166337071921429,-0.028614792053593033,0.04229744565618044,-0.3166337071921429,-4.1888356007404165e-18,8.452150633322374e-21,3.7753383128080183e-19,-4.1888371773114314e-18,-7.630914378532237e-21,3.7753383128080183e-19,-1560.5280626366482,-16.061503753130605,255.64582820606356,-1057232.1371907853,115.61426833933368,121430.8172045846,-0.03610351866414454,4716.206286015166
54.29932105299723,2001.0,12.0,14.0,14.0,22.0,22.0,1.0,3486648.061814764,35941.54436611448,-571274.1996166063,418.57073720191886,-294.19568474247046,4676.1231532869215,3533321.484483922,4704.028093843496,3486760.570448335,22521.676999637086,-571274.1996166063,3533321.4844839224,419.0317101296446,-542.9543415359948,4676.1231532869215,4726.1522125078645,20254767.608022574,0.8265988602186841,1.633627960426441,3.942476676500724e-08,1.4112115580496555e-06,6.1204651949580455,-0.16239475950653176,0.006459108201348068,137121.48448392283,-0.07361951932821029,-0.07327427120485033,683.4433627724648,-16543114392.092945,-1040800892.723102,-204861671.62048444,-16543903838.259663,-1902589086.4495907,16575822763.536245,16654205707.446964,-0.9868223386295153,-0.006374080903347692,0.16168191944188365,-0.0064590632890246125,0.999979140033145,0.0,0.16167854676240304,0.0010443137503661055,0.9868429241402039,4681.780469485815,-545.6495678622622,-0.11602400793972316,1.1388144395096455e-09,177.10371120980707,0.0,-83.50185560490354,2.1018556049035464,0.0,3.0041085643592927e-17,2.290608160075357,1.5707963267948966,18.270057212719234,461.0,0.006019995092773677,0.12749229368086648,0.0,0.01278563943522827,-1560.5847882439707,-16.08703442657183,255.69596071417016,-0.02854784473764103,0.04258966071827956,-0.31804951587449565,-0.028711554695682533,0.042479468761031536,-0.31804951587449565,-4.20737018868569e-18,8.537363352394839e-21,3.787930755930654e-19,-4.20737188431965e-18,-7.656255650569132e-21,3.787930755930654e-19,-1560.6134997986665,-16.0445549578108,255.37791119829566,-1057232.56935904,115.76780654429959,121404.70730580813,-0.03601138857428123,4716.2254857509415
54.34253077913664,2001.0,12.0,14.0,14.0,22.0,22.0,1.0,3486666.144981377,35928.83221865833,-571072.145098669,418.4244589252533,-294.1971883451462,4676.1470858565335,3533306.536723284,4704.03896476439,3486778.6734778574,22498.21601556935,-571072.145098669,3533306.5367232836,418.88285818226524,-542.9578433837326,4676.1470858565335,4726.16309887158,20254764.891127672,0.8265988369754665,1.6336279599839594,3.942476676500724e-08,1.4136482746162903e-06,6.120522563403797,-0.1623375047925436,0.006452346392039595,137106.53672328312,-0.07359357493034656,-0.07324844946801358,684.6472477316856,-16543114286.529493,-1040800878.7326392,-204863133.06111988,-16543902265.377401,-1902597945.936533,16575822657.302633,16654205175.076025,-0.9868316369491748,-0.006367467917582304,0.16162541776753672,-0.006452301620619647,0.9999791836852387,0.0,0.16162205332196705,0.0010428559449948047,0.9868521795747676,4681.800424515655,-545.6492995470618,-0.11602346129959984,1.1406829095896113e-09,177.06634180820777,0.0,-83.48317090410389,2.083170904103889,0.0,3.004046574402031e-17,2.290598036347062,1.5707963267948966,18.272027123838583,461.0,0.006029911913527446,0.12775263006187576,0.0,0.012806562500066822,-1560.6126885582541,-16.08154870985455,255.60876741983665,-0.02858409967033632,0.04265822677151115,-0.31856963376841196,-0.02874820357647678,0.042547806716431796,-0.31856963376841196,-4.214180733647027e-18,8.56698076483254e-21,3.7927034318476673e-19,-4.2141824693703156e-18,-7.665758483396647e-21,3.7927034318476673e-19,-1560.6414367618306,-16.03900090313812,255.29019778606823,-1057232.7111720815,115.92134474926551,121378.6640139163,-0.035919259614434394,4716.244635605747
54.43255218898361,2001.0,12.0,14.0,14.0,22.0,22.0,1.0,3486703.798423805,35902.34803204289,-570651.1895019051,418.1197002240684,-294.2003192185498,4676.196919604985,3533275.411939627,4704.061600624179,3486816.3679446885,22449.337856843176,-570651.1895019051,3533275.411939627,418.57273753978757,-542.9651329369826,4676.196919604985,4726.185766886441,20254759.21662958,0.8265987884296988,1.6336279590598553,3.942476676500724e-08,1.4189786740682616e-06,6.120642084069133,-0.16221822105714181,0.006438259232262345,137075.41193962703,-0.07353952266895815,-0.07319465275381701,687.1601194441319,-16543114066.051441,-1040800849.5133115,-204866174.43520755,-16543898989.581343,-1902616393.5506291,16575822435.424952,16654204065.877956,-0.9868509984141219,-0.006353690340974407,0.16150770120369431,-0.006438214753445392,0.9999792744806206,0.0,0.1615043538727031,0.0010398212646846748,0.9868714518375219,4681.841975962601,-545.6487408768163,-0.11602232307694738,1.1445735075466208e-09,176.9885298490676,0.0,-83.4442649245338,2.044264924533792,0.0,3.003917478478525e-17,2.290576953382799,1.5707963267948966,18.276130933805078,461.0,0.006050561505153159,0.12829637969397217,0.0,0.012850128711758366,-1560.6707853660234,-16.07011921258764,255.42710008593124,-0.028659468646958442,0.04280098360580604,-0.31965262417114587,-0.02882439428453319,0.042690088251024286,-0.31965262417114587,-4.228360905258786e-18,8.628830295681492e-21,3.802624787814393e-19,-4.2283627250688406e-18,-7.685511146439136e-21,3.802624787814393e-19,-1560.699609760308,-16.027429124336617,255.1074474617601,-1057233.00736247,116.07488295423143,121352.68732890912,-0.03582713178163062,4716.263735584388
54.53230403253566,2001.0,12.0,14.0,14.0,22.0,22.0,1.0,3486745.4897910184,35873.00083491331,-570184.7274860961,417.7819868266405,-294.2037858693485,4676.2520982108335,3533240.94935872,4704.08666397186,3486858.104206868,22395.17568138132,-570184.7274860961,3533240.94935872,418.22908253470945,-542.9732008608642,4676.2520982108335,4726.2108658366205,20254752.906269968,0.8265987344439966,1.6336279580323025,4.2146848510894035e-08,1.4248346650857091e-06,6.1207745261897335,-0.1620860414541915,0.006422649581483461,137040.94935871987,-0.07347962671356292,-0.07313503996796525,689.9520901143551,-16543113820.869759,-1040800817.0216373,-204869539.29524553,-16543895361.412628,-1902636819.5672755,16575822188.686913,16654202836.661814,-0.9868724364353724,-0.006338422995308606,0.16137725551652063,-0.00642260542540089,0.9999793748570766,0.0,0.16137392708756101,0.0010364624368167112,0.9868927912402419,4681.88798389029,-545.6481223355406,-0.11602106281073818,1.1488813301600152e-09,176.9023733967997,0.0,-83.40118669839985,2.0011866983998488,0.0,3.003774509821321e-17,2.290553604829191,1.5707963267948966,18.280677969151288,461.0,0.00607342620201553,0.12890107451144409,0.0,0.012898366026756085,-1560.7351151639648,-16.057453075736575,255.22577685217954,-0.028742727023737837,0.04295902757256641,-0.32085172454098093,-0.02890856478332532,0.042847605404618745,-0.32085172454098093,-4.2440601728240615e-18,8.697595004521312e-21,3.813584091482277e-19,-4.2440620867054374e-18,-7.707327666191677e-21,3.813584091482277e-19,-1560.764023728748,-16.014605470331958,254.90492512763856,-1057233.33674296,116.22842115919734,121326.77725078654,-0.035735005072896994,4716.282785691665
54.57409884239489,2001.0,12.0,14.0,14.0,22.0,22.0,1.0,3486762.9479526747,35860.70461329162,-569989.2839360104,417.6404848758736,-294.20523752872447,4676.275204346416,3533226.5182341305,4704.097159198755,3486875.58100278,22372.48214911449,-569989.2839360104,3533226.5182341295,418.0850910935551,-542.9765782352646,4676.275204346416,4726.221375971707,20254750.255090963,0.8265987117628906,1.6336279576006283,4.2146848510894035e-08,1.4272481233417626e-06,6.120830018590352,-0.16203065903814934,0.006416109387880687,137026.51823412953,-0.07345453066990228,-0.07311006256896849,691.1243052184582,-16543113717.861994,-1040800803.3714578,-204870947.48875672,-16543893841.78104,-1902645372.9422908,16575822085.02531,16654202321.589115,-0.9868814136336451,-0.006332025992009147,0.16132259876190594,-0.006416065366553231,0.9999794168407729,0.0,0.1613192782331687,0.0010350563387586278,0.9869017271890373,4681.907249766908,-545.6478633351358,-0.1160205350830117,1.1508537428071895e-09,176.88314779266193,0.0,-83.38314779266192,2.0,0.0,3.003742005741104e-17,2.290548296510051,1.5707963267948966,18.28171206936653,461.0,0.006083892689442018,0.12915512985427413,0.0,0.01292054781973119,-1560.7620539689603,-16.05214573645712,255.14141879321684,-0.028782089629693475,0.043031736498922474,-0.3214037990922992,-0.028948335293519274,0.04292007587712761,-0.3214037990922992,-4.251324802613054e-18,8.727771077025942e-21,3.818796884342681e-19,-4.251326756019663e-18,-7.717826910599993e-21,3.818796884342681e-19,-1560.7910023042539,-16.009225660579993,254.82001499412453,-1057233.4751260467,116.38195936416325,121300.93377954862,-0.03564287948526115,4716.301785932371
54.62823184090427,2001.0,12.0,14.0,14.0,22.0,22.0,1.0,3486785.5511237397,35844.77835073243,-569736.1423275684,417.4572066925447,-294.2071170054351,4676.305120169741,3533207.8341833493,4704.110747425269,3486898.2081544385,22343.089080472026,-569736.1423275684,3533207.834183349,417.8985884753568,-542.9809500164744,4676.305120169741,4726.23498349968,20254746.814456027,0.8265986823278831,1.6336279570404424,4.2146848510894035e-08,1.4304338622895196e-06,6.120901893494714,-0.16195892657994676,0.006407638525587671,137007.83418334927,-0.07342202573607028,-0.0730777113047876,692.6448873877525,-16543113584.18167,-1040800785.6571329,-204872769.9523244,-16543891873.98538,-1902656447.0633476,16575821950.496483,16654201654.403587,-0.9868930365259382,-0.006323740388070411,0.16125180546002463,-0.006407594678387229,0.999979471154502,0.0,0.16124849514662407,0.0010332362105459866,0.9869132967165264,4681.932193535447,-545.6475280160633,-0.11601985183627667,1.1534227997894747e-09,176.8597927291866,0.0,-83.3597927291866,2.0,0.0,3.0037024161002383e-17,2.2905418310310424,1.5707963267948966,18.28297175655015,461.0,0.006097525207524611,0.1294848387640534,0.0,0.01294944768778949,-1560.7969325260906,-16.04527128973277,255.03215218025875,-0.028833412063078313,0.04312646359115587,-0.3221231348993255,-0.02900018882871557,0.04301449245286294,-0.3221231348993255,-4.260793263989495e-18,8.76704339708117e-21,3.8255960570040347e-19,-4.260795268836121e-18,-7.731531019366802e-21,3.8255960570040347e-19,-1560.8259327149192,-16.00225679727991,254.71002904535942,-1057233.6547162663,116.53549756912916,121275.15691519532,-0.03555075501575128,4716.320736311292
54.78111065955516,2001.0,12.0,14.0,14.0,22.0,22.0,1.0,3486849.3319216855,35799.79990880391,-569021.2278716438,416.9395824839559,-294.21242047960834,4676.38953670573,3533155.1122141196,4704.149090198694,3486962.0557342265,22260.07785148237,-569021.2278716438,3533155.1122141196,417.3718578772566,-542.9932805223174,4676.38953670573,4726.273380735729,20254737.05612616,0.8265985988441542,1.633627955451846,4.2146848510894035e-08,1.4394861073177295e-06,6.1211048818949205,-0.16175634042633125,0.006383716001273708,136955.11221411964,-0.07333022550293715,-0.07298634505561469,696.9532942473888,-16543113205.041246,-1040800735.4193703,-204877908.05793387,-16543886319.373825,-1902687695.749337,16575821568.949759,16654199769.821741,-0.9869258339889454,-0.006300339822197237,0.1610518671836787,-0.006383672643343861,0.9999796241542037,0.0,0.16104858561566776,0.0010281023986998985,0.9869459438473065,4682.002579794438,-545.6465818861977,-0.11601792390644244,1.160672070558549e-09,176.79389026764957,0.0,-83.29389026764954,2.0,0.0,3.003590692255477e-17,2.290523585142539,1.5707963267948966,18.28652762277674,461.0,0.006135994183616211,0.13041996207580267,0.0,0.013030997655654951,-1560.8953561140781,-16.02585489309587,254.72353622623575,-0.02897788919629103,0.043393728595306956,-0.32415297491483586,-0.02914616878502083,0.043280880176248246,-0.32415297491483586,-4.287510478166096e-18,8.878381844857144e-21,3.844736260375783e-19,-4.287512629890049e-18,-7.770108208042783e-21,3.844736260375783e-19,-1560.9245022828632,-15.982574012919624,254.39938325132093,-1057234.1640704367,116.68903577409509,121249.44665772666,-0.035458631661396116,4716.339636833207
54.792506620098514,2001.0,12.0,14.0,14.0,22.0,22.0,1.0,3486854.083128845,35796.447073419185,-568967.9358851913,416.9009962023872,-294.21281555227245,4676.395825195765,3533151.1848095083,4704.151946459438,3486966.811863711,22253.88991625183,-568967.9358851913,3533151.1848095083,417.33259277403033,-542.9941987227083,4676.395825195765,4726.276241053456,20254736.326370977,0.8265985926009984,1.63362795533306,4.2146848510894035e-08,1.4401029859007136e-06,6.121120013386731,-0.16174123891663966,0.0063819327769341645,136951.18480950827,-0.07332338237358962,-0.07297953427651267,697.2752316594124,-16543113176.688288,-1040800731.6626894,-204878290.5461666,-16543885905.4839,-1902690023.55867,16575821540.416864,16654199629.323399,-0.9869282771865628,-0.006298595432861913,0.16103696279157878,-0.006381889455328873,0.9999796355361343,0.0,0.161033683360169,0.0010277200947577645,0.9869483758611003,4682.007823111877,-545.6465114101588,-0.11601778029146495,1.1609794656101922e-09,176.78041068779618,0.0,-83.28041068779615,2.0,0.0,3.00356844527864e-17,2.2905199519355035,1.5707963267948966,18.28723585449608,461.0,0.006137629688004943,0.1304898938215693,0.0,0.013034454672668366,-1560.9026882272656,-16.024407426807823,254.70052932108794,-0.028982784676793202,0.04340429155359851,-0.324238819050859,-0.02915114021424835,0.04329140049825571,-0.324238819050859,-4.288619578443251e-18,8.884888690501767e-21,3.845368684318056e-19,-4.288621740795828e-18,-7.771372284026281e-21,3.845368684318056e-19,-1560.9318393674798,-15.981116026309568,254.37629050203708,-1057234.2021613847,116.842573979061,121223.80300714263,-0.03536650941922499,4716.358487502882
54.816506962202574,2001.0,12.0,14.0,14.0,22.0,22.0,1.0,3486864.0879201866,35789.38585521098,-568855.7006266608,416.81973137886513,-294.2136474725883,4676.409067133722,3533142.9147294364,4704.157960995396,3486976.826996362,22240.857846520375,-568855.7006266608,3533142.914729436,417.2498983211953,-542.9961320600665,4676.409067133722,4726.282264132319,20254734.788590305,0.8265985794450696,1.6336279550827564,4.2146848510894035e-08,1.4415670145691209e-06,6.121151881014224,-0.16170943443173993,0.006378177244825403,136942.91472943593,-0.07330897042095892,-0.0729651904547814,697.9535113573074,-16543113116.941456,-1040800723.7465615,-204879095.84629595,-16543885033.896868,-1902694925.3171449,16575821480.290873,16654199333.427565,-0.9869334219285014,-0.0062949216556736865,0.16100557332542073,-0.006378133999654513,0.9999796594964732,0.0,0.16100229839098867,0.0010269151213607337,0.9869534970595892,4682.018864183064,-545.6463630081621,-0.11601747787697103,1.1618983633960088e-09,176.76203273207983,0.0,-83.26203273207982,2.0,0.0,3.003537854667602e-17,2.2905149561095954,1.5707963267948966,18.288209798240196,461.0,0.006142510036559854,0.13063725862291647,0.0,0.013044790904796974,-1560.9181278492456,-16.02135895101998,254.65207500191588,-0.028999912783472075,0.04343744304882677,-0.32449590511892507,-0.029168470649545898,0.043324435599735575,-0.32449590511892507,-4.291983763213338e-18,8.900723334490642e-21,3.847622650844932e-19,-4.2919859484697605e-18,-7.775905152364073e-21,3.847622650844932e-19,-1560.947296319895,-15.978034515420244,254.32757909679694,-1057234.2824287526,116.99611218402691,121198.22596344324,-0.035274388286267715,4716.377288325084
54.85638443144585,2001.0,12.0,14.0,14.0,22.0,22.0,1.0,3486880.7069439613,35777.65333197733,-568669.2168293053,416.6847050452891,-294.2150293847285,4676.431063503484,3533129.177245748,4704.167951788591,3486993.4631267437,22219.204470935216,-568669.2168293053,3533129.177245748,417.1124965924348,-542.9993430867081,4676.431063503484,4726.292269116088,20254732.230844505,0.8265985575631846,1.6336279546664636,4.2146848510894035e-08,1.4437987224805803e-06,6.121204830601175,-0.16165658975591726,0.006371937313171008,136929.17724574823,-0.07328502426332094,-0.07294135749922268,699.0812931358814,-16543113017.566586,-1040800710.580408,-204880433.17772862,-16543883585.96643,-1902703067.6746366,16575821380.285389,16654198841.783026,-0.9869419679257326,-0.006288817463576637,0.160953417863032,-0.0063718941947993385,0.9999796992761254,0.0,0.16095015039213928,0.0010255781489145657,0.9869620039688499,4682.037204653428,-545.6461165025956,-0.11601697553680168,1.163424750472419e-09,176.73150499055163,0.0,-83.23150499055161,2.0,0.0,3.0034870373980296e-17,2.290506657019669,1.5707963267948966,18.28982795562394,461.0,0.006150616894063457,0.1308823672447227,0.0,0.013061960556818814,-1560.9437750713528,-16.016293630004125,254.57156372360836,-0.029028341517937196,0.043492506976940265,-0.3249229539906124,-0.029197235737514007,0.043379306122957165,-0.3249229539906124,-4.297571922126748e-18,8.92706064806387e-21,3.8513636591069533e-19,-4.2975741455506384e-18,-7.7834284674301e-21,3.8513636591069533e-19,-1560.9729723070902,-15.972914323881167,254.24664076961776,-1057234.4159351606,117.14965038899282,121172.71552662848,-0.035182268259554735,4716.396039304559
54.996647544093726,2001.0,12.0,14.0,14.0,22.0,22.0,1.0,3486939.1191289797,35736.385475432886,-568013.2806286403,416.20975220614673,-294.2198865378382,4676.508376862472,3533080.8930350496,4704.203067293196,3487051.9347291733,22143.04090145085,-568013.2806286403,3533080.8930350496,416.62918852826135,-543.0106246424925,4676.508376862472,4726.327434496388,20254723.207668547,0.8265984803684858,1.6336279531981557,4.2146848510894035e-08,1.452385536552939e-06,6.121391076207334,-0.16147071313224462,0.0063499895313230015,136880.89303504955,-0.0732007956277023,-0.07285752703547317,703.0561044812202,-16543112666.996368,-1040800664.1379511,-204885130.05454618,-16543878495.497053,-1902731686.4004202,16575821027.4908,16654197112.461456,-0.9869720055386743,-0.006267346141183069,0.1607699619186176,-0.006349946856974266,0.9999798388842215,0.0,0.16076672061680164,0.0010208807143809982,0.9869919043967312,4682.101668085284,-545.6452501486389,-0.1160152099472667,1.1687896627722724e-09,176.62420674455456,0.0,-83.12420674455454,2.0,0.0,3.0033083961586205e-17,2.2904774826912773,1.5707963267948966,18.295518722187428,461.0,0.006179111482520071,0.1317470708237823,0.0,0.013122308769457355,-1561.0339229969334,-15.998475484246661,254.28835132503684,-0.029128035424431528,0.04368600252139739,-0.3264239513364537,-0.029298114470202453,0.043572121275850126,-0.3264239513364537,-4.317211969926237e-18,9.019970354429279e-21,3.864482037116691e-19,-4.317214328710149e-18,-7.809809174909927e-21,3.864482037116691e-19,-1561.0632211114037,-15.95490336297081,253.96192737370038,-1057234.886917267,117.30318859395874,121147.27169669836,-0.035090149336116976,4716.4147404460555
55.040371343140734,2001.0,12.0,14.0,14.0,22.0,23.0,1.0,3486957.3141633845,35723.521031213895,-567808.8053904574,416.0616909734931,-294.2213995231075,4676.5324598112875,3533065.8528014063,4704.214005580706,3487070.1480459864,22119.298337272536,-567808.8053904574,3533065.8528014063,416.47852270727475,-543.0141373462973,4676.5324598112875,4726.338388319545,20254720.386324815,0.8265984562314052,1.6336279527391553,4.2146848510894035e-08,1.4549059140544783e-06,6.121449135025344,-0.16141276932836704,0.006343147896907814,136865.8528014063,-0.07317453879121152,-0.07283139432000074,704.2976988255978,-16543112557.381845,-1040800649.6182611,-204886591.97422594,-16543876909.425207,-1902740601.0020452,16575820917.180882,16654196573.371078,-0.9869813621733233,-0.0062606527188656565,0.16071277158342112,-0.006343105360345502,0.9999798823048329,0.0,0.16070953841287294,0.0010194180429067808,0.9870012183629638,4682.121748281686,-545.644980303264,-0.11601465998493486,1.1705183998242124e-09,176.58963200351576,0.0,-83.09481600175788,2.0,0.0,3.0032508685163975e-17,2.2904680877143315,1.5707963267948966,18.29735209382628,461.0,0.00618829207849087,0.1320174393230804,0.0,0.0131417567442314,-1561.0620046716674,-15.992920569576047,254.2000581460286,-0.029160453399066307,0.04374869548288805,-0.32690758761988736,-0.029330911827868913,0.04363459648305879,-0.32690758761988736,-4.3235403474894615e-18,9.049457370110606e-21,3.8687477307432745e-19,-4.32354274892662e-18,-7.818391908388368e-21,3.8687477307432745e-19,-1561.0913355834953,-15.949285973092987,253.8731505584087,-1057235.034182841,117.45672679892465,121121.89447365286,-0.03499803151298598,4716.4333917543045
55.08167597159641,2001.0,12.0,14.0,14.0,22.0,23.0,1.0,3486974.496548281,35711.36829611317,-567615.642485022,415.9218192901023,-294.22282830748185,4676.555202551381,3533051.6496362463,4704.224335102359,3487087.3475971483,22096.869271581956,-567615.642485022,3533051.6496362467,416.33619052636345,-543.0174539237595,4676.555202551381,4726.348732512047,20254717.71707049,0.8265984333954577,1.6336279523049124,4.2146848510894035e-08,1.4574219329738473e-06,6.12150398198856,-0.1613580310110932,0.006336684835244913,136851.64963624626,-0.0731497344886934,-0.072806707271103,705.471904873848,-16543112453.676735,-1040800635.8815511,-204887972.0374012,-16543875411.431927,-1902749019.4770486,16575820812.817873,16654196064.091125,-0.9869901981071149,-0.006254329532334175,0.16065874455683718,-0.00633664242857207,0.9999799232798289,0.0,0.16065551905617967,0.0010180370172799766,0.9870100140309727,4682.140711008618,-545.6447254837284,-0.11601414063431813,1.1722937954692173e-09,176.55412409061566,0.0,-83.07706204530783,2.0,0.0,3.003191893120568e-17,2.290458456301279,1.5707963267948966,18.299231999346382,461.0,0.006197717027683926,0.13227324080080294,0.0,0.013161733884597779,-1561.0885239556108,-15.987672773918895,254.11664650206012,-0.029194595654160296,0.043813931293896824,-0.3274041943952019,-0.029365436275434288,0.04369961262059007,-0.3274041943952019,-4.33003963815885e-18,9.078440221531862e-21,3.8732404999547724e-19,-4.330042080308462e-18,-7.827442855402783e-21,3.8732404999547724e-19,-1561.1178893918861,-15.943973161298304,253.78924230766492,-1057235.1735098455,117.61026500389058,121096.583857492,-0.03490591478719379,4716.451993234033
55.194262284573554,2001.0,12.0,14.0,14.0,22.0,23.0,1.0,3487021.3021899527,35678.24261351494,-567089.122888749,415.5405512195818,-294.226720407087,4676.617155522262,3533012.9595320243,4704.252473245299,3487134.1995138032,22035.73243000049,-567089.122888749,3533012.959532024,415.9482156574855,-543.0264853504701,4676.617155522262,4726.376910618308,20254710.420869812,0.8265983709750725,1.633627951118047,4.2146848510894035e-08,1.4640343477329042e-06,6.121653483615171,-0.16120882550620122,0.006319068285960984,136812.95953202434,-0.07308212295976574,-0.0727394153470626,708.6791612505913,-16543112170.208931,-1040800598.3351655,-204891728.96611968,-16543871329.838985,-1902771951.8923702,16575820527.551878,16654194675.809917,-0.9870142678377558,-0.006237093574918361,0.1605114754415915,-0.006319026231988317,0.9999800347544342,0.0,0.16050827079056817,0.0010142762238505652,0.9870339742134328,4682.19236687045,-545.6440313792298,-0.11601272591507301,1.1771300584969575e-09,176.45739883006087,0.0,-83.02869941503043,2.0,0.0,3.0030312153233075e-17,2.2904322156256214,1.5707963267948966,18.304355809802125,461.0,0.006223391639059823,0.13297246478170935,0.0,0.013216153257202972,-1561.1607662357258,-15.973367453040273,253.88926906094306,-0.029287428101817146,0.04399161928942261,-0.3287569862843204,-0.029459311918271572,0.043876701720008425,-0.3287569862843204,-4.347743077650258e-18,9.157649327024943e-21,3.8854557604492773e-19,-4.347745631599921e-18,-7.852050734523746e-21,3.8854557604492773e-19,-1561.190225547644,-15.929490751320264,253.56051207465873,-1057235.5543496516,117.76380320885649,121071.33984821578,-0.03481379915577309,4716.470544889953
55.271099261114635,2001.0,12.0,14.0,14.0,22.0,23.0,1.0,3487053.2210722514,35655.635019975685,-566729.7841436504,415.2803364014499,-294.2293746243003,4676.659404600484,3532986.575000611,4704.271661939993,3487166.149543954,21994.007680186005,-566729.7841436504,3532986.5750006116,415.68342356856243,-543.0326416912028,4676.659404600484,4726.396126565141,20254705.424070433,0.8265983282264316,1.6336279503053306,4.2146848510894035e-08,1.4687284762157596e-06,6.121755516116042,-0.16110699508404394,0.006307045636573376,136786.5750006116,-0.07303597910514875,-0.07269348961391053,710.8736206889153,-16543111976.07785,-1040800572.6234434,-204894288.9462145,-16543868545.580294,-1902787590.6134863,16575820332.18942,16654193728.249846,-0.9870306822616077,-0.006225330103379235,0.16041096452328082,-0.006307003822179458,0.9999801106536005,0.0,0.16040777405404114,0.0010117125663678256,0.9870503140472175,4682.22759374103,-545.6435580681496,-0.11601176116815265,1.1804709374159033e-09,176.39571875076453,0.0,-82.99571875076451,1.9957187507645164,0.0,3.002928582522125e-17,2.290415454417205,1.5707963267948966,18.307630193865915,461.0,0.0062411273927496964,0.13345132370484136,0.0,0.013253721864557231,-1561.2100335905336,-15.963603540903529,253.734075520533,-0.029351594170945076,0.04411436080982501,-0.32969105407667987,-0.02952419733285843,0.043999030465292265,-0.32969105407667987,-4.359975525692426e-18,9.21225431725094e-21,3.89390683637845e-19,-4.359978156864065e-18,-7.869049166437421e-21,3.89390683637845e-19,-1561.2395577878665,-15.919604510438237,253.40438446645632,-1057235.8151677642,117.9173414138224,121046.16244582419,-0.034721684615757045,4716.48904672677
55.31563435031064,2001.0,12.0,14.0,14.0,22.0,23.0,1.0,3487071.712260567,35642.53145429166,-566521.508154886,415.12951084941983,-294.2309122669401,4676.683880458693,3532971.289962374,4704.282778304648,3487184.658624716,21969.823593649817,-566521.508154886,3532971.289962374,415.5299449817538,-543.0362072053108,4676.683880458693,4726.407258717201,20254702.521190736,0.8265983033916748,1.6336279498332094,4.2146848510894035e-08,1.471296317338734e-06,6.121814655346815,-0.16104797297211393,0.006300077304666091,136771.28996237367,-0.07300923356754538,-0.07266687050063428,712.1477729380131,-16543111863.298502,-1040800557.6867226,-204895771.23171866,-16543866932.287642,-1902796650.4332407,16575820218.694735,16654193178.992764,-0.9870401915046003,-0.006218511782439023,0.1603527064497938,-0.00630003562871467,0.9999801545786181,0.0,0.16034952418276457,0.0010102277637945255,0.9870597801218659,4682.248001453282,-545.6432838811361,-0.11601120227794108,1.1825726301736177e-09,176.37661245296712,0.0,-82.97661245296712,1.9766124529671127,0.0,3.0028961586764086e-17,2.290410159201354,1.5707963267948966,18.30866489224122,461.0,0.006252282127846068,0.1337295229395029,0.0,0.013277260792637151,-1561.2385758349108,-15.957943982395284,253.6441190646465,-0.029392611075461008,0.044191607786995345,-0.3302769464617644,-0.029565655693084638,0.04407602282501125,-0.3302769464617644,-4.367684874250892e-18,9.24541565982559e-21,3.899340658540526e-19,-4.3676875513225596e-18,-7.879878977660103e-21,3.899340658540526e-19,-1561.2681414906037,-15.913867959570272,253.31384211818474,-1057235.9666895326,118.07087961878831,121021.05165031724,-0.03462957116417943,4716.507498749176
55.42530495682388,2001.0,12.0,14.0,14.0,22.0,23.0,1.0,3487117.219398659,35610.262764118364,-566008.6100931822,414.75808116906586,-294.2346964510705,4676.744116588395,3532933.6732155588,4704.310135879103,3487230.2093204046,21910.26800230024,-566008.6100931822,3532933.6732155588,415.1519819459205,-543.0449789729205,4676.744116588395,4726.434655143927,20254695.35078343,0.8265982420472231,1.6336279486671057,4.2146848510894035e-08,1.4778466544411857e-06,6.121960291782236,-0.16090262492787813,0.006282917497098585,136733.67321555875,-0.07294336986937867,-0.07260131813093129,715.2927975952625,-16543111584.72418,-1040800520.7930373,-204899416.79391146,-16543862960.90716,-1902818946.8802536,16575819938.353546,16654191826.23056,-0.9870635941337793,-0.00620172073096358,0.16020923754790445,-0.006282876160764067,0.9999802625387906,0.0,0.16020607542429297,0.0010065747993239162,0.9870830766477151,4682.298225637613,-545.642609134175,-0.11600982685556263,1.187744932860672e-09,176.32959151944846,0.0,-82.92959151944844,1.9295915194484368,0.0,3.002816357052517e-17,2.2903971266071483,1.5707963267948966,18.31121200931618,461.0,0.006279734779999865,0.1344167206223483,0.0,0.013335189632427226,-1561.3088212068653,-15.944005859573643,253.422578082969,-0.02949336764391431,0.04438169416093151,-0.33171882125553526,-0.02966750090329752,0.04426548205686226,-0.33171882125553526,-4.386656902945228e-18,9.327303666964153e-21,3.9126886383389284e-19,-4.3866596939279894e-18,-7.906479514813828e-21,3.9126886383389284e-19,-1561.3384887077686,-15.89974037751678,253.09085926171346,-1057236.3409638628,118.22441782375422,120996.00746169491,-0.03453745879807456,4716.525900961855
55.511876110712414,2001.0,12.0,14.0,14.0,22.0,23.0,1.0,3487153.1127923313,35584.7903977928,-565603.736902917,414.46487232874716,-294.2376812148211,4676.791627971539,3532904.0033042855,4704.331713953198,3487266.1365912836,21863.25567252987,-565603.736902917,3532904.003304285,414.8536157610793,-543.0518945939416,4676.791627971539,4726.456263861625,20254689.668496624,0.8265981934338933,1.6336279477431235,4.2146848510894035e-08,1.4830960374796243e-06,6.122075255608261,-0.16078788873020464,0.0062693721586339944,136704.003304285,-0.07289137771621873,-0.07254957173263649,717.7827673256397,-16543111363.966196,-1040800491.5581275,-204902289.8250534,-16543859827.460922,-1902836533.0972495,16575819716.195505,16654190758.206789,-0.987082052988047,-0.006188465820775604,0.1600959823346217,-0.0062693310890741035,0.9999803475507384,0.0,0.16009283605645186,0.0010036947192863022,0.9871014519492475,4682.337840011353,-545.6420769648424,-0.11600874201834468,1.1916662995238886e-09,176.28667400952224,0.0,-82.88667400952224,1.9,0.0,3.002743924338066e-17,2.2903852974471812,1.5707963267948966,18.313524559867954,461.0,0.006300551512207026,0.13496130129368444,0.0,0.013379140479815149,-1561.364229103936,-15.93300237476085,253.24768201548142,-0.02956882867538417,0.044525307685466725,-0.33281264386815645,-0.029743798070185977,0.04440861549383976,-0.33281264386815645,-4.4010341896460684e-18,9.390868072593675e-21,3.9226742025533314e-19,-4.401037070842728e-18,-7.926405543515651e-21,3.9226742025533314e-19,-1561.3939729020062,-15.88859375926701,252.91486937161326,-1057236.6375628337,118.37795602872015,120971.02987995723,-0.0344453475144773,4716.544253369477
55.528765435928996,2001.0,12.0,14.0,14.0,22.0,23.0,1.0,3487160.1123412843,35579.82091698825,-565524.7489698966,414.4076684633431,-294.2382632740485,4676.800893203237,3532898.2173929135,4704.335921883379,3487273.1426973543,21854.083881086128,-565524.7489698966,3532898.2173929135,414.795405731459,-543.0532428923009,4676.800893203237,4726.4604777675195,20254688.557895757,0.8265981839324279,1.6336279475625433,4.2146848510894035e-08,1.4840688785402752e-06,6.122097684335318,-0.16076550440940832,0.006266729591372437,136698.21739291353,-0.07288123436433733,-0.07253947632554061,718.2691872119904,-16543111320.819351,-1040800485.8443878,-204902849.84875467,-16543859216.310797,-1902839962.5833683,16575819672.775034,16654190549.83436,-0.9870856526602036,-0.0061858798460413195,0.16007388669895592,-0.006266688573723578,0.999980364114376,0.0,0.1600707435064253,0.0010031331967278697,0.9871050353417765,4682.345565234781,-545.641973190466,-0.11600853046658197,1.1923091785651637e-09,176.27381642869673,0.0,-82.87381642869673,1.9,0.0,3.002722497155032e-17,2.2903817981226333,1.5707963267948966,18.314208778840023,461.0,0.006303966687796521,0.13506774214934086,0.0,0.013386372365149014,-1561.3750344126393,-15.930855572719718,253.21355944027087,-0.02958058358405251,0.04454846463589029,-0.33299251609173114,-0.029755697197536627,0.04443169038959462,-0.33299251609173114,-4.4033867382467806e-18,9.402287827936929e-21,3.9242205345665852e-19,-4.403389636676281e-18,-7.929514231945227e-21,3.9242205345665852e-19,-1561.4047901098368,-15.886423882330124,252.88056692417913,-1057236.695533013,118.53149423368606,120946.11890510417,-0.03435323731042313,4716.562555976701
55.55546563584945,2001.0,12.0,14.0,14.0,22.0,23.0,1.0,3487171.17590158,35571.96468425209,-565399.8772555466,414.3172345190736,-294.2391832847023,4676.815537970743,3532889.0721208462,4704.3425729855335,3487284.2165890774,21839.58422248395,-565399.8772555466,3532889.0721208462,414.70338114458264,-543.0553738186696,4676.815537970743,4726.467138314902,20254686.800950617,0.8265981689013195,1.633627947276884,4.4703483581542975e-08,1.4858632194014336e-06,6.122133141880488,-0.16073011706456264,0.0062625519895697,136689.07212084625,-0.07286519874851059,-0.07252351650525792,719.0385137498379,-16543111252.56216,-1040800476.8056253,-204903734.8655072,-16543858250.260536,-1902845383.271584,16575819604.084986,16654190220.419407,-0.9870913423544341,-0.006181791665871163,0.16003895557245126,-0.0062625110538970805,0.9999803902853794,0.0,0.16003581725420432,0.0010022457283266198,0.9871106993135466,4682.357775837661,-545.6418091662723,-0.11600819608678521,1.1933253199059732e-09,176.25349360188054,0.0,-82.85349360188054,1.9,0.0,3.00268862776131e-17,2.290376266830877,1.5707963267948966,18.315290413998806,461.0,0.0063093647856893266,0.1352361295354535,0.0,0.01339780319031914,-1561.392113561943,-15.927461635873174,253.15961414697608,-0.02959915307916647,0.044585064839594145,-0.33327682470217634,-0.029774494766505618,0.04446816086993113,-0.33327682470217634,-4.407105151239371e-18,9.420353642889528e-21,3.9266632836664454e-19,-4.4071080769642144e-18,-7.934425004223788e-21,3.9266632836664454e-19,-1561.4218880567096,-15.882993475003243,252.8263373222739,-1057236.787240522,118.68503243865197,120921.27453713576,-0.03426112818294806,4716.580808788176
55.606185304477755,2001.0,12.0,14.0,14.0,22.0,23.0,1.0,3487192.1855778503,35557.0409260685,-565162.6700158966,414.1454435771281,-294.2409303886237,4676.843348503397,3532871.705269545,4704.355203425027,3487305.2457739497,21812.040531261515,-565162.6700158966,3532871.705269545,414.5285686009176,-543.0594197405998,4676.843348503397,4726.479786690702,20254683.45930068,0.8265981403126434,1.6336279467336146,4.2146848510894035e-08,1.4888489819209325e-06,6.12220049749419,-0.16066289479921625,0.006254616261742687,136671.70526954485,-0.0728347372701968,-0.07249319900810941,720.5011503696442,-16543111122.73976,-1040800459.6149817,-204905414.96196395,-16543856415.527262,-1902855677.1680396,16575819473.439352,16654189594.657373,-0.987102147120817,-0.00617402565134964,0.15997259939355107,-0.006254575481490315,0.9999804399514755,0.0,0.15996947032174433,0.001000560697877177,0.9871214552643816,4682.380963858531,-545.6414976935465,-0.11600756110411062,1.1952549700505736e-09,176.21490059898852,0.0,-82.81490059898853,1.9,0.0,3.002624305258043e-17,2.2903657621689106,1.5707963267948966,18.317344947738476,461.0,0.006319615881656321,0.13555639830547223,0.0,0.013419510408173095,-1561.424547385793,-15.921014265855458,253.05713573187776,-0.02963438130262951,0.044654562089284144,-0.3338167284514399,-0.029810156507481766,0.044537411684726504,-0.3338167284514399,-4.414166240795461e-18,9.454713309881429e-21,3.9312973380406934e-19,-4.414169218546364e-18,-7.943740925497456e-21,3.9312973380406934e-19,-1561.4543575423004,-15.87647685417073,252.72331900342633,-1057236.9616651274,118.83857064361789,120896.49677605196,-0.03416902012908867,4716.599011808535
55.76039475188273,2001.0,12.0,14.0,14.0,22.0,23.0,1.0,3487256.010443402,35511.66578546992,-564441.4500719184,413.6231038354438,-294.2462379264095,4676.9278347742575,3532818.946866621,4704.393573272387,3487369.1290126326,21728.29469066865,-564441.4500719184,3532818.946866621,413.9970417482206,-543.0717051087361,4676.9278347742575,4726.518211025132,20254673.26607327,0.8265980531067996,1.6336279450768205,4.2146848510894035e-08,1.4982152419420788e-06,6.1224052913573885,-0.16045850633946268,0.006230488580166325,136618.9468666208,-0.07274211943058449,-0.07240101893306773,724.9578756093979,-16543110726.7387,-1040800407.1837839,-204910514.48363835,-16543850840.181492,-1902886948.9606287,16575819074.927536,16654187692.038435,-0.9871349710988445,-0.006150412748986251,0.15977083981972554,-0.0062304482700343815,0.9999805905688142,0.0,0.15976773875860456,0.0009954439525567493,0.9871541311990238,4682.451407185324,-545.6405515484064,-0.11600563213388494,1.2011448058396403e-09,176.097367166552,0.0,-82.69868358327601,1.9,0.0,3.002428388154491e-17,2.2903337664777963,1.5707963267948966,18.323605702904633,461.0,0.006350905367591522,0.13653334435459774,0.0,0.01348576797067715,-1561.523081915417,-15.901409485054282,252.74552543248504,-0.029741805645065185,0.04486674574489908,-0.33546466965485694,-0.029918905473983043,0.04474884324767645,-0.33546466965485694,-4.43571778999223e-18,9.559737176089481e-21,3.945428018984781e-19,-4.43572092741118e-18,-7.972148701908515e-21,3.945428018984781e-19,-1561.553000820891,-15.856660641806606,252.41006076283017,-1057237.493722925,118.9921088485838,120871.78562185282,-0.034076913145882085,4716.617165042402
55.801056280362324,2001.0,12.0,14.0,14.0,22.0,23.0,1.0,3487272.8261907757,35499.70125525498,-564251.2785849884,413.4853692141007,-294.24763629844495,4676.9500944212095,3532805.0467670313,4704.40368247963,3487385.9599156426,21706.212499281766,-564251.2785849884,3532805.0467670313,413.856884656408,-543.0749404780483,4676.9500944212095,4726.528334587587,20254670.569536068,0.8265980300371469,1.633627944638611,4.2146848510894035e-08,1.5007326303359355e-06,6.122459291859178,-0.16040461272474638,0.006224126738558035,136605.04676703084,-0.07271769772395545,-0.07237671265509904,726.135681271553,-16543110621.98071,-1040800393.3149529,-204911856.9341626,-16543849370.829245,-1902895188.0878117,16575818969.50543,16654187190.33286,-0.9871436192345363,-0.006144186336901248,0.1597176382833099,-0.006224086551779779,0.9999806301857032,0.0,0.15971454458231643,0.0009940964045211764,0.9871627403934985,4682.469966901913,-545.6403022874534,-0.11600512392148388,1.2030560695332597e-09,176.0626169175771,0.0,-82.68130845878855,1.9,0.0,3.0023706020704824e-17,2.2903243292941036,1.5707963267948966,18.325453169353814,461.0,0.006361049905520175,0.13679179076911666,0.0,0.013507270996823958,-1561.5490436366858,-15.896239642679122,252.6633528147602,-0.02977893925915493,0.044937011591967765,-0.33599922969632146,-0.029956445694452306,0.04481887543850709,-0.33599922969632146,-4.442717061886021e-18,9.590354989388014e-21,3.950317491644458e-19,-4.442720242662066e-18,-7.981999918687478e-21,3.950317491644458e-19,-1561.5790000823804,-15.851420767240615,252.3273535850639,-1057237.6344746668,119.14564705354971,120847.14107453829,-0.03398480723036605,4716.635268494387
55.87079518451135,2001.0,12.0,14.0,14.0,22.0,23.0,1.0,3487301.6539699757,35479.18066394786,-563925.1118798227,413.24913415419877,-294.2500335811921,4676.988255129989,3532781.217376896,4704.421013022281,3487414.8134590457,21668.33885467488,-563925.1118798227,3532781.2173768957,413.61649476170885,-543.0804855930458,4676.988255129989,4726.545689739473,20254665.93476625,0.8265979903853174,1.6336279438854728,4.2146848510894035e-08,1.5049435106460797e-06,6.122551909521577,-0.16031217837557052,0.00621321557212067,136581.2173768957,-0.07267581139274926,-0.07233502429656355,728.1590037941933,-16543110441.925108,-1040800369.4782889,-204914157.26631555,-16543846851.398136,-1902909312.7220993,16575818788.308414,16654186329.773325,-0.9871584451098461,-0.006133507149577665,0.15962638985567845,-0.006213175596319398,0.9999806980382218,0.0,0.15962330875320266,0.0009917867899798677,0.9871774995722111,4682.501784625079,-545.639874985759,-0.1160042526838704,1.206332610676838e-09,176.00304344223932,0.0,-82.65152172111965,1.9,0.0,3.0022715260552496e-17,2.290308148952914,1.5707963267948966,18.32862160473188,461.0,0.006378441303331778,0.13723600814596254,0.0,0.01354413465952633,-1561.5935517432686,-15.887372313457016,252.52241009180395,-0.029842515154257412,0.045057462154793254,-0.33691564866430546,-0.030020719655463535,0.04493892519777008,-0.33691564866430546,-4.4547156859233026e-18,9.642969003969284e-21,3.9586884315047514e-19,-4.454718941461539e-18,-7.998865301910077e-21,3.9586884315047514e-19,-1561.6235724629241,-15.842433388259247,252.18549444313965,-1057237.8763968572,119.29918525851564,120822.56313410841,-0.03389270237957885,4716.6533221690825
56.05942074489007,2001.0,12.0,14.0,14.0,22.0,24.0,1.0,3487379.543055849,35423.67697536495,-563042.9026214592,412.6101461194318,-294.2565107940046,4677.091362375703,3532716.833317847,4704.467838006205,3487492.77077864,21565.898580927475,-563042.9026214592,3532716.8333178475,412.96626874897197,-543.0954590457102,4677.091362375703,4726.59258121217,20254653.335772395,0.8265978825969418,1.6336279418384672,4.2146848510894035e-08,1.5164814450592497e-06,6.1228024223659405,-0.1600621612840643,0.006183704201642744,136516.83331784746,-0.07256251679826371,-0.0722222651670964,733.6523473858833,-16543109952.474388,-1040800304.6868973,-204920365.6869042,-16543840041.19766,-1902947475.9338057,16575818295.755238,16654184001.660696,-0.98719850339753,-0.006104621343418932,0.15937957362199962,-0.006183664792767508,0.9999808809620966,0.0,0.1593765264378905,0.000985549858092656,0.9872173780439998,4682.587753433415,-545.638720559707,-0.11600189875411603,1.2151854187959723e-09,175.87104164730934,0.0,-82.57104164730934,1.871041647309343,0.0,3.0020509212996936e-17,2.2902721214622597,1.5707963267948966,18.335680585230016,461.0,0.006425434098299146,0.13844357840088256,0.0,0.013643572945405054,-1561.713814007762,-15.863385385033263,252.1411472559292,-0.03001334623326975,0.045382731773371945,-0.3393887506108659,-0.030193442722420555,0.04526311204391342,-0.3393887506108659,-4.48714799457868e-18,9.786177155580513e-21,3.981229477139435e-19,-4.487151455778296e-18,-8.044092336478336e-21,3.981229477139435e-19,-1561.7440074504846,-15.81812227298935,251.80175850531833,-1057238.534030104,119.45272346348155,120798.05180056315,-0.033800598590559325,4716.671326071076
56.24964817096347,2001.0,12.0,14.0,14.0,22.0,24.0,1.0,3487457.9715245035,35367.70069636873,-562153.1816950585,411.96568174238337,-294.2630329379759,4677.1951862063725,3532652.0033952156,4704.514987260577,3487571.265913596,21462.585496417898,-562153.1816950585,3532652.0033952156,412.31047061455655,-543.110523219089,4677.1951862063725,4726.639797412298,20254640.5365011,0.8265977730947615,1.6336279397593696,4.4703483581542975e-08,1.5282228746494843e-06,6.1230550718105485,-0.15981001171579048,0.006153942936987902,136452.0033952156,-0.07244825566143902,-0.07210854404338679,739.2229226529598,-16543109455.252102,-1040800238.8735616,-204926607.07229033,-16543833179.384895,-1902985903.720827,16575817795.38166,16654181653.007238,-0.9872388399881186,-0.006075488181623977,0.159130642122342,-0.006153904094385269,0.999981064552923,0.0,0.15912762891248974,0.0009792747100988372,0.9872575341509079,4682.67431944111,-545.6375582717925,-0.1159995285915537,1.2239773628069834e-09,175.78222976714576,0.0,-82.48222976714575,1.8,0.0,3.001900558958848e-17,2.2902475654284795,1.5707963267948966,18.340495152721676,461.0,0.006472111433768562,0.13967037345355834,0.0,0.013742082687471659,-1561.8349192375285,-15.839190152758524,251.75657349872455,-0.030180956703868986,0.04570487128427321,-0.34184053420924787,-0.030362946576922168,0.045584173589523,-0.34184053420924787,-4.519377378774967e-18,9.930953066389795e-21,4.0034171560564853e-19,-4.5193810521622426e-18,-8.088322977945803e-21,4.0034171560564853e-19,-1561.8652821841054,-15.793605979169001,251.4147329645153,-1057239.2021181323,119.60626166844746,120773.60707390253,-0.03370849586034691,4716.689280204931
56.279530904607455,2001.0,12.0,14.0,14.0,22.0,24.0,1.0,3487470.280672533,35358.90729723908,-562013.4140736291,411.8644386001578,-294.2640565793643,4677.211481329384,3532641.8285042862,4704.5223872203405,3487583.5853382573,21446.355834003258,-562013.4140736291,3532641.8285042867,412.2074470266764,-543.1128863174708,4677.211481329384,4726.647207878726,20254638.51776778,0.8265977558237675,1.6336279394314972,4.4703483581542975e-08,1.5300379961703768e-06,6.123094761224564,-0.1597704008189831,0.00614926782054095,136441.8285042867,-0.07243030603326056,-0.07209067924568195,740.1005838513374,-16543109376.829773,-1040800228.4941661,-204927585.72718912,-16543832102.05003,-1902991934.8928545,16575817716.462353,16654181284.004337,-0.9872451707947119,-0.006070911480738369,0.1590915358412048,-0.006149229066396502,0.9999810933122131,0.0,0.15908852794720713,0.0009782902964123974,0.9872638366838353,4682.687905928742,-545.6373758663377,-0.11599915660683137,1.2252209605871797e-09,175.7596188984149,0.0,-82.45961889841492,1.8,0.0,3.0018628313819126e-17,2.290241404047588,1.5707963267948966,18.34170359173768,461.0,0.006478716498492886,0.13986387360122277,0.0,0.013756070582636885,-1561.85392731848,-15.835388916126647,251.69615432745442,-0.03020399027657549,0.045749747726605755,-0.34218844391473535,-0.030386255542591067,0.045628893475251946,-0.34218844391473535,-4.5239298798822695e-18,9.952589649282876e-21,4.006449224326096e-19,-4.523933586216016e-18,-8.094420240895497e-21,4.006449224326096e-19,-1561.8843135740226,-15.789760022651395,251.3539658835397,-1057239.307490738,119.75979987341337,120749.22895412655,-0.03361639418598159,4716.707184575206
56.350825632786204,2001.0,12.0,14.0,14.0,22.0,24.0,1.0,3487499.635825059,35337.92773428116,-561679.9521669974,411.62288602818325,-294.26649779312066,4677.250342596906,3532617.563179291,4704.540034833211,3487612.964794051,21407.634547525297,-561679.9521669974,3532617.5631792904,411.96164660334324,-543.118520591225,4677.250342596906,4726.664880547828,20254633.69307823,0.8265977145467657,1.6336279386479782,4.4703483581542975e-08,1.5343855271803657e-06,6.12318945381233,-0.15967589555083975,0.006138113921597375,136417.56317929085,-0.07238748106816745,-0.0720480566706243,742.197041451931,-16543109189.404495,-1040800203.6892639,-204929918.64508757,-16543829532.38719,-1903006318.211802,16575817527.849407,16654180403.59226,-0.9872602687439689,-0.006059992106323227,0.15899823349728684,-0.006138075377953933,0.9999811618378891,0.0,0.15899523826278886,0.0009759431421678665,0.987278867263319,4682.7203075073185,-545.636940876166,-0.11599826949559304,1.2281867225311188e-09,175.70569595397967,0.0,-82.40569595397966,1.8,0.0,3.001772849362877e-17,2.2902267088686843,1.5707963267948966,18.34458644020506,461.0,0.006494468655658143,0.14032633414244924,0.0,0.013789429464041594,-1561.899259259787,-15.826319402293498,251.55199794685012,-0.03025885102785586,0.04585675725827908,-0.34301815201638175,-0.030441773868069434,0.04573552946600738,-0.34301815201638175,-4.53478645817452e-18,1.0004294338351895e-20,4.013670750913496e-19,-4.5347902434631955e-18,-8.108941930030287e-21,4.013670750913496e-19,-1561.929701033655,-15.78058387282749,251.20897979483374,-1057239.5593270082,119.91333807837928,120724.91744123519,-0.033524293564503954,4716.725039186439
56.467720361304885,2001.0,12.0,14.0,14.0,22.0,24.0,1.0,3487547.729221836,35303.52929810978,-561133.2025361508,411.22682161318386,-294.2704973325313,4677.314010949459,3532577.8085938552,4704.568947463576,3487661.0973830763,21344.146316088998,-561133.2025361508,3532577.8085938552,411.55861731355526,-543.127747418664,4677.314010949459,4726.693834227602,20254625.757295694,0.8265976466530986,1.633627937359489,4.4703483581542975e-08,1.5416761823152117e-06,6.123344714430391,-0.1595209420374693,0.006119826226571604,136377.80859385524,-0.07231726397758516,-0.07197817141866662,745.6419044733047,-16543108881.124832,-1040800162.8940396,-204933737.6792822,-16543825321.197735,-1903029882.9269636,16575817217.616514,16654178959.962439,-0.987285004423255,-0.006042088093336308,0.1588452492599194,-0.006119788026409335,0.9999812739219229,0.0,0.1588422747113796,0.0009720992544728611,0.9873034927455459,4682.773392550886,-545.636228264461,-0.1159968161365325,1.233045616306583e-09,175.6173524307894,0.0,-82.3173524307894,1.8,0.0,3.0016254036644395e-17,2.2902026291587565,1.5707963267948966,18.349312341075024,461.0,0.006520276601429256,0.14108701068029042,0.0,0.01384408293245282,-1561.9735309754628,-15.811447640307456,251.31561709365505,-0.030348516773792904,0.046032034820819176,-0.34437750102666465,-0.030532519407001007,0.04591019449725088,-0.34437750102666465,-4.5525720814964464e-18,1.008932444747561e-20,4.0254732640837397e-19,-4.552575997310893e-18,-8.132674678240555e-21,4.0254732640837397e-19,-1562.0040634948698,-15.765537445810205,250.9712395926284,-1057239.973554518,120.06687628334521,120700.67253522848,-0.03343219399295511,4716.742844043155
56.536801967408486,2001.0,12.0,14.0,14.0,22.0,24.0,1.0,3487576.129346144,35283.200537938144,-560810.08487324,410.99274945143645,-294.27285915733484,4677.351608869931,3532554.3327061175,4704.586020973196,3487689.5202861903,21306.625990830205,-560810.08487324,3532554.3327061175,411.32042903948064,-543.1331937279641,4677.351608869931,4726.710931977171,20254621.0523848,0.8265976064007116,1.6336279365957198,4.4703483581542975e-08,1.5459191708522758e-06,6.123436470864563,-0.15942936707935035,0.006109018824934482,136354.33270611707,-0.07227576680274385,-0.07193687035157821,747.6822894513607,-16543108698.355698,-1040800138.7100945,-204935991.11425394,-16543822833.669138,-1903043798.4285216,16575817033.689514,16654178106.74017,-0.9872996115007924,-0.00603150694486509,0.15875483631801093,-0.0061089808267952754,0.9999813400025311,0.0,0.15875187395316706,0.000969830251227751,0.9873180348528237,4682.804740688668,-545.6358074786153,-0.11599595791079574,1.2361542529089022e-09,175.56083176529268,0.0,-82.28041588264634,1.8,0.0,3.001531226469763e-17,2.290187248855678,1.5707963267948966,18.352332209320096,461.0,0.0065367826446885175,0.14153800037108843,0.0,0.013879056566332528,-1562.0173917251923,-15.802658015760562,251.1759094391768,-0.03040723343538807,0.04614557219282785,-0.34524705639954306,-0.03059191539917058,0.046023346145273474,-0.34524705639954306,-4.563950834629463e-18,1.0141657617070721e-20,4.033201976059486e-19,-4.563954828919102e-18,-8.14823417683964e-21,4.033201976059486e-19,-1562.0479836405914,-15.756634669615288,250.83066238277726,-1057240.219138965,120.22041448831112,120676.4942361064,-0.033340095468376796,4716.760599149863
56.61397588989024,2001.0,12.0,14.0,14.0,22.0,24.0,1.0,3487607.8371783504,35260.49024534814,-560449.1136826909,410.73124996631566,-294.27549607121904,4677.393586146536,3532528.1226266134,4704.605083002356,3487721.2532292805,21264.710037239285,-560449.1136826909,3532528.1226266134,411.05433122161753,-543.1392723173439,4677.393586146536,4726.730021068923,20254615.781909805,0.8265975613096406,1.6336279357402166,4.4703483581542975e-08,1.5507949948150775e-06,6.123538977206699,-0.15932706345776448,0.006096945542217108,136328.12262661336,-0.07222940790267615,-0.0718907305317147,749.9663250148296,-16543108493.617815,-1040800111.6204274,-204938505.43706813,-16543820055.730183,-1903059334.687665,16575816827.654665,16654177153.457111,-0.9873159199751772,-0.006019685986654764,0.1586538292767981,-0.006096907768920385,0.9999814136851031,0.0,0.15865088048676756,0.0009672977642866789,0.9873342708808444,4682.839740173128,-545.6353377052691,-0.11599499973977132,1.239758138840664e-09,175.49530656653337,0.0,-82.24765328326669,1.8,0.0,3.0014221178482805e-17,2.290169430065548,1.5707963267948966,18.35583215247585,461.0,0.006555915713624981,0.14204320753940533,0.0,0.013919605976557484,-1562.0663624297515,-15.79283804442949,251.0198248222739,-0.030475947308648773,0.04627791482648554,-0.3462550790627142,-0.03066141155941487,0.04615524462324045,-0.3462550790627142,-4.577141982535596e-18,1.0201341763565429e-20,4.0422464007772305e-19,-4.577146065479195e-18,-8.1664516152335e-21,4.0422464007772305e-19,-1562.0970238413108,-15.74668279980625,250.6735697432112,-1057240.4942445625,120.37395269327703,120652.38254386895,-0.0332479979878113,4716.778304511056
56.71213425463512,2001.0,12.0,14.0,14.0,22.0,24.0,1.0,3487648.137561738,35231.60447936773,-559989.9857582765,410.39863402522576,-294.27884758393054,4677.446939510108,3532494.8098393017,4704.62931067662,3487761.585038745,21211.395995345538,-559989.9857582765,3532494.8098393017,410.71586652926396,-543.1469950377992,4677.446939510108,4726.75428313869,20254609.05613663,0.8265975037678073,1.6336279346486062,4.4703483581542975e-08,1.5568683012259358e-06,6.123669358335593,-0.1591969401504969,0.00608158957290973,136294.80983930174,-0.07217044245716119,-0.07183204373691034,752.8785618841648,-16543108232.34928,-1040800077.0527594,-204941698.73470193,-16543816523.92882,-1903079081.2085896,16575816564.731167,16654175940.78537,-0.9873366481173707,-0.006004650293119744,0.15852535273328575,-0.006081552084305648,0.999981507191131,0.0,0.15852242115423676,0.000964080189330402,0.9873549070829533,4682.884224656315,-545.6347406583807,-0.11599378192874397,1.2443386470960105e-09,175.41202459825436,0.0,-82.20601229912718,1.8,0.0,3.0012834163150345e-17,2.2901467783861675,1.5707963267948966,18.360283360326324,461.0,0.006580234317152325,0.14268791821151763,0.0,0.01397114465828293,-1562.1286061786254,-15.78034682055626,250.8212816841474,-0.030563095942329643,0.04644610251696997,-0.34753627913209306,-0.030749556716581028,0.04632286729392619,-0.34753627913209306,-4.593906813867936e-18,1.0277478096457344e-20,4.0537167473702734e-19,-4.593911010484318e-18,-8.18955488560103e-21,4.0537167473702734e-19,-1562.159355735342,-15.734023953262334,250.4737454050153,-1057240.8453132864,120.52749089824295,120628.33745851614,-0.033155901548301454,4716.795960131215
56.751586877528055,2001.0,12.0,14.0,14.0,22.0,24.0,1.0,3487664.3262270205,35219.99438041524,-559805.4477853591,410.26494253327803,-294.2801938923601,4677.468371748992,3532481.4280914343,4704.639042934253,3487777.786173309,21189.967360599654,-559805.4477853591,3532481.4280914343,410.57982423324063,-543.1500962716398,4677.468371748992,4726.76402921274,20254606.345930148,0.8265974805808162,1.633627934208768,4.4703483581542975e-08,1.559362199277163e-06,6.1237217628859515,-0.15914463921937141,0.006075417628895232,136281.4280914343,-0.07214674224647828,-0.07180845552388448,754.0512945652008,-16543108127.069622,-1040800063.1240585,-204942980.7304079,-16543815104.870895,-1903087013.4085426,16575816458.784664,16654175453.32429,-0.9873449746790947,-0.005998606869406356,0.1584737129355034,-0.006075380254311939,0.9999815447070839,0.0,0.15847078825671168,0.000962788066395856,0.9873631967561054,4682.902094213251,-545.6345008344812,-0.11599329273910523,1.2460476777135854e-09,175.39047565714924,0.0,-82.19047565714922,1.8,0.0,3.001247103441599e-17,2.2901408480438907,1.5707963267948966,18.361449081662172,461.0,0.0065893114268162556,0.1429477115808119,0.0,0.01399037851936786,-1562.1536102515872,-15.77532589953296,250.74147609911978,-0.030594873232687607,0.046508924031689027,-0.34801485797280174,-0.03078171600194865,0.046385474479464193,-0.34801485797280174,-4.600187492390731e-18,1.030713276992093e-20,4.057916597408813e-19,-4.600191734561311e-18,-8.198012433308168e-21,4.057916597408813e-19,-1562.1843919675891,-15.728940425053496,250.39346124114698,-1057240.9867794253,120.68102910320886,120604.35898004795,-0.033063806146890716,4716.813566014799
56.78814206868432,2001.0,12.0,14.0,14.0,22.0,24.0,1.0,3487679.3212762875,35209.23688888,-559634.4616720382,410.14106753777094,-294.28144093871856,4677.488223856312,3532469.0330010643,4704.648057620939,3487792.792693326,21170.112352505355,-559634.4616720382,3532469.033001065,410.45377106551035,-543.1529683435834,4677.488223856312,4726.773056697013,20254603.831570372,0.8265974590693637,1.6336279338007287,4.4703483581542975e-08,1.5616388493797516e-06,6.123770319156626,-0.15909617895493702,0.0060696989851132845,136269.03300106432,-0.07212478242892713,-0.07178659947883022,755.1388919651508,-16543108029.398108,-1040800050.2021534,-204944167.81797206,-16543813790.285456,-1903094360.7677028,16575816360.49451,16654175001.648914,-0.9873526873440746,-0.005993007201119029,0.15842586486783494,-0.006069661715969927,0.9999815794336682,0.0,0.15842294657368247,0.0009615914068077228,0.9873708752747766,4682.918646294004,-545.6342786987135,-0.11599283962081045,1.2475626332032492e-09,175.37670333451592,0.0,-82.17670333451592,1.8,0.0,3.001223555641785e-17,2.2901370023963405,1.5707963267948966,18.362205098567337,461.0,0.006597359763956135,0.14318873283318978,0.0,0.014007430603829139,-1562.1767711215875,-15.770673542485476,250.66752869448692,-0.03062263160495057,0.04656465107660018,-0.34843939976033905,-0.030809818655690054,0.046441009578835964,-0.34843939976033905,-4.605769360475192e-18,1.0334114009980935e-20,4.061595298740662e-19,-4.6057736447739454e-18,-8.205419559922281e-21,4.061595298740662e-19,-1562.2075809402431,-15.72423253290664,250.31908929472658,-1057241.1180228796,120.83456730817477,120580.4471084644,-0.03297171178062308,4716.831122166253
56.858234241333484,2001.0,12.0,14.0,14.0,22.0,24.0,1.0,3487708.060630478,35188.60997953561,-559306.6050261867,409.9035402463066,-294.28383102386533,4677.526272470231,3532445.276700691,4704.66533508578,3487821.5538192145,21132.04138796998,-559306.6050261867,3532445.276700691,410.21206723711185,-543.1584715728975,4677.526272470231,4726.790358689244,20254599.00191151,0.8265974177494712,1.6336279330169956,4.4703483581542975e-08,1.5660404405370482e-06,6.123863423555478,-0.15900325863347228,0.0060587339368694,136245.27670069085,-0.07208267546977506,-0.07174469149667931,757.2269278466702,-16543107841.788633,-1040800025.3821108,-204946441.94349194,-16543811270.34448,-1903108442.6741524,16575816171.696783,16654174135.555927,-0.9873674694479186,-0.005982269995052078,0.1583341173648923,-0.0060586968693437755,0.9999816459276867,0.0,0.15833121128905253,0.0009592984211889829,0.9873855919944753,4682.950370039533,-545.6338529705691,-0.11599197118606719,1.2504661810266725e-09,175.35030744521208,0.0,-82.15030744521206,1.8,0.0,3.00117842215028e-17,2.2901296315378143,1.5707963267948966,18.363654317774362,461.0,0.006612785374183517,0.14365169633817196,0.0,0.014040112739563279,-1562.2211620426872,-15.761752479638332,250.52573187109266,-0.030675760607182544,0.046671451281513544,-0.34925308173256825,-0.030863608388776966,0.04654744172106648,-0.34925308173256825,-4.616467431332008e-18,1.0385936050789407e-20,4.0686362960029988e-19,-4.616471796778311e-18,-8.219596537423758e-21,4.0686362960029988e-19,-1562.2520256510759,-15.715205037917265,250.1764787893601,-1057241.3701194003,120.9881055131407,120556.6018437655,-0.032879618446543114,4716.848628590007
56.97275295673048,2001.0,12.0,14.0,14.0,22.0,24.0,1.0,3487754.980035415,35154.90874980128,-558770.9371691345,409.5154464279728,-294.2877330639748,4677.588390792155,3532406.4925480927,4704.693542024665,3487868.508165538,21069.83906321578,-558770.9371691345,3532406.4925480927,409.8171495671157,-543.1674522256095,4677.588390792155,4726.818605670215,20254591.086811367,0.8265973500321357,1.6336279317327012,4.4703483581542975e-08,1.5731844032073637e-06,6.1240155430183005,-0.15885143989916262,0.006040819120126125,136206.49254809227,-0.07201387855898483,-0.07167621968077792,760.6458907425404,-16543107534.326977,-1040799984.7080206,-204950151.72191775,-16543807155.136272,-1903131432.6649377,16575815862.28789,16654172720.403324,-0.9873916027284767,-0.005964726626922573,0.15818421190990012,-0.00604078238043906,0.9999817543076635,0.0,0.1581813257294371,0.0009555564001689632,0.9874096187005896,4683.002162280234,-545.6331579756958,-0.11599055341339432,1.255206466344275e-09,175.30721394232478,0.0,-82.10721394232476,1.8,0.0,3.001104732219916e-17,2.2901175970589076,1.5707963267948966,18.366020982238282,461.0,0.006637969686993991,0.1444104261004899,0.0,0.014093469883902301,-1562.2936368819805,-15.747175635721844,250.2940386038975,-0.03076229345443848,0.046845795568114065,-0.35058151298320595,-0.030951222435239865,0.04672118460346257,-0.35058151298320595,-4.6339327058206426e-18,1.0470851085585686e-20,4.080104278082867e-19,-4.6339372048953235e-18,-8.242686673360915e-21,4.080104278082867e-19,-1562.3245881044159,-15.70045445111838,249.94345709091428,-1057241.783268759,121.14164371810661,120532.82318595122,-0.032787526141696006,4716.86608529047
57.03342676527342,2001.0,12.0,14.0,14.0,22.0,25.0,1.0,3487779.820659196,35137.05312955054,-558487.1290688602,409.30982094284013,-294.28979894060717,4677.621278589529,3532385.958985187,4704.708475686278,3487893.3669851166,21036.88288101041,-558487.1290688602,3532385.958985187,409.60790864879084,-543.172204940688,4677.621278589529,4726.8335605309085,20254586.880868223,0.826597314048294,1.6336279310503221,4.712160915387242e-08,1.577131467053624e-06,6.124096139635252,-0.15877100260095112,0.006031327675866521,136185.95898518758,-0.07197742823281668,-0.07163994159508255,762.46112459898,-16543107370.94868,-1040799963.0958172,-204952114.32791728,-16543804975.80602,-1903143604.344686,16575815697.874943,16654171970.573307,-0.9874043797827651,-0.005955431576637242,0.15810478683629095,-0.006031291109085471,0.9999818115983697,0.0,0.1581019111629283,0.0009535759951495752,0.9874223394168531,4683.029583019884,-545.6327900441146,-0.1159898028094627,1.2579306395367081e-09,175.26489746296895,0.0,-82.06489746296894,1.782448731484471,0.0,3.001033910154411e-17,2.290106030937875,1.5707963267948966,18.368296135876303,461.0,0.006652436767338117,0.14481360676719465,0.0,0.01412400902482992,-1562.3320088405055,-15.739451921667145,250.1712731696484,-0.03081284169349847,0.046944329772150094,-0.35134117923930364,-0.031002369534465925,0.04681938054089775,-0.35134117923930364,-4.643883321634482e-18,1.0517717513800507e-20,4.086767999780107e-19,-4.643887893369664e-18,-8.255976700115765e-21,4.086767999780107e-19,-1562.36301121004,-15.692632541126248,249.8199319904091,-1057242.002809098,121.29518192307252,120509.11113502157,-0.032695434863127475,4716.883492272037
57.10651107797623,2001.0,12.0,14.0,14.0,22.0,25.0,1.0,3487809.7257350283,35115.54507096043,-558145.2668855548,409.0621291475754,-294.2922860139931,4677.660871820548,3532361.239084167,4704.72645398976,3487923.2936873436,20997.185304675084,-558145.2668855548,3532361.2390841674,409.35586185708524,-543.177924853351,4677.660871820548,4726.851564355044,20254581.802222084,0.8265972705980105,1.6336279302264742,4.712160915387242e-08,1.581630335788336e-06,6.124193223094689,-0.15867411103625273,0.006019894904834026,136161.2390841674,-0.0719335215933335,-0.07159624242704887,764.6514423191547,-16543107173.671745,-1040799937.0013045,-204954475.71557137,-16543802351.560125,-1903158257.5997245,16575815499.348804,16654171067.275375,-0.9874197619130413,-0.005944234998490418,0.1580091131988145,-0.006019858545602886,0.9999818804873871,0.0,0.15800625015069494,0.0009511925103730173,0.9874376538020637,4683.062594487521,-545.6323471172835,-0.11598889918321084,1.2613296259269792e-09,175.20309771041858,0.0,-82.00309771041856,1.7515488552092793,0.0,3.000930931194671e-17,2.2900892131974766,1.5707963267948966,18.37160536839368,461.0,0.006670484621712678,0.14530045493303265,0.0,0.014162048597899896,-1562.3782053455493,-15.730147743692008,250.02338687354606,-0.030876282753228543,0.0470664045993458,-0.35228707379235313,-0.031066546755163113,0.0469410369642161,-0.35228707379235313,-4.6562537925155925e-18,1.057527037596284e-20,4.0951133139730375e-19,-4.65625845303847e-18,-8.27255505608861e-21,4.0951133139730375e-19,-1562.4092718923046,-15.683206706727791,249.6710997997537,-1057242.2679025996,121.44872012803843,120485.46569097656,-0.032603344607883826,4716.900849539082
57.26754510686128,2001.0,12.0,14.0,14.0,22.0,25.0,1.0,3487875.554713139,35068.15355750387,-557391.9972895051,408.5163389908297,-294.2977607593635,4677.748028299588,3532306.824045981,4704.766028982858,3487989.169193779,20909.71416137758,-557391.9972895051,3532306.824045981,408.8004757222003,-543.1905090408394,4677.748028299588,4726.891195524118,20254570.563866306,0.8265971744482178,1.6336279284038866,4.712160915387242e-08,1.5917760479414392e-06,6.124407141616479,-0.15846061528952995,0.005994704304592512,136106.82404598081,-0.07183677538480199,-0.07149995336165672,769.4922303855419,-16543106737.129213,-1040799879.2658792,-204959668.55228448,-16543796572.582216,-1903190513.4396899,16575815060.04246,16654169076.57548,-0.9874536225022947,-0.005919563390993068,0.15779829586011337,-0.005994668399895435,0.9999820318139598,0.0,0.15779546051097654,0.0009459484577499723,0.9874713655715006,4683.135262403788,-545.6313721863918,-0.11598691009822623,1.2688116936776363e-09,175.06706011495206,0.0,-81.88353005747604,1.7,0.0,3.0007041919503054e-17,2.2900521838687715,1.5707963267948966,18.378895993584717,461.0,0.006710214102909461,0.1463778290243065,0.0,0.014245892425594492,-1562.4799012844219,-15.709644524075367,249.69749615199828,-0.031015842670579382,0.04733646310130442,-0.3543717833775687,-0.031207737562165314,0.047210172121676316,-0.3543717833775687,-4.683517161222064e-18,1.070250028363096e-20,4.1134722561101323e-19,-4.683522018855576e-18,-8.309143691883648e-21,4.1134722561101323e-19,-1562.511109021984,-15.66243435195369,249.34312436862072,-1057242.854519073,121.60225833300434,120461.88685381619,-0.032511255373011944,4716.918157095963
57.4823546372913,2001.0,12.0,14.0,14.0,22.0,25.0,1.0,3487963.2297142576,35004.93481050331,-556387.1599635036,407.7882330313927,-294.3050524359116,4677.864111337909,3532234.3508142345,4704.818737319364,3488076.9038553145,20793.02986398457,-556387.1599635036,3532234.350814234,408.0595689405245,-543.2072547270808,4677.864111337909,4726.943978675363,20254555.468870323,0.8265970453024912,1.6336279259565192,4.4703483581542975e-08,1.6054574967810007e-06,6.124692505994187,-0.15817581477379467,0.00596110239105411,136034.350814234,-0.07170771697696139,-0.07137150475561999,775.9820496737957,-16543106150.789461,-1040799801.7293404,-204966573.56246114,-16543788870.790176,-1903233474.0234463,16575814469.991167,16654166420.274603,-0.9874987210435965,-0.005886650714211942,0.15751705711011155,-0.005961067086744535,0.9999822326817549,0.0,0.15751425845442885,0.0009389697447399452,0.9875162665593766,4683.232047930097,-545.6300738567555,-0.11598426098984224,1.2787532247688003e-09,174.89372312692666,0.0,-81.79372312692666,1.7,0.0,3.0004148978405196e-17,2.2900049385552674,1.5707963267948966,18.388206721322337,461.0,0.006763007134442566,0.14782493091888924,0.0,0.014357760454452471,-1562.6153572132623,-15.682289379416048,249.26269672472077,-0.031201650457742945,0.0477012112157731,-0.3571529658189674,-0.03139574879179696,0.04757368495861286,-0.3571529658189674,-4.719906745977759e-18,1.0872825547297523e-20,4.1379336467275753e-19,-4.719911868478319e-18,-8.358400519686237e-21,4.1379336467275753e-19,-1562.646752962054,-15.634715694457435,248.9055437589018,-1057243.6424443703,121.75579653797027,120438.37462354044,-0.03241916715555926,4716.935414947017
57.601449424626196,2001.0,12.0,14.0,14.0,22.0,25.0,1.0,3488011.771127841,34969.88437242973,-555830.0469041202,407.38452900632603,-294.30908952538664,4677.928382286011,3532194.2258857787,4704.847919375075,3488125.4771609707,20728.336159708157,-555830.0469041202,3532194.2258857787,407.6487676941566,-543.2165187560979,4677.928382286011,4726.973202150512,20254547.049857907,0.8265969732731401,1.6336279245917849,4.712160915387242e-08,1.6130463975075488e-06,6.124850722831852,-0.15801791050431357,0.005942473199916086,135994.22588577867,-0.07163616195659718,-0.07130028782223533,779.5958444774151,-16543105823.772223,-1040799758.4889342,-204970391.06023064,-16543784604.25409,-1903257259.3796906,16575814140.90414,16654164947.20007,-0.9875236904013236,-0.005868402141592327,0.15736112211234168,-0.005942438225563971,0.9999823435580927,0.0,0.15735834367483065,0.0009351087472580191,0.9875411268638612,4683.28563439826,-545.6293551049412,-0.11598279434327331,1.2841032152295105e-09,174.8491398730874,0.0,-81.74913987308742,1.7,0.0,3.0003385797800056e-17,2.2899924748701355,1.5707963267948966,18.39066459220359,461.0,0.0067914251792703766,0.14863205847873992,0.0,0.014417971316250135,-1562.6903580939363,-15.667120617194977,249.02159511781468,-0.031300531944016066,0.04789805010508476,-0.3586519434623333,-0.03149583473298815,0.04776985344670713,-0.3586519434623333,-4.739616594678606e-18,1.0966754751495125e-20,4.1510386185413e-19,-4.739621865672482e-18,-8.384789914012829e-21,4.1510386185413e-19,-1562.7218539286694,-15.619350763748269,248.66294317435236,-1057244.0818986502,121.90933474293618,120414.92900014932,-0.03232707995257386,4716.952623096566
57.740261733782454,2001.0,12.0,14.0,14.0,22.0,25.0,1.0,3488068.288455144,34929.03032180037,-555180.6876684291,406.91396262987024,-294.3137899918438,4678.003214931501,3532147.5079681496,4704.881896378693,3488182.0305937016,20652.93027196299,-555180.6876684291,3532147.507968149,407.1699289038611,-543.2272984367385,4678.003214931501,4727.007227377584,20254537.19245213,0.8265968889373336,1.6336279229940949,4.712160915387242e-08,1.6219693212734782e-06,6.1250351387999125,-0.15783385881203535,0.0059207600859178516,135947.50796814915,-0.07155275801053873,-0.07121727793775133,783.8218485414982,-16543105440.88852,-1040799707.8646599,-204974830.89637244,-16543779634.51038,-1903284953.0854845,16575813755.597254,16654163229.930918,-0.9875527629366366,-0.00584713130620173,0.15717936083246822,-0.0059207254935429695,0.9999824723512059,0.0,0.15717660584783386,0.0009306158487395839,0.9875700727180309,4683.348026640104,-545.6285183177013,-0.11598108674278897,1.2903426543794899e-09,174.7937699203729,0.0,-81.69376992037292,1.6968849601864555,0.0,3.0002440603078195e-17,2.2899770386688973,1.5707963267948966,18.393709593680708,461.0,0.006824568651589096,0.14957709200163788,0.0,0.014488171962734931,-1562.7776874016115,-15.649438232088075,248.7405404407298,-0.03141546439115358,0.04812726831657747,-0.36039951895520805,-0.03161217437391302,0.04799828944744799,-0.36039951895520805,-4.762586906201553e-18,1.1076766458979936e-20,4.1662645474191687e-19,-4.762592352331573e-18,-8.415425745785273e-21,4.1662645474191687e-19,-1562.8092995759855,-15.601439942640628,248.3801409217746,-1057244.596434418,122.0628729479021,120391.54998364285,-0.032234993761104336,4716.969781548906
57.8469015513701,2001.0,12.0,14.0,14.0,22.0,25.0,1.0,3488111.6624097447,34897.6445605504,-554681.823196285,406.55244142010275,-294.3173973691451,4678.060645790378,3532111.654523269,4704.907971864219,3488225.4315056396,20595.000170997755,-554681.823196285,3532111.654523269,406.80205245480363,-543.235566467819,4678.060645790378,4727.033339870763,20254529.586851984,0.8265968238668827,1.633627921761631,4.712160915387242e-08,1.6287998464037442e-06,6.125176816015242,-0.15769246141377022,0.005904079674203802,135911.65452326834,-0.07148868299469234,-0.07115350565220918,787.0783885419369,-16543105145.473282,-1040799668.8093009,-204978234.63344586,-16543775818.907314,-1903306206.5912876,16575813458.312649,16654161910.435024,-0.9875750748248776,-0.0058307896763749026,0.1570397194227856,-0.005904045373374411,0.9999825709722291,0.0,0.15703698237315464,0.000927169628894113,0.9875922875982845,4683.395909921772,-545.6278761757198,-0.11597977627707884,1.2952725030506028e-09,174.70413630817086,0.0,-81.60413630817087,1.6520681540854287,0.0,3.0000945230847494e-17,2.2899526173870757,1.5707963267948966,18.398529156974444,461.0,0.006850750652182346,0.1503062606782403,0.0,0.014543340208747441,-1562.8447114531257,-15.635852438837555,248.52459950281838,-0.03150580478940989,0.04830403410704052,-0.36177131521756284,-0.03170360162038043,0.04817444437394943,-0.36177131521756284,-4.780518028682526e-18,1.1162709897865321e-20,4.178144185717402e-19,-4.780523612725552e-18,-8.439006124434311e-21,4.178144185717402e-19,-1562.876415054746,-15.587677994463606,248.1628281876008,-1057244.9934310354,122.216411152868,120368.23757402101,-0.03214290857819987,4716.986890308323
57.96085391990862,2001.0,12.0,14.0,14.0,22.0,25.0,1.0,3488157.9680120107,34864.106176555295,-554148.7436115752,406.1661126728894,-294.3212485945161,4678.1219592618745,3532073.377741671,4704.935809783828,3488271.765164741,20533.096688740225,-554148.7436115752,3532073.3777416702,406.4089325586052,-543.2443887362149,4678.1219592618745,4727.061217298224,20254521.42786343,0.8265967540617232,1.6336279204398116,4.712160915387242e-08,1.6362126394762082e-06,6.1253282115338,-0.1575413648703275,0.005886255695333674,135873.3777416707,-0.07142021268381536,-0.07108535883084922,790.5677396953106,-16543104828.566545,-1040799626.9177514,-204981864.9809687,-16543771743.860228,-1903328896.7201104,16575813139.40087,16654160500.217625,-0.987598895070256,-0.005813326761028003,0.1568904958497452,-0.00588622170422201,0.9999826760469647,0.0,0.15688777788616343,0.0009234922418569234,0.9876160044835346,4683.447030256674,-545.6271906755538,-0.11597837726016269,1.300535560520278e-09,174.60844435417675,0.0,-81.50844435417676,1.6042221770883809,0.0,2.9999348420215775e-17,2.2899265394904473,1.5707963267948966,18.403678541337516,461.0,0.006878703206520732,0.15108850999859938,0.0,0.01460223573631708,-1562.9162691033616,-15.621333451862077,248.29382580609555,-0.03160197476201535,0.04849268753811447,-0.36323578719079924,-0.03180093495754164,0.0483624450307722,-0.36323578719079924,-4.799658836651803e-18,1.125486539979119e-20,4.1907896044755613e-19,-4.799664569447715e-18,-8.46410262123053e-21,4.1907896044755613e-19,-1562.9480700383192,-15.572971006831304,247.93059001890475,-1057245.4193137102,122.36994935783392,120344.99177128379,-0.03205082440091022,4717.003949379075
58.0372197930828,2001.0,12.0,14.0,14.0,22.0,26.0,1.0,3488188.9753559465,34841.629978932826,-553791.4931754828,405.9072022028196,-294.32382748110666,4678.16301672383,3532047.746688582,4704.954450711064,3488302.7908780514,20491.61113114192,-553791.4931754828,3532047.7466885815,406.14547089206286,-543.250293676207,4678.16301672383,4727.0798846801845,20254515.941046137,0.8265967071185497,1.6336279195510717,4.712160915387242e-08,1.641090799784189e-06,6.1254296719828,-0.15744010476366255,0.005874310991358165,135847.74668858154,-0.07137432601264318,-0.071039688948305,792.9119345545769,-16543104615.45256,-1040799598.7490963,-204984293.95617175,-16543769014.191996,-1903344090.6282284,16575812924.938696,16654159554.989176,-0.9876148458492551,-0.005801623477585637,0.1567904889436112,-0.005874277206756364,0.9999827462848038,0.0,0.1567877837251695,0.000921030795437641,0.9876318861685377,4683.481262011928,-545.6267316726482,-0.11597744045818749,1.3043379967127694e-09,174.54436672145383,0.0,-81.47218336072692,1.6,0.0,2.999827894594465e-17,2.2899090736501435,1.5707963267948966,18.407129043162705,461.0,0.006898892709661749,0.15161457588543142,0.0,0.014644988629139766,-1562.9641878112911,-15.611602549855366,248.1391568699332,-0.03167352794626985,0.04863183398309655,-0.36429863346156044,-0.03187332174259131,0.04850112380363838,-0.36429863346156044,-4.813563948743697e-18,1.1319113881568405e-20,4.200208495565497e-19,-4.81356978229755e-18,-8.483038134045656e-21,4.200208495565497e-19,-1562.9960611330337,-15.563101426051727,247.77485823647163,-1057245.7057146542,122.52348756279984,120321.81257543122,-0.03195874122628572,4717.0209587654035
58.124270146361546,2001.0,12.0,14.0,14.0,22.0,26.0,1.0,3488224.2968751434,34816.00885789254,-553384.2553962475,405.6120574324875,-294.3267651898286,4678.209787139291,3532018.549484606,4704.975685200464,3488338.132912813,20444.320708443705,-553384.2553962475,3532018.5494846064,405.8451380944524,-543.2570175835062,4678.209787139291,4727.101149304347,20254509.666917425,0.8265966534393516,1.6336279185349054,4.712160915387242e-08,1.6467637231703947e-06,6.1255453297170925,-0.1573246753837528,0.005860695224149008,135818.54948460637,-0.07132201840225985,-0.07098762845795713,795.5903616547585,-16543104371.760384,-1040799566.5402628,-204987058.93457896,-16543765903.79451,-1903361398.570197,16575812679.704985,16654158477.31285,-0.9876330160898598,-0.005788282372250551,0.15667648616313115,-0.005860661673925685,0.9999828261749018,0.0,0.15667379542856077,0.0009182278776616106,0.9876499778178371,4683.520256898515,-545.6262088288821,-0.11597637332818082,1.3087175773090448e-09,174.47137371151592,0.0,-81.43568685575796,1.6,0.0,2.9997060464630303e-17,2.2898891743401517,1.5707963267948966,18.411061926509085,461.0,0.006922146206792971,0.15221613391304348,0.0,0.014694263788852207,-1563.018775580811,-15.60050928617842,247.9628337174275,-0.03175613635961513,0.04879254544383733,-0.3655235832981819,-0.03195689084938344,0.048661296885923556,-0.3655235832981819,-4.8295911648986024e-18,1.139294656497169e-20,4.211083866814585e-19,-4.829597114181325e-18,-8.504939123118872e-21,4.211083866814585e-19,-1563.0507324716605,-15.551847989292497,247.59731013412932,-1057246.033211872,122.67702576776576,120298.69998646328,-0.03186665905137731,4717.0379184715275
58.21666273969258,2001.0,12.0,14.0,14.0,22.0,26.0,1.0,3488261.7579532396,34788.8151008191,-552952.0211700547,405.2987884743111,-294.32988085953724,4678.259391155345,3531987.58369437,4704.9982059123795,3488375.6152714575,20394.127454382975,-552952.0211700547,3531987.58369437,405.5263626464007,-543.2641457383285,4678.259391155345,4727.123701975567,20254502.984637424,0.8265965962680646,1.6336279174527424,4.712160915387242e-08,1.6526859003402406e-06,6.125668087386255,-0.15720216006161308,0.0058462440275087344,135787.58369436953,-0.0712664997004707,-0.07093237204201794,798.44055134058,-16543104112.21744,-1040799532.2380757,-204989989.12734568,-16543762603.884068,-1903379754.9707873,16575812418.520342,16654157333.259106,-0.9876522871642445,-0.005774122068982823,0.15655548273238287,-0.005846210724856276,0.9999829107640593,0.0,0.15655280731880064,0.0009152563421851082,0.987669165675648,4683.561614235872,-545.6256543396792,-0.11597524157310711,1.313362445844567e-09,174.3939592359239,0.0,-81.39697961796195,1.6,0.0,2.9995767934414476e-17,2.2898680657198254,1.5707963267948966,18.41523571833491,461.0,0.006946808909194912,0.15285683137552453,0.0,0.014746524479005098,-1563.076672198224,-15.588734192188044,247.77567313151076,-0.03184355564584125,0.048962972647449275,-0.3668227451473414,-0.03204533134543498,0.04883115261394038,-0.3668227451473414,-4.846588177713506e-18,1.147153998556277e-20,4.222592057802122e-19,-4.84659425079651e-18,-8.52811398725537e-21,4.222592057802122e-19,-1563.1087175295695,-15.539903039574103,247.4088503863634,-1057246.3820140157,122.83056397273167,120275.65400437998,-0.03177457787323648,4717.054828501647
58.24627702956397,2001.0,12.0,14.0,14.0,22.0,26.0,1.0,3488273.759102211,34780.09871562917,-552813.4776050352,405.19837496109335,-294.33087900860704,4678.2752825753105,3531977.663396176,4705.005420715707,3488387.623133742,20378.039038688414,-552813.4776050352,3531977.663396176,405.42418413985547,-543.2664286728224,4678.2752825753105,4727.130927017306,20254500.83811841,0.8265965779031668,1.6336279171051482,4.712160915387242e-08,1.6546328833690755e-06,6.125707434944492,-0.15716289017773746,0.005841612069338237,135777.66339617595,-0.07124870425884494,-0.07091466067004275,799.3555623292923,-16543104028.846087,-1040799521.219771,-204990927.35864002,-16543761546.487759,-1903385635.6979737,16575812334.62166,16654156966.521235,-0.9876584609483288,-0.005769583213924941,0.15651669695823528,-0.005841578845779705,0.9999829378327355,0.0,0.1565140264441721,0.00091430462596254,0.9876753128297193,4683.57486368982,-545.625476707786,-0.11597487900378094,1.3145078071340473e-09,174.38629266241776,0.0,-81.38629266241776,1.6,0.0,2.999563389773858e-17,2.2898658767347895,1.5707963267948966,18.415668656794406,461.0,0.006952898503866929,0.15306264108663897,0.0,0.014759420770632744,-1563.0952206327447,-15.584959733644018,247.71567956529702,-0.03186327892916661,0.04900502650417208,-0.3671439905523989,-0.03206533058803817,0.04887305741482013,-0.3671439905523989,-4.850814335732619e-18,1.149389161857279e-20,4.225211706258695e-19,-4.850820447166078e-18,-8.533384388108094e-21,4.225211706258695e-19,-1563.1272859633327,-15.536086676229198,247.34853557474463,-1057246.4940582234,122.98410217769758,120252.6746291813,-0.03168249768891528,4717.07168885994
58.28851018593403,2001.0,12.0,14.0,14.0,22.0,26.0,1.0,3488290.868884603,34767.66816353991,-552615.8987950357,405.05517244871606,-294.3323020518941,4678.297938740784,3531963.5202383213,4705.015706709691,3488404.7423996157,20355.095113932308,-552615.8987950357,3531963.520238321,405.2784645436915,-543.2696828469097,4678.297938740784,4727.141227607839,20254497.773488317,0.8265965516832009,1.6336279166088987,4.712160915387242e-08,1.6573816119192922e-06,6.12576354916611,-0.15710688672488404,0.005835006429728674,135763.52023832127,-0.07122332586642462,-0.07088940216999591,800.6614929437637,-16543103909.815464,-1040799505.4890294,-204992264.56015688,-16543760038.807783,-1903394019.7385104,16575812214.838177,16654156443.499596,-0.9876672628159631,-0.005763110235226563,0.1564613834849992,-0.005834973318749271,0.9999829763982833,0.0,0.15645871994872268,0.0009129479980495681,0.9876840767563078,4683.593753232062,-545.6252234674803,-0.11597436209919705,1.3162364153162854e-09,174.37057804257924,0.0,-81.37057804257923,1.6,0.0,2.9995364586281766e-17,2.2898614785449274,1.5707963267948966,18.41653859648042,461.0,0.0069620862697388495,0.15335648058760512,0.0,0.014778880884639824,-1563.121665153323,-15.57957676008483,247.63011927124708,-0.03189367038316466,0.049068481494239834,-0.3676285041325885,-0.0320961302598017,0.0489362903069527,-0.3676285041325885,-4.85717981061592e-18,1.1526608451986946e-20,4.229239117677042e-19,-4.857185977325257e-18,-8.541488875185864e-21,4.229239117677042e-19,-1563.1537612835828,-15.530640469777877,247.26249076711449,-1057246.654026121,123.13764038266349,120229.76186086726,-0.031590418495466364,4717.088499550562
58.365964643256504,2001.0,12.0,14.0,14.0,22.0,26.0,1.0,3488322.2320420663,34744.87071378018,-552253.5421584729,404.7925366439849,-294.33491057795055,4678.339469045701,3531937.5950639956,4705.034561503073,3488436.122673271,20313.016224483454,-552253.5421584729,3531937.595063996,405.0112124336981,-543.2756462221879,4678.339469045701,4727.160109157078,20254492.14261786,0.8265965035072742,1.6336279156971587,4.712160915387242e-08,1.662398012780807e-06,6.125866462278406,-0.1570041767498135,0.005822891958305336,135737.59506399604,-0.0711767820297075,-0.07084307821271739,803.0595973432064,-16543103691.11295,-1040799476.5867769,-204994714.45627004,-16543757274.627523,-1903409388.1794083,16575811994.75244,16654155484.255442,-0.9876833972232354,-0.005751238711825371,0.15635993765299427,-0.005822859053129995,0.9999830470125218,0.0,0.15635728688492914,0.0009104618785095793,0.9877001416913697,4683.6283790254665,-545.6247592818991,-0.11597341459359914,1.319405047733818e-09,174.34177229332894,0.0,-81.34177229332893,1.6,0.0,2.9994870899075454e-17,2.289853416020996,1.5707963267948966,18.418133543777678,461.0,0.006978928246518038,0.1538963755823932,0.0,0.014814552677589628,-1563.1701406508957,-15.569703951564875,247.47319477577594,-0.031949290032066036,0.04918479104943177,-0.36851665539912887,-0.03215249928494225,0.04905219254896896,-0.36851665539912887,-4.868847974079826e-18,1.1586716126100915e-20,4.236609769738346e-19,-4.868854242639173e-18,-8.556320841319572e-21,4.236609769738346e-19,-1563.2022931501806,-15.520651759015907,247.1046781203768,-1057246.9479470383,123.2911785876294,120206.91569943786,-0.031498340289942944,4717.105260577649
58.48008551872197,2001.0,12.0,14.0,14.0,22.0,26.0,1.0,3488368.4052396114,34711.28073693961,-551719.6424731952,404.40555596735675,-294.3387509044753,4678.4006112007855,3531899.4277265454,4705.06231976423,3488482.32043818,20251.01663126783,-551719.6424731952,3531899.4277265454,404.6174300245838,-543.2844215546532,4678.4006112007855,4727.187906807551,20254483.821362354,0.8265964323131495,1.6336279143499277,4.712160915387242e-08,1.6699276012013564e-06,6.126018096497809,-0.1568528418084932,0.00580504279344351,135699.42772654537,-0.07110820334169861,-0.07077482349382559,806.6002363562584,-16543103367.918991,-1040799433.8776249,-204998318.2362293,-16543753203.932703,-1903432013.86762,16575811669.514507,16654154070.817568,-0.9877071507338155,-0.005733746683807257,0.15621046232008157,-0.005805010189938225,0.9999831507863993,0.0,0.15620783029663526,0.0009068033255430347,0.987723793102984,4683.679356074718,-545.6240759437079,-0.11597201968505273,1.3240858410181934e-09,174.29856931636346,0.0,-81.29856931636344,1.6,0.0,2.99941310332381e-17,2.2898413330949166,1.5707963267948966,18.420524351738297,461.0,0.007003807951721736,0.15469423311977892,0.0,0.014867247753404408,-1563.2415097968365,-15.55515605080368,247.24196148231272,-0.03203134334518651,0.04935653118132334,-0.3698286267643733,-0.032235660579215134,0.04922333099021035,-0.3698286267643733,-4.886082090610384e-18,1.1675663221535632e-20,4.247481993681529e-19,-4.886088510435602e-18,-8.578198202893572e-21,4.247481993681529e-19,-1563.2737454574158,-15.505932719813469,246.87213285554836,-1057247.3823013306,123.44471679259533,120184.1361448931,-0.031406263069398824,4717.12197194531
58.51579344997448,2001.0,12.0,14.0,14.0,22.0,26.0,1.0,3488382.843563502,34700.77048761597,-551552.5861244267,404.28446774495944,-294.3399517772369,4678.419730489818,3531887.4928288925,4705.070999752126,3488496.7662896574,20231.617019514142,-551552.5861244267,3531887.492828893,404.4942135450466,-543.2871646102476,4678.419730489818,4727.196599112214,20254481.211257268,0.8265964099818567,1.6336279139273902,4.942156062059701e-08,1.6723192874063914e-06,6.1260655428612205,-0.1568054890819831,0.005799457919252258,135687.492828893,-0.07108674504406469,-0.07075346656479113,807.7099873125553,-16543103266.544334,-1040799420.4819475,-204999444.40518057,-16543751930.712597,-1903439088.9245787,16575811567.498772,16654153628.521902,-0.987714578500211,-0.005728273355420353,0.15616369073032288,-0.005799425409757208,0.9999831831910558,0.0,0.15616106455537185,0.0009056596761029006,0.9877311889869045,4683.695296692652,-545.6238622739314,-0.11597158350308945,1.3258760756660487e-09,174.26873207223252,0.0,-81.26873207223252,1.6,0.0,2.999363268366401e-17,2.2898331944287404,1.5707963267948966,18.422135084309765,461.0,0.0070133143569164665,0.15494449645266042,0.0,0.01488737875550666,-1563.2638275998531,-15.550603739846386,247.16960424753134,-0.03206476372880518,0.049420993888692366,-0.3703292216734172,-0.03226947263620198,0.049287572933871274,-0.3703292216734172,-4.89262844422048e-18,1.1706340450447475e-20,4.251879269615967e-19,-4.892634913248062e-18,-8.587040711677176e-21,4.251879269615967e-19,-1563.2960970724894,-15.501316166912515,246.79927502585792,-1057247.5185441077,123.59825499756124,120161.42319723294,-0.03131418683088837,4717.138633657638
58.584700254868046,2001.0,12.0,14.0,14.0,22.0,26.0,1.0,3488410.6934636687,34680.48838216911,-551230.2098980593,404.0507948061544,-294.34226813132113,4678.456609677211,3531864.4717557267,4705.087742457579,3488524.6305012368,20194.18065458131,-551230.2098980593,3531864.4717557267,404.2564336036495,-543.2924543267459,4678.456609677211,4727.213365574978,20254476.164539665,0.8265963668035796,1.6336279131105018,4.712160915387242e-08,1.6768276095551177e-06,6.1261571026149575,-0.15671411001339858,0.005788680669310585,135664.4717557272,-0.07104533580775295,-0.07071225294297089,809.8544938266277,-16543103070.534239,-1040799394.5827321,-205001615.67412233,-16543749474.338243,-1903452735.9352899,16575811370.249235,16654152774.90979,-0.9877289059076083,-0.005717711088880647,0.15607343212239308,-0.005788648340717898,0.9999832456348394,0.0,0.15607081721111943,0.0009034542138854382,0.9877454549556464,4683.726044514008,-545.6234501401814,-0.11597074216378372,1.3293292366409206e-09,174.211179389318,0.0,-81.21117938931799,1.6,0.0,2.999267131925095e-17,2.2898174941564053,1.5707963267948966,18.42524316656956,461.0,0.007031651423362095,0.15542839199690053,0.0,0.014926209420978602,-1563.3068771034461,-15.541818539525064,247.0299668601182,-0.03212914395443394,0.04954531776710227,-0.3712948169444949,-0.032334609309073836,0.04941147078075529,-0.3712948169444949,-4.905255147693559e-18,1.1765638534896168e-20,4.2603498313057763e-19,-4.905261712094136e-18,-8.604073895920651e-21,4.2603498313057763e-19,-1563.3392117127553,-15.492407068744308,246.6586720431737,-1057247.7819737643,123.75179320252715,120138.77685645744,-0.031222111571466524,4717.155245718698
58.76235154507282,2001.0,12.0,14.0,14.0,22.0,26.0,1.0,3488482.420094697,34628.19756837893,-550399.0676053748,403.4483238842416,-294.3482338704621,4678.5515923890725,3531805.1816312647,4705.130862736337,3488596.3927237256,20097.662839184108,-550399.0676053748,3531805.181631265,403.6433740618709,-543.3060697639327,4678.5515923890725,4727.256547037902,20254463.0928878,0.826596254966002,1.6336279109952798,4.712160915387242e-08,1.6884403106515652e-06,6.126393161801127,-0.15647851660255663,0.005760895856968153,135605.1816312652,-0.07093857443478763,-0.07060599589172678,815.401511490345,-16543102562.848166,-1040799327.5111243,-205007201.74284583,-16543743145.109102,-1903487883.5625265,16575810859.353512,16654150573.565144,-0.9877658062420128,-0.005690478892695159,0.15584072147239936,-0.005760863991661527,0.9999834060853557,0.0,0.15583813546476916,0.0008977772007648988,0.9877821974154839,4683.805235655828,-545.6223887684911,-0.11596857535795979,1.3382227553102166e-09,174.08147703908153,0.0,-81.08147703908152,1.5814770390815285,0.0,2.999049775590865e-17,2.289781997173213,1.5707963267948966,18.43227427903903,461.0,0.007078880835732907,0.1566817701428742,0.0,0.015026117493395316,-1563.4177558020701,-15.519166333753825,246.66991873440148,-0.032294183415226066,0.049866826230224,-0.37377980033426816,-0.03250160868957252,0.04973188185984442,-0.37377980033426816,-4.937788550684169e-18,1.1919296360470403e-20,4.2820994194618076e-19,-4.93779536415555e-18,-8.647694337989228e-21,4.2820994194618076e-19,-1563.4502574107596,-15.46943445189398,246.29613893406722,-1057248.4642912801,123.90533140749307,120116.19712256658,-0.031130037288188812,4717.1718081325325
58.96264351846919,2001.0,12.0,14.0,14.0,22.0,26.0,1.0,3488563.1595263667,34569.2413071736,-549461.9805658002,402.7690200722088,-294.35494929086155,4678.658512563592,3531738.441410466,4705.179401137189,3488677.170026802,19988.841460303953,-549461.9805658002,3531738.441410467,402.9521318270309,-543.3213820677869,4678.658512563592,4727.305154307236,20254448.250868574,0.8265961279811949,1.633627908594185,4.942156062059701e-08,1.701801334479992e-06,6.126659314855735,-0.1562128885909098,0.0057295707669529,135538.44141046703,-0.07081820237893943,-0.0704861924314228,821.687970250845,-16543101986.413198,-1040799251.3662815,-205013479.4201789,-16543736015.55905,-1903527447.8864796,16575810279.274845,16654148090.614145,-0.987807344145659,-0.005659774015518836,0.15557833335652177,-0.00572953941863081,0.9999835860543164,0.0,0.1555757797022085,0.0008913921936510762,0.9878235582278887,4683.894379266807,-545.6211941432572,-0.11596613635045931,1.3482337884299423e-09,173.99805176308382,0.0,-80.99805176308382,1.4980517630838153,0.0,2.998907424743551e-17,2.289758749515616,1.5707963267948966,18.43688210001162,461.0,0.007132051585612464,0.15810493852387186,0.0,0.015138237875253474,-1563.5425771530383,-15.493622494993549,246.26390919581422,-0.03247819284857308,0.050233412348893246,-0.37657056470233286,-0.032687854674141224,0.050097234292176926,-0.37657056470233286,-4.9744617107721595e-18,1.2094181178841265e-20,4.3064719856335408e-19,-4.974468811593244e-18,-8.696185529668412e-21,4.3064719856335408e-19,-1563.5752650077125,-15.44352526070137,245.8873386311119,-1057249.2390199602,124.05886961245898,120093.68399556034,-0.031037963978111316,4717.188320903165
59.00228590996108,2001.0,12.0,14.0,14.0,22.0,27.0,1.0,3488579.1235884596,34557.572346717054,-549276.5069343413,402.63456377587437,-294.35627709307647,4678.679653473955,3531725.2453176077,4705.188998291382,3488693.1413010466,19967.302841390017,-549276.5069343413,3531725.2453176077,402.8153125992688,-543.3244079070362,4678.679653473955,4727.31476507786,20254445.30053188,0.8265961027387551,1.63362790811695,4.942156062059701e-08,1.7044088612286923e-06,6.12671199385315,-0.1561603134996183,0.005723370904056493,135525.24531760812,-0.07079437741009874,-0.07046248000081962,822.9361571669579,-16543101871.829172,-1040799236.2311002,-205014719.36858183,-16543734605.263535,-1903535270.702548,16575810163.96658,16654147599.062542,-0.9878155572623851,-0.005653696551809301,0.15552639822777178,-0.005723339657388539,0.9999836215574563,0.0,0.15552385094759438,0.0008901304027478088,0.9878317364077227,4683.912005248724,-545.6209579526414,-0.11596565411053159,1.3499672909855824e-09,173.96721181690697,0.0,-80.98360590845348,1.5,0.0,2.998855801436182e-17,2.289750318789728,1.5707963267948966,18.43855370801671,461.0,0.007141263332314978,0.1583878497290831,0.0,0.015157763433761127,-1563.5672585143805,-15.488566187224285,246.18354111752618,-0.032508846347412856,0.050296997334599566,-0.3770559785736167,-0.032718914601013435,0.05016059867114829,-0.3770559785736167,-4.980804870449568e-18,1.2126559088812922e-20,4.3105045130142654e-19,-4.9808120267524465e-18,-8.704314312871481e-21,4.3105045130142654e-19,-1563.5999774289814,-15.438405588553136,245.80648513895255,-1057249.393022759,124.2124078174249,120071.23747543873,-0.030945891638290687,4717.204784034589
59.05914679966874,2001.0,12.0,14.0,14.0,22.0,27.0,1.0,3488602.0122649022,34540.83493277978,-549010.4721847305,402.4417032696668,-294.35818085153096,4678.709964705717,3531706.3252520133,4705.202758330546,3488716.0401586695,19936.4088088273,-549010.4721847305,3531706.3252520133,402.61906280813986,-543.3287452273706,4678.709964705717,4727.328544639501,20254441.061991014,0.8265960664746904,1.6336279074313698,4.942156062059701e-08,1.708182704900312e-06,6.12678755442322,-0.15608490196065272,0.005714478211847315,135506.32525201375,-0.07076020384319216,-0.07042846785270089,824.7285147607327,-16543101707.215118,-1040799214.4879912,-205016496.41450876,-16543732582.901907,-1903546486.7843812,16575809998.312098,16654146893.96372,-0.9878273329846371,-0.005644979217632058,0.15545190387412933,-0.005714447110601626,0.999983672413815,0.0,0.1554493657197712,0.00088832168293104,0.9878434620839015,4683.9372768562125,-545.6206193205933,-0.11596496269785583,1.3524899663981672e-09,173.92516722669723,0.0,-80.96258361334861,1.5,0.0,2.998785334680138e-17,2.2897388106951344,1.5707963267948966,18.44083598979735,461.0,0.007154668130497807,0.15879429093788394,0.0,0.015186158951606682,-1563.602646466228,-15.481313351930313,246.068260073151,-0.032553589961606094,0.05038950424323431,-0.3777620044868858,-0.03276424724794016,0.05025278558988701,-0.3777620044868858,-4.990036649946539e-18,1.2173425186368896e-20,4.3163954531983627e-19,-4.990043886427525e-18,-8.716169900090384e-21,4.3163954531983627e-19,-1563.635410713476,-15.431060566340426,245.6904980686641,-1057249.6142678056,124.36594602239082,120048.85756220177,-0.03085382026578418,4717.221197530776
59.18952496857072,2001.0,12.0,14.0,14.0,22.0,27.0,1.0,3488654.453048779,34502.45676776724,-548400.4660186615,401.9994706991931,-294.36254262043104,4678.779412295817,3531662.9770448897,4705.234284269338,3488768.503559742,19865.569954213985,-548400.4660186615,3531662.9770448897,402.1690587274901,-543.3386780460906,4678.779412295817,4727.360115305562,20254431.313434325,0.8265959830679435,1.6336279058546999,4.942156062059701e-08,1.716805197387167e-06,6.126960812725374,-0.15591198534956444,0.005694088110291642,135462.97704488924,-0.07068184471166011,-0.0703504788437743,828.847173333168,-16543101328.609444,-1040799164.481992,-205020564.53114083,-16543727947.945848,-1903572184.3025594,16575809617.313618,16654145277.028648,-0.9878543128934009,-0.005624990290221989,0.15528108700721333,-0.005694057340780598,0.9999837887240972,0.0,0.15527856970266937,0.0008841794133578138,0.9878703275318367,4683.995177818147,-545.6198435139543,-0.1159633786079834,1.3582697273480996e-09,173.8288378775317,0.0,-80.91441893876585,1.5,0.0,2.9986238591155813e-17,2.2897124397341897,1.5707963267948966,18.446068076187633,461.0,0.00718538102341067,0.1597291060117033,0.0,0.015251217582136177,-1563.6837279078368,-15.464681568979369,245.80390423621748,-0.03265584813799139,0.05060142770208598,-0.37937961635141365,-0.03286785805550717,0.05046397536801894,-0.37937961635141365,-5.011186678444151e-18,1.2281182807756149e-20,4.3298582598118116e-19,-5.0111941001136455e-18,-8.743263319469336e-21,4.3298582598118116e-19,-1563.7165957658922,-15.414217593611351,245.42452461986608,-1057250.1231272053,124.51948422735673,120026.54425584943,-0.030761749857649623,4717.237561395674
59.24967717124715,2001.0,12.0,14.0,14.0,22.0,27.0,1.0,3488678.628065621,34484.750151985296,-548119.0261685626,401.7954313869019,-294.3645533912977,4678.811427771615,3531642.9936734606,4705.248817610276,3488792.6886698375,19832.8867982812,-548119.0261685626,3531642.99367346,401.9614338445136,-543.3432549176913,4678.811427771615,4727.374669265082,20254426.8016617,0.8265959444660309,1.6336279051250724,4.942156062059701e-08,1.7208744567474623e-06,6.127040749835362,-0.15583220587207963,0.005684680899795903,135442.99367346056,-0.07064569169965314,-0.0703144965942872,830.7515757977962,-16543101153.386793,-1040799141.3398882,-205022438.36324313,-16543725810.550669,-1903584030.809626,16575809440.983627,16654144530.93482,-0.9878667506652331,-0.005615767741476016,0.15520227473457987,-0.0056846502825359324,0.9999838422450461,0.0,0.15519976701425642,0.0008822706549201489,0.987882712632027,4684.021870232772,-545.6194858889952,-0.11596264835841082,1.3610509489809142e-09,173.78248418365143,0.0,-80.88248418365144,1.5,0.0,2.998546220169649e-17,2.289699760332098,1.5707963267948966,18.44858480559289,461.0,0.007200157578501764,0.160161753509928,0.0,0.015282512722231084,-1563.7211077026498,-15.457007496391626,245.6819277814776,-0.032705654305093174,0.05070264813973254,-0.38015776504805016,-0.032918304047827814,0.050564845599690565,-0.38015776504805016,-5.021359171472802e-18,1.2332086125022744e-20,4.3364129786139693e-19,-5.02136667988789e-18,-8.756448702762527e-21,4.3364129786139693e-19,-1563.7540260066976,-15.406442650791934,245.30177001642957,-1057250.3586348444,124.67302243232264,120004.29755638173,-0.030669680410945352,4717.253875633208
59.29740065082969,2001.0,12.0,14.0,14.0,22.0,27.0,1.0,3488697.7992788693,34470.7020131792,-547895.7364010453,401.63354745677555,-294.3661479720487,4678.83681677121,3531627.146508667,4705.260342795961,3488811.8677374204,19806.956480954814,-547895.7364010453,3531627.146508667,401.7967051757919,-543.346883502176,4678.83681677121,4727.386210801419,20254423.215224974,0.8265959137810952,1.6336279045451494,4.942156062059701e-08,1.724097191614246e-06,6.12710417087808,-0.15576890988514303,0.005677217469263255,135427.14650866715,-0.07061700836122851,-0.07028594873527787,832.264527618885,-16543101014.101864,-1040799122.9451628,-205023923.6463612,-16543724115.223974,-1903593425.314141,16575809300.818535,16654143938.936335,-0.9878766140945616,-0.0056084506260905215,0.15513974541244818,-0.00567718697243731,0.9999838846441876,0.0,0.15513724528025022,0.0008807573415627917,0.9878925343342568,4684.043037903531,-545.6192022940111,-0.11596206926229026,1.3634280236999245e-09,173.74286627166794,0.0,-80.84286627166793,1.5,0.0,2.9984799641177294e-17,2.289688939897673,1.5707963267948966,18.450733111316097,461.0,0.007212783014116988,0.16050567236328414,0.0,0.015309244184307331,-1563.7507512256248,-15.450918729482893,245.58514915437803,-0.03274918479667059,0.05078809972811309,-0.380822482238656,-0.03296236436698639,0.0506500021142869,-0.380822482238656,-5.030047043208729e-18,1.2374079122851296e-20,4.342138498401372e-19,-5.030054621734579e-18,-8.767958349397348e-21,4.342138498401372e-19,-1563.7837135899917,-15.400268727368607,245.2043266721394,-1057250.5458414312,124.82656063728855,119982.11746379866,-0.030577611922730362,4717.27014024727
59.46600056676601,2001.0,12.0,14.0,14.0,22.0,27.0,1.0,3488765.466447808,34421.07143074354,-547106.877349888,401.0616111455386,-294.3717762696665,4678.926431536111,3531571.2119792765,4705.30102228604,3488879.561567509,19715.347162506416,-547106.877349888,3531571.2119792765,401.2147186659709,-543.3596842684698,4678.926431536111,4727.426948001395,20254410.494879913,0.8265958049477936,1.6336279024888065,4.942156062059701e-08,1.7353936085507966e-06,6.127328232453262,-0.1555452900674044,0.005650850642234333,135371.2119792765,-0.0705156722441089,-0.07018509124702506,837.6242613494396,-16543100520.091808,-1040799057.7118825,-205029161.19238186,-16543718128.940489,-1903626584.489246,16575808803.687273,16654141846.99853,-0.9879114286958294,-0.0055825993528407164,0.15491882918687083,-0.0056508205683488254,0.9999840339859953,0.0,0.15491635575067444,0.000875418506393688,0.9879272019553714,4684.117752628528,-545.6182013647032,-0.11596002530360702,1.3718182031085263e-09,173.60302994819122,0.0,-80.70302994819123,1.5,0.0,2.99824605292946e-17,2.289650739301643,1.5707963267948966,18.458321658650494,461.0,0.007257347457119819,0.16172550507140676,0.0,0.01540359733704098,-1563.8553865782123,-15.429405755833143,245.24320863814287,-0.03290240754082279,0.05108962469500285,-0.3831687040818394,-0.033117462004897395,0.050950484627850345,-0.3831687040818394,-5.060709582875461e-18,1.2522929670049638e-20,4.362290529936906e-19,-5.060717411284935e-18,-8.808467094848694e-21,4.362290529936906e-19,-1563.8885040402172,-15.378455271205292,244.86003993406104,-1057251.2098248042,124.98009884225446,119960.00397810023,-0.03048554439006414,4717.2863552417375
59.687985114056545,2001.0,12.0,14.0,14.0,22.0,27.0,1.0,3488854.4123414587,34355.72462397816,-546068.214907517,400.308521398707,-294.37917451353667,4679.04422942179,3531497.688185734,4705.3544937206425,3488968.5399799305,19594.72784240559,-546068.214907517,3531497.6881857347,400.4483960908155,-543.3764942676071,4679.04422942179,4727.480495289178,20254393.627849814,0.8265956606355803,1.6336278997630092,4.942156062059701e-08,1.7503632362330866e-06,6.127623250487928,-0.1552508535614236,0.005616136002692437,135297.68818573467,-0.07038224440823672,-0.07005229359155382,844.7168737351894,-16543099865.051512,-1040798971.2287946,-205036034.0093184,-16543710254.443151,-1903670171.2005935,16575808144.509245,16654139091.497004,-0.9879571921148126,-0.005548560291560647,0.1546279406423888,-0.005616106479663403,0.9999842295496509,0.0,0.15462550209012832,0.0008684069793787278,0.9879727728903737,4684.215964185224,-545.6168858076398,-0.11595733867556589,1.3828467721397983e-09,173.50961023216834,0.0,-80.60961023216834,1.4096102321683472,0.0,2.998086572830448e-17,2.289624694224952,1.5707963267948966,18.463499216698086,461.0,0.007315934621834397,0.1633430277409737,0.0,0.015527116245336856,-1563.9929372795784,-15.401075630141573,244.79291207082815,-0.033101504221136495,0.05149292970546435,-0.38624317054327445,-0.0333190649022456,0.05135242258544144,-0.38624317054327445,-5.101092648937028e-18,1.2720983068819071e-20,4.388657029190185e-19,-5.101100814621954e-18,-8.860897971953808e-21,4.388657029190185e-19,-1564.0262563444808,-15.349723207556131,244.40666890028487,-1057252.0902603436,125.13363704722039,119937.95709928642,-0.03039347781000679,4717.302520620453
59.743632251968364,2001.0,12.0,14.0,14.0,22.0,27.0,1.0,3488876.6831120052,34339.34321391394,-545807.8386673103,400.1197262914319,-294.38102693839545,4679.073724800926,3531479.2788866353,4705.367882165139,3488990.8184418045,19564.490378651106,-545807.8386673103,3531479.278886635,400.25628370661406,-543.3807003724868,4679.073724800926,4727.493902725453,20254389.378692318,0.826595624280223,1.633627899076425,4.942156062059701e-08,1.7541015051720774e-06,6.1276972075861655,-0.15517704222174425,0.005607433879543046,135279.27888663532,-0.07034879576942608,-0.0700190029266634,846.5012368559837,-16543099700.035273,-1040798949.4437138,-205037752.77396947,-16543708281.765644,-1903681084.7296562,16575807978.450733,16654138400.54721,-0.9879686507864132,-0.005540026950071522,0.15455501662730592,-0.005607404493537878,0.9999842783838383,0.0,0.15455258677265865,0.0008666524947347767,0.9879841834945199,4684.240555287405,-545.6165564335091,-0.115956665996279,1.3854294817819555e-09,173.47617530363408,0.0,-80.58808765181703,1.4,0.0,2.998030178812592e-17,2.2896154843829155,1.5707963267948966,18.465330780829813,461.0,0.0073296586492665825,0.16375053163761738,0.0,0.015556122632735243,-1564.027380047276,-15.393972867936364,244.6800163652257,-0.033147118432354364,0.05158747509451925,-0.3869647301518328,-0.03336528163546554,0.05144664253750905,-0.3869647301518328,-5.110544256927102e-18,1.2769081713856739e-20,4.394678046144384e-19,-5.110552506558477e-18,-8.872945805561345e-21,4.394678046144384e-19,-1564.0607453289115,-15.342526225398855,244.29305163507385,-1057252.3120606951,125.2871752521863,119915.97682735726,-0.03030141217961899,4717.318636387236
59.79335951511514,2001.0,12.0,14.0,14.0,22.0,27.0,1.0,3488896.5757761016,34324.70440997722,-545575.1604817816,399.95101213469593,-294.38268156317247,4679.100070790239,3531462.8353601233,4705.3798409672645,3489010.7178228223,19537.46945017483,-545575.1604817816,3531462.835360124,400.0846051495885,-543.3844563670815,4679.100070790239,4727.505878491139,20254385.575118314,0.8265955917372018,1.6336278984618622,5.16191365590357e-08,1.7574528313749931e-06,6.127763297599967,-0.1551110824544931,0.005599657560019053,135262.83536012378,-0.07031890516523438,-0.06998925349081273,848.0976934432983,-16543099552.324018,-1040798929.9435335,-205039287.29840094,-16543706519.413448,-1903690832.9136703,16575807829.80653,16654137783.059752,-0.9879788859414763,-0.005532401262884162,0.1544898490843515,-0.0055996282961007305,0.9999843219585722,0.0,0.1544874269860974,0.0008650857303930663,0.9879943757582299,4684.26252063768,-545.6162622388933,-0.11595606515134366,1.3876219519834956e-09,173.43963413360842,0.0,-80.5698170668042,1.4,0.0,2.997968862242374e-17,2.28960547062707,1.5707963267948966,18.467322646268315,461.0,0.007341311454829782,0.16411530632194635,0.0,0.015580803206589866,-1564.058145659747,-15.387625389223683,244.57912560257992,-0.03318521184959486,0.05166778987638485,-0.3875783771804194,-0.03340389644542794,0.05152667754159854,-0.3875783771804194,-5.1185640496315865e-18,1.2810998117197267e-20,4.399691993967751e-19,-5.118572373579288e-18,-8.883033522408402e-21,4.399691993967751e-19,-1564.0915495561924,-15.336098711682084,244.1915472253995,-1057252.5106022563,125.44071345715221,119894.06316231273,-0.030209347495961953,4717.3347025458825
59.908400557582944,2001.0,12.0,14.0,14.0,22.0,27.0,1.0,3488942.5641062157,34290.83809931153,-545036.8684273353,399.56068931485186,-294.3865067810344,4679.160978691157,3531424.820827237,4705.407487596211,3489056.721127138,19474.957436435445,-545036.8684273353,3531424.820827237,399.6874242836975,-543.3931360319403,4679.160978691157,4727.533564335969,20254376.75275306,0.8265955162537594,1.633627897036501,5.16191365590357e-08,1.7653945946242581e-06,6.12791619522602,-0.15495848612501387,0.005581667695616736,135224.82082723686,-0.07024975391966812,-0.06992042882992565,851.7977170348167,-16543099209.711308,-1040798884.715039,-205042832.28951788,-16543702444.019592,-1903713369.0623982,16575807485.029974,16654136354.397968,-0.9880025480224793,-0.0055147591764033175,0.1543390829709523,-0.005581638712839105,0.9999844225333109,0.0,0.15433667875902848,0.0008614650004147541,0.9880179388390099,4684.313301099901,-545.6155821438815,-0.11595467612066218,1.392690556368416e-09,173.35515739385974,0.0,-80.52757869692987,1.4,0.0,2.9978270879473696e-17,2.2895823171276115,1.5707963267948966,18.471929879615445,461.0,0.007368251333744764,0.16496140908322282,0.0,0.01563786110098569,-1564.1292728405092,-15.372939701891555,244.34570217779108,-0.03327307943930095,0.05185344712369917,-0.38899703562796184,-0.03349297179156363,0.051711687601100585,-0.38899703562796184,-5.137103534995121e-18,1.2908197076302021e-20,4.411256971286544e-19,-5.137112031931388e-18,-8.906300965618654e-21,4.411256971286544e-19,-1564.1627658123007,-15.321228014290455,243.95670514216312,-1057252.9711184185,125.59425166211813,119872.21610415283,-0.030117283756097468,4717.350719100158
59.9915256150525,2001.0,12.0,14.0,14.0,22.0,27.0,1.0,3488975.7658887403,34266.36708927421,-544647.911075035,399.27864320611087,-294.38926845418194,4679.20495236051,3531397.375814681,4705.427447373578,3489089.9332385524,19429.78759046053,-544647.911075035,3531397.375814681,399.4004226929008,-543.3993993399579,4679.20495236051,4727.5535524249135,20254370.35788209,0.8265954615396618,1.633627896003449,4.942156062059701e-08,1.7709200998243714e-06,6.128026676299774,-0.15484822274168686,0.005568668942934132,135197.37581468094,-0.07019978641654519,-0.06987069730684463,854.4770571887493,-16543098961.371479,-1040798851.9333633,-205045389.41334113,-16543699500.74321,-1903729639.3413863,16575807235.121813,16654135321.964863,-0.9880196313034953,-0.00550201110855675,0.15423013983222056,-0.005568640162172946,0.9999844950031697,0.0,0.1542277484943913,0.0008588521508872528,0.9880349507822755,4684.349963002417,-545.6150911685901,-0.11595367330921501,1.3964264301143434e-09,173.2934395367024,0.0,-80.49343953670241,1.4,0.0,2.997723519062326e-17,2.2895654030450996,1.5707963267948966,18.4752970571853,461.0,0.007388106339416362,0.1655747023058565,0.0,0.015679911575724754,-1564.1806260746541,-15.362327262640568,244.17702148142916,-0.033338164028961725,0.051990006407340895,-0.39004257011623955,-0.03355894117752756,0.051847771544209595,-0.39004257011623955,-5.150766859015563e-18,1.2979335217827968e-20,4.419822843710698e-19,-5.150775482355876e-18,-8.923532782865594e-21,4.419822843710698e-19,-1564.2141850158316,-15.310479491096357,243.78697891131293,-1057253.304922739,125.74778986708404,119850.43565287755,-0.030025220957087904,4717.3666860538015
60.02305185225051,2001.0,12.0,14.0,14.0,22.0,28.0,1.0,3488988.351955743,34257.08608686589,-544500.3930870414,399.1716712000339,-294.39031534656914,4679.221621926827,3531386.972012832,4705.435013680032,3489102.5231151786,19412.65621468614,-544500.3930870414,3531386.9720128323,399.29157124121207,-543.4017729473464,4679.221621926827,4727.561129463491,20254367.927752618,0.8265954407476114,1.633627895610909,4.942156062059701e-08,1.7731755710417588e-06,6.128068578100011,-0.15480640349877567,0.005563739035515715,135186.9720128323,-0.0701808353902259,-0.0698518357789991,855.4946465492249,-16543098866.999788,-1040798839.4764954,-205046358.2752338,-16543698384.777172,-1903735807.0577755,16575807140.154171,16654134930.358727,-0.9880261072397989,-0.0054971761431235186,0.15418882082375848,-0.005563710331125077,0.9999845224438983,0.0,0.15418643435763393,0.0008578619353611385,0.9880413997059936,4684.3638608052515,-545.6149050559658,-0.11595329316860144,1.3981170479147521e-09,173.26743003208074,0.0,-80.46743003208074,1.4,0.0,2.997679969429387e-17,2.289558290850307,1.5707963267948966,18.4767132995192,461.0,0.007397084839111323,0.1658077651244153,0.0,0.015698922164558062,-1564.2000934363,-15.358302135888222,244.11304361776675,-0.03336931927811135,0.05205086130607919,-0.390515302955434,-0.03359047091743612,0.05190841834745212,-0.390515302955434,-5.156947507927451e-18,1.300889871229543e-20,4.423922723838199e-19,-5.1569561811544815e-18,-8.931775716000367e-21,4.423922723838199e-19,-1564.2336839072175,-15.30639371754077,243.7225283148113,-1057253.431772532,125.90132807204996,119828.72180848694,-0.02993315909599618,4717.382603410524
60.11648210338526,2001.0,12.0,14.0,14.0,22.0,28.0,1.0,3489025.631855465,34229.580980872284,-544063.2099285693,398.8546442048742,-294.39341624579976,4679.27099748866,3531356.155976955,4705.457425019505,3489139.8139569922,19361.885722147883,-544063.2099285693,3531356.155976954,398.9689743237416,-543.4088013823882,4679.27099748866,4727.583572590896,20254360.708709832,0.8265953789818156,1.6336278944449818,4.942156062059701e-08,1.7794257686770139e-06,6.128192758508121,-0.15468246773956795,0.005549129016991678,135156.15597695392,-0.0701246719816409,-0.06979593760562991,858.5154578983784,-16543098586.656845,-1040798802.4744982,-205049226.46720207,-16543695078.464417,-1903754075.845477,16575806858.041052,16654133769.601494,-0.9880452890744228,-0.005482847061284702,0.154066365978895,-0.005549100538135147,0.9999846036230846,0.0,0.1540639939150544,0.0008549297543620128,0.9880605016263211,4684.405026303566,-545.6143538057821,-0.11595216720332606,1.4031246537449866e-09,173.19038994238483,0.0,-80.39038994238481,1.4,0.0,2.997550958925291e-17,2.2895372218360923,1.5707963267948966,18.480910064507377,461.0,0.0074236796150786155,0.16650011953134033,0.0,0.01575523187617649,-1564.2577572554574,-15.346372662919839,243.9234291653734,-0.03346145567550572,0.05223108355125587,-0.3919155434216261,-0.03368371820441047,0.05208802389021849,-0.3919155434216261,-5.1752537600175955e-18,1.3096682330450525e-20,4.436047029202252e-19,-5.1752625818421375e-18,-8.956151460351116e-21,4.436047029202252e-19,-1564.2914409736618,-15.29428463902962,243.53151362195177,-1057253.8085979447,126.05486627701588,119807.07457098094,-0.029841098169885803,4717.398471174012
60.23021400877796,2001.0,12.0,14.0,14.0,22.0,28.0,1.0,3489070.9724077866,34196.098842253974,-543531.0241074057,398.4687139647033,-294.3971876337427,4679.331049721337,3531318.676902708,4705.484682047274,3489185.1671267278,19300.08231783423,-543531.0241074057,3531318.676902708,398.5762637579256,-543.4173450934153,4679.331049721337,4727.610868278584,20254351.886123344,0.8265953034960318,1.6336278930204389,5.16191365590357e-08,1.7873320147799277e-06,6.128343925233858,-0.15453159879283893,0.00553134458601417,135118.67690270767,-0.07005630331423955,-0.06972789180720795,862.2029906511307,-16543098244.045172,-1040798757.259663,-205052711.64433205,-16543691055.588478,-1903776294.7597938,16575806513.26639,16654132356.199173,-0.9880686186575108,-0.00546540374395272,0.1539172965788895,-0.005531316380096828,0.9999847021525395,0.0,0.1539149419755649,0.000851365263747033,0.988083734211755,4684.4550930794785,-545.6136833942047,-0.11595079780279599,1.409198464593849e-09,173.09834612838458,0.0,-80.2983461283846,1.39834612838459,0.0,2.9973967329252065e-17,2.2895120348188738,1.5707963267948966,18.48592968946116,461.0,0.007455938279030402,0.16734626796920382,0.0,0.015823522486481827,-1564.3278922416366,-15.33184955188057,243.69258981370515,-0.033572802316042386,0.05244973143150427,-0.3936137591345996,-0.033796417202947605,0.052305922865707045,-0.3936137591345996,-5.197457116154786e-18,1.3203745243771688e-20,4.450701458807285e-19,-5.197466120343071e-18,-8.985601951969918e-21,4.450701458807285e-19,-1564.3616886588395,-15.279543629014862,243.29897605457055,-1057254.2691267803,126.20840448198179,119785.49394035958,-0.029749038175820815,4717.414289347921
60.27186536759359,2001.0,12.0,14.0,14.0,22.0,28.0,1.0,3489087.5662276335,34183.83677061423,-543336.1231531509,398.3273726950248,-294.39856789713645,4679.353027943329,3531304.960241147,4705.494657604067,3489201.7653744565,19277.448181911004,-543336.1231531509,3531304.960241147,398.4324393416136,-543.4204707242201,4679.353027943329,4727.62085798388,20254348.64578901,0.826595275771789,1.6336278924973122,5.16191365590357e-08,1.790125062189485e-06,6.128399286919515,-0.15447634615258626,0.005524831562542627,135104.96024114685,-0.07003126468140924,-0.06970297141682555,863.5562244355679,-16543098118.212593,-1040798740.6545949,-205053986.2843122,-16543689582.840496,-1903784426.4949672,16575806386.639475,16654131838.473028,-0.9880771569318626,-0.005459015406189835,0.15386270210886782,-0.0055248034561432525,0.9999847381569236,0.0,0.1538603538804529,0.0008500611883826126,0.9880922370405294,4684.473416746317,-545.6134380441855,-0.11595029663271844,1.411255963827974e-09,173.08120030143354,0.0,-80.28120030143354,1.3812003014335488,0.0,2.9973674108521604e-17,2.2895072461609414,1.5707963267948966,18.48688436015283,461.0,0.007466870523378029,0.16765704459099723,0.0,0.015846563738259475,-1564.3535612268715,-15.326530439110114,243.60804452861942,-0.03360929149833195,0.0525249191558613,-0.39418728578603945,-0.03383338169423344,0.05238085423589352,-0.39418728578603945,-5.2049883860237924e-18,1.3241663748929897e-20,4.455534096666386e-19,-5.204997456926721e-18,-8.995203598370851e-21,4.455534096666386e-19,-1564.3873946085657,-15.27414958487422,243.21385724283337,-1057254.4382685963,126.3619426869477,119763.97991662285,-0.029656979110865837,4717.430057935878
60.34379008428722,2001.0,12.0,14.0,14.0,22.0,28.0,1.0,3489116.2070335117,34162.66215133923,-542999.560647938,398.08329522007244,-294.4009502266307,4679.390962437127,3531281.2853882145,4705.51187531876,3489230.4135830174,19238.362624520872,-542999.560647938,3531281.2853882145,398.1840738647776,-543.4258640082103,4679.390962437127,4727.638100118375,20254343.039185062,0.8265952278017343,1.63362789159222,5.16191365590357e-08,1.7950179002082387e-06,6.128494888011195,-0.15438093335357436,0.005513584773005872,135081.2853882145,-0.06998802679598719,-0.069659937715809,865.8963737487793,-16543097900.491306,-1040798711.9244986,-205056185.20391315,-16543687040.346712,-1903798461.8293958,16575806167.543837,16654130944.34201,-0.9880918940161476,-0.0054479836268284945,0.1537684247626405,-0.005513556837904055,0.999984800229981,0.0,0.15376608751794793,0.0008478109498037918,0.9881069130139796,4684.505043431496,-545.6130145832566,-0.1159494316241431,1.414807191767821e-09,173.05160673526817,0.0,-80.25160673526815,1.3516067352681578,0.0,2.997316798442599e-17,2.2894989805271933,1.5707963267948966,18.48853244360015,461.0,0.007485739810821929,0.16819477551805523,0.0,0.015886332338260718,-1564.3978667731558,-15.317344743380112,243.46204136852822,-0.03367217560357359,0.05265468292206998,-0.39517718026485543,-0.03389708730972609,0.052510175351244366,-0.39517718026485543,-5.2179869020780176e-18,1.3307252956887152e-20,4.463862521886989e-19,-5.2179960886923156e-18,-9.011749591782149e-21,4.463862521886989e-19,-1564.4317638604655,-15.264834568028867,243.06686418826337,-1057254.7309271619,126.51548089191361,119742.53249977075,-0.02956492097208605,4717.445776941481
60.49252598018345,2001.0,12.0,14.0,14.0,22.0,28.0,1.0,3489175.3787713177,34118.873796190535,-542303.5614119074,397.57853604893273,-294.4058721272536,4679.469335886041,3531232.373278928,4705.547446936176,3489289.5996507723,19157.53486336522,-542303.5614119074,3531232.3732789275,397.6704472259899,-543.4370003477321,4679.469335886041,4727.673722185321,20254331.4004619,0.8265951282207173,1.6336278897135554,5.16191365590357e-08,1.805378839937873e-06,6.128692589227493,-0.1541836214760292,0.005490327421355884,135032.37327892752,-0.06989861156656177,-0.06957094472752574,870.7490511238575,-16543097448.529213,-1040798652.2876378,-205060723.74729377,-16543681785.39079,-1903827458.8356168,16575805712.728968,16654129094.9035,-0.9881223410995156,-0.005425169696656492,0.15357345654042903,-0.005490299838271406,0.9999849281902632,0.0,0.15357114191051144,0.0008431643236066983,0.988137234115902,4684.570384686348,-545.6121397607491,-0.11594764455009184,1.4221016374882435e-09,172.9830517309501,0.0,-80.19152586547506,1.3,0.0,2.9972000575745775e-17,2.289479915296613,1.5707963267948966,18.492335016715916,461.0,0.00752450026334477,0.16931107324602412,0.0,0.015968081047751742,-1564.4894060834768,-15.298347261763618,243.1600835751156,-0.0338008651101729,0.0529213086853426,-0.3972116858638733,-0.034027472481718196,0.05277588949199561,-0.3972116858638733,-5.244683732071616e-18,1.344284493026439e-20,4.480891843157693e-19,-5.244693159364603e-18,-9.045642631423952e-21,4.480891843157693e-19,-1564.5234335559585,-15.245571372271623,242.76287188925173,-1057255.338456232,126.66901909687952,119721.15168980329,-0.02947286375654718,4717.461446368302
60.59499605318499,2001.0,12.0,14.0,14.0,22.0,28.0,1.0,3489216.100855368,34088.70583138495,-541824.053083181,397.2307701843081,-294.409259405128,4679.5232734135625,3531198.7118870956,4705.571927324443,3489330.33083996,19101.848441732076,-541824.053083181,3531198.711887095,397.3165720982623,-543.4446595639797,4679.5232734135625,4727.69823729177,20254323.347948596,0.8265950593231822,1.6336278884139102,5.16191365590357e-08,1.8124370017360086e-06,6.128828796615746,-0.1540476822877974,0.005474304756334515,134998.7118870956,-0.06983700834092735,-0.06950963240086416,874.1024104058743,-16543097135.832636,-1040798611.0292647,-205063843.72306114,-16543678167.244835,-1903847414.6932,16575805398.058798,16654127820.447695,-0.9881432951065049,-0.005409451577287172,0.1534391285483979,-0.005474277414036531,0.9999850160311374,0.0,0.15343682942127343,0.0008399683558419425,0.9881581016367311,4684.615353203349,-545.6115377429823,-0.11594641470532403,1.4269638385306348e-09,172.90824863799023,0.0,-80.15412431899512,1.3,0.0,2.9970743783100467e-17,2.289459390315106,1.5707963267948966,18.496430547632663,461.0,0.007550339291187125,0.17008343077377988,0.0,0.016022808316683568,-1564.5524069562623,-15.285257552675732,242.95202758873975,-0.033885992462268186,0.053099459072619655,-0.39857242627723805,-0.034113747550190844,0.05295342545142433,-0.39857242627723805,-5.262472508560162e-18,1.3534788737593174e-20,4.492101859400917e-19,-5.262482100837898e-18,-9.068198189198527e-21,4.492101859400917e-19,-1564.5865207038125,-15.232304127224308,242.5534551624625,-1057255.75878934,126.82255730184545,119699.83748672045,-0.029380807461315522,4717.477066219881
60.746395294080294,2001.0,12.0,14.0,14.0,22.0,28.0,1.0,3489276.202394452,34044.13211451772,-541115.5707850212,396.71692146209807,-294.41425870067354,4679.602880754284,3531149.031189944,4705.6080577396615,3489390.4446860827,19019.570477381127,-541115.5707850212,3531149.031189944,396.79369679042367,-543.4559565463964,4679.602880754284,4727.734418945523,20254311.399906408,0.8265949570951494,1.6336278864858023,5.16191365590357e-08,1.8229425545828204e-06,6.129030047357267,-0.15384682776752884,0.005450631686322191,134949.03118994413,-0.06974598748502998,-0.0694190413477537,879.0718127191067,-16543096671.869486,-1040798549.8161844,-205068443.32646108,-16543672824.752115,-1903876867.5618165,16575804931.167582,16654125937.008131,-0.9881742214403821,-0.0053862270635946,0.15324064943321672,-0.0054506046972090305,0.9999851453438869,0.0,0.15323837309606686,0.0008352542036040534,0.988188900646676,4684.681722874354,-545.610649282598,-0.11594459961644635,1.4341574316340782e-09,172.79757797486033,0.0,-80.09757797486033,1.3,0.0,2.996888404521019e-17,2.2894290184904857,1.5707963267948966,18.502494351145234,461.0,0.007588568940304005,0.17122943459861092,0.0,0.016103776905833776,-1564.6453946860574,-15.265915175333602,242.644587791789,-0.034011614120096546,0.05336288700072958,-0.40058562720817603,-0.034241070590163826,0.053215943935501164,-0.40058562720817603,-5.2887883760595196e-18,1.3671295320578435e-20,4.508643269491916e-19,-5.288798214541297e-18,-9.1014791562073e-21,4.508643269491916e-19,-1564.6796357566477,-15.2126992313981,242.24400216458082,-1057256.3824657574,126.97609550681136,119678.58989052227,-0.029288752083457964,4717.492636499726
60.77980337840318,2001.0,12.0,14.0,14.0,22.0,28.0,1.0,3489289.454052635,34034.2962797439,-540959.233924489,396.6035303733592,-294.41536098863963,4679.620433392429,3531138.077200375,4705.616024041339,3489403.69887591,19001.414613388748,-540959.233924489,3531138.077200375,396.6783138490163,-543.458446232171,4679.620433392429,4727.742396544372,20254308.755100686,0.8265949344660235,1.6336278860590527,5.16191365590357e-08,1.8252553937178475e-06,6.129074456537999,-0.15380250601063658,0.005445407995122738,134938.07720037503,-0.06972590226225504,-0.0693990509662571,880.1708051264286,-16543096569.167944,-1040798536.2670791,-205069456.65537286,-16543671646.389051,-1903883361.5774775,16575804827.817944,16654125521.325985,-0.9881810403864032,-0.005381102125707249,0.15319685101449862,-0.005445381083531372,0.9999851738025195,0.0,0.1531945796877321,0.0008342152345709247,0.9881956915708758,4684.696356711568,-545.6104533964053,-0.11594419941679786,1.4359374549390557e-09,172.7701930009376,0.0,-80.0701930009376,1.3,0.0,2.996842495257241e-17,2.2894215209387325,1.5707963267948966,18.50399188748358,461.0,0.0075980242613626365,0.17148311415023726,0.0,0.016123793878096412,-1564.6658981557039,-15.26164666413471,242.57674141393085,-0.03404380767939433,0.05342686024140633,-0.40108337821314705,-0.03427366547796777,0.0532796968016027,-0.40108337821314705,-5.295292767759142e-18,1.3703329659463487e-20,4.512878476206694e-19,-5.295302662320792e-18,-9.109991457803787e-21,4.512878476206694e-19,-1564.7001718211818,-15.208366967333108,242.1756580357177,-1057256.5205221977,127.12963371177727,119657.4089012087,-0.029196697620041873,4717.508157211324
60.837978829949236,2001.0,12.0,14.0,14.0,22.0,28.0,1.0,3489312.5208985177,34017.16847735955,-540686.994003894,396.4060722845695,-294.41727971785764,4679.650987007092,3531119.009851601,4705.6298907730725,3489426.769971463,18969.798546836002,-540686.994003894,3531119.009851601,396.477387207621,-543.462778965071,4679.650987007092,4727.756282940552,20254304.141792703,0.8265948949942331,1.6336278853147501,5.575503985246929e-08,1.8294475477684323e-06,6.129151789493632,-0.15372532528395658,0.005436311727518909,134919.00985160097,-0.0696909263754903,-0.06936424023220532,882.0868100821972,-16543096390.027388,-1040798512.6347544,-205071219.81860018,-16543669594.865732,-1903894665.5675073,16575804647.546999,16654124797.384558,-0.9881929100197928,-0.005372177628086579,0.1531205808967104,-0.005436284950565447,0.9999852232937926,0.0,0.15311831827887218,0.0008324071095506259,0.9882075124718765,4684.721829590686,-545.610112428568,-0.1159435028034349,1.4390358991148406e-09,172.72252462900246,0.0,-80.02252462900245,1.3,0.0,2.9967625745833084e-17,2.28940846890218,1.5707963267948966,18.50659945681881,461.0,0.007614483130603593,0.1719256117226371,0.0,0.016158637122505804,-1564.7015887518698,-15.254213327861592,242.45859133234427,-0.03409978004254957,0.05353820349189544,-0.4019498046467458,-0.03433033717367099,0.05339065631392754,-0.4019498046467458,-5.306614439137588e-18,1.3759189638205685e-20,4.520241715246575e-19,-5.306624431704305e-18,-9.124790518425344e-21,4.520241715246575e-19,-1564.7359190890436,-15.200822671547664,242.05664152769754,-1057256.7613327354,127.28317191674319,119636.29451877979,-0.029104644068135243,4717.52362835812
61.00220698714211,2001.0,12.0,14.0,14.0,22.0,29.0,1.0,3489377.5761635327,33968.81642564718,-539918.4564690713,395.8486276498966,-294.4226911151578,4679.737158211257,3531065.2343390933,4705.668998877733,3489491.8361443537,18880.5456529732,-539918.4564690713,3531065.234339093,395.9101507594659,-543.4749916562754,4679.737158211257,4727.795446502878,20254291.064844146,0.8265947831067033,1.6336278832055056,5.16191365590357e-08,1.840821206897036e-06,6.129370103372829,-0.15350744109747416,0.005410633495306139,134865.23433909286,-0.0695921879860101,-0.06926596806596348,887.5111918449402,-16543095882.23775,-1040798445.6559376,-205076187.5650749,-16543663806.378048,-1903926546.2090833,16575804136.553743,16654122753.076155,-0.9882263862501197,-0.005346982964053639,0.1529052624738969,-0.0054106070960029265,0.999985362558299,0.0,0.15290302433203165,0.0008273102981574566,0.9882408515679711,4684.793671302455,-545.6091508438478,-0.11594153818133067,1.447714849136071e-09,172.59404292386608,0.0,-79.89404292386608,1.2940429238660764,0.0,2.996546906843477e-17,2.2893732476873807,1.5707963267948966,18.513639837544357,461.0,0.007660588617770448,0.17317993568497442,0.0,0.01625620256668944,-1564.8022514486781,-15.233226918464156,242.1250202479958,-0.034255686504016024,0.053850410860696224,-0.4043761011961919,-0.03448821366386191,0.05370178699077922,-0.4043761011961919,-5.3383285248638945e-18,1.391689582407285e-20,4.5407613955932e-19,-5.338338796291206e-18,-9.165990238710664e-21,4.5407613955932e-19,-1564.836739662342,-15.179525131473378,241.7206441467996,-1057257.443938328,127.4367101217091,119615.24674323549,-0.02901259142480658,4717.539049943536
61.052789317832556,2001.0,12.0,14.0,14.0,22.0,29.0,1.0,3489397.594767217,33953.92379760787,-539681.7437859518,395.6769272724937,-294.42435629952774,4679.763674865278,3531048.686705458,4705.681033064901,3489511.857783744,18853.05532622166,-539681.7437859518,3531048.6867054575,395.73543445324106,-543.478747657779,4679.763674865278,4727.80749775476,20254287.02169695,0.8265947485131083,1.6336278825534933,5.16191365590357e-08,1.8443159444215404e-06,6.129437345452427,-0.15344033134974264,0.005402724695472532,134848.6867054575,-0.06956177588857158,-0.06923569956554955,889.1864035129547,-16543095725.24018,-1040798424.9495401,-205077714.77067792,-16543662024.411633,-1903936356.4455721,16575803978.56581,16654122123.259768,-0.988236687565906,-0.005339222706615228,0.15283894153537889,-0.005402698411764785,0.9999854053184334,0.0,0.1528367108996962,0.0008257427066890023,0.9882511107761757,4684.8157784317855,-545.6088549617183,-0.11594093364333517,1.4501969941813736e-09,172.5733583818219,0.0,-79.87335838182189,1.273358381821886,0.0,2.996511490588331e-17,2.2893674637739823,1.5707963267948966,18.5147965158269,461.0,0.007673780182695839,0.17356775744141772,0.0,0.01628399755547187,-1564.8332284734352,-15.22676242891612,242.02226961559046,-0.03429878702065656,0.05394101256634434,-0.4050679641796822,-0.03453189840242726,0.053792077674089875,-0.4050679641796822,-5.3474101460403405e-18,1.3964006002707144e-20,4.546469496973405e-19,-5.3474205034020294e-18,-9.177321744702815e-21,4.546469496973405e-19,-1564.8677603718377,-15.17297035124203,241.61720165141077,-1057257.65498735,127.59024832667502,119594.26557457582,-0.028920539687124942,4717.554421970962
61.19845536665606,2001.0,12.0,14.0,14.0,22.0,29.0,1.0,3489455.1954481695,33911.035815829084,-539000.0555425572,395.18244873142737,-294.4291476482642,4679.839973619768,3531001.073246113,4705.715659648352,3489569.4663546295,18773.88813734986,-539000.0555425572,3531001.0732461135,395.23227057401266,-543.4895496208751,4679.839973619768,4727.8421734380745,20254275.33978105,0.8265946485612167,1.6336278806697941,5.16191365590357e-08,1.8545212011958223e-06,6.1296309914242,-0.1532470664299866,0.005379949357204337,134801.0732461135,-0.0694741940220248,-0.06914853122732761,894.0220064520836,-16543095271.629208,-1040798365.1253301,-205082105.26701522,-16543656895.161,-1903964584.0758624,16575803522.093554,16654120309.164455,-0.9882663284343339,-0.005316874095450411,0.15264794441057608,-0.0053799234044961345,0.9999855281073631,0.0,0.15264573530591333,0.0008212342487826832,0.988280630725517,4684.879389149823,-545.608003641137,-0.11593919419596609,1.4573390130829735e-09,172.51384155764188,0.0,-79.81384155764188,1.213841557641887,0.0,2.9964095758716016e-17,2.2893508198376575,1.5707963267948966,18.518125837151878,461.0,0.007711738127381507,0.1746883322335822,0.0,0.01636397221330519,-1564.9223641593603,-15.208144357097602,241.7263423533801,-0.03442246780229042,0.05420167265135657,-0.4070586732765191,-0.03465726414147843,0.054051842244574134,-0.4070586732765191,-5.373539841560572e-18,1.4100054715526517e-20,4.562849557668782e-19,-5.3735504481978485e-18,-9.209834662053112e-21,4.562849557668782e-19,-1564.9570214235018,-15.154092514853028,241.31928368010358,-1057258.2647744082,127.74378653164094,119573.3510128008,-0.028828488852159988,4717.569744443754
61.27580678535084,2001.0,12.0,14.0,14.0,22.0,29.0,1.0,3489485.75321488,33888.26120535697,-538638.061717597,394.9198598479294,-294.43168951990174,4679.8804514277645,3530975.8138038884,4705.734029367957,3489600.0277967523,18731.84822822017,-538638.061717597,3530975.813803888,394.9650695382254,-543.4952769165948,4679.8804514277645,4727.8605692048195,20254269.113098018,0.8265945952848501,1.6336278796658885,5.575503985246929e-08,1.8601400696043728e-06,6.129733823192916,-0.15314443698885077,0.005367855389245132,134775.81380388793,-0.06942768538689327,-0.06910224218370409,896.5965907871723,-16543095029.848278,-1040798333.2403935,-205084432.16866386,-16543654172.89003,-1903979559.1735911,16575803278.787655,16654119345.622887,-0.9882820534070547,-0.00530500609916116,0.15254651691803212,-0.005367829611166386,0.9999855930988534,0.0,0.15254431919544262,0.0008188437105929069,0.9882962916940327,4684.913135666904,-545.6075520295102,-0.11593827141567248,1.461049117216187e-09,172.46847511975096,0.0,-79.78423755987548,1.2,0.0,2.996332845495534e-17,2.2893382888162854,1.5707963267948966,18.52063326110579,461.0,0.007731457925324947,0.17528561602373818,0.0,0.016405636990612014,-1564.9696538144594,-15.198256751173407,241.5691825653288,-0.03448633001916665,0.054337291095558675,-0.4080951357577626,-0.034722011153405445,0.05418699201152563,-0.4080951357577626,-5.387110110825706e-18,1.417160274536355e-20,4.571279765165435e-19,-5.387120849644264e-18,-9.226690250580344e-21,4.571279765165435e-19,-1565.004375825613,-15.144069759161882,241.161087429571,-1057258.5898027793,127.89732473660685,119552.50305791042,-0.028736438916981858,4717.58501736524
61.36719953827602,2001.0,12.0,14.0,14.0,22.0,29.0,1.0,3489521.8318501264,33861.352145541656,-538210.3523755502,394.6095938749987,-294.4346906417492,4679.928242826467,3530945.9907412915,4705.7557179093255,3489636.110314817,18682.176389725184,-538210.3523755502,3530945.990741291,394.64935411904196,-543.5020360463456,4679.928242826467,4727.882288498512,20254261.736154076,0.8265945321665903,1.6336278784766007,5.575503985246929e-08,1.866574910331669e-06,6.129855323534844,-0.15302317568299476,0.005353566193599999,134745.99074129108,-0.06937273329761161,-0.0690475495477716,899.6443310379982,-16543094743.405191,-1040798295.4666325,-205087177.41359192,-16543650957.794601,-1903997239.8626957,16575802990.537971,16654118207.010616,-0.988300619569148,-0.005290983333846753,0.15242667369787713,-0.005353540620836763,0.9999856696987317,0.0,0.1524244893777217,0.0008160223893406158,0.988314782417728,4684.9529794943965,-545.6070188466923,-0.1159371819300213,1.4653568929246203e-09,172.40220164731355,0.0,-79.75110082365677,1.2,0.0,2.9962213564565813e-17,2.289320081274482,1.5707963267948966,18.52427779394873,461.0,0.007754355880101964,0.17599326058087705,0.0,0.01645412769134369,-1565.0254892804885,-15.186573336662052,241.38347906990447,-0.03456012825668385,0.054494959838467055,-0.4093007879604418,-0.03479684555613802,0.054344113317422456,-0.4093007879604418,-5.40286321272125e-18,1.4255482724547222e-20,4.580995274351612e-19,-5.402874107485719e-18,-9.246233000161965e-21,4.580995274351612e-19,-1565.0602861260447,-15.13222922334463,240.97417828194403,-1057258.9748742022,128.05086294157277,119531.72170990467,-0.028644389878661285,4717.600240738711
61.507156353005975,2001.0,12.0,14.0,14.0,22.0,29.0,1.0,3489577.0269015324,33820.14368275187,-537555.359408275,394.1344380415118,-294.43928194246257,4680.001357678645,3530900.365802782,4705.788898141846,3489691.310346952,18606.1088525622,-537555.359408275,3530900.365802782,394.1658529874179,-543.5123704024376,4680.001357678645,4727.9155157760315,20254250.3971023,0.8265944351477215,1.633627876648769,5.575503985246929e-08,1.876481639905432e-06,6.130041390382469,-0.15283747485345475,0.005331684350606183,134700.36580278212,-0.06928857900298299,-0.06896379257450654,904.3236707150936,-16543094303.119965,-1040798237.4086852,-205091372.92341805,-16543646037.072227,-1904024288.8261073,16575802547.476067,16654116463.01367,-0.9883290234255985,-0.005269508319397716,0.15224314019578883,-0.005331659090136417,0.999985786604663,0.0,0.15224097630384986,0.0008117085223357905,0.9883430711363972,4685.0139354320145,-545.6062031993482,-0.11593551520360464,1.471940557047902e-09,172.30091450695537,0.0,-79.70091450695536,1.2,0.0,2.996050925910475e-17,2.289292247854066,1.5707963267948966,18.52985197071764,461.0,0.007789352634869292,0.17708098737233896,0.0,0.01652823906915898,-1565.1109135833408,-15.168679633311115,241.0990653535291,-0.03467251336074918,0.054735940931602535,-0.41114345244208494,-0.03491081932890584,0.054584256944687874,-0.41114345244208494,-5.42693770102512e-18,1.438428241950282e-20,4.595790254162466e-19,-5.4269488365333864e-18,-9.275992532820263e-21,4.595790254162466e-19,-1565.1458244026696,-15.114095376366427,240.68792190108704,-1057259.5667654835,128.2044011465387,119511.00696878353,-0.028552341734269533,4717.615414567434
61.55389781279532,2001.0,12.0,14.0,14.0,22.0,29.0,1.0,3489595.445611737,33806.381125085725,-537336.6087427542,393.9757441848349,-294.44081407507656,4680.025756525809,3530885.140660075,4705.799970434799,3489709.7304604007,18580.704210390424,-537336.6087427542,3530885.140660075,394.00437200943765,-543.515817346373,4680.025756525809,4727.926603767577,20254246.598510746,0.8265944026462643,1.633627876036519,5.575503985246929e-08,1.879791967952302e-06,6.130103532299268,-0.15277545516573687,0.005324376542410999,134685.140660075,-0.06926047343312006,-0.06893581969838232,905.8897716999054,-16543094155.62527,-1040798217.9605513,-205092771.81193155,-16543644394.438782,-1904033315.1466835,16575802399.051266,16654115880.462812,-0.988338501945159,-0.005262336063108779,0.15218184317440095,-0.005324351385667701,0.9999858255407034,0.0,0.15217968607905918,0.0008102696075790864,0.9883525113076013,4685.034276744678,-545.6059310276105,-0.11593495902080973,1.4744146427378101e-09,172.26285165018754,0.0,-79.66285165018753,1.2,0.0,2.995987035949375e-17,2.289281813831596,1.5707963267948966,18.531942478586735,461.0,0.007802497568672203,0.1774453810077474,0.0,0.01655606247843207,-1565.139420986567,-15.162703128325607,241.0040710421344,-0.03471639600113381,0.054824717975021954,-0.411835311180215,-0.03495526973757597,0.05467272601509404,-0.411835311180215,-5.435973891059728e-18,1.443009303812013e-20,4.601561422500145e-19,-5.435985109671865e-18,-9.287588163508113e-21,4.601561422500145e-19,-1565.1743762563046,-15.108030402310513,240.59223573095417,-1057259.7650496922,128.3579393515046,119490.35883454705,-0.02846029448087841,4717.630538854635
61.64790467216013,2001.0,12.0,14.0,14.0,22.0,29.0,1.0,3489632.4670319124,33778.70152410663,-536896.6519140556,393.6565688583279,-294.4438936523703,4680.074798336217,3530854.538277725,4705.822225577191,3489746.7543083085,18529.609669770372,-536896.6519140556,3530854.5382777257,393.6795911423614,-543.5227431575443,4680.074798336217,4727.948890463316,20254238.939473316,0.8265943371140275,1.6336278748022521,5.575503985246929e-08,1.886454050098897e-06,6.130228514309095,-0.15265071896733562,0.005309679137424867,134654.5382777257,-0.06920394647571007,-0.06887955961598444,909.0449967682362,-16543093858.235905,-1040798178.7510725,-205095581.8019293,-16543641091.825153,-1904051457.9856112,16575802099.786753,16654114708.607527,-0.9883575538092066,-0.005247910801448285,0.15205855865587206,-0.0053096541884347995,0.9999859036868466,0.0,0.1520564151908116,0.0008073783628545098,0.988371486203188,4685.0751628339995,-545.6053839807611,-0.1159338411103992,1.4793875298695747e-09,172.18634569431424,0.0,-79.58634569431423,1.2,0.0,2.9958585992879644e-17,2.2892608385330036,1.5707963267948966,18.536146460136965,461.0,0.00782891928402195,0.17818010986165028,0.0,0.016611987683966184,-1565.1967222805154,-15.150682316236043,240.81300472711865,-0.034804435675322536,0.05500312596572153,-0.4132259478112426,-0.035044452473873104,0.054850514669282216,-0.4132259478112426,-5.454135636118186e-18,1.4522415901314463e-20,4.613139426326218e-19,-5.4541470227526015e-18,-9.310850491429591e-21,4.613139426326218e-19,-1565.2317667329892,-15.095831801566762,240.3997787793074,-1057260.1648470946,128.5114775564705,119469.77730719518,-0.028368248115560272,4717.645613603513
61.848722229670415,2001.0,12.0,14.0,14.0,22.0,29.0,1.0,3489711.451718838,33719.57136059494,-535956.8002141636,392.97470699335327,-294.45046391544054,4680.179430032544,3530789.2485174113,4705.869706370574,3489825.742416142,18420.459276766,-535956.8002141636,3530789.2485174118,392.98575446436234,-543.5375080352322,4680.179430032544,4727.99643857235,20254222.491912384,0.8265941963850566,1.6336278721525819,5.771194914292421e-08,1.9008766019776567e-06,6.1304955082053105,-0.15238425009855286,0.005278283091968215,134589.24851741176,-0.06908319006869948,-0.06875937330824758,915.8096753656864,-16543093219.608767,-1040798094.5650086,-205101569.00407094,-16543634041.546547,-1904090165.596534,16575801457.133726,16654112204.285976,-0.9883982013034421,-0.005217093964048067,0.1517951830286142,-0.0052782585829349,0.9999860698961419,0.0,0.15179306850594945,0.000801214227668957,0.9884119699848386,4685.162393885547,-545.6042169327673,-0.11593145611466339,1.4899971159205888e-09,172.0615606467647,0.0,-79.46156064676471,1.1615606467647015,0.0,2.995647719285118e-17,2.2892263992149906,1.5707963267948966,18.543053254192692,461.0,0.007885294580954478,0.1797579563863753,0.0,0.016731072672434448,-1565.3189814019859,-15.12499982469342,240.40479111059034,-0.03499094769227276,0.05538689466595533,-0.4161884918830901,-0.03523342589057464,0.05523296317557464,-0.4161884918830901,-5.492918374965141e-18,1.4720889419585765e-20,4.637748704070866e-19,-5.492930125926092e-18,-9.360037850539576e-21,4.637748704070866e-19,-1565.3542148278764,-15.069766861517845,239.98860261870726,-1057261.023401454,128.66501576143642,119449.26238672796,-0.028276202635388013,4717.66063881723
62.01911466522216,2001.0,12.0,14.0,14.0,22.0,30.0,1.0,3489778.362341743,33669.39875475208,-535159.3254913292,392.39610969561596,-294.4560298360419,4680.268068892721,3530733.939330668,4705.909928707503,3489892.654055793,18327.843532112638,-535159.3254913292,3530733.939330668,392.39699634578534,-543.5500038350035,4680.268068892721,4728.036717931347,20254208.44416993,0.8265940761890455,1.6336278698899487,5.771194914292421e-08,1.913044478932856e-06,6.130722058519916,-0.15215814518995818,0.005251644350133066,134533.93933066772,-0.06898072532604635,-0.06865739229186925,921.5767716169357,-16543092674.17092,-1040798022.6700289,-205106632.5681411,-16543628064.529833,-1904122956.2472732,16575800908.257866,16654110078.317917,-0.9884326358268113,-0.005190944389196062,0.15157169435224593,-0.0052516202103105565,0.9999862101475033,0.0,0.15156960420093815,0.0007959969733712692,0.9884462663550252,4685.236291505493,-545.6032283571008,-0.11592943575677987,1.49894277078502e-09,171.98653184592828,0.0,-79.39326592296415,1.1,0.0,2.995519494504028e-17,2.289205458519081,1.5707963267948966,18.547255508041882,461.0,0.007932833891371966,0.18110561985346824,0.0,0.016831311849657023,-1565.4225593797582,-15.10320453017934,240.05836302579016,-0.035146748519014163,0.05571358357717431,-0.41868324249533506,-0.0353913284427956,0.05555853847541149,-0.41868324249533506,-5.525650710449041e-18,1.489009962785341e-20,4.658372175865777e-19,-5.52566277553508e-18,-9.401064773679294e-21,4.658372175865777e-19,-1565.457950708201,-15.047645991703929,239.6396797832948,-1057261.7566876058,128.81855396640233,119428.81407314538,-0.028184158037435066,4717.675614498918
62.10628117634838,2001.0,12.0,14.0,14.0,22.0,30.0,1.0,3489812.5532408515,33643.731925980304,-534751.3608783381,392.10010575129434,-294.4588739962288,4680.313363419201,3530705.6766907903,4705.930481977572,3489926.8448056425,18280.463896497513,-534751.3608783381,3530705.6766907903,392.0957944041979,-543.5563848317142,4680.313363419201,4728.057300338177,20254201.22603046,0.8265940144286822,1.6336278687275079,5.575503985246929e-08,1.9193597995978568e-06,6.130837956058026,-0.15204247547678598,0.005238017162865237,134505.67669079034,-0.06892830681999729,-0.06860522124263035,924.5362723767757,-16543092393.912283,-1040797985.7312505,-205109217.0385893,-16543625008.751574,-1904139712.1032805,16575800626.232855,16654108990.405745,-0.9884502318745049,-0.005177566631277848,0.15145736004241006,-0.005237993210472438,0.9999862816194666,0.0,0.1514552822927104,0.0007933326235782235,0.988463791996947,4685.274053153759,-545.6027232273298,-0.11592840338583137,1.5033391814326104e-09,171.92372597953414,0.0,-79.36186298976708,1.1,0.0,2.9954137128880664e-17,2.2891881830701863,1.5707963267948966,18.550723725677386,461.0,0.007956200542207187,0.18179811161933415,0.0,0.01688079501058347,-1565.4754899309642,-15.092053488952848,239.8811213756587,-0.035222549757649275,0.05587451995559214,-0.4199135920041691,-0.03546818069670118,0.055718920931440305,-0.4199135920041691,-5.541730521139134e-18,1.497494528264675e-20,4.6683556006777135e-19,-5.541742745733472e-18,-9.421147577815778e-21,4.6683556006777135e-19,-1565.5109581116608,-15.036334568021408,239.46120778365452,-1057262.1334717926,128.97209217136825,119408.43236644742,-0.02809211431877539,4717.690540651672
62.224406033714914,2001.0,12.0,14.0,14.0,22.0,30.0,1.0,3489858.846317226,33608.94878600715,-534198.4959070762,391.6989560801261,-294.46272488440087,4680.374691044187,3530667.4102337197,4705.958310175259,3489973.1369566917,18216.255865925486,-534198.4959070762,3530667.4102337207,391.687600496023,-543.565019815268,4680.374691044187,4728.085167984612,20254191.41044706,0.8265939304437193,1.633627867146922,5.771194914292421e-08,1.9278440282440705e-06,6.130995019083831,-0.15188572116194207,0.005219550330237054,134467.41023372067,-0.0688572697729669,-0.06853451954023579,928.5566820204258,-16543092012.806185,-1040797935.5029314,-205112713.09255338,-16543620869.686615,-1904162398.894763,16575800242.724928,16654107515.756207,-0.9884740564463604,-0.005159436941900914,0.1513024122177834,-0.0052195266302872,0.9999863781781009,0.0,0.15130035120327126,0.0007897269697974119,0.9884875214473271,4685.3251813560955,-545.6020393309198,-0.11592700561829652,1.5092917414212274e-09,171.83868940826818,0.0,-79.3193447041341,1.1,0.0,2.9952704624937985e-17,2.289164788505424,1.5707963267948966,18.555422556187217,461.0,0.007987838959757501,0.18273980740022763,0.0,0.016947794275624394,-1565.547158821592,-15.07694052968327,239.64090650733172,-0.03532489338976477,0.056092397685053336,-0.42157945595241175,-0.035571950836058464,0.05593604816907844,-0.42157945595241175,-5.563500687108961e-18,1.5090253368596117e-20,4.681834334010019e-19,-5.563513129451062e-18,-9.448260911725757e-21,4.681834334010019e-19,-1565.582730772428,-15.021004481514192,239.2193270513793,-1057262.6458420195,129.12563037633416,119388.1172666341,-0.028000071476483514,4717.7054172785565
62.33196107115843,2001.0,12.0,14.0,14.0,22.0,30.0,1.0,3489900.9558698945,33577.27764820049,-533695.0950314335,391.3336853189001,-294.46622777796836,4680.430477156872,3530632.6019307757,4705.983623437927,3490015.24494308,18157.792287607426,-533695.0950314335,3530632.6019307757,391.31591571486547,-543.5728698185073,4680.430477156872,4728.110517129797,20254182.43923468,0.8265938536832752,1.6336278657024923,5.771194914292421e-08,1.935660265518241e-06,6.131138031035005,-0.15174299026923935,0.005202736142516798,134432.60193077568,-0.06879258771434273,-0.06847014281982113,932.2270852327347,-16543091664.487625,-1040797889.59878,-205115889.99349546,-16543617102.998455,-1904183035.5204363,16575799892.211359,16654106172.704515,-0.9884957282257341,-0.005142928855774341,0.15116132297072626,-0.005202712670869783,0.9999864657988449,0.0,0.1511592771229743,0.0007864489303652371,0.9885091069068306,4685.37168955798,-545.6014172669475,-0.11592573418799947,1.514827186248949e-09,171.77825241346963,0.0,-79.25650482693923,1.1,0.0,2.995167970515095e-17,2.2891480502950645,1.5707963267948966,18.558785960409345,461.0,0.008017259716621546,0.18360050483980825,0.0,0.017010073704539837,-1565.6123540567862,-15.063178401438075,239.42216259041393,-0.03542056010456004,0.056292942170760404,-0.42312910009294685,-0.03566892910888055,0.05613589682713708,-0.42312910009294685,-5.583792464377105e-18,1.5196931908741328e-20,4.69446645388693e-19,-5.583805107800107e-18,-9.473651852296465e-21,4.69446645388693e-19,-1565.648022985895,-15.007042504610938,238.99903349032098,-1057263.1141367927,129.27916858130007,119367.86877370541,-0.02790802950763447,4717.720244382599
62.41599506035926,2001.0,12.0,14.0,14.0,22.0,30.0,1.0,3489933.82920896,33552.53236148252,-533301.7779571781,391.0482844704712,-294.4689623619098,4680.474027718133,3530605.4284013766,4706.003384478787,3490048.1165783308,18112.113433525767,-533301.7779571781,3530605.4284013766,391.0255034515028,-543.5789949427418,4680.474027718133,4728.130306181975,20254175.40669458,0.8265937935105969,1.6336278645704356,5.771194914292421e-08,1.9417305146771053e-06,6.131249769863714,-0.15163147101491758,0.00518959917746801,134405.4284013766,-0.068742049941959,-0.06841984361185416,935.1012792289257,-16543091391.442633,-1040797853.6184866,-205118367.95043808,-16543614161.34875,-1904199145.7853732,16575799617.445944,16654105123.099808,-0.9885126467271619,-0.005130030472345009,0.1510510842325,-0.00518957588317076,0.9999865340604106,0.0,0.1510490501877248,0.0007838910638597769,0.988525958157997,4685.407997062575,-545.6009316632504,-0.11592474164394018,1.5192428847763049e-09,171.74428550172073,0.0,-79.18857100344145,1.1,0.0,2.995109698429182e-17,2.2891385337412378,1.5707963267948966,18.560698795351698,461.0,0.008040728466420432,0.18427521206737477,0.0,0.017059735477688978,-1565.66325156385,-15.052424912935125,239.25123988109402,-0.035497281595349366,0.056451327161367165,-0.42436566620768906,-0.03574668494668248,0.05629372837414362,-0.42436566620768906,-5.600015968167099e-18,1.528157011209647e-20,4.704622088270167e-19,-5.600028770740518e-18,-9.494050243908049e-21,4.704622088270167e-19,-1565.6989982487967,-14.996131184560982,238.82687421488635,-1057263.4812337048,129.43270678626598,119347.68688766137,-0.027815988409303834,4717.735021966793
62.52669274772268,2001.0,12.0,14.0,14.0,22.0,30.0,1.0,3489977.096540245,33519.93512910408,-532783.6571333854,390.6723127298135,-294.4725615840929,4680.531348822949,3530569.6630621753,4706.0293935305945,3490091.3810224193,18051.94004978924,-532783.6571333854,3530569.6630621753,390.64293010112965,-543.587052603431,4680.531348822949,4728.156352100727,20254166.111418236,0.826593713977072,1.6336278630744883,5.771194914292421e-08,1.9497758027328847e-06,6.131396965642833,-0.15148456445368483,0.005172294103450822,134369.66306217574,-0.06867547545571098,-0.06835358338590743,938.896074205637,-16543091030.54766,-1040797806.0674614,-205121626.54630286,-16543610288.064796,-1904220349.8816745,16575799254.277369,16654103740.097929,-0.9885349147863441,-0.0051130389066256846,0.15090586165386272,-0.005172271041406466,0.9999866237166747,0.0,0.15090384309430177,0.0007805260182107646,0.9885481378863172,4685.455784789619,-545.6002925438956,-0.11592343529249545,1.5250547523964443e-09,171.69957882771965,0.0,-79.09915765543931,1.1,0.0,2.995032994657554e-17,2.2891260070647004,1.5707963267948966,18.563217289361912,461.0,0.00807161851150014,0.18516701554776216,0.0,0.01712510016170706,-1565.7302447348009,-15.038258069147638,239.0260631512824,-0.03559799561319768,0.0566597398687886,-0.42599324144680073,-0.035848763374097405,0.056501412179024386,-0.42599324144680073,-5.621368583459361e-18,1.5393370621619108e-20,4.717953690220167e-19,-5.6213815971537585e-18,-9.520826858061496e-21,4.717953690220167e-19,-1565.766093498175,-14.981756656968614,238.60006990983558,-1057263.9664452989,129.5862449912319,119327.57160850195,-0.02772394817856772,4717.749750034097
62.60218425421397,2001.0,12.0,14.0,14.0,22.0,30.0,1.0,3490006.5793034374,33497.70485922634,-532430.3152961928,390.4159054261984,-294.4750141339737,4680.570408350886,3530545.2922259076,4706.047116284424,3490120.861397538,18010.90363709873,-532430.3152961928,3530545.2922259076,390.38202069858323,-543.5925404775281,4680.570408350886,4728.174099975328,20254159.752491616,0.8265936595678509,1.6336278620512608,5.771194914292421e-08,1.955234503325747e-06,6.131497349120036,-0.15138437819487838,0.005160492851440574,134345.29222590756,-0.06863007343681995,-0.06830839568042713,941.4895640611649,-16543090783.660288,-1040797773.5403552,-205123845.12764508,-16543607647.791933,-1904234798.5771646,16575799005.834785,16654102796.729456,-0.9885500885890397,-0.005101450950582019,0.1508068219571008,-0.005160469946893213,0.9999866846863148,0.0,0.15080481391696057,0.0007782340724960942,0.9885632516188326,4685.488348061662,-545.5998570579573,-0.11592254514423432,1.5288434315254896e-09,171.64509383535014,0.0,-79.07254691767507,1.0725469176750744,0.0,2.994941176156043e-17,2.2891110119654474,1.5707963267948966,18.566232990874063,461.0,0.008091758069248693,0.18577711012334686,0.0,0.017167550064345897,-1565.7758962875382,-15.028595980469156,238.87248783065115,-0.035661815223587946,0.056798047708842954,-0.42704865695077865,-0.035913498419515924,0.05663924363768249,-0.42704865695077865,-5.6351568875156526e-18,1.5467941813714598e-20,4.726357741452139e-19,-5.63517004533526e-18,-9.5375203931366e-21,4.726357741452139e-19,-1565.8118097859576,-14.971956736831473,238.44543917370038,-1057264.2983802725,129.73978319619783,119307.52293622716,-0.027631908812502732,4717.764428587436
62.71571728612839,2001.0,12.0,14.0,14.0,22.0,30.0,1.0,3490050.882514198,33464.272008806314,-531898.9126142114,390.03027578920074,-294.47869954594967,4680.629102995508,3530508.670613824,4706.073747863182,3490165.1603769045,17949.187459835146,-531898.9126142114,3530508.6706138244,389.98962018503397,-543.6007828939261,4680.629102995508,4728.200769301521,20254150.159437798,0.8265935774861498,1.6336278605077665,5.771194914292421e-08,1.9635071874873686e-06,6.131648320220357,-0.15123370366962827,0.005142744940650622,134308.67061382392,-0.06856179128202557,-0.06824043583562499,945.3984390795231,-16543090411.210009,-1040797724.4726545,-205127176.1178869,-16543603678.828375,-1904256510.4100814,16575798631.038473,16654101377.677662,-0.9885728901977443,-0.00508402305005937,0.15065786894717753,-0.005142722271610448,0.999986776116383,0.0,0.1506558766650526,0.0007747915780280181,0.9885859631434664,4685.537280713005,-545.5992026858614,-0.11592120755258382,1.5345401267385016e-09,171.56371247516427,0.0,-79.03185623758213,1.0318562375821319,0.0,2.9948039892386856e-17,2.289088607641613,1.5707963267948966,18.570740669144314,461.0,0.008122040874159466,0.1866975177450345,0.0,0.01723138073897107,-1565.8444987581815,-15.014063689578201,238.6415024449242,-0.035757552195933295,0.05700593217786655,-0.4286356827549618,-0.03601061438291537,0.05684641144590733,-0.4286356827549618,-5.6558902359712565e-18,1.5580415750306734e-20,4.738965387697304e-19,-5.655903611984526e-18,-9.562565050452974e-21,4.738965387697304e-19,-1565.8805093725643,-14.957217278132294,238.21286676216926,-1057264.7991365716,129.89332140116375,119287.54087083701,-0.02753987030818606,4717.779057629697
62.85366002197232,2001.0,12.0,14.0,14.0,22.0,30.0,1.0,3490104.6520403507,33423.65050277994,-531253.2489159902,389.5617126793854,-294.4831724399477,4680.700339964529,3530464.2240207484,4706.106069711992,3490218.9237275026,17874.200990911773,-531253.2489159902,3530464.2240207484,389.5128303103789,-543.6107798238205,4680.700339964529,4728.233136961536,20254138.456053484,0.8265934773474437,1.633627858624908,5.771194914292421e-08,1.9736024066655787e-06,6.131831754420708,-0.15105062976782535,0.005121181542475542,134264.2240207484,-0.06847882639444838,-0.06815786255531327,950.1614076793194,-16543089956.831255,-1040797664.6141224,-205131214.2724046,-16543598859.438807,-1904282861.5008698,16575798173.797792,16654099653.049389,-0.9886005641922603,-0.005062847222554584,0.15047688213391963,-0.005121159157393275,0.999986886778464,0.0,0.15047490889722817,0.000770616062916111,0.9886135281004678,4685.596669529741,-545.5984085331015,-0.11591958418511654,1.5415635966283846e-09,171.460560051871,0.0,-78.9802800259355,1.0,0.0,2.9946302336406616e-17,2.28906023119901,1.5707963267948966,18.5764531700378,461.0,0.008159375121636165,0.18782043747642557,0.0,0.017310203525556116,-1565.9277639729091,-14.996404839904233,238.36082155645965,-0.03587622934447055,0.0572622406495076,-0.430595288905771,-0.03613098808522472,0.057101836539331374,-0.430595288905771,-5.6814819140768154e-18,1.5718565466966353e-20,4.754585888865074e-19,-5.681495557821008e-18,-9.593734541179688e-21,4.754585888865074e-19,-1565.9638949609944,-14.939303003364902,237.93022626755388,-1057265.4100525249,130.04685960612966,119267.62541233149,-0.027447832662695373,4717.793637163733
62.953579700147856,2001.0,12.0,14.0,14.0,22.0,30.0,1.0,3490143.559963942,33394.22567723721,-530785.5522686798,389.22229050221137,-294.48640905970143,4680.751888077035,3530432.06222178,4706.129457875271,3490257.8264690633,17819.883215481528,-530785.5522686798,3530432.06222178,389.1674489267361,-543.6180090919518,4680.751888077035,4728.256558272824,20254129.944583893,0.8265934045198366,1.6336278572557492,5.771194914292421e-08,1.9809579255606015e-06,6.131964628982386,-0.15091801616186798,0.005105562186409903,134232.0622217795,-0.06841872888795554,-0.0680980487122103,953.6212247014046,-16543089626.380623,-1040797621.0842661,-205134133.17289442,-16543595370.424288,-1904301929.3338563,16575797841.265974,16654098403.42554,-0.9886205894789449,-0.005047507755826089,0.15034577720627332,-0.0051055400055236575,0.9999869666456919,0.0,0.15034381769649025,0.0007675963801881753,0.9886334746893014,4685.6396440469725,-545.5978339051741,-0.11591840952725498,1.54678988896083e-09,171.38015555444878,0.0,-78.94007777722439,1.0,0.0,2.9944949806471166e-17,2.289038142708902,1.5707963267948966,18.580902351785785,461.0,0.008187153468812141,0.18863711194764118,0.0,0.01736902196697189,-1565.9880181330323,-14.98361210274233,238.15748572229626,-0.035965630148891724,0.05745299681776954,-0.43205735356941166,-0.03622164363295218,0.05729193597598986,-0.43205735356941166,-5.7005652392978476e-18,1.582031740453583e-20,4.76634280102884e-19,-5.700579079003216e-18,-9.617378257813033e-21,4.76634280102884e-19,-1566.0242397766651,-14.92632016676634,237.72542836872685,-1057265.854351163,130.20039781109557,119247.7765607106,-0.02735579587310887,4717.80816719236
63.06166544435038,2001.0,12.0,14.0,14.0,22.0,31.0,1.0,3490185.6095017027,33362.39570549231,-530279.6267062717,388.8551138851011,-294.48990702804593,4680.807599045726,3530397.303522611,4706.15473441112,3490299.8697308544,17761.12543630292,-530279.6267062717,3530397.303522611,388.793825986568,-543.6258177627141,4680.807599045726,4728.281870632045,20254120.705118664,0.8265933254630458,1.6336278557696569,5.771194914292421e-08,1.988956178839962e-06,6.132108365592118,-0.1507745618075786,0.0050886665311348795,134197.30352261104,-0.06835371853546296,-0.06803334520608521,957.3730420470238,-16543089267.669426,-1040797573.8343194,-205137284.80125263,-16543591598.094353,-1904322536.8317378,16575797480.295773,16654097051.309595,-0.9886422319233735,-0.00503091406131003,0.15020395188302504,-0.005088644569727778,0.999987052764406,0.0,0.15020200715707288,0.0007643345241012078,0.9886550322729976,4685.686088950996,-545.5972129025267,-0.11591714004044397,1.5524718835430667e-09,171.2966294032638,0.0,-78.89325880652763,1.0,0.0,2.99435433020425e-17,2.2890151727484263,1.5707963267948966,18.58553142320947,461.0,0.008217354299043456,0.18952364803261362,0.0,0.017432965927337132,-1566.0531403333093,-14.96977250189515,237.93751037117343,-0.03606276460127944,0.05766008654096091,-0.4336470346660152,-0.03632014172837797,0.057498311935472786,-0.4336470346660152,-5.721321849845402e-18,1.593107419022129e-20,4.779123425927389e-19,-5.721335903414072e-18,-9.643077741982597e-21,4.779123425927389e-19,-1566.0894604750376,-14.912274189959678,237.5038633365074,-1057266.3366515916,130.35393601606148,119227.99431597436,-0.027263759936505285,4717.82264771836
63.10690383289971,2001.0,12.0,14.0,14.0,22.0,31.0,1.0,3490203.197204239,33349.0734235616,-530067.8739863213,388.7014306298824,-294.49137009562463,4680.8309009831555,3530382.7652968853,4706.165306577458,3490317.4545997963,17736.53260648303,-530067.8739863213,3530382.7652968853,388.63744464795826,-543.6290824934639,4680.8309009831555,4728.2924577815575,20254116.827673625,0.8265932922859296,1.6336278551460808,5.960464477539064e-08,1.9923025266362467e-06,6.13216852618613,-0.15071451934052446,0.005081595060930872,134182.76529688528,-0.06832650859313577,-0.0680062636918201,958.9462565779686,-16543089117.133232,-1040797554.0067253,-205138602.09372377,-16543590019.767618,-1904331156.1641085,16575797328.811646,16654096485.266352,-0.9886512841919226,-0.00502396872679937,0.1501445903251076,-0.005081573190952589,0.999987088723602,0.0,0.15014265176680225,0.0007629707249626262,0.9886640491067255,4685.705515190026,-545.5969531678452,-0.11591660906873932,1.5550160730450724e-09,171.27845662110664,0.0,-78.85691324221325,1.0,0.0,2.994323118455781e-17,2.2890100754830773,1.5707963267948966,18.58655898426378,461.0,0.008230874865625057,0.18989569566322495,0.0,0.017461577603096575,-1566.0803793133732,-14.96397963269204,237.8454348501228,-0.03610724499777807,0.05775145292418997,-0.4343594196583697,-0.03636521474964521,0.057589361972474454,-0.4343594196583697,-5.7306687547408885e-18,1.5979401913871715e-20,4.785011789761513e-19,-5.730682900023873e-18,-9.654906679235964e-21,4.785011789761513e-19,-1566.1167445281228,-14.906390270719564,237.41107543046445,-1057266.539054498,130.5074742210274,119208.27867812275,-0.027171724849963868,4717.837078744472
63.193729163128914,2001.0,12.0,14.0,14.0,22.0,31.0,1.0,3490236.9335289896,33323.50399125137,-529661.4573568791,388.4064612677933,-294.4941765207498,4680.875598517808,3530354.878407766,4706.185585796489,3490351.1851441334,17689.331560047092,-529661.4573568791,3530354.878407766,388.33729684961537,-543.6353426143284,4680.875598517808,4728.312765740366,20254109.367990308,0.8265932284575362,1.6336278539465854,5.960464477539064e-08,1.9987562462222586e-06,6.13228399284606,-0.15059927938476264,0.0050680230074725,134154.8784077661,-0.06827428431573407,-0.06795428590449237,961.9706649184227,-16543088827.523396,-1040797515.8642119,-205141127.38629606,-16543586991.394283,-1904347689.5812633,16575797037.378305,16654095398.633604,-0.9886686481553734,-0.005010638354868506,0.15003065572709876,-0.0050680013122591525,0.9999871575988858,0.0,0.1500287289732385,0.0007603555601040376,0.9886813451977825,4685.742778349887,-545.5964549612316,-0.1159155905805927,1.5598962786409285e-09,171.24359800970765,0.0,-78.7871960194153,1.0,0.0,2.9942632450860763e-17,2.289000297419762,1.5707963267948966,18.588530479504165,461.0,0.00825681019909239,0.19061147040928061,0.0,0.017516460254832462,-1566.1326299339125,-14.952860776607292,237.6687047277984,-0.036192415710569935,0.05792668097838431,-0.43572591587130494,-0.03645152393438852,0.057763982956500856,-0.43572591587130494,-5.748597496784504e-18,1.6072330472357824e-20,4.79628682857468e-19,-5.7486118189307225e-18,-9.677556193882972e-21,4.79628682857468e-19,-1566.169081457847,-14.89509679365079,237.2329788119271,-1057266.9284507185,130.6610124259933,119188.62964715576,-0.027079690610564366,4717.851460273406
63.32747696729783,2001.0,12.0,14.0,14.0,22.0,31.0,1.0,3490288.851653221,33284.11575293083,-529035.3959231561,387.95206416819883,-294.4984954427033,4680.944386027691,3530311.96220331,4706.216794092101,3490403.0934843174,17616.620882631825,-529035.3959231561,3530311.96220331,387.87492264273806,-543.6449708641176,4680.944386027691,4728.344018263171,20254097.8311213,0.826593129742707,1.6336278520919725,5.960464477539064e-08,2.0086743180750083e-06,6.132461863970001,-0.15042175744300573,0.005047116572372517,134111.96220330987,-0.0681938350957725,-0.06787421638398576,966.6422730982304,-16543088379.62761,-1040797456.8826771,-205145009.78139743,-16543582328.688065,-1904373133.523385,16575796586.662868,16654093724.150946,-0.9886953705093855,-0.004990103161205356,0.14985514073180625,-0.00504709514454196,0.9999872633341896,0.0,0.14985323207695878,0.0007563331531721514,0.9887079633522987,4685.800124559409,-545.5956882785639,-0.1159140232145488,1.567250323929576e-09,171.18213822957748,0.0,-78.69106911478875,0.9910691147887422,0.0,2.99415821285297e-17,2.2889831443543756,1.5707963267948966,18.59198999990056,461.0,0.008295896513432939,0.19171847030884603,0.0,0.01759911257550938,-1566.2130441122276,-14.935731244504158,237.39643711707564,-0.03631926945142867,0.05819136978259993,-0.43778334462774854,-0.03658011215034019,0.05802775409861473,-0.43778334462774854,-5.77556907383623e-18,1.621426104528999e-20,4.813065231328101e-19,-5.775583669344149e-18,-9.711195595993323e-21,4.813065231328101e-19,-1566.249624224378,-14.877703490405542,236.9586537724479,-1057267.530677002,130.81455063095922,119169.04722307342,-0.026987657215387057,4717.865792307829
63.361509955016174,2001.0,12.0,14.0,14.0,22.0,31.0,1.0,3490302.052853478,33274.093070564384,-528876.0891027107,387.83643617980255,-294.49959361515585,4680.961876752529,3530301.0499173366,4706.2247293854025,3490416.2920246767,17598.11897837138,-528876.0891027107,3530301.0499173366,387.75726480480665,-543.6474179334001,4680.961876752529,4728.351964801808,20254094.88719836,0.8265931045530894,1.633627851618781,5.960464477539064e-08,2.0111599944598472e-06,6.132507125103818,-0.1503765851538669,0.005041796849639268,134101.0499173361,-0.06817336394618115,-0.06785384185141272,967.8333061039448,-16543088265.336527,-1040797441.8330961,-205145996.2070919,-16543581142.694565,-1904379603.152651,16575796471.652346,16654093297.972809,-0.9887021652463339,-0.0049848777000996705,0.14981047837693465,-0.005041775489492852,0.9999872901691869,0.0,0.14980857431110045,0.0007553107979500279,0.9887147316432956,4685.814706060011,-545.5954933402618,-0.11591362468573646,1.5689477906366074e-09,171.1578887051913,0.0,-78.67894435259566,0.9789443525956606,0.0,2.994117290426132e-17,2.2889764612148995,1.5707963267948966,18.593338251262033,461.0,0.008304921814311314,0.1920009537272322,0.0,0.017618131842901192,-1566.233491706627,-14.931372180432062,237.32715139604494,-0.0363472242187747,0.05825325165025594,-0.4382562143187728,-0.036608484541963374,0.05808942154797857,-0.4382562143187728,-5.7817439670236265e-18,1.6248620667536136e-20,4.816745831243968e-19,-5.781758631127153e-18,-9.718501652564015e-21,4.816745831243968e-19,-1566.2701001911691,-14.873282758884084,236.88889518172616,-1057267.6843503248,130.96808883592513,119149.5314058757,-0.026895624661512713,4717.8800748503745
63.443086732203916,2001.0,12.0,14.0,14.0,22.0,31.0,1.0,3490333.679994945,33250.06863550792,-528494.2296092628,387.5592707390973,-294.5022245961547,4681.003780900134,3530274.906505386,4706.2437405460905,3490447.91250914,17553.769734990827,-528494.2296092628,3530274.906505386,387.47523379381556,-543.6532787468823,4681.003780900134,4728.371002903342,20254087.81759199,0.8265930440620778,1.6336278504825101,5.960464477539064e-08,2.0172231978285157e-06,6.132615616779645,-0.15026830642708058,0.0050290456092893674,134074.90650538588,-0.06812429423478474,-0.0678050037302628,970.6918427050114,-16543087990.876602,-1040797405.6937968,-205148358.22734094,-16543578300.666796,-1904395102.9628334,16575796195.464806,16654092276.295502,-0.9887184440161148,-0.004972352068855533,0.14970342072663642,-0.005029024410799522,0.9999873543767819,0.0,0.14970152763358344,0.0007528621572144456,0.9887309471351363,4685.849640271444,-545.5950263216873,-0.1159126699070442,1.5730145436066407e-09,171.09979223419083,0.0,-78.64989611709542,0.9498961170954222,0.0,2.99401923926391e-17,2.2889604482449077,1.5707963267948966,18.596569518564586,461.0,0.008326544782941132,0.19267932553078293,0.0,0.017663697409914147,-1566.2824807755628,-14.920922972744687,237.1610650787878,-0.03641408422398175,0.058401496587043834,-0.439389093307181,-0.03667634641873129,0.058237152633443076,-0.439389093307181,-5.7965369094316695e-18,1.6331104761839387e-20,4.825548640513096e-19,-5.796551738593718e-18,-9.735974144481753e-21,4.825548640513096e-19,-1566.3191571219816,-14.862685820111244,236.72167598548063,-1057268.05338528,131.12162704089104,119130.08219556263,-0.026803592946022636,4717.894307903634
63.57506631452173,2001.0,12.0,14.0,14.0,22.0,31.0,1.0,3490384.800313903,33211.20007423317,-527876.4282149416,387.1108382405764,-294.5064771767446,4681.071513164871,3530232.6497750343,4706.274468998386,3490499.021217473,17482.017977373693,-527876.4282149416,3530232.6497750347,387.01892938214974,-543.6627463901136,4681.071513164871,4728.401774899866,20254076.341417223,0.8265929458661104,1.6336278486381506,5.960464477539064e-08,2.0271056851442245e-06,6.132791144200245,-0.15009312349553305,0.005008416188209067,134032.64977503428,-0.06804490482400274,-0.06772598899972962,975.3272867798805,-16543087545.346796,-1040797347.0314147,-205152172.37141868,-16543573705.044798,-1904420156.0281374,16575795747.13072,16654090622.990034,-0.9887447563661014,-0.004952086650291375,0.14953020964456287,-0.005008395249522463,0.9999874579098603,0.0,0.1495283342231949,0.0007489063916439267,0.9887571574474964,4685.906106483036,-545.5942714903357,-0.11591112668001347,1.579536289369e-09,171.0066244375857,0.0,-78.60331221879285,0.9,0.0,2.9938619385627153e-17,2.288934759090892,1.5707963267948966,18.60175577697433,461.0,0.008361223294212268,0.19378056424860082,0.0,0.01773674591153475,-1566.3616674443335,-14.904015947303238,236.8923341142655,-0.03652056270908384,0.05863917244204848,-0.44120528530926645,-0.03678443967820612,0.05847400313675162,-0.44120528530926645,-5.8202506855851825e-18,1.6464400692564898e-20,4.839567795004915e-19,-5.820265783309738e-18,-9.763768679916475e-21,4.839567795004915e-19,-1566.3984518840118,-14.845541944166486,236.45112882895623,-1057268.652444588,131.27516524585695,119110.69959213417,-0.026711562065998617,4717.908491470164
63.61985067714457,2001.0,12.0,14.0,14.0,22.0,31.0,1.0,3490402.1334186303,33198.010757075004,-527666.7888965439,386.9586673977866,-294.5079190805108,4681.094479011913,3530218.3220016216,4706.28488790375,3490516.350146306,17457.67031593931,-527666.7888965439,3530218.322001621,386.8640873469214,-543.665955004681,4681.094479011913,4728.412208569144,20254072.436194777,0.8265929124509908,1.6336278480105837,5.960464477539064e-08,2.03044383809168e-06,6.132850706508769,-0.15003367807259851,0.0050014161234224865,134018.32200162113,-0.06801796532205517,-0.067699176637342,976.9033055603504,-16543087393.738829,-1040797327.0701114,-205153464.5773393,-16543572146.280428,-1904428650.6557243,16575795594.568539,16654090061.863245,-0.9887536780351862,-0.0049452098209158,0.14947143229299167,-0.005001395272408675,0.9999874929444513,0.0,0.14946956284548504,0.0007475657148303219,0.9887660445870305,4685.925252338876,-545.5940155619035,-0.11591060343241151,1.5820436497163023e-09,170.97080500405283,0.0,-78.58540250202641,0.9,0.0,2.99380161932923e-17,2.2889249082124956,1.5707963267948966,18.603745316803302,461.0,0.008374548776698411,0.19415531199255198,0.0,0.017764961631125467,-1566.3885178483163,-14.89827844402429,236.80113860344863,-0.0365637602061776,0.05873071627841155,-0.44190667308764203,-0.03682823517484299,0.05856523447316325,-0.44190667308764203,-5.8294083661872885e-18,1.6512742966668987e-20,4.8452514502954e-19,-5.829423557773864e-18,-9.77519952416135e-21,4.8452514502954e-19,-1566.4253460834911,-14.839713209551128,236.359231930361,-1057268.8562983721,131.4287034508229,119091.38359559036,-0.026619532018522934,4717.922625552484
63.72063765194516,2001.0,12.0,14.0,14.0,22.0,31.0,1.0,3490441.1165540344,33168.32803139823,-527194.9929417713,386.6161981554387,-294.5111620062149,4681.146130876453,3530186.0980263134,4706.30832052491,3490555.32344633,17402.875505419845,-527194.9929417713,3530186.0980263134,386.51560654036945,-543.6731685181647,4681.146130876453,4728.43567439438,20254063.62481049,0.8265928370560887,1.6336278465947118,5.960464477539064e-08,2.0379210707285068e-06,6.132984752925046,-0.1498998946876766,0.00498566265225307,133986.09802631335,-0.06795733727065041,-0.06763883471298829,980.4566815197468,-16543087051.666735,-1040797282.0332704,-205156368.9012436,-16543568639.42293,-1904447755.5675378,16575795250.343567,16654088798.75104,-0.9887737435139354,-0.004929733170483446,0.14933915048742613,-0.004985641997648846,0.9999875716097032,0.0,0.14933729444217728,0.0007445515405633128,0.9887860325326677,4685.968312700209,-545.5934399765468,-0.11590942663081415,1.5876828453951615e-09,170.8902450657834,0.0,-78.5451225328917,0.9,0.0,2.993665937947487e-17,2.288902749761285,1.5707963267948966,18.60822217392683,461.0,0.00840451915533229,0.19500086646837667,0.0,0.017828421086250178,-1566.4489077533779,-14.885365339749368,236.59588954246234,-0.036660720941818215,0.05893658539429896,-0.44348414513229106,-0.03692654315118644,0.058770400447988515,-0.44348414513229106,-5.850003522829531e-18,1.662175448099526e-20,4.858008532575884e-19,-5.850018926727079e-18,-9.800855824956486e-21,4.858008532575884e-19,-1566.485834296529,-14.82659493930138,236.15240539733006,-1057269.3162555583,131.5822416557888,119072.13420593119,-0.026527502800678428,4717.936710153071
63.919616678982884,2001.0,12.0,14.0,14.0,22.0,31.0,1.0,3490517.9777992554,33109.72585056396,-526263.5329033711,385.9400382912916,-294.51755594246026,4681.247971977845,3530122.5635025254,4706.354521183172,3490632.163495134,17294.69453275746,-526263.5329033711,3530122.563502525,385.82757808378733,-543.6873795044767,4681.247971977845,4728.481940516335,20254046.13685565,0.8265926874193917,1.6336278437851146,6.143906154658886e-08,2.0529560750497074e-06,6.133249401630155,-0.14963576519622193,0.004954561869479305,133922.56350252545,-0.06783763871219683,-0.06751970104241199,987.4983495771885,-16543086372.765009,-1040797192.6572362,-205162087.42555463,-16543561720.61616,-1904485423.8899841,16575794567.169548,16654086303.840343,-0.9888133062529677,-0.004899176791073784,0.1490779777292553,-0.004954541599001559,0.9999877261834486,0.0,0.1490761479735048,0.0007386130421546234,0.9888254429150555,4686.0532138195185,-545.5923051709774,-0.11590710643393262,1.5988013870580479e-09,170.7657043781568,0.0,-78.4314087563136,0.9,0.0,2.9934549376832765e-17,2.288868290803101,1.5707963267948966,18.615188635480084,461.0,0.008463615299835858,0.1966790702455748,0.0,0.017953509788413348,-1566.5679831344203,-14.859868013215143,236.19061886551975,-0.036851207795640266,0.05933932624250973,-0.4465957969409587,-0.037119681671204746,0.05917175329108381,-0.4465957969409587,-5.890706908989705e-18,1.6838179847851716e-20,4.88313665528173e-19,-5.89072273686709e-18,-9.851359131639777e-21,4.88313665528173e-19,-1566.6051028160914,-14.80069625992406,235.7440230685788,-1057270.2291338034,131.73577986075472,119052.95142315663,-0.026435474409548382,4717.950745274364
64.11113083123986,2001.0,12.0,14.0,14.0,22.0,32.0,1.0,3490591.8284558444,33053.32098222173,-525366.9982961945,385.28919659371866,-294.5236994478819,4681.345825929633,3530061.517567282,4706.398911747398,3490705.9915201133,17190.569398634467,-525366.9982961945,3530061.517567282,385.16531275302975,-543.7010193410072,4681.345825929633,4728.526393976182,20254029.189397592,0.8265925424069455,1.6336278410636282,5.960464477539064e-08,2.067344808104958e-06,6.133504130711881,-0.14938153575637708,0.004924628562760406,133861.5175672816,-0.0677224264658105,-0.06740503249235066,994.3072118163109,-16543085714.856247,-1040797106.065356,-205167572.20211494,-16543555067.159117,-1904521616.8480744,16575793905.121885,16654083901.009115,-0.9888513200545327,-0.004869764822251947,0.14882658437585744,-0.0049246086574634045,0.999987874041266,0.0,0.14882477971083677,0.0007329126858780554,0.988863310970235,4686.134790673792,-545.5912148786211,-0.11590487717826216,1.6093194895339704e-09,170.6811501495147,0.0,-78.29057507475736,0.8905750747573549,0.0,2.993310092254138e-17,2.2888446357493764,1.5707963267948966,18.619974029310047,461.0,0.0085195292133614,0.19830541037296545,0.0,0.01807174705332213,-1566.682403686103,-14.835322750739232,235.8004808806727,-0.03702935580934898,0.05971708548346335,-0.44953925717836657,-0.0373003477607359,0.05954819516343715,-0.44953925717836657,-5.929286482325504e-18,1.7046210471776056e-20,4.906704038307987e-19,-5.929302722933863e-18,-9.89861548258878e-21,4.906704038307987e-19,-1566.7197040338638,-14.775774555575795,235.35094162349432,-1057271.1137994025,131.88931806572063,119033.83524726673,-0.026343446842216598,4717.964730918763
64.15159888789894,2001.0,12.0,14.0,14.0,22.0,32.0,1.0,3490607.4175780467,33041.40215422352,-525177.5529100905,385.1516638580389,-294.52499628190697,4681.366482146581,3530048.631391334,4706.408282095055,3490721.5755801345,17168.56681675128,-525177.5529100905,3530048.631391334,385.0253660993383,-543.7038967467709,4681.366482146581,4728.5357775999755,20254025.594613384,0.8265925116477827,1.6336278404864566,5.960464477539064e-08,2.070510851768015e-06,6.13355795756863,-0.14932781446515303,0.004918303568641771,133848.63139133388,-0.06769808090952821,-0.06738080182235229,995.749722391367,-16543085575.306316,-1040797087.6996728,-205168728.75871617,-16543553662.003107,-1904529256.8249674,16575793764.694138,16654083393.118313,-0.9888593444686629,-0.004863549658800158,0.1487734611472185,-0.004918283739942924,0.9999879051693843,0.0,0.14877166175740583,0.0007317100948953951,0.988871304699594,4686.152010880706,-545.5909847377866,-0.11590440661270004,1.6113240057925057e-09,170.6525142029642,0.0,-78.2762571014821,0.8762571014821027,0.0,2.9932617066079316e-17,2.288836733773682,1.5707963267948966,18.621573158303768,461.0,0.008530189536992902,0.19865038935582702,0.0,0.01809420560033099,-1566.7065578588122,-14.830135630603275,235.71803349784332,-0.03706158149815315,0.05979007799846779,-0.4500976253316383,-0.037333075840152746,0.05962093339189276,-0.4500976253316383,-5.936573996913728e-18,1.708794398276495e-20,4.9109459386090325e-19,-5.9365903235319685e-18,-9.907028232106993e-21,4.9109459386090325e-19,-1566.7438909346524,-14.770514697211382,235.26793587251169,-1057271.3014490847,132.04285627068654,119014.78567826145,-0.026251420095767353,4717.978667088632
64.23214994446433,2001.0,12.0,14.0,14.0,22.0,32.0,1.0,3490638.4309256095,33017.6777506667,-524800.4622384979,384.87790070396676,-294.52757623607994,4681.407576346381,3530022.9953450146,4706.426923631885,3490752.5785607593,17124.770662889372,-524800.4622384979,3530022.995345014,384.74679803877245,-543.709619225973,4681.407576346381,4728.554445548157,20254018.425856236,0.8265924503074594,1.6336278393355212,5.960464477539064e-08,2.0765611543235747e-06,6.133665100275222,-0.14922088187416377,0.004905713854591483,133822.9953450146,-0.06764962088953043,-0.06733257048187752,998.6246552467346,-16543085297.015816,-1040797051.0758296,-205171028.36886382,-16543550865.880533,-1904544455.9810488,16575793484.653156,16654082382.036743,-0.9888753085076102,-0.004851178217669272,0.14866771772607262,-0.00490569417777365,0.9999879670099207,0.0,0.14866592880890012,0.000729318357271691,0.988887207777571,4686.1862693222965,-545.5905269005747,-0.11590347046697157,1.6153118352199487e-09,170.5955452111436,0.0,-78.2477726055718,0.8477726055717951,0.0,2.9931654367565354e-17,2.2888210117138255,1.5707963267948966,18.62475568907599,461.0,0.008551397783442402,0.19933836013633174,0.0,0.01813888475763783,-1566.754611910124,-14.819810161977152,235.5539139373712,-0.03712557504915216,0.05993528045584556,-0.45120844345822614,-0.037398070235694955,0.05976562982766198,-0.45120844345822614,-5.95107119616137e-18,1.7171140743890498e-20,4.919369321880135e-19,-5.9510876946476426e-18,-9.923732632856128e-21,4.919369321880135e-19,-1566.7920099803596,-14.76004453214949,235.10270549391296,-1057271.6756622922,132.19639447565245,118995.80271614081,-0.026159394167285435,4717.992553786291
64.37164425408766,2001.0,12.0,14.0,14.0,22.0,32.0,1.0,3490692.086135177,32976.5925183738,-524147.42756077816,384.40379142515906,-294.5320397447668,4681.47867294255,3529978.643232769,4706.459174635873,3490806.2149018855,17048.92557459026,-524147.42756077816,3529978.643232769,384.2643677392621,-543.7195135325461,4681.47867294255,4728.586742244035,20254005.969639935,0.8265923437241365,1.6336278373358726,6.143906154658886e-08,2.0871202790976962e-06,6.1338506483304425,-0.1490356976525484,0.0048839119020376775,133778.6432327684,-0.06756569848585016,-0.0672490440943016,1003.6146353781223,-16543084813.471275,-1040796987.4426543,-205175002.85865268,-16543546026.292288,-1904570751.6093953,16575792998.067232,16654080630.69635,-0.9889029276689876,-0.0048297531791797995,0.14848458887013602,-0.00488389248639835,0.9999880737259726,0.0,0.1484828180022403,0.0007251827679288054,0.9889147217369487,4686.245539328415,-545.5897348430261,-0.11590185089573916,1.6222374342655271e-09,170.49660808192104,0.0,-78.19830404096052,0.8,0.0,2.9929982283602885e-17,2.2887937045104154,1.5707963267948966,18.63028601273505,461.0,0.008588230270832926,0.20053379053346393,0.0,0.01821648908236461,-1566.8377524767784,-14.801927191188662,235.2696706271478,-0.03723655718959244,0.06018743407722132,-0.45313783064126606,-0.037510792688896274,0.0600169046518087,-0.45313783064126606,-5.976249640618854e-18,1.731588986914021e-20,4.933976935577709e-19,-5.976266439054531e-18,-9.952711661418889e-21,4.933976935577709e-19,-1566.8752632694673,-14.741910286536854,234.81653279650655,-1057272.3258845136,132.34993268061837,118976.8863609048,-0.02606736905385611,4718.006391014021
64.42924237909243,2001.0,12.0,14.0,14.0,22.0,32.0,1.0,3490714.2214348293,32959.62797209527,-523877.782322191,384.2080212152096,-294.5338811554886,4681.508003931018,3529960.345898271,4706.472479637462,3490828.342072046,17017.608232575854,-523877.782322191,3529960.345898271,384.0651616793835,-543.7235931872949,4681.508003931018,4728.60006609509,20254000.81024351,0.8265922995769701,1.6336278365076895,6.143906154658886e-08,2.091636883122758e-06,6.133927263700445,-0.14895923249864168,0.004874909837555235,133760.34589827154,-0.06753104572112703,-0.06721455484736101,1005.6794675886631,-16543084613.187607,-1040796961.0870081,-205176641.04664695,-16543544028.927336,-1904581599.8087008,16575792796.523897,16654079907.380604,-0.9889143219776687,-0.00482090634597352,0.14840897091972274,-0.00487489052907923,0.9999881176505696,0.0,0.14840720747247166,0.0007234774867669512,0.9889260727428258,4686.269991195213,-545.5894080927873,-0.11590118275551295,1.6254394678024804e-09,170.45086474567884,0.0,-78.17543237283942,0.8,0.0,2.99292109739483e-17,2.2887811080678313,1.5707963267948966,18.632838221276504,461.0,0.008605251394655315,0.2010289506742081,0.0,0.018252524684867426,-1566.8720532685745,-14.794542514677017,235.1522938797193,-0.03729053016386709,0.06030421152885536,-0.4540335826322061,-0.03756554343920359,0.06013328125203647,-0.4540335826322061,-5.987938759404029e-18,1.7379398399090602e-20,4.941076396676533e-19,-5.987955685294833e-18,-9.96698585612331e-21,4.941076396676533e-19,-1566.9096188120138,-14.73440923342498,234.6982602970871,-1057272.5952084418,132.50347088558428,118958.03661255342,-0.025975344752565122,4718.020178774064
64.52655052837544,2001.0,12.0,14.0,14.0,22.0,32.0,1.0,3490751.591914105,32930.9672739317,-523422.2310326788,383.87727089473793,-294.5369899657165,4681.557523087837,3529929.45496021,4706.49494205061,3490865.698367503,16964.69916094813,-523422.2310326788,3529929.4549602093,383.728606662037,-543.7304778247637,4681.557523087837,4728.622560330508,20253992.070778612,0.8265922247962865,1.633627835104953,6.143906154658886e-08,2.0990548100345104e-06,6.134056701990376,-0.14883004796970453,0.004859701597401257,133729.45496020978,-0.06747250135154911,-0.06715628673018689,1009.1743292808533,-16543084273.93078,-1040796916.4454545,-205179404.7996437,-16543540655.691763,-1904599914.5669112,16575792455.133457,16654078685.092384,-0.9889335588455416,-0.004805959829341507,0.148281215732845,-0.004859682469071703,0.9999881916734316,0.0,0.14827946477982565,0.000720599624589546,0.988945236633854,4686.311272923457,-545.5888564603932,-0.11590005476295996,1.6308453819632874e-09,170.37363740052447,0.0,-78.13681870026222,0.8,0.0,2.992790858733911e-17,2.288759838480386,1.5707963267948966,18.63714936784309,461.0,0.008633988358166415,0.2018677077323162,0.0,0.018313363412945115,-1566.9299642958383,-14.782065700204921,234.95397944772031,-0.037381453690123044,0.06050134558324637,-0.45554586983175166,-0.03765778242614817,0.06032973827321899,-0.45554586983175166,-6.0076722072679865e-18,1.7486912232218923e-20,4.953035842579517e-19,-6.007689349606693e-18,-9.99103107449e-21,4.953035842579517e-19,-1566.9676220782644,-14.721735961931701,234.49843357788856,-1057273.0514146406,132.6570090905502,118939.25347108667,-0.025883321260498724,4718.033917068619
64.6225767511131,2001.0,12.0,14.0,14.0,22.0,32.0,1.0,3490788.438526732,32902.68385215086,-522972.6764028427,383.550865844864,-294.5400551982315,4681.606348532905,3529898.9970565056,4706.517089465428,3490902.5304294326,16912.486451169872,-522972.6764028427,3529898.997056506,383.3964733119048,-543.7372623246779,4681.606348532905,4728.644739120496,20253983.417941973,0.826592150756714,1.6336278337162744,6.143906154658886e-08,2.106341200045399e-06,6.134184437274747,-0.14870256308029478,0.004844693882327989,133698.99705650657,-0.0674147271807175,-0.06709878517262322,1012.6311404109001,-16543083938.039532,-1040796872.2491244,-205182127.39861774,-16543537328.339352,-1904617972.598304,16575792117.129911,16654077478.536776,-0.9889525262168715,-0.0047912097386561955,0.14815513895409935,-0.004844674930667722,0.999988264493547,0.0,0.14815340027851012,0.000717763487540518,0.9889641322118268,4686.351976256459,-545.5883125752878,-0.11589894259766971,1.6361880519050132e-09,170.29874632063326,0.0,-78.09749264126648,0.8,0.0,2.9926644921338797e-17,2.2887392012484726,1.5707963267948966,18.64133431490606,461.0,0.008662389709593106,0.20269815725341922,0.0,0.018373489668711235,-1566.98706578837,-14.769752144533875,234.75825995053512,-0.037471149944082405,0.06069604306173571,-0.4570405249113623,-0.03774878020483741,0.0605237665263065,-0.4570405249113623,-6.027177755010767e-18,1.759342808053177e-20,4.964836168740904e-19,-6.0271951124791705e-18,-1.001475488735628e-20,4.964836168740904e-19,-1567.0248145685748,-14.709228378007568,234.30121942562377,-1057273.5030991677,132.8105472955161,118920.53693650456,-0.02579129857474362,4718.047605899847
64.67007558378788,2001.0,12.0,14.0,14.0,22.0,32.0,1.0,3490806.6529105674,32888.69350736924,-522750.3049930628,383.38940701408404,-294.54157043491415,4681.630484576742,3529883.9408025355,4706.5280375498805,3490920.7374125086,16886.659486304776,-522750.3049930628,3529883.9408025355,383.23218098246986,-543.7406147725939,4681.630484576742,4728.655702714263,20253979.127131097,0.8265921140415584,1.633627833027727,6.143906154658886e-08,2.1099749592704958e-06,6.134247621623892,-0.14863950257880745,0.004837270463853675,133683.9408025355,-0.06738614912280044,-0.06707034196139562,1014.3440139293671,-16543083771.477135,-1040796850.3341831,-205183472.3757375,-16543535683.003262,-1904626899.227519,16575791949.52014,16654076881.574656,-0.9889619024184776,-0.004783913513730288,0.14809277408543156,-0.004837251599177564,0.9999883004300432,0.0,0.14809104146366106,0.0007163620082713955,0.9889734729828102,4686.372097239364,-545.5880437215467,-0.11589839282652359,1.639011099524589e-09,170.2799260031694,0.0,-78.05985200633882,0.8,0.0,2.992632090682677e-17,2.2887339096899226,1.5707963267948966,18.642407683454024,461.0,0.008677394552358152,0.20310996793030944,0.0,0.018405237424009187,-1567.0152935994481,-14.763660906163864,234.66144192629733,-0.03751961927005179,0.06079735091491833,-0.4578309742565447,-0.03779791718483866,0.060624724040027105,-0.4578309742565447,-6.0375448889273384e-18,1.76483563327681e-20,4.971252966032414e-19,-6.037562355511205e-18,-1.0027642188933854e-20,4.971252966032414e-19,-1567.053091516633,-14.703036182123837,234.20361095204078,-1057273.7270828448,132.964085500482,118901.8870088071,-0.025699276692387002,4718.061245269868
64.74994734923553,2001.0,12.0,14.0,14.0,22.0,32.0,1.0,3490837.2640565084,32865.1678504303,-522376.37328094203,383.11789899868046,-294.54411694599463,4681.671047918959,3529858.637218425,4706.546436856143,3490951.3358102464,16843.229738488128,-522376.37328094203,3529858.637218425,382.95590825094416,-543.7462469141162,4681.671047918959,4728.674128084964,20253971.895234127,0.8265920521603528,1.6336278318673918,6.322027276634106e-08,2.1162272176528275e-06,6.13435387060648,-0.14853346183876343,0.004824787693268311,133658.63721842552,-0.06733809304835389,-0.06702251263878473,1017.2288701534271,-16543083490.747929,-1040796813.400792,-205185731.42799217,-16543532917.035482,-1904641901.349024,16575791667.02583,16654075877.507961,-0.9889776601822112,-0.004771644269516927,0.14798790177404425,-0.0048247689742587025,0.9999883607344363,0.0,0.1479861793035553,0.000714007437045053,0.9889891712898154,4686.405912772511,-545.5875918917874,-0.11589746888771041,1.6437555215452133e-09,170.2482965230319,0.0,-77.99659304606382,0.8,0.0,2.992577633475689e-17,2.2887250161531045,1.5707963267948966,18.64421198496458,461.0,0.008702612192036982,0.20380405434973878,0.0,0.0184585931595668,-1567.0627345824416,-14.753417563888066,234.49862771421365,-0.03760093558712763,0.06096758249356107,-0.4591594202728743,-0.037880357168747505,0.06079436662146104,-0.4591594202728743,-6.054967668320027e-18,1.7740882294162527e-20,4.982018398914111e-19,-6.054985319191552e-18,-1.0049262670716908e-20,4.982018398914111e-19,-1567.1006149396103,-14.692623197266604,234.03946829394079,-1057274.1045937184,133.11762370544795,118883.30368799425,-0.025607255610516518,4718.074835180757
64.88983974818123,2001.0,12.0,14.0,14.0,22.0,32.0,1.0,3490890.8260754105,32823.96305559369,-521721.43812152237,382.642343072421,-294.5485727172469,4681.742024561748,3529814.3621334718,4706.578630911126,3491004.874584151,16767.163082475363,-521721.43812152237,3529814.3621334718,382.4720069817497,-543.7560957604628,4681.742024561748,4728.706367744654,20253959.178414784,0.8265919433460552,1.6336278298275386,6.322027276634106e-08,2.127007011118962e-06,6.134539965343404,-0.14834773178982025,0.004802924875743724,133614.3621334713,-0.06725392288948745,-0.06693873962753187,1022.2953513562679,-16543082997.108257,-1040796748.464758,-205189680.2315877,-16543528074.814276,-1904668151.4001667,16575791170.282888,16654074118.18501,-0.9890052326927856,-0.004750154360055649,0.14780421421544288,-0.004802906410049918,0.9999884659784913,0.0,0.14780250943845705,0.0007098898078877417,0.9890166400319842,4686.465082140107,-545.5868013199562,-0.11589585224536184,1.65187700146002e-09,170.18747140771399,0.0,-77.893735703857,0.7937357038569988,0.0,2.992473277921997e-17,2.288707973597852,1.5707963267948966,18.647670551414606,461.0,0.008745784347458112,0.20502457068001614,0.0,0.018549890879823387,-1567.1457484482878,-14.735474901009155,234.2134355847679,-0.03773852465037906,0.06125935246890668,-0.461432199576343,-0.03801988961019448,0.06108512504469183,-0.461432199576343,-6.0847572682968774e-18,1.7901431696317683e-20,5.00022305524009e-19,-6.084775242563736e-18,-1.0085773737700762e-20,5.00022305524009e-19,-1567.183768337898,-14.674389775964464,233.75200338519156,-1057274.7684226353,133.27116191041387,118864.78697406605,-0.025515235326220343,4718.088375634551
64.92668339241965,2001.0,12.0,14.0,14.0,22.0,32.0,1.0,3490904.9217064045,32813.11079116692,-521548.94533983927,382.51709108932516,-294.5497453197681,4681.760703266465,3529802.7104951474,4706.587103209021,3491018.963898852,16747.129078603037,-521548.94533983927,3529802.7104951474,382.3445570490714,-543.7586863526976,4681.760703266465,4728.714852043752,20253955.81932738,0.8265919146032265,1.6336278292887996,6.143906154658886e-08,2.129823756561838e-06,6.134588978127336,-0.1482988150462263,0.004797166897522274,133602.71049514692,-0.06723175451453096,-0.06691667584992805,1023.6323707401752,-16543082866.716639,-1040796731.3135753,-205190718.57389107,-16543526800.025024,-1904675059.4913974,16575791039.07164,16654073654.706335,-0.9890124888620603,-0.0047444943675772205,0.14775583456523508,-0.004797148498161525,0.9999884936169449,0.0,0.14775413443000393,0.0007088066798792203,0.9890238689495471,4686.4806535322305,-545.5865932745911,-0.11589542680741834,1.6536894785326993e-09,170.16157887810428,0.0,-77.88078943905215,0.7807894390521478,0.0,2.9924294736780034e-17,2.288700819821919,1.5707963267948966,18.64912271338669,461.0,0.008755425590662735,0.20534696901922778,0.0,0.0185701968837402,-1567.167595557691,-14.73074893034456,234.13831799072622,-0.037766950014136574,0.06132527735796619,-0.4619370406894151,-0.038048777596130484,0.06115081912650042,-0.4619370406894151,-6.091342716354834e-18,1.7940217974303066e-20,5.003963838572105e-19,-6.091360773021926e-18,-1.0093185809065134e-20,5.003963838572105e-19,-1567.205644335287,-14.669598111218061,233.67638095003682,-1057274.9437700268,133.42470011537978,118846.33686702247,-0.025423215836587063,4718.101866633244
64.97973981520346,2001.0,12.0,14.0,14.0,22.0,32.0,1.0,3490925.2119100033,32797.48299056646,-521300.5471512487,382.3367198079449,-294.5514332445853,4681.7875907802045,3529785.9383395487,4706.5992987849995,3491039.244864446,16718.27908893324,-521300.5471512487,3529785.9383395487,382.1610206075421,-543.7624144914582,4681.7875907802045,4728.7270648948315,20253950.975555647,0.8265918731563072,1.6336278285119752,6.322027276634106e-08,2.1339378523762754e-06,6.134659559195352,-0.1482283722751199,0.004788875207122903,133585.93833954912,-0.06719983083601637,-0.06688490279610687,1025.5594720244408,-16543082678.693905,-1040796706.5823193,-205192212.61691347,-16543524964.675652,-1904685003.4713566,16575790849.86704,16654072987.212883,-0.989022933925186,-0.004736343614309288,0.1476861646166777,-0.0047888569030047085,0.9999885333590394,0.0,0.14768447115245317,0.0007072479089028666,0.9890342748261132,4686.503068130112,-545.5862938046791,-0.1158948144071068,1.6562984805145802e-09,170.12430742122027,0.0,-77.86215371061014,0.7621537106101416,0.0,2.9923664138630754e-17,2.2886905213726076,1.5707963267948966,18.651213630954178,461.0,0.008769304021671321,0.20581186939232052,0.0,0.01859942653559786,-1567.1990443430846,-14.723943046477226,234.03014092758684,-0.03780781029143365,0.06142016902897905,-0.462663737320452,-0.03809030447521666,0.06124537849966055,-0.462663737320452,-6.1008218948699454e-18,1.7996133113844213e-20,5.009340989269333e-19,-6.100840070527748e-18,-1.0103839593703787e-20,5.009340989269333e-19,-1567.2371346475597,-14.662697667977564,233.5674771902664,-1057275.1966193859,133.5782383203457,118827.95336686354,-0.025331197138705745,4718.115308178788
65.11431913186463,2001.0,12.0,14.0,14.0,22.0,33.0,1.0,3490976.635737417,32757.842172051456,-520670.47079032863,381.87918602479334,-294.5557111577747,4681.855735600865,3529743.4307101313,4706.630207342971,3491090.644506139,16645.099279104103,-520670.47079032863,3529743.4307101313,381.6954581949512,-543.771858197775,4681.855735600865,4728.758017233831,20253938.65507295,0.8265917677328875,1.6336278265362216,6.322027276634106e-08,2.1443697730088986e-06,6.134838593319948,-0.14804968891778478,0.004767843303585242,133543.43071013084,-0.06711885396927474,-0.06680430799398267,1030.4566284120083,-16543082200.448395,-1040796643.6794021,-205195995.880848,-16543520311.400484,-1904710205.6960096,16575790368.615545,16654071293.774637,-0.9890494062917725,-0.004715668321466459,0.14750943829522978,-0.0047678252395747306,0.9999886338566478,0.0,0.14750776168180832,0.0007032992229794879,0.9890606480968828,4686.559876506601,-545.5855348482968,-0.11589326234976002,1.6629107784240904e-09,170.029846022513,0.0,-77.8149230112565,0.7149230112564972,0.0,2.992206567442963e-17,2.2886644164711414,1.5707963267948966,18.6565159419455,461.0,0.008804478667249167,0.20699440354371065,0.0,0.018673505686048968,-1567.2787517309187,-14.706678200945994,233.75572244442725,-0.037911065048655594,0.06166063725466392,-0.4645054587442481,-0.038195252235652476,0.06148500424029853,-0.4645054587442481,-6.124844176545464e-18,1.8138287450347254e-20,5.022928793636708e-19,-6.1248626557808244e-18,-1.0130757917025507e-20,5.022928793636708e-19,-1567.3169469831544,-14.645193196705696,233.291216985683,-1057275.8397605065,133.7317765253116,118809.63647358923,-0.025239179229665926,4718.128700273091
65.1669526431368,2001.0,12.0,14.0,14.0,22.0,33.0,1.0,3490996.730670551,32742.33862671982,-520424.04758298106,381.7002397885565,-294.5573828449003,4681.882364868264,3529726.8199669323,4706.64228546291,3491110.7296863976,16616.478559806157,-520424.04758298106,3529726.8199669323,381.51337195048075,-543.7755465896171,4681.882364868264,4728.770112461623,20253933.82327212,0.8265917263882497,1.633627825761439,6.322027276634106e-08,2.1484043387077772e-06,6.134908614118328,-0.14797980529267107,0.004759617889504413,133526.81996693183,-0.06708718363431421,-0.06677278708327769,1032.3753917217255,-16543082012.89337,-1040796619.0114778,-205197472.99744833,-16543518492.358622,-1904720054.0053923,16575790179.88171,16654070631.35216,-0.9890597510090323,-0.004707582033207268,0.14744031879154224,-0.00475959991882394,0.9999886730401564,0.0,0.14743864874097196,0.0007017569293516003,0.9890709541760128,4686.58207573926,-545.5852382800026,-0.11589265585882208,1.6655962562002803e-09,169.9960249586648,0.0,-77.7960249586648,0.7,0.0,2.992149206139492e-17,2.2886550486593755,1.5707963267948966,18.6584194504578,461.0,0.008818762337029929,0.207458175640477,0.0,0.018703621139524368,-1567.3099002502095,-14.69992539269602,233.6483889941711,-0.03795370379422201,0.06175838460194738,-0.46525436797697356,-0.03823857142525867,0.06158241109031851,-0.46525436797697356,-6.134624163764425e-18,1.8195142546897628e-20,5.0285484052300055e-19,-6.134642763447786e-18,-1.0141929421015197e-20,5.0285484052300055e-19,-1567.3481388216346,-14.638342981605701,233.18313462619415,-1057276.091985397,133.8853147302775,118791.38618719956,-0.025147162106557586,4718.142042918023
65.20358974969116,2001.0,12.0,14.0,14.0,22.0,33.0,1.0,3491010.712781101,32731.546875189477,-520252.51662046503,381.57567688505014,-294.55854600966245,4681.900893665193,3529715.2621653746,4706.650689430919,3491124.7049106117,16596.55615015907,-520252.51662046503,3529715.2621653746,381.38662333890267,-543.7781123397604,4681.900893665193,4728.778528333144,20253930.45491916,0.8265916975659825,1.6336278252213443,6.322027276634106e-08,2.151296283744806e-06,6.134957354543798,-0.14793116034654846,0.004753892378018685,133515.2621653746,-0.06706513837904583,-0.06675084583920073,1033.7124018371105,-16543081882.145203,-1040796601.8153517,-205198500.35669196,-16543517226.41507,-1904726906.488159,16575790048.311794,16654070170.187849,-0.9890669489212315,-0.004701953250466323,0.1473922053138376,-0.00475387447211287,0.9999887002749098,0.0,0.1473905398224371,0.0007006840422298714,0.9890781252321393,4686.597522078194,-545.585031929277,-0.11589223386331539,1.6677633439922634e-09,169.98157770671824,0.0,-77.78157770671824,0.7,0.0,2.9921243155071525e-17,2.2886509837106317,1.5707963267948966,18.65924555966919,461.0,0.008830282350185008,0.20778148375145933,0.0,0.01872800754494102,-1567.3315738729884,-14.695224707093297,233.5736732920377,-0.0379904050585341,0.06183753088127308,-0.46586136003021333,-0.03827579801806413,0.06166128759671057,-0.46586136003021333,-6.142585392502371e-18,1.823809471757853e-20,5.033409637105468e-19,-6.142604079312868e-18,-1.0151703864774358e-20,5.033409637105468e-19,-1567.3698496710065,-14.633563419496587,233.1078119320075,-1057276.2678169012,134.03885293524343,118773.20250769453,-0.025055145766471193,4718.155336115405
65.30341730065062,2001.0,12.0,14.0,14.0,22.0,33.0,1.0,3491048.7876052368,32702.14165878094,-519785.1314011951,381.2362633374819,-294.56171343426786,4681.951349928802,3529683.7890007687,4706.673574256557,3491162.7605647296,16542.27176422464,-519785.1314011951,3529683.7890007687,381.0412541945101,-543.7850964775279,4681.951349928802,4728.8014455725815,20253921.254797947,0.8265916188424322,1.6336278237462671,6.322027276634106e-08,2.1590234809267346e-06,6.135090162412711,-0.1477986126183119,0.004738291824085042,133483.78900076868,-0.06700506944025626,-0.06669106030670793,1037.3617002665997,-16543081525.02942,-1040796554.8487486,-205201296.20918274,-16543513778.02797,-1904745566.5527105,16575789688.95165,16654068913.303722,-0.989086549748145,-0.004686615785746534,0.147261103960914,-0.0047382740938833375,0.9999887743162976,0.0,0.14725945085433925,0.0006977634739346598,0.9890976530455489,4686.639584355557,-545.5844700214834,-0.1158910847338549,1.6736645623558685e-09,169.9422362509609,0.0,-77.74223625096087,0.7,0.0,2.992056531277235e-17,2.2886399137058,1.5707963267948966,18.661495672320218,461.0,0.008861653219387427,0.20866455576582554,0.0,0.018794415086549967,-1567.3905951784218,-14.682415628263573,233.37007760085743,-0.038090157801965674,0.06205303872179993,-0.4675142878269532,-0.038376983560039254,0.06187606054703487,-0.4675142878269532,-6.164264413284868e-18,1.835534349677167e-20,5.046622428856106e-19,-6.16428333858358e-18,-1.0178270285130454e-20,5.046622428856106e-19,-1567.4289721619818,-14.620539567716538,232.90256331303047,-1057276.7480730284,134.19239114020934,118755.08543507411,-0.02496313020649761,4718.1685798670205
65.5386747662326,2001.0,12.0,14.0,14.0,22.0,33.0,1.0,3491138.382189096,32632.842939675014,-518683.6534229237,380.4363376603055,-294.5691667546667,4682.070081303231,3529609.728902103,4706.727424362894,3491252.307620263,16414.34032824614,-518683.6534229237,3529609.728902103,380.2272930203287,-543.8015154529484,4682.070081303231,4728.855371947987,20253899.4446528,0.8265914322168842,1.6336278202501993,6.322027276634106e-08,2.1774058887495325e-06,6.135403151839809,-0.1474862361468048,0.0047015276866119405,133409.7289021029,-0.0668635041961075,-0.0665501629495329,1045.997662782669,-16543080678.449413,-1040796443.522091,-205207865.01684746,-16543505657.264591,-1904789475.9022257,16575788837.051939,16654065949.410618,-0.9891326735169186,-0.004650468915539815,0.14695212594630455,-0.004701510365918967,0.9999889478390644,0.0,0.14695050180775876,0.0006908969434303805,0.989143605691237,4686.7385630248245,-545.5831478306229,-0.11588838075755668,1.6875508308557006e-09,169.79932225525732,0.0,-77.59932225525732,0.7,0.0,2.991813725357217e-17,2.2886002604898383,1.5707963267948966,18.669560277908683,461.0,0.008935472310696368,0.21075801129849053,0.0,0.018950630899762205,-1567.5294888340113,-14.652224579065301,232.89020173608068,-0.03832349093221848,0.06255453432058812,-0.47140048883647184,-0.03861367569533227,0.06237582681290225,-0.47140048883647184,-6.2150868525055475e-18,1.863238421317336e-20,5.077410194110212e-19,-6.215106345817708e-18,-1.0240122325568517e-20,5.077410194110212e-19,-1567.5681025097067,-14.589848752252399,232.4188012472442,-1057277.8865875863,134.34592934517525,118737.03496933836,-0.02487111542372821,4718.181774174605
65.6883594166436,2001.0,12.0,14.0,14.0,22.0,33.0,1.0,3491195.2895751745,32588.750102535356,-517982.8137540514,379.9273409158256,-294.57390084366114,4682.145496677676,3529562.688482767,4706.761627647258,3491309.1830471954,16332.940808562955,-517982.8137540514,3529562.6884827665,379.7093658425379,-543.8119328513355,4682.145496677676,4728.889623672675,20253885.474047784,0.826591312672443,1.6336278180117176,6.495265578539184e-08,2.189203223253563e-06,6.135602300905411,-0.1472874770035845,0.004678136711321474,133362.68848276697,-0.06677342879776609,-0.06646051250073613,1051.517433553934,-16543080136.176394,-1040796372.2274008,-205212029.87704796,-16543500494.641727,-1904817365.6112757,16575788291.372353,16654064062.256744,-0.9891619702462304,-0.004627468683828337,0.14675552170932363,-0.00467811964786527,0.9999890575384114,0.0,0.1467539158426644,0.000686539889541105,0.9891727942315358,4686.801431682476,-545.5823080549753,-0.11588666333062335,1.6962185862055057e-09,169.68375218392657,0.0,-77.49187609196329,0.691876091963295,0.0,2.991618423667183e-17,2.288568365303378,1.5707963267948966,18.676052302305095,461.0,0.008981553731839915,0.2120990243255543,0.0,0.019048063435009404,-1567.6177162212384,-14.633011840611642,232.58482215636386,-0.03846711784381918,0.06286529998298457,-0.4738231568668137,-0.038759409820519626,0.06268551066654812,-0.4738231568668137,-6.246691436845335e-18,1.880762095970648e-20,5.096301412650874e-19,-6.246711294496622e-18,-1.0277984789603632e-20,5.096301412650874e-19,-1567.656475631059,-14.570326329945095,232.11099899949704,-1057278.6158704571,134.49946755014116,118719.05111048721,-0.024779101415254773,4718.194919039856
65.722822165471,2001.0,12.0,14.0,14.0,22.0,33.0,1.0,3491208.3808963,32578.59825741249,-517821.45385086036,379.81014763684277,-294.5749899025906,4682.162845838227,3529551.867018418,4706.769495935823,3491322.266820871,16314.19951323518,-517821.45385086036,3529551.867018418,379.59011643450975,-543.8143280793374,4682.162845838227,4728.897503104405,20253882.247766376,0.8265912850655713,1.6336278174948489,6.322027276634106e-08,2.191889394281752e-06,6.135648152872737,-0.14724171480252826,0.004672751332658684,133351.8670184184,-0.06675268986811439,-0.06643987140969468,1052.790884822607,-16543080010.94831,-1040796355.7643164,-205212987.1705094,-16543499306.515915,-1904823781.5323858,16575788165.357656,16654063627.640173,-0.9891687098991857,-0.004622173048562272,0.14671025483138428,-0.004672734328063966,0.9999890827173561,0.0,0.14670865315406553,0.0006855380440296217,0.9891795090514716,4686.815894467214,-545.5821148722694,-0.11588626824827093,1.6980221635969335e-09,169.65970448537422,0.0,-77.47985224268712,0.6798522426871103,0.0,2.991577688906317e-17,2.288561712812081,1.5707963267948966,18.677406955360293,461.0,0.008991146832281163,0.21240871434992023,0.0,0.01906827194492168,-1567.638013348035,-14.62858800676981,232.51450690415425,-0.03849555351027691,0.06293091258831109,-0.474325582267628,-0.03878830396756549,0.06275089540859147,-0.474325582267628,-6.253246710360115e-18,1.8845995056505838e-20,5.100045160176078e-19,-6.2532666505215654e-18,-1.0285408794512383e-20,5.100045160176078e-19,-1567.6768016520025,-14.565837111361219,232.04018132188662,-1057278.7842864804,134.6530057551071,118701.13385852071,-0.024687088178169527,4718.208014464421
65.80279289193058,2001.0,12.0,14.0,14.0,22.0,33.0,1.0,3491238.7437156555,32555.040780463474,-517447.0162775443,379.5381950599577,-294.57751576814314,4682.203084126055,3529526.768698039,4706.787744874952,3491352.611853391,16270.710064258865,-517447.0162775443,3529526.7686980395,379.31339257972394,-543.8198815448073,4682.203084126055,4728.915777887494,20253874.747912202,0.8265912208902195,1.6336278162933928,6.495265578539184e-08,2.1982622084240547e-06,6.135754553327293,-0.14713552263984322,0.004660254658867334,133326.768698039,-0.06670456471530024,-0.06639197329122692,1055.7494586110115,-16543079719.842955,-1040796317.4951712,-205215206.25397444,-16543496550.215996,-1904838662.04342,16575787872.423798,16654062618.96183,-0.989184341316462,-0.004609884307595364,0.1466052108930225,-0.004660237790337799,0.9999891410329101,0.0,0.14660361891186222,0.0006832151440641062,0.9891950829533133,4686.849438281541,-545.5816668290921,-0.11588535193736414,1.7022052169935023e-09,169.60393044008663,0.0,-77.45196522004332,0.6519652200433186,0.0,2.99148320285884e-17,2.2885462820695124,1.5707963267948966,18.680549914697128,461.0,0.009013396549599838,0.21312863357395828,0.0,0.019115141355502022,-1567.6850897549712,-14.618321969462615,232.3513319209922,-0.0385613884688191,0.06308307822211093,-0.47549085033311816,-0.03885520365076225,0.0629025324440752,-0.47549085033311816,-6.2684496851338495e-18,1.8935166339303586e-20,5.108712645360969e-19,-6.2684698174358414e-18,-1.0302595538234013e-20,5.108712645360969e-19,-1567.7239449586218,-14.55541943701854,231.87584107065908,-1057279.1757886931,134.80654396007301,118683.28321343884,-0.02459507570956517,4718.221060449906
65.93295909977263,2001.0,12.0,14.0,14.0,22.0,33.0,1.0,3491288.117953304,32516.696474944896,-516837.5473982823,379.0955276600579,-294.58162318702387,4682.268517940684,3529485.9552790746,4706.817420073761,3491401.956323907,16199.922504946744,-516837.5473982823,3529485.9552790746,378.8629589932109,-543.8289068568752,4682.268517940684,4728.9454951107955,20253862.50133155,0.8265911160974825,1.6336278143316918,6.495265578539184e-08,2.208490840321784e-06,6.135927741702521,-0.14696267326459403,0.00463991441043981,133285.9552790746,-0.06662623115281568,-0.06631400926671788,1060.5754809379578,-16543079244.498621,-1040796255.0081851,-205218811.2862053,-16543492066.098053,-1904862859.8812704,16575787394.09387,16654060976.726067,-0.989209760447352,-0.00458988156071748,0.14643422695173078,-0.0046398977618217355,0.9999892356164439,0.0,0.14643265067754613,0.0006794398418874317,0.9892204087952537,4686.903985708856,-545.5809382694026,-0.11588386190762148,1.7090074534875648e-09,169.51323395349914,0.0,-77.40661697674958,0.6066169767495692,0.0,2.9913295266775625e-17,2.288521184844519,1.5707963267948966,18.685664096875644,461.0,0.009049578788884816,0.21430422703567156,0.0,0.019191356543447887,-1567.7616459240398,-14.601610598513735,232.08571066299848,-0.03866809845507125,0.06333049039528034,-0.4773857060429355,-0.03896364911203321,0.06314908471001089,-0.4773857060429355,-6.293169692179273e-18,1.9080678980755737e-20,5.122761132412077e-19,-6.2931901392462565e-18,-1.0330448577514486e-20,5.122761132412077e-19,-1567.8006095731519,-14.538461513803725,231.60832495695556,-1057279.8150768597,134.96008216503893,118665.49917524161,-0.024503064006534816,4718.234056997874
65.99695843117583,2001.0,12.0,14.0,14.0,22.0,33.0,1.0,3491312.372848722,32497.843383443615,-516537.88431497634,378.8778717028797,-294.58364094130883,4682.300662336762,3529465.905850875,4706.831997819299,3491426.1962128957,16165.1176766914,-516537.88431497634,3529465.905850876,378.6414845567067,-543.8333380450895,4682.300662336762,4728.9600935000335,20253856.461744078,0.8265910644172524,1.6336278133643316,6.495265578539184e-08,2.213562354414862e-06,6.136012895367824,-0.14687768626228037,0.004629913755118139,133265.90585087612,-0.06658771588240116,-0.06627567568861385,1062.9531880915165,-16543079010.07727,-1040796224.1932695,-205220580.64943802,-16543489862.374367,-1904874746.979665,16575787158.200218,16654060169.066473,-0.9892222475998647,-0.004580046417191372,0.1463501555458291,-0.004629897213919096,0.9999892819684562,0.0,0.14634858696024552,0.0006775861774182605,0.9892328502287576,4686.930782108119,-545.580580376641,-0.11588312994618813,1.7126426529607267e-09,169.48238231359517,0.0,-77.38238231359516,0.6,0.0,2.991276710714083e-17,2.2885125593431064,1.5707963267948966,18.687422425627148,461.0,0.009068909534709641,0.21488400101638294,0.0,0.019232217372410893,-1567.7992553193217,-14.593393318878057,231.95509994210633,-0.038727421739735125,0.06346300294434029,-0.4784024455095113,-0.03902387811230285,0.06328114153835078,-0.4784024455095113,-6.306481876451355e-18,1.9155789313487585e-20,5.130606449461617e-19,-6.3065024822958565e-18,-1.0346162082447077e-20,5.130606449461617e-19,-1567.838279197434,-14.530112177339706,231.4766974965968,-1057280.1303518303,135.11362037000484,118647.78174392902,-0.024411053066171983,4718.247004109843
66.07452862638125,2001.0,12.0,14.0,14.0,22.0,34.0,1.0,3491341.752247137,32474.992378099178,-516174.6758281478,378.6140554521272,-294.5860849996877,4682.33959835185,3529441.6204380486,4706.849655422947,3491455.5570952073,16122.93221036149,-516174.6758281478,3529441.6204380486,378.3730400875414,-543.83870326352,4682.33959835185,4728.9777761083,20253849.123796448,0.8265910016269791,1.6336278121891008,6.495265578539184e-08,2.219672890018604e-06,6.136116106893169,-0.1467746767261325,0.00461779259242952,133241.62043804862,-0.06654103294816596,-0.06622921297408313,1065.8399513065815,-16543078725.262888,-1040796186.7554828,-205222722.42972952,-16543487192.181807,-1904889145.548428,16575786871.59712,16654059189.894611,-0.9892373730952584,-0.0045681254839286525,0.14624825435250685,-0.004617776180805659,0.999989338014733,0.0,0.14624669505577362,0.0006753417054334137,0.9892479204420116,4686.963240126518,-545.5801468752534,-0.11588224334658954,1.717196167865884e-09,169.45202554756077,0.0,-77.35202554756077,0.6,0.0,2.991224344243572e-17,2.2885040072494665,1.5707963267948966,18.689166127998757,461.0,0.00909312121387015,0.21558841686950342,0.0,0.01928346242046786,-1567.8448120277915,-14.58343294175481,231.7967833072799,-0.03880274185396515,0.06362912238699425,-0.4796779837464846,-0.039100323362903366,0.06344669182897518,-0.4796779837464846,-6.323204903407741e-18,1.9248733411205147e-20,5.140583389814178e-19,-6.323225704161463e-18,-1.0366216735696302e-20,5.140583389814178e-19,-1567.8839123511543,-14.519986249925834,231.3171053235334,-1057280.5134032778,135.26715857497075,118630.13091950104,-0.024319042885570654,4718.259901787285
66.24233715756407,2001.0,12.0,14.0,14.0,22.0,34.0,1.0,3491405.239028701,32425.557876552884,-515388.93223518674,378.0433123419397,-294.59136643027625,4682.423737211108,3529389.1413941863,4706.88781191774,3491519.002592254,16031.670463806577,-515388.93223518674,3529389.1413941868,377.79228453946496,-543.850288943459,4682.423737211108,4729.01598663395,20253833.18282054,0.8265908652209012,1.63362780963636,6.495265578539184e-08,2.2331367584662946e-06,6.136339390430282,-0.14655183010104222,0.004591571115335843,133189.14139418676,-0.0664400408840199,-0.06612869731423689,1072.1032791435719,-16543078106.537779,-1040796105.4314777,-205227345.38749295,-16543481418.79711,-1904920259.8208804,16575786248.986565,16654057070.685692,-0.9892700585611897,-0.004542335747503806,0.14602780016249403,-0.004591554981700477,0.9999894587558661,0.0,0.14602626084780218,0.0006704946733028613,0.989280486808318,4687.033380157665,-545.5792101309161,-0.11588032749994931,1.7270359885899776e-09,169.37285348546698,0.0,-77.28642674273348,0.5864267427334825,0.0,2.9910886900107485e-17,2.2884818532320113,1.5707963267948966,18.693684717768384,461.0,0.009145441681654076,0.21711871062962945,0.0,0.01939409144390904,-1567.943261725202,-14.561883109955343,231.45425642161177,-0.038964556913912554,0.06398776342173072,-0.4824308713180588,-0.03926457527511132,0.06380410403475648,-0.4824308713180588,-6.359257561680819e-18,1.9450319582906906e-20,5.161987974772608e-19,-6.3592787877874085e-18,-1.0409126940273866e-20,5.161987974772608e-19,-1567.9825263004773,-14.498079005920586,230.97182555029372,-1057281.34554616,135.42069677993666,118612.54670195772,-0.02422703346182523,4718.272750031628
66.4638159553595,2001.0,12.0,14.0,14.0,22.0,34.0,1.0,3491488.884182939,32360.311364260346,-514351.8623781603,377.2899733518727,-294.59832481409865,4682.534593808503,3529319.999157982,4706.938083211685,3491602.5906857373,15911.217466452195,-514351.8623781603,3529319.9991579824,377.0257305008845,-543.8655361822227,4682.534593808503,4729.066329109782,20253812.00419828,0.8265906839958701,1.6336278062455716,6.664001874625058e-08,2.250815342486285e-06,6.136634096887698,-0.14625770018728954,0.004556964006074582,133119.99915798195,-0.0663067436490882,-0.06599602885297458,1080.407945662737,-16543077284.534603,-1040795997.3996204,-205233425.2023505,-16543473805.364971,-1904961253.506984,16575785421.82207,16654054271.707539,-0.9893131230715143,-0.00450829549891998,0.14573681686581927,-0.004556948234498569,0.9999896170574913,0.0,0.14573530368882837,0.0006641151303181363,0.9893233951594487,4687.125792299809,-545.5779759945947,-0.11587780339840023,1.7400001578783877e-09,169.1999978949548,0.0,-77.19999894747741,0.49999894747741536,0.0,2.990796349116786e-17,2.2884341103408907,1.5707963267948966,18.70343016680566,461.0,0.009214373410745241,0.21915186602328401,0.0,0.01953929069951919,-1568.072981488946,-14.533435908314814,231.00209828176406,-0.03917464091731124,0.06445873491390819,-0.4860399993524939,-0.03947787739040803,0.06427346415473242,-0.4860399993524939,-6.4063281502004466e-18,1.9717090716443078e-20,5.189625214845719e-19,-6.406349946540262e-18,-1.0463946701463758e-20,5.189625214845719e-19,-1568.1124593663365,-14.469162444160082,230.51605828241156,-1057282.4511040803,135.57423498490257,118595.02909129902,-0.024135024792030516,4718.285548844256
66.51489573215444,2001.0,12.0,14.0,14.0,22.0,34.0,1.0,3491508.151633005,32345.263306638582,-514112.6789039398,377.11622151056946,-294.59992765923124,4682.560129657279,3529304.0724182273,4706.949662972744,3491621.844560496,15883.436846610164,-514112.6789039398,3529304.072418228,376.84893081277033,-543.8690455738929,4682.560129657279,4729.077925266634,20253807.097893912,0.8265906420126128,1.6336278054601652,6.664001874625058e-08,2.2549548671282474e-06,6.136702066822091,-0.1461898632035625,0.004548982677279808,133104.0724182278,-0.06627600045440231,-0.065965430672826,1082.3291381299496,-16543077094.109018,-1040795972.3746635,-205234823.89305687,-16543472050.54162,-1904970696.2993495,16575785230.20092,16654053625.88188,-0.9893230429896304,-0.0045004444277670485,0.1456697038154826,-0.004548966988428414,0.999989653396143,0.0,0.14566819662876326,0.0006626466738707751,0.9893332792291532,4687.147079400427,-545.57769172222,-0.11587722198869242,1.742654596962036e-09,169.16460537383952,0.0,-77.16460537383952,0.5,0.0,2.990736323004904e-17,2.288424307332885,1.5707963267948966,18.70543249244302,461.0,0.00922849536953612,0.21962289323859543,0.0,0.019569155803922926,-1568.1028637583331,-14.526874295405792,230.89780377762514,-0.03921583080004057,0.06455357316225596,-0.4867827530440811,-0.039519746662470295,0.0643679642142449,-0.4867827530440811,-6.416011422177318e-18,1.9775072735088186e-20,5.195043751373963e-19,-6.416033346334413e-18,-1.0474814381677765e-20,5.195043751373963e-19,-1568.1423835049957,-14.462506331191546,230.41102102458106,-1057282.7072213348,135.7277731898685,118577.57808752495,-0.024043016873281767,4718.298298226502
66.61913834643615,2001.0,12.0,14.0,14.0,22.0,34.0,1.0,3491547.4447318017,32314.553269600525,-513624.55387955444,376.76162185076294,-294.6031964258852,4682.6122066073385,3529271.5922006,4706.973278074989,3491661.109472015,15826.742142505671,-513624.55387955444,3529271.5922006,376.48811110515396,-543.8761992327824,4682.6122066073385,4729.101573804846,20253797.061943866,0.8265905561348339,1.6336278038538483,6.664001874625058e-08,2.26326025702254e-06,6.136840780428155,-0.14605142090247858,0.004532694685324313,133071.59220060054,-0.0662132594344958,-0.06590298559592801,1086.2555584609509,-16543076704.591833,-1040795921.1898581,-205237674.24932167,-16543468470.657122,-1904989953.4827397,16575784838.238447,16654052307.63455,-0.9893432733225459,-0.004484421708287192,0.14553273684423224,-0.004532679164395623,0.9999897273570327,0.0,0.1455312418383866,0.0006596532040313227,0.9893534365971685,4687.190491527922,-545.5771120036183,-0.1158760363026772,1.7480679665665757e-09,169.09242711244565,0.0,-77.09242711244566,0.5,0.0,2.990613891158441e-17,2.2884043126949947,1.5707963267948966,18.709517897109016,461.0,0.00925729580888485,0.2205863992063814,0.0,0.01963006217607158,-1568.1638061170447,-14.51348253184663,230.68494645324816,-0.03929962978889041,0.06474694978118126,-0.4882975098701822,-0.039604933472968534,0.06456065095793556,-0.4882975098701822,-6.43575825257656e-18,1.9893619863693252e-20,5.20606726032495e-19,-6.435780438791104e-18,-1.0496922995091543e-20,5.20606726032495e-19,-1568.2034110505176,-14.448921880888696,230.19664894337797,-1057283.2311150264,135.8813113948344,118560.19369063553,-0.023951009702674622,4718.3109981796615
66.7258649690167,2001.0,12.0,14.0,14.0,22.0,34.0,1.0,3491587.635852968,32283.111087018624,-513124.7916512392,376.398558109124,-294.60653990177997,4682.665474281187,3529238.369664183,4706.997432751008,3491701.2710624677,15768.695682350542,-513124.7916512392,3529238.3696641834,376.1186790123817,-543.8835118986935,4682.665474281187,4729.125762679856,20253786.75456818,0.826590467934277,1.6336278022044466,6.664001874625058e-08,2.2718285139683513e-06,6.136982802077782,-0.1459096769981008,0.00451601877143879,133038.36966418382,-0.06614902209235937,-0.06583905124905333,1090.2833729684353,-16543076304.543337,-1040795868.6269094,-205240586.87937167,-16543464807.31232,-1905009650.796381,16575784435.678911,16654050957.617226,-0.9893639661961152,-0.00446801661737883,0.14539250056381556,-0.004516003421186345,0.9999898028045585,0.0,0.14539101796807158,0.0006565930299610286,0.9893740550367192,4687.2348961654125,-545.5765190534173,-0.1158748235359699,1.753605055969364e-09,169.01859925374183,0.0,-77.01859925374181,0.5,0.0,2.9904886379607663e-17,2.2883838572954853,1.5707963267948966,18.7136993574712,461.0,0.009286755321024975,0.22157597173625168,0.0,0.019692361290690484,-1568.2261439386725,-14.499770332120326,230.46699590399268,-0.039385062571219126,0.06494469960954517,-0.48984690173298806,-0.03969178899344164,0.06475769489113249,-0.48984690173298806,-6.455955153600066e-18,2.0015294771596734e-20,5.217305327111557e-19,-6.455977609801639e-18,-1.0519461010997118e-20,5.217305327111557e-19,-1568.265835727666,-14.435012637229192,229.9771490022597,-1057283.7691781335,136.0348495998003,118542.87590063072,-0.023859003277305148,4718.323648704979
66.76573048472981,2001.0,12.0,14.0,14.0,22.0,34.0,1.0,3491602.6384723275,32271.366420500068,-512938.11438092095,376.2629394741484,-294.6077879617695,4682.6853582795375,3529225.9682913786,4707.006449219612,3491716.2624768866,15747.013431274501,-512938.11438092095,3529225.968291378,375.98068158990355,-543.8862404192538,4682.6853582795375,4729.134791914031,20253782.89610032,0.8265904349171918,1.6336278015870997,6.664001874625058e-08,2.275100390182736e-06,6.137035851998661,-0.14585673081666586,0.00450978988327978,133025.9682913781,-0.06612502723917249,-0.06581516957351277,1091.7899053692818,-16543076154.789862,-1040795848.952035,-205241673.36711994,-16543463439.425447,-1905017003.4522183,16575784284.98555,16654050453.25416,-0.9893716905203858,-0.0044618886896885725,0.14534011678182576,-0.004509774596456957,0.9999898309148394,0.0,0.14533863880580095,0.0006554511665087653,0.9893817516276744,4687.251471704696,-545.57629772035,-0.11587437083661041,1.755806341724376e-09,168.99496036422266,0.0,-76.99496036422265,0.5,0.0,2.9904483760814725e-17,2.2883772820316093,1.5707963267948966,18.7150438731134,461.0,0.009298464262533586,0.22194641218637462,0.0,0.019717130064852657,-1568.249414210212,-14.494648081390903,230.3855795446196,-0.0394199216885639,0.06502392869754707,-0.4904630869224921,-0.03972720566134054,0.06483664596150658,-0.4904630869224921,-6.4640040927958715e-18,2.0062401009426768e-20,5.221903097180119e-19,-6.464026652041637e-18,-1.0528689919303147e-20,5.221903097180119e-19,-1568.2891414158735,-14.429811435429396,229.8951164576971,-1057283.9705970716,136.18838780476622,118525.62471751057,-0.023766997594269815,4718.336249803653
66.80316222383314,2001.0,12.0,14.0,14.0,22.0,34.0,1.0,3491616.7202652213,32260.338716716975,-512762.8329749576,376.13559847730716,-294.6089594180065,4682.704021904163,3529214.3280863916,4707.014912252634,3491730.3336625737,15726.654775495092,-512762.8329749576,3529214.3280863916,375.8511070188556,-543.8888008909117,4682.704021904163,4729.143266928934,20253779.2683594,0.826590403874423,1.6336278010066954,6.495265578539184e-08,2.2779777033808355e-06,6.137085663575237,-0.14580701664241327,0.004503941293170835,133014.3280863911,-0.06610249710223245,-0.06579274570478866,1093.2057798206806,-16543076013.99173,-1040795830.4541426,-205242692.79986733,-16543462155.25826,-1905023904.8172336,16575784143.303762,16654049979.60962,-0.9893789407672097,-0.004456134797577564,0.14529093030543927,-0.004503926065745725,0.9999898572735597,0.0,0.14528945665927892,0.0006543796081191134,0.9893889758689349,4687.267029912273,-545.5760899733319,-0.11587394592510394,1.758134382721782e-09,168.98041010798886,0.0,-76.98041010798886,0.5,0.0,2.990423247146646e-17,2.288373178165116,1.5707963267948966,18.715883136568102,461.0,0.009310842055264007,0.22229470288210382,0.0,0.019743327727401852,-1568.271256546484,-14.489838372648732,230.30913092857705,-0.0394585278401467,0.06510886065536951,-0.4911151517767846,-0.03976638557320464,0.06492128875488516,-0.4911151517767846,-6.472552902235857e-18,2.0109752253617436e-20,5.22701714696161e-19,-6.47257556189913e-18,-1.0538969763447576e-20,5.22701714696161e-19,-1568.311022932057,-14.424917083893847,229.81801577680025,-1057284.1599717177,136.34192600973216,118508.44014127503,-0.023674992650665472,4718.348801476839
66.95563532775034,2001.0,12.0,14.0,14.0,22.0,34.0,1.0,3491674.031282209,32215.41841063525,-512048.8407651497,375.61687387574943,-294.61372707946236,4682.779980954689,3529166.954005273,4707.049355398118,3491787.600608647,15643.725567489553,-512048.8407651497,3529166.9540052726,375.3232841473665,-543.8992158744688,4682.779980954689,4729.177758837367,20253764.441609256,0.8265902770009098,1.6336277986347938,6.664001874625058e-08,2.290468921545544e-06,6.1372885676235365,-0.14560450930974747,0.004480118120728144,132966.95400527306,-0.06601072203367069,-0.06570140350563547,1098.98686298728,-16543075438.54759,-1040795754.856625,-205246838.06660658,-16543456926.435804,-1905051992.4275262,16575783564.248339,16654048049.505117,-0.9894084485421683,-0.004432696376048572,0.14509056880520269,-0.004480103133659121,0.9999899642875981,0.0,0.14508911271798194,0.0006500207119685729,0.9894183780604556,4687.330350093958,-545.5752444798065,-0.11587221661391241,1.7676091989453849e-09,168.92119250659135,0.0,-76.92119250659135,0.5,0.0,2.9903209667772306e-17,2.2883564745131753,1.5707963267948966,18.719299929517227,461.0,0.009361219355437548,0.2237181978218035,0.0,0.019849950211111436,-1568.3601553436122,-14.47024498000161,229.99770088820165,-0.0396152268501326,0.06545448666701047,-0.49376901640976156,-0.039925424788612406,0.0652657374023934,-0.49376901640976156,-6.507344793835363e-18,2.0303103812329625e-20,5.247774988428328e-19,-6.507367865026867e-18,-1.0580694509057887e-20,5.247774988428328e-19,-1568.4000807684008,-14.404979242599216,229.50393187179188,-1057284.9339556433,136.49546421469807,118491.32217192413,-0.02358298844358945,4718.36130372564
67.22467553933784,2001.0,12.0,14.0,14.0,22.0,35.0,1.0,3491774.9641919374,32136.154341295438,-510788.96664669213,374.7015077235437,-294.62212357790827,4682.913758018759,3529083.5214572987,4707.110013653094,3491888.452371305,15497.392341455696,-510788.96664669213,3529083.5214572987,374.3918635884983,-543.9175354372277,4682.913758018759,4729.238502964166,20253738.085450463,0.8265900514685152,1.6336277944194186,6.828569911354543e-08,2.312370240943708e-06,6.137646606844504,-0.14524716994762774,0.0044380829468518975,132883.52145729866,-0.065848777746676,-0.0655402230217531,1109.2410528957844,-16543074415.65095,-1040795620.4905231,-205254124.05777964,-16543447708.199715,-1905101458.634995,16575782534.93326,16654044640.779438,-0.9894604168873186,-0.004391336234245941,0.14473700141723117,-0.004438068377690098,0.9999901517260432,0.0,0.14473557600758952,0.0006423527090715005,0.9894701614605407,4687.441867379245,-545.5737554789854,-0.11586917113464466,1.784295708540269e-09,168.73380364324663,0.0,-76.81690182162332,0.4169018216233175,0.0,2.990002944871989e-17,2.2883045375946347,1.5707963267948966,18.72993206409887,461.0,0.009449939591717655,0.2262486807820101,0.0,0.020037038433547184,-1568.5167321528886,-14.435665616565442,229.4480741171786,-0.03988717728229217,0.06606125401615941,-0.4984207389282955,-0.04020150801907801,0.06587044061434953,-0.4984207389282955,-6.568085539617943e-18,2.0645315139201726e-20,5.283613364441901e-19,-6.568109348918417e-18,-1.0652015115214971e-20,5.283613364441901e-19,-1568.5569336609076,-14.369795175951094,228.9496533782503,-1057286.3097989298,136.649002419664,118474.27080945787,-0.023490984970139375,4718.373756551121
67.29173525514672,2001.0,12.0,14.0,14.0,22.0,35.0,1.0,3491800.0839178707,32116.39699536018,-510474.93066471734,374.47333355647265,-294.6242132531444,4682.947052304042,3529062.757141329,4707.125109795048,3491913.551198413,15460.917233376404,-510474.93066471734,3529062.757141329,374.1596876903942,-543.9220902035029,4682.947052304042,4729.253620476178,20253731.47762322,0.8265899949244612,1.6336277933627386,6.828569911354543e-08,2.3178371849988812e-06,6.137735852648142,-0.14515809855760406,0.004427605659821025,132862.75714132888,-0.06580841100961245,-0.06550004666691873,1111.8075025975704,-16543074159.201225,-1040795586.8062418,-205255934.49968448,-16543445412.116434,-1905113769.5412245,16575782276.874535,16654043790.539858,-0.9894733507167757,-0.004381026436010539,0.14464886736052857,-0.004427591193599019,0.9999901981700733,0.0,0.1446474495369316,0.0006404460512895488,0.9894830494613418,4687.4696215688755,-545.5733849098991,-0.11586841320646926,1.7882071431118508e-09,168.6919523792543,0.0,-76.78390475850865,0.4,0.0,2.9899317137747605e-17,2.288292904673653,1.5707963267948966,18.73231518058512,461.0,0.009470742620459023,0.22688313137931404,0.0,0.0200809119301826,-1568.5557029162721,-14.427045206915722,229.31105574392447,-0.03994923286304857,0.06620261796217095,-0.4995119486727487,-0.04026455027355811,0.06601131586826119,-0.4995119486727487,-6.582337117518216e-18,2.0728223358145562e-20,5.291796955912493e-19,-6.58236110944734e-18,-1.0668305243674416e-20,5.291796955912493e-19,-1568.5959674665457,-14.36103389104746,228.8115437952517,-1057286.6547410637,136.8025406246299,118457.28605387623,-0.023398982227413333,4718.38615995429
67.32032842230421,2001.0,12.0,14.0,14.0,22.0,35.0,1.0,3491810.7899055593,32107.97274324864,-510341.030173983,374.3760420934067,-294.6251038695917,4682.961242338352,3529053.907422443,4707.131543728819,3491924.2481935797,15445.364750383385,-510341.030173983,3529053.907422443,374.0606899444235,-543.924030888966,4682.961242338352,4729.260063517691,20253728.65616869,0.8265899707808768,1.6336277929115874,6.828569911354543e-08,2.3201830535121306e-06,6.137773905917223,-0.14512011965248478,0.004423138340725312,132853.90742244292,-0.06579119914038524,-0.06548291597357975,1112.9027653932571,-16543074049.70101,-1040795572.4241469,-205256705.76043585,-16543444433.325851,-1905119016.4313455,16575782166.687336,16654043427.965715,-0.9894788631166074,-0.004376630438514441,0.14461128777336443,-0.004423123918247042,0.9999902179395576,0.0,0.14460987317700677,0.0006396336457988742,0.9894885423533358,4687.481450400995,-545.5732269757889,-0.11586809018076621,1.7896820962595147e-09,168.6821193582699,0.0,-76.76423871653981,0.4,0.0,2.989914634587651e-17,2.2882901154307262,1.5707963267948966,18.732886677231196,461.0,0.009478592217611645,0.2271540366349886,0.0,0.020097507730054507,-1568.5723125135498,-14.423369445330598,229.25263080826969,-0.03997155256354545,0.06625530448270006,-0.49992526851295954,-0.04028725491820724,0.06606381367731474,-0.49992526851295954,-6.587750958324752e-18,2.0761467259685173e-20,5.294755190678284e-19,-6.5877750256145166e-18,-1.0674236324788902e-20,5.294755190678284e-19,-1568.612599768468,-14.357305631653283,228.75270553975673,-1057286.8020268418,136.9560788295958,118440.36790517924,-0.023306980212509747,4718.398513936117
67.3789683908662,2001.0,12.0,14.0,14.0,22.0,35.0,1.0,3491832.737454635,32090.695882883363,-510066.4206209605,374.1765097867848,-294.6269296564869,4682.990332389012,3529035.765271763,4707.144733424285,3491946.177147815,15413.468945676708,-510066.4206209605,3529035.765271763,373.85765830809197,-543.9280083171506,4682.990332389012,4729.2732718840025,20253722.862409927,0.8265899212028236,1.6336277919852418,6.664001874625058e-08,2.324963195901689e-06,6.137851947619158,-0.1450422304533518,0.004413976637221851,132835.76527176285,-0.0657559000916207,-0.06544778340351545,1115.1507509052753,-16543073824.846905,-1040795542.8923513,-205258286.21663472,-16543442426.400928,-1905129772.693134,16575781940.422619,16654042684.300549,-0.9894901637186746,-0.004367614830474735,0.14453421686466855,-0.004413962304178415,0.9999902584209395,0.0,0.14453280887316802,0.0006379685849045951,0.989499803009236,4687.5056998853415,-545.5729032103546,-0.11586742797371631,1.792705788039525e-09,168.66196141306983,0.0,-76.72392282613966,0.4,0.0,2.9898796205904423e-17,2.2882843972110347,1.5707963267948966,18.734058413793566,461.0,0.009494684288597661,0.22771033342528596,0.0,0.020131529715632774,-1568.6063632101068,-14.415830753229255,229.13280595137215,-0.04001724483994465,0.06636330320449356,-0.5007725915298318,-0.04033373706778739,0.06617142548667222,-0.5007725915298318,-6.598849388243905e-18,2.0829714176403932e-20,5.300811281581766e-19,-6.598873610476284e-18,-1.0686378213610871e-20,5.300811281581766e-19,-1568.6466969471746,-14.349659327742582,228.63203335984232,-1057287.104473196,137.10961703456172,118423.51636336689,-0.02321497892252748,4718.4108184975175
67.50467647763577,2001.0,12.0,14.0,14.0,22.0,35.0,1.0,3491879.7475817204,32053.6586493946,-509477.7269487784,373.7487523756412,-294.6308403678006,4683.052641792709,3528996.906043003,4707.172984690477,3491993.1467211805,15345.09226105747,-509477.7269487784,3528996.906043003,373.42239920324346,-543.9365230397441,4683.052641792709,4729.301563140687,20253710.40921072,0.8265898146387549,1.6336277899945093,6.828569911354543e-08,2.3352549104886275e-06,6.138019250407132,-0.14487525456455985,0.004394336656444775,132796.90604300238,-0.06568022727852864,-0.06537246747552446,1119.9775736927986,-16543073341.545319,-1040795479.4225916,-205261668.5110126,-16543438126.012487,-1905152811.874253,16575781454.089432,16654041089.728218,-0.9895143690099423,-0.00434828725261299,0.14436899224149394,-0.00439432251387573,0.9999903449182117,0.0,0.14436759834706614,0.0006344039129123475,0.9895239229443498,4687.557640945002,-545.5722097441308,-0.11586600958993053,1.799182326166268e-09,168.61878449222488,0.0,-76.63756898444976,0.4,0.0,2.989804617490459e-17,2.2882721482752544,1.5707963267948966,18.736568888136468,461.0,0.009529153273197241,0.22890605523610286,0.0,0.020204403219679694,-1568.6793001377337,-14.399668502848234,228.8759126654516,-0.04011482614806482,0.06659458375653335,-0.5025875291849663,-0.04043301352474709,0.06640187708117158,-0.5025875291849663,-6.622621081940895e-18,2.0976329349407618e-20,5.313745124186027e-19,-6.62264563809732e-18,-1.0712308412531636e-20,5.313745124186027e-19,-1568.7197331512584,-14.333266625767063,228.37332513626663,-1057287.7545568962,137.26315523952763,118406.73142843915,-0.023122978354565733,4718.423073639364
67.58854611130386,2001.0,12.0,14.0,14.0,22.0,35.0,1.0,3491911.0817844775,32028.947959422207,-509084.959297398,373.4633510931467,-294.6334470206803,4683.094173999203,3528971.0047518755,4707.191815218314,3492024.453342932,15299.47226623196,-509084.959297398,3528971.0047518755,373.1319928928637,-543.9421949235171,4683.094173999203,4729.320420322955,20253702.075424552,0.8265897433250312,1.6336277886625667,6.828569911354543e-08,2.342185733301339e-06,6.138130873129718,-0.14476384992251148,0.004381233458798782,132771.00475187553,-0.06562973908852197,-0.0653222173914607,1123.2039186954498,-16543073018.118465,-1040795436.952787,-205263920.7275228,-16543435258.327457,-1905168168.4548576,16575781128.634096,16654040025.582926,-0.9895305029825426,-0.004335391887785624,0.14425875378740668,-0.004381219442365318,0.9999904024120421,0.0,0.1442573692513285,0.0006320292568247777,0.9895400001797322,4687.592262077891,-545.5717475322881,-0.11586506419163946,1.8037990496248953e-09,168.5775118796888,0.0,-76.5887559398444,0.4,0.0,2.98973388397676e-17,2.2882605966158285,1.5707963267948966,18.738937090255725,461.0,0.009553716040745466,0.22970624920670124,0.0,0.020256354004853615,-1568.7279176738045,-14.388884384762287,228.70450289631736,-0.040186283922691135,0.06676066319319644,-0.5038804190651802,-0.04050566088588016,0.06656737190026835,-0.5038804190651802,-6.639526265409529e-18,2.1077740810814884e-20,5.3231886261164715e-19,-6.639551049604936e-18,-1.0731258578162977e-20,5.3231886261164715e-19,-1568.7684233346904,-14.322317012862019,228.20062247725218,-1057288.1895988453,137.41669344449355,118390.01310039606,-0.023030978505724088,4718.435279362481
67.65453527746743,2001.0,12.0,14.0,14.0,22.0,35.0,1.0,3491935.718910341,32009.5052762937,-508775.92474013416,373.2387893059558,-294.6354965497553,4683.126829706536,3528950.6393579794,4707.206621000069,3492049.068472811,15263.577827239842,-508775.92474013416,3528950.63935798,372.9034930811073,-543.9466525597647,4683.126829706536,4729.335247061711,20253695.50216464,0.8265896870763659,1.6336277876121008,6.828569911354543e-08,2.3476305371260473e-06,6.138218699744673,-0.14467619488219635,0.0043709238685940436,132750.63935797988,-0.06559001410804738,-0.06528267975435581,1125.7466735839844,-16543072763.017626,-1040795403.4565816,-205265690.32533407,-16543433002.747904,-1905180242.8589232,16575780871.933401,16654039188.07126,-0.9895431887106582,-0.004325245487144796,0.14417201506470928,-0.004370909950875127,0.9999904475274758,0.0,0.1441706378654966,0.0006301628952840565,0.9895526413850763,4687.619483739739,-545.5713841129358,-0.11586432086127774,1.8078721284040237e-09,168.5265983949497,0.0,-76.56329919747485,0.4,0.0,2.989647615866445e-17,2.2882465079642476,1.5707963267948966,18.74182623857232,461.0,0.009575374724479129,0.23033740637198633,0.0,0.020302192086552748,-1568.7661453043424,-14.38039879527336,228.56962742925163,-0.04025213632343112,0.06690889835432497,-0.5050198417387398,-0.040572534756653365,0.06671510009742644,-0.5050198417387398,-6.6543851473507586e-18,2.1162641601408233e-20,5.331853620018672e-19,-6.6544101175655865e-18,-1.07486707403971e-20,5.331853620018672e-19,-1568.806717839099,-14.313683695175934,228.06460758751288,-1057288.5327377077,137.57023164945946,118373.36137923761,-0.022938979373102523,4718.447435667641
67.80462122358941,2001.0,12.0,14.0,14.0,22.0,35.0,1.0,3491991.698478457,31965.284279440337,-508073.04764889565,372.7280249400951,-294.64015340265547,4683.201029438588,3528904.365860424,4707.240261842127,3492104.997045534,15181.938319333796,-508073.04764889565,3528904.365860424,372.3837719416713,-543.9567744935911,4683.201029438588,4729.368935519583,20253680.496783383,0.8265895586721186,1.6336277852143803,6.828569911354543e-08,2.359941266373428e-06,6.138418456580305,-0.14447682823347363,0.004347476001745421,132704.365860424,-0.06549966170316442,-0.0651927534440548,1131.5447468161583,-16543072180.680782,-1040795326.9966165,-205269707.0402447,-16543427874.976679,-1905207677.8425796,16575780285.944721,16654037282.379732,-0.9895720130103562,-0.004302167683037256,0.14397472840696163,-0.004347462306812188,0.9999905497410917,0.0,0.14397336780850192,0.0006259247048827877,0.9895813648104645,4687.681336173742,-545.5705583734222,-0.11586263191759884,1.8171268279151939e-09,168.41091465106007,0.0,-76.50545732553003,0.4,0.0,2.9894515586131447e-17,2.2882144893849423,1.5707963267948966,18.748395690423703,461.0,0.009624588225870069,0.23177822794152655,0.0,0.020406345333314792,-1568.8530084725612,-14.361097258716757,228.26283627051708,-0.04040128968492425,0.06724566985732976,-0.5076088217194711,-0.04072401470685127,0.0670507192274797,-0.5076088217194711,-6.6881446086782166e-18,2.135625354141607e-20,5.3514787714826775e-19,-6.68817000478636e-18,-1.0788106082482496e-20,5.3514787714826775e-19,-1568.8937324872682,-14.294046539489278,227.75522744879763,-1057289.3160529938,137.72376985442537,118356.77626496377,-0.02284698095380136,4718.459542555576
67.84176906717121,2001.0,12.0,14.0,14.0,22.0,35.0,1.0,3492005.5421722736,31954.339011800756,-507899.076490063,372.6016010416234,-294.6413050353978,4683.219379097291,3528892.9224677556,4707.2485811229635,3492118.827909918,15161.731451773436,-507899.076490063,3528892.922467755,372.2551311223928,-543.9592762334403,4683.219379097291,4729.377266575354,20253676.770856798,0.8265895267885113,1.6336277846190896,6.828569911354543e-08,2.3630441647707913e-06,6.138467899290348,-0.14442748209084294,0.0043416724722136115,132692.92246775515,-0.0654772981511511,-0.06517049535497334,1132.983004361391,-16543072036.084091,-1040795308.0125043,-205270699.49155313,-16543426606.293995,-1905214462.4806714,16575780140.441341,16654036810.51388,-0.9895791412871432,-0.004296455513070892,0.1439258962085166,-0.004341658832052055,0.9999905749548773,0.0,0.1439245397004505,0.0006248771384347134,0.9895884682031089,4687.696632301966,-545.5703541705311,-0.1158622142486012,1.8192582279546377e-09,168.38427215056703,0.0,-76.49213607528351,0.3921360752835139,0.0,2.989406329745393e-17,2.288207102950293,1.5707963267948966,18.74991188758222,461.0,0.009635926101608136,0.23213598598617957,0.0,0.020430270485468444,-1568.8744904567639,-14.35631952171409,228.1868958134941,-0.040434399661326295,0.06732313791905367,-0.5082035978822271,-0.04075767337912983,0.06712791994364162,-0.5082035978822271,-6.695899621017387e-18,2.1402469884214882e-20,5.355836990025421e-19,-6.695925121274608e-18,-1.0796793114781072e-20,5.355836990025421e-19,-1568.915248130143,-14.289191601770447,227.67869221561187,-1057289.510555081,137.87730805939128,118340.25775757458,-0.02275498324492132,4718.471600026959
67.87648511484139,2001.0,12.0,14.0,14.0,22.0,35.0,1.0,3492018.4753763815,31944.11021153318,-507736.4933252658,372.4834516154916,-294.64238092594405,4683.236521967357,3528882.2316990737,4707.256353233166,3492131.7490499974,15142.847295045014,-507736.4933252658,3528882.2316990737,372.1349098917876,-543.9616129320909,4683.236521967357,4729.385049685927,20253673.285202123,0.8265894969609439,1.6336277840621884,6.828569911354543e-08,2.3659083764080395e-06,6.138514105636801,-0.14438136598646978,0.004336248879628307,132682.23169907322,-0.06545639843854081,-0.06514969420143844,1134.3280565440655,-16543071900.812378,-1040795290.2526598,-205271626.35496598,-16543425420.86506,-1905220800.8982472,16575780004.32141,16654036369.495718,-0.9895858007617949,-0.004291117215253197,0.1438802600904034,-0.004336235290520526,0.9999905984875584,0.0,0.14387890739834805,0.0006238986614132792,0.9895951044524816,4687.710922449807,-545.5701633993267,-0.11586182405125922,1.8211588090536498e-09,168.36051488682938,0.0,-76.48025744341469,0.38025744341468865,0.0,2.989365954419667e-17,2.2882005091592093,1.5707963267948966,18.751265594826986,461.0,0.009646038409567743,0.2324706850608561,0.0,0.020451566157139764,-1568.894559874181,-14.351854402916329,228.11592431272697,-0.040463180883505874,0.06739216203732085,-0.5087330430734543,-0.040786951544156305,0.06719670449516456,-0.5087330430734543,-6.7028025531722686e-18,2.144465063567916e-20,5.359626570718725e-19,-6.702828149887447e-18,-1.0804301458124216e-20,5.359626570718725e-19,-1568.935346825725,-14.284657698421164,227.60719126965353,-1057289.6925144736,138.03084626435722,118323.80585707002,-0.022662986243563412,4718.483608082427
67.92494265416742,2001.0,12.0,14.0,14.0,22.0,35.0,1.0,3492036.5210121246,31929.832530398027,-507509.55462775176,372.3185331214438,-294.64388211048015,4683.260441417706,3528867.3149222177,4707.2671975912735,3492149.7777261995,15116.488174809696,-507509.55462775176,3528867.3149222177,371.9670995057731,-543.9648725023985,4683.260441417706,4729.395909392578,20253668.413878758,0.8265894552758482,1.6336277832839248,6.989264130329237e-08,2.369987410554373e-06,6.138578602090493,-0.14431699549045282,0.004328678528124651,132667.31492221775,-0.0654272258669617,-0.06512065920114547,1136.2070237100124,-16543071711.766113,-1040795265.4331188,-205272919.09458926,-16543423766.537096,-1905229644.8612087,16575779814.089758,16654035753.840448,-0.9895950927254324,-0.004283665784453812,0.14381655906462953,-0.0043286650100654404,0.999990631285729,0.0,0.1438152116883802,0.0006225337070910717,0.9896043640459605,4687.7308614787025,-545.5698972194607,-0.11586127961384916,1.8238106804946233e-09,168.3273664938172,0.0,-76.4636832469086,0.3636832469086042,0.0,2.98930961483385e-17,2.2881913082065988,1.5707963267948966,18.753154891007078,461.0,0.009660148222306642,0.23293844369077002,0.0,0.020481279735733365,-1568.9225630985466,-14.345621642691146,228.0168567689529,-0.040503285384691695,0.06748846638706087,-0.5094717700184779,-0.04082775005934208,0.0672926745442854,-0.5094717700184779,-6.712433848928264e-18,2.1503583852000153e-20,5.364907023113171e-19,-6.712459580604929e-18,-1.0814763126887293e-20,5.364907023113171e-19,-1568.963390848606,-14.27832896814686,227.5073849989344,-1057289.9468091484,138.18438446932313,118307.42056345011,-0.022570989946829108,4718.495566722556
68.03848764375593,2001.0,12.0,14.0,14.0,22.0,36.0,1.0,3492078.773976808,31896.376994267994,-506977.79068924923,371.9320870025842,-294.6473970579447,4683.316448025108,3528832.388025376,4707.292588981232,3492191.990402649,15054.723255800012,-506977.79068924923,3528832.388025376,371.5738770811431,-543.9725009087734,4683.316448025108,4729.421336719385,20253656.971668728,0.8265893573619225,1.633627781455986,6.989264130329237e-08,2.3793846456124312e-06,6.1387297313431475,-0.1441661613586644,0.004310939958927054,132632.388025376,-0.06535886811177037,-0.06505262380113824,1140.6168901324272,-16543071267.71995,-1040795207.1368647,-205275943.66208124,-16543419891.594704,-1905250352.5614576,16575779367.259378,16654034310.898764,-0.9896168495429081,-0.0042662052487633636,0.14366729131415,-0.0043109266063753385,0.9999907079127258,0.0,0.14366595634514065,0.0006193391485920458,0.9896260452344892,4687.777547978886,-545.5692739817633,-0.1158600048542565,1.8300199065998181e-09,168.24975116750227,0.0,-76.42487558375115,0.32487558375113706,0.0,2.989177679814222e-17,2.2881697615827528,1.5707963267948966,18.757580751604326,461.0,0.009693186378363266,0.23403718107328142,0.0,0.020550851851790224,-1568.9881333864398,-14.331016062686075,227.7847061783347,-0.04059694267599764,0.06771393701709767,-0.5112014384456243,-0.04092303523369979,0.0675173622726412,-0.5112014384456243,-6.734983541693786e-18,2.1641931726680836e-20,5.377238413170821e-19,-6.73500959108597e-18,-1.08391916224902e-20,5.377238413170821e-19,-1569.0290564216734,-14.263498700413434,227.27350473988906,-1057290.5441202242,138.33792267428905,118291.10187671482,-0.022478994351820138,4718.507475947882
68.12446741408557,2001.0,12.0,14.0,14.0,22.0,36.0,1.0,3492110.740031606,31871.043164439085,-506575.11839538324,371.63944732067057,-294.65005625431615,4683.358819629104,3528805.9644324137,4707.311798452828,3492223.925438048,15007.95237713101,-506575.11839538324,3528805.964432414,371.27610610876195,-543.9782686341525,4683.358819629104,4729.440573377702,20253648.281458378,0.8265892829974149,1.6336277800678103,6.989264130329237e-08,2.386559481960314e-06,6.138844173050069,-0.1440519431074291,0.004297507922063354,132605.9644324137,-0.06530710456204217,-0.06500110434884705,1143.9627191126347,-16543070930.475403,-1040795162.8637797,-205278229.70785132,-16543416958.729475,-1905266018.7618,16575779027.900385,16654033217.939083,-0.9896333095774933,-0.0042529831700579045,0.1435542570210042,-0.004297494693934814,0.9999907657270419,0.0,0.14355293140181055,0.00061692365783952,0.9896424482059909,4687.812868412958,-545.5688024863239,-0.11585904046049304,1.8348071135172656e-09,168.19495554051707,0.0,-76.38991108103419,0.3,0.0,2.9890843673800104e-17,2.288154522505775,1.5707963267948966,18.76071229286693,461.0,0.009718657076661216,0.2348716734281734,0.0,0.02060452448091757,-1569.0377419031438,-14.319955271056646,227.6088987556609,-0.04066967561387941,0.06788728383317284,-0.5125361543728473,-0.040997015861813736,0.06769010644998381,-0.5125361543728473,-6.752397294377345e-18,2.1748036039927005e-20,5.386824330698318e-19,-6.752423586920039e-18,-1.085822232188333e-20,5.386824330698318e-19,-1569.0787389190057,-14.252265164606662,227.09636260128806,-1057290.9977707025,138.49146087925496,118274.84979686415,-0.02238699945563862,4718.51933575889
68.17220428484953,2001.0,12.0,14.0,14.0,22.0,36.0,1.0,3492128.477057726,31856.97745756266,-506351.5489394644,371.47696669768277,-294.65153176286606,4683.3823305184405,3528791.3027556106,4707.322457169198,3492241.645051395,14981.984480457528,-506351.5489394644,3528791.3027556106,371.1107765162131,-543.9814676830327,4683.3823305184405,4729.45124717883,20253643.446266476,0.8265892416212985,1.633627779295518,6.989264130329237e-08,2.3904639524051396e-06,6.138907713019331,-0.14398852719506128,0.004290050371925423,132591.30275561102,-0.06527836454372996,-0.06497249985605469,1145.822960227728,-16543070742.835133,-1040795138.2318755,-205279497.3637905,-16543415330.851467,-1905274711.473163,16575778839.083736,16654032610.970486,-0.9896424428172688,-0.004245641976264844,0.14349149765361802,-0.004290037212542502,0.9999907977480168,0.0,0.14349017720869917,0.0006155838646174764,0.989651549840206,4687.832466764024,-545.568540869723,-0.1158585053514437,1.8377394488777973e-09,168.17662844451377,0.0,-76.35325688902753,0.3,0.0,2.9890526539076114e-17,2.2881493433026905,1.5707963267948966,18.761776835070666,461.0,0.009734253491706596,0.23533598762800262,0.0,0.020637504883515716,-1569.0652689478475,-14.313813833227357,227.51128274302786,-0.04071642790704031,0.06799204265821965,-0.5133573224529927,-0.041044502866384315,0.06779449941402135,-0.5133573224529927,-6.7631533739478435e-18,2.1810440840798568e-20,5.393015178506527e-19,-6.763179805684441e-18,-1.0870641836897583e-20,5.393015178506527e-19,-1569.1063134507137,-14.246019333813337,226.99792542057486,-1057291.2501798496,138.64499908422087,118258.66432389815,-0.022295005255387017,4718.53114615601
68.29117502232214,2001.0,12.0,14.0,14.0,22.0,36.0,1.0,3492172.6478581694,31821.92232887561,-505794.3600056395,371.07201697615255,-294.65520623889256,4683.440880446161,3528754.7905462286,4707.349000550176,3492285.7718635574,14917.266130234097,-505794.3600056395,3528754.7905462286,370.69872646648236,-543.9894303045673,4683.440880446161,4729.4778281245035,20253631.362406272,0.8265891382160884,1.6336277773657955,6.989264130329237e-08,2.4004286071048496e-06,6.13906607081303,-0.1438304785522924,0.004271464702695632,132554.7905462291,-0.06520673702952799,-0.06490121010129997,1150.4675081670284,-16543070273.897322,-1040795076.6791028,-205282651.73189777,-16543411275.25428,-1905296359.0536423,16575778367.20635,16654031097.759354,-0.9896651876235849,-0.004227345626337782,0.14333508277783896,-0.004271451713602845,0.9999908773085174,0.0,0.14333377517610016,0.0006122488849508059,0.9896742161161268,4687.881273077061,-545.5678893672206,-0.11585717277559927,1.8450418907541811e-09,168.13098818278635,0.0,-76.26197636557274,0.3,0.0,2.9889736713062167e-17,2.28813644446501,1.5707963267948966,18.764428627259996,461.0,0.009773094387168712,0.23649639047533047,0.0,0.020719637225577823,-1569.1338222654203,-14.298506875473894,227.2679839820378,-0.04083256715428226,0.068252872992792,-0.5154023188280026,-0.0411624750382639,0.06805441837899628,-0.5154023188280026,-6.789938905232631e-18,2.1966283347445973e-20,5.408394337508696e-19,-6.789965685616005e-18,-1.0901493153369093e-20,5.408394337508696e-19,-1569.1749847404585,-14.230452457094898,226.7525816632098,-1057291.8809881955,138.79853728918678,118242.54545781676,-0.0222030117481681,4718.542907139634
68.39452398451675,2001.0,12.0,14.0,14.0,22.0,36.0,1.0,3492210.9795871484,31791.46985438723,-505310.32862644707,370.72022590292335,-294.6583949667993,4683.49169092098,3528723.104994369,4707.372034855943,3492324.0646946183,14861.045030328218,-505310.32862644707,3528723.104994369,370.3407673096248,-543.9963356605533,4683.49169092098,4729.5008950278725,20253620.82610339,0.826589048053588,1.6336277756836481,6.989264130329237e-08,2.4090620247159163e-06,6.139203637640066,-0.1436931802540532,0.004255319682514011,132523.10499436874,-0.06514451349355102,-0.06483927997455391,1154.511972606182,-16543069865.018902,-1040795023.0167873,-205285386.22627246,-16543407753.833624,-1905315144.9525962,16575777955.765284,16654029782.637783,-0.989684925901884,-0.004211451164670493,0.14319920084158982,-0.004255306840151261,0.9999909461408619,0.0,0.14319790433619672,0.0006093565388454115,0.9896938864509217,4687.923627792938,-545.5673239946781,-0.11585601637408081,1.8515513762670342e-09,168.08276248592185,0.0,-76.19138124296093,0.3,0.0,2.9888907981134774e-17,2.2881229102455434,1.5707963267948966,18.76721187728342,461.0,0.00980771418380908,0.2375081797532265,0.0,0.020792858764598597,-1569.193315947601,-14.285208508665695,227.0566110681111,-0.040936802296397776,0.06848643687076235,-0.5172247608455286,-0.04126833980019943,0.06828717264349543,-0.5172247608455286,-6.813787734394022e-18,2.2103979256447746e-20,5.422178622964353e-19,-6.813814822021205e-18,-1.0929157402009368e-20,5.422178622964353e-19,-1569.234584287401,-14.2169213360222,226.53938630726557,-1057292.43101071,138.9520754941527,118226.49319862001,-0.022111018931085028,4718.554618710093
68.4414763659446,2001.0,12.0,14.0,14.0,22.0,36.0,1.0,3492228.382032496,31777.634907047668,-505090.4269965758,370.56039957713887,-294.65984263207764,4683.514758790319,3528708.7198856715,4707.382492256336,3492341.449257695,14835.503033307854,-505090.4269965758,3528708.7198856715,370.17813874135845,-543.9994692283706,4683.514758790319,4729.511367227011,20253616.02656403,0.8265890069823381,1.6336277749174712,6.989264130329237e-08,2.4130221041158993e-06,6.139266136318076,-0.14363080356088026,0.004247984915376603,132508.71988567105,-0.06511624438198743,-0.0648111441615542,1156.3528282940388,-16543069678.766071,-1040794998.5737424,-205286626.7878924,-16543406154.495258,-1905323673.6605864,16575777768.345196,16654029184.94924,-0.9896938870519314,-0.004204229992037574,0.14313746673115613,-0.004247972139307403,0.9999909773256475,0.0,0.14313617524840616,0.0006080439707649916,0.9897028168181533,4687.942856726821,-545.5670673182657,-0.11585549137778214,1.8547880257240152e-09,168.0467997141776,0.0,-76.17339985708881,0.3,0.0,2.988829786530168e-17,2.28811294629784,1.5707963267948966,18.769261463132015,461.0,0.009824921019310767,0.23796908175241904,0.0,0.02082927733014205,-1569.2203266390807,-14.2791665302349,226.96057592102355,-0.04099019175845469,0.06860433243239727,-0.5181300883518154,-0.04132252784371897,0.06840467046550867,-0.5181300883518154,-6.8256017752592226e-18,2.2169839037081982e-20,5.429209362012364e-19,-6.82562900695752e-18,-1.0943288576741319e-20,5.429209362012364e-19,-1569.2616491669244,-14.210761859769391,226.44244583267172,-1057292.6815593839,139.1056136991186,118210.50754630788,-0.022019026801241244,4718.566280867676
68.60896842326129,2001.0,12.0,14.0,14.0,22.0,36.0,1.0,3492290.4002077067,31728.281291573396,-504305.96858682734,369.9902326727229,-294.66500174171694,4683.596967790532,3528657.4547792138,4707.41975950959,3492403.4025700875,14744.386507966396,-504305.96858682734,3528657.4547792138,369.5979753378586,-544.0106292042651,4683.596967790532,4729.548687217178,20253598.837145578,0.8265888598864657,1.63362777217374,6.989264130329237e-08,2.4271059656850527e-06,6.139489090391732,-0.14340828458793167,0.004221820107279619,132457.45477921376,-0.06501539871072871,-0.06471077400325043,1162.9384225010872,-16543069011.712482,-1040794911.03716,-205291043.34174326,-16543400451.519089,-1905354067.868213,16575777097.111435,16654027051.609478,-0.9897258227318086,-0.004178469204483591,0.14291723553494698,-0.004221807565835872,0.9999910881307278,0.0,0.14291596187522715,0.0006033690662697865,0.9897346431175623,4688.0113843898225,-545.566152581254,-0.11585362044189958,1.866322674676898e-09,167.91863694803448,0.0,-76.10931847401723,0.3,0.0,2.9886123096862255e-17,2.288077429633918,1.5707963267948966,18.776571015412575,461.0,0.009886243854517394,0.2396198155766928,0.0,0.020959066457833568,-1569.3165904197117,-14.257611054741638,226.61795912044428,-0.04117987794198017,0.06902443143546871,-0.5213564919839102,-0.041515066900366875,0.06882335143368251,-0.5213564919839102,-6.867701335926934e-18,2.2405410330290973e-20,5.454187831871243e-19,-6.8677290850063105e-18,-1.0993491849774492e-20,5.454187831871243e-19,-1569.358105486612,-14.188787703307955,226.09660262846037,-1057293.5788935572,139.25915190408452,118194.58850088039,-0.02192703535574055,4718.577893612616
68.72278079499684,2001.0,12.0,14.0,14.0,22.0,36.0,1.0,3492332.487624849,31694.744569680595,-503772.914133775,369.6027791106857,-294.66850284814655,4683.652757848806,3528622.6647189325,4707.445049812248,3492445.44495694,14682.47093736886,-503772.914133775,3528622.664718933,369.203728948968,-544.0181961766465,4683.652757848806,4729.574013306678,20253587.096095018,0.8265887594139011,1.6336277703000228,7.146345858741881e-08,2.4367385539493565e-06,6.139640593359975,-0.14325707723007944,0.004204041171014677,132422.66471893247,-0.06494687140257317,-0.06464256981074173,1167.4298506379128,-16543068556.093637,-1040794851.2525148,-205294036.53186625,-16543396578.35075,-1905374694.2310815,16575776638.637754,16654025600.900194,-0.9897474954962705,-0.004160963733575737,0.1427675787413507,-0.004204028787348185,0.9999911630319316,0.0,0.14276631710881615,0.0006001990109286372,0.9897562419405761,4688.0578896246625,-545.565531810116,-0.11585235079119056,1.8740745069038923e-09,167.8392549309611,0.0,-76.03925493096108,0.2696274654805384,0.0,2.9884773108239524e-17,2.2880553826465966,1.5707963267948966,18.781111386460648,461.0,0.009927459373611672,0.2407473414540401,0.0,0.02104599655576294,-1569.3819215952426,-14.242962064320771,226.38511849385728,-0.04130566112892952,0.06930327217047662,-0.5235182520618733,-0.041642762104307285,0.06910124122732665,-0.5235182520618733,-6.895921739100849e-18,2.2565268164418282e-20,5.470763479976378e-19,-6.895949843151684e-18,-1.1026507483094315e-20,5.470763479976378e-19,-1569.423564357347,-14.173860823093445,225.8616002417954,-1057294.1918090489,139.41269010905043,118178.73606233753,-0.02183504459168703,4718.589456945103
68.87909913785072,2001.0,12.0,14.0,14.0,22.0,36.0,1.0,3492390.2217242382,31648.682102140287,-503040.7673127695,369.0705953551658,-294.67330552087594,4683.729289481021,3528574.940886547,4707.479741696698,3492503.115948252,14597.430103486728,-503040.7673127695,3528574.9408865464,368.6622152705759,-544.0285676769913,4683.729289481021,4729.60875427971,20253570.891401403,0.8265886207438896,1.6336277677145805,7.146345858741881e-08,2.450006490795764e-06,6.139848683571171,-0.14304939297059327,0.004179622642196178,132374.94088654686,-0.06485274860377618,-0.06454889080326891,1173.6194566488266,-16543067927.266973,-1040794768.7499094,-205298137.1974479,-16543391261.419493,-1905402988.6959653,16575776005.871572,16654023607.010983,-0.9897772257802093,-0.004136919393249207,0.14256201887166994,-0.004179610473064517,0.99999126539,0.0,0.1425607736480343,0.000595853707137253,0.9897858711737775,4688.121684316043,-545.5646802555918,-0.11585060915792143,1.8846798029895905e-09,167.7332019701041,0.0,-75.9332019701041,0.21660098505204772,0.0,2.988296804889436e-17,2.2880259037903836,1.5707963267948966,18.787185830900548,461.0,0.009983849249352174,0.2423035930313319,0.0,0.02116481162690015,-1569.471545497989,-14.222839619364498,226.0652791923911,-0.041476614426399716,0.06968334189894382,-0.5264732147439033,-0.041816334630237734,0.06948001036681924,-0.5264732147439033,-6.934499351156053e-18,2.2785266447492336e-20,5.493295788672159e-19,-6.934527946917764e-18,-1.1071267647338001e-20,5.493295788672159e-19,-1569.5133618326192,-14.153359608997679,225.5388059776472,-1057295.037740294,139.56622831401634,118162.95023067933,-0.021743054506185137,4718.600970865268
68.94005820212857,2001.0,12.0,14.0,14.0,22.0,36.0,1.0,3492412.713596356,31630.71903619257,-502755.25065001426,368.8630527710275,-294.6751765227083,4683.759104659285,3528556.3487823694,4707.4932566958605,3492525.5828150054,14564.266508029841,-502755.25065001426,3528556.3487823694,368.45103427298756,-544.0326054675796,4683.759104659285,4729.622288401836,20253564.54733659,0.826588566455084,1.6336277667026053,7.146345858741881e-08,2.4551217577338046e-06,6.139929833486923,-0.14296840134493338,0.004170100329880156,132356.34878236987,-0.06481604305021037,-0.06451235831398823,1176.0396753251553,-16543067681.0862,-1040794736.4541895,-205299733.06396428,-16543389188.853432,-1905414011.5393355,16575775758.148724,16654022829.0236,-0.9897888081113406,-0.004127542560870726,0.14248185403741803,-0.0041700882437328305,0.9999913051442195,0.0,0.14248061517824584,0.0005941619044666941,0.9897974142571094,4688.146537372274,-545.5643485089482,-0.1158499306674357,1.8889128044075338e-09,167.69087195592465,0.0,-75.89087195592467,0.2,0.0,2.9882247831920295e-17,2.288014141754594,1.5707963267948966,18.789610662842165,461.0,0.010006355278909829,0.242912868421318,0.0,0.02121227207839991,-1569.506462404865,-14.21499175757342,225.9405401404041,-0.04154532358283195,0.06983505508038523,-0.5276535287998834,-0.04188608454749437,0.06963120529592177,-0.5276535287998834,-6.94990753808213e-18,2.2872496474824103e-20,5.502350382302504e-19,-6.949936328233379e-18,-1.1089296088930417e-20,5.502350382302504e-19,-1569.5483484894125,-14.145360552277499,225.41288661160422,-1057295.3689189497,139.71976651898228,118147.23100590573,-0.021651065096339565,4718.612435373204
68.98246639605479,2001.0,12.0,14.0,14.0,22.0,36.0,1.0,3492428.3533506505,31618.22236657291,-502556.62044596486,368.7186661619335,-294.6764775225965,4683.77983675022,3528543.4207371217,4707.502654309319,3492541.2050426677,14541.195008273036,-502556.62044596486,3528543.4207371217,368.30411646534213,-544.0354122531585,4683.77983675022,4729.631699312188,20253560.125042707,0.8265885286116321,1.6336277659972516,7.146345858741881e-08,2.458781905394798e-06,6.139986288613823,-0.1429120563305519,0.004163475856943746,132343.42073712172,-0.06479050737503783,-0.06448694303676225,1177.7257615923882,-16543067509.480234,-1040794713.9428258,-205300842.2028724,-16543387747.265322,-1905421676.276403,16575775585.467888,16654022287.621737,-0.9897968619337741,-0.004121019149945828,0.14242608366173357,-0.004163463828303807,0.9999913327469145,0.0,0.1424248492188205,0.0005929858475325995,0.9898054408280351,4688.1638190102385,-545.5641178272718,-0.1158494588813071,1.89214481571957e-09,167.6585518428043,0.0,-75.8585518428043,0.2,0.0,2.988169896252144e-17,2.2880051780370674,1.5707963267948966,18.791459035166646,461.0,0.010023533629676073,0.24333758755307588,0.0,0.021248613380486548,-1569.530742420732,-14.209531879850818,225.85375726899372,-0.04159963969904894,0.06995101774747998,-0.5285572101789993,-0.04194117633855744,0.0697467750819848,-0.5285572101789993,-6.961704250436464e-18,2.2936705338263562e-20,5.509504530135163e-19,-6.961733180157907e-18,-1.1103660898998692e-20,5.509504530135163e-19,-1569.5726835970704,-14.139785104768833,225.32520005881472,-1057295.5997756869,139.8733047239482,118131.57838801679,-0.021559076359255403,4718.623850468939
69.09255337696182,2001.0,12.0,14.0,14.0,22.0,37.0,1.0,3492468.92384417,31585.782136991184,-502040.9943032432,368.34384404916364,-294.67985238067257,4683.833617317109,3528509.8845846313,4707.527032058115,3492581.729537985,14481.303391505213,-502040.9943032432,3528509.884584631,367.9227235814138,-544.0426897879152,4683.833617317109,4729.6561115528375,20253548.61010226,0.8265884300732315,1.633627764160931,7.146345858741881e-08,2.468200919845516e-06,6.140132841784234,-0.1427657889729352,0.004146279608342044,132309.88458463084,-0.0647242186675944,-0.06442096686921035,1182.112167775631,-16543067062.648552,-1040794655.3321251,-205303717.27683544,-16543384006.011114,-1905441559.0267856,16575775135.837742,16654020881.503014,-0.9898177541733384,-0.004104084688772219,0.1422813059123235,-0.0041462677281316005,0.9999914041950194,0.0,0.1422800828899655,0.0005899363870206868,0.9898262625268557,4688.208648756104,-545.5635194182845,-0.1158482350508766,1.900528853842289e-09,167.5747114615771,0.0,-75.77471146157711,0.2,0.0,2.9880274947214264e-17,2.2879819221022433,1.5707963267948966,18.796256302533365,461.0,0.010068096246669404,0.24444350205322427,0.0,0.021342885719234064,-1569.5937281887852,-14.195357674819155,225.62846316888,-0.041740240903960314,0.07025177552226605,-0.5309014284754558,-0.04208379304406211,0.0700465133877201,-0.5309014284754558,-6.992304089482853e-18,2.3103709285346085e-20,5.5280230571234e-19,-6.99233338326999e-18,-1.1140843300712439e-20,5.5280230571234e-19,-1569.6358119818292,-14.125311161431435,225.09756174040453,-1057296.2008898985,140.0268429289141,118115.99237701244,-0.02146708829203798,4718.63521615246
69.33699959231755,2001.0,12.0,14.0,14.0,22.0,37.0,1.0,3492558.8623726885,31513.74784768799,-500896.0343263704,367.51150425813125,-294.6873338347715,4683.95284174238,3528435.5401006406,4707.581072499042,3492671.5633419007,14348.312244187178,-500896.0343263704,3528435.54010064,367.0757932009725,-544.0588051806301,4683.95284174238,4729.7102284511275,20253522.859324295,0.8265882097117241,1.633627760056045,7.300048299977716e-08,2.4892076451023922e-06,6.140458270361385,-0.1424409949023652,0.004108096414925052,132235.5401006397,-0.06457702101244595,-0.06427446320415436,1191.9010826945305,-16543066063.415304,-1040794524.2899255,-205310080.04495344,-16543375703.49967,-1905485635.7382882,16575774130.348074,16654017755.60829,-0.9898640696840618,-0.004066479911881265,0.1419598087123007,-0.0041080848599166315,0.9999915617837901,0.0,0.14195861082474168,0.0005831829408876637,0.9898724224415826,4688.308029913844,-545.5621928032919,-0.11584552206963687,1.9191149748400745e-09,167.38885025159925,0.0,-75.58885025159925,0.2,0.0,2.9877117022212224e-17,2.2879303492731755,1.5707963267948966,18.806903861988854,461.0,0.010166889377039528,0.24691668781725426,0.0,0.0215518767995955,-1569.7333677055242,-14.163879117664322,225.12812233587277,-0.0420503942463012,0.0709182178774868,-0.5360982644167501,-0.042398431722698984,0.07071069417452838,-0.5360982644167501,-7.060131155657378e-18,2.347621153511275e-20,5.568870660966907e-19,-7.060161266935326e-18,-1.1222854281004539e-20,5.568870660966907e-19,-1569.7757661372468,-14.093168423489795,224.59202407145602,-1057297.5451597292,140.18038113388002,118100.47297289278,-0.02137510089179295,4718.646532423703
69.47381308262545,2001.0,12.0,14.0,14.0,22.0,37.0,1.0,3492609.111035088,31473.430359002694,-500255.20183196507,367.04562171593454,-294.69151367165335,4684.019453154424,3528394.003830044,4707.611264131735,3492721.7518345183,14273.877044717214,-500255.20183196507,3528394.003830045,366.60174430432755,-544.0677981318036,4684.019453154424,4729.74046279709,20253508.33768831,0.8265880854427767,1.633627757742151,7.300048299977716e-08,2.500954712931937e-06,6.140640414571263,-0.14225920573453843,0.004086726225151497,132194.00383004453,-0.06449463347745817,-0.0641924640871924,1197.4090893864632,-16543065499.925776,-1040794450.407991,-205313628.41530845,-16543371059.637392,-1905510261.2302408,16575773563.331396,16654016003.910732,-0.9898899465431569,-0.0040454317259418955,0.14177985828366724,-0.004086714849532934,0.9999916493460026,0.0,0.1417786743291269,0.0005794138522125379,0.989898212840625,4688.363554483718,-545.5614516021834,-0.11584400636410422,1.9293324822123263e-09,167.28667517787676,0.0,-75.48667517787673,0.2,0.0,2.9875379769694916e-17,2.2879019777864986,1.5707963267948966,18.81276666834281,461.0,0.01022120565483267,0.24831143223735666,0.0,0.021666773926502594,-1569.8113901826187,-14.146257967883281,224.8480402094542,-0.04221911796874829,0.07128443947176828,-0.5389553794523966,-0.04256964256500727,0.07107566928809607,-0.5389553794523966,-7.097415782755944e-18,2.368367756398846e-20,5.59109201565774e-19,-7.097446354439763e-18,-1.126746403695983e-20,5.59109201565774e-19,-1569.8539598251837,-14.075182298595186,224.3090848300018,-1057298.3032353092,140.33391933884593,118085.02017565773,-0.021283114155626257,4718.657799282547
69.51136984337043,2001.0,12.0,14.0,14.0,22.0,37.0,1.0,3492622.8936780533,31462.36267879981,-500079.2848909196,366.91772793669884,-294.69266014833556,4684.037724012832,3528382.6108978605,4707.61954526859,3492735.517764788,14253.443574294432,-500079.2848909196,3528382.6108978605,366.4716087507702,-544.0702634498327,4684.037724012832,4729.748755649295,20253504.33836458,0.8265880512184904,1.6336277571050115,7.300048299977716e-08,2.504193229823931e-06,6.140690415838515,-0.14220930192039197,0.00408085993882459,132182.61089786002,-0.06447201686420304,-0.0641699540988727,1198.9244892895222,-16543065344.739244,-1040794430.0625885,-205314600.87732318,-16543369785.246668,-1905517015.707786,16575773407.173595,16654015522.807035,-0.9898970443219588,-0.004039653616439116,0.1417304584107066,-0.00408084861212307,0.9999916733026355,0.0,0.14172927826407208,0.0005783805445008986,0.9899052869637028,4688.378784295031,-545.5612482973571,-0.11584359062781363,1.931864244919992e-09,167.26135755080008,0.0,-75.46135755080009,0.2,0.0,2.987494828650093e-17,2.2878949311311807,1.5707963267948966,18.814223405671438,461.0,0.010234670010245773,0.24869555505840757,0.0,0.021695251482358197,-1569.8327916059925,-14.141420398973452,224.77114871050978,-0.0422593771498722,0.0713752046130379,-0.5396636298977149,-0.042610537678519265,0.07116612164081766,-0.5396636298977149,-7.106657559932523e-18,2.3737461443886064e-20,5.596396932010654e-19,-7.106688254415758e-18,-1.1278110258605542e-20,5.596396932010654e-19,-1569.875402143671,-14.070254277332634,224.23148508061206,-1057298.5120129138,140.48745754381184,118069.63398530732,-0.021191128080644127,4718.669016728826
69.56992166893612,2001.0,12.0,14.0,14.0,22.0,37.0,1.0,3492644.3715434726,31445.10783325877,-499805.02509753994,366.71833520559386,-294.6944467299842,4684.066196075443,3528364.8569831457,4707.632449918549,3492756.969406796,14221.58715467892,-499805.02509753994,3528364.856983146,366.2687210238795,-544.0741040636865,4684.066196075443,4729.761678555257,20253498.092769627,0.8265879977716437,1.63362775611011,7.300048299977716e-08,2.509330768644768e-06,6.1407683695633795,-0.14213150011922315,0.004071714318116971,132164.85698314616,-0.06443675675430972,-0.0641348602196822,1201.2897291481495,-16543065102.3911,-1040794398.2915701,-205316115.5907001,-16543367798.809069,-1905527541.3802733,16575773163.308758,16654014772.569191,-0.9899081050232442,-0.004030645279365691,0.14165344156751625,-0.004071703067397728,0.9999917105827083,0.0,0.1416522673430283,0.0005767707525379008,0.9899163108526288,4688.402517367936,-545.560931481285,-0.11584294277874518,1.9358095593008515e-09,167.22190440699148,0.0,-75.42190440699149,0.2,0.0,2.987427583857859e-17,2.287883949223208,1.5707963267948966,18.816494133062058,461.0,0.010255652149357931,0.2492954286859495,0.0,0.021739629067951682,-1569.8661426541403,-14.133878198920716,224.65126802540382,-0.04232202429666635,0.07151663173843356,-0.5407673208027323,-0.04267417683735281,0.07130706127048485,-0.5407673208027323,-7.121058881637532e-18,2.3821407862495188e-20,5.604651801265373e-19,-7.121089768111856e-18,-1.1294676354220265e-20,5.604651801265373e-19,-1569.9088168309777,-14.062571137650231,224.1105007046011,-1057298.838053299,140.64099574877775,118054.31440184153,-0.02109914266395308,4718.680184762319
69.71249639121658,2001.0,12.0,14.0,14.0,22.0,37.0,1.0,3492696.621695522,31403.09154445532,-499137.1907216391,366.23279266786164,-294.69879300640923,4684.135461780442,3528321.6662491746,4707.663843280849,3492809.1548485407,14144.015274512045,-499137.1907216391,3528321.6662491746,365.7746680097077,-544.0834413919347,4684.135461780442,4729.793116327984,20253482.831380293,0.8265878671716237,1.6336277536795059,7.300048299977716e-08,2.5216445727424574e-06,6.140958191493832,-0.1419420480860695,0.00404944482683518,132121.66624917556,-0.06435089620677945,-0.06404940444707506,1207.0626437962055,-16543064510.20712,-1040794320.6659639,-205319796.93522575,-16543362963.684929,-1905553147.586608,16575772567.419184,16654012944.798407,-0.9899350130855881,-0.004008709129275057,0.14146589736877732,-0.004049433759709244,0.9999918010095011,0.0,0.14146473749122887,0.00057285678065269,0.9899431296199023,4688.460254100789,-545.560160746053,-0.11584136674826385,1.945407500183214e-09,167.12592499816785,0.0,-75.32592499816786,0.2,0.0,2.987263965986916e-17,2.28785722839708,1.5707963267948966,18.82202156233409,461.0,0.010306697698543898,0.2507612635402117,0.0,0.02184758960113505,-1569.9472804326683,-14.115511167260381,224.35933034339328,-0.04247397128967679,0.07186061322680214,-0.5434523442310727,-0.04282854234310485,0.071649856463312,-0.5434523442310727,-7.156091630197686e-18,2.4026308132085672e-20,5.624673054189454e-19,-7.156122986949589e-18,-1.1334854190415157e-20,5.624673054189454e-19,-1569.9901089750115,-14.04386131079707,223.8158779991622,-1057299.6347483322,140.79453395374367,118039.06142526038,-0.02100715790265991,4718.691303382757
69.7768565785628,2001.0,12.0,14.0,14.0,22.0,37.0,1.0,3492720.1854531816,31384.12461184507,-498835.71788043424,366.0136038663173,-294.7007530794056,4684.166699418156,3528302.1881045066,4707.67800088523,3492832.6889975825,14108.997826849114,-498835.71788043424,3528302.188104507,365.55163741572164,-544.0876495929126,4684.166699418156,4729.807293959748,20253475.917305723,0.8265878080039967,1.633627752578562,7.45058059692383e-08,2.5272738396683344e-06,6.141043881224638,-0.1418565253135293,0.004039392191280985,132102.18810450705,-0.06431213685203617,-0.06401082781340177,1209.6749245524406,-16543064241.924059,-1040794285.5020648,-205321455.49186897,-16543360781.914288,-1905564695.4358869,16575772297.457565,16654012119.280947,-0.9899471481704408,-0.003998806529218754,0.14138123417042728,-0.004039381206372073,0.9999918416664556,0.0,0.141380080735162,0.0005710927002417131,0.9899552245553568,4688.486292302956,-545.5598131585255,-0.11584065600005033,1.949952973873237e-09,167.0902351306338,0.0,-75.28047026126762,0.2,0.0,2.9872028215940733e-17,2.2878472427599337,1.5707963267948966,18.824088038078067,461.0,0.010330869155450997,0.25142535843061287,0.0,0.02189871250852303,-1569.9838734121383,-14.107219274813051,224.22753354707484,-0.04254705348633982,0.07202353078126342,-0.5447243253671272,-0.042902756290738225,0.07181221518116944,-0.5447243253671272,-7.172717553084614e-18,2.4121816428657417e-20,5.634324032705856e-19,-7.172749127074984e-18,-1.1354223928302421e-20,5.634324032705856e-19,-1570.026776168429,-14.035407059631881,223.6828092217077,-1057299.9956863057,140.94807215870958,118023.87505556387,-0.020915173793871696,4718.702372589815
69.8465943003012,2001.0,12.0,14.0,14.0,22.0,37.0,1.0,3492745.7021264522,31363.57277870587,-498509.0535868353,365.77609524261646,-294.7028755901078,4684.200526095329,3528281.09565101,4707.6933317075545,3492858.173309212,14071.054234875284,-498509.0535868353,3528281.09565101,365.3099659708786,-544.0922046294155,4684.200526095329,4729.82264646867,20253468.406350188,0.8265877437284348,1.6336277513827497,7.300048299977716e-08,2.533372704667937e-06,6.141136731707364,-0.14176385572464145,0.004028499703622528,132081.09565101005,-0.0642701384998789,-0.0639690274494184,1212.510499715805,-16543063950.482012,-1040794247.3055083,-205323250.34406596,-16543358418.393364,-1905577200.3173988,16575772004.19224,16654011224.414614,-0.9899602890525191,-0.003988076304980177,0.1412894948198152,-0.00402848880733875,0.9999918856060429,0.0,0.14128834834119225,0.0005691831484761718,0.9899683220454892,4688.514488553701,-545.5594367600412,-0.11583988635312617,1.9552260872474873e-09,167.06386956376255,0.0,-75.22773912752513,0.2,0.0,2.987157073754656e-17,2.28783977157078,1.5707963267948966,18.8256344687803,461.0,0.010358904633118192,0.25214678867176465,0.0,0.0219580095012623,-1570.0235001859414,-14.098234028999329,224.08471613329272,-0.04263374532509845,0.07221257414258335,-0.5462005130384798,-0.04299073797614148,0.07200061494883359,-0.5462005130384798,-7.192059670034484e-18,2.4229987622647116e-20,5.6458048418404e-19,-7.19209148630298e-18,-1.13772705390841e-20,5.6458048418404e-19,-1570.0664909239176,-14.026233414050495,223.53851562025423,-1057300.387783749,141.1016103636755,118008.75529275199,-0.020823190334695776,4718.713392383121
70.00336717305105,2001.0,12.0,14.0,14.0,22.0,38.0,1.0,3492803.00404186,31317.37098853341,-497774.6920571391,365.24214550755084,-294.7076420029211,4684.276489971963,3528233.729052265,4707.727759080163,3492915.4014146337,13985.754535294598,-497774.6920571391,3528233.7290522656,364.76665794283565,-544.1024263770753,4684.276489971963,4729.857122539777,20253451.44742783,0.826587598600853,1.633627748683411,7.300048299977716e-08,2.547096242135949e-06,6.141345466886205,-0.14155552714598563,0.004004013320536301,132033.72905226517,-0.0641757227855553,-0.06387505681984876,1218.9044274389744,-16543063292.44304,-1040794161.0734036,-205327276.57319164,-16543353107.137756,-1905605281.9802065,16575771342.03722,16654009211.257818,-0.9899897993302393,-0.003963953527265716,0.14108325306182268,-0.0040040026217394225,0.999991983949374,0.0,0.14108212213132365,0.0005648977151430644,0.9899977352022042,4688.577808101036,-545.558591479206,-0.11583815800860905,1.9670677369337037e-09,167.00466131533148,0.0,-75.10932263066296,0.2,0.0,2.987054328844513e-17,2.287822992053581,1.5707963267948966,18.829108549926815,461.0,0.010421864877435011,0.2537757186981129,0.0,0.022091172271052856,-1570.1124926238856,-14.078032848784117,223.76362526214632,-0.04282779942182843,0.07263698896633462,-0.5495155983231531,-0.043187695722509876,0.07242358391844253,-0.5495155983231531,-7.235494496569099e-18,2.4473847715115874e-20,5.671504404502364e-19,-7.235526861280342e-18,-1.142885796293876e-20,5.671504404502364e-19,-1570.155680319608,-14.005609264865674,223.21410966382317,-1057301.2730982974,141.2551485686414,117993.70213682475,-0.020731207522239763,4718.7243627622465
70.06874769822996,2001.0,12.0,14.0,14.0,22.0,38.0,1.0,3492826.8764851238,31298.10278328634,-497468.4305667567,365.01945827007654,-294.70962771373206,4684.308137327371,3528213.99574136,4707.742101582708,3492939.242642687,13950.180693854276,-497468.4305667567,3528213.99574136,364.54006787455694,-544.1066818336984,4684.308137327371,4729.871485329541,20253444.344216872,0.8265875378143153,1.6336277475530925,7.45058059692383e-08,2.5527998570096093e-06,6.141432519395374,-0.141468644183735,0.003993801653606822,132013.9957413599,-0.06413634688779593,-0.06383586654025156,1221.5789932012558,-16543063016.826952,-1040794124.9602847,-205328952.13128677,-16543350892.945498,-1905616980.978024,16575771064.697441,16654008371.076788,-0.9900020936538289,-0.003953893020857716,0.14099723859358113,-0.003993791036458595,0.9999920247847766,0.0,0.14099611411025742,0.0005631135076604581,0.990009989196566,4688.60418761451,-545.5582393213137,-0.11583743797648088,1.972201117893024e-09,166.95998935339978,0.0,-75.05998935339977,0.17999467669988464,0.0,2.986978170243467e-17,2.287810554410156,1.5707963267948966,18.831684532436302,461.0,0.010449153581290027,0.2544579917266256,0.0,0.022148711311198277,-1570.14956921212,-14.069607323849567,223.62970441210453,-0.04291212741231986,0.07282066792056696,-0.55094665979368,-0.04327327057011181,0.0726066416356972,-0.55094665979368,-7.254183705572942e-18,2.457806448208981e-20,5.682623552612973e-19,-7.254216304338771e-18,-1.1450996428653635e-20,5.682623552612973e-19,-1570.1928424826901,-13.99700068221387,223.07875775231085,-1057301.643910978,141.40868677360734,117978.71558778212,-0.020639225353611512,4718.735283726716
70.16419463039367,2001.0,12.0,14.0,14.0,22.0,38.0,1.0,3492861.7009576485,31269.973515175487,-497021.3255220943,364.6943548482181,-294.7125243967533,4684.35430381715,3528185.2093227957,4707.763023792162,3492974.0210869573,13898.247084120087,-497021.3255220943,3528185.2093227957,364.2092667821286,-544.1128863957591,4684.35430381715,4729.892437132387,20253433.94121564,0.8265874487892965,1.6336277458979385,7.45058059692383e-08,2.5612230990883605e-06,6.141559606285758,-0.14134180478308253,0.003978894104656458,131985.20932279527,-0.06407886244562819,-0.06377865307622498,1225.4924237132072,-16543062613.17614,-1040794072.0752039,-205331394.48606086,-16543347661.34367,-1905634047.0990899,16575770658.522472,16654007143.841087,-0.990020028386606,-0.003939205642435005,0.14087166518604993,-0.003978883605955914,0.9999920842112953,0.0,0.14087055007571384,0.0005605119591524845,0.990027865237999,4688.642669400843,-545.5577255938555,-0.11583638762389133,1.97975755276624e-09,166.8880233069882,0.0,-74.9880233069882,0.14401165349409575,0.0,2.986855718351738e-17,2.287790556498625,1.5707963267948966,18.835827864025617,461.0,0.010489322124018464,0.25545725000606895,0.0,0.022233347188797863,-1570.2036572359934,-14.057306294646375,223.43418373682022,-0.04303612693883138,0.07309090656993927,-0.5530511929454495,-0.043399103782957055,0.07287596747863402,-0.5530511929454495,-7.281646993735314e-18,2.4731271222029537e-20,5.698957337055887e-19,-7.281679937171182e-18,-1.148345546720393e-20,5.698957337055887e-19,-1570.2470563397765,-13.984430327167741,222.88113254387477,-1057302.1869848259,141.56222497857325,117963.79564562414,-0.020547243825919173,4718.746155276001
70.29581175085544,2001.0,12.0,14.0,14.0,22.0,38.0,1.0,3492909.671475239,31231.184038727784,-496404.7801117485,364.24603313158906,-294.71651452616675,4684.417898258786,3528145.556189472,4707.791843541281,3493021.9272416006,13826.63195058789,-496404.7801117485,3528145.5561894714,363.7530881254912,-544.121426944357,4684.417898258786,4729.921297644186,20253419.53096076,0.8265873254714002,1.6336277436057598,7.45058059692383e-08,2.572813968677829e-06,6.141734856871736,-0.14116689542661423,0.003958337515370935,131945.55618947186,-0.06399959231004175,-0.0636997566078288,1230.9061678349972,-16543062054.04309,-1040793998.8280299,-205334755.11443365,-16543343206.706858,-1905657555.4690287,16575770095.893534,16654005450.1993,-0.9900447335892214,-0.003918951678830724,0.14069849789527505,-0.003958327178552771,0.9999921657922863,0.0,0.14069739563401754,0.0005569306882004171,0.9900524898660744,4688.69567797663,-545.5570179190865,-0.11583494078989232,1.990166500263634e-09,166.7888904736797,0.0,-74.88889047367968,0.09444523683983819,0.0,2.986687004017654e-17,2.2877630033569023,1.5707963267948966,18.841539639705758,461.0,0.010544655730734466,0.25684146626449594,0.0,0.022349929825266016,-1570.278166499612,-14.040342013548997,223.16454225004296,-0.04320637450330531,0.07346304857856321,-0.5559500941603953,-0.04357188339283603,0.07324685168508821,-0.5559500941603953,-7.319473295001143e-18,2.4943127379839974e-20,5.721382294386296e-19,-7.319506717037758e-18,-1.1528012730316297e-20,5.721382294386296e-19,-1570.321738383005,-13.96709516186391,222.60859215588255,-1057302.939252561,141.71576318353917,117948.9423103508,-0.020455262936271132,4718.756977409516
70.32344323713315,2001.0,12.0,14.0,14.0,22.0,38.0,1.0,3492919.734834124,31223.040571837897,-496275.3424985821,364.15191048559905,-294.71735157955106,4684.431239296092,3528137.237669238,4707.797889345452,3493031.9769568937,13811.597042105766,-496275.3424985821,3528137.2376692384,363.65731599104396,-544.1232176856764,4684.431239296092,4729.927351999346,20253416.49662907,0.8265872995046138,1.6336277431231656,7.45058059692383e-08,2.5753155737713825e-06,6.141771649191458,-0.14113017473735454,0.003954021937095028,131937.23766923836,-0.0639829502273201,-0.06368319297223438,1232.0451100468636,-16543061936.308546,-1040793983.4056649,-205335459.56977987,-16543342271.76263,-1905662487.0906265,16575769977.422937,16654005094.461496,-0.9900499163304838,-0.003914699489192772,0.14066214239059252,-0.003954011634049153,0.9999921828654451,0.0,0.14066104281569866,0.0005561797474826814,0.9900576557443959,4688.70679825435,-545.556869459505,-0.11583463727299874,1.9918360735025856e-09,166.77163926497414,0.0,-74.88581963248707,0.1,0.0,2.986657518319488e-17,2.2877581879769604,1.5707963267948966,18.842538237367158,461.0,0.01055354071460521,0.257132942527626,0.0,0.0223687845369571,-1570.293797700854,-14.036780309138006,223.10793016673736,-0.043231308343409776,0.07352454328568601,-0.55641886092439,-0.043597266914153894,0.07330813600186348,-0.55641886092439,-7.325587399959447e-18,2.498128025160491e-20,5.72467051846971e-19,-7.325620913624058e-18,-1.153467300981556e-20,5.72467051846971e-19,-1570.337394967768,-13.963472173136143,222.55151130581297,-1057303.0976558514,141.86930138850508,117934.15558196208,-0.020363282681776,4718.76775012663
70.36667937745644,2001.0,12.0,14.0,14.0,22.0,38.0,1.0,3492935.476173334,31210.298102762023,-496072.80532101967,364.0046309680527,-294.71866091546985,4684.452107702928,3528124.2256469605,4707.807346294068,3493047.6968559492,13788.07119376479,-496072.80532101967,3528124.22564696,363.5074554395164,-544.1260181690282,4684.452107702928,4729.936822323422,20253411.743007608,0.8265872588246952,1.6336277423671524,7.45058059692383e-08,2.5791064789463133e-06,6.141829220014632,-0.1410727159931718,0.003947269198687959,131924.22564696055,-0.06395690949990573,-0.06365727499433332,1233.828728735447,-16543061751.864666,-1040793959.2452428,-205336561.11647642,-16543340809.018694,-1905670201.2397866,16575769791.825975,16654004537.725084,-0.9900580233156108,-0.003908045837370264,0.1406052546888577,-0.00394725894833905,0.9999922095430518,0.0,0.14060415930967435,0.0005550053497540848,0.990065736380106,4688.724192874087,-545.5566372349808,-0.1158341625069784,1.9947276340087623e-09,166.74272365991237,0.0,-74.87136182995619,0.1,0.0,2.986608172652496e-17,2.2877501292179736,1.5707963267948966,18.844209681214636,461.0,0.010568922200585291,0.2575895749156356,0.0,0.02240132886473495,-1570.3182487267318,-14.03120698715604,223.0193441036824,-0.04327609046273012,0.07362975095400213,-0.5572280254621446,-0.04364279789022051,0.07341298538814603,-0.5572280254621446,-7.336142658412868e-18,2.504452180044948e-20,5.73057313424002e-19,-7.336176320830051e-18,-1.15465297675594e-20,5.73057313424002e-19,-1570.361891524622,-13.957794001767894,222.46211607822028,-1057303.345812494,142.022839593471,117919.43546045801,-0.020271303059542643,4718.778473426655
70.4398081384904,2001.0,12.0,14.0,14.0,22.0,38.0,1.0,3492962.086272461,31188.745611295817,-495730.2358522209,363.755520048692,-294.72087428865547,4684.487385035665,3528102.2293476374,4707.8233327797725,3493074.270437623,13748.279759141482,-495730.2358522209,3528102.229347637,363.2539789806509,-544.1307505072566,4684.487385035665,4729.9528314192685,20253403.687262174,0.8265871898862094,1.6336277410860363,7.45058059692383e-08,2.585555437518531e-06,6.14192659513341,-0.1409755304312678,0.003935847824466335,131902.2293476374,-0.06391286426348,-0.06361343737410921,1236.849513798952,-16543061439.297487,-1040793918.3028489,-205338422.18576884,-16543338335.53204,-1905683241.6774588,16575769477.304792,16654003595.806026,-0.9900717279055458,-0.0038967917779648936,0.14050903393008649,-0.003935837662837943,0.99999225456095,0.0,0.1405079456259282,0.0005530207477110088,0.9900793965051661,4688.753597844692,-545.556244667341,-0.11583335994010334,1.9996157005250256e-09,166.69384299474976,0.0,-74.84692149737488,0.1,0.0,2.98652474742042e-17,2.287736504843642,1.5707963267948966,18.847036170763577,461.0,0.010594924383825002,0.2583634130496041,0.0,0.022456344210735633,-1570.3595831394632,-14.021779895430813,222.86950367482407,-0.043351657357491,0.0738075899563236,-0.5585958944365589,-0.043719632317311866,0.07359021864922785,-0.5585958944365589,-7.353985350716381e-18,2.5151630576150195e-20,5.740533318742119e-19,-7.354019265564794e-18,-1.1566536803153257e-20,5.740533318742119e-19,-1570.4033027717805,-13.948189676781585,222.3109077803875,-1057303.7663525064,142.1763777984369,117904.78194583856,-0.02017932406668017,4718.789147308853
70.55711748690017,2001.0,12.0,14.0,14.0,22.0,38.0,1.0,3493004.7347558206,31154.17188946059,-495180.69837251224,363.35589557591277,-294.72442168411357,4684.543924991153,3528066.9754829467,4707.848954327053,3493116.859674766,13684.44769061205,-495180.69837251224,3528066.9754829467,362.84735146041925,-544.1383304711767,4684.543924991153,4729.978489202812,20253390.723353658,0.826587078945019,1.6336277390245535,7.45058059692383e-08,2.596054284618936e-06,6.142082801733044,-0.14081962787883526,0.003917526448479646,131866.97548294673,-0.06384220798314758,-0.06354311414105292,1241.7059286236763,-16543060936.294764,-1040793852.4186006,-205341402.19805425,-16543334369.172388,-1905704141.7648842,16575768971.15774,16654002084.112902,-0.9900936926506627,-0.0038787380698006245,0.14035467631810716,-0.003917516428098803,0.9999923265030765,0.0,0.14035359930693023,0.0005498417502366749,0.990101290189867,4688.800725889304,-545.5556154876101,-0.1158320736673245,2.007449892678504e-09,166.61550107321494,0.0,-74.80775053660747,0.1,0.0,2.986391018351248e-17,2.287714665229271,1.5707963267948966,18.851568809778176,461.0,0.010636599601731847,0.25960874356263214,0.0,0.02254451953086916,-1570.4258330070309,-14.006656176081739,222.62911727344604,-0.04347241426215759,0.07409258866630443,-0.5607882260485564,-0.043842424970230526,0.07387424632295435,-0.5607882260485564,-7.382580721093416e-18,2.5323824451804866e-20,5.756449585512609e-19,-7.382615043071e-18,-1.1598507095873135e-20,5.756449585512609e-19,-1570.4696754320012,-13.932781929758784,222.0683290473975,-1057304.443117667,142.32991600340281,117890.19503810376,-0.020087345700297916,4718.799771772432
70.59458764544348,2001.0,12.0,14.0,14.0,22.0,38.0,1.0,3493018.3473673314,31143.128497438673,-495005.16743080574,363.2282466720457,-294.72555394294784,4684.561971593369,3528055.7230974413,4707.857132180859,3493130.45318914,13664.058695789905,-495005.16743080574,3528055.723097441,362.7174656707068,-544.1407486506926,4684.561971593369,4729.9866786222,20253386.571798224,0.8265870434172119,1.6336277383644335,7.45058059692383e-08,2.599387875610815e-06,6.142132696838942,-0.1407698298818483,0.003911674409724392,131855.72309744125,-0.0638196391189545,-0.063520651656618,1243.259881079197,-16543060775.21441,-1040793831.3207238,-205342352.64784297,-16543333102.648962,-1905710812.6737845,16575768809.0705,16654001601.072748,-0.9901007034328703,-0.0038729713383873665,0.1403053710830333,-0.003911664434182104,0.9999923494114115,0.0,0.14030429766436237,0.0005488275299902236,0.990108278343966,4688.815768338402,-545.5554146638111,-0.11583166311674237,2.0101226869216737e-09,166.58930774360311,0.0,-74.7893077436031,0.1,0.0,2.98634634623909e-17,2.2877073697197106,1.5707963267948966,18.853083437400368,461.0,0.01065081448781951,0.26000755071688475,0.0,0.022574590990201225,-1570.4469793848343,-14.001825130480203,222.55232943666033,-0.04351457839881538,0.07418917125490157,-0.5615359351592215,-0.043885268075539864,0.07397050027310728,-0.5615359351592215,-7.39233379300708e-18,2.5381081079611125e-20,5.76200505609895e-19,-7.392368248555232e-18,-1.1609662512976307e-20,5.76200505609895e-19,-1570.4908646529097,-13.927854630207095,221.99079350150112,-1057304.6598447822,142.48345420836873,117875.67473725358,-0.01999536795750545,4718.810346816548
70.63242406207166,2001.0,12.0,14.0,14.0,22.0,38.0,1.0,3493032.0881840833,31131.977116965107,-494827.920047677,363.0993482957769,-294.72669686225004,4684.5801881950465,3528044.364735452,4707.865387009881,3493144.174637038,13643.47031354739,-494827.920047677,3528044.364735452,362.5863085340875,-544.1431890111368,4684.5801881950465,4729.994945125536,20253382.373595573,0.8265870074901829,1.6336277376969477,7.45058059692383e-08,2.602759852860345e-06,6.142183079971324,-0.1407195448031245,0.003905765194429731,131844.36473545246,-0.06379684949804905,-0.06349796945531938,1244.8306068778038,-16543060612.324596,-1040793809.9866716,-205343311.6974194,-16543331823.903294,-1905717546.3992567,16575768645.16254,16654001113.188517,-0.9901077802628395,-0.0038671481713553895,0.14025558323294535,-0.0039057552640281564,0.9999923725088194,0.0,0.1402545134347212,0.0005478039825214155,0.9901153323588048,4688.830952471749,-545.5552119469831,-0.11583124870152105,2.013104256943729e-09,166.56091183863114,0.0,-74.76091183863115,0.1,0.0,2.9862979861360493e-17,2.2876994719155315,1.5707963267948966,18.8547233917078,461.0,0.010666665921872447,0.2604108407518958,0.0,0.022608118601479148,-1570.4683252351942,-13.996946701270607,222.4747884525978,-0.043563202165076614,0.07429591334652234,-0.5623696318910492,-0.043934624028247056,0.07407687989086655,-0.5623696318910492,-7.403209615361168e-18,2.5442504846770488e-20,5.768408763271896e-19,-7.403244210962645e-18,-1.162251595068494e-20,5.768408763271896e-19,-1570.5122598592225,-13.922869821379741,221.91241882070676,-1057304.8790071476,142.63699241333464,117861.22104328804,-0.019903390835412548,4718.820872440304
70.7832447596586,2001.0,12.0,14.0,14.0,22.0,38.0,1.0,3493086.812334083,31087.525887573604,-494121.38292284275,362.58552577382176,-294.7312486159986,4684.6527379255,3527999.1289440077,4707.898262214712,3493198.8207310447,13561.401525394394,-494121.38292284275,3527999.1289440077,362.0634822136425,-544.152902052449,4684.6527379255,4730.0278668225255,20253365.577321343,0.8265868637521442,1.6336277350270019,7.598131170262078e-08,2.616246737489207e-06,6.142383916629661,-0.14051909895302625,0.0038822105728297594,131799.12894400768,-0.0637060056797448,-0.06340755382526411,1251.107838153839,-16543059960.635487,-1040793724.6422558,-205347127.69758838,-16543326728.193083,-1905744364.0069723,16575767989.400589,16653999167.153385,-0.9901359646244076,-0.003843935621790689,0.14005711590715217,-0.0038822008210095357,0.9999924642299988,0.0,0.14005606046893965,0.0005437298503629739,0.990143426117535,4688.891424882947,-545.554404589241,-0.11582959827196838,2.024978652197982e-09,166.44782236001922,0.0,-74.64782236001922,0.1,0.0,2.986105351765982e-17,2.287668012335479,1.5707963267948966,18.861258804261073,461.0,0.0107297973795684,0.262024357229066,0.0,0.022741646887888874,-1570.5533403008699,-13.977499056713636,222.16567470448945,-0.043756326105369885,0.07472092644673259,-0.5656899325868255,-0.04413066985839234,0.07450044899963407,-0.5656899325868255,-7.446520930970143e-18,2.5687908622178726e-20,5.793842238590926e-19,-7.446556088013268e-18,-1.167356408011885e-20,5.793842238590926e-19,-1570.5974709707282,-13.902998607714002,221.59998477190263,-1057305.755838342,142.79053061830055,117846.83395620713,-0.01981141433112922,4718.8313486427505
70.88635216405591,2001.0,12.0,14.0,14.0,22.0,38.0,1.0,3493124.1794761214,31057.136753364124,-493638.3579855534,362.23423894666445,-294.7343566454167,4684.702277156301,3527968.2407100433,4707.920709872446,3493236.133729191,13505.29499042423,-493638.3579855534,3527968.240710044,361.70603992048854,-544.1595289167233,4684.702277156301,4730.050346224579,20253354.03756266,0.8265867649977038,1.6336277331931714,7.598131170262078e-08,2.625565996981695e-06,6.142521219983388,-0.14038206273189466,0.0038661078685807188,131768.2407100438,-0.06364389959470178,-0.06334574046803464,1255.4140675663948,-16543059512.901299,-1040793666.0161612,-205349730.14133555,-16543323245.94562,-1905762675.6938965,16575767538.868753,16653997835.582355,-0.9901552098513613,-0.0038280659203740845,0.1399214290790223,-0.0038660982376041452,0.9999925266142828,0.0,0.1399203833922127,0.0005409499903654615,0.9901626097184665,4688.932717192154,-545.5538532861394,-0.11582847133174053,2.033233804737951e-09,166.37060177510955,0.0,-74.57060177510952,0.1,0.0,2.9859737831175743e-17,2.2876465255445937,1.5707963267948966,18.865725163109204,461.0,0.010773685576865767,0.263132917724048,0.0,0.02283447562960951,-1570.6113937764642,-13.964202340560083,221.9543278800619,-0.04389088655160641,0.0750164704649353,-0.5679982074529285,-0.04426725807294859,0.07479499064780651,-0.5679982074529285,-7.476633103752199e-18,2.5858061630102165e-20,5.811564746684232e-19,-7.476668650113038e-18,-1.1709137090130975e-20,5.811564746684232e-19,-1570.6556610345372,-13.889407349912277,221.38632967260898,-1057306.3582597133,142.94406882326646,117832.51347601085,-0.019719438441765665,4718.841775422888
70.96431242314914,2001.0,12.0,14.0,14.0,22.0,38.0,1.0,3493152.4089974305,31034.15909501809,-493273.1359231982,361.9686197789462,-294.7367046300807,4684.739702397332,3527944.905768625,4707.937668021818,3493264.321890544,13462.87197748584,-493273.1359231982,3527944.905768625,361.43576651241796,-544.1645323206365,4684.739702397332,4730.067328354639,20253345.28058623,0.8265866900574925,1.6336277318018302,7.598131170262078e-08,2.632491618165997e-06,6.142625037621972,-0.14027844705006018,0.0038539326209266703,131744.90576862497,-0.0635969399723818,-0.06329900217945128,1258.6783972084522,-16543059173.139297,-1040793621.5321544,-205351694.4547605,-16543320613.711111,-1905776509.4465744,16575767196.984032,16653996828.101439,-0.9901697490169493,-0.0038160663890959247,0.13981883195416,-0.0038539230806541704,0.9999925736108686,0.0,0.13981779360510602,0.0005388510235782441,0.9901771024574212,4688.963912075532,-545.553436785804,-0.11582761997894273,2.039650913628127e-09,166.31226442156247,0.0,-74.51226442156248,0.1,0.0,2.98587437019572e-17,2.2876302901823777,1.5707963267948966,18.869101383059967,461.0,0.01080779949270559,0.2639741685929747,0.0,0.022906633736385636,-1570.6552526165744,-13.95414779715226,221.79451429512213,-0.043996174059006736,0.07524635820727493,-0.5697924996295844,-0.04437411392291279,0.07502410125315935,-0.5697924996295844,-7.50004462913731e-18,2.5989299568661422e-20,5.825434159181219e-19,-7.500080474639147e-18,-1.1736979173353929e-20,5.825434159181219e-19,-1570.6996267304974,-13.8791236958991,221.22472179549254,-1057306.8154092208,143.0976070282324,117818.25960269921,-0.019627463164432306,4718.852152779653
71.12816291222748,2001.0,12.0,14.0,14.0,22.0,39.0,1.0,3493211.6719959206,30985.86593790026,-492505.53259355127,361.4103389425342,-294.7416337633254,4684.818270619803,3527895.9180922154,4707.973268031707,3493323.496779373,13373.709492516518,-492505.53259355127,3527895.918092215,360.86770364129177,-544.1750278079479,4684.818270619803,4730.102978705035,20253326.786013972,0.8265865317847523,1.6336277288641312,7.598131170262078e-08,2.6473371272380206e-06,6.142843237446194,-0.14006067161628846,0.003828344030772321,131695.91809221497,-0.06349824195366979,-0.06320076934218752,1265.5627509355545,-16543058455.574547,-1040793527.5962397,-205355813.31816107,-16543315083.47513,-1905805550.8358033,16575766474.936968,16653994708.74168,-0.9902002717439754,-0.0037908458194392076,0.1396031923923323,-0.003828334679271713,0.9999926718999412,0.0,0.13960216936616993,0.0005344477427726067,0.9902075280838202,4689.02940043958,-545.5525623833738,-0.11582583273806678,2.0531225246408767e-09,166.18979523053747,0.0,-74.38979523053749,0.1,0.0,2.985665620697007e-17,2.2875961988020945,1.5707963267948966,18.876194914362227,461.0,0.010879418032614547,0.2657509005274005,0.0,0.02305811907061511,-1570.7473309913341,-13.933013739360073,221.45859554447566,-0.04421644577523178,0.07572882605873177,-0.573559337300597,-0.04459768663804129,0.07550493705555113,-0.573559337300597,-7.549189145665646e-18,2.626593845552729e-20,5.854449214813818e-19,-7.549225624477888e-18,-1.1795222990780049e-20,5.854449214813818e-19,-1570.7919286779722,-13.85750880230452,220.88503620717506,-1057307.7809018288,143.25114523319832,117804.0723362722,-0.01953548849623979,4718.862480711945
71.15441094367004,2001.0,12.0,14.0,14.0,22.0,39.0,1.0,3493221.15713209,30978.129539876194,-492382.56517124735,361.3209020886666,-294.74242267262173,4684.830845642714,3527888.077537277,4707.97896578718,3493332.967651868,13359.425947243042,-492382.56517124735,3527888.077537277,360.7766997374667,-544.1767065821012,4684.830845642714,4730.108684517241,20253323.812437657,0.8265865063374478,1.633627728391899,7.598131170262078e-08,2.649684578044842e-06,6.142878192525726,-0.14002578451408193,0.0038242449100492474,131688.07753727725,-0.06348243075518245,-0.06318503266349455,1266.6683942377567,-16543058340.204556,-1040793512.4947389,-205356471.93561238,-16543314197.826822,-1905810198.9351048,16575766358.846407,16653994369.007978,-0.9902051569874261,-0.0037868054920180165,0.13956864683614514,-0.003824235588555255,0.9999926875843459,0.0,0.1395676262521872,0.000533743386277286,0.9902123978320648,4689.039881972843,-545.552422430491,-0.11582554669077316,2.0547819079686395e-09,166.1735056383939,0.0,-74.37350563839392,0.08675281919695546,0.0,2.9856377367909154e-17,2.2875916450146496,1.5707963267948966,18.877142856883978,461.0,0.010888248911932866,0.2660365698104462,0.0,0.02307666224943718,-1570.7620688239251,-13.929627886572288,221.40477855006137,-0.04424058313814967,0.07578793925914598,-0.5740205367004719,-0.04462226231414389,0.0755638447904768,-0.5740205367004719,-7.555201304956796e-18,2.6304053382840498e-20,5.857630867881275e-19,-7.555237877578075e-18,-1.1801476805093774e-20,5.857630867881275e-19,-1570.8066910862392,-13.854064041781811,220.8307580133609,-1057307.9361348841,143.40468343816423,117789.95167672983,-0.019443514434298922,4718.872759218598
71.19725943425942,2001.0,12.0,14.0,14.0,22.0,39.0,1.0,3493236.6360593745,30965.50024436793,-492181.8268011598,361.17489945949643,-294.74371010212445,4684.85136704034,3527875.282425121,4707.988263993878,3493348.4232060974,13336.108738064482,-492181.8268011598,3527875.282425121,360.62813897412923,-544.1794455776043,4684.85136704034,4730.11799587165,20253318.9525415,0.8265864647473443,1.6336277276201496,7.742870483855356e-08,2.6536202735115758e-06,6.142935255131027,-0.13996883287397816,0.0038175533433390846,131675.2824251214,-0.06345661967059636,-0.06315934322845951,1268.4747000038624,-16543058151.648859,-1040793487.8142773,-205357546.3795076,-16543312752.241491,-1905817784.2250571,16575766169.113089,16653993814.307709,-0.9902131293044778,-0.0037802098063106746,0.13951225238972328,-0.0038175440706910402,0.999992713152085,0.0,0.13951123578515784,0.00053259417189914,0.9902203448895333,4689.056986952887,-545.5521940384109,-0.11582507988821338,2.0577674341383403e-09,166.14507205582532,0.0,-74.34507205582534,0.07253602791266626,0.0,2.985589138534978e-17,2.287583708317151,1.5707963267948966,18.878795240715053,461.0,0.010904130877017542,0.2665034605469648,0.0,0.023110108980813043,-1570.7861200227321,-13.924100497893361,221.31692256005346,-0.044286082877814666,0.07589450551510236,-0.5748523343114925,-0.04466852877502805,0.07567004454285106,-0.5748523343114925,-7.566047624767677e-18,2.6369845906095688e-20,5.863626508314031e-19,-7.566084355420434e-18,-1.1813369032367775e-20,5.863626508314031e-19,-1570.830788551507,-13.84843045335051,220.74207022574197,-1057308.1898417845,143.55822164313014,117775.8976240721,-0.019351540975720706,4718.882988298397
71.27390272658617,2001.0,12.0,14.0,14.0,22.0,39.0,1.0,3493264.307684695,30942.91002782417,-491822.76296228607,360.9137383003213,-294.7460116274388,4684.888053200634,3527852.4086464667,4708.004886242815,3493376.0527505428,13294.400846132352,-491822.76296228607,3527852.4086464667,360.36240203791203,-544.1843401532973,4684.888053200634,4730.13464162413,20253310.242255986,0.8265863902062184,1.6336277262371084,7.598131170262078e-08,2.6605145960517344e-06,6.143037324296338,-0.13986696218020198,0.003805584187540118,131652.40864646714,-0.06341045077354211,-0.06311339192658903,1271.7098945379257,-16543057813.706123,-1040793443.5825826,-205359466.03649732,-16543310167.106218,-1905831344.3959515,16575765829.059885,16653992821.80261,-0.9902273814484344,-0.0037684118568988047,0.13941137723246874,-0.003805575001836325,0.999992758773235,0.0,0.13941036772307258,0.0005305404521674568,0.9902345519613757,4689.087565526119,-545.5517857398854,-0.11582424539320539,2.0631046491576686e-09,166.09424143659362,0.0,-74.29424143659364,0.04712071829681686,0.0,2.985502250680532e-17,2.2875695184536724,1.5707963267948966,18.881750250477403,461.0,0.010932523458207704,0.2673402715898396,0.0,0.023169900992131294,-1570.8291172643671,-13.91421311512882,221.1597659229577,-0.04436726871535181,0.07608498776718399,-0.5763393195258277,-0.04475108698940791,0.0758598715399599,-0.5763393195258277,-7.585436582921664e-18,2.6487687513184964e-20,5.874324501349505e-19,-7.585473597190495e-18,-1.1834586683801476e-20,5.874324501349505e-19,-1570.8738683513566,-13.83835324358886,220.58342660343186,-1057308.6445554178,143.71175984809605,117761.91017829897,-0.01925956811761633,4718.8931679500765
71.38865883921096,2001.0,12.0,14.0,14.0,22.0,39.0,1.0,3493305.7023051297,30909.085923736195,-491285.1402717468,360.5226947493397,-294.7494545120879,4684.942933171149,3527818.191234067,4708.029751545203,3493417.3837086596,13231.951946723555,-491285.1402717468,3527818.191234067,359.9645072153173,-544.1916574600617,4684.942933171149,4730.159542084621,20253297.158433653,0.8265862782368895,1.6336277241599875,7.742870483855356e-08,2.671009763412612e-06,6.143190152387454,-0.13971443122548255,0.003787663258172854,131618.19123406708,-0.06334132204456465,-0.06304458899770063,1276.5641957819462,-16543057306.081972,-1040793377.1478672,-205362335.00511804,-16543306297.843256,-1905851629.302207,16575765318.265959,16653991334.986727,-0.990248701701554,-0.003750746560466848,0.1392603341896965,-0.003787654201628435,0.9999928268120971,0.0,0.13925933524915193,0.0005274699899137839,0.9902558049925151,4689.133308851413,-545.5511749492388,-0.1158229970680817,2.0710887120510133e-09,166.0182027423713,0.0,-74.2182027423713,0.009101371185651415,0.0,2.985372251777627e-17,2.2875482880216826,1.5707963267948966,18.88617323074564,461.0,0.010974997642312447,0.2685972855110403,0.0,0.02325934380962261,-1570.893440211078,-13.89940774106252,220.92443945481406,-0.04448834756369709,0.07636987257821323,-0.5785636953086598,-0.0448742229112929,0.07614377600742185,-0.5785636953086598,-7.614438646594147e-18,2.6664507726298964e-20,5.890278993183916e-19,-7.614476087781872e-18,-1.1866225890862089e-20,5.890278993183916e-19,-1570.9383144339895,-13.823263965055098,220.3458757595054,-1057309.3275868446,143.86529805306196,117747.98933941052,-0.019167595857097187,4718.90329817231
71.44970920356816,2001.0,12.0,14.0,14.0,22.0,39.0,1.0,3493327.7059965036,30891.091306274993,-490999.1219081153,360.31465266165657,-294.7512845989876,4684.972105267854,3527800.0026531303,4708.042968775174,3493439.3532112194,13198.728729074614,-490999.1219081153,3527800.0026531303,359.7528202086295,-544.1955447907596,4684.972105267854,4730.17277800252,20253290.177034274,0.8265862184910423,1.6336277230518366,7.742870483855356e-08,2.6765322879988878e-06,6.143271458275623,-0.13963328339930148,0.0037781294002369042,131600.00265313033,-0.06330454491816272,-0.06300798519735006,1279.1517887711525,-16543057035.220465,-1040793341.7020638,-205363858.71785942,-16543304240.065943,-1905862411.897712,16575765045.713284,16653990543.618544,-0.9902600347479819,-0.003741348352839823,0.13917997662533382,-0.003778120411908646,0.9999928628776072,0.0,0.13917898328080602,0.0005258387106171419,0.9902671024054932,4689.1576241996045,-545.5508502738228,-0.11582233351675918,2.0756243035532913e-09,165.9750066328258,0.0,-74.1750066328258,0.0,0.0,2.9852984971864523e-17,2.287536242982864,1.5707963267948966,18.88868355164759,461.0,0.010999120635909595,0.2692680299258069,0.0,0.023310266482989485,-1570.9276328287988,-13.89153066228635,220.7992359194103,-0.04455906283495731,0.07653182874257959,-0.5798299886021733,-0.04494608700672135,0.07630517776794338,-0.5798299886021733,-7.630948219101289e-18,2.676247442597382e-20,5.899592794767257e-19,-7.630985893290575e-18,-1.1884824053789587e-20,5.899592794767257e-19,-1570.9725789158056,-13.815225484518406,220.21940593080814,-1057309.6920460798,144.01883625802787,117734.13510740668,-0.01907562419127482,4718.913378963726
71.51863262229283,2001.0,12.0,14.0,14.0,22.0,39.0,1.0,3493352.5320199924,30870.775968895538,-490676.21647949214,360.079776016038,-294.75334941347694,4685.005019261429,3527779.481089775,4708.057881185298,3493464.140369485,13161.220760556043,-490676.21647949214,3527779.481089775,359.51382856549355,-544.1999288521046,4685.005019261429,4730.187711497001,20253282.276227757,0.8265861508769445,1.633627721797924,7.742870483855356e-08,2.682829824765113e-06,6.143363250364643,-0.1395416697420856,0.0037673661345099525,131579.48108977498,-0.0632630245345166,-0.06296666049196113,1282.0779080986977,-16543056728.68962,-1040793301.5912644,-205365576.7747467,-16543301917.413424,-1905874577.5006757,16575764737.268738,16653989649.810104,-0.9902728215002572,-0.0037307379418427757,0.1390892540505157,-0.0037673572227818032,0.9999929034845977,0.0,0.13908826700148202,0.0005239989058585435,0.9902798490364585,4689.185058420214,-545.5504839476637,-0.1158215848602766,2.0810112139340684e-09,165.92370272443745,0.0,-74.12370272443745,0.0,0.0,2.985210980521742e-17,2.2875219504268767,1.5707963267948966,18.891663175620373,461.0,0.011027766457506591,0.2700271147863861,0.0,0.02337084487683714,-1570.9662121768313,-13.882637250690685,220.6578781106639,-0.04464472777105623,0.07672428495948178,-0.5813362898850061,-0.04503309926220709,0.0764969776601382,-0.5813362898850061,-7.650586242292186e-18,2.6876678553531407e-20,5.91087189977766e-19,-7.650624184935263e-18,-1.1907454982740505e-20,5.91087189977766e-19,-1571.0112452760934,-13.806140273030547,220.07654182077889,-1057310.10450265,144.1723744629938,117720.34748228747,-0.018983653117260954,4718.923410322892
71.6746069667227,2001.0,12.0,14.0,14.0,22.0,39.0,1.0,3493408.653773569,30824.801644291136,-489945.4700880301,359.5482266263227,-294.7580170928932,4685.079425073957,3527733.090005004,4708.091591628395,3493520.173123534,13076.338760712988,-489945.4700880301,3527733.090005004,358.9729667813652,-544.209832090065,4685.079425073957,4730.2214696010415,20253264.32112111,0.8265859972190572,1.6336277189490225,7.884953353001449e-08,2.6971925016882295e-06,6.143570980614405,-0.13933434323026636,0.0037430090698325623,131533.09000500338,-0.06316906164059279,-0.06287314042005268,1288.7188611030579,-16543056032.083612,-1040793210.4487637,-205369456.3267813,-16543296663.140469,-1905902078.9383843,16575764036.314463,16653987625.573887,-0.9903017274809128,-0.003706725658401339,0.13888393979583505,-0.0037430003298395825,0.99999299494973,0.0,0.1388829669068551,0.0005198426324652313,0.9903086646428915,4689.2470763851015,-545.5496558059,-0.11581989246994963,2.093188873686615e-09,165.80772501250843,0.0,-74.00772501250843,0.0,0.0,2.985013096872687e-17,2.2874896335745087,1.5707963267948966,18.89840397884603,461.0,0.011092525153987148,0.27175221392172616,0.0,0.023507790065938918,-1571.0534285099839,-13.862509401553305,220.3379526564334,-0.04483773670777262,0.0771592332009079,-0.5847414634494577,-0.0452291611727791,0.07693044183438957,-0.5847414634494577,-7.694976690983174e-18,2.7135803761038455e-20,5.936283611658855e-19,-7.69501524510031e-18,-1.1958440280008995e-20,5.936283611658855e-19,-1571.0986576711566,-13.785578959718915,219.75321119298394,-1057311.041838741,144.3259126679597,117706.62646405291,-0.018891682632167475,4718.933392248328
71.73885925890882,2001.0,12.0,14.0,14.0,22.0,39.0,1.0,3493431.748536084,30805.862704427305,-489644.4420135151,359.3292508252183,-294.759937879652,4685.110044089596,3527713.999525978,4708.105463634672,3493543.230801043,13041.371900810802,-489644.4420135151,3527713.999525978,358.75015477253146,-544.2139044087176,4685.110044089596,4730.235361219388,20253256.89379962,0.8265859336566848,1.6336277177708491,7.884953353001449e-08,2.7030722834707046e-06,6.143656554875803,-0.13924893526445029,0.003732975509832261,131513.99952597776,-0.06313035367676824,-0.06283461487306918,1291.4623368680477,-16543055743.927336,-1040793172.7519065,-205371051.07900643,-16543294499.443043,-1905913396.042743,16575763746.3598,16653986791.070147,-0.9903136227229513,-0.0036968336726172194,0.13879935904081483,-0.003732966839936633,0.9999930324550126,0.0,0.1387983919500365,0.0005181334047038207,0.990320522825746,4689.272597550038,-545.5493150054438,-0.11581919604099689,2.0984001303561137e-09,165.75999881494442,0.0,-73.95999881494441,0.0,0.0,2.98493164796189e-17,2.287476331957935,1.5707963267948966,18.901179938704097,461.0,0.011120234795287632,0.27246581803833664,0.0,0.023566391451242143,-1571.089320585142,-13.854217110902274,220.20614945566575,-0.04492118345972143,0.07734554382868637,-0.5861986157087702,-0.045313904602995746,0.07711611973645845,-0.5861986157087702,-7.713977800159465e-18,2.7245418901770234e-20,5.947273063506888e-19,-7.71401661146722e-18,-1.1980492977706804e-20,5.947273063506888e-19,-1571.1346344897452,-13.777100991165815,219.61995083995697,-1057311.429578308,144.4794508729256,117692.97205270297,-0.018799712733106426,4718.943324738498
71.81244328010041,2001.0,12.0,14.0,14.0,22.0,39.0,1.0,3493458.180200442,30784.173002023075,-489299.6914872969,359.07846575062945,-294.76213618157044,4685.145087263862,3527692.150713603,4708.121339792003,3493569.6196915437,13001.326281904237,-489299.6914872969,3527692.1507136035,358.4949763022997,-544.2185629861967,4685.145087263862,4730.25125982177,20253248.365011353,0.8265858606679486,1.6336277164181399,7.742870483855356e-08,2.709840794120607e-06,6.143754558699245,-0.13915112187093864,0.0037214848068761975,131492.15071360348,-0.06308602339236072,-0.06279049349902766,1294.6101301908493,-16543055413.039366,-1040793129.4678323,-205372875.01322794,-16543292022.016575,-1905926348.2780955,16575763413.406944,16653985834.885569,-0.9903272367416875,-0.0036855047794559534,0.1387024917659888,-0.003721476216796369,0.9999930752834081,0.0,0.13870153129054275,0.0005161780243175216,0.9903340945246234,4689.301806222401,-545.548924955034,-0.11581839899368822,2.104408553759042e-09,165.7053767840087,0.0,-73.90537678400871,0.0,0.0,2.9848384182151466e-17,2.2874611063848462,1.5707963267948966,18.904358450827388,461.0,0.011152182965287907,0.2732852668271123,0.0,0.023633956926609165,-1571.130399703713,-13.844719913161148,220.0551946544933,-0.045017439720158495,0.07756036770021012,-0.5878786650667522,-0.04541165533811857,0.07733021451025354,-0.5878786650667522,-7.735885843035019e-18,2.7371732905944856e-20,5.959949852064277e-19,-7.7359249508916e-18,-1.2005932062746204e-20,5.959949852064277e-19,-1571.175811359051,-13.767389698650895,219.46731598942657,-1057311.8748197425,144.63298907789152,117679.38424823768,-0.018707743417190014,4718.95320779181
71.95440818929424,2001.0,12.0,14.0,14.0,22.0,39.0,1.0,3493509.1223971667,30742.3268213411,-488634.5604955424,358.59461007672377,-294.7663729629961,4685.212626859204,3527650.0411238763,4708.151937638245,3493620.478451579,12924.06570594372,-488634.5604955424,3527650.0411238754,358.00264439388513,-544.2275350813994,4685.212626859204,4730.281900924586,20253231.8416454,0.8265857192618865,1.6336277137980733,7.884953353001449e-08,2.722919646823296e-06,6.143943639868546,-0.13896240804688936,0.0036993161766088667,131450.04112387542,-0.06300049579042014,-0.06270536894599646,1300.7007409632206,-16543054771.99393,-1040793045.6215025,-205376386.57822648,-16543287243.894878,-1905951311.1966503,16575762768.36173,16653983988.668633,-0.9903534754650846,-0.0036636473446289572,0.13851559956323448,-0.0036993077391278793,0.999993157537716,0.0,0.13851465177546873,0.0005124118294542116,0.9903602519677562,4689.358100654819,-545.5481731780512,-0.11581686285143263,2.115988690934256e-09,165.60010280968856,0.0,-73.80010280968858,0.0,0.0,2.984658697280675e-17,2.28743175572887,1.5707963267948966,18.91048885551164,461.0,0.011213758944798482,0.27487285692506574,0.0,0.02376417843814589,-1571.2095754768325,-13.826395346861215,219.76393175487087,-0.04520236979260551,0.07797429358260836,-0.591116676608634,-0.045599472298367395,0.0777427348418145,-0.591116676608634,-7.77810658713073e-18,2.761604776032794e-20,5.984304047771681e-19,-7.778146270711666e-18,-1.2054802965628546e-20,5.984304047771681e-19,-1571.2551749491308,-13.7486526120194,219.17281507826223,-1057312.7374154553,144.78652728285746,117665.86305065699,-0.01861577468153056,4718.963041406621
71.98164675476427,2001.0,12.0,14.0,14.0,22.0,39.0,1.0,3493518.8887354853,30734.297797139912,-488506.941848464,358.50177071888527,-294.76718520743225,4685.2255751976445,3527641.9681207505,4708.157803596837,3493630.228643452,12909.241705194145,-488506.941848464,3527641.96812075,357.9081787002348,-544.2292541847969,4685.2255751976445,4730.287775175751,20253228.66108461,0.8265856920427728,1.6336277132938335,7.884953353001449e-08,2.725527886074828e-06,6.143979919059788,-0.13892619933028072,0.0036950627594297143,131441.96812074957,-0.0629840855094264,-0.06268903599735234,1301.871938019991,-16543054648.600693,-1040793029.4836318,-205377059.23270187,-16543286327.3633,-1905956096.9191942,16575762644.19868,16653983634.223015,-0.9903585058277846,-0.003659453488152929,0.13847973979873646,-0.003695054351019123,0.9999931732633693,0.0,0.13847879443402417,0.0005116901650713172,0.9903652667906292,4689.36889310247,-545.5480290479835,-0.11581656835437507,2.117963348261212e-09,165.59107568972175,0.0,-73.78215137944352,0.0,0.0,2.984642903723134e-17,2.2874291764451855,1.5707963267948966,18.911027781143453,461.0,0.011224264635942817,0.27517845255850754,0.0,0.023786390638301055,-1571.2247550850573,-13.822879184861547,219.70804352542868,-0.04523255800109241,0.07804497996170523,-0.5916697181622784,-0.04563017087088382,0.07781317823376131,-0.5916697181622784,-7.785347921076295e-18,2.765998511924453e-20,5.988305865705348e-19,-7.785387711289934e-18,-1.206283049226809e-20,5.988305865705348e-19,-1571.2703852559282,-13.745066006627786,219.1163738072664,-1057312.903455522,144.94006548782338,117652.40845996095,-0.018523806523240607,4718.972825581236
72.02718615582513,2001.0,12.0,14.0,14.0,22.0,40.0,1.0,3493535.211157156,30720.874245161085,-488293.5789891499,358.3465531675848,-294.768542703079,4685.247215717022,3527628.4757597838,4708.167607288264,3493646.5239713863,12884.457765506344,-488293.5789891499,3527628.4757597833,357.7502421124005,-544.2321266119445,4685.247215717022,4730.297592726292,20253223.337009057,0.8265856464795079,1.6336277124498215,7.884953353001449e-08,2.7297609596233426e-06,6.144040573598316,-0.13886566261146602,0.0036879516182494747,131428.4757597833,-0.06295664944002186,-0.06266172921777373,1303.831631243229,-16543054442.04807,-1040793002.4707366,-205378183.03236037,-16543284795.24169,-1905964095.256472,16575762436.357494,16653983041.511343,-0.9903669130630094,-0.0036524418186445434,0.13841978608135055,-0.003687943258291405,0.9999931995141385,0.0,0.13841884475955235,0.0005104843168928552,0.9903736480850008,4689.386930470024,-545.5477881626126,-0.11581607616548659,2.121261480941856e-09,165.576084177537,0.0,-73.75216835507403,0.0,0.0,2.984616667030855e-17,2.287424891668171,1.5707963267948966,18.91192312943971,461.0,0.011241811783251893,0.2756900051349851,0.0,0.02382349034064848,-1571.2501250268733,-13.817000425381652,219.61460259116518,-0.04528291003453309,0.07816303489591023,-0.5925934393740258,-0.04568137614591022,0.07793082726848703,-0.5925934393740258,-7.79744294961573e-18,2.7733477313488735e-20,5.994980989279309e-19,-7.797482918428021e-18,-1.2076220401015083e-20,5.994980989279309e-19,-1571.2958064030192,-13.739069598113165,219.02200915179117,-1057313.1813971475,145.0936036927893,117639.02047614957,-0.01843183893943277,4718.982560313899
72.0954043810479,2001.0,12.0,14.0,14.0,22.0,40.0,1.0,3493559.6489919834,30700.765588990103,-487973.9586340342,358.1140318885581,-294.7705751295256,4685.2796158717765,3527608.2750750133,4708.182285203203,3493670.920988,12847.331069054973,-487973.9586340342,3527608.2750750133,357.51364767916334,-544.2364255539376,4685.2796158717765,4730.312291390514,20253215.346176945,0.8265855780941458,1.6336277111831925,7.884953353001449e-08,2.736057713288807e-06,6.144131435224421,-0.13877497746893075,0.0036772991647135394,131408.27507501328,-0.06291554967308034,-0.06262082312763424,1306.7709674239159,-16543054132.037354,-1040792961.9298092,-205379864.63419235,-16543282500.592747,-1905976070.2936819,16575762124.412937,16653982153.339409,-0.9903795003751398,-0.0036419381255651975,0.13832997333686592,-0.003677290876988287,0.9999932387430457,0.0,0.1383290380523717,0.00050867954896569,0.9903861966306992,4689.413935949164,-545.5474275066299,-0.11581533926840316,2.126199426107865e-09,165.55363897223697,0.0,-73.70727794447394,0.0,0.0,2.9845773838588294e-17,2.287418476239322,1.5707963267948966,18.913263863284524,461.0,0.01126808366862988,0.2764577910349362,0.0,0.02387903614664686,-1571.2881095873283,-13.808193582475928,219.47462073852117,-0.04535816332313681,0.07833976563466538,-0.5939764431172946,-0.045757908425264116,0.07810695024316207,-0.5939764431172946,-7.815551385349158e-18,2.7843710445609215e-20,6.004957436962005e-19,-7.815591622546003e-18,-1.2096232192350351e-20,6.004957436962005e-19,-1571.3338674957536,-13.730086632232766,218.88064429540387,-1057313.5985562,145.2471418977552,117625.69909922278,-0.01833987192721981,4718.992245602807
72.20478442366942,2001.0,12.0,14.0,14.0,22.0,40.0,1.0,3493598.799130001,30668.523392806845,-487461.4797105411,357.74119913156824,-294.77383111591183,4685.331522113541,3527575.9129763986,4708.2057993653625,3493710.0050987937,12787.802089081672,-487461.4797105411,3527575.9129763986,357.13428402655273,-544.2433084803405,4685.331522113541,4730.335838792376,20253202.494871598,0.826585468112753,1.6336277091464793,7.884953353001449e-08,2.7462641990326338e-06,6.144277123489618,-0.1386295721472255,0.0036602193551924737,131375.91297639813,-0.06284964991206907,-0.06255523390514793,1311.4932869076729,-16543053633.463903,-1040792896.7356367,-205382556.24786353,-16543278822.559784,-1905995254.5891922,16575761622.729748,16653980728.519007,-0.9903996657441085,-0.003625096214667125,0.13818596445150474,-0.003660211182412663,0.9999933014046145,0.0,0.13818503879964092,0.0005057898123378764,0.9904063000751799,4689.457199616112,-545.5468497146427,-0.11581415875049277,2.1341101613249048e-09,165.5176810848868,0.0,-73.63536216977359,0.0,0.0,2.9845144466780065e-17,2.28740819781768,1.5707963267948966,18.91541231773333,461.0,0.011310173005966918,0.27769259643056055,0.0,0.023968023047604,-1571.3489640597556,-13.794071739013146,219.25015870538476,-0.045478387315068175,0.07862284248755634,-0.5961920905140752,-0.045880185207332294,0.07838905331067174,-0.5961920905140752,-7.844561211163954e-18,2.8020810255962114e-20,6.020896193367536e-19,-7.84460188079683e-18,-1.2128202847088373e-20,6.020896193367536e-19,-1571.394844244963,-13.715682685702475,218.65396661487068,-1057314.269455526,145.4006801027211,117612.44432918067,-0.018247905483714615,4719.001881446103
72.25675764139837,2001.0,12.0,14.0,14.0,22.0,40.0,1.0,3493617.3874873333,30653.20300814907,-487217.96731509845,357.5640381806445,-294.7753770384482,4685.356167126423,3527560.5475573535,4708.2169636857025,3493728.561832152,12759.515928247409,-487217.96731509845,3527560.5475573535,356.95401981620097,-544.2465746969726,4685.356167126423,4730.347018894274,20253196.371642247,0.8265854157101039,1.633627708176208,7.884953353001449e-08,2.7511514767610152e-06,6.14434634991345,-0.13856048015589978,0.0036521037551027055,131360.5475573535,-0.06281833641732862,-0.06252406796652085,1313.7411949932575,-16543053395.911232,-1040792865.675422,-205383833.1981021,-16543277075.405806,-1906004363.1996257,16575761383.695553,16653980051.180632,-0.990409240247165,-0.003617093386840005,0.1381175349782361,-0.003652095636565569,0.9999933310764935,0.0,0.1381166138829604,0.0005044184468272083,0.9904158452546767,4689.477741100754,-545.5465753764225,-0.11581359825011384,2.137842577260873e-09,165.5013688933837,0.0,-73.60136889338371,0.0006844466918564147,0.0,2.9844858353068854e-17,2.2874035252261793,1.5707963267948966,18.916389176397217,461.0,0.01133003244402419,0.2782809416752434,0.0,0.024010016400672813,-1571.377858459763,-13.78736110897384,219.14349545682586,-0.04553484590697363,0.07875639403035752,-0.5972377298367267,-0.045937615854344964,0.07852214491501999,-0.5972377298367267,-7.858253795807242e-18,2.810481580166721e-20,6.02838353390412e-19,-7.858294671366257e-18,-1.2143227201713792e-20,6.02838353390412e-19,-1571.4237960756175,-13.70883896405882,218.54625772698913,-1057314.589117553,145.55421830768702,117599.25616602314,-0.018155939606030205,4719.0114678418695
72.29185235389564,2001.0,12.0,14.0,14.0,22.0,40.0,1.0,3493629.933995277,30642.85793273147,-487053.53579558054,357.4444090930083,-294.7764204796254,4685.372801702586,3527550.176422882,4708.224499171314,3493741.0868949066,12740.415712505364,-487053.53579558054,3527550.1764228824,356.8322952548078,-544.248778634371,4685.372801702586,4730.354565031691,20253192.23049468,0.8265853802700951,1.6336277075200663,8.024520884654679e-08,2.7543779726969827e-06,6.14439309512269,-0.13851382571692106,0.003646623754348237,131350.17642288236,-0.06279719193993226,-0.06250302312584374,1315.2606900036335,-16543053235.254585,-1040792844.670284,-205384694.7245397,-16543275895.818132,-1906010511.1884663,16575761222.037008,16653979593.681063,-0.9904157027293486,-0.0036116894375191576,0.13807132753232101,-0.003646615672301997,0.9999933510749651,0.0,0.13807040950641478,0.000503493066874904,0.9904222879728942,4689.491605912493,-545.5463902053012,-0.11581321993350087,2.140824278421326e-09,165.47544105720587,0.0,-73.57544105720585,-0.012279471397070054,0.0,2.984441553301537e-17,2.287396293425896,1.5707963267948966,18.91790127261005,461.0,0.011345886484546734,0.2786788444495835,0.0,0.0240434156295398,-1571.3973615212653,-13.782829611234465,219.07146879564522,-0.045582297033171564,0.07886281639710814,-0.5980682093594927,-0.045985807017728315,0.07862820846129281,-0.5980682093594927,-7.869084515056104e-18,2.816744537979407e-20,6.034634614742409e-19,-7.86912553911547e-18,-1.2155645422487844e-20,6.034634614742409e-19,-1571.4433473282832,-13.704201402773172,218.47340058628572,-1057314.8053054828,145.70775651265294,117586.1346097503,-0.018063974291279716,4719.021004788141
72.36379324581421,2001.0,12.0,14.0,14.0,22.0,40.0,1.0,3493655.6400437877,30621.651377213107,-486716.4646711071,357.19917595385164,-294.7785583332544,4685.406883696209,3527528.9274114785,4708.2399381874075,3493766.748752889,12701.261807540994,-486716.4646711071,3527528.927411479,356.58276656463494,-544.2532925604215,4685.406883696209,4730.370025871292,20253183.723593988,0.8265853074678144,1.6336277061723405,7.884953353001449e-08,2.7610609230685118e-06,6.1444889192946786,-0.1384181876026138,0.0036353903300692047,131328.92741147848,-0.06275384732191212,-0.06245988275386439,1318.380132496357,-16543052905.228937,-1040792801.5232375,-205386458.93593782,-16543273478.140692,-1906023107.5210736,16575760889.953375,16653978655.458633,-0.9904289435031325,-0.003600611665815949,0.1379766047810308,-0.003635382322483314,0.9999933919758517,0.0,0.13797569302829452,0.0005015977099372261,0.9904354883247567,4689.520012987359,-545.5460108075928,-0.11581244482051557,2.146933369199941e-09,165.42231852869617,0.0,-73.52231852869616,-0.038840735651917736,0.0,2.984350816223536e-17,2.2873814749365056,1.5707963267948966,18.921000449657694,461.0,0.011378369657373481,0.27949624422252545,0.0,0.02411184523750014,-1571.4373214002824,-13.773540032256276,218.923814000911,-0.045679362193766455,0.0790808310807895,-0.5997697241348382,-0.04608439011422408,0.07884548790297179,-0.5997697241348382,-7.891274001446693e-18,2.829599041142414e-20,6.047421520709894e-19,-7.891315330862429e-18,-1.21810458282353e-20,6.047421520709894e-19,-1571.4834057903965,-13.694694544353304,218.32404427677616,-1057315.24940712,145.86129471761885,117573.07966036207,-0.017972009536576385,4719.030492282896
72.51511283071986,2001.0,12.0,14.0,14.0,22.0,40.0,1.0,3493709.652246801,30577.045268180238,-486007.465426804,356.6833352018069,-294.7830502258485,4685.478495265524,3527484.2800996834,4708.272377200242,3493820.666997481,12618.90490787655,-486007.465426804,3527484.280099684,356.0578904942091,-544.2627698082212,4685.478495265524,4730.402510736077,20253165.751477752,0.8265851536616015,1.6336277033257127,8.024520884654679e-08,2.775338772159059e-06,6.144690478389121,-0.13821701980344323,0.003611762377086771,131284.2800996839,-0.06266267499487022,-0.06236914003570862,1324.9617720544338,-16543052208.005386,-1040792710.3796717,-205390161.70100945,-16543268394.435251,-1906049574.095101,16575760188.382708,16653976680.293268,-0.9904567645298618,-0.003577310033404302,0.137777358263116,-0.0036117545246223816,0.999993477593356,0.0,0.13777645962315907,0.0004976179970973281,0.9904632247337793,4689.579700465242,-545.5452136021353,-0.11581081621602171,2.1597694713408757e-09,165.3107002492098,0.0,-73.41070024920978,-0.09464987539511269,0.0,2.984160122987233e-17,2.2873503323676543,1.5707963267948966,18.927517109849223,461.0,0.011446623571586385,0.2812231792806774,0.0,0.024255622604337723,-1571.5212865987157,-13.75399855833334,218.61320870580397,-0.04588262823157025,0.0795387810364697,-0.6033447607595173,-0.04629085302400311,0.0793018927170979,-0.6033447607595173,-7.937892352132497e-18,2.856707221635964e-20,6.074197998763498e-19,-7.937934327979698e-18,-1.2234228219091382e-20,6.074197998763498e-19,-1571.5675774517397,-13.674696665616242,218.00986394504446,-1057316.1876403224,146.01483292258476,117560.09131785846,-0.017880045339033562,4719.039930324061
72.5780869202349,2001.0,12.0,14.0,14.0,22.0,40.0,1.0,3493732.107295192,30558.481515220155,-485712.4007477032,356.46865160416013,-294.78491766544767,4685.508267188191,3527465.7184128547,4708.285863151089,3493843.082540662,12584.630331538036,-485712.4007477032,3527465.7184128542,355.83944665931455,-544.2667070120651,4685.508267188191,4730.416015748451,20253158.240840424,0.8265850893850679,1.6336277021363628,8.024520884654679e-08,2.7812130190212644e-06,6.144774361944351,-0.13813329907040356,0.0036019293397827595,131265.71841285424,-0.06262473144294613,-0.06233137527257009,1327.708782941103,-16543051916.634394,-1040792672.2949452,-205391699.45194823,-16543266279.420174,-1906060577.2448757,16575759895.195318,16653975857.618246,-0.9904683309332569,-0.003567612369936895,0.13769443547313745,-0.0036019215512789887,0.999993513059529,0.0,0.13769354225753136,0.0004959645546218879,0.9904747560840377,4689.604514963507,-545.5448821580537,-0.11581013914844537,2.1649274364650793e-09,165.26429603213566,0.0,-73.36429603213564,-0.1,0.0,2.9840808276700625e-17,2.2873373824596115,1.5707963267948966,18.93022827687091,461.0,0.011474054109835655,0.28194488929715505,0.0,0.02431357167459064,-1571.5561957470813,-13.745865304780573,218.48393331370775,-0.04596356015632125,0.07972283908268703,-0.604785675017627,-0.046373084744876385,0.07948532534306119,-0.604785675017627,-7.956674599350917e-18,2.8677802659228857e-20,6.084855885970846e-19,-7.956716841615006e-18,-1.2255557171181975e-20,6.084855885970846e-19,-1571.6025688318261,-13.666379979437512,217.8791476386901,-1057316.5797331687,146.16837112755067,117547.1695822395,-0.017788081695764686,4719.049318909503
72.66718073858871,2001.0,12.0,14.0,14.0,22.0,40.0,1.0,3493763.8529180777,30532.217883684578,-485294.94904994086,356.1649156435558,-294.787557721712,4685.550357096127,3527439.476994503,4708.304928549824,3493874.771868292,12536.139284514662,-485294.94904994086,3527439.476994503,355.5303907862895,-544.2722703158706,4685.550357096127,4730.435108094295,20253147.5847732,0.8265849981895869,1.6336277004491861,8.024520884654679e-08,2.7896231410017766e-06,6.144893039322933,-0.13801485202554165,0.0035880179762548697,131239.47699450236,-0.06257104934757164,-0.062277946122208674,1331.6027203202248,-16543051503.240458,-1040792618.265072,-205393871.7910716,-16543263287.858963,-1906076132.7828746,16575759479.22457,16653974693.086212,-0.990484682913735,-0.003553892098297849,0.13757711569963732,-0.003588010277645202,0.9999935630704068,0.0,0.1375762301254299,0.0004936281050990818,0.9904910586349422,4689.63959625742,-545.5444135697435,-0.11580918195922733,2.172143826511851e-09,165.1986924862559,0.0,-73.2986924862559,-0.1,0.0,2.9839687081255735e-17,2.287319071948439,1.5707963267948966,18.934063099916525,461.0,0.01151243367014187,0.28296886518642095,0.0,0.024394724428015258,-1571.6055496774832,-13.734357870204326,218.30102641892043,-0.046076317750739185,0.07998034198998198,-0.60680355280591,-0.04648766915232055,0.07974195118684985,-0.60680355280591,-7.982973564727202e-18,2.883372943546511e-20,6.099703213563845e-19,-7.983016183716355e-18,-1.2285341234179837e-20,6.099703213563845e-19,-1571.6520373466356,-13.654615919017475,217.69422286611453,-1057317.1360336877,146.32190933251658,117534.31445350518,-0.017696118603883326,4719.058658037042
72.82141703838286,2001.0,12.0,14.0,14.0,22.0,40.0,1.0,3493818.745925249,30486.75058944024,-484572.26148656924,355.6390753118581,-294.79212272559107,4685.623137272445,3527394.1015914837,4708.3378948470345,3493929.566298458,12452.192001919568,-484572.26148656924,3527394.1015914837,354.9953406760298,-544.2818821220213,4685.623137272445,4730.468120984524,20253129.05350702,0.8265848395971044,1.6336276975159103,8.161702118890975e-08,2.8042306758583783e-06,6.145098493829371,-0.1378097962065059,0.0035639354041125445,131194.1015914837,-0.06247811467745337,-0.0621854493425209,1338.3645696043968,-16543050784.340405,-1040792524.3186585,-205397623.55208096,-16543258110.896912,-1906103030.4885871,16575758755.844183,16653972675.321497,-0.9905129581982555,-0.0035301391461479764,0.1373740068533711,-0.003563927859482556,0.9999936491889398,0.0,0.137373134417009,0.0004895910501934768,0.990519248798856,4689.700257199472,-545.5436032752464,-0.11580752685840764,2.184507371065274e-09,165.08689242551935,0.0,-73.19344621275968,-0.1,0.0,2.983777536229612e-17,2.2872878512085335,1.5707963267948966,18.940605455378407,461.0,0.011578192127917407,0.2847496193863162,0.0,0.02453377458730959,-1571.6908940942724,-13.714434484567727,217.98435073294556,-0.046268169872522025,0.08042235204588956,-0.6102610161317018,-0.04668267204198426,0.08018245682795017,-0.6102610161317018,-8.028034145355384e-18,2.9102910755839715e-20,6.124968861412726e-19,-8.028077418708858e-18,-1.2336029479507236e-20,6.124968861412726e-19,-1571.7375767663143,-13.634252027739777,217.37408971681384,-1057318.103460757,146.47544753748252,117521.52593165546,-0.01760415606050309,4719.067947704437
72.87910279815624,2001.0,12.0,14.0,14.0,22.0,40.0,1.0,3493839.2555628195,30469.745232666708,-484301.9669714925,355.44239896042774,-294.79382832809875,4685.650330197521,3527377.1480093757,4708.350211812967,3493950.038702355,12420.794584495356,-484301.9669714925,3527377.1480093757,354.79521974567047,-544.2854707694064,4685.650330197521,4730.4804553581225,20253122.096332602,0.8265847800567544,1.6336276964148533,8.161702118890975e-08,2.8097284359008355e-06,6.14517533699814,-0.13773310213189768,0.0035549284117413495,131177.14800937567,-0.062443355631164876,-0.06215085407127611,1340.900124400854,-16543050514.446587,-1040792489.0515703,-205399023.84147206,-16543256175.334242,-1906113080.203919,16575758484.268509,16653971920.12326,-0.9905235227466719,-0.003521255046828449,0.13729803949226166,-0.003554920924168626,0.9999936812486482,0.0,0.137297171940089,0.00048808367343837136,0.9905297816580687,4689.722921933579,-545.5433005153211,-0.11580690847222884,2.188839953159546e-09,165.04921779861263,0.0,-73.17460889930632,-0.1,0.0,2.983712960579194e-17,2.2872773052045,1.5707963267948966,18.942816443564762,461.0,0.011601242392969627,0.2854181747182944,0.0,0.02458253511700381,-1571.722782562414,-13.706982278822728,217.8659003607381,-0.04633360718875526,0.0805796616917116,-0.6114733600969271,-0.046749248976259906,0.08033923545583582,-0.6114733600969271,-8.043842031588245e-18,2.92000709511948e-20,6.133597525151036e-19,-8.043885545422228e-18,-1.235335730071155e-20,6.133597525151036e-19,-1571.7695318113904,-13.626643043366892,217.25442700064116,-1057318.466661375,146.62898574244844,117508.80401669041,-0.017512194062737716,4719.077187909398
73.01603805479454,2001.0,12.0,14.0,14.0,22.0,41.0,1.0,3493887.896192466,30429.377287105723,-483660.33182430157,354.97550990512025,-294.79787329798484,4685.714821175629,3527336.940914872,4708.379422276668,3493998.5901504997,12346.262131311785,-483660.33182430157,3527336.940914872,354.3201538161094,-544.2939759171301,4685.714821175629,4730.509707103972,20253105.525919203,0.8265846382448296,1.6336276937926282,8.024520884654679e-08,2.8226591210993336e-06,6.145357751298123,-0.1375510417150294,0.0035335477183924646,131136.94091487257,-0.062360842718370085,-0.06206872993017106,1346.9329345822334,-16543049871.625387,-1040792405.0576949,-205402341.5472405,-16543251582.201687,-1906136913.9792829,16575757837.441772,16653970126.332224,-0.9905485777733143,-0.0035001652346003504,0.1371177009528487,-0.0035335403651081177,0.9999937570267567,0.0,0.13711684493071047,0.0004845109310877147,0.9905547617801881,4689.776673665094,-545.5425824700825,-0.1158054419257652,2.199115099532564e-09,164.95986869971685,0.0,-73.12993434985842,-0.1,0.0,2.9835597876758254e-17,2.287252290171027,1.5707963267948966,18.94806302406805,461.0,0.01165590974848104,0.28701053911941365,0.0,0.02469817714606233,-1571.798412019243,-13.689290646883556,217.5846976506025,-0.046488321758561685,0.08095270147034263,-0.6143485839984213,-0.04690667194507386,0.08071101574327505,-0.6143485839984213,-8.081330106864302e-18,2.9431203736464853e-20,6.153998227430143e-19,-8.081374194565334e-18,-1.2394324437613352e-20,6.153998227430143e-19,-1571.8453186911881,-13.608579631140282,216.97034906660406,-1057319.331723975,146.78252394741435,117496.14870860998,-0.017420232607700988,4719.086378649579
73.11509507308034,2001.0,12.0,14.0,14.0,22.0,41.0,1.0,3493923.042279478,30400.175344036932,-483196.17657783057,354.6377549756028,-294.80079602710714,4685.761420431943,3527307.8886158867,4708.400528396107,3494033.6710269265,12292.345688811178,-483196.17657783057,3527307.888615887,353.97648377762516,-544.3001164612958,4685.761420431943,4730.530843050887,20253093.490756784,0.8265845352459574,1.633627691888304,8.161702118890975e-08,2.8322007967165955e-06,6.145489709769736,-0.13741933920453178,0.003518081430353789,131107.8886158876,-0.06230115281718574,-0.062009321261082204,1351.3090555667877,-16543049404.74574,-1040792344.056316,-205404735.98972172,-16543248260.94798,-1906154135.3639495,16575757367.653114,16653968827.780678,-0.9905666818322408,-0.0034849086263446893,0.13698724121512296,-0.0035180741732030586,0.9999938115579076,0.0,0.1369863934775133,0.00048193127537726163,0.9905728119347258,4689.815512931759,-545.5420636170435,-0.1158043822637071,2.206607022932314e-09,164.89472153971903,0.0,-73.094721539719,-0.1,0.0,2.983448104557704e-17,2.287234050933689,1.5707963267948966,18.951890363390874,461.0,0.011695769185675371,0.2881670888527603,0.0,0.024782491112959115,-1571.8530617857757,-13.676491472512124,217.38125894768632,-0.04660111149355383,0.0812243010003943,-0.6164449002178722,-0.04702143444555093,0.08098169773547628,-0.6164449002178722,-8.108660025246027e-18,2.959972778184655e-20,6.1688690581152185e-19,-8.108704532079416e-18,-1.2424183771806552e-20,6.1688690581152185e-19,-1571.9000832202212,-13.595509774776648,216.76481404746843,-1057319.9600235391,146.93606215238026,117483.5600074142,-0.017328271692506784,4719.095519922578
73.15736786973329,2001.0,12.0,14.0,14.0,22.0,41.0,1.0,3493938.0307625593,30387.71326358699,-482998.09591807704,354.49361374689244,-294.8020424524018,4685.781293313726,3527295.4989037747,4708.409529256168,3494048.63150287,12269.336545340671,-482998.09591807704,3527295.4989037747,353.8298182444295,-544.3027338944939,4685.781293313726,4730.539856630822,20253088.341696583,0.8265844911793977,1.6336276910736498,8.161702118890975e-08,2.8361963794181286e-06,6.145546023985594,-0.13736313421134883,0.0035114812099803685,131095.49890377466,-0.06227567970814075,-0.06198396816849272,1353.1798271238804,-16543049204.999464,-1040792317.9592384,-205405756.4085166,-16543246843.91567,-1906161479.607145,16575757166.662348,16653968273.35244,-0.9905744025667151,-0.0034783976985069093,0.13693156586063882,-0.003511473993598139,0.9999938347561911,0.0,0.13693072164415016,0.00048083163242230396,0.99058050973707,4689.832076426495,-545.5418423403585,-0.11580393036161903,2.21016906516479e-09,164.86374725943662,0.0,-73.06374725943661,-0.1,0.0,2.9833951190512406e-17,2.287225397743806,1.5707963267948966,18.953706716364064,461.0,0.011714713065875806,0.2886619065305751,0.0,0.02482254840105637,-1571.8763684811609,-13.671029065386415,217.29443576574326,-0.046656806509450616,0.08135145909759971,-0.6174409314143336,-0.04707803074948093,0.08110842441892013,-0.6174409314143336,-8.121642173768791e-18,2.9676629606837155e-20,6.176204154243846e-19,-8.12168686757051e-18,-1.243889936499499e-20,6.176204154243846e-19,-1571.9234465119102,-13.589920640967495,216.67699483432892,-1057320.2288321313,147.08960035734617,117471.03791310302,-0.01723631131426902,4719.104611725944
73.26474122806157,2001.0,12.0,14.0,14.0,22.0,41.0,1.0,3493976.074276323,30356.05920834276,-482494.9651352734,354.12748384610575,-294.8052060819871,4685.83173444344,3527264.0515457494,4708.432374778832,3494086.603398453,12210.892576235156,-482494.9651352734,3527264.0515457494,353.4572765322661,-544.3093739775031,4685.83173444344,4730.562734437691,20253075.225841258,0.8265843789314261,1.633627688998863,8.161702118890975e-08,2.8464338371223274e-06,6.145689064452779,-0.1372203711444972,0.003494716717551153,131064.05154574942,-0.06221097689133251,-0.06191957019489474,1357.9408710598946,-16543048696.201874,-1040792251.4894974,-205408344.48047537,-16543243245.415403,-1906180120.5530164,16575756654.6951,16653966864.292606,-0.9905939992973429,-0.003461859502943645,0.1367901461541645,-0.0034947096040334456,0.999993893483747,0.0,0.13678931084291374,0.0004780418375020973,0.9906000484126388,4689.874117609107,-545.5412806823771,-0.1158027833618644,2.219210180597047e-09,164.7851288643735,0.0,-72.98512886437351,-0.1,0.0,2.9832606127138693e-17,2.2872034311919047,1.5707963267948966,18.958319235680662,461.0,0.011762797025463251,0.2899223373251952,0.0,0.024924221890860736,-1571.9355268244954,-13.657153600820012,217.0738897710323,-0.04679785176990926,0.08167415185798338,-0.6199690535552366,-0.04722136720622898,0.08143002205067743,-0.6199690535552366,-8.154591631809756e-18,2.987229210296422e-20,6.194779599864675e-19,-8.154636802503334e-18,-1.2476164290702259e-20,6.194779599864675e-19,-1571.9827481917016,-13.575723578769335,216.45392071747708,-1057320.913550822,147.24313856231208,117458.58242567649,-0.017144351470101713,4719.113654057166
73.38773510698385,2001.0,12.0,14.0,14.0,22.0,41.0,1.0,3494019.6039966405,30319.799749929156,-481918.6329652077,353.70807293841864,-294.8088258883729,4685.88944982694,3527228.0692023262,4708.458514278629,3494130.050235699,12143.945388040693,-481918.6329652077,3527228.0692023262,353.03052094280565,-544.3169655447517,4685.88944982694,4730.588910875306,20253060.136067152,0.8265842497899627,1.6336276866124366,8.296615425989067e-08,2.8583441427200628e-06,6.145852917329507,-0.1370568359791156,0.003475513594813591,131028.06920232624,-0.06213685971184847,-0.061845802206985497,1363.4108559191227,-16543048110.835602,-1040792175.0266334,-205411302.3620024,-16543239124.77049,-1906201449.5296676,16575756065.682793,16653965248.812794,-0.9906164222110785,-0.0034429147051971082,0.13662814638300164,-0.00347550659791689,0.9999939604087056,0.0,0.13662732120483817,0.00047485202421527686,0.9906224051655328,4689.922221494419,-545.540637997548,-0.11580147097315904,2.2295551043312074e-09,164.69517300581558,0.0,-72.8951730058156,-0.1,0.0,2.983106675180772e-17,2.28717829128492,1.5707963267948966,18.963600942736143,461.0,0.01181781673871413,0.29137247252061277,0.0,0.025040558925100476,-1572.003219282175,-13.641257982742944,216.8212340843236,-0.04695867492316786,0.08204327805618807,-0.6228617752514302,-0.04738481824394777,0.08179789498961924,-0.6228617752514302,-8.192289852863998e-18,3.0097001994068084e-20,6.215959112661492e-19,-8.192335573340942e-18,-1.2518651684789771e-20,6.215959112661492e-19,-1572.050604100419,-13.559460087753324,216.19837230907217,-1057321.7013198622,147.396676767278,117446.1935451346,-0.01705239215711889,4719.122646913681
73.41019245005724,2001.0,12.0,14.0,14.0,22.0,41.0,1.0,3494027.5464802454,30313.17911957474,-481813.4002200729,353.631491119306,-294.8094863573341,4685.8999806680495,3527221.503821773,4708.463283660855,3494137.9774882277,12131.721459664332,-481813.4002200729,3527221.503821772,352.95259805449456,-544.3183500101645,4685.8999806680495,4730.593686997017,20253057.37341095,0.8265842261465315,1.6336276861755925,8.296615425989067e-08,2.8604408133866463e-06,6.145882835436591,-0.1370269758774339,0.003472007341768637,131021.50382177206,-0.06212332655024929,-0.06183233280399343,1364.411442041397,-16543048003.666502,-1040792161.0288392,-205411841.66726583,-16543238372.548729,-1906205341.2223074,16575755957.846243,16653964953.685062,-0.9906205135408427,-0.0034394555166210898,0.13659856623634903,-0.0034720003660269148,0.9999939725885643,0.0,0.1365977429005888,0.0004742702719713556,0.9906264844542436,4689.930998586642,-545.5405207291524,-0.11580123151530734,2.231171245547141e-09,164.6811196039379,0.0,-72.8811196039379,-0.10944019803104807,0.0,2.983082542699646e-17,2.2871743501516657,1.5707963267948966,18.964429221355378,461.0,0.01182641752504905,0.2916379685600623,0.0,0.0250586423337834,-1572.0155708683424,-13.638355434975397,216.7750990291906,-0.046981992347032236,0.08210081185961772,-0.6233115098074578,-0.04740856493546542,0.08185523125411533,-0.6233115098074578,-8.19815034724675e-18,3.0134469890740843e-20,6.21903326375119e-19,-8.198196163408586e-18,-1.252471996934821e-20,6.21903326375119e-19,-1572.0629794332779,-13.556500203721281,216.15178751938316,-1057321.8455458079,147.5502149722439,117433.87127147734,-0.016960433372434677,4719.131590292875
73.45085397370852,2001.0,12.0,14.0,14.0,22.0,41.0,1.0,3494041.9228563993,30301.19169236588,-481622.8639996218,353.4928296626088,-294.8106818429645,4685.919042154371,3527209.620085432,4708.471916490161,3494152.3262101896,12109.588595258838,-481622.8639996218,3527209.620085433,352.8115084344163,-544.3208554262019,4685.919042154371,4730.602332025026,20253052.366121132,0.8265841832929935,1.633627685383858,8.161702118890975e-08,2.8643582443516938e-06,6.145937005785287,-0.1369729105502909,0.003465658901722559,131009.62008543313,-0.06209882311745544,-0.06180794481328662,1366.2243371903896,-16543047809.42391,-1040792135.6586815,-205412817.53391266,-16543237010.72053,-1906212385.4109972,16575755762.393944,16653964419.22388,-0.990627919110052,-0.0034331922112884033,0.1365450074917737,-0.003465651964175574,0.9999939946101992,0.0,0.13654418748577837,0.000473217473412234,0.9906338682525807,4689.946885662691,-545.5403084644778,-0.11580079808378026,2.2342082003893086e-09,164.65471130096253,0.0,-72.85471130096253,-0.12264434951873218,0.0,2.983037230540376e-17,2.287166950114479,1.5707963267948966,18.965984634163185,461.0,0.011842577261718312,0.2921191828693166,0.0,0.025092667352103956,-1572.0379282548736,-13.6330999064771,216.69156410784748,-0.04702660468659172,0.08220897757906478,-0.6241576677139181,-0.04745397574029071,0.0819630265997056,-0.6241576677139181,-8.209176508151257e-18,3.020384859371079e-20,6.224913127899117e-19,-8.20922249995124e-18,-1.2536376935256275e-20,6.224913127899117e-19,-1572.085382230614,-13.551136879877394,216.06740644013357,-1057322.1069541536,147.70375317720982,117421.61560470471,-0.01686847511316322,4719.140484192075
73.51351218968377,2001.0,12.0,14.0,14.0,22.0,41.0,1.0,3494064.065392194,30282.71932329572,-481329.251752304,353.2791525550434,-294.81252312531745,4685.948400776298,3527191.3167202985,4708.48521269415,3494174.4259383855,12075.48230066401,-481329.251752304,3527191.3167202985,352.5940895779404,-544.3247128869211,4685.948400776298,4730.615647017063,20253044.63690279,0.8265841171444904,1.6336276841618516,8.161702118890975e-08,2.8703984236258684e-06,6.146020481410645,-0.13688959675105367,0.0034558761972978973,130991.31672029849,-0.062061063705945094,-0.06177036329469531,1369.021037220955,-16543047509.593487,-1040792096.4993731,-205414319.7887504,-16543234912.568249,-1906223234.8637514,16575755460.696346,16653963595.382502,-0.9906393252258816,-0.003423540493372557,0.13646247354675964,-0.0034558693183341883,0.9999940284657977,0.0,0.1364616586564315,0.00047159647543423746,0.99064524089782,4689.971355001961,-545.5399815292793,-0.11580013051553413,2.238885727034828e-09,164.61403715621887,0.0,-72.81403715621889,-0.1429814218905559,0.0,2.98296743450005e-17,2.2871555515560744,1.5707963267948966,18.968381011770926,461.0,0.011867466865547908,0.2928619923550092,0.0,0.025145072341015966,-1572.0723638408683,-13.625000932763207,216.56283354468664,-0.04709519968414721,0.08237555549940262,-0.6254609102401945,-0.04752380183577637,0.08212903406347064,-0.6254609102401945,-8.226158310016184e-18,3.0310876516704925e-20,6.233953827500113e-19,-8.226204573207266e-18,-1.2554299159370536e-20,6.233953827500113e-19,-1572.119887642704,-13.542871898699737,215.93737263444643,-1057322.5104625411,147.85729138217573,117409.42654481673,-0.016776517376418686,4719.149328608558
73.67093340900085,2001.0,12.0,14.0,14.0,22.0,41.0,1.0,3494119.636771419,30236.309212531858,-480591.57823903376,352.7422938797826,-294.8171441685821,4686.022082791636,3527145.380550781,4708.518581762013,3494229.88873422,11989.79327881583,-480591.57823903376,3527145.3805507813,352.0478301008413,-544.3343865662204,4686.022082791636,4730.649063235192,20253025.14708686,0.8265839503455744,1.6336276810810617,8.296615425989067e-08,2.885635931523479e-06,6.146230207637193,-0.13668027704361826,0.0034312986281330206,130945.38055078126,-0.061966195916187336,-0.06167594243974307,1376.0641368627548,-16543046753.554104,-1040791997.7664,-205418085.85699844,-16543229643.242908,-1906250463.712659,16575754699.949364,16653961524.198162,-0.9906679514833548,-0.003399290923739459,0.13625510898674298,-0.00343129189489381,0.9999941131006382,0.0,0.13625430686662884,0.00046753105110408394,0.9906737834802185,4690.032766077432,-545.5391609905074,-0.11579845513435272,2.2506249703558984e-09,164.51195677951392,0.0,-72.71195677951393,-0.19402161024303544,0.0,2.9827922338525486e-17,2.287126939118983,1.5707963267948966,18.974399110933998,461.0,0.011929934360891887,0.2947351020670638,0.0,0.025276591389168837,-1572.1587908363842,-13.604651320655073,216.23938304201147,-0.04726672731735844,0.08279351531836998,-0.628731607365619,-0.047698426118493,0.08254556218165425,-0.628731607365619,-8.268773873930181e-18,3.058039832247053e-20,6.256560573964545e-19,-8.268820822911816e-18,-1.2599108375061452e-20,6.256560573964545e-19,-1572.2064892625028,-13.522105758473419,215.61065143464586,-1057323.527941212,148.01082958714164,117397.30409181336,-0.01668456015931532,4719.1581235395415
73.72005432712017,2001.0,12.0,14.0,14.0,22.0,41.0,1.0,3494136.9596817144,30221.827488487652,-480361.39596998115,352.574769179176,-294.81858464340263,4686.045051310118,3527131.061161287,4708.528983517138,3494247.177459772,11963.055000103988,-480361.39596998115,3527131.061161287,351.8773719900909,-544.3373999004363,4686.045051310118,4730.659479687485,20253019.04439079,0.8265838981169966,1.6336276801166074,8.296615425989067e-08,2.8904411955469782e-06,6.146295650649782,-0.13661496086684927,0.0034236296552298483,130931.0611612876,-0.06193659332028592,-0.061646479303189686,1378.2667767107487,-16543046516.82298,-1040791966.8544915,-205419258.61305538,-16543227999.60912,-1906258951.5423002,16575754461.74441,16653960877.496845,-0.9906768750207178,-0.003391723979818664,0.13619040167218083,-0.003423622967036282,0.9999941393857164,0.0,0.1361896035127675,0.0004662645870547748,0.9906826810297887,4690.051909381744,-545.5389052012209,-0.11579793288509829,2.2545699161298143e-09,164.477652903219,0.0,-72.67765290321901,-0.2,0.0,2.982733442437645e-17,2.2871173377522958,1.5707963267948966,18.976419466398813,461.0,0.011950920831738416,0.29532161219525965,0.0,0.025320896783439992,-1572.1857332260042,-13.598300970362052,216.13844627467768,-0.047326268663295396,0.0829340843051006,-0.62983330931638,-0.047758988591997543,0.0826856520430564,-0.62983330931638,-8.283127767378024e-18,3.0668527772471444e-20,6.264403462360178e-19,-8.283174936987398e-18,-1.2614775794814883e-20,6.264403462360178e-19,-1572.2334922145963,-13.515615318318996,215.5086129653613,-1057323.8465368822,148.16436779210758,117385.24824569465,-0.01659260345896733,4719.166868982197
73.77668013878532,2001.0,12.0,14.0,14.0,22.0,41.0,1.0,3494156.9190463293,30205.133099842104,-480096.04411608854,352.3816457979284,-294.82024434107547,4686.071515557191,3527114.562437806,4708.540968249618,3494267.097237962,11932.231354734065,-480096.04411608854,3527114.562437806,351.68086700172637,-544.3408705582101,4686.071515557191,4730.671481353532,20253011.99570394,0.8265838377922949,1.633627679002749,8.296615425989067e-08,2.895890301585066e-06,6.146371092960813,-0.13653966475868592,0.0034147890367067176,130914.56243780535,-0.061902467606478835,-0.0616125143559385,1380.8092947900295,-16543046243.396778,-1040791931.1525661,-205420609.1372468,-16543226105.154366,-1906268731.14152,16575754186.616018,16653960131.699821,-0.9906871567060355,-0.003383000791016827,0.13611580673587892,-0.0034147824001909324,0.999994169613583,0.0,0.13611501312812818,0.0004648058612294697,0.9906929328286544,4690.073966193881,-545.5386104757135,-0.1157973311561662,2.2593132991309603e-09,164.4364060945134,0.0,-72.63640609451339,-0.2,0.0,2.9826628059263505e-17,2.2871058019345654,1.5707963267948966,18.978847464644364,461.0,0.01197615124026423,0.2959990592985539,0.0,0.025374239950339692,-1572.2167767235026,-13.590980056985947,216.02208271857322,-0.047399093462020855,0.0831031775878631,-0.6311596727435582,-0.04783302853925326,0.0828541704863689,-0.6311596727435582,-8.300408242366264e-18,3.077290964102469e-20,6.273993249700723e-19,-8.300455670848274e-18,-1.2634009352904133e-20,6.273993249700723e-19,-1572.264609752042,-13.508125886499577,215.39092304582965,-1057324.2145189233,148.3179059970735,117373.25900646055,-0.016500647272489035,4719.175564933634
73.9643778290816,2001.0,12.0,14.0,14.0,22.0,41.0,1.0,3494223.000188426,30149.795505087866,-479216.47109078435,351.741472028788,-294.82573916557175,4686.159133269202,3527059.938727936,4708.580646218335,3494333.045793534,11830.058752582627,-479216.47109078435,3527059.938727936,351.02948407046944,-544.352351271609,4686.159133269202,4730.711215382321,20252988.525612682,0.826583636927924,1.6336276752949022,8.429369702178808e-08,2.91419628792806e-06,6.146621166713396,-0.13629007555214945,0.0033854854133049147,130859.93872793578,-0.06178934863591202,-0.06149992827896693,1389.262708902359,-16543045332.97422,-1040791812.2922211,-205425074.93582517,-16543219827.834827,-1906301109.0242355,16575753270.526701,16653957657.318178,-0.9907211973987022,-0.00335408497674957,0.1358685362357686,-0.0033854789461786306,0.9999942692497318,0.0,0.13586775760711814,0.000459980068874303,0.990726875007007,4690.14699151195,-545.5376346520345,-0.11579533899121815,2.275018381619273e-09,164.29984681983942,0.0,-72.49984681983939,-0.2,0.0,2.982428888740562e-17,2.287067600359066,1.5707963267948966,18.986892519190317,461.0,0.012059690333559218,0.2982547967273043,0.0,0.0255508583925282,-1572.319559781848,-13.566710880649625,215.63633197567563,-0.04763930875413122,0.08366287415558711,-0.6355512248004731,-0.04807727720212626,0.08341196357462735,-0.6355512248004731,-8.357618421250161e-18,3.111984784809266e-20,6.305624545987168e-19,-8.357666713561891e-18,-1.2697447369691346e-20,6.305624545987168e-19,-1572.3676370590501,-13.483298917074997,215.00078075087515,-1057325.4397946764,148.4714442020394,117361.3363741111,-0.01640869159699469,4719.184211390912
74.04921794128572,2001.0,12.0,14.0,14.0,22.0,42.0,1.0,3494252.8296991326,30124.78235106683,-478818.89514614374,351.4520971476849,-294.8282195300503,4686.198684690571,3527035.2811846198,4708.598556685036,3494362.814684174,11783.875618343041,-478818.89514614374,3527035.2811846193,350.7350425314285,-544.3575287585443,4686.198684690571,4730.729151153263,20252977.86295121,0.826583545673265,1.6336276736108915,8.296615425989067e-08,2.9224516563738883e-06,6.14673420356205,-0.1361772576830113,0.003372240255084293,130835.28118461929,-0.06173821719705698,-0.061449037710337724,1393.0968756973743,-16543044919.36543,-1040791758.3014355,-205427088.06141487,-16543216991.558552,-1906315724.5034127,16575752854.343979,16653956537.705687,-0.9907365637438502,-0.0033410143871272,0.1357567636764109,-0.0033722338635661254,0.9999943140032195,0.0,0.1357559917638897,0.0004578035556777366,0.9907421971007933,4690.179955654163,-545.5371941309521,-0.11579443972820179,2.2824156446142116e-09,164.23820296154824,0.0,-72.43820296154824,-0.2,0.0,2.9823232691352456e-17,2.287050351368518,1.5707963267948966,18.99052737879268,461.0,0.012099033832215916,0.2992796147021271,0.0,0.025634044087438235,-1572.3659591952019,-13.555739840685876,215.46195082056454,-0.04775372746699647,0.08392676411618258,-0.6376196294379627,-0.04819358104469241,0.08367496022164689,-0.6376196294379627,-8.384572211851094e-18,3.12813542336306e-20,6.32069498119649e-19,-8.38462090407768e-18,-1.2727677393322404e-20,6.32069498119649e-19,-1572.4141527762465,-13.47206488046423,214.8243311911266,-1057325.9964487813,148.62498240700532,117349.48034864626,-0.016316736429598595,4719.192808351039
74.19467959713131,2001.0,12.0,14.0,14.0,22.0,42.0,1.0,3494303.916417126,30081.895841007667,-478137.22799763543,350.95593280400686,-294.8324673997787,4686.266421563874,3526993.052097313,4708.629229880014,3494413.7964663985,11704.691826159216,-478137.22799763543,3526993.052097313,350.2301911034831,-544.36638859942,4686.266421563874,4730.759867682383,20252959.501027778,0.8265833885253231,1.6336276707116093,8.429369702178808e-08,2.9367765567887974e-06,6.14692801323653,-0.13598382340154538,0.0033495312046085447,130793.0520973131,-0.06165054861796769,-0.06136178211283088,1399.6904627978802,-16543044207.104948,-1040791665.3373652,-205430531.78032723,-16543212130.165323,-1906340755.1094851,16575752137.651741,16653954616.295435,-0.9907628806891069,-0.003318603596113995,0.13556511763279858,-0.003349524941346385,0.9999943903255994,0.0,0.1355643571566286,0.0004540787426876154,0.9907684385774537,4690.236410759281,-545.536439641539,-0.11579289965063494,2.2950843708060686e-09,164.13263024328276,0.0,-72.33263024328276,-0.2,0.0,2.9821423425032546e-17,2.2870208038071937,1.5707963267948966,18.99675724638386,461.0,0.012166416403667973,0.3010444591438604,0.0,0.0257765114806952,-1572.4454273683878,-13.536927723867171,215.16293825706487,-0.04794899540652909,0.08437858464952516,-0.6411620545276141,-0.04839208518152205,0.08412525066670973,-0.6411620545276141,-8.4307304519054e-18,3.1558971144842226e-20,6.346413580730218e-19,-8.430779834139741e-18,-1.2779264745539272e-20,6.346413580730218e-19,-1572.4938194535694,-13.452802473200462,214.52177620253724,-1057326.9550513495,148.77852061197123,117337.69093006608,-0.016224781767415042,4719.201355810963
74.27133470554735,2001.0,12.0,14.0,14.0,22.0,42.0,1.0,3494330.808960193,30059.295340600278,-477778.0003711396,350.6944549501668,-294.83470348899937,4686.302079003834,3526970.822295446,4708.645376197903,3494440.6332021956,11662.96318303142,-477778.0003711396,3526970.8222954464,349.96413529414366,-544.3710488195093,4686.302079003834,4730.776036810524,20252949.78402893,0.8265833053635507,1.6336276691777083,8.429369702178808e-08,2.9443276763107285e-06,6.1470301485328465,-0.13588188590220035,0.0033375641773111114,130770.82229544641,-0.061604348307834636,-0.06131579943509021,1403.175053358078,-16543043830.184637,-1040791616.1479115,-205432342.55293983,-16543209569.093372,-1906353931.3591063,16575751758.386578,16653953602.851114,-0.9907767342764466,-0.0033067932145355414,0.13546412047156914,-0.0033375579809405216,0.9999944303378514,0.0,0.13546336598218486,0.0004521193564109739,0.9907822525988564,4690.266129245871,-545.5360424494778,-0.11579208894970625,2.3013454133859184e-09,164.079605100992,0.0,-72.27960510099201,-0.2,0.0,2.9820513644386726e-17,2.287005945961708,1.5707963267948966,18.99989150156648,461.0,0.012199726187472143,0.30197840731698544,0.0,0.025846930953568985,-1572.487261936397,-13.527013213709871,215.00535029212776,-0.04804294056774215,0.08460175120319982,-0.6429131248502079,-0.048487660995323506,0.08434765661384025,-0.6429131248502079,-8.4535417723196e-18,3.1700055677548076e-20,6.358788915271958e-19,-8.453591511623398e-18,-1.2804081036281584e-20,6.358788915271958e-19,-1572.5357495973924,-13.442665557096031,214.36243716727756,-1057327.4623376932,148.93205881693714,117325.96811837054,-0.016132827607558353,4719.209853767583
74.30791276159775,2001.0,12.0,14.0,14.0,22.0,42.0,1.0,3494343.634399632,30048.51084078715,-477606.5842400158,350.56968127023794,-294.83576990596754,4686.319084581983,3526960.2205840643,4708.653076534655,3494453.431888009,11643.05110766149,-477606.5842400158,3526960.2205840647,349.8371771063722,-544.373270449036,4686.319084581983,4730.783748025527,20252945.138445035,0.8265832656048266,1.6336276684444453,8.429369702178808e-08,2.9479076822311183e-06,6.147078885596739,-0.13583324321614546,0.003331853822186745,130760.22058406472,-0.06158230236594395,-0.06129385734240238,1404.8398849964142,-16543043649.984152,-1040791592.6323323,-205433205.642133,-16543208347.237726,-1906360215.2811427,16575751577.065128,16653953119.07966,-0.9907833412732189,-0.0033011574782472026,0.13541592600126465,-0.0033318476575665192,0.9999944493801887,0.0,0.135415174358943,0.0004511852358445147,0.9907888407653873,4690.280302422379,-545.5358530190479,-0.11579170231746429,2.304054739627907e-09,164.05604574236602,0.0,-72.25604574236603,-0.2,0.0,2.982010876853874e-17,2.286999333837326,1.5707963267948966,19.00128666977098,461.0,0.012214145918782185,0.3024249227589004,0.0,0.025877410487830644,-1572.507213867096,-13.52228200968557,214.93014931740822,-0.04808190363900262,0.08469825811365131,-0.6436711156291764,-0.04852735052855762,0.08444383124725885,-0.6436711156291764,-8.46341322135631e-18,3.1763677258656125e-20,6.363923083623291e-19,-8.463463125605728e-18,-1.2814372161957072e-20,6.363923083623291e-19,-1572.5557412176245,-13.437838178438312,214.28647820177903,-1057327.7048655506,149.08559702190306,117314.31191355962,-0.016040873947142813,4719.2183022177405
74.36345403216718,2001.0,12.0,14.0,14.0,22.0,42.0,1.0,3494363.1002236577,30032.13524256407,-477346.29940691695,350.38021795870793,-294.83738845494287,4686.34489486493,3526944.1298253364,4708.6647636452435,3494472.856935706,11612.815830932577,-477346.29940691695,3526944.129825336,349.64439675378765,-544.3766412227701,4686.34489486493,4730.795451646256,20252938.074198328,0.8265832051461789,1.6336276673295138,8.429369702178808e-08,2.9534387178137404e-06,6.1471528900407915,-0.13575938207148275,0.003323183082954741,130744.12982533593,-0.06154882684811998,-0.06126053951251359,1407.3701166212559,-16543043375.965508,-1040791556.875316,-205434514.98695868,-16543206492.243498,-1906369752.6886165,16575751301.342005,16653952384.3117,-0.9907933690769187,-0.003292599883488281,0.13534274483405456,-0.003323176966337354,0.9999944782321802,0.0,0.1353419975028415,0.000449767892193404,0.9907988400380695,4690.301813788353,-545.5355655070518,-0.11579111550927523,2.308166822414151e-09,164.02028850074652,0.0,-72.2202885007465,-0.2,0.0,2.981949421993805e-17,2.2869892974970343,1.5707963267948966,19.003404757519814,461.0,0.012236031738260615,0.30310391449314633,0.0,0.0259236710620375,-1572.53749645565,-13.515097719677854,214.81595732386165,-0.04814094865185587,0.08484471752287294,-0.6448215616782471,-0.048587499159728736,0.08458978634587089,-0.6448215616782471,-8.478395245672304e-18,3.1860374177591894e-20,6.371703414352195e-19,-8.478445400969777e-18,-1.2829967103445324e-20,6.371703414352195e-19,-1572.5860839548097,-13.430507933331983,214.1711357621834,-1057328.0736625977,149.23913522686897,117302.72231563332,-0.015948920783282697,4719.226701158228
74.51721947657546,2001.0,12.0,14.0,14.0,22.0,42.0,1.0,3494416.9362653936,29986.799096260944,-476625.6960120215,349.85567164269617,-294.84186478404536,4686.41627787563,3526899.628097942,4708.697085792159,3494526.579127533,11529.108798259835,-476625.6960120215,3526899.628097942,349.1106671450614,-544.3859567023608,4686.41627787563,4730.827819452626,20252918.451051664,0.8265830372030551,1.6336276642330623,8.560065398421929e-08,2.9686613766950525e-06,6.147357774072688,-0.135554894718525,0.003299178503108382,130699.6280979421,-0.06145614854201067,-0.0611682977641093,1414.3899255692959,-16543042614.798882,-1040791457.5596763,-205438132.37086886,-16543201358.605547,-1906396129.8643184,16575750535.441315,16653950348.838022,-0.990821102842706,-0.003268907543160644,0.13514013617366988,-0.0032991725180835764,0.9999945577155387,0.0,0.1351394007026067,0.00044585062335424384,0.9908264952023447,4690.361307185458,-545.5347703179425,-0.11578949261224515,2.31953948608146e-09,163.9213957732047,0.0,-72.12139577320468,-0.2,0.0,2.981779428081019e-17,2.286961535384251,1.5707963267948966,19.00926626868448,461.0,0.012296562303808375,0.30499004758374226,0.0,0.026051613975982015,-1572.6212513928797,-13.49520631914864,214.4997898589342,-0.04830367412705064,0.08524968764415136,-0.648003345438552,-0.04875328335253768,0.08499336174046093,-0.648003345438552,-8.51982820589947e-18,3.212865582734832e-20,6.393145437691495e-19,-8.519879059932573e-18,-1.2872944026566762e-20,6.393145437691495e-19,-1572.670004676232,-13.410212957408179,213.85178651349565,-1057329.0981126744,149.39267343183488,117291.19932459167,-0.01585696811309228,4719.2350505857785
74.5741935841698,2001.0,12.0,14.0,14.0,22.0,42.0,1.0,3494436.863443198,29970.00069692962,-476358.6908740161,349.6613064472119,-294.84352166163967,4686.442700094223,3526883.155975502,4708.709049491022,3494546.4637624384,11498.092796022584,-476358.6908740161,3526883.1559755015,348.912899263582,-544.3894021845188,4686.442700094223,4730.839800051336,20252911.155496176,0.8265829747644844,1.6336276630820845,8.429369702178808e-08,2.9742284740105028e-06,6.147433690246881,-0.13547912550776628,0.003290284282253154,130683.15597550152,-0.061421808188281427,-0.061134119166489725,1416.9965213239193,-16543042331.812021,-1040791420.6397591,-205439469.9013796,-16543199457.161818,-1906405893.2071197,16575750250.694654,16653949594.161959,-0.9908313684397863,-0.0032601286426349792,0.13506506164428345,-0.003290278345502852,0.9999945870195543,0.0,0.13506433053974587,0.0004444016475621936,0.9908367318196404,4690.383328429843,-545.5344759722435,-0.11578889191162481,2.3240532073495393e-09,163.89144496937692,0.0,-72.08288993875384,-0.2085550306230803,0.0,2.981727681068504e-17,2.2869530844557793,1.5707963267948966,19.011051284764786,461.0,0.01232058127691253,0.30569128877305884,0.0,0.02610229240456356,-1572.6522541482304,-13.487835377975353,214.3826310966625,-0.048369811876568254,0.08541037984697651,-0.6492642084255322,-0.04882061283408071,0.08515350520726794,-0.6492642084255322,-8.536281535527969e-18,3.223260782183688e-20,6.401882714040075e-19,-8.536332657125078e-18,-1.2890372478717852e-20,6.401882714040075e-19,-1572.7010747610645,-13.402681872768085,213.73336688823696,-1057329.4789864682,149.5462116368008,117279.74294043465,-0.015765015933685803,4719.243350497075
74.63645220687525,2001.0,12.0,14.0,14.0,22.0,42.0,1.0,3494458.6262628073,29951.644089018126,-476066.9185076739,349.4489089208683,-294.8453311536138,4686.471556303859,3526865.1664819247,4708.722115106622,3494568.1798714986,11464.199744515852,-476066.9185076739,3526865.1664819242,348.6967834196589,-544.3931634422794,4686.471556303859,4730.852884123013,20252903.165946145,0.8265829063863125,1.6336276618217676,8.560065398421929e-08,2.980381246657469e-06,6.147516648667641,-0.13539632766992785,0.0032805651594384417,130665.16648192424,-0.06138428228079865,-0.0610967700185251,1419.8490444719791,-16543042021.90713,-1040791380.2103535,-205440929.7581509,-16543197379.70846,-1906416555.8803668,16575749938.862715,16653948769.11021,-0.9908425797171481,-0.0032505353063869698,0.13498302204236357,-0.003280559275142312,0.9999946189509433,0.0,0.13498229569210013,0.00044281980494781495,0.9908479115183676,4690.407378205899,-545.5341545030204,-0.11578823588064381,2.3294500554227273e-09,163.86895810240532,0.0,-72.0379162048106,-0.2310418975946964,0.0,2.9816883508331183e-17,2.2869466613409,1.5707963267948966,19.01240821525234,461.0,0.012349291796222484,0.30645924651626477,0.0,0.026162740122115207,-1572.6861135578135,-13.479780353674213,214.25459904843365,-0.04845129614452435,0.08560248346865904,-0.6507689279485327,-0.04890348804869185,0.08534495960956275,-0.6507689279485327,-8.555967555685566e-18,3.235300889113151e-20,6.412678876168351e-19,-8.556018981792028e-18,-1.2911790845767633e-20,6.412678876168351e-19,-1572.7350170458622,-13.39443539406465,213.60383012048513,-1057329.8960914481,149.69974984176673,117268.35316316225,-0.015673064242177445,4719.251600888749
74.78173483113889,2001.0,12.0,14.0,14.0,22.0,42.0,1.0,3494509.3591128006,29908.807879028493,-475386.0507331503,348.95325421258354,-294.8495493332733,4686.538825210957,3526823.229897887,4708.75257266479,3494618.8028204245,11385.108240344574,-475386.0507331503,3526823.229897887,348.19245179904163,-544.4019250161502,4686.538825210957,4730.883384703201,20252884.45031296,0.8265827462091158,1.6336276588700647,8.560065398421929e-08,2.9949109863155106e-06,6.147710238221336,-0.13520311279293487,0.0032578855099460948,130623.22989788698,-0.06129671272842442,-0.061009612940757546,1426.522848457098,-16543041295.9558,-1040791285.5143209,-205444329.3473482,-16543192533.285994,-1906441412.2052765,16575749208.397898,16653946842.235378,-0.9908687152776878,-0.003228148250762829,0.13479157296661967,-0.003257879746848511,0.9999946930956959,0.0,0.13479085764064094,0.0004391347356138035,0.9908739737510439,4690.463442281911,-545.5334050639528,-0.11578670657928108,2.3420310306339118e-09,163.8165373723587,0.0,-71.9330747447174,-0.2834626276412986,0.0,2.981596656914706e-17,2.286931686587612,1.5707963267948966,19.015572520351807,461.0,0.012416222720359076,0.30825824509760347,0.0,0.02630365109943236,-1572.7650486978039,-13.460982028188383,213.95580563601675,-0.04864062492988291,0.08605019696094483,-0.654276632090998,-0.049096066238330426,0.08579115962911574,-0.654276632090998,-8.601856548064205e-18,3.263460486113204e-20,6.437764571920536e-19,-8.601908688721033e-18,-1.296155141431592e-20,6.437764571920536e-19,-1572.814144764042,-13.375190868559267,213.30152900392574,-1057330.8731670137,149.85328804673264,117257.0299927745,-0.015581113035681429,4719.259801757371
74.86545049226521,2001.0,12.0,14.0,14.0,22.0,42.0,1.0,3494538.560009491,29884.12425250403,-474993.7124171996,348.6676336454292,-294.85197720453215,4686.577544051702,3526799.091968725,4708.770103076068,3494647.939816753,11339.53306238078,-474993.7124171996,3526799.0919687245,347.90183130949646,-544.4069638413208,4686.577544051702,4730.900939875734,20252873.620018728,0.8265826535181247,1.6336276571623927,8.560065398421929e-08,3.0032402255000434e-06,6.147821791663893,-0.13509177521910176,0.0032448170631973403,130599.0919687245,-0.06124625185983887,-0.06095938975100872,1430.3795039951801,-16543040875.868214,-1040791230.7229637,-205446283.81057954,-16543189741.522179,-1906455718.9285622,16575748785.698896,16653945730.90028,-0.9908837585261981,-0.003215247811593045,0.13468125062719388,-0.0032448113691749274,0.9999947355857322,0.0,0.13468054160929646,0.00043701525324981653,0.9908889749762558,4690.495711692584,-545.5329736751227,-0.11578582635349997,2.3494087597735948e-09,163.77272992181125,0.0,-71.87272992181124,-0.3,0.0,2.981520943943661e-17,2.286919321721089,1.5707963267948966,19.018186152919707,461.0,0.012455469508582263,0.3092993008856344,0.0,0.026386436584665822,-1572.810484265427,-13.450148890988741,213.78361635474403,-0.048752347408340314,0.08631293381808405,-0.6563363450297619,-0.04920969046779458,0.08605300858292121,-0.6563363450297619,-8.628751322635346e-18,3.279893655617975e-20,6.452527851438235e-19,-8.62880387958911e-18,-1.2990985657828079e-20,6.452527851438235e-19,-1572.8596939558947,-13.36409588240582,213.12728000971427,-1057331.438578356,150.00682625169856,117245.77342927139,-0.01548916231131185,4719.267953099467
74.94437420412729,2001.0,12.0,14.0,14.0,22.0,42.0,1.0,3494566.0675271414,29860.85334975072,-474623.8288820044,348.3983546456324,-294.85426425662064,4686.614017611494,3526776.3538134224,4708.786616607578,3494675.3867084268,11296.566256789592,-474623.8288820044,3526776.3538134224,347.62783854817604,-544.4117076608987,4686.614017611494,4730.917476731599,20252863.377981227,0.826582565861566,1.633627655547742,8.688795409866128e-08,3.0111777500042246e-06,6.147926961077707,-0.1349868092951532,0.0032324967731348162,130576.35381342238,-0.061198678745928325,-0.06091204071111655,1434.0231192409992,-16543040478.600275,-1040791178.912235,-205448123.40825912,-16543187110.107292,-1906469195.9093103,16575748385.961668,16653944682.45836,-0.9908979294731048,-0.0032030855159201894,0.13457724030864746,-0.0032324911437255615,0.9999947754868551,0.0,0.13457653720808646,0.00043501973744472955,0.9909031064594098,4690.526109738262,-545.5325672841952,-0.11578499718058208,2.356514433305511e-09,163.7158845335559,0.0,-71.81588453355592,-0.3,0.0,2.9814234113183056e-17,2.2869033934345953,1.5707963267948966,19.021554100844583,461.0,0.012493265378483802,0.3102838283792404,0.0,0.026466342658206254,-1572.8532862977154,-13.439935149385978,213.6212721657085,-0.04886091407101883,0.08656622751025397,-0.6583232038073819,-0.04932008255315977,0.0863054466772639,-0.6583232038073819,-8.654637576252905e-18,3.295604081159512e-20,6.466829371859729e-19,-8.654690529714851e-18,-1.3019668920211789e-20,6.466829371859729e-19,-1572.9026063802685,-13.353629702708714,212.9629489619011,-1057331.973279452,150.16036445666447,117234.58347265291,-0.015397212066182836,4719.276054911502
75.07894368529828,2001.0,12.0,14.0,14.0,22.0,43.0,1.0,3494612.920419115,29821.174702249504,-473993.1494845909,347.939201486324,-294.85815968012497,4686.676142252533,3526737.6244596313,4708.8147430770705,3494722.135371661,11223.304512319572,-473993.1494845909,3526737.6244596303,347.16064806754486,-544.4197814200187,4686.676142252533,4730.945642926707,20252845.843481235,0.8265824157920517,1.633627652784074,8.688795409866128e-08,3.0246787948686577e-06,6.1481062840741805,-0.13480783321262577,0.003211490210970791,130537.62445963034,-0.061117562356126,-0.0608313063806502,1440.2529646754265,-16543039798.477373,-1040791090.2224522,-205451253.34186387,-16543182624.602839,-1906492150.730697,16575747701.611979,16653942893.178743,-0.9909220666527823,-0.0031823474574577165,0.13439989019801735,-0.003211484690598932,0.9999948431697446,0.0,0.13439919712059725,0.00043162318978911017,0.9909271766960279,4690.577885900438,-545.5318750460656,-0.1157835848881787,2.368617356365521e-09,163.61906114907583,0.0,-71.71906114907584,-0.3,0.0,2.981257252452104e-17,2.286876257632449,1.5707963267948966,19.02729465676046,461.0,0.01255764390699889,0.3119693729630247,0.0,0.026602446176459946,-1572.9261928791484,-13.422518562075167,213.34444101470862,-0.04904522292398835,0.08699754797858462,-0.6617073960484653,-0.049507507405968404,0.08673530974405884,-0.6617073960484653,-8.69872597205375e-18,3.322453416979235e-20,6.491107852572751e-19,-8.698779605468317e-18,-1.3068360329701647e-20,6.491107852572751e-19,-1572.9757003865543,-13.335783252331108,212.68273361866017,-1057332.888695864,150.31390266163038,117223.46012291906,-0.015305262297408395,4719.284107189895
75.12187318976315,2001.0,12.0,14.0,14.0,22.0,43.0,1.0,3494627.8541324106,29808.516560925505,-473791.95237532695,347.79272086315115,-294.8594012774229,4686.695943652545,3526725.280011655,4708.823707833655,3494737.035607008,11199.932785685174,-473791.95237532695,3526725.280011655,347.01160340621954,-544.422353153406,4686.695943652545,4730.9546203447,20252840.230840027,0.8265823677560078,1.6336276518996167,8.688795409866128e-08,3.02893363847732e-06,6.148163491378067,-0.1347507365663041,0.003204788894825126,130525.28001165483,-0.061091684724744154,-0.06080555063148173,1442.2449391186237,-16543039580.777245,-1040791061.8365062,-205452250.06147012,-16543181193.986408,-1906499467.211528,16575747482.559072,16653942321.942835,-0.9909297600848169,-0.0031757315629779253,0.13434331136043612,-0.0032047834089387562,0.9999948646684651,0.0,0.13434262146299278,0.0004305412153498192,0.9909348488637953,4690.594388811975,-545.531654393433,-0.11578313474417422,2.372474996357862e-09,163.5882000291371,0.0,-71.6882000291371,-0.3,0.0,2.9812042826224836e-17,2.286867607002789,1.5707963267948966,19.029125443172816,461.0,0.01257816413452143,0.31250890670321896,0.0,0.026645827674640462,-1572.9494316177563,-13.416962016837315,213.256121481598,-0.04910380701464872,0.08713499667286882,-0.6627860668981549,-0.0495670864821074,0.08687229389274817,-0.6627860668981549,-8.712777735893796e-18,3.33103517893285e-20,6.498824815570234e-19,-8.71283158725363e-18,-1.3083836529617217e-20,6.498824815570234e-19,-1572.9989987042384,-13.330089722944567,212.59333541469985,-1057333.1817130428,150.4674408665963,117212.40338006984,-0.015213313002102513,4719.292109931004
75.13648984707,2001.0,12.0,14.0,14.0,22.0,43.0,1.0,3494632.9373349273,29804.20669901474,-473723.4484975592,347.74284657860255,-294.8598238963761,4686.702683745076,3526721.0781545397,4708.8267592807115,3494742.107385818,11191.975144322592,-473723.4484975592,3526721.0781545397,346.9608561142796,-544.4232283475019,4686.702683745076,4730.957676101443,20252838.31799839,0.8265823513848558,1.6336276515982013,8.688795409866128e-08,3.0304727122523846e-06,6.148182969437229,-0.13473129618260554,0.0032025072347440877,130521.07815453969,-0.06108287385354106,-0.06079678125879375,1442.9235910475254,-16543039506.583115,-1040791052.1625847,-205452589.22964785,-16543180706.934158,-1906501957.6226232,16575747407.903917,16653942127.409914,-0.9909323788130544,-0.003173478961420766,0.13432404718136906,-0.003202501760566459,0.9999948719780885,0.0,0.13432335836471188,0.00043017299758474657,0.9909374603620641,4690.600006144688,-545.5315792858114,-0.11578298152272094,2.373379158789419e-09,163.58017367675484,0.0,-71.68017367675485,-0.3,0.0,2.9811904216434854e-17,2.286865343333132,1.5707963267948966,19.02960457774844,461.0,0.01258298124617349,0.3126927859170651,0.0,0.02665600507334198,-1572.9573418060381,-13.41507007590676,213.22604967724396,-0.04911528711046914,0.08716714314166067,-0.6630392355404107,-0.049578827626787475,0.08690432740995048,-0.6630392355404107,-8.716072236050302e-18,3.3333893169412974e-20,6.500339459327487e-19,-8.716126152503447e-18,-1.3086868463654739e-20,6.500339459327487e-19,-1573.006920633665,-13.32816574849681,212.56301044170354,-1057333.2815761268,150.6209790715622,117201.41324410525,-0.015121364177379111,4719.300063131138
75.16937663986232,2001.0,12.0,14.0,14.0,22.0,43.0,1.0,3494644.3716366636,29794.509689450762,-473569.3176282023,347.6306308608774,-294.860774545273,4686.717845114655,3526711.6263763737,4708.833623265355,3494753.515938097,11174.070778051308,-473569.3176282023,3526711.626376373,346.8466761662494,-544.4251966930817,4686.717845114655,4730.964549780312,20252834.010905135,0.8265823145223603,1.633627650919543,8.688795409866128e-08,3.0337680982813447e-06,6.148226794323604,-0.13468755606209037,0.003197373619861616,130511.62637637323,-0.061063049726258145,-0.0607770505012382,1444.4512622356415,-16543039339.522488,-1040791030.3805997,-205453351.9794753,-16543179611.177921,-1906507559.617051,16575747239.805252,16653941689.654419,-0.9909382694634683,-0.003168410678797814,0.1342807033289494,-0.0031973681719671,0.9999948884053222,0.0,0.13428001694042094,0.00042934484693333945,0.9909433347641442,4690.612641935131,-545.5314103350704,-0.11578263686296701,2.3758996329671356e-09,163.55916972527388,0.0,-71.65916972527387,-0.3,0.0,2.9811542784847544e-17,2.28685944070737,1.5707963267948966,19.030854061157886,461.0,0.012596396707118183,0.31310682286268665,0.0,0.026684359562748505,-1572.9751353685676,-13.410813212462852,213.15838817491843,-0.049151131026326296,0.0872568674322375,-0.6637443792471399,-0.04961535168098787,0.0869937438717639,-0.6637443792471399,-8.725254133626069e-18,3.3393666800958604e-20,6.505063536759706e-19,-8.725308207697568e-18,-1.3096336382839818e-20,6.505063536759706e-19,-1573.0247507202487,-13.323819468591088,212.4946437956713,-1057333.5064351782,150.77451727652812,117190.4897150253,-0.015029415820352028,4719.307966786553
75.22184047673052,2001.0,12.0,14.0,14.0,22.0,43.0,1.0,3494662.604977385,29779.04012210596,-473323.4337934531,347.4516120759948,-294.8622904602869,4686.742021738097,3526696.5544027095,4708.844568617167,3494771.7080673496,11145.508061021279,-473323.4337934531,3526696.5544027095,346.66452385912294,-544.428334473852,4686.742021738097,4730.975510590406,20252827.130457606,0.8265822556356129,1.6336276498354942,8.688795409866128e-08,3.0390332833417373e-06,6.148296708027234,-0.13461777757803864,0.003189184074218574,130496.55440270947,-0.06103142434431652,-0.06074557407074338,1446.8904332518578,-16543039072.649115,-1040790995.586046,-205454567.7444051,-16543177863.388044,-1906516492.6345882,16575746971.273735,16653940991.1224,-0.9909476628218821,-0.0031603252191083142,0.13421155647841565,-0.003189178668078566,0.9999949145567807,0.0,0.1342108739531658,0.00042802463293058484,0.9909527022555824,4690.63279119383,-545.5311409189412,-0.1157820872652172,2.3799188259441392e-09,163.5256764504655,0.0,-71.6256764504655,-0.3,0.0,2.9810966398241e-17,2.2868500275997383,1.5707963267948966,19.03284700362659,461.0,0.012617789470524362,0.3137682373062258,0.0,0.026729574341435323,-1573.0035097515681,-13.404022054200157,213.05044485391284,-0.04920820569478521,0.08739993074996406,-0.6648688181939024,-0.04967351184263254,0.08713631633262132,-0.6648688181939024,-8.73989541088704e-18,3.348910537323606e-20,6.512585712721112e-19,-8.739949736943513e-18,-1.3111411978648153e-20,6.512585712721112e-19,-1573.0531832634108,-13.316885737867535,212.38557603571894,-1057333.8656407222,150.92805548149403,117179.63279282999,-0.014937467928135034,4719.315820893453
75.3850285219795,2001.0,12.0,14.0,14.0,22.0,43.0,1.0,3494719.2594911037,29730.921736873104,-472558.6073930988,346.8947559268524,-294.8670006483806,4686.817143439435,3526649.7228654106,4708.878577304655,3494828.233342395,11056.66307007223,-472558.6073930988,3526649.72286541,346.0979208275049,-544.438076474059,4686.817143439435,4731.00956730735,20252805.65452218,0.8265820718320117,1.6336276464525423,8.815645848363069e-08,3.05557384919674e-06,6.148514177415162,-0.13440072873983588,0.0031637109016124593,130449.72286541015,-0.060933052211952554,-0.06064766525006222,1454.4940543174744,-16543038239.663635,-1040790886.9936644,-205458341.20431054,-16543172428.893185,-1906544249.0680099,16575746133.113419,16653938816.860003,-0.9909768499784094,-0.0031351747235868577,0.13399646818599947,-0.003163705623982878,0.9999949954708397,0.0,0.13399579759676705,0.00042392537999388935,0.9909818093757717,4690.695398848409,-545.5303037564,-0.11578037958086755,2.3924072358906297e-09,163.42160636757808,0.0,-71.52160636757809,-0.3,0.0,2.98091751289783e-17,2.286820773952663,1.5707963267948966,19.039043338917594,461.0,0.012684262733028967,0.31583273510245335,0.0,0.02687006701416185,-1573.0916779892102,-13.382896333147542,212.71465816126928,-0.04938489835795491,0.08784435705473352,-0.6683627007516587,-0.04985358466589398,0.087579217558423,-0.6683627007516587,-8.785386023436953e-18,3.3786613366607993e-20,6.535872792419499e-19,-8.785441137526696e-18,-1.3158081083199352e-20,6.535872792419499e-19,-1573.1415315738761,-13.29531711558912,212.04629546051763,-1057334.9868302606,151.08159368645994,117168.84247751931,-0.014845520497841819,4719.323625447985
75.42282121016294,2001.0,12.0,14.0,14.0,22.0,43.0,1.0,3494732.3671392505,29719.777899718232,-472381.47964656097,346.76578926148596,-294.8680903911579,4686.834523731774,3526638.887870743,4708.886445453651,3494841.3108333475,11036.08724909956,-472381.47964656097,3526638.8878707434,345.9666968609989,-544.4403287318169,4686.834523731774,4731.017446567976,20252800.664910484,0.826582029127905,1.6336276456667242,8.815645848363069e-08,3.059422866492481e-06,6.148564541922941,-0.1343504616172774,0.0031578116384688502,130438.8878707434,-0.06091026983691608,-0.060624990173354674,1456.2585089504719,-16543038046.133255,-1040790861.7665937,-205459213.33959988,-16543171170.749374,-1906550670.7874823,16575745938.380915,16653938313.003912,-0.9909836027876973,-0.0031293499561455664,0.1339466542126653,-0.003157806390307287,0.9999950141169711,0.0,0.1339459863703153,0.00042297760063303495,0.9909885437406594,4690.709883824789,-545.5301100622028,-0.11577998449397514,2.395347540392687e-09,163.3972196768585,0.0,-71.49860983842925,-0.30139016157074705,0.0,2.980875542823902e-17,2.2868139197194335,1.5707963267948966,19.040495765402966,461.0,0.012699912667089898,0.31631239023082924,0.0,0.026903130370315213,-1573.1120774503727,-13.378003418173204,212.63688681379153,-0.04942664898191076,0.08794915846940085,-0.6691849005438179,-0.04989612958445494,0.08768366072164235,-0.6691849005438179,-8.796091241333874e-18,3.385636577270689e-20,6.5413752271020945e-19,-8.796146540064521e-18,-1.3169095822414781e-20,6.5413752271020945e-19,-1573.1619735799572,-13.290319757451561,211.9677019132477,-1057335.247322183,151.23513189142585,117158.11876909326,-0.014753573526585986,4719.331380446248
75.45646714948636,2001.0,12.0,14.0,14.0,22.0,43.0,1.0,3494744.03246839,29709.856769524056,-472223.7864363244,346.65097186770083,-294.8690602179572,4686.849991569719,3526629.245120466,4708.893447769627,3494852.9492424647,11017.769009118838,-472223.7864363244,3526629.2451204667,345.8498698381263,-544.4423326317657,4686.849991569719,4731.024458772714,20252796.21715184,0.8265819910612715,1.6336276449662646,8.815645848363069e-08,3.062832099361644e-06,6.1486093805132676,-0.13430570972239614,0.003152559683795439,130429.24512046622,-0.06088998710189596,-0.06060480296352135,1457.8307370841503,-16543037873.619999,-1040790839.279474,-205459989.22409147,-16543170050.767923,-1906556385.8682835,16575745764.796103,16653937864.309807,-0.990989612553696,-0.0031241642495772135,0.13390230546341245,-0.003152554461775981,0.9999950306878357,0.0,0.13390164006105706,0.0004221343105307712,0.990994537114904,4690.722774920145,-545.5299376781222,-0.11577963288250626,2.3983608998543065e-09,163.37311280116555,0.0,-71.48655640058277,-0.3134435994172248,0.0,2.9808341419646005e-17,2.2868071584460066,1.5707963267948966,19.041928717973807,461.0,0.012715943128166362,0.3167399644106533,0.0,0.026936900742409328,-1573.1302324685457,-13.373647240606974,212.56764673807945,-0.049471623291950075,0.08805798190959152,-0.6700243418264638,-0.04994189441107319,0.0877921230621733,-0.6700243418264638,-8.807026786074672e-18,3.3924061301976e-20,6.547302366110883e-19,-8.807082259028195e-18,-1.3180868060034292e-20,6.547302366110883e-19,-1573.180174362957,-13.2858551175448,211.89762239625298,-1057335.4795257729,151.3886700963918,117147.46166755185,-0.01466162701148101,4719.339085884287
75.55266525742472,2001.0,12.0,14.0,14.0,22.0,43.0,1.0,3494777.363845976,29681.49079051128,-471772.9182084403,346.32268670832946,-294.8718312811399,4686.894187909589,3526601.692862505,4708.913455232816,3494886.2032791823,10965.394411467001,-471772.9182084403,3526601.692862505,345.5158388515334,-544.4480556372098,4686.894187909589,4731.044494490102,20252783.46983729,0.8265818819618139,1.6336276429588534,8.815645848363069e-08,3.07256740651934e-06,6.148737581195734,-0.13417775689272562,0.0031375437687726133,130401.69286250463,-0.06083199548676004,-0.06054708446738162,1462.3335691094398,-16543037379.197878,-1040790774.833216,-205462204.68563676,-16543166849.136837,-1906572715.4970772,16575745267.303015,16653936580.74307,-0.9910067843364586,-0.0031093373639727675,0.13377550381242723,-0.003137538621017073,0.9999950779135873,0.0,0.13377484535783757,0.0004197258097575071,0.9910116621814958,4690.759608639099,-545.5294451054025,-0.11577862822959785,2.4069709804673043e-09,163.30423215626158,0.0,-71.45211607813079,-0.34788392186921685,0.0,2.9807158325351914e-17,2.2867878370499124,1.5707963267948966,19.046024833267253,461.0,0.01276174775560364,0.31796541837448267,0.0,0.02703339189714439,-1573.1821081060805,-13.361191684657397,212.369669579679,-0.0495998602052355,0.0883688978385217,-0.6724228457706762,-0.05007239317278214,0.08810200723890636,-0.6724228457706762,-8.838271104491148e-18,3.4117877142627446e-20,6.5642024689469e-19,-8.83832707727071e-18,-1.321443177987005e-20,6.5642024689469e-19,-1573.2321804992532,-13.273089677418492,211.69724673390832,-1057336.1450238246,151.5422083013577,117136.87117289507,-0.014569680949640377,4719.346741758087
75.78585793825779,2001.0,12.0,14.0,14.0,22.0,43.0,1.0,3494858.030970929,29612.728055527226,-470679.9563130894,345.5268495942516,-294.8785375264227,4687.001150184849,3526535.012101792,4708.961874714888,3494966.6806291016,10838.431495842497,-470679.9563130894,3526535.012101792,344.70607312112804,-544.4618893178257,4687.001150184849,4731.092982345647,20252752.38039564,0.8265816158780199,1.6336276380637007,8.815645848363069e-08,3.0963594674166404e-06,6.149048359120339,-0.13386757966109403,0.003101144514808132,130335.0121017918,-0.06069141475749158,-0.06040716580317767,1473.29576292634,-16543036173.365524,-1040790617.6680984,-205467557.39104286,-16543159091.403833,-1906612235.1978948,16575744053.981659,16653933464.981895,-0.9910483431004206,-0.0030733939854982084,0.13346810812820123,-0.0031011395441424314,0.9999951914552029,0.0,0.13346746634082432,0.0004139032279982427,0.9910531086236897,4690.848751691765,-545.5282528829026,-0.11577619685916121,2.4278087181900686e-09,163.13753025447943,0.0,-71.33753025447946,-0.4,0.0,2.980429415457777e-17,2.286741061591451,1.5707963267948966,19.055948728060926,461.0,0.012872606665144497,0.3209542935750356,0.0,0.027267218153211387,-1573.3076629153684,-13.330994151040365,211.88968921931416,-0.04990943722553221,0.0891171886017267,-0.6782357121841919,-0.05038744168858956,0.08884779653161948,-0.6782357121841919,-8.913977655768598e-18,3.458936952983278e-20,6.604991562088756e-19,-8.9140348493716e-18,-1.3295721677934045e-20,6.604991562088756e-19,-1573.358050357057,-13.242146354508746,211.21145350712996,-1057337.7681113798,151.69574650632362,117126.34728512293,-0.014477735338177339,4719.354348063595
76.00040231638708,2001.0,12.0,14.0,14.0,22.0,44.0,1.0,3494932.0832648543,29549.462862448403,-469674.3760290433,344.7945989979201,-294.8846936536621,4687.0993416754145,3526473.7992629046,4709.006321590942,3495040.555455357,10721.61889752321,-469674.3760290433,3526473.7992629046,343.9610074926903,-544.4745674682955,4687.0993416754145,4731.137491981107,20252723.540829822,0.8265813690488863,1.633627633524872,8.940696716308596e-08,3.1184039944656987e-06,6.149334294506554,-0.13358219677275945,0.0030676568970760803,130273.79926290503,-0.060562071269475104,-0.06027843143592616,1483.4371446967125,-16543035054.813517,-1040790471.9121735,-205472459.8630792,-16543151958.176128,-1906648513.5536513,16575742928.48481,16653930593.025335,-0.991086494442659,-0.0030403228572871348,0.13318527309836062,-0.003067652085704508,0.9999952947442708,0.0,0.13318464642759134,0.00040856608080531043,0.9910911577800072,4690.930584498659,-545.5271582782535,-0.11577396492347984,2.4467224269708215e-09,162.98622058423342,0.0,-71.18622058423342,-0.4,0.0,2.980169276031089e-17,2.2866985775990263,1.5707963267948966,19.06497141325854,461.0,0.012973239257087989,0.3237269603513194,0.0,0.02747992851660726,-1573.4229316094484,-13.303206293235048,211.44800986893821,-0.05018851925997347,0.08979003328933023,-0.6835246539697876,-0.05067149546859547,0.0895183617510054,-0.6835246539697876,-8.982839734176079e-18,3.502220558050863e-20,6.641751213745643e-19,-8.982898057058389e-18,-1.3369415578977537e-20,6.641751213745643e-19,-1573.473603104917,-13.213687931484042,210.76448521496843,-1057339.2737440467,151.84928471128953,117115.8900042354,-0.014385790174205115,4719.361904796694
76.04403545077498,2001.0,12.0,14.0,14.0,22.0,44.0,1.0,3494947.1244848254,29536.596091700114,-469469.86275843036,344.6456703708552,-294.88594404128867,4687.119286001986,3526461.365943466,4709.015349232817,3495055.5602462576,10697.861709416495,-469469.86275843036,3526461.365943466,343.8094725655219,-544.4771401218688,4687.119286001986,4731.146532369595,20252717.649008796,0.8265813186224225,1.633627632597829,8.940696716308596e-08,3.1229222112510504e-06,6.149392448041626,-0.13352415558494732,0.003060846420421819,130261.36594346631,-0.06053576535699806,-0.06025224940394943,1485.5058045387268,-16543034826.299303,-1040790442.1385921,-205473454.3109282,-16543150507.979095,-1906655882.2018118,16575742698.552027,16653930008.355692,-0.9910942436515802,-0.0030335967416885057,0.13312774876602934,-0.0030608416410241907,0.9999953156132525,0.0,0.1331271251441673,0.00040748295699886945,0.9910988863420688,4690.947206033907,-545.5269359305764,-0.11577351158806817,2.4501761268149165e-09,162.95859098548067,0.0,-71.15859098548067,-0.4,0.0,2.980121656452968e-17,2.286690800731745,1.5707963267948966,19.06662400889603,461.0,0.012991623166043713,0.3242934163175926,0.0,0.027518781126558818,-1573.446345667925,-13.297554305862532,211.3581732849137,-0.050237038740733576,0.08991291521532797,-0.6844908591796298,-0.05072095346098778,0.08964082364617716,-0.6844908591796298,-8.99541842606367e-18,3.510497399745736e-20,6.64814684385023e-19,-8.995476970957873e-18,-1.3382231940858657e-20,6.64814684385023e-19,-1573.497066621386,-13.207913482216355,210.67368242573409,-1057339.5813399889,152.00282291625544,117105.49933023253,-0.014293845454836777,4719.369411953219
76.10789362757168,2001.0,12.0,14.0,14.0,22.0,44.0,1.0,3494969.125969591,29517.765154545163,-469170.5509347945,344.42770562059513,-294.88777302920306,4687.148459524696,3526443.179154433,4709.028554246185,3495077.5082111657,10663.092271811962,-469170.5509347945,3526443.1791544333,343.5876934104058,-544.4809017465373,4687.148459524696,4731.159756027536,20252709.01106496,0.8265812446925638,1.6336276312388394,8.940696716308596e-08,3.129456717200515e-06,6.149477557915407,-0.1334392101243666,0.0030508791759849383,130243.17915443331,-0.060497265648838346,-0.060213930998042134,1488.5366922616959,-16543034491.277962,-1040790398.4902205,-205474908.13030344,-16543148385.943153,-1906666660.62315,16575742361.451082,16653929152.363312,-0.9911055788085068,-0.0030237527531547376,0.1330435589344422,-0.0030508744431258614,0.9999953460717366,0.0,0.133042939759263,0.00040589919377559907,0.9911101913642386,4690.971519109497,-545.5266106842781,-0.11577284847771052,2.455228012657415e-09,162.91817589874069,0.0,-71.11817589874069,-0.4,0.0,2.980051994836118e-17,2.2866794241263597,1.5707963267948966,19.069042087724757,461.0,0.013018514518289295,0.32512389717296036,0.0,0.027575612950814798,-1573.4805951702829,-13.289282110778359,211.2266893105805,-0.050307879406390886,0.0900926404258466,-0.6859041786817117,-0.0507931684073264,0.08981993449348444,-0.6859041786817117,-9.013817323219882e-18,3.522623716468646e-20,6.657484730357891e-19,-9.013876193894793e-18,-1.34009440093637e-20,6.657484730357891e-19,-1573.5313883386902,-13.199462176284875,210.5407851318988,-1057340.0323038548,152.15636112122135,117095.17526311429,-0.01420190117718529,4719.376869528952
76.29683716842052,2001.0,12.0,14.0,14.0,22.0,44.0,1.0,3495034.142431839,29462.047503768154,-468284.9363608732,343.78276380356726,-294.89317778119505,4687.2346703082085,3526389.4354750277,4709.067575383646,3495142.364892308,10560.215072556453,-468284.9363608732,3526389.4354750277,342.93146539642066,-544.4920071610709,4687.2346703082085,4731.198832258113,20252683.34899966,0.8265810250571555,1.6336276272024322,8.940696716308596e-08,3.1489436200328067e-06,6.149729386039547,-0.13318786839840502,0.003021388497539061,130189.43547502719,-0.06038335028966884,-0.06010055207623728,1497.5274069011211,-16543033495.98715,-1040790268.8336562,-205479198.70842826,-16543142109.835554,-1906698511.6036382,16575741359.983086,16653926617.511791,-0.9911390754894006,-0.002994625314584384,0.13279444738859145,-0.0030213839006050878,0.9999954356092458,0.0,0.13279384126284358,0.0004012230054296395,0.9911435994560821,4691.043366484961,-545.5256494953474,-0.11577088895334138,2.4701834706161654e-09,162.79858868756796,0.0,-70.99858868756796,-0.40070565621602033,0.0,2.9798458302138167e-17,2.28664575488843,1.5707963267948966,19.076202145307533,461.0,0.013098124853159712,0.3275911716233402,0.0,0.027743849591209784,-1573.581810409303,-13.264803764430898,210.83761357290348,-0.05051683194128263,0.09062454714771463,-0.6900879440948605,-0.05100619740984449,0.09035002313724175,-0.6900879440948605,-9.068278404895476e-18,3.5586309733098365e-20,6.685027514662293e-19,-9.068338246160728e-18,-1.3456126956188992e-20,6.685027514662293e-19,-1573.6328166067128,-13.174453741293656,210.1475256288086,-1057341.372053681,152.30989932618726,117084.91780288066,-0.014109957338363488,4719.384277519623
76.34721643648916,2001.0,12.0,14.0,14.0,22.0,44.0,1.0,3495051.4576236648,29447.19096512355,-468048.7963316351,343.6107916796768,-294.89461715362415,4687.2576300297205,3526375.1224508905,4709.077967251843,3495159.637120539,10532.783889394263,-468048.7963316351,3526375.12245089,342.7564839244035,-544.4949620905742,4687.2576300297205,4731.209238797843,20252676.479144536,0.8265809662595686,1.6336276261221256,9.064022496787044e-08,3.154262934108229e-06,6.149796533919877,-0.1331208501929146,0.003013525303279183,130175.12245089002,-0.06035297566653734,-0.06007032048704123,1499.9307854771614,-16543033229.545252,-1040790234.1284153,-205480339.96411514,-16543140437.000835,-1906706994.0863173,16575741091.8878,16653925941.0429,-0.9911479963854055,-0.0029868586079616513,0.13272802242500317,-0.003013520742142576,0.9999954593360595,0.0,0.13272741975165786,0.00039997864864131205,0.9911524968758076,4691.062500859446,-545.5253934957441,-0.11577036709991953,2.4748352034607407e-09,162.76280612722508,0.0,-70.96280612722506,-0.41859693638746426,0.0,2.979784278673126e-17,2.286635702758994,1.5707963267948966,19.07834089601507,461.0,0.01312287317954535,0.3282516766830136,0.0,0.027795954996249178,-1573.6087672560527,-13.258276290240302,210.73386138694448,-0.050585355276185,0.09078973706454663,-0.6913834688803252,-0.05107593633019046,0.09051465766748333,-0.6913834688803252,-9.085147547685574e-18,3.569207891245528e-20,6.6940549163765955e-19,-9.085207666210563e-18,-1.3474032177471416e-20,6.6940549163765955e-19,-1573.6598431923828,-13.167761632572818,210.04247791806415,-1057341.7307115607,152.46343753115318,117074.7269495317,-0.014018013935484073,4719.39163592091
76.44026700416737,2001.0,12.0,14.0,14.0,22.0,44.0,1.0,3495083.416024688,29419.75072996562,-467612.64237629925,343.2931511957983,-294.89727375371103,4687.300006482476,3526348.705107588,4709.097147065023,3495191.5157691394,10482.118070391418,-467612.64237629925,3526348.705107588,342.4332851327594,-544.5004130021358,4687.300006482476,4731.228445689019,20252663.757008035,0.8265808573734055,1.6336276241217877,9.064022496787044e-08,3.1638923621448646e-06,6.149920557544403,-0.1329970660541569,0.0029990020854776395,130148.70510758786,-0.06029687302121944,-0.06001448202567392,1504.377741008997,-16543032736.129671,-1040790169.8629727,-205482444.7996192,-16543137347.820711,-1906722649.983851,16575740595.41062,16653924690.833172,-0.9911644616162548,-0.002972513199051769,0.13260533245024975,-0.002998997589968783,0.9999955029966162,0.0,0.132604736123621,0.0003976830724353082,0.991168918906237,4691.0978168322235,-545.5249209787743,-0.11576940393055093,2.483420840033948e-09,162.69676276896962,0.0,-70.89676276896962,-0.4516186155151846,0.0,2.9796706584246467e-17,2.2866171471642613,1.5707963267948966,19.08229019691257,461.0,0.01316855162387509,0.3294748889816366,0.0,0.027892123810868984,-1573.6585224368514,-13.246219318231907,210.5422195363938,-0.05071153185592227,0.09109457135144655,-0.6937745598951015,-0.051204359724474346,0.09081846694414432,-0.6937745598951015,-9.116280583799364e-18,3.588772422841959e-20,6.710677459240188e-19,-9.116341216315418e-18,-1.3506998788992924e-20,6.710677459240188e-19,-1573.709726796576,-13.155400851287762,209.84844497649868,-1057342.3949029949,152.6169757361191,117064.60270306736,-0.013926070965659605,4719.39894472844
76.63594973022212,2001.0,12.0,14.0,14.0,22.0,44.0,1.0,3495150.5272051482,29362.04388147283,-466695.4100226623,342.6251293665553,-294.9028523681387,4687.388995179322,3526293.22989163,4709.137422473093,3495258.4575449876,10375.567625805372,-466695.4100226623,3526293.22989163,341.75357417750985,-544.5118471277575,4687.388995179322,4731.268777955211,20252636.859605815,0.8265806271632822,1.633627619893828,9.064022496787044e-08,3.184249493884736e-06,6.150181381704781,-0.1327367454312692,0.002968460637789135,130093.22989162989,-0.060178887856807764,-0.059897052433080133,1513.76318693161,-16543031692.950407,-1040790034.0121582,-205486858.24954706,-16543130853.631308,-1906755526.2269773,16575739545.759727,16653922058.364466,-0.9911990381050653,-0.0029423439712426393,0.1323473062496861,-0.0029684562782313173,0.9999955941239562,0.0,0.13234672314386003,0.00039286719214388357,0.9912034052244029,4691.171978457761,-545.5239286189299,-0.11576738135266332,2.501450285220285e-09,162.55807472907472,0.0,-70.75807472907472,-0.5,0.0,2.9794319957931796e-17,2.28657817059867,1.5707963267948966,19.090591324406645,461.0,0.013264477707410538,0.3320611357695362,0.0,0.028094314056003364,-1573.7630115999987,-13.220860802979018,210.13915373895756,-0.05097588187222277,0.09173488019191751,-0.6988017278815342,-0.051473443757163964,0.09145662012262616,-0.6988017278815342,-9.181729964858717e-18,3.6300423369435614e-20,6.745501309634831e-19,-9.181791685335405e-18,-1.35762817764949e-20,6.745501309634831e-19,-1573.814485043756,-13.129404182856392,209.44035201107602,-1057343.7991529182,152.770513941085,117054.54506348765,-0.0138341284260025,4719.4062039377895
76.85567854939245,2001.0,12.0,14.0,14.0,22.0,44.0,1.0,3495225.729404364,29297.244539098916,-465665.4446169036,341.8749660307332,-294.9091033463419,4687.488712593635,3526231.0664983527,4709.182551391248,3495333.4667963604,10255.921274445653,-465665.4446169036,3526231.0664983527,340.9902850611898,-544.5246394788014,4687.488712593635,4731.313970579247,20252606.425214995,0.8265803666794578,1.6336276151120153,9.185692672385244e-08,3.2073516336037424e-06,6.15047426636381,-0.13244442603749898,0.0029341669227360722,130031.06649835268,-0.060046399668435405,-0.059765188087568394,1524.3557749986649,-16543030512.6099,-1040789880.3333033,-205491793.13654226,-16543123565.06178,-1906792365.3844156,16575738358.098824,16653919097.036505,-0.9912377835940643,-0.0029084654638443968,0.13205755262071428,-0.0029341627125332947,0.9999956953353232,0.0,0.13205698415723222,0.0003874783468081033,0.9912420505587055,4691.255080607095,-545.5228164625828,-0.11576511498431215,2.5216533880353777e-09,162.4026662458817,0.0,-70.60266624588171,-0.5,0.0,2.979164454410137e-17,2.2865344777750365,1.5707963267948966,19.099905788117137,461.0,0.013371974314266412,0.33498753547845833,0.0,0.028321516744977997,-1573.8801070755878,-13.192381248599514,209.68647995159682,-0.051271746151067596,0.09245306622428393,-0.7044508612645166,-0.05177464051819812,0.09217238201794885,-0.7044508612645166,-9.255266425113045e-18,3.676591896792772e-20,6.784473111327106e-19,-9.25532937771142e-18,-1.3654402012184318e-20,6.784473111327106e-19,-1573.931881716106,-13.100208866581564,208.9820290903323,-1057345.3880651668,152.9240521460509,117044.55403079257,-0.013742186313625037,4719.413413544478
76.89919847104643,2001.0,12.0,14.0,14.0,22.0,44.0,1.0,3495240.604542885,29284.4100911222,-465461.4450461874,341.72638057013796,-294.9103397768871,4687.50843690615,3526218.7704599644,4709.1914777115635,3495348.3033770644,10232.22354978767,-465461.4450461874,3526218.770459964,340.8390998503857,-544.5271672788061,4687.50843690615,4731.32290949982,20252600.368722726,0.8265803148426051,1.6336276141606791,9.185692672385244e-08,3.211952122002393e-06,6.150532276881195,-0.1323865274587127,0.00292737473729314,130018.77045996394,-0.06002015821559733,-0.059739070194353636,1526.4603429436684,-16543030277.722303,-1040789849.7552853,-205492767.93056062,-16543122121.950188,-1906799652.1548715,16575738121.754725,16653918509.854893,-0.9912454475764494,-0.0029017551705826142,0.13200016089344113,-0.0029273705562608133,0.9999957152416336,0.0,0.13199959530464736,0.00038641338442114965,0.9912496948418726,4691.271518310558,-545.5225964567949,-0.11576466669914598,2.5252440893437493e-09,162.37504546658656,0.0,-70.57504546658654,-0.5,0.0,2.979116787465001e-17,2.2865266931721338,1.5707963267948966,19.10156630085988,461.0,0.01339108801279571,0.3355699077047657,0.0,0.028361908856329734,-1573.9032699044901,-13.186739917056192,209.59681271168836,-0.0513218019904378,0.09258072671641103,-0.7054553215825217,-0.05182567579453478,0.09229960805617898,-0.7054553215825217,-9.268340398332936e-18,3.685251266811756e-20,6.791071644801781e-19,-9.268403586547429e-18,-1.3667623606636715e-20,6.791071644801781e-19,-1573.9550955802847,-13.094440309000014,208.89135739010584,-1057345.704261804,153.07759035101685,117034.62960498212,-0.013650244625639294,4719.420573543982
76.9504545432728,2001.0,12.0,14.0,14.0,22.0,44.0,1.0,3495258.115610011,29269.29410814084,-465221.18118006026,341.55137957990934,-294.91179529842304,4687.531656457954,3526204.2955185967,4709.201985707826,3495365.7688871957,10204.3131497263,-465221.18118006026,3526204.295518597,340.6610369617359,-544.5301419323953,4687.531656457954,4731.333432328799,20252593.224628326,0.8265802536970178,1.6336276130386056,9.185692672385244e-08,3.217339800581225e-06,6.150600599925801,-0.13231833624399728,0.002919375205573925,130004.29551859712,-0.05998925180584534,-0.05970830930836237,1528.9414239525795,-16543030000.655346,-1040789813.687897,-205493914.89618257,-16543120422.55559,-1906808230.1368487,16575737842.969816,16653917818.061695,-0.9912544696656987,-0.0028938519423547912,0.13193256606581283,-0.0029193710587240795,0.9999957386272311,0.0,0.13193200385196846,0.00038516011507573654,0.9912586937885034,4691.290868821294,-545.5223374586177,-0.11576413897913525,2.52942573907194e-09,162.34287893021585,0.0,-70.54287893021585,-0.5,0.0,2.979061258129774e-17,2.2865176245434866,1.5707963267948966,19.103501082072302,461.0,0.013413348614010409,0.33625686350129125,0.0,0.028408950177897692,-1573.930537745136,-13.180095515494326,209.49120197876078,-0.05137971316542302,0.09272938971152993,-0.7066251517205929,-0.05188473231402814,0.09244776467787406,-0.7066251517205929,-9.283566334205317e-18,3.695393913606186e-20,6.798706364433679e-19,-9.28362979943154e-18,-1.3682920547370336e-20,6.798706364433679e-19,-1573.98242247745,-13.087647750816451,208.78457682704018,-1057346.0772400908,153.23112855598276,117024.77178605631,-0.013558303359157276,4719.427683931719
77.02696326961113,2001.0,12.0,14.0,14.0,22.0,45.0,1.0,3495284.23727807,29246.73069923115,-464862.54277816217,341.2901540917742,-294.9139665162578,4687.566293648419,3526182.702909665,4709.217660532916,3495391.8222614354,10162.651672410879,-464862.54277816217,3526182.702909665,340.3952410228114,-544.5345771152898,4687.566293648419,4731.3491292795,20252582.539038718,0.8265801622399931,1.6336276113604913,9.185692672385244e-08,3.225370023013121e-06,6.150702585147917,-0.13221654778744954,0.0029074345748910484,129982.70290966518,-0.0599431180434136,-0.059662392765869696,1532.6495870053768,-16543029586.241554,-1040789759.7444496,-205495624.7147619,-16543117886.418478,-1906821026.0528343,16575737425.986654,16653916784.982237,-0.9912679281697961,-0.002882054768184605,0.1318316666900374,-0.0029074304787168447,0.9999957734150737,0.0,0.13183110949230217,0.00038329140579465495,0.9912721178655873,4691.31973440658,-545.5219510922143,-0.11576335177272916,2.5356636038744997e-09,162.29489535481153,0.0,-70.49489535481155,-0.5,0.0,2.9789784149060106e-17,2.286504095218326,1.5707963267948966,19.106388300811094,461.0,0.013446555800129486,0.33728436664798156,0.0,0.028479123287102375,-1573.9712147735268,-13.170177050514026,209.33355100443725,-0.05146590805095681,0.09295112489584245,-0.7083702243474235,-0.051972637904787636,0.09266874456973007,-0.7083702243474235,-9.306278439398678e-18,3.7105524373121176e-20,6.810069849187056e-19,-9.306342319390248e-18,-1.37056879376323e-20,6.810069849187056e-19,-1574.0231874114315,-13.077508305944296,208.62518078008983,-1057346.635112958,153.38466676094868,117014.98057401515,-0.013466362511290741,4719.434744703061
77.19069579082482,2001.0,12.0,14.0,14.0,22.0,45.0,1.0,3495340.0718078665,29198.44331191721,-464095.0296678069,340.7310956961377,-294.91860737733936,4687.640330089974,3526136.549148377,4709.251164340008,3495447.5094641186,10073.49287745315,-464095.0296678069,3526136.549148377,339.8264015225587,-544.5440484586024,4687.640330089974,4731.382680376793,20252559.582889635,0.8265799657597825,1.6336276077561576,9.305772182939053e-08,3.2427405624631647e-06,6.150920842790833,-0.13199871117672216,0.002881881350691391,129936.54914837703,-0.059844387478978765,-0.05956412706331778,1540.604414343834,-16543028695.951982,-1040789643.8700764,-205499274.8475993,-16543112460.973074,-1906848376.8134384,16575736530.178087,16653914572.271635,-0.9912966956167167,-0.0028568073689279197,0.13161572820539066,-0.002881877361573612,0.9999958473828143,0.0,0.1316151816556558,0.00037930038754214085,0.9913008121095053,4691.381433894626,-545.5211251890413,-0.11576166915870617,2.549121526777466e-09,162.19137287094256,0.0,-70.39137287094258,-0.5,0.0,2.978799684590124e-17,2.286474906342642,1.5707963267948966,19.112620411574266,461.0,0.013518198324841479,0.3394918098537239,0.0,0.028630516858932337,-1574.0581649149335,-13.148948930213127,208.9961364953004,-0.05165189067926714,0.09342937175312685,-0.7121350318356787,-0.05216230993065466,0.09314536348968352,-0.7121350318356787,-9.35527375435282e-18,3.743248998237764e-20,6.834586833932985e-19,-9.355338530241666e-18,-1.3754808784928693e-20,6.834586833932985e-19,-1574.1103272248642,-13.055803566723442,208.2840014634647,-1057347.833608726,153.5382049659146,117005.2559688586,-0.013374422079151306,4719.441755853325
77.23672658511954,2001.0,12.0,14.0,14.0,22.0,45.0,1.0,3495355.7523133843,29184.867944168687,-463879.25338146434,340.573919747767,-294.9199106922242,4687.661122426504,3526123.587378203,4709.260573300652,3495463.1482625566,10048.427021196288,-463879.25338146434,3526123.587378203,339.6664757452481,-544.5467062231925,4687.661122426504,4731.392102617648,20252553.106445953,0.8265799103281807,1.6336276067395021,9.305772182939053e-08,3.2475644173346903e-06,6.150982203470433,-0.13193746884917787,0.0028746975480175097,129923.58737820294,-0.059816630462217066,-0.05953650073515363,1542.845793992281,-16543028444.78309,-1040789611.182882,-205500298.82534832,-16543110936.152359,-1906856057.903999,16575736277.452385,16653913949.706425,-0.9913047746751147,-0.002849709254991725,0.13155501838957803,-0.0028746935886570122,0.9999958680598492,0.0,0.13155447481211552,0.0003781803679201753,0.9913088707040394,4691.398761470087,-545.5208932288996,-0.11576119662104734,2.553334102084045e-09,162.15896844550733,0.0,-70.35896844550734,-0.5,0.0,2.9787438536491275e-17,2.286465788458034,1.5707963267948966,19.114568030707357,461.0,0.013540615077453909,0.3401145865818384,0.0,0.028677893300739794,-1574.0825848312302,-13.14298046518166,208.90126955718532,-0.05171267414144265,0.09357897182974644,-0.7133129776693177,-0.052224215408316475,0.09329445835931129,-0.7133129776693177,-9.370602779780696e-18,3.753089156525149e-20,6.842592881164406e-19,-9.370667819734905e-18,-1.3770854732242077e-20,6.842592881164406e-19,-1574.1348090466386,-13.049686006822348,208.187956579516,-1057348.1717317086,153.6917431708805,116995.5979705867,-0.013282482059850397,4719.44871737778
77.35432563567915,2001.0,12.0,14.0,14.0,22.0,45.0,1.0,3495395.7798714805,29150.185447011485,-463327.9857625071,340.172356982956,-294.9232376156216,4687.714198950651,3526090.4999227817,4709.284591058876,3495503.0686930167,9984.388446741701,-463327.9857625071,3526090.499922782,339.25788768924804,-544.5534863801232,4687.714198950651,4731.416154274707,20252536.512170274,0.8265797682982239,1.63362760413502,9.305772182939053e-08,3.2600866575516113e-06,6.1511389691885086,-0.13178100546468857,0.0028563445939801006,129890.49992278218,-0.05974571611765264,-0.05946592027275484,1548.5829971432686,-16543027801.22872,-1040789527.4376777,-205502910.4948234,-16543107041.344929,-1906875665.2435122,16575735629.909542,16653912358.071177,-0.991325398134156,-0.002831574642500058,0.13139991323894082,-0.0028563407099697984,0.9999959206505538,0.0,0.1313993772127775,0.0003753229214708861,0.9913294421133667,4691.442993384141,-545.5203010719453,-0.11575999038755827,2.5640875250957884e-09,162.07624980695547,0.0,-70.27624980695548,-0.5,0.0,2.9786013122364184e-17,2.2864425096787477,1.5707963267948966,19.11954233893345,461.0,0.01359783937761377,0.34171031387866574,0.0,0.028798831889186405,-1574.1449233103278,-13.127731256989417,208.65888801938965,-0.05186741596871982,0.09396078284418681,-0.716319930293561,-0.052381826063290275,0.09367497985182514,-0.716319930293561,-9.409731078936156e-18,3.778270015268068e-20,6.86297431243907e-19,-9.409796796275609e-18,-1.381170261446723e-20,6.86297431243907e-19,-1574.1973051363912,-13.034056277137593,207.94256808909608,-1057349.038088724,153.8452813758464,116986.00657919943,-0.013190542450499271,4719.4556292716425
77.59268307383495,2001.0,12.0,14.0,14.0,22.0,45.0,1.0,3495476.7654775125,29079.887497074174,-462210.62141110864,339.35839448014406,-294.9299686102595,4687.821585885782,3526023.5558480346,4709.333182881126,3495583.834631445,9854.588438960353,-462210.62141110864,3526023.555848035,338.42968563264265,-544.5671852978683,4687.821585885782,4731.464814676036,20252502.6641911,0.8265794785930866,1.6336275988245144,9.305772182939053e-08,3.2854610603734534e-06,6.151456721069914,-0.131463866235464,0.0028191463281714603,129823.55584803503,-0.059601978006864134,-0.05932285889674932,1560.25980758667,-16543026488.56144,-1040789356.6528445,-205508184.71244723,-16543099150.558914,-1906915335.0654113,16575734309.108894,16653909127.118307,-0.9913671248264622,-0.0027948163938429083,0.13108551718110786,-0.0028191425939382867,0.999996026209622,0.0,0.131084996274741,0.00036954876493369026,0.9913710643272586,4691.532484925552,-545.5191028438473,-0.11575754992995779,2.5858443493886188e-09,161.95444481004378,0.0,-70.10888962008755,-0.5455551899562252,0.0,2.9783898266175214e-17,2.286407971456128,1.5707963267948966,19.126927545407966,461.0,0.01371362856135221,0.34496526541533407,0.0,0.029042972022127914,-1574.2710576013533,-13.096818636325116,208.16754126072473,-0.052177517580674855,0.09473258451577604,-0.7223939444227591,-0.052697750499125805,0.0944441792925968,-0.7223939444227591,-9.488953315901381e-18,3.829577841429432e-20,6.903959956729726e-19,-9.489020422223653e-18,-1.3893330149118465e-20,6.903959956729726e-19,-1574.3237553518525,-13.00237445703252,207.44514731630198,-1057350.8052346837,153.99881958081232,116976.48179469678,-0.013098603248208981,4719.462491530081
77.76299283249173,2001.0,12.0,14.0,14.0,22.0,45.0,1.0,3495534.511995182,29029.657636649492,-461412.2331283224,338.77676676545246,-294.9347679669083,4687.898157824958,3525975.821592139,4709.367829464415,3495641.4221145245,9761.842502338239,-461412.2331283224,3525975.821592139,337.83788336415483,-544.576937643101,4687.898157824958,4731.499510153979,20252478.30466867,0.8265792700987385,1.6336275950042387,9.541398640621977e-08,3.3037927665502405e-06,6.151683766557319,-0.1312372583879847,0.0027925682150530015,129775.82159213908,-0.05949927158566035,-0.05922063601261311,1568.6423436105251,-16543025543.881016,-1040789233.7700711,-205511937.42439762,-16543093515.345695,-1906943620.9622266,16575733358.576746,16653906814.541304,-0.991396878194157,-0.0027685506073408983,0.13086086135439626,-0.0027925645854430916,0.9999961007839161,0.0,0.1308603510996209,0.0003654374070388655,0.9914007438798831,4691.5962961485575,-545.5182483286507,-0.11575580981035004,2.6013579825547944e-09,161.89477699017388,0.0,-69.98955398034774,-0.6052230098261311,0.0,2.978284946636056e-17,2.2863908432553215,1.5707963267948966,19.13059220604715,461.0,0.013796199015195123,0.34730786095091226,0.0,0.029216721334092324,-1574.3610039427751,-13.074727422692241,207.81640807338275,-0.05239643301001767,0.09528242461492875,-0.7267190373814045,-0.052920833441902654,0.09499216820605395,-0.7267190373814045,-9.545474995999405e-18,3.8664400847534195e-20,6.932980328287328e-19,-9.545543107125774e-18,-1.395081167231043e-20,6.932980328287328e-19,-1574.413924776217,-12.979735254486187,207.08968903600135,-1057352.0770079587,154.15235778577824,116967.02361707878,-0.013006664450090393,4719.469304148211
77.81201060798908,2001.0,12.0,14.0,14.0,22.0,45.0,1.0,3495551.113975715,29015.200556587482,-461182.44224928226,338.609359165724,-294.93614774672693,4687.920172080565,3525962.0981115513,4709.377790023028,3495657.978001309,9735.148483599838,-461182.44224928226,3525962.098111551,337.6675473414927,-544.579739000801,4687.920172080565,4731.509484768859,20252471.267438587,0.8265792098665862,1.6336275939008242,9.541398640621977e-08,3.3090644670787217e-06,6.151749114873001,-0.13117203601470637,0.0027849187125818997,129762.09811155079,-0.05946971055248362,-0.059191214148934704,1571.0607590079308,-16543025270.973957,-1040789198.2743084,-205513015.07739893,-16543091893.917973,-1906951753.0074832,16575733083.979422,16653906148.35688,-0.9914054322573482,-0.0027609906779241414,0.13079619956671806,-0.002784915112717424,0.9999961221163884,0.0,0.13079569235427932,0.0003642563128593573,0.9914092768271352,4691.614641658048,-545.5180026396215,-0.11575530953655658,2.605370566534765e-09,161.86021802566842,0.0,-69.96021802566841,-0.6,0.0,2.978225364824117e-17,2.2863811128070024,1.5707963267948966,19.132674728682293,461.0,0.013817562879021509,0.3479846314562425,0.0,0.029261927685002957,-1574.3868643251606,-13.068368658496114,207.71533742753658,-0.0524507229458812,0.09542509857301888,-0.7278428596895617,-0.052976239515626494,0.09513435668568392,-0.7278428596895617,-9.560078958131194e-18,3.876374415578551e-20,6.940125607555743e-19,-9.560147346522026e-18,-1.396518355202187e-20,6.940125607555743e-19,-1574.4398405646762,-12.97323430181043,206.98749456784702,-1057352.444411505,154.30589599074415,116957.63204634542,-0.01291472605325417,4719.476067121101
77.89008441779387,2001.0,12.0,14.0,14.0,22.0,45.0,1.0,3495577.5400894047,28992.173682138007,-460816.43709331163,338.34271246861096,-294.9383439839087,4687.955213177864,3525940.253834101,4709.393644472088,3495684.330402082,9692.630894612603,-460816.43709331163,3525940.253834101,337.396236327012,-544.5841958148911,4687.955213177864,4731.525361591174,20252460.03575506,0.8265791137336658,1.6336275921399401,9.541398640621977e-08,3.3175085361946237e-06,6.1518532004358875,-0.13106815103412656,0.0027727349323650916,129740.2538341009,-0.05942262626694222,-0.059144351527814575,1574.9176705777645,-16543024835.40585,-1040789141.6252899,-205514729.28093648,-16543089311.845516,-1906964697.0786831,16575732645.713804,16653905086.782293,-0.9914190481817953,-0.00274894927220416,0.13069320632765136,-0.0027727313795414964,0.9999961559729602,0.0,0.1306927039394323,0.00036237715427757015,0.991422859238074,4691.643842982254,-545.5176115503201,-0.11575451323423222,2.6119238497697264e-09,161.8116751868909,0.0,-69.91167518689092,-0.6,0.0,2.9781414487352336e-17,2.2863674082696708,1.5707963267948966,19.135608585743284,461.0,0.013852451819941224,0.3490647905260133,0.0,0.02933564821244036,-1574.4280284018635,-13.058240112243503,207.5543472251048,-0.05254006406639829,0.09565787761285997,-0.72967614950115,-0.0530673909267763,0.09536634575007494,-0.72967614950115,-9.583935076094424e-18,3.8924762997294043e-20,6.951906314436937e-19,-9.58400391245273e-18,-1.3988783299625878e-20,6.951906314436937e-19,-1574.4810957927903,-12.962873766493429,206.82467107560365,-1057353.0308019016,154.45943419571006,116948.30708249667,-0.012822788054810767,4719.4827804437655
78.04259610809689,2001.0,12.0,14.0,14.0,22.0,46.0,1.0,3495629.1015873817,28947.19180991032,-460101.4639046773,337.8218167783223,-294.94262911721705,4688.023583947469,3525897.6322158747,4709.424578227116,3495735.746856578,9609.57477558027,-460101.4639046773,3525897.6322158747,336.866229125558,-544.592883843516,4688.023583947469,4731.556338997343,20252438.01429638,0.8265789252496479,1.6336275886881872,9.65705618025044e-08,3.3339995384758775e-06,6.152056527923278,-0.13086521531967293,0.002748935064336786,129697.63221587474,-0.05933064866372337,-0.05905280693068651,1582.4691847264767,-16543023981.413393,-1040789030.5686922,-205518069.9088446,-16543084269.672575,-1906989952.7536411,16575731786.433239,16653903011.319916,-0.9914456151296879,-0.0027254264808422883,0.1304920085316043,-0.0027489316022174894,0.9999962216803853,0.0,0.1304915154910889,0.00035871360608936135,0.9914493611422561,4691.7008192036965,-545.5168484205041,-0.11575295954389364,2.6247103352375796e-09,161.71696047972162,0.0,-69.81696047972163,-0.6,0.0,2.977977684005731e-17,2.28634066345972,1.5707963267948966,19.141336773861166,461.0,0.013920527553346137,0.35118263623326984,0.0,0.029479490263047657,-1574.508349344981,-13.038452842178664,207.23983449353767,-0.052713668864884045,0.09611196016288773,-0.7332532211671797,-0.05324453591389612,0.09581888731801778,-0.7332532211671797,-9.630479247726359e-18,3.923999193690991e-20,6.974798225946186e-19,-9.630548963934639e-18,-1.4034639743544427e-20,6.974798225946186e-19,-1574.5615938808949,-12.942633954860646,206.50658127237048,-1057354.180513164,154.61297240067597,116939.04872553257,-0.012730850451870432,4719.489444111172
78.11213225506894,2001.0,12.0,14.0,14.0,22.0,46.0,1.0,3495652.5841572937,28926.682568044336,-459775.4757249994,337.5843108749719,-294.94458065661416,4688.054721965432,3525878.2211199678,4709.43866599301,3495759.162834168,9571.705747292168,-459775.4757249994,3525878.2211199673,336.6245688799608,-544.5968371377666,4688.054721965432,4731.570446642051,20252427.937530644,0.8265788390013082,1.633627587109034,9.65705618025044e-08,3.3414836463262227e-06,6.152149234622544,-0.13077268722266827,0.0027380838843307476,129678.22111996682,-0.059288711640428184,-0.05901106733219824,1585.920010149479,-16543023590.639101,-1040788979.756115,-205519589.5474899,-16543081971.476152,-1907001454.7954826,16575731393.23952,16653902064.238855,-0.9914577145332512,-0.0027147011742940435,0.1304002710504719,-0.0027380804630490496,0.9999962514506632,0.0,0.1303997822386223,0.00035704643453959763,0.9914614310753411,4691.726767718513,-545.5165008450864,-0.11575225195819523,2.630975372011198e-09,161.67055279991703,0.0,-69.77055279991706,-0.6,0.0,2.977897552268097e-17,2.286327576953849,1.5707963267948966,19.14414092598487,461.0,0.013953874317828175,0.35215175051263686,0.0,0.029549956545731778,-1574.5449312572603,-13.029430219130871,207.09642259650204,-0.05280125774144423,0.09633432948938038,-0.7350053784691127,-0.05333382692968099,0.09604050584145088,-0.7350053784691127,-9.65327662608415e-18,3.939055819710134e-20,6.986340851885854e-19,-9.653346757211558e-18,-1.4057766918563824e-20,6.986340851885854e-19,-1574.59826508419,-12.93338971328942,206.36141721803293,-1057354.7066086233,154.7665106056419,116929.8569754531,-0.012638913241543162,4719.496058118238
78.19269943570445,2001.0,12.0,14.0,14.0,22.0,46.0,1.0,3495679.7712878883,28902.91962369894,-459397.77092080296,337.3091207364667,-294.94684003795226,4688.090772243563,3525855.7477697693,4709.454975915539,3495786.272447155,9527.828931220212,-459397.77092080296,3525855.747769769,336.3445653325264,-544.6014113623229,4688.090772243563,4731.586779578475,20252416.23114667,0.8265787388046792,1.633627585274782,9.65705618025044e-08,3.3502436828335198e-06,6.152256649328467,-0.1306654794322608,0.0027255114004222595,129655.74776976928,-0.059240121230499744,-0.058962705666124396,1589.9251905083656,-16543023136.670828,-1040788920.7309409,-205521347.52820566,-16543079309.170319,-1907014771.2761884,16575730936.460844,16653900966.189707,-0.9914717227607414,-0.0027022741747863357,0.1302939779119973,-0.0027255080260530683,0.9999962857961023,0.0,0.13029349397359669,0.0003551172825455298,0.9914754053025562,4691.756809728293,-545.5160984139712,-0.11575143275222953,2.6385601277028706e-09,161.6143694244232,0.0,-69.71436942442318,-0.6,0.0,2.9778006138145664e-17,2.2863117457029776,1.5707963267948966,19.147534352224024,461.0,0.013994239662964529,0.35327760132814673,0.0,0.02963525776078399,-1574.5872854075706,-13.018975629414223,206.9302500125671,-0.052909027134038694,0.09660344771107907,-0.7371262659778005,-0.05344363470901378,0.09630871804269397,-0.7371262659778005,-9.680870328300822e-18,3.957017665009696e-20,7.000538037911336e-19,-9.680940950690956e-18,-1.408621632305897e-20,7.000538037911336e-19,-1574.6407290422796,-12.922666911371529,206.1931237465893,-1057355.3177850917,154.92004881060782,116920.73183225827,-0.01254697642093881,4719.5026224598305
78.35875867449356,2001.0,12.0,14.0,14.0,22.0,46.0,1.0,3495735.7374878735,28853.940589622907,-458619.26397139754,336.7418953523413,-294.9514909991947,4688.164983677146,3525809.4851428233,4709.488549758314,3495842.077650056,9437.392053892385,-458619.26397139754,3525809.4851428242,335.76741878839164,-544.6108183899862,4688.164983677146,4731.620400793344,20252391.996620458,0.8265785313772708,1.6336275814784877,9.65705618025044e-08,3.3682887478147122e-06,6.152478048993332,-0.1304445061791924,0.002699598242202844,129609.4851428247,-0.05913996814525162,-0.0588630240514355,1598.2040538787842,-16543022196.874275,-1040788798.5537511,-205524961.7165847,-16543073823.374464,-1907042183.6411765,16575729990.847235,16653898700.475302,-0.9915005596249469,-0.0026766596702572807,0.13007488518705929,-0.002699594963168228,0.9999963560868783,0.0,0.13007441120547836,0.0003511495048856708,0.9915041725800116,4691.818652541042,-545.515269908036,-0.11574974639528417,2.6541802000113614e-09,161.49871285706172,0.0,-69.59935642853085,-0.6006435714691476,0.0,2.9776010145151064e-17,2.2862791486636356,1.5707963267948966,19.154525440151907,461.0,0.014077370573633141,0.3556083738944236,0.0,0.029810922376659207,-1574.674477644185,-12.997425216870647,206.58771262003216,-0.05313006547100776,0.09715761125472697,-0.7414938729636323,-0.05366888120012227,0.09686101626766767,-0.7414938729636323,-9.737690373758325e-18,3.994138355325028e-20,7.029656690581849e-19,-9.737762015000924e-18,-1.4144557640582077e-20,7.029656690581849e-19,-1574.728146525385,-12.90056420060298,205.84621874706852,-1057356.5830432978,155.07358701557374,116911.67329594807,-0.01245503998716692,4719.50913713077
78.42163041451356,2001.0,12.0,14.0,14.0,22.0,46.0,1.0,3495756.9022850404,28835.39642097039,-458324.51000067993,336.527129763941,-294.9532498223082,4688.193048272614,3525791.9899545433,4709.50124604714,3495863.1810621037,9403.151312462202,-458324.51000067993,3525791.9899545433,335.54889690798797,-544.6143725945507,4688.193048272614,4731.6331149957505,20252382.783388063,0.8265784525194445,1.633627580035555,9.771344846937065e-08,3.375203468783704e-06,6.152561874682604,-0.1303608419116471,0.0026897873710450657,129591.9899545433,-0.05910204843399399,-0.058825282843892955,1601.3470608890057,-16543021839.594727,-1040788752.1108923,-205526326.84378436,-16543071746.924164,-1907052550.0808835,16575729631.35654,16653897841.756939,-0.9915114649480993,-0.0026669614484498934,0.12999193126154585,-0.002689784127630647,0.9999963825241303,0.0,0.12999146101887124,0.00034965023342736014,0.9915150517298734,4691.842039587488,-545.5149565621466,-0.1157491086720476,2.660303515909851e-09,161.4549748863582,0.0,-69.5774874431791,-0.6225125568208959,0.0,2.9775255156258657e-17,2.2862668187593247,1.5707963267948966,19.157171210692063,461.0,0.014109956154628496,0.3564944672390571,0.0,0.029879548779650933,-1574.7074525918342,-12.989265246922914,206.45801232111032,-0.053217012893781064,0.09737808835747418,-0.7431996858832434,-0.053757484501935994,0.0970807674749073,-0.7431996858832434,-9.759892734742413e-18,4.008544607309575e-20,7.041119520850707e-19,-9.759964770633437e-18,-1.4167309512277088e-20,7.041119520850707e-19,-1574.761210076336,-12.892184479448007,205.71481263522708,-1057357.0640569124,155.22712522053965,116902.6813665225,-0.012363103937336837,4719.515602125824
78.52914843015982,2001.0,12.0,14.0,14.0,22.0,46.0,1.0,3495793.065269517,28803.68347125377,-457820.4422087713,336.1598450824987,-294.9562549669478,4688.241000479064,3525762.097004304,4709.522938935848,3495899.238523591,9344.595129471245,-457820.4422087713,3525762.097004304,335.17518847981825,-544.6204412866734,4688.241000479064,4731.654838490726,20252366.97886427,0.8265783172452151,1.633627577560477,9.771344846937065e-08,3.3868933161590737e-06,6.152705228293055,-0.13021776431806945,0.0026730097855321975,129562.09700430464,-0.05903720038593408,-0.05876074005815244,1606.73354190588,-16543021226.715433,-1040788672.4448256,-205528657.24693698,-16543068196.597075,-1907070262.4122517,16575729014.684376,16653896372.08027,-0.9915300982712115,-0.002650375967627244,0.12985006634388707,-0.0026730066024325066,0.9999964275114703,0.0,0.12984960245601448,0.00034709008466350915,0.991533640513769,4691.881999433069,-545.514421128172,-0.11574801904380878,2.670766048493381e-09,161.38024251076158,0.0,-69.54012125538078,-0.6598787446192168,0.0,2.977396494733709e-17,2.286245748048611,1.5707963267948966,19.16169434645145,461.0,0.014165634281306141,0.358014536168958,0.0,0.029996804895829517,-1574.7637965864524,-12.975309777201863,206.23619426740555,-0.05336514455245156,0.09775476417326748,-0.7461142503274305,-0.053908450420991044,0.09745620321397064,-0.7461142503274305,-9.797825669406807e-18,4.03322199951496e-20,7.060648547734314e-19,-9.797898383005448e-18,-1.420606757368594e-20,7.060648547734314e-19,-1574.8177050368733,-12.877853573987892,205.49008001707813,-1057357.88919626,155.38066342550556,116893.75604398156,-0.012271168268557653,4719.5220174397155
78.66350852262647,2001.0,12.0,14.0,14.0,22.0,46.0,1.0,3495838.200902144,28764.052869549607,-457190.52569306566,335.7008485740474,-294.9600056533492,4688.300850366587,3525724.7871051594,4709.550013346968,3495944.241318377,9271.41936807488,-457190.52569306566,3525724.78710516,334.70816443773174,-544.6280083408128,4688.300850366587,4731.681951099273,20252347.141876232,0.8265781474557927,1.6336275744542146,9.771344846937065e-08,3.4016449626415144e-06,6.152884373766092,-0.1300389637157354,0.002652043909095545,129524.78710515937,-0.05895616127719858,-0.058680082421285897,1613.485214561224,-16543020457.468699,-1040788572.458027,-205531562.13305286,-16543063761.060167,-1907092369.1781824,16575728240.677382,16653894533.41508,-0.9915533549596097,-0.0026296492006363586,0.12967277745704242,-0.002652040800310259,0.9999964833336132,0.0,0.12967232144114466,0.0003438974965056289,0.9915568419342263,4691.93187370639,-545.5137527740884,-0.11574665907831826,2.683563868452192e-09,161.28841578924303,0.0,-69.48841578924302,-0.7,0.0,2.97723787730591e-17,2.2862198438568213,1.5707963267948966,19.167258085720878,461.0,0.014233746838553635,0.35992250152450955,0.0,0.030140297690825178,-1574.834123550724,-12.95786858181651,205.95897162509672,-0.053544274996798265,0.0982146162050897,-0.7496811411468004,-0.05409107028286066,0.09791453588155567,-0.7496811411468004,-9.8442414899326e-18,4.063743144873921e-20,7.084264683418832e-19,-9.844315048061959e-18,-1.4252980250957033e-20,7.084264683418832e-19,-1574.8882146210067,-12.859954045934954,205.20929048394993,-1057358.9248686042,155.53420163047147,116884.89732832526,-0.012179232977938222,4719.528383067114
78.69832050569966,2001.0,12.0,14.0,14.0,22.0,46.0,1.0,3495849.885244365,28753.784709924483,-457027.31637352606,335.58192167722115,-294.9609765863562,4688.316343812005,3525715.12862423,4709.557022005373,3495955.8910670914,9252.459752990484,-457027.31637352606,3525715.1286242297,334.587157634168,-544.6299658996752,4688.316343812005,4731.688969645444,20252341.98751931,0.8265781033383572,1.633627573647185,9.884312124119404e-08,3.4054614475340444e-06,6.152930790011605,-0.12999263681522277,0.0026466118103789914,129515.12862423016,-0.05893516418284457,-0.05865918416429039,1615.2378138303757,-16543020257.592087,-1040788546.4794286,-205532313.45132548,-16543062612.082294,-1907098091.9485164,16575728039.563978,16653894056.690207,-0.9915593754822867,-0.0026242788811474084,0.1296268415627393,-0.0026466087206574833,0.9999964977250069,0.0,0.12962638757389364,0.0003430715293112317,0.9915628482080541,4691.9447847080255,-545.5135797449797,-0.11574630702492301,2.6864614127309526e-09,161.26695249828924,0.0,-69.46695249828923,-0.7,0.0,2.9772007182360174e-17,2.286213775320176,1.5707963267948966,19.16856197750944,461.0,0.014249176320387429,0.3604182672469499,0.0,0.030172894996561502,-1574.8523297738682,-12.953349350432836,205.88713977655098,-0.05358255651270292,0.09831736590609268,-0.7504917554797504,-0.05413016598055469,0.09801693696533836,-0.7504917554797504,-9.854783925291926e-18,4.0710424686573507e-20,7.089312499874473e-19,-9.854857691371357e-18,-1.4263088343994807e-20,7.089312499874473e-19,-1574.9064599398487,-12.855332413467497,205.13664802107124,-1057359.1939735431,155.68773983543738,116876.1052195536,-0.012087298062587145,4719.534699002645
78.75366307697446,2001.0,12.0,14.0,14.0,22.0,46.0,1.0,3495868.451979056,28737.460768358353,-456767.8522107924,335.3928540517293,-294.96251941462316,4688.3409633214405,3525699.781037392,4709.5681588407015,3495974.402657486,9222.318444226456,-456767.8522107924,3525699.781037392,334.3947834505332,-544.6330753802299,4688.3409633214405,4731.700122192326,20252333.781760503,0.8265780331031318,1.6336275723624927,9.884312124119404e-08,3.411617519736288e-06,6.1530045810493075,-0.12991898780724334,0.0026379761375693207,129499.78103739163,-0.058901783670045456,-0.058625960778866504,1618.0264357328415,-16543019939.388577,-1040788505.1231402,-205533506.74552447,-16543060785.729488,-1907107185.5489779,16575727719.391602,16653893298.562603,-0.9915689422735933,-0.002615741276051844,0.1295538135911261,-0.0026379730779937357,0.9999965205429666,0.0,0.12955336281419821,0.0003417594724048096,0.9915723924071281,4691.965300612027,-545.5133047890092,-0.11574574760544742,2.6910656887825075e-09,161.2328467497592,0.0,-69.43284674975921,-0.7,0.0,2.9771416670839746e-17,2.286204131535195,1.5707963267948966,19.170634427941717,461.0,0.014273694452420847,0.3612075327734071,0.0,0.030224693234750785,-1574.8812604232692,-12.94616461057488,205.77294045584756,-0.05364328575545151,0.09848062313776733,-0.7517798484141521,-0.05419219011591896,0.09817964030634903,-0.7517798484141521,-9.871535738180843e-18,4.0826562399436e-20,7.097320297685331e-19,-9.871609835534054e-18,-1.427912344154383e-20,7.097320297685331e-19,-1574.935452613385,-12.847984970268532,205.02116060743342,-1057359.6223900747,155.8412780404033,116867.37971766657,-0.011995363519612761,4719.540965240883
78.88574702061712,2001.0,12.0,14.0,14.0,22.0,46.0,1.0,3495912.72218838,28698.500712567165,-456148.59376952494,334.9415997087137,-294.9661980575604,4688.399665706561,3525663.186508268,4709.594712776181,3496018.540516527,9150.380670318407,-456148.59376952494,3525663.186508268,333.9356374096326,-544.6404839488002,4688.399665706561,4731.726713588344,20252314.14066617,0.8265778649895178,1.6336275692880153,9.884312124119404e-08,3.426165507382588e-06,6.153180697785352,-0.12974321001356862,0.0026173659175572892,129463.18650826812,-0.058822114477094914,-0.05854666659580292,1624.6935800611973,-16543019177.74936,-1040788406.1428719,-205536349.18739015,-16543056428.075558,-1907128868.002583,16575726953.040314,16653891487.952541,-0.9915917532607247,-0.0025953643857230518,0.12937951518315155,-0.0026173629291352577,0.9999965746997822,0.0,0.12937907201947002,0.0003386331468298731,0.9915951497718072,4692.0142182677055,-545.5126491497051,-0.11574441374927383,2.702044047519567e-09,161.15152557392912,0.0,-69.35152557392914,-0.7,0.0,2.97700084476634e-17,2.2861811335054387,1.5707963267948966,19.175578576837136,461.0,0.014332156408432582,0.36309671807813104,0.0,0.030348201274097313,-1574.9502445048531,-12.929015769560392,205.5003646767661,-0.05378758606813424,0.09886981755902195,-0.7548511798268717,-0.05433958358083699,0.09856751440232459,-0.7548511798268717,-9.911476491802385e-18,4.110422052911844e-20,7.116347910762145e-19,-9.911551383189328e-18,-1.4317223695902655e-20,7.116347910762145e-19,-1575.004584088434,-12.830448255158068,204.74551349693925,-1057360.6478383206,155.9948162453692,116858.72082266417,-0.01190342934612315,4719.547181776358
78.98693508561017,2001.0,12.0,14.0,14.0,22.0,46.0,1.0,3495946.5967897526,28668.65351131199,-455674.1814064732,334.5958852985078,-294.96901282637555,4688.444583531289,3525635.185168832,4709.61503074618,3496052.3130206396,9095.269267002444,-455674.1814064732,3525635.1851688316,333.5838771939286,-544.6461474559422,4688.444583531289,4731.747060220592,20252299.039649937,0.8265777357353419,1.6336275669247131,9.884312124119404e-08,3.437326791662014e-06,6.153315621330965,-0.12960854609521985,0.002601576845283139,129435.18516883161,-0.058761079605320635,-0.058485919015174206,1629.8123117983341,-16543018592.16893,-1040788330.050734,-205538521.46753958,-16543053090.894392,-1907145458.7773366,16575726363.837553,16653890099.700207,-0.9916092078180302,-0.0025797533747289572,0.12924598192216316,-0.002601573910617829,0.9999966159008677,0.0,0.1292455445409479,0.00033624297462088324,0.991612563533246,4692.051648876297,-545.5121474312978,-0.11574339312503944,2.7106851909089314e-09,161.08796292207904,0.0,-69.28796292207906,-0.7,0.0,2.9768908036574745e-17,2.286163162428563,1.5707963267948966,19.179443859242664,461.0,0.014378168289031712,0.3645492333717093,0.0,0.030445409766180345,-1575.0030318398233,-12.91587698752176,205.2915275952332,-0.053902299439602556,0.09917612315425575,-0.7572684232402139,-0.05445671705223911,0.09887278319475513,-0.7572684232402139,-9.942911192368746e-18,4.1321022751093166e-20,7.13147172997005e-19,-9.942986701952727e-18,-1.4347510031789594e-20,7.13147172997005e-19,-1575.0574885568756,-12.817004204327004,204.53425917199297,-1057361.436253516,156.14835445033512,116850.12853454641,-0.011811495539226122,4719.553348603544
79.0313294021651,2001.0,12.0,14.0,14.0,22.0,47.0,1.0,3495961.447578564,28655.558536189434,-455466.0406763381,334.44420608836583,-294.97024681934124,4688.464275717124,3525622.909245969,4709.623938083638,3496067.118823165,9071.090018433551,-455466.0406763381,3525622.909245969,333.42954548603205,-544.6486288912015,4688.464275717124,4731.755980123213,20252292.39819167,0.8265776788889887,1.633627565885477,9.884312124119404e-08,3.4422327423673936e-06,6.15337481710698,-0.1295494642157289,0.002594649746119594,129422.9092459688,-0.0587343014085093,-0.058459266861871764,1632.0615174770355,-16543018334.630629,-1040788296.5878052,-205539473.06763184,-16543051627.038738,-1907152732.2005591,16575726104.706303,16653889490.260166,-0.9916168600035774,-0.002572904207833617,0.12918739536263946,-0.0025946468348339116,0.9999966338982359,0.0,0.12918696050472003,0.0003351956664781096,0.9916201978980749,4692.068058588322,-545.5119274633264,-0.11574294568210136,2.7149817639109166e-09,161.05727311492203,0.0,-69.25727311492201,-0.7,0.0,2.9768377703171234e-17,2.2861545014268136,1.5707963267948966,19.18130727314599,461.0,0.014401036057111856,0.3651880580305144,0.0,0.030493730571888818,-1575.026174668162,-12.910112259817696,205.1998989389842,-0.05396253440549875,0.09932848514383412,-0.7584698309605311,-0.05451811571933076,0.09902463400006672,-0.7584698309605311,-9.958538585906053e-18,4.1423954716513945e-20,7.139408024381641e-19,-9.95861438170122e-18,-1.436341107483763e-20,7.139408024381641e-19,-1575.0806927838812,-12.81108762581763,204.44142910802367,-1057361.7830005307,156.30189265530103,116841.60285331326,-0.011719562096029227,4719.559465716879
79.13520550687832,2001.0,12.0,14.0,14.0,22.0,47.0,1.0,3495996.1699064416,28624.91802606267,-454979.0188784531,334.0892905451474,-294.97313195350284,4688.510317577443,3525594.2071588594,4709.64476374403,3496101.735429699,9014.513739174055,-454979.0188784531,3525594.2071588594,333.0684234519892,-544.654427166854,4688.510317577443,4731.776835160697,20252276.817305423,0.8265775455269928,1.6336275634477968,9.996002811937589e-08,3.4538243021901556e-06,6.153513328012772,-0.12941121978545783,0.002578441488291396,129394.20715885935,-0.05867164364189836,-0.05839690401844491,1637.3332941532135,-16543017730.447605,-1040788218.0899936,-205541696.22611997,-16543048202.384127,-1907169737.9068,16575725496.786604,16653888063.286594,-0.9916347514784104,-0.0025568778507945485,0.12905030815928847,-0.0025784386312242514,0.9999966758215875,0.0,0.12904987917303995,0.0003327482999293036,0.9916380478602022,4692.106425663057,-545.5114131282345,-0.11574189953347877,2.7250274943992267e-09,160.98551789714838,0.0,-69.18551789714837,-0.7,0.0,2.9767137569737337e-17,2.2861342485108747,1.5707963267948966,19.185666147623248,461.0,0.014454503679863508,0.36668675725127586,0.0,0.030606709258499506,-1575.0802858864097,-12.896622844175607,204.98548862728595,-0.05410301207008161,0.09968465929512207,-0.7612788306774935,-0.05466131816285152,0.09937961315350087,-0.7612788306774935,-9.995074976934568e-18,4.166514321662806e-20,7.157916597254512e-19,-9.995151444799933e-18,-1.44004936242809e-20,7.157916597254512e-19,-1575.1349472045724,-12.797243231022106,204.22420979660845,-1057362.5964712203,156.45543086026697,116833.14377896478,-0.011627629013639711,4719.565533110744
79.3748462212451,2001.0,12.0,14.0,14.0,22.0,47.0,1.0,3496076.133191493,28554.229657520656,-453855.44820585445,333.27045878275095,-294.9797760172816,4688.616348784573,3525528.1080951053,4709.69272172256,3496181.4523577886,8883.990764215825,-453855.44820585445,3525528.108095105,332.23527318868594,-544.6677614033301,4688.616348784573,4731.824860786043,20252240.65324056,0.8265772359854394,1.6336275577917965,9.996002811937589e-08,3.480465977666972e-06,6.153832879187525,-0.12909228322984315,0.00254104993237696,129328.1080951048,-0.058527088972600165,-0.0582530297333418,1649.5432147681713,-16543016328.121803,-1040788035.9263405,-205546806.6354343,-16543040304.664967,-1907208900.2141154,16575724085.789879,16653884766.04013,-0.9916759546832338,-0.0025199035412076113,0.12873403197771674,-0.0025410471978122373,0.9999967715343577,0.0,0.12873361636431752,0.0003271192512200481,0.991679156285318,4692.194781799327,-545.5102284721265,-0.1157394903664912,2.7481621667133245e-09,160.82027023776197,0.0,-69.02027023776196,-0.7398648811190165,0.0,2.976428070693524e-17,2.2860875924006545,1.5707963267948966,19.195715367831294,461.0,0.01457764127736696,0.37016540605583875,0.0,0.030866382140313058,-1575.20490821538,-12.86549863139724,204.49077834627198,-0.0544233259426306,0.10050374934421716,-0.7677349773791841,-0.05498792345234402,0.10019595956575392,-0.7677349773791841,-1.0079039220424421e-17,4.2223251033316526e-20,7.200120458326454e-19,-1.0079117253349015e-17,-1.4484578825127432e-20,7.200120458326454e-19,-1575.2598961388323,-12.765302671831487,203.7230433688928,-1057364.4845847469,156.60896906523288,116824.7513115009,-0.011535696289164567,4719.571550779477
79.56204029116107,2001.0,12.0,14.0,14.0,22.0,47.0,1.0,3496138.4595737206,28499.01070802139,-452977.75929399655,332.63078757472215,-294.9849544414679,4688.6989932532515,3525476.588000104,4709.730099859595,3496243.58391253,8782.031217747508,-452977.75929399655,3525476.5880001034,331.5844169536668,-544.6781363083886,4688.6989932532515,4731.8622916429995,20252212.19209324,0.8265769923747474,1.6336275533423854,1.0106459234841571e-07,3.501424112606641e-06,6.154082503089449,-0.12884313930687652,0.0025118423637605445,129276.5880001029,-0.05841416690554273,-0.05814063914533696,1659.1270757317543,-16543015224.505072,-1040787892.5953273,-205550780.79203254,-16543034138.267298,-1907239424.066644,16575722975.3511,16653882185.366735,-0.9917080702827312,-0.0024910195823280986,0.12848695714951755,-0.0025118397224117455,0.9999968453256285,0.0,0.12848655181500676,0.000322738642779974,0.991711198808634,4692.26364913952,-545.5093049360682,-0.11573761261572592,2.7661941999639883e-09,160.69147000025723,0.0,-68.89147000025723,-0.8042649998713878,0.0,2.9762053074672636e-17,2.286051212404983,1.5707963267948966,19.203558777200588,461.0,0.014673624276730935,0.3729032377868945,0.0,0.031068346477781353,-1575.3020509579933,-12.841181931934653,204.10427147132913,-0.05467004706033631,0.10114115618820363,-0.7727562278780767,-0.0552395647833293,0.10083123525581918,-0.7727562278780767,-1.0144332316956066e-17,4.2660853383742887e-20,7.232628777817738e-19,-1.014441158636277e-17,-1.4548942210564917e-20,7.232628777817738e-19,-1575.3572905227766,-12.740350696678833,203.33151524345104,-1057365.970536312,156.7625072701988,116816.42545092167,-0.011443763919710475,4719.577518717367
79.60896635026728,2001.0,12.0,14.0,14.0,22.0,47.0,1.0,3496154.064863199,28485.168196190883,-452757.7366423671,332.47042774541404,-294.98625098833924,4688.719685763013,3525463.688389962,4709.739458320278,3496259.140034171,8756.471558430794,-452757.7366423671,3525463.688389962,331.4212532186846,-544.680731457921,4688.719685763013,4731.87166330282,20252205.029046506,0.8265769310631048,1.6336275522228096,1.0106459234841571e-07,3.5066519895986126e-06,6.154145080267916,-0.12878068243237764,0.002504520660231659,129263.68838996207,-0.05838585890841393,-0.05811246438017049,1661.5356530100107,-16543014946.750994,-1040787856.5262257,-205551774.59375882,-16543032592.889547,-1907247066.5379229,16575722695.880322,16653881537.77557,-0.9917161114289826,-0.00248377868343037,0.1284250177170698,-0.0025045180419131893,0.9999968636897707,0.0,0.12842461493637303,0.0003216427739054223,0.9917192217681224,4692.280892058752,-545.5090736783309,-0.11573714247028688,2.7702559632344397e-09,160.66375197769352,0.0,-68.86375197769352,-0.8,0.0,2.976157206605637e-17,2.2860433569381398,1.5707963267948966,19.205253260157995,461.0,0.014695254212242088,0.37359230994171705,0.0,0.031114096951480187,-1575.326374591453,-12.835085614537702,204.00737227264054,-0.054723317857981305,0.10128538532276403,-0.7738939939017057,-0.05529398398254865,0.1009749777554028,-0.7738939939017057,-1.0159132099742186e-17,4.27639845235941e-20,7.239657965054364e-19,-1.0159211667025618e-17,-1.4563068184837645e-20,7.239657965054364e-19,-1575.3816685754355,-12.7341106367823,203.23347827873883,-1057366.344518397,156.9160454751647,116808.16619722708,-0.011351831902383817,4719.5834369186605
79.67958288181502,2001.0,12.0,14.0,14.0,22.0,47.0,1.0,3496177.534251033,28464.337221435526,-452426.634421824,332.2291060879401,-294.9882008949621,4688.750806007019,3525444.2881755126,4709.753532662904,3496282.535183957,8718.007956605295,-452426.634421824,3525444.2881755126,331.175712091404,-544.6846324965526,4688.750806007019,4731.885757495485,20252194.2294442,0.8265768386244647,1.6336275505350248,1.0106459234841571e-07,3.5146213759944517e-06,6.154239250187694,-0.12868669353943185,0.0024935026848183287,129244.28817551257,-0.058343259298775804,-0.05807006526426159,1665.1644047945738,-16543014527.987497,-1040787802.1485602,-205553268.26839465,-16543030267.695805,-1907258560.273836,16575722274.528776,16653880562.79176,-0.9917282048423329,-0.0024728820664804887,0.12833180655819235,-0.002493500100903852,0.9999968912237912,0.0,0.1283314076033253,0.0003199953726020263,0.9917312879129663,4692.306824279096,-545.5087258654426,-0.1157364354053209,2.776507143445951e-09,160.62064039002792,0.0,-68.82064039002793,-0.8,0.0,2.97608244072185e-17,2.286031146742704,1.5707963267948966,19.207887704264035,461.0,0.014728540711290766,0.3746312193033725,0.0,0.03118441851694786,-1575.3629565960725,-12.82591115680128,203.86154692177573,-0.05480585124629915,0.10150709121901688,-0.7756427042729614,-0.05537827364163887,0.10119593720623891,-0.7756427042729614,-1.0181875945164763e-17,4.292149086457639e-20,7.250544755327271e-19,-1.0181955966251209e-17,-1.4584869704311156e-20,7.250544755327271e-19,-1575.4183348697143,-12.72471521959504,203.08590421750276,-1057366.9083652534,157.06958368013062,116799.97355041713,-0.011259900234290687,4719.589305377553
79.81534755019328,2001.0,12.0,14.0,14.0,22.0,47.0,1.0,3496222.6077302024,28424.287991901398,-451790.06366546336,331.76513444117734,-294.991945668391,4688.810573100445,3525407.029631964,4709.7805620706495,3496327.4650987615,8644.058519749737,-451790.06366546336,3525407.0296319644,330.7036281804052,-544.6921180921479,4688.810573100445,4731.912825023504,20252173.39833667,0.8265766603212289,1.633627547280105,1.0106459234841571e-07,3.5299086461247117e-06,6.154420300577838,-0.12850599114377592,0.0024723201685607358,129207.0296319644,-0.058261357521148485,-0.057988548948491765,1672.154958024621,-16543013720.249344,-1040787697.2711761,-205556133.72902602,-16543025798.606575,-1907280634.0230796,16575721461.799238,16653878686.79233,-0.9917514306039611,-0.002451932059786054,0.12815259624436276,-0.0024723176499401303,0.9999969438180488,0.0,0.12815220458671112,0.0003168339255805893,0.9917544615860466,4692.35662747833,-545.5080578307773,-0.11573507748697945,2.7885126741448077e-09,160.53784362658755,0.0,-68.73784362658753,-0.8,0.0,2.975938826899909e-17,2.2860076928256987,1.5707963267948966,19.212950164250028,461.0,0.014792469762059156,0.3766351698895318,0.0,0.03131947406371099,-1575.4332157335887,-12.808271228785125,203.58116535921945,-0.054963756383593375,0.10193279473122965,-0.7790011702349112,-0.05553955849506991,0.10162020763453847,-0.7790011702349112,-1.0225553631410919e-17,4.322487510229629e-20,7.271373813655644e-19,-1.0225634529057533e-17,-1.4626579743068518e-20,7.271373813655644e-19,-1575.4887552920836,-12.706651021150588,202.80216418898453,-1057367.9959583357,157.22312188509653,116791.84751049179,-0.011167968912536868,4719.595124088195
79.90899096646486,2001.0,12.0,14.0,14.0,22.0,47.0,1.0,3496253.660366254,28396.663817523673,-451350.98549692845,331.4450988199341,-294.99452551801386,4688.851748637274,3525381.3609664193,4709.799183013663,3496358.418069751,8593.051447693122,-451350.98549692845,3525381.3609664193,330.37799708610146,-544.6972702306618,4688.851748637274,4731.93147222719,20252158.97752951,0.8265765368864227,1.6336275450272846,1.0215721428991925e-07,3.5404920677563855e-06,6.154545181930644,-0.1283813497880475,0.002457709742122903,129181.3609664198,-0.05820486487069116,-0.05793232216974575,1676.9875063151121,-16543013161.078283,-1040787624.6755178,-205558105.40945002,-16543022717.000319,-1907295841.1967354,16575720899.173279,16653877391.638697,-0.9917674316832742,-0.0024374813865066483,0.12802898162858578,-0.0024577072678910626,0.999996979832932,0.0,0.12802859495967173,0.0003146577586492666,0.9917704269956568,4692.390938415652,-545.5075975584941,-0.11573414198327006,2.797023661753064e-09,160.47840241604953,0.0,-68.67840241604955,-0.8,0.0,2.9758357946988004e-17,2.285990866390325,1.5707963267948966,19.216583800926113,461.0,0.014837786575007181,0.37802246824662394,0.0,0.031415210635725395,-1575.4816215967412,-12.79610300200103,203.38775489919587,-0.05507678579294193,0.10223434407762294,-0.7813817132849864,-0.055654968619039416,0.10192074327769174,-0.7813817132849864,-1.0256507502155263e-17,4.34382347082629e-20,7.286276814947005e-19,-1.0256589014445221e-17,-1.465642396334141e-20,7.286276814947005e-19,-1575.5372765653603,-12.694182258723337,202.60637318591088,-1057368.7488706578,157.37666009006244,116783.78807745111,-0.011076037934227819,4719.600893044693
79.98000335655992,2001.0,12.0,14.0,14.0,22.0,47.0,1.0,3496277.188457642,28375.715481789764,-451018.017819598,331.20240039584513,-294.9964801991132,4688.882946656395,3525361.9122235235,4709.813291501372,3496381.8702330333,8554.37105411547,-451018.017819598,3525361.912223523,330.13105543060396,-544.7011712299501,4688.882946656395,4731.94560061125,20252148.01142329,0.8265764430219198,1.633627543314441,1.0106459234841571e-07,3.5484793160031085e-06,6.154639884104969,-0.12828682959176213,0.0024466303461059473,129161.91222352255,-0.05816202435736237,-0.05788968327436574,1680.6585755348206,-16543012735.866432,-1040787569.4759743,-205559597.99713242,-16543020380.575264,-1907307363.3277366,16575720471.334497,16653876408.772268,-0.9917795554862021,-0.002426522798823807,0.12793523872138593,-0.0024466279051851155,0.9999970070014678,0.0,0.1279348558114042,0.00031300992511226213,0.9917825238898405,4692.416935161477,-545.5072487927288,-0.11573343317333616,2.803830721767104e-09,160.4297805588064,0.0,-68.6297805588064,-0.8,0.0,2.9757516333281764e-17,2.2859771217954448,1.5707963267948966,19.21955297421209,461.0,0.01487402401276043,0.37907743064926785,0.0,0.03149176879616239,-1575.5182990295289,-12.786874890013285,203.24107671230533,-0.05516919046334336,0.10247523028223005,-0.7832851359657889,-0.05574925044237488,0.10216082161420834,-0.7832851359657889,-1.0281251033295463e-17,4.36057568990983e-20,7.298450847433903e-19,-1.0281333023767577e-17,-1.4680805837218873e-20,7.298450847433903e-19,-1575.5740482799713,-12.684714068399076,202.45779157633953,-1057369.3214132842,157.53019829502836,116775.79525129503,-0.010984107296468721,4719.606612241104
80.11738072053788,2001.0,12.0,14.0,14.0,22.0,48.0,1.0,3496322.6559192846,28335.189383423884,-450373.86729800334,330.73287091202207,-295.00025749715996,4688.9432359688035,3525324.3280011606,4709.840555046709,3496427.1899522757,8479.540925458685,-450373.86729800334,3525324.32800116,329.6533171107314,-544.708703210979,4688.9432359688035,4731.972902603468,20252126.721489202,0.8265762607900419,1.63362753998978,1.0215721428991925e-07,3.5641197795766577e-06,6.154823093575181,-0.12810397212231872,0.0024251968768158757,129124.32800116017,-0.05807914562684064,-0.05780719458500698,1687.7763977348804,-16543011910.35243,-1040787462.3219588,-205562479.14945883,-16543015861.67891,-1907329629.3041654,16575719640.721237,16653874505.57424,-0.9918029845312788,-0.0024053222162020303,0.12775388174096394,-0.0024251944994850443,0.9999970592114957,0.0,0.12775350604381713,0.0003098280112860486,0.9918059012226715,4692.467172957613,-545.5065747492804,-0.11573206343116027,2.8169851995939456e-09,160.3358200029004,0.0,-68.5358200029004,-0.8,0.0,2.975588962061728e-17,2.2859505555615627,1.5707963267948966,19.22529462798938,461.0,0.014944053721775633,0.38112559419680264,0.0,0.03163971701395295,-1575.5891798996054,-12.769021110607563,202.957296010113,-0.05534709972147034,0.10294062690645384,-0.7869634767653878,-0.05593079456442364,0.10262465753835356,-0.7869634767653878,-1.0329064191242863e-17,4.393046210464976e-20,7.321889670151876e-19,-1.0329147111247376e-17,-1.4727746816519694e-20,7.321889670151876e-19,-1575.6451106941697,-12.66639645306921,202.17033253334762,-1057370.4329668246,157.68373649999427,116767.86903202362,-0.010892176996364392,4719.612281671442
80.19109344884718,2001.0,12.0,14.0,14.0,22.0,48.0,1.0,3496347.025855703,28313.44403499348,-450028.23130850407,330.48092621904874,-295.00228203592013,4688.975550158611,3525304.183371671,4709.855167516965,3496451.480149498,8439.388812147836,-450028.23130850407,3525304.1833716705,329.3969677542074,-544.712736655581,4688.975550158611,4731.987535679456,20252115.256826792,0.8265761626576419,1.6336275381998382,1.0215721428991925e-07,3.57245822330921e-06,6.154921400074246,-0.12800585447238808,0.0024136964207732447,129104.18337167054,-0.05803467452779586,-0.057762932770897855,1691.6042709946632,-16543011465.814722,-1040787404.6260705,-205564021.64988276,-16543013437.533695,-1907341563.4201102,16575719193.437988,16653873483.396202,-0.991815542228025,-0.0023939462733329974,0.12765656746195678,-0.002413694077102697,0.9999970870362084,0.0,0.12765619560299798,0.000308123900786186,0.9918184313592034,4692.494099573411,-545.5062134371863,-0.11573132927663594,2.8238742469061578e-09,160.2870741592679,0.0,-68.48707415926788,-0.8064629203660614,0.0,2.975504499393225e-17,2.285936761761005,1.5707963267948966,19.228277225429263,461.0,0.014980732688464489,0.38222854427061675,0.0,0.03171711843502542,-1575.6271725005654,-12.759440478506704,202.80501460478106,-0.05543872598024264,0.10318426725051512,-0.7888879377605049,-0.056024340426009664,0.10286748089736004,-0.7888879377605049,-1.0354079760879543e-17,4.4102520548932994e-20,7.3339653100814e-19,-1.0354163177671895e-17,-1.475185132742556e-20,7.3339653100814e-19,-1575.6831968409915,-12.656572997609343,202.01612666702056,-1057371.0315410905,157.83727470496018,116760.00941963682,-0.01080024703101934,4719.617901329676
80.23370760169057,2001.0,12.0,14.0,14.0,22.0,48.0,1.0,3496361.1059169336,28300.872737733072,-449828.4141898996,330.33527139615364,-295.00345172863683,4688.99422011154,3525292.544538538,4709.863609946641,3496465.513964501,8416.17629069651,-449828.4141898996,3525292.5445385375,329.2487665336257,-544.7150658877567,4688.99422011154,4731.995990013987,20252108.616777666,0.826576105821701,1.6336275371632516,1.0323827311807144e-07,3.5773650645227457e-06,6.154978232666177,-0.12794913104881991,0.002407047918239932,129092.5445385375,-0.058008965044726725,-0.057737344277825585,1693.8197033405304,-16543011208.350414,-1040787371.2118164,-205564912.29112056,-16543012036.322674,-1907348458.4760838,16575718934.38364,16653872892.187366,-0.9918227976232223,-0.0023873696109944238,0.12760030791963176,-0.0024070455938829346,0.9999971030615583,0.0,0.12759993826939459,0.00030713975895605534,0.9918256708811358,4692.509656750825,-545.5060046745187,-0.11573090511162416,2.827624537582362e-09,160.26121008563888,0.0,-68.46121008563888,-0.819394957180559,0.0,2.975459600376131e-17,2.2859294291950563,1.5707963267948966,19.22986311636878,461.0,0.015000705147217434,0.38286735519716075,0.0,0.03175913743560553,-1575.649123694352,-12.753901550251921,202.7169749233489,-0.05548675511020274,0.10331683833846544,-0.7899327964457339,-0.0560734334478584,0.10299960746665401,-0.7899327964457339,-1.0367664200935497e-17,4.419852250905846e-20,7.34030159015969e-19,-1.0367747899411219e-17,-1.4764383012914023e-20,7.34030159015969e-19,-1575.7051971278,-12.650901942785268,201.92704212690316,-1057371.3782208245,157.9908129099261,116752.21641413466,-0.010708317397537737,4719.623471209728
80.36688152295142,2001.0,12.0,14.0,14.0,22.0,48.0,1.0,3496405.0676504006,28261.585727984086,-449203.95855944924,329.88007092757766,-295.0071037678797,4689.052512687911,3525256.2049735817,4709.88996890729,3496509.330473968,8343.633965244311,-449203.95855944924,3525256.2049735817,328.78560823336477,-544.722332966054,4689.052512687911,4732.022386142967,20252087.809175957,0.8265759277172706,1.6336275339154256,1.0323827311807144e-07,3.592539862170123e-06,6.1551558431597435,-0.12777186168423602,0.0023862708031407043,129056.20497358171,-0.05792861893079056,-0.05765737627111484,1700.754658818245,-16543010401.551395,-1040787266.5113554,-205567690.47441277,-16543007658.431488,-1907369986.5014944,16575718122.602493,16653871043.32493,-0.9918454509890495,-0.0023668163333696868,0.12742448560921418,-0.0023862685384556785,0.999997152857178,0.0,0.12742412281350465,0.00030406904103816616,0.991848274922746,4692.558230257096,-545.505352816598,-0.11572958076734365,2.8393339529570073e-09,160.18045549684823,0.0,-68.38045549684823,-0.8597722515758862,0.0,2.975319393456602e-17,2.2859065316674383,1.5707963267948966,19.23481714554407,461.0,0.01506306584276806,0.3848692130860603,0.0,0.031890330284218824,-1575.7176633551678,-12.736590573567819,202.44182188731472,-0.05563620780326311,0.10373068385318099,-0.7931950762955753,-0.056226213494211356,0.103412065579795,-0.7931950762955753,-1.0410075559131798e-17,4.449900389607792e-20,7.360018444477947e-19,-1.0410160141338222e-17,-1.480337373377893e-20,7.360018444477947e-19,-1575.773889568662,-12.633178507988024,201.64862681101914,-1057372.4645958524,158.14435111489203,116744.49001551713,-0.010616388093023408,4719.628991305478
80.47972099485669,2001.0,12.0,14.0,14.0,22.0,48.0,1.0,3496442.2693812866,28228.29710792969,-448674.84556867025,329.4943599265821,-295.0101941666846,4689.101841567179,3525225.453346189,4709.912273967998,3496546.4083258356,8282.167438276947,-448674.84556867025,3525225.4533461896,328.393154420334,-544.7284761633674,4689.101841567179,4732.044722654479,20252070.11155944,0.8265757762325684,1.6336275311536346,1.0323827311807144e-07,3.6054344129577767e-06,6.155306336969268,-0.12762165687950364,0.002368666387294172,129025.45334618958,-0.05786053957884952,-0.057589617293043766,1706.644177943468,-16543009715.344923,-1040787177.4701713,-205570038.3324638,-16543003950.251133,-1907388203.932321,16575717432.15918,16653869475.265644,-0.9918646210292362,-0.002349400782413904,0.12727550379587277,-0.0023686641723625708,0.9999971947110845,0.0,0.12727514675131277,0.0003014729258606802,0.9918674035038689,4692.5993343939135,-545.5048011419359,-0.11572846008286322,2.8492428106722504e-09,160.11211854708793,0.0,-68.31211854708793,-0.8939407264560351,0.0,2.97520072234139e-17,2.2858871512035703,1.5707963267948966,19.239012296819354,461.0,0.015115838881799272,0.38657189724804336,0.0,0.03200134751181092,-1575.775666192493,-12.721921385705807,202.20865931954728,-0.05576207801113424,0.10408080112445203,-0.7959556562245118,-0.05635490604140544,0.10376100940089163,-0.7959556562245118,-1.0445961870066509e-17,4.4754154317314307e-20,7.376624367744451e-19,-1.0446047205147676e-17,-1.4836207011630035e-20,7.376624367744451e-19,-1575.8320210985344,-12.618160376304916,201.41270366332276,-1057373.3885987978,158.29788931985794,116736.83022378426,-0.010524459114579865,4719.634461610758
80.50190361682067,2001.0,12.0,14.0,14.0,22.0,48.0,1.0,3496449.5775890923,28221.753001583467,-448570.82888768683,329.4185330011528,-295.01080126258756,4689.111532126925,3525219.4122486063,4709.916655682131,3496553.692091313,8270.083919039005,-448570.82888768683,3525219.4122486063,328.316001947328,-544.7296822889887,4689.111532126925,4732.049110546832,20252066.62538153,0.8265757463921943,1.6336275306096573,1.0323827311807144e-07,3.60798933040953e-06,6.15533592219844,-0.12759212846006038,0.002365205635550261,129019.41224860633,-0.0578471560080957,-0.05757629670322,1707.8033831566572,-16543009580.172623,-1040787159.9312965,-205570499.22767472,-16543003221.41696,-1907391782.687359,16575717296.152344,16653869166.852125,-0.9918683869555206,-0.0023459770731728232,0.12724621546366677,-0.0023652034303128905,0.9999972029024548,0.0,0.12724585954358986,0.0003009631853089978,0.9918711613159111,4692.6074091999535,-545.504692760964,-0.11572823992821134,2.8512204067726303e-09,160.0992653107579,0.0,-68.2985306215158,-0.9,0.0,2.9751783780275756e-17,2.2858835021001993,1.5707963267948966,19.23980240386412,461.0,0.015126370852325497,0.38690730999426953,0.0,0.032023513260161555,-1575.787061009615,-12.719037478460912,202.16282043311224,-0.05578737233599582,0.10415069747453784,-0.7965068965394446,-0.056380761941646367,0.10383067167011459,-0.7965068965394446,-1.045313119267649e-17,4.480487715807587e-20,7.379963484095457e-19,-1.0453216677130864e-17,-1.4842819022969633e-20,7.379963484095457e-19,-1575.8434417715566,-12.615206806790797,201.3663135365728,-1057373.570614379,158.45142752482386,116729.23703893599,-0.01043253045931024,4719.639882119358
80.5362933730642,2001.0,12.0,14.0,14.0,22.0,48.0,1.0,3496460.9041907955,28211.607635858403,-448409.5712268228,329.30097730398137,-295.0117421624981,4689.1265509977575,3525210.0494733555,4709.9234466113385,3496564.980741907,8251.350765907395,-448409.5712268228,3525210.0494733555,328.1963912467058,-544.7315511468083,4689.1265509977575,4732.055911051168,20252061.21531223,0.8265757000839999,1.6336275297655272,1.0323827311807144e-07,3.611925901479635e-06,6.155381788426278,-0.12754635030114048,0.0023598404418368676,129010.04947335552,-0.05782640734063551,-0.057555645675218994,1709.6016709506512,-16543009370.404139,-1040787132.7141944,-205571213.32545036,-16543002091.562963,-1907397329.1894305,16575717085.088823,16653868688.584152,-0.9918742235698188,-0.0023406692509401234,0.1272008092947007,-0.0023598382515724516,0.9999972155778367,0.0,0.12720045511394812,0.0003001733354046074,0.9918769853740801,4692.619923887942,-545.5045247822962,-0.11572789872329578,2.854731447491677e-09,160.0875618416944,0.0,-68.27512368338881,-0.9,0.0,2.975157709304498e-17,2.2858801266415623,1.5707963267948966,19.24053332082616,461.0,0.015145061462901115,0.3874278259584843,0.0,0.03206299833996868,-1575.8047214060814,-12.714566451395863,202.09175472718104,-0.055835620504515536,0.10427521531074564,-0.7974897363948086,-0.056429973243274166,0.10395477461372325,-0.7974897363948086,-1.046596654069299e-17,4.489081534056916e-20,7.386361335220796e-19,-1.0466052270379803e-17,-1.4855634787104047e-20,7.386361335220796e-19,-1575.8611513793246,-12.61061167678214,201.29426499078625,-1057373.8530776948,158.60496572978977,116721.71046097236,-0.01034060212431731,4719.645252825024
80.64838887099957,2001.0,12.0,14.0,14.0,22.0,48.0,1.0,3496497.7958711837,28178.537975897703,-447883.93850845634,328.9177882050473,-295.01480670326356,4689.175468607147,3525179.5541373994,4709.945564755385,3496601.7482277383,8190.288470337299,-447883.93850845634,3525179.554137399,327.80650369880124,-544.737634355211,4689.175468607147,4732.078060380788,20252043.5347182,0.826575548744376,1.6336275270072413,1.0430812835693365e-07,3.624843375437498e-06,6.155531293842744,-0.12739713192243043,0.0023423523984386313,128979.55413739849,-0.05775877499709528,-0.057488331593501384,1715.4732257723808,-16543008684.864883,-1040787043.7732085,-205573537.35286966,-16542998409.223682,-1907415394.439619,16575716395.317703,16653867128.501486,-0.9918932339556663,-0.0023233677446939122,0.12705280160347812,-0.002342350256508346,0.9999972566938751,0.0,0.1270524530587493,0.00029760216242601096,0.991895955029915,4692.660685062541,-545.5039776211462,-0.1157267873993996,2.8661671984755712e-09,160.0494426717481,0.0,-68.19888534349619,-0.9,0.0,2.975090385348946e-17,2.285869131805239,1.5707963267948966,19.24291452486654,461.0,0.015205939416296096,0.38912893242002583,0.0,0.0321916053931309,-1575.8622442710835,-12.699992016986839,201.86009822295648,-0.055992368218286605,0.10468071589631052,-0.8006909613749861,-0.05658986242746305,0.1043589241497682,-0.8006909613749861,-1.050777168790864e-17,4.517132272247711e-20,7.407147282956301e-19,-1.0507858219681737e-17,-1.4897270818980947e-20,7.407147282956301e-19,-1575.918834133511,-12.59563309283707,201.0594072615815,-1057374.776194306,158.75850393475568,116714.25048989337,-0.01024867410670353,4719.6505737214575
80.82471039235342,2001.0,12.0,14.0,14.0,22.0,48.0,1.0,3496555.7380155935,28126.52009200022,-447057.12918197137,328.3150194536121,-295.0196197269924,4689.252298388599,3525131.6580994083,4709.980302078285,3496659.4934998704,8094.238660264367,-447057.12918197137,3525131.6580994087,327.19319844296143,-544.7471768247899,4689.252298388599,4732.112846679449,20252015.580692902,0.8265753094669718,1.6336275226475419,1.0430812835693365e-07,3.645123744692855e-06,6.155766464744248,-0.12716241243496323,0.0023148448448093817,128931.65809940873,-0.05765238967106179,-0.05738244688032777,1724.7395790368319,-16543007600.99772,-1040786903.174761,-205577181.75992376,-16542992618.56036,-1907443767.2378669,16575715304.761103,16653864671.017881,-0.9919230918555567,-0.0022961521569462217,0.1268199807955554,-0.002314842777458018,0.9999973207478686,0.0,0.12681964101285156,0.00029356831658195593,0.9919257494747351,4692.7247040119555,-545.5031181220044,-0.11572504197907962,2.884023938964333e-09,159.97914524852183,0.0,-68.07914524852184,-0.9,0.0,2.974966909343131e-17,2.285848966643186,1.5707963267948966,19.24728337338632,461.0,0.015301003241735778,0.3918184972237742,0.0,0.0323924274210632,-1575.9525943988494,-12.67706441183619,201.49567041613318,-0.0562352123146732,0.10531345614438876,-0.8056887665598668,-0.056837631799187986,0.10498955548344989,-0.8056887665598668,-1.0572983675806435e-17,4.56118229112825e-20,7.439318324861427e-19,-1.057307147401358e-17,-1.4961706418002115e-20,7.439318324861427e-19,-1576.0094320306487,-12.57207485635274,200.68998164957333,-1057376.2356974892,158.9120421397216,116706.85712569903,-0.010156746403570963,4719.655844802315
80.92797609886141,2001.0,12.0,14.0,14.0,22.0,48.0,1.0,3496589.6234697937,28096.05453717803,-446572.88791000814,327.9619815720429,-295.0224343742844,4689.297229463389,3525103.647760371,4710.000616177646,3496693.2627898073,8037.984670290124,-446572.88791000814,3525103.647760371,326.83398960731654,-544.7527506834207,4689.297229463389,4732.133189418151,20251999.129629266,0.8265751686507101,1.633627520082561,1.0430812835693365e-07,3.6570436966564217e-06,6.155904199511938,-0.12702494199750927,0.0022987348069000795,128903.64776037121,-0.05759008188274853,-0.0573204322846644,1730.183276206255,-16543006963.142654,-1040786820.44429,-205579309.82475516,-16542989228.08963,-1907460359.7991261,16575714662.970036,16653863229.819157,-0.9919405532973155,-0.0022802122925937095,0.12668361913095305,-0.002298732782411876,0.9999973579103072,0.0,0.1266832844214687,0.0002912117882909021,0.9919431741001515,4692.762142934285,-545.5026154041097,-0.11572402124594869,2.8941776868654316e-09,159.90911940092806,0.0,-68.00911940092806,-0.9,0.0,2.97484553205164e-17,2.2858291442271916,1.5707963267948966,19.251579963449977,461.0,0.015355062086757227,0.39340134696588264,0.0,0.03250662510885491,-1576.0054351453957,-12.663634977213547,201.28221333458646,-0.05637070102719062,0.10567245109741094,-0.8085279955610132,-0.056975946089958415,0.10534735128319918,-0.8085279955610132,-1.0609883814504903e-17,4.586513931410318e-20,7.457172459607573e-19,-1.0609972348906599e-17,-1.4997457611197277e-20,7.457172459607573e-19,-1576.0624110914857,-12.558287625930348,200.47368533902545,-1057377.094623249,159.0655803446875,116699.5303683893,-0.010064819012021296,4719.661066061214
81.10268752081285,2001.0,12.0,14.0,14.0,22.0,49.0,1.0,3496646.8699950795,28044.510332698985,-445753.6074908049,327.3646628617179,-295.0271893384684,4689.373136345633,3525056.326726887,4710.0349337154175,3496750.3113299757,7942.80932059001,-445753.6074908049,3525056.3267268864,326.2262303704952,-544.7621559070632,4689.373136345633,4732.167555335539,20251971.1648714,0.8265749292797943,1.633627515723654,1.0536712127723512e-07,3.6772672455703734e-06,6.156137232764301,-0.12679235587811227,0.002271479217211849,128856.32672688644,-0.057484663280387455,-0.05721550972439524,1739.4206311106682,-16543005878.877586,-1040786679.8339872,-205582899.5649512,-16542983493.504791,-1907488391.0120196,16575713572.015572,16653860788.322062,-0.9919700530223318,-0.002253243234829422,0.1264529034929492,-0.0022714772638849066,0.9999974201921922,0.0,0.12645257726876144,0.0002872348952364664,0.9919726121210216,4692.825392173166,-545.5017659905694,-0.11572229683208003,2.911331561503672e-09,159.79081681721607,0.0,-67.89081681721606,-0.9,0.0,2.974640423084264e-17,2.2857956473907945,1.5707963267948966,19.258845047461627,461.0,0.0154463928069177,0.3960920349045013,0.0,0.03269955465022665,-1576.094709359203,-12.640911709222319,200.9210333684697,-0.0565984459072845,0.10627875204635323,-0.8133246652519913,-0.0572084772729047,0.10595162737667406,-0.8133246652519913,-1.0672218017032767e-17,4.629479028555773e-20,7.487183565211345e-19,-1.0672307804823933e-17,-1.5057548955513052e-20,7.487183565211345e-19,-1576.151917836476,-12.534960081845645,200.1077087032177,-1057378.554693196,159.21911854965342,116692.27021796422,-0.009972891929155863,4719.666237491724
81.13429180525166,2001.0,12.0,14.0,14.0,22.0,49.0,1.0,3496657.21441348,28035.186195917435,-445605.40299169114,327.256607744825,-295.0280485402149,4689.386852650919,3525047.7758393944,4710.041134698654,3496760.6197391874,7925.592475634121,-445605.40299169114,3525047.7758393944,326.1162866070414,-544.763853904034,4689.386852650919,4732.173765060411,20251966.0889758,0.8265748858313626,1.6336275149326243,1.0536712127723512e-07,3.681009090773274e-06,6.156179387787998,-0.12675028172803063,0.0022665488907044925,128847.77583939396,-0.057465593348651166,-0.0571965295238468,1741.0951410531998,-16543005682.073383,-1040786654.3144432,-205583547.49950615,-16542982456.38811,-1907493456.1762927,16575713373.997341,16653860346.25974,-0.9919753836262626,-0.0022483645554979338,0.1264111669764766,-0.002266546950069257,0.9999974313791626,0.0,0.12641084227411903,0.00028651684496522865,0.991977931641448,4692.83682120789,-545.5016124870245,-0.11572198523483734,2.9140747202020173e-09,159.77283519865324,0.0,-67.87283519865322,-0.9135824006733914,0.0,2.97460912810189e-17,2.2857905365323177,1.5707963267948966,19.25995403300345,461.0,0.01546100540838144,0.3965804307547772,0.0,0.03273023304017404,-1576.1108417507812,-12.636800865623039,200.85569266066483,-0.05663208684001769,0.10637561208367156,-0.8140875843296721,-0.05724291203860149,0.10604816418671287,-0.8140875843296721,-1.0682136151591293e-17,4.636701187775772e-20,7.491626124540182e-19,-1.0682226156952158e-17,-1.5066275294021476e-20,7.491626124540182e-19,-1576.1680846628199,-12.530752701436326,200.04160507633514,-1057378.8197115734,159.37265675461933,116685.07667442376,-0.009880965152075597,4719.671359087377
81.1923884771553,2001.0,12.0,14.0,14.0,22.0,49.0,1.0,3496676.221163234,28018.04600231649,-445332.96449012903,327.0579722064896,-295.02962721731984,4689.41205486318,3525032.0645083142,4710.05252820135,3496779.560139228,7893.94341814008,-445332.96449012903,3525032.0645083147,325.91417924584965,-544.7669725729941,4689.41205486318,4732.185174624505,20251956.745317258,0.8265748058518286,1.6336275134766118,1.0536712127723512e-07,3.6877288231720454e-06,6.156256879914325,-0.12667293826032588,0.0022574857443991084,128832.06450831424,-0.057430537735560186,-0.05716163885942101,1744.1758673638105,-16543005319.799147,-1040786607.3401614,-205584737.42681032,-16542980550.128984,-1907502762.8223095,16575713009.488447,16653859533.34492,-0.9919851780488621,-0.0022393962022700517,0.12633444358533683,-0.0022574838269506957,0.9999974518801391,0.0,0.12633412167003202,0.0002851979631807129,0.9919877057524369,4692.857820775394,-545.5013304300732,-0.11572141271139924,2.9193118305619174e-09,159.73792112958722,0.0,-67.83792112958723,-0.9310394352063909,0.0,2.9745484341213866e-17,2.2857806244530887,1.5707963267948966,19.26210519323762,461.0,0.015488898960849713,0.39747947556050317,0.0,0.032788910966580515,-1576.1404837425766,-12.629243826562274,200.73557563888062,-0.05669784602894849,0.10656056186585637,-0.8155466855975443,-0.05731017124758962,0.10623249672798482,-0.8155466855975443,-1.0701101531343557e-17,4.6502993843875356e-20,7.500303819744339e-19,-1.0701191943079221e-17,-1.508343250737832e-20,7.500303819744339e-19,-1576.1977939138242,-12.523011329834288,199.92002895328307,-1057379.3075551298,159.52619495958524,116677.94973776794,-0.00978903867788107,4719.676430841657
81.31174755540927,2001.0,12.0,14.0,14.0,22.0,49.0,1.0,3496715.234145946,27982.831344514,-444773.23750157014,326.6498655767956,-295.0328675337856,4689.463784501507,3524999.8156533316,4710.075913799877,3496818.43617418,7828.920152532338,-444773.23750157014,3524999.815653331,325.49893973704184,-544.7733689602732,4689.463784501507,4732.208593188751,20251937.496500082,0.8265746410860897,1.6336275104775297,1.0641557616804321e-07,3.701671591313758e-06,6.156416088911583,-0.12651403465048555,0.0022388657617067416,128799.81565333111,-0.057358515272587444,-0.05708995528208042,1750.5155383199453,-16543004573.484163,-1040786510.5762945,-205587177.49004364,-16542976634.646183,-1907521865.3259373,16575712258.570326,16653857862.02988,-0.9920052819991628,-0.0022209703721874684,0.126176811563644,-0.0022388638913140133,0.9999974937410974,0.0,0.1261764953318867,0.00028249270733097495,0.9920077682274634,4692.900923993239,-545.5007514400055,-0.11572023756928332,2.9300614488896343e-09,159.66625700740244,0.0,-67.76625700740244,-0.9668714962987804,0.0,2.974423836583188e-17,2.285760276130897,1.5707963267948966,19.266522826344545,461.0,0.015546154073615552,0.39933163332010013,0.0,0.03290935082585058,-1576.2013283679173,-12.613716869481124,200.48877899080685,-0.05683235129497656,0.10694011638226548,-0.8185415703799509,-0.057447760628955256,0.10661078484040144,-0.8185415703799509,-1.0740026921832148e-17,4.6782793370368444e-20,7.518053603815577e-19,-1.074011817168289e-17,-1.5118522475554484e-20,7.518053603815577e-19,-1576.2587761285463,-12.507106084640721,199.6702374204269,-1057380.3125602528,159.67973316455115,116670.88940799676,-0.009697112503672445,4719.681452748013
81.42573976954178,2001.0,12.0,14.0,14.0,22.0,49.0,1.0,3496752.447471921,27949.199718541055,-444238.6723293241,326.26009433290994,-295.0359583079529,4689.513127786604,3524969.0544256833,4710.098219945281,3496855.517915301,7766.819882517697,-444238.6723293241,3524969.0544256833,325.10235627319923,-544.7794640640825,4689.513127786604,4732.230930777072,20251919.047376618,0.8265744831650996,1.6336275076036135,1.0641557616804321e-07,3.7149942690576515e-06,6.156568141912907,-0.12636227326809912,0.002221083219176741,128769.05442568334,-0.057289729938904604,-0.05702149359656481,1756.5830930918455,-16543003858.180002,-1040786417.8422585,-205589502.027888,-16542972896.358768,-1907540086.4039834,16575711538.85487,16653856264.368412,-0.9920244586331658,-0.0022033725013177823,0.1260262616409559,-0.00222108139299862,0.9999975333956808,0.0,0.12602595078403458,0.00027991458475990286,0.9920269055710159,4692.942038626791,-545.5001991030418,-0.11571911665026825,2.9403545903687477e-09,159.59763606420836,0.0,-67.69763606420835,-1.0,0.0,2.974304517246046e-17,2.285740789804354,1.5707963267948966,19.270755282940996,461.0,0.01560097854666028,0.4011068867362841,0.0,0.03302468934285417,-1576.2593686274984,-12.598886699526691,200.25305756831435,-0.056960857095357705,0.10730348456584582,-0.8214095820346532,-0.05757922292800628,0.10697294110202557,-0.8214095820346532,-1.0777300710378207e-17,4.705117383757033e-20,7.53501120610404e-19,-1.077739276588013e-17,-1.5152057046964108e-20,7.53501120610404e-19,-1576.3169478504265,-12.491913758424666,199.4316479862797,-1057381.2758141533,159.8332713695171,116663.89568511018,-0.009605186626549495,4719.686424799843
81.47692672497969,2001.0,12.0,14.0,14.0,22.0,49.0,1.0,3496769.1432532794,27934.097690600316,-443998.6298632273,326.0850671449067,-295.03734496278923,4689.53526564414,3524955.253381592,4710.108227382641,3496872.154357283,7738.9342104215075,-443998.6298632273,3524955.2533815918,324.9242701122354,-544.7821966551376,4689.53526564414,4732.240952320625,20251910.741117325,0.8265744120649519,1.6336275063098944,1.0641557616804321e-07,3.720966452430914e-06,6.156636420498352,-0.1262941256180929,0.0022130982301370537,128755.25338159176,-0.05725884222850973,-0.05699075121687376,1759.3120559453964,-16543003536.133696,-1040786376.0943266,-205590543.99048877,-16542971218.04662,-1907548261.2227116,16575711214.822687,16653855546.443022,-0.9920330622644449,-0.002195470198663465,0.1259586570460112,-0.002213096423584018,0.9999975510991114,0.0,0.12595834858574403,0.00027875865342797323,0.992035491661042,4692.9604846422935,-545.499951277653,-0.11571861375374354,2.945529981903094e-09,159.56313345397936,0.0,-67.66313345397937,-1.0,0.0,2.9742446539268743e-17,2.2857310133824154,1.5707963267948966,19.27287945906091,461.0,0.015628532876893943,0.4019061645251338,0.0,0.03308289419257452,-1576.2854091796091,-12.592226939901746,200.14720253965874,-0.05702958671286687,0.10748644214625512,-0.8228566907962163,-0.05764939614855631,0.10715528978826697,-0.8228566907962163,-1.0796107382292888e-17,4.718075433670166e-20,7.544069829956075e-19,-1.0796199817471155e-17,-1.5170194940960097e-20,7.544069829956075e-19,-1576.3430585757576,-12.485071650113479,199.32434584886252,-1057381.709495848,159.986809574483,116656.96856910829,-0.009513261043611602,4719.691346990512
81.57295192540026,2001.0,12.0,14.0,14.0,22.0,49.0,1.0,3496800.439872214,27905.766545589813,-443548.31430656,325.75671354685124,-295.03994423664466,4689.576763464986,3524929.383011977,4710.126986138138,3496903.3392349267,7686.6211449406055,-443548.31430656,3524929.383011977,324.5901779386028,-544.7873156400823,4689.576763464986,4732.259737517296,20251895.11960655,0.8265742783472688,1.6336275038771662,1.0641557616804321e-07,3.7321980328183597e-06,6.156764510505057,-0.12616628121915352,0.002198118740890313,128729.38301197719,-0.05720089712164517,-0.056933078746194,1764.4396113455296,-16543002930.466627,-1040786297.5854696,-205592495.59688222,-16542968070.02436,-1907563584.9598188,16575710605.42118,16653854198.675934,-0.9920491900030342,-0.0021806454285255923,0.12583182983585262,-0.002198116970772829,0.9999975841379732,0.0,0.12583152584351315,0.0002765930806255864,0.9920515866627909,4692.995061934308,-545.4994866877668,-0.11571767107027303,2.95523137050856e-09,159.49845752994293,0.0,-67.59845752994293,-1.0,0.0,2.974132423593144e-17,2.285712684777987,1.5707963267948966,19.276863118518698,461.0,0.015680184985920484,0.4034093746045634,0.0,0.03319200123734453,-1576.3342240411002,-12.57973270431238,199.94861013078568,-0.05715807727654325,0.10782934371477712,-0.8255693405345836,-0.057780596589135334,0.1074970502930868,-0.8255693405345836,-1.083135931243905e-17,4.7424163131464385e-20,7.561004973523931e-19,-1.0831452462235286e-17,-1.5204102933724093e-20,7.561004973523931e-19,-1576.3920046376893,-12.472235654019293,199.1230407902511,-1057382.525118271,160.14034777944892,116650.10805999098,-0.009421335751957756,4719.69621931334
81.73077180929944,2001.0,12.0,14.0,14.0,22.0,49.0,1.0,3496851.808173101,27859.20303913119,-442808.20047041855,325.2170338418312,-295.0442104015108,4689.6448751050475,3524886.921011979,4710.157774405372,3496954.5226890547,7600.64221146723,-442808.20047041855,3524886.921011979,324.0410666423136,-544.795708206412,4689.6448751050475,4732.290569179988,20251869.333671954,0.8265740576230128,1.6336274998625775,1.0745380149674388e-07,3.750773530734244e-06,6.1569750337384015,-0.12595616158360115,0.0021734998820868586,128686.92101197969,-0.05710566091266189,-0.0568382906220269,1772.889864012599,-16543001930.71863,-1040786168.0111114,-205595694.38037413,-16542962897.402542,-1907588735.9633694,16575709599.509962,16653851980.84693,-0.9920756611633642,-0.0021562797280558206,0.12562337754179365,-0.002173498170781501,0.9999976379500611,0.0,0.12562308081310242,0.0002730421812944824,0.9920780045011541,4693.051814406323,-545.4987240373479,-0.11571612382989144,2.971193107857863e-09,159.39230252994926,0.0,-67.49230252994927,-1.0038487350253653,0.0,2.97394817280954e-17,2.2856825943415062,1.5707963267948966,19.28340686357777,461.0,0.01576517025288209,0.4058907104164502,0.0,0.03337146339262778,-1576.4143492427052,-12.559196053634533,199.62218574787065,-0.05736860884853532,0.10839331801508194,-0.8300311548365784,-0.05799559439313638,0.10805914909216034,-0.8300311548365784,-1.0889338650485963e-17,4.782571556681555e-20,7.588753674911346e-19,-1.0889432982862326e-17,-1.5259612938642114e-20,7.588753674911346e-19,-1576.4723448370983,-12.451136904542373,198.79215459303407,-1057383.8714432064,160.29388598441483,116643.31415775834,-0.009329410748686512,4719.701041761606
81.8049135683546,2001.0,12.0,14.0,14.0,22.0,49.0,1.0,3496875.910936921,27837.327868179218,-442460.50076546107,324.9634897416182,-295.04621209654186,4689.676833965663,3524866.9972144174,4710.17222020297,3496978.538100342,7560.249953489323,-442460.50076546107,3524866.997214418,323.7830916608368,-544.7996420746513,4689.676833965663,4732.305035337888,20251857.171330523,0.8265739535146452,1.6336274979694654,1.0745380149674388e-07,3.759524874490737e-06,6.157073936577555,-0.1258574483212729,0.0021619343934616065,128666.99721441744,-0.05706091933148312,-0.056793759545465956,1776.86971847713,-16543001459.17502,-1040786106.9027079,-205597193.3833253,-16542960467.879925,-1907600537.0034728,16575709125.05983,16653850937.742329,-0.9920880818663186,-0.0021448326871521483,0.12552544567358784,-0.0021619327093294048,0.9999976630207494,0.0,0.1255251523232259,0.00027137756685488074,0.9920904003609989,4693.078443271818,-545.4983661457813,-0.11571539785083958,2.9789135794132393e-09,159.3424930360436,0.0,-67.44249303604362,-1.0287534819781912,0.0,2.973861701204123e-17,2.285668472456653,1.5707963267948966,19.28647952264981,461.0,0.015806273317427934,0.407061095559506,0.0,0.033457941917734504,-1576.451946693119,-12.549547317727901,199.46882175170947,-0.05747063764822738,0.10866577702834837,-0.8321811595591142,-0.05809976921629524,0.10833070712351972,-0.8321811595591142,-1.0917282708890565e-17,4.8018352793949767e-20,7.602204676431922e-19,-1.0917377608148867e-17,-1.5286240076200944e-20,7.602204676431922e-19,-1576.5100464623354,-12.441216610604382,198.63664059215034,-1057384.5064597167,160.44742418938074,116636.58686241033,-0.009237486030896018,4719.705814328547
81.94172122156986,2001.0,12.0,14.0,14.0,22.0,49.0,1.0,3496920.3364261966,27796.96303587444,-441818.9130530095,324.4956298836175,-295.0499014706501,4689.735739351063,3524830.274268034,4710.198845390507,3497022.8015428567,7485.71669723984,-441818.9130530095,3524830.274268034,323.30705579656603,-544.8068860596452,4689.735739351063,4732.331698050392,20251834.64681166,0.8265737607066155,1.633627494464133,1.0848209096909347e-07,3.7757319574651544e-06,6.1572564366876605,-0.12567529797280988,0.0021405937817721436,128630.27426803391,-0.05697836000204147,-0.05671158864295736,1784.2306005954742,-16543000585.887108,-1040785993.7424396,-205599953.09296453,-16542955985.695522,-1907622288.0140522,16575708246.389801,16653849010.937355,-0.992110975405489,-0.0021237098284950257,0.1253447339800659,-0.002140592147021833,0.9999977089300055,0.0,0.12534444680650692,0.0002683119532282698,0.9921132484063836,4693.127524392827,-545.4977064136506,-0.115714059762977,2.993143721136856e-09,159.2506856700848,0.0,-67.3506856700848,-1.0746571649576004,0.0,2.973702288488547e-17,2.2856424383845133,1.5707963267948966,19.292146704789552,461.0,0.01588203512408162,0.4092286991191718,0.0,0.03361733335075941,-1576.5212477347616,-12.531741827822078,199.1858083879021,-0.057657962983345204,0.109167839367442,-0.8361438895623726,-0.05829105797223452,0.10883110955982217,-0.8361438895623726,-1.0968783474030797e-17,4.8374472925097516e-20,7.626900778304343e-19,-1.096887942425637e-17,-1.5335120709149004e-20,7.626900778304343e-19,-1576.5795387927337,-12.422910718262255,198.34966449833973,-1057385.6825051326,160.60096239434665,116629.92617394694,-0.009145561595684006,4719.710537007364
82.03322689008617,2001.0,12.0,14.0,14.0,22.0,50.0,1.0,3496950.0152975335,27769.964184640645,-441389.7738487151,324.1826839213493,-295.0523661268706,4689.77509148949,3524805.7411520504,4710.216631967872,3497052.37140272,7435.863557691761,-441389.7738487151,3524805.7411520504,322.9886411519609,-544.8117205425608,4689.77509148949,4732.349509694839,20251819.521329563,0.8265736312333617,1.633627492110771,1.0848209096909347e-07,3.7865665547882792e-06,6.157378506467074,-0.1255534621019059,0.0021263199865298892,128605.74115205044,-0.05692313805954983,-0.056656626505258455,1789.1664152294397,-16542999999.467876,-1040785917.7627101,-205601794.42383304,-16542952988.312494,-1907636818.7576485,16575707656.356953,16653847720.682072,-0.9921262697046506,-0.002109581095740447,0.12522385806840267,-0.0021263183842642635,0.9999977393825091,0.0,0.12522357498515885,0.0002662657915593434,0.9921285125277192,4693.160313209642,-545.4972656172461,-0.11571316585138305,3.002650303580454e-09,159.18935288012608,0.0,-67.2893528801261,-1.1053235599369484,0.0,2.973595769000208e-17,2.2856250424319144,1.5707963267948966,19.29593543133486,461.0,0.015932649875546837,0.41068431088228585,0.0,0.03372381401793871,-1576.5675467999604,-12.519831315225876,198.9964940577082,-0.05778257839587527,0.10950315592368719,-0.8387911611829422,-0.0584183269275519,0.10916531776305369,-0.8387911611829422,-1.1003185522953708e-17,4.8613147253315176e-20,7.64332950556956e-19,-1.1003282179717318e-17,-1.5367632844893166e-20,7.64332950556956e-19,-1576.6259651268879,-12.410665997462822,198.15770289652525,-1057386.4722350724,160.75450059931256,116623.33209236819,-0.009053637440147791,4719.715209791213
82.06489981180448,2001.0,12.0,14.0,14.0,22.0,50.0,1.0,3496960.281394863,27760.619000643783,-441241.2347537873,324.0743615680973,-295.05321865478305,4689.788703604295,3524797.2550017093,4710.22278434033,3497062.5996512496,7418.607752244796,-441241.2347537873,3524797.2550017093,322.8784259107372,-544.8133918979391,4689.788703604295,4732.355670737818,20251814.275565207,0.8265735863298517,1.6336274912946536,1.0848209096909347e-07,3.790346953496022e-06,6.157420758955831,-0.12551129056999813,0.0021213794183866964,128597.2550017098,-0.05690402386180793,-0.05663760223396013,1790.8769662976265,-16542999796.088877,-1040785891.412859,-205602430.9184968,-16542951950.965712,-1907641844.988916,16575707451.724764,16653847273.837736,-0.9921315601028956,-0.002104690629146895,0.12518201837784093,-0.002121377827263875,0.9999977498755255,0.0,0.12518173670271762,0.00026555835815889067,0.9921337925274242,4693.171655008691,-545.4971131336209,-0.11571285664407309,3.0052483327634003e-09,159.17167778157733,0.0,-67.28583889078867,-1.1,0.0,2.97356495069456e-17,2.2856200094206547,1.5707963267948966,19.29703187563262,461.0,0.01594649537849349,0.41118914737845513,0.0,0.03375314953942948,-1576.5835622645118,-12.515708521929554,198.9309633876185,-0.057812913415080366,0.10959758499968955,-0.8395203964986417,-0.05844945580161484,0.10925943763263121,-0.8395203964986417,-1.1012660574612956e-17,4.8684861955007993e-20,7.647339340934272e-19,-1.1012757453703484e-17,-1.5375737917620424e-20,7.647339340934272e-19,-1576.6420117203133,-12.406449084296924,198.09144299111986,-1057386.746126594,160.90803880427848,116616.80461767408,-0.008961713561384244,4719.719832673215
82.11718165547624,2001.0,12.0,14.0,14.0,22.0,50.0,1.0,3496977.219925783,27745.193037617544,-440996.0433667716,323.8955536644574,-295.0546252701931,4689.811162874365,3524783.2532911445,4710.2329353226205,3497079.47557477,7390.123831586597,-440996.0433667716,3524783.2532911445,322.6964934454546,-544.8161485123713,4689.811162874365,4732.365836025661,20251805.605635513,0.8265735121155597,1.6336274899458658,1.0848209096909347e-07,3.7965515252819625e-06,6.1574905047131745,-0.12544167844037477,0.002113224158177431,128583.25329114357,-0.05687247223563613,-0.056606199047552035,1793.7027022391558,-16542999459.955418,-1040785847.86405,-205603480.6158805,-16542950238.827166,-1907650137.9708903,16575707113.520151,16653846535.994425,-0.9921402889977684,-0.002096617947979163,0.12511295352842103,-0.002113222585334506,0.9999977671426596,0.0,0.12511267416904437,0.00026439151911416577,0.9921425043104418,4693.19036834803,-545.4968615337922,-0.11571234647021447,3.0099155696188164e-09,159.14056286920788,0.0,-67.27028143460394,-1.1,0.0,2.973510773123994e-17,2.2856111615519294,1.5707963267948966,19.29895970092426,461.0,0.01597135938562311,0.41202351877475446,0.0,0.033805685136077346,-1576.6099873410665,-12.508902887489217,198.8227896905494,-0.05786985715375101,0.10976526099082612,-0.8408264091630552,-0.058507779454849834,0.10942656272881084,-0.8408264091630552,-1.1029630195363054e-17,4.880938430461432e-20,7.654858263931383e-19,-1.1029727454730512e-17,-1.539080324849889e-20,7.654858263931383e-19,-1576.6684951205214,-12.399476324760407,197.98196328138636,-1057387.1988007352,161.0615770092444,116610.34374986458,-0.00886978995648982,4719.724405646447
82.2113418955667,2001.0,12.0,14.0,14.0,22.0,50.0,1.0,3497007.702847143,27717.410504066527,-440554.4477184913,323.5735108699746,-295.0571566074487,4689.851580979256,3524758.055529748,4710.251202878209,3497109.8453273936,7338.823578761362,-440554.4477184913,3524758.055529748,322.36882324523526,-544.8211061165129,4689.851580979256,4732.384129324686,20251789.9573052,0.8265733781661591,1.633627487511583,1.0848209096909347e-07,3.807764253786231e-06,6.157616119053665,-0.12531630474624322,0.0020985365431183144,128558.05552974809,-0.05681564670796878,-0.05654964086181389,1798.798564478755,-16542998853.271967,-1040785769.265449,-205605368.14715606,-16542947155.853264,-1907665062.0633075,16575706503.098633,16653845206.371456,-0.9921559977261477,-0.0020820786740945217,0.12498856397457864,-0.002098535002843328,0.9999977980729967,0.0,0.12498828875888451,0.00026229287645577586,0.992158182386041,4693.22404511624,-545.4964087196129,-0.11571142835811847,3.0183148234173078e-09,159.0845678438846,0.0,-67.2422839219423,-1.1,0.0,2.973413262552802e-17,2.2855952368671537,1.5707963267948966,19.302430467296613,461.0,0.0160161059235773,0.4135294830955933,0.0,0.033900230161572474,-1576.6575436530452,-12.49664515356512,198.6279563581568,-0.05797203107932034,0.11006699365048375,-0.8431767524365329,-0.05861244027704533,0.10972730436626568,-0.8431767524365329,-1.1060167975871937e-17,4.903392503879067e-20,7.6683496845380965e-19,-1.1060265922240552e-17,-1.541783487419602e-20,7.6683496845380965e-19,-1576.7161560933223,-12.386917849198856,197.78477960572027,-1057388.0158319343,161.2151152142103,116603.94948893975,-0.008777866622560526,4719.728928703951
82.35005100461291,2001.0,12.0,14.0,14.0,22.0,50.0,1.0,3497052.552537282,27676.483130395358,-439903.9184587996,323.0990862323124,-295.06088089201995,4689.911048231688,3524720.981922029,4710.278079188381,3497154.5273414426,7263.251422960303,-439903.9184587996,3524720.9819220286,321.8861087023667,-544.8283926353351,4689.911048231688,4732.411043508669,20251766.825849965,0.8265731801607735,1.6336274839135694,1.0950072449966577e-07,3.8242604387521795e-06,6.157801166977175,-0.12513161127868308,0.002076900212098654,128520.98192202859,-0.0567319344704539,-0.05646632245061677,1806.321134403348,-16542997956.475477,-1040785653.086892,-205608141.71326727,-16542942615.667727,-1907687019.665887,16575705600.776897,16653843245.876186,-0.9921791101417753,-0.0020606599671897023,0.12480531670876265,-0.0020768987189757828,0.9999978432435298,0.0,0.12480504753408832,0.000259208002393796,0.9921812500351059,4693.27359360583,-545.4957424199943,-0.11571007755121587,3.0306195052139228e-09,159.00245480507147,0.0,-67.20245480507147,-1.1,0.0,2.9732702326812397e-17,2.2855718783164827,1.5707963267948966,19.307523770520934,461.0,0.01608166135437637,0.4157556345060576,0.0,0.0340387420517057,-1576.727516349882,-12.47858642439502,198.34091777685103,-0.05812063487429729,0.11050920139789921,-0.8466200655958904,-0.05876470160493635,0.11016806087553517,-0.8466200655958904,-1.1104903455315383e-17,4.9364483924975565e-20,7.687973569095097e-19,-1.1105002416954135e-17,-1.5457153409048204e-20,7.687973569095097e-19,-1576.786281051487,-12.368418363519485,197.49429771125514,-1057389.2235746346,161.3686534191762,116597.62183489953,-0.008685943556691934,4719.733401838726
82.39382071388115,2001.0,12.0,14.0,14.0,22.0,50.0,1.0,3497066.6912139934,27663.56837572649,-439698.6420054225,322.94937698889515,-295.0620549351401,4689.929794995274,3524709.294622051,4710.286551617054,3497168.612869232,7239.404392377252,-439698.6420054225,3524709.294622051,321.73378355799474,-544.8306877897182,4689.929794995274,4732.41952787624,20251759.50648704,0.8265731175068424,1.6336274827751793,1.0950072449966577e-07,3.829540445210295e-06,6.157859559712293,-0.1250733303809249,0.00207007292269644,128509.2946220506,-0.056705518660582,-0.05644003091282922,1808.6988981962204,-16542997672.70856,-1040785616.3270626,-205609015.1861897,-16542941183.33542,-1907693941.6320243,16575705315.261774,16653842626.774174,-0.9921863962526384,-0.0020539011269448595,0.12474749128284371,-0.002070071444250018,0.9999978573998125,0.0,0.1247472239988455,0.0002582362194464428,0.9921885221159519,4693.2892134723825,-545.4955323533784,-0.11570965171907564,3.0351483339554e-09,158.97323655512645,0.0,-67.17323655512645,-1.1,0.0,2.973219455822462e-17,2.2855635858261394,1.5707963267948966,19.30933260595435,461.0,0.016105775686733485,0.416460050230126,0.0,0.034089675535519094,-1576.749575648449,-12.47288757944922,198.2503361852029,-0.0581797067828445,0.11066918102978081,-0.8478863694810673,-0.05882504862089745,0.11032751046719584,-0.8478863694810673,-1.1121355815313124e-17,4.94794354400016e-20,7.695760805306011e-19,-1.1121455119702698e-17,-1.5472742780565598e-20,7.695760805306011e-19,-1576.80840069707,-12.362560068982024,197.40244981572184,-1057389.6057347842,161.52219162414215,116591.36078774394,-0.008594020755979129,4719.73782504374
82.48657940020391,2001.0,12.0,14.0,14.0,22.0,50.0,1.0,3497096.6328589446,27636.19869178831,-439263.608436983,322.632099659364,-295.06454118033463,4689.969495134527,3524684.544285996,4710.304493393711,3497198.441500218,7188.866388145582,-439263.608436983,3524684.5442859964,321.4109624674933,-544.8355452605687,4689.969495134527,4732.4374949349385,20251743.958872057,0.8265729844186349,1.6336274803573687,1.0950072449966577e-07,3.840599049703449e-06,6.157983309414366,-0.1249498176685644,0.0020556043309680203,128484.54428599635,-0.056649536511505845,-0.05638431212668967,1813.7452873587608,-16542997069.940092,-1040785538.2483526,-205610863.55088785,-16542938148.232708,-1907708600.2240462,16575704708.780157,16653841313.848043,-0.9922018261661638,-0.0020395772438131336,0.12462494243607997,-0.002055602883305836,0.9999978872461612,0.0,0.12462467913425443,0.0002561793910034298,0.9922039224488098,4693.322291667304,-545.4950874583532,-0.11570874993571544,3.0447390891764162e-09,158.91136071499088,0.0,-67.11136071499087,-1.1,0.0,2.973111911637586e-17,2.2855460225278965,1.5707963267948966,19.313164833214827,461.0,0.016156843709639726,0.4179563664236693,0.0,0.03419753865638156,-1576.7962919958652,-12.460809693568013,198.05836146595715,-0.05830448735586823,0.11100792041906185,-0.8505680469525838,-0.058952533003063516,0.11066512772376885,-0.8505680469525838,-1.1156195718017732e-17,4.972333552478879e-20,7.712210194162521e-19,-1.1156295750962406e-17,-1.550567222196138e-20,7.712210194162521e-19,-1576.8552445288683,-12.350144565844245,197.20779341900456,-1057390.4175111186,161.67572982910806,116585.166347473,-0.00850209821751684,4719.742198311911
82.64810996947179,2001.0,12.0,14.0,14.0,22.0,50.0,1.0,3497148.7031806814,27588.536399188804,-438506.0294170119,322.07956840838807,-295.0688647804093,4690.038535715782,3524641.501959319,4710.335693965768,3497250.31379126,7100.858110535982,-438506.0294170119,3524641.5019593197,320.8487771820211,-544.8439829403663,4690.038535715782,4732.4687394704,20251716.76710362,0.8265727516552572,1.6336274761298595,1.1050996910178164e-07,3.8599760407408e-06,6.158198812014534,-0.12473472769681453,0.002030408954322094,128441.50195931969,-0.05655204687249201,-0.05628728110981936,1822.5567505508661,-16542996015.744976,-1040785401.712274,-205614073.4358665,-16542932864.050512,-1907734091.9471848,16575703648.092133,16653839024.598951,-0.9922286598075769,-0.002014632724090854,0.12441152644127067,-0.0020304075592417485,0.9999979387204473,0.0,0.12441126999433509,0.00025260610374316066,0.9922307050724408,4693.379816039855,-545.4943136471687,-0.11570718170110694,3.061417990763612e-09,158.80375489829927,0.0,-67.00375489829928,-1.1,0.0,2.972924842370857e-17,2.285515471798191,1.5707963267948966,19.31983460197148,461.0,0.016245656703029687,0.4205733644458144,0.0,0.034385121288976764,-1576.8775381156813,-12.439775099583484,197.72402228337708,-0.05852046168179213,0.11159684229093238,-0.8552316796019354,-0.05917322075522011,0.11125209926204235,-0.8552316796019354,-1.1216779688749245e-17,5.014900244894262e-20,7.740681409206285e-19,-1.1216880997489405e-17,-1.556266510979995e-20,7.740681409206285e-19,-1576.9367113364365,-12.328523000321441,196.86879060377515,-1057391.8372581787,161.82926803407398,116579.03851408669,-0.008410175938399248,4719.746521636131
82.72906417784671,2001.0,12.0,14.0,14.0,22.0,50.0,1.0,3497174.7656680727,27564.64924525265,-438126.34966169257,321.8026458195644,-295.071028786606,4690.073092065425,3524619.9582056263,4710.351310019433,3497276.2764450796,7056.750526441506,-438126.34966169257,3524619.9582056263,320.5670162401633,-544.8482015396062,4690.073092065425,4732.484377527115,20251703.08308914,0.8265726345188076,1.6336274740029149,1.1050996910178164e-07,3.869742911456486e-06,6.158306817309809,-0.12462692916643701,0.0020177819513181525,128419.95820562635,-0.05650318709166562,-0.056238651176594864,1826.9841850847006,-16542995485.234436,-1040785333.0104467,-205615677.898804,-16542930216.321074,-1907746850.9688447,16575703114.314636,16653837875.890594,-0.9922420907545255,-0.002002130899251355,0.12430456470681206,-0.0020177805821040605,0.9999979642786891,0.0,0.12430431165736065,0.0002508193369323031,0.9922441106870072,4693.408608122669,-545.4939262811436,-0.11570639677073216,3.0700167177494574e-09,158.74989551406588,0.0,-66.94989551406589,-1.1250522429670546,0.0,2.972831188824946e-17,2.285500177013446,1.5707963267948966,19.323175514521534,461.0,0.01629144049244096,0.4218903683249965,0.0,0.03448146501769013,-1576.9182055215904,-12.429232204914484,197.55644581527196,-0.058631979864010544,0.1119000799734644,-0.8576269106879225,-0.059287153593778376,0.11155433823742222,-0.8576269106879225,-1.124790148542737e-17,5.036674580113676e-20,7.755386030920971e-19,-1.1248003446438349e-17,-1.5591788636088464e-20,7.755386030920971e-19,-1576.977492675184,-12.317677866677062,196.69881890458404,-1057392.5517346468,161.9828062390399,116572.977287585,-0.008318253915720105,4719.750795009247
82.83777373942148,2001.0,12.0,14.0,14.0,22.0,50.0,1.0,3497209.728479416,27532.57204525877,-437616.4913518655,321.4307683658459,-295.0739317317005,4690.119449191384,3524591.057271413,4710.372258295851,3497311.1045785174,6997.520009875801,-437616.4913518655,3524591.0572714126,320.1886415453659,-544.853855875869,4690.119449191384,4732.505355318762,20251684.647283502,0.8265724767061965,1.6336274711378853,1.1050996910178164e-07,3.8828320315484565e-06,6.158451854531937,-0.12448216956392119,0.00200082590964769,128391.05727141304,-0.056437574627944645,-0.056173347364421214,1832.9419044852257,-16542994770.507425,-1040785240.4603696,-205617828.01350844,-16542926661.34051,-1907763966.9532485,16575702395.186743,16653836331.827356,-0.9922601084070122,-0.001985342383321196,0.12416092654182964,-0.002000824574662122,0.9999979983485074,0.0,0.12416067801492571,0.00024842423303771127,0.9922620945699148,4693.4472323634245,-545.4934065708669,-0.11570534379744976,3.081577091434784e-09,158.6776431785326,0.0,-66.8776431785326,-1.1611784107337009,0.0,2.9727055309062445e-17,2.285479655517976,1.5707963267948966,19.3276599984897,461.0,0.016352994425482555,0.4236647516862921,0.0,0.03461095447249945,-1576.9727626116392,-12.415073607522496,197.33139871814976,-0.05878143983741257,0.11230764147055422,-0.8608461737989609,-0.05943986366109442,0.11196055827829911,-0.8608461737989609,-1.1289728307946053e-17,5.066001996517978e-20,7.775094006861611e-19,-1.128983114946224e-17,-1.5630786719170325e-20,7.775094006861611e-19,-1577.0322024753002,-12.303113049244196,196.4705525443508,-1057393.5143154822,162.1363444440058,116566.98266796797,-0.0082263321465727,4719.755018424072
82.97730125548559,2001.0,12.0,14.0,14.0,22.0,50.0,1.0,3497254.543616696,27491.400852878545,-436962.08648894844,320.9534488879808,-295.0776525963433,4690.1788691645625,3524554.0122116515,4710.399108586515,3497355.7458231533,6921.497399481216,-436962.08648894844,3524554.0122116515,319.70298285277977,-544.8610953123747,4690.1788691645625,4732.5322434387845,20251660.884090174,0.8265722732898912,1.633627467445807,1.1151007970493862e-07,3.899722424908556e-06,6.158638011622416,-0.12429636873759078,0.001979063288396791,128354.01221165154,-0.056353360106353126,-0.05608952899387846,1840.6091443449259,-16542993849.252697,-1040785121.1808038,-205620580.20832476,-16542922099.455114,-1907785905.7306523,16575701468.260319,16653834347.493378,-0.9922832034083565,-0.0019637938234171046,0.12397656128264452,-0.0019790619965003174,0.9999980416548895,0.0,0.12397631849375192,0.00024535730089127444,0.9922851466451217,4693.496740158661,-545.4927403098445,-0.11570399411948533,3.0960624604311418e-09,158.58669380367004,0.0,-66.78669380367005,-1.2,0.0,2.972547265300129e-17,2.2854538087830276,1.5707963267948966,19.33331124806013,461.0,0.016430131089806777,0.42595194985753737,0.0,0.03477330517840148,-1577.042696585377,-12.396899451618783,197.04252538319992,-0.058966061458883806,0.11281828792632995,-0.8648825034276081,-0.05962859279530248,0.112469522164243,-0.8648825034276081,-1.13421643521456e-17,5.1031847440596546e-20,7.799441927082594e-19,-1.1342268318486965e-17,-1.5679030023796416e-20,7.799441927082594e-19,-1577.1023251781721,-12.28442992945454,196.17764287977232,-1057394.7550555207,162.2898826489717,116561.05465523555,-0.008134410628049846,4719.7591918733815
83.00883296348427,2001.0,12.0,14.0,14.0,22.0,51.0,1.0,3497264.6621264364,27482.096537254416,-436814.19692685804,320.8455769151157,-295.0784926890955,4690.192285161495,3524545.6480552605,4710.40517077481,3497365.824873852,6904.316972771611,-436814.19692685804,3524545.6480552605,319.5932262955833,-544.8627285696223,4690.192285161495,4732.538314167859,20251655.499186143,0.826572227194249,1.6336274666092854,1.1151007970493862e-07,3.903507003169044e-06,6.1586800816429585,-0.12425437922060681,0.0019741452136299645,128345.64805526054,-0.05633432827919804,-0.05607058669261418,1842.3447190970182,-16542993640.491047,-1040785094.15344,-205621201.01551318,-16542921068.69838,-1907790859.08361,16575701258.21356,16653833898.700167,-0.9922884178854641,-0.001958923975514747,0.123934895599346,-0.0019741439313408645,0.9999980513759706,0.0,0.12393465409683037,0.00024466532202881255,0.9922903514862871,4693.5079181188585,-545.4925898652058,-0.1157036893874616,3.098943447632485e-09,158.56810678946783,0.0,-66.76810678946784,-1.2,0.0,2.972514850381658e-17,2.2854485150251063,1.5707963267948966,19.334469121104398,461.0,0.016445480518844955,0.4264702534051257,0.0,0.03480571656710399,-1577.0584869752104,-12.392792016374488,196.97723879893687,-0.05900051856237307,0.11291996451724973,-0.8656884431040723,-0.05966389892386279,0.1125708609828003,-0.8656884431040723,-1.1352630931991623e-17,5.110968489363909e-20,7.8039902371458815e-19,-1.1352735140068462e-17,-1.5688127918644783e-20,7.8039902371458815e-19,-1577.1181508741342,-12.280221155391688,196.1115503558328,-1057395.0362162031,162.44342085393762,116555.19324938778,-0.008042489357243882,4719.763315349916
83.08150449781824,2001.0,12.0,14.0,14.0,22.0,51.0,1.0,3497287.969433102,27460.652660120002,-436473.35233415145,320.59695886608347,-295.08042776510035,4690.22318796457,3524526.381782925,4710.419134408821,3497389.041012454,6864.720825619044,-436473.35233415145,3524526.381782925,319.3402648037944,-544.8664888616162,4690.22318796457,4732.5522974743635,20251643.06924021,0.8265721207917736,1.6336274646785258,1.1151007970493862e-07,3.912342366910344e-06,6.158777041711668,-0.12415760467888651,0.0019628105221881466,128326.38178292522,-0.056290465020980604,-0.056026929765901956,1846.3483069986105,-16542993158.609072,-1040785031.7693712,-205622630.17274648,-16542918693.403969,-1907802268.725808,16575700773.365364,16653832863.913609,-0.9923004290985775,-0.0019477002246600977,0.12383886657513285,-0.001962809261859527,0.9999980736880454,0.0,0.12383862802284372,0.00024307207429185695,0.9923023405824388,4693.533665709364,-545.4922433082265,-0.1157029874615982,3.105579608103533e-09,158.52529285094494,0.0,-66.72529285094494,-1.2,0.0,2.972440178552953e-17,2.2854363201900303,1.5707963267948966,19.337136972215088,461.0,0.01648083732492807,0.4276666582928997,0.0,0.03488037440487428,-1577.094859729715,-12.383325174712013,196.82676588018225,-0.059079717301827574,0.11315414598915656,-0.867544878637694,-0.05974505524611509,0.11280426465625258,-0.867544878637694,-1.1376739348079434e-17,5.1289230277031555e-20,7.814444534744025e-19,-1.1376844114488621e-17,-1.5709039019155502e-20,7.814444534744025e-19,-1577.154604784961,-12.27052091005576,195.95922100154456,-1057395.685218513,162.59695905890354,116549.39845042463,-0.007950568331246674,4719.767388846378
83.2456500246302,2001.0,12.0,14.0,14.0,22.0,51.0,1.0,3497340.547899566,27412.216169482657,-435703.46745490155,320.03537616571896,-295.0847929557038,4690.292900740075,3524482.9193982463,4710.45063361925,3497441.4123930153,6775.282732940756,-435703.46745490155,3524482.9193982463,318.7688713433042,-544.8749623501457,4690.292900740075,4732.583841060432,20251614.89563954,0.826571879620176,1.633627460303197,1.1151007970493862e-07,3.932269344512054e-06,6.158996052375158,-0.12393901301782002,0.001937208793134792,128282.91939824633,-0.05619138782279252,-0.05592831861555516,1855.4092649668455,-16542992066.387379,-1040784890.3858675,-205625849.92249855,-16542913329.862265,-1907828007.1292956,16575699674.42143,16653830524.365194,-0.9923275250232032,-0.0019223480118602863,0.12362195460129838,-0.0019372075814826255,0.9999981236116328,0.0,0.12362172263850082,0.00023948138769133617,0.9923293870185215,4693.59174871561,-545.4914614274117,-0.1157014040214927,3.1205499850484833e-09,158.42870977388077,0.0,-66.62870977388074,-1.2,0.0,2.9722716959370717e-17,2.2854088048907624,1.5707963267948966,19.343159260610424,461.0,0.01656060020076723,0.43037845330768454,0.0,0.03504879542776521,-1577.1769156142043,-12.361940153154348,196.48685665902426,-0.05925750346134058,0.11368230959776357,-0.8717328121796639,-0.05992726727620902,0.11333067488000928,-0.8717328121796639,-1.143112170761371e-17,5.1695555877216367e-20,7.837913117387258e-19,-1.1431227741318106e-17,-1.5755979632952887e-20,7.837913117387258e-19,-1577.2368428814805,-12.24860947827434,195.6151238468446,-1057397.1562441047,162.75049726386945,116543.67025834613,-0.007858647547149603,4719.771412355432
83.32621423911779,2001.0,12.0,14.0,14.0,22.0,51.0,1.0,3497366.320194904,27388.442808729793,-435325.5963149634,319.7597352296433,-295.08693257845715,4690.327071614267,3524461.6155152135,4710.466072987933,3497467.0824594186,6731.385142440849,-435325.5963149634,3524461.615515214,318.4884151474214,-544.8791110740183,4690.327071614267,4732.5993021790455,20251601.017728783,0.8265717608221407,1.6336274581484405,1.1250129990683128e-07,3.942110572384835e-06,6.159103546877547,-0.12383172413856715,0.0019246433696590436,128261.61551521393,-0.05614275883748161,-0.0558799183711582,1859.8656741678715,-16542991528.378489,-1040784820.7503922,-205627425.98481184,-16542910698.182638,-1907840623.0868912,16575699133.101757,16653829374.935463,-0.9923408066250569,-0.0019099045121695388,0.12351548798221952,-0.0019246421814318895,0.9999981478745216,0.0,0.12351525921603725,0.00023772311823072332,0.9923426445681522,4693.620218928194,-545.4910781276241,-0.11570062787941439,3.128353793914436e-09,158.3790387880348,0.0,-66.57903878803477,-1.2,0.0,2.9721851179393626e-17,2.285394665630729,1.5707963267948966,19.346255435953985,461.0,0.016602170241025498,0.4317142628881708,0.0,0.035136578359020704,-1577.2171384981982,-12.351443183194778,196.32001010881947,-0.05935302012686594,0.11395763156349481,-0.8739154444239663,-0.06002505559961906,0.11360508566963023,-0.8739154444239663,-1.1459466120062799e-17,5.190303612554318e-20,7.850515455614395e-19,-1.145957279465363e-17,-1.578119325689813e-20,7.850515455614395e-19,-1577.277163553798,-12.237838097525149,195.4460946643955,-1057397.880851671,162.90403546883536,116538.00867315225,-0.007766727002043561,4719.775385869712
83.39034396607379,2001.0,12.0,14.0,14.0,22.0,51.0,1.0,3497386.8192638536,27369.518909740626,-435024.8060489309,319.5403179135835,-295.0886343866004,4690.354250756345,3524444.6705834093,4710.4783530448985,3497487.499876053,6696.442088062755,-435024.8060489309,3524444.670583409,318.2651648275036,-544.8824087099996,4690.354250756345,4732.611599534913,20251589.944431126,0.8265716660320468,1.6336274564293856,1.1250129990683128e-07,3.949932172212279e-06,6.1591891142319275,-0.12374632044695062,0.0019146412690761597,128244.67058340879,-0.056104049355219114,-0.05584139096846502,1863.4181833863258,-16542991099.0986,-1040784765.191827,-205628678.55585304,-16542908603.612043,-1907850657.6104932,16575698701.180424,16653828459.325825,-0.9923513707188107,-0.001899999209507885,0.12343073780667986,-0.0019146400992780452,0.9999981670749654,0.0,0.12343051156739049,0.0002363254400881439,0.9923531896278153,4693.642863756145,-545.4907732281738,-0.1157000105470984,3.1351317666364805e-09,158.336676458522,0.0,-66.536676458522,-1.2,0.0,2.9721113713779983e-17,2.2853826219032785,1.5707963267948966,19.348893545319793,461.0,0.016638264582187322,0.43278012517610626,0.0,0.035212807208008574,-1577.2491322407084,-12.343087047866321,196.1871915524292,-0.05943957005402933,0.11419680081139881,-0.8758106072676883,-0.06011353412333495,0.11384346629898792,-0.8758106072676883,-1.1484080790533817e-17,5.207778403127808e-20,7.861927399268546e-19,-1.14841879961802e-17,-1.580403391496195e-20,7.861927399268546e-19,-1577.3092457748317,-12.229243581567333,195.31138094516152,-1057398.4590226468,163.05757367380127,116532.41369484301,-0.007674806693018944,4719.7793093818145
83.50157804331673,2001.0,12.0,14.0,14.0,22.0,51.0,1.0,3497422.341868923,27336.69483373574,-434503.0762018064,319.1597243533047,-295.09158336604344,4690.40134898894,3524415.306900872,4710.499632397823,3497522.8802708793,6635.832278438836,-434503.0762018064,3524415.306900872,317.8779228154849,-544.888118464661,4690.40134898894,4732.632908863175,20251570.681071028,0.8265715011326749,1.6336274534393973,1.1250129990683128e-07,3.963540815794197e-06,6.159337534148284,-0.12359818437446103,0.0018972926105762192,128215.30690087192,-0.05603690618994008,-0.055774563623333356,1869.5912454277277,-16542990352.317286,-1040784668.5497416,-205630846.98825565,-16542904971.062185,-1907868046.0987234,16575697949.80454,16653826869.76635,-0.9923696771554316,-0.0018828179146327477,0.12328373314888322,-0.001897291472289635,0.9999982001409149,0.0,0.12328351125553606,0.00023390517557540712,0.9923714632842255,4693.682104410751,-545.4902448150176,-0.11569894078857362,3.1468772396512316e-09,158.2632672521798,0.0,-66.4632672521798,-1.2,0.0,2.9719835564326364e-17,2.285361748138622,1.5707963267948966,19.353467584875983,461.0,0.016700813322629675,0.4346343436342599,0.0,0.035344904366388465,-1577.3045755053438,-12.328592210400156,195.95679994370605,-0.05958905173081411,0.11461117442424598,-0.8790947299144257,-0.060266363358230046,0.11425647393761267,-0.8790947299144257,-1.1526733001030677e-17,5.238133739331651e-20,7.881637235496865e-19,-1.1526841131275178e-17,-1.58434812958603e-20,7.881637235496865e-19,-1577.3648418687021,-12.214335736462544,195.07770521379163,-1057399.4648235124,163.2111118787672,116526.88532341839,-0.0075828866171656325,4719.783182884303
83.78061869597592,2001.0,12.0,14.0,14.0,22.0,51.0,1.0,3497511.267193328,27254.351255168116,-433194.24708872277,318.2049123256571,-295.09896531465824,4690.519250981728,3524341.799473681,4710.552898481043,3497611.4455935676,6483.784349694562,-433194.24708872277,3524341.799473681,316.9064323131192,-544.902385784462,4690.519250981728,4732.686249975295,20251522.040963236,0.8265710847586029,1.6336274458925215,1.1348386266624797e-07,3.997817982089744e-06,6.159709869502214,-0.12322656089004722,0.0018537727884964392,128141.79947368102,-0.05586846638654748,-0.05560691608377139,1885.139239564538,-16542988466.71065,-1040784424.5767539,-205636263.4352924,-16542895861.354115,-1907911574.2171254,16575696052.599623,16653822874.26759,-0.9924155046811562,-0.0018397149648376437,0.1229149361033641,-0.0018537717267564286,0.9999982817637164,0.0,0.12291472490646109,0.00022785623334448934,0.9924172098884148,4693.780335530873,-545.488921697661,-0.11569626286796265,3.17628021052759e-09,158.07949868420255,0.0,-66.27949868420257,-1.260250657898718,0.0,2.9716634782286107e-17,2.2853094754010055,1.5707963267948966,19.364931848988096,461.0,0.016857401409021637,0.43931640929373655,0.0,0.035674696879128935,-1577.4433783918107,-12.292225138227995,195.37875489844973,-0.059958313249732643,0.11564659603919657,-0.8872936297935089,-0.060644027125236664,0.115288492388615,-0.8872936297935089,-1.1633200974647114e-17,5.314493466304517e-20,7.930330110554808e-19,-1.1633311446539723e-17,-1.5940151152234225e-20,7.930330110554808e-19,-1577.5040224189358,-12.17693664583938,194.49146126865622,-1057402.0044856574,163.36465008373312,116521.42355887842,-0.00749096677157308,4719.787006369701
83.92678894644868,2001.0,12.0,14.0,14.0,22.0,51.0,1.0,3497557.7427276713,27211.216283715185,-432508.6282142394,317.7047182445057,-295.1028231757904,4690.580870111431,3524303.381873599,4710.580735248729,3497657.730690232,6404.135287594345,-432508.6282142394,3524303.3818735993,316.3975013889701,-544.9098274285151,4690.580870111431,4732.7141259502105,20251496.381978337,0.8265708651087021,1.6336274419129448,1.144579909424277e-07,4.015856030253911e-06,6.159904916538671,-0.12303188665699952,0.001830976220124157,128103.38187359925,-0.05578022939386255,-0.05551909410411915,1893.3189487755299,-16542987472.013655,-1040784295.9017885,-205639087.49196935,-16542891091.069118,-1907934322.837978,16575695051.785915,16653820776.792986,-0.9924394558878181,-0.001817135074276654,0.12272173571626742,-0.0018309751970743246,0.999998323763509,0.0,0.12272153000561577,0.0002247004542383959,0.9924411194538377,4693.831673596811,-545.4882300082376,-0.11569486332194709,3.1914266463469427e-09,157.98529305244278,0.0,-66.18529305244277,-1.3,0.0,2.9714992721808933e-17,2.28528265851832,1.5707963267948966,19.370818677095368,461.0,0.016938073342416368,0.44178643787756783,0.0,0.03584445702097609,-1577.5159269947894,-12.273171806731487,195.0759071781693,-0.06014526513729743,0.11617963092553377,-0.8915140747599195,-0.06083534116103976,0.11581977735364954,-0.8915140747599195,-1.1688000829527962e-17,5.3542645509789516e-20,7.95498908754749e-19,-1.1688112531907705e-17,-1.5988977345030442e-20,7.95498908754749e-19,-1577.5767623359504,-12.157352029377837,194.18439310340938,-1057403.344231695,163.51818828869904,116516.02840122307,-0.00739904715333016,4719.790779830504
83.97491429087572,2001.0,12.0,14.0,14.0,22.0,51.0,1.0,3497573.0284137954,27197.014328174933,-432282.89190660144,317.5400284384256,-295.1040919869211,4690.60113640344,3524290.7464213492,4710.589890406227,3497672.9533968763,6377.911255618218,-432282.89190660144,3524290.746421349,316.2299350295667,-544.9122727115423,4690.60113640344,4732.72329400206,20251487.908212647,0.8265707925701159,1.6336274405989264,1.144579909424277e-07,4.021795525108867e-06,6.159969135075181,-0.12296779084775732,0.00182347071085486,128090.74642134923,-0.055751177654049466,-0.055490179003971116,1896.0169400125742,-16542987143.521238,-1040784253.4112078,-205640015.29966104,-16542889520.792982,-1907941804.6991727,16575694721.273714,16653820085.589174,-0.9924473333956625,-0.0018097006502924046,0.12265812414754716,-0.0018234697003345346,0.999998337477744,0.0,0.12265792022568589,0.00022366337288292398,0.9924489833641853,4693.848558417477,-545.4880024876265,-0.11569440301939378,3.196059645505279e-09,157.95721426966497,0.0,-66.15721426966498,-1.3,0.0,2.9714502228397406e-17,2.285274648153015,1.5707963267948966,19.372577825683425,461.0,0.016962756849816102,0.44260217328421475,0.0,0.035896576143409915,-1577.5397888391965,-12.266898186764523,194.9761896255271,-0.06020044520652882,0.11634313634500143,-0.8928100547695145,-0.06089188857533857,0.1159827439034981,-0.8928100547695145,-1.1704831362968299e-17,5.3668123692589305e-20,7.962275661576184e-19,-1.1704943459467252e-17,-1.60035527861092e-20,7.962275661576184e-19,-1577.6006807277718,-12.150915442861026,194.0833795707576,-1057403.7866776139,163.67172649366495,116510.69985045237,-0.007307127759525263,4719.794503259172
84.05012621937749,2001.0,12.0,14.0,14.0,22.0,52.0,1.0,3497596.901532432,27174.818905777698,-431930.101558844,317.2826405976238,-295.1060735823173,4690.632788135048,3524271.012425756,4710.604188617141,3497696.727811801,6336.927209152512,-431930.101558844,3524271.012425756,315.9680515933059,-544.9160895056814,4690.632788135048,4732.737612350531,20251474.640355226,0.8265706789921384,1.6336274385417155,1.144579909424277e-07,4.0311152702757795e-06,6.160069498900985,-0.12286761881090442,0.0018117409166177989,128071.01242575608,-0.055705774167796734,-0.055444989062894,1900.2380310446024,-16542986629.183765,-1040784186.8851023,-205641463.3379612,-16542887067.040747,-1907953489.7393887,16575694203.773987,16653819004.760334,-0.9924596364694256,-0.001798081698827924,0.12255870789617465,-0.0018117399254733426,0.9999983587978745,0.0,0.12255850675256275,0.00022204450430992462,0.9924612652989637,4693.874928927124,-545.4876471224827,-0.1156936841254279,3.203295443889436e-09,157.91336094612464,0.0,-66.11336094612463,-1.3,0.0,2.971373610255242e-17,2.285262136368466,1.5707963267948966,19.375326187231053,461.0,0.017001307992436508,0.44387942607505854,0.0,0.03597797605393623,-1577.5770569493757,-12.257093095469598,194.82034025318845,-0.06028640502745074,0.11659846808351529,-0.8948341205581383,-0.06097998637053769,0.11623723436492031,-0.8948341205581383,-1.1731116390200476e-17,5.386441963602649e-20,7.973626916377768e-19,-1.1731229104197769e-17,-1.602625833497164e-20,7.973626916377768e-19,-1577.6380369357462,-12.140855861104678,193.92550613263032,-1057404.479441125,163.82526469863086,116505.4379065663,-0.007215208587246265,4719.798176648132
84.21428804651488,2001.0,12.0,14.0,14.0,22.0,52.0,1.0,3497648.941116911,27126.373398888405,-431160.07304502954,316.72083012317665,-295.1103930244017,4690.701783536654,3524227.9954648535,4710.635355276279,3497748.5507855355,6247.472105748425,-431160.07304502954,3524227.995464854,315.3964286929757,-544.9244000195401,4690.701783536654,4732.7688229030255,20251445.577056047,0.82657043019831,1.6336274340363288,1.1542389828584848e-07,4.051472000952304e-06,6.16028856253185,-0.12264897373345206,0.0017861391038497148,128027.99546485441,-0.05560667209008999,-0.055346353081265204,1909.470298692584,-16542985502.532976,-1040784041.1755211,-205644615.56741416,-16542881712.765863,-1907978960.846536,16575693070.19726,16653816643.205488,-0.9924864552709436,-0.0017727207529671671,0.12234170819818328,-0.0017861381541320498,0.999998404853975,0.0,0.12234151304529375,0.00021851919285446495,0.992488038434293,4693.932411877855,-545.486872380515,-0.11569211707078819,3.2190683295533906e-09,157.81776769967644,0.0,-66.01776769967643,-1.3,0.0,2.971206575201118e-17,2.2852348574739736,1.5707963267948966,19.381321113493303,461.0,0.017085345636793564,0.4466772902092763,0.0,0.036155416924666964,-1577.658298790819,-12.235689981850674,194.4801433186515,-0.06047285161335216,0.11715492233140283,-0.8992463020005362,-0.061171103814426246,0.11679185616665327,-0.8992463020005362,-1.1788410052903212e-17,5.429368776720911e-20,7.998248567271717e-19,-1.1788524121281193e-17,-1.607550597588743e-20,7.998248567271717e-19,-1577.7194698946332,-12.118898125684021,193.58089701665097,-1057405.9969457723,163.97880290359677,116500.24256956486,-0.007123289633580525,4719.8017999897775
84.28239391150417,2001.0,12.0,14.0,14.0,22.0,52.0,1.0,3497670.503725739,27106.27458935149,-430840.607769025,316.4877431414981,-295.11218273696727,4690.730371656196,3524210.171379959,4710.648268713814,3497770.023056232,6210.35944097441,-430840.607769025,3524210.171379959,315.1592707937037,-544.9278396569891,4690.730371656196,4732.781754526436,20251433.477167323,0.8265703266179584,1.6336274321609885,1.1542389828584848e-07,4.059958029589396e-06,6.160379447069589,-0.12255826281826385,0.0017755177939256345,128010.17137995968,-0.055565556838494734,-0.05530543119917467,1913.3082850724459,-16542985033.478882,-1040783980.5189683,-205645919.97939855,-16542879491.991264,-1907989514.6337938,16575692598.260105,16653815662.451107,-0.9924975676710637,-0.0017621989435841867,0.12225167819668448,-0.0017755168610499605,0.9999984237686959,0.0,0.12225148549976232,0.0002170599159298671,0.992499132079265,4693.956229719111,-545.4865513238802,-0.11569146776924454,3.2260543057666385e-09,157.78771422494958,0.0,-65.97542844989916,-1.3122857750504204,0.0,2.971153696363546e-17,2.2852262217044426,1.5707963267948966,19.383219745929097,461.0,0.01712255990581801,0.447842137960249,0.0,0.036233808656533494,-1577.6919626907736,-12.226809675912895,194.3389931538555,-0.06055780803861448,0.11740113437324233,-0.9011966774512444,-0.06125809343134869,0.11703726097154672,-0.9011966774512444,-1.1813800681666159e-17,5.44799265988403e-20,8.009504441488775e-19,-1.1813915331813408e-17,-1.6097865761398772e-20,8.009504441488775e-19,-1577.753220784205,-12.109772414941348,193.43779647640426,-1057406.6287279576,164.13234110856268,116495.11383944805,-0.0070313708956148855,4719.805373276467
84.35746030743928,2001.0,12.0,14.0,14.0,22.0,52.0,1.0,3497694.2516772165,27084.12150739793,-430488.49036368117,316.2308285129455,-295.11415379750997,4690.761857022691,3524190.540846121,4710.662490560385,3497793.6711156666,6169.453529874674,-430488.49036368117,3524190.5408461206,314.8978691704021,-544.9316252912456,4690.761857022691,4732.795996401027,20251420.10915837,0.8265702121817267,1.6336274300893745,1.1542389828584848e-07,4.0692995044493815e-06,6.160479621202882,-0.12245828003459763,0.0017638110512452555,127990.54084612103,-0.05552023903610773,-0.05526032652904705,1917.5446248352528,-16542984515.268007,-1040783913.5099664,-205647355.4264454,-16542877044.522648,-1908001137.9049962,16575692076.864298,16653814580.666948,-0.9925098063159445,-0.0017506015802407364,0.12215244475979029,-0.0017638101367007178,0.999998444485691,0.0,0.12215225474991458,0.00021545372029009257,0.9925113501815516,4693.982461282849,-545.4861976959733,-0.1156907526670059,3.234151900975075e-09,157.7631760576513,0.0,-65.92635211530258,-1.3368239423487125,0.0,2.971110098435001e-17,2.2852191016223786,1.5707963267948966,19.384785433308593,461.0,0.017165689865636727,0.44912908664361895,0.0,0.03632450609996198,-1577.729039286763,-12.217021252015469,194.1834086841101,-0.06065833361994511,0.11768631937232495,-0.9034541630276998,-0.061360945197289865,0.11732151383888897,-0.9034541630276998,-1.184324405611347e-17,5.469245368904521e-20,8.02285309352263e-19,-1.1843359364871349e-17,-1.6124257244161737e-20,8.02285309352263e-19,-1577.7904002319603,-12.09969973817658,193.2799545210824,-1057407.326724505,164.2858793135286,116490.05171621588,-0.0069394523704356574,4719.808896500532
84.52172469683559,2001.0,12.0,14.0,14.0,22.0,52.0,1.0,3497746.1509657674,27035.644407175834,-429717.9595774662,315.6686127790861,-295.11846125831573,4690.8306653615455,3524147.639848219,4710.693569992171,3497845.3506400296,6079.939990030813,-429717.9595774662,3524147.639848219,314.32583466676965,-544.939888956207,4690.8306653615455,4732.827119598898,20251390.740164198,0.8265699607690004,1.6336274255391143,1.1638178938488153e-07,4.08979193167831e-06,6.16069883153981,-0.12223948835487042,0.0017381940187184476,127947.6398482197,-0.05542107030045468,-0.05516162418127246,1926.83742582798,-16542983376.786615,-1040783766.3108157,-205650488.22583777,-16542871689.790047,-1908026539.175853,16575690931.386786,16653812210.492945,-0.9925365529778648,-0.0017252228372284276,0.12193528861236176,-0.0017381931434456376,0.999998489341157,0.0,0.12193510440973974,0.00021194708261007214,0.9925380523642506,4694.039787617559,-545.4854247485705,-0.1156891898859142,3.251848562609376e-09,157.7095498102746,0.0,-65.81909962054924,-1.390450189725381,0.0,2.971014809081759e-17,2.2852035396900225,1.5707963267948966,19.388208371408183,461.0,0.017259949648622524,0.45195654063310137,0.0,0.03652271389186069,-1577.8100705795243,-12.195599728834212,193.84291908748264,-0.06087698564457019,0.11830940175747859,-0.9083876405325982,-0.061584692246717386,0.11794256062278279,-0.9083876405325982,-1.1907586545887642e-17,5.515844043552976e-20,8.051890015549307e-19,-1.1907703303129197e-17,-1.6181656333996228e-20,8.051890015549307e-19,-1577.871655271771,-12.077657168211429,192.93453144695005,-1057408.8601989206,164.4394175184945,116485.05619986834,-0.00684753405512863,4719.812369654266
84.78866641028817,2001.0,12.0,14.0,14.0,22.0,52.0,1.0,3497830.2941343323,26956.86404713547,-428465.7663084457,314.7549091948254,-295.1254444449114,4690.942221415399,3524078.0853978544,4710.743954565848,3497929.1332353894,5934.47101643876,-428465.7663084457,3524078.085397855,313.39617461928896,-544.953258676014,4690.942221415399,4732.8775751191,20251342.67223342,0.826569549282044,1.6336274180948631,1.1733186057227575e-07,4.123315820371854e-06,6.161055075640703,-0.12188392441961887,0.001696565338118259,127878.08539785445,-0.05525990842060149,-0.05500122021672151,1942.0044529736042,-16542981513.46809,-1040783525.4446034,-205655554.92812446,-16542862990.729248,-1908067720.2893317,16575689056.621075,16653808350.119871,-0.9925799169232898,-0.0016839782980486316,0.12158237017613463,-0.0016965645242381087,0.9999985608333719,0.0,0.1215821951988449,0.00020627233601361547,0.9925813454132378,4694.132727483708,-545.4841712293612,-0.11568665623855691,3.2805397733850393e-09,157.54521349463613,0.0,-65.64521349463612,-1.4,0.0,2.9707278336743274e-17,2.28515667304935,1.5707963267948966,19.39852451223734,461.0,0.01741276727899561,0.45658434365775696,0.0,0.03684524250585852,-1577.9414544332985,-12.160782452147192,193.28950738330522,-0.06123069254817178,0.11931990073331564,-0.9164070973858885,-0.06194669747986584,0.11894975028252484,-0.9164070973858885,-1.2011745311875079e-17,5.59164776067281e-20,8.098577966417072e-19,-1.201186443547634e-17,-1.62749365446847e-20,8.098577966417072e-19,-1578.0034011307785,-12.041832701864667,192.37310028591932,-1057411.3700303305,164.59295572346042,116480.12729040545,-0.006755615946779047,4719.815792729938
84.88820486540793,2001.0,12.0,14.0,14.0,22.0,52.0,1.0,3497861.6073942203,26927.48758696241,-427998.8350999777,314.4141836817096,-295.1280430578271,4690.983735734819,3524052.201219097,4710.762703599914,3497960.3109528096,5880.226963679467,-427998.8350999777,3524052.2012190963,313.0494991111683,-544.9582252309173,4690.983735734819,4732.896350552078,20251324.640606403,0.8265693949210167,1.6336274153032926,1.1733186057227575e-07,4.1358440662607394e-06,6.161187917116996,-0.1217513365068071,0.0016810429227221602,127852.20121909631,-0.05519981193234474,-0.054941406343618854,1947.6805558353662,-16542980814.49222,-1040783435.1056159,-205657436.52793413,-16542859747.87375,-1908083045.0906706,16575688353.352077,16653806907.910975,-0.9925960545484369,-0.0016685981443876699,0.12145076481895402,-0.0016810421309775858,0.9999985870476787,0.0,0.12145059321481395,0.00020416385250011208,0.992597457041318,4694.1673137145,-545.4837046280153,-0.1156857133777712,3.2909462061191692e-09,157.4826693757696,0.0,-65.58266937576958,-1.4,0.0,2.97061862923633e-17,2.2851388386111964,1.5707963267948966,19.402453153933276,461.0,0.017468202055089307,0.4583204149006685,0.0,0.036962288309234904,-1577.9903510005665,-12.14779781426764,193.0831198694506,-0.0613564414130729,0.11968645174470006,-0.9193171255955116,-0.062075488871358185,0.11931510095329152,-0.9193171255955116,-1.2049521157503627e-17,5.619534010140408e-20,8.115170913780264e-19,-1.2049641160065448e-17,-1.630812782856885e-20,8.115170913780264e-19,-1578.052426489438,-12.028482713314348,192.1638027438551,-1057412.3115414549,164.74649392842633,116475.26498782716,-0.0066636980424716165,4719.819165719781
84.93415908038104,2001.0,12.0,14.0,14.0,22.0,52.0,1.0,3497876.0524367495,26913.92518188115,-427783.2641848817,314.2568763498603,-295.1292417956981,4691.002886534815,3524040.2606519503,4710.771352461722,3497974.6932192137,5855.1837836318,-427783.2641848817,3524040.2606519503,312.8894448136408,-544.960514709558,4691.002886534815,4732.905011591322,20251316.297421593,0.8265693234984515,1.633627414011813,1.1733186057227575e-07,4.1416382960234606e-06,6.1612492470851095,-0.12169012359233994,0.0016738766939927688,127840.26065195026,-0.05517206669564673,-0.054913791582746244,1950.304413586855,-16542980491.079285,-1040783393.3089591,-205658303.80411932,-16542858250.948439,-1908090114.4610932,16575688027.952908,16653806241.631388,-0.9926034989657258,-0.0016614974150575075,0.12139000480821449,-0.0016738759123306303,0.9999985990687338,0.0,0.12138983474916135,0.00020319180504616965,0.9926048895369505,4694.183268496427,-545.4834893622301,-0.11568527843220375,3.295457087041012e-09,157.4561347821117,0.0,-65.55613478211168,-1.4,0.0,2.970572213867895e-17,2.2851312584062806,1.5707963267948966,19.404123449873502,461.0,0.017492237654575558,0.45912369440719,0.0,0.03701303383797738,-1578.0129079101512,-12.14180282630369,192.98783105862734,-0.061408902989213573,0.11984548025056269,-0.9205789457795136,-0.062129295545566815,0.11947360854112621,-0.9205789457795136,-1.206590362385943e-17,5.631936024438399e-20,8.122101089956473e-19,-1.2066024022988708e-17,-1.63219870673487e-20,8.122101089956473e-19,-1578.0750372056968,-12.022329217762564,192.06725211284783,-1057412.7471766584,164.90003213339227,116470.46929213354,-0.006571780339290526,4719.822488615996
85.02829574495728,2001.0,12.0,14.0,14.0,22.0,53.0,1.0,3497905.6203632494,26886.142583928566,-427341.6669742245,313.9346271106038,-295.13169548037615,4691.042086666689,3524015.819198909,4710.789055631165,3498004.132155409,5803.88279795046,-427341.6669742245,3524015.819198909,312.56156842069845,-544.9651978837363,4691.042086666689,4732.922739685937,20251299.17059724,0.8265691768824983,1.6336274113609988,1.1827430029502178e-07,4.153550002621858e-06,6.161374882075438,-0.12156472836605647,0.001659196859916433,127815.81919890922,-0.05511523029235682,-0.05485722245770886,1955.6858172416687,-16542979827.182333,-1040783307.5146708,-205660077.63530758,-16542855184.95599,-1908104584.7884572,16575687359.97897,16653804875.896948,-0.9926187371515792,-0.001646951403092685,0.12126553593944117,-0.0016591960986399022,0.9999986235332058,0.0,0.12126536902145767,0.00020120330413019765,0.9926201034601909,4694.21592654121,-545.4830486921459,-0.11568438813733568,3.304690524856514e-09,157.40182044202052,0.0,-65.5018204420205,-1.4,0.0,2.970477194525212e-17,2.285115740569995,1.5707963267948966,19.40754372746367,461.0,0.017541437521656038,0.4607726729654657,0.0,0.03711690685965915,-1578.0590813171752,-12.129521511146677,192.7926226676931,-0.06151596771437085,0.12017095621727884,-0.9231618117532691,-0.062239117161668904,0.11979801875217601,-0.9231618117532691,-1.2099436123311815e-17,5.657369221379374e-20,8.136244665356262e-19,-1.209955733708411e-17,-1.6350271178898895e-20,8.136244665356262e-19,-1578.121320434337,-12.009723492394501,191.86946085593985,-1057413.6414463148,165.05357033835818,116465.74020332453,-0.006479862834319415,4719.825761410759
85.20487667239814,2001.0,12.0,14.0,14.0,22.0,53.0,1.0,3497961.0018599015,26834.027549536997,-426513.3119273072,313.3301286661478,-295.1362911427267,4691.11550907064,3523970.0397163504,4710.82221266336,3498059.270264139,5707.651563984825,-426513.3119273072,3523970.0397163504,311.94651450127657,-544.9739579175731,4691.11550907064,4732.955943399529,20251266.915098332,0.8265689007549679,1.6336274063698044,1.1827430029502178e-07,4.1759158334205775e-06,6.161610551979358,-0.12132950814211788,0.0016316608890277196,127770.03971635038,-0.05500861472008261,-0.05475110824448831,1965.8032354712486,-16542978576.853266,-1040783145.9555552,-205663394.93337655,-16542849435.428545,-1908131687.5574782,16575686101.972826,16653802310.953947,-0.9926472787338746,-0.0016196651786643005,0.12103204826384902,-0.0016316601650279922,0.999998668841667,0.0,0.1210318871510294,0.0001974831718438678,0.9926486001063304,4694.27709517056,-545.4822231722789,-0.11568272061472414,3.3219836170054657e-09,157.30009929087598,0.0,-65.40009929087597,-1.399950354562017,0.0,2.9702992015927016e-17,2.285086672118155,1.5707963267948966,19.413954042243954,461.0,0.017633585672329533,0.4638782930271532,0.0,0.03731145158371262,-1578.1455692617637,-12.106481936257454,192.42641444297016,-0.06171531909634169,0.12078037723040809,-0.9279992733097637,-0.06244364494136555,0.12040544564727805,-0.9279992733097637,-1.2162234354436701e-17,5.705174925332883e-20,8.162580808963358e-19,-1.2162357104526834e-17,-1.640293567727871e-20,8.162580808963358e-19,-1578.208012906705,-11.986076490610177,191.4984151696604,-1057415.3256572206,165.2071085433241,116461.07772140016,-0.006387945524641349,4719.8289840962125
85.2657403928891,2001.0,12.0,14.0,14.0,22.0,53.0,1.0,3497980.0659563425,26816.06440865968,-426227.79241494543,313.12176311308576,-295.13787307020914,4691.140783277015,3523954.2809414007,4710.833625928678,3498078.250037954,5674.482329656652,-426227.79241494543,3523954.2809414007,311.7345106693213,-544.9769698678862,4691.140783277015,4732.96737273283,20251255.75738739,0.8265688052375836,1.6336274046436272,1.1920928955078133e-07,4.183645303780669e-06,6.161691783820117,-0.12124843127552716,0.0016221699306611767,127754.28094140068,-0.054971865909339494,-0.05471453224171958,1969.2976890206337,-16542978144.346586,-1040783090.0757384,-205664535.3031383,-16542847454.149475,-1908141017.0387795,16575685666.8109,16653801425.898144,-0.9926571036850871,-0.0016102599174869976,0.12095156702801535,-0.0016221692192220716,0.9999986842826466,0.0,0.12095140788993969,0.0001962039090495217,0.9926584097429828,4694.298151149718,-545.4819389600067,-0.11568214660655943,3.328484111672218e-09,157.26070235350173,0.0,-65.36070235350171,-1.4196488232491458,0.0,2.9702304137865304e-17,2.285075438216884,1.5707963267948966,19.416432568465684,461.0,0.01766821329135664,0.4649525972334706,0.0,0.03738425514441401,-1578.1753423920884,-12.098539966429009,192.30017883122943,-0.06179298968817688,0.1210085769364077,-0.929809167478167,-0.06252321275631488,0.12063290236666868,-0.929809167478167,-1.2185721412476933e-17,5.722594064143802e-20,8.172827433892717e-19,-1.218584471550095e-17,-1.6423168959396596e-20,8.172827433892717e-19,-1578.2378656048447,-11.97790706406234,191.37036966375126,-1057415.9082548972,165.36064674829,116456.48184636043,-0.006296028407338861,4719.83215666447
85.38102618177746,2001.0,12.0,14.0,14.0,22.0,53.0,1.0,3498016.1416949974,26782.039033525823,-425686.9677912229,312.72707405725015,-295.1408665419947,4691.188610398704,3523924.4599907123,4710.85522302332,3498114.1654488696,5611.653901354589,-425686.9677912229,3523924.4599907123,311.33293008033326,-544.9826645200649,4691.188610398704,4732.989000231706,20251234.563519444,0.8265686238036323,1.6336274013653085,1.1920928955078133e-07,4.1982947364817005e-06,6.161845652100349,-0.1210948565096922,0.0016041926655910534,127724.45999071281,-0.05490225673966889,-0.05464525039858592,1975.9277941584587,-16542977322.812044,-1040782983.941988,-205666691.09079358,-16542843701.80756,-1908158671.3334136,16575684840.233318,16653799747.96272,-0.992675695851349,-0.0015924444366124063,0.12079911831945025,-0.0016041919775437881,0.9999987132832218,0.0,0.12079896288519791,0.00019378497650242494,0.9926769731454657,4694.337995837945,-545.4814010705066,-0.11568106039790067,3.3407852538309622e-09,157.18614997678205,0.0,-65.28614997678206,-1.456925011608976,0.0,2.970100223353815e-17,2.2850541765057018,1.5707963267948966,19.421125312227453,461.0,0.01773374179738648,0.46699326530133944,0.0,0.037522021969037596,-1578.2316849266267,-12.083495580775294,192.06105209763425,-0.06193943275102337,0.12144032028268643,-0.9332340354928077,-0.06267325181308173,0.12106324061024494,-0.9332340354928077,-1.2230163474989284e-17,5.755634397843126e-20,8.192147091339708e-19,-1.223028782910942e-17,-1.6461313194951773e-20,8.192147091339708e-19,-1578.2943581784398,-11.96243234016505,191.12781806214144,-1057417.0148903,165.51418495325592,116451.95257820532,-0.006204111479493923,4719.835279107616
85.53208384388482,2001.0,12.0,14.0,14.0,22.0,53.0,1.0,3498063.34245394,26737.45544839986,-424978.3230805279,312.2098960981101,-295.1447829965452,4691.251185920664,3523885.442864484,4710.883478876729,3498161.15492966,5529.329531921436,-424978.3230805279,3523885.442864484,310.8067221426417,-544.9901054104494,4691.251185920664,4733.01729586174,20251206.675616533,0.826568385063332,1.633627397052598,1.1920928955078133e-07,4.217555127792131e-06,6.16204726783843,-0.12089362529849565,0.0015806375641885969,127685.44286448415,-0.054811046766949624,-0.05455446931834983,1984.6369687020779,-16542976241.805569,-1040782844.3042104,-205669507.3688403,-16542838786.183702,-1908181769.3553176,16575683752.592089,16653797546.410404,-0.9927000215098043,-0.0015691002507240341,0.12059935828534565,-0.001580636906007217,0.9999987507927054,0.0,0.12059920763174756,0.0001906237965466046,0.9927012615994617,4694.390127077464,-545.4806971804879,-0.11567963924353766,3.3569937467881797e-09,157.0886071612104,0.0,-65.1886071612104,-1.5,0.0,2.9699298441873664e-17,2.285026351476221,1.5707963267948966,19.427270209619785,461.0,0.017820085300424268,0.469678558461317,0.0,0.037703638204616564,-1578.305405648485,-12.063781108632313,191.74769549224004,-0.06213229443980402,0.1220093163824201,-0.9377490043633192,-0.06287085585771078,0.12163038592464853,-0.9377490043633192,-1.228875007447919e-17,5.79921836769819e-20,8.217591498631931e-19,-1.2288875817281145e-17,-1.6511626890487077e-20,8.217591498631931e-19,-1578.3682765043427,-11.942150722707664,190.80994648787672,-1057418.4710575044,165.66772315822183,116447.48991693486,-0.006112194738187949,4719.838351417706
85.59719177735695,2001.0,12.0,14.0,14.0,22.0,53.0,1.0,3498083.6625382192,26718.239126615324,-424672.8845334071,311.9869778052197,-295.1464689914986,4691.278124699321,3523868.6458602217,4710.895642631087,3498181.3835294805,5493.846248207394,-424672.8845334071,3523868.6458602217,310.57991177648125,-544.9933052768315,4691.278124699321,4733.029476738765,20251194.613118544,0.8265682817994646,1.6336273951875757,1.20137002293744e-07,4.225917822240758e-06,6.16213416835188,-0.12080689049846163,0.0015704850975870775,127668.6458602217,-0.05477173336003364,-0.05451534077008966,1988.3987064659595,-16542975774.235033,-1040782783.9123942,-205670718.27863097,-16542836667.794506,-1908191712.9506927,16575683282.15219,16653796596.423813,-0.9927104938031903,-0.0015590383184859817,0.12051325608640527,-0.001570484452006947,0.9999987667885326,0.0,0.12051310746807589,0.00018926419494443106,0.9927117180266648,4694.412569477345,-545.4803941073884,-0.11567902743838758,3.3643424361530048e-09,157.04661465055426,0.0,-65.14661465055426,-1.5,0.0,2.969856481185626e-17,2.2850143703888097,1.5707963267948966,19.42991735819181,461.0,0.01785922613714959,0.4708400676176999,0.0,0.037786281564436044,-1578.3371438174927,-12.055283206215789,191.61262345133244,-0.06222249708244182,0.1222681619726169,-0.9398036057344322,-0.06296318865633482,0.12188838931400871,-0.9398036057344322,-1.2315422465978034e-17,5.818691892720497e-20,8.229493283142228e-19,-1.2315548823026597e-17,-1.6535437669112216e-20,8.229493283142228e-19,-1578.400107006149,-11.93339481690178,190.672819845598,-1057419.1009022351,165.82126136318774,116443.09386254902,-0.006020278180501789,4719.841373586766
85.74822391361532,2001.0,12.0,14.0,14.0,22.0,53.0,1.0,3498130.7435469716,26673.66222983348,-423964.3460618861,311.4698526190145,-295.1503752653389,4691.340540536195,3523829.7277162704,4710.923824515549,3498228.2513442426,5411.534185510001,-423964.3460618861,3523829.72771627,310.0537580076192,-545.0007112251883,4691.340540536195,4733.057698292832,20251166.530188393,0.8265680413882002,1.6336273908464958,1.20137002293744e-07,4.245262107192822e-06,6.1623357562904735,-0.12060568691398038,0.0015469344708476742,127629.72771626944,-0.054680535776854326,-0.05442457200729733,1997.1440971940756,-16542974685.681541,-1040782643.3286432,-205673520.42686918,-16542831754.338017,-1908214751.5214632,16575682186.919441,16653794390.086096,-0.9927347578202596,-0.001535696842258357,0.12031351649236745,-0.0015469338538771035,0.99999880349711,0.0,0.12031337253689726,0.0001861170517410444,0.9927359456316875,4694.464567157537,-545.479691785046,-0.11567760991978902,3.3813691241321184e-09,156.9493192906736,0.0,-65.04931929067361,-1.5,0.0,2.9696864685033175e-17,2.2849866052107317,1.5707963267948966,19.43605477166719,461.0,0.017949916451948822,0.47354423504904664,0.0,0.03797776550695639,-1578.4106828417632,-12.035568851092222,191.29926867443785,-0.062430597292358794,0.12286775924467552,-0.944564081962563,-0.06317623424832317,0.1224860366176048,-0.944564081962563,-1.2377217589231198e-17,5.863943134700156e-20,8.256951511703708e-19,-1.2377345377493223e-17,-1.659036859095127e-20,8.256951511703708e-19,-1578.4738590760116,-11.913082814474617,190.3547045924753,-1057420.5672585927,165.97479956815366,116438.76441504783,-0.005928361803515716,4719.844345606797
85.86069797037584,2001.0,12.0,14.0,14.0,22.0,53.0,1.0,3498165.754166958,26640.46530638789,-423436.6893489552,311.08473235170896,-295.1532799558114,4691.386954081999,3523800.7872047797,4710.944780222093,3498263.102312205,5350.235435159264,-423436.6893489552,3523800.7872047797,309.6619140708879,-545.0062111631182,4691.386954081999,4733.078683495891,20251145.52518824,0.8265678615687703,1.6336273876003407,1.2105760581248946e-07,4.2596996402670394e-06,6.162485882235794,-0.1204558471491301,0.001529396476819181,127600.78720478015,-0.05461261931036857,-0.05435697488472717,2003.6740881353617,-16542973871.489296,-1040782538.1910349,-205675601.00775498,-16542828095.845535,-1908231883.1884918,16575681367.732216,16653792744.644188,-0.992752801184078,-0.0015183138202892806,0.12016476382163536,-0.001529395880595866,0.9999988304734363,0.0,0.12016462328575206,0.00018377949478158426,0.9927539622362082,4694.503233332293,-545.4791694196343,-0.11567655583101404,3.3934803893052775e-09,156.87952712173367,0.0,-64.98976356086683,-1.510236439133169,0.0,2.969564401873236e-17,2.2849666702172025,1.5707963267948966,19.44046381629455,461.0,0.018014437623825628,0.4755668863078303,0.0,0.038113843228059656,-1578.4653707202879,-12.020886058906157,191.06588932602932,-0.06257404942712319,0.12329592214849992,-0.9479469649444396,-0.06332326602248282,0.12291281487462113,-0.9479469649444396,-1.2421125903097484e-17,5.896758139020206e-20,8.275891347690478e-19,-1.242125474264384e-17,-1.6628126841233322e-20,8.275891347690478e-19,-1578.5286939863104,-11.897973244031537,190.11794236108489,-1057421.6640419364,166.12833777311957,116434.50157443125,-0.005836445604309467,4719.84726746977
85.90033657329421,2001.0,12.0,14.0,14.0,22.0,53.0,1.0,3498178.08244109,26628.765822450776,-423250.7290004042,310.9490033826979,-295.15430276204916,4691.403297590509,3523790.5963947154,4710.952159148588,3498275.374140844,5328.632112007118,-423250.7290004042,3523790.5963947154,309.52381550479737,-545.008146366084,4691.403297590509,4733.086072808433,20251138.10541763,0.8265677980495298,1.6336273864537767,1.2105760581248946e-07,4.264805009359347e-06,6.1625387908615545,-0.1204030393714583,0.0015232157051603755,127590.5963947149,-0.05458868361149116,-0.054333151730482754,2005.9785677045584,-16542973583.88665,-1040782501.0541844,-205676332.99868718,-16542826806.67942,-1908237915.6813505,16575681078.365261,16653792164.326746,-0.9927591547920084,-0.0015121875055399106,0.12011233852358974,-0.0015232151161364634,0.9999988399071821,0.0,0.12011219918212848,0.00018295692967363196,0.9927603064861098,4694.516848728318,-545.4789854606289,-0.11567618465795386,3.397330250885479e-09,156.85688087714425,0.0,-64.97844043857212,-1.5215595614278792,0.0,2.969524722522196e-17,2.2849601900874106,1.5707963267948966,19.44189747890251,461.0,0.01803495573523557,0.4762813739817681,0.0,0.03815699760517848,-1578.4846284289845,-12.01571118856311,190.98363603956133,-0.06261650243253247,0.12343341241490516,-0.9490196773440427,-0.06336690073421311,0.12304986618689102,-0.9490196773440427,-1.2435047991993561e-17,5.907616444116173e-20,8.281505686038167e-19,-1.2435177187838666e-17,-1.66392140754945e-20,8.281505686038167e-19,-1578.5479953297188,-11.892661322376219,190.0346163622173,-1057422.0514683723,166.28187597808548,116430.30534069933,-0.005744529579962172,4719.850139167626
85.95925758135252,2001.0,12.0,14.0,14.0,22.0,53.0,1.0,3498196.397925947,26611.374988628788,-422974.3060735046,310.747245282903,-295.1558222740138,4691.427578246656,3523775.4564301083,4710.963121465338,3498293.605548426,5296.519597948025,-422974.3060735046,3523775.4564301088,309.3185350936709,-545.0110199653454,4691.427578246656,4733.097050554683,20251127.061071582,0.8265677035008653,1.633627384747159,1.2105760581248946e-07,4.272399652712149e-06,6.162617437721719,-0.12032454240979934,0.0015140283086898657,127575.45643010875,-0.05455310399916352,-0.0542977394107342,2009.4068107306957,-16542973155.79069,-1040782445.7767328,-205677419.8617177,-16542824890.610731,-1908246877.7813256,16575680647.643173,16653791301.352768,-0.9927685940274135,-0.0015030809038308758,0.12003440948590251,-0.0015140277302600296,0.9999988538593592,0.0,0.1200342719095875,0.00018173542454704393,0.9927697318811501,4694.537076334778,-545.478712145681,-0.11567563322780189,3.403049793070024e-09,156.8232365113528,0.0,-64.9616182556764,-1.5383817443235999,0.0,2.969465768372146e-17,2.2849505621440573,1.5707963267948966,19.4440279666052,461.0,0.01806543877976371,0.47734490253054956,0.0,0.0382211094933797,-1578.513239090992,-12.00801869068035,190.86136568210097,-0.06267943091184326,0.12363766435756503,-0.9506133394120967,-0.06343158645610845,0.12325346626723192,-0.9506133394120967,-1.2455730596201044e-17,5.923768670625569e-20,8.289828071156501e-19,-1.2455860322677555e-17,-1.6655648055033434e-20,8.289828071156501e-19,-1578.5766706774482,-11.884765224413119,189.91075234268888,-1057422.6281540543,166.43541418305142,116426.17571385203,-0.0056526137275523785,4719.852960692288
86.10992888932952,2001.0,12.0,14.0,14.0,22.0,54.0,1.0,3498243.179750913,26566.903182364134,-422267.4378705541,310.2312979267902,-295.1597033410821,4691.489596117342,3523736.785587743,4710.991120684373,3498340.171429194,5214.401522051909,-422267.4378705541,3523736.7855877425,308.7935805106273,-545.018351980466,4691.489596117342,4733.125089181284,20251098.73442325,0.8265674610008253,1.6336273803703343,1.2105760581248946e-07,4.291793116749608e-06,6.162818554506057,-0.1201238088993739,0.0014905347693273993,127536.78558774246,-0.05446211926119477,-0.05420718246930159,2018.1886464953423,-16542972057.81266,-1040782304.0064033,-205680192.59253827,-16542819992.012522,-1908269768.615615,16575679542.92998,16653789092.56288,-0.9927927039663058,-0.001479793139878968,0.11983512491558641,-0.0014905342174087934,0.9999988891532564,0.0,0.11983499179712813,0.0001786183541341386,0.9927938068080732,4694.588741636299,-545.4780139464718,-0.1156742247667666,3.4176587779639593e-09,156.73730130609434,0.0,-64.91865065304718,-1.5813493469528215,0.0,2.969315161531773e-17,2.2849259661804737,1.5707963267948966,19.449472794212696,461.0,0.01814330109565371,0.4800727126700311,0.0,0.03838486358546721,-1578.5863196481478,-11.988346082356403,190.54867440713315,-0.06283939378273845,0.12415931338953391,-0.9546838432689252,-0.06359604663943859,0.12377345177450985,-0.9546838432689252,-1.2508554611466001e-17,5.965136995159127e-20,8.310984496207006e-19,-1.2508685700350974e-17,-1.669741894755078e-20,8.310984496207006e-19,-1578.6499156947873,-11.864572630581893,189.59399056386422,-1057424.1072460935,166.58895238801733,116422.11269388937,-0.005560698044158096,4719.855732035644
86.18353084355398,2001.0,12.0,14.0,14.0,22.0,54.0,1.0,3498266.004105211,26545.17878169847,-421922.1339543921,309.97925229969934,-295.16159681785985,4691.519853805425,3523717.918493962,4711.004780696239,3498362.8898027563,5174.2869747289515,-421922.1339543921,3523717.9184939614,308.53713487964546,-545.0219251124502,4691.519853805425,4733.138768418215,20251084.853258274,0.8265673421659667,1.6336273782256763,1.2287812309317777e-07,4.301379628143366e-06,6.162916800328564,-0.1200257502816012,0.0014790584523682992,127517.91849396145,-0.0544176730483791,-0.05416294523240673,2022.4863755255938,-16542971519.764042,-1040782234.5362406,-205681543.6241482,-16542817599.678345,-1908280936.6204805,16575679001.581038,16653788012.5419,-0.992804466964245,-0.0014684169091890432,0.11973777235117668,-0.0014790579131002187,0.9999989061932466,0.0,0.11973764138119264,0.00017709909969300044,0.9928055529016635,4694.6139483231755,-545.4776732546168,-0.11567353760108065,3.42496269654283e-09,156.6947962349036,0.0,-64.89219435235545,-1.6,0.0,2.96924067697243e-17,2.284913801928806,1.5707963267948966,19.45216676854688,461.0,0.01818222635424776,0.48140947889078467,0.0,0.03846676277794883,-1578.6219762085275,-11.978735332875853,190.3959138977957,-0.06292034642870883,0.12441910970250898,-0.9567197465671511,-0.06367923056781874,0.1240324169246261,-0.9567197465671511,-1.253497461540088e-17,5.985686212406036e-20,8.321687574944132e-19,-1.2535106379348795e-17,-1.6718585374271038e-20,8.321687574944132e-19,-1578.6856554390954,-11.854702915951227,189.43919415122855,-1057424.8320605233,166.74249059298324,116418.11628081134,-0.00546878252685671,4719.858453189559
86.2215792944937,2001.0,12.0,14.0,14.0,22.0,54.0,1.0,3498277.795856791,26533.948321551597,-421743.62859399465,309.8489553467421,-295.1625750294219,4691.535485781347,3523708.1711824276,4711.011837723727,3498374.626640731,5153.549699647041,-421743.62859399465,3523708.1711824276,308.4045633412009,-545.0237700473582,4691.535485781347,4733.14583537756,20251077.664656825,0.8265672806251865,1.6336273771151504,1.2287812309317777e-07,4.306280898912964e-06,6.162967588806172,-0.11997505857260049,0.00147312581462713,127508.17118242756,-0.05439469643116627,-0.05414007664509703,2024.7103921622038,-16542971241.127085,-1040782198.5619979,-205682241.15611988,-16542816363.060526,-1908286706.294527,16575678721.23508,16653787453.900404,-0.9928105440885033,-0.001462535899480489,0.1196874451871742,-0.0014731252818222147,0.9999989149503634,0.0,0.11968731532035529,0.00017631460142193686,0.9928116213383923,4694.626970775254,-545.4774972288019,-0.11567318259245812,3.429470828127252e-09,156.6704279560689,0.0,-64.85564193410337,-1.6,0.0,2.969198058889488e-17,2.2849068418676732,1.5707963267948966,19.45370853578552,461.0,0.018206236581220243,0.4821017529355947,0.0,0.0385174330194953,-1578.6403978087058,-11.973766858475239,190.3169412118825,-0.0629758524546952,0.12457546978750653,-0.9579797823874566,-0.06373602567055267,0.12418826312053866,-0.9579797823874566,-1.2551330609294762e-17,5.997600121259711e-20,8.329009627943992e-19,-1.2551462750772611e-17,-1.6733215731747875e-20,8.329009627943992e-19,-1578.7041338343763,-11.8495785953547,189.35896142949503,-1057425.2074186057,166.89602879794916,116414.18647461795,-0.005376867172725035,4719.861124145873
86.32831558093294,2001.0,12.0,14.0,14.0,22.0,54.0,1.0,3498310.848476292,26502.44361803166,-421242.869179574,309.48342870566586,-295.1653169227974,4691.57930239812,3523680.8491858738,4711.03161819659,3498407.5247506583,5095.375610516712,-421242.869179574,3523680.8491858738,308.03265583745304,-545.0289376152593,4691.57930239812,4733.165643688241,20251057.448631104,0.8265671075578027,1.6336273739927392,1.2287812309317777e-07,4.320103370659984e-06,6.163110065814985,-0.11983285299928989,0.0014564832631571115,127480.84918587329,-0.0543302400405659,-0.05407592330793262,2030.9584730118513,-16542970457.537682,-1040782097.404952,-205684194.71470252,-16542812894.22,-1908302878.6418772,16575677932.84025,16653785885.430368,-0.9928275784564726,-0.0014460377737370764,0.119546260631663,-0.00145648274820695,0.9999989393284395,0.0,0.11954613383234419,0.00017411706622266884,0.9928286315215665,4694.663472734684,-545.4770037676772,-0.11567218750021818,3.442107251533599e-09,156.60212296468325,0.0,-64.75318444702488,-1.6,0.0,2.969078583769226e-17,2.284887330099816,1.5707963267948966,19.458032057484385,461.0,0.018273539026767604,0.4840486089011731,0.0,0.03865946372412767,-1578.6920353301487,-11.95982817673169,190.0953892656689,-0.06313099307551118,0.12501364712563942,-0.9615117087352171,-0.0638947842168219,0.12462500071911695,-0.9615117087352171,-1.2597174856044996e-17,6.031060348368123e-20,8.349475100681309e-19,-1.259730805974053e-17,-1.677410686512843e-20,8.349475100681309e-19,-1578.7559301143656,-11.835203176012573,189.13387755693367,-1057426.2630145997,167.04956700291507,116410.32327530919,-0.0052849519788392895,4719.863744896399
86.49745968401882,2001.0,12.0,14.0,14.0,22.0,54.0,1.0,3498363.1467833687,26452.517778263675,-420449.31034183776,308.90415714679636,-295.1696551617524,4691.64863149182,3523637.6182910423,4711.062914567152,3498459.5768128866,5003.186488805714,-420449.31034183776,3523637.6182910427,307.4432724893362,-545.0371025251386,4691.64863149182,4733.196984101446,20251025.260332286,0.8265668319959487,1.6336273690232188,1.237783411580038e-07,4.342148257881562e-06,6.163335852380789,-0.11960749649439718,0.0014301103008594333,127437.61829104228,-0.05422809439383013,-0.0539742579077212,2040.8873069435358,-16542969209.901707,-1040781936.3753352,-205687280.82410434,-16542807397.771011,-1908328467.0744112,16575676677.555136,16653783395.837915,-0.9928545315365411,-0.00141989246080085,0.11932251720758814,-0.001430109813378864,0.9999989773924379,0.0,0.11932239518747972,0.00017064430281564017,0.9928555468381314,4694.721227773517,-545.4762228071203,-0.11567061301303046,3.4621015403929423e-09,156.4940457276057,0.0,-64.59106859140857,-1.6,0.0,2.9688894949450185e-17,2.284856449551344,1.5707963267948966,19.464878793389524,461.0,0.018380033225026307,0.4871484784174803,0.0,0.038884196923908994,-1578.773743798751,-11.937737385580357,189.7442615059341,-0.06337512720465803,0.12570664913588137,-0.967100213672526,-0.06414465679198628,0.1253157268271483,-0.967100213672526,-1.2669706772555691e-17,6.084200319602169e-20,8.381680732203818e-19,-1.2669841669036516e-17,-1.6838451307421936e-20,8.381680732203818e-19,-1578.837888455543,-11.812421658753209,188.77716129226158,-1057427.9437567927,167.20310520788098,116406.52668288504,-0.005193036942275101,4719.866315432929
86.53383957100039,2001.0,12.0,14.0,14.0,22.0,54.0,1.0,3498374.382415278,26441.779522627214,-420278.62842411926,308.77956221428974,-295.1705871479117,4691.663525847953,3523628.3306776066,4711.069637919879,3498470.759258416,4983.358068750247,-420278.62842411926,3523628.3306776066,307.31650267663156,-545.0388547920071,4691.663525847953,4733.20371691547,20251018.313276835,0.8265667725225098,1.6336273679509568,1.237783411580038e-07,4.346875860354784e-06,6.1633844157642645,-0.11955902559676446,0.001424438001978819,127428.33067760663,-0.054206124339899193,-0.05395239114630437,2043.0271570980549,-16542968940.63144,-1040781901.6258942,-205687943.04244182,-16542806215.695337,-1908333964.3228045,16575676406.63429,16653782859.739384,-0.9928603220719499,-0.0014142689299446998,0.11927439246786228,-0.001424437520275809,0.9999989854883607,0.0,0.11927427146260286,0.00016989891983932537,0.9928613293413246,4694.733635548096,-545.4760550007576,-0.1156702747577362,3.4660567063704555e-09,156.4740681724592,0.0,-64.57406817245919,-1.612965913770399,0.0,2.968854429852872e-17,2.284850722987216,1.5707963267948966,19.46614901594884,461.0,0.0184011062595786,0.48781751963850617,0.0,0.03892848240740118,-1578.7912984328957,-11.932985684792117,189.66873437233698,-0.06342070386050436,0.12584657509579245,-0.9682013371312084,-0.06419141400262449,0.1254552051923171,-0.9682013371312084,-1.268400954822965e-17,6.095051749656512e-20,8.387710242227099e-19,-1.268414479778699e-17,-1.685033938128353e-20,8.387710242227099e-19,-1578.8554898468983,-11.8075304795998,188.70053303520578,-1057428.306504501,167.3566434128469,116402.79669734556,-0.005101122060107491,4719.868835747225
86.61480587580289,2001.0,12.0,14.0,14.0,22.0,54.0,1.0,3498399.3719294714,26417.88056696993,-419898.7604237381,308.50226138983345,-295.1726599705856,4691.696652699945,3523607.6738104033,4711.084591198997,3498495.630118131,4939.228128978005,-419898.7604237381,3523607.6738104033,307.0343614669037,-545.0427496964326,4691.696652699945,4733.2186912368525,20251002.82325102,0.8265666399128613,1.633627365560322,1.237783411580038e-07,4.357462364310141e-06,6.16349249830328,-0.11945114887692139,0.0014118139250489975,127407.67381040333,-0.0541572278188828,-0.05390372451098507,2047.7948533147573,-16542968340.234602,-1040781824.1478847,-205689414.89583027,-16542803585.098068,-1908346190.79526,16575675802.557346,16653781665.869661,-0.9928732009868976,-0.001401753142294857,0.11916728515058055,-0.0014118134560400914,0.9999990033908861,0.0,0.11916716638737808,0.00016824197669535617,0.9928741904943648,4694.761231864555,-545.4756817448464,-0.11566952243799333,3.4750080154918916e-09,156.4281640231185,0.0,-64.5281640231185,-1.6359179884407473,0.0,2.9687739067516966e-17,2.2848375725668286,1.5707963267948966,19.469066589725465,461.0,0.0184487960832733,0.4893093205529133,0.0,0.03902879208838942,-1578.8303429946109,-11.922409937358251,189.50063542264652,-0.06352483540762587,0.12616179691580962,-0.9706955213520204,-0.06429819886416704,0.12576941336197753,-0.9706955213520204,-1.2716399879486352e-17,6.11949513528221e-20,8.401477666352827e-19,-1.271653592236989e-17,-1.687756344209338e-20,8.401477666352827e-19,-1578.894641193475,-11.796640523996274,188.5299399012945,-1057429.1153331753,167.5101816178128,116399.1333186907,-0.0050092073294109125,4719.871305831029
86.83912802873026,2001.0,12.0,14.0,14.0,22.0,54.0,1.0,3498468.489646576,26351.66615720342,-418846.2986501701,307.7339464340509,-295.17839286343906,4691.7882761847395,3523550.5396194053,4711.125947578337,3498564.4170486084,4816.961758670805,-418846.2986501701,3523550.5396194053,306.25263579525154,-545.0535054240257,4691.7882761847395,4733.260105809856,20250959.69940323,0.8265662707293473,1.6336273589064811,1.2555941601360387e-07,4.386842128944054e-06,6.1637919541617405,-0.11915226314687462,0.001376838651700598,127350.53961940482,-0.054021753851913455,-0.05376888745695187,2061.04194393754,-16542966668.75845,-1040781608.4789281,-205693478.60699168,-16542796298.34046,-1908380006.699225,16575674120.837597,16653778352.839262,-0.9929088224250374,-0.0013670761081778344,0.11887052390496196,-0.0013768382166919845,0.9999990521578134,0.0,0.11887041123446465,0.00016366548015054973,0.9929097635467988,4694.83755823318,-545.4746491322448,-0.1156674416508485,3.499736935540144e-09,156.3013490485121,0.0,-64.40202357276813,-1.7,0.0,2.9685513947314464e-17,2.284801233596212,1.5707963267948966,19.477133513091317,461.0,0.018580549213933692,0.49346259342703724,0.0,0.039305893107504125,-1578.9383405952804,-11.893105842545086,189.03485388315852,-0.06381042371276263,0.12703249350266116,-0.9775855644554833,-0.06459114096456545,0.12663731317744223,-0.9775855644554833,-1.2805868702981593e-17,6.18732269503787e-20,8.439238960196337e-19,-1.2806006955988123e-17,-1.695220931134515e-20,8.439238960196337e-19,-1579.0029317362448,-11.766468529367645,188.05726831870302,-1057431.3670986705,167.66371982277872,116395.53654692047,-0.004917292747259184,4719.873725676058
86.87942832585678,2001.0,12.0,14.0,14.0,22.0,54.0,1.0,3498480.88863455,26339.770359558534,-418657.2178576272,307.5959102546482,-295.1794212422088,4691.804712300554,3523540.290348341,4711.133366091004,3498576.756290776,4794.995901638192,-418657.2178576272,3523540.2903483417,306.1121903115741,-545.055432224913,4691.804712300554,4733.267534760836,20250951.91919909,0.8265662041227325,1.633627357706306,1.2555941601360387e-07,4.392128320838074e-06,6.1638457535153615,-0.11909856620190934,0.0013705552952852386,127340.29034834169,-0.053997414969977155,-0.05374466299881636,2063.4278034567833,-16542966367.200603,-1040781569.5737214,-205694206.46670067,-16542794989.458397,-1908386072.7700887,16575673817.431946,16653777756.790398,-0.9929152125417877,-0.001360846054399495,0.11881720751268554,-0.0013705548662051176,0.9999990607892383,0.0,0.11881709591828557,0.0001628455019454144,0.9929161450993167,4694.851250148832,-545.4744638550216,-0.1156670683843813,3.5047334551834202e-09,156.27572587085427,0.0,-64.36358880628138,-1.7,0.0,2.9685065328071913e-17,2.2847939070879835,1.5707963267948966,19.478760768390586,461.0,0.01860715989395406,0.4942119287672946,0.0,0.03936205048007574,-1578.957715072855,-11.88784073612719,188.95116627755567,-0.0638719610516423,0.12720589348964165,-0.9789820467435145,-0.06465410671429254,0.12681014640815394,-0.9789820467435145,-1.2823997273907207e-17,6.200522397509261e-20,8.447359040679198e-19,-1.2824135947547785e-17,-1.69684351777239e-20,8.447359040679198e-19,-1579.0223691795693,-11.761030589719036,187.97218423081216,-1057431.7733527496,167.81725802774463,116392.00638203487,-0.004825378310725526,4719.876095274008
86.94088321033334,2001.0,12.0,14.0,14.0,22.0,54.0,1.0,3498499.7854376403,26321.630094161217,-418368.88277123903,307.3854123204241,-295.1809885262892,4691.829761805826,3523524.669842583,4711.144672100579,3498595.5617991355,4761.499492811895,-418368.88277123903,3523524.669842583,305.8980183601331,-545.0583672188781,4691.829761805826,4733.27885667841,20250940.033599883,0.8265661023695378,1.633627355873105,1.2467205919833125e-07,4.400159243831326e-06,6.163927794023495,-0.11901668184744517,0.0013609737018401567,127324.66984258266,-0.05396029974310124,-0.05370772225956246,2067.0699759572744,-16542965906.52029,-1040781510.1439327,-205695315.10727954,-16542792993.554224,-1908395317.7327242,16575673353.92908,16653776847.279657,-0.9929249514678263,-0.0013513455811917502,0.11873590281686039,-0.0013609732816964046,0.9999990738754344,0.0,0.11873579285262398,0.00016159639131184785,0.9929258710408673,4694.872117293355,-545.4741814568465,-0.11566649950667095,3.512348451740948e-09,156.2366746064567,0.0,-64.30501190968502,-1.7,0.0,2.9684381543698926e-17,2.2847827400417224,1.5707963267948966,19.481241567437287,461.0,0.018647716626956797,0.49535667718552706,0.0,0.039447637925578816,-1578.9872434383074,-11.879811546132002,188.82354422230907,-0.06396555988270819,0.12747012153888276,-0.9811103737288834,-0.06474988447581827,0.12707351099506956,-0.9811103737288834,-1.2851625432346111e-17,6.22066708405857e-20,8.459709837955562e-19,-1.2851764748752738e-17,-1.6993114456148573e-20,8.459709837955562e-19,-1579.0519933227831,-11.752738035136932,187.84243384858019,-1057432.393976299,167.97079623271054,116388.54282403391,-0.004733464016882553,4719.878414616548
87.16260530004604,2001.0,12.0,14.0,14.0,22.0,55.0,1.0,3498567.855377448,26256.181322370856,-417328.5904637092,306.62592740942557,-295.1866339161981,4691.919993730864,3523468.4017536486,4711.185396030801,3498663.3004813255,4640.646841301355,-417328.5904637092,3523468.4017536486,305.12527790513235,-545.0689238984755,4691.919993730864,4733.319637906145,20250896.93771201,0.8265657334221003,1.633627349228873,1.264405455326822e-07,4.429456325082433e-06,6.164223792576964,-0.11872124656407142,0.0013264048927358507,127268.40175364865,-0.05382638945207728,-0.053574441499954814,2080.2494808137417,-16542964236.15496,-1040781294.704483,-205699302.01757577,-16542785793.00374,-1908428618.9335566,16575671673.33237,16653773560.056038,-0.9929600330004442,-0.0013170678184574272,0.1184425523032937,-0.0013264045038008238,0.9999991203251593,0.0,0.11844244811236036,0.0001571027348167534,0.9929609064831715,4694.947283198955,-545.4731639578936,-0.1156644503274009,3.5397991231756745e-09,156.09800219206082,0.0,-64.09600438412161,-1.7019978079391869,0.0,2.96819521426726e-17,2.2847430649120763,1.5707963267948966,19.490060820830006,461.0,0.01879392078526723,0.49950749221138085,0.0,0.0397561383016178,-1579.0936152972174,-11.850840115767541,188.36305023191647,-0.06430114351763437,0.12842261296864216,-0.9887821054622694,-0.06509334354069406,0.1280228932889046,-0.9887821054622694,-1.2951217262013126e-17,6.293549577319743e-20,8.504001195645895e-19,-1.2951358911861787e-17,-1.7081587550699983e-20,8.504001195645895e-19,-1579.158708640758,-11.722817222478637,187.3742681264542,-1057434.6442957819,168.12433443767648,116385.1458729176,-0.004641549862802253,4719.88068369533
87.24173992354173,2001.0,12.0,14.0,14.0,22.0,55.0,1.0,3498592.109378533,26232.821759746832,-416957.2958709719,306.35484794566105,-295.18864532089486,4691.95214378981,3523448.3528672936,4711.199905416877,3498687.435541882,4597.512868705107,-416957.2958709719,3523448.3528672936,304.84946737373826,-545.0726793708807,4691.95214378981,4733.334167705509,20250881.47461958,0.8265656010407464,1.6336273468458153,1.264405455326822e-07,4.439920943065511e-06,6.164329439387542,-0.11861580074804434,0.0013140671486438495,127248.35286729364,-0.053778594571639686,-0.05352687130511624,2084.9684843719006,-16542963636.821108,-1040781217.419214,-205700720.08320555,-16542783223.205067,-1908440484.1213179,16575671070.328417,16653772384.58695,-0.9929725329150173,-0.001304833336059479,0.11833784807194991,-0.001314066770461386,0.9999991366138886,0.0,0.11833774590069544,0.00015550383383925736,0.9929733902344514,4694.974064953442,-545.4728013177682,-0.11566372019485155,3.5498235663531816e-09,156.07294108411705,0.0,-64.04588216823409,-1.7270589158829543,0.0,2.968150488007768e-17,2.284735760559585,1.5707963267948966,19.49168538040712,461.0,0.0188473131815464,0.5009968568602989,0.0,0.039868442591046195,-1579.131518538458,-11.840498796636284,188.19867741352002,-0.06442372486583506,0.12877562669951986,-0.9915771149846846,-0.06521882364419831,0.12837477711727435,-0.9915771149846846,-1.2987657765489966e-17,6.320125495378136e-20,8.520286107686846e-19,-1.2987800265986254e-17,-1.7113823854988808e-20,8.520286107686846e-19,-1579.1967373621023,-11.71212401951901,187.20710029853532,-1057435.451727774,168.2778726426424,116381.8155286859,-0.004549635845556039,4719.8829025019795
87.38259337144488,2001.0,12.0,14.0,14.0,22.0,55.0,1.0,3498635.2265333724,26191.24316937624,-416296.4142077727,305.87233152902587,-295.19222092300726,4692.0092973893725,3523412.7112845057,4711.225697976777,3498730.340065616,4520.7370325720885,-416296.4142077727,3523412.7112845057,304.35852996969544,-545.0793478027034,4692.0092973893725,4733.359996551567,20250853.843924537,0.826565364490395,1.633627342588397,1.264405455326822e-07,4.4586356023301634e-06,6.1645174853692675,-0.11842811246136196,0.0012921071581170277,127212.7112845052,-0.053693522011344245,-0.05344219866779261,2093.3886226415634,-16542962565.88946,-1040781079.3337156,-205703237.76109612,-16542778649.306086,-1908461576.77811,16575669992.839607,16653770289.396965,-0.992994754449333,-0.0012830563442350743,0.11815147651437247,-0.0012921067985794314,0.9999991652296621,0.0,0.1181513778850245,0.00015266432606641868,0.9929955833725916,4695.021674966479,-545.4721565124115,-0.11566242222690501,3.567644357747397e-09,156.0283891056315,0.0,-63.956778211263014,-1.7716108943684916,0.0,2.9680709695146174e-17,2.2847227742041385,1.5707963267948966,19.49457436410279,461.0,0.018942232998796365,0.5036582536068717,0.0,0.04006808578443301,-1579.1989028478283,-11.822090557946627,187.90608280355085,-0.06464068535242391,0.12940304091250732,-0.996545825056037,-0.06544094776903425,0.12900018432283594,-0.996545825056037,-1.3052435945650723e-17,6.36751078402298e-20,8.549111703744552e-19,-1.3052579967028404e-17,-1.7170876573878965e-20,8.549111703744552e-19,-1579.2643437955974,-11.693090373623791,186.9095369784948,-1057436.8945151642,168.4314108476083,116378.55179133883,-0.004457721962214665,4719.885071028104
87.51175639191506,2001.0,12.0,14.0,14.0,22.0,55.0,1.0,3498674.7053511664,26153.11503906321,-415690.37673502264,305.4298444342248,-295.19549464975364,4692.061627497373,3523380.0772270397,4711.249312673435,3498769.622857522,4450.332543714739,-415690.37673502264,3523380.07722704,303.9083207416832,-545.0854447477038,4692.061627497373,4733.38364446884,20250828.385851655,0.8265651465393584,1.6336273386667148,1.2731557704981472e-07,4.475808782373278e-06,6.164689927356242,-0.11825599841886504,0.0012719700418582873,127180.0772270402,-0.05361550864432263,-0.053364552031491715,2101.1328754872084,-16542961579.172867,-1040780952.1225702,-205705539.32198367,-16542774455.205254,-1908480889.035151,16575669000.082478,16653768364.802954,-0.9930151008888922,-0.0012630861406292635,0.11798056628116545,-0.0012719696988699424,0.9999991910462154,0.0,0.11798047084033984,0.00015006770536515928,0.9930159041928661,4695.065266609434,-545.4715659739883,-0.11566123379977203,3.583410121315465e-09,155.97794939342268,0.0,-63.86692409013401,-1.8,0.0,2.96798156507183e-17,2.2847081733505945,1.5707963267948966,19.497823570583588,461.0,0.019026217379966088,0.5061104488785385,0.0,0.04024487754593028,-1579.260603836252,-11.805208465256369,187.63774590629706,-0.06482867571282425,0.12995573978770095,-1.0009450095770736,-0.06563354394680126,0.12955110731842653,-1.0009450095770736,-1.31097165187457e-17,6.410044760495322e-20,8.574055255369763e-19,-1.3109861918744117e-17,-1.7220357714585646e-20,8.574055255369763e-19,-1579.3262373801988,-11.675657357937942,186.63680089672,-1057438.2238585874,168.58494905257422,116375.35466087642,-0.004365808209848271,4719.887189265286
87.56412939533473,2001.0,12.0,14.0,14.0,22.0,55.0,1.0,3498690.696930965,26137.65472968463,-415444.6388202298,305.25041989013084,-295.1968206900595,4692.082824540466,3523366.8582352474,4711.258877851679,3498785.53466856,4421.784717231261,-415444.6388202298,3523366.8582352474,303.72576501091004,-545.0879120251336,4692.082824540466,4733.393223102748,20250818.032394845,0.8265650579013717,1.6336273370721486,1.2731557704981472e-07,4.48279832637593e-06,6.164759850002201,-0.11818620873179657,0.0012638049172360815,127166.8582352479,-0.05358387536448438,-0.05333306745362184,2104.2784602344036,-16542961177.890274,-1040780900.3930888,-205706470.6110185,-16542772754.714338,-1908488711.6621807,16575668596.343624,16653767583.604385,-0.9930233425709751,-0.001254988451428531,0.11791126372469597,-0.0012638045808106351,0.9999992013986719,0.0,0.11791116956060417,0.00014901679522444163,0.9930241356013686,4695.0829239336845,-545.4713267303341,-0.11566075241094485,3.5892852287787094e-09,155.94857385610646,0.0,-63.82286078415968,-1.8,0.0,2.9679299664962144e-17,2.284699746663708,1.5707963267948966,19.49969931581452,461.0,0.019057522309499662,0.5071077390718359,0.0,0.04031092641975569,-1579.285597637276,-11.798362658012708,187.52893340355627,-0.06489565863306523,0.13015954113473738,-1.002587741960771,-0.06570227144813902,0.12975424534241561,-1.002587741960771,-1.3131038054413747e-17,6.426377668916784e-20,8.582908714598476e-19,-1.313118399343928e-17,-1.7238036443679193e-20,8.582908714598476e-19,-1579.351299908724,-11.668608412670293,186.52634566159549,-1057438.7644856814,168.73848725754013,116372.22413729862,-0.004273894585526407,4719.88925720509
87.63375934418322,2001.0,12.0,14.0,14.0,22.0,55.0,1.0,3498711.943197023,26117.10012881685,-415117.9283525737,305.011870411514,-295.1985824218516,4692.110986595464,3523349.295603313,4711.271585748975,3498806.6746280454,4383.830159720911,-415117.9283525737,3523349.295603313,303.48305260186095,-545.0911878864566,4692.110986595464,4733.405948876334,20250804.241390746,0.8265649398336637,1.633627334948496,1.2818463544611084e-07,4.492100801007356e-06,6.1648528130129305,-0.11809342247685396,0.0012529494405844107,127149.29560331302,-0.053541818509756096,-0.05329120829832565,2108.464859843254,-16542960643.375689,-1040780831.4941782,-205707707.02287436,-16542770494.081991,-1908499104.6170244,16575668058.557613,16653766544.326311,-0.9930342923973239,-0.0012442224122346788,0.11781912422665204,-0.0012529491127539114,0.9999992150589524,0.0,0.11781903174558524,0.00014762136716522654,0.9930350718713135,4695.106383104367,-545.4710088435019,-0.11566011284599581,3.597090842971989e-09,155.90954578514007,0.0,-63.76431867771009,-1.8,0.0,2.967861406605128e-17,2.284688549983794,1.5707963267948966,19.50219222677372,461.0,0.01909911431178674,0.5084361581161948,0.0,0.040398678692487665,-1579.3188048369132,-11.789260742500133,187.38426058393657,-0.06498441644030165,0.13043026239520888,-1.0047702691239606,-0.0657933495739538,0.13002408577032604,-1.0047702691239606,-1.3159364748076621e-17,6.448112014277405e-20,8.594640534612152e-19,-1.3159511405432368e-17,-1.7261462044909616e-20,8.594640534612152e-19,-1579.3845981864872,-11.659236656729806,186.3794903148126,-1057439.48461226,168.89202546250604,116369.16022060547,-0.004181981086317955,4719.891274839064
87.82755746504475,2001.0,12.0,14.0,14.0,22.0,55.0,1.0,3498770.9895867887,26059.890723677167,-414208.5984738711,304.3478991798606,-295.20347832329065,4692.189252076244,3523300.486550691,4711.306900919233,3498865.4236130635,4278.191630254513,-414208.5984738711,3523300.486550691,302.8074947688134,-545.1002790937374,4692.189252076244,4733.441313722613,20250765.69982124,0.8265646098699082,1.6336273290155645,1.2818463544611084e-07,4.518075322524261e-06,6.165111557860131,-0.11783516950716892,0.0012227362245191386,127100.48655069154,-0.05342476111900639,-0.05317470115640404,2120.143017396331,-16542959149.583052,-1040780638.9772497,-205711137.84533018,-16542764203.153984,-1908527987.412607,16575666555.624481,16653763647.66006,-0.9930647235366663,-0.0012142568158990208,0.11756266604424111,-0.0012227359198369594,0.9999992524581558,0.0,0.11756257816122892,0.00014374809460409042,0.993065465894656,4695.17157832407,-545.4701252091191,-0.11565833542705474,3.6187506427705816e-09,155.8012163767289,0.0,-63.60182456509331,-1.7993918116355652,0.0,2.9676710624924685e-17,2.2846574644311612,1.5707963267948966,19.50911679525359,461.0,0.019214531952985843,0.512148735016557,0.0,0.04064219567784881,-1579.4110963451851,-11.763925304347989,186.98155969004486,-0.06522910368748737,0.13118121441348007,-1.0108269015594677,-0.06604449316206405,0.13077259615773668,-1.0108269015594677,-1.3237966645316084e-17,6.508664160011159e-20,8.626984919580883e-19,-1.3238115310776449e-17,-1.732604981274451e-20,8.626984919580883e-19,-1579.4771408383472,-11.633152708190252,185.9707327884854,-1057441.4971473888,169.04556366747195,116366.16291079695,-0.004090067709291193,4719.893242158726
87.87094477764481,2001.0,12.0,14.0,14.0,22.0,55.0,1.0,3498784.1911993776,26047.08261433496,-414005.0166123762,304.1992446947438,-295.2045729089647,4692.206750515765,3523289.5738045173,4711.314796309511,3498878.558335371,4254.541150001603,-414005.0166123762,3523289.573804517,302.65624626964615,-545.1023091085052,4692.206750515765,4733.449220218505,20250757.038682494,0.826564535719546,1.6336273276827167,1.2904784139758934e-07,4.523895355926142e-06,6.165169486339676,-0.11777735113218282,0.0012159721985665294,127089.57380451681,-0.05339855397291003,-0.053148617199477166,2122.762998968363,-16542958813.89688,-1040780595.721432,-205711903.8335267,-16542762794.920797,-1908534444.8929076,16575666217.884674,16653762998.305735,-0.9930715273446041,-0.0012075479635945637,0.11750524841627635,-0.0012159718989128228,0.9999992607058973,0.0,0.11750516154533916,0.00014288308004896253,0.9930722615170706,4695.186154454109,-545.469927608077,-0.11565793803568193,3.6243434251851286e-09,155.77393451129205,0.0,-63.56090176693809,-1.8130327443539715,0.0,2.967623230067781e-17,2.284649652803397,1.5707963267948966,19.510857699805054,461.0,0.019244319958042665,0.5129830468924681,0.0,0.04070482135716467,-1579.4317317149942,-11.758252739097921,186.89139558008205,-0.06529646902913502,0.13137480982265393,-1.0123842004310921,-0.06611346517531214,0.13096556511588864,-1.0123842004310921,-1.3258180347262702e-17,6.523567981549215e-20,8.63587842525448e-19,-1.3258329495568481e-17,-1.7343627150640543e-20,8.63587842525448e-19,-1579.4978451801694,-11.627287173982033,185.87901137965096,-1057441.949409373,169.19910187243786,116363.23220787305,-0.003998154451513756,4719.895159155588
87.9611330886164,2001.0,12.0,14.0,14.0,22.0,55.0,1.0,3498811.6124809464,26020.458509964265,-413581.83277141483,303.89023345263354,-295.2068464352065,4692.243096538437,3523266.906762976,4711.3311954460105,3498905.8402133635,4205.379103359542,-413581.83277141483,3523266.9067629757,302.3418428827908,-545.1065226298946,4692.243096538437,4733.465642421422,20250738.992373362,0.8265643812199017,1.6336273249061168,1.2904784139758934e-07,4.536002560206889e-06,6.165289902198794,-0.11765716412282443,0.0012019120463336345,127066.9067629762,-0.053344077176055486,-0.05309439647346185,2128.216802343726,-16542958114.464912,-1040780505.6025176,-205713493.6188587,-16542759867.682129,-1908547857.6362667,16575665514.174303,16653761647.33179,-0.9930856596464915,-0.001193602192126642,0.11738589318269839,-0.0012019117569547872,0.9999992777038034,0.0,0.1173858083953142,0.000141087485116924,0.9930863769490045,4695.216430435461,-545.4695171171068,-0.11565711261291496,3.6359602839746938e-09,155.71726690744052,0.0,-63.475900361160775,-1.8413665462797406,0.0,2.967523864896806e-17,2.2846334252394915,1.5707963267948966,19.51447521157777,461.0,0.019306194006480825,0.5147214465376634,0.0,0.04083490033442505,-1579.4745947096774,-11.746460716141113,186.7039641018893,-0.06543601477118108,0.13177683931601622,-1.015618841508666,-0.06625635202965581,0.1313662940977468,-1.015618841508666,-1.3300164080837663e-17,6.554579750009475e-20,8.65430135159949e-19,-1.3300314235504021e-17,-1.738003519428377e-20,8.65430135159949e-19,-1579.5408510617071,-11.615094422043367,185.68834526038066,-1057442.8917416185,169.35264007740378,116360.3681118338,-0.0039062413100526545,4719.897025821131
88.15268502220256,2001.0,12.0,14.0,14.0,22.0,56.0,1.0,3498869.7603819435,25963.910605772468,-412683.01714821963,303.23389322946326,-295.21166728878865,4692.320168500238,3523218.840408825,4711.365968190184,3498963.690420278,4100.962039836424,-412683.01714821963,3523218.8404088244,301.67405012998137,-545.1154438707732,4692.320168500238,4733.500464073322,20250700.472992275,0.8265640514430919,1.6336273189818529,1.2990531157078375e-07,4.561873135831903e-06,6.1655456597825165,-0.1174018924960003,0.001172049933879627,127018.84040882485,-0.05322837088445553,-0.052979234053768316,2139.8345097005367,-16542956621.555323,-1040780313.2851281,-205716859.18090335,-16542753650.612057,-1908576299.0191553,16575664012.135006,16653758772.726578,-0.9931156277576753,-0.0011639816388358552,0.1171323825857871,-0.0011720496655386085,0.9999993131495549,0.0,0.117132302133358,0.00013728496983341211,0.9931163098800547,4695.280630345064,-545.4686464275445,-0.1156553622950113,3.6605942904772588e-09,155.59710102206216,0.0,-63.29710102206215,-1.9,0.0,2.967313104985508e-17,2.284599005533917,1.5707963267948966,19.522152775062715,461.0,0.01943740438883664,0.5184321569152124,0.0,0.041110757869636166,-1579.5654915515008,-11.721412921105498,186.30583516361742,-0.06573028654963922,0.13262931500365804,-1.0224784673786629,-0.06655772833771546,0.13221601478928377,-1.0224784673786629,-1.3389190289405101e-17,6.620588422570067e-20,8.693152802944387e-19,-1.3389342593434425e-17,-1.7456822411255898e-20,8.693152802944387e-19,-1579.6320492798386,-11.589196906316214,185.28335669623874,-1057444.9031310882,169.5061782823697,116357.57062267918,-0.003814328281974257,4719.898842146825
88.42952952063607,2001.0,12.0,14.0,14.0,22.0,56.0,1.0,3498953.5777031886,25882.181917614376,-411383.958741069,302.2852367277735,-295.21861570741544,4692.4312610001925,3523149.5551242544,4711.416085914682,3499047.073616352,3950.0480510217512,-411383.958741069,3523149.555124255,300.7088413912036,-545.1282704281912,4692.4312610001925,4733.550652282357,20250644.343700696,0.8265635708990039,1.633627310353676,1.3075715880680275e-07,4.599416658713893e-06,6.165915310928988,-0.11703294345481734,0.0011288920354427744,126949.55512425443,-0.05306113808078977,-0.052812787293219775,2156.709332704544,-16542954446.156961,-1040780033.1220415,-205721696.95335397,-16542744665.548565,-1908617293.760168,16575661823.437838,16653754605.498823,-0.9931588253263768,-0.0011211695641124835,0.1167659653115578,-0.001128891795666643,0.9999993628014539,0.0,0.11676589090845448,0.00013181614025331343,0.9931594581661396,4695.373167721348,-545.4673908171808,-0.1156528393531129,3.6961029988196027e-09,155.42388781063607,0.0,-63.123887810636084,-1.9,0.0,2.9670091800791367e-17,2.2845493708300033,1.5707963267948966,19.53323514820366,461.0,0.019626547326136827,0.5238394869261522,0.0,0.04151003026468867,-1579.6965248580216,-11.685205854556454,185.73033210466028,-0.06615389822492533,0.13387842716794893,-1.0324048378295643,-0.06699175570605821,0.13346114108135523,-1.0324048378295643,-1.3518026672035036e-17,6.716429284361805e-20,8.749106721064194e-19,-1.3518182107362078e-17,-1.756873016389992e-20,8.749106721064194e-19,-1579.7635166137277,-11.551744713475099,184.6979272668307,-1057447.8340814468,169.6597164873356,116354.8397404092,-0.003722415364344296,4719.900608124118
88.49957031205014,2001.0,12.0,14.0,14.0,22.0,56.0,1.0,3498974.741594786,25861.50451070147,-411055.29615971365,302.0452170980666,-295.22037007121503,4692.459311329797,3523132.060572638,4711.428739624798,3499068.1269493173,3911.8667223239463,-411055.29615971365,3523132.0605726386,300.46463405548906,-545.1315029425413,4692.459311329797,4733.5633237872935,20250630.057488393,0.8265634485887396,1.6336273081584203,1.3075715880680275e-07,4.608941442392231e-06,6.166008833768379,-0.11693959820159915,0.001117973400525522,126932.06057263864,-0.053018827615276494,-0.052770675694277513,2160.994235098362,-16542953892.472094,-1040779961.827864,-205722915.96218592,-16542742392.417835,-1908627644.545421,16575661266.368973,16653753548.842169,-0.9931697327237258,-0.0011103378059828175,0.11667325808187332,-0.0011179731676396545,0.9999993750678029,0.0,0.1166731851689978,0.00013043757191663082,0.9931703533878569,4695.396532747826,-545.4670736710121,-0.11565220231994146,3.7046168502423927e-09,155.3823568280859,0.0,-63.073535242128834,-1.9088215859570554,0.0,2.966936214424231e-17,2.2845374546342545,1.5707963267948966,19.535897716207224,461.0,0.0196719073953745,0.5252158181380723,0.0,0.04160560231403937,-1579.729612664533,-11.676044418940767,185.5847131637542,-0.06625167284445703,0.13417564406755,-1.0347812428650645,-0.06709205543646844,0.13375740619846319,-1.0347812428650645,-1.3548863951540966e-17,6.739915778157364e-20,8.762028047842507e-19,-1.354902016604957e-17,-1.7594425765347703e-20,8.762028047842507e-19,-1579.7967047199695,-11.542287012742305,184.54993192088915,-1057448.5800791867,169.81325469230154,116352.17546502384,-0.0036305025542278384,4719.902323744443
88.53641479759514,2001.0,12.0,14.0,14.0,22.0,56.0,1.0,3498985.867969383,25850.627251051777,-410882.4046387603,301.9189543688726,-295.221292366835,4692.474058000697,3523122.8632593076,4711.435391840099,3499079.1950475625,3891.7816012508215,-410882.4046387603,3523122.863259307,300.3361684050684,-545.1332013504054,4692.474058000697,4733.569985357384,20250622.530035887,0.8265633841429587,1.633627307001844,1.3075715880680275e-07,4.6139731839088604e-06,6.1660580311930175,-0.11689049418879502,0.0011122297551813835,126922.86325930711,-0.05299657030415079,-0.052748522995581054,2163.2503587007523,-16542953600.734486,-1040779924.2646302,-205723556.4160062,-16542741196.724916,-1908633086.1492665,16575660972.848444,16653752992.674889,-0.9931754670089759,-0.0011046397620236444,0.11662448929148195,-0.001112229525866496,0.9999993814725496,0.0,0.11662441715603393,0.0001297132004290872,0.9931760813156452,4695.408816219367,-545.466906924742,-0.11565186741772629,3.708806737426761e-09,155.3619183540158,0.0,-63.0428775310237,-1.9190408229921,0.0,2.966900254882243e-17,2.284531581995383,1.5707963267948966,19.53721018099179,461.0,0.019694235824887687,0.5259410176109643,0.0,0.04165252760645808,-1579.7470080344817,-11.67122491962606,185.5081083133356,-0.06629762582519268,0.13432044432970436,-1.0359483008904786,-0.06713926554883566,0.1339017400056825,-1.0359483008904786,-1.3564005587023148e-17,6.751758393202581e-20,8.768105109032182e-19,-1.3564162200565718e-17,-1.7606410178533615e-20,8.768105109032182e-19,-1579.8141473000305,-11.537323179620376,184.47216001244513,-1057448.9731482863,169.96679289726745,116349.57779652311,-0.003538589848689377,4719.903988999217
88.60433761339797,2001.0,12.0,14.0,14.0,22.0,56.0,1.0,3499006.367249771,25830.574931874016,-410563.67766483553,301.68618535179064,-295.22299157875227,4692.501227196509,3523105.918088956,4711.447647637567,3499099.5866827504,3854.7545129916903,-410563.67766483553,3523105.918088956,300.0993382901508,-545.1363286891947,4692.501227196509,4733.5822583894815,20250608.630706217,0.8265632651446013,1.6336273048665122,1.3075715880680275e-07,4.62322784585905e-06,6.166148727315672,-0.11679997025980597,0.0011016413960517207,126905.9180889558,-0.052955538628523265,-0.05270768417305096,2167.4132228940725,-16542953062.046656,-1040779854.9092205,-205724735.65258756,-16542738992.58479,-1908643111.6807327,16575660430.868761,16653751966.791473,-0.9931860318808617,-0.0010941352893195533,0.11653458261270165,-0.0011016411732238738,0.9999993931931787,0.0,0.11653451189872199,0.0001283792943106111,0.9931866345532865,4695.431447168059,-545.4665996838695,-0.11565125039552847,3.7165262039201336e-09,155.3242624199018,0.0,-62.98639362985268,-1.9378687900491063,0.0,2.966833997513587e-17,2.2845207613459184,1.5707963267948966,19.539628944266855,461.0,0.019735374289781515,0.5272801034875731,0.0,0.04173898220347844,-1579.7790578841511,-11.662339832366754,185.3668818592655,-0.06638208771845625,0.13458718352610424,-1.0380984739018932,-0.06722604568981384,0.13416762023775017,-1.0380984739018932,-1.3591901500801174e-17,6.773606578709984e-20,8.77927505835401e-19,-1.3592058851414667e-17,-1.762843639489623e-20,8.77927505835401e-19,-1579.8462839298409,-11.528172212129004,184.3287833853636,-1057449.6989453323,170.12033110223337,116347.04673490702,-0.003446677244792695,4719.9056038798335
88.73023416299318,2001.0,12.0,14.0,14.0,22.0,56.0,1.0,3499044.321340365,25793.40717779146,-409972.90478411893,301.2547299452303,-295.2261375427776,4692.551530078819,3523074.54437388,4711.470338126715,3499137.3405209393,3786.123365886627,-409972.90478411893,3523074.54437388,299.660355500953,-545.1421126804956,4692.551530078819,4733.604980785974,20250582.79196484,0.8265630439270081,1.6336273008978897,1.3160349229466696e-07,4.640461807370919e-06,6.1663168369961685,-0.11663217970717098,0.0010820157998650793,126874.54437387967,-0.05287948435368157,-0.05263198735610092,2175.141482949257,-16542952060.634933,-1040779725.9940186,-205726916.46211582,-16542734907.610832,-1908661673.4445877,16575659423.338503,16653750063.313646,-0.9932055925722131,-0.001074664563068306,0.11636793363876416,-0.0010820155887352816,0.9999994146209615,0.0,0.11636786551941505,0.00012591191822605558,0.9932061739742882,4695.473347428097,-545.4660307417079,-0.11565010799937303,3.7308186741214806e-09,155.25454305306593,0.0,-62.881814579598924,-1.9727284734670254,0.0,2.966711304722216e-17,2.2845007240924904,1.5707963267948966,19.54410954889179,461.0,0.019811543110925416,0.5297695102749922,0.0,0.041899048898245604,-1579.8383995355937,-11.645869949633058,185.1050967822529,-0.06653777502503039,0.13508090510861176,-1.04207941746738,-0.06738603240167011,0.13465975296057986,-1.04207941746738,-1.3643546573442626e-17,6.81415856033439e-20,8.799865385833615e-19,-1.3643705295214543e-17,-1.7669032831037992e-20,8.799865385833615e-19,-1579.9057855679953,-11.511210196672478,184.0630173647855,-1057451.0481988098,170.27386930719928,116344.58228017559,-0.0033547647396009422,4719.907168377679
88.85087997646917,2001.0,12.0,14.0,14.0,22.0,56.0,1.0,3499080.641520395,25757.789198628838,-409406.76518307254,300.8412539052189,-295.2291479518899,4692.599666884143,3523044.521283381,4711.492050666416,3499173.4679112295,3720.353918662639,-409406.76518307254,3523044.521283381,299.2396659706839,-545.1476400738212,4692.599666884143,4733.626723856611,20250557.93798145,0.8265628311396427,1.6336272970816623,1.3160349229466696e-07,4.656988367204373e-06,6.166477938127666,-0.11647138434842415,0.0010632089408924167,126844.52128338115,-0.05280660072708373,-0.05255944627914749,2182.562419682741,-16542951097.394312,-1040779602.0113603,-205729000.31040165,-16542730993.549587,-1908679435.7046492,16575658454.213737,16653748236.802328,-0.9932243111808715,-0.0010560053658667313,0.11620822919204356,-0.0010632087405815153,0.9999994347934272,0.0,0.11620816351038861,0.00012355360500448072,0.9932248725580978,4695.513443182899,-545.4654861811806,-0.11564901479584958,3.74487632622489e-09,155.19315160422644,0.0,-62.7863032084529,-2.0,0.0,2.9666030516055594e-17,2.2844830450169016,1.5707963267948966,19.548064595589135,461.0,0.019886456134393306,0.532164110111736,0.0,0.04205661179083935,-1579.8951888185504,-11.63008555636883,184.8542073901592,-0.06669298767789157,0.13556826898895888,-1.0459986648496704,-0.06754546291626014,0.13514555339149797,-1.0459986648496704,-1.3694435458637516e-17,6.853812220475836e-20,8.820416706920396e-19,-1.3694595516933461e-17,-1.770967446951188e-20,8.820416706920396e-19,-1579.9627342814667,-11.494940002977332,183.80820872530953,-1057452.3460332137,170.4274075121652,116342.18443232877,-0.0032628523301766236,4719.908682484119
88.90305058391434,2001.0,12.0,14.0,14.0,22.0,56.0,1.0,3499096.331927233,25742.38688071822,-409161.94886545546,300.66245074291203,-295.2304484152471,4692.620461906343,3523031.551233725,4711.501430166429,3499189.074680883,3691.9131728929965,-409161.94886545546,3523031.551233725,299.0577434792925,-545.1500256109163,4692.620461906343,4733.636116545145,20250547.159871902,0.8265627388626364,1.6336272954270323,1.3244441773467654e-07,4.664158667794175e-06,6.166547603574526,-0.11640185111091819,0.0010550763974652186,126831.55123372562,-0.052775083416294236,-0.05252807709640739,2185.7767628878355,-16542950679.679796,-1040779548.2505522,-205729899.60431623,-16542729301.071926,-1908687108.9023287,16575658033.947842,16653747446.140306,-0.9932323976648768,-0.0010479364488234944,0.1161391667702129,-0.0010550762017158145,0.9999994434069494,0.0,0.11613910212795976,0.00012253567094635577,0.9932329504914347,4695.53076440366,-545.4652508922843,-0.11564854253302126,3.751685602294047e-09,155.17693904215702,0.0,-62.75387808431406,-2.0,0.0,2.966574047964242e-17,2.284478308362817,1.5707963267948966,19.549124529602995,461.0,0.019922731276145605,0.5332025589690214,0.0,0.04213317559158527,-1579.9197226145438,-11.623259516727817,184.74570901564422,-0.06677345688379331,0.13580792800854685,-1.0479042163769423,-0.06762794052812755,0.13538445078409297,-1.0479042163769423,-1.3719266853964282e-17,6.872385460585816e-20,8.831113603577093e-19,-1.3719427524054152e-17,-1.7731065964863785e-20,8.831113603577093e-19,-1579.987350555072,-11.487875065943724,183.6978047992673,-1057452.9088494722,170.5809457171311,116339.8531913666,-0.0031709400135815913,4719.910146190503
89.01575027789535,2001.0,12.0,14.0,14.0,22.0,57.0,1.0,3499130.1947277286,25709.114341336834,-408633.089445839,300.27618808484686,-295.2332549662602,4692.665340966919,3523003.5594653576,4711.521672058922,3499222.7562516513,3630.474641857587,-408633.089445839,3523003.5594653576,298.66474237083105,-545.1551692696078,4692.665340966919,4733.656386898924,20250523.81035726,0.8265625389548155,1.6336272918430335,1.3244441773467654e-07,4.679676399643046e-06,6.166698097585925,-0.11625164266619548,0.0010375084960590614,126803.55946535803,-0.05270699844182066,-0.052460312110360834,2192.7325329333544,-16542949774.753769,-1040779431.7936453,-205731838.52290475,-16542725644.968395,-1908703668.7700264,16575657123.495142,16653745736.29768,-0.9932498497908656,-0.001030505527621022,0.11598997348383382,-0.001037508309925918,0.9999994617881086,0.0,0.11598991105665081,0.00012034056135756447,0.9932503843700337,4695.56814625958,-545.4647430127046,-0.11564752331005947,3.76638128068703e-09,155.14194933169753,0.0,-62.6838986633951,-2.0,0.0,2.966511448598414e-17,2.2844680851105497,1.5707963267948966,19.551412619394004,461.0,0.020001021171393622,0.5354522541652467,0.0,0.0422984155945638,-1579.9726724963652,-11.608512925469254,184.51131523342065,-0.0669465351754507,0.13632507081048326,-1.0520167936972304,-0.06780535984686283,0.1358999509915974,-1.0520167936972304,-1.3772856721330185e-17,6.912557793053376e-20,8.854122784424346e-19,-1.3773018717307759e-17,-1.777707806244689e-20,8.854122784424346e-19,-1580.0404778562122,-11.472612974477657,183.45929843972343,-1057454.12812718,170.734483922097,116337.58855728903,-0.0030790277868770425,4719.911559488168
89.26128852600242,2001.0,12.0,14.0,14.0,22.0,57.0,1.0,3499203.820696678,25636.622535607887,-407480.8486331757,299.43459467890955,-295.2393566653129,4692.76291683749,3522942.698539968,4711.5656790349185,3499295.984746652,3496.616825091419,-407480.8486331757,3522942.6985399686,297.8084677918137,-545.1663302224918,4692.76291683749,4733.700455747266,20250472.62301277,0.8265621007100264,1.6336272839888746,1.332800374925012e-07,4.713550797884207e-06,6.167025986224207,-0.11592437603011975,0.00099923403924072,126742.69853996905,-0.05255865814213753,-0.05231266896827232,2207.9441664367914,-16542947790.971325,-1040779176.5411781,-205736045.114116,-16542717679.443369,-1908739672.4657686,16575655127.599924,16653742002.30303,-0.9932877949439495,-0.0009925273058061772,0.11566490956609941,-0.0009992338729567488,0.999999500765709,0.0,0.11566485182221029,0.00011557629555092562,0.9932882908275251,4695.649420917935,-545.4636383654363,-0.11564530730710042,3.798333266516244e-09,155.03174634992266,0.0,-62.497619524883966,-2.034126825038677,0.0,2.966316482259602e-17,2.2844362446911,1.5707963267948966,19.558542443738318,461.0,0.020171243397831756,0.5403841794706528,0.0,0.04265700581049926,-1580.0878050829836,-11.576380430438777,184.00057633737865,-0.06731833746213886,0.1374396577059062,-1.060938072150145,-0.06818657192989634,0.13701098305403162,-1.060938072150145,-1.3888872233436325e-17,7.000133401951328e-20,8.903410784865446e-19,-1.3889037136712146e-17,-1.7875080809126947e-20,8.903410784865446e-19,-1580.1559916549134,-11.439369447384745,182.9396382652285,-1057456.8010657188,170.88802212706292,116335.3905300961,-0.0029871156471235187,4719.912922368434
89.48811828580472,2001.0,12.0,14.0,14.0,22.0,57.0,1.0,3499271.6531914775,25569.652825629502,-406416.38015075965,298.6570708689973,-295.2449777232171,4692.852812075479,3522886.626621681,4711.60621854751,3499363.4468492684,3372.955713443714,-406416.38015075965,3522886.626621681,297.01738124755155,-545.1765853488739,4692.852812075479,4733.741052252493,20250424.953533567,0.8265616925809632,1.6336272766791773,1.34110450744629e-07,4.745101587242912e-06,6.16732890164068,-0.11562203503437861,0.0009638766364560422,126686.62662168033,-0.05242161569416416,-0.0521762705593524,2222.062587559223,-16542945943.544641,-1040778938.9100425,-205739909.6556006,-16542710320.949219,-1908772841.3210208,16575653268.897842,16653738542.23218,-0.9933227542451543,-0.0009574408917831838,0.11536459251329871,-0.0009638764872064717,0.9999995354709508,0.0,0.11536453892309424,0.00011119721817972438,0.9933232156726433,4695.724297089283,-545.4626201685892,-0.11564326572147951,3.827771023617824e-09,154.89156655420084,0.0,-62.28734983130125,-2.1042167228995816,0.0,2.966070141818583e-17,2.284396014244054,1.5707963267948966,19.567558678654798,461.0,0.02032807266295284,0.5449774073361296,0.0,0.04298659145133253,-1580.1938862012266,-11.54669116085819,183.52867191106364,-0.06765551136637533,0.13845517950842973,-1.0691337002478218,-0.06853238347873244,0.13802324936647883,-1.0691337002478218,-1.3995177987448547e-17,7.081106805954605e-20,8.947946195334499e-19,-1.399534559912853e-17,-1.7962980763077428e-20,8.947946195334499e-19,-1580.2624185847053,-11.408667911491712,182.45953821081582,-1057459.2903179228,171.04156033202884,116333.25910978783,-0.0028952035913809007,4719.914234822611
89.53058475568899,2001.0,12.0,14.0,14.0,22.0,57.0,1.0,3499284.3330120277,25557.11479136403,-406217.09090132953,298.51149909334066,-295.2460284049173,4692.869615781163,3522876.1451859516,4711.613796047153,3499376.0569840735,3349.8039477536513,-406217.09090132953,3522876.1451859516,296.8692702739646,-545.1784993710046,4692.869615781163,4733.7486404045,20250415.989165634,0.8265616158309463,1.6336272753050025,1.3493575361575816e-07,4.750994034272882e-06,6.167385613716661,-0.11556543047980405,0.0009572571995742159,126676.14518595161,-0.0523959584616915,-0.052150733902238955,2224.7126067876816,-16542945596.133488,-1040778894.2302219,-205740630.8712049,-16542708943.36134,-1908779041.3349307,16575652919.36678,16653737893.355894,-0.9933292891281486,-0.000950871904006956,0.11530836571033858,-0.0009572570533784975,0.9999995418293619,0.0,0.11530831287943108,0.00011037974638976887,0.9933297442426713,4695.738293244646,-545.4624297891247,-0.11564288409584304,3.832619522267562e-09,154.86921152433692,0.0,-62.26921152433692,-2.1,0.0,2.966030722146588e-17,2.2843895765230684,1.5707963267948966,19.56900226362667,461.0,0.020353915459937286,0.5458412016736791,0.0,0.043041212123442134,-1580.2137166350803,-11.541132273800836,183.4403146146609,-0.06770739114680327,0.1386267375757798,-1.0704918318315906,-0.06858576640526295,0.13819426845355431,-1.0704918318315906,-1.4012803094570744e-17,7.0951247080157e-20,8.954819192377543e-19,-1.40129711867951e-17,-1.7976782916666324e-20,8.954819192377543e-19,-1580.2823024014856,-11.40293800534728,182.36982278282932,-1057459.758429503,171.19509853699475,116331.19429636418,-0.0028032916167084147,4719.915496841989
89.60422771013708,2001.0,12.0,14.0,14.0,22.0,57.0,1.0,3499306.3069853317,25535.37193448964,-405871.49304557353,298.2590523974309,-295.2478491854488,4692.898736216092,3522857.9809856364,4711.626927417348,3499397.909856658,3309.6552702693075,-405871.49304557353,3522857.980985637,296.6124202305784,-545.1818141392106,4692.898736216092,4733.761790234249,20250400.415822446,0.826561482496799,1.6336272729179562,1.3493575361575816e-07,4.761288269414994e-06,6.167483961382411,-0.11546726925816415,0.0009457782077660011,126657.98098563682,-0.05235146475946257,-0.052106449295024775,2229.3127819001675,-16542944992.59537,-1040778816.6142918,-205741879.850818,-16542706554.538391,-1908789785.750458,16575652312.146095,16653736767.370777,-0.9933406139970437,-0.0009394801857278735,0.11521085869377495,-0.0009457780667668042,0.9999995527518242,0.0,0.11521080716592856,0.00010896390320594193,0.9933410582670199,4695.762548184633,-545.4620998290234,-0.11564222274679178,3.84129797352907e-09,154.82884663474852,0.0,-62.22884663474851,-2.1,0.0,2.965959600847909e-17,2.28437796153355,1.5707963267948966,19.571607348224717,461.0,0.020400167089353993,0.5473418382808058,0.0,0.04313881776850631,-1580.2480831742278,-11.531491962297478,183.287083962901,-0.06780160001928016,0.13893169069769962,-1.0729188148525715,-0.06868263160260495,0.13849825905561622,-1.0729188148525715,-1.4044293309554727e-17,7.119948215697637e-20,8.967290056265393e-19,-1.404446224921736e-17,-1.80017046852232e-20,8.967290056265393e-19,-1580.3167658058303,-11.392993703241862,182.2141651480484,-1057460.5716570616,171.34863674196066,116329.19608982516,-0.002711379720164617,4719.9167084178525
89.76371517462374,2001.0,12.0,14.0,14.0,22.0,57.0,1.0,3499353.831966696,25488.28328951469,-405123.0295011956,297.7123134391049,-295.2517869779398,4692.961716677417,3522818.695720413,4711.6553262613315,3499445.1714603715,3222.7050337715523,-405123.0295011956,3522818.695720413,296.05614494768406,-545.188973660428,4692.961716677417,4733.7902289985395,20250366.56859649,0.8265611927063383,1.6336272677309112,1.3493575361575816e-07,4.7835512614983946e-06,6.167696954889975,-0.11525467947219159,0.0009209185927543806,126618.69572041277,-0.05225510375913101,-0.052010541128880025,2239.2953765541315,-16542943680.868382,-1040778647.939981,-205744577.3123266,-16542701381.618813,-1908813023.0380223,16575650992.416433,16653734325.652788,-0.9933651072397124,-0.0009148086552641938,0.11499968192894706,-0.000920918462583916,0.9999995759545027,0.0,0.11499963316384976,0.00010590533027964528,0.9933655284718919,4695.815005432186,-545.4613860453424,-0.11564079240603552,3.860067600247228e-09,154.74154604536173,0.0,-62.14154604536173,-2.1,0.0,2.965805753348494e-17,2.2843528363301817,1.5707963267948966,19.577245042322396,461.0,0.02050020193465718,0.5506033725128692,0.0,0.043349920053426284,-1580.3224133915953,-11.51061232886434,182.9552067165573,-0.06800426623844168,0.13959109822838067,-1.0781679018010335,-0.06889105497705356,0.13915558729487962,-1.0781679018010335,-1.4112396023603724e-17,7.17379613338992e-20,8.994119706576928e-19,-1.4112566806488108e-17,-1.8055318677588967e-20,8.994119706576928e-19,-1580.3913044465723,-11.37145674156946,181.87703881475628,-1057462.3391365204,171.5021749469266,116327.26449017078,-0.0026194678988073826,4719.9178695414685
89.85761095012028,2001.0,12.0,14.0,14.0,22.0,57.0,1.0,3499381.770782966,25460.56028531306,-404682.3784829067,297.3904172898058,-295.2541018073373,4692.998740898696,3522795.6008364656,4711.67202031366,3499472.954505833,3171.5138949156767,-404682.3784829067,3522795.600836465,295.7286343970301,-545.1931764159131,4692.998740898696,4733.806946516678,20250346.564180885,0.8265610214335088,1.633627264665917,1.3575603930867175e-07,4.796692815094152e-06,6.167822353700791,-0.11512951830915862,0.0009062830511450341,126595.60083646467,-0.052198371662021396,-0.05195407563100548,2245.1853220164776,-16542942905.615173,-1040778548.2611756,-205746160.64906067,-16542698336.458206,-1908826683.3217297,16575650212.434174,16653732886.072119,-0.9933795062293439,-0.000900283256332732,0.11487535024365805,-0.0009062829270825975,0.9999995893255437,0.0,0.11487530306728605,0.00010410956866846101,0.9933799141851001,4695.845843180326,-545.4609663314052,-0.11563995155206731,3.871419539944429e-09,154.68900209116168,0.0,-62.08350313674253,-2.1054989544191565,0.0,2.965713183364904e-17,2.2843377185045926,1.5707963267948966,19.580638857665477,461.0,0.020560698817065518,0.5525310347766941,0.0,0.04347747590984445,-1580.3661121486741,-11.498318647932015,182.75980131056542,-0.06812805647416494,0.13998839068166483,-1.0813396260505597,-0.06901829932330368,0.13955162472400057,-1.0813396260505597,-1.415354364423722e-17,7.206132764510249e-20,9.0105009242121e-19,-1.415371553161005e-17,-1.80879664495005e-20,9.0105009242121e-19,-1580.4351304479974,-11.358767023208014,181.67846168451487,-1057463.3837564755,171.6557131518925,116325.39949740104,-0.002527556149693987,4719.918980204093
89.90456540442918,2001.0,12.0,14.0,14.0,22.0,57.0,1.0,3499395.730808514,25446.69676292381,-404462.02085359854,297.2294433557683,-295.2552584129193,4693.017240414373,3522784.0611496437,4711.680361446923,3499486.8364373576,3145.914597554121,-404462.02085359854,3522784.0611496437,295.5648528592136,-545.1952746656093,4693.017240414373,4733.815299374272,20250336.537300736,0.8265609355856789,1.633627263129887,1.3575603930867175e-07,4.803331007123035e-06,6.167885062480316,-0.1150669283587289,0.0008989643045246094,126584.06114964373,-0.05217000135438747,-0.05192583864165702,2248.134657263756,-16542942517.033676,-1040778498.3030213,-205746951.10789233,-16542696813.684408,-1908833508.765283,16575649821.482578,16653732165.54054,-0.9933867008854687,-0.0008930194252461409,0.11481317441909973,-0.0008989641834435885,0.9999995959316168,0.0,0.11481312802672597,0.0001032129315902323,0.993387102281789,4695.86125150265,-545.4607565860414,-0.11563953141014852,3.877766367695945e-09,154.66015287410934,0.0,-62.04022931116401,-2.1199235629453304,0.0,2.965662445217625e-17,2.284329432336317,1.5707963267948966,19.58249954332104,461.0,0.020594510066892866,0.5534972567584298,0.0,0.0435485417991989,-1580.387947344314,-11.492170636716978,182.66207999512724,-0.06820105053745436,0.14020753239219336,-1.0831067829607186,-0.06909315286918201,0.13977006711208304,-1.0831067829607186,-1.417646840719488e-17,7.223548305573636e-20,9.02014475840983e-19,-1.4176640878618686e-17,-1.8107012023826554e-20,9.02014475840983e-19,-1580.457040497183,-11.352400569604894,181.57897321216652,-1057463.9073556028,171.80925135685843,116323.60111151592,-0.0024356444698809703,4719.92004039697
90.01592414357059,2001.0,12.0,14.0,14.0,22.0,58.0,1.0,3499428.808647431,25413.81735699456,-403939.40992967365,296.8476633239482,-295.25799886481497,4693.061073966921,3522756.7182248854,4711.70012470001,3499519.728538827,3085.202062487249,-403939.40992967365,3522756.718224885,295.1764141935516,-545.2002418182421,4693.061073966921,4733.835090405915,20250312.692183744,0.8265607314288291,1.6336272594778014,1.3657139822709094e-07,4.8189765517306e-06,6.168033786306632,-0.11491848631905678,0.0008816070496823583,126556.71822488541,-0.05210271661667879,-0.05185887008612669,2255.1405464559793,-16542941592.943773,-1040778379.5096893,-205748822.26879478,-16542693202.159357,-1908849681.1289454,16575648891.757118,16653730454.879486,-0.9934037483866421,-0.0008757919746561097,0.11466571274703818,-0.0008816069354803095,0.9999996113845302,0.0,0.11466566818616836,0.00010109008761958179,0.9934041344388566,4695.897760478885,-545.4602595189373,-0.11563853590432698,3.892804976313019e-09,154.59179556221355,0.0,-61.937693343320326,-2.1541022188932253,0.0,2.9655422063034003e-17,2.2843097958314393,1.5707963267948966,19.586910442242807,461.0,0.020674626108229215,0.5557950946211151,0.0,0.04371692743789866,-1580.4396864591859,-11.477588981426866,182.43030771199247,-0.06837342165804729,0.14072664568481308,-1.0872939310728316,-0.06926993593704171,0.1402875246420942,-1.0872939310728316,-1.4230784192152583e-17,7.264898382139274e-20,9.042918642341402e-19,-1.4230958052920644e-17,-1.815198289883943e-20,9.042918642341402e-19,-1580.5089563951228,-11.337301456784772,181.34301378091965,-1057465.152538877,171.96278956182434,116321.86933251545,-0.0023437328564242265,4719.921050111331
90.1901966973045,2001.0,12.0,14.0,14.0,22.0,58.0,1.0,3499480.4889844023,25362.361618360912,-403121.5322225701,296.25016570615355,-295.2622802562197,4693.129557549391,3522713.9980291966,4711.731000255296,3499571.1167149334,2990.18794852485,-403121.5322225701,3522713.9980291966,294.5684959676405,-545.2079894703098,4693.129557549391,4733.8660093566905,20250275.191072676,0.8265604103509024,1.6336272537364283,1.3657139822709094e-07,4.843542163416678e-06,6.168266538455987,-0.11468617506525483,0.0008544439078709652,126513.99802919617,-0.051997416152830475,-0.05175406443662713,2266.1359686255455,-16542940139.64075,-1040778192.721824,-205751740.6514082,-16542687550.039957,-1908874947.7191732,16575647429.59344,16653727772.575663,-0.993430383128687,-0.0008488307453280989,0.11443493069494115,-0.000854443803903033,0.9999996349628264,0.0,0.11443488892193748,9.777821748236546e-05,0.9934307457678386,4695.95479999197,-545.459482675331,-0.11563698056060823,3.916226059307055e-09,154.48499507299044,0.0,-61.78499507299044,-2.2,0.0,2.965354300338265e-17,2.2842791084585135,1.5707963267948966,19.59380778154338,461.0,0.020799403603646804,0.5594090244877185,0.0,0.04397931624216658,-1580.5205265910658,-11.454766862345977,182.06755499686219,-0.06864008680530252,0.14153660612347016,-1.0938183816959326,-0.06954350653653375,0.14109490808740366,-1.0938183816959326,-1.4315412042825197e-17,7.329611965894099e-20,9.078154343613672e-19,-1.431558808599551e-17,-1.8221666365309058e-20,9.078154343613672e-19,-1580.5900700976024,-11.313671954258574,180.97373661516625,-1057467.1108390838,172.11632776679025,116320.2041603996,-0.002251821306378977,4719.9220093384
90.29614035281065,2001.0,12.0,14.0,14.0,22.0,58.0,1.0,3499511.8555682003,25331.080315396975,-402624.3227194339,295.8869203744142,-295.26487863141455,4693.171121823748,3522688.0696618054,4711.7497383585915,3499602.3048009193,2932.426372335698,-402624.3227194339,3522688.069661806,294.19891570071013,-545.212684049378,4693.171121823748,4733.884773795004,20250252.284899797,0.8265602142314666,1.6336272502306128,1.3738191809196613e-07,4.858509839489538e-06,6.168408035689116,-0.11454494580758284,0.0008379311220590367,126488.0696618054,-0.0519334006609289,-0.05169034975208185,2272.8390099406242,-16542939251.949804,-1040778078.6478207,-205753508.88590527,-16542684113.938295,-1908890282.3650122,16575646536.491438,16653726138.917767,-0.9934465486570593,-0.0008324399760485249,0.11429462806739164,-0.0008379310240031441,0.9999996489357379,0.0,0.11429458794263238,9.577101473456796e-05,0.9934468974207613,4695.9894183117,-545.4590110433832,-0.11563603658050507,3.93016255677959e-09,154.42017415451355,0.0,-61.720174154513536,-2.2,0.0,2.965240226078853e-17,2.2842604787181693,1.5707963267948966,19.597997477640646,461.0,0.02087365811809416,0.5616165160496159,0.0,0.044136017461491914,-1580.569593455556,-11.440891463817122,181.84700848017238,-0.06879727993801293,0.14202536913336455,-1.0977140819140074,-0.06970488426404516,0.1415821327501244,-1.0977140819140074,-1.436593910929804e-17,7.3685491276143e-20,9.098933502169804e-19,-1.4366116472425615e-17,-1.826319755820089e-20,9.098933502169804e-19,-1580.63929833982,-11.299309331066997,180.74929439825837,-1057468.3069982287,172.26986597175616,116318.6055951684,-0.002159909816799773,4719.922918069388
90.47666186683063,2001.0,12.0,14.0,14.0,22.0,58.0,1.0,3499565.2136543854,25277.77825341428,-401777.0979793669,295.26794649111963,-295.2692984999926,4693.2418259784035,3522643.962587479,4711.7816116597405,3499655.357191634,2834.003033066606,-401777.0979793669,3522643.962587479,293.56914739563854,-545.220656553842,4693.2418259784035,4733.91669188936,20250213.06685447,0.8265598784506543,1.633627244229873,1.3818768405162858e-07,4.884172405388986e-06,6.1686491430239965,-0.11430429499529958,0.0008097947152883179,126443.9625874795,-0.05182431990840172,-0.05158178155714852,2284.2930007576942,-16542937732.129337,-1040777883.3674506,-205756511.57886988,-16542678258.978064,-1908916367.4143271,16575645007.408327,16653723350.047127,-0.9934740480048517,-0.0008045102097076404,0.1140555509573129,-0.0008097946267821474,0.9999996721162775,0.0,0.11405551356035427,9.236157231990939e-05,0.9934743737489276,4696.048306350752,-545.4582085030136,-0.11563443078440923,3.953870109229765e-09,154.30990646869878,0.0,-61.60990646869877,-2.2,0.0,2.96504612493671e-17,2.2842287795960585,1.5707963267948966,19.605130639840617,461.0,0.02099997724220303,0.5653960644824138,0.0,0.04440258705069932,-1580.6530655154727,-11.417246213839409,181.47117221794278,-0.06906301522269065,0.1428565637268302,-1.1043411542005204,-0.06997775631373673,0.1424107141081133,-1.1043411542005204,-1.4451884288168585e-17,7.435030174017216e-20,9.134062688619573e-19,-1.4452063912541826e-17,-1.8333406371473296e-20,9.134062688619573e-19,-1580.7230432717865,-11.274835499731296,180.36683106374227,-1057470.354968777,172.42340417672207,116317.0736368218,-0.0020679983847404905,4719.923776295495
90.54002573035125,2001.0,12.0,14.0,14.0,22.0,58.0,1.0,3499583.9160887348,25259.068800794135,-401479.7152595552,295.0506761025041,-295.27084762225286,4693.2666079493065,3522628.5027048397,4711.792782818033,3499673.951863469,2799.4556573665513,-401479.7152595552,3522628.50270484,293.34808809286045,-545.2234469392656,4693.2666079493065,4733.9278787463645,20250199.24581805,0.8265597601159567,1.6336272421156175,1.3818768405162858e-07,4.893188305565076e-06,6.168733774185419,-0.11421982404841566,0.0007999188206603913,126428.50270484015,-0.051786031397166955,-0.05154367295601195,2288.322831660509,-16542937196.524498,-1040777814.5561178,-205757562.47285634,-16542676203.870266,-1908925510.1633513,16575644468.539715,16653722369.607424,-0.9934836867345662,-0.0007947064685410335,0.1139716308294446,-0.0007999187353530355,0.9999996800649572,0.0,0.11397159436592602,9.116804279921235e-05,0.9934840045849137,4696.068946599725,-545.4579271348242,-0.11563386794613577,3.9617486475799205e-09,154.27445045520037,0.0,-61.56167568280053,-2.2127747723998237,0.0,2.9649835957357235e-17,2.2842185678025797,1.5707963267948966,19.60742971264904,461.0,0.02104196486190995,0.5667280576719832,0.0,0.04449092028847799,-1580.682324272114,-11.40894590280662,181.3392405157257,-0.06914761344618195,0.14312963141770693,-1.106537789644262,-0.07006474486697463,0.14268291895597385,-1.106537789644262,-1.448037336706166e-17,7.457589185936984e-20,9.14525730189276e-19,-1.448055377002018e-17,-1.8355563452785497e-20,9.14525730189276e-19,-1580.7523890169812,-11.266262983850647,180.23270272608144,-1057471.0767066777,172.57694238168799,116315.60828535986,-0.0019760870072543296,4719.924584007917
90.604262409335,2001.0,12.0,14.0,14.0,22.0,58.0,1.0,3499602.8620897005,25240.101531733642,-401178.2345926574,294.83040877352727,-295.2724168810283,4693.291712469001,3522612.8414832414,4711.804099115172,3499692.788372465,2764.4322230873163,-401178.2345926574,3522612.8414832414,293.1239796462965,-545.2262715209255,4693.291712469001,4733.939210945838,20250185.20681526,0.8265596399148205,1.6336272399683434,1.3818768405162858e-07,4.902323507226341e-06,6.16881957185617,-0.11413418878614498,0.0007899069476364848,126412.84148324095,-0.05174721511647721,-0.05150503906366536,2292.4125235527754,-16542936652.474384,-1040777744.6650761,-205758626.2200038,-16542674120.527296,-1908934771.8476841,16575643921.1747,16653721374.91788,-0.9934934509859091,-0.0007847675425844744,0.11388655314835457,-0.0007899068654923543,0.9999996880235232,0.0,0.11388651761842897,8.995977021914516e-05,0.9934937609325923,4696.089855416863,-545.4576420671173,-0.11563329778118878,3.969579258379522e-09,154.23964774053547,0.0,-61.50947161080319,-2.2301761297322704,0.0,2.9649221729994316e-17,2.284208536708498,1.5707963267948966,19.609688645286862,461.0,0.02108370054786922,0.5680810763270452,0.0,0.04457862168055414,-1580.7119646736444,-11.400530875370599,181.20548541573615,-0.0692302522320368,0.1433998525498911,-1.1087189436366773,-0.07014976703261266,0.1429522847691219,-1.1087189436366773,-1.4508661911337692e-17,7.480193616875021e-20,9.15619703365476e-19,-1.4508843098888827e-17,-1.837713203203011e-20,9.15619703365476e-19,-1580.782114440677,-11.257578590601478,180.09676647209946,-1057471.8098278455,172.7304805866539,116314.20954078255,-0.0018841756813938143,4719.925341197833
90.6982478186897,2001.0,12.0,14.0,14.0,22.0,58.0,1.0,3499630.5567014753,25212.35012494885,-400737.1319250514,294.5081257010546,-295.27471070113324,4693.328409045924,3522589.948447167,4711.82064026647,3499720.322340701,2713.1887148517317,-400737.1319250514,3522589.948447167,292.7960765689116,-545.2303965059002,4693.328409045924,4733.955775341134,20250164.616723932,0.8265594636232264,1.633627236819683,1.3818768405162858e-07,4.915712173797416e-06,6.168945104744957,-0.11400889349589619,0.0007752585696538014,126389.94844716694,-0.0516904219289539,-0.05144851273065324,2298.4038635641336,-16542935854.554298,-1040777642.1706914,-205760179.6596166,-16542671072.520102,-1908948310.020277,16575643118.393501,16653719918.24818,-0.9935077240209158,-0.0007702255313729499,0.11376207216559649,-0.0007752584919953969,0.9999996994870901,0.0,0.11376203797862515,8.819501251337185e-05,0.9935080225829027,4696.120418784359,-545.4572253019102,-0.11563246433973898,3.981025776416526e-09,154.18877432703766,0.0,-61.43316149055649,-2.255612836481169,0.0,2.96483237657787e-17,2.284193871839962,1.5707963267948966,19.612992039342423,461.0,0.02114470936371156,0.5700654982837091,0.0,0.044706818885805265,-1580.7552930794639,-11.388218060522906,181.0097757921835,-0.06935059683668865,0.14379476175412043,-1.1119072362016467,-0.0702736003002664,0.1433459447991731,-1.1119072362016467,-1.455001071807754e-17,7.513301792536624e-20,9.17212900938786e-19,-1.4550193056871426e-17,-1.8408539443863784e-20,9.17212900938786e-19,-1580.825566679764,-11.244872115723734,179.89786855598183,-1057472.8850507662,172.8840187916198,116312.87740308986,-0.001792264404210791,4719.926047856419
90.86227990177458,2001.0,12.0,14.0,14.0,22.0,58.0,1.0,3499678.8193491963,25163.915271129335,-399967.2702429708,293.94562608434927,-295.27870788315244,4693.3923581780555,3522550.0533702527,4711.849464300343,3499768.3033529734,2623.7528481081426,-399967.2702429708,3522550.0533702527,292.22376833313257,-545.23757391851,4693.3923581780555,4733.984639877439,20250128.53951998,0.8265591547303681,1.6336272313044176,1.3978528260658483e-07,4.93918987830524e-06,6.169164200260151,-0.1137902125937235,0.000749693159413787,126350.05337025272,-0.051591299326353895,-0.0513498558675751,2308.8824624419212,-16542934456.475935,-1040777462.6125728,-205762882.50702778,-16542665753.27094,-1908971901.941524,16575641711.799467,16653717372.126352,-0.9935325972173248,-0.0007448447313325831,0.1135448082165067,-0.0007496930891875526,0.9999997189800965,0.0,0.11354477630815565,8.512375803304111e-05,0.9935328764198378,4696.173679523528,-545.4564988355153,-0.1156310119410329,4.000969979232839e-09,154.1000667128159,0.0,-61.30013342563182,-2.2999332871840883,0.0,2.9646757704653214e-17,2.2841682961208805,1.5707963267948966,19.61875595242386,461.0,0.021251012958938567,0.5735426332307015,0.0,0.044930182507815726,-1580.8308034022089,-11.366726619273596,180.66817379269204,-0.06955896888229376,0.14448256981116395,-1.1174623276746862,-0.07048806451980198,0.14403157949372772,-1.1174623276746862,-1.4622048689227036e-17,7.571179098005596e-20,9.19971652229525e-19,-1.4622233046503736e-17,-1.8462912923341446e-20,9.19971652229525e-19,-1580.9012914667287,-11.222695039779868,179.55071146501737,-1057474.7690222636,173.03755699658572,116311.61187228184,-0.0017003531727564246,4719.926703974843
90.91188177896886,2001.0,12.0,14.0,14.0,22.0,58.0,1.0,3499693.395385406,25149.268862981186,-399734.46869256045,293.7755257821356,-295.2799150407578,4693.411671503971,3522538.004463472,4711.858169128687,3499782.7939082454,2596.7079872227464,-399734.46869256045,3522538.004463472,292.05070197392496,-545.2397388220369,4693.411671503971,4733.993356937025,20250117.593686968,0.8265590610118981,1.6336272296314844,1.3978528260658483e-07,4.946310220125145e-06,6.169230453799414,-0.11372408441271879,0.0007419624769969918,126338.00446347147,-0.05156132505056803,-0.05132002242742937,2312.056905582547,-16542934032.300625,-1040777408.1413625,-205763697.7333785,-16542664144.842571,-1908979026.87488,16575641285.04092,16653716601.209866,-0.9935401092830246,-0.0007371696157521681,0.11347910744640645,-0.0007419624089209079,0.999999724745854,0.0,0.11347907621081163,8.419723192313026e-05,0.9935403827591343,4696.18976474222,-545.4562793849018,-0.11563057329926524,4.00774748929729e-09,154.08500557933934,0.0,-61.270011158678706,-2.314994420660646,0.0,2.9646487477987936e-17,2.2841638829845303,1.5707963267948966,19.61975087999734,461.0,0.021287126259720988,0.574597622414077,0.0,0.04500610135014538,-1580.8536094121298,-11.36022730120951,180.5648684745663,-0.06963473094962909,0.1447200600669327,-1.1193517626838039,-0.07056586180221706,0.14426832877771284,-1.1193517626838039,-1.4646656787070112e-17,7.590185285916929e-20,9.209799454931193e-19,-1.4646841793168984e-17,-1.8482839956173235e-20,9.209799454931193e-19,-1580.924175273932,-11.215958972431798,179.4455167118825,-1057475.340621028,173.19109520155166,116310.41294835843,-0.0016084419840811772,4719.927309544262
91.01144172769735,2001.0,12.0,14.0,14.0,22.0,59.0,1.0,3499722.626665457,25119.87068923672,-399267.1909385958,293.4340962485483,-295.28233583745345,4693.450402687568,3522513.8411733187,4711.875625394512,3499811.853168565,2542.4237307557687,-399267.1909385958,3522513.8411733187,291.70331900497587,-545.2440764829184,4693.450402687568,4734.01083773013,20250095.567823958,0.82655887242554,1.633627226265543,1.3978528260658483e-07,4.9605873852853636e-06,6.169363437987555,-0.11359135181428848,0.000726445703423123,126313.84117331821,-0.05150116060555191,-0.05126014066511051,2318.438250631094,-16542933178.752546,-1040777298.5385408,-205765331.11032563,-16542660916.351309,-1908993315.1854439,16575640426.295158,16653715052.272474,-0.9935551742226251,-0.000721764014391753,0.11334723125051041,-0.0007264456395293967,0.9999997361383316,0.0,0.11334720134252087,8.234060189466345e-05,0.9935554363838202,4696.222022094165,-545.4558392180342,-0.11562969363772188,4.021339340008496e-09,154.05480146664777,0.0,-61.20960293329557,-2.345198533352214,0.0,2.964594552432053e-17,2.2841550322094695,1.5707963267948966,19.621746573281623,461.0,0.02135955027133204,0.5767205693250698,0.0,0.045158349640524925,-1580.8993464403975,-11.34718130308495,180.35750502071343,-0.06978616648190385,0.1451962563411051,-1.123140863983379,-0.07072138426080686,0.1447430402331912,-1.123140863983379,-1.4696005045966095e-17,7.628374311229028e-20,9.229955047665517e-19,-1.4696191358009454e-17,-1.852266968785758e-20,9.229955047665517e-19,-1580.9700678246584,-11.202438262851759,179.23436415673007,-1057476.4908282887,173.34463340651757,116309.28063131965,-0.0015165308352348991,4719.927864555829
91.21323323207211,2001.0,12.0,14.0,14.0,22.0,59.0,1.0,3499781.7693490162,25060.28472806327,-398320.08461065125,292.7420448346869,-295.2872334336524,4693.52876448654,3522464.9523796,4711.910941232383,3499870.645378501,2432.3972236701425,-398320.08461065125,3522464.9523796,290.99920087590164,-545.2528367010357,4693.52876448654,4734.046203186392,20250050.697155148,0.8265584882392703,1.633627219410287,1.4057727354849297e-07,4.9896644503684605e-06,6.1696329803559085,-0.1133223192662868,0.0006949962094313694,126264.95237959968,-0.05137921461120461,-0.051138767622005685,2331.4116501808167,-16542931439.932854,-1040777075.2880366,-205768629.7130011,-16542654372.380589,-1909022223.127613,16575638676.888727,16653711906.401278,-0.9935856545610665,-0.0006905383748465509,0.11307992840115166,-0.0006949961534818904,0.9999997584901441,0.0,0.11307990109123445,7.859011527480799e-05,0.9935858945218528,4696.287285295791,-545.4549483423767,-0.11562791387044766,4.04883928647518e-09,153.9873809489992,0.0,-61.081071423498805,-2.4,0.0,2.964473974992087e-17,2.2841353404191427,1.5707963267948966,19.62618822850495,461.0,0.02150608700178979,0.5810455364863775,0.0,0.04546648505678729,-1580.991889060703,-11.320736406941583,179.93716880711358,-0.07009071098102203,0.14615795599609893,-1.1308090074973882,-0.07103421045201867,0.14570173922174393,-1.1308090074973882,-1.47958227165025e-17,7.705920334002333e-20,9.270465148838177e-19,-1.4796011689479345e-17,-1.8602789615273063e-20,9.270465148838177e-19,-1581.0629232711551,-11.175034667719839,178.8063597996162,-1057478.8340163697,173.49817161148349,116308.21492116552,-0.001424619723266687,4719.928369000687
91.49337248684355,2001.0,12.0,14.0,14.0,22.0,59.0,1.0,3499863.643307554,24977.562232597073,-397005.227760186,291.7812296456852,-295.29401269544866,4693.637240498694,3522397.2733395686,4711.959824245483,3499952.0287515996,2279.648804942962,-397005.227760186,3522397.2733395686,290.0216337426734,-545.264928236259,4693.637240498694,4734.095154873786,20249987.899303153,0.8265579505551308,1.6336272098219977,1.4136482746161737e-07,5.030195911659939e-06,6.170007187615312,-0.11294881953161878,0.0006513370651492521,126197.27333956864,-0.05120991590182152,-0.05097026431904594,2349.505415469408,-16542929006.427406,-1040776762.9409789,-205773182.49793887,-16542645286.866856,-1909062239.2583594,16575636228.572968,16653707524.8455,-0.9936278497721273,-0.0006471867390419699,0.11270881645436523,-0.0006513370190953832,0.9999997878800213,0.0,0.11270879254657348,7.341142453515493e-05,0.9936280605404902,4696.377627633727,-545.4537144010692,-0.11562545010840837,4.0869087464926396e-09,153.81818334892162,0.0,-60.827275023382406,-2.4,0.0,2.964175754470194e-17,2.2840866373119124,1.5707963267948966,19.637182565281783,461.0,0.02170894122207175,0.587098660095324,0.0,0.04589430339144258,-1581.1200098256766,-11.284017741132002,179.35353304902148,-0.07051015076710292,0.1474707660394342,-1.1414474805102337,-0.07146504845591696,0.14701039094788698,-1.1414474805102337,-1.4933743360443772e-17,7.813684168342164e-20,9.325907796346699e-19,-1.4933936049462018e-17,-1.8713423136700284e-20,9.325907796346699e-19,-1581.1914748741324,-11.137007350184115,178.21208556851124,-1057482.1133960728,173.6517098164494,116307.21581789601,-0.0013327086452249763,4719.928822869976
91.56937576070936,2001.0,12.0,14.0,14.0,22.0,59.0,1.0,3499885.8097296692,24955.11885114508,-396648.49484768277,291.52054189961575,-295.29584796038984,4693.666608347122,3522378.950023536,4711.973057487157,3499974.0612659506,2238.206761123521,-396648.49484768277,3522378.950023536,289.7564010660934,-545.2681947134466,4693.666608347122,4734.108406705281,20249970.76148316,0.8265578038178926,1.6336272072064506,1.4136482746161737e-07,5.041241440037194e-06,6.170108714467291,-0.11284748458694105,0.0006394922981825654,126178.95002353657,-0.051163983088299815,-0.05092454730365655,2354.4306946396828,-16542928342.31774,-1040776677.7193134,-205774412.38413957,-16542642821.800402,-1909073072.6663198,16575635560.4227,16653706333.283173,-0.9936392736058578,-0.0006354247492617357,0.11260812663130193,-0.0006394922545957945,0.9999997955248072,0.0,0.11260810360573353,7.201202478526e-05,0.9936394767804814,4696.402085864974,-545.4533801938287,-0.1156247830839328,4.096647765747973e-09,153.77544449674795,0.0,-60.775444496747944,-2.4122777516260276,0.0,2.964100302323521e-17,2.284074315041242,1.5707963267948966,19.63996623618323,461.0,0.021760847934001636,0.5887506328360871,0.0,0.04600356042771468,-1581.1546989752364,-11.274054520659137,179.19516966135257,-0.070612560379535,0.147809369731545,-1.1441641894178967,-0.07157044564174496,0.1473479378017625,-1.1441641894178967,-1.4968967919368624e-17,7.841904958323344e-20,9.33946570957825e-19,-1.4969161597078553e-17,-1.874030344651176e-20,9.33946570957825e-19,-1581.2262694208782,-11.126706582857373,178.05100547193467,-1057483.0083572697,173.8052480214153,116306.28332151112,-0.001240797598157517,4719.929226154831
91.6301845574891,2001.0,12.0,14.0,14.0,22.0,59.0,1.0,3499903.530401465,24937.16222132344,-396363.0779148353,291.311966384215,-295.2973150997768,4693.690085897673,3522364.3016744326,4711.983636274417,3499991.674551904,2205.0495789318516,-396363.0779148353,3522364.301674432,289.5441892250583,-545.2708038543186,4693.690085897673,4734.119000353079,20249957.021330927,0.826557686171882,1.6336272051097571,1.4214801809444226e-07,5.050108833731551e-06,6.1701899449473085,-0.11276640763510289,0.0006300155806718204,126164.30167443259,-0.05112723274477428,-0.05088796961622178,2358.3757133185863,-16542927809.873093,-1040776609.3985186,-205775394.7652489,-16542640849.602268,-1909081733.1588724,16575635024.738848,16653705379.16116,-0.9936484062389876,-0.0006260140604660436,0.11252756500127357,-0.0006300155389942291,0.9999998015401906,0.0,0.11252754266907447,7.089411451598552e-05,0.9936486034383001,4696.421638441212,-545.4531129784161,-0.1156242498426991,4.104134699734451e-09,153.74289260985023,0.0,-60.742892609850216,-2.4285536950748927,0.0,2.9640427720776994e-17,2.2840649196390967,1.5707963267948966,19.642089258606887,461.0,0.021800757782630225,0.5900751098343324,0.0,0.04608744644481176,-1581.1824313818142,-11.266082750672842,179.06845997422937,-0.07068877731722689,0.14807127345638227,-1.1462499505658819,-0.07164899712396927,0.1476090324903211,-1.1462499505658819,-1.4996015185316147e-17,7.863931651570583e-20,9.349568139930657e-19,-1.4996209642240497e-17,-1.8760232079463888e-20,9.349568139930657e-19,-1581.2540803789382,-11.118473718182521,177.9222100236635,-1057483.7258885484,173.95878622638122,116305.4174320109,-0.0011488865791113743,4719.929578846374
91.71126976078125,2001.0,12.0,14.0,14.0,22.0,59.0,1.0,3499927.140215422,24913.217899236915,-395982.4878316703,291.03383664225174,-295.2992697605987,4693.721365497996,3522344.7852122537,4711.997730233348,3500015.140828706,2160.836044093895,-395982.4878316703,3522344.785212253,289.26121062557803,-545.2742770455632,4693.721365497996,4734.1331141099645,20249938.660947494,0.8265575289661633,1.6336272023083205,1.4214801809444226e-07,5.061878617743987e-06,6.170298262379566,-0.11265829490678901,0.0006173789776929775,126144.78521225322,-0.051078227676109124,-0.050839194775051,2363.6422780007124,-16542927098.392221,-1040776518.109234,-205776702.46761587,-16542638219.890892,-1909093271.6139755,16575634308.929865,16653704105.849699,-0.9936605739230036,-0.0006134652272445513,0.1124201382823484,-0.0006173789384732788,0.999999809421605,0.0,0.11242011685749888,6.940582563577546e-05,0.9936607632932769,4696.447688616174,-545.4527569072242,-0.11562353939279851,4.114109780403905e-09,153.69952269389606,0.0,-60.699522693896064,-2.4502386530519673,0.0,2.9639661145206915e-17,2.2840524005099785,1.5707963267948966,19.64491886755932,461.0,0.021853931734546972,0.5918449805573525,0.0,0.046199209382128154,-1581.2193809700952,-11.255452301266995,178.89949110359282,-0.0707899668980564,0.14842016877134018,-1.1490288457066242,-0.07175330100172052,0.14795685082785964,-1.1490288457066242,-1.5032049319146443e-17,7.893330247424704e-20,9.362981371678481e-19,-1.503224481771784e-17,-1.8786689054774747e-20,9.362981371678481e-19,-1581.291134271097,-11.107495450439135,177.7504622578862,-1057484.684696721,174.11232443134713,116304.61814939528,-0.0010569755851329238,4719.929880935735
91.89700712789413,2001.0,12.0,14.0,14.0,22.0,59.0,1.0,3499981.136905932,24858.369375066977,-395110.6817373193,290.39671576374406,-295.30373991569917,4693.792902081989,3522300.150192805,4712.029961595091,3500068.8072448284,2059.557498501756,-395110.6817373193,3522300.150192805,288.612982669266,-545.2822072375934,4693.792902081989,4734.165390745281,20249896.436537817,0.8265571674298393,1.633627195867006,1.429269171748377e-07,5.089024709655762e-06,6.170546383537676,-0.11241064257701415,0.0005884333635181017,126100.1501928051,-0.05096597235439639,-0.05072746682290669,2375.73234975338,-16542925462.169605,-1040776308.1884838,-205779688.27297848,-16542632196.585045,-1909119659.7305324,16575632662.755033,16653701184.62462,-0.9936884018964826,-0.000584719476103994,0.11217405243437065,-0.0005884333295602186,0.9999998268730933,0.0,0.11217403301402394,6.600695116421926e-05,0.9936885739307115,4696.507265026142,-545.451942332918,-0.11562191458104411,4.136913639137063e-09,153.60037548201277,0.0,-60.60056322301916,-2.5,0.0,2.963790832373241e-17,2.2840237747629355,1.5707963267948966,19.651392104691134,461.0,0.021975495357649973,0.5959153709625143,0.0,0.04645470116646864,-1581.303889845821,-11.23109944037225,178.51240721348194,-0.07101968592924811,0.14921761137739778,-1.155381422204515,-0.07199015748561663,0.1487518354840076,-1.155381422204515,-1.5114417691463247e-17,7.960770308490484e-20,9.393435344338192e-19,-1.5114615586863905e-17,-1.8846743443565147e-20,9.393435344338192e-19,-1581.3758800033065,-11.082347604888241,177.3570257912774,-1057486.8897285666,174.26586263631305,116303.88547366431,-0.0009650646132678555,4719.930132414025
91.94901083256643,2001.0,12.0,14.0,14.0,22.0,59.0,1.0,3499996.2339725047,24843.01245408824,-394866.5865973356,290.2183252631011,-295.30498967577273,4693.812902845142,3522287.6705772546,4712.038972691277,3500083.8114698105,2031.20074605496,-394866.5865973356,3522287.670577254,288.4314823345756,-545.2844211721731,4693.812902845142,4734.174414498301,20249884.571496304,0.8265570658379163,1.6336271940573854,1.4370159448672777e-07,5.096632816144998e-06,6.170615854882591,-0.1123413024775757,0.0005803291085130091,126087.67057725415,-0.05093454199921674,-0.0506961841234317,2379.1241081357,-16542925002.394184,-1040776249.2074097,-205780521.84285843,-16542630510.213064,-1909127037.433513,16575632200.183453,16653700365.554249,-0.9936961823723488,-0.000576670884386361,0.11210514970022946,-0.0005803290759389555,0.9999998316090676,0.0,0.11210513082273878,6.505787793353244e-05,0.9936963497018036,4696.523921753647,-545.4517145268359,-0.11562146030062093,4.144089418078864e-09,153.56917644313538,0.0,-60.55376466470306,-2.5,0.0,2.9637357927532505e-17,2.284014786110856,1.5707963267948966,19.653425648084973,461.0,0.022013733449659567,0.5970591760832388,0.0,0.04653533951349866,-1581.3275187676086,-11.224280432481393,178.4040204293274,-0.07109777720624126,0.14946494728631746,-1.1573866275108011,-0.07207040744033105,0.14899839181130328,-1.1573866275108011,-1.5140410483360648e-17,7.981223009677097e-20,9.403760474250644e-19,-1.514060909012792e-17,-1.886734390144948e-20,9.403760474250644e-19,-1581.399589175049,-11.07528204067009,177.2466338018166,-1057487.5093432534,174.41940084127896,116303.21940481797,-0.0008731536605611679,4719.930333272364
92.05126776763258,2001.0,12.0,14.0,14.0,23.0,0.0,1.0,3500025.8928740225,24812.81534536918,-394386.60966658255,289.8675411909648,-295.30744480392286,4693.8521948173,3522263.153780288,4712.056674657459,3500113.2873415966,1975.441410140053,-394386.60966658255,3522263.1537802885,288.07458325139316,-545.2887663452588,4693.8521948173,4734.192141327703,20249861.18103848,0.8265568655615697,1.6336271904907054,1.4523855365528125e-07,5.111706463972653e-06,6.17075246053225,-0.11220495487285377,0.0005643935033565864,126063.153780289,-0.05087273857467516,-0.05063467104019531,2385.802936926484,-16542924096.006804,-1040776132.9463838,-205782157.84946105,-16542627194.11718,-1909141530.984111,16575631288.28459,16653698753.290897,-0.9937114674651951,-0.000560844355998756,0.11196966054149161,-0.0005643934733929333,0.9999998407299909,0.0,0.11196964270808277,6.319494562764012e-05,0.9937116257336548,4696.556644131381,-545.4512669117495,-0.11562056785128533,4.158186576333822e-09,153.5078844507225,0.0,-60.46182667608377,-2.5,0.0,2.9636276506091075e-17,2.283997125158454,1.5707963267948966,19.65742243147183,461.0,0.022088855196725977,0.5993140698012719,0.0,0.04669375798341379,-1581.3739400206878,-11.210871224010274,178.19088369878318,-0.07125065519491831,0.14995073354887328,-1.161325958451812,-0.07222753178604809,0.14948264785467827,-1.161325958451812,-1.5191472214655813e-17,8.021481782550664e-20,9.423974479163935e-19,-1.5191672224135315e-17,-1.8907672886939107e-20,9.423974479163935e-19,-1581.4461675524738,-11.061388576155595,177.02955774033137,-1057488.7308388837,174.57293904624487,116302.61994285627,-0.0007812427240571716,4719.930483501861
92.23324835502929,2001.0,12.0,14.0,14.0,23.0,0.0,1.0,3500078.586335167,24759.074726079092,-393532.4133328553,289.2432461036276,-295.3118064268938,4693.922001303209,3522219.596028455,4712.088122345549,3500165.653528993,1876.2087384353244,-393532.4133328553,3522219.5960284555,287.43940557176836,-545.2964723872406,4693.922001303209,4734.223633183348,20249819.35819855,0.8265565074599035,1.6336271841159173,1.4523855365528125e-07,5.138438091122485e-06,6.170995574085683,-0.11196230045496283,0.0005360342179362177,126019.59602845507,-0.05076274847486531,-0.050525197643784395,2397.7197923511267,-16542922475.368263,-1040775925.1110202,-205785059.28406456,-16542621292.267185,-1909167279.9648447,16575629657.794025,16653695878.479483,-0.9937386236439291,-0.0005326779569765834,0.11172852873131198,-0.0005360341922661931,0.9999998563336621,0.0,0.11172851267968341,5.9890311651578965e-05,0.9937387664107385,4696.614778497668,-545.4504713960844,-0.11561898230174354,4.183237333282645e-09,153.3989900711377,0.0,-60.29899007113768,-2.5005049644311583,0.0,2.9634354734899095e-17,2.283965740253136,1.5707963267948966,19.66452917506579,461.0,0.02222235095086508,0.6033459604306157,0.0,0.04697526212216568,-1581.4564179554127,-11.187005280699694,177.8115391947173,-0.07152057518993275,0.15081371725118065,-1.1683259787262112,-0.0725050161125112,0.15034291677742048,-1.1683259787262112,-1.5282198967352522e-17,8.093273708834212e-20,9.459666628697376e-19,-1.5282401486289853e-17,-1.8978870590098876e-20,9.459666628697376e-19,-1581.5289229715252,-11.036662363922273,176.6432132159911,-1057490.9149167351,174.72647725121078,116302.08708777919,-0.0006893318007994744,4719.930583093623
92.3328917358639,2001.0,12.0,14.0,14.0,23.0,0.0,1.0,3500107.3904786073,24729.648740545435,-393064.6931747653,288.90139980831736,-295.31419049401177,4693.960159184447,3522195.785789082,4712.105311421766,3500194.2776347874,1821.8733448520118,-393064.6931747653,3522195.785789082,287.09160048041525,-545.3006772826766,4693.960159184447,4734.240846400005,20249796.35111385,0.8265563104644132,1.6336271806102853,1.4523855365528125e-07,5.153087841580352e-06,6.171128693284545,-0.11182943260646297,0.0005205063021677962,125995.78578908183,-0.0507025222473455,-0.050465254337071566,2404.26206317544,-16542921583.847036,-1040775810.7992095,-205786642.50829154,-16542618060.478962,-1909181354.7496448,16575628760.854372,16653694301.338766,-0.9937534681510144,-0.0005172549896864564,0.11159649181361637,-0.0005205062786646111,0.9999998645365977,0.0,0.11159647669637592,5.80866746659312e-05,0.9937536027682584,4696.646555839913,-545.4500363949935,-0.11561811559374527,4.197225848914419e-09,153.3394644727046,0.0,-60.2394644727046,-2.530267763647701,0.0,2.963330397395699e-17,2.2839485800246866,1.5707963267948966,19.668417152067747,461.0,0.02229689309526047,0.6055639843390088,0.0,0.047131948679085316,-1581.5015053432103,-11.173936210121115,177.60380885574943,-0.07167100243371585,0.15130243403523888,-1.172221197825486,-0.07265970051620978,0.15083012648584573,-1.172221197825486,-1.5332700797747542e-17,8.133189286704403e-20,9.479573920072634e-19,-1.5332904713026857e-17,-1.9018182989483936e-20,9.479573920072634e-19,-1581.5741650437265,-11.02310608363527,176.43158765792396,-1057492.1163995862,174.88001545617672,116301.62083958676,-0.0005974208878310163,4719.930632038758
92.49827909499697,2001.0,12.0,14.0,14.0,23.0,0.0,1.0,3500155.124196903,24680.807179652635,-392288.36626924464,288.3339842406431,-295.3181410833794,4694.023392387022,3522156.327875733,4712.133794704644,3500241.711217277,1731.686930238001,-392288.36626924464,3522156.3278757334,286.51429448766,-545.3076338137876,4694.023392387022,4734.26936968292,20249757.99549796,0.8265559820475711,1.6336271747672717,1.460009659995544e-07,5.177569227741334e-06,6.171349647447214,-0.11160889555328883,0.0004947334875203519,125956.32787573338,-0.05060255731843354,-0.05036575899827342,2415.1490138322115,-16542920097.581228,-1040775620.2496785,-205789261.82413018,-16542612695.960028,-1909204678.3793068,16575627265.556765,16653691678.806997,-0.9937780681439335,-0.0004916553295868069,0.11137732961042071,-0.0004947334673384232,0.9999998776193907,0.0,0.11137731597999526,5.510209246105787e-05,0.9937781897631139,4696.699215110365,-545.449315289061,-0.11561667931626292,4.220407373006638e-09,153.24081968933345,0.0,-60.140819689333455,-2.579590155333273,0.0,2.96315622796049e-17,2.283920135997343,1.5707963267948966,19.674865187251434,461.0,0.022420426411938393,0.6092618290895014,0.0,0.047391601078016855,-1581.5762264449363,-11.152242257767487,177.2589876697871,-0.07191876143039683,0.15211209534502304,-1.178676112418158,-0.07291453087455295,0.1516372941702653,-1.178676112418158,-1.5416382515900272e-17,8.199556899979194e-20,9.512364272744088e-19,-1.5416588759900384e-17,-1.9082924418678944e-20,9.512364272744088e-19,-1581.649140975811,-11.00060496359722,176.08031155736896,-1057494.119424088,175.03355366114263,116301.22119827896,-0.0005055099821940458,4719.930630328365
92.59091680255216,2001.0,12.0,14.0,14.0,23.0,0.0,1.0,3500181.8200743143,24653.449481763833,-391853.52106548054,288.01614846570794,-295.3203503828007,4694.058755862331,3522134.2603770094,4712.1497232807715,3500268.2382661994,1681.1707012050967,-391853.52106548054,3522134.2603770094,286.19091879987093,-545.3115179534542,4694.058755862331,4734.285320626972,20249736.419651777,0.8265557973054091,1.633627171481184,1.4675941767984797e-07,5.191317341910095e-06,6.171473411664871,-0.11148536492755257,0.00048029763934999257,125934.2603770094,-0.050546563373257025,-0.050310028082682375,2421.2622912824154,-16542919261.529991,-1040775513.0739871,-205790724.33753204,-16542609690.928965,-1909217722.0408413,16575626424.425722,16653690207.24221,-0.9937918260650093,-0.0004773159047676803,0.1112545667193097,-0.00048029762088368347,0.999999884657091,0.0,0.11125455388688434,5.3435303707729476e-05,0.9937919406918626,4696.728664821037,-545.4489118730555,-0.11561587606269201,4.232997358672863e-09,153.19362264112155,0.0,-60.08086792336471,-2.6,0.0,2.963072619914393e-17,2.2839064817672163,1.5707963267948966,19.677962044157105,461.0,0.022487527422846872,0.6113420051396632,0.0,0.047532735966172766,-1581.6180171411763,-11.140089826593524,177.06582710729438,-0.07205048589963631,0.15255043791997913,-1.1821859849006962,-0.07305012506243908,0.15207428400723477,-1.1821859849006962,-1.5461924123217694e-17,8.236113835363246e-20,9.529831922675116e-19,-1.546213165999575e-17,-1.9117484385936264e-20,9.529831922675116e-19,-1581.6910672662389,-10.98801554258629,175.8836411223937,-1057495.2461711243,175.18709186610855,116300.8881638558,-0.0004135990809300955,4719.930577953549
92.6336053479291,2001.0,12.0,14.0,14.0,23.0,0.0,1.0,3500194.1119385483,24640.842663872125,-391653.1381777101,287.86968316687114,-295.32136760421366,4694.075038478022,3522124.099605367,4712.157057178025,3500280.452159545,1657.8921075804205,-391653.1381777101,3522124.099605367,286.0419006363845,-545.3133048184116,4694.075038478022,4734.292664822708,20249726.456813507,0.8265557119988997,1.6336271699640323,1.4675941767984797e-07,5.197622427886589e-06,6.171530444183934,-0.11142844004094155,0.00047364547105943194,125924.09960536705,-0.050520760458323405,-0.05028434637490491,2424.082423016429,-16542918875.477016,-1040775463.5885218,-205791397.16350612,-16542608306.189241,-1909223727.7679076,16575626036.027344,16653689528.564528,-0.9937981607609255,-0.00047070803319115796,0.1111979950455444,-0.0004736454533498254,0.999999887829986,0.0,0.11119798257246373,5.2668424774938515e-05,0.9937982722352917,4696.742224471454,-545.4487260963144,-0.11561550621435218,4.2383035394194216e-09,153.1823328948523,0.0,-60.04699868455688,-2.6,0.0,2.963052222947889e-17,2.2839031506897958,1.5707963267948966,19.678717704206573,461.0,0.02251581872299639,0.6123025552268996,0.0,0.04759237982895649,-1581.6372596757221,-11.134489579894352,176.97681225676718,-0.0721030783409991,0.15273344318000467,-1.1836710149406857,-0.07310437814608847,0.15225671895762652,-1.1836710149406857,-1.548125022517031e-17,8.25208298958335e-20,9.536851659265258e-19,-1.5481458335965297e-17,-1.913147859178834e-20,9.536851659265258e-19,-1581.7103640538683,-10.982232860936724,175.79314124182648,-1057495.7664573658,175.34063007107446,116300.62173631725,-0.0003216881810800167,4719.930474905411
92.70383987266378,2001.0,12.0,14.0,14.0,23.0,0.0,1.0,3500214.3218664,24620.100849234204,-391323.4511080497,287.6287031451148,-295.32304005059365,4694.101809668176,3522107.393557386,4712.169115002953,3500300.5335664605,1619.5921836584473,-391323.4511080497,3522107.393557386,285.7967204321334,-545.3162406008312,4694.101809668176,4734.30473957928,20249710.037767746,0.8265555714110591,1.6336271674640617,1.4675941767984797e-07,5.208078413319392e-06,6.171624279235682,-0.11133478206238483,0.0004627008602680234,125907.39355738647,-0.050478307151926596,-0.05024209248801442,2428.7262842059135,-16542918239.252018,-1040775382.0407795,-205792502.6169493,-16542606027.95167,-1909233602.072073,16575625395.937407,16653688411.203009,-0.9938085760727188,-0.00045983611590634456,0.11110491742070552,-0.00046270084375792483,0.9999998929539589,0.0,0.11110490552736396,5.140833903621501e-05,0.9938086824560038,4696.764518602137,-545.4484206105736,-0.11561489812341516,4.2470278089203965e-09,153.16377061931829,0.0,-59.99131185795491,-2.6,0.0,2.963018685564603e-17,2.2838976736194585,1.5707963267948966,19.67996031636261,461.0,0.022562335017331257,0.6138855783817044,0.0,0.04769044488158276,-1581.6688982484136,-11.125275255776018,176.83035233191086,-0.07218930161284041,0.15303428989154397,-1.1861126754298137,-0.07319333441832818,0.1525566286553473,-1.1861126754298137,-1.5513025332023847e-17,8.278375907550371e-20,9.54836114533026e-19,-1.551323438909091e-17,-1.9154422660099365e-20,9.54836114533026e-19,-1581.742091582832,-10.97271862712067,175.64423965648103,-1057496.6239052657,175.49416827604037,116300.42191566335,-0.00022977727968396798,4719.930321175049
92.86551026010021,2001.0,12.0,14.0,14.0,23.0,0.0,1.0,3500260.778069576,24572.35554807724,-390564.548873804,287.07398133562117,-295.3268842877715,4694.163347119177,3522068.9916562415,4712.196830436959,3500346.692810743,1531.430150703828,-390564.548873804,3522068.9916562415,285.2323303209332,-545.3229789611388,4694.163347119177,4734.332493929896,20249672.11513022,0.8265552466978604,1.6336271616915958,1.4826468186179114e-07,5.232175197436018e-06,6.1718402781667425,-0.11111919067367675,0.00043750810630762094,125868.991656241,-0.05038058377987442,-0.05014482815288029,2439.4340051561594,-16542916769.78681,-1040775193.7199597,-205795039.98636895,-16542600784.01804,-1909256299.3109336,16575623917.54719,16653685835.704231,-0.993832517506909,-0.00043480981046418353,0.1108906582463458,-0.00043750809235013955,0.99999990429333,0.0,0.11089064763337016,4.851556034881002e-05,0.993832612623319,4696.815764533444,-545.4477182228077,-0.11561350032982547,4.267082135074138e-09,153.12110184026778,0.0,-59.86330552080337,-2.6,0.0,2.962941587735242e-17,2.2838850825884096,1.5707963267948966,19.68281752534855,461.0,0.022669263822804545,0.6175418819170085,0.0,0.047915866873073316,-1581.7416278855217,-11.104063419821275,176.49319422158368,-0.07238633136341246,0.1537256275349429,-1.1917253574219608,-0.07339665884568673,0.1532458156021091,-1.1917253574219608,-1.5586064739196537e-17,8.338989267186597e-20,9.574665868590057e-19,-1.5586275983224575e-17,-1.92068576864986e-20,9.574665868590057e-19,-1581.8150245443674,-10.950817604219166,175.3014688641617,-1057498.6043354142,175.64770648100628,116300.28870189408,-0.00013786637378141386,4719.930116753563
92.96140041339733,2001.0,12.0,14.0,14.0,23.0,0.0,1.0,3500288.2898623855,24544.036498702964,-390114.4230832759,286.74495192897996,-295.32916075791076,4694.199789497819,3522046.2496924982,4712.213242667622,3500374.0277324133,1479.1388555714445,-390114.4230832759,3522046.249692498,284.89756640639354,-545.3269628368746,4694.199789497819,4734.348929204791,20249649.5379461,0.8265550533795839,1.6336271582560522,1.4826468186179114e-07,5.246499733116799e-06,6.171968393920929,-0.11099131660466537,0.0004225659189027692,125846.24969249731,-0.05032262091465424,-0.05008713755235161,2445.79689784348,-16542915894.947508,-1040775081.6217647,-205796540.19440088,-16542597673.901588,-1909269740.3967242,16575623037.395538,16653684305.826288,-0.9938466958058894,-0.00041996576725833316,0.11076357191997009,-0.00042256590632706984,0.9999999107190234,0.0,0.11076356203089022,4.680490915638574e-05,0.9938467845375009,4696.846112059169,-545.4473021479097,-0.11561267255291724,4.279250184501611e-09,153.09062423124328,0.0,-59.790624231243285,-2.604687884378356,0.0,2.9628868928232084e-17,2.2838761502314116,1.5707963267948966,19.6848450124256,461.0,0.02273413842515552,0.6197186812926916,0.0,0.048052554288171734,-1581.7847007640676,-11.091481104880527,176.29320069655947,-0.07250694220747726,0.15414596957058802,-1.1951277279563695,-0.07352107841884764,0.1536648548994361,-1.1951277279563695,-1.563030805383766e-17,8.375538316451737e-20,9.590743906923807e-19,-1.5630520614775012e-17,-1.9238845205684102e-20,9.590743906923807e-19,-1581.8582218424865,-10.937816249981092,175.0980729686031,-1057499.78338499,175.8012446859722,116300.22209500943,-4.5955460411124884e-05,4719.929861632056
93.00917516793692,2001.0,12.0,14.0,14.0,23.0,1.0,1.0,3500301.9851161437,24529.927193467993,-389890.1584071984,286.58101830141044,-295.330293937932,4694.217930151391,3522034.928838572,4712.2214122771165,3500387.634659534,1453.085946440508,-389890.1584071984,3522034.928838572,284.73077570180874,-545.3289441411318,4694.217930151391,4734.357110284842,20249638.26405277,0.8265549568460889,1.6336271565407643,1.4826468186179114e-07,5.253605089540876e-06,6.172032224841,-0.11092760608647163,0.00041512141357846543,125834.928838572,-0.05029374214546863,-0.05005839443194621,2448.9709808528423,-16542915458.098742,-1040775025.6498412,-205797286.31138408,-16542596124.340782,-1909276431.182249,16575622597.894316,16653683542.89152,-0.9938537536917111,-0.0004125699988215842,0.11070025320156854,-0.0004151214016557781,0.9999999138371072,0.0,0.11070024366331449,4.595404427268467e-05,0.993853839325033,4696.861218687562,-545.4470949927163,-0.11561226049156985,4.286042696856799e-09,153.06232209643,0.0,-59.762322096430005,-2.618838951784997,0.0,2.9628368920473456e-17,2.2838679844850267,1.5707963267948966,19.68669886991301,461.0,0.022770337150694705,0.6208056776658514,0.0,0.048128636418586355,-1581.8061427360271,-11.085211984704715,176.19355420854217,-0.07257859953632124,0.15438307121006847,-1.1970191341817389,-0.07359481768973355,0.15390123000197772,-1.1970191341817389,-1.565482621352299e-17,8.39512297620077e-20,9.600230927219555e-19,-1.565503946754643e-17,-1.9257573803110944e-20,9.600230927219555e-19,-1581.879737553717,-10.931310754702737,174.99653507436042,-1057500.372143153,175.9547828909381,116300.22209500945,4.595546338882253e-05,4719.929555801625
93.12782597661166,2001.0,12.0,14.0,14.0,23.0,1.0,1.0,3500335.9640317573,24494.885848429676,-389333.1829828195,286.173871928477,-295.33310532702626,4694.26293778661,3522006.840978364,4712.24168068167,3500421.393621411,1388.3819347586607,-389333.1829828195,3522006.8409783635,284.31653362102116,-545.3338545613459,4694.26293778661,4734.3774071463695,20249610.188214056,0.8265547164441462,1.6336271522697232,1.490116119384767e-07,5.271389763506628e-06,6.172190753614291,-0.1107693763017098,0.0003966327781229419,125806.84097836353,-0.0502220195513488,-0.049987008727909524,2456.8664257228374,-16542914370.200274,-1040774886.2710602,-205799135.5248287,-16542592275.721657,-1909293031.111595,16575621503.390974,16653681645.918415,-0.9938712647840979,-0.00039420194151950825,0.11054299453736105,-0.0003966327677233918,0.9999999213412207,0.0,0.11054298584218404,4.3844973875785295e-05,0.9938713429608045,4696.89869859127,-545.4465809196903,-0.11561123814447562,4.302895412981882e-09,152.9921024459088,0.0,-59.69210244590882,-2.6539487770455885,0.0,2.962712819082714e-17,2.2838477218322,1.5707963267948966,19.691300628436792,461.0,0.02286015034331799,0.6235127230633131,0.0,0.048317399065008204,-1581.8593431856527,-11.069641439496111,175.94606330422369,-0.07275568817663852,0.15497123261222054,-1.2017117711698326,-0.07377707931272892,0.1544875906585721,-1.2017117711698326,-1.5715653452502525e-17,8.44381468927108e-20,9.623677603324404e-19,-1.5715868432924253e-17,-1.930385505859165e-20,9.623677603324404e-19,-1581.9331202649655,-10.915153848837539,174.74435153305384,-1057501.83835458,176.10832109590402,116300.28870189408,0.00013786640058105828,4719.929199253373
93.316068976346,2001.0,12.0,14.0,14.0,23.0,1.0,1.0,3500389.7734598266,24439.29103963578,-388449.5141357846,285.527894065151,-295.33755714610106,4694.33421054323,3521962.360690554,4712.273775071525,3500474.8523589633,1285.725923157697,-388449.5141357846,3521962.360690554,283.65929813537963,-545.3416151255284,4694.33421054323,4734.409546594265,20249565.420058075,0.8265543331108707,1.6336271454611426,1.4975481660844235e-07,5.299683398245397e-06,6.172442269251187,-0.11051833491726079,0.00036730041482009997,125762.3606905546,-0.05010822709804269,-0.049873750760891865,2469.4293324053288,-16542912635.509953,-1040774664.0558118,-205802058.2470741,-16542586169.115732,-1909319317.8046901,16575619758.170776,16653678629.874542,-0.9938989954658748,-0.00036505952974057437,0.11029348821877272,-0.000367300406561375,0.9999999325452034,0.0,0.1102934807789479,4.051084306382744e-05,0.993899062509134,4696.95805006155,-545.4457665151507,-0.11560961916319037,4.329679077035304e-09,152.88090172638653,0.0,-59.57135258957977,-2.7095491368067437,0.0,2.962516284774003e-17,2.2838156253438338,1.5707963267948966,19.69859446399067,461.0,0.023002891425566368,0.6278293806291395,0.0,0.04861736550368892,-1581.943596053959,-11.044935694129046,175.55337006655463,-0.07303567763021136,0.15590328353429442,-1.2091692163982892,-0.07406528895101383,0.15541678479585652,-1.2091692163982892,-1.5812309301023442e-17,8.521403870972738e-20,9.660747704248773e-19,-1.581252704014991e-17,-1.9377000634599554e-20,9.660747704248773e-19,-1582.01766134291,-10.88951890933319,174.34420085015634,-1057504.1763014067,176.26185930086993,116300.42191566335,0.0002297773541288602,4719.928791978404
93.42843787882407,2001.0,12.0,14.0,14.0,23.0,1.0,1.0,3500421.8362499843,24406.104133416,-387922.01456611784,285.14227059539104,-295.3402096045663,4694.376677876481,3521935.8567412496,4712.292897059795,3500506.7047994817,1224.4462249736903,-387922.01456611784,3521935.8567412496,283.2669545505807,-545.3462301602563,4694.376677876481,4734.42869542683,20249538.56346644,0.8265541031466596,1.6336271413780352,1.4975481660844235e-07,5.316583128515733e-06,6.17259241078792,-0.11036847641772093,0.000349791124055358,125735.8567412491,-0.0500402989311043,-0.04980614164786742,2476.949549987912,-16542911594.868814,-1040774530.771461,-205803796.437974,-16542582523.430208,-1909334980.2662575,16575618711.214184,16653676825.67412,-0.9939155189607581,-0.00034766284077264166,0.11014454275866666,-0.00034979111692231077,0.9999999388230854,0.0,0.11014453602036336,3.852758263445122e-05,0.9939155797654468,4696.993413835923,-545.4452810620759,-0.1156086544919105,4.345912745984927e-09,152.81464185312274,0.0,-59.47196277968411,-2.7426790734386284,0.0,2.962399148537928e-17,2.2837964955447507,1.5707963267948966,19.70294431101126,461.0,0.023089405350833193,0.6304190594318981,0.0,0.04879910738293513,-1581.9938011395277,-11.030186433299505,175.3189332822254,-0.0732058804163612,0.1564611252917804,-1.2136883953028503,-0.0742404201330335,0.1559728972404355,-1.2136883953028503,-1.587087525694398e-17,8.56834369221994e-20,9.683272310017292e-19,-1.587109466551897e-17,-1.9421405066702995e-20,9.683272310017292e-19,-1582.0680415596607,-10.87421353605907,174.10524488692255,-1057505.5788498018,176.41539750583584,116300.62173631726,0.00032168832699628263,4719.928333967825
93.63594321549951,2001.0,12.0,14.0,14.0,23.0,1.0,1.0,3500480.9309068094,24344.818956446103,-386947.8982299255,284.43012916637207,-295.3450979448603,4694.454946818193,3521887.0075283195,4712.328137233597,3500565.409030678,1111.2830905227704,-386947.8982299255,3521887.00752832,282.54240338091324,-545.354718056271,4694.454946818193,4734.463985069514,20249488.706316277,0.8265536762340423,1.6336271338012454,1.504943510645939e-07,5.347980873810851e-06,6.172869674530223,-0.11009173522603904,0.00031745815985164045,125687.00752831995,-0.049914857002364865,-0.049681288898336416,2490.8772065490484,-16542909663.012419,-1040774283.3931012,-205806993.54002765,-16542575790.233795,-1909363846.2746937,16575616767.636982,16653673486.401735,-0.9939459731524423,-0.00031553627022880417,0.10986948116245436,-0.0003174581545194183,0.9999999496101588,0.0,0.10986947562614865,3.4878962727838754e-05,0.9939460232372245,4697.058589950987,-545.4443859658842,-0.11560687653834613,4.3758328889040275e-09,152.69251882079988,0.0,-59.28877823119983,-2.8037405896000562,0.0,2.962183197661097e-17,2.2837612280901705,1.5707963267948966,19.710968836156376,461.0,0.023248863643762878,0.6352267838675825,0.0,0.049134063749710785,-1582.086338249907,-11.002946805993073,174.88596438246907,-0.07351719566411036,0.157488752685368,-1.2220173678669661,-0.07456084309152325,0.1569973437934201,-1.2220173678669661,-1.597880327267995e-17,8.655201682711288e-20,9.724475339681197e-19,-1.597902578152901e-17,-1.9502611506434228e-20,9.724475339681197e-19,-1582.1608990929985,-10.845949462199652,173.66394701460212,-1057508.182580458,176.56893571080178,116300.8881638558,0.0004135993221480049,4719.927825212743
93.68030353014467,2001.0,12.0,14.0,14.0,23.0,1.0,1.0,3500493.544940003,24331.717331824457,-386739.6503607556,284.2778827571482,-295.34614132104684,4694.4716533285555,3521876.5804321007,4712.335658855751,3500577.9392649187,1087.0909435072706,-386739.6503607556,3521876.5804321,282.3875040142032,-545.3565267974709,4694.4716533285555,4734.471517249767,20249478.005039193,0.8265535846016818,1.6336271321754512,1.5123026915032014e-07,5.354702781540982e-06,6.1729289487139525,-0.11003257273342239,0.0003105461233608749,125676.58043210022,-0.04988803966276068,-0.04965459751300778,2493.861153051257,-16542909248.363228,-1040774230.3041989,-205807674.87672487,-16542574350.715149,-1909370007.6395376,16575616350.472557,16653672771.31535,-0.9939524737222426,-0.00030866809744193105,0.10981067664594493,-0.00031054611836942074,0.999999951780553,0.0,0.10981067135093484,3.41012793879178e-05,0.9939525216500835,4697.072501682383,-545.4441948439284,-0.11560649702976925,4.381306209189877e-09,152.6701787380005,0.0,-59.2701787380005,-2.8,0.0,2.962143564797369e-17,2.283754755552332,1.5707963267948966,19.712442288093488,461.0,0.02327805010197193,0.6362587367985765,0.0,0.049195704631251634,-1582.1060914951997,-10.997123037939668,174.79339664628986,-0.07356872562583816,0.1576812086561076,-1.2235500132822519,-0.07461414352592032,0.15718921890306015,-1.2235500132822519,-1.5998667596857313e-17,8.672044261581436e-20,9.73132081315559e-19,-1.599889072474991e-17,-1.9516337026011566e-20,9.73132081315559e-19,-1582.1807056387256,-10.839933819036608,173.56984663300761,-1057508.7414436545,176.7224739157677,116301.22119827896,0.0005055103425494244,4719.92726570427
93.7480474129469,2001.0,12.0,14.0,14.0,23.0,1.0,1.0,3500512.795152257,24311.709383500387,-386421.62775955186,284.04537931141016,-295.34773357193274,4694.497148825938,3521860.667692315,4712.347137209768,3500597.061278348,1050.146281416483,-386421.62775955186,3521860.6676923153,282.1509491533214,-545.3592850413061,4694.497148825938,4734.483011715613,20249461.63597206,0.8265534444372055,1.6336271296888025,1.5123026915032014e-07,5.364997488097362e-06,6.173019468649637,-0.10994222335292389,0.00029999061061045795,125660.6676923153,-0.049847085830492535,-0.049613836029094804,2498.421966686845,-16542908614.102081,-1040774149.1013155,-205808713.91548708,-16542572152.40539,-1909379410.3265083,16575615712.364252,16653671678.547066,-0.993962394194345,-0.0002981793945030162,0.10972087320329825,-0.0002999906061108805,0.9999999550028171,0.0,0.10972086826616806,3.2915231255272506e-05,0.9939624389198546,4697.093732045574,-545.4439031359259,-0.1156059178663235,4.389969811961668e-09,152.634817094034,0.0,-59.23481709403401,-2.8,0.0,2.962080873558569e-17,2.2837445172960704,1.5707963267948966,19.714773458020147,461.0,0.02332424295278967,0.6378372592665015,0.0,0.049293129001572775,-1582.1362373402421,-10.98822905620824,174.65202841625296,-0.07365206455922445,0.15798401107547325,-1.2259724213825178,-0.0747002475492709,0.15749110255950674,-1.2259724213825178,-1.6030060829823512e-17,8.698380707186277e-20,9.742381680326729e-19,-1.6030284920768037e-17,-1.9538411697067228e-20,9.742381680326729e-19,-1582.2109375877915,-10.830737953648734,173.42605599487044,-1057509.596302513,176.8760121207336,116301.62083958676,0.0005974213911666102,4719.926655433521
93.87463046459705,2001.0,12.0,14.0,14.0,23.0,1.0,1.0,3500548.722985897,24274.323177961014,-385827.3809721073,283.6109223463363,-295.35070515624585,4694.544731893501,3521830.9687819686,4712.368558809832,3500632.748830101,981.112713302007,-385827.3809721073,3521830.9687819686,281.70892187363444,-545.3644262194402,4694.544731893501,4734.504463383459,20249430.963239122,0.8265531817929919,1.6336271250299685,1.5196262340524166e-07,5.384228967501029e-06,6.173188612118991,-0.1097733985382521,0.00028026724252670586,125630.96878196904,-0.04977056038071593,-0.04953766999255523,2506.9566777944565,-16542907425.613937,-1040773996.9535152,-205810650.723977,-16542568044.837196,-1909396958.6754105,16575614516.667961,16653669634.282381,-0.9939809093225167,-0.0002785802958741449,0.10955306611593184,-0.0002802672388575533,0.9999999607251366,0.0,0.10955306181325014,3.07041353486912e-05,0.9939809483609826,4697.133354718767,-545.443358582022,-0.11560483694723811,4.4061392187057395e-09,152.56881951548678,0.0,-59.168819515486774,-2.8,0.0,2.9619638523125494e-17,2.283725406276289,1.5707963267948966,19.719126409710533,461.0,0.023410457172667872,0.6407951602347818,0.0,0.049474959526588376,-1582.1925020231997,-10.971609071362328,174.38785674967338,-0.07380681111421715,0.15854905276246978,-1.2304935376953943,-0.07486016355614505,0.15805443179826806,-1.2304935376953943,-1.6088649253304307e-17,8.747650643447749e-20,9.762921762316986e-19,-1.6088875149680707e-17,-1.9579402795656747e-20,9.762921762316986e-19,-1582.267362186756,-10.81355463956406,173.15736321197798,-1057511.1981603354,177.02955032569952,116302.08708777919,0.000689332470966396,4719.925994391615
94.01278839702334,2001.0,12.0,14.0,14.0,23.0,2.0,1.0,3500587.8733273833,24233.517911458857,-385178.78879551665,283.1367205330139,-295.353943079761,4694.596581792996,3521798.6060555875,4712.391900085288,3500671.6358243627,905.7659052160349,-385178.78879551665,3521798.606055587,281.2264574647579,-545.3700185564226,4694.596581792996,4734.527837419577,20249397.356994893,0.8265528940285265,1.6336271199266488,1.5196262340524166e-07,5.405261433151192e-06,6.173373225429161,-0.10958913296610112,0.00025874060158460405,125598.60605558706,-0.04968703583219504,-0.04945453772254469,2516.290511801839,-16542906123.46719,-1040773830.2728661,-205812757.67041945,-16542563561.784279,-1909416080.326291,16575613206.624828,16653667399.546007,-0.9940010850720148,-0.0002571884444665881,0.1093699077889399,-0.0002587405986976325,0.9999999665266507,0.0,0.10936990412796277,2.8298435420815173e-05,0.9940011183445614,4697.17653005171,-545.4427650030354,-0.11560365908909184,4.423871215258078e-09,152.49651513896768,0.0,-59.09477270845153,-2.801742430516156,0.0,2.9618356373662367e-17,2.283704467186519,1.5707963267948966,19.723898023769646,461.0,0.02350500336700742,0.6440359985964373,0.0,0.04967432041456309,-1582.253815784535,-10.953467695368053,174.09950282198625,-0.07397605018280608,0.15916803637027277,-1.2354505375745342,-0.07503507146658712,0.15867154077723478,-1.2354505375745342,-1.6152881568948272e-17,8.801731008309866e-20,9.785385033118144e-19,-1.615310945044678e-17,-1.9624200109638475e-20,9.785385033118144e-19,-1582.3288508560015,-10.794796154590818,172.8640522844117,-1057512.9532239065,177.18308853066543,116302.61994285627,0.000781243584916217,4719.925282569676
94.07725077945686,2001.0,12.0,14.0,14.0,23.0,2.0,1.0,3500606.1178634395,24214.47864398851,-384876.16313640826,282.91545890204895,-295.35545191913,4694.620744063169,3521783.524629182,4712.402776763923,3500689.7570960526,870.6099706063716,-384876.16313640826,3521783.524629182,281.00134061734093,-545.3726210830861,4694.620744063169,4734.538729363611,20249381.62837771,0.8265527593466606,1.633627117538642,1.5269146510898484e-07,5.415111501259805e-06,6.173459364318963,-0.10950315630454587,0.0002486966892431752,125583.52462918218,-0.04964806400532551,-0.04941574892689214,2520.652688384056,-16542905514.030338,-1040773752.2700654,-205813738.2541075,-16542561470.005573,-1909424990.9950812,16575612593.492767,16653666355.490723,-0.9940104871904782,-0.000247207122333858,0.1092844464870773,-0.00024869668667952506,0.9999999690749786,0.0,0.10928444310745346,2.7178679746941985e-05,0.9940105179302748,4697.196649806446,-545.4424883197901,-0.1156031101974259,4.433297106761135e-09,152.45881157295545,0.0,-59.03821735943319,-2.8205942135222695,0.0,2.9617689134674337e-17,2.2836935703469003,1.5707963267948966,19.726382146574753,461.0,0.023555240160965295,0.6455528224618919,0.0,0.04977984531026438,-1582.282389627435,-10.945002620225463,173.9649519580344,-0.07407303683767885,0.15949166943976148,-1.2380744896818714,-0.07513493907801269,0.15899417705306568,-1.2380744896818714,-1.618687963020901e-17,8.829253089416754e-20,9.798225101937344e-19,-1.618710850123822e-17,-1.964950453345373e-20,9.798225101937344e-19,-1582.357524566513,-10.786008443172397,172.7268774683525,-1057513.774642393,177.33662673563134,116303.21940481797,0.0008731547359842957,4719.924519958832
94.1800094157633,2001.0,12.0,14.0,14.0,23.0,2.0,1.0,3500635.171747871,24184.128197037713,-384393.74833325506,282.5627403594491,-295.35785459988426,4694.659221164104,3521759.507901212,4712.420096656752,3500718.6139725447,814.5680109829515,-384393.74833325506,3521759.507901212,280.64247650471304,-545.376760820724,4694.659221164104,4734.5560735641475,20249356.48708586,0.8265525440648561,1.6336271137223717,1.5269146510898484e-07,5.430773121190453e-06,6.173596678681939,-0.10936610051685398,0.0002326859385472325,125559.50790121173,-0.049585938809239664,-0.04935391549853915,2527.6167198568583,-16542904539.883614,-1040773627.6009078,-205815298.12170082,-16542558135.272202,-1909439180.6170447,16575611613.440327,16653664689.199099,-0.9940254597505986,-0.00023129575121624138,0.10914821056657956,-0.00023268593644752323,0.9999999729286271,0.0,0.10914820761178765,2.5397253587256013e-05,0.9940254866602333,4697.228689239927,-545.4420476140788,-0.1156022361097225,4.448307561742665e-09,152.39876975302934,0.0,-58.94815462954401,-2.8506151234853303,0.0,2.961662642767336e-17,2.283676215024505,1.5707963267948966,19.730339926496484,461.0,0.023635242125910606,0.6479774289960809,0.0,0.04994788784070563,-1582.3278937867826,-10.931507785194697,173.75045394441167,-0.0742268586197212,0.16000690853680108,-1.2422529808643468,-0.0752933550650774,0.15950783053850517,-1.2422529808643468,-1.6241016785345325e-17,8.873171490978939e-20,9.818590600680738e-19,-1.624124723835576e-17,-1.9689634348323467e-20,9.818590600680738e-19,-1582.4031871418476,-10.771999954656192,172.50820096354732,-1057515.0876353476,177.49016494059725,116303.88547366431,0.0009650659271394562,4719.923706550217
94.33355182558637,2001.0,12.0,14.0,14.0,23.0,2.0,1.0,3500678.5166496616,24138.777965061232,-383672.91463552474,282.0356878007055,-295.3614388772784,4694.716622983861,3521723.6778258225,4712.445933789571,3500761.663327423,730.8290752808938,-383672.91463552474,3521723.6778258225,280.1062411622168,-545.3829260144099,4694.716622983861,4734.581946956569,20249318.763193596,0.8265522210384629,1.6336271079980855,1.534168443230839e-07,5.454313537735931e-06,6.173801857822945,-0.109161307670869,0.00020876287361112984,125523.67782582296,-0.04949310942055999,-0.0492615220706612,2538.046101734042,-16542903078.207384,-1040773440.5704651,-205817621.40811825,-16542553151.882193,-1909460349.0097914,16575610142.904745,16653662194.86183,-0.9940477969267194,-0.00020752027760794669,0.10894463897076379,-0.0002087628720947481,0.9999999782090314,0.0,0.10894463659675457,2.274359573086207e-05,0.9940478185879842,4697.276486648968,-545.4413899133845,-0.11560093208980594,4.470701358860649e-09,152.3091945645574,0.0,-58.813791846836104,-2.8954027177212978,0.0,2.961504065698913e-17,2.2836503174239016,1.5707963267948966,19.736248773519943,461.0,0.023754598532983878,0.6516156049922521,0.0,0.05019858081787444,-1582.3957831679872,-10.911341981581876,173.42992204153447,-0.07445490819377486,0.16077527042996806,-1.2484866159938632,-0.07552827321048915,0.16027383093260894,-1.2484866159938632,-1.6321774339962697e-17,8.938899121457775e-20,9.848785990377509e-19,-1.6322007167275913e-17,-1.974912172336625e-20,9.848785990377509e-19,-1582.4713114411977,-10.751068150649267,172.1814354255406,-1057517.057755215,177.64370314556317,116304.61814939528,0.0010569771613513088,4719.922842334971
94.3766557137305,2001.0,12.0,14.0,14.0,23.0,2.0,1.0,3500690.670295462,24126.04671699199,-383470.553748668,281.887724508194,-295.3624438364846,4694.732717804228,3521713.63129034,4712.453177919006,3500773.733751013,707.3209134443883,-383470.553748668,3521713.63129034,279.9556999813816,-545.3846523678766,4694.732717804228,4734.589201251991,20249308.13909651,0.8265521300649622,1.633627106386382,1.534168443230839e-07,5.460924890943881e-06,6.1738594584001,-0.1091038155232076,0.00020204702092000684,125513.63129033986,-0.049467049116233335,-0.04923558415344303,2540.9789989739656,-16542902666.560228,-1040773387.9044803,-205818272.0151999,-16542551752.767504,-1909466284.3218243,16575609728.762985,16653661493.649027,-0.9940540601162807,-0.0002008456642129727,0.1088874888467766,-0.00020204701954531265,0.9999999795885007,0.0,0.1088874866242197,2.2000392587264685e-05,0.9940540804064149,4697.289888411424,-545.4412054505441,-0.11560056645355504,4.476538172033402e-09,152.2858473118664,0.0,-58.77877096779959,-2.907076344066804,0.0,2.961462669687593e-17,2.2836435569422098,1.5707963267948966,19.737791859808247,461.0,0.023785716387053322,0.6526402414541054,0.0,0.050263932059409384,-1582.4148195049754,-10.905680466139351,173.3399332436465,-0.07451124279919973,0.16097552692595757,-1.250111773990609,-0.07558643587442226,0.1604734753296408,-1.250111773990609,-1.634282702105942e-17,8.956499890634218e-20,9.856255662254148e-19,-1.6343060494310682e-17,-1.9763820494018686e-20,9.856255662254148e-19,-1582.4904059408498,-10.745206990809711,172.0898214696559,-1057517.6125970837,177.79724135052908,116305.4174320109,0.0011488884415900651,4719.92192730424
94.40781806564914,2001.0,12.0,14.0,14.0,23.0,2.0,1.0,3500699.452913178,24116.842517257883,-383324.25465432426,281.7807519747884,-295.36317004036164,4694.744348373206,3521706.3713384625,4712.458412652776,3500782.4561332623,690.3254255458813,-383324.25465432426,3521706.3713384625,279.8468637372647,-545.3858992516107,4694.744348373206,4734.594443331786,20249300.45024065,0.8265520642256765,1.6336271052200593,1.534168443230839e-07,5.465700425991905e-06,6.1739011014673455,-0.10906225084257672,0.00019719174934414442,125506.37133846246,-0.04944820848332212,-0.04921683200142183,2543.100443020463,-16542902368.643988,-1040773349.7907665,-205818741.9394822,-16542550741.27514,-1909470573.3277986,16575609429.041456,16653660986.47985,-0.9940585860946585,-0.00019602015408329334,0.10884617121234832,-0.00019719174806619118,0.9999999805577071,0.0,0.10884616909612918,2.1463566771674902e-05,0.994058605421437,4697.299572878745,-545.4410721403095,-0.11560030223379836,4.4805714786319665e-09,152.26971408547215,0.0,-58.7545711282082,-2.9151429572639334,0.0,2.961434037298565e-17,2.2836388809182258,1.5707963267948966,19.73885931245381,461.0,0.023807222805648873,0.6533817967862048,0.0,0.05030909511193135,-1582.4285759331106,-10.901587318165578,173.27487337094385,-0.07454882754454377,0.1611139137097267,-1.2512349634557438,-0.07562530029819713,0.16061144054499635,-1.2512349634557438,-1.635737668984256e-17,8.96886559989327e-20,9.861244133617983e-19,-1.635761062111483e-17,-1.9773629178872388e-20,9.861244133617983e-19,-1582.5042012334088,-10.740975877620581,172.0236384074881,-1057518.0141467825,177.950779555495,116306.28332151112,0.001240799770826722,4719.920961449178
94.45944369800073,2001.0,12.0,14.0,14.0,23.0,2.0,1.0,3500713.9954481497,24101.59417578928,-383081.885011452,281.6035320837896,-295.36437248896374,4694.763606506493,3521694.350080979,4712.467080287746,3500796.8987503317,662.1694803459534,-383081.885011452,3521694.3500809786,279.6665562937918,-545.3879627072948,4694.763606506493,4734.6031231300785,20249287.6973377,0.826551955023065,1.6336271032857541,1.541388099311085e-07,5.473677436278471e-06,6.1739700905231105,-0.10899339164106324,0.00018914821156448786,125494.35008097859,-0.0494169956549992,-0.04918576575647084,2546.616987466812,-16542901874.51445,-1040773286.5776281,-205819519.6387985,-16542549065.583538,-1909477675.1197107,16575608931.91782,16653660145.856337,-0.9940660803427854,-0.00018802582351609454,0.10877772087252356,-0.00018914821043662715,0.9999999821114771,0.0,0.10877771892665081,2.0575111238412777e-05,0.9940660981251596,4697.315608575621,-545.4408513797517,-0.11559986473193244,4.487249955011893e-09,152.24300017995245,0.0,-58.71450026992864,-2.928499910023786,0.0,2.9613866240023815e-17,2.283631137739341,1.5707963267948966,19.74062720392021,461.0,0.023842834109701807,0.6546117679850986,0.0,0.0503838770293719,-1582.4513545461568,-10.89480614520096,173.16708780742954,-0.07461092065588648,0.16134303232769123,-1.2530947632432827,-0.0756895138043098,0.16083986154520466,-1.2530947632432827,-1.638146778112577e-17,8.98936153955386e-20,9.869485833125645e-19,-1.6381702472229282e-17,-1.9789833440316988e-20,9.869485833125645e-19,-1582.527044059961,-10.733966283655755,171.91399304418627,-1057518.6801664848,178.1043177604609,116307.21581789601,0.0013327111520328768,4719.919944760943
94.54592711213441,2001.0,12.0,14.0,14.0,23.0,2.0,1.0,3500738.3366452837,24076.049969396005,-382675.86443206563,281.30664706122127,-295.3663850752688,4694.795840272976,3521674.228979584,4712.481587545749,3500821.0722075277,615.002318038032,-382675.86443206563,3521674.2289795834,279.36449898042775,-545.3914132231222,4694.795840272976,4734.61765074568,20249266.2910954,0.8265517717218398,1.6336271000394675,1.541388099311085e-07,5.486966915997909e-06,6.174085662231377,-0.10887803744722548,0.00017567373454012173,125474.22897958336,-0.049364707333808294,-0.049133722992228276,2552.5136718153954,-16542901045.101055,-1040773180.4806961,-205820820.184501,-16542546258.478848,-1909489561.827,16575608097.47926,16653658736.465696,-0.9940786241383553,-0.00017463350612536093,0.10866305045567692,-0.00017567373363653623,0.9999999845693696,0.0,0.10866304877893755,1.9089243781884083e-05,0.9940786394776154,4697.342448593899,-545.4404818119702,-0.1155991324485065,4.498428344675905e-09,152.19828662129638,0.0,-58.64742993194457,-2.95085668935181,0.0,2.961307255895392e-17,2.283618175943818,1.5707963267948966,19.74358732095406,461.0,0.023902440904606095,0.6566763549189657,0.0,0.05050904514012397,-1582.489482033807,-10.883445771042807,172.98651663073443,-0.07471445809080877,0.16172645536728253,-1.256207648170046,-0.07579660442836705,0.16122211811844706,-1.256207648170046,-1.64217893104888e-17,9.023724518336409e-20,9.883229423326679e-19,-1.6422025277379225e-17,-1.981685192592412e-20,9.883229423326679e-19,-1582.5652786382354,-10.72222365292436,171.7303089825644,-1057519.7981082797,178.25785596542684,116308.21492116552,0.0014246225881809338,4719.918877230705
94.7085324246877,2001.0,12.0,14.0,14.0,23.0,2.0,1.0,3500784.03321596,24028.02151881423,-381912.46076647646,280.7484271943405,-295.37016315653045,4694.856352594776,3521636.454934924,4712.508820591716,3500866.4521839465,526.3182507570069,-381912.46076647646,3521636.454934924,278.7965541745574,-545.3978798561958,4694.856352594776,4734.64492200532,20249225.899760645,0.8265514258502623,1.633627093915834,1.5485740967710726e-07,5.512060175758136e-06,6.174302962591827,-0.10866114599667867,0.00015033942424836058,125436.45493492391,-0.049266393632142115,-0.04903587098463203,2563.6197827607393,-16542899480.092417,-1040772980.3167737,-205823257.8096457,-16542540980.679756,-1909511876.3955166,16575606522.990524,16653656082.584991,-0.9941021729480701,-0.0001494527494510312,0.10844744074343522,-0.0001503394236820334,0.9999999886990287,0.0,0.1084474395178738,1.6303925741159517e-05,0.9941021841823904,4697.392834857142,-545.4397878059492,-0.11559775772190502,4.519413925042273e-09,152.11434429983092,0.0,-58.521516449746365,-2.992827850084545,0.0,2.961158228164763e-17,2.2835938378684264,1.5707963267948966,19.749147944344543,461.0,0.024014345621509024,0.6605721185906013,0.0,0.05074402296659419,-1582.5610627847575,-10.862084296156265,172.64697966704082,-0.07490749875016954,0.16244601789344612,-1.2620514548266561,-0.07599632945971804,0.1619394948957618,-1.2620514548266561,-1.6497479625077952e-17,9.088428517048827e-20,9.908856883995085e-19,-1.649771800057946e-17,-1.9867221990014676e-20,9.908856883995085e-19,-1582.6370591142172,-10.700144801260503,171.38492821221416,-1057521.907553669,178.41139417039275,116309.28063131965,0.001516534082243827,4719.91775884964
94.73641958941978,2001.0,12.0,14.0,14.0,23.0,2.0,1.0,3500791.861158651,24019.78447339627,-381781.5343894856,280.65268873080265,-295.37081032379643,4694.866718354607,3521629.984141092,4712.5134854339585,3500874.2256711773,511.1086348128017,-381781.5343894856,3521629.9841410927,278.69914785686314,-545.3989861446086,4694.866718354607,4734.649593393102,20249218.95406935,0.8265513663740266,1.63362709286305,1.5485740967710726e-07,5.516348691120611e-06,6.1743402305358135,-0.10862394817398086,0.00014599457113700974,125429.98414109275,-0.049249532397739076,-0.04901908893179999,2565.526914164424,-16542899210.974611,-1040772945.9005752,-205823674.86571217,-16542540075.550901,-1909515698.8418362,16575606252.24277,16653655626.932673,-0.9941062069089075,-0.00014513411037345495,0.10841046223162486,-0.00014599457061837827,0.9999999893427927,0.0,0.10841046107627209,1.5827338884045987e-05,0.9941062175033035,4697.401465971791,-545.4396688946016,-0.1155975222295212,4.5230101100533796e-09,152.09998017636593,0.0,-58.49996035273185,-3.0,0.0,2.961132722572562e-17,2.2835896724891156,1.5707963267948966,19.750099950406856,461.0,0.02403352247124216,0.6612420496503676,0.0,0.05078428968589052,-1582.573325109062,-10.858420520288982,172.58874457735905,-0.07494041466957278,0.1625692992436201,-1.263052873714775,-0.0760303925893652,0.16206240221012466,-1.263052873714775,-1.651044972540338e-17,9.099540554815336e-20,9.913227182918121e-19,-1.6510688515354318e-17,-1.9875810687539187e-20,9.913227182918121e-19,-1582.6493555016514,-10.696358118078857,171.32569170364428,-1057522.2702946085,178.56493237535867,116310.41294835843,0.0016084456371953445,4719.916589608933
94.77156950884827,2001.0,12.0,14.0,14.0,23.0,2.0,1.0,3500801.723957228,24009.40219888022,-381616.5099730544,280.53201569423044,-295.3716257072029,4694.879778589786,3521621.8312788587,4712.5193627733415,3500884.019766003,491.9378799030675,-381616.5099730544,3521621.831278858,278.57637259841067,-545.4003793974726,4694.879778589786,4734.655478979254,20249210.1905587,0.8265512913316535,1.6336270915348083,1.5557269020245316e-07,5.521820262790885e-06,6.174387204495354,-0.10857706259370273,0.00014051818737431866,125421.83127885824,-0.049228279839395296,-0.048997936176557864,2567.932101801038,-16542898871.42399,-1040772902.4782903,-205824200.11896402,-16542538934.65949,-1909520514.8770542,16575605910.63569,16653655052.354605,-0.9941112894835377,-0.00013969071736598783,0.10836385286561913,-0.00014051818691188827,0.9999999901273195,0.0,0.10836385179577744,1.5227092131463428e-05,0.9941112992980808,4697.412340634412,-545.439519059703,-0.1155972255221604,4.52820755972787e-09,152.0897890985728,0.0,-58.47957819714561,-3.0,0.0,2.961114338854326e-17,2.2835866702000884,1.5707963267948966,19.750786188555722,461.0,0.024061227294126922,0.6620873173003555,0.0,0.05084271683000331,-1582.5887751438531,-10.85380247554009,172.51534154589186,-0.07499334444780105,0.16275089006377322,-1.264506991122773,-0.07608494480428678,0.16224344394195273,-1.264506991122773,-1.652936862980378e-17,9.11495394953862e-20,9.920287611280866e-19,-1.6529607978718947e-17,-1.9889906042397668e-20,9.920287611280866e-19,-1582.6648600886574,-10.691559031598137,171.25083455476909,-1057522.7279720958,178.71847058032458,116311.61187228184,0.0017003572560098468,4719.915369499777
94.91830971982542,2001.0,12.0,14.0,14.0,23.0,2.0,1.0,3500842.852321953,23966.059054628102,-380927.5783261775,280.02822974755776,-295.3750257325111,4694.934239445469,3521587.8334310735,4712.543870140567,3500924.8605153398,411.9052871143247,-380927.5783261775,3521587.8334310735,278.0638104860128,-545.4061819467739,4694.934239445469,4734.680020732675,20249173.49707532,0.8265509771226257,1.6336270859742588,1.5628469708117136e-07,5.544533660042512e-06,6.174583308768971,-0.10838132722857818,0.0001176561342002148,125387.83343107346,-0.049139555772367234,-0.04890962875722582,2577.9898277521133,-16542897449.704979,-1040772720.6811675,-205826387.85722947,-16542534171.307907,-1909540597.4099078,16575604480.307081,16653652650.514383,-0.9941324840120197,-0.00011696578549142887,0.10816926805288306,-0.00011765613392876315,0.9999999930785171,0.0,0.10816926730419131,1.2726777889006291e-05,0.9941324908928908,4697.457687418991,-545.4388940846816,-0.11559598824633487,4.5498811876906694e-09,152.04729178884182,0.0,-58.39458357768365,-3.0,0.0,2.961037672519929e-17,2.283574149637515,1.5707963267948966,19.75364856515517,461.0,0.024176759954328532,0.6656265475448191,0.0,0.05108636270537024,-1582.6532043332127,-10.834522358776807,172.20888737035278,-0.07521308605466205,0.16350800178815342,-1.270570800789851,-0.0763114628099431,0.1629982687221783,-1.270570800789851,-1.6608260050609716e-17,9.179374065919293e-20,9.949602987339931e-19,-1.6608501740364415e-17,-1.9948428885936948e-20,9.949602987339931e-19,-1582.7295157960227,-10.671524090054628,170.93831656956294,-1057524.644306736,178.8720087852905,116312.87740308988,0.0017922689416624783,4719.914098513375
95.18501578490164,2001.0,12.0,14.0,14.0,23.0,3.0,1.0,3500917.4154386534,23887.279921506266,-379675.3977174224,279.112526494159,-295.3811890822002,4695.0329694543125,3521526.197473986,4712.588294512108,3500998.8975823796,266.44075014746744,-379675.3977174224,3521526.1974739865,277.13215608845496,-545.4166710547323,4695.0329694543125,4734.72450743078,20249106.3569134,0.8265504021925744,1.6336270758035876,1.569934748538248e-07,5.5860078983998885e-06,6.1749397454152355,-0.10802556089468522,7.61042083780899e-05,125326.19747398607,-0.04897829174891881,-0.048749122007691256,2596.3390264362097,-16542894848.325844,-1040772388.1008173,-205830343.39806956,-16542525511.755646,-1909577003.3852274,16575601863.17847,16653648272.051607,-0.9941709080834522,-7.566059009828952e-05,0.10781558234318007,-7.610420830462587e-05,0.9999999971040747,0.0,0.1078155820309542,8.205219537129919e-06,0.9941709109624969,4697.539893685996,-545.4377603985813,-0.11559374517968035,4.589174110333877e-09,151.9404936849652,0.0,-58.21074052744778,-3.0297531575174053,0.0,2.960846886512772e-17,2.2835429919180332,1.5707963267948966,19.760775377955124,461.0,0.02438621611790831,0.6721025805171683,0.0,0.051527361021149076,-1582.7700176475416,-10.799475102207463,171.65181711955532,-0.07560573947461666,0.1648701635366089,-1.2815425589061984,-0.0767163790735522,0.1643563076000882,-1.2815425589061984,-1.675075297048976e-17,9.29653704469823e-20,1.0001854967761272e-18,-1.6750998941800035e-17,-2.0052189104158573e-20,1.0001854967761272e-18,-1582.8467340266152,-10.635118794607376,170.3702745606491,-1057528.1507516466,179.0255469902564,116314.20954078255,0.0018841806971289783,4719.912776640944
95.43004638846855,2001.0,12.0,14.0,14.0,23.0,3.0,1.0,3500985.7034732285,23814.90179865236,-378524.95987232344,278.27118365389754,-295.3868329736039,4695.123385923395,3521469.748658642,4712.628973491451,3501066.69857015,132.79580012429219,-378524.95987232344,3521469.7486586417,276.2761583349201,-545.4262426079816,4695.123385923395,4734.765243476653,20249044.167459723,0.8265498696516548,1.6336270663889854,1.576990670600291e-07,5.624275457132532e-06,6.175267224848968,-0.10769869707800439,3.7930097165770206e-05,125269.74865864217,-0.04883012863264991,-0.048601654621435786,2613.2701757252216,-16542892438.78684,-1040772080.1469339,-205833953.92978242,-16542517553.881731,-1909610342.8345492,16575599439.057734,16653644234.77745,-0.9942060981508464,-3.7710333923747394e-05,0.10749061809107033,-3.793009715667525e-05,0.9999999992806539,0.0,0.10749061801374736,4.077129587625371e-06,0.9942060988660247,4697.615176441953,-545.4367213971591,-0.11559169092751079,4.625160230115613e-09,151.79937164660547,0.0,-57.99905746990816,-3.1003141766972804,0.0,2.9605967105271e-17,2.2835021350790097,1.5707963267948966,19.7701287549596,461.0,0.024578045862940257,0.6781014628172906,0.0,0.051930181807939034,-1582.877008420606,-10.7672706225233,171.1399322484594,-0.07595827867554811,0.16610241482522045,-1.2915589219471344,-0.07708010005736747,0.16558481357077423,-1.2915589219471344,-1.6880466825816003e-17,9.40418091338247e-20,1.0048568074337226e-18,-1.6880716760060057e-17,-2.014412984646023e-20,1.0048568074337226e-18,-1582.9540885206634,-10.601685808952526,169.84837332651225,-1057531.3986628745,179.1790851952223,116315.60828535986,0.0019760925253858664,4719.911403873705
95.47853096417488,2001.0,12.0,14.0,14.0,23.0,3.0,1.0,3500999.191297544,23800.580066361108,-378297.31837409706,278.1046991175947,-295.3879476335283,4695.141243898144,3521458.5992407445,4712.637007391068,3501080.089596212,106.35099442760327,-378297.31837409706,3521458.5992407445,276.1067739938133,-545.4281291583408,4695.141243898144,4734.77328864602,20249031.80537025,0.8265497637920654,1.6336270645181734,1.5840151626966388e-07,5.631870168123545e-06,6.175332024916091,-0.10763401879989436,3.037662426258794e-05,125258.59924074449,-0.04880081078683637,-0.04857247444082483,2616.628480106592,-16542891959.81857,-1040772018.9422035,-205834665.68613437,-16542515979.040567,-1909616927.5319602,16575598957.191555,16653643434.285702,-0.9942130486358902,-3.020083622466367e-05,0.10742631432772236,-3.0376624257916324e-05,0.9999999995386304,0.0,0.10742631427815912,3.263248785746035e-06,0.9942130490945899,4697.630045235447,-545.4365160984255,-0.11559128518926856,4.631587105347628e-09,151.7746649794322,0.0,-57.9746649794322,-3.1,0.0,2.9605527989956226e-17,2.2834949637817004,1.5707963267948966,19.771771427065627,461.0,0.0246123184370259,0.6792939630361197,0.0,0.052002456027278404,-1582.8981414980574,-10.760897645239378,171.03863482074297,-0.0760169241955164,0.16632667870733067,-1.293355971854381,-0.07714083104822107,0.16580841051993805,-1.293355971854381,-1.6903746244234784e-17,9.424182149729607e-20,1.0056363092122132e-18,-1.6903996929647815e-17,-2.015968397449337e-20,1.0056363092122132e-18,-1582.9752823291055,-10.59508923471944,169.7452788488886,-1057532.0442886967,179.33262340018823,116317.0736368218,0.002068004429410257,4719.909980202896
95.53704323027617,2001.0,12.0,14.0,14.0,23.0,3.0,1.0,3501015.4579555704,23783.296208832922,-378022.5943900858,277.9037789030142,-295.3892919060437,4695.162780860228,3521445.1527592787,4712.646696165169,3501096.2392487284,74.43669206451365,-378022.5943900858,3521445.152759279,275.9023542236596,-545.4304026416792,4695.162780860228,4734.78299101101,20249016.86357622,0.8265496358416125,1.633627062257167,1.5840151626966388e-07,5.641049049289994e-06,6.175410227616485,-0.10755596306786175,2.1260967127619027e-05,125245.15275927959,-0.04876542909987609,-0.048537258891333084,2620.6845134943724,-16542891380.901047,-1040771944.9688135,-205835523.479725,-16542514078.472305,-1909624868.7192838,16575598374.771608,16653642467.59284,-0.994221431080758,-2.1138109166967353e-05,0.1073487099731997,-2.1260967126017267e-05,0.9999999997739857,0.0,0.10734870994893736,2.282337393760561e-06,0.9942214313054663,4697.64797714059,-545.4362684692873,-0.11559079586073195,4.639356183527347e-09,151.7447839095102,0.0,-57.94478390951021,-3.1,0.0,2.9604996898547513e-17,2.283486290400786,1.5707963267948966,19.77375854618939,461.0,0.024653748656287503,0.6807353225613704,0.0,0.052089814705609916,-1582.9236289337218,-10.753206318282187,170.91638243731765,-0.07608771913773414,0.1665976271888206,-1.2955280869075732,-0.07721414687440234,0.16607855343477132,-1.2955280869075732,-1.6931883283773296e-17,9.448370670032484e-20,1.0065772824931056e-18,-1.6932134878277757e-17,-2.017845294473246e-20,1.0065772824931056e-18,-1583.0008430805963,-10.587127764847416,169.62085435041007,-1057532.8246439137,179.48616160515414,116318.6055951684,0.002159916412180043,4719.908505619761
95.62606902089694,2001.0,12.0,14.0,14.0,23.0,3.0,1.0,3501040.1849514805,23756.99885260691,-377604.6023538933,277.59807471332334,-295.3913352645887,4695.195518830683,3521424.7127204663,4712.661423450837,3501120.787829213,25.879165509293955,-377604.6023538933,3521424.7127204663,275.59132548374976,-545.433854909342,4695.195518830683,4734.797738954736,20248994.08230186,0.8265494407591862,1.6336270588102513,1.591008641128439e-07,5.655025030059379e-06,6.1755292133170485,-0.10743720095895191,7.3916802867199566e-06,125224.71272046631,-0.04871159569969142,-0.048483678267581196,2626.862255051732,-16542890498.246668,-1040771832.1902508,-205836826.1514629,-16542511186.772144,-1909636939.8824453,16575597486.777586,16653640995.45938,-0.994234173225993,-7.34906113875173e-06,0.10723063338252543,-7.391680286652647e-06,0.9999999999726815,0.0,0.10723063337959605,7.926145588988905e-07,0.9942341732531539,4697.675234993268,-545.4358919774094,-0.11559005203523723,4.651165983730575e-09,151.69936160103626,0.0,-57.89936160103625,-3.1,0.0,2.960418949826352e-17,2.283473104553494,1.5707963267948966,19.776780286361813,461.0,0.024716727785641116,0.6829329320135576,0.0,0.05222260973068965,-1582.962373317184,-10.741503467529443,170.73036753101255,-0.07619489142826101,0.16700944413262264,-1.2988299415992903,-0.0773251560734212,0.16648914723630828,-1.2988299415992903,-1.6974653031431876e-17,9.485204801129885e-20,1.0080018874245184e-18,-1.6974906012435237e-17,-2.0206867675732855e-20,1.0080018874245184e-18,-1583.0396984732574,-10.575014320293134,169.43153758941327,-1057534.0144287162,179.63969981012005,116320.2041603996,0.0022518284766737326,4719.90698011556
95.82595074843398,2001.0,12.0,14.0,14.0,23.0,3.0,1.0,3501095.603135648,23697.95506436419,-376666.1112266873,276.9116768466145,-295.3959145139535,4695.268889298786,3521378.902463726,4712.6944273846775,3501175.803706106,-83.14386801237536,-376666.1112266873,3521378.902463726,274.89297281646503,-545.4415760226357,4695.268889298786,4734.8307891808545,20248942.722459614,0.8265490009483989,1.6336270510410291,1.591008641128439e-07,5.686467420649625e-06,6.175796366310095,-0.10717054989127967,-2.3747413057275092e-05,125178.9024637253,-0.04859072596180611,-0.04836337606649882,2640.7614879459143,-16542888508.334654,-1040771577.9637452,-205839740.15861621,-16542504694.181274,-1909663992.640727,16575595484.829342,16653637684.314697,-0.994262730788929,2.3611167759937426e-05,0.10696551596965428,2.3747413055043075e-05,0.9999999997180302,0.0,0.10696551593949324,-2.5401542903771866e-06,0.9942627310692811,4697.736323150055,-545.4350478718662,-0.11558838499115458,4.677713398578555e-09,151.59725615931325,0.0,-57.795884238969876,-3.101371920343374,0.0,2.96023742608886e-17,2.283443459477442,1.5707963267948966,19.783577395945084,461.0,0.024858301954805297,0.6878874681421023,0.0,0.05252108895874015,-1583.0492110430132,-10.715225552360048,170.31268431230686,-0.076434364826453,0.1679344949875164,-1.306251406410314,-0.07757326601158453,0.16741145460640208,-1.306251406410314,-1.707077726272885e-17,9.568200659666627e-20,1.0111853814248338e-18,-1.707103337567897e-17,-2.0270336485769184e-20,1.0111853814248338e-18,-1583.1267843090247,-10.547814097753646,169.00643290589653,-1057536.6967801321,179.79323801508596,116321.86933251545,0.002343740625870517,4719.905403681564
95.88286672747928,2001.0,12.0,14.0,14.0,23.0,3.0,1.0,3501111.3582725315,23681.14227963322,-376398.8748073134,276.7162193281942,-295.39721628816955,4695.289747680432,3521365.878814755,4712.703809502891,3501191.443849599,-114.18827169081679,-376398.8748073134,3521365.878814755,274.6941111742591,-545.4437670118339,4695.289747680432,4734.840184458061,20248928.04278449,0.8265488752411055,1.6336270488209537,1.5979715130870968e-07,5.6954608495696454e-06,6.175872438912098,-0.10709462018921982,-3.261411821707724e-05,125165.87881475594,-0.04855630791243469,-0.04832911962231004,2644.7268438637257,-16542887939.580595,-1040771505.3095913,-205840567.1952919,-16542502845.335657,-1909671683.3171282,16575594912.63564,16653636739.916746,-0.994270849534117,3.2427267037996926e-05,0.10689002158844232,3.2614118211295404e-05,0.9999999994681597,0.0,0.1068900215315939,-3.4861237996933757e-06,0.9942708500629104,4697.753689660407,-545.434807815531,-0.11558791106291161,4.686178770408641e-09,151.56469703688984,0.0,-57.747045555334765,-3.1176514815550784,0.0,2.9601796586183354e-17,2.283434025333562,1.5707963267948966,19.785741496077016,461.0,0.024903429925246114,0.6893036007024519,0.0,0.052615849596596154,-1583.0738995589104,-10.707742319034843,170.19373951727263,-0.07651614086613216,0.1682242440832775,-1.3086076686599841,-0.07765768479324078,0.16770032827335063,-1.3086076686599841,-1.7101287563366404e-17,9.593690997738807e-20,1.0122693562600521e-18,-1.7101544622163636e-17,-2.029166805546991e-20,1.0122693562600521e-18,-1583.1515572437036,-10.540041990761493,168.88513184861264,-1057537.4634525739,179.9467762200519,116323.60111151592,0.0024356528627503416,4719.903776309056
95.98551058566129,2001.0,12.0,14.0,14.0,23.0,3.0,1.0,3501139.7434019833,23650.821449257055,-375916.93022311747,276.36371808043225,-295.3995615186622,4695.327326410415,3521342.4148487044,4712.72071183441,3501219.621106997,-170.17492681514727,-375916.93022311747,3521342.4148487044,274.3354708186775,-545.4477097977166,4695.327326410415,4734.857110495443,20248901.502617624,0.826548647967592,1.6336270448079688,1.6049041769309372e-07,5.711675537430688e-06,6.176009631747126,-0.10695768503586542,-4.8604470755060914e-05,125142.41484870436,-0.04849423677582438,-0.048267339929051835,2651.88739977777,-16542886911.302721,-1040771373.9678805,-205842055.6485325,-16542499510.789473,-1909685538.812971,16575593878.1399,16653635034.835337,-0.9942854765680118,4.8326719406087325e-05,0.10675386995537862,4.8604470735923756e-05,0.9999999988188027,0.0,0.10675386982928124,-5.18871534819281e-06,0.9942854777424591,4697.784977211438,-545.434375223072,-0.11558705721891259,4.701430348342165e-09,151.5060371217609,0.0,-57.65905568264135,-3.1469814391195485,0.0,2.9600755685998166e-17,2.283417026143495,1.5707963267948966,19.789642178003568,461.0,0.02498473569305321,0.6918639525041812,0.0,0.05278657181634828,-1583.1183805044193,-10.694246129680435,169.97921973852667,-0.07666285909368205,0.16874613834067909,-1.3128527403492647,-0.07780917052385838,0.16822064722173222,-1.3128527403492647,-1.71562526592737e-17,9.63970380260462e-20,1.0142142886137047e-18,-1.7156511428359325e-17,-2.032993733132921e-20,1.0142142886137047e-18,-1583.196189674943,-10.526025482458703,168.6663669981774,-1057538.8495633565,180.1003144250178,116325.39949740104,0.002527565190293761,4719.902097989336
96.17686921502988,2001.0,12.0,14.0,14.0,23.0,4.0,1.0,3501192.56510508,23594.293776320996,-375018.4321278003,275.70652458084834,-295.40392539199416,4695.397254265039,3521298.7508988054,4712.752162186456,3501272.0535924127,-274.5517540812071,-375018.4321278003,3521298.750898806,273.6668321435816,-545.4550311037833,4695.397254265039,4734.888604954883,20248851.794823915,0.826548222298833,1.6336270372947848,1.6118070224511593e-07,5.741995751216539e-06,6.176265404698189,-0.10670239238400733,-7.841485874734557e-05,125098.75089880638,-0.04837851544848215,-0.04815216193886823,2665.268756955862,-16542884985.423277,-1040771128.0223148,-205844820.1130279,-16542493293.188597,-1909711321.1862578,16575591940.617832,16653631849.40222,-0.9943126957628117,7.796888974874064e-05,0.10650003270301263,7.841485866698484e-05,0.999999996925555,0.0,0.10650003237558413,-8.351185012435998e-06,0.9943126988197714,4697.84319759851,-545.4335698808475,-0.11558546832474308,4.729827529540765e-09,151.396877247016,0.0,-57.49687724701598,-3.20156137649201,0.0,2.959881821332091e-17,2.2833853848134624,1.5707963267948966,19.796906917234445,461.0,0.025136124439275872,0.6966594795426262,0.0,0.05310443852893655,-1583.2011584289392,-10.669082760908639,169.5792519652853,-0.07693403945325715,0.16971788929942444,-1.320756537890573,-0.07808925092299386,0.1691894714961091,-1.320756537890573,-1.7258582978768187e-17,9.72566436080438e-20,1.0178096094957536e-18,-1.7258844952734657e-17,-2.0400667105663366e-20,1.0178096094957536e-18,-1583.2792476798622,-10.49989328941253,168.25849542739473,-1057541.4456573743,180.25385262998373,116327.26449017078,0.002619477611482013,4719.90036871371
96.28870490147739,2001.0,12.0,14.0,14.0,23.0,4.0,1.0,3501223.3774553607,23561.25693325996,-374493.31687256816,275.32242516596256,-295.40647074472514,4695.438043785755,3521273.2805123795,4712.770506165956,3501302.6374582592,-335.5533302264883,-374493.31687256816,3521273.2805123795,273.27604379391136,-545.4592922805735,4695.438043785755,4734.90697465932,20248822.605186407,0.8265479723344232,1.6336270328843272,1.6118070224511593e-07,5.759737337667058e-06,6.1764148889048105,-0.10655318882170321,-9.583671105984835e-05,125073.28051237948,-0.048310883072694544,-0.048084847105638893,2673.109028324485,-16542883854.505754,-1040770983.6218382,-205846429.45758006,-16542489658.79111,-1909726360.0015216,16575590802.86502,16653629983.694723,-0.9943285733701376,9.529318047637074e-05,0.10635167652141889,9.583671091314351e-05,0.9999999954076624,0.0,0.10635167603301608,-1.0192394877911374e-05,0.9943285779364301,4697.877157679754,-545.4330998984318,-0.11558454149000258,4.746701660548589e-09,151.3332012809487,0.0,-57.43320128094872,-3.2333993595256394,0.0,2.9597687750745503e-17,2.2833669229585634,1.5707963267948966,19.80114823963899,461.0,0.025226079902882743,0.6994756271823496,0.0,0.05329341441354588,-1583.2494472425253,-10.65437505533694,169.3454752851092,-0.07709604468570197,0.17030444624979146,-1.325454354239337,-0.07825659689480913,0.16977429004731906,-1.325454354239337,-1.731942353896448e-17,9.776635459242877e-20,1.0199589986991092e-18,-1.731968741244539e-17,-2.0443025899520472e-20,1.0199589986991092e-18,-1583.32770383942,-10.48460076528962,168.02002093086986,-1057542.970153492,180.40739083494964,116329.19608982516,0.002711390129297082,4719.8985884735075
96.48277364973303,2001.0,12.0,14.0,14.0,23.0,4.0,1.0,3501276.7442555227,23503.927341310744,-373582.07223075605,274.6558686083445,-295.4108788971889,4695.508688640178,3521229.165952884,4712.8022745100625,3501355.6059934353,-441.4106474803835,-373582.07223075605,3521229.1659528837,272.59787985394047,-545.4666558670489,4695.508688640178,4734.938787551434,20248771.707066316,0.8265475364679821,1.6336270251956992,1.6186804311275822e-07,5.790649525194686e-06,6.176674294237029,-0.1062942703879222,-0.0001260684988369403,125029.16595288366,-0.0481935180257526,-0.047968033091326974,2686.750371262431,-16542881882.530645,-1040770731.8624473,-205849211.16209525,-16542483350.802715,-1909752405.7959354,16575588818.973202,16653626738.964834,-0.9943560731145793,0.00012535697811106049,0.10609422296139041,0.00012606849850300026,0.9999999920533668,0.0,0.10609422211829854,-1.3375139388585023e-05,0.9943560810163624,4697.935973721282,-545.4322855270171,-0.11558293623620354,4.775927556214573e-09,151.22291488220915,0.0,-57.322914882209155,-3.288542558895421,0.0,2.959572930536882e-17,2.2833349391183564,1.5707963267948966,19.808500469842382,461.0,0.025381886895646494,0.7043863478988313,0.0,0.05362071143070307,-1583.3330869619408,-10.628850145622991,168.9397607970385,-0.07737438338999678,0.17132003655900482,-1.333590700617439,-0.07854420999995441,0.17078687656563082,-1.333590700617439,-1.742478642353926e-17,9.865242032043945e-20,1.023652340142764e-18,-1.7425053609907665e-17,-2.051579481890349e-20,1.023652340142764e-18,-1583.4116311719408,-10.45806326905736,167.60617009642107,-1057545.628435677,180.56092903991555,116331.19429636418,0.0028033027467215393,4719.896757260064
96.56512758153768,2001.0,12.0,14.0,14.0,23.0,4.0,1.0,3501299.3515983755,23479.599017117936,-373195.3773972559,274.373001718859,-295.41274614099575,4695.538614450004,3521210.4780577784,4712.815731008995,3501378.04365,-486.3320994040299,-373195.3773972559,3521210.478057779,272.31008729884127,-545.4697688107726,4695.538614450004,4734.9522629190515,20248750.014902048,0.8265473507061103,1.6336270219196773,1.625524776374657e-07,5.8038253429808456e-06,6.176784375957968,-0.1061843952471158,-0.00013889733990835753,125010.4780577789,-0.048143712723835205,-0.04791846162263593,2692.5526309758425,-16542881042.103022,-1040770624.5788457,-205850387.3823284,-16542480673.544558,-1909763438.8524358,16575587973.46764,16653625359.331167,-0.9943677225399153,0.00013811503243971938,0.10598496730678315,0.00013889733946174538,0.9999999903537645,0.0,0.1059849662844272,-1.4721029981852247e-05,0.9943677321318206,4697.96088848614,-545.4319404024084,-0.11558225622262122,4.787713165332652e-09,151.18942006419877,0.0,-57.26826019259638,-3.3,0.0,2.959513013882881e-17,2.2833251539861794,1.5707963267948966,19.810750936602762,461.0,0.02544473194277746,0.7064792953637159,0.0,0.053752921603552904,-1583.368520026076,-10.618017545277343,168.76757827642248,-0.07748246258334297,0.17172720659199758,-1.3368797863033328,-0.07865607057957412,0.17119283878962582,-1.3368797863033328,-1.746746036167067e-17,9.901771755406476e-20,1.025092827326888e-18,-1.7467728928686242e-17,-2.0544314625721714e-20,1.025092827326888e-18,-1583.4471760966558,-10.446824706487718,167.43069849011914,-1057546.7613675129,180.71446724488146,116333.25910978783,0.0028952154667387224,4719.894875064739
96.63655239078979,2001.0,12.0,14.0,14.0,23.0,4.0,1.0,3501318.939876303,23458.499160283016,-372859.99852116243,274.12766872014697,-295.4143639610123,4695.564543463523,3521194.285809372,4712.8273899034575,3501397.484432095,-525.2922698454489,-372859.99852116243,3521194.285809372,272.0604823052195,-545.472462936991,4695.564543463523,4734.963938161144,20248731.159782313,0.8265471892389865,1.6336270190726,1.625524776374657e-07,5.815234237841819e-06,6.17687984975064,-0.10608910060193687,-0.00015002360292999298,124994.28580937209,-0.04810051659738683,-0.04787546829763106,2697.5902605503798,-16542880311.594063,-1040770531.334686,-205851405.48126304,-16542478351.501709,-1909772998.2862742,16575587238.54538,16653624161.605925,-0.9943778162264266,0.00014918014378315016,0.10589020890548727,0.0001500236023672274,0.9999999887464593,0.0,0.1058902077138475,-1.5886030595419464e-05,0.9943778274166979,4697.982475598401,-545.4316413048772,-0.11558166702405816,4.797428514376747e-09,151.1714286770801,0.0,-57.21428603124029,-3.3,0.0,2.9594803337662406e-17,2.28331981691811,1.5707963267948966,19.811978622819925,461.0,0.02549654962206108,0.7082985344130672,0.0,0.05386210712810166,-1583.3992219305403,-10.608622052397948,168.6182383511422,-0.07756823888844731,0.17206081022849654,-1.339598230589605,-0.07874499668874532,0.17152544883261905,-1.339598230589605,-1.7502803707103514e-17,9.932537791385251e-20,1.0262417736736176e-18,-1.7503073448134125e-17,-2.0567190290897587e-20,1.0262417736736176e-18,-1583.477966927229,-10.437096603565328,167.27864012055258,-1057547.7461290061,180.86800544984737,116335.3905300961,0.0029871282923325773,4719.8929418788985
96.78832952861339,2001.0,12.0,14.0,14.0,23.0,4.0,1.0,3501360.5066254814,23413.66175299022,-372147.31499658356,273.6063222672284,-295.41779681098177,4695.6195641815675,3521159.925503597,4712.85212857161,3501438.7367407205,-608.0829525214748,-372147.31499658356,3521159.925503597,271.5300578663846,-545.4781703510209,4695.6195641815675,4734.988711515489,20248690.96598818,0.8265468450353585,1.6336270130050292,1.6323404237781964e-07,5.8395443449685065e-06,6.177082733638809,-0.10588659735041238,-0.0001736665959702681,124959.92550359666,-0.048008723808532036,-0.04778410646033707,2708.311057418585,-16542878754.361135,-1040770332.5913272,-205853562.69388658,-16542473416.998762,-1909793282.9142325,16575585671.906216,16653621612.875944,-0.9943992351440681,0.00017269393193906313,0.10568884199241786,0.0001736665950973015,0.9999999849199568,0.0,0.10568884039862556,-1.8354621328599906e-05,0.9943992501396518,4698.028282557759,-545.4310064245703,-0.11558041674311964,4.818044697842003e-09,151.13325055955184,0.0,-57.09975167865554,-3.3,0.0,2.959410980824002e-17,2.2833084907231145,1.5707963267948966,19.814584508978136,461.0,0.02560651032331487,0.7121766798079685,0.0,0.05409380267034511,-1583.4643741823156,-10.58865523411832,168.30086879931957,-0.07774908383315221,0.1727685222840878,-1.3453669034125577,-0.07893253797967946,0.17223105636675498,-1.3453669034125577,-1.757780164687055e-17,9.997998618078058e-20,1.0286646451649128e-18,-1.7578073891599666e-17,-2.0615426844072366e-20,1.0286646451649128e-18,-1583.5433067202953,-10.416424177751566,166.95550189590702,-1057549.845368728,181.02154365481329,116337.58855728904,0.0030790412264877207,4719.89095769393
96.90801290772929,2001.0,12.0,14.0,14.0,23.0,4.0,1.0,3501393.2281522155,23378.304991201407,-371585.3247896256,273.1952010298772,-295.4204989744004,4695.662875568257,3521132.8769152504,4712.871601271351,3501471.209344743,-673.3678915120463,-371585.3247896256,3521132.87691525,271.1117781822491,-545.4826540517123,4695.662875568257,4735.008211516681,20248659.149738412,0.8265465725724369,1.633627008203677,1.6458870496134868e-07,5.858771999458931e-06,6.177242719820916,-0.1057269112729803,-0.00019230998713165898,124932.87691525044,-0.047936339582220266,-0.04771206205963243,2716.7799807041883,-16542877521.706106,-1040770175.2981231,-205855257.78268528,-16542469525.74134,-1909809250.3925903,16575584431.807123,16653619599.658293,-0.9944160961094624,0.00019123614900382914,0.10553004892992264,0.00019230998594628806,0.9999999815084345,0.0,0.10553004697850683,-2.0294482226624513e-05,0.9944161144977731,4698.0643406900535,-545.430506462632,-0.11557943252715243,4.834058082205954e-09,151.1071922881261,0.0,-57.0071922881261,-3.296403855936951,0.0,2.959363351763815e-17,2.2833007123072937,1.5707963267948966,19.816374546140327,461.0,0.02569192833100939,0.7152465305448464,0.0,0.05427384797084956,-1583.5156643741268,-10.572909053011369,168.05058561401316,-0.07788704521797923,0.17331722293941598,-1.349850479246362,-0.07907572625161648,0.17277812679271115,-1.349850479246362,-1.763611771196076e-17,1.0049279351507637e-19,1.0305157874783179e-18,-1.7636391927858446e-17,-2.0652328053565574e-20,1.0305157874783179e-18,-1583.5947401003784,-10.400130926218658,166.7007351347668,-1057551.5070723388,181.1750818597792,116339.85319136658,0.003170954272189512,4719.88892250124
96.94275904199668,2001.0,12.0,14.0,14.0,23.0,4.0,1.0,3501402.7185557345,23368.040257264103,-371422.16843865067,273.07584299351845,-295.4212826659835,4695.675437213979,3521125.0318644783,4712.877248765698,3501480.627321267,-692.3213276183438,-371422.16843865067,3521125.0318644783,270.99034192133024,-545.4839529617344,4695.675437213979,4735.013866928807,20248649.892883047,0.8265464932998506,1.6336270068069842,1.6526187220825896e-07,5.864416308032031e-06,6.177289167000026,-0.10568055121114184,-0.0001977224472397213,124925.03186447872,-0.04791532498530449,-0.04769114611992946,2719.2411353439093,-16542877163.069279,-1040770129.5382556,-205855748.91029117,-16542468396.01542,-1909813881.4168477,16575584071.004725,16653619014.622044,-0.9944209863707086,0.00019661935357397726,0.10548394762397235,0.00019772244595142228,0.999999980452917,0.0,0.10548394556206889,-2.085654413282353e-05,0.9944210058087385,4698.074798610928,-545.4303614258804,-0.1155791470713619,4.839353491476865e-09,151.0875796611968,0.0,-56.9875796611968,-3.3062101694016004,0.0,2.9593285062423036e-17,2.283295021601772,1.5707963267948966,19.817684352669303,461.0,0.02572016007251487,0.7161397045915364,0.0,0.05433315099725098,-1583.5305406874422,-10.568337434391102,167.9779204185811,-0.0779367498705794,0.17350113363524947,-1.3513247202827445,-0.07912711900188317,0.17296149684703752,-1.3513247202827445,-1.765520720212001e-17,1.0065440815955671e-19,1.0311756313126486e-18,-1.7655482026949737e-17,-2.06653266840964e-20,1.0311756313126486e-18,-1583.6096678064441,-10.395375937544065,166.62659569829836,-1057551.990541678,181.3286200647451,116342.18443232877,0.0032628674324238893,4719.886836292243
96.99594637508432,2001.0,12.0,14.0,14.0,23.0,4.0,1.0,3501417.23787268,23352.32755521363,-371172.41747396474,272.8931345720319,-295.4224816003518,4695.694655014524,3521113.0297631263,4712.885888568005,3501495.035631372,-721.3342171432843,-371172.41747396474,3521113.0297631263,270.8044522720543,-545.4859388255109,4695.694655014524,4735.022518843884,20248635.703302853,0.8265463717848924,1.6336270046661778,1.6458870496134868e-07,5.872929312202632e-06,6.177360265994163,-0.10560958556284082,-0.00020600749097134214,124913.02976312675,-0.04788315689101362,-0.04765912904428985,2723.0114045888186,-16542876613.325611,-1040770059.3966914,-205856499.83983892,-16542466666.586657,-1909820966.286666,16575583517.941666,16653618118.50281,-0.9944284679401291,0.0002048597165288415,0.10541337762705515,0.00020600748951421385,0.9999999787804569,0.0,0.10541337539023143,-2.171594528616343e-05,0.9944284890414473,4698.090797913595,-545.4301395051866,-0.11557871035548195,4.847454909889451e-09,151.05757440781684,0.0,-56.95757440781685,-3.3212127960915754,0.0,2.9592751924478664e-17,2.283286314798394,1.5707963267948966,19.819688708227993,461.0,0.025763352031344625,0.7175088417824135,0.0,0.05442387774014342,-1583.5533001730935,-10.561339267652933,167.86668559992245,-0.0780126127304102,0.17378247207686123,-1.3535801344786051,-0.07920556641194468,0.1732420087494169,-1.3535801344786051,-1.768441111370245e-17,1.0090192112323015e-19,1.0321827760917204e-18,-1.7684686871981987e-17,-2.0685165626704208e-20,1.0321827760917204e-18,-1583.6325057395054,-10.388097258903516,166.51310546544386,-1057552.7316394467,181.48215826971105,116344.58228017559,0.0033547807101775504,4719.884699058379
97.21632004035564,2001.0,12.0,14.0,14.0,23.0,5.0,1.0,3501477.292916721,23287.2236734449,-370137.60126854206,272.1360818298554,-295.4274402554948,4695.774141540281,3521063.386460212,4712.92162122902,3501554.6289324686,-841.5458569947357,-370137.60126854206,3521063.386460212,270.03421854037674,-545.4941356184078,4695.774141540281,4735.0583015983175,20248576.65948197,0.8265458661504368,1.633626995760107,1.659323085197815e-07,5.908474831208127e-06,6.177654858960585,-0.10531554499160374,-0.000240334916907606,124863.38646021206,-0.04774987083119872,-0.04752646870766331,2738.6689528673887,-16542874325.815926,-1040769767.566313,-205859600.13805047,-16542459499.64272,-1909850269.452292,16575581216.621855,16653614398.202442,-0.9944594131412794,0.0002390033250269762,0.10512097075328371,0.00024033491459394694,0.999999971119564,0.0,0.10512096771734424,-2.5264239528023234e-05,0.9944594418617017,4698.156971769024,-545.429221213449,-0.11557690402185627,4.880964139356861e-09,150.93346615053014,0.0,-56.83346615053014,-3.3832669247349263,0.0,2.959054625925943e-17,2.283250293551766,1.5707963267948966,19.82798545416736,461.0,0.025942008099522514,0.7232061023409753,0.0,0.05479913505582701,-1583.6474421254932,-10.532340814906538,167.4057594687745,-0.0783240801244315,0.17494582076667856,-1.3629087702962797,-0.07952774902828098,0.17440194627801586,-1.3629087702962797,-1.7805192026983476e-17,1.0192903077815184e-19,1.0363183330273373e-18,-1.7805471670049412e-17,-2.0766611161005914e-20,1.0363183330273373e-18,-1583.7269698745215,-10.357938868628523,166.04285069847822,-1057555.8154094908,181.63569647467696,116347.04673490702,0.003446694108437791,4719.882510791102
97.39814525079133,2001.0,12.0,14.0,14.0,23.0,5.0,1.0,3501526.717327622,23233.50714596411,-369283.78519979736,271.5114211826764,-295.4315206721318,4695.839554758553,3521022.530746565,4712.951024493496,3501603.6701829266,-940.7310547758134,-369283.78519979736,3521022.5307465657,269.3986824998985,-545.500860592083,4695.839554758553,4735.087746079727,20248527.63797635,0.826545446341368,1.6336269883685108,1.666000468656266e-07,5.937902395691112e-06,6.177897926907826,-0.10507293269097949,-0.0002686571984583616,124822.5307465652,-0.047639896646266625,-0.047417010792719254,2751.630646765232,-16542872426.610235,-1040769525.3184558,-205862144.72659737,-16542453584.73411,-1909874383.8304396,16575579305.953093,16653611319.702568,-0.9944848803453916,0.00026717552829074034,0.10487969956883457,0.0002686571952265637,0.999999963911655,0.0,0.10487969578389979,-2.817668592236774e-05,0.9944849162347064,4698.211428537273,-545.4284650114216,-0.11557541745801343,4.9088851117364175e-09,150.83132686641304,0.0,-56.69699029961954,-3.4343365667934855,0.0,2.958873043567593e-17,2.2832206389022005,1.5707963267948966,19.83482117136483,461.0,0.026090870144905094,0.7279365013456727,0.0,0.055111709853004676,-1583.7249241292363,-10.5084117050749,167.02540974585543,-0.07858303063823915,0.17590495597253045,-1.3706804155590935,-0.07979556272655239,0.17535824591145166,-1.3706804155590935,-1.7905798539831994e-17,1.0278546910264348e-19,1.0397554181829842e-18,-1.7906081428841372e-17,-2.0834236496863686e-20,1.0397554181829842e-18,-1583.8047196919629,-10.333053459163448,165.65472933029633,-1057558.375742726,181.78923467964287,116349.57779652311,0.0035386076301925718,4719.880271481884
97.58268137519822,2001.0,12.0,14.0,14.0,23.0,5.0,1.0,3501576.7624953412,23178.98897668724,-368417.22705261025,270.8774158605,-295.43565188942887,4695.905786712056,3520981.161887475,4712.980793139982,3501653.3244556193,-1041.3962965950907,-368417.22705261025,3520981.161887475,268.7536395804003,-545.5076506894612,4695.905786712056,4735.11755645245,20248477.60012734,0.8265450178258894,1.6336269808270403,1.6726511955740805e-07,5.9678918041026684e-06,6.1781446244943785,-0.10482669742630178,-0.0002974013042978809,124781.16188747436,-0.047528280095220164,-0.04730591820919365,2764.8241769373417,-16542870488.040844,-1040769278.104951,-205864714.89843664,-16542447580.025162,-1909898799.5077713,16575577355.686512,16653608186.90898,-0.9945106671853097,0.00029576877827907337,0.10463481913521933,0.00029740129991381214,0.9999999557762325,0.0,0.1046348145078734,-3.111853122706085e-05,0.9945107111663202,4698.266566135719,-545.42769888329,-0.11557391224431122,4.9373262023613785e-09,150.7279047186859,0.0,-56.54185707802885,-3.4860476406570515,0.0,2.9586891259070467e-17,2.2831906028688436,1.5707963267948966,19.841749764220204,461.0,0.026242507761161306,0.7327652062085874,0.0,0.05543005198237181,-1583.8033834905127,-10.484122912960242,166.63934287886195,-0.07884528227406831,0.17687666248477465,-1.3785960613084025,-0.08006682296455604,0.17632707145810833,-1.3785960613084025,-1.8008256281005147e-17,1.0365995139593866e-19,1.043236025649812e-18,-1.800854249366129e-17,-2.0902676391791277e-20,1.043236025649812e-18,-1583.8834503134772,-10.307795841502134,165.26074681755355,-1057560.9891711231,181.9427728846088,116352.17546502384,0.0036305212784305874,4719.877981122219
97.65549504997952,2001.0,12.0,14.0,14.0,23.0,5.0,1.0,3501596.476967109,23157.477162065792,-368075.29994753405,270.62724340537795,-295.43727919021285,4695.931876912001,3520964.865301619,4712.992518921155,3501672.8841288732,-1081.116810372871,-368075.29994753405,3520964.865301619,268.4991119295991,-545.5103201638378,4695.931876912001,4735.129298668676,20248457.7772012,0.826544848065035,1.6336269778404087,1.6726511955740805e-07,5.979730344991644e-06,6.178241967199769,-0.10472953711245199,-0.00030874293853132046,124764.86530161882,-0.04748423804201088,-0.04726208290149529,2770.0405854582787,-16542869720.063015,-1040769180.1857903,-205865725.61127535,-16542445210.258293,-1909908417.2266939,16575576583.075777,16653606948.45331,-0.9945208254240581,0.0003070512918282865,0.10453819166866449,0.000308742933626311,0.9999999523388994,0.0,0.10453818668625922,-3.2275427971773057e-05,0.9945208728240175,4698.288285815687,-545.4273969607224,-0.11557331929590878,4.9481949234371725e-09,150.68858955915294,0.0,-56.488589559152956,-3.5,0.0,2.9586191508429476e-17,2.2831791750736383,1.5707963267948966,19.844387195306467,461.0,0.026300463169452514,0.7346781886076738,0.0,0.05555186411356596,-1583.8342924300662,-10.474538313225064,166.48699702780254,-0.0789428475686167,0.17724990916167263,-1.3816248989854885,-0.08016787959307604,0.17669922060273247,-1.3816248989854885,-1.8047462014407437e-17,1.039987045710313e-19,1.0445322784799286e-18,-1.8047749524525325e-17,-2.0928259069926872e-20,1.0445322784799286e-18,-1583.9144603096593,-10.297839092622333,165.10537212881707,-1057562.0245069303,182.0963110895747,116354.8397404092,0.0037224350561410996,4719.875639703618
97.69525760396277,2001.0,12.0,14.0,14.0,23.0,5.0,1.0,3501607.235081348,23145.729803648577,-367888.5774197162,270.49062557341506,-295.4381671740361,4695.946114063469,3520955.972314634,4712.998917391564,3501683.557575886,-1102.8077228671366,-367888.5774197162,3520955.972314634,268.36011578097634,-545.5117756020568,4695.946114063469,4735.135706107089,20248446.934689622,0.8265447552110553,1.6336269762069695,1.6792755826688794e-07,5.986243618091652e-06,6.178295125094682,-0.10467647881158182,-0.0003149364208026654,124755.97231463436,-0.047460187099105516,-0.04723814485949132,2772.8914621323347,-16542869300.004358,-1040769126.6297199,-205866276.73270124,-16542443916.109282,-1909913665.481556,16575576160.483229,16653606271.649092,-0.9945263687219359,0.00031321258531448324,0.1044854239338502,0.0003149364155965066,0.9999999504075259,0.0,0.10448541875215951,-3.290626489580822e-05,0.9945264180429616,4698.300137971052,-545.427232175825,-0.11557299572751505,4.953728337560839e-09,150.66882736585413,0.0,-56.468827365854146,-3.5,0.0,2.958583917941815e-17,2.283173421104223,1.5707963267948966,19.8457154330969,461.0,0.026329976585637675,0.7357245415861992,0.0,0.055614077174188745,-1583.851159600655,-10.469304101852124,166.4037999785879,-0.07898997452827586,0.17744242359022597,-1.3831717657954923,-0.0802168365696121,0.17689117811896385,-1.3831717657954923,-1.8067489567025803e-17,1.0417575165073888e-19,1.0451599535868792e-18,-1.8067777763907746e-17,-2.0940770259720813e-20,1.0451599535868792e-18,-1583.9313764372246,-10.29241292373316,165.02062821279242,-1057562.5908036195,182.2498492945406,116357.57062267918,0.003814348966314126,4719.873247217609
97.75173274914454,2001.0,12.0,14.0,14.0,23.0,5.0,1.0,3501622.5055994326,23129.044854669955,-367623.3726104485,270.29658342039363,-295.4394275816397,4695.966322664932,3520943.349235517,4713.007999354733,3501698.7076777355,-1133.6156379003999,-367623.3726104485,3520943.3492355165,268.16269567697753,-545.5138399522577,4695.966322664932,4735.144800799169,20248431.514073282,0.8265446231505126,1.6336269738840066,1.6792755826688794e-07,5.995435495373669e-06,6.178370626226173,-0.10460111912651823,-0.0003237330487093945,124743.34923551604,-0.04742602709196553,-0.04720414520665087,2776.9432739913464,-16542868702.582619,-1040769050.4632776,-205867058.50735202,-16542442077.96704,-1909921114.9558191,16575575559.457882,16653605309.782835,-0.9945342370924656,0.00032196361186740926,0.10441047643957935,0.00032373304305469077,0.999999947598457,0.0,0.10441047096830927,-3.380112126457511e-05,0.9945342892075969,4698.316961185601,-545.4269982409855,-0.11557253644260883,4.9615826979011245e-09,150.64077607892455,0.0,-56.44077607892456,-3.5,0.0,2.9585339034546336e-17,2.2831652531186104,1.5707963267948966,19.847601234115682,461.0,0.026371869556198187,0.7372127111439474,0.0,0.055702385350941484,-1583.875101905177,-10.46186966686993,166.2856306826318,-0.07905667459538712,0.17771566431273095,-1.385367460068701,-0.08028613638181542,0.17716362901305882,-1.385367460068701,-1.8095916898505897e-17,1.0442734420606912e-19,1.0460483809302687e-18,-1.8096206072269052e-17,-2.095847852051106e-20,1.0460483809302687e-18,-1583.9553880415588,-10.284706037856871,164.9002632225631,-1057563.396212522,182.40338749950652,116360.3681118338,0.0039062630119402674,4719.870803655744
97.90593953524386,2001.0,12.0,14.0,14.0,23.0,5.0,1.0,3501664.1463138163,23083.48582496019,-366899.2184857145,269.76673153272844,-295.44286434714655,4696.021427649934,3520908.927737684,4713.032762933313,3501740.0186209776,-1217.738007580816,-366899.2184857145,3520908.927737684,267.62362018357874,-545.51945983726,4696.021427649934,4735.169599083925,20248389.28333707,0.826544261489604,1.6336269675233868,1.6858739404357632e-07,6.020622357838196e-06,6.1785767866412895,-0.10439534488707072,-0.00034775224660244625,124708.92773768445,-0.04733275104767149,-0.04711130701385432,2788.0227175205946,-16542867066.495996,-1040768841.8920412,-205869187.25990307,-16542437058.597061,-1909941427.9946086,16575573913.503536,16653602679.849142,-0.9945556930014026,0.00034585899055425396,0.10420582469352907,0.0003477522395934056,0.9999999395341881,0.0,0.10420581839263927,-3.623780891585254e-05,0.9945557531380237,4698.362834521053,-545.426360138696,-0.11557128404216804,4.983000518774115e-09,150.564283861521,0.0,-56.36428386152102,-3.5,0.0,2.958397499994444e-17,2.2831429767430405,1.5707963267948966,19.852746220874604,461.0,0.026486108563496272,0.7412882438580155,0.0,0.05594319234826465,-1583.9403914548016,-10.441568364635526,165.9629443230566,-0.07923739862821759,0.1784606230576297,-1.3913548724492015,-0.08047396237846971,0.1779064380583038,-1.3913548724492015,-1.8173430857087673e-17,1.0511510384249374e-19,1.0484559482815658e-18,-1.8173722706998337e-17,-2.1006464131417212e-20,1.0484559482815658e-18,-1584.02086541718,-10.263661926577221,164.5715894506074,-1057565.601903066,182.55692570447243,116363.23220787305,0.0039981771960107835,4719.8683090095965
98.06821181826655,2001.0,12.0,14.0,14.0,23.0,6.0,1.0,3501707.8767368374,23035.543343986727,-366137.17967137723,269.20914311038996,-295.4464732643193,4696.079296069383,3520872.7788143205,4713.058766477463,3501783.400488915,-1306.2611737453187,-366137.17967137723,3520872.7788143205,267.05632569047276,-545.5253469846347,4696.079296069383,4735.195639069786,20248344.647124685,0.826543879226293,1.6336269608021103,1.6924465733171346e-07,6.04720993763403e-06,6.178793734154379,-0.10417880367463217,-0.0003730273874090669,124672.77881432045,-0.04723459432798901,-0.04701361104687245,2799.706552132964,-16542865337.227129,-1040768621.4685032,-205871418.03748825,-16542431776.257145,-1909962759.3072968,16575572173.806614,16653599906.771736,-0.9945782254785605,0.00037100493423258867,0.1039904599434793,0.00037302737875797545,0.9999999304252849,0.0,0.10399045270837268,-3.879128868855233e-05,0.994578294676062,4698.411007786657,-545.425689708711,-0.11556996880619219,5.006054829975688e-09,150.4819470358011,0.0,-56.272920553701674,-3.509026482099442,0.0,2.958250713006456e-17,2.283119004608693,1.5707963267948966,19.858285940159565,461.0,0.026609069165923354,0.7455959894785857,0.0,0.056202147549292585,-1584.0089606683391,-10.420203042391336,165.62334547842156,-0.07943380246948016,0.17925914676145752,-1.3977935699512405,-0.08067795853036452,0.17870265157456097,-1.3977935699512405,-1.8256776522078882e-17,1.0585156769230913e-19,1.0510708256752051e-18,-1.8257071234859834e-17,-2.105841321677122e-20,1.0510708256752051e-18,-1584.0896386268694,-10.241500390816775,164.22555190847032,-1057567.9332404528,182.71046390943835,116366.16291079695,0.004090091521517659,4719.865763270754
98.13163839213257,2001.0,12.0,14.0,14.0,23.0,6.0,1.0,3501724.944838596,23016.804141753124,-365839.3227346633,268.99119467149774,-295.4478817408333,4696.101881679511,3520858.6697901874,4713.0689149162445,3501800.3319245274,-1340.8620502225247,-365839.3227346633,3520858.669790187,266.83458347575225,-545.5276406250393,4696.101881679511,4735.205801730105,20248327.142102685,0.8265437293131762,1.6336269581668375,1.6924465733171346e-07,6.057610694061895e-06,6.17887853255245,-0.10409416406250457,-0.00038290646455972887,124658.66979018738,-0.04719622772146309,-0.04697542453254109,2804.2808782607317,-16542864659.060823,-1040768535.0352094,-205872287.37642586,-16542429711.317665,-1909971084.6480975,16575571491.551376,16653598821.179369,-0.9945870199138679,0.00038083381810449915,0.10390627885000114,0.00038290645520293976,0.9999999266913205,0.0,0.10390627123276905,-3.978638490778213e-05,0.9945870928257343,4698.429809290688,-545.4254279486441,-0.11556945547035204,5.015931146868831e-09,150.44667447546846,0.0,-56.220011713202695,-3.5266627622657682,0.0,2.95818792994562e-17,2.2831087513567545,1.5707963267948966,19.860656338353024,461.0,0.026661729119196554,0.7472853982335421,0.0,0.05631269329554241,-1584.0357242939372,-10.411851471473616,165.4905984027585,-0.07952312251721608,0.17959635538389732,-1.4005422939309442,-0.08077042536992812,0.17903886803604455,-1.4005422939309442,-1.8292349282250807e-17,1.0615777606740163e-19,1.0522568930361556e-18,-1.8292645169521776e-17,-2.108172793613305e-20,1.0522568930361556e-18,-1584.1164947193072,-10.232812603437571,164.09005610882755,-1057568.8475258555,182.86400211440426,116369.16022060547,0.004182005991453433,4719.863166430831
98.2570962515934,2001.0,12.0,14.0,14.0,23.0,6.0,1.0,3501758.6648550057,22979.73770832843,-365250.1570449226,268.56008145266003,-295.45066418947346,4696.146501147892,3520830.795771588,4713.088962937518,3501833.780906388,-1409.3030642909562,-365250.1570449226,3520830.795771588,266.39596614398727,-545.5321651276802,4696.146501147892,4735.225877844718,20248292.416445278,0.8265434319214581,1.6336269529403256,1.7055158529072421e-07,6.0782309589686605e-06,6.179046265868063,-0.10392674478592817,-0.00040244713952153067,124630.7957715881,-0.04712033757424504,-0.04689989060805677,2813.3420309722424,-16542863313.74973,-1040768363.5933646,-205874002.64036882,-16542425626.275253,-1909987531.7637107,16575570138.130133,16653596670.908785,-0.9946043942560332,0.00040027571503393084,0.10373976434300024,0.0004024471286578928,0.999999919018151,0.0,0.1037397559419623,-4.1749770287486895e-05,0.9946044748009426,4698.4669527167625,-545.4249106578161,-0.1155684413229763,5.035442959888321e-09,150.3769894289703,0.0,-56.11548414345542,-3.5615052855148592,0.0,2.9580638758358906e-17,2.2830884917831678,1.5707963267948966,19.865341766356195,461.0,0.026765766855304667,0.7506368460876232,0.0,0.05653108541630977,-1584.0886003908781,-10.395331040108308,165.22800839269058,-0.07969864905846245,0.1802623582244039,-1.4059726119590072,-0.08095217826767659,0.17970291396659538,-1.4059726119590072,-1.8362622130232023e-17,1.0676407404719719e-19,1.0545879116706018e-18,-1.8362920347596726e-17,-2.1127541552224615e-20,1.0545879116706018e-18,-1584.1695525691457,-10.215628126141713,163.82203578073157,-1057570.6612478588,183.01754031937017,116372.22413729863,0.00427392060881139,4719.860518481464
98.44179520111867,2001.0,12.0,14.0,14.0,23.0,6.0,1.0,3501808.209005086,22925.1679033938,-364382.7776634817,267.92537070703816,-295.4547519970992,4696.212057148801,3520789.8410209836,4713.118415704824,3501882.924326406,-1510.0628950128987,-364382.7776634817,3520789.841020983,265.7502078057509,-545.5387963080746,4696.212057148801,4735.255371881842,20248241.049267665,0.8265429920088248,1.6336269452121124,1.7120130796843874e-07,6.108658288101584e-06,6.1792932074267855,-0.1036802654601172,-0.0004312145305961812,124589.84102098364,-0.04700860989489706,-0.046788687359694874,2826.713500544429,-16542861323.737083,-1040768110.0420418,-205876517.49654114,-16542419610.830076,-1910011695.8206782,16575568136.123863,16653593498.083342,-0.9946299218220038,0.0004288989014393998,0.10349461175388287,0.0004312145172324139,0.9999999070270157,0.0,0.10349460213167996,-4.462837904360671e-05,0.9946300142957245,4698.521524073118,-545.4241502401412,-0.11556695127364072,5.064238272549152e-09,150.28730127622956,0.0,-55.97460255245912,-3.6126987237704418,0.0,2.957903769009231e-17,2.2830623443540845,1.5707963267948966,19.8713922526253,461.0,0.02691930986129474,0.7555945853492722,0.0,0.05685341967748727,-1584.166293677251,-10.37100723450708,164.84138476989364,-0.07995644442737053,0.18124916131858043,-1.4139892001134435,-0.08121920565152045,0.18068683437785946,-1.4139892001134435,-1.8466473601508362e-17,1.0766169803768957e-19,1.058018804276545e-18,-1.8466775275849482e-17,-2.1194992423465756e-20,1.058018804276545e-18,-1584.2475128829024,-10.19032040012922,163.4273955697802,-1057573.3441683073,183.1710785243361,116375.35466087642,0.004365835376585393,4719.857819414308
98.58764122766667,2001.0,12.0,14.0,14.0,23.0,6.0,1.0,3501847.2483059093,22882.076766829185,-363697.85002686596,267.424154466844,-295.4579727319821,4696.263711168917,3520757.56990154,4713.141620711736,3501921.645752206,-1589.6279410851644,-363697.85002686596,3520757.5699015395,265.2402678872372,-545.5440074898198,4696.263711168917,4735.278609401879,20248200.279854994,0.8265426428542921,1.6336269390801965,1.7184857420132772e-07,6.1327828434850285e-06,6.179488206787143,-0.10348563101606845,-0.00045393015398589783,124557.56990153901,-0.04692038313200868,-0.04670087470964394,2837.300323009491,-16542859744.300613,-1040767908.8333486,-205878494.63306636,-16542414859.474155,-1910030735.198069,16575566547.17018,16653590986.538158,-0.9946500365971348,0.00045150167528564585,0.10330102053491773,0.0004539301383969844,0.9999998969737094,0.0,0.10330100989219676,-4.6891446547964935e-05,0.9946501390722491,4698.564522318616,-545.4235507329339,-0.1155657771732909,5.087231445153451e-09,150.24696237692376,0.0,-55.893924753847536,-3.65303762307623,0.0,2.957830637596e-17,2.2830504010879475,1.5707963267948966,19.874157177449728,461.0,0.027041920258798424,0.7595296151963947,0.0,0.057110899929971586,-1584.2275165748167,-10.351798088258988,164.53605793639372,-0.08016281713064308,0.1820472504487233,-1.4203970751233093,-0.08143301833676837,0.18148262222820305,-1.4203970751233093,-1.8549763467695984e-17,1.0838025794360076e-19,1.060781982044245e-18,-1.8550067909608057e-17,-2.1249393164539624e-20,1.060781982044245e-18,-1584.3089495931536,-10.170315466030786,163.1156608612704,-1057575.4735745508,183.32461672930202,116378.55179133883,0.004457750297769945,4719.8550692210465
98.76931164881623,2001.0,12.0,14.0,14.0,23.0,6.0,1.0,3501895.7746511037,22828.400428841087,-362844.67198807746,266.7997965239845,-295.4619757297541,4696.327915110013,3520717.456481779,4713.170461246753,3501969.774362744,-1688.7377379060356,-362844.67198807746,3520717.456481779,264.605043410879,-545.5504677493157,4696.327915110013,4735.307490343318,20248149.239099495,0.8265422057321472,1.6336269314054745,1.7249341164216756e-07,6.162868789545316e-06,6.179731109036429,-0.10324318321952286,-0.00048222506640939586,124517.45648177946,-0.04681048273731455,-0.0465914901472029,2850.522663861513,-16542857766.956013,-1040767656.9674758,-205880946.70327052,-16542408939.39408,-1910054399.925112,16575564557.912788,16653587850.46135,-0.9946750392921987,0.00047965727405844595,0.10305986676666319,0.00048222504771987837,0.9999998837294949,0.0,0.10305985478384043,-4.9698049169558464e-05,0.9946751549435814,4698.617966770887,-545.4228051382015,-0.1155643177682366,5.115812256732131e-09,150.1968206022243,0.0,-55.79364120444866,-3.703179397775668,0.0,2.957739723417609e-17,2.2830355536758686,1.5707963267948966,19.87759553416658,461.0,0.027194331412451027,0.7644561784013943,0.0,0.05743094296241979,-1584.3036210053301,-10.327868043067593,164.15569299759522,-0.08041696469931302,0.18303896773462397,-1.4283619915178873,-0.0816964396213442,0.18247148729048968,-1.4283619915178873,-1.8653286776554814e-17,1.0927691714728555e-19,1.0641858628098313e-18,-1.86535946837203e-17,-2.1316390352857218e-20,1.0641858628098313e-18,-1584.3853174449514,-10.145396555777102,162.72733100607735,-1057578.1394701134,183.47815493426793,116381.8155286859,0.004549665375360267,4719.85226789338
98.81814215363478,2001.0,12.0,14.0,14.0,23.0,6.0,1.0,3501908.798522411,22813.9728451757,-362615.3475043789,266.6319725869674,-295.4630500084402,4696.345146167434,3520706.690534072,4713.1782010291445,3501982.6909918366,-1715.3772849170007,-362615.3475043789,3520706.690534072,264.4342986912431,-545.552198325013,4696.345146167434,4735.315240968863,20248135.47312201,0.8265420878373817,1.633626929335987,1.731358474287728e-07,6.1709880759869864e-06,6.17979639873507,-0.10317801565318621,-0.000489830275899763,124506.69053407153,-0.0467809425827094,-0.04656208864123649,2854.082722336054,-16542857233.657156,-1040767589.0450784,-205881603.76326823,-16542407347.913881,-1910060750.9774134,16575564021.401436,16653587006.15299,-0.9946817496633339,0.0004872252748373047,0.10299504598872794,0.0004898302563119649,0.9999998800331528,0.0,0.10299503363273699,-5.0450089775521225e-05,0.9946818689921817,4698.632310066921,-545.4226049565302,-0.11556392608516698,5.122429328421358e-09,150.17042340904786,0.0,-55.7556351135718,-3.7,0.0,2.957692683609606e-17,2.283027871492232,1.5707963267948966,19.87937505287879,461.0,0.027229633594624762,0.7657849292329532,0.0,0.05750537438044547,-1584.3240471715797,-10.32143549980003,164.05344855556203,-0.08046882282051711,0.18326428127525807,-1.4302127376566314,-0.08175050623162237,0.18269614929803568,-1.4302127376566314,-1.8677204340835365e-17,1.0949524454871715e-19,1.0648759964730495e-18,-1.86775131166367e-17,-2.1330160855809955e-20,1.0648759964730495e-18,-1584.4057976778113,-10.138739350501995,162.6232358179054,-1057578.8584793713,183.63169313923385,116385.14587291758,0.004641580612352148,4719.849415423034
98.8861116407495,2001.0,12.0,14.0,14.0,23.0,6.0,1.0,3501926.9134218316,22793.890322418476,-362296.13851886435,266.398366908285,-295.46454417228506,4696.369112523983,3520691.7161787776,4713.1889658514265,3502000.656378322,-1752.4582697835945,-362296.13851886435,3520691.7161787776,264.19662743147114,-545.5546030705889,4696.369112523983,4735.32602087195,20248116.28101167,0.8265419234717217,1.6336269264511554,1.7249341164216756e-07,6.182258147413649e-06,6.179887279203434,-0.10308730517552202,-0.0005004162749970699,124491.71617877716,-0.04673982393308107,-0.0465211629832248,2859.0416101515293,-16542856490.149342,-1040767494.3562174,-205882516.93286502,-16542405132.581995,-1910069584.4788258,16575563273.415262,16653585830.048882,-0.994691083086155,0.000497759648119843,0.10290481749764975,0.0005004162541116591,0.9999998747917784,0.0,0.10290480461312056,-5.14952433022178e-05,0.9946912076296721,4698.652259803473,-545.4223264760191,-0.11556338129568633,5.13191308677446e-09,150.13714706394924,0.0,-55.70572059592389,-3.7,0.0,2.957633267977817e-17,2.2830181681831916,1.5707963267948966,19.881623219947368,461.0,0.02728022554425164,0.7676374459192381,0.0,0.05761194838832182,-1584.3524583982762,-10.312481402844817,163.91112433859703,-0.08054489576041733,0.18358846317614239,-1.4328632138103863,-0.0818297297656571,0.1830193961603901,-1.4328632138103863,-1.8711497814116726e-17,1.0980544075321977e-19,1.0658900573029006e-18,-1.871180781875453e-17,-2.1350328118214796e-20,1.0658900573029006e-18,-1584.4342881280418,-10.129462006684427,162.47826112478666,-1057579.8609020095,183.78523134419976,116388.54282403391,0.004733496011742018,4719.846511801759
99.0083530751837,2001.0,12.0,14.0,14.0,23.0,7.0,1.0,3501959.4526609336,22757.772148635115,-361722.0449900205,265.97822233362524,-295.4672279471619,4696.412161633442,3520664.818199284,4713.208301092265,3502032.926026726,-1819.147910784444,-361722.0449900205,3520664.818199284,263.76917099354597,-545.5589158664835,4696.412161633442,4735.345383199259,20248081.67558835,0.826541627101902,1.6336269212506465,1.731358474287728e-07,6.202607228243133e-06,6.180050727375439,-0.10292416269559836,-0.0005194547811479796,124464.81819928391,-0.04666587214867101,-0.0464475582895258,2867.9699528366327,-16542855149.529331,-1040767323.6414541,-205884155.0817811,-16542401148.169773,-1910085451.3155274,16575561924.7215,16653583712.330797,-0.9947078483369833,0.0005167057941388708,0.10274253973856864,0.0005194547577869495,0.9999998650833682,0.0,0.10274252587689124,-5.3370101094314214e-05,0.9947079825396339,4698.688093883826,-545.421826110682,-0.1155624027140891,5.148948473786858e-09,150.07737377618645,0.0,-55.61606066427969,-3.7,0.0,2.957526527194663e-17,2.283000736090407,1.5707963267948966,19.88566339384581,461.0,0.02737110396315943,0.7709777672227375,0.0,0.057803385041667155,-1584.403494008697,-10.296376698694585,163.6551421252705,-0.08068070446990108,0.18417063893473049,-1.437624205440082,-0.08197120659141861,0.18359989545022445,-1.437624205440082,-1.8773095378749468e-17,1.1036386591117834e-19,1.067700681534118e-18,-1.8773407599772715e-17,-2.1386334877418054e-20,1.067700681534118e-18,-1584.4854652152883,-10.11277680324436,162.2175179198304,-1057581.6683818158,183.93876954916567,116392.00638203489,0.004825411576527006,4719.843557021332
99.16375142490193,2001.0,12.0,14.0,14.0,23.0,7.0,1.0,3502000.743736983,22711.856764331744,-360992.2260446648,265.44409766086426,-295.4706332849162,4696.466787617019,3520630.6856636847,4713.232834404269,3502073.8730976162,-1903.9272905612786,-360992.2260446648,3520630.6856636847,263.22575114842004,-545.5643760548837,4696.466787617019,4735.369950877917,20248037.518302556,0.8265412489256049,1.6336269146167954,1.7377590819732272e-07,6.228524957773089e-06,6.180258512961196,-0.10271676565889235,-0.0005436570363664061,124430.6856636852,-0.04657185989843654,-0.046353987275453375,2879.3384502381086,-16542853438.87585,-1040767105.8412247,-205886229.8488798,-16542396082.643599,-1910105584.783421,16575560203.767954,16653581015.497072,-0.9947291226422489,0.0005407915400823598,0.10253623804242137,0.0005436570095855915,0.9999998522185171,0.0,0.10253622288946405,-5.574454454829917e-05,0.9947292696448155,4698.733564085076,-545.421190905856,-0.11556116094369862,5.170494323032162e-09,150.001714159213,0.0,-55.50171415921301,-3.699142920393496,0.0,2.9573913840515025e-17,2.2829786655402278,1.5707963267948966,19.89078103902728,461.0,0.027486048685425726,0.7752401600591596,0.0,0.058045530096998574,-1584.4682588657142,-10.27590191331237,163.32969799848988,-0.08085041057628792,0.18490643972692072,-1.4436463584620256,-0.08214810272603254,0.18433358229403807,-1.4436463584620256,-1.885100321954906e-17,1.1107326411122827e-19,1.069963916603994e-18,-1.885131826559321e-17,-2.143134996237878e-20,1.069963916603994e-18,-1584.5504069684403,-10.091568331018333,161.88605164002786,-1057583.9747750126,184.09230775413158,116395.53654692047,0.004917327309704787,4719.840551073551
99.21343804942477,2001.0,12.0,14.0,14.0,23.0,7.0,1.0,3502013.9285153616,22697.175798902943,-360758.8740294308,265.27331354638926,-295.4717205873712,4696.484229982984,3520619.7866989025,4713.24066763258,3502086.9475800097,-1931.0345861185083,-360758.8740294308,3520619.7866989025,263.05199501501465,-545.5661165837985,4696.484229982984,4735.377795078717,20248023.359311078,0.8265411276632987,1.6336269124901264,1.7441362009524762e-07,6.236843591120666e-06,6.180324950563525,-0.1026504522754895,-0.0005513953306473473,124419.78669890249,-0.04654180029055297,-0.046324068747199514,2882.9780604988337,-16542852890.358206,-1040767036.0116929,-205886891.40863758,-16542394462.871574,-1910112013.429713,16575559651.948097,16653580152.061794,-0.9947359157643461,0.0005484927947670079,0.10247027395357997,0.0005513953027066014,0.9999998479815985,0.0,0.10247025837621271,-5.65016277250626e-05,0.9947360669825329,4698.748082847948,-545.4209880132906,-0.11556076443323994,5.1785323095594106e-09,149.97446674725623,0.0,-55.47446674725624,-3.712766626371883,0.0,2.9573428187235885e-17,2.2829707342202847,1.5707963267948966,19.892620791212675,461.0,0.02752890853567335,0.776606911783576,0.0,0.05813554295327729,-1584.4889397355967,-10.269354934245635,163.2256345860485,-0.08092164409001648,0.18518503278375545,-1.4458840153355315,-0.08222194286789133,0.1846113781985853,-1.4458840153355315,-1.887996606461335e-17,1.1132469048884001e-19,1.0709113209268887e-18,-1.8880282087010904e-17,-2.1450001383852615e-20,1.0709113209268887e-18,-1584.5711616784645,-10.08474355604705,161.77975057071296,-1057584.7143199146,184.2458459590975,116399.1333186907,0.0050092432142737585,4719.83749395024
99.31356154516752,2001.0,12.0,14.0,14.0,23.0,7.0,1.0,3502040.4713780116,22667.592027733754,-360288.64385222585,264.9291597583205,-295.47390937554843,4696.519343281803,3520597.8455067454,4713.256436120579,3502113.2677366673,-1985.6587481610534,-360288.64385222585,3520597.8455067454,262.70185230269703,-545.5696161157912,4696.519343281803,4735.393585653905,20247994.761076916,0.826540882737871,1.6336269081952028,1.7504900879369298e-07,6.253589688966143e-06,6.180458830167171,-0.10251682295958046,-0.0005669886675777595,124397.84550674539,-0.046481226600420804,-0.04626377934660783,2890.321240141988,-16542851782.468792,-1040766894.9791014,-205888221.83723298,-16542391198.39271,-1910124954.8419294,16575558537.389431,16653578410.169443,-0.9947495912395476,0.0005640118057492145,0.10233734713893937,0.0005669886371988711,0.9999998392619297,0.0,0.10233733068943167,-5.802411298885502e-05,0.9947497511337031,4698.7773104490725,-545.4205794567572,-0.11555996620445531,5.19471393877527e-09,149.9196137668635,0.0,-55.41961376686349,-3.740193116568255,0.0,2.95724503802834e-17,2.2829547654209015,1.5707963267948966,19.896325986458667,461.0,0.027615192824512934,0.7793675160583557,0.0,0.05831674972672397,-1584.5305742047087,-10.256161487879645,163.0159263973227,-0.08106443132387901,0.18574579617694978,-1.4503886781226294,-0.0823699842527344,0.18517053901060276,-1.4503886781226294,-1.893826915212294e-17,1.1183173644431855e-19,1.0728105627611283e-18,-1.8938587146556832e-17,-2.148738699512687e-20,1.0728105627611283e-18,-1584.6129441889614,-10.070990948869042,161.56553771920005,-1057586.2080508098,184.3993841640634,116402.79669734556,0.00510115929323285,4719.83438564325
99.51345242326717,2001.0,12.0,14.0,14.0,23.0,7.0,1.0,3502093.359627595,22608.52905242863,-359349.84548024903,264.2420491325653,-295.478270232606,4696.589305825531,3520554.12635288,4713.287852052341,3502165.7095728014,-2094.713833704212,-359349.84548024903,3520554.1263528797,262.0027850894736,-545.5765715180926,4696.589305825531,4735.425045587652,20247937.400789447,0.8265403914813955,1.6336268995827867,1.7568209949957745e-07,6.28714231780062e-06,6.1807261180690185,-0.10225003464065648,-0.0005981194945133653,124354.12635287968,-0.04636029232108852,-0.046143412635413515,2905.017223879695,-16542849560.354738,-1040766612.1405445,-205890867.2628106,-16542384679.145798,-1910150739.8585608,16575556301.900818,16653574924.653326,-0.9947768402018213,0.0005949954917677212,0.1020719558862507,0.0005981194588507971,0.9999998211265405,0.0,0.10207193762828684,-6.105122301852671e-05,0.994777018141028,4698.835545137194,-545.4197649648887,-0.11555837570160617,5.226956814751226e-09,149.81031588219923,0.0,-55.310315882199234,-3.7948420589003824,0.0,2.957050157561865e-17,2.282922939025469,1.5707963267948966,19.903714826620014,461.0,0.02778712432398918,0.7849047326306771,0.0,0.05867780673728795,-1584.6135369409687,-10.229818999060384,162.59721577102675,-0.08134648253133807,0.18686281360745416,-1.459364236108295,-0.08266253116240475,0.1862843720534278,-1.459364236108295,-1.9054428402309014e-17,1.128456042616144e-19,1.076562886369126e-18,-1.905475035214091e-17,-2.156123158800559e-20,1.076562886369126e-18,-1584.6961994721312,-10.043534627006956,161.13785153491847,-1057589.2040818483,184.55292236902932,116406.52668288504,0.005193075549581714,4719.831226144457
99.64057170290728,2001.0,12.0,14.0,14.0,23.0,7.0,1.0,3502126.9221118963,22570.967891760705,-358752.81561019446,263.80506692874764,-295.4810373002371,4696.633701582156,3520526.3825003156,4713.307785788937,3502198.986920181,-2164.067414286168,-358752.81561019446,3520526.382500316,261.55819914588216,-545.5809731250479,4696.633701582156,4735.445007242067,20247900.74009514,0.8265400775027003,1.6336268940799983,1.7568209949957745e-07,6.308473071690202e-06,6.180896101411207,-0.10208036893747967,-0.0006179166709086479,124326.38250031555,-0.04628338334498502,-0.046066864600646414,2914.3868911266327,-16542848140.141844,-1040766431.3980424,-205892542.20239294,-16542380532.005726,-1910167101.7857583,16575554873.141592,16653572702.617334,-0.9947941320163839,0.0006146999565301437,0.10190317487562878,0.0006179166315863872,0.9999998090895,0.0,0.10190315542124272,-6.296766656710709e-05,0.9947943219330653,4698.872498313468,-545.4192478065315,-0.1155573663917827,5.247122687271215e-09,149.7409562507889,0.0,-55.21143437618337,-3.829521874605543,0.0,2.9569264557055824e-17,2.282902736979235,1.5707963267948966,19.908407889388638,461.0,0.027894664683584418,0.7884438586678507,0.0,0.05890351787579633,-1584.6661869231514,-10.213064923024659,162.33091175865357,-0.08151911977568702,0.18755151458314925,-1.4649763015396038,-0.08284170670415379,0.1869710917275155,-1.4649763015396038,-1.9127028154931997e-17,1.1348497250408005e-19,1.0788589384888963e-18,-1.9127352614655427e-17,-2.160632268059296e-20,1.0788589384888963e-18,-1584.7490286298555,-10.026093831297143,160.86593545711398,-1057591.118944779,184.70646057399523,116410.32327530917,0.005284991986320528,4719.828015445765
99.78070961173975,2001.0,12.0,14.0,14.0,23.0,7.0,1.0,3502163.857446617,22529.55958369813,-358094.63576075516,263.32331532495834,-295.4840821786501,4696.6825571400805,3520495.850533136,4713.329720458624,3502235.6067961976,-2240.524329809061,-358094.63576075516,3520495.850533136,261.0680650587707,-545.5858060247392,4696.6825571400805,4735.466972630374,20247860.1627016,0.8265397299779699,1.6336268879913098,1.7694148550984163e-07,6.3321169078335485e-06,6.18108349623853,-0.10189332421734523,-0.0006397410898919671,124295.85053313663,-0.04619859645499534,-0.04598247561708964,2924.735938385129,-16542846568.204552,-1040766231.379245,-205894382.0233292,-16542375959.100592,-1910185107.0709448,16575553291.747005,16653570248.20965,-0.9948131614090177,0.0006364229429413362,0.10171710206859812,0.0006397410462543047,0.999999795365676,0.0,0.10171708125378769,-6.507260529932087e-05,0.9948133649819781,4698.913163196849,-545.4186784220723,-0.1155562556624167,5.2692583634759405e-09,149.66462633284158,0.0,-55.096939499262376,-3.867686833579207,0.0,2.9567902935696174e-17,2.2828805000149024,1.5707963267948966,19.91357631883547,461.0,0.028012713479804656,0.792361226472462,0.0,0.05915125069411493,-1584.72413014982,-10.194593447710714,162.03730986505659,-0.08170669767957263,0.1883053007265514,-1.4711361135171939,-0.08303646840629526,0.18772270944674854,-1.4711361135171939,-1.9206703036884706e-17,1.141895302012674e-19,1.0813538989788715e-18,-1.920703027134145e-17,-2.1655291661517058e-20,1.0813538989788715e-18,-1584.8071666182263,-10.006870738263965,160.5661737515394,-1057593.23839299,184.85999877896117,116414.18647461795,0.00537690860645021,4719.824753539101
99.91792664963464,2001.0,12.0,14.0,14.0,23.0,7.0,1.0,3502199.957527611,22489.013928971348,-357450.1676153602,262.85158767899605,-295.48705793088334,4696.73030611266,3520466.0090082036,4713.351156757487,3502271.3968553063,-2315.38832156084,-357450.1676153602,3520466.0090082036,260.5881296202922,-545.5905183899737,4696.73030611266,4735.488438948317,20247820.26644554,0.8265393882851387,1.6336268820068538,1.7756782901008428e-07,6.3552884742861365e-06,6.181266988302874,-0.10171017490143579,-0.0006611103829112895,124266.00900820363,-0.046115575285123375,-0.045899844060277604,2934.889225587249,-16542845022.660223,-1040766034.7520635,-205896176.74814147,-16542371480.453184,-1910202704.2406037,16575551736.906263,16653567840.08155,-0.9948317603106122,0.0006576937018099879,0.10153490097638015,0.000661110334753042,0.9999997814665388,0.0,0.10153487878760681,-6.712577237361166e-05,0.9948319777146876,4698.952906562,-545.4181216545834,-0.11555517006183962,5.290893469052358e-09,149.5900225205091,0.0,-54.98503378076366,-3.904988739745446,0.0,2.9566571813071146e-17,2.282858761132705,1.5707963267948966,19.918631660274322,461.0,0.0281280957277682,0.7962129669451702,0.0,0.05939337518182321,-1584.7807652821632,-10.176505378623988,161.74980213968604,-0.08188849625549632,0.18904173420195794,-1.4771564595171778,-0.08322530394645412,0.18845702924563593,-1.4771564595171778,-1.928456773171756e-17,1.148803696791423e-19,1.0837724240266298e-18,-1.9284897694550277e-17,-2.170274796363438e-20,1.0837724240266298e-18,-1584.8639905861096,-9.988048349378351,160.27264568016886,-1057595.3222721498,185.01353698392708,116418.11628081134,0.005468825412972129,4719.821440416425
99.96723953839893,2001.0,12.0,14.0,14.0,23.0,7.0,1.0,3502212.915318643,22474.44258221478,-357218.55785359273,262.6820546545728,-295.4881259860232,4696.747444752614,3520455.297666637,4713.358850567872,3502284.2429559533,-2342.2930077538804,-357218.55785359273,3520455.2976666368,260.415646883893,-545.5922071291068,4696.747444752614,4735.496143532605,20247805.890223503,0.8265392651590887,1.6336268798508213,1.7756782901008428e-07,6.363633310660593e-06,6.181332932196503,-0.10164435417039738,-0.0006687899942000829,124255.29766663676,-0.04608573888323999,-0.04587014767707121,2938.542668670416,-16542844465.740164,-1040765963.9062651,-205896820.10584813,-16542369870.723091,-1910209020.3590257,16575551176.63676,16653566973.528458,-0.9948384361753642,0.0006653380911572307,0.10146942018845057,0.000668789944344013,0.9999997763599802,0.0,0.10146939749582742,-6.786172788045311e-05,0.9948386586611015,4698.967171625335,-545.417921746869,-0.1155547803980876,5.2978015555754895e-09,149.56732814808169,0.0,-54.967328148081705,-3.9,0.0,2.9566165529121136e-17,2.2828521260122714,1.5707963267948966,19.920175174525877,461.0,0.02816495332152996,0.797600926932361,0.0,0.05947118320228417,-1584.8010944783348,-10.170004526650509,161.64647185730527,-0.0819411037907414,0.18928337333020367,-1.479091018387101,-0.08328028111552518,0.1886979986301535,-1.479091018387101,-1.93096058178854e-17,1.1511108757600667e-19,1.084476215124947e-18,-1.9309936710992963e-17,-2.1716860796065665e-20,1.084476215124947e-18,-1584.8843747594503,-9.981306528020355,160.16738083891818,-1057596.0731794424,185.167075188893,116422.11269388936,0.005560742408888436,4719.818076069717
100.05357623078928,2001.0,12.0,14.0,14.0,23.0,8.0,1.0,3502235.5816051,22448.931034113244,-356813.05491982383,262.38523206328034,-295.489994191878,4696.77742384242,3520436.5609575477,4713.372308208663,3502306.713345324,-2389.397761737223,-356813.05491982383,3520436.560957548,260.113659948453,-545.5951576728053,4696.77742384242,4735.509620018064,20247780.673666395,0.8265390491897853,1.6336268760694281,1.7756782901008428e-07,6.378254019407071e-06,6.18144838729306,-0.10152911468967103,-0.0006822353341931586,124236.56095754774,-0.046033501046490524,-0.04581815498419544,2944.9445735663176,-16542843488.878807,-1040765839.6460378,-205897944.4226036,-16542367052.244648,-1910220068.4892883,16575550193.900736,16653565455.023916,-0.9948501138144944,0.0006787220051729363,0.10135477482450976,0.0006822352812693165,0.9999997672774834,0.0,0.10135475123697149,-6.914780331038766e-05,0.9948503453385704,4698.992124092096,-545.4175719845703,-0.11555409878583764,5.310292694968165e-09,149.52569101677278,0.0,-54.92569101677278,-3.9,0.0,2.956542078395376e-17,2.282839963400686,1.5707963267948966,19.923005178891078,461.0,0.02823159149173504,0.8000354909313533,0.0,0.059611609695253975,-1584.8366558048585,-10.158622387758488,161.46555408116794,-0.08203852113803863,0.18971675766140847,-1.4825825279351692,-0.08338192434614974,0.1891301715232315,-1.4825825279351692,-1.9354783414170152e-17,1.155237540725116e-19,1.085777398539166e-18,-1.935511596449185e-17,-2.1742774978877277e-20,1.085777398539166e-18,-1584.9200377292048,-9.969492216235256,159.98297155323277,-1057597.390308082,185.3206133938589,116426.17571385203,0.005652659597201768,4719.814660490994
100.22347529359152,2001.0,12.0,14.0,14.0,23.0,8.0,1.0,3502280.1109892013,22398.727249153417,-356015.0718324115,261.801105419054,-295.4936641105159,4696.836317832301,3520399.751474931,4713.398744095027,3502350.85592813,-2482.0943594376613,-356015.0718324115,3520399.75147493,259.51937053949905,-545.6009413108229,4696.836317832301,4735.536092920522,20247730.87823942,0.8265386227107363,1.6336268686036481,1.788139343261721e-07,6.407066125431794e-06,6.181675590995083,-0.10130233523057372,-0.0007086936877540838,124199.75147492997,-0.04593070228603548,-0.04571583863422473,2957.562715947628,-16542841559.867392,-1040765594.2913916,-205900149.24429744,-16542361505.258806,-1910241772.2293732,16575548253.290003,16653562461.84273,-0.9948730551014162,0.0007050603723050903,0.10112916059696148,0.0007086936284309025,0.999999748876639,0.0,0.10112913520106677,-7.166959176363208e-05,0.9948733049373443,4699.041142778882,-545.416884573325,-0.11555275972625086,5.334832350046682e-09,149.44389216651106,0.0,-54.84389216651106,-3.9,0.0,2.9563957422808046e-17,2.282816064899555,1.5707963267948966,19.92856831646063,461.0,0.028362509629780926,0.8048431146513971,0.0,0.059887489448330146,-1584.906520860478,-10.136222047108552,161.1095032351455,-0.08222827162543199,0.19056798825667023,-1.4894418776053069,-0.08357999486135842,0.18997902847860743,-1.4894418776053069,-1.944353272502793e-17,1.163368570367516e-19,1.0883124715704547e-18,-1.9443868548911868e-17,-2.179325980856207e-20,1.0883124715704547e-18,-1584.9901008553393,-9.946243018629945,159.62006135754018,-1057599.9912668746,185.47415159882482,116430.30534069933,0.005744576980915475,4719.811193672295
100.34374025163974,2001.0,12.0,14.0,14.0,23.0,8.0,1.0,3502311.5716237403,22363.189560092367,-355450.20450702927,261.3876092248564,-295.49625672360776,4696.877925748941,3520373.745053349,4713.417419387087,3502382.0417173356,-2547.7112789981497,-355450.20450702927,3520373.745053349,259.0986804976802,-545.6050171764226,4696.877925748941,4735.5547943605725,20247695.490794912,0.8265383196290347,1.633626863299212,1.794337418495463e-07,6.427515309875098e-06,6.181836422497286,-0.10114180398504195,-0.0007274223083843989,124173.74505334906,-0.04585793368179214,-0.04564341150977415,2966.5106690227985,-16542840189.009207,-1040765419.9483458,-205901703.80292866,-16542357578.252064,-1910257105.3989036,16575546874.18992,16653560339.071926,-0.9948892632887929,0.0007237047721362156,0.10096945104379611,0.0007274222442326375,0.9999997354284043,0.0,0.10096942433014733,-7.344742467721558e-05,0.9948895265083025,4699.075773513617,-545.4163986811873,-0.11555181367124777,5.352769396821342e-09,149.38436263337266,0.0,-54.77654395005897,-3.9078186833136748,0.0,2.956289285879093e-17,2.282798679249785,1.5707963267948966,19.932617396157355,461.0,0.028458194133338527,0.8082597389881936,0.0,0.06008890653693387,-1584.9558835257042,-10.120364263090437,160.85744555063675,-0.08236982645209211,0.19118721417721213,-1.4944498762746137,-0.08372756988166738,0.1905965194233658,-1.4944498762746137,-1.9508322650001367e-17,1.1692596922646254e-19,1.0902017707243756e-18,-1.950866083865837e-17,-2.1830735974072e-20,1.0902017707243756e-18,-1585.0396110955858,-9.929767743667071,159.36299567436214,-1057601.839662956,185.62768980379073,116434.50157443125,0.005836494563033411,4719.807675605693
100.41182332288882,2001.0,12.0,14.0,14.0,23.0,8.0,1.0,3502329.3597262157,22343.071217486355,-355130.42583161796,261.1535195969195,-295.49772251613837,4696.901450601372,3520359.040805784,4713.427977753702,3502399.6738438793,-2584.8578226035033,-355130.42583161796,3520359.040805784,258.8605183607179,-545.6073178862398,4696.901450601372,4735.565367509804,20247675.40207978,0.8265381475752798,1.633626860288595,1.794337418495463e-07,6.4391295279559605e-06,6.181927471682295,-0.1010509247577926,-0.0007380246670875999,124159.04080578405,-0.04581673822777457,-0.04560240937056306,2971.582871928811,-16542839410.803717,-1040765320.987553,-205902581.59437197,-16542355354.779524,-1910265774.5757523,16575546091.306307,16653559135.705061,-0.9948984274746606,0.0007342597140352617,0.10087903583559796,0.0007380246000896721,0.9999997276598077,0.0,0.10087900836218194,-7.445121007999888e-05,0.9948986984255634,4699.09535335784,-545.4161238648958,-0.11555127876742126,5.3639813855896575e-09,149.34760201446014,0.0,-54.72140302169021,-3.9261989927699306,0.0,2.95622364565669e-17,2.282787959387952,1.5707963267948966,19.93511487515364,461.0,0.028517985117813074,0.8101993209459301,0.0,0.06021439729917532,-1584.9837943255934,-10.111386496770487,160.71474496021207,-0.0824650660716608,0.19156932215039302,-1.497570170259408,-0.08382644648820706,0.19097753580074334,-1.497570170259408,-1.954868698535982e-17,1.1728252100416623e-19,1.0914690539192798e-18,-1.954902658376754e-17,-2.1855627639426465e-20,1.0914690539192798e-18,-1585.0676207720817,-9.920408960969745,159.21717478995265,-1057602.8889617827,185.78122800875664,116438.76441504783,0.0059284123465601305,4719.8041062832835
100.54020563324575,2001.0,12.0,14.0,14.0,23.0,8.0,1.0,3502362.8588828756,22305.13435991755,-354527.4239271094,260.712092199109,-295.5004827596129,4696.945752158809,3520331.349264929,4713.447860012104,3502432.8781267917,-2654.904428459232,-354527.4239271094,3520331.349264929,258.41141153429066,-545.6116431362656,4696.945752158809,4735.585277603993,20247637.40816311,0.8265378221677419,1.6336268545959414,1.8005141576520485e-07,6.461006714952092e-06,6.182099162559547,-0.10087955432306876,-0.0007580170733736928,124131.34926492907,-0.04573905616083358,-0.045525091831947556,2981.1611634641886,-16542837938.982704,-1040765133.8449842,-205904232.38337675,-16542351161.183607,-1910282100.0083919,16575544610.638947,16653556863.158047,-0.9949156856663862,0.0007541632207472728,0.10070853813267813,0.0007580170007822045,0.999999712705072,0.0,0.10070850919962593,-7.633878402849295e-05,0.9949159715006985,4699.132225440339,-545.4156061416687,-0.11555027142530759,5.385096185491583e-09,149.27837316232268,0.0,-54.617559743484016,-3.9608134188386606,0.0,2.9561000106251205e-17,2.282767768255022,1.5707963267948966,19.939820695456998,461.0,0.02863058757924816,0.8138677501116559,0.0,0.060450721559207415,-1585.0363583428643,-10.094456332108539,160.44564186971198,-0.08264336463847172,0.19228871061675704,-1.5034462981133918,-0.08401160512530928,0.19169487252843107,-1.5034462981133918,-1.962469669338894e-17,1.1795551818376791e-19,1.0938418494338584e-18,-1.962503895803303e-17,-2.1902225150122445e-20,1.0938418494338584e-18,-1585.1203699479897,-9.902761459580107,158.94219557159857,-1057604.8735131267,185.93476621372255,116443.09386254902,0.006020330334500694,4719.8004856971975
100.80090327438214,2001.0,12.0,14.0,14.0,23.0,8.0,1.0,3502430.7090641405,22228.097351959485,-353302.92954555864,259.8156690381704,-295.50607268377445,4697.035476816572,3520275.261983486,4713.488123602755,3502500.126493353,-2797.145236377701,-353302.92954555864,3520275.261983486,257.4993941994439,-545.6203733224158,4697.035476816572,4735.625597560585,20247559.799766775,0.8265371574682746,1.6336268429731735,1.818918528517145e-07,6.505649702812136e-06,6.182447812207338,-0.10053155520860378,-0.0007986137161171488,124075.26198348543,-0.04558130832151196,-0.04536808421696678,3000.666605889797,-16542834932.579113,-1040764751.6675365,-205907566.72362542,-16542342642.020678,-1910315163.375257,16575541586.170944,16653552234.74773,-0.9949506404564176,0.0007945813972517762,0.10036230216454478,0.0007986136312266607,0.9999996811080831,0.0,0.10036227015981786,-8.015070256989446e-05,0.9949509577382357,4699.206901812011,-545.4145568022489,-0.11554823115220618,5.427862737592354e-09,149.1690774793568,0.0,-54.438154958713596,-4.030922520643203,0.0,2.9559037868624946e-17,2.28273572248268,1.5707963267948966,19.9472941125625,461.0,0.028858671664376064,0.8213614259530514,0.0,0.06092946359949699,-1585.142828876859,-10.06007314458766,159.89912483949513,-0.0830006216688026,0.19375583675998814,-1.5153546541641478,-0.0843828778614187,0.19315785616897846,-1.5153546541641478,-1.977902017198673e-17,1.1932705977753576e-19,1.0986149546016807e-18,-1.9779367888965687e-17,-2.199599977414774e-20,1.0986149546016807e-18,-1585.2272117547204,-9.866915288418681,158.38377018533097,-1057608.9272864684,186.08830441868847,116447.48991693486,0.00611224852986085,4719.796813839594
101.0499194094156,2001.0,12.0,14.0,14.0,23.0,9.0,1.0,3502495.3007406294,22154.510909240962,-352133.2812881593,258.9593570627121,-295.51139319567,4697.120886132929,3520221.8682711725,4713.526445355427,3502564.1395254284,-2933.014544104836,-352133.2812881593,3520221.868271173,256.6281867367519,-545.6286462131026,4697.120886132929,4735.663972954831,20247485.09848059,0.8265365176616267,1.6336268317904037,1.8250120749944311e-07,6.548411883234372e-06,6.182780849458145,-0.1001991391374643,-0.0008373904778619233,124021.86827117251,-0.04543062408302339,-0.0452181070347769,3019.3698288202286,-16542832038.814009,-1040764383.8842465,-205910729.4302825,-16542334500.251741,-1910346635.5196939,16575538675.022974,16653547796.627449,-0.9949839159557246,0.0008331902515977715,0.10003155893724863,0.0008373903799957091,0.9999996493886143,0.0,0.10003152386504514,-8.37654651500258e-05,0.9949842648085364,4699.277985029143,-545.4135569346778,-0.11554628889508156,5.46857544323096e-09,149.10233533896564,0.0,-54.30467067793128,-4.09766466103436,0.0,2.955782410805216e-17,2.2827159002682484,1.5707963267948966,19.951919760850974,461.0,0.02907582148361426,0.8285747446760965,0.0,0.06138531695186023,-1585.2441934078408,-10.027225381070016,159.3770131110997,-0.08333586551718232,0.19516486031579133,-1.526699318025746,-0.08473161476348488,0.19456295290510123,-1.526699318025746,-1.992638882565147e-17,1.2064325881272928e-19,1.1031171392344872e-18,-1.9926741798443572e-17,-2.2084499238889098e-20,1.1031171392344872e-18,-1585.3289250226044,-9.832662428164914,157.85031379307395,-1057612.8292400576,186.24184262365438,116451.95257820532,0.006204166935646851,4719.793090702661
101.10741546235482,2001.0,12.0,14.0,14.0,23.0,9.0,1.0,3502510.184197362,22137.52013529045,-351863.2148112404,258.761632920881,-295.512619036357,4697.140565597766,3520209.5650886013,4713.535274469229,3502578.8888501963,-2964.3860922963413,-351863.2148112404,3520209.5650886013,256.42702332394936,-545.6305471870862,4697.140565597766,4735.672814426537,20247467.772390265,0.8265363692651174,1.6336268291973708,1.8310853432781287e-07,6.558339449202986e-06,6.18285774679008,-0.10012238520290909,-0.000846343645232001,124009.56508860132,-0.04539583149164602,-0.045183477697703034,3023.697788193822,-16542831367.642078,-1040764298.5927024,-205911456.59868336,-16542332619.815847,-1910353886.9876387,16575537999.820005,16653546769.56566,-0.994991583338317,0.0008421050046836429,0.09995518968552776,0.0008463435441930225,0.9999996418512385,0.0,0.09995515388670037,-8.459642949893541e-05,0.994991939693448,4699.294363350072,-545.4133264144347,-0.11554584135736937,5.4771884945190886e-09,149.07681130800293,0.0,-54.26521696200441,-4.11159434599853,0.0,2.955736632109948e-17,2.282708424039951,1.5707963267948966,19.953664964695815,461.0,0.029121772861659942,0.8302478452661288,0.0,0.06148174041208984,-1585.2675512051655,-10.019640340508841,159.25644967990792,-0.08340062843187868,0.19545895765922508,-1.5290975401070623,-0.08479927664591014,0.19485623323977458,-1.5290975401070623,-1.995742810284069e-17,1.2092994535811748e-19,1.1039837828868911e-18,-1.9957782242933962e-17,-2.210147889729758e-20,1.1039837828868911e-18,-1585.3523504818115,-9.824784107269068,157.72735213980084,-1057613.7342567071,186.3953808286203,116456.48184636043,0.006296085554865624,4719.789316278624
101.16592595139267,2001.0,12.0,14.0,14.0,23.0,9.0,1.0,3502525.318580448,22120.22951096334,-351588.38223416585,258.5604172195622,-295.5138654969304,4697.160576537793,3520197.054480434,4713.544252028884,3502593.886531741,-2996.311258954951,-351588.38223416585,3520197.054480434,256.2223076671986,-545.63247816995,4697.160576537793,4735.681804551593,20247450.113040153,0.8265362180139432,1.6336268265547773,1.8310853432781287e-07,6.568421036711061e-06,6.182936001406609,-0.10004427650449485,-0.000855454735866869,123997.05448043393,-0.04536042477548391,-0.0451482371162755,3028.1050342172384,-16542830683.56157,-1040764211.665923,-205912195.41479105,-16542330706.084196,-1910361260.5459719,16575537311.631254,16653545723.583052,-0.9949993799562192,0.0008511771393994288,0.09987747185535292,0.0008554546315295103,0.9999996340986198,0.0,0.09987743531004813,-8.544064588411997e-05,0.9949997440279988,4699.311017463883,-545.4130919624781,-0.11554538627626643,5.485806913478847e-09,149.04900995651985,0.0,-54.22351493477977,-4.1254950217400745,0.0,2.955686835789912e-17,2.282700291683737,1.5707963267948966,19.955563688843693,461.0,0.02916775545840708,0.8319531482898969,0.0,0.06157822052362045,-1585.2913031859493,-10.011921193597484,159.13375463705114,-0.08346408103318748,0.1957524202519745,-1.53149688324262,-0.08486564012121096,0.1951488815854122,-1.53149688324262,-1.9988458667396137e-17,1.2121862873556435e-19,1.104832267314923e-18,-1.9988813987935055e-17,-2.211808961535267e-20,1.104832267314923e-18,-1585.3761688260706,-9.816772312012072,157.60225775380852,-1057614.656682551,186.54891903358623,116461.07772140016,0.006388004390524627,4719.78549055973
101.25619731946134,2001.0,12.0,14.0,14.0,23.0,9.0,1.0,3502548.645170889,22093.5529833144,-351164.36173051456,258.2499709442061,-295.5157865721503,4697.191418752514,3520177.771906052,4713.558088324392,3502617.0018141093,-3045.5663834372517,-351164.36173051456,3520177.771906052,255.90646157104007,-545.6354503504416,4697.191418752514,4735.695660212467,20247422.81422051,0.8265359842007044,1.633626822470378,1.8371385344770506e-07,6.583986637383976e-06,6.183056735551305,-0.09992376746796863,-0.0008695114579544831,123977.77190605132,-0.04530579794336678,-0.04509386660079674,3034.9100782722235,-16542829626.073492,-1040764077.3008898,-205913332.94137728,-16542327753.338203,-1910372625.0732899,16575536247.793133,16653544108.272444,-0.9950113968015786,0.0008651740283526037,0.09975756466991481,0.0008695113483887723,0.9999996219749361,0.0,0.09975752695905506,-8.674033456811777e-05,0.9950117729409677,4699.336685756723,-545.4127305141036,-0.11554468486448016,5.499090464720205e-09,149.00615979122514,0.0,-54.159239686837715,-4.146920104387427,0.0,2.955610076969291e-17,2.282687756017017,1.5707963267948966,19.95849121877292,461.0,0.029238629305002917,0.8345893444973871,0.0,0.06172692350224194,-1585.32791281998,-10.000011359187438,158.94444903900407,-0.08356136244006353,0.19620464564635362,-1.535194943284842,-0.08496741342925272,0.19559985409297548,-1.535194943284842,-2.0036283660413432e-17,1.2166432559217742e-19,1.1061333117453292e-18,-2.0036640806073307e-17,-2.214355594898414e-20,1.1061333117453292e-18,-1585.4128802334092,-9.804411505094462,157.40925409571923,-1057616.0826236196,186.70245723855214,116465.74020332453,0.006479923445631914,4719.781613538264
101.48251007910234,2001.0,12.0,14.0,14.0,23.0,9.0,1.0,3502607.0023624753,22026.673446072655,-350101.3186427883,257.4716421762694,-295.5205921183774,4697.268574864859,3520129.5318009485,4713.592698919147,3502674.8271077652,-3169.051487917758,-350101.3186427883,3520129.531800949,255.11459527166244,-545.6428644155216,4697.268574864859,4735.7303192455065,20247354.086318925,0.8265353955456799,1.633626812190907,1.8491854736195318e-07,6.623126141145131e-06,6.1833594250079,-0.09962164226763193,-0.0009047515911809293,123929.53180094855,-0.04516884427243106,-0.04495755552281308,3052.000305816531,-16542826963.737896,-1040763739.0799744,-205916172.30622703,-16542320349.55314,-1910401054.4914875,16575533569.474215,16653540050.27938,-0.9950414595441739,0.0009002655894586999,0.09945694199033393,0.0009047514677463621,0.999999590712307,0.0,0.0994569012838316,-8.998381424331943e-05,0.9950418668025639,4699.400897750702,-545.4118257860969,-0.11554293013010151,5.532362854264877e-09,148.89882950237137,0.0,-53.99824425355705,-4.2,0.0,2.9554177757140596e-17,2.2826563508387454,1.5707963267948966,19.96582935452713,461.0,0.029416157141387202,0.8412264956124857,0.0,0.06209939742107636,-1585.4195048424776,-9.970150143777257,158.4698080238425,-0.0838026107917351,0.19733692280453644,-1.544457884716185,-0.08521993802113136,0.19672900355857328,-1.544457884716185,-2.015606666420631e-17,1.2278424124775713e-19,1.1093606961023243e-18,-2.0156428408908947e-17,-2.2206718715072264e-20,1.1093606961023243e-18,-1585.5047247804987,-9.773421140218684,156.9253501391263,-1057619.6726104282,186.85599544351805,116470.46929213352,0.006571842723196097,4719.7776852065435
101.54094026094356,2001.0,12.0,14.0,14.0,23.0,9.0,1.0,3502622.040606331,22009.406087957148,-349826.85580487555,257.2706833444639,-295.52183035671686,4697.288456680556,3520117.100657296,4713.601616809625,3502689.72752683,-3200.933555393483,-349826.85580487555,3520117.1006572964,254.91014126706168,-545.6447699457433,4697.288456680556,4735.739249616086,20247336.273002435,0.8265352429736784,1.6336268095274555,1.8491854736195318e-07,6.633276634673511e-06,6.183437575698439,-0.09954363723546164,-0.0009138499020286454,123917.10065729637,-0.04513348448565261,-0.04492236164287104,3056.4199637919664,-16542826273.700178,-1040763651.4320161,-205916902.4968453,-16542318437.677574,-1910408380.1429036,16575532875.29473,16653539000.560257,-0.9950492064234988,0.0009093258729363822,0.09937932341499488,0.0009138497748326787,0.9999995824392074,0.0,0.09937928191808583,-9.081777232581702e-05,0.9950496219172076,4699.417443891297,-545.4115925306812,-0.11554247795168068,5.5419969905953146e-09,148.86775164324092,0.0,-53.95162746486138,-4.2,0.0,2.9553622049670514e-17,2.2826472754470415,1.5707963267948966,19.96795094863545,461.0,0.02946754172115036,0.8429468003436188,0.0,0.06220761728075273,-1585.4431084067583,-9.962439794456634,158.34725278421243,-0.0838808239014313,0.19766516687978763,-1.5471488016617494,-0.08530132639439318,0.19705632324631053,-1.5471488016617494,-2.0190862266652245e-17,1.2309744613371273e-19,1.1104027211826011e-18,-2.0191225272207493e-17,-2.2227441045929443e-20,1.1104027211826011e-18,-1585.5284097331526,-9.765383471210322,156.80010398255067,-1057620.603089068,187.00953364848397,116475.26498782718,0.006663762226226445,4719.773705556914
101.64930222518207,2001.0,12.0,14.0,14.0,23.0,9.0,1.0,3502649.8987699603,21977.38263762462,-349317.84640492377,256.8979862709308,-295.5241240412057,4697.325286577542,3520094.0721119638,4713.618135908038,3502717.3295462816,-3260.06088552666,-349317.84640492377,3520094.0721119633,254.53096219639946,-545.6482944411646,4697.325286577542,4735.755791831328,20247303.15566021,0.8265349593210061,1.6336268045767794,1.855179607568495e-07,6.652079305949986e-06,6.1835825118496475,-0.09939897118661295,-0.0009307231036571272,123894.0721119633,-0.045067907144148434,-0.04485709198471427,3064.625728830695,-16542824990.830326,-1040763488.5001218,-205918253.54207408,-16542314891.368929,-1910421950.3424273,16575531584.725864,16653537051.350328,-0.9950635573340639,0.0009261289098364095,0.09923537247836739,0.0009307229692846837,0.9999995668772834,0.0,0.09923532949727328,-9.236064053113768e-05,0.9950639883188818,4699.44809441978,-545.4111602955827,-0.11554164030143343,5.559844113228446e-09,148.81018027990822,0.0,-53.86527041986236,-4.2,0.0,2.9552592474587274e-17,2.282630461209925,1.5707963267948966,19.97188291685184,461.0,0.029562732480842888,0.8461451126553283,0.0,0.06240809400837497,-1585.4868347343113,-9.948139791564346,158.1199556390842,-0.08402495004542901,0.1982730918977782,-1.5521337039389551,-0.08545134252336072,0.1976625388428392,-1.5521337039389551,-2.0255317802679338e-17,1.2367876770342214e-19,1.112323141890221e-18,-2.0255683152311935e-17,-2.2265629691667005e-20,1.112323141890221e-18,-1585.5722860768346,-9.750477252721506,156.56782193514525,-1057622.3329778928,187.16307185344988,116480.12729040543,0.006755681957732694,4719.76967458176
101.86209322465147,2001.0,12.0,14.0,14.0,23.0,9.0,1.0,3502704.4864795506,21914.497285459118,-348318.2901795835,256.16608895086677,-295.5286179663324,4697.397450766374,3520048.947964911,4713.650500369316,3502771.4122201707,-3376.170664951342,-348318.2901795835,3520048.947964911,253.78633611174467,-545.6551799136263,4697.397450766374,4735.788201580602,20247237.813697275,0.8265343996585439,1.633626794812832,1.8611544365878127e-07,6.689077982009183e-06,6.183867129169714,-0.09911488415853195,-0.0009638566786468285,123848.94796491135,-0.044939129962968234,-0.04472891900324255,3080.7743740677834,-16542822459.682339,-1040763167.094714,-205920894.77004194,-16542307925.045748,-1910448539.148158,16575529038.391533,16653533214.386297,-0.9950916774169493,0.0009591260561598863,0.09895268370656067,0.0009638565294065288,0.9999995354901875,0.0,0.09895263774206811,-9.537619029286754e-05,0.9950921396470125,4699.50814994896,-545.4103128343055,-0.11553999895460627,5.594815327193702e-09,148.69736991227836,0.0,-53.696054868417576,-4.2,0.0,2.955057453150986e-17,2.282597505698526,1.5707963267948966,19.9795941213765,461.0,0.029749263002355385,0.8524556527210496,0.0,0.06280092839564594,-1585.5725197170118,-9.920056006254779,157.67356656988363,-0.08430448231682497,0.19946377390530254,-1.5619015980279436,-0.08574244578621887,0.19884988264982914,-1.5619015980279436,-2.0381606684818484e-17,1.2482206512160217e-19,1.1160487208192121e-18,-2.038197665929511e-17,-2.2339707430668068e-20,1.1160487208192121e-18,-1585.658262162798,-9.721206123604949,156.1116649718557,-1057625.746140711,187.3166100584158,116485.05619986834,0.0068476019207252565,4719.765592273492
101.8984885983255,2001.0,12.0,14.0,14.0,23.0,9.0,1.0,3502713.8074615193,21903.741397170776,-348147.326422281,256.04090264030094,-295.5293852462668,4697.409772511403,3520041.2429066435,4713.656026085752,3502780.6465505287,-3396.030010309532,-348147.326422281,3520041.242906644,253.6589726932308,-545.6563528680125,4697.409772511403,4735.793735028864,20247226.597160444,0.8265343035869931,1.6336267931372788,1.8611544365878127e-07,6.6954318257366315e-06,6.183915810297765,-0.09906629371872124,-0.0009695237266973266,123841.24290664401,-0.04491710381193855,-0.04470699619344028,3083.540924489498,-16542822025.189337,-1040763111.9312447,-205921344.95450127,-16542306733.236435,-1910453079.00977,16575528601.2922,16653532556.904715,-0.9950964789429959,0.0009647699489751684,0.0989043316250469,0.0009695235748091198,0.9999995300119086,0.0,0.09890428514118885,-9.589008116122216e-05,0.9950969466267107,4699.518404076404,-545.4101680620366,-0.11553971869306502,5.600227266386477e-09,148.68053979254225,0.0,-53.68053979254226,-4.2097301037288695,0.0,2.955027264733366e-17,2.282592575555788,1.5707963267948966,19.980748245768698,461.0,0.029778139937301246,0.8535389198169798,0.0,0.06286151513285546,-1585.587151138251,-9.91525223877159,157.59721114022753,-0.08434296389479837,0.19965125147988994,-1.563407934404168,-0.08578279345333022,0.19903685619349198,-1.563407934404168,-2.0401091655181542e-17,1.250052929357182e-19,1.1165646288784894e-18,-2.040146238711323e-17,-2.2349800539550143e-20,1.1165646288784894e-18,-1585.6729339317044,-9.716215382578097,156.03380320582335,-1057626.332043087,187.4701482633817,116490.05171621588,0.006939522118215007,4719.761458624561
101.96063307237752,2001.0,12.0,14.0,14.0,23.0,9.0,1.0,3502729.712346888,21885.3758382711,-347855.4077091651,255.82714648277124,-295.53069445263213,4697.430797469764,3520028.095357451,4713.665454533085,3502796.403296606,-3429.939599525631,-347855.4077091651,3520028.095357451,253.44149915872964,-545.6583524800736,4697.430797469764,4735.803176668612,20247207.42013706,0.8265341393322123,1.6336267902727108,1.867110146007193e-07,6.706267553916189e-06,6.183998932966258,-0.09898332588720755,-0.0009792000757027559,123828.09535745159,-0.04487949430822263,-0.04466956314307615,3088.2675022631884,-16542821282.333517,-1040763017.6201522,-205922112.58014014,-16542304698.13208,-1910460825.4618258,16575527853.980461,16653531433.540348,-0.9951046720099843,0.0009744068815954516,0.09882177024892216,0.0009791999192212402,0.9999995205836442,0.0,0.09882172287214919,-9.676626944504454e-05,0.9951051490796685,4699.535900924902,-545.4099209870312,-0.11553924046943868,5.609576634701091e-09,148.65132301655908,0.0,-53.65132301655909,-4.224338491720455,0.0,2.9549748727904625e-17,2.282584019302191,1.5707963267948966,19.982751553271417,461.0,0.029828024340560474,0.8553910310568243,0.0,0.06296622744861687,-1585.61211784602,-9.907049639158831,157.46683159071472,-0.084410203626549,0.19997435913714717,-1.5660113755876883,-0.08585324332166296,0.19935909159037496,-1.5660113755876883,-2.0434764758690788e-17,1.2532086620137105e-19,1.1174654549301258e-18,-2.043513679325684e-17,-2.2367463357331287e-20,1.1174654549301258e-18,-1585.6979710893418,-9.707690547568456,155.90082021512703,-1057627.333767645,187.6236864683476,116495.11383944805,0.007031442553213489,4719.757273627446
102.056381447279,2001.0,12.0,14.0,14.0,23.0,10.0,1.0,3502754.1916132118,21857.079158046785,-347405.6347943869,255.49779756899306,-295.5327093481996,4697.463156345415,3520007.8599145394,4713.6799649615505,3502820.653866875,-3482.1856472350346,-347405.6347943869,3520007.859914539,253.10642273331814,-545.6614254901375,4697.463156345415,4735.81770739958,20247177.811425224,0.8265338857273256,1.6336267858503535,1.8730469182098736e-07,6.723000345448068e-06,6.184127004440245,-0.09885549295620155,-0.0009941087038808057,123807.85991453892,-0.04482154733336766,-0.044611888036727894,3095.556633710861,-16542820135.390554,-1040762872.0143872,-205923292.68665266,-16542301562.285606,-1910472747.6728296,16575526700.15817,16653529700.927317,-0.9951172819119553,0.000989255077208713,0.09869456223396657,0.0009941085401424755,0.9999995058739831,0.0,0.09869451346641564,-9.81131071824092e-05,0.9951177736255371,4699.562829615252,-545.4095406082266,-0.11553850443740489,5.6239662829945435e-09,148.60635536564206,0.0,-53.60635536564205,-4.246822317178974,0.0,2.9548942274646155e-17,2.2825708489209995,1.5707963267948966,19.9858359941839,461.0,0.02990480271208016,0.8582506798584602,0.0,0.06312738903894137,-1585.6505450333143,-9.894410964599087,157.2659410352917,-0.08451309565852995,0.200471587401782,-1.570018297148285,-0.08596108260035235,0.19985497985127504,-1.570018297148285,-2.0486588578403887e-17,1.2580743082934157e-19,1.1188441808605147e-18,-2.04869626244878e-17,-2.2394492188111557e-20,1.1188441808605147e-18,-1585.7365061159146,-9.694555984747812,155.6959227381434,-1057628.880402103,187.77722467331353,116500.24256956486,0.007123363228732699,4719.753037274666
102.24473199724056,2001.0,12.0,14.0,14.0,23.0,10.0,1.0,3502802.253748212,21801.41503705551,-346520.8590404235,254.8498985002393,-295.53666497008345,4697.526686611529,3519968.1300135776,4713.708451159736,3502868.2645240524,-3584.961844034828,-346520.8590404235,3519968.1300135776,252.44725681999753,-545.6674426797166,4697.526686611529,4735.84623345227,20247119.34641152,0.8265333849594307,1.6336267771197173,1.8789649326977893e-07,6.755930787844362e-06,6.1843789432890555,-0.09860402328429407,-0.0010234357451256873,123768.13001357764,-0.0447075554516085,-0.04449843095880375,3109.9190869927406,-16542817870.659903,-1040762584.5317937,-205925604.92060414,-16542295392.582012,-1910496154.1634457,16575524421.84547,16653526286.20363,-0.995142039683905,0.001018464290476687,0.09844431717598728,0.0010234355664643952,0.9999994762896836,0.0,0.09844426561968278,-0.00010075141551420713,0.9951425608503305,4699.615698149963,-545.4087934067616,-0.11553705933883182,5.652218657011454e-09,148.5180666968392,0.0,-53.518066696839206,-4.290966651580397,0.0,2.95473585924392e-17,2.2825449854278186,1.5707963267948966,19.991895963122513,461.0,0.030055551839306117,0.8638974674179032,0.0,0.063443805370383,-1585.725995210641,-9.86954673779884,156.87072642343344,-0.08471300106826656,0.20144759659180694,-1.577885256571966,-0.08617072437893662,0.20082836697692102,-1.577885256571966,-2.058832941621084e-17,1.2676580067381548e-19,1.12152378022068e-18,-2.0588707435156152e-17,-2.244700823989121e-20,1.12152378022068e-18,-1585.81216593502,-9.668718370821919,155.29284116686148,-1057631.9343815818,187.93076287827944,116505.43790656631,0.007215284147785294,4719.748749558771
102.32829795839983,2001.0,12.0,14.0,14.0,23.0,10.0,1.0,3502823.5385138365,21776.718158386346,-346128.3045320299,254.56243360116355,-295.538416588645,4697.554820488338,3519950.535251676,4713.721065121895,3502889.3483017506,-3630.5611794592883,-346128.3045320299,3519950.5352516756,252.1547931227137,-545.6701005115865,4697.554820488338,4735.858865061364,20247093.312620405,0.8265331619721671,1.633626773232829,1.8848643661548996e-07,6.77057343197295e-06,6.1844907234130675,-0.09849245129030217,-0.001036447206420835,123750.53525167564,-0.04465697953371613,-0.04444809231873875,3116.301435261965,-16542816862.205608,-1040762456.5320593,-205926626.89354458,-16542292654.775331,-1910506519.365656,16575523407.344051,16653524768.42174,-0.9951530037768825,0.001031423920052247,0.09833328652366467,0.0010364470208583064,0.9999994628886423,0.0,0.09833323370773964,-0.0001019172418686585,0.9951535382851506,4699.639110291712,-545.4084623418507,-0.11553641936893744,5.66557179865949e-09,148.4763381291891,0.0,-53.46450719378364,-4.311830935405452,0.0,2.954661087938866e-17,2.2825327743470227,1.5707963267948966,19.994758409887496,461.0,0.030126787171965697,0.8664119882911935,0.0,0.06359329032873656,-1585.759410277399,-9.858514242847422,156.69536590698561,-0.08481310652291132,0.20190463941398687,-1.5816019989165124,-0.08627533180252481,0.20128416126790258,-1.5816019989165124,-2.0636388034597697e-17,1.272101157666142e-19,1.1228618137791579e-18,-2.063676787875484e-17,-2.2473238145660785e-20,1.1228618137791579e-18,-1585.8456856092014,-9.657230081579518,155.1137639080691,-1057633.294288827,188.08430108324535,116510.69985045237,0.007307205313384387,4719.744410472346
102.41299726716203,2001.0,12.0,14.0,14.0,23.0,10.0,1.0,3502845.087436669,21751.686183664933,-345730.42367922195,254.271063814814,-295.5401898352228,4697.583302772744,3519932.722125304,4713.733834678263,3502910.6930845305,-3676.7791736203267,-345730.42367922195,3519932.722125304,251.8583567374587,-545.6727869632804,4697.583302772744,4735.871652481732,20247066.8608912,0.8265329354044187,1.6336267692842938,1.8907453925087362e-07,6.785446271175644e-06,6.184604020647206,-0.09837936498648972,-0.0010496350451074125,123732.72212530393,-0.04460571715496367,-0.044397070435884506,3122.7775677144527,-16542815837.56409,-1040762326.4900973,-205927660.28101814,-16542289879.319984,-1910517012.8181572,16575522376.559122,16653523228.10368,-0.9951641038665945,0.0010445595026601306,0.09822074765976578,0.0010496348523710347,0.9999994491331866,0.0,0.09822069355321551,-0.0001030959199696309,0.9951646520697751,4699.662812186523,-545.4081270611586,-0.1155357714601827,5.679822299756855e-09,148.43180531325984,0.0,-53.397707969889744,-4.334097343370086,0.0,2.95458135808059e-17,2.2825197534730317,1.5707963267948966,19.997811615731248,461.0,0.03020279762004586,0.8689669271095655,0.0,0.06375276754332794,-1585.7932408280935,-9.847331544973247,156.51761791736834,-0.08492469458752477,0.20238891062049807,-1.5855673055908397,-0.0863916407994538,0.20176709169959917,-1.5855673055908397,-2.068765379658221e-17,1.2767698839297647e-19,1.1243503071192815e-18,-2.0688035543800278e-17,-2.2502423505883584e-20,1.1243503071192815e-18,-1585.879632468893,-9.645564453273648,154.9320506117775,-1057634.6760311648,188.2378392882113,116516.02840122307,0.007399126728543755,4719.740020008015
102.58671012382365,2001.0,12.0,14.0,14.0,23.0,10.0,1.0,3502889.2056846633,21700.346737540214,-344914.38799662876,253.67346355147703,-295.5438199448126,4697.641613659235,3519896.252362809,4713.7599754337,3502954.3913117363,-3771.570029288483,-344914.38799662876,3519896.25236281,251.25036518769855,-545.6782733087794,4697.641613659235,4735.897829804941,20247012.403491355,0.8265324689566226,1.633626761157763,1.8966081829902343e-07,6.815990504308921e-06,6.184836389516887,-0.09814742864987218,-0.0010766821804052723,123696.25236281008,-0.04450057961904337,-0.04429242614177734,3136.082652449608,-16542813728.09386,-1040762058.8086755,-205929771.9997703,-16542284185.319014,-1910538495.3832047,16575520254.443787,16653520062.77329,-0.9951868294300719,0.0010715003394650429,0.09798993017623664,0.0010766819723822985,0.9999994203777972,0.0,0.09798987337909745,-0.00010550399129575418,0.9951874062627885,4699.711335756667,-545.4074402827845,-0.11553444497360356,5.7089981097519485e-09,148.34063090702517,0.0,-53.260946360537744,-4.379684546487419,0.0,2.9544180903654965e-17,2.2824930898316933,1.5707963267948966,20.004066856979023,461.0,0.03035842145416084,0.8742270607692643,0.0,0.06407926625247909,-1585.8625063566344,-9.824394733968509,156.15303930798638,-0.08515120764470445,0.20338001189993898,-1.5936854826281424,-0.08662783907229687,0.2027554559104024,-1.5936854826281424,-2.0792602652575558e-17,1.2863564606106345e-19,1.127372473900593e-18,-2.0792988317425974e-17,-2.2561664758349977e-20,1.127372473900593e-18,-1585.9491341957066,-9.621639278058106,154.55935382535824,-1057637.5206994712,188.3913774931772,116521.42355887842,0.00749104839627756,4719.735578158432
102.76353718558418,2001.0,12.0,14.0,14.0,23.0,10.0,1.0,3502934.0082323793,21648.086266337974,-344083.7125975215,253.06512306077028,-295.54750587225703,4697.70082565259,3519859.2169211614,4713.786517447953,3502998.764454887,-3868.0612062851346,-344083.7125975215,3519859.216921162,250.63144710063344,-545.6838257036272,4697.70082565259,4735.924408945662,20246956.684187353,0.8265319916969777,1.6336267528464223,1.902452906191904e-07,6.847144372837043e-06,6.185072928962096,-0.09791132939664464,-0.0011042138162995312,123659.21692116186,-0.04439355493234796,-0.04418590353955641,3149.657710403204,-16542811569.751482,-1040761784.983209,-205931910.9749633,-16542278386.851797,-1910560309.445217,16575518083.16696,16653516832.071516,-0.9952099071504846,0.0010989249762291763,0.09775496444386012,0.0011042135919070743,0.9999993903559858,0.0,0.0977549048481312,-0.00010794236041530312,0.9952105138746172,4699.760608390387,-545.4067423803015,-0.11553309792787571,5.738886251555994e-09,148.24804230290465,0.0,-53.122063454356955,-4.425978848547683,0.0,2.9542522454557295e-17,2.282466005302524,1.5707963267948966,20.01042497471058,461.0,0.03051784558201897,0.8796092929076533,0.0,0.06441373484378625,-1585.9328496113726,-9.801044227587584,155.78188499760265,-0.08538241250753845,0.20439522567536658,-1.6020018154139393,-0.08686897399086242,0.20376787284129547,-1.6020018154139393,-2.0900111342662646e-17,1.2961891063053284e-19,1.1304577792472023e-18,-2.0900501033140726e-17,-2.262214340656452e-20,1.1304577792472023e-18,-1586.0197185853635,-9.597276354746288,154.17988318218872,-1057640.4313011672,188.54491569814311,116526.88532341839,0.007582970319600664,4719.731084916294
102.98154189878056,2001.0,12.0,14.0,14.0,23.0,10.0,1.0,3502989.095866573,21583.655022826428,-343059.58373588626,252.31508132459965,-295.55203727460247,4697.773625946509,3519813.679432094,4713.819146683464,3503053.32011477,-3987.023594443,-343059.58373588626,3519813.679432094,249.8683645381328,-545.6906262130592,4697.773625946509,4735.957083818684,20246887.589411635,0.8265313998662516,1.6336267425447486,1.9140888122715278e-07,6.885707112942312e-06,6.185364557937584,-0.09762024298124708,-0.0011381562050320258,123613.6794320941,-0.04426160424003518,-0.04405457185216829,3166.438043639064,-16542808893.309698,-1040761445.5064499,-205934533.365228,-16542271234.646738,-1910587128.8462465,16575515390.690847,16653512836.923212,-0.995238282237704,0.0011327371155300152,0.09746526804544875,0.001138155959304203,0.9999993523002964,0.0,0.09746520491722352,-0.000110930675651109,0.995238926853662,4699.821187270343,-545.4058836012616,-0.11553144166907921,5.775885461423539e-09,148.13419858023525,0.0,-52.951297870352896,-4.482900709882368,0.0,2.9540482664457476e-17,2.282432693002173,1.5707963267948966,20.018250791035317,461.0,0.03071520317090836,0.8862838603691153,0.0,0.06482777505330177,-1586.0193458623837,-9.772252634475915,155.32424500853668,-0.08566664437500117,0.2056516761775823,-1.6122966200509161,-0.08716551850987117,0.20502087273257666,-1.6122966200509161,-2.1033190225014806e-17,1.308389643946132e-19,1.134251636251296e-18,-2.1033584923761165e-17,-2.2696501696854318e-20,1.134251636251296e-18,-1586.1065113808936,-9.567231761743338,153.71194838848575,-1057644.0406178124,188.69845390310903,116532.41369484301,0.007674892501528357,4719.72654027433
103.0914841054411,2001.0,12.0,14.0,14.0,23.0,11.0,1.0,3503016.815148982,21551.161254509116,-342543.0981261017,251.93681137371286,-295.5543171229774,4697.810256014585,3519790.7656339128,4713.835562767438,3503080.7700382126,-4047.0182134457114,-342543.0981261017,3519790.7656339128,249.483517941593,-545.6940369911775,4697.810256014585,4735.9735228618065,20246852.57744925,0.8265310999697003,1.6336267373266724,1.9198803196437874e-07,6.9052051715927085e-06,6.185511632474988,-0.09747344200983854,-0.001155273508849518,123590.76563391276,-0.044195058693835006,-0.043988338477155615,3174.9186080545187,-16542807537.0984,-1040761273.5195264,-205935849.7293006,-16542267626.300098,-1910600622.9672508,16575514026.3567,16653510817.086674,-0.9952525599649698,0.001149789428667032,0.09731916495451395,0.0011552732518672454,0.9999993326716341,0.0,0.09731910001067463,-0.00011243022816600621,0.9952532241256775,4699.851667567851,-545.4054511990079,-0.11553060827296628,5.793669264396342e-09,148.0897395932364,0.0,-52.87947918647279,-4.5,0.0,2.9539681834436036e-17,2.2824196144554123,1.5707963267948966,20.021324966426533,461.0,0.030810083536587766,0.8896661318708416,0.0,0.06502711413203657,-1586.0628714430961,-9.75773126593062,155.09342902877071,-0.08579649886750039,0.20625969596772262,-1.6172550262082848,-0.08730141023749644,0.20562724811941321,-1.6172550262082848,-2.1097387875807205e-17,1.3143768098397912e-19,1.1359941885107225e-18,-2.1097785058051866e-17,-2.2730826706519314e-20,1.1359941885107225e-18,-1586.1501728533335,-9.552104017811207,153.47617400256243,-1057645.869553605,188.85199210807494,116538.00867315225,0.00776681494507655,4719.721944225306
103.13781827209397,2001.0,12.0,14.0,14.0,23.0,11.0,1.0,3503028.4847378465,21537.466969291967,-342325.42864557455,251.77738974215626,-295.55527686547225,4697.82567660141,3519781.1191131705,4713.842473333607,3503092.3258915585,-4072.302525115329,-342325.42864557455,3519781.1191131705,249.32132463885958,-545.6954706615318,4697.82567660141,4735.980443092611,20246837.790936746,0.826530973314778,1.6336267351232192,1.9198803196437874e-07,6.913432237283679e-06,6.1855736162932695,-0.0974115734725923,-0.0011624874002352978,123581.11911317008,-0.04416701339593651,-0.04396042474104679,3178.4958603084087,-16542806964.334333,-1040761200.8895162,-205936403.26953295,-16542266105.406199,-1910606303.6883023,16575513450.16243,16653509964.927988,-0.9952585707301548,0.001156976069620309,0.09725758990713192,0.0011624871384088682,0.9999993243115982,0.0,0.09725752419130643,-0.000113060697379685,0.9952592432152821,4699.864499124583,-545.4052691082076,-0.11553025742180602,5.800636196043832e-09,148.07902123685565,0.0,-52.858042473711286,-4.5,0.0,2.9539485495605465e-17,2.282416407998976,1.5707963267948966,20.02207880822208,461.0,0.030847265226435668,0.8910945775673382,0.0,0.06510542506088023,-1586.081195742238,-9.751611073887677,154.99614906493682,-0.08584364113281577,0.20650071544646578,-1.6192042578896482,-0.08735098857284995,0.20586762979688605,-1.6192042578896482,-2.112269406349567e-17,1.3167927791787852e-19,1.136632901671832e-18,-2.1123092260938038e-17,-2.274353024113991e-20,1.136632901671832e-18,-1586.1685467308107,-9.54574344409079,153.37694480704718,-1057646.6419652812,189.00553031304085,116543.67025834613,0.007858737653261597,4719.717296762028
103.2050190377487,2001.0,12.0,14.0,14.0,23.0,11.0,1.0,3503045.3966021445,21517.605381651123,-342009.73041215504,251.54616927436018,-295.55666769273756,4697.848024135055,3519767.1391291544,4713.852487823933,3503109.072571331,-4108.973748319429,-342009.73041215504,3519767.1391291544,249.08608427500374,-545.6975460131382,4697.848024135055,4735.990471588161,20246816.314216338,0.8265307893540044,1.6336267319230424,1.9198803196437874e-07,6.925353741215955e-06,6.185663515125189,-0.09732184182894882,-0.0011729500220533395,123567.13912915392,-0.04412633761105446,-0.04391993976684815,3183.687199488282,-16542806132.42252,-1040761095.4018258,-205937204.80329323,-16542263899.441128,-1910614536.1371782,16575512613.268654,16653508728.096132,-0.9952672816412667,0.0011673993153240398,0.09716828326795891,0.00117294975309362,0.9999993120942018,0.0,0.09716821642533345,-0.00011397351386768334,0.9952679662918714,4699.883094541384,-545.4050051635828,-0.1155297489611758,5.810732851166616e-09,148.06348792128213,0.0,-52.82697584256426,-4.5,0.0,2.9539200946632104e-17,2.282411760961584,1.5707963267948966,20.023171436351856,461.0,0.030901150435595187,0.8931693359002891,0.0,0.06521891574103011,-1586.107752191311,-9.742734346958427,154.85505419306142,-0.08591165811698163,0.2068499763119474,-1.6220291528791022,-0.08742253932089389,0.20621596766339192,-1.6220291528791022,-2.115936815248252e-17,1.3202985585637357e-19,1.1375546314741953e-18,-2.1159767824642144e-17,-2.2761862139776733e-20,1.1375546314741953e-18,-1586.1951747306318,-9.536518379295035,153.23302504018233,-1057647.7638592534,189.15906851800676,116549.39845042463,0.007950660629100466,4719.712597877337
103.367324163214,2001.0,12.0,14.0,14.0,23.0,11.0,1.0,3503086.1785140685,21469.634747358377,-341247.24122438865,250.98770328789746,-295.5600213102714,4697.901911978922,3519733.427257772,4713.876634785203,3503149.4544109427,-4197.543662560941,-341247.24122438865,3519733.4272577716,248.51790931462898,-545.7025390612624,4697.901911978922,4736.0146523172025,20246764.28877333,0.8265303437234425,1.6336267241721822,1.9314112360500902e-07,6.954245969008549e-06,6.185880644124664,-0.09710511657983605,-0.001198219404664388,123533.42725777207,-0.04402809496480616,-0.043822157971890596,3196.2407523840666,-16542804117.196419,-1040760839.8890048,-205939134.38176006,-16542258570.773554,-1910634387.2078512,16575510585.975548,16653505736.3602,-0.9952882872553932,0.0011925743097627856,0.09695258128972987,0.001198219117944536,0.999999282135215,0.0,0.09695251169088595,-0.00011617043643542606,0.9952890017383184,4699.927934248386,-545.4043684105342,-0.11552852284857495,5.835080313831281e-09,148.0260302864134,0.0,-52.75206057282683,-4.5,0.0,2.9538514726954364e-17,2.282400554143778,1.5707963267948966,20.02580693006836,461.0,0.031031094005066883,0.8981952995822058,0.0,0.06549259388757639,-1586.171793416317,-9.721293543984663,154.51425429700865,-0.08607419960899515,0.20769204785300352,-1.6288413043275525,-0.08759361860584121,0.20705581991153466,-1.6288413043275525,-2.1247804078796792e-17,1.328774459682677e-19,1.139758252363468e-18,-2.124820732408427e-17,-2.2805685963785097e-20,1.139758252363468e-18,-1586.2593870349228,-9.514237724073128,152.8854129926811,-1057650.4815573841,189.31260672297267,116555.19324938777,0.008042583875610555,4719.707847564115
103.4715197832859,2001.0,12.0,14.0,14.0,23.0,11.0,1.0,3503112.311654772,21438.83857569384,-340757.7386222569,250.62917091339645,-295.56217011006373,4697.936442052365,3519711.8246097467,4713.892106452644,3503175.3298852113,-4254.4036433325,-340757.7386222569,3519711.824609747,248.15314402634644,-545.7057300065833,4697.936442052365,4736.030145619411,20246730.775172967,0.8265300566569549,1.6336267191802032,1.9371509552001982e-07,6.972820015044946e-06,6.186020037376386,-0.09696598249029499,-0.001214441514096345,123511.82460974716,-0.043965024744392095,-0.04375938360596085,3204.311038002372,-16542802819.038477,-1040760675.3095387,-205940368.4254633,-16542255149.35697,-1910647107.0960124,16575509280.045317,16653503812.400223,-0.9953017475439572,0.0012087363555123474,0.09681410172267124,0.0012144412155728405,0.999999262565995,0.0,0.09681403032866047,-0.0001175750353806735,0.9953024815138523,4699.956666151509,-545.4039601787417,-0.11552773715930342,5.8504946969585925e-09,148.0045615243679,0.0,-52.706842286551854,-4.4977192378160495,0.0,2.9538119591007866e-17,2.282394101084059,1.5707963267948966,20.027324813202977,461.0,0.031113367532625103,0.9014329443874496,0.0,0.06566593683125974,-1586.2128326598859,-9.707528003869681,154.29545208485288,-0.08617464405107471,0.20822601515025915,-1.6331564783220505,-0.08769950582614663,0.20758838922380765,-1.6331564783220505,-2.1303845670492946e-17,1.3341823082361603e-19,1.141123027011658e-18,-2.130425120572336e-17,-2.283286955109555e-20,1.141123027011658e-18,-1586.300532165712,-9.499939614645873,152.66229560653082,-1057652.232243754,189.4661449279386,116561.05465523555,0.008134507395809879,4719.703045815278
103.52304297281935,2001.0,12.0,14.0,14.0,23.0,11.0,1.0,3503125.220301723,21423.610242638748,-340515.68551309494,250.4518785337078,-295.56323146402974,4697.953498013662,3519701.153829722,4713.899748271417,3503188.11087996,-4282.520183641939,-340515.68551309494,3519701.153829722,247.97276956097068,-545.7073037025452,4697.953498013662,4736.037798123749,20246714.169204623,0.8265299144152601,1.6336267167069913,1.9371509552001982e-07,6.982001052653472e-06,6.186088965892007,-0.09689718211601817,-0.0012224630578793602,123501.1538297222,-0.04393383715922432,-0.0437283423164665,3208.3050463944674,-16542802175.80331,-1040760593.7657613,-205940977.28682965,-16542253457.324017,-1910653389.9604776,16575508632.959312,16653502860.03043,-0.9953083963018294,0.0012167283517756065,0.0967456243103441,0.0012224627534013388,0.9999992527921291,0.0,0.09674555202125214,-0.00011826792227395475,0.9953091400046529,4699.970858036222,-545.4037584711066,-0.11552734906447784,5.8592980904791905e-09,147.97788457430548,0.0,-52.666826861458226,-4.511057712847258,0.0,2.9537641332161405e-17,2.2823862905243644,1.5707963267948966,20.029162324054603,461.0,0.031160328565113377,0.9030372091578519,0.0,0.06576445081636283,-1586.2331047075977,-9.700720828443414,154.1872525431879,-0.08624049359930834,0.20852475831076797,-1.6356059696444776,-0.08776830387641886,0.20788632085703268,-1.6356059696444776,-2.1335505769871357e-17,1.337111268501288e-19,1.1420028196647437e-18,-2.1335912518436402e-17,-2.2850104733930623e-20,1.1420028196647437e-18,-1586.320873011474,-9.492834507586382,152.55164657354342,-1057653.0997099187,189.6196831329045,116566.98266796797,0.00822643119271689,4719.698192623784
103.64365273294759,2001.0,12.0,14.0,14.0,23.0,11.0,1.0,3503155.4022145914,21387.96228248387,-339949.0640627809,250.03684892590474,-295.5657128643219,4697.993375665845,3519676.20430531,4713.917614282408,3503217.9933530013,-4348.338032316219,-339949.0640627809,3519676.2043053093,247.55052514560174,-545.7109767150787,4697.993375665845,4736.055689115928,20246675.199447975,0.8265295806110159,1.6336267109042029,1.9428737179048833e-07,7.003514056452664e-06,6.186250321079249,-0.09673612686030518,-0.0012412404273548562,123476.2043053098,-0.043860829905161894,-0.04365567752351217,3217.6648253053427,-16542800666.305737,-1040760402.4241143,-205942399.05405444,-16542249495.61729,-1910668079.4350939,16575507114.426088,16653500627.698395,-0.9953239417500461,0.0012354369492845053,0.0965853232882477,0.0012412401086296192,0.9999992296611997,0.0,0.09658524888482564,-0.00011988557717033147,0.9953247084872879,4700.004039067986,-545.4032866920165,-0.115526441658728,5.879881448119414e-09,147.9155107632745,0.0,-52.573266144911756,-4.542244618362749,0.0,2.953652296073785e-17,2.28236802613296,1.5707963267948966,20.033460560286343,461.0,0.03127013058019083,0.9068020660321053,0.0,0.06599478449870808,-1586.280504207824,-9.684785200219375,153.93395691369702,-0.08639353747035541,0.20922308166607367,-1.6413330693459802,-0.08792825104723193,0.20858275069205795,-1.6413330693459802,-2.1409526001912534e-17,1.343972769915994e-19,1.144047929331443e-18,-2.140993559764129e-17,-2.2890161291568528e-20,1.144047929331443e-18,-1586.3684324588712,-9.476202449527317,152.29262384435103,-1057655.1354260799,189.7732213378704,116572.977287585,0.008318355269350555,4719.693287982628
103.85309027070636,2001.0,12.0,14.0,14.0,23.0,11.0,1.0,3503207.6938440325,21326.059276920998,-338965.12065892725,249.31612499494767,-295.57001145032507,4698.062461759602,3519632.9780299007,4713.948563194759,3503269.7629409474,-4462.631060586756,-338965.12065892725,3519632.9780299,246.81727276231322,-545.7173188165851,4698.062461759602,4736.08668129975,20246607.20612781,0.8265289981951607,1.633626700783598,1.9542689693874154e-07,7.040983940658202e-06,6.1865305179097,-0.09645645075172304,-0.0012738467057200617,123432.97802990023,-0.0437340510586856,-0.04352949335722118,3233.951742723584,-16542798032.587202,-1040760068.6426821,-205944856.2847551,-16542242613.33291,-1910693527.6956291,16575504464.946537,16653496741.494722,-0.9953508745965575,0.0012679251184550197,0.09630695097324084,0.0012738463612113416,0.9999991886573949,0.0,0.09630687283530835,-0.00012268025905662192,0.9953516821677842,4700.061522685263,-545.4024687680817,-0.11552486955057446,5.915543125332318e-09,147.80744507475055,0.0,-52.41116761212582,-4.596277462624725,0.0,2.9534584840810195e-17,2.2823363742325267,1.5707963267948966,20.04091384658339,461.0,0.031460373465762484,0.913371134992366,0.0,0.06639383740172762,-1586.3626298010295,-9.657110406921603,153.4940680691652,-0.08665563328478142,0.2104323877318237,-1.6512552327861274,-0.08820233829795258,0.20978878927453828,-1.6512552327861274,-2.1537753892498045e-17,1.3559047354355343e-19,1.147551446053811e-18,-2.153816845522672e-17,-2.2958758831732455e-20,1.147551446053811e-18,-1586.4508321393275,-9.447321617647065,151.84281283637907,-1057658.6873043533,189.92675954283635,116579.03851408669,0.008410279628730415,4719.6883318848495
103.99872702589164,2001.0,12.0,14.0,14.0,23.0,11.0,1.0,3503243.9669393594,21283.01320246372,-338280.9065974968,248.81493255834897,-295.57299282581056,4698.110381739108,3519602.993281546,4713.970027880619,3503305.6714771558,-4542.107879470803,-338280.9065974968,3519602.993281546,246.30736839316202,-545.7217019617153,4698.110381739108,4736.108175994456,20246559.683401216,0.8265285911231048,1.6336266937129484,1.9599417504617463e-07,7.06714178335168e-06,6.186725362571738,-0.09626196810739686,-0.0012965198473577227,123402.99328154605,-0.04364589084779344,-0.04344174666970959,3245.3023346811533,-16542796191.803532,-1040759835.4018409,-205946556.2730588,-16542237825.454004,-1910711178.8918931,16575502613.150095,16653494031.795982,-0.9953695567836771,0.0012905171089299227,0.09611337052594571,0.0012965194841239502,0.9999991595182605,0.0,0.09611328974441286,-0.0001246128575717132,0.9953703933743169,4700.101394192894,-545.4019009903849,-0.11552377903964038,5.9406181267051885e-09,147.73248320386512,0.0,-52.29872480579766,-4.633758398067446,0.0,2.9533240063438115e-17,2.2823144123513868,1.5707963267948966,20.04608872360107,461.0,0.03159413863213449,0.9179626493077823,0.0,0.06667442852179561,-1586.4196005252631,-9.637864111452231,153.18814954774007,-0.08684008766677084,0.2112828256522938,-1.6582319293146173,-0.08839522242465453,0.21063693383185647,-1.6582319293146173,-2.1627918935386357e-17,1.364292062756305e-19,1.1500173714483845e-18,-2.162833699292663e-17,-2.3007050448341817e-20,1.1500173714483845e-18,-1586.5079957476878,-9.427227177620374,151.52991761842546,-1057661.1698409133,190.08029774780226,116585.16634747302,0.00850220427387645,4719.683324323518
104.19379908909679,2001.0,12.0,14.0,14.0,23.0,12.0,1.0,3503292.4383016536,21225.35478020701,-337364.43026385875,248.1435858292983,-295.57697626026334,4698.174412916291,3519562.9249601928,4713.998706222215,3503353.652545573,-4648.563507708741,-337364.43026385875,3519562.924960193,245.6243525166393,-545.7275382678201,4698.174412916291,4736.136894427187,20246495.71602679,0.826528043185185,1.6336266841993683,1.9655981597711058e-07,7.102228583791602e-06,6.186986350869188,-0.09600146460795826,-0.0013268888158611057,123362.92496019322,-0.043527802879709546,-0.043324212592591754,3260.5382812172174,-16542793714.048883,-1040759521.5143075,-205948822.15575492,-16542231409.532146,-1910734764.0835583,16575500120.575808,16653490392.78363,-0.9953945212061229,0.0013207786326938072,0.0958540697969406,0.0013268884265002284,0.9999991196831644,0.0,0.09585398541498918,-0.00012718765584650556,0.9953953974694495,4700.154670035628,-545.4011417440596,-0.11552232181659168,5.9741753458381705e-09,147.63231240048307,0.0,-52.14846860072461,-4.683843799758463,0.0,2.953144258661517e-17,2.2822850573271594,1.5707963267948966,20.053009955830966,461.0,0.03177315756628549,0.9241432564770717,0.0,0.06704992682748234,-1586.4957333989394,-9.612082174619099,152.77834740900093,-0.08708432583187602,0.2124204722897022,-1.667568397489425,-0.08865076844815271,0.2117715233616751,-1.667568397489425,-2.1748571419732666e-17,1.3755542184108584e-19,1.1532835897242496e-18,-2.1748994184156278e-17,-2.3070995358500503e-20,1.1532835897242496e-18,-1586.5843841673875,-9.400310651257424,151.1107790115115,-1057664.5114467386,190.23383595276817,116591.36078774394,0.008594129207809125,4719.678265291752
104.29063653111304,2001.0,12.0,14.0,14.0,23.0,12.0,1.0,3503316.451754529,21196.731766430596,-336909.4695367069,247.81030469153072,-295.57894948171503,4698.206133320576,3519543.074496323,4714.01291191052,3503377.4217618597,-4701.410506109876,-336909.4695367069,3519543.074496323,245.28527858876123,-545.7304207762261,4698.206133320576,4736.151119973268,20246463.82837524,0.8265277700372947,1.6336266794584908,1.9824705564454337e-07,7.119714939093039e-06,6.187115912524136,-0.09587214357416816,-0.0013419643726361673,123343.07449632278,-0.04346918075779378,-0.04326586543264096,3268.1152935922146,-16542792478.895357,-1040759365.069117,-205949942.2488254,-16542228223.352898,-1910746447.7302785,16575498878.036417,16653488582.26766,-0.9954068887942858,0.0013358013829061289,0.09572534343394037,0.0013419639698526698,0.9999990995659465,0.0,0.09572525723958136,-0.00012845996189012082,0.9954077850933527,4700.181061979686,-545.4007653757698,-0.11552159989258443,5.990232602778337e-09,147.58460999182842,0.0,-52.08460999182842,-4.707695004085789,0.0,2.9530585816111e-17,2.2822710652029845,1.5707963267948966,20.056310709797934,461.0,0.03185883081180126,0.9272243793454709,0.0,0.06722964544256906,-1586.5334522640387,-9.599282419739081,152.57489614928184,-0.0871958902325443,0.2129675928463899,-1.6720368452866619,-0.08876782789102254,0.21231719574198749,-1.6720368452866619,-2.1806317706221298e-17,1.381023437483964e-19,1.154778744406897e-18,-2.1806742776956212e-17,-2.3100252757706254e-20,1.154778744406897e-18,-1586.6222200919296,-9.386965223997095,150.90285930399517,-1057666.1772407107,190.3873741577341,116597.62183489953,0.008686054433549476,4719.673154782708
104.33553324557433,2001.0,12.0,14.0,14.0,23.0,12.0,1.0,3503327.574154266,21183.46122221742,-336698.5351876214,247.6557829605253,-295.5798633763519,4698.220825040084,3519533.8802825096,4714.0194911887775,3503388.430735931,-4725.912038917917,-336698.5351876214,3519533.8802825096,245.1280711469407,-545.7317538765692,4698.220825040084,4736.157708448246,20246449.016940933,0.8265276431630006,1.6336266772566306,1.9824705564454337e-07,7.127819021868232e-06,6.187175981640815,-0.09581218600789372,-0.001348953810234889,123333.88028250914,-0.043442001568897354,-0.04323881372429902,3271.6308759748936,-16542791905.182283,-1040759292.4059266,-205950460.4941642,-16542226745.976591,-1910751859.113891,16575498300.892931,16653487742.049358,-0.9954126170976701,0.0013427664570566863,0.09566566103366932,0.001348953401125028,0.9999990901619469,0.0,0.09566557399341052,-0.00012904851882224226,0.9954135227627717,4700.193285673247,-545.4005910037679,-0.11552126551776712,5.997179342104201e-09,147.5641784055759,0.0,-52.06417840557588,-4.717910797212061,0.0,2.9530218267997106e-17,2.282265062686763,1.5707963267948966,20.057727052272824,461.0,0.03189590430745449,0.9286555478347349,0.0,0.0673074360187845,-1586.5509229815978,-9.59334782222509,152.48056610790405,-0.08724022959420491,0.21320691682152723,-1.6739709044035909,-0.08881461163077266,0.21255590276693384,-1.6739709044035909,-2.1831316611021733e-17,1.383449536205265e-19,1.1553756217750043e-18,-2.1831742718705405e-17,-2.3111925908691216e-20,1.1553756217750043e-18,-1586.6397375932286,-9.380791919458156,150.80659520350045,-1057666.9509839527,190.5409123627,116603.94948893975,0.008777979954118945,4719.6679927895775
104.43049814853711,2001.0,12.0,14.0,14.0,23.0,12.0,1.0,3503351.0772421877,21155.391417460574,-336252.36762845644,247.32893513673866,-295.5817944522068,4698.251869866905,3519514.4517015074,4714.033393186277,3503411.6935102083,-4777.737535603195,-336252.36762845644,3519514.4517015084,244.79554254265014,-545.7345667104602,4698.251869866905,4736.171629877793,20246417.63124529,0.8265273743133494,1.6336266725913031,1.9824705564454337e-07,7.144963062405295e-06,6.1873030400092786,-0.095685363572465,-0.0013637376910642608,123314.45170150837,-0.04338451204454891,-0.04318159384506822,3279.072428122163,-16542790689.476095,-1040759138.4389989,-205951554.46346307,-16542223620.712772,-1910763293.7139988,16575497077.918116,16653485963.15673,-0.9954247216733221,0.0013574990531132498,0.09553941949745237,0.0013637372683555082,0.9999990701098991,0.0,0.09553933065629193,-0.00013029066696572668,0.9954256473097777,4700.219115189489,-545.4002224327961,-0.11552055894285758,6.0118587144158936e-09,147.52100378112974,0.0,-52.02100378112973,-4.739498109435138,0.0,2.952944151834515e-17,2.2822523774022794,1.5707963267948966,20.06072092757131,461.0,0.031974246426569104,0.9316882627992603,0.0,0.06747181637455447,-1586.5878415873665,-9.580794521280666,152.2810321951053,-0.08733337744622027,0.21371258004275206,-1.6780577859261656,-0.08891293074077093,0.21306026478858173,-1.6780577859261656,-2.1884140311264087e-17,1.3885841243176346e-19,1.1566298203490488e-18,-2.188456861641252e-17,-2.3136450226997105e-20,1.1566298203490488e-18,-1586.6767545181071,-9.367734256492085,150.60297440917913,-1057668.5905635394,190.6944505676659,116610.34374986458,0.008869905772539535,4719.662779305602
104.66215311619136,2001.0,12.0,14.0,14.0,23.0,12.0,1.0,3503408.279866082,21086.91788180676,-335163.9854874655,246.53159892604347,-295.5864937860437,4698.327423866213,3519467.165737992,4714.0672233678515,3503468.307656036,-4904.160450271841,-335163.9854874655,3519467.165737992,243.98434876705144,-545.7413888399764,4698.327423866213,4736.205507343362,20246340.75000489,0.8265267157449337,1.6336266611657162,1.9936394930272808e-07,7.186871907823556e-06,6.187612988719591,-0.09537599029796291,-0.0013998006593681364,123267.16573799169,-0.04324427081043432,-0.043042010376570974,3297.255311176181,-16542787711.539421,-1040758761.3284338,-205954210.46362337,-16542215995.235836,-1910791121.583338,16575494082.179043,16653481614.370184,-0.9954541817472529,0.0013934383301011687,0.09523145683820734,0.0013998002022301739,0.9999990202792169,0.0,0.09523136353796988,-0.0001333050125407967,0.9954551570153588,4700.2819757120005,-545.3993248250505,-0.11551883927281345,6.047585886850727e-09,147.41592386220375,0.0,-51.91592386220374,-4.792038068898128,0.0,2.9527550627737575e-17,2.282221496815176,1.5707963267948966,20.068012964521955,461.0,0.03216492364731666,0.9391173329835131,0.0,0.0678718834286904,-1586.6776992776327,-9.550169342763686,151.79424688529355,-0.0875569710778412,0.21494294182871138,-1.6880043586405369,-0.08914914431221128,0.21428747395661568,-1.6880043586405369,-2.201269162064134e-17,1.4011259498271245e-19,1.1596420393743894e-18,-2.201312530972198e-17,-2.3195327195988727e-20,1.1596420393743894e-18,-1586.7668484219448,-9.335881868807071,150.106242526653,-1057672.6068385895,190.84798877263182,116616.80461767408,0.008961831891833671,4719.657514324059
104.74782108793947,2001.0,12.0,14.0,14.0,23.0,12.0,1.0,3503429.387097587,21061.595512126692,-334761.48811211344,246.23672577577165,-295.5882275834142,4698.355301132458,3519449.717655805,4714.079704575024,3503489.1964502777,-4950.913115665782,-334761.48811211344,3519449.7176558054,243.6843509672694,-545.7438975538242,4698.355301132458,4736.218005994134,20246312.202087756,0.8265264712005657,1.6336266569240843,1.99920056238752e-07,7.202426589784151e-06,6.187727612445997,-0.09526157933842264,-0.0014131368879620335,123249.7176558054,-0.04319240742610694,-0.04299039023962274,3303.990462243557,-16542786605.76174,-1040758621.3143426,-205955188.15565753,-16542213174.561897,-1910801389.059204,16575492969.791912,16653480002.708384,-0.9954650520717886,0.0014067293221519386,0.09511756523547879,0.0014131364176334146,0.9999990015222341,0.0,0.09511747026270476,-0.0001344140953908771,0.9954660460225022,4700.305169106112,-545.3989934099175,-0.11551820473656851,6.061739992565404e-09,147.37429413951352,0.0,-51.861441209270275,-4.8,0.0,2.952680236001623e-17,2.2822092766759194,1.5707963267948966,20.070900098011045,461.0,0.032240447961841404,0.9418760162242008,0.0,0.06803066872644606,-1586.7108573249825,-9.538842824905402,151.61421256496496,-0.08765293985408393,0.21542601005797057,-1.6919523529596168,-0.08924999830856979,0.214769274982435,-1.6919523529596168,-2.2063706051898152e-17,1.4059962079542396e-19,1.160929568384672e-18,-2.2064141809609404e-17,-2.3220753244396345e-20,1.160929568384672e-18,-1586.800107323291,-9.324073549922966,149.92226021200534,-1057674.0981891938,191.00152697759773,116623.33209236819,0.009053758315024252,4719.652197838269
104.83492618707939,2001.0,12.0,14.0,14.0,23.0,12.0,1.0,3503450.822513887,21035.848193549307,-334352.2361743932,245.93689963112334,-295.58998821367584,4698.383610974851,3519431.9982800167,4714.0923787733955,3503510.409314781,-4998.450302789553,-334352.2361743932,3519431.9982800162,243.37931420205808,-545.7464405023323,4698.383610974851,4736.230697905193,20246283.104757767,0.8265262219490166,1.6336266526016716,2.0047462056687076e-07,7.218224611764642e-06,6.187844160186073,-0.09514524791229863,-0.001426696749098224,123231.9982800167,-0.04313967345995203,-0.04293790360147721,3310.845521941781,-16542785478.70507,-1040758478.6199054,-205956179.74906898,-16542210305.946407,-1910811815.7396452,16575491835.999483,16653478361.87103,-0.9954760913201288,0.0014202434669095317,0.09500176060733513,0.001426696265100053,0.9999989822683657,0.0,0.09500166392103805,-0.00013553865703641439,0.9954771044486692,4700.328722195112,-545.3986567203409,-0.11551756033765266,6.0768014619858e-09,147.32999570004176,0.0,-51.79499355006264,-4.8,0.0,2.952600668934919e-17,2.2821962823878095,1.5707963267948966,20.073971072908638,461.0,0.032320802656225125,0.9446878239668448,0.0,0.06819982634358869,-1586.7445317025847,-9.527325708796287,151.43114868430453,-0.08776005619696749,0.21593714394772348,-1.6961583966490645,-0.08936223589789492,0.2152790477387981,-1.6961583966490645,-2.2118048301665504e-17,1.4111120069754476e-19,1.1623633237756995e-18,-2.2118486216719713e-17,-2.3249226881798033e-20,1.1623633237756995e-18,-1586.8338939384826,-9.312046661057488,149.73499028765548,-1057675.6182455923,191.15506518256365,116629.92617394694,0.009145685045134723,4719.646829841591
105.0107228730844,2001.0,12.0,14.0,14.0,23.0,13.0,1.0,3503494.004216221,20983.884141280498,-333526.270890243,245.33176703656753,-295.5935346203049,4698.440638509185,3519396.302542045,4714.117907649448,3503553.1404777197,-5094.391167961948,-333526.270890243,3519396.302542045,242.76366545647025,-545.7515486024975,4698.440638509185,4736.25626245693,20246224.16077312,0.8265257170244678,1.6336266438483198,2.0102765505361653e-07,7.250192098003176e-06,6.188079381893607,-0.09491046270315662,-0.0014540631676876012,123196.30254204432,-0.043033243387266,-0.04283197268964878,3324.701984450221,-16542783195.573383,-1040758189.6029892,-205958173.32998085,-16542204514.444342,-1910832818.9536552,16575489539.225739,16653475043.63142,-0.9954983296274756,0.0014475184747686106,0.09476803469087536,0.0014540626553001033,0.9999989428503384,0.0,0.09476793450687955,-0.00013779866016018654,0.9954993820193104,4700.376167071115,-545.3979780814285,-0.11551626220478539,6.107142839262332e-09,147.2407563551108,0.0,-51.66113453266618,-4.8,0.0,2.952440349176575e-17,2.2821701001843437,1.5707963267948966,20.080161730234874,461.0,0.0324826811011896,0.9503839463121618,0.0,0.06854059673804291,-1586.8123711927362,-9.50407990166036,151.06165791335965,-0.0879737633497666,0.21696645640295978,-1.7046315108971166,-0.08958628121254678,0.216305627436007,-1.7046315108971166,-2.222751344435058e-17,1.421448122468007e-19,1.1652246547824072e-18,-2.2227955729096024e-17,-2.3306046034433094e-20,1.1652246547824072e-18,-1586.9019574739489,-9.287774274224352,149.35702640246254,-1057678.6975168157,191.30860338752956,116636.58686241033,0.009237612085188893,4719.641410327436
105.19418908042451,2001.0,12.0,14.0,14.0,23.0,13.0,1.0,3503538.9563701237,20929.65237793489,-332664.26036006573,244.70020655100498,-295.5972258754328,4698.500000283702,3519359.143263533,4714.144478449648,3503597.620465,-5194.518621008586,-332664.26036006573,3519359.1432635323,242.12113002133748,-545.7568451649097,4698.500000283702,4736.282870386133,20246162.332263798,0.8265251873867814,1.6336266346706014,2.015791722903953e-07,7.2836503995412765e-06,6.188324870635592,-0.0946654294078962,-0.0014826231141723861,123159.14326353231,-0.04292216768733186,-0.04272141792772023,3339.193326726556,-16542780800.721235,-1040757886.509439,-205960242.97551015,-16542198467.384872,-1910854681.3538277,16575487130.06812,16653471571.095583,-0.9955214792929838,0.0014759842373437521,0.0945241013543117,0.0014826225709958498,0.999998900914552,0.0,0.09452399746424742,-0.00014014356617100192,0.9955225734573575,4700.425553062548,-545.3972710792184,-0.11551491086318792,6.138988935203382e-09,147.1739290794154,0.0,-51.52178723824617,-4.826070920584612,0.0,2.952319445956293e-17,2.2821503551900535,1.5707963267948966,20.084832947456125,461.0,0.03265259567217345,0.9563589509207803,0.0,0.06889751591125981,-1586.8829954688465,-9.479817371298633,150.67600632948137,-0.08819592491486382,0.21804623566122097,-1.7135116573290243,-0.08981930074941473,0.2173825551200077,-1.7135116573290243,-2.2342509669005265e-17,1.4323247805817304e-19,1.1682147590186188e-18,-2.2342956562026764e-17,-2.3364925629690442e-20,1.1682147590186188e-18,-1586.972814769596,-9.262434816178626,148.96249467215233,-1057681.927496709,191.46214159249547,116643.31415775834,0.009329539438211146,4719.635939289244
105.43156071639692,2001.0,12.0,14.0,14.0,23.0,13.0,1.0,3503596.94427374,20859.485415368104,-331548.9606339235,243.88304127998768,-295.601986715403,4698.576570517294,3519311.208085116,4714.178747288665,3503654.9944837117,-5324.0666245883385,-331548.9606339235,3519311.208085116,241.2897651673818,-545.7636458170474,4698.576570517294,4736.317187106888,20246081.86036667,0.8265244980396004,1.6336266227312797,2.0267770452403228e-07,7.327054151185818e-06,6.188642495557961,-0.09434839359910462,-0.0015195738550250215,123111.208085116,-0.042778452503720595,-0.04257837674259986,3357.9888810813427,-16542777683.753202,-1040757492.119968,-205962904.22458667,-16542190639.109917,-1910882880.6889553,16575483994.4871,16653467063.716267,-0.9955513415336968,0.0015128149543459117,0.09420848030496336,0.0015195732702159004,0.9999988454478718,0.0,0.09420837153636193,-0.00014315668849908343,0.995552490950944,4700.489254263285,-545.3963582269436,-0.11551316766570885,6.180333026587443e-09,147.114010106395,0.0,-51.34203031918503,-4.8859898936049895,0.0,2.9522098736107415e-17,2.2821324606680373,1.5707963267948966,20.089068323052693,461.0,0.032873197651490604,0.9641359599976798,0.0,0.06936011863645355,-1586.9741052626039,-9.448422215744953,150.17698197639984,-0.08848064757009673,0.21944719596810472,-1.725026834218304,-0.09011814261518647,0.2187798372434634,-1.725026834218304,-2.249190271506748e-17,1.4464961087592929e-19,1.1720635463236638e-18,-2.2492355630544833e-17,-2.344020231552341e-20,1.1720635463236638e-18,-1587.064223405219,-9.22964237850149,148.45195514218153,-1057686.131454384,191.6156797974614,116650.10805999099,0.009421467107226238,4719.63041672051
105.50877677038166,2001.0,12.0,14.0,14.0,23.0,13.0,1.0,3503615.7656960306,20836.66013696443,-331186.15413563646,243.61721052425463,-295.6035317582384,4698.601421844088,3519295.649520029,4714.189868323809,3503673.6154851224,-5366.208424459212,-331186.15413563646,3519295.6495200284,241.01931534139928,-545.7658453660534,4698.601421844088,4736.3283236797515,20246055.567271937,0.8265242728033895,1.6336266188317143,2.0322474385776934e-07,7.341207955099494e-06,6.188745819510355,-0.09424526125080664,-0.0015315936406752673,123095.64952002838,-0.04273170165052123,-0.04253184513849743,3364.114100649953,-16542776665.329512,-1040757363.2828006,-205963765.9184435,-16542188091.516335,-1910892032.7615323,16575482969.983387,16653465593.949137,-0.9955610339139775,0.0015247961407252248,0.09410580613788574,0.0015315930418786173,0.9999988271106892,0.0,0.09410569576219165,-0.00014413179788116387,0.995562201598242,4700.509928538575,-545.396061736792,-0.11551260187272872,6.19375228897551e-09,147.0945619000355,0.0,-51.283685700106474,-4.905438099964507,0.0,2.952174305380298e-17,2.2821266519351893,1.5707963267948966,20.090443562840218,461.0,0.03294480153063043,0.9666770539973428,0.0,0.0695102639220152,-1587.0036784502493,-9.438208552361317,150.01463631119137,-0.08857195386861576,0.21990171615510157,-1.7287643011489893,-0.09021404299050238,0.21923316862959136,-1.7287643011489893,-2.2540388838285543e-17,1.451111962800897e-19,1.1732984537640516e-18,-2.2540843721228213e-17,-2.3464346570517873e-20,1.1732984537640516e-18,-1587.0938924932398,-9.218975383731726,148.28587201004237,-1057687.5050474536,191.76921800242732,116656.96856910829,0.009513395095259388,4719.624842614766
105.5348822387109,2001.0,12.0,14.0,14.0,23.0,13.0,1.0,3503622.1242643,20828.94326151594,-331063.49483545317,243.52733642456985,-295.60405370838134,4698.609817382614,3519290.393264577,4714.193625229998,3503679.9062137376,-5380.455907139024,-331063.49483545317,3519290.3932645763,240.92787961038604,-545.7665875904426,4698.609817382614,4736.3320858347715,20246046.66598431,0.8265241965515645,1.6336266175116563,2.037703146215881e-07,7.346000434234806e-06,6.188780751828078,-0.09421039370681891,-0.0015356573150764512,123090.39326457679,-0.04271589586540831,-0.04251611347788639,3366.186040505767,-16542776320.551857,-1040757319.6679127,-205964056.79938906,-16542187230.129173,-1910895124.590429,16575482623.147505,16653465096.685596,-0.9955643083387733,0.001528846814527285,0.09407109327183168,0.0015356567115009038,0.9999988208785371,0.0,0.09407098235058656,-0.00014446090574111583,0.9955654822314012,4700.516912905878,-545.395961550034,-0.11551241072762627,6.197471905329161e-09,147.07865169905955,0.0,-51.27865169905954,-4.910674150470229,0.0,2.952145792934765e-17,2.282121995499464,1.5707963267948966,20.091546132205785,461.0,0.03296466038701579,0.9675373321649657,0.0,0.06955194704274165,-1587.0136694956532,-9.434755377370017,149.9597482662869,-0.08859103562316267,0.22003164886529997,-1.7297993803880438,-0.0902345018443947,0.21936278802946743,-1.7297993803880438,-2.2553710321693325e-17,1.4524754905147434e-19,1.1735555205249717e-18,-2.2554165808438975e-17,-2.3469358825868506e-20,1.1735555205249717e-18,-1587.1039039974976,-9.21539258934055,148.22994888589886,-1057687.9700656813,191.92275620739323,116663.8956851102,0.009605323405336335,4719.619216965587
105.6008600770862,2001.0,12.0,14.0,14.0,23.0,13.0,1.0,3503638.1841782453,20809.43990154273,-330753.4900167144,243.300189961174,-295.60537195573977,4698.631021764228,3519277.1174744233,4714.203113682034,3503695.7944909413,-5416.464468648813,-330753.4900167144,3519277.1174744233,240.69678634664874,-545.7684602892398,4698.631021764228,4736.341587542989,20246024.143239286,0.8265240036127811,1.6336266141717366,2.037703146215881e-07,7.358096228531162e-06,6.188869038721796,-0.09412227051220605,-0.0015459276351110658,123077.11747442326,-0.04267594878618866,-0.042476353737733605,3371.424877077341,-16542775448.16898,-1040757209.3133738,-205964790.96239164,-16542185052.93996,-1910902933.4902413,16575481745.556946,16653463839.155146,-0.9955725785542391,0.001539084388027928,0.09398336049594087,0.001545927019344393,0.9999988050541114,0.0,0.09398324819091065,-0.00014529141635945944,0.9955737682110202,4700.53455305358,-545.3957084599793,-0.11551192795132773,6.207797519893017e-09,147.0491499431628,0.0,-51.249149943162806,-4.925425028418596,0.0,2.9520926426047626e-17,2.282113315391854,1.5707963267948966,20.09360177607014,461.0,0.03301977321072707,0.9697140965293197,0.0,0.0696675671164563,-1587.0389043074226,-9.426027735892317,149.82102283346893,-0.08865229620947145,0.22038679173042786,-1.7326739626759655,-0.09029944490390554,0.21971704040080592,-1.7326739626759655,-2.2590853811658408e-17,1.4561490843730937e-19,1.1743828960712372e-18,-2.259131089759836e-17,-2.3485513279460612e-20,1.1743828960712372e-18,-1587.1292037523265,-9.206310695491512,148.08834887079297,-1057689.1466935594,192.07629441235915,116670.88940799674,0.009697252040483197,4719.613539766596
105.69579283961616,2001.0,12.0,14.0,14.0,23.0,13.0,1.0,3503661.2658236716,20781.377177010076,-330307.43454673194,242.97335203001956,-295.60726644660417,4698.661496309695,3519258.0372270728,4714.216749649511,3503718.628718514,-5468.275903891061,-330307.43454673194,3519258.0372270728,240.3642695278757,-545.7711468741712,4698.661496309695,4736.355242560389,20245991.670975868,0.8265237254415665,1.6336266093568796,2.0431442857983876e-07,7.37554796342821e-06,6.18899607219928,-0.09399547255645935,-0.0015607050803660696,123058.03722707275,-0.04261847005217324,-0.04241914455814225,3378.9685562700033,-16542774190.40963,-1040757050.2174828,-205965844.81444615,-16542181919.887138,-1910914156.1768863,16575480480.28991,16653462027.823172,-0.9955844645819711,0.0015538149934011878,0.09385712302215579,0.0015607044467718172,0.9999987821000733,0.0,0.09385700871357254,-0.00014648322926188805,0.9955856771056943,4700.559904953485,-545.3953445952343,-0.11551123409818664,6.2226377122767425e-09,147.00674939349503,0.0,-51.20674939349502,-4.946625303252489,0.0,2.952016245766157e-17,2.2821008388412833,1.5707963267948966,20.096557263266522,461.0,0.033098983619301935,0.9728525067110525,0.0,0.06983373719904244,-1587.0751730757759,-9.413469304716772,149.62140717339898,-0.08873969949676583,0.22089714208409783,-1.7368053282306954,-0.09039214771733678,0.22022611398003092,-1.7368053282306954,-2.264423462620319e-17,1.4614381456604465e-19,1.1755637168123894e-18,-2.2644694017992445e-17,-2.350856381317708e-20,1.1755637168123894e-18,-1587.165565223493,-9.193243190736741,147.88460184516828,-1057690.8431064188,192.22983261732506,116677.94973776794,0.009789181003726527,4719.607811011454
105.93226291448525,2001.0,12.0,14.0,14.0,23.0,13.0,1.0,3503718.6254890333,20711.474347694242,-329196.3327523671,242.1591918354611,-295.61197377492135,4698.7372235856,3519210.621327746,4714.250630751236,3503775.3697414277,-5597.335235396551,-329196.3327523671,3519210.6213277467,239.5359636646885,-545.7777980912186,4698.7372235856,4736.389170991652,20245910.44970057,0.8265230296609213,1.6336265973163013,2.053983323587514e-07,7.419027630444821e-06,6.1893125085030585,-0.09367962282739971,-0.001597514076436565,123010.62132774713,-0.04247529223150134,-0.042276638176597645,3397.7884562015533,-16542771044.450005,-1040756652.3225261,-205968457.05273607,-16542174113.687166,-1910942043.2141569,16575477315.554403,16653457506.036577,-0.9956140017614248,0.0015905087355313674,0.0935426628793721,0.0015975133969470259,0.9999987239746592,0.0,0.09354254351656381,-0.0001494356571358962,0.9956152721917418,4700.622901786441,-545.3944397539128,-0.11550950983550776,6.259456338221265e-09,146.90155331936782,0.0,-51.102329979051724,-4.999223340316092,0.0,2.951826657507563e-17,2.2820698767289866,1.5707963267948966,20.103895550418216,461.0,0.03329551193654559,0.9807027147407591,0.0,0.07024600308311411,-1587.1653076754706,-9.382184207466874,149.12413198865838,-0.08895276470894564,0.22216327619580517,-1.747055148346357,-0.09061840521131576,0.22148909742101627,-1.747055148346357,-2.2776661302151216e-17,1.4746155030178602e-19,1.1784445023056589e-18,-2.2777126457989412e-17,-2.356477220177781e-20,1.1784445023056589e-18,-1587.2559260806818,-9.160695110045857,147.37707684031201,-1057695.0862842873,192.38337082229097,116685.07667442376,0.009881110298093387,4719.602030693874
105.98966279626727,2001.0,12.0,14.0,14.0,23.0,13.0,1.0,3503732.519725948,20694.50622262724,-328926.62526481826,241.96155857929043,-295.6131138946273,4698.75556606408,3519199.1357666934,4714.258836609926,3503789.11330681,-5628.662862578811,-328926.62526481826,3519199.135766694,239.3348967398776,-545.77940378761,4698.75556606408,4736.3973883126,20245890.660908468,0.8265228601395682,1.6336265943833514,2.0593814493842838e-07,7.429629910446213e-06,6.189389320353982,-0.09360295333923124,-0.0016064488582601196,122999.13576669386,-0.04244053716972032,-0.042242046097542556,3402.3631333708763,-16542770277.969324,-1040756555.389712,-205969088.3819435,-16542172218.357853,-1910948797.8131106,16575476544.499815,16653456406.255207,-0.9956211564434456,0.0015994158458874901,0.09346632929118352,0.0016064481673056885,0.9999987096613104,0.0,0.09346620868796267,-0.00015014881339461177,0.9956224411336017,4700.638160509673,-545.3942204410893,-0.11550909217061296,6.269506204142883e-09,146.87283941673462,0.0,-51.05925912510193,-5.013580291632689,0.0,2.951775012324233e-17,2.2820614424304826,1.5707963267948966,20.105895510470372,461.0,0.03334913490126851,0.982615400407853,0.0,0.07035844624336245,-1587.187141828601,-9.37458952649018,149.00341486861814,-0.0890195771948632,0.22250314908485638,-1.7498509289009463,-0.09068867034232049,0.2218280900791691,-1.7498509289009463,-2.281277242246676e-17,1.4780800659281172e-19,1.1793410904514256e-18,-2.2813239065981934e-17,-2.3582290574805224e-20,1.1793410904514256e-18,-1587.2778304989433,-9.15276143641101,147.2535639397172,-1057696.1200994197,192.53690902725688,116692.27021796421,0.00997303992661118,4719.596198807608
106.1065660931394,2001.0,12.0,14.0,14.0,23.0,14.0,1.0,3503760.7823022055,20659.947939408645,-328377.3230662347,241.5590409722161,-295.61543286116273,4698.792875659871,3519175.7727274676,4714.275526819903,3503817.0684088757,-5692.466464933229,-328377.3230662347,3519175.7727274676,238.9253859613356,-545.7826633881562,4698.792875659871,4736.414101835248,20245850.260370426,0.8265225140457726,1.6336265883966774,2.0593814493842838e-07,7.451176619548868e-06,6.189545760492391,-0.09344680311393573,-0.0016246457350427253,122975.77272746712,-0.04236975265333588,-0.04217159351947074,3411.6891823261976,-16542768713.134964,-1040756357.513012,-205970370.84972358,-16542168357.309631,-1910962536.8738713,16575474970.328676,16653454163.403442,-0.9956357098052284,0.0016175567327577375,0.09331086148383327,0.0016246450203411874,0.9999986802634081,0.0,0.09331073833807495,-0.00015159702645345602,0.995637023783841,4700.669197299331,-545.3937741602689,-0.11550824259347141,6.2899488634662785e-09,146.81443181866777,0.0,-50.97164772800166,-5.042784090666111,0.0,2.9516699461178234e-17,2.2820442838168344,1.5707963267948966,20.109965467860675,461.0,0.033458212191094315,0.9865203946643486,0.0,0.0705871660377292,-1587.231556176919,-9.359121057589752,148.75754421828998,-0.08915454317592277,0.22319432366412942,-1.75553779569449,-0.0908306689881258,0.22251747854037257,-1.75553779569449,-2.2886222223279865e-17,1.4851409346545384e-19,1.1811526901159552e-18,-2.288669190369174e-17,-2.3617679775696885e-20,1.1811526901159552e-18,-1587.322386845907,-9.136603579049378,147.00200642259549,-1057698.2307290956,192.6904472322228,116699.5303683893,0.010064969892307823,4719.590315346456
106.32271303939004,2001.0,12.0,14.0,14.0,23.0,14.0,1.0,3503812.9141173745,20596.051103803988,-327361.6858931058,240.81478115760746,-295.6197096949112,4698.861690772434,3519132.6783523713,4714.3063074637885,3503868.6295701726,-5810.436369159663,-327361.6858931058,3519132.678352372,238.16819620533835,-545.7886526113249,4698.861690772434,4736.444925470132,20245775.218012135,0.8265218711862389,1.6336265772809027,2.070135472632919e-07,7.491135491923815e-06,6.1898350139434015,-0.09315808559225028,-0.0016582902092937887,122932.67835237132,-0.042238873918460124,-0.04204132851810612,3428.9638992100954,-16542765806.527588,-1040755990.0359325,-205972730.32188517,-16542161215.22249,-1910987877.1109855,16575472046.383047,16653450006.00514,-0.9956625537661327,0.0016510989781380054,0.0930233997447274,0.0016582894492645505,0.999998625037106,0.0,0.09302327184100448,-0.00015425972233140014,0.9956639227670814,4700.726441639936,-545.3929503652619,-0.11550667551867504,6.327656441675096e-09,146.7066958809283,0.0,-50.81004382139245,-5.096652059535851,0.0,2.951476098109121e-17,2.282012626034552,1.5707963267948966,20.117479037520066,461.0,0.03365941673165535,0.9937740416807819,0.0,0.07100904004372972,-1587.3134843493797,-9.330518050691168,148.30290058690787,-0.08940018190591026,0.22446863913285528,-1.7660271962236866,-0.09108931358954478,0.2237885149616741,-1.7660271962236866,-2.302168796456164e-17,1.4982128099883416e-19,1.184451335372821e-18,-2.302216328480937e-17,-2.368209149941375e-20,1.184451335372821e-18,-1587.4045736629691,-9.106729535729494,146.53687339068418,-1057702.1511603352,192.8439854371887,116706.85712569903,0.010156900198211577,4719.584380304259
106.44145498129711,2001.0,12.0,14.0,14.0,23.0,14.0,1.0,3503841.484656173,20560.94850637565,-326803.7316938792,240.40590008506692,-295.6220532411783,4698.89940203595,3519109.060721208,4714.323173649856,3503896.8854266135,-5875.244567748167,-326803.7316938792,3519109.0607212074,237.75221197281314,-545.7919220755937,4698.89940203595,4736.461815211302,20245733.80142866,0.8265215163835858,1.6336265711481535,2.0754915888881898e-07,7.513141239580638e-06,6.18999392043339,-0.09299947346497099,-0.0016767728199904046,122909.06072120741,-0.0421669732981556,-0.04196976505697299,3438.4716767966747,-16542764202.348671,-1040755787.2579544,-205974020.04888573,-16542157289.81793,-1911001763.4598143,16575470432.637241,16653447716.252575,-0.9956772651736242,0.001669526140387389,0.09286547420241188,0.0016767720342639686,0.9999985942167844,0.0,0.09286534365368694,-0.00015571423009126626,0.9956786648819794,4700.757811472101,-545.39249855035,-0.11550581670048575,6.348845350913334e-09,146.6476518030185,0.0,-50.74765180301851,-5.1,0.0,2.9513698344931645e-17,2.281995271869085,1.5707963267948966,20.121600286135227,461.0,0.033772473504650305,0.9977775171486706,0.0,0.07124699301740828,-1587.3583865687456,-9.314803249612815,148.0531144282476,-0.0895418095936704,0.22519653356383937,-1.7719425458381535,-0.09123831258736334,0.22451455344963528,-1.7719425458381535,-2.3098108297750484e-17,1.505538925809802e-19,1.1863537194433045e-18,-2.3098586770150794e-17,-2.371984392368817e-20,1.1863537194433045e-18,-1587.449624881333,-9.09028869616318,146.28117188240944,-1057704.3148956597,192.99752364215462,116714.25048989337,0.010248830847351197,4719.578393674909
106.57888375061782,2001.0,12.0,14.0,14.0,23.0,14.0,1.0,3503874.4908247525,20520.321345339427,-326157.96473749523,239.932657512846,-295.6247603113084,4698.942965817645,3519081.7764016567,4714.342655668701,3503929.5263372003,-5950.252338876764,-326157.96473749523,3519081.7764016567,237.27074839251705,-545.7956876789747,4698.942965817645,4736.481324436827,20245685.69393701,0.8265211042598912,1.6336265640260434,2.080833918417836e-07,7.538647518474802e-06,6.190177837178753,-0.09281589735357719,-0.0016981638969761393,122881.77640165715,-0.04208375618770682,-0.041886938165678074,3449.4928541630507,-16542762339.017302,-1040755551.7443801,-205975507.02848095,-16542152744.890385,-1911017804.5803065,16575468558.194902,16653445060.833601,-0.9956942603135669,0.0016908536706302507,0.0926826898211497,0.001698163080793228,0.999998558120036,0.0,0.09268255618383624,-0.00015739032208288674,0.9956956959872412,4700.794049181897,-545.3919762820358,-0.11550482455568027,6.373401238508565e-09,146.57944100414286,0.0,-50.67944100414287,-5.1,0.0,2.9512470500254846e-17,2.2819752196437793,1.5707963267948966,20.126364437829377,461.0,0.03390349688087605,1.002427838839518,0.0,0.07152288859567932,-1587.4102616681307,-9.296614008754629,147.76399711372753,-0.08970508236820737,0.22604164878798333,-1.7788009457380654,-0.09141015217191935,0.2253575223270424,-1.7788009457380654,-2.3186710744166004e-17,1.5140465441989057e-19,1.1885475774779463e-18,-2.3187192883159794e-17,-2.3763462437493153e-20,1.1885475774779463e-18,-1587.5016718203026,-9.071256486427586,145.98519616798947,-1057706.8281966317,193.15106184712053,116721.71046097236,0.010340761842755768,4719.572355452343
106.75764000825257,2001.0,12.0,14.0,14.0,23.0,14.0,1.0,3503917.3252696963,20467.476255459056,-325317.9942236476,239.31707856085146,-295.6282729605562,4698.999498046147,3519046.3675937983,4714.367934570071,3503971.8839934915,-6047.817169036891,-325317.9942236476,3519046.3675937983,236.6444762181233,-545.8005561515679,4698.999498046147,4736.506638637578,20245622.84242091,0.8265205658246769,1.6336265547234359,2.0914776396182516e-07,7.571916229948753e-06,6.19041706540646,-0.09257711211379127,-0.0017259873548401078,122846.36759379832,-0.0419755120915655,-0.041779201635243436,3463.85534439981,-16542759904.61838,-1040755244.0890219,-205977432.01495862,-16542146830.400614,-1911038620.4968753,16575466109.282125,16653441598.362278,-0.9957163157214622,0.0017185954765274033,0.09244492974558012,0.0017259864978782082,0.9999985104841952,0.0,0.0924447920473962,-0.00015955870053817081,0.9957177988588608,4700.841073654044,-545.3912980022633,-0.11550353698944178,6.405269165581507e-09,146.4909189844958,0.0,-50.590918984495815,-5.1,0.0,2.951087666761313e-17,2.2819491903814186,1.5707963267948966,20.132552130831417,461.0,0.03407353976074193,1.0085035040469406,0.0,0.07188094166049404,-1587.4775864230874,-9.272952752584455,147.38790226747315,-0.089914325314666,0.22713811031745085,-1.7877016296025212,-0.09163054165108872,0.2264512108426496,-1.7877016296025212,-2.330168764328726e-17,1.5251261219635563e-19,1.1913604118303918e-18,-2.3302174571469356e-17,-2.3819382280048892e-20,1.1913604118303918e-18,-1587.5692169647384,-9.046501541741806,145.60020063787064,-1057710.1117941905,193.30460005208647,116729.237038936,0.010432693187454904,4719.5662656305385
106.80065149956668,2001.0,12.0,14.0,14.0,23.0,14.0,1.0,3503927.615468682,20454.760824416724,-325115.8829554701,239.16895693808817,-295.6291167278172,4699.013078304142,3519037.8612675285,4714.374006662337,3503982.0591845317,-6071.2928900091865,-325115.8829554701,3519037.8612675285,236.49378164278488,-545.8017226012662,4699.013078304142,4736.5127192084665,20245607.674533937,0.826520435884107,1.633626552478871,2.0967792390987746e-07,7.579932307894081e-06,6.190474628081191,-0.09251965601596263,-0.0017326820490918514,122837.86126752803,-0.041949466570017385,-0.041753278241783105,3467.315207377076,-16542759317.128849,-1040755169.8500068,-205977893.65449536,-16542145406.883467,-1911043620.85183,16575465518.290424,16653440763.876654,-0.9957216140670978,0.0017252706931156338,0.09238771953376089,0.0017326811821193704,0.9999984989068339,0.0,0.09238758085118647,-0.00016007846309506966,0.9957231087402517,4700.852369813335,-545.3911349768897,-0.11550322767682404,6.411710985977575e-09,146.4730250389512,0.0,-50.55953755842677,-5.11348748052441,0.0,2.951055338228793e-17,2.2819439107313935,1.5707963267948966,20.1338076916791,461.0,0.034107933857350316,1.009969761959575,0.0,0.07195289103376873,-1587.4937604396987,-9.267259128497876,147.29740230167872,-0.08994640836422862,0.22735395750169757,-1.7894911896408932,-0.09166494818388918,0.2266665296062769,-1.7894911896408932,-2.3324794966510416e-17,1.52750225153164e-19,1.1917968155492735e-18,-2.332528295861706e-17,-2.3827746064097845e-20,1.1917968155492735e-18,-1587.5854253878827,-9.0405925988916,145.50791111203782,-1057710.9042242132,193.45813825705238,116736.83022378424,0.010524624884478449,4719.560124203525
106.87398383301857,2001.0,12.0,14.0,14.0,23.0,14.0,1.0,3503945.1450266233,20433.08159874048,-324771.292513138,238.9164138648098,-295.6305540321849,4699.036212051418,3519023.370570295,4714.38434999332,3503999.392404781,-6111.31787672005,-324771.292513138,3519023.370570295,236.2368518209052,-545.8037068874254,4699.036212051418,4736.52307698177,20245581.77701423,0.8265202140241616,1.6336265486469632,2.0967792390987746e-07,7.593600164168408e-06,6.190572770046721,-0.09242169574879625,-0.0017440961015437427,122823.37057029549,-0.04190506002424176,-0.041709079918022196,3473.2168752402067,-16542758314.05534,-1040755043.1023831,-205978679.35035574,-16542142979.621346,-1911052138.8101428,16575464509.237808,16653439340.023235,-0.9957306398442364,0.0017366516880306044,0.0922901777888748,0.0017440952173245904,0.9999984790647798,0.0,0.09229003742149292,-0.00016096285768761267,0.9957321542883397,4700.871612524163,-545.3908571919276,-0.11550270075841983,6.423303543763602e-09,146.44082348954555,0.0,-50.51123523431833,-5.129588255227225,0.0,2.950997220159812e-17,2.2819344193304407,1.5707963267948966,20.136065261319338,461.0,0.03416981670994858,1.0124732678365809,0.0,0.07208262780524742,-1587.521313612081,-9.257551473605865,147.14309944199562,-0.09000974411726947,0.22774581702862717,-1.792717450764583,-0.09173242881960313,0.22705742162050047,-1.792717450764583,-2.3366457439560776e-17,1.531704119499095e-19,1.192654634317412e-18,-2.3366947295127534e-17,-2.38444256390627e-20,1.192654634317412e-18,-1587.6130460409006,-9.030494051985364,145.35038199123105,-1057712.2572151683,193.6116764620183,116744.49001551713,0.010616556936856817,4719.553931165378
107.02124960591364,2001.0,12.0,14.0,14.0,23.0,15.0,1.0,3503980.2918928303,20389.545124453995,-324079.2818970691,238.40924436065524,-295.6334355715468,4699.082593491011,3518994.316630629,4714.405086166722,3504034.1440145476,-6191.696373909124,-324079.2818970691,3518994.3166306294,235.72087286306635,-545.8076747849902,4699.082593491011,4736.543842107632,20245529.629991572,0.8265197672868462,1.6336265409327833,2.1020674675205215e-07,7.621051722375756e-06,6.190769860840304,-0.0922249698055363,-0.0017670175789432506,122794.31663062889,-0.04181588179240645,-0.04162031983708137,3485.07873095572,-16542756294.279175,-1040754787.9132472,-205980251.95304644,-16542138104.342546,-1911069216.4380329,16575462477.423964,16653436476.515991,-0.9957487363519228,0.001759507352611344,0.09209428965698611,0.0017670166594018401,0.9999984388248441,0.0,0.0920941458816691,-0.00016273214405967303,0.9957502908925385,4700.910192302706,-545.3902999742907,-0.11550164429071495,6.446546695496882e-09,146.37625917917535,0.0,-50.41438876876299,-5.161870410412336,0.0,2.950880676459616e-17,2.2819153862998105,1.5707963267948966,20.140593922507946,461.0,0.03429389450944979,1.0175144227125514,0.0,0.0723427469521999,-1587.576559457544,-9.238055354500563,146.83320923237557,-0.09013534240057634,0.22853128535529782,-1.7991860212261666,-0.09186635207506616,0.22784095701219675,-1.7991860212261666,-2.34499852707106e-17,1.5401490134579196e-19,1.1943565866346134e-18,-2.3450478878928087e-17,-2.3877506746180255e-20,1.1943565866346134e-18,-1587.668425809619,-9.010214397488367,145.0340232111494,-1057714.9815966021,193.7652146669842,116752.21641413466,0.010708489347620698,4719.547686510219
107.21627712779168,2001.0,12.0,14.0,14.0,23.0,15.0,1.0,3504026.7227590526,20331.88809679659,-323162.82548635977,237.7375606812724,-295.6372416901575,4699.143861968979,3518955.9348277515,4714.432475061402,3504080.049436688,-6298.144401807719,-323162.82548635977,3518955.9348277515,235.03752262175914,-545.8128947509416,4699.143861968979,4736.57126924079,20245460.28161301,0.8265191731833457,1.6336265306774733,2.1126042125758308e-07,7.657529713523397e-06,6.191030877711638,-0.09196443604019786,-0.0017973726429752262,122755.93482775148,-0.041697778629237514,-0.04150277044108565,3500.808716699481,-16542753608.262474,-1040754448.6052656,-205982323.86215243,-16542131646.06413,-1911091774.9647462,16575459775.402462,16653432675.751804,-0.9957726423215948,0.0017897764332522126,0.09183485996171709,0.0017973716752254913,0.999998384726226,0.0,0.09183471162327625,-0.00016506137609348983,0.9957742507696269,4700.961154148967,-545.3895633279117,-0.11550024865483208,6.477709469676772e-09,146.2898370693787,0.0,-50.28475560406806,-5.205081465310646,0.0,2.950724682711002e-17,2.2818899105873482,1.5707963267948966,20.14665882695797,461.0,0.034460245171359906,1.0242187014585105,0.0,0.07269147859957623,-1587.6495453565308,-9.212233652060146,146.42277401228347,-0.09030473885626485,0.22958398217714787,-1.8078580020281836,-0.09204689345409435,0.22889106609403903,-1.8078580020281836,-2.356195828013992e-17,1.5514546476992556e-19,1.1966511753809306e-18,-2.3562456914396206e-17,-2.3922113521983615e-20,1.1966511753809306e-18,-1587.741592249985,-8.983342585966106,144.61491601025529,-1057718.6046714988,193.91875287195012,116760.00941963683,0.010800422119801263,4719.541390232215
107.2717360741385,2001.0,12.0,14.0,14.0,23.0,15.0,1.0,3504039.9021371133,20315.49233691264,-322902.21543675574,237.54655189117472,-295.6383219367108,4699.161252156443,3518945.040169273,4714.440248373231,3504093.0789814885,-6328.414650827862,-322902.21543675574,3518945.040169273,234.84319627420825,-545.8143718760855,4699.161252156443,4736.579053404606,20245440.498179253,0.8265190036989429,1.6336265277526474,2.1230886651240339e-07,7.667918054806438e-06,6.191105102717834,-0.09189034839544165,-0.001806004471862768,122745.04016927304,-0.0416641937713227,-0.04146934305504343,3505.286732286215,-16542752842.0078,-1040754351.8216976,-205982910.8107587,-16542129809.056568,-1911098177.7756705,16575459004.582806,16653431593.047766,-0.9957794279199454,0.0017983840550472037,0.09176108514079635,0.0018060034901031994,0.999998369174367,0.0,0.0917609354944666,-0.00016572084001993505,0.9957810518652097,4700.975618757413,-545.3893541159188,-0.11549985250709609,6.487650845538356e-09,146.2626004231826,0.0,-50.24390063477387,-5.218699788408707,0.0,2.950675605634e-17,2.2818818956924356,1.5707963267948966,20.148567681650118,461.0,0.034513293609764795,1.0261313233578317,0.0,0.0728027044961474,-1587.6702630352072,-9.204890344588808,146.30605233817474,-0.09036737360676593,0.22991979886038777,-1.8106234806065074,-0.09211297959391122,0.2292260349762166,-1.8106234806065074,-2.3597668657147652e-17,1.5549317928965132e-19,1.1974937492632551e-18,-2.3598168808756875e-17,-2.3938561951275583e-20,1.1974937492632551e-18,-1587.762376014801,-8.975664309612592,144.49542885756824,-1057719.6382526625,194.07229107691603,116767.86903202362,0.01089235525642998,4719.535042325582
107.40264262410172,2001.0,12.0,14.0,14.0,23.0,15.0,1.0,3504070.969025852,20276.79117742763,-322287.0617654522,237.09568051867873,-295.6408681124651,4699.202243344331,3518919.358895801,4714.458570023847,3504123.7914707167,-6399.865554755678,-322287.0617654522,3518919.3588958015,234.38449406653206,-545.8178457737955,4699.202243344331,4736.597400632269,20245393.68189105,0.8265186026228918,1.633626520832668,2.1283115233608674e-07,7.692449349185733e-06,6.191280306878171,-0.09171546843241056,-0.0018263790949410363,122719.35889580147,-0.041584918463533495,-0.04139043944749006,3515.867038488388,-16542751028.715673,-1040754122.8134371,-205984292.34559527,-16542125471.751518,-1911113269.935106,16575457180.489443,16653429033.757149,-0.9957954229932319,0.0018187019655840839,0.09158694158498205,0.0018263780795777416,0.9999983321701644,0.0,0.09158678883354833,-0.0001672723824863783,0.9957970838133184,4701.0097135866845,-545.3888607403516,-0.11549891869865624,6.511085007581158e-09,146.1983972395037,0.0,-50.14759585925552,-5.250801380248161,0.0,2.950559903668215e-17,2.281863000127467,1.5707963267948966,20.153069391634297,461.0,0.03463834318786699,1.0306575225185508,0.0,0.07306488603508979,-1587.719100637227,-9.187556113049927,146.0305251738419,-0.09051386122100871,0.23071119466381157,-1.8171422513965962,-0.09226761474030004,0.2300154379307501,-1.8171422513965962,-2.3681840818748255e-17,1.563144912555516e-19,1.1994649041217687e-18,-2.3682344560592015e-17,-2.3977032873642062e-20,1.1994649041217687e-18,-1587.8113682519672,-8.957540675119178,144.2133829224453,-1057722.0841674358,194.22582928188194,116775.79525129503,0.010984288760538781,4719.528642784587
107.63116940047516,2001.0,12.0,14.0,14.0,23.0,15.0,1.0,3504125.0617979895,20209.22881610382,-321213.16006610426,236.308550007207,-295.6453006999616,4699.27361071392,3518874.6433838415,4714.490464831244,3504177.263102119,-6524.600236609291,-321213.16006610426,3518874.643383841,233.5836930830824,-545.8238673387133,4699.27361071392,4736.6293399614,20245311.551573582,0.8265178990055703,1.6336265086977753,2.1387189767371642e-07,7.735367735387957e-06,6.191586171057133,-0.09141017010019828,-0.0018619471010725352,122674.64338384103,-0.041446522756314254,-0.04125269262662225,3534.3718677163124,-16542747847.64703,-1040753721.1438354,-205986690.97972602,-16542117895.954643,-1911139545.3676283,16575453980.477207,16653424553.598326,-0.995823272559778,0.0018541723982344153,0.09128292213251944,0.001861946025225099,0.9999982665769972,0.0,0.09128276390060246,-0.0001699638740355768,0.9958249987457376,4701.069072940835,-545.3880009661727,-0.11549729279430579,6.551954869947053e-09,146.09330422980128,0.0,-49.98660845960256,-5.30669577019872,0.0,2.950370256449977e-17,2.28183202838633,1.5707963267948966,20.160452641276585,461.0,0.03485644063328338,1.038598204012765,0.0,0.07352215300272572,-1587.8041391807715,-9.157292219301173,145.5494812878053,-0.09076604525256726,0.2320936883101379,-1.8285127371010759,-0.09253406448065013,0.23139447278378414,-1.8285127371010759,-2.3828727679188856e-17,1.577524247751356e-19,1.2028643127929745e-18,-2.382923772496219e-17,-2.404337127492269e-20,1.2028643127929745e-18,-1587.896673245252,-8.92589774651739,143.7209685507042,-1057726.3750893269,194.37936748684785,116783.78807745111,0.011076222635159892,4719.522191603536
107.77508858594817,2001.0,12.0,14.0,14.0,23.0,15.0,1.0,3504159.0354593433,20166.679584934205,-320536.8412104082,235.8128175739553,-295.64808415349694,4699.318430412579,3518846.559219368,4714.510492618629,3504210.843984767,-6603.155034069549,-320536.8412104082,3518846.559219368,233.07935141089405,-545.8276315323247,4699.318430412579,4736.649395703006,20245259.564521886,0.8265174536246546,1.6336265010191466,2.1439037576225677e-07,7.762460972500825e-06,6.191778798868143,-0.09121789856919707,-0.0018843464370852387,122646.5592193678,-0.0413593635060879,-0.0411659420253082,3546.0492355674505,-16542745834.092941,-1040753466.9367551,-205988193.00720462,-16542113122.241852,-1911156046.2694874,16575451954.934828,16653421724.015064,-0.9958407634466881,0.0018765112155201262,0.09109145164929192,0.001884345321941308,0.9999982246197778,0.0,0.09109128992733025,-0.00017164775078418607,0.9958425314458229,4701.106350672786,-545.3874604952708,-0.11549627163383563,6.577932722084785e-09,146.05819902420976,0.0,-49.9163980484195,-5.34180097579025,0.0,2.9503058677466313e-17,2.2818215129130697,1.5707963267948966,20.162960659461508,461.0,0.034995076794856285,1.0436247036035184,0.0,0.07381292516178915,-1587.8575512765988,-9.138230924760473,145.24650240698244,-0.09092657001868566,0.23298568876894174,-1.8357488181202841,-0.0927037593293842,0.23228427693819645,-1.8357488181202841,-2.392257561243093e-17,1.5866976837855373e-19,1.2050480489965052e-18,-2.3923089681077348e-17,-2.4086074873973964e-20,1.2050480489965052e-18,-1587.9502550359282,-8.905946647822276,143.41075358886215,-1057729.0911856834,194.53290569181377,116791.8475104918,0.011168156883325987,4719.515688776794
108.00391185380055,2001.0,12.0,14.0,14.0,23.0,16.0,1.0,3504212.9047377645,20099.027919129014,-319461.5196772866,235.02459698735746,-295.65249686204504,4699.3894917676635,3518802.0284194015,4714.5422424055305,3504264.0862164414,-6728.05377696919,-319461.5196772866,3518802.028419402,232.2774426397406,-545.8335718166319,4699.3894917676635,4736.681189801325,20245176.486934915,0.8265167418808335,1.6336264887516725,2.1542358837725204e-07,7.805634462919291e-06,6.192085072235428,-0.09091219155007355,-0.00191995961044899,122602.02841940196,-0.04122078233677205,-0.04102801058453631,3564.653966650367,-16542742616.356413,-1040753060.7584506,-205990567.56295934,-16542105527.956802,-1911182207.643009,16575448718.043968,16653417212.175858,-0.9958684966970163,0.0019120296403805758,0.0907870113456722,0.0019199584308756518,0.9999981568781133,0.0,0.09078684401414457,-0.0001743072878471268,0.9958703322074218,4701.165453061188,-545.3866027445308,-0.11549465247697738,6.619123712053181e-09,146.00253552425247,0.0,-49.805071048504914,-5.397464475747542,0.0,2.9502037593351176e-17,2.281804837343986,1.5707963267948966,20.166939226723144,461.0,0.03521490788457355,1.051657552797063,0.0,0.07427396710920972,-1587.9422465282735,-9.10792135483122,144.76473234540788,-0.09117702285692152,0.2343995944417425,-1.8472222594395507,-0.09296879650994852,0.23369472019495163,-1.8472222594395507,-2.4071372341479765e-17,1.6013029250887494e-19,1.2084580133176644e-18,-2.407189283705112e-17,-2.4152727857511987e-20,1.2084580133176644e-18,-1588.0352153247834,-8.874226634636267,142.91751008596833,-1057733.4316556528,194.68644389677968,116799.97355041713,0.011260091508070023,4719.509134298768
108.05197372143428,2001.0,12.0,14.0,14.0,23.0,16.0,1.0,3504224.1964801536,20084.81828575594,-319235.65788397804,234.85903437182495,-295.65342170407797,4699.404386334616,3518792.694147691,4714.548896563957,3504275.2458563717,-6754.287587648906,-319235.65788397804,3518792.694147691,232.10900497032628,-545.8348125564518,4699.404386334616,4736.687853245967,20245158.9722987,0.8265165918282439,1.6336264861659362,2.159383408157448e-07,7.814732107747953e-06,6.192149402625395,-0.09084798009771929,-0.0019274396985568985,122592.69414769113,-0.04119167439260813,-0.04099903910889221,3568.5674646496773,-16542741937.986414,-1040752975.1357069,-205991064.19839942,-16542103932.203747,-1911187690.996974,16575448035.636353,16653416262.514385,-0.9958743098689887,0.0019194900565987743,0.09072306487816614,0.001927438505143064,0.9999981424886792,0.0,0.09072289635904608,-0.00017486312855076976,0.9958761597202295,4701.177840820239,-545.3864228285379,-0.11549431308166927,6.62700703412062e-09,145.98376477264696,0.0,-49.77564715897046,-5.4,0.0,2.950169766176318e-17,2.281799285839859,1.5707963267948966,20.168264100732202,461.0,0.035256991659158625,1.053351101884646,0.0,0.07436244050056587,-1587.9600004449273,-9.101554656811444,144.66353378436,-0.09121895759325858,0.23466710746651148,-1.8494228180208503,-0.09301357500921306,0.2339615874777427,-1.8494228180208503,-2.4099811715214014e-17,1.604188712238661e-19,1.2090284133844628e-18,-2.4100333504438177e-17,-2.4163978686791975e-20,1.2090284133844628e-18,-1588.0530140199367,-8.867593069333703,142.81411096633914,-1057734.3467295375,194.8399821017456,116808.16619722708,0.011352026512425409,4719.502528163915
108.1083284683492,2001.0,12.0,14.0,14.0,23.0,16.0,1.0,3504237.4264314747,20068.15678146547,-318970.82364734635,234.66490223878685,-295.65450524407083,4699.421837175859,3518781.757662438,4714.556692472706,3504288.3207354923,-6785.048011290104,-318970.82364734635,3518781.757662438,231.9115017055542,-545.8362643109144,4699.421837175859,4736.6956600340645,20245138.40982001,0.8265164156635804,1.6336264831305625,2.159383408157448e-07,7.825394137943927e-06,6.192224833387641,-0.09077268878867235,-0.0019362104117669808,122581.75766243879,-0.041157543788753366,-0.04096506852065727,3573.1579376757145,-16542741141.569235,-1040752874.6185889,-205991645.59438637,-16542102060.937006,-1911194115.385186,16575447234.479286,16653415148.226925,-0.9958811208181965,0.0019282378046081151,0.09064808380137841,0.0019362092019872003,0.9999981255452063,0.0,0.0906479138856432,-0.00017551365399873575,0.9958829875558365,4701.192354544762,-545.3862119818632,-0.11549391543088029,6.635999255328103e-09,145.95946147208622,0.0,-49.73919220812931,-5.4,0.0,2.950125840587383e-17,2.2817921122467926,1.5707963267948966,20.16997635454818,461.0,0.03530499926404932,1.0553393707349308,0.0,0.07446344411726451,-1587.980802067904,-9.094089190842434,144.54487031935648,-0.09126460242735784,0.23497113739454634,-1.851934611623653,-0.09306248282588993,0.2342648871576605,-1.851934611623653,-2.4132237738495727e-17,1.607513446673705e-19,1.2096490854050393e-18,-2.4132761026671224e-17,-2.41762624955238e-20,1.2096490854050393e-18,-1588.07386455073,-8.859824303684773,142.69293570773283,-1057735.42104375,194.99352030671153,116816.42545092168,0.011443961899425844,4719.495870366737
108.19585225158868,2001.0,12.0,14.0,14.0,23.0,16.0,1.0,3504257.9519969826,20042.279907045457,-318559.51128390693,234.36339323925208,-295.65618619297675,4699.448910474084,3518764.79028471,4714.568786504324,3504308.6050838465,-6832.821764623917,-318559.51128390693,3518764.7902847105,231.6047570497908,-545.8385124415062,4699.448910474084,4736.707770942652,20245106.419767644,0.8265161415947726,1.6336264784089942,2.1645186910530892e-07,7.841961716135012e-06,6.192341984779269,-0.09065575396663655,-0.0019498320141095986,122564.79028471047,-0.041104535583444735,-0.04091230883343634,3580.2908829301596,-16542739902.5455,-1040752718.2511053,-205992546.56052643,-16542099154.34305,-1911204082.110176,16575445988.08222,16653413416.018656,-0.9958916875487736,0.0019418239558066793,0.09053162978197575,0.001949830778616689,0.9999980990781606,0.0,0.09053145768842354,-0.0001765213581872276,0.9958935806646307,4701.214871021391,-545.3858847613874,-0.11549329849934202,6.649950210349169e-09,145.9217561882455,0.0,-49.682634282368234,-5.4,0.0,2.9500576861226026e-17,2.2817809817780192,1.5707963267948966,20.172633662908662,461.0,0.03537948139839958,1.0584326427825494,0.0,0.07462014641058505,-1588.0130752684793,-9.082494207494435,144.36056822863037,-0.09133487008946144,0.23544274489098363,-1.8558315373943595,-0.0931378185799788,0.2347353645410562,-1.8558315373943595,-2.418254345646801e-17,1.6126796068675157e-19,1.2106049450537535e-18,-2.418306907678282e-17,-2.4195178409851577e-20,1.2106049450537535e-18,-1588.1062130870594,-8.847758842953379,142.50473669123602,-1057737.092411181,195.14705851167744,116824.7513115009,0.011535897672105378,4719.489160901795
108.37742892401913,2001.0,12.0,14.0,14.0,23.0,16.0,1.0,3504300.450131607,19988.595324508075,-317706.1958976812,233.73786368467015,-295.65966618021434,4699.504962725197,3518729.6593582467,4714.593823629394,3504350.601328359,-6931.933727010341,-317706.1958976812,3518729.6593582467,230.96836562176088,-545.8431509154165,4699.504962725197,4736.732843004555,20245039.839166336,0.8265155711746224,1.6336264685847484,2.1696418193818725e-07,7.876345607305477e-06,6.192585030360645,-0.09041315762940022,-0.001978091085745761,122529.65935824672,-0.040994563183599814,-0.04080285200882598,3595.1029371768236,-16542737323.782135,-1040752392.8502936,-205994407.9855081,-16542093122.886047,-1911224716.73788,16575443393.975653,16653409816.017408,-0.9959135655699932,0.0019700103156758573,0.09029002698537093,0.001978089795752261,0.9999980435784662,0.0,0.09028985034001785,-0.00017860178103795853,0.9959155140005507,4701.261488224792,-545.385206848944,-0.11549202115360485,6.678835638774923e-09,145.84368746277048,0.0,-49.56553119415572,-5.4,0.0,2.949916548291105e-17,2.2817579322209394,1.5707963267948966,20.178138854295906,461.0,0.03553369992091266,1.0648707377337259,0.0,0.07494460028983942,-1588.0798991326324,-9.058437453773587,143.97818643548482,-0.09147823490477916,0.2364189025551378,-1.8639001579967625,-0.0932916991545644,0.23570919331991264,-1.8639001579967625,-2.4286695403374813e-17,1.6234071913581815e-19,1.2125566018825182e-18,-2.4287225877992237e-17,-2.423379419065397e-20,1.2125566018825182e-18,-1588.173190831787,-8.822728260453674,142.11428627748805,-1057740.5710297562,195.30059671664335,116833.14377896478,0.011627833833498413,4719.4823997636895
108.51068636075912,2001.0,12.0,14.0,14.0,23.0,16.0,1.0,3504331.566851962,19949.196305439782,-317079.9491771538,233.27877657569007,-295.6622138371132,4699.546001096949,3518703.9368265336,4714.612152523051,3504381.3484613756,-7004.671611723339,-317079.9491771538,3518703.936826533,230.5013070927171,-545.8465331586032,4699.546001096949,4736.751197472699,20244990.792490117,0.8265151509711467,1.6336264613500429,2.1798519549262258e-07,7.901648962424212e-06,6.1927634022841485,-0.09023511535806372,-0.00199882991791376,122503.9368265327,-0.040913854020372765,-0.04072252122156128,3605.9852509200573,-16542735424.13767,-1040752153.1825321,-205995767.45432723,-16542088695.218618,-1911239823.9610553,16575441483.031046,16653407168.546124,-0.995929584124638,0.0019906965000416454,0.09011271049508175,0.0019988285869194876,0.9999980023401447,0.0,0.09011253048053754,-0.00018011986178236914,0.9959315736571612,4701.295618210007,-545.3847101409575,-0.11549108590165251,6.700911594130614e-09,145.78484206633178,0.0,-49.477263099497634,-5.407578966834121,0.0,2.949810201179835e-17,2.281740564419653,1.5707963267948966,20.182289055450823,461.0,0.03565154804284057,1.0696134556827754,0.0,0.07519230998598835,-1588.1288288642907,-9.040780862469196,143.69753510379937,-0.09159360254571076,0.2371647107758775,-1.8700599778195197,-0.0934150261165123,0.23645321093264643,-1.8700599778195197,-2.4366212666788448e-17,1.631508872954592e-19,1.2141230005850993e-18,-2.4366746790689193e-17,-2.4264657941007865e-20,1.2141230005850993e-18,-1588.222243890407,-8.80432765153655,141.82747512597984,-1057743.1335727517,195.45413492160927,116841.60285331326,0.011719770386639738,4719.475586947076
108.5859738892146,2001.0,12.0,14.0,14.0,23.0,16.0,1.0,3504349.12007049,19926.93657398765,-316726.13110213744,233.01939616297528,-295.66365084916765,4699.569150169717,3518689.42651422,4714.622490788476,3504398.6924015563,-7045.767119792062,-316726.13110213744,3518689.4265142204,230.23742300587102,-545.8484358491804,4699.569150169717,4736.761550162548,20244963.005880434,0.8265149129105307,1.633626457252254,2.1798519549262258e-07,7.915939472557611e-06,6.192864179633794,-0.0901345242344762,-0.0020105468140279234,122489.42651422042,-0.04086825457647726,-0.04067713555181544,3612.1395109295845,-16542734347.926125,-1040752017.4179578,-205996533.0501191,-16542086192.929026,-1911248345.574542,16575440400.418549,16653405670.444206,-0.9959386202132591,0.0020023839179156913,0.09001252816333416,0.002010545459489805,0.9999979788514352,0.0,0.09001234623464205,-0.0001809742797959897,0.9959406331572405,4701.314870149595,-545.3844298029686,-0.11549055832060616,6.71505914863509e-09,145.74856628555105,0.0,-49.42284942832658,-5.425716857224475,0.0,2.9497447381544476e-17,2.281729873496289,1.5707963267948966,20.18484462933649,461.0,0.03572704189428778,1.0723004189905239,0.0,0.07535060181920834,-1588.1564312877802,-9.030804691972465,143.53896396505098,-0.0916803017561611,0.23764262663099633,-1.8739957129427933,-0.09350666300458135,0.2369299468111356,-1.8739957129427933,-2.44170350546286e-17,1.636492845646542e-19,1.2152915675847462e-18,-2.441757137935183e-17,-2.428747740617127e-20,1.2152915675847462e-18,-1588.2499379507847,-8.793874745161329,141.6649682521082,-1057744.5853459947,195.60767312657518,116850.1285345464,0.011811707334564398,4719.468722446659
108.75065260238158,2001.0,12.0,14.0,14.0,23.0,16.0,1.0,3504387.4466886427,19878.246805948696,-315952.20793785725,232.4520297033428,-295.6667881191502,4699.61969233156,3518657.7439281913,4714.645060687018,3504436.5600768225,-7135.657079216004,-315952.20793785725,3518657.7439281917,229.66020553107137,-545.8525770018699,4699.61969233156,4736.784151549946,20244902.02449877,0.8265143904524056,1.6336264482614957,2.1900144899933185e-07,7.947279761253408e-06,6.193084615835374,-0.08991449531478547,-0.002036175315313794,122457.74392819172,-0.04076851216905661,-0.04057786073918077,3625.618123292923,-16542731986.041868,-1040751719.5044876,-205998201.43951866,-16542080717.276712,-1911266950.78609,16575438024.48905,16653402387.291958,-0.9959583497781478,0.002027948609531381,0.08979339024463674,0.002036173908313578,0.9999979269957588,0.0,0.08979320410255794,-0.0001828349583551483,0.9959604144083108,4701.35690297867,-545.3838173288824,-0.11548940637950626,6.745949670013081e-09,145.6693598204793,0.0,-49.30403973071892,-5.46532008976036,0.0,2.9496017780695976e-17,2.2817065263426524,1.5707963267948966,20.19042788951442,461.0,0.03589188237460733,1.0781974752662844,0.0,0.07569621782196759,-1588.2167016897586,-9.008982042596566,143.1920931165361,-0.09186763881609321,0.2386857947750821,-1.8825890174885846,-0.09370480131696103,0.2379705483861514,-1.8825890174885846,-2.452799402050862e-17,1.6474034503365207e-19,1.217817619484312e-18,-2.4528535173793622e-17,-2.4336790205506774e-20,1.217817619484312e-18,-1588.3104064910756,-8.771011494210414,141.30950409904753,-1057747.7714679204,195.7612113315411,116858.72082266417,0.011903644680307857,4719.46180625719
108.94274243457492,2001.0,12.0,14.0,14.0,23.0,16.0,1.0,3504432.0347944386,19821.45187170659,-315049.4531321769,231.7901966515997,-295.67043727441256,4699.678486891792,3518620.885285409,4714.671312286293,3504480.610797957,-7240.510270115346,-315049.4531321769,3518620.885285409,228.98688175844762,-545.8573716269839,4699.678486891792,4736.810439771735,20244830.54073916,0.8265137780104378,1.6336264377265004,2.200130084191774e-07,7.983880305726492e-06,6.193341748995496,-0.0896578371363225,-0.002066069347172213,122420.88528540917,-0.04065216509173601,-0.04046205908891122,3641.3697652220726,-16542729217.394337,-1040751370.3533942,-206000136.76982892,-16542074326.169008,-1911288593.2588062,16575435239.38174,16653398546.710226,-0.9959813020645145,0.002057769366513619,0.08953776590416106,0.002066067877287273,0.9999978656794856,0.0,0.08953757480187047,-0.00018499110193865483,0.9959834278123766,4701.405797801343,-545.3831041516763,-0.11548806625585718,6.782114714590835e-09,145.58860660676146,0.0,-49.16581982028437,-5.5,0.0,2.949455636926813e-17,2.281682659682831,1.5707963267948966,20.19613868053388,461.0,0.03608487459045146,1.0851103965564306,0.0,0.07610120590682674,-1588.2868217219113,-8.983524429251302,142.78744447953977,-0.09208603185893362,0.23990778330226248,-1.8926613206657679,-0.09393586424108237,0.2391895381529276,-1.8926613206657679,-2.4658179510619162e-17,1.6602179749945416e-19,1.2207698229936788e-18,-2.465872634416198e-17,-2.4394648913694446e-20,1.2207698229936788e-18,-1588.3807575861524,-8.744334891098374,140.894783158874,-1057751.5063367933,195.914749536507,116867.37971766657,0.011995582426905802,4719.454838373476
109.06638965050546,2001.0,12.0,14.0,14.0,23.0,17.0,1.0,3504460.6686681216,19784.892900393905,-314468.3486365513,231.36416269693535,-295.6727803328035,4699.7162411940435,3518597.2151587764,4714.688167477596,3504508.897592279,-7308.004204126432,-314468.3486365513,3518597.2151587764,228.553451297151,-545.8604374849972,4699.7162411940435,4736.827318475333,20244784.323256925,0.8265133820363241,1.6336264309175772,2.205170480452295e-07,8.007526877779349e-06,6.193507267034669,-0.08949262478338732,-0.0020853117582697255,122397.21515877638,-0.040577271762747356,-0.04038751684850795,3651.526231467724,-16542727427.34229,-1040751144.6520073,-206001376.41077986,-16542070209.828068,-1911302490.4268394,16575433438.690245,16653396068.186098,-0.9959960414037154,0.0020769652669086927,0.08937321591734419,0.0020853102469316235,0.9999978257382233,0.0,0.08937302159657697,-0.00018637088295367032,0.9959982069645466,4701.437194501882,-545.382645787551,-0.11548720565355251,6.805784841223625e-09,145.55901894847045,0.0,-49.077056845411406,-5.5,0.0,2.949401292144389e-17,2.2816737845063373,1.5707963267948966,20.19826317455297,461.0,0.036211191475330244,1.0895800154255073,0.0,0.07636698890738776,-1588.3318536349666,-8.967136054745644,142.52695131238238,-0.0922318646216044,0.2407097572212896,-1.8992769997154606,-0.09408998890139764,0.23998953740037296,-1.8992769997154606,-2.474395685579631e-17,1.6686172926390397e-19,1.2227529347299979e-18,-2.4744507404641654e-17,-2.4433989371117485e-20,1.2227529347299979e-18,-1588.425943623868,-8.727146517345272,140.62767431266693,-1057753.921112407,196.06828774147291,116876.10521955359,0.012087520577394349,4719.44781879037
109.29027299148136,2001.0,12.0,14.0,14.0,23.0,17.0,1.0,3504512.380894716,19718.696216700977,-313416.15282779315,230.59272832446175,-295.67701108979225,4699.784419181498,3518554.4673456755,4714.718601149414,3504559.9790482298,-7430.213880328867,-313416.15282779315,3518554.4673456755,227.7686243710445,-545.8659480223185,4699.784419181498,4736.857794597528,20244700.23027338,0.8265126615536481,1.6336264185336513,2.215216867226144e-07,8.050420427707086e-06,6.193806969809792,-0.08919347539267498,-0.0021201528270854107,122354.46734567545,-0.040441662605133995,-0.04025254339384604,3669.9504409879446,-16542724170.339159,-1040750734.0697315,-206003608.8148069,-16542062751.60316,-1911327585.7699337,16575430162.333754,16653391567.634102,-0.9960226597520876,0.002111723422014855,0.08907525966600363,0.0021201512387209764,0.9999977524768368,0.0,0.08907505946729426,-0.00018885302212027022,0.9960248983411177,4701.493890535012,-545.3818172448543,-0.11548565143579266,6.8485326543245355e-09,145.50558418209434,0.0,-48.91675254628299,-5.5,0.0,2.949303135561722e-17,2.281657754319881,1.5707963267948966,20.20210156713624,461.0,0.036439323959664024,1.0977126457405022,0.0,0.07684699128420758,-1588.4131839438935,-8.937459377100538,142.055240531221,-0.0924913090963316,0.24215747424753725,-1.911224968146144,-0.09436444905774727,0.24143370797452382,-1.911224968146144,-2.489886403222614e-17,1.6838443730620748e-19,1.2262837282134183e-18,-2.4899421337992788e-17,-2.4504022546033984e-20,1.2262837282134183e-18,-1588.5075483929513,-8.696025669126014,140.14401556307484,-1057758.3148392625,196.22182594643883,116884.89732832526,0.01217945913480982,4719.440747502778
109.3610789350589,2001.0,12.0,14.0,14.0,23.0,17.0,1.0,3504528.6995927,19697.760479663768,-313083.37939553225,230.34874418666516,-295.6783459760372,4699.805932454705,3518540.977520447,4714.728203296976,3504576.0976329176,-7468.864495194605,-313083.37939553225,3518540.977520447,227.5204046744545,-545.8676798872406,4699.805932454705,4736.867410137753,20244673.526373997,0.8265124327614338,1.6336264146024517,2.2202230134235873e-07,8.06402052873794e-06,6.193901756086859,-0.08909886410100955,-0.0021311716394580467,122340.97752044722,-0.04039877378518066,-0.04020985562305011,3675.786136522889,-16542723136.073023,-1040750603.7109023,-206004311.5851118,-16542060391.571062,-1911335504.3307548,16575429121.923323,16653390140.89597,-0.9960310594713122,0.0021227163596821298,0.08898102406531169,0.0021311700261996453,0.9999977290545811,0.0,0.08898082199426272,-0.00018963369138854158,0.9960333214086206,4701.511780410346,-545.3815555847426,-0.11548516097882516,6.861120231597493e-09,145.4799500454383,0.0,-48.85990009087658,-5.510024977280856,0.0,2.94925658748778e-17,2.281650152442511,1.5707963267948966,20.203922346106417,461.0,0.03650651356647192,1.100295221351799,0.0,0.07698799269800914,-1588.4388500911573,-8.928072984342961,141.90604380197857,-0.09255928528135113,0.2425788818151513,-1.9147330736635095,-0.0944369015514444,0.24185410234239668,-1.9147330736635095,-2.4944221871952657e-17,1.688429156476748e-19,1.2272086936649174e-18,-2.494478124563779e-17,-2.4522125577217214e-20,1.2272086936649174e-18,-1588.5332869927088,-8.686218882000565,139.99131072831506,-1057759.710083874,196.37536415140474,116893.75604398156,0.012271398102188951,4719.433624505656
109.41898756860698,2001.0,12.0,14.0,14.0,23.0,17.0,1.0,3504542.0329960296,19680.638119095423,-312811.21954702865,230.1491988484096,-295.67943659426896,4699.823509657737,3518529.955482434,4714.736048273206,3504589.267150671,-7500.474987550321,-312811.21954702865,3518529.955482434,227.31739528707337,-545.8690923994819,4699.823509657737,4736.8752660555365,20244651.6511902,0.8265122453399009,1.6336264113826486,2.2202230134235873e-07,8.075109599223927e-06,6.193979277562094,-0.08902148572902827,-0.002140183332227677,122329.95548243402,-0.0403636969166825,-0.04017494318258183,3680.561159297824,-16542722288.828003,-1040750496.9331352,-206004885.18660042,-16542058461.092909,-1911341974.0549166,16575428269.64561,16653388972.96044,-0.9960379225107803,0.0021317070147046434,0.08890395236215586,0.0021401816984175544,0.9999977098085264,0.0,0.08890374875508218,-0.00019027061176247207,0.9960402036335619,4701.526397045709,-545.3813417256155,-0.11548476024604798,6.871040065809382e-09,145.45545662763115,0.0,-48.81091325526231,-5.522271686184423,0.0,2.949212252670526e-17,2.2816429120173884,1.5707963267948966,20.20565686606199,461.0,0.03655946904355146,1.102410831164345,0.0,0.07709896213348358,-1588.459821285552,-8.920396050355876,141.78401891587515,-0.09260927758947347,0.24290886115999644,-1.9174932697075797,-0.09449044434709647,0.2421832963950628,-1.9174932697075797,-2.497985498841923e-17,1.6920848797550882e-19,1.2278888291686706e-18,-2.4980416024818493e-17,-2.4535318367663407e-20,1.2278888291686706e-18,-1588.554311729899,-8.678212753960814,139.86652564616756,-1057760.8530370053,196.52890235637068,116902.6813665225,0.012363337482568706,4719.426449794012
109.50991422519265,2001.0,12.0,14.0,14.0,23.0,17.0,1.0,3504562.945448388,19653.7528987241,-312383.87905514386,229.83587253205604,-295.6811470270438,4699.851077312264,3518512.668231624,4714.748351494813,3504609.9218693175,-7550.109139632431,-312383.87905514386,3518512.668231624,226.99862981335656,-545.87130322366,4699.851077312264,4736.887586436213,20244617.24073049,0.8265119505180564,1.6336264063187904,2.2252178971570895e-07,8.092592774973363e-06,6.194101000760755,-0.08889998721276644,-0.0021543331861600228,122312.66823162418,-0.04030861965786958,-0.04012012410448999,3688.062515243888,-16542720956.081835,-1040750328.984662,-206005783.7396202,-16542055429.378061,-1911352120.9117358,16575426928.983892,16653387137.206177,-0.9960486865692333,0.002145824060206398,0.08878293429937983,0.0021543315197293015,0.999997679425159,0.0,0.08878272827193619,-0.0001912678737752097,0.9960509979801195,4701.549321227164,-545.3810061853051,-0.11548413172912846,6.886598591538231e-09,145.4170405147204,0.0,-48.73408102944084,-5.541479742639791,0.0,2.94914271031723e-17,2.2816315548892203,1.5707963267948966,20.208378204720887,461.0,0.036642526779930275,1.1057388176965168,0.0,0.07727300749891627,-1588.4927136555368,-8.908341428467402,141.59241065623382,-0.09268705583565648,0.24342628712180933,-1.9218223841685627,-0.09457379752887421,0.24269949402987878,-1.9218223841685627,-2.5035740323692102e-17,1.6978277398971746e-19,1.2289474152318176e-18,-2.5036303975549066e-17,-2.4555846398212357e-20,1.2289474152318176e-18,-1588.5872874530658,-8.665641934437524,139.67058827206526,-1057762.650948856,196.6824405613366,116911.67329594807,0.012455277278986371,4719.4192233629055
109.74575335935666,2001.0,12.0,14.0,14.0,23.0,17.0,1.0,3504617.0539075495,19584.01919091719,-311275.4618308941,229.0231586115715,-295.6855718703339,4699.922400221382,3518467.939527848,4714.780178618662,3504663.359532041,-7678.847627729198,-311275.4618308941,3518467.939527848,226.17180821507907,-545.8769972552934,4699.922400221382,4736.919457945897,20244527.62835151,0.826511182731871,1.633626393137061,2.2401357260902137e-07,8.137985120452139e-06,6.194416723238842,-0.08858484741488287,-0.002191033646377326,122267.9395278478,-0.040165761564632925,-0.0399779356622854,3707.5410869270563,-16542717485.324747,-1040749891.704592,-206008102.39695448,-16542047562.755041,-1911378372.2390277,16575423437.6189,16653382364.810047,-0.9960765366537179,0.002182440698538706,0.08846903458573648,0.002191031893321341,0.9999975996867405,0.0,0.0884688222323397,-0.00019383847634869738,0.9960789275551751,4701.608629465428,-545.3801373343294,-0.11548250553195023,6.926854424936983e-09,145.31764339521735,0.0,-48.535286790434654,-5.591178302391336,0.0,2.948962741048431e-17,2.2816021636771704,1.5707963267948966,20.215424294159646,461.0,0.03685743439553773,1.1144059204672967,0.0,0.077723317936702,-1588.5778221701012,-8.877072181383442,141.0953857851536,-0.09288470874619849,0.24476437232288775,-1.9330231761676488,-0.09478591052380013,0.2440344202026786,-1.9330231761676488,-2.5180322402703323e-17,1.7127386311964198e-19,1.2316399934905836e-18,-2.5180892865131203e-17,-2.460802827103221e-20,1.2316399934905836e-18,-1588.672608080625,-8.633037761180763,139.16236260898597,-1057767.3331340533,196.8359787663025,116920.73183225826,0.012547217494479512,4719.411945207445
109.81626904781145,2001.0,12.0,14.0,14.0,23.0,17.0,1.0,3504633.1950652944,19563.168672709056,-310944.04281691124,228.78014941345674,-295.6868916547841,4699.9436752103375,3518454.5964507507,4714.789671322758,3504679.2994761257,-7717.340579661893,-310944.04281691124,3518454.5964507507,225.92458084104913,-545.8786884828511,4699.9436752103375,4736.928963887638,20244500.733146183,0.826510952296011,1.6336263891824385,2.2401357260902137e-07,8.151575325776798e-06,6.194511125499984,-0.08849061935094632,-0.0022020069304036737,122254.59645075118,-0.04012304639829269,-0.03993542072102915,3713.371267348528,-16542716443.654203,-1040749760.4909747,-206008792.331277,-16542045209.751844,-1911386202.6153572,16575422389.765003,16653380934.799398,-0.9960848444687844,0.002193389275918688,0.08837517560424875,0.002202005150876235,0.9999975755837188,0.0,0.08837496134603416,-0.00019460259189014754,0.9960872593989536,4701.626320276294,-545.3798779549496,-0.11548202042331274,6.939538637980046e-09,145.29324556343897,0.0,-48.479736690316905,-5.6,0.0,2.948918374535404e-17,2.281594918075735,1.5707963267948966,20.217162094410405,461.0,0.03692514098145628,1.1170072454442272,0.0,0.07786543743568877,-1588.6032119564586,-8.867721915454997,140.94676323137116,-0.09295211544178088,0.24518925399224234,-1.9365592972391623,-0.09485784219876384,0.24445829053597037,-1.9365592972391623,-2.5226052086589977e-17,1.7173769418007413e-19,1.232558768644133e-18,-2.5226624650744197e-17,-2.4626031308209136e-20,1.232558768644133e-18,-1588.6980697986573,-8.623263624919026,139.010203934132,-1057768.7383981273,196.98951697126842,116929.85697545312,0.012639158132086034,4719.404615322795
109.89990137395858,2001.0,12.0,14.0,14.0,23.0,17.0,1.0,3504652.3164293338,19538.43962474775,-310550.97454029537,228.49193297605052,-295.68845498870036,4699.968877348971,3518438.789785093,4714.800915616446,3504698.1818131255,-7762.993767832214,-310550.97454029537,3518438.789785094,225.6313616083924,-545.880687552143,4699.968877348971,4736.940223861032,20244468.76760887,0.8265106784170453,1.6336263844831234,2.2450863083182865e-07,8.167712359850653e-06,6.194623088449658,-0.08837886298314131,-0.002215021285485772,122238.78978509363,-0.04007238534322533,-0.0398849971349853,3720.2912211567163,-16542715205.607153,-1040749604.5547539,-206009608.60590988,-16542042418.257555,-1911395478.2969007,16575421144.369781,16653379236.681187,-0.9960946860829694,0.0022063745404268856,0.08826385595847294,0.002215019474219271,0.9999975468413554,0.0,0.08826363943323169,-0.0001955061598177022,0.9960971296672538,4701.647276435509,-545.3795705602582,-0.11548144574931438,6.955740470279035e-09,145.27348723136703,0.0,-48.42046169410109,-5.6,0.0,2.94888205438839e-17,2.281588986545593,1.5707963267948966,20.21858495457465,461.0,0.03701160816562366,1.1200990040330532,0.0,0.078047356145283,-1588.6332901345957,-8.856631934543294,140.77048788140527,-0.09304777222548677,0.24573757317477754,-1.9410875169373496,-0.09495921658471278,0.24500528559925563,-1.9410875169373496,-2.528475504871697e-17,1.7231869016816665e-19,1.233862607629209e-18,-2.5285330211192787e-17,-2.465188716659496e-20,1.233862607629209e-18,-1588.7282493511805,-8.61162664894404,138.82940036446792,-1057770.4085899442,197.14305517623433,116939.04872553257,0.01273109919484406,4719.397233704166
110.0785918170259,2001.0,12.0,14.0,14.0,23.0,18.0,1.0,3504693.090733371,19485.602625716256,-309711.1302149628,227.8761058435727,-295.6917881645108,4700.022614815916,3518405.083716619,4714.824888899205,3504738.444005381,-7860.537809728721,-309711.1302149628,3518405.0837166184,225.0048454236345,-545.8849342755849,4700.022614815916,4736.96423057154,20244400.22026512,0.8265100911037817,1.63362637440885,2.2598729860936304e-07,8.20227376076978e-06,6.194862313932154,-0.08814007882171092,-0.002242827747372562,122205.08371661836,-0.03996414038712033,-0.03977725955982069,3735.0964687913656,-16542712550.72573,-1040749270.2131201,-206011345.43215263,-16542036450.820034,-1911415256.0641685,16575418473.73398,16653375600.634853,-0.9961156719064306,0.0022341196146253147,0.08802600122661366,0.0022428258670324896,0.9999974848629021,0.0,0.0880257798291524,-0.0001974269925224828,0.9961181772802121,4701.691959650798,-545.3789146126118,-0.11548022032499967,6.990289190466186e-09,145.23135464577294,0.0,-48.29406393731883,-5.6,0.0,2.9488045990447007e-17,2.281576337128023,1.5707963267948966,20.221619997354786,461.0,0.03719599434864549,1.126729099299925,0.0,0.07843528075092161,-1588.697430776406,-8.832935160701213,140.39382739571283,-0.0932493435192341,0.24690642476371177,-1.9507435783115081,-0.09517300499633319,0.24617132606445968,-1.9507435783115081,-2.540992990347454e-17,1.7356116199656033e-19,1.2366118618435598e-18,-2.5410510635762987e-17,-2.47064003713154e-20,1.2366118618435598e-18,-1588.7926037814022,-8.586763834636754,138.44308381740132,-1057773.9901903383,197.29659338120024,116948.30708249667,0.012823040685792058,4719.3898003468275
110.2235930191174,2001.0,12.0,14.0,14.0,23.0,18.0,1.0,3504726.0968109877,19442.726765452517,-309029.6181332714,227.3763648169031,-295.69448584006716,4700.066110879328,3518377.799238685,4714.844290840357,3504771.0331179313,-7939.692029598818,-309029.6181332714,3518377.799238685,224.49643061279048,-545.8883557877715,4700.066110879328,4736.983659564269,20244344.347115595,0.8265096123795234,1.6336263662003094,2.2647804250673496e-07,8.230325597838883e-06,6.195056440536509,-0.08794631027167532,-0.002265391482754901,122177.79923868505,-0.03987630172895323,-0.039689832624071206,3747.1301198601723,-16542710386.727606,-1040748997.7408473,-206012747.57163054,-16542031605.373672,-1911431264.1605473,16575416296.897585,16653372642.289425,-0.99613265916932,0.0022566343021254934,0.08783298320042265,0.00226538954509109,0.9999974340018123,0.0,0.08783275782114694,-0.00019897592185639883,0.9961352152504771,4701.728126312802,-545.3783831724194,-0.11547922837339068,7.0182557803478265e-09,145.1972490483563,0.0,-48.19174714506893,-5.6,0.0,2.9487418938932294e-17,2.281566096599649,1.5707963267948966,20.224077751221106,461.0,0.03734525567064773,1.1321333822579032,0.0,0.07874930088706343,-1588.7493535666003,-8.81370433150018,140.0881531052915,-0.09341010301587022,0.24785220886635484,-1.9585600966110301,-0.09534367898648521,0.24711484711099155,-1.9585600966110301,-2.5511253686258187e-17,1.74570482812976e-19,1.2388062632664246e-18,-2.5511838956458256e-17,-2.4749905663412765e-20,1.2388062632664246e-18,-1588.8446972455868,-8.566589484389189,138.12959300868047,-1057776.9095817134,197.45013158616615,116957.63204634542,0.01291498260796869,4719.382315246097
110.25070834358557,2001.0,12.0,14.0,14.0,23.0,18.0,1.0,3504732.2609278522,19434.708906707,-308902.1742057023,227.28291108359826,-295.6949896037091,4700.074233735495,3518372.7036696603,4714.847913896234,3504777.1191224554,-7954.4939781204885,-308902.1742057023,3518372.7036696603,224.4013548776477,-545.888993171606,4700.074233735495,4736.987287671473,20244333.874610923,0.8265095226501781,1.6336263646620426,2.269677253324963e-07,8.235598271344264e-06,6.195092742670786,-0.08791007508753766,-0.0022696108909450686,122172.70366966026,-0.03985987568409745,-0.039673483571593136,3749.3822450339794,-16542709981.122068,-1040748946.6752237,-206013009.05463916,-16542030698.98958,-1911434253.6225827,16575415888.886026,16653372088.322989,-0.996135831620958,0.002260844614279765,0.0877968879998181,0.0022696089424340854,0.9999974244343074,0.0,0.08779666187316544,-0.00019926460212227098,0.996138397240839,4701.734880337341,-545.3782838769185,-0.11547904312022507,7.022647767642875e-09,145.18378593257833,0.0,-48.17567889886753,-5.608107033710823,0.0,2.94871757961878e-17,2.2815621257772922,1.5707963267948966,20.225030924960617,461.0,0.0373687076965832,1.1331463372383148,0.0,0.07879836783393093,-1588.759050718115,-8.810107983948603,140.03098910782,-0.09342829588795623,0.24800010179558465,-1.9597796940481567,-0.09536350200354847,0.24726241010061975,-1.9597796940481567,-2.5526963995729658e-17,1.7473753531302838e-19,1.2390554301761777e-18,-2.5527550044062777e-17,-2.4754664127057468e-20,1.2390554301761777e-18,-1588.8544142201185,-8.562845573847984,138.07120941377184,-1057777.4567754995,197.60366979113206,116967.02361707878,0.013006924964412974,4719.374778397346
110.30103256836338,2001.0,12.0,14.0,14.0,23.0,18.0,1.0,3504743.6943999142,19419.828262070678,-308665.64623434027,227.10946570294655,-295.6959239706545,4700.089300102815,3518363.2521857307,4714.854633793677,3504788.407506689,-7981.965448241778,-308665.64623434027,3518363.2521857307,224.22489917177958,-545.8901740775832,4700.089300102815,4736.994016937748,20244314.420354284,0.8265093559641024,1.633626361804684,2.269677253324963e-07,8.24533911590853e-06,6.1951601172716035,-0.08784282473744755,-0.002277441808187708,122163.25218573073,-0.039829389916252705,-0.03964314069644923,3753.5631302297115,-16542709227.648983,-1040748851.8165498,-206013493.7517053,-16542029016.651262,-1911439798.4810975,16575415130.943611,16653371059.655087,-0.9961417159894991,0.002268658713190885,0.08772989714538042,0.002277439839438013,0.999997406630526,0.0,0.08772966962934321,-0.00019979956286868858,0.9961442993597167,4701.747407724189,-545.3780996643019,-0.11547869950525054,7.031259119667566e-09,145.16278263495715,0.0,-48.144173952435736,-5.618608682521422,0.0,2.948679529411537e-17,2.281555911706873,1.5707963267948966,20.226522763965875,461.0,0.03741468288421426,1.1350280708185205,0.0,0.07889473776069765,-1588.7770375878654,-8.8034332627455,139.924894311938,-0.09346834467001615,0.24829045177095904,-1.9621762264521725,-0.09540670161906216,0.24755209791506738,-1.9621762264521725,-2.5557900578344873e-17,1.7505984836433841e-19,1.2396034139777445e-18,-2.5558488112628428e-17,-2.4765292281670138e-20,1.2396034139777445e-18,-1588.8724442894845,-8.555881164830433,137.96271808548582,-1057778.4732719678,197.75720799609797,116976.48179469678,0.013098867758164108,4719.367189795995
110.37658100437083,2001.0,12.0,14.0,14.0,23.0,18.0,1.0,3504760.8423290257,19397.48884453131,-308310.5609848071,226.84907991139497,-295.697325247575,4700.111896017124,3518349.0768414526,4714.864711558213,3504805.3373406013,-8023.206663948633,-308310.5609848071,3518349.0768414526,223.95999418139354,-545.8919419263693,4700.111896017124,4737.004108752235,20244285.171110492,0.826509105352867,1.6336263575091843,2.2745635393967898e-07,8.260002769715171e-06,6.195261262976982,-0.08774186555178552,-0.002289197794655049,122149.07684145309,-0.03978362332974077,-0.03959758862532686,3759.842254266143,-16542708094.81202,-1040748709.2061044,-206014219.9378335,-16542026490.70309,-1911448114.3569908,16575413991.387589,16653369514.059858,-0.9961505412893793,0.0022803896056702113,0.08762932678118127,0.002289195795260092,0.9999973797878727,0.0,0.08762909717375653,-0.00020060068640895273,0.9961531514219473,4701.766195644653,-545.3778232966964,-0.11547818415287309,7.044174433342741e-09,145.13128186989576,0.0,-48.09692280484363,-5.634359065052123,0.0,2.94862245723427e-17,2.2815465911129995,1.5707963267948966,20.22876082545076,461.0,0.03748363719720383,1.1378572733407157,0.0,0.07903927228297432,-1588.80401472489,-8.793412600242512,139.76561571865395,-0.09352796295056287,0.24872585450571494,-1.9657705164872805,-0.09547105017632204,0.24798650997889007,-1.9657705164872805,-2.5604297570228976e-17,1.7554390079181946e-19,1.240419510212474e-18,-2.5604887338596132e-17,-2.4781116567317814e-20,1.240419510212474e-18,-1588.8994857750663,-8.545426090263621,137.79984520216667,-1057780.0015660096,197.9107462010639,116986.00657919943,0.013190810992261626,4719.359549437523
110.54325183164916,2001.0,12.0,14.0,14.0,23.0,18.0,1.0,3504798.603580141,19348.204469379518,-307527.1852971487,226.27461536049523,-295.70041060790373,4700.16165148288,3518317.8614744693,4714.886900495122,3504842.6162345526,-8114.191249273594,-307527.1852971487,3518317.861474469,223.37555963713896,-545.8958209649185,4700.16165148288,4737.026328622255,20244220.453809474,0.8265085508438271,1.6336263480070943,2.2843047554427274e-07,8.292399138765714e-06,6.195484407919458,-0.08751913205582944,-0.002315132986217121,122117.86147446884,-0.03968265425030268,-0.03949709279808254,3773.7065675109625,-16542705588.284136,-1040748393.7008804,-206015815.82945132,-16542020916.427958,-1911466425.3308847,16575411469.995317,16653366098.512312,-0.9961699750362326,0.002306270089500404,0.08740744793543728,0.0023151309180936574,0.9999973200808251,0.0,0.08740721369054152,-0.00020235968518699248,0.9961726446984046,4701.807565448645,-545.377214343778,-0.11547704930822487,7.072615101039507e-09,145.06191438770853,0.0,-47.99287158156278,-5.66904280614574,0.0,2.948496760438403e-17,2.281526063268407,1.5707963267948966,20.233691775388333,461.0,0.03763548361163999,1.1441173637542013,0.0,0.07935754513266366,-1588.863422524801,-8.771304103330072,139.41420076221326,-0.09365735183267236,0.249684377374105,-1.9736853291549163,-0.09561087529067619,0.2489428616834679,-1.9736853291549163,-2.5706460575016126e-17,1.7661257192328392e-19,1.2421921500292384e-18,-2.570705528620073e-17,-2.4815471765564304e-20,1.2421921500292384e-18,-1588.9590334000918,-8.522361241646605,137.44051543305835,-1057783.383107271,198.0642844060298,116995.5979705867,0.013282754669745222,4719.35185731746
110.67217872603719,2001.0,12.0,14.0,14.0,23.0,18.0,1.0,3504827.7478164556,19310.080580438316,-306921.2055793342,225.8302281296486,-295.7027915438629,4700.200050311497,3518293.7693590145,4714.904022969304,3504871.386207463,-8184.572094253235,-306921.2055793342,3518293.7693590145,222.9234602126409,-545.8988016532111,4700.200050311497,4737.043474964927,20244170.214387994,0.8265081203809308,1.6336263406328178,2.2891598188485577e-07,8.317451236180267e-06,6.195657022577348,-0.08734683563377606,-0.002335194737605885,122093.76935901446,-0.03960454915764525,-0.03941935378596219,3784.4418783038855,-16542703642.493843,-1040748148.8123981,-206017044.4969045,-16542016602.948025,-1911480556.547672,16575409512.66815,16653363451.053698,-0.9961849737311741,0.0023262901368649364,0.08723580965646627,0.0023351926152513133,0.9999972734340078,0.0,0.08723557180227436,-0.00020371241849524924,0.9961876899026513,4701.839492085065,-545.3767440060485,-0.11547617343833345,7.094042173034822e-09,145.00471169876806,0.0,-47.91413509630421,-5.7,0.0,2.948393215025321e-17,2.2815091530191576,1.5707963267948966,20.237755614246474,461.0,0.03774989484916809,1.1489771388275485,0.0,0.07959717738771689,-1588.9092752895929,-8.75420087619515,139.14234462218334,-0.09374822947474593,0.2504057686075383,-1.9796434520735344,-0.09570968417584784,0.24966264405501498,-1.9796434520735344,-2.5783300586588918e-17,1.7742628142364468e-19,1.2434397425458805e-18,-2.578389908883405e-17,-2.483949594764747e-20,1.2434397425458805e-18,-1589.0049849737686,-8.504538232140135,137.1627011701098,-1057786.008180298,198.21782261099574,117005.2559688586,0.013374698793654966,4719.344113431386
110.69948379282775,2001.0,12.0,14.0,14.0,23.0,18.0,1.0,3504833.912840979,19302.0063890897,-306792.8661921435,225.73611094948092,-295.70329515597314,4700.208172721887,3518288.6730337017,4714.907644638898,3504877.471840196,-8199.477906082324,-306792.8661921435,3518288.6730337017,222.82770969029409,-545.8994306966604,4700.208172721887,4737.047101682902,20244159.554918587,0.826508029047831,1.6336263390684136,2.2940046069533655e-07,8.322775430323875e-06,6.195693580450461,-0.0873103451543076,-0.002339443536438876,122088.67303370172,-0.039588007357385775,-0.03940288951687396,3786.7165670990944,-16542703229.64926,-1040748096.8572755,-206017304.06230855,-16542015689.255032,-1911483545.6566448,16575409097.37598,16653362889.77241,-0.9961881464428154,0.0023305301719350364,0.08719945823194958,0.0023394414024785837,0.9999972635032179,0.0,0.08719921961091273,-0.00020399802286152481,0.9961908725159323,4701.846245387557,-545.376644474956,-0.1154759881619477,7.099393314613194e-09,144.99834129212715,0.0,-47.89502387638145,-5.7,0.0,2.9483814956414046e-17,2.281507239098519,1.5707963267948966,20.238215670122894,461.0,0.03777845483271356,1.1500082739957136,0.0,0.07965725988778707,-1588.9189749371888,-8.750578477803892,139.08476652262414,-0.09377850341075313,0.2505867074047689,-1.9811389966272714,-0.09574186013581436,0.2498431544942908,-1.9811389966272714,-2.5802685796967192e-17,1.7762009765305037e-19,1.2438534083940855e-18,-2.5803285175110785e-17,-2.4847696288833526e-20,1.2438534083940855e-18,-1589.0147167973246,-8.5007353233096,137.10362752599687,-1057786.565152673,198.37136081596165,117014.98057401515,0.013466643367030993,4719.336317774939
110.74260956185957,2001.0,12.0,14.0,14.0,23.0,18.0,1.0,3504843.6446790374,19289.253939937207,-306590.1658235826,225.58746059597632,-295.7040901043885,4700.220994169589,3518280.6281967233,4714.913361379525,3504887.078195587,-8223.020260241145,-306590.1658235826,3518280.6281967233,222.6764796286969,-545.9004226209328,4700.220994169589,4737.052826392176,20244142.702604957,0.8265078846526085,1.6336263365953358,2.2891598188485577e-07,8.331161798939102e-06,6.195751320361497,-0.08725271168082295,-0.0023461540954307887,122080.6281967233,-0.039561881048953716,-0.03937688566161537,3790.3105452358723,-16542702576.954113,-1040748014.7210649,-206017713.55718294,-16542014245.94298,-1911488264.0221512,16575408440.81148,16653362002.754105,-0.9961931547205769,0.002337226938163773,0.08714204414692293,0.0023461519430543485,0.9999972477817427,0.0,0.08714180431299806,-0.00020444847619703106,0.996195896469111,4701.856905612181,-545.3764873284696,-0.11547569569322085,7.107840393440543e-09,144.9882852459041,0.0,-47.86485573771235,-5.7,0.0,2.948362995526974e-17,2.281504217800551,1.5707963267948966,20.238941954137058,461.0,0.03782353863134563,1.1516384736223766,0.0,0.07975210362601182,-1588.9342865085016,-8.744857133032593,138.99382562272027,-0.09382613384159376,0.25087230468322935,-1.9834998048189134,-0.09579249466261751,0.25012807642295604,-1.9834998048189134,-2.583328624340517e-17,1.7792628206928461e-19,1.2445043569408062e-18,-2.583388700614223e-17,-2.486060002177694e-20,1.2445043569408062e-18,-1589.0300790031642,-8.494729056609637,137.01032581790136,-1057787.4457111228,198.52489902092756,117024.77178605631,0.013558588392913844,4719.328470343807
110.95376222948835,2001.0,12.0,14.0,14.0,23.0,18.0,1.0,3504891.201230799,19226.814822127875,-305597.6950034045,224.8596170583053,-295.70797422587555,4700.2836446367255,3518241.315496234,4714.9412926826435,3504934.0187524413,-8338.289101388076,-305597.6950034045,3518241.315496234,221.93600533126857,-545.9052511827034,4700.2836446367255,4737.080796626838,20244059.901554845,0.8265071751865688,1.6336263244477403,2.303663616439751e-07,8.37233116052889e-06,6.196034030595787,-0.08697052251334142,-0.0023790100829465723,122041.31549623422,-0.03943395947923465,-0.039249563647932556,3807.9293529093266,-16542699370.048656,-1040747611.2162098,-206019710.3391958,-16542007175.54047,-1911511319.3113942,16575405214.898214,16653357650.652203,-0.9962176281981625,0.002370016253479188,0.08686092499038861,0.0023790078388710176,0.9999971701568473,0.0,0.08686067918759478,-0.00020664282144372198,0.996220447345774,4701.908994672624,-545.3757188600555,-0.11547426649529298,7.149118728954075e-09,144.93914437029278,0.0,-47.717433110878304,-5.7,0.0,2.948272583873229e-17,2.2814894524569747,1.5707963267948966,20.242492140651212,461.0,0.038043854071982776,1.1596482896072668,0.0,0.08021557863281172,-1589.0091118530179,-8.716842318398692,138.548529481076,-0.09405608755495629,0.2522674955806005,-1.995036483865129,-0.09603715751563054,0.25151998192782193,-1.995036483865129,-2.5982817877254464e-17,1.7942665490513344e-19,1.2476492165389009e-18,-2.5983425440354414e-17,-2.4922933367201528e-20,1.2476492165389009e-18,-1589.1051490105335,-8.46532233647087,136.55349299721087,-1057791.7722104397,198.67843722589348,117034.62960498212,0.013650533874344166,4719.320571133735
111.23207655121595,2001.0,12.0,14.0,14.0,23.0,19.0,1.0,3504953.649376004,19144.51434786189,-304289.5272954136,223.90021478679537,-295.7130731991647,4700.365902761517,3518189.6926012174,4714.977958345676,3504995.650897917,-8490.223228593088,-304289.5272954136,3518189.6926012174,220.95995487699253,-545.9115442653732,4700.365902761517,4737.117513389819,20243950.03257629,0.8265062337834451,1.633626308337909,2.318076668099177e-07,8.426761462427607e-06,6.196406672302764,-0.08659856742980038,-0.002422315879515201,121989.69260121742,-0.039265345218933,-0.03908173964555589,3831.2067707926035,-16542695114.80533,-1040747075.9520807,-206022321.52013242,-16541997847.028713,-1911541589.0836132,16575400934.44263,16653351891.281929,-0.9962497639820139,0.002413236343238711,0.08649036973058531,0.0024223135106467126,0.9999970661943245,0.0,0.08649011598464772,-0.00020950679113922627,0.9962526867938006,4701.9773838412875,-545.3747083829759,-0.11547238978731177,7.203576611206489e-09,144.84923150304357,0.0,-47.52384725456533,-5.7,0.0,2.9481086978553465e-17,2.2814626878391278,1.5707963267948966,20.248930716007145,461.0,0.03833451197606151,1.170276782291986,0.0,0.0808270376912287,-1589.1073734468685,-8.6799119060142,137.96151956927912,-0.0943539675806861,0.25410660041063016,-2.0102503460315693,-0.09635449021696313,0.2533547863875754,-2.0102503460315693,-2.6179685832607556e-17,1.8141095702925424e-19,1.2517122331841287e-18,-2.6180302424853728e-17,-2.50034509814664e-20,1.2517122331841287e-18,-1589.2037279370854,-8.426557119626624,135.95126922324755,-1057797.5131108742,198.8319754308594,117044.55403079258,0.013742479814362944,4719.312620140517
111.4670195163988,2001.0,12.0,14.0,14.0,23.0,19.0,1.0,3505006.1580124293,19075.0381377776,-303185.2012638587,223.09027556896194,-295.717359348903,4700.435059077666,3518146.2861925475,4715.0087775401,3505047.4670900456,-8618.481923297457,-303185.2012638587,3518146.286192547,220.135961918436,-545.9167935312212,4700.435059077666,4737.148375530961,20243856.634811494,0.8265054335032535,1.6336262946510418,2.3276357876976346e-07,8.472826985695594e-06,6.196721251344207,-0.08628456784978844,-0.0024588724218270897,121946.28619254706,-0.039123003160896806,-0.038940064695030384,3850.904639393091,-16542691497.50312,-1040746621.0637248,-206024507.50837818,-16541989963.961077,-1911567036.6000645,16575397295.716095,16653347008.961863,-0.9962767838409932,0.0024497224453462565,0.08617754254669599,0.0024588699440821014,0.9999969769747297,0.0,0.08617728202980714,-0.00021189936922292728,0.9962797956199917,4702.034878282286,-545.3738575105859,-0.11547081180232589,7.249695920418752e-09,144.74071548136763,0.0,-47.36107322205146,-5.7,0.0,2.947912307660252e-17,2.281430614886301,1.5707963267948966,20.256651849272345,461.0,0.03858065845771172,1.1793121657855918,0.0,0.08134487262150075,-1589.190000460671,-8.648732270459709,137.46591829367955,-0.09460202818666726,0.255662538778152,-2.023126271797886,-0.09661905567488967,0.2549071116152188,-2.023126271797886,-2.634587962328933e-17,1.8309337605869117e-19,1.2550792303364728e-18,-2.634650390082286e-17,-2.5070164226570234e-20,1.2550792303364728e-18,-1589.2866195163458,-8.39382515884449,135.44279202188167,-1057802.3934024647,198.9855136358253,117054.54506348765,0.013834426216011263,4719.304617360006
111.5948352441102,2001.0,12.0,14.0,14.0,23.0,19.0,1.0,3505034.644297613,19037.24065967056,-302584.4093379469,222.64962762836126,-295.719684131895,4700.472573265079,3518122.7379147564,4715.025493068234,3505075.5752788647,-8688.2588566689,-302584.4093379469,3518122.7379147564,219.68766836203582,-545.9196250089358,4700.472573265079,4737.165114350299,20243805.574331105,0.8265049959871366,1.6336262871714602,2.3324006561187748e-07,8.497961215232604e-06,6.196892394561991,-0.08611373981518303,-0.00247875997985841,121922.73791475547,-0.039045563475782766,-0.03886298793565552,3861.638774573803,-16542689519.93009,-1040746372.4269861,-206025689.74452186,-16541985672.189777,-1911580840.3538704,16575395306.43356,16653344344.99493,-0.9962914418831149,0.0024695724123083205,0.08600734877069502,0.00247875744150526,0.9999969278760541,0.0,0.08600708454545934,-0.00021319135578949856,0.9962945026233136,4702.066065687075,-545.3733954334239,-0.11546995574191793,7.273858636064281e-09,144.69193101639496,0.0,-47.26772406557985,-5.708068983605037,0.0,2.947823685922613e-17,2.2814161418582084,1.5707963267948966,20.260138026590816,461.0,0.038709639150338204,1.184251910689571,0.0,0.08161588647977963,-1589.234828134326,-8.63176800182133,137.19627067100888,-0.09472265316277005,0.2564737132680879,-2.0298677591096617,-0.0967484027099673,0.2557164312139245,-2.0298677591096617,-2.6432982506255902e-17,1.8398863626724533e-19,1.256727425366444e-18,-2.6433610912114843e-17,-2.5102613989887945e-20,1.256727425366444e-18,-1589.331576537036,-8.376051570607405,135.1664029118992,-1057805.061472863,199.1390518407912,117064.60270306736,0.013926373082330539,4719.296562788106
111.6325206645998,2001.0,12.0,14.0,14.0,23.0,19.0,1.0,3505043.0324943387,19026.096326127717,-302407.2698443634,222.51970381487737,-295.72036863702806,4700.483619407312,3518115.803783787,4715.030414676999,3505083.851810435,-8708.83208296472,-302407.2698443634,3518115.8037837874,219.55549030451874,-545.9204565859884,4700.483619407312,4737.170042816531,20243790.488979828,0.8265048667265196,1.6336262849621408,2.3371558102008936e-07,8.505365606873793e-06,6.196942855165791,-0.08606337213396398,-0.0024846236296333637,121915.80378378741,-0.03902273081576179,-0.03884026228131624,3864.805336624384,-16542688935.674604,-1040746298.9771159,-206026037.3785016,-16541984406.486366,-1911584904.8545725,16575394718.719084,16653343558.606598,-0.9962957580988844,0.002475425076570316,0.08595716761771165,0.0024846210732237086,0.9999969133242974,0.0,0.08595690229581089,-0.00021357099005758892,0.9962988333502858,4702.075248798654,-545.373259308627,-0.11546970366365648,7.280407537534118e-09,144.68422642643043,0.0,-47.236905705721796,-5.715773573569551,0.0,2.9478094402278574e-17,2.2814138153597,1.5707963267948966,20.260698535295568,461.0,0.03874460906987347,1.1857113337231262,0.0,0.08168914117710639,-1589.248028551986,-8.626766004587562,137.11676374995238,-0.09475025674071753,0.2566910282065227,-2.0316918727151583,-0.09677840804781047,0.25593326249216847,-2.0316918727151583,-2.6456615820598448e-17,1.8423883856436408e-19,1.257111687406436e-18,-2.645724539922133e-17,-2.5110033004013967e-20,1.257111687406436e-18,-1589.3448069600338,-8.370832742095393,135.08507187723723,-1057805.8497324008,199.29259004575712,117074.7269495317,0.014018320416362291,4719.288456420775
111.69325178969514,2001.0,12.0,14.0,14.0,23.0,19.0,1.0,3505056.540008434,19008.136861952207,-302121.80364545947,222.31032562544866,-295.72147083814593,4700.501406584064,3518104.637750396,4715.038339451031,3505097.179194197,-8741.986487123591,-302121.80364545947,3518104.637750396,219.3424793398999,-545.92179357163,4700.501406584064,4737.177978632237,20243766.149658475,0.8265046581716977,1.6336262813979772,2.3371558102008936e-07,8.517313952456219e-06,6.19702417427116,-0.08598220276990573,-0.002494073035346579,121904.63775039604,-0.038985935141479744,-0.03880363904973937,3869.9098399579525,-16542687993.013288,-1040746180.4774705,-206026596.7022884,-16541982366.490396,-1911591449.7181156,16575393770.477352,16653342290.437178,-0.9963027084480023,0.0024848568724532127,0.08587629839192251,0.0024940704496586043,0.9999968898014594,0.0,0.08587603129958458,-0.00021418153814535865,0.9963058071568697,4702.090035919313,-545.3730400503879,-0.1154692977430231,7.290953235737071e-09,144.67181972266226,0.0,-47.187278890649075,-5.728180277337731,0.0,2.9477864997825705e-17,2.2814100689006716,1.5707963267948966,20.261601213452884,461.0,0.0388009215785988,1.1880660468625812,0.0,0.08180710237940335,-1589.2692854382958,-8.618704931942531,136.98863271226804,-0.09479441899408554,0.25704091831291787,-2.034629230045087,-0.09682644072838568,0.2562823753898164,-2.034629230045087,-2.6494671919931123e-17,1.846421610996155e-19,1.2577267562800147e-18,-2.6495303390644726e-17,-2.5121905429330764e-20,1.2577267562800147e-18,-1589.3661118790242,-8.362422556552715,134.95400348222296,-1057807.1215449832,199.44612825072304,117084.91780288068,0.014110268221148334,4719.28029825403
111.8041517034831,2001.0,12.0,14.0,14.0,23.0,19.0,1.0,3505081.1730032903,18975.34126483584,-301600.5166453542,221.9279769919417,-295.72348068714587,4700.533842844105,3518084.274794875,4715.052789919136,3505121.482687316,-8802.529301926064,-301600.5166453542,3518084.274794875,218.95349697692015,-545.924225066997,4700.533842844105,4737.1924492336375,20243721.613668405,0.8265042765574472,1.633626274877716,2.346637211445519e-07,8.53917149707037e-06,6.197172670794841,-0.08583397966719433,-0.002511328306371295,121884.27479487471,-0.03891874266564762,-0.03873676146817592,3879.2354714870453,-16542686268.136505,-1040745963.6711538,-206027615.2157513,-16541978640.46118,-1911603384.6288579,16575392035.391047,16653339971.90443,-0.9963153832895845,0.0025020802841453542,0.08572862191112215,0.0025113256666438478,0.9999968466167262,0.0,0.08572835157591974,-0.00021529248857140722,0.9963185250637568,4702.117001067312,-545.3726400219173,-0.1154685574886433,7.3101849159516644e-09,144.64919421652743,0.0,-47.09677686610981,-5.750805783472547,0.0,2.9477446624989374e-17,2.2814032363537424,1.5707963267948966,20.263247672559675,461.0,0.038903617363821405,1.1923747599962486,0.0,0.08202221978890897,-1589.3080513869274,-8.60398409095272,136.75464439991973,-0.09487403949680268,0.2576788301160998,-2.039985904062683,-0.09691312868575941,0.2569188750340857,-2.039985904062683,-2.6564070973432803e-17,1.85379023182624e-19,1.2588366240359026e-18,-2.6564705906094336e-17,-2.5143319753050953e-20,1.2588366240359026e-18,-1589.4049645156133,-8.347065215918635,134.71465849585704,-1057809.4487103317,199.59966645568895,117095.17526311429,0.01420221649973063,4719.272088283933
112.04947980619451,2001.0,12.0,14.0,14.0,23.0,20.0,1.0,3505135.5144184683,18902.79144028121,-300447.33481404703,221.08212834951004,-295.7279136645051,4700.605392395378,3518039.3532419046,4715.084661107626,3505175.0925788824,-8936.460511734442,-300447.33481404703,3518039.3532419046,218.09297352508463,-545.9295582430678,4700.605392395378,4737.224364823877,20243622.678578123,0.8265034288082821,1.6336262603997893,2.3560804576936265e-07,8.587543203813559e-06,6.19750117450458,-0.08550608072489412,-0.0025494992157382335,121839.3532419051,-0.03877009947733692,-0.0385888148757565,3899.884891882539,-16542682436.389626,-1040745482.1536996,-206029855.24072707,-16541970394.103542,-1911629710.6104002,16575388180.970976,16653334830.331642,-0.9963433437288961,0.002540182077127538,0.08540192551774105,0.0025494964538044862,0.9999967500286349,0.0,0.08540164796392859,-0.00021773190625555566,0.9963465818267568,4702.176480861349,-545.3717567250343,-0.11546692447156824,7.352703349428206e-09,144.59838310476275,0.0,-46.89757465714411,-5.8,0.0,2.9476507600887643e-17,2.281387900926379,1.5707963267948966,20.26694410151088,461.0,0.03913066709265907,1.2019467187029418,0.0,0.08249783040035259,-1589.3935743504828,-8.571416177458351,136.23697612256242,-0.09504671137872409,0.25908880196988987,-2.051828991980243,-0.09710146112720805,0.2583257457108458,-2.051828991980243,-2.671748939883037e-17,1.8701302159977455e-19,1.26124666991679e-18,-2.671813202902798e-17,-2.5189805284645864e-20,1.26124666991679e-18,-1589.4906758116101,-8.313090431747506,134.18514713058218,-1057814.618460577,199.75320466065486,117105.49933023253,0.014294165255151306,4719.263826506613
112.10592722102817,2001.0,12.0,14.0,14.0,23.0,20.0,1.0,3505147.988439963,18886.09833535029,-300181.9973280552,220.88750102761023,-295.72893108334443,4700.62181528608,3518029.041536598,4715.091975681208,3505187.3977750177,-8967.276858366735,-300181.9973280552,3518029.041536598,217.89496969330395,-545.9307764434972,4700.62181528608,4737.231689587205,20243599.831112422,0.8265032330329106,1.63362625705759,2.3560804576936265e-07,8.59866726197771e-06,6.1975767609122485,-0.08543063345041402,-0.002558281848502923,121829.04153659847,-0.038735897693013555,-0.03855477337083617,3904.640496581793,-16542681551.510283,-1040745370.9757425,-206030368.09981367,-16541968495.857367,-1911635753.1279914,16575387290.856926,16653333644.743752,-0.9963497618666697,0.0025489490713385427,0.08532675364070966,0.0025582790579274303,0.9999967275987766,0.0,0.08532647441733665,-0.00021828964691996064,0.996353022333519,4702.190133100793,-545.3715538011623,-0.11546654961681212,7.3639173289491715e-09,144.57260384149615,0.0,-46.858905762244234,-5.8,0.0,2.9476040765636333e-17,2.281380276928151,1.5707963267948966,20.268782296806236,461.0,0.039190520399067626,1.204157264434461,0.0,0.08262373823346887,-1589.4132067787914,-8.5639220420159,136.11785652530915,-0.09510478992280702,0.2594668254347267,-2.054959717042981,-0.09716357529931767,0.2587029072169272,-2.054959717042981,-2.675789559491397e-17,1.8742536518696144e-19,1.2620367602989162e-18,-2.6758540124993156e-17,-2.5205455025739498e-20,1.2620367602989162e-18,-1589.5103703540908,-8.305219134798973,134.06289680826617,-1057815.8123383187,199.9067428656208,117115.8900042354,0.01438611449045277,4719.255512918244
112.21258838854479,2001.0,12.0,14.0,14.0,23.0,20.0,1.0,3505171.528945545,18854.555439861444,-299680.62186371116,220.51973309968724,-295.73085093421935,4700.652806579324,3518009.5816685758,4715.105777910258,3505210.618753457,-9025.50659475963,-299680.62186371116,3518009.5816685758,217.52082163388604,-545.9330692046094,4700.652806579324,4737.245511043049,20243556.565204337,0.8265028622945925,1.633626250729661,2.3654860059004396e-07,8.61977758996565e-06,6.1977195876660645,-0.08528806957569013,-0.002574877127245021,121809.58166857576,-0.03867127057174187,-0.03849044910824253,3913.6329388320446,-16542679875.82835,-1040745160.4587762,-206031334.58065885,-16541964907.790634,-1911647155.6945086,16575385605.263304,16653331401.532871,-0.9963618737760663,0.0025655150690291396,0.08518470882662406,0.002574874282010077,0.9999966850057214,0.0,0.08518442643980167,-0.00021933991597819112,0.9963651767209266,4702.215895674253,-545.3711706701816,-0.11546584220748522,7.385079935423866e-09,144.52395417143939,0.0,-46.785931257159085,-5.8,0.0,2.947515967297004e-17,2.2813658875929255,1.5707963267948966,20.272252596294013,461.0,0.039303474739453906,1.208343387152065,0.0,0.08286134752109597,-1589.450257084726,-8.549760758818366,135.8927623173634,-0.09521346299282647,0.2601800725264548,-2.060867914277996,-0.097279873856541,0.2594145327798986,-2.060867914277996,-2.6834145720216687e-17,1.8820488094158672e-19,1.2635157653766679e-18,-2.6834793847140433e-17,-2.523474801806568e-20,1.2635157653766679e-18,-1589.5475369585824,-8.290346226038467,133.8318944030854,-1057818.0731743313,200.0602810705867,117126.34728512293,0.014478064208677534,4719.247147515058
112.424312488601,2001.0,12.0,14.0,14.0,23.0,20.0,1.0,3505218.1410037037,18791.94168892397,-298685.3738780584,219.78968251840718,-295.7346516736415,4700.714166437264,3517971.0495770965,4715.133101332989,3505256.59452908,-9141.094261487586,-298685.3738780584,3517971.0495770965,216.77810643001152,-545.9375850680108,4700.714166437264,4737.272872524999,20243470.31477996,0.8265021232237242,1.6336262381193705,2.3748543039723136e-07,8.661690089223262e-06,6.1980031055834255,-0.08500507339140101,-0.002607818655485451,121771.04957709694,-0.03854298254637789,-0.03836276226220168,3931.5081489235163,-16542676535.366552,-1040744740.8675725,-206033243.00183618,-16541957780.668114,-1911669731.156222,16575382245.047205,16653326937.151241,-0.9963858556910112,0.0025983995128630913,0.08490273787613008,0.002607815699646517,0.9999965996428571,0.0,0.08490244917649889,-0.00022141069277634498,0.9963892437702934,4702.266902059405,-545.370411335956,-0.11546444149076682,7.426983584907076e-09,144.42762394274234,0.0,-46.64143591411353,-5.8,0.0,2.9473414659160803e-17,2.281337389354732,1.5707963267948966,20.279129183264526,461.0,0.03952713874008128,1.21668857233525,0.0,0.08333183553681361,-1589.5236224043801,-8.521648018413229,135.4459090269088,-0.09542504206896624,0.2615918001006427,-2.0725666505947116,-0.09750658916600789,0.2608230695375122,-2.0725666505947116,-2.69851156685195e-17,1.8975363397715277e-19,1.2663977739094536e-18,-2.6985770961913716e-17,-2.5291819204828437e-20,1.2663977739094536e-18,-1589.621128993546,-8.260824948875717,133.37334237631407,-1057822.5801712181,200.21381927555262,117136.87117289507,0.014570014412868282,4719.238730293344
112.6309446218824,2001.0,12.0,14.0,14.0,23.0,20.0,1.0,3505263.482999568,18730.833024995,-297714.0491145576,219.07715713290244,-295.7383479309241,4700.773847511922,3517933.5673654014,4715.159672446564,3505301.3129595676,-9253.902960622218,-297714.0491145576,3517933.5673654014,216.0532210577861,-545.941947050439,4700.773847511922,4737.299480646195,20243385.668597914,0.8265013978924135,1.6336262257492689,2.3888378652753583e-07,8.702711893103031e-06,6.198279810724343,-0.08472887733043837,-0.0026399674767649023,121733.56736540096,-0.0384177770734881,-0.038238143510347745,3948.9850438684225,-16542673257.041464,-1040744329.174736,-206035092.6625777,-16541950818.874895,-1911691688.253608,16575378947.341137,16653322565.314774,-0.996409183356099,0.0026304939486257875,0.08462753585694265,0.0026399644102553066,0.9999965152878847,0.0,0.08462724095434315,-0.0002234136827899334,0.9964126555673517,4702.316511519311,-545.3696717856083,-0.11546307895215815,7.468075898058952e-09,144.3669592067512,0.0,-46.500877620253576,-5.833040793248809,0.0,2.94723052785755e-17,2.28131927179486,1.5707963267948966,20.28350342989852,461.0,0.039746484997948146,1.2248787652949271,0.0,0.08379205598385599,-1589.5949922625061,-8.494208358898678,135.00975430061644,-0.095628971302255,0.26297527097748125,-2.0840186357220314,-0.09772537694181271,0.26220344009869095,-2.0840186357220314,-2.713332477683593e-17,1.9127738023281143e-19,1.269198418852427e-18,-2.7133987138489252e-17,-2.5346592414137502e-20,1.269198418852427e-18,-1589.692717639448,-8.232004918799987,132.9257356648944,-1057827.003376117,200.36735748051854,117147.46166755185,0.014661965106067947,4719.230261249444
112.89231033383055,2001.0,12.0,14.0,14.0,23.0,20.0,1.0,3505320.6244725417,18653.536552033846,-296485.41817523073,218.17584917495137,-295.74300476263306,4700.849049754629,3517886.3310188134,4715.193147115847,3505357.662036254,-9396.594180598462,-296485.41817523073,3517886.3310188134,215.13627922406994,-545.9474003833309,4700.849049754629,4737.333001932911,20243277.93402116,0.8265004747070893,1.6336262100127408,2.4027400458748843e-07,8.754708027073319e-06,6.198629818892873,-0.08437951293442121,-0.0026806313589777925,121686.33101881342,-0.03825940274356445,-0.03808051131469332,3971.135743021965,-16542669084.515423,-1040743805.3152949,-206037414.12912816,-16541942004.343645,-1911719354.693091,16575374750.155735,16653317014.402802,-0.9964385804987249,0.0026710909041444547,0.08427941959380073,0.0026806281485724087,0.9999964071099101,0.0,0.08427911678710928,-0.00022592178450848722,0.9964421606058889,4702.379020832454,-545.3687384884593,-0.11546136185277575,7.520035879305247e-09,144.3079137735168,0.0,-46.3237413205503,-5.892086226483235,0.0,2.9471217044374233e-17,2.2813014995816463,1.5707963267948966,20.287796189364908,461.0,0.040023854716574124,1.2353034207264233,0.0,0.08437336613481497,-1589.6849399020396,-8.459496094495622,134.45800104081596,-0.09588082041665978,0.26472349729031514,-2.098488397610834,-0.09799606490030562,0.2639477846193113,-2.098488397610834,-2.7320806204054038e-17,1.9321279673543626e-19,1.272672883778125e-18,-2.7321477576170164e-17,-2.541415217397582e-20,1.272672883778125e-18,-1589.78293596694,-8.19554830987631,132.35951264320514,-1057832.6331236735,200.52089568548445,117158.11876909326,0.014753916291319535,4719.221740379755
112.95954111056625,2001.0,12.0,14.0,14.0,23.0,20.0,1.0,3505335.284809941,18633.65348022134,-296169.3757979188,217.94399860036802,-295.7441992917201,4700.868342024725,3517874.211954734,4715.201733435263,3505372.117885824,-9433.298694895273,-296169.3757979188,3517874.2119547343,214.9004071811438,-545.9487915659882,4700.868342024725,4737.3416002088425,20243250.101444338,0.8265002362059102,1.6336262059487296,2.4073562653964086e-07,8.768102062972965e-06,6.198719852541949,-0.08428964485915358,-0.0026910911611517734,121674.21195473429,-0.03821866360632173,-0.03803996307575308,3976.8413472920656,-16542668006.569649,-1040743670.0031427,-206038008.01142317,-16541939735.43919,-1911726452.01828,16575373665.840855,16653315582.7599,-0.9964461224831676,0.0026815338259788394,0.08418987091450038,0.002691087913018639,0.9999963790163664,0.0,0.08418956606435568,-0.00022656234401661143,0.9964497306113338,4702.395056515449,-545.3684988060812,-0.11546092131308307,7.532723733651654e-09,144.29356883859367,0.0,-46.28070651578094,-5.9,0.0,2.947095213960329e-17,2.2812971733584266,1.5707963267948966,20.288841443463877,461.0,0.04009159651577162,1.2379966331242969,0.0,0.08451555570115782,-1589.7080179593256,-8.45056633234149,134.31606198135427,-0.09593648372393127,0.26515073008794426,-2.1020280207976962,-0.0980564050066808,0.2643740910389061,-2.1020280207976962,-2.7366666961376205e-17,1.9369507275479551e-19,1.2734464826296008e-18,-2.7367340603490145e-17,-2.5429287232738264e-20,1.2734464826296008e-18,-1589.8060743643323,-8.186192241302583,132.21403396055658,-1057834.087544674,200.67443389045036,117168.8424775193,0.014845867971666298,4719.213167680731
112.99446138643323,2001.0,12.0,14.0,14.0,23.0,20.0,1.0,3505342.8933718316,18623.326000371555,-296005.2200037752,217.8235719706467,-295.7448192037352,4700.878354243383,3517867.922286623,4715.206189339537,3505379.620128192,-9452.363389893337,-296005.2200037752,3517867.9222866236,214.77789176653073,-545.9495122928091,4700.878354243383,4737.346062317847,20243235.627410498,0.8265001121756274,1.6336262038354767,2.4073562653964086e-07,8.77506343677475e-06,6.198766617075134,-0.08424296632125312,-0.0026965240584687386,121667.92228662362,-0.0381975032155892,-0.03801890183933028,3979.805786281824,-16542667445.995693,-1040743599.638725,-206038315.95317894,-16541938556.77081,-1911730135.3290465,16575373101.954914,16653314838.612364,-0.9964500366601842,0.0026869580094267087,0.08414335800628096,0.0026965207906234296,0.999996364381204,0.0,0.08414305209310703,-0.00022689431425680702,0.9964536593858376,4702.403378589062,-545.3683743779858,-0.11546069267808737,7.538943516561091e-09,144.2865803184707,0.0,-46.25974095541205,-5.9,0.0,2.947082278365578e-17,2.281295060815486,1.5707963267948966,20.289351893056672,461.0,0.04012481114709324,1.2393972247442022,0.0,0.08458540577588701,-1589.7199953739662,-8.445928008680568,134.24233556861216,-0.09596078496977099,0.26536044981747464,-2.103767010491602,-0.0980830395530939,0.2645833666944567,-2.103767010491602,-2.7389198080343154e-17,1.9393654283000062e-19,1.2737874595236154e-18,-2.7389872870747102e-17,-2.5436022287012297e-20,1.2737874595236154e-18,-1589.8180784135193,-8.181344641986112,132.13856855812057,-1057834.8439023383,200.82797209541627,117179.63279282999,0.014937820150151587,4719.2045431488805
113.05191870204561,2001.0,12.0,14.0,14.0,23.0,21.0,1.0,3505355.4032369764,18606.333267669215,-295735.1196795326,217.6254217620791,-295.74583839911287,4700.894815764195,3517857.580922258,4715.2135152086385,3505391.9548979914,-9483.732217334655,-295735.1196795326,3517857.5809222576,214.57630470501564,-545.9506953901528,4700.894815764195,4737.353398387811,20243211.78627946,0.8264999078767655,1.633626200354907,2.4119636500237414e-07,8.786506056839705e-06,6.198843563116387,-0.08416616177049618,-0.0027054632407788074,121657.58092225762,-0.03816268604675443,-0.037984247817560976,3984.6846817433834,-16542666522.63783,-1040743483.7420022,-206038821.85489523,-16541936617.153816,-1911736191.1775978,16575372173.141987,16653313613.413513,-0.9964564722313181,0.0026958829341943843,0.08406682558251871,0.0027054599403261823,0.9999963402365587,0.0,0.08406651791782382,-0.00022743942892389265,0.9964601190396324,4702.417061187785,-545.3681697432344,-0.11546031676115175,7.54916997687858e-09,144.27508991361958,0.0,-46.22526974085872,-5.9,0.0,2.947061009374367e-17,2.281291587325623,1.5707963267948966,20.290191243190137,461.0,0.04017942246071509,1.2417042398946034,0.0,0.08470025229613412,-1589.7396886457989,-8.438295993744276,134.12102426099838,-0.09600047705602184,0.2657052334846067,-2.1066262391115687,-0.09812657079081244,0.26492742176099626,-2.1066262391115687,-2.7426243113463243e-17,1.9433395379898254e-19,1.274344694599085e-18,-2.7426919795214892e-17,-2.544702809254762e-20,1.274344694599085e-18,-1589.8378152165897,-8.17336857198328,132.01439802188682,-1057836.0897510387,200.98151030038218,117190.48971502531,0.015029772829818891,4719.195866780768
113.15292053875277,2001.0,12.0,14.0,14.0,23.0,21.0,1.0,3505377.3662135825,18576.46230440522,-295260.319209033,217.27709575368857,-295.74762759042164,4700.923715273064,3517839.425075232,4715.226375518065,3505413.609603074,-9538.874345020928,-295260.319209033,3517839.425075232,214.22193720554176,-545.9527667358092,4700.923715273064,4737.366276603835,20243169.798392165,0.8264995480738073,1.6336261942260248,2.4165622502903483e-07,8.806661905679738e-06,6.198978824450268,-0.08403114914173858,-0.0027211769744885273,121639.42507523252,-0.038101481878708654,-0.03792333043901106,3993.264992505312,-16542664896.463907,-1040743279.6457067,-206039708.80498844,-16541933206.78493,-1911746822.5752072,16575370537.361837,16653311457.273739,-0.9964677707050563,0.0027115718463519493,0.0839322901166015,0.0027211736161926892,0.9999962976002214,0.0,0.08393197936570915,-0.0002283943334119264,0.9964714600407694,4702.441081829878,-545.367810316873,-0.1154596567838604,7.567124092270066e-09,144.25491675025836,0.0,-46.16475025077506,-5.9,0.0,2.947023666878924e-17,2.281285488833312,1.5707963267948966,20.29166508439916,461.0,0.04027530213864527,1.2457672776829487,0.0,0.08490188360971453,-1589.7742638353873,-8.424879435035475,133.90776728765513,-0.09606936804841461,0.2663104519109064,-2.1116460872265606,-0.09820221037632623,0.2655313656640524,-2.1116460872265606,-2.7491280595358605e-17,1.9503284507875843e-19,1.2753127785182702e-18,-2.7491960607763327e-17,-2.5466145953034525e-20,1.2753127785182702e-18,-1589.8724660457635,-8.159348069371422,131.79612120042856,-1057838.2838887628,201.1350485053481,117201.41324410525,0.01512172601371192,4719.187138573011
113.39355840497804,2001.0,12.0,14.0,14.0,23.0,21.0,1.0,3505429.5514559406,18505.29371462335,-294129.09069050703,216.44717508141284,-295.75187797897365,4700.992375934025,3517796.285759948,4715.256925292475,3505465.0579267424,-9670.251843667966,-294129.09069050703,3517796.2857599477,213.37762267621775,-545.9576587334469,4700.992375934025,4737.396868912135,20243069.360714104,0.8264986873954883,1.6336261795701592,2.425733297482095e-07,8.854763496525747e-06,6.199301091407101,-0.0837094746521451,-0.0027586146641880426,121596.2857599482,-0.037955659743496094,-0.03777819158268844,4013.726898893714,-16542661006.557432,-1040742791.5146677,-206041809.90923196,-16541925077.5482,-1911772080.448509,16575366624.481691,16653306307.944712,-0.996494615710659,0.0027489516328200072,0.08361174633140146,0.002758611165367193,0.9999961950249803,0.0,0.08361142819079531,-0.0002306522969856535,0.9964984073622062,4702.498149804089,-545.3669554858395,-0.11545808865286605,7.609784081829003e-09,144.20698417772022,0.0,-46.02095253316066,-5.9,0.0,2.946934931196918e-17,2.281270997196692,1.5707963267948966,20.29516820875223,461.0,0.0405031235969681,1.2554864681323241,0.0,0.08538097444043825,-1589.8564196964862,-8.392911504481209,133.3996351059375,-0.0962289800480978,0.2677479632717323,-2.1235737074499395,-0.09837790039045892,0.26696587263547944,-2.1235737074499395,-2.7645809530176452e-17,1.9669948177721213e-19,1.2775605244110753e-18,-2.764649750833197e-17,-2.5510521765217287e-20,1.2775605244110753e-18,-1589.9547975968767,-8.12594563184573,131.27606139848757,-1057843.5324416924,201.288586710314,117212.40338006982,0.015213679704874434,4719.1783585222865
113.47753114929452,2001.0,12.0,14.0,14.0,23.0,21.0,1.0,3505447.714959243,18480.458555675967,-293734.3344561644,216.15755670513806,-295.75335708448824,4701.016271777069,3517781.2707585744,4715.267556041784,3505482.9634604147,-9716.09747768009,-293734.3344561644,3517781.270758575,213.08298145278846,-545.9593515793354,4701.016271777069,4737.4075144613125,20243034.17788761,0.8264983859017828,1.6336261744378866,2.4303058430999715e-07,8.871548700762923e-06,6.199413551175494,-0.08359722160515044,-0.0027716787383076313,121581.27075857483,-0.03790477293843475,-0.0377275432139502,4020.8737459927797,-16542659643.9436,-1040742620.5515298,-206042539.11702138,-16541922239.405682,-1911780870.684625,16575365253.821976,16653304506.913507,-0.9965039590720466,0.00276199590874077,0.08349988582229945,0.0027716751895425283,0.9999961589009448,0.0,0.08349956509096691,-0.00023143456186330128,0.9965077867571648,4702.518010640908,-545.3666576823794,-0.11545754285569497,7.625711281085505e-09,144.17817689643707,0.0,-45.9672653446556,-5.910911551781465,0.0,2.946882435309782e-17,2.2812624239677133,1.5707963267948966,20.297241239129985,461.0,0.04058815978305199,1.258891109459962,0.0,0.08555942661696989,-1589.8850158121884,-8.38175506587152,133.22230281413607,-0.09629602172261198,0.2682833879891303,-2.128013104620616,-0.09845083559693057,0.2675001552163926,-2.128013104620616,-2.770317865460095e-17,1.973073897202722e-19,1.2784884560113354e-18,-2.7703869514265543e-17,-2.5528637334620846e-20,1.2784884560113354e-18,-1589.9834666477852,-8.114254910655127,131.09428970951546,-1057845.370996382,201.44212491527992,117223.46012291906,0.015305633906350397,4719.169526625329
113.56863950463922,2001.0,12.0,14.0,14.0,23.0,21.0,1.0,3505467.3944041105,18453.512880694874,-293306.0314153127,215.84332200937882,-295.754959464884,4701.042160694013,3517765.0025879475,4715.27907258168,3505502.3625375326,-9765.839019657691,-293306.0314153127,3517765.002587947,212.76329710294482,-545.9611799200776,4701.042160694013,4737.419047033572,20242995.919564612,0.8264980580517358,1.6336261688579783,2.4348698017549863e-07,8.889788491780791e-06,6.199535568308146,-0.08347542874182315,-0.002785852852322038,121565.00258794706,-0.03784956150778859,-0.03767259048084791,4028.6330148130655,-16542658162.217978,-1040742434.6603723,-206043327.95514098,-16541919159.00551,-1911790393.9548118,16575363763.348185,16653302550.139606,-0.9965140820829722,0.0027761487798284323,0.08337851766662456,0.0027858492488338623,0.9999961195144523,0.0,0.08337819411749177,-0.00023227998081044694,0.9965179490564715,4702.539527742123,-545.3663348541957,-0.11545695150788364,7.643809620908897e-09,144.13750646986765,0.0,-45.90625970480147,-5.931246765066176,0.0,2.9468086926121675e-17,2.2812503808712603,1.5707963267948966,20.30015403117064,461.0,0.040684771907513205,1.2625934335072264,0.0,0.08576189824984931,-1589.9159992205773,-8.369650055132567,133.02989289232,-0.09637782383023537,0.2688908798895271,-2.1330475244617335,-0.09853925282638942,0.26810633313376403,-2.1330475244617335,-2.776812991028475e-17,1.9798741370894437e-19,1.2796099998552699e-18,-2.7768823974153885e-17,-2.555039910031879e-20,1.2796099998552699e-18,-1590.0145384734037,-8.101543721998803,130.89684536785825,-1057847.3702750504,201.59566312024586,117234.58347265291,0.015397588621183867,4719.160642878922
113.75194896881881,2001.0,12.0,14.0,14.0,23.0,21.0,1.0,3505506.9025787613,18399.297902635048,-292444.281130634,215.21106510596422,-295.7581758330676,4701.094130802684,3517732.3428249434,4715.302188384493,3505541.305109507,-9865.919206256649,-292444.281130634,3517732.3428249434,212.12007556391796,-545.9648321782347,4701.094130802684,4737.442195014109,20242918.671144363,0.826497396076483,1.6336261575946298,2.443972150513048e-07,8.926541825843353e-06,6.1997810693808155,-0.08323037884100368,-0.0028143708201611058,121532.3428249429,-0.03773847485746955,-0.03756202432849225,4044.2609586417675,-16542655170.427584,-1040742059.3757495,-206044907.7444777,-16541912957.74835,-1911809510.810443,16575360753.89747,16653298604.521433,-0.9965344044039331,0.0028046247538929424,0.08313431854107022,0.002814367104872672,0.9999960396610573,0.0,0.08313398930099103,-0.0002339704913879943,0.9965383510335726,4702.582720916234,-545.3656862094983,-0.11545576433280855,7.680143607251028e-09,144.05585706235723,0.0,-45.78378559353587,-5.972071468821379,0.0,2.94666062049276e-17,2.2812261988590246,1.5707963267948966,20.306005396281908,461.0,0.04087873305286484,1.2700691137198052,0.0,0.08616836909359926,-1589.9782030710141,-8.34529311452202,132.64273770746993,-0.09653931607223966,0.27011004700555674,-2.1431543214450723,-0.09871405347143963,0.2693228781375203,-2.1431543214450723,-2.789851348212886e-17,1.993565612178108e-19,1.2818263218982544e-18,-2.7899214012762604e-17,-2.55933799473929e-20,1.2818263218982544e-18,-1590.0769171244856,-8.0759702363845,130.49958338602485,-1057851.4070960023,201.74920132521177,117245.77342927139,0.015489543852419001,4719.151707279909
113.97005368269315,2001.0,12.0,14.0,14.0,23.0,21.0,1.0,3505553.7590868426,18334.791234169978,-291418.943615462,214.4587628419747,-295.7619894741396,4701.155759918571,3517693.6084763617,4715.329595520653,3505587.4860355174,-9984.997179558248,-291418.943615462,3517693.6084763617,211.35472745375645,-545.969131830257,4701.155759918571,4737.469640297876,20242826.284669574,0.8264966043691067,1.6336261441296291,2.4530407239726735e-07,8.970375274075292e-06,6.200073176513509,-0.08293880842060435,-0.002848301523539741,121493.60847636173,-0.03760629932717741,-0.037430468095563364,4062.8832615464926,-16542651592.351795,-1040741610.6411194,-206046774.6480753,-16541905573.277042,-1911832179.9483125,16575357154.706373,16653293894.987947,-0.9965585057175892,0.002838506786235742,0.08284375390547045,0.002848297672247631,0.9999959435919579,0.0,0.08284341785740088,-0.00023596367140920707,0.9965625481819241,4702.633940387992,-545.3649159784547,-0.11545435635983965,7.72364535813854e-09,143.97951059545215,0.0,-45.63853178635647,-6.0,0.0,2.9465215029442594e-17,2.2812034792391964,1.5707963267948966,20.311506075712405,461.0,0.041110965269870084,1.2790101450291718,0.0,0.08665576800378705,-1590.051980002001,-8.31630980675915,132.18204601904606,-0.09673267278249963,0.2715715234272065,-2.155279135749418,-0.0989233738918581,0.2707812187321557,-2.155279135749418,-2.805520460147237e-17,2.0100157838577157e-19,1.2844931245767284e-18,-2.8055912909245226e-17,-2.564554224767253e-20,1.2844931245767284e-18,-1590.150903375893,-8.045528588026995,130.02676688329663,-1057856.2350365743,201.90273953017768,117257.0299927745,0.01558149960310015,4719.142719825192
114.2003958868949,2001.0,12.0,14.0,14.0,23.0,22.0,1.0,3505603.0664829286,18266.66430303087,-290336.0615594802,213.6642122108445,-295.7660014468931,4701.220603989222,3517652.848050976,4715.358426521185,3505636.0768544483,-10110.757430819947,-290336.0615594802,3517652.848050976,210.54639907298568,-545.9736185971784,4701.220603989222,4737.498511423458,20242728.144105278,0.8264957633429554,1.6336261298328116,2.466581070012881e-07,9.016754079958928e-06,6.2003816800878395,-0.0826308715502456,-0.0028841354820024934,121452.8480509757,-0.037466704420462085,-0.03729152723403538,4082.584276676178,-16542647791.426846,-1040741134.0716497,-206048731.2945904,-16541897766.878456,-1911856030.7960799,16575353331.358126,16653288903.157175,-0.9965838666532469,0.002874290860288277,0.08253687163028227,0.0028841314835168466,0.9999958408841437,0.0,0.08253652834987074,-0.00023804719001988553,0.9965880115782481,4702.687830042091,-545.3641043313366,-0.11545287475394468,7.770010342015145e-09,143.92856006371963,0.0,-45.48568019115886,-6.0,0.0,2.946427499698284e-17,2.2811881273440964,1.5707963267948966,20.31522468603065,461.0,0.04135849188585297,1.2885082967085384,0.0,0.0871763200509446,-1590.1296199802644,-8.28569675905348,131.69544939305555,-0.09693992026616895,0.2731319660829291,-2.168236996138779,-0.09914766699445152,0.272338317478637,-2.168236996138779,-2.822305938908401e-17,2.027615470582092e-19,1.2873693197791559e-18,-2.8223776021455203e-17,-2.570244072465008e-20,1.2873693197791559e-18,-1590.2287676472588,-8.013358441574843,129.52721239691678,-1057861.363723142,202.0562777351436,117268.35316316226,0.015673455876271704,4719.133680511725
114.34699980281103,2001.0,12.0,14.0,14.0,23.0,22.0,1.0,3505634.3534223046,18223.30366266412,-289646.8411967684,213.15849120767268,-295.76854654248757,4701.2617447492285,3517626.984389656,4715.376715400409,3505666.9060674286,-10190.79950848486,-289646.8411967684,3517626.984389656,210.03190910668255,-545.97644529099,4701.2617447492285,4737.516825753566,20242665.376464687,0.8264952254440276,1.6336261206927363,2.475566823160081e-07,9.046318113647558e-06,6.200578034327782,-0.0824348779376364,-0.002906942124388416,121426.98438965622,-0.03737785593093765,-0.037203095019052834,4095.1408404260874,-16542645360.475548,-1040740829.334681,-206049968.62402463,-16541892794.351467,-1911871162.672867,16575350886.069477,16653285716.399845,-0.9965999583311979,0.0028970665604139,0.08234154516159566,0.0029069380302952437,0.9999957748467181,0.0,0.08234119725594588,-0.00023936176910351574,0.9966041691365739,4702.722019764995,-545.3635887126626,-0.1154519346398469,7.799430256766051e-09,143.89623048707028,0.0,-45.38869146121082,-6.0,0.0,2.946367845324132e-17,2.281178385045469,1.5707963267948966,20.31758524148893,461.0,0.04151555907087817,1.2945831083961645,0.0,0.08750662740712986,-1590.1788869034392,-8.266210851599256,131.38571941472802,-0.09706838465682999,0.27412167047173247,-2.176459248547957,-0.0992869788491013,0.2733259178217783,-2.176459248547957,-2.8329564474937e-17,2.038827882085575e-19,1.2891551973553942e-18,-2.8330286428106834e-17,-2.5737761477846068e-20,1.2891551973553942e-18,-1590.2781738822882,-7.992884933777478,129.20926016618006,-1057864.6438970007,202.2098159401095,117279.74294043465,0.015765412674978167,4719.124589336522
114.38204017468307,2001.0,12.0,14.0,14.0,23.0,22.0,1.0,3505641.8204573174,18212.939812166464,-289482.1070649802,213.03761453773936,-295.7691538935162,4701.271563004476,3517620.811688872,4715.381079692008,3505674.2635091213,-10209.930737940258,-289482.1070649802,3517620.8116888716,209.90893653771926,-545.9771175763583,4701.271563004476,4737.521196118275,20242650.340331636,0.8264950965885363,1.6336261185036578,2.475566823160081e-07,9.053384400639713e-06,6.200624966135011,-0.08238803231795414,-0.002912393195570414,121420.81168887112,-0.03735661971047247,-0.03718195829399088,4098.143728807569,-16542644778.13571,-1040740756.34169,-206050263.44379246,-16541891605.432798,-1911874773.849008,16575350300.29556,16653284953.661049,-0.9966037987550982,0.0029025103285758337,0.08229485853138184,0.002912389078402415,0.9999957589859348,0.0,0.08229450951772932,-0.00023967464719546825,0.9966080253837513,4702.730179047464,-545.3634655854919,-0.1154517102702276,7.805392495820634e-09,143.8795815308247,0.0,-45.35916306164942,-6.0,0.0,2.9463376709960695e-17,2.28117345720373,1.5707963267948966,20.318779471343582,461.0,0.041547404525789595,1.2960383608899835,0.0,0.08757354648008248,-1590.190645342655,-8.261553232417159,131.31168619752523,-0.09708540086467127,0.2743172807672549,-2.178123182885967,-0.09930625929518697,0.2735211371236087,-2.178123182885967,-2.835097308651554e-17,2.041220534432516e-19,1.2893943812360049e-18,-2.8351696211897886e-17,-2.574244132683332e-20,1.2893943812360049e-18,-1590.2899516019502,-7.9880320952935495,129.13356301463926,-1057865.429673234,202.36335414507542,117291.19932459167,0.015857370002264216,4719.115446296649
114.4497831968529,2001.0,12.0,14.0,14.0,23.0,22.0,1.0,3505656.244353693,18192.90347607386,-289163.62807876733,212.8039229575021,-295.77032702745686,4701.290528154497,3517608.888025587,4715.389509477581,3505688.475322148,-10246.916921847234,-289163.62807876733,3517608.8880255865,209.6711929929449,-545.9784136525162,4701.290528154497,4737.529637634027,20242621.236874193,0.8264948471793571,1.6336261142671034,2.480047490759683e-07,9.067084149496798e-06,6.20071569914709,-0.08229746592498502,-0.0029229316330730832,121408.8880255865,-0.03731556382980349,-0.03714109476627586,4103.950392156839,-16542643650.97747,-1040740615.0680337,-206050832.411918,-16541889306.561838,-1911881749.220791,16575349166.49101,16653283478.013762,-0.9966112171412753,0.0029130347483283647,0.08220459899993976,0.002922927471049504,0.9999957282383756,0.0,0.0822042478414884,-0.0002402780806635325,0.9966154744450134,4702.7459395798705,-545.3632276729942,-0.11545127686172711,7.817581129400482e-09,143.8530845013033,0.0,-45.3061690026066,-6.0,0.0,2.946289483955963e-17,2.281165587662873,1.5707963267948966,20.320686902917863,461.0,0.04161249652048153,1.2988551189322468,0.0,0.08771036543040349,-1590.213359113904,-8.252548490833595,131.1685551261103,-0.09712634938485412,0.2747207804722826,-2.1815265649039066,-0.09935179320019182,0.27392381451059555,-2.1815265649039066,-2.839486872814264e-17,2.0460303605169314e-19,1.289967627188499e-18,-2.8395594187076946e-17,-2.5753711505045952e-20,1.289967627188499e-18,-1590.3127109071042,-7.978624676322999,128.9870285612064,-1057866.9505998567,202.51689235004133,117302.72231563332,0.015949327861174516,4719.106251389232
114.57568919433295,2001.0,12.0,14.0,14.0,23.0,22.0,1.0,3505683.0103007997,18155.66408092289,-288571.70518886764,212.3695789917952,-295.7725037217132,4701.32571925113,3517586.761671346,4715.405150199834,3505714.846365671,-10315.65902965943,-288571.70518886764,3517586.7616713466,209.22931813593118,-545.9808097603511,4701.32571925113,4737.545300119709,20242567.025571417,0.8264943826001998,1.6336261063775757,2.4845200777848226e-07,9.092517129613037e-06,6.20088433553789,-0.08212913918879819,-0.002942518062450457,121386.76167134661,-0.03723925733163477,-0.03706514577198654,4114.746771231294,-16542641551.408777,-1040740351.948522,-206051886.3801063,-16541885032.689444,-1911894692.3027155,16575347054.544199,16653280731.707226,-0.9966249829471059,0.0029325954776899506,0.08203684080609731,0.0029425138161964094,0.9999956707968497,0.0,0.08203648565194765,-0.00024139453750904674,0.9966292975578006,4702.775183907962,-545.3627859391412,-0.11545047260350794,7.84019918040124e-09,143.8039148252147,0.0,-45.207829650429396,-6.0,0.0,2.9462000547466645e-17,2.281150982764651,1.5707963267948966,20.324227840291805,461.0,0.04173328732317336,1.3041019855342677,0.0,0.08796425644210236,-1590.25550925037,-8.23581160759579,130.90252103284004,-0.09720109810899914,0.2754693323003227,-2.187842124714308,-0.09943506331070516,0.27467084791797064,-2.187842124714308,-2.847632120763093e-17,2.054973883465577e-19,1.2910154201425417e-18,-2.847705101273538e-17,-2.577430609616264e-20,1.2910154201425417e-18,-1590.3549443136808,-7.96114075967782,128.71467890812573,-1057869.7836568262,202.67043055500724,117314.31191355962,0.016041286254753935,4719.097004611452
114.79061404190509,2001.0,12.0,14.0,14.0,23.0,22.0,1.0,3505728.5741212526,18092.09482233194,-287561.2670350845,211.62811581717116,-295.77620836344556,4701.3856195151575,3517549.0958342166,4715.431769013534,3505759.733884568,-10433.004308218973,-287561.2670350845,3517549.0958342166,208.47499959049546,-545.984861651917,4701.3856195151575,4737.571955969771,20242474.124772415,0.8264935864538495,1.633626092863311,2.4978897890806576e-07,9.135991733101279e-06,6.201172207087737,-0.08184179616803043,-0.002975952233154714,121349.09583421657,-0.037108997867760084,-0.03693549657668145,4133.188790470362,-16542637953.421669,-1040739901.1434082,-206053675.0216009,-16541877733.387575,-1911916722.7209435,16575343435.35108,16653276032.599518,-0.9966484158064458,0.0029659868345759924,0.08175046295036485,0.0029759478405064848,0.999995571857421,0.0,0.08175010094765901,-0.00024328511367754368,0.9966528291272749,4702.824960758787,-545.3620332282727,-0.1154491035209651,7.878702036134176e-09,143.72021296492568,0.0,-45.0404259298514,-6.0,0.0,2.946047788657727e-17,2.2811261158252125,1.5707963267948966,20.33025972578606,461.0,0.041938915387561365,1.3130936139067282,0.0,0.08839645836273691,-1590.3272644815318,-8.207238826169457,130.44835431658603,-0.09732462674621103,0.2767429706464643,-2.198593186490215,-0.0995731352966534,0.27594192414476176,-2.198593186490215,-2.8614968619084475e-17,2.0702527881323574e-19,1.2927511775845648e-18,-2.861570587043773e-17,-2.5808406619554256e-20,1.2927511775845648e-18,-1590.4268376168284,-7.931296902024695,128.2497611300958,-1057874.6386437956,202.82396875997316,117325.96811837054,0.016133245186047314,4719.087705960548
114.87981625892375,2001.0,12.0,14.0,14.0,23.0,22.0,1.0,3505747.4380925857,18065.71086039541,-287141.89190855913,211.32036976970855,-295.7777418478184,4701.410416809379,3517533.5017154342,4715.442787112992,3505778.3163529756,-10481.707442767249,-287141.89190855913,3517533.5017154342,208.1619180834861,-545.9865291498251,4701.410416809379,4737.582989398392,20242435.43328046,0.8264932548709402,1.6336260872370119,2.4978897890806576e-07,9.154044203237332e-06,6.201291686811181,-0.08172253578227556,-0.0029898285814593324,121333.50171543425,-0.03705493425931937,-0.036881686253577885,4140.847505345941,-16542636454.925766,-1040739713.426971,-206054413.49404275,-16541874702.508131,-1911925842.5882022,16575341928.025501,16653274078.161192,-0.9966581170138888,0.0029798458032185104,0.08163160116841117,0.0029898241270776955,0.9999955304658562,0.0,0.08163123631318253,-0.00024406413070529953,0.9966625716312826,4702.845566765428,-545.3617213193662,-0.11544853670817677,7.895554255807686e-09,143.6918771442928,0.0,-44.97563143287843,-6.008122855707189,0.0,2.9459960151859e-17,2.281117660575607,1.5707963267948966,20.332311527419556,461.0,0.042028904399049494,1.3168385350289813,0.0,0.08858534312364147,-1590.3569730526694,-8.19537908743796,130.25984276288094,-0.09738524301205688,0.2773039587902047,-2.2032931467143038,-0.09964006234334274,0.27650177050690233,-2.2032931467143038,-2.8675696299511816e-17,2.0768416305668595e-19,1.2936005803458e-18,-2.86764367389693e-17,-2.582497457859642e-20,1.2936005803458e-18,-1590.4566131150127,-7.918877316931058,128.05654961616662,-1057876.6606706511,202.97750696493907,117337.69093006608,0.016225204658099686,4719.078355433813
114.97063383266841,2001.0,12.0,14.0,14.0,23.0,22.0,1.0,3505766.61546823,18038.848972695647,-286714.9200761201,211.00704485292678,-295.7793006262312,4701.435624697413,3517517.648512667,4715.453986715432,3505797.206639037,-10531.29269142516,-286714.9200761201,3517517.648512667,207.8431611013135,-545.9882182765194,4701.435624697413,4737.5942045818265,20242395.951883823,0.8264929165171307,1.6336260814969334,2.5023304855446086e-07,9.172424267362419e-06,6.201413331246399,-0.08160111463924065,-0.0030039561313482017,121317.64851266704,-0.03699989111370034,-0.036826900980041606,4148.649547055364,-16542634925.837719,-1040739521.8962594,-206055162.99923724,-16541871615.580978,-1911935113.3281775,16575340389.928648,16653272085.513391,-0.996667979227173,0.002993955892695569,0.08151058465828977,0.0030039516135241624,0.9999954881271733,0.0,0.08151021689289777,-0.00024485385230356736,0.9966724760866349,4702.866513688717,-545.3614040479634,-0.11544796048034742,7.91398360402456e-09,143.6720606408338,0.0,-44.916181922501416,-6.0279393591661945,0.0,2.9459594262132556e-17,2.281111685142908,1.5707963267948966,20.33376181951114,461.0,0.04212729776893129,1.320659972653155,0.0,0.08879151899195126,-1590.3871758235089,-8.183304030054655,130.06790868348267,-0.09746141608843983,0.2779223944121309,-2.208425301820237,-0.09972305264798165,0.2771189234106973,-2.208425301820237,-2.874216861706295e-17,2.0838988558200724e-19,1.2946639709694033e-18,-2.874291243353983e-17,-2.5845578981672825e-20,1.2946639709694033e-18,-1590.4868988761568,-7.906185106643958,127.85948338166243,-1057878.7239860892,203.13104516990498,117349.48034864626,0.016317164673956056,4719.068953028598
115.15518635759666,2001.0,12.0,14.0,14.0,23.0,23.0,1.0,3505805.4985962873,17984.261864139495,-285847.2535415484,210.3703115704971,-295.78246055375274,4701.486730635687,3517485.50530347,4715.476689615266,3505835.504845759,-10632.056510579783,-285847.2535415484,3517485.50530347,207.1953892341941,-545.9916241504069,4701.486730635687,4737.616939063959,20242315.43901115,0.8264922265207678,1.633626069794675,2.5200150199663355e-07,9.209894098467482e-06,6.201660531053253,-0.0813543685343214,-0.0030326647959738446,121285.50530346995,-0.036888035083963606,-0.03671556897823704,4164.519477665424,-16542631807.62918,-1040739131.3694103,-206056678.82394278,-16541865338.782867,-1911953908.207828,16575337253.35221,16653268027.279966,-0.9966879748501747,0.003022629800335881,0.08126465712810009,0.0030326601473781084,0.999995401475642,0.0,0.08126428343059484,-0.00024644808706273546,0.9966925581651808,4702.9089801645,-545.360760194973,-0.11544679215414967,7.951350084716176e-09,143.63188162933744,0.0,-44.79564488801234,-6.068118370662554,0.0,2.945885234213377e-17,2.2810995686698265,1.5707963267948966,20.336703253566647,461.0,0.04232679958956264,1.3284530838373045,0.0,0.08920954288759028,-1590.4484154466024,-8.158764311439977,129.67784768349222,-0.09761301853482947,0.2791758850359823,-2.218830861313172,-0.09988850663958719,0.2783698302877273,-2.218830861313172,-2.887693806150618e-17,2.0982493116643124e-19,1.2967834553126e-18,-2.8877688761267273e-17,-2.588662165868585e-20,1.2967834553126e-18,-1590.548303953242,-7.88039448115225,127.45901682217905,-1057882.9316497426,203.28458337487092,117361.3363741111,0.01640912523666161,4719.059498742314
115.36836467909295,2001.0,12.0,14.0,14.0,23.0,23.0,1.0,3505850.2665872364,17921.207067880678,-284844.9922191777,209.63478455263441,-295.78609776370894,4701.545564018619,3517448.4972753916,4715.502820385952,3505879.594653007,-10748.45050386977,-284844.9922191777,3517448.4972753916,206.44711151854813,-545.9955138596875,4701.545564018619,4737.64310618185,20242221.967976924,0.8264914254649985,1.6336260562144713,2.5288109106536486e-07,9.25323716658918e-06,6.201946079308819,-0.08106934426630023,-0.0030658260039250766,121248.4972753916,-0.036758826556573095,-0.03658696576039146,4182.875808924437,-16542628187.56148,-1040738678.0802957,-206058417.68361127,-16541858082.098413,-1911975544.2529378,16575333611.966108,16653263324.69418,-0.9967109958734731,0.0030557520635186267,0.08098057226419038,0.003065821201163184,0.999995300359138,0.0,0.08098019168458394,-0.00024827195532988215,0.9967156800792111,4702.957866301544,-545.3600179454477,-0.1154454470142064,7.994659485472482e-09,143.57124318847897,0.0,-44.65686478271848,-6.1,0.0,2.9457741281982863e-17,2.2810814236805665,1.5707963267948966,20.34110983200502,461.0,0.04255802804087451,1.3375007782954236,0.0,0.08969458588999765,-1590.5189267378319,-8.13041540966871,129.2272392888344,-0.09778701241362235,0.280628816308265,-2.2309006910710827,-0.10007858235170361,0.2798197807408067,-2.2309006910710827,-2.9033059500991654e-17,2.114907645014626e-19,1.299209133033852e-18,-2.903381820851735e-17,-2.593388435656796e-20,1.299209133033852e-18,-1590.6190053201835,-7.850595628927904,126.99633859776331,-1057887.8165587168,203.43812157983683,117373.25900646055,0.01650108634926145,4719.04999257242
115.54933551896899,2001.0,12.0,14.0,14.0,23.0,23.0,1.0,3505888.147869143,17867.67813073687,-283994.1450626339,209.01035705839422,-295.78917463600953,4701.595340757568,3517417.1822121087,4715.524924483255,3505916.8980796114,-10847.260066548799,-283994.1450626339,3517417.1822121087,205.81185979473193,-545.9987785017989,4701.595340757568,4737.6652410223005,20242142.217976775,0.8264907419931992,1.6336260446325008,2.537576312709815e-07,9.290082309135448e-06,6.202188490855236,-0.08082737746245824,-0.0030939767739429657,121217.18221210875,-0.03664913698101063,-0.03647779004281979,4198.480092704296,-16542625098.900778,-1040738291.4102918,-206059883.69473228,-16541851916.26048,-1911993849.1123104,16575330505.121374,16653259319.850939,-0.9967304747953539,0.003083870779219581,0.08073939778847318,0.0030939718376640666,0.9999952136576793,0.0,0.0807390113420766,-0.00024980542294749243,0.9967352455114421,4702.99922580354,-545.3593890666762,-0.11544430880648616,8.031846123120864e-09,143.49295553027187,0.0,-44.539433295407804,-6.1,0.0,2.945631914636129e-17,2.281058198443338,1.5707963267948966,20.346753043438778,461.0,0.04275655459927859,1.3452205386158735,0.0,0.09011207799399319,-1590.5785938797148,-8.106347138985665,128.84467184109837,-0.09793807138132052,0.28187721540093424,-2.2412819895797482,-0.10024345045753236,0.2810656169445946,-2.2412819895797482,-2.9166966158291165e-17,2.129187206734339e-19,1.301296919904447e-18,-2.916773173478049e-17,-2.5975149561121557e-20,1.301296919904447e-18,-1590.6788373301724,-7.82528152204107,126.60338985151863,-1057891.9844255652,203.59165978480274,117385.24824569465,0.016593048014800882,4719.0404345164425
115.77668148155847,2001.0,12.0,14.0,14.0,23.0,23.0,1.0,3505935.5763564957,17800.431218263166,-282925.2492598864,208.22588216097802,-295.79302589751177,4701.657654542383,3517377.974796351,4715.552590385172,3505963.5978558073,-10971.391145869313,-282925.2492598864,3517377.9747963515,205.01378696212825,-546.0028310562881,4701.657654542383,4737.692945398954,20242041.509182572,0.8264898788920853,1.6336260300129983,2.5506679368948543e-07,9.33645451034183e-06,6.202493028122928,-0.08052339881020948,-0.003129340914749506,121177.97479635151,-0.0365113358130155,-0.03634063441280122,4218.110112667084,-16542621198.521734,-1040737803.2254934,-206061712.23515892,-16541844163.183683,-1912016763.5625029,16575326581.785986,16653254272.136946,-0.9967548619959716,0.0031191959534870666,0.0804364078262778,0.0031293358072636565,0.9999951036167154,0.0,0.08043601397879505,-0.00025171253121843373,0.9967597425137137,4703.051000717886,-545.3586006326294,-0.11544288374681774,8.078404929332579e-09,143.3949369908788,0.0,-44.392405486318175,-6.1,0.0,2.945453811522043e-17,2.281029111997481,1.5707963267948966,20.353824955057824,461.0,0.0430051231236043,1.3549693285959936,0.0,0.090634794377952,-1590.6533023752584,-8.076108098500566,128.36401932070763,-0.0981219429067081,0.2834394893778551,-2.2542797353956185,-0.10044466579533197,0.282624713943828,-2.2542797353956185,-2.933460590240176e-17,2.1471422853251277e-19,1.303843072664555e-18,-2.9335380146243866e-17,-2.602545906965422e-20,1.303843072664555e-18,-1590.7537470410537,-7.793483384556738,126.10973958531201,-1057897.2476805653,203.74519798976866,117397.30409181338,0.01668501023632516,4719.030824571957
115.83317581074259,2001.0,12.0,14.0,14.0,23.0,23.0,1.0,3505947.334431447,17783.720562710936,-282659.63182811596,208.0309383649296,-295.7939804878307,4701.673101471907,3517368.2548162667,4715.559447543238,3505975.1743701473,-11002.23723777476,-282659.63182811596,3517368.2548162667,204.81546416217287,-546.0038296909376,4701.673101471907,4737.699812092531,20242016.396364726,0.8264896636670566,1.6336260263684954,2.555016904992207e-07,9.348005679270448e-06,6.202568705131069,-0.08044786059873742,-0.0031381286445062136,121168.25481626671,-0.036477092429363187,-0.03630655144209819,4222.992127716541,-16542620225.920555,-1040737681.508458,-206062164.3540399,-16541842235.457186,-1912022443.680776,16575325603.461468,16653253015.05602,-0.9967609076955425,0.003127974224111906,0.08036111414864663,0.0031381234938713276,0.9999950760783461,0.0,0.08036071845681655,-0.00025218310030354353,0.9967658156923261,4703.063834897002,-545.358404990862,-0.11544253045966167,8.088397693940702e-09,143.3869497958519,0.0,-44.36084938755568,-6.113050204148107,0.0,2.9454387976365357e-17,2.2810266600439024,1.5707963267948966,20.354421340797707,461.0,0.04305850345915814,1.3574003446275258,0.0,0.0907465232440093,-1590.671824078029,-8.06859331529827,128.2445710857112,-0.09814725099408839,0.28377449914534647,-2.2570621717718833,-0.10047385536225564,0.2829591024009183,-2.2570621717718833,-2.9370673287845924e-17,2.1512079233183576e-19,1.3042160180445448e-18,-2.937144954960684e-17,-2.6032510059531033e-20,1.3042160180445448e-18,-1590.7722979333912,-7.785634212897351,125.98750891393931,-1057898.5601378009,203.89873619473457,117409.42654481673,0.016776973016879686,4719.021162736598
115.90957872806867,2001.0,12.0,14.0,14.0,23.0,23.0,1.0,3505963.2185304146,17761.120990403302,-282300.4094895327,207.76729280712408,-295.79526994350215,4701.693968051728,3517355.1239965716,4715.56871001742,3505990.812622934,-11043.953574663872,-282300.4094895327,3517355.1239965716,204.54724884963815,-546.0051749280793,4701.693968051728,4737.709087446611,20241982.38315051,0.8264893721617715,1.6336260214329026,2.555016904992207e-07,9.363598495800015e-06,6.202671051350834,-0.08034570208002886,-0.0031500131166050543,121155.12399657164,-0.036430781378223656,-0.03626045733339309,4229.596298620105,-16542618908.613655,-1040737516.6625894,-206062774.37104118,-16541839627.864237,-1912030116.6223035,16575324278.403393,16653251313.417204,-0.9967690747811881,0.003139846044921177,0.08025928561025442,0.003150007907230064,0.9999950387127851,0.0,0.08025888742088684,-0.0002528173843009375,0.9967740200633901,4703.081171860529,-545.3581405883072,-0.11544205320169708,8.102258003618824e-09,143.3723599961907,0.0,-44.31707998857213,-6.127640003809288,0.0,2.945411725093158e-17,2.2810222387620445,1.5707963267948966,20.35549681503708,461.0,0.04313253651456793,1.3606929892456423,0.0,0.09090161757529404,-1590.6968456044058,-8.058429987087907,128.08302395027994,-0.09818542747438745,0.2842391537855302,-2.2609234310965323,-0.10051738048509658,0.2834228835740982,-2.2609234310965323,-2.942067491977916e-17,2.1568008309416086e-19,1.30477053195024e-18,-2.942145394758817e-17,-2.6043108766670048e-20,1.30477053195024e-18,-1590.797362984891,-7.775007103513809,125.82210051918341,-1057900.3377566934,204.05227439970048,117421.61560470471,0.016868936359509795,4719.011449008059
116.04972014886434,2001.0,12.0,14.0,14.0,23.0,24.0,1.0,3505992.3014479573,17719.667655530997,-281641.50473870896,207.2836923308203,-295.79763053959095,4701.73217115166,3517331.0821737624,4715.5856663389795,3506019.4436916076,-11120.471687665751,-281641.50473870896,3517331.0821737624,204.05526636661395,-546.0076265311392,4701.73217115166,4737.726067345454,20241919.844650358,0.8264888361818041,1.63362601235978,2.563692708922222e-07,9.392259939922857e-06,6.202858781006258,-0.08015831669165902,-0.003171811957732197,121131.08217376238,-0.03634583479806552,-0.03617590867813588,4241.714810505509,-16542616486.543756,-1040737213.5968665,-206063889.02732033,-16541834843.357428,-1912044164.2097306,16575321842.083569,16653248187.580807,-0.9967840279411047,0.0031616221014921166,0.08007250331539742,0.003171806639456743,0.9999949698086695,0.0,0.08007210053538544,-0.00025397449765369957,0.996789041980702,4703.112912348054,-545.3576561596321,-0.11544117937178226,8.127635483250826e-09,143.34564685973598,0.0,-44.23694057920792,-6.154353140264028,0.0,2.94536215409819e-17,2.2810141432042066,1.5707963267948966,20.357466358715982,461.0,0.04326808917107029,1.3667471330881713,0.0,0.09118558323348426,-1590.7426597727115,-8.039786979853492,127.78669142125982,-0.09825374958603474,0.28508971438621006,-2.267993128662386,-0.10059551220585149,0.2842718548864246,-2.267993128662386,-2.9512222239123025e-17,2.1670642625231972e-19,1.3057655375361475e-18,-2.951300635199784e-17,-2.6062108542552384e-20,1.3057655375361475e-18,-1590.8432552849174,-7.755515124967068,125.51869829259743,-1057903.6061966922,204.2058126046664,117433.87127147734,0.016960900267260954,4719.001683384088
116.281230244994,2001.0,12.0,14.0,14.0,23.0,24.0,1.0,3506040.197236474,17651.187067436662,-280552.9989849539,206.48476602039872,-295.8015172052017,4701.795079669563,3517291.4883873807,4715.613583340381,3506066.5904640825,-11246.878430446317,-280552.9989849539,3517291.488387381,203.2424932734597,-546.0116314713064,4701.795079669563,4737.754023161068,20241816.10647332,0.8264879470958921,1.6336259973143,2.576651642589365e-07,9.439647453495633e-06,6.203168911171367,-0.07984875518511808,-0.0032078226590855985,121091.48838738119,-0.03620550259594322,-0.036036233837965795,4261.747781932354,-16542612468.841887,-1040736710.9565756,-206065718.3558567,-16541826935.046913,-1912067295.4925869,16575317800.749218,16653243010.651632,-0.9968086529193392,0.003197596351504783,0.07976393196617967,0.0032078171576050913,0.9999948549413059,0.0,0.07976352157606803,-0.00025586810951915635,0.9968137815847525,4703.165177563312,-545.3568574523377,-0.11543974029676854,8.169213935142575e-09,143.30372096845298,0.0,-44.10558145267945,-6.2,0.0,2.945284204267036e-17,2.2810014130307055,1.5707963267948966,20.360564239432748,461.0,0.04349018915017845,1.3767899982292362,0.0,0.09165075522846024,-1590.8181129174782,-8.00898635546336,127.2971122151915,-0.09835914046691203,0.2864826653106491,-2.279574899852163,-0.10071704536206535,0.28566223903487625,-2.279574899852163,-2.966221748755958e-17,2.183976529261055e-19,1.3073127618312067e-18,-2.966301001324331e-17,-2.609153725595097e-20,1.3073127618312067e-18,-1590.9188299628402,-7.723324116428484,125.01753731533934,-1057909.0278935898,204.3593508096323,117446.19354513459,0.017052864743178575,4718.991865862493
116.34674818648874,2001.0,12.0,14.0,14.0,23.0,24.0,1.0,3506053.7182863415,17631.806724994654,-280244.94646817376,206.25866097379682,-295.80261420344164,4701.812837221078,3517280.310998658,4715.621462549047,3506079.898958542,-11282.652025392576,-280244.94646817376,3517280.3109986577,203.01246957104723,-546.0127546885924,4701.812837221078,4737.761913323725,20241786.65035363,0.8264876946409531,1.6336259930433235,2.580956827951792e-07,9.453069289131162e-06,6.203256680032185,-0.07976114724160607,-0.0032180136803104144,121080.31099865772,-0.03616578764382899,-0.035996704920959785,4267.42039142549,-16542611328.02861,-1040736568.2524428,-206066233.33953387,-16541824695.913363,-1912073824.7376692,16575316653.226767,16653241542.537563,-0.9968156043733302,0.003207777324460416,0.07967660285472217,0.003218008126229751,0.9999948221984449,0.0,0.07967619030508401,-0.0002563999554568765,0.996820765713441,4703.17993044583,-545.3566317660965,-0.11543933404591603,8.182626801610737e-09,143.2757774966443,0.0,-44.06366624496645,-6.2,0.0,2.945233407109771e-17,2.2809931172253677,1.5707963267948966,20.36258354264897,461.0,0.04356180204124582,1.3796417065154751,0.0,0.0918013376282684,-1590.8394141601912,-8.000269058822619,127.1585498349666,-0.0984085891987629,0.2869323146622528,-2.2833192766754893,-0.10077152723130384,0.2861109975603865,-2.2833192766754893,-2.9710504682034e-17,2.1892005401117283e-19,1.3080010835427628e-18,-2.971129975234211e-17,-2.6105127620551118e-20,1.3080010835427628e-18,-1590.9401856874224,-7.714158061262233,124.87523055829112,-1057910.5673770122,204.51288901459822,117458.58242567649,0.01714482979030821,4718.981996441132
116.47754001991531,2001.0,12.0,14.0,14.0,23.0,24.0,1.0,3506080.6657167533,17593.11801571192,-279629.98543122597,205.807284035497,-295.80480021730074,4701.848225687786,3517258.034473248,4715.637163247088,3506106.4213020564,-11354.066180627808,-279629.98543122597,3517258.034473248,202.55326994295532,-546.0149834733389,4701.848225687786,4737.777635848411,20241727.7033366,0.8264871894305283,1.6336259844980683,2.5852548439648035e-07,9.479855951583394e-06,6.203431892448131,-0.07958625603472677,-0.0032383576327679312,121058.03447324783,-0.036086504905545255,-0.03591779355992915,4278.75124040246,-16542609045.055056,-1040736282.7046146,-206067257.79960743,-16541820223.994822,-1912086836.450975,16575314356.828756,16653238607.184797,-0.9968294583275118,0.00322810156927489,0.07950226645032142,0.003238351972682987,0.9999947565245035,0.0,0.07950184958213538,-0.0002574563213921668,0.9968346852057577,4703.209330547179,-545.3561816758593,-0.11543852439125371,8.20935863210261e-09,143.22008618311958,0.0,-43.98012927467934,-6.2,0.0,2.945132155629063e-17,2.2809765816037046,1.5707963267948966,20.36660975366826,461.0,0.043704528424549874,1.3853485590670709,0.0,0.092101449163473,-1590.8818684368339,-7.982866091514684,126.88192774448055,-0.09850567622406478,0.2878282580454801,-2.290781827669283,-0.10087866043718718,0.2870051745983937,-2.290781827669283,-2.9806736791822235e-17,2.1996333252026853e-19,1.3093540337693713e-18,-2.980753695245164e-17,-2.613183599015577e-20,1.3093540337693713e-18,-1590.9827470972712,-7.69586091691629,124.59114591681127,-1057913.6481749117,204.66642721956413,117471.03791310302,0.017236795411695295,4718.972075117929
116.70417991902495,2001.0,12.0,14.0,14.0,23.0,24.0,1.0,3506127.221221948,17526.076417526707,-278564.3520925092,205.0250963867804,-295.8085759147142,4701.909357012258,3517219.548593015,4715.664280384315,3506152.237781738,-11477.815395201804,-278564.3520925092,3517219.5485930154,201.7575269898294,-546.0188030924201,4701.909357012258,4737.804790679641,20241625.104438517,0.8264863100900498,1.6336259696303213,2.5981062314156804e-07,9.52638822031733e-06,6.2037355107506045,-0.07928319425441106,-0.003273609819544907,121019.54859301494,-0.0359491190451512,-0.03578105123287777,4298.406190499663,-16542605071.476551,-1040735785.7922641,-206069021.71852607,-16541812468.721128,-1912109312.6840131,16575310359.890364,16653233506.310501,-0.9968533921018082,0.0032633207101880365,0.07920016030956688,0.003273603972596507,0.9999946417441599,0.0,0.07919973593484536,-0.0002592699594196783,0.9968587335259389,4703.260115918383,-545.3554031421244,-0.11543712560628976,8.25554168838207e-09,143.12387148253734,0.0,-43.83580722380603,-6.2,0.0,2.9449571890636474e-17,2.2809480073951187,1.5707963267948966,20.373571078909936,461.0,0.04395111478183801,1.3952817027380569,0.0,0.09261993769874599,-1590.9552171502787,-7.952707062044595,126.40254654513288,-0.09866879275757912,0.28937547729843793,-2.303674486390822,-0.10105918091490206,0.2885493709553808,-2.303674486390822,-2.9972978248119577e-17,2.217724700539639e-19,1.3116319650692358e-18,-2.9973787262646704e-17,-2.6176789749823957e-20,1.3116319650692358e-18,-1591.0562763311937,-7.664157691089215,124.09887205874206,-1057919.0104308575,204.81996542453004,117483.56000741418,0.01732876161038542,4718.962101890857
116.92253480561216,2001.0,12.0,14.0,14.0,23.0,24.0,1.0,3506171.9071749984,17461.484773685166,-277537.66079898656,204.27146813713352,-295.8121988459315,4701.968024690469,3517182.6081788023,4715.690298873809,3506196.2088192184,-11597.041666134197,-277537.66079898656,3517182.608178802,200.9908390595005,-546.0224321232654,4701.968024690469,4737.83084533199,20241525.710947584,0.8264854582124775,1.633625955234258,2.606638622959845e-07,9.571290863223952e-06,6.204028036155715,-0.07899120493281792,-0.0033075728466765344,120982.60817880137,-0.03581675254636918,-0.035649304742547676,4317.365982636809,-16542601222.039597,-1040735304.5238444,-206070707.6504306,-16541804989.473513,-1912130882.3057578,16575306487.830833,16653228574.585463,-0.996876363674142,0.0032972532160163125,0.07890908483216219,0.0033075668158509867,0.9999945299859189,0.0,0.07890865319835703,-0.00026099707046003007,0.9968818166317162,4703.308852868259,-545.3546547433098,-0.11543578300327319,8.300554980968328e-09,143.0657602235017,0.0,-43.663040894006826,-6.234239776498294,0.0,2.944850445657485e-17,2.2809305748739637,1.5707963267948966,20.37782044826025,461.0,0.04419146486514403,1.4049048216672784,0.0,0.0931237894585905,-1591.0256238591796,-7.923647339911614,125.94063885273312,-0.09882633929119691,0.2908658230261456,-2.316215187249044,-0.10123353951570987,0.290036795630308,-2.316215187249044,-3.0135157016985107e-17,2.235375103540317e-19,1.3138531733291831e-18,-3.013597468107537e-17,-2.621981057315301e-20,1.3138531733291831e-18,-1591.1268573986954,-7.633610544281306,123.62442366548407,-1057924.2052103952,204.97350362949598,117496.14870860998,0.01742072838942408,4718.952076757955
117.13450258730961,2001.0,12.0,14.0,14.0,23.0,25.0,1.0,3506215.1286063213,17398.7817464566,-276540.9890483253,203.53985236208746,-295.8157019625141,4702.024761298108,3517146.8784083966,4715.7154554624785,3506238.7335192515,-11712.781199086832,-276540.9890483253,3517146.8784083966,200.246545706911,-546.0259071621274,4702.024761298108,4737.856036882115,20241428.70914197,0.8264846268244053,1.6336259411925649,2.6193850981067117e-07,9.614944671615348e-06,6.20431201061971,-0.07870775078146884,-0.0033405419655480905,120946.87840839662,-0.03568825519791093,-0.03552140926670038,4335.791522204876,-16542597465.227917,-1040734834.9682194,-206072331.634397,-16541797721.83334,-1912151741.2210999,16575302708.949245,16653223770.710907,-0.9968985813597636,0.0033301939338931394,0.0786265113765927,0.0033405357525774244,0.9999944203948768,0.0,0.078626072671707,-0.0002626546723539435,0.996904143691231,4703.355983987608,-545.3539298079144,-0.115434484412848,8.344323949714156e-09,143.02109801049576,0.0,-43.484392041983035,-6.278901989504241,0.0,2.944767835920542e-17,2.2809170836800954,1.5707963267948966,20.381110331140228,461.0,0.04442517860325289,1.414296770291123,0.0,0.09361319759375109,-1591.0937263411713,-7.89543466882766,125.49219503421307,-0.09897565270734823,0.29230840734943486,-2.328400508444927,-0.1013991828201952,0.2914765694861345,-2.328400508444927,-3.0292894167884573e-17,2.2525930589260207e-19,1.3159695466883111e-18,-3.029372029328255e-17,-2.6260500899968403e-20,1.3159695466883111e-18,-1591.1951255239915,-7.603958099341526,123.16379452576814,-1057929.2750381995,205.1270418344619,117508.80401669041,0.017512695751856818,4718.94199971731
117.25753601631106,2001.0,12.0,14.0,14.0,23.0,25.0,1.0,3506240.1446877555,17362.386401710126,-275962.4808006336,203.11518290218967,-295.8177290392578,4702.0575960413025,3517126.1984027834,4715.730011655571,3506263.3439612077,-11779.96076151509,-275962.4808006336,3517126.198402783,199.81451778594132,-546.0279025784546,4702.0575960413025,4737.870613303193,20241372.173377477,0.8264841422606393,1.6336259330123082,2.632069845893345e-07,9.640348816452742e-06,6.204476841799847,-0.07854322157291836,-0.003359678177029507,120926.1984027829,-0.03561366967456083,-0.03544717309102585,4346.495082095265,-16542595275.635979,-1040734561.3574123,-206073268.56166753,-16541793500.222166,-1912163812.4117572,16575300506.49811,16653220974.979738,-0.9969114402416073,0.003349314211945159,0.07846249046336615,0.0033596718566735262,0.999994356286582,0.0,0.07846204764355591,-0.00026360822101428616,0.9969170665558325,4703.383259080482,-545.353509741494,-0.11543373280802688,8.369656956590954e-09,142.99524800347862,0.0,-43.38099201391447,-6.304751996521381,0.0,2.9447200178355314e-17,2.280909274394178,1.5707963267948966,20.38301515833191,461.0,0.044560452792812594,1.4197708633036843,0.0,0.09389645385570718,-1591.133144761868,-7.879057718787233,125.2318813866361,-0.0990596890550075,0.2931429157398601,-2.335453102352145,-0.10149269412834072,0.29230946628994514,-2.335453102352145,-3.038418505047605e-17,2.2625934733784967e-19,1.3171637850418918e-18,-3.038501610423737e-17,-2.6283437097002677e-20,1.3171637850418918e-18,-1591.2346374559963,-7.586748252497288,122.89642828428396,-1057932.2299189195,205.2805800394278,117521.52593165546,0.017604663700729162,4718.93187076707
117.28389467745448,2001.0,12.0,14.0,14.0,23.0,25.0,1.0,3506245.497332942,17354.589036716596,-275838.54076522734,203.02420041677354,-295.81816272353853,4702.0646212808115,3517121.7735386495,4715.733125830242,3506268.6095845043,-11794.353331579927,-275838.54076522734,3517121.773538649,199.72195882922605,-546.0283280120034,4702.0646212808115,4737.873731805315,20241360.03997387,0.8264840382657582,1.633625931257002,2.632069845893345e-07,9.645794544826928e-06,6.204512155450465,-0.07850797261299261,-0.003363777896231364,120921.77353864908,-0.035597690368524434,-0.03543126862917669,4348.7889015078545,-16542594805.717361,-1040734502.6414516,-206073468.74661535,-16541792595.516985,-1912166395.1018915,16575300033.82003,16653220375.356195,-0.9969141915881902,0.0033534105700620603,0.0784273501249007,0.0033637715527094973,0.999994342504467,0.0,0.07842690642251769,-0.0002638116893045286,0.9969198316576846,4703.389094722063,-545.3534198156156,-0.11543357198894601,8.374049107486008e-09,142.98171897477576,0.0,-43.37257846216362,-6.3,0.0,2.9446954770524155e-17,2.2809052665801484,1.5707963267948966,20.383992879875215,461.0,0.04458391970910652,1.4209456996442842,0.0,0.09394599678563018,-1591.1415791885606,-7.875548995942889,125.17610979838804,-0.09906580306336231,0.29329267754717453,-2.3366837616246894,-0.10150059907512382,0.29245898246894514,-2.3366837616246894,-3.039998902498235e-17,2.2644557335675493e-19,1.3172574761531494e-18,-3.040082103161103e-17,-2.6285370390956233e-20,1.3172574761531494e-18,-1591.2430797876357,-7.583090013473944,122.83942603676336,-1057932.8640817758,205.43411824439372,117534.31445350517,0.01769663223908668,4718.921689905441
117.35308121366562,2001.0,12.0,14.0,14.0,23.0,25.0,1.0,3506259.53561279,17334.122363336905,-275513.220563553,202.7853861791098,-295.81930006482514,4702.0830456768335,3517110.16853027,4715.741292689854,3506282.41925055,-11832.131178806902,-275513.220563553,3517110.16853027,199.47900665743006,-546.0294412326119,4702.0830456768335,4737.881910013309,20241328.158705328,0.8264837650121082,1.6336259266452169,2.636284532093135e-07,9.660067792501726e-06,6.204604847566983,-0.0784154502929328,-0.0033745388565860706,120910.16853026999,-0.03555574749581047,-0.035389522208411635,4354.810618072748,-16542593570.977057,-1040734348.3681196,-206073993.28660637,-16541790220.471771,-1912173168.41292,16575298791.829475,16653218800.424227,-0.9969214074166337,0.0033641627961148893,0.07833511245360975,0.003374532451989152,0.9999943062491559,0.0,0.0783346664329971,-0.00026434437910492564,0.9969270836710579,4703.404399166242,-545.3531838955639,-0.11543315021247745,8.386814616703008e-09,142.95593006726665,0.0,-43.33389510089997,-6.3,0.0,2.944648453581988e-17,2.2808975870646404,1.5707963267948966,20.38586659740765,461.0,0.044652105376253574,1.42403267144968,0.0,0.09408934236150528,-1591.163700231172,-7.866339043007164,125.02971643766041,-0.09909559827390295,0.29372026926821565,-2.340248767791283,-0.10153538428270462,0.292885813782128,-2.340248767791283,-3.0445956311288133e-17,2.2696852877351085e-19,1.3176913307320664e-18,-3.044679094836607e-17,-2.6293885467170544e-20,1.3176913307320664e-18,-1591.2652356154547,-7.573453229225036,122.68946766986913,-1057934.5303875413,205.58765644935963,117547.1695822395,0.017788601369974868,4718.911457130683
117.454706053234,2001.0,12.0,14.0,14.0,23.0,25.0,1.0,3506280.1258208062,17304.059689622347,-275035.3707545575,202.43459718479315,-295.82096802968294,4702.110067598273,3517093.147241598,4715.753269528891,3506302.6731394404,-11887.621415912641,-275035.3707545575,3517093.147241598,199.12213966538872,-546.0310672972029,4702.110067598273,4737.893903494219,20241281.2422046,0.8264833628900614,1.6336259198595404,2.640492490927786e-07,9.681031102332469e-06,6.204740999731632,-0.07827954752253438,-0.003390345037740946,120893.147241598,-0.03549413907775476,-0.03532820234935518,4363.657878741622,-16542591753.932022,-1040734121.3564798,-206074761.3771526,-16541786730.924011,-1912183102.2694955,16575296964.116041,16653216484.368877,-0.9969319908087676,0.003379956378248304,0.07819962657806305,0.003390338542725373,0.9999942527857676,0.0,0.07819917714805621,-0.00026512320801433864,0.9969377204234232,4703.426844953482,-545.3528376748641,-0.11543253158673122,8.405538034242206e-09,142.9181049813289,0.0,-43.27715747199332,-6.3,0.0,2.944579476793229e-17,2.28088632230017,1.5707963267948966,20.38861571942463,461.0,0.044752115777384784,1.4285755063608117,0.0,0.09429959076174078,-1591.1961461904132,-7.852810415462833,124.8146771810637,-0.09913837198894128,0.29434731545511694,-2.3454776444885814,-0.10158548668074842,0.2935117507223302,-2.3454776444885814,-3.051337525276025e-17,2.2773691287224515e-19,1.3183157395023875e-18,-3.051421376022062e-17,-2.6306136340768104e-20,1.3183157395023875e-18,-1591.297731677094,-7.559298664740503,122.46919953657512,-1057936.9825340025,205.74119465432554,117560.09131785846,0.017880571096439268,4718.901172441116
117.67408486118906,2001.0,12.0,14.0,14.0,23.0,25.0,1.0,3506324.4526166166,17239.16244430459,-274003.82106969476,201.67732022915823,-295.82455804799315,4702.168234603511,3517056.503626263,4715.779046685013,3506346.2718130792,-12007.409442399765,-274003.82106969476,3517056.503626263,198.35174213641108,-546.03454061452,4702.168234603511,4737.919716464913,20241179.60716828,0.8264824917674476,1.6336259051640243,2.6488883546935366e-07,9.726372703822341e-06,6.205034917508486,-0.07798616807194263,-0.003424465690129847,120856.50362626277,-0.0353611421497885,-0.03519582833732008,4382.76537501812,-16542587817.673286,-1040733629.6529446,-206076409.82434434,-16541779194.101118,-1912204485.1834443,16575293004.750849,16653211473.653915,-0.9969547740270478,0.003414050763762118,0.0779071421761871,0.0034244589970354065,0.9999941365230987,0.0,0.07790668536945851,-0.0002667898139585605,0.9969606196826128,4703.475160242825,-545.3520915456671,-0.1154311998101999,8.445846011110949e-09,142.8366747250284,0.0,-43.15501208754258,-6.3,0.0,2.944430956322064e-17,2.280862067066536,1.5707963267948966,20.394537712569413,461.0,0.04496742398971184,1.4384168052791924,0.0,0.09475221858937413,-1591.2659986301833,-7.823603723270082,124.35043301186133,-0.09922669651152452,0.29569677991575466,-2.356734482188176,-0.10168962802731572,0.2948588518338946,-2.356734482188176,-3.0658506760741435e-17,2.2939659174782835e-19,1.3196116078636707e-18,-3.0659353650142616e-17,-2.633154421019732e-20,1.3196116078636707e-18,-1591.3676882582106,-7.528744871436188,121.99369852967315,-1057942.2946484983,205.89473285929145,117573.07966036207,0.017972541421525334,4718.8908358351155
117.81521742155654,2001.0,12.0,14.0,14.0,23.0,25.0,1.0,3506352.8814738053,17197.4118045007,-273340.1893941583,201.19012507969086,-295.8268599206435,4702.205535449549,3517033.002337406,4715.795573929437,3506374.230727282,-12084.472851211165,-273340.1893941583,3517033.0023374055,197.85610620864423,-546.036748443685,4702.205535449549,4737.9362666700545,20241113.965131443,0.8264819291387155,1.6336258956758405,2.6572576910446673e-07,9.75556160386896e-06,6.205224006256151,-0.07779742561150527,-0.0034464162152702486,120833.00233740499,-0.03527557999421308,-0.035110666921101895,4395.0639407634735,-16542585275.399118,-1040733312.1320907,-206077463.3697222,-16541774342.62734,-1912218197.0291278,16575290447.556341,16653208242.14849,-0.9969693853873308,0.0034359850599013073,0.0777189719893153,0.003446409392642652,0.999994061113514,0.0,0.07771851042516284,-0.0002678513950505074,0.9969753063105044,4703.506142597641,-545.3516124505896,-0.11543034568420403,8.472747078243765e-09,142.79125292175624,0.0,-43.07375876526871,-6.308747078243765,0.0,2.9443478632533933e-17,2.280848496938605,1.5707963267948966,20.3978524513972,461.0,0.04511110594539289,1.444773044891834,0.0,0.09505392546772158,-1591.3108000574566,-7.804812596624554,124.05174555330171,-0.09929248830656885,0.296596901693559,-2.3642401224144867,-0.10176588408294875,0.29575737550422077,-2.3642401224144867,-3.0755400424933536e-17,2.304938580317906e-19,1.3205697558417554e-18,-3.07562528339313e-17,-2.6350178088543583e-20,1.3205697558417554e-18,-1591.4125659415395,-7.509055221120334,121.68750543088723,-1057945.7255608104,206.04827106425736,117586.1346097503,0.018064512348278574,4718.880447311115
117.9057854695466,2001.0,12.0,14.0,14.0,23.0,25.0,1.0,3506371.088712661,17170.61927647191,-272914.3187353064,200.87747338198685,-295.82833390309634,4702.229422829453,3517017.9509489434,4715.806156679389,3506392.1357652703,-12133.926397390644,-272914.3187353064,3517017.9509489434,197.53803789049178,-546.0381542536212,4702.229422829453,4737.946864121351,20241071.725908726,0.826481567097208,1.6336258895717368,2.6614324896770423e-07,9.774287169466612e-06,6.205345350206142,-0.07767630386471326,-0.003460502274885136,120817.95094894385,-0.0352206721554605,-0.035056016246131305,4402.960264518857,-16542583639.50053,-1040733107.8365142,-206078136.59186846,-16541771227.808453,-1912226977.8902328,16575288802.058233,16653206164.775116,-0.9969787429771843,0.00345006097967647,0.07759821602891452,0.0034604953682596516,0.9999940124679778,0.0,0.07759775140711118,-0.00026852826715327056,0.9969847124550757,4703.525983254455,-545.3513053675122,-0.11542979866175226,8.491561313820198e-09,142.7724386861798,0.0,-43.01731605853941,-6.327561313820198,0.0,2.944313038012448e-17,2.2808428095451507,1.5707963267948966,20.399242026372498,461.0,0.045211573805087016,1.4488632247047675,0.0,0.09526439106612124,-1591.3394938246026,-7.792753218857872,123.86006011508002,-0.09935135630913842,0.29722604776364414,-2.3694791553265966,-0.10183190668390925,0.29638535431222146,-2.3694791553265966,-3.082322357235623e-17,2.3124193484923737e-19,1.3214128459696393e-18,-3.082407969489376e-17,-2.6366393913362824e-20,1.3214128459696393e-18,-1591.4413257312865,-7.49636786454565,121.49058095975342,-1057947.9332900103,206.20180926922328,117599.25616602316,0.01815648387974438,4718.870006867603
118.09067206810944,2001.0,12.0,14.0,14.0,23.0,26.0,1.0,3506408.169262102,17115.92430449286,-272044.9350330237,200.2392052906751,-295.83133516961715,4702.278066686698,3516987.297533206,4715.827704088273,3506428.59787565,-12234.881797752989,-272044.9350330237,3516987.297533206,196.88871230883285,-546.0409973668797,4702.278066686698,4737.96844146126,20240985.209335938,0.8264808255396893,1.6336258770723262,2.669762502188827e-07,9.812604161783877e-06,6.205593066212285,-0.07742904142235175,-0.0034892574604919687,120787.29753320664,-0.03510858121275972,-0.034944450280376266,4419.091135397553,-16542580288.766607,-1040732689.4430075,-206079503.98011845,-16541764865.142454,-1912244858.6573591,16575285431.665552,16653201914.799555,-0.9969977998882845,0.0034787961293845054,0.07735169678430014,0.0034892503802592526,0.9999939125473634,0.0,0.0773512259095096,-0.00026989943741831764,0.9970038691021162,4703.566385503487,-545.3506793538781,-0.11542868460955835,8.529878083491705e-09,142.7341219165083,0.0,-42.90236574952488,-6.3658780834917055,0.0,2.9442421081374744e-17,2.2808312258174963,1.5707963267948966,20.402072829985094,461.0,0.045416188941359945,1.4572411513199859,0.0,0.09569301346418527,-1591.3979328176738,-7.768133440712868,123.46872535839995,-0.0994682600481857,0.29850694333369504,-2.380148730515293,-0.10196341217711097,0.29766389191945986,-2.380148730515293,-3.0961344524171563e-17,2.327698221599679e-19,1.3230914674829112e-18,-3.0962208248860966e-17,-2.6398650022405537e-20,1.3230914674829112e-18,-1591.499896229851,-7.470469548793408,121.08857662788466,-1057952.4553045481,206.3553474741892,117612.44432918067,0.018248456018968195,4718.859514503127
118.34871893806252,2001.0,12.0,14.0,14.0,23.0,26.0,1.0,3506459.7254198594,17039.58541575951,-270831.5181645689,199.34833309671876,-295.83550668344293,4702.345689538805,3516944.67751399,4715.857651461426,3506479.287457979,-12375.786473738384,-270831.5181645689,3516944.67751399,195.98240726819827,-546.0449055362237,4702.345689538805,4737.998430428706,20240863.81063088,0.8264797849858095,1.6336258595408306,2.686345037418604e-07,9.866155488884689e-06,6.205938811344941,-0.07708392923039789,-0.0035293906144629474,120744.67751398962,-0.034952132176410605,-0.034788733956180554,4441.629263713956,-16542575587.06566,-1040732102.4839611,-206081396.93184042,-16541755975.729122,-1912269714.8597567,16575280702.387552,16653195962.490242,-0.997024294944722,0.0035189028001675624,0.07700761399409062,0.0035293832871007686,0.9999937717074106,0.0,0.07700713436813905,-0.0002717893858102507,0.9970305047424262,4703.6225490940415,-545.3498075760069,-0.11542713566011442,8.5833446385881e-09,142.66169378497406,0.0,-42.742540677461086,-6.4,0.0,2.9441091760150324e-17,2.280809516354403,1.5707963267948966,20.40738032013879,461.0,0.04570170370390298,1.4689974056009947,0.0,0.09629186521513552,-1591.4791893120714,-7.733767876212993,122.9224798573996,-0.09962723719093508,0.30029412859941834,-2.3950500958331227,-0.10214282049982513,0.2994478156238969,-2.3950500958331227,-3.115395304005442e-17,2.349078485521101e-19,1.3253684013380441e-18,-3.1154827434911855e-17,-2.644277010956474e-20,1.3253684013380441e-18,-1591.5813321325713,-7.434320060589096,120.52742976156647,-1057958.8005899694,206.5088856791551,117625.69909922278,0.018340428768995325,4718.8489702162915
118.56510184791351,2001.0,12.0,14.0,14.0,23.0,26.0,1.0,3506502.780166451,16975.57129096381,-269814.00480838865,198.6012650646698,-295.8389890676754,4702.402151911196,3516909.0853370726,4715.882649964577,3506521.6124756425,-12493.94160892741,-269814.00480838865,3516909.085337073,195.22239827969713,-546.0481288237714,4702.402151911196,4738.023463648218,20240761.42753626,0.8264789074110397,1.6336258447624308,2.694598037008223e-07,9.911109460044509e-06,6.206228739152193,-0.0767945320810417,-0.0035630434140419523,120709.08533707308,-0.03482094026008602,-0.03465815644912801,4460.54973551631,-16542571621.824419,-1040731607.581017,-206082970.36374176,-16541748513.33672,-1912290467.927577,16575276713.896172,16653190952.57357,-0.9970464198506754,0.0035525347132281484,0.07671907298750338,0.0035630358750754067,0.9999936523675302,0.0,0.07671858600302464,-0.0002733528093570031,0.9970527487750777,4703.669441551094,-545.3490783022501,-0.11542584213501593,8.628279761945248e-09,142.57271334268268,0.0,-42.60907001402401,-6.4,0.0,2.943947097748592e-17,2.280783046964771,1.5707963267948966,20.413855364034667,461.0,0.04594165236822937,1.4789124880900861,0.0,0.09679631121175784,-1591.547050423715,-7.704947667575628,122.46437845271485,-0.09975862203362298,0.30179646288185374,-2.4075937535403242,-0.10229141927123697,0.300947426009131,-2.4075937535403242,-3.1315651808702906e-17,2.367079125779025e-19,1.327235493352751e-18,-3.1316535211827246e-17,-2.6479542649890703e-20,1.327235493352751e-18,-1591.6493418429864,-7.404000241566497,120.05678469917453,-1057964.1520238258,206.66242388412104,117639.02047614956,0.018432402132871166,4718.838374005755
118.76702981107321,2001.0,12.0,14.0,14.0,23.0,26.0,1.0,3506542.8129247064,16915.832799457803,-268864.4530169317,197.90407439702952,-295.8422259836716,4702.45464318779,3516875.9913265784,4715.905885042271,3506560.96172693,-12604.20429530853,-268864.4530169317,3516875.9913265784,194.51313124603564,-546.0510924602779,4702.45464318779,4738.046730989745,20240665.404134516,0.826478084339264,1.6336258309077873,2.706930357901008e-07,9.953150279590907e-06,6.20649930418449,-0.07652446218666448,-0.0035944477083095293,120675.99132657843,-0.034698509877345414,-0.03453629943151905,4478.2227872908115,-16542567902.887138,-1040731143.515522,-206084427.3057917,-16541741542.730919,-1912309760.6852076,16575272973.158993,16653186262.049067,-0.9970669908108538,0.003583920594980711,0.07644979626236838,0.003594439968237918,0.9999935399797915,0.0,0.07644930239513958,-0.0002747942032491027,0.9970734319253735,4703.713034421997,-545.3483991858878,-0.11542463940864363,8.670060950194746e-09,142.48997831644604,0.0,-42.48496747466907,-6.4,0.0,2.943796356317598e-17,2.280758429020871,1.5707963267948966,20.419881305909264,461.0,0.046164765589591435,1.4882119259176894,0.0,0.09726535382166428,-1591.610151260349,-7.678050044449268,122.03683672633896,-0.09987580994168269,0.30319268134364113,-2.419257023353164,-0.10242466442468148,0.30234114432102227,-2.419257023353164,-3.146598753983817e-17,2.383888821859559e-19,1.3289074804845092e-18,-3.1466879384618727e-17,-2.651245476627571e-20,1.3289074804845092e-18,-1591.7125759247738,-7.375708900128246,119.6175797029858,-1057969.1710938402,206.81596208908695,117652.40845996096,0.018524376113640877,4718.8277258702365
118.81533549968046,2001.0,12.0,14.0,14.0,23.0,26.0,1.0,3506552.368788908,16901.54191835144,-268637.2974046027,197.73728668309911,-295.8429984927539,4702.467171787086,3516868.0917451493,4715.911430045862,3506570.353719512,-12630.581686324866,-268637.2974046027,3516868.0917451493,194.34345460958662,-546.0517950882391,4702.467171787086,4738.052283692521,20240642.367065642,0.826477886874009,1.6336258275846876,2.706930357901008e-07,9.963195404947215e-06,6.206564030134557,-0.07645985467583474,-0.003601960259924312,120668.09174514934,-0.03466922144253707,-0.03450714815848136,4482.45246361196,-16542567010.672749,-1040731032.194075,-206084774.21595433,-16541739874.342428,-1912314365.3730922,16575272075.715384,16653185137.882368,-0.9970719009763805,0.0035914288954912964,0.07638537767030631,0.003601952471219962,0.9999935129481566,0.0,0.0763848821544013,-0.00027513649986462993,0.9970783690754527,4703.723438933802,-545.3482369353388,-0.11542435231749901,8.678628336106874e-09,142.4867686057215,0.0,-42.460305817164446,-6.413231394278519,0.0,2.9437900063485935e-17,2.2807573919922346,1.5707963267948966,20.420135228719708,461.0,0.046210544740831104,1.4904430014882233,0.0,0.09736102979497979,-1591.6252139079218,-7.671615148431634,121.93455308152741,-0.09988630777153432,0.30347910501322223,-2.4216407293744013,-0.10243860931037518,0.30262711871610637,-2.4216407293744013,-3.1496919341918416e-17,2.387539676636602e-19,1.329085599125372e-18,-3.149781307344841e-17,-2.6515627314811084e-20,1.329085599125372e-18,-1591.7276525172322,-7.368988029715528,119.51291235215301,-1057970.3752309568,206.96950029405286,117665.863050657,0.01861635071434974,4718.817025808508
118.89655436076238,2001.0,12.0,14.0,14.0,23.0,26.0,1.0,3506568.4173979554,16877.513834259957,-268255.3675219932,197.45685428388808,-295.8442957610283,4702.4882120154025,3516854.824778866,4715.920741571241,3506586.1264881324,-12674.931439011134,-268255.3675219932,3516854.824778866,194.05816492775438,-546.0529709397041,4702.4882120154025,4738.061608146418,20240603.579657033,0.8264775544015233,1.6336258219902111,2.711028665104554e-07,9.980096511930288e-06,6.206672857876199,-0.07635122606620638,-0.003614591451995532,120654.82477886602,-0.03461997697592368,-0.034458134309060855,4489.565074428916,-16542565508.455051,-1040730844.7728076,-206085356.08595985,-16541737068.580532,-1912322098.289154,16575270564.69391,16653183246.083897,-0.997080147233152,0.0036040530731342073,0.07627706598291574,0.0036145835810643084,0.9999934673714301,0.0,0.07627656769317527,-0.00027570983031360613,0.9970866608299591,4703.7409118361675,-545.3479643217462,-0.11542387016274387,8.69381164196444e-09,142.47202753207335,0.0,-42.41608259622008,-6.427972467926641,0.0,2.943762585999787e-17,2.280752913909439,1.5707963267948966,20.42123178951817,461.0,0.046291657681573235,1.4941994939038985,0.0,0.0975309184684348,-1591.6505112449483,-7.660795491558462,121.76257298792807,-0.0999128450909905,0.30398651093912393,-2.4258703545385885,-0.10247116410362342,0.3031336932351247,-2.4258703545385885,-3.1551666314441867e-17,2.3938898039547345e-19,1.3294971694225568e-18,-3.155256330020659e-17,-2.6523353423634505e-20,1.3294971694225568e-18,-1591.752982409052,-7.357661798323337,119.33670263338948,-1057972.402637355,207.12303849901878,117679.38424823766,0.018708325938042843,4718.806273819405
119.04897735379593,2001.0,12.0,14.0,14.0,23.0,27.0,1.0,3506598.474252922,16832.420176006595,-267538.5971897163,196.93055629980373,-295.84672495228546,4702.527614307472,3516829.9775491203,4715.938177287088,3506615.664609981,-12758.162634260614,-267538.5971897163,3516829.97754912,193.5227513512996,-546.0551589913763,4702.527614307472,4738.079068069253,20240530.606514964,0.8264769288967017,1.6336258114670221,2.7192067490361207e-07,1.0011872751995212e-05,6.206877096478101,-0.07614736115488176,-0.0036382961693970867,120629.97754911985,-0.034527559136375466,-0.034366149267572726,4502.916390970349,-16542562682.239052,-1040730492.1995411,-206086443.32019663,-16541731801.012402,-1912336579.5250843,16575267721.91696,16653179690.141312,-0.997095590914447,0.003627745076022067,0.07607379341555887,0.003638288142593987,0.9999933814077928,0.0,0.0760732899141426,-0.0002767783805459723,0.9971021903272337,4703.773632931405,-545.3474533433927,-0.11542296715554966,8.72224791600728e-09,142.44441949902208,0.0,-42.333258497066176,-6.455580500977942,0.0,2.9437112286460006e-17,2.280744526617067,1.5707963267948966,20.42328593643776,461.0,0.04644357363792171,1.501266954939536,0.0,0.0978490926434949,-1591.6978908967394,-7.640489177634023,121.43980099434361,-0.09996059032696746,0.3049365852799511,-2.433791799169523,-0.10253019980191437,0.30408222373116817,-2.433791799169523,-3.165419653777685e-17,2.4058114033067426e-19,1.330242860035091e-18,-3.1655099644573364e-17,-2.6537321226426763e-20,1.330242860035091e-18,-1591.8004210965414,-7.336406953902855,119.00600919517409,-1057976.2169430144,207.2765767039847,117692.97205270297,0.018800301787765327,4718.795469901809
119.25832653935576,2001.0,12.0,14.0,14.0,23.0,27.0,1.0,3506639.6258375584,16770.484556815263,-266554.1212138593,196.2076736005336,-295.8500499308799,4702.58155414861,3516795.958565486,4715.962041476012,3506656.101462905,-12872.479148284512,-266554.1212138593,3516795.958565486,192.78734870627795,-546.0581245334208,4702.58155414861,4738.102965386982,20240429.99302671,0.8264760664585404,1.633625796962326,2.731427964541825e-07,1.0055523952961782e-05,6.207157617722491,-0.07586735312413971,-0.0036708536440920544,120595.95856548566,-0.03440062337608138,-0.034239807944640877,4521.260611489415,-16542558785.522293,-1040730006.15369,-206087926.5155795,-16541724561.797684,-1912356403.0222363,16575263802.370987,16653174794.135094,-0.9971167343166769,0.00366028603875422,0.0757945938161814,0.0036708453998702817,0.9999932624243276,0.0,0.07579408314437,-0.00027823023604516597,0.9971234525113929,4703.818425206963,-545.3467528733337,-0.11542173083205626,8.761180752833082e-09,142.4066206283174,0.0,-42.21986188495219,-6.493379371682605,0.0,2.943640908144083e-17,2.2807330424075842,1.5707963267948966,20.42609924651976,461.0,0.046651570790696,1.5110116819959933,0.0,0.09828470405354973,-1591.7627620711057,-7.61259657899722,120.99644374590316,-0.10002180372037302,0.3062368737952267,-2.4446371052073856,-0.1026069149361523,0.3053804268427098,-2.4446371052073856,-3.179456604426333e-17,2.4221945043573606e-19,1.3312104134374198e-18,-3.1795477587498117e-17,-2.6555377929812306e-20,1.3312104134374198e-18,-1591.8653689860419,-7.30721615215451,118.55180664069577,-1057981.4760544915,207.4301149089506,117706.62646405291,0.01889227826656214,4718.784614054669
119.34137380531313,2001.0,12.0,14.0,14.0,23.0,27.0,1.0,3506655.908440696,16745.91496440378,-266163.5837864905,195.92090324417933,-295.8513652512888,4702.602894527891,3516782.498137197,4715.971481494685,3506672.099811183,-12917.827830951162,-266163.5837864905,3516782.4981371975,192.4956118107934,-546.0592882143947,4702.602894527891,4738.112418509477,20240389.955693368,0.8264757232640882,1.633625791191871,2.7395451532081204e-07,1.0072865336513546e-05,6.207268899889375,-0.07575627453210156,-0.003683768835784371,120582.49813719792,-0.034350268213173454,-0.03418968859060359,4528.539714127779,-16542557234.892706,-1040729812.7641546,-206088511.65988728,-16541721688.635002,-1912364245.6525857,16575262242.658413,16653172848.047491,-0.9971250999084049,0.003673194983708432,0.07568383427962193,0.0036837605042390055,0.9999932149312551,0.0,0.07568332075960346,-0.0002788011195286414,0.9971318655166601,4703.836146079017,-545.3464754325574,-0.115421241653164,8.777658648357668e-09,142.38124534299482,0.0,-42.171868014492226,-6.5,0.0,2.9435944059240335e-17,2.280725448018724,1.5707963267948966,20.427960098606075,461.0,0.04673958191685884,1.51488951409903,0.0,0.09846942797240661,-1591.7884306982492,-7.6015310306415875,120.82055508346573,-0.1000572922084942,0.3067871899349263,-2.4492328468751516,-0.10264885497875749,0.30592981908244016,-2.4492328468751516,-3.185390289321906e-17,2.4289839787405487e-19,1.3317367480404204e-18,-3.185481789986342e-17,-2.6565557783444144e-20,1.3317367480404204e-18,-1591.8910795532279,-7.2956012115591475,118.37132223659059,-1057983.5688381344,207.5836531139165,117720.34748228747,0.018984255377478255,4718.773706276986
119.44458562997242,2001.0,12.0,14.0,14.0,23.0,27.0,1.0,3506676.1114020115,16715.379520908737,-265678.2181939623,195.56449623591305,-295.85299702036724,4702.629371163105,3516765.7968384502,4715.983192353408,3506691.948923385,-12974.187680692705,-265678.2181939623,3516765.7968384502,192.1330323712186,-546.0607243570067,4702.629371163105,4738.124145623387,20240340.08802181,0.8264752958032341,1.6336257840059025,2.7435947417500656e-07,1.009441218592652e-05,6.207407203440814,-0.07561822397018556,-0.0036998198501137355,120565.79683844978,-0.034287685857891693,-0.034127399300546146,4537.5894488841295,-16542555303.53708,-1040729571.9134109,-206089236.32708198,-16541718116.324888,-1912373975.7043424,16575260299.991022,16653170425.964903,-0.9971354794441752,0.0036892384737011535,0.07554617894453058,0.003699811409185912,0.9999931556743459,0.0,0.07554566188187996,-0.00027950661477937476,0.9971423042108287,4703.858131695484,-545.3461309543338,-0.11542063469623434,8.799161570495907e-09,142.33949209612445,0.0,-42.10923814418668,-6.5,0.0,2.943518294213055e-17,2.2807130180330275,1.5707963267948966,20.431006571205078,461.0,0.04685441260432834,1.5197195249776008,0.0,0.09871081558005877,-1591.8202801880777,-7.587778074486853,120.60194962126029,-0.10011261409121326,0.307505319025317,-2.4552352767504546,-0.10271249300466184,0.306646703079954,-2.4552352767504546,-3.193126703871704e-17,2.4377080337004253e-19,1.3325335718864584e-18,-3.193218646351682e-17,-2.6581226948604342e-20,1.3325335718864584e-18,-1591.9229926810824,-7.281131371406899,118.14671434450983,-1057986.1754730456,207.73719131888242,117734.13510740668,0.019076233123558495,4718.762746567814
119.64685406248174,2001.0,12.0,14.0,14.0,23.0,27.0,1.0,3506715.597285611,16655.53747633534,-264727.0194871959,194.86601016433815,-295.85618547031595,4702.681112670413,3516733.15479315,4716.006074197259,3506730.7395068174,-13084.638809486853,-264727.0194871959,3516733.15479315,191.42245001269407,-546.0635063913751,4702.681112670413,4738.147059225615,20240242.00799377,0.8264744550639016,1.6336257698767562,2.755707801715581e-07,1.0136689459461981e-05,6.207678246285419,-0.07534767687345106,-0.003731275383866274,120533.15479315026,-0.03416503890969415,-0.03400532668422973,4555.334928676486,-16542551504.931957,-1040729098.2773376,-206090648.2932042,-16541711110.554258,-1912392989.9670691,16575256479.14229,16653165668.077145,-0.9971557650677307,0.0037206800270452923,0.07527640222755735,0.003731266725810956,0.9999930388000813,0.0,0.07527587821347229,-0.0002808763348704465,0.9971627065166823,4703.9010955460735,-545.3454569158332,-0.11541944842763577,8.841188203819047e-09,142.25788698287562,0.0,-41.98683047431346,-6.5,0.0,2.943369508973366e-17,2.2806887195594117,1.5707963267948966,20.436964606656137,461.0,0.04707884924308005,1.5292193892384276,0.0,0.0991826005041052,-1591.882530775921,-7.560823914487082,120.17350881612457,-0.10021705251171957,0.3089083900502337,-2.4669668188948304,-0.10283322322766643,0.3080473652836086,-2.4669668188948304,-3.20824624203312e-17,2.4548125768946604e-19,1.3340434966443147e-18,-3.208339052936273e-17,-2.661090451089327e-20,1.3340434966443147e-18,-1591.9853639991486,-7.252776549203473,117.70654199722973,-1057991.3022553138,207.89072952384834,117747.98933941052,0.019168211507847654,4718.751734926272
119.92424923228764,2001.0,12.0,14.0,14.0,23.0,27.0,1.0,3506769.5193096437,16573.467795308577,-263422.50865465135,193.90804731513947,-295.8605379459152,4702.7517579904115,3516688.5786859007,4716.0373075293965,3506783.704003048,-13236.114709927193,-263422.50865465135,3516688.578685901,190.447898234595,-546.0672518880875,4702.7517579904115,4738.17833590173,20240106.740798354,0.8264732955423465,1.6336257503996485,2.7717762049642705e-07,1.0194725019742296e-05,6.208049968109232,-0.07497663482813247,-0.0037744135288384907,120488.57868590066,-0.03399683456434485,-0.03383790998964902,4579.692757233977,-16542546266.072697,-1040728445.2127182,-206092567.10758427,-16541701492.013424,-1912418949.9835756,16575251209.615244,16653159118.838455,-0.9971834655070441,0.003763800636243201,0.07490640776417165,0.0037744045670047863,0.9999928769097131,0.0,0.07490587419906608,-0.00028272708756301227,0.9971905685854974,4703.9597537772825,-545.3445347848765,-0.11541782846575055,8.899115474755387e-09,142.1732233573758,0.0,-41.819670072127465,-6.526776642624179,0.0,2.94321429961403e-17,2.28066337194744,1.5707963267948966,20.443183714493877,461.0,0.047388212782197944,1.542321545784549,0.0,0.09983176485701599,-1591.9675446722435,-7.52385427314768,119.585870130668,-0.10035650606476253,0.31084142149574273,-2.483117442933054,-0.10299516024309215,0.3099771194677447,-2.483117442933054,-3.229102251958031e-17,2.47845502457725e-19,1.336084547696674e-18,-3.2291962661129204e-17,-2.665042904523133e-20,1.336084547696674e-18,-1592.0705398324867,-7.213877153679935,117.10275268773495,-1057998.3729451112,208.04426772881425,117761.91017829899,0.019260190533390363,4718.7406713515265
120.13093364708692,2001.0,12.0,14.0,14.0,23.0,28.0,1.0,3506809.5233155517,16512.317699370695,-262450.5177408719,193.194245357668,-295.86376571034185,4702.804158881049,3516655.5082513983,4716.0604683452175,3506822.991572744,-13348.978584071532,-262450.5177408719,3516655.5082513983,189.7217361613588,-546.0699900917449,4702.804158881049,4738.201528854569,20240005.37944928,0.826472426653239,1.6336257358112725,2.7797755757239e-07,1.0238030375946402e-05,6.208326940365171,-0.07470016899370856,-0.0038065548620916474,120455.50825139834,-0.03387150435302657,-0.03371316664914853,4597.857922434807,-16542542340.370724,-1040727955.9540639,-206093983.6243169,-16541694317.11023,-1912438204.868681,16575247260.939535,16653154220.69478,-0.9972040148215874,0.003795930125299393,0.07463071578238588,0.003806545669357187,0.9999927550787892,0.0,0.07463017508873013,-0.000284085227962468,0.9972112395384484,4704.00326138982,-545.3438494045231,-0.1154166266450223,8.942520420039685e-09,142.1318853142479,0.0,-41.69565594274376,-6.56811468575208,0.0,2.9431376495728265e-17,2.280650854045746,1.5707963267948966,20.44625645738994,461.0,0.047620028356709775,1.5521399537185638,0.0,0.10031728112350408,-1592.0306185435466,-7.4963054553537,119.14797690552437,-0.1004577591103258,0.31228917824004315,-2.495203376878538,-0.10311327859536551,0.3114224526083889,-2.495203376878538,-3.244742752414088e-17,2.496218474722297e-19,1.337586382943657e-18,-3.244837672720032e-17,-2.667903287585233e-20,1.337586382943657e-18,-1592.133731822142,-7.184883002745311,116.65277352864584,-1058003.671369711,208.19780593378016,117775.8976240721,0.019352170203231246,4718.729555842808
120.3191606155974,2001.0,12.0,14.0,14.0,23.0,28.0,1.0,3506845.8265015525,16456.627883906378,-261565.31869322422,192.54416313266043,-295.86669391818396,4702.851704716507,3516625.497177053,4716.08147850326,3506858.640079502,-13451.763914499736,-261565.31869322422,3516625.497177053,189.06039771025988,-546.0724447402339,4702.851704716507,4738.222568162231,20239912.643747564,0.8264716316964044,1.633625722469249,2.7917316548817243e-07,1.0277513546455772e-05,6.208579182716243,-0.07444838778589395,-0.003835825540916517,120425.49717705278,-0.033757364373612465,-0.033599561131463965,4614.412293896079,-16542538748.733109,-1040727508.4116881,-206095263.8948164,-16541687776.877048,-1912455675.1110458,16575243648.288324,16653149746.361734,-0.9972226621500097,0.0038251909181964494,0.07437963436913994,0.003835816134483443,0.9999926432302302,0.0,0.07437908717529432,-0.0002853066015901262,0.9972299985415165,4704.042736511528,-545.3432264870514,-0.11541553601101226,8.98190995511824e-09,142.09437147131595,0.0,-41.58311441394788,-6.605628528684038,0.0,2.943068083272701e-17,2.280639493006764,1.5707963267948966,20.44904605262464,461.0,0.0478304040661839,1.5611231540561419,0.0,0.10075787001127093,-1592.0878597584262,-7.471214522329599,118.74915209510758,-0.10054515042083323,0.3136024127824538,-2.5061710140019313,-0.10321602150103462,0.31273351832130575,-2.5061710140019313,-3.258935405994892e-17,2.5124043565369345e-19,1.3388915178325031e-18,-3.259031154662969e-17,-2.6703835528426257e-20,1.3388915178325031e-18,-1592.1910757799274,-7.158481004008293,116.24298108110564,-1058008.5189554952,208.3513441387461,117789.95167672983,0.01944415052041476,4718.718388399397
120.35780070000274,2001.0,12.0,14.0,14.0,23.0,28.0,1.0,3506853.2638459196,16445.195558291292,-261383.59991821274,192.41070841643767,-295.86729370313066,4702.861444461585,3516619.348878968,4716.085781874609,3506865.942766236,-13472.864209507528,-261383.59991821274,3516619.348878968,188.9246322768375,-546.0729440419595,4702.861444461585,4738.2268775037455,20239893.558237515,0.8264714680889782,1.6336257197240198,2.7917316548817243e-07,1.0285633779232492e-05,6.208630964689657,-0.07439670047267534,-0.0038418343170857103,120419.34887896804,-0.033733932957654575,-0.03357623943222949,4617.811535581946,-16542538009.553947,-1040727416.3155007,-206095525.5689835,-16541686433.628504,-1912459253.8103435,16575242904.78511,16653148826.322115,-0.9972264822702973,0.0038311977706095555,0.07432809013052177,0.0038418248663781704,0.999992620163617,0.0,0.07432754160137794,-0.00028555550493383644,0.9972338416928845,4704.050822810123,-545.3430987628268,-0.1154153125761559,8.988544653659875e-09,142.0881654210756,0.0,-41.55266168430236,-6.6,0.0,2.943056484751861e-17,2.2806375988245646,1.5707963267948966,20.449511227452717,461.0,0.047865863115353534,1.5629719764548926,0.0,0.10083255718402653,-1592.0995869053918,-7.466063472019946,118.66727523045712,-0.10054729586628944,0.3138182096025702,-2.5080315921016347,-0.10322086440718066,0.312949006285721,-2.5080315921016347,-3.2613421748983817e-17,2.5153385884120177e-19,1.3389493504063652e-18,-3.2614380789794283e-17,-2.670500949524145e-20,1.3389493504063652e-18,-1592.202807769799,-7.153114465734225,116.15924363835549,-1058009.5166204367,208.504882343712,117804.0723362722,0.019536131487985275,4718.707169020635
120.39260133802597,2001.0,12.0,14.0,14.0,23.0,28.0,1.0,3506859.9577699085,16434.899178306438,-261219.93718686383,192.29051349796876,-295.86783350475594,4702.87021040809,3516613.8151501473,4716.08965483354,3506872.515336339,-13491.867904172535,-261219.93718686383,3516613.815150147,188.80235624751563,-546.0733923917819,4702.87021040809,4738.230755835633,20239876.356340963,0.8264713206282299,1.6336257172499469,2.7957056521317034e-07,1.0292938668719706e-05,6.208677601533928,-0.07435014888174342,-0.0038472460231637217,120413.81515014684,-0.03371282971774019,-0.03355523500710969,4620.872991904616,-16542537343.326645,-1040727333.3122466,-206095760.90929297,-16541685223.713865,-1912462474.6847277,16575242234.66074,16653147997.305964,-0.9972299205070966,0.0038366077747995424,0.07428166722814022,0.003847236532462393,0.9999925993581469,0.0,0.07428111749612482,-0.0002857791438523156,0.9972373007032016,4704.0581005793865,-545.3429837758089,-0.11541511147560045,8.995062156493723e-09,142.08201683349648,0.0,-41.52806733398595,-6.6,0.0,2.943045035506019e-17,2.280635729020822,1.5707963267948966,20.44997043681235,461.0,0.04790068522240339,1.5646383373628734,0.0,0.10090570483877076,-1592.110141914335,-7.461424173824413,118.5935327539871,-0.10055488239530659,0.3140326474024423,-2.5098531904562815,-0.10323105255518139,0.31316311691588133,-2.5098531904562815,-3.263698892675174e-17,2.51812977660656e-19,1.3390767603743853e-18,-3.2637949425353335e-17,-2.6707465466749005e-20,1.3390767603743853e-18,-1592.2133729668901,-7.148261056908531,116.08367956353082,-1058010.4158240687,208.65842054867792,117818.25960269923,0.019628113108987023,4718.695897705917
120.44901986851477,2001.0,12.0,14.0,14.0,23.0,28.0,1.0,3506870.801021237,16418.206725252083,-260954.60775989463,192.09565271360154,-295.86870784835884,4702.88440957222,3516604.851256184,4716.095927976102,3506883.1616957868,-13522.676582954105,-260954.60775989463,3516604.851256184,188.60412158901957,-546.0741165553343,4702.88440957222,4738.237037680734,20239848.442150567,0.8264710813373147,1.6336257132355918,2.7957056521317034e-07,1.030477517533679e-05,6.208753209138403,-0.07427467948697035,-0.0038560194158196687,120404.85125618381,-0.0336786171622525,-0.033521182649419154,4625.8363264501095,-16542536262.213076,-1040727198.6265666,-206096141.77119046,-16541683261.901611,-1912467691.8473437,16575241147.223682,16653146652.48249,-0.9972354899195103,0.0038453784701239905,0.07420640612114203,0.0038560098600414253,0.9999925655663442,0.0,0.07420585443853889,-0.00028614063368136204,0.9972429038557177,4704.069889086474,-545.3427974510519,-0.11541478572036558,9.005619631605733e-09,142.07205695131535,0.0,-41.48822780526139,-6.6,0.0,2.94302648889739e-17,2.2806327001297744,1.5707963267948966,20.450714354210323,461.0,0.04795709267501741,1.5673424191409855,0.0,0.10102419426579554,-1592.1272397647697,-7.453902820643059,118.47397949068133,-0.100566883485837,0.31437996628086895,-2.5128039428865003,-0.10324727084352042,0.31350990784372185,-2.5128039428865003,-3.267516431530391e-17,2.522655378665101e-19,1.3392794465294477e-18,-3.267612717927908e-17,-2.671136994647651e-20,1.3392794465294477e-18,-1592.2304870356131,-7.140392912799337,115.96117554779482,-1058011.8750002198,208.81195875364384,117832.51347601086,0.019720095386464194,4718.684574454697
120.60212334013707,2001.0,12.0,14.0,14.0,23.0,28.0,1.0,3506900.171051828,16372.908017536365,-260234.57688409786,191.56684671323512,-295.87107571053565,4702.922866425962,3516580.571641483,4716.112916136969,3506911.9964599577,-13606.282575471434,-260234.57688409786,3516580.5716414824,188.06615992010438,-546.0760649105483,4702.922866425962,4738.254049407595,20239772.52668024,0.8264704305577217,1.633625702320792,2.8036367479304735e-07,1.0336928109374182e-05,6.2089583880779236,-0.07406987559382815,-0.003879827699429444,120380.57164148195,-0.033585773354354094,-0.033428773571702375,4639.3057865947485,-16542533322.0122,-1040726832.3790112,-206097171.14976743,-16541677936.248083,-1912481821.6996918,16575238189.828197,16653142997.910164,-0.9972505748170554,0.003869179817802452,0.07400216533717145,0.0038798179655549865,0.9999924734779528,0.0,0.0740016083582425,-0.0002871149305651283,0.9972580807019865,4704.101816364746,-545.3422923910354,-0.11541390338264408,9.034215622254599e-09,142.0450796016466,0.0,-41.380318406586426,-6.6,0.0,2.942976251197758e-17,2.280624495690802,1.5707963267948966,20.452729703832286,461.0,0.04810988007319447,1.574696521936834,0.0,0.10134513548191731,-1592.1735520197644,-7.4334910729309405,118.14953104628627,-0.10059759537793114,0.3153204573148621,-2.5207964099967937,-0.10328942367107838,0.31444898148153094,-2.5207964099967937,-3.277856461116326e-17,2.534939926061226e-19,1.339805391702618e-18,-3.2779533906611616e-17,-2.672148557324117e-20,1.339805391702618e-18,-1592.2768414434356,-7.119042091449409,115.62873463628948,-1058015.8433980364,208.96549695860975,117846.83395620712,0.019812078323460772,4718.673199266482
120.81760360886912,2001.0,12.0,14.0,14.0,23.0,28.0,1.0,3506941.3697393667,16309.153280723367,-259221.18398739008,190.82257068312396,-295.87439626544716,4702.976804172063,3516546.5134842144,4716.1367380969805,3506952.4394302545,-13723.951484412384,-259221.18398739008,3516546.513484214,187.30899816578264,-546.0787654277786,4702.976804172063,4738.277904410575,20239665.27564679,0.8264695111471992,1.6336256869072778,2.815491501642949e-07,1.0382185564946586e-05,6.20924716490111,-0.07378162658578565,-0.00391333548551986,120346.51348421397,-0.033455101300355644,-0.03329871336388624,4658.263445243239,-16542529168.17964,-1040726315.0646482,-206098609.61733523,-16541670436.251143,-1912501638.9345891,16575234011.71048,16653137841.781012,-0.9972717340671675,0.0039026787877788124,0.07371470361430034,0.003913325497263967,0.9999923429124608,0.0,0.07371413917436183,-0.0002884696291770978,0.9972793703226072,4704.146594604909,-545.3415829764793,-0.11541266569421434,9.074328563036881e-09,142.00723720468218,0.0,-41.22894881872875,-6.6,0.0,2.942905774678243e-17,2.2806129860017124,1.5707963267948966,20.4555576503418,461.0,0.04832420730586852,1.5850863518653626,0.0,0.10179533629554813,-1592.238518847311,-7.404760823042407,117.69285840002594,-0.10063623737496906,0.31663909458569545,-2.5320079554255273,-0.10334415951066435,0.31576566182546584,-2.5320079554255273,-3.2923605101244737e-17,2.5522375874713282e-19,1.340486135054281e-18,-3.292458347943462e-17,-2.6734537178663506e-20,1.340486135054281e-18,-1592.3418630068218,-7.088995161216941,115.16085044460041,-1058021.4498787299,209.11903516357566,117861.22104328804,0.019904061923020706,4718.661772140835
120.9118281209393,2001.0,12.0,14.0,14.0,23.0,28.0,1.0,3506959.3345696703,16281.274591884176,-258778.0471845219,190.49710653646198,-295.8758438503018,4703.000321145176,3516531.662296291,4716.147122733187,3506970.0729304436,-13775.405544619523,-258778.0471845219,3516531.6622962905,186.97789943227608,-546.0799310023857,4703.000321145176,4738.288303450024,20239618.226103615,0.8264691078111368,1.6336256801479372,2.8194320095218066e-07,1.0401981818765055e-05,6.209373442016837,-0.07365558025819886,-0.003927987525063283,120331.66229629098,-0.03339796064441364,-0.03324184025405383,4666.553630426526,-16542527345.94804,-1040726088.1649736,-206099234.8517065,-16541667154.920145,-1912510279.0607274,16575232178.827772,16653135582.414602,-0.9972809602517262,0.003917327317799324,0.07358899962684828,0.0039279774241948555,0.9999922854669205,0.0,0.07358843192207638,-0.0002890559292033437,0.9972886538680362,4704.166117480994,-545.3412732829006,-0.11541212599838048,9.093255900007193e-09,141.97915574072744,0.0,-41.168733611091135,-6.610422129636289,0.0,2.942854257133051e-17,2.280604572548098,1.5707963267948966,20.45762535795989,461.0,0.04842530963431949,1.5896443062761925,0.0,0.10200734257256039,-1592.26684877315,-7.392196862074779,117.49315187674654,-0.1006665713562437,0.3172659694655746,-2.5372829680458313,-0.10338197390413098,0.3163915634798725,-2.5372829680458313,-3.2991691611330045e-17,2.56018275545031e-19,1.3409566087015105e-18,-3.2992674118975736e-17,-2.6743477466787428e-20,1.3409566087015105e-18,-1592.3702307470542,-7.075805298594906,114.95586890870071,-1058023.9093829244,209.27257336854157,117875.67473725358,0.01999604618818771,4718.650293077378
121.00640561848014,2001.0,12.0,14.0,14.0,23.0,29.0,1.0,3506977.3358606524,16253.291326369274,-258333.2480683598,190.17041730213194,-295.8772941409442,4703.023884039941,3516516.7809604956,4716.15752648861,3506987.7411161745,-13827.052472923891,-258333.2480683598,3516516.7809604956,186.64555452803106,-546.0810915673318,4703.023884039941,4738.298721634441,20239570.89803382,0.8264687020852931,1.6336256733497936,2.823367017730546e-07,1.0421857651182274e-05,6.209500193242705,-0.07352906067318264,-0.003942694371099942,120316.78096049605,-0.033340605436144435,-0.03318475359417313,4674.87706631422,-16542525512.927584,-1040725859.9421358,-206099860.1193388,-16541663859.843395,-1912518935.9056747,16575230335.094418,16653133311.319767,-0.9972902049278097,0.003932030851605148,0.07346282249157902,0.00394268415634974,0.9999922275906165,0.0,0.07346225150844815,-0.00028964070631828194,0.9972979563358038,4704.185678134248,-545.3409627308407,-0.115411585208276,9.113345703330341e-09,141.94195240124012,0.0,-41.11292860186016,-6.629023799379946,0.0,2.9427863592314243e-17,2.2805934839792674,1.5707963267948966,20.460351166155256,461.0,0.048532600758227726,1.594229327171671,0.0,0.1022320621793809,-1592.2952367542302,-7.379585290135723,117.29268854643169,-0.10070772052590624,0.31793476379559327,-2.542870889484871,-0.10343097893321877,0.31705928720067444,-2.542870889484871,-3.3063703728476355e-17,2.568455889107776e-19,1.3415664910034536e-18,-3.3064690503154573e-17,-2.6755029505763887e-20,1.3415664910034536e-18,-1592.3986677331634,-7.062526002935049,114.74981765694682,-1058026.3834585678,209.42611157350748,117890.19503810376,0.020088031122005474,4718.638762075785
121.19344333369965,2001.0,12.0,14.0,14.0,23.0,29.0,1.0,3507012.8444804098,16197.950845691033,-257453.60087836036,189.52433518406755,-295.8801542342914,4703.070357871719,3516487.4266187004,4716.178042693924,3507022.589407675,-13929.19044519787,-257453.60087836036,3516487.4266187,185.98828775739457,-546.0833590524612,4703.070357871719,4738.319266291432,20239476.996248893,0.8264678970942035,1.6336256598653545,2.835139273172693e-07,1.0461220102308999e-05,6.209750861236733,-0.07327885074106705,-0.0039717785801404,120287.42661869992,-0.0332271775691666,-0.03307185681202594,4691.344569683075,-16542521876.098413,-1040725407.1918786,-206101089.85976678,-16541657339.0341,-1912536009.6158545,16575226677.01384,16653128810.206789,-0.9973084399109807,0.003961109128318871,0.07321328634065855,0.0039717681376641775,0.9999921124978239,0.0,0.07321270887070322,-0.00029078619794151156,0.9973163062455165,4704.224257194083,-545.3403494634848,-0.11541051847049182,9.152974064755107e-09,141.8685665467498,0.0,-41.0028498201247,-6.665716726625099,0.0,2.942652404000244e-17,2.280571607429837,1.5707963267948966,20.46573108955987,461.0,0.048744242801107826,1.6033265454222714,0.0,0.10267532677246605,-1592.3512353778583,-7.3546428780038715,116.89622410603785,-0.10078564358995026,0.3192535746422052,-2.5538931662828674,-0.10352443165712508,0.3183760087156942,-2.5538931662828674,-3.32057403552145e-17,2.584822049306037e-19,1.3427277717641055e-18,-3.320673559056071e-17,-2.677698218858921e-20,1.3427277717641055e-18,-1592.4547598095155,-7.036266869288177,114.34233093975499,-1058031.2922102083,209.5796497784734,117904.78194583856,0.02018001672751746,4718.62717913579
121.39870013208063,2001.0,12.0,14.0,14.0,23.0,29.0,1.0,3507051.672871269,16137.219111446726,-256488.25849610913,188.81529296245176,-295.88328066475464,4703.121168387573,3516455.3278516396,4716.200468085376,3507060.6907410957,-14041.278018920884,-256488.25849610913,3516455.3278516396,185.26697151823615,-546.0858051208556,4703.121168387573,4738.3417227786895,20239373.48223773,0.8264670096909085,1.6336256450059103,2.850759993450203e-07,1.050446258267787e-05,6.210025951154736,-0.07300426345154633,-0.004003695468019589,120255.32785164006,-0.03310269864993164,-0.03294796070982461,4709.426135197282,-16542517866.979286,-1040724908.1840941,-206102429.02689582,-16541650176.32595,-1912554675.8562443,16575222644.473465,16653123855.761559,-0.9973283786555925,0.003993020445250284,0.07293943320269883,0.00400368477177043,0.9999919852220058,0.0,0.0729388486093347,-0.00029202649797521176,0.9973363720852003,4704.266434669912,-545.3396778117823,-0.11540935200567863,9.196307400285925e-09,141.78831962910016,0.0,-40.882479443650205,-6.70584018544993,0.0,2.9425058907234295e-17,2.280547679995917,1.5707963267948966,20.471618713251253,461.0,0.048975677601850925,1.6133554001289754,0.0,0.10316002053969804,-1592.4124719124015,-7.327268421457951,116.46110175328698,-0.1008658927853969,0.32069503646071307,-2.5659455857251254,-0.10362171361444503,0.3198152204094408,-2.5659455857251254,-3.336103868676977e-17,2.6027899818068185e-19,1.3439338516705876e-18,-3.336204324067148e-17,-2.6799712865163978e-20,1.3439338516705876e-18,-1592.516093626016,-7.00745320104851,113.89515616756185,-1058036.7034974266,209.7331879834393,117919.43546045801,0.020272003007767016,4718.615544257178
121.44037203622294,2001.0,12.0,14.0,14.0,23.0,29.0,1.0,3507059.538164614,16124.889078542894,-256292.2702671497,188.67133756896672,-295.8839138394935,4703.131459816914,3516448.8257442163,4716.20500958224,3507068.408117208,-14064.034464486494,-256292.2702671497,3516448.8257442163,185.12052422870332,-546.0862963287788,4703.131459816914,4738.346270572505,20239352.40965492,0.8264668290389741,1.6336256419816002,2.850759993450203e-07,1.0513241803438914e-05,6.210081801407195,-0.07294851523894856,-0.004010175291012288,120248.82574421633,-0.03307742625349266,-0.032922806638790415,4713.097899734974,-16542517050.83286,-1040724806.6108725,-206102699.58975792,-16541648721.373686,-1912558456.527556,16575221823.559809,16653122848.094797,-0.9973324174211401,0.003999499256614378,0.07288383336928225,0.004010164542744688,0.9999919592578433,0.0,0.07288324732917074,-0.0002922761643168078,0.9973404367784346,4704.274977321341,-545.3395416272784,-0.11540911572070596,9.203409106940405e-09,141.78758416024039,0.0,-40.86275248072109,-6.7,0.0,2.9425040810679637e-17,2.280547384456751,1.5707963267948966,20.471691455951284,461.0,0.04901363902651445,1.61539703712998,0.0,0.10324002808430513,-1592.424876639883,-7.321710459232362,116.37275684162192,-0.10086420000669268,0.32093266280500704,-2.5679398378257803,-0.10362301102673134,0.32005254644176223,-2.5679398378257803,-3.3386933519128827e-17,2.6060009192682515e-19,1.3439494845934197e-18,-3.338793979829544e-17,-2.6800075366073932e-20,1.3439494845934197e-18,-1592.5284996509097,-7.001657912790599,113.80481700379615,-1058037.8050922584,209.88672618840522,117934.15558196208,0.020363989965797375,4718.6038574397935
121.49921772249446,2001.0,12.0,14.0,14.0,23.0,29.0,1.0,3507070.6346777687,16107.477560290034,-256015.51084150778,188.46805351713556,-295.8848070618212,4703.145978602355,3516439.6524388017,4716.211416199453,3507079.295576781,-14096.169307692953,-256015.51084150778,3516439.6524388012,184.91372133184885,-546.0869868711401,4703.145978602355,4738.352686072481,20239322.622223813,0.8264665736753102,1.6336256377069076,2.854651817778957e-07,1.0525632217770213e-05,6.210160668953714,-0.07286979178270937,-0.004019325544655346,120239.65243880125,-0.03304173846215007,-0.032887285937001104,4718.282932624221,-16542515897.15765,-1040724663.0366693,-206103080.90088874,-16541646666.459894,-1912563790.1164756,16575220663.146194,16653121424.20229,-0.9973381153134453,0.004008648150101668,0.07280531905728856,0.004019314722644907,0.9999919225219573,0.0,0.07280473097392248,-0.0002926274907738197,0.9973461713552454,4704.287028883542,-545.3393494229261,-0.11540878236549892,9.214417073438512e-09,141.77739159866806,0.0,-40.83217479600413,-6.7,0.0,2.942485086072673e-17,2.2805442823386053,1.5707963267948966,20.472455029736235,461.0,0.049072457972164925,1.6182830340089243,0.0,0.10336362501931667,-1592.4423776590131,-7.313861776996749,116.24800047390441,-0.10087169858983026,0.3212998993274185,-2.5710171354423084,-0.10363500696621775,0.3204192725403995,-2.5710171354423084,-3.3426746902835655e-17,2.610794155013244e-19,1.3440974315964298e-18,-3.342775572142829e-17,-2.6802909352919115e-20,1.3440974315964298e-18,-1592.5460126659793,-6.9934425044563495,113.67698333846211,-1058039.3622702733,210.04026439337116,117948.9423103508,0.02045597760465158,4718.592118683533
121.59408609300897,2001.0,12.0,14.0,14.0,23.0,29.0,1.0,3507088.498789372,16079.407382544094,-255569.32993698106,188.14032340171013,-295.8862448673354,4703.169350782828,3516424.8844653144,4716.221728601652,3507096.8222255916,-14147.975742832808,-255569.32993698106,3516424.8844653144,184.580318314048,-546.0880924866901,4703.169350782828,4738.363012772199,20239274.525957573,0.826466161350703,1.6336256308056618,2.8585383434967613e-07,1.0545632946576407e-05,6.210287816518766,-0.0727428765084057,-0.004034077105052792,120224.88446531445,-0.03298420381272766,-0.032830020661848584,4726.64201810956,-16542514034.375034,-1040724431.2292675,-206103693.77269772,-16541643352.79033,-1912572375.9491944,16575218789.484343,16653119126.36018,-0.997347288070639,0.004023397685909637,0.07267874000835974,0.004034066163449094,0.9999918631219901,0.0,0.07267814863031836,-0.0002931908458698379,0.9973554034298893,4704.306429087513,-545.3390398179495,-0.1154082457027893,9.232138641622669e-09,141.76098273923827,0.0,-40.782948217714804,-6.7,0.0,2.9424545052840135e-17,2.280539288116813,1.5707963267948966,20.47368446060563,461.0,0.04916715068580602,1.6229429396460706,0.0,0.10356260248675785,-1592.4705527358662,-7.301208045073345,116.04686686622502,-0.10088294376033584,0.3218910213545767,-2.57597126073817,-0.10365350111842954,0.32100957879218395,-2.57597126073817,-3.3490841262568304e-17,2.6185229276799714e-19,1.344324997068795e-18,-3.349185418080919e-17,-2.6807260020156184e-20,1.344324997068795e-18,-1592.5742062369848,-6.980198466281161,113.47089560548685,-1058041.8765769415,210.19380259833707,117963.79564562415,0.02054796592737249,4718.580327988349
121.79391273092313,2001.0,12.0,14.0,14.0,23.0,29.0,1.0,3507126.025264274,16020.281127170618,-254629.50651074765,187.449987893359,-295.8892644822789,4703.218442183401,3516393.8619101364,4716.24338533235,3507133.6361227734,-14257.098920606424,-254629.50651074765,3516393.8619101364,183.87803373633363,-546.0903904291438,4703.218442183401,4738.384699526185,20239172.916287687,0.8264652902537983,1.633625616229486,2.8701663440850806e-07,1.0587744283863011e-05,6.210555638089277,-0.07247554420622626,-0.004065148883621893,120193.86191013642,-0.03286301371543782,-0.032709397962849836,4744.249320745468,-16542510098.997032,-1040723941.5654407,-206104977.2006636,-16541636369.602806,-1912590409.3211627,16575214831.126286,16653114276.903898,-0.9973665561507001,0.004054465876260471,0.07241211209839578,0.004065137687238568,0.9999917372936558,0.0,0.07241151377837775,-0.00029436520590373253,0.9973747971657643,4704.347176582612,-545.3383887198133,-0.11540711835888003,9.2693657078363e-09,141.7265132334849,0.0,-40.679539700454725,-6.7,0.0,2.9423902612319475e-17,2.2805287962669,1.5707963267948966,20.47626774239952,461.0,0.04936607203481313,1.6327877322280537,0.0,0.10398058946292849,-1592.5297408659083,-7.274553001022981,115.62317952056452,-0.10090323040243201,0.3231324213420629,-2.586378326533944,-0.10368905075538236,0.3222492891869251,-2.586378326533944,-3.3625479430418654e-17,2.6348077544184054e-19,1.3447602168729864e-18,-3.362650100695996e-17,-2.6815545049027142e-20,1.3447602168729864e-18,-1592.6334299166635,-6.9523037118360556,113.03680119403057,-1058047.1884187926,210.34734080330298,117978.71558778212,0.020639954937002884,4718.568485354254
121.96488274475603,2001.0,12.0,14.0,14.0,23.0,29.0,1.0,3507158.023098506,15969.692715367157,-253825.3936088633,186.8593222132983,-295.8918384423284,4703.260295014941,3516367.4097725255,4716.261844832073,3507165.0223860024,-14350.464167880235,-253825.3936088633,3516367.409772525,183.27714462640157,-546.0923232889604,4703.260295014941,4738.403184614156,20239085.65659345,0.8264645421711558,1.6336256037157237,2.8778922432404807e-07,1.0623806882867128e-05,6.210784787687085,-0.0722468132018244,-0.004091733348641507,120167.40977252554,-0.03275932276013197,-0.03260619246881147,4759.313501507044,-16542506719.392574,-1040723521.119127,-206106067.24142474,-16541630391.227577,-1912605783.1357982,16575211431.7912,16653110117.711407,-0.9973829846787489,0.0040810479951549124,0.07218397966704035,0.004091721931158939,0.9999916288707811,0.0,0.07218337540561902,-0.0002953567726819599,0.9973913339704874,4704.381914655411,-545.3378327674087,-0.11540615710618846,9.301561562777377e-09,141.69352443131385,0.0,-40.59028664697079,-6.703237784343071,0.0,2.942329014781941e-17,2.280518793962554,1.5707963267948966,20.478731115496416,461.0,0.04953810379854024,1.641242324870946,0.0,0.10434193600231338,-1592.58021094137,-7.251745266624375,115.26064586583524,-0.10092161155083543,0.324205381062785,-2.595373945248965,-0.1037206122620052,0.32332079329990226,-2.595373945248965,-3.3741801833138883e-17,2.648866863385038e-19,1.3451451622618674e-18,-3.3742830889541734e-17,-2.6822811226941044e-20,1.3451451622618674e-18,-1592.683931553632,-6.928424473324473,112.66527192058628,-1058051.75013051,210.5008790082689,117993.70213682475,0.020731944636585276,4718.55659078131
122.02854983479163,2001.0,12.0,14.0,14.0,23.0,30.0,1.0,3507169.912885664,15950.854112601044,-253525.95021707827,186.6393609348889,-295.892794684662,4703.27584523302,3516357.5806551343,4716.268702411776,3507176.6839851453,-14385.232299680845,-253525.95021707827,3516357.5806551343,183.05337629345297,-546.0930352221214,4703.27584523302,4738.410051699085,20239053.08118974,0.8264642628984277,1.6336255990450896,2.8817474254688297e-07,1.063722708236451e-05,6.210870120988855,-0.07216163577249,-0.004101633001782874,120157.58065513428,-0.0327207091455379,-0.03256775963390377,4764.923816487193,-16542505457.732065,-1040723364.1756433,-206106471.26477152,-16541628163.917015,-1912611495.0764809,16575210162.765928,16653108566.327444,-0.9973890890049134,0.0040909469443095505,0.07209902417542066,0.004101621501228367,0.9999915883151521,0.0,0.07209841770115145,-0.0002957229077754892,0.9973974787981731,4704.394821133664,-545.3376259955338,-0.11540579992374327,9.315076599190365e-09,141.6689516378357,0.0,-40.55342745675355,-6.7155241810821495,0.0,2.942284130977778e-17,2.2805114638810653,1.5707963267948966,20.480536760302716,461.0,0.04961028723213826,1.644398608949327,0.0,0.10449310675423856,-1592.5989651128177,-7.243251505739671,115.12563576161291,-0.10094356381708548,0.32465471664124523,-2.5991330036721845,-0.10374790936860395,0.32376945411070696,-2.5991330036721845,-3.3790235670373915e-17,2.654516029154447e-19,1.345482097596532e-18,-3.379126767984563e-17,-2.6829124475297608e-20,1.345482097596532e-18,-1592.7027130221863,-6.919482051628965,112.52650275794073,-1058053.4530986678,210.6544172132348,118008.75529275199,0.020823935029162112,4718.544644269635
122.18807362418399,2001.0,12.0,14.0,14.0,23.0,30.0,1.0,3507199.6423436836,15903.651981941344,-252775.66272874756,186.0882162059412,-295.89518521609506,4703.314723587933,3516333.003722768,4716.285845234978,3507205.8406324666,-14472.347271186141,-252775.66272874756,3516333.0037227673,182.49269269127967,-546.0948003352048,4703.314723587933,4738.427218282233,20238971.255331896,0.8264635613914619,1.6336255873153163,2.889442358861176e-07,1.0670896219170878e-05,6.211083933527146,-0.07194821376667979,-0.004126437336772887,120133.00372276781,-0.032623958201803305,-0.032471461650371736,4778.984239205718,-16542502288.574848,-1040722969.9895861,-206107479.0729019,-16541622580.238466,-1912625775.651569,16575206975.11168,16653104672.633018,-0.9974043518970934,0.004115749917844573,0.07188615596450397,0.004126425626307816,0.9999914862695335,0.0,0.07188554394514782,-0.00029663287614868964,0.9974128436012076,4704.427088956669,-545.3371085075304,-0.11540490681940216,9.348869881194264e-09,141.60750930691952,0.0,-40.46126396037928,-6.74624534654024,0.0,2.9421718879037433e-17,2.2804931331959875,1.5707963267948966,20.48505366063208,461.0,0.049790778694167266,1.6523270255686366,0.0,0.10487109161874103,-1592.6458594808123,-7.22196853975974,114.78733852556876,-0.10099623432874914,0.32577796090269473,-2.608532073702296,-0.10381396716959773,0.32489102692905353,-2.608532073702296,-3.391133290970748e-17,2.668673398228701e-19,1.3462960483225625e-18,-3.391237233328663e-17,-2.684434034811965e-20,1.3462960483225625e-18,-1592.7496734479819,-6.897077512830687,112.17880645186646,-1058057.7307929397,210.80795541820072,118023.87505556387,0.020915926117775582,4718.532645819401
122.45177493990035,2001.0,12.0,14.0,14.0,23.0,30.0,1.0,3507248.593921932,15825.62351307906,-251535.3840024462,185.17710907634353,-295.89911989228796,4703.378727746828,3516292.5360857286,4716.314059464263,3507253.8419873957,-14616.35356708397,-251535.3840024462,3516292.5360857286,181.5658174688847,-546.0976595362747,4703.378727746828,4738.455471611558,20238835.348258782,0.8264623962232808,1.6336255678403921,2.900946488072254e-07,1.0726569601963195e-05,6.211437383440502,-0.07159540936354508,-0.004167439714581591,120092.53608572809,-0.032464020751216315,-0.032312272967065556,4802.236653551459,-16542497024.812368,-1040722315.3964467,-206109130.9389432,-16541613340.830606,-1912649284.3251023,16575201680.634636,16653098215.534275,-0.9974294817608109,0.004156751299012972,0.0715342598549695,0.004167427651553176,0.9999913162356806,0.0,0.07153363866831616,-0.00029811385255299014,0.9974381432785703,4704.480208198212,-545.3362549446073,-0.11540343626735258,9.404512882123868e-09,141.50634021432023,0.0,-40.30951032148036,-6.79682989283988,0.0,2.94198702617239e-17,2.2804629429841676,1.5707963267948966,20.492497371932288,461.0,0.05008797822232388,1.665496133316803,0.0,0.10549345245576916,-1592.7230775796456,-7.186783346367247,114.22806231153388,-0.10107601134389199,0.3276265768626475,-2.6240078044504647,-0.10391585912691374,0.3267369403018922,-2.6240078044504647,-3.411070384890597e-17,2.692084926131784e-19,1.3475469623528402e-18,-3.411175557504733e-17,-2.6867610447880492e-20,1.3475469623528402e-18,-1592.8269934387724,-6.860046406065355,111.6040545070834,-1058064.8358227946,210.96149362316663,118039.06142526038,0.021007917905467702,4718.52059543084
122.65004685951985,2001.0,12.0,14.0,14.0,23.0,30.0,1.0,3507285.2414278644,15766.954734467909,-250602.83132106945,184.49203617314,-295.9020643434219,4703.426634658208,3516262.240030662,4716.335171582513,3507289.7723002927,-14724.629607369783,-250602.83132106945,3516262.240030662,180.86888898500385,-546.0997611950488,4703.426634658208,4738.476612983564,20238732.630893566,0.8264615155880589,1.6336255531276018,2.9124051758188207e-07,1.0768488864857688e-05,6.211703140831279,-0.07133013726888328,-0.004198268193897946,120062.24003066216,-0.032343764431713405,-0.03219257963114351,4819.727335900068,-16542493046.49664,-1040721820.7629336,-206110361.42001897,-16541606386.179056,-1912666879.6972263,16575197679.111553,16653093343.551977,-0.9974482939218177,0.0041875800501277125,0.07126966483560229,0.004198255861177047,0.9999911872850301,0.0,0.0712690367563601,-0.000299208288120191,0.9974570842267957,4704.519965952671,-545.3356147002224,-0.1154023353454338,9.446863957072992e-09,141.46530003832768,0.0,-40.195900114983054,-6.8,0.0,2.9419109794929746e-17,2.280450523618932,1.5707963267948966,20.495561116040093,461.0,0.05031419354901782,1.675449601897865,0.0,0.10596869250923324,-1592.7808894725247,-7.160325567365275,113.80751011098383,-0.10114003923380295,0.3290378592362439,-2.635837277622259,-0.10399674568786124,0.32814615224518445,-2.635837277622259,-3.4263684548169116e-17,2.7099810413242738e-19,1.3485654314532748e-18,-3.4264745670369545e-17,-2.68874278823976e-20,1.3485654314532748e-18,-1592.8848862182126,-6.83217941512009,111.17167283336157,-1058070.205804903,211.11503182813254,118054.31440184153,0.021099910395280363,4718.508493104234
122.916137499393,2001.0,12.0,14.0,14.0,23.0,30.0,1.0,3507334.210705936,15688.217440931217,-249351.28499295854,183.57259569106546,-295.90599710581785,4703.4906358223025,3516221.7576657967,4716.363367922369,3507337.7753759767,-14869.942010715917,-249351.28499295854,3516221.7576657967,179.93353792857792,-546.1025168014755,4703.4906358223025,4738.50484838799,20238594.056029364,0.8264603275172543,1.6336255332872969,2.9276136613471166e-07,1.0824778270244025e-05,6.212059807312566,-0.07097412200889437,-0.004239640966853374,120021.75766579667,-0.032182371274093124,-0.03203194202502301,4843.210705757141,-16542487679.379635,-1040721153.5996842,-206111997.30495965,-16541597042.042553,-1912690385.130928,16575192280.694675,16653086781.918728,-0.9974734294643243,0.0042289545527945185,0.07091455038333176,0.004239628265921126,0.9999910127356979,0.0,0.07091391305552461,-0.00030065133227026114,0.9974823941022367,4704.573077771154,-545.3347575204318,-0.11540086427243994,9.503539267884669e-09,141.41469708224582,0.0,-40.044091246737494,-6.8,0.0,2.941816967684121e-17,2.2804351703254078,1.5707963267948966,20.499349939946228,461.0,0.050616930019174465,1.6888780430219135,0.0,0.10660486188664245,-1592.8581427359554,-7.124814287592473,113.24305037436552,-0.10121903946866061,0.3309261487051095,-2.6516741089277462,-0.1040983837899612,0.33003172020288063,-2.6516741089277462,-3.4468549740208183e-17,2.734043912431741e-19,1.3498454228457843e-18,-3.4469623538382055e-17,-2.6912387008506862e-20,1.3498454228457843e-18,-1592.9622411197454,-6.794782567389593,110.59137626543777,-1058077.4504748974,211.26857003309846,118069.6339853073,0.021191903590255187,4718.496338839919
123.05196109384771,2001.0,12.0,14.0,14.0,23.0,31.0,1.0,3507359.1123216366,15648.026289283438,-248712.43778258222,183.1032583298852,-295.9079962313047,4703.523175546364,3516201.171750576,4716.377699924636,3507362.1821702397,-14944.115710949838,-248712.43778258222,3516201.171750576,179.45607924439042,-546.103894696715,4703.523175546364,4738.519200244148,20238523.0051308,0.826459718355864,1.6336255231184635,2.9351883535969673e-07,1.0853539784355559e-05,6.212241867637628,-0.07079239407174069,-0.004260759084033171,120001.17175057577,-0.03209998813118198,-0.0319499445466134,4855.201156467199,-16542484927.513699,-1040720811.5907027,-206112825.51708165,-16541592267.816366,-1912702335.3818753,16575189512.784447,16653083422.456638,-0.9974862105014499,0.0042500741513346795,0.07073327879552416,0.004260746192359869,0.999990922979746,0.0,0.0707326367481199,-0.0003013765483011586,0.9974952647861717,4704.600079991748,-545.3343208942657,-0.1154001162119555,9.530986265950147e-09,141.38038166794618,0.0,-39.97057250191925,-6.809809166026918,0.0,2.941753721987688e-17,2.2804248415193427,1.5707963267948966,20.501899654217656,461.0,0.05076356209627432,1.6957632683583408,0.0,0.10691254233747362,-1592.8974287762628,-7.106686268325632,112.95490138342612,-0.10124047441772997,0.33183921911734976,-2.659330624148689,-0.10413095919223743,0.3309435667035153,-2.659330624148689,-3.4567425859872064e-17,2.745912648086255e-19,1.3502430693412452e-18,-3.4568505988307034e-17,-2.6919822464179678e-20,1.3502430693412452e-18,-1593.001559735455,-6.775742701622116,110.29557075927742,-1058081.165042093,211.42210823806437,118085.02017565773,0.021283897493433682,4718.484132638288
123.12563307392422,2001.0,12.0,14.0,14.0,23.0,31.0,1.0,3507372.5925236107,15626.226121424068,-248365.91926809677,182.84868053616506,-295.90907823313694,4703.540788974143,3516190.0277974852,4716.385456692244,3507375.3935150444,-14984.348293456489,-248365.91926809677,3516190.0277974852,179.1970963945424,-546.1046339806111,4703.540788974143,4738.526967756417,20238484.384330824,0.8264593872349296,1.6336255175919714,2.9351883535969673e-07,1.0869138232523827e-05,6.21234061972467,-0.07069382226820711,-0.004272213677847579,119990.02779748477,-0.03205530234271597,-0.03190546794614161,4861.704703092575,-16542483431.693111,-1040720625.7018917,-206113272.82962966,-16541589677.21845,-1912708803.8025832,16575188008.24371,16653081597.675562,-0.9974931291503712,0.004261529716823232,0.07063495354478078,0.0042722006819209245,0.9999908741090258,0.0,0.07063430893789575,-0.00030176669670146526,0.9975022322469893,4704.614695725429,-545.3340843318458,-0.11539971125871488,9.544854296463401e-09,141.35561732774391,0.0,-39.93342599161589,-6.822191336128037,0.0,2.9417083533567506e-17,2.2804174322596333,1.5707963267948966,20.503729067796737,461.0,0.05083766467661187,1.6995059093981157,0.0,0.10706769262467843,-1592.9186962671517,-7.09685301013453,112.79859948756388,-0.10124012246037707,0.33229969232821094,-2.663189248777861,-0.10413635414788089,0.3314034816684987,-2.663189248777861,-3.461712992595529e-17,2.7520495656951795e-19,1.350295701657701e-18,-3.461821337630882e-17,-2.6920455848980174e-20,1.350295701657701e-18,-1593.0228326212996,-6.765449528466031,110.13541023878602,-1058083.184162708,211.57564644303028,118100.47297289278,0.021375892107857085,4718.471874499786
123.23917823078962,2001.0,12.0,14.0,14.0,23.0,31.0,1.0,3507393.3318300415,15592.626984183154,-247831.85345239687,182.45631201952045,-295.91074262279284,4703.567885135452,3516172.882804223,4716.397388205634,3507395.717816343,-15046.35589397514,-247831.85345239687,3516172.882804223,178.7979387262656,-546.1057622354168,4703.567885135452,4738.538915796416,20238424.75310121,0.8264588759753623,1.6336255090601868,2.9427435484724594e-07,1.0893176901479424e-05,6.212492820195713,-0.07054189965046342,-0.004289867698202927,119972.88280422287,-0.03198643089357559,-0.031836918902926344,4871.727018430829,-16542481122.115902,-1040720338.7062893,-206113959.6070573,-16541585683.330557,-1912718754.5201466,16575185685.2037,16653078781.931118,-0.9975037731987514,0.004279185465412995,0.07048340957989122,0.004289854540500944,0.9999907985316772,0.0,0.07048276102903069,-0.00030236357461628407,0.9975129517825788,4704.6371798893215,-545.3337201112676,-0.11539908823859632,9.566190288078202e-09,141.3175173427175,0.0,-39.87627601407625,-6.841241328641252,0.0,2.9416385470469966e-17,2.2804060320241035,1.5707963267948966,20.50654454740872,461.0,0.05095167292407044,1.7052847212103663,0.0,0.1073063892189067,-1592.9514169404135,-7.081697117590767,112.55769307002112,-0.10123834531370468,0.3330079992695956,-2.669125685083619,-0.10414343164153538,0.3321109389726884,-2.669125685083619,-3.4693596247935664e-17,2.761509158102114e-19,1.3503608171153878e-18,-3.46946848263059e-17,-2.692111397316372e-20,1.3503608171153878e-18,-1593.055560372055,-6.749586178618078,109.8885673849375,-1058086.301737424,211.72918464799622,118115.99237701246,0.02146788743656649,4718.459564424916
123.5391782307896,2001.0,12.0,14.0,14.0,23.0,31.0,1.0,3507447.9132165024,15503.853103906318,-246420.7723814215,181.4195883756315,-295.91512134176804,4703.639183926355,3516127.7608256675,4716.428775954587,3507449.1990001756,-15210.18806239287,-246420.7723814215,3516127.7608256675,177.74327752853074,-546.1086781447982,4703.639183926355,4738.570347015968,20238266.56400836,0.8264575196954262,1.633625486434452,2.9615472129511627e-07,1.0956721586384713e-05,6.212894959215286,-0.07014049472847887,-0.004336511195204323,119927.76082566753,-0.031804460966913854,-0.031655800811545474,4898.20099145174,-16542474995.27851,-1040719577.4877393,-206115758.8377983,-16541575123.78252,-1912744937.0479822,16575179522.659927,16653071322.611475,-0.9975317842763899,0.00432583486637049,0.07008299730370326,0.004336497603630229,0.9999905973500619,0.0,0.07008233833781301,-0.000303914749862733,0.997541163806752,4704.69634065628,-545.3327599790056,-0.11539744858901356,9.622342083613739e-09,141.21724627926116,0.0,-39.725869418891776,-6.89137686036941,0.0,2.94145479353351e-17,2.2803760227979963,1.5707963267948966,20.513959644227995,461.0,0.051251725835795736,1.7206152694911547,0.0,0.10793457388813753,-1593.0375342600682,-7.041649806718795,111.92113164268393,-0.10122646660531068,0.3348713474967525,-2.6847487462223314,-0.10415493227043883,0.33397210512171094,-2.6847487462223314,-3.4894819191946706e-17,2.786509314796402e-19,1.3504397637355355e-18,-3.489592136682855e-17,-2.692100268538921e-20,1.3504397637355355e-18,-1593.1416891923386,-6.707677701597085,109.2363828964616,-1058094.5720955469,211.88272285296213,118131.57838801679,0.02155988348260275,4718.447202414228
123.63286808298463,2001.0,12.0,14.0,14.0,23.0,31.0,1.0,3507464.8952235254,15476.12879610847,-245980.08808219156,181.0958086244643,-295.91648322347595,4703.661363519621,3516113.7219266403,4716.438537669282,3507465.836311761,-15261.35294555395,-245980.08808219156,3516113.7219266403,177.41389594928955,-546.1095694332724,4703.661363519621,4738.580122248622,20238216.972006947,0.8264570944992834,1.6336254793435052,2.969035334165595e-07,1.0976563913502736e-05,6.213020549112584,-0.07001513408252695,-0.004351077772090474,119913.72192664072,-0.03174763088536078,-0.03159923675771935,4906.4668258577585,-16542473074.521053,-1040719338.8830508,-206116316.19676256,-16541571823.877275,-1912753081.5866008,16575177590.710854,16653068987.169065,-0.997540498886327,0.004340403682162917,0.06995794434868499,0.004351064043091372,0.9999905340760445,0.0,0.06995728213210371,-0.0003043914961841505,0.9975499416182161,4704.714743652857,-545.3324607782072,-0.11539693844330642,9.640946254536978e-09,141.1921524083009,0.0,-39.67645722490269,-6.9,0.0,2.9414085936059636e-17,2.2803684777772477,1.5707963267948966,20.51582484314778,461.0,0.05135112442177525,1.7254215384660543,0.0,0.10814303433320481,-1593.064329151674,-7.0291419800129615,111.72231674762162,-0.10123303737013933,0.3354895483645361,-2.6899355881608855,-0.10416913814096138,0.3345895329743501,-2.6899355881608855,-3.496175885825829e-17,2.7946637979933497e-19,1.3506059797698469e-18,-3.4962865429222985e-17,-2.6923938877220693e-20,1.3506059797698469e-18,-1593.168498289815,-6.694552447038611,109.03238115946073,-1058097.16486484,212.03626105792804,118147.23100590575,0.021651880249006505,4718.434788468334
123.72994852528124,2001.0,12.0,14.0,14.0,23.0,31.0,1.0,3507482.4597994257,15447.40102462992,-245523.45344250352,180.76030569609574,-295.9178915695757,4703.684301980934,3516099.201414741,4716.4486321138065,3507483.0431641974,-15314.369548553836,-245523.45344250352,3516099.2014147416,177.07258849654204,-546.1104832472056,4703.684301980934,4738.590230671062,20238165.478976823,0.826456653001526,1.633625471981993,2.972772321590793e-07,1.099713772591973e-05,6.213150685083526,-0.0698852356514341,-0.004366171424080171,119899.20141474158,-0.03168874366901653,-0.03154062519648861,4915.032369419932,-16542471080.131859,-1040719091.1525373,-206116891.44827592,-16541568403.033422,-1912761504.6266239,16575175584.702335,16653066563.812069,-0.9975495121846741,0.004355499851196443,0.06982836358647518,0.004366157551709508,0.9999904682886901,0.0,0.06982769800267223,-0.0003048816369966058,0.9975590206292734,4704.733775925589,-545.332151060271,-0.11539641079767243,9.661637983993247e-09,141.17400176842696,0.0,-39.62200530528093,-6.9,0.0,2.941374848803313e-17,2.2803629668327576,1.5707963267948966,20.51718742071362,461.0,0.05146165719134133,1.73041210153512,0.0,0.10837528826755358,-1593.0920437690356,-7.016180964923438,111.51629829114437,-0.10125454728697643,0.3361782821442132,-2.6957173458626356,-0.10419898994027663,0.3352773347948693,-2.6957173458626356,-3.503654070621375e-17,2.8035561092057235e-19,1.350979375106837e-18,-3.503765201377339e-17,-2.6931180246486943e-20,1.350979375106837e-18,-1593.1962427589758,-6.680903630128569,108.82058094528173,-1058099.8570371699,212.18979926289396,118162.95023067933,0.021743877738818175,4718.422322587893
123.92638353756023,2001.0,12.0,14.0,14.0,23.0,31.0,1.0,3507517.9007743923,15389.272110799735,-244599.48061140862,180.0814227802626,-295.92073246150426,4703.730579814104,3516069.9025850254,4716.4689934536245,3507517.758588832,-15421.644947279006,-244599.48061140862,3516069.9025850263,176.38196065755625,-546.1123019828145,4703.730579814104,4738.610620203004,20238060.950303517,0.8264557567721981,1.6336254570424464,2.9802322387695424e-07,1.1038773775669821e-05,6.21341400870345,-0.0696223926513138,-0.004396712044309407,119869.90258502588,-0.03156958829554014,-0.031422027590475875,4932.366417512298,-16542467031.597698,-1040718588.3362614,-206118048.3500491,-16541561476.281374,-1912778497.416183,16575171512.585615,16653061649.547491,-0.9975676979601837,0.004386046175003792,0.06956615977161838,0.0043966978787934,0.9999903344771701,0.0,0.06956548737831292,-0.0003058613871036773,0.9975773400667387,4704.772171925617,-545.3315253296115,-0.11539534614109039,9.70338881633812e-09,141.13737823128236,0.0,-39.51213469384705,-6.9,0.0,2.941306755274993e-17,2.2803518463156633,1.5707963267948966,20.51993753012825,461.0,0.0516846891672271,1.7405428751991994,0.0,0.10884392149598358,-1593.1479666471225,-6.989953655286236,111.09940881355826,-0.10129427613615412,0.33756755506283714,-2.7073836177555064,-0.10425558906014416,0.33666475425677006,-2.7073836177555064,-3.5187428635695977e-17,2.821552778184224e-19,1.3516856481020208e-18,-3.5188549551920954e-17,-2.6944851120430516e-20,1.3516856481020208e-18,-1593.2522222361827,-6.653288901029466,108.39202519580274,-1058105.3220752776,212.34333746785987,118178.73606233753,0.02183587595507801,4718.409804773622
124.17633659344358,2001.0,12.0,14.0,14.0,23.0,32.0,1.0,3507562.8047128255,15315.305369373793,-243423.7614463674,179.21754613685655,-295.9243303333936,4703.789201869594,3516032.780737426,4716.4947783021635,3507561.735967674,-15558.14766928288,-243423.7614463674,3516032.780737426,175.50313941802642,-546.1145575938427,4703.789201869594,4738.636440748171,20237927.29375396,0.8264546107855893,1.6336254379476176,2.9950963321688554e-07,1.1091770195674525e-05,6.213749080144289,-0.0692879327257276,-0.0044355728589719244,119832.7807374266,-0.031417966566111025,-0.031271115590235835,4954.426543846726,-16542461854.885435,-1040717945.5335985,-206119506.79797745,-16541552652.878494,-1912800021.911589,16575166305.72737,16653055375.601774,-0.9975907378292486,0.004424915420162786,0.06923250624395873,0.004435558314516179,0.9999901628628346,0.0,0.0692318251942985,-0.0003070848187051844,0.9976005513627086,4704.820807438213,-545.3307309807624,-0.11539399721814554,9.75646793073143e-09,141.0819518435665,0.0,-39.37292776534974,-6.909024078216751,0.0,2.941204227760464e-17,2.280335102301863,1.5707963267948966,20.524079767907182,461.0,0.05196823745399302,1.753496968256602,0.0,0.10943929776376246,-1593.2188244104532,-6.956577593791244,110.56888803931326,-0.10133871398101729,0.33933220169406203,-2.722201903555697,-0.10432152200853584,0.33842709422221,-2.722201903555697,-3.537892350011671e-17,2.8444880074053336e-19,1.3524996961283653e-18,-3.5380056702700326e-17,-2.6960360948133588e-20,1.3524996961283653e-18,-1593.3231459324618,-6.618150499569034,107.84668613575757,-1058112.3100787606,212.49687567282578,118194.58850088039,0.02192787490082597,4718.397235026288
124.38442123449657,2001.0,12.0,14.0,14.0,23.0,32.0,1.0,3507600.0223045847,15253.727750971404,-242444.97010107638,178.4983439780979,-295.9273110064148,4703.837778856152,3516002.013112156,4716.5161382101505,3507598.1793540367,-15671.785911921213,-242444.97010107638,3516002.013112156,174.77149612457237,-546.1163852868339,4703.837778856152,4738.657830222684,20237815.468125764,0.8264536519671123,1.6336254219780866,3.006196171318306e-07,1.1135904055721416e-05,6.214028030685646,-0.06900949122866876,-0.004467923869435241,119802.01311215619,-0.031291739798903886,-0.03114547966887762,4972.794363602996,-16542457523.701849,-1040717407.8296775,-206120709.33721495,-16541545299.245018,-1912817857.2767358,16575161949.32841,16653050134.702333,-0.9976098324953231,0.004457274442243416,0.06895473017277327,0.004467909004411425,0.9999900188447525,0.0,0.06895404192490637,-0.0003080834598356939,0.997619789893324,4704.861107131259,-545.3300712731597,-0.1153928791972107,9.801080987373532e-09,141.00503278039045,0.0,-39.25754917058569,-6.947483609804769,0.0,2.9410634623444966e-17,2.2803121135648543,1.5707963267948966,20.529769674751368,461.0,0.05220654342670832,1.7643356120946687,0.0,0.10993828540576321,-1593.2775558785847,-6.9287894613300525,110.12718865929932,-0.10137356639142184,0.3408120580467817,-2.7346099889899196,-0.10437441191696302,0.3399050470498887,-2.7346099889899196,-3.553874299770355e-17,2.8636845668641255e-19,1.3531315107918288e-18,-3.553988651189755e-17,-2.697167496077863e-20,1.3531315107918288e-18,-1593.3819302905017,-6.588884414280164,107.3925786703094,-1058118.1567608751,212.6504138777917,118210.50754630788,0.02201987457910185,4718.384613346714
124.68442123449655,2001.0,12.0,14.0,14.0,23.0,32.0,1.0,3507653.4162691375,15164.948915723735,-241033.80830335873,177.4614085255525,-295.93158505676104,4703.907452548103,3515957.872484451,4716.546763967009,3507650.452573768,-15835.621213263776,-241033.80830335873,3515957.8724844516,173.7166242945213,-546.1189401994516,4703.907452548103,4738.68849836518,20237653.357279193,0.8264522619711641,1.6336253988376137,3.0209325153698576e-07,1.1199608072009568e-05,6.214430207947924,-0.0686080478061214,-0.004514564334091343,119757.87248445116,-0.031109752115070707,-0.0309643438197958,4999.2787037193775,-16542451244.868002,-1040716628.5010911,-206122424.58366835,-16541534684.314785,-1912843437.0889378,16575155633.95103,16653042550.27049,-0.9976372242751551,0.004503928029738874,0.06855423672441191,0.004514548998665303,0.9999898093717449,0.0,0.06855353811367014,-0.000309491460758458,0.9976473909288458,4704.918905578471,-545.3291226920886,-0.11539127523995577,9.865084897545831e-09,140.89468121112787,0.0,-39.09202181669181,-7.002659394436062,0.0,2.9408614563882017e-17,2.2802791234886244,1.5707963267948966,20.537940685698715,461.0,0.05254843806169408,1.780048902785838,0.0,0.11065413210395371,-1593.3618187729626,-6.888722378865331,109.49031207094188,-0.10141374982593225,0.3429339476113712,-2.7524105291469274,-0.10444057459900602,0.3420242790439078,-2.7524105291469274,-3.5767995205855944e-17,2.891366817196361e-19,1.3539118753473786e-18,-3.576915365025459e-17,-2.6985391023515997e-20,1.3539118753473786e-18,-1593.4662593475616,-6.546698099821423,106.73790154179495,-1058126.6326660197,212.8039520827576,118226.49319862001,0.022111874992945146,4718.3719397357745
124.74353702229408,2001.0,12.0,14.0,14.0,23.0,32.0,1.0,3507663.900999736,15147.454662435703,-240755.73270882873,177.25707122246385,-295.9324240368721,4703.921131720699,3515949.2047797847,4716.552775316231,3507660.71582403,-15867.90547890846,-240755.73270882873,3515949.204779784,173.5087526188125,-546.119432499292,4703.921131720699,4738.6945180331295,20237621.29266786,0.8264519870349283,1.6336253942620833,3.024605383006411e-07,1.1212160874740772e-05,6.2145094592044945,-0.06852894115257417,-0.004523754867456273,119749.20477978466,-0.031073890421607714,-0.030928649982588065,5004.497115597129,-16542450002.946507,-1040716474.3794212,-206122760.01628095,-16541532590.939346,-1912848459.0395608,16575154384.803017,16653041051.908667,-0.997642602758741,0.004513121366297532,0.06847531596347622,0.004523739438182133,0.9999897678383991,0.0,0.06847461531297762,-0.00030976448736595995,0.9976528109035238,4704.930252824696,-545.3289361299137,-0.1153909602788021,9.875913839388662e-09,140.88800531087185,0.0,-39.05202124348737,-7.0,0.0,2.940848787445252e-17,2.280277054493228,1.5707963267948966,20.538453359867574,461.0,0.05260631805661152,1.7831569846379394,0.0,0.11077577095293314,-1593.3783656772391,-6.880826451851008,109.36480425096708,-0.10140343871233089,0.3432871659636745,-2.7554410760664974,-0.10443482021751196,0.3423771371224907,-2.7554410760664974,-3.580721984927007e-17,2.896350894693906e-19,1.3538316115245326e-18,-3.580838105386e-17,-2.6983709384568475e-20,1.3538316115245326e-18,-1593.4828004974565,-6.538449314728517,106.60936317490058,-1058128.309168348,212.95749028772352,118242.54545781676,0.022203876145395197,4718.359214194396
124.82877728845314,2001.0,12.0,14.0,14.0,23.0,32.0,1.0,3507678.9978820127,15122.229252353638,-240354.7683799661,176.96242932744192,-295.9336319138788,4703.940826957628,3515936.724214915,4716.5614296232825,3507675.4929814283,-15914.456874719013,-240354.7683799661,3515936.724214915,173.20901446135557,-546.1201359003614,4703.940826957628,4738.703184315865,20237574.994011156,0.8264515900479825,1.6336253876563753,3.028273795977481e-07,1.1230247059565486e-05,6.214623733889527,-0.06841487496671322,-0.00453700683251135,119736.72421491519,-0.03102218039971852,-0.030877181996054718,5012.020256727934,-16542448209.711971,-1040716251.8566018,-206123242.20381424,-16541529571.706245,-1912855689.5304272,16575152581.135004,16653038889.391262,-0.9976503470109145,0.004526377498523556,0.06836151706730037,0.0045369912672433566,0.9999897078021558,0.0,0.06836081347704179,-0.00031015560594984943,0.9976606151313467,4704.94659031581,-545.328667337857,-0.11539050676930519,9.891999900775988e-09,140.87413801657243,0.0,-38.996552066289695,-7.0,0.0,2.9408228815759363e-17,2.2802728237437035,1.5707963267948966,20.539501774984004,461.0,0.05269228687542132,1.7876448530524363,0.0,0.11095628883192445,-1593.4021917698842,-6.869440803932267,109.18382639067906,-0.10139264201785265,0.3438136277933858,-2.759936656128304,-0.10443075075395895,0.3429030428689337,-2.759936656128304,-3.5865341268852357e-17,2.903671994862804e-19,1.3537679932154046e-18,-3.58665065123477e-17,-2.6982244194654143e-20,1.3537679932154046e-18,-1593.506622520638,-6.5265377610633335,106.42388973455076,-1058130.7299089432,213.11102849268943,118258.66432389813,0.022295878039491006,4718.346436723563
124.98941451703799,2001.0,12.0,14.0,14.0,23.0,32.0,1.0,3507707.3800378167,15074.691111422686,-239599.13738677016,176.40715799008947,-295.93590220069115,4703.977849877915,3515913.2607219354,4716.5776952938595,3507703.271427693,-16002.184204995394,-239599.13738677016,3515913.2607219354,172.6441391717612,-546.1214407559158,4703.977849877915,4738.719472493147,20237487.539718557,0.8264508401674278,1.6336253751820484,3.039252468104842e-07,1.1264380997761315e-05,6.214839089314651,-0.06819991245986416,-0.0045619802919172345,119713.26072193589,-0.03092473068089147,-0.03078018839836621,5026.192822620273,-16542444822.434462,-1040715831.5840584,-206124146.1635021,-16541523879.560602,-1912869281.0193915,16575149174.152964,16653034807.745192,-0.9976649056204087,0.004551359211208072,0.06814705586268427,0.0045619644682000585,0.999989594185955,0.0,0.06814634673709324,-0.00031088444745801014,0.997675287243925,4704.97730059849,-545.3281614892128,-0.1153896541729888,9.922241736171515e-09,140.84806746881767,0.0,-38.892269875270635,-7.0,0.0,2.9407741761077915e-17,2.280264869537122,1.5707963267948966,20.541473192838303,461.0,0.05285391081165633,1.7961221629590836,0.0,0.11129566351202164,-1593.4469859216924,-6.847983173253762,108.84275167054281,-0.10136999374465717,0.34480307919986186,-2.7683884190096624,-0.10442077374974487,0.3438914669877731,-2.7683884190096624,-3.597460780143146e-17,2.9174703688462474e-19,1.353618234612972e-18,-3.597578067172305e-17,-2.697888845817349e-20,1.353618234612972e-18,-1593.5514066954422,-6.504091706265989,106.07436325153314,-1058135.3025158066,213.26456669765537,118274.84979686415,0.02238788067827147,4718.333607324303
125.24399498618241,2001.0,12.0,14.0,14.0,23.0,33.0,1.0,3507752.1778358384,14999.351154239896,-238401.58905551047,175.52712313206268,-295.9394841680929,4704.036274933602,3515876.2263924065,4716.603356774438,3507747.1092972173,-16141.216315204849,-238401.58905551047,3515876.226392407,171.74888400640376,-546.1234532567969,4704.036274933602,4738.74516947744,20237348.39576351,0.8264496470571189,1.6336253553435838,3.053829302179706e-07,1.1318430034948532e-05,6.215180393856012,-0.06785923061493583,-0.004601558175542624,119676.22639240697,-0.03077028812499918,-0.030626468710513624,5048.640070229769,-16542439433.094152,-1040715163.0551938,-206125566.1451769,-16541514852.293228,-1912890728.592301,16575143753.470943,16653028322.115786,-0.9976878830278019,0.004590951238282678,0.06780716205704747,0.0046015419364020685,0.9999894128498599,0.0,0.06780644417244219,-0.00031201749979391507,0.9976984458110423,4705.025761729543,-545.3273616735165,-0.11538830845815384,9.969974872008792e-09,140.80691821378554,0.0,-38.7276728551421,-7.0,0.0,2.9406972940426414e-17,2.280252313743043,1.5707963267948966,20.544585890017995,461.0,0.05310902116498512,1.8096102486530665,0.0,0.11183132766522401,-1593.517690914375,-6.813973794256116,108.30216344885521,-0.10132796065986065,0.34636401783497717,-2.781728682537825,-0.10439880510785668,0.345450832904375,-2.781728682537825,-3.6147067010104464e-17,2.9393422169175744e-19,1.3533012207858906e-18,-3.614825200852353e-17,-2.697198433604434e-20,1.3533012207858906e-18,-1593.6220897194828,-6.4685229613517405,105.52043476631738,-1058142.5778331105,213.41810490262128,118291.10187671482,0.02247988406477503,4718.320725997706
125.32526757340408,2001.0,12.0,14.0,14.0,23.0,33.0,1.0,3507766.4319624566,14975.299340386944,-238019.27910153297,175.2461714950265,-295.9406235419192,4704.054862192107,3515864.442497317,4716.6115188553795,3507761.0561591187,-16185.601206766241,-238019.27910153297,3515864.442497317,171.46307346918945,-546.124081408925,4704.054862192107,4738.753342849936,20237303.833856978,0.8264492649507236,1.6336253489924113,3.057462651831399e-07,1.1335690495303158e-05,6.215289353835266,-0.06775046942437506,-0.004614192950850351,119664.44249731768,-0.030720983003213465,-0.030577394357995398,5055.802623689175,-16542437707.111803,-1040714948.9907773,-206126016.2111304,-16541511968.773092,-1912897551.6680405,16575142017.45351,16653026247.22606,-0.9976951937508596,0.00460359080148995,0.06769865078542901,0.004614176577575907,0.9999893546305936,0.0,0.06769793010828308,-0.0003123735287876173,0.9977058146978159,4705.041178536932,-545.327106818816,-0.11538788026898623,9.986475191590541e-09,140.7861062432942,0.0,-38.67915936494129,-7.0069468783529025,0.0,2.9406589224130195e-17,2.280246047180366,1.5707963267948966,20.546139792749155,461.0,0.05319718239615842,1.8139299862452893,0.0,0.11201618537734787,-1593.5401891330164,-6.803115830563704,108.12957316105039,-0.10132574795195337,0.34690754179257793,-2.7863288965418875,-0.10440341080663318,0.3459937536467001,-2.7863288965418875,-3.6206428140583475e-17,2.946692546437904e-19,1.3533457602451827e-18,-3.620761717029798e-17,-2.6972541781356472e-20,1.3533457602451827e-18,-1593.644592543823,-6.457122076917004,105.3432442645085,-1058144.9078297857,213.5716431075872,118307.42056345011,0.022571888202040095,4718.3077927449085
125.41342045873292,2001.0,12.0,14.0,14.0,23.0,33.0,1.0,3507781.866986296,14949.211266132828,-237604.60220512614,174.94143083490852,-295.94185709151617,4704.074987616417,3515851.682347309,4716.620355309481,3507776.1574596586,-16233.74365004974,-237604.60220512614,3515851.682347309,171.1530625962731,-546.1247548862291,4704.074987616417,4738.7621915278705,20237255.411100212,0.8264488497364976,1.6336253420919948,3.061091688897344e-07,1.1354391496039195e-05,6.2154075388550005,-0.06763250001704094,-0.004627897284814264,119651.68234730838,-0.030667503480081685,-0.030524165140378503,5063.57153300941,-16542435831.587378,-1040714716.3966209,-206126502.59869033,-16541508839.817583,-1912904939.2453058,16575140131.025623,16653023993.840456,-0.9977031099098417,0.004617300477024534,0.06758095155097466,0.004627880765218401,0.9999892913024734,0.0,0.06758022784700593,-0.00031275658577791226,0.9977137941250811,4705.057870824386,-545.3268306351197,-0.11538741660633461,1.0005934420354724e-08,140.75420586827096,0.0,-38.63130880240642,-7.022897065864527,0.0,2.940600495861411e-17,2.280236505400377,1.5707963267948966,20.548506308030646,461.0,0.053301124268886314,1.8186240604246517,0.0,0.11223384433424556,-1593.5645516367333,-6.791338245073045,107.9423652147283,-0.10133789440999687,0.34755306479129555,-2.791741408126868,-0.10442345708449473,0.3466384907937906,-2.791741408126868,-3.6276149172040163e-17,2.9551111372088074e-19,1.353583235413814e-18,-3.627734276136833e-17,-2.6976742567609668e-20,1.353583235413814e-18,-1593.6689750938178,-6.444699754279254,105.15062380660143,-1058147.439709356,213.7251813125531,118323.80585707002,0.02266389309310466,4718.294807567099
125.59595153147754,2001.0,12.0,14.0,14.0,23.0,33.0,1.0,3507813.741643682,14895.192448847492,-236745.95855544513,174.3104141173769,-295.9444037524259,4704.116542619944,3515825.3315138784,4716.638597256819,3507807.3396261875,-16333.4285129085,-236745.95855544513,3515825.3315138784,170.51113336582395,-546.1261234172028,4704.116542619944,4738.780458707812,20237154.84885582,0.8264479874310151,1.6336253277647994,3.071953077329454e-07,1.1393163187460646e-05,6.215652257716725,-0.06738822758836628,-0.004656273532236372,119625.33151387842,-0.030556766506285693,-0.030413946453950406,5079.658643424511,-16542431936.572021,-1040714233.4094223,-206127503.84584817,-16541502356.372272,-1912920192.6769755,16575136213.369852,16653019318.347723,-0.9977194567045689,0.0046456882731075524,0.06733723556554067,0.004656256706900839,0.9999891595779824,0.0,0.06733650560148964,-0.00031353945472621046,0.9977302725217827,4705.092336016375,-545.3262595712143,-0.11538645910356392,1.004611944133541e-08,140.68832878469604,0.0,-38.532493177044074,-7.055835607651976,0.0,2.940479821954811e-17,2.2802167978558536,1.5707963267948966,20.553395877285475,461.0,0.05351577668217485,1.8283727661937272,0.0,0.11268332150085306,-1593.6148636208748,-6.766949966919871,107.55470678991732,-0.10135968343604726,0.3488857390103873,-2.802918503936124,-0.10446159415342708,0.34796956714345645,-2.802918503936124,-3.642011871689196e-17,2.972543935971245e-19,1.3540313488608433e-18,-3.642132176843384e-17,-2.6984573826242334e-20,1.3540313488608433e-18,-1593.7193252150282,-6.418980399776414,104.75178828598119,-1058152.6978438217,213.87871951751902,118340.25775757458,0.02275589874100657,4718.281770465521
125.86642636575775,2001.0,12.0,14.0,14.0,23.0,33.0,1.0,3507860.7617670405,14815.146427203621,-235473.60512070614,173.37533598417096,-295.9481586751745,4704.177828520912,3515786.4598432374,4716.665491859538,3507853.3299529282,-16481.14215267157,-235473.60512070614,3515786.459843238,169.55988528348658,-546.1280868718604,4704.177828520912,4738.8073905061165,20237005.100699592,0.8264467033467923,1.6336253064382178,3.086375471533546e-07,1.1450628590625659e-05,6.216014889117593,-0.0670262576757252,-0.004698320976624668,119586.45984323788,-0.030392673225599548,-0.03025062117220508,5103.497063949704,-16542426136.446196,-1040713514.3233217,-206128972.97669017,-16541492737.939371,-1912942687.5415297,16575130379.53848,16653012366.494537,-0.9977435689053017,0.004687754031968834,0.06697608282250608,0.004698303691348602,0.9999889629103033,0.0,0.06697534360147243,-0.00031467397715705,0.9977545812121099,4705.143163118196,-545.3254153722477,-0.1153850466381134,1.010531023514317e-08,140.59557480404735,0.0,-38.38672441214207,-7.1,0.0,2.940309742707341e-17,2.280189021806859,1.5707963267948966,20.56029137137179,461.0,0.05383196175682361,1.8428902820456243,0.0,0.11334557013520077,-1593.6890849199644,-6.730807964176951,106.98021949952907,-0.10138310635409623,0.3508481448613787,-2.819388144708435,-0.10450919513830194,0.34992968313394235,-2.819388144708435,-3.6632317254077425e-17,2.9983644272801345e-19,1.3545829732695545e-18,-3.663353437245001e-17,-2.699404174972313e-20,1.3545829732695545e-18,-1593.7935941151027,-6.3808782810430085,104.16083135482063,-1058160.5278767124,214.03225772248493,118356.77626496379,0.022847905148783303,4718.268681441467
126.09353333746053,2001.0,12.0,14.0,14.0,23.0,34.0,1.0,3507900.047355065,14747.934180737926,-234405.2477219327,172.59015444963356,-295.95129427650744,4704.229020116379,3515753.9822854283,4716.687948518747,3507891.7474837727,-16605.17183014191,-234405.2477219327,3515753.982285428,168.7611266994962,-546.1296760871695,4704.229020116379,4738.829878218152,20236878.69325771,0.8264456193921678,1.633625288443441,3.097148193542154e-07,1.1498908543816409e-05,6.216319382358162,-0.066722319825267,-0.004733626063758992,119553.98228542786,-0.030254887814636804,-0.0301134806193085,5123.511282294989,-16542421240.343449,-1040712907.4454198,-206130193.2188844,-16541484651.649746,-1912961476.2950745,16575125454.991762,16653006507.748371,-0.9977637130353062,0.0047230755945407935,0.06667282435091115,0.00473360838588208,0.9999887964130644,0.0,0.06667207737612729,-0.00031560304045791596,0.9977748916930474,4705.185616129559,-545.3247083913097,-0.11538386651643451,1.015402657185821e-08,140.55497785678483,0.0,-38.26493357035447,-7.1,0.0,2.940234141607787e-17,2.280176675210337,1.5707963267948966,20.563357986266908,461.0,0.05409222938662366,1.8551454350281955,0.0,0.1138923507783884,-1593.7511001961525,-6.70045782629804,106.49779537768234,-0.10139054051145723,0.3524656754529186,-2.832999922323911,-0.10453671909470132,0.3515454002523758,-2.832999922323911,-3.680831525474227e-17,3.019932266929422e-19,1.3549090472527373e-18,-3.68095441807837e-17,-2.7000081357345733e-20,1.3549090472527373e-18,-1593.8556369152473,-6.348912426045664,103.66479545535843,-1058167.1375603247,214.18579592745084,118373.3613792376,0.02293991231947217,4718.255540496285
126.36399921275626,2001.0,12.0,14.0,14.0,23.0,34.0,1.0,3507946.6006436166,14667.888951987778,-233132.9060904357,171.65502752110746,-295.95500797839907,4704.28966632817,3515715.4964296506,4716.714542978277,3507937.262964407,-16752.8815193042,-233132.9060904357,3515715.4964296506,167.80983087124187,-546.1314979585222,4704.28966632817,4738.856509446288,20236727.362084474,0.8264443216950964,1.6336252669099687,3.111453804049072e-07,1.1556405323044263e-05,6.216682016153497,-0.06636034741918093,-0.004775670971885722,119515.49642965104,-0.03009079331161613,-0.029950154089454922,5147.341662988067,-16542415378.849827,-1040712181.0630094,-206131630.63907605,-16541475009.83254,-1912983733.9529097,16575119559.455572,16652999505.087149,-0.9977875816535374,0.004765141416112145,0.0663116530126489,0.004775652818758663,0.9999885965050574,0.0,0.06631089682804914,-0.0003166814326264031,0.997798960048932,4705.2359069179965,-545.3238686589316,-0.11538246807797821,1.021175535552343e-08,140.5068705370638,0.0,-38.12061161119143,-7.1,0.0,2.940144544365548e-17,2.2801620428702525,1.5707963267948966,20.566993550032922,461.0,0.054400654890163304,1.8698173206962123,0.0,0.11454028882756553,-1593.8245915631985,-6.664309574640336,105.92320839814272,-0.10139049287950584,0.354381491562679,-2.849130085333718,-0.10456057070778249,0.3534591357735729,-2.849130085333718,-3.701686471572417e-17,3.0456207121876414e-19,1.3551818287724616e-18,-3.701810776051188e-17,-2.7004973254507734e-20,1.3551818287724616e-18,-1593.9291521339062,-6.310850438866763,103.07407831280901,-1058175.050582597,214.33933413241675,118390.01310039606,0.02303192025611013,4718.242347631366
126.44027881067359,2001.0,12.0,14.0,14.0,23.0,34.0,1.0,3507959.684360554,14645.313583431247,-232774.0641200704,171.39128552904532,-295.9560513186279,4704.30670775018,3515704.680037265,4716.722014031647,3507950.053197372,-16794.540229221922,-232774.0641200704,3515704.680037265,167.5415288092967,-546.1319978765225,4704.30670775018,4738.863990827727,20236684.527624533,0.8264439543766499,1.6336252608167605,3.1150199413846367e-07,1.1572629751824668e-05,6.216784291317082,-0.06625825878579075,-0.004787528802188162,119504.68003726564,-0.030044513022980574,-0.02990409039257441,5154.061275303364,-16542413719.741917,-1040711975.4903301,-206132032.94564074,-16541472288.278828,-1912989988.0580812,16575117890.713814,16652997525.169851,-0.9977942894680759,0.004777005396552223,0.06620978873504332,0.00478751051350437,0.9999885398058735,0.0,0.06620902995801135,-0.0003169800596659231,0.9978057245153793,4705.250037922645,-545.3236322671851,-0.11538207504971586,1.0227093283645815e-08,140.4881778605903,0.0,-38.08226679088546,-7.105911069704845,0.0,2.9401100333371306e-17,2.280156406791599,1.5707963267948966,20.568394248711474,461.0,0.05448261326855209,1.8739702690771742,0.0,0.11471217555504795,-1593.8452468580006,-6.654113942005508,105.76114581465671,-0.10137951584926368,0.35488966367892194,-2.853407247578836,-0.10455605960063113,0.35396682050830514,-2.853407247578836,-3.707205635564208e-17,3.0525860639929623e-19,1.3551098436133497e-18,-3.707330327980773e-17,-2.700326056088863e-20,1.3551098436133497e-18,-1593.9498029176011,-6.3001471214972025,102.90773856707789,-1058177.2903940044,214.49287233738266,118406.73142843916,0.02312392896173393,4718.229102848162
126.49085190203522,2001.0,12.0,14.0,14.0,23.0,34.0,1.0,3507968.3477260475,14630.346153539735,-232536.1525017963,171.21642367513005,-295.95674207561615,4704.31799099962,3515697.5179751636,4716.726960229817,3507958.521792318,-16822.159820952274,-232536.1525017963,3515697.5179751636,167.36364365837238,-546.1323259529196,4704.31799099962,4738.868943863298,20236656.095312215,0.8264437105600447,1.6336252567726235,3.118582000800436e-07,1.1583379100027072e-05,6.216852099713178,-0.06619057405662913,-0.004795390472857759,119497.51797516365,-0.03001382920625204,-0.02987355017538221,5158.51541878283,-16542412618.471388,-1040711839.0429215,-206132298.92712557,-16541470483.513033,-1912994128.8909662,16575116783.048985,16652996211.45592,-0.9977987309365276,0.0047848712054843826,0.06614225237321426,0.004795372093929665,0.99998850213714,0.0,0.06614149187866722,-0.0003171767112601649,0.9978102036214092,4705.259394032062,-545.3234756519946,-0.11538181480666539,1.023664269978181e-08,140.47226216703032,0.0,-38.05839325054547,-7.113868916484843,0.0,2.940080799203802e-17,2.280151632495312,1.5707963267948966,20.569580928073304,461.0,0.05453364927128004,1.8767269186738005,0.0,0.1148190008049216,-1593.8589238969535,-6.647354099314078,105.65369611556,-0.10136553823910895,0.35520553199551086,-2.856064058655015,-0.10454618345860384,0.3542824266414552,-2.856064058655015,-3.710626142424236e-17,3.05701243754447e-19,1.354970636075759e-18,-3.710751084515033e-17,-2.7000216666120847e-20,1.354970636075759e-18,-1593.963470080412,-6.293071672672623,102.79763205690497,-1058178.7771231886,214.64641054234858,118423.51636336689,0.02321593843937997,4718.21580614817
126.5764458475175,2001.0,12.0,14.0,14.0,23.0,34.0,1.0,3507982.990149393,14605.013998319928,-232133.4905477998,170.9204700717797,-295.95790940009067,4704.33706015702,3515685.4129807,4716.735318712808,3507972.8342220355,-16868.905465042302,-232133.4905477998,3515685.4129807,167.06257320804198,-546.1328750990996,4704.33706015702,4738.8773139001705,20236607.91463969,0.8264432973929374,1.633625249920206,3.1221399962540044e-07,1.1601566018417774e-05,6.216966864688426,-0.06607601838611195,-0.004808696144176804,119485.41298070038,-0.029961897175202246,-0.029821861183646697,5166.0521359443665,-16542410752.284061,-1040711607.833691,-206132747.74314335,-16541467428.31346,-1913001126.9690242,16575114906.02674,16652993986.170534,-0.9978062375176721,0.004798183990740046,0.06602794712254709,0.0048086776118370445,0.9999884382429756,0.0,0.06602718372346564,-0.0003175071110837524,0.9978177740443303,4705.275206006088,-545.3232107879332,-0.11538137495593437,1.0252782692399507e-08,140.44536217933415,0.0,-38.01804326900123,-7.127318910332922,0.0,2.9400313858179417e-17,2.280143562676995,1.5707963267948966,20.571587049916403,461.0,0.054619908669678606,1.881398325475983,0.0,0.11499955075994123,-1593.8820404984756,-6.635912881709728,105.47183456171886,-0.10134120304731528,0.35573932941425224,-2.8605544468445303,-0.1045287878976002,0.35481578661023183,-2.8605544468445303,-3.716407148456779e-17,3.0645040213681295e-19,1.354726241694927e-18,-3.7165325135600807e-17,-2.6994890499859153e-20,1.354726241694927e-18,-1593.9865692863732,-6.281097095099496,102.61128011487433,-1058181.2965061497,214.7999487473145,118440.36790517926,0.02330794869208444,4718.20245753294
126.71023665817468,2001.0,12.0,14.0,14.0,23.0,34.0,1.0,3508005.8267912813,14565.417427878981,-231504.09148867687,170.45786016661458,-295.9597295759307,4704.3667975998715,3515666.533754649,4716.748351352159,3507995.1541777435,-16941.97308172777,-231504.09148867687,3515666.533754649,166.5919652817713,-546.1337180567442,4704.3667975998715,4738.890364553183,20236532.45260524,0.8264426502737681,1.6336252391894686,3.1292438507080205e-07,1.1630010267578348e-05,6.217146253927108,-0.06589695631100359,-0.004829493947016043,119466.5337546491,-0.02988072215971099,-0.02974106605977079,5177.828186064959,-16542407829.398766,-1040711245.7351265,-206133445.88157067,-16541462651.026888,-1913012039.8846967,16575111966.173258,16652990503.137035,-0.9978179444770283,0.0048189931892187,0.06584927474376699,0.004829475173175648,0.9999883380167749,0.0,0.06584850681062955,-0.00031801743754664494,0.9978295811488652,4705.299863425736,-545.3227972941067,-0.11538068895551369,1.0277954993801196e-08,140.40340834366467,0.0,-37.95511251549701,-7.148295828167663,0.0,2.939954311618017e-17,2.280130975504925,1.5707963267948966,20.574716972175224,461.0,0.0547544424213753,1.8887149666623038,0.0,0.11528113741875327,-1593.9180943981428,-6.618028457493685,105.18755628422728,-0.1013014598288593,0.3565716790002737,-2.867557673283344,-0.10449988680489705,0.35564746826920607,-2.867557673283344,-3.7254228848800426e-17,3.0762140636037625e-19,1.3543221413564554e-18,-3.725548912304609e-17,-2.6986126800970228e-20,1.3543221413564554e-18,-1594.0225942849477,-6.2623809892244795,102.31999861094394,-1058185.2424644586,214.95348695228043,118457.28605387625,0.023399959722883203,4718.18905700407
126.95483359506039,2001.0,12.0,14.0,14.0,23.0,34.0,1.0,3508047.4168257862,14493.026178963499,-230353.4111520713,169.61208777165737,-295.96304318737214,4704.420945175236,3515632.1509133023,4716.772075546417,3508035.796837968,-17075.555900107927,-230353.4111520713,3515632.1509133014,165.7315710528478,-546.1352105805584,4704.420945175236,4738.914121534909,20236394.018209036,0.8264414631261209,1.633625219509453,3.146933329394901e-07,1.1681987683313193e-05,6.217474219016614,-0.0655695893520617,-0.0048675161923564325,119432.15091330139,-0.02973231539520079,-0.029593353814677942,5199.342129930854,-16542402467.373936,-1040710581.5577028,-206134711.53446472,-16541453911.79665,-1913031909.9243147,16575106573.026083,16652984120.68482,-0.9978392636802572,0.0048570371321902915,0.06552261478557403,0.004867496971601125,0.9999881536664479,0.0,0.06552183858282408,-0.0003189311290401687,0.9978510845570402,4705.344759121886,-545.3220429604909,-0.11537943961426866,1.0323798782264805e-08,140.32700202955866,0.0,-37.840503044337986,-7.186498985220671,0.0,2.939813919198194e-17,2.2801080476828104,1.5707963267948966,20.580420722310354,461.0,0.05499946032667256,1.9021377299066586,0.0,0.11579395300917343,-1593.9837580028723,-6.585329554775942,104.66779730964906,-0.10122344149975579,0.3580870115585583,-2.8803116790886403,-0.10444167377424973,0.3571616297073732,-2.8803116790886403,-3.741840923705229e-17,3.0976222989427656e-19,1.3535139332041938e-18,-3.7419681654957285e-17,-2.6968727110965792e-20,1.3535139332041938e-18,-1594.0881996766466,-6.228167925068569,101.78748563056043,-1058192.4813645799,215.10702515724634,118474.27080945787,0.02349197153481182,4718.175604563213
127.0595432539314,2001.0,12.0,14.0,14.0,23.0,35.0,1.0,3508065.1578931687,14462.035915667731,-229860.81163019824,169.25000990373997,-295.9644561656159,4704.444038887132,3515617.4842024753,4716.782191302296,3508053.1312500588,-17132.74156425203,-229860.81163019824,3515617.4842024753,165.36323378744694,-546.1358303209504,4704.444038887132,4738.9242512694445,20236334.56958041,0.8264409533175154,1.6336252110602867,3.1504593062201236e-07,1.170420525318219e-05,6.217614619735983,-0.06542944469119676,-0.00488379300699039,119417.48420247529,-0.02966878296218549,-0.029530118698893673,5208.545715972781,-16542400164.723055,-1040710296.3713522,-206135249.13964513,-16541450168.540854,-1913040384.0965514,16575104257.012377,16652981382.636635,-0.9978483572270285,0.004873323574375903,0.06538277064074353,0.004883773592769003,0.9999880743066362,0.0,0.06538199090586959,-0.00031931464867733576,0.9978602574024782,4705.363906197912,-545.321720678117,-0.11537890668293192,1.0343773696287063e-08,140.29685525309412,0.0,-37.79056575928234,-7.2,0.0,2.939758436079085e-17,2.2800989866018284,1.5707963267948966,20.582675745112226,461.0,0.05510621470467668,1.9079021211501965,0.0,0.11601753362452918,-1594.011769053884,-6.57133046750449,104.44527752239999,-0.1011922374886094,0.3587474072890694,-2.885873277856855,-0.10441906953219614,0.3578215044999545,-2.885873277856855,-3.749005611855978e-17,3.106920184258979e-19,1.3531996183790843e-18,-3.749133380336317e-17,-2.6961970872441916e-20,1.3531996183790843e-18,-1594.1161881234164,-6.213508963004536,101.55940424454313,-1058195.590034863,215.26056336221225,118491.32217192413,0.023583984130905566,4718.162100212067
127.1379228616905,2001.0,12.0,14.0,14.0,23.0,35.0,1.0,3508078.4130207826,14438.83829630624,-229492.07847538742,168.97897514885435,-295.9655116537395,4704.461291544958,3515606.5260544606,4716.789747463382,3508066.0815500654,-17175.547494342656,-229492.07847538742,3515606.526054461,165.08751363766365,-546.1362866824156,4704.461291544958,4738.931817871531,20236289.989681587,0.8264405710153011,1.6336252047253,3.153981341200592e-07,1.1720869209409543e-05,6.217719716366252,-0.06532453973078726,-0.004895976831353442,119406.52605446102,-0.02962122590266777,-0.029482784193873863,5215.433401465416,-16542398437.98629,-1040710082.5287843,-206135649.90980464,-16541447365.469122,-1913046714.7830782,16575102520.25596,16652979330.548975,-0.9978551511813075,0.004885514737514908,0.06527808979036817,0.004895957271468713,0.9999880147293746,0.0,0.06527730741479612,-0.0003195987383767406,0.9978671108886797,4705.378210127869,-545.3214796783984,-0.11537850850671744,1.0360210918308466e-08,140.2831575680763,0.0,-37.749472704228836,-7.2,0.0,2.939732907991162e-17,2.2800948175486875,1.5707963267948966,20.583713464706502,461.0,0.05519404144670882,1.912224824587019,0.0,0.11620201840565077,-1594.0326976936642,-6.560851170143806,104.27870585607708,-0.10118354939677945,0.3592920140725403,-2.8904660193319036,-0.10441727759237251,0.3583655873337037,-2.8904660193319036,-3.754942361996302e-17,3.11436167602983e-19,1.353166050534744e-18,-3.75507054497582e-17,-2.6961146644878192e-20,1.353166050534744e-18,-1594.1371149712566,-6.202485582810103,101.38823983674517,-1058197.9212058578,215.41410156717816,118508.44014127503,0.023675997514199472,4718.148543952384
127.32668793664874,2001.0,12.0,14.0,14.0,23.0,35.0,1.0,3508110.24874098,14382.97010491473,-228604.03657348896,168.32621558414428,-295.96804594275375,4704.502722463289,3515580.207119194,4716.8078893184265,3508097.1816332294,-17278.63905329292,-228604.03657348896,3515580.207119194,164.42347013121818,-546.1373592519861,4704.502722463289,4738.949984792541,20236182.33804171,0.8264396478235435,1.6336251894310274,3.161013638317066e-07,1.1760924962373016e-05,6.217972827869688,-0.06507188982939885,-0.0049253194649248565,119380.20711919386,-0.02950669091882381,-0.029368785197797263,5232.016398087144,-16542394268.24698,-1040709566.1982358,-206136609.3152668,-16541440610.638735,-1913061916.98422,16575098326.324778,16652974379.227385,-0.9978714678530698,0.004914875507121974,0.06502597668247091,0.004925299551248828,0.9999878706386045,0.0,0.06502518795889964,-0.00032027241377369074,0.9978835715435397,4705.412558808409,-545.3209001109321,-0.1153775521807623,1.0399689321209221e-08,140.2502588989923,0.0,-37.65077669697695,-7.2,0.0,2.939671591838772e-17,2.280084803861078,1.5707963267948966,20.58620641405469,461.0,0.055404984078024876,1.9226634432886003,0.0,0.11664510949791744,-1594.0829646489315,-6.5356120531069095,103.8775222308261,-0.10115936212505952,0.3605996885905921,-2.901496802257116,-0.10440968815372668,0.3596720297393481,-2.901496802257116,-3.769200776345533e-17,3.132283367443338e-19,1.3530428502274117e-18,-3.769329959661774e-17,-2.6958318452473472e-20,1.3530428502274117e-18,-1594.1873743370852,-6.175940023367561,100.97602542856899,-1058203.550565172,215.56763977214408,118525.62471751055,0.02376801168772817,4718.134935785965
127.62668793664872,2001.0,12.0,14.0,14.0,23.0,35.0,1.0,3508160.590988094,14294.179089727215,-227192.67592265,167.28875757158778,-295.9720512674408,4704.568220385766,3515538.5885679987,4716.836558945518,3508146.350366747,-17442.480507482425,-227192.67592265,3515538.5885679987,163.36807910830785,-546.1389867864191,4704.568220385766,4738.978694025045,20236010.411085695,0.8264381734018029,1.6336251650152307,3.1785263132604407e-07,1.1824623028558935e-05,6.218375099826288,-0.0646703514768977,-0.004971952432250892,119338.58856799826,-0.029324659580832576,-0.029187605692677587,5258.356267765164,-16542387608.856798,-1040708741.7507699,-206138117.31389135,-16541429863.450666,-1913085948.7523775,16575091628.309118,16652966483.42814,-0.9978972672280458,0.0049615386285910045,0.06462528292576457,0.004971931947574487,0.999987639869968,0.0,0.06462448414886425,-0.00032131250879964887,0.9979096015204808,4705.46685725784,-545.3199814657944,-0.11537603993050546,1.0462117148002618e-08,140.19647141999562,0.0,-37.49470712999345,-7.201764290002182,0.0,2.9395714364087985e-17,2.2800684472380843,1.5707963267948966,20.590279803451196,461.0,0.05573855918079586,1.9393350194353007,0.0,0.11734569363481785,-1594.1624560614596,-6.495496159325971,103.23986740470632,-0.10111133863396676,0.3626663229705239,-2.9189373489520234,-0.1043880104381102,0.36173679366921757,-2.9189373489520234,-3.791740099980829e-17,3.1607601109274737e-19,1.3527214959756995e-18,-3.79187087893729e-17,-2.695128541419731e-20,1.3527214959756995e-18,-1594.2668440718976,-6.133759365656753,100.32093005575429,-1058212.5411572717,215.72117797711,118542.87590063072,0.023860026654526096,4718.12127571466
127.9266879366487,2001.0,12.0,14.0,14.0,23.0,35.0,1.0,3508210.621990213,14205.386876981125,-225781.29568516466,166.2512480038798,-295.97602914773506,4704.633292037216,3515497.227241483,4716.86502879167,3508195.2024754225,-17606.3224358199,-225781.29568516466,3515497.227241483,162.31263690199074,-546.1405197102562,4704.633292037216,4739.007203192711,20235837.46315218,0.8264366901970063,1.6336251404666196,3.195943026174204e-07,1.1888306655098398e-05,6.218777381133314,-0.06426880376675499,-0.0050185846588799545,119297.22724148305,-0.02914262395139256,-0.02900642189587097,5284.674988292158,-16542380909.877338,-1040707912.6072451,-206139604.84825093,-16541419101.996922,-1913109822.50425,16575084890.487452,16652958555.09038,-0.997922904131604,0.00500820262334131,0.06422456941100456,0.00501856359240037,0.9999874069304419,0.0,0.06422376062653462,-0.00032231508578365795,0.9979354712024074,4705.520798391208,-545.3190658345601,-0.11537453703011669,1.0524159137775421e-08,140.09306810370762,0.0,-37.33960215556145,-7.253465948146184,0.0,2.939381696740571e-17,2.280037460398718,1.5707963267948966,20.598001204833114,461.0,0.0560700599612644,1.9561063631441804,0.0,0.11803948170390197,-1594.2414603941784,-6.455375449315272,102.60213577444976,-0.10104806112894599,0.3647127908928741,-2.9361895098089787,-0.10435098433431465,0.3637815313718498,-2.9361895098089787,-3.813942209576578e-17,3.1890839868820097e-19,1.3521690661372395e-18,-3.814074585899425e-17,-2.693854774227778e-20,1.3521690661372395e-18,-1594.3458113785127,-6.091593917943422,99.66594626464078,-1058221.5852935743,215.8747161820759,118560.19369063553,0.023952042417627283,4718.107563740367
128.2266879366487,2001.0,12.0,14.0,14.0,23.0,36.0,1.0,3508260.341731768,14116.593474986303,-224369.8959901137,165.21368720958074,-295.9799795912282,4704.697937459472,3515456.1231518527,4716.893298930518,3508243.737943798,-17770.164809844042,-224369.8959901137,3515456.1231518527,161.25714384595278,-546.1419580297119,4704.697937459472,4739.035512369293,20235663.50261883,0.8264351982805418,1.6336251157862378,3.2098083538618844e-07,1.195194820567532e-05,6.21917967173976,-0.06386724675896722,-0.005065216149176025,119256.12315185321,-0.028960584059657245,-0.0288252338365329,5310.9696820527315,-16542374171.63167,-1040707078.8053252,-206141072.04815167,-16541408326.601673,-1913133538.2631938,16575078113.184574,16652950594.539688,-0.9979483785445206,0.0050548674730469525,0.06382383626195008,0.005065194489989517,0.9999871718201082,0.0,0.06382301751829712,-0.00032328014376402267,0.99796118057007,4705.574382259966,-545.3181532259479,-0.11537304347951968,1.0585815272220182e-08,139.99030787963304,0.0,-37.18546181944954,-7.304846060183485,0.0,2.9391930779505575e-17,2.2800066566126556,1.5707963267948966,20.605682914712265,461.0,0.05639950949568713,1.9729768499857059,0.0,0.11872892960458835,-1594.3199775443215,-6.415249952896241,101.96432781268487,-0.10097334370779534,0.36674526213225916,-2.953333663380256,-0.10430247858139242,0.36581237868307603,-2.953333663380256,-3.8360028119861906e-17,3.2174031053766603e-19,1.3514683721668797e-18,-3.8361367928467135e-17,-2.692286749057571e-20,1.3514683721668797e-18,-1594.4242800229028,-6.049437574213165,99.01099414930462,-1058230.6825387087,216.0282543870418,118577.57808752495,0.02404405898006554,4718.093799865035
128.3451134191287,2001.0,12.0,14.0,14.0,23.0,36.0,1.0,3508279.882989353,14081.541811164254,-223812.73836218877,164.80409438788095,-295.9815314880131,4704.723339053815,3515439.968063848,4716.904403689636,3508262.810226677,-17834.841966950018,-223812.73836218877,3515439.968063848,160.84047233992638,-546.142499770626,4704.723339053815,4739.046632460575,20235594.55789387,0.8264346069906698,1.6336251060079772,3.2167186058942965e-07,1.1977058011552209e-05,6.219338479153498,-0.06370872893788525,-0.005083623803225337,119239.96806384763,-0.0288887223527594,-0.02875370839176989,5321.341879978776,-16542371501.09125,-1040706748.4015502,-206141645.65988106,-16541404069.36184,-1913142856.6234467,16575075427.16813,16652947443.435505,-0.9979583898737079,0.005073288728856512,0.06366564082886476,0.005083601907042943,0.9999870784123417,0.0,0.06366481816770597,-0.00032365077313072793,0.9979712852471507,4705.595436275622,-545.3177938105244,-0.11537245647189756,1.0608935018886767e-08,139.97774229316403,0.0,-37.13322687949208,-7.3,0.0,2.939169192020359e-17,2.2800027557442233,1.5707963267948966,20.606656117340012,461.0,0.056523079372787985,1.9796632462834018,0.0,0.11898871330939799,-1594.3508381765464,-6.399409037547404,101.71253118445303,-0.10093202037483309,0.36751377771813376,-2.959803698134994,-0.10427121908618282,0.3665803628399656,-2.959803698134994,-3.8443767384500325e-17,3.2283254212008957e-19,1.3510532886293626e-18,-3.844511343686866e-17,-2.691449653716478e-20,1.3510532886293626e-18,-1594.4551093956327,-6.032828674707438,98.75272748631804,-1058234.288038075,216.18179259200772,118595.02909129902,0.024136076344874267,4718.079984090661
128.51096089160976,2001.0,12.0,14.0,14.0,23.0,36.0,1.0,3508307.167765164,14032.453842524115,-223032.4689452604,164.2304719982667,-295.9836976483432,4704.758800856034,3515417.4112553243,4716.919903012841,3508289.4368237522,-17925.41838140917,-223032.4689452604,3515417.4112553247,160.25693679674023,-546.1432336777622,4704.758800856034,4739.062153181343,20235497.75058311,0.826433776735889,1.6336250922809192,3.223614044902329e-07,1.2012212286736048e-05,6.21956088141073,-0.06348673224310708,-0.0051094023788469025,119217.41125532473,-0.02878808342700296,-0.028653540380024854,5335.859163962305,-16542367751.29528,-1040706284.5191711,-206142443.6938609,-16541398104.126188,-1913155865.0638547,16575071655.644817,16652943022.490341,-0.9979723675462405,0.005099086761081997,0.0634440929350741,0.005109380147872413,0.9999869470320623,0.0,0.06344326480136317,-0.00032415998894224,0.9979853942175936,4705.6248276330425,-545.3172912762154,-0.11537163685334667,1.0641517075642056e-08,139.95267917258303,0.0,-37.0580375177491,-7.3,0.0,2.939122257605479e-17,2.2799950907725903,1.5707963267948966,20.608568678125526,461.0,0.056697217180397115,1.98905193792805,0.0,0.11935446450799968,-1594.3939289170053,-6.377223585180143,101.35988596010434,-0.10087364699239088,0.36859466602479807,-2.9689100929888457,-0.10422700336110967,0.3676605122253968,-2.9689100929888457,-3.856148718101321e-17,3.243689558649462e-19,1.350461410678376e-18,-3.8562842025600565e-17,-2.6902407879917592e-20,1.350461410678376e-18,-1594.4981559203663,-6.009563072954746,98.39097586711549,-1058239.3506669682,216.33533079697364,118612.54670195772,0.02422809451508665,4718.066116419292
128.73733320326414,2001.0,12.0,14.0,14.0,23.0,36.0,1.0,3508344.2563740434,13965.450995254385,-221967.43636034723,163.4474853141836,-295.98664082574305,4704.80699414596,3515386.749400217,4716.94096042844,3508325.624402791,-18049.050196831035,-221967.43636034723,3515386.749400217,159.4604194159857,-546.1441887787889,4704.80699414596,4739.083239663754,20235365.137552526,0.8264326393843173,1.6336250734820872,3.2339296362118123e-07,1.2060177277604609e-05,6.219864452308662,-0.06318371492843308,-0.005144588300909503,119186.74940021709,-0.028650714977885475,-0.028516814701463465,5355.657874412835,-16542362614.555141,-1040705649.1508955,-206143523.07007146,-16541389955.930454,-1913173542.9968534,16575066489.14673,16652936973.15533,-0.9979913660997239,0.005134300002669834,0.06314168317276002,0.005144565607484209,0.9999867666347941,0.0,0.06314084759580688,-0.00032483653164924563,0.9980045730587164,4705.664769140273,-545.3166068638013,-0.1153705227327523,1.0685806421908663e-08,139.91861044468564,0.0,-36.95583133405693,-7.3,0.0,2.939058454467327e-17,2.279984670929384,1.5707963267948966,20.61116922069146,461.0,0.056933930631127457,2.001913416807839,0.0,0.1198516389856312,-1594.4525049011359,-6.346939380592925,100.87850822171602,-0.10078859148591011,0.37006343898545324,-2.98128871732305,-0.10416125346067209,0.36912832771944715,-2.98128871732305,-3.872150201872745e-17,3.2646585246356176e-19,1.3495837224289756e-18,-3.872286889890527e-17,-2.688451846601134e-20,1.3495837224289756e-18,-1594.5566661545965,-5.977811052873478,97.89721950439296,-1058246.285868112,216.48886900193955,118630.13091950105,0.024320113493735442,4718.052196853022
128.8902214913906,2001.0,12.0,14.0,14.0,23.0,36.0,1.0,3508369.205154247,13920.197953060127,-221248.12399394443,162.9186522355353,-295.9886197802419,4704.839405958593,3515366.1237425236,4716.955118097528,3508349.9629087443,-18132.54929421918,-221248.12399394443,3515366.1237425236,158.9224480438844,-546.1448033796663,4704.839405958593,4739.09741687293,20235275.262107465,0.8264318685612089,1.6336250607451446,3.247632789269606e-07,1.2092565447845234e-05,6.220069482258912,-0.06297905886962517,-0.0051683520840964765,119166.1237425236,-0.028557937146315254,-0.028424470986895326,5369.018365994096,-16542359133.232061,-1040705218.6024742,-206144245.6267219,-16541384448.876661,-1913185431.5567422,16575062987.659548,16652932877.756536,-0.9980041450629018,0.005158082730488094,0.06293743416927498,0.005168329074741512,0.9999866440980976,0.0,0.06293659358307822,-0.0003252813709066938,0.998017474486388,4705.691630052956,-545.3161456143936,-0.11536977328514413,1.0716298918399136e-08,139.8951546781545,0.0,-36.885464034463524,-7.30484532184549,0.0,2.9390145596335204e-17,2.2799775023590105,1.5707963267948966,20.612958716725252,461.0,0.057096895289256384,2.010630148345248,0.0,0.12019367648496919,-1594.4919091718198,-6.326484389845926,100.55336910080932,-0.100733923595178,0.3710739205162219,-2.9898044999842712,-0.10411981979387612,0.3701381376949007,-2.9898044999842712,-3.883157988601934e-17,3.2790264798414615e-19,1.3490291831705617e-18,-3.8832955005098425e-17,-2.6873087985590023e-20,1.3490291831705617e-18,-1594.5960289916136,-5.956346252151025,97.56356460082505,-1058250.9860935658,216.6424072069055,118647.78174392902,0.024412133283853207,4718.038225393995
128.96986832217868,2001.0,12.0,14.0,14.0,23.0,36.0,1.0,3508382.1701372606,13896.623356589771,-220873.39777502837,162.64315259221857,-295.9896478854426,4704.856246929313,3515355.405321407,4716.9624729279185,3508362.609417178,-18176.048009366677,-220873.39777502837,3515355.405321407,158.64218786637764,-546.1451138162329,4704.856246929313,4739.104781853442,20235228.335433446,0.8264314660883445,1.6336250540959887,3.2510495527493244e-07,1.2109428437968597e-05,6.220176293116859,-0.06287244279058732,-0.005180731702407344,119155.4053214076,-0.028509604301842822,-0.02837636429473296,5375.975783236325,-16542357315.523596,-1040704993.8195951,-206144619.98817685,-16541381578.474146,-1913191608.6057904,16575061159.424026,16652930740.871815,-0.9980107855115747,0.005170472374387092,0.06283102910183103,0.005180708527315059,0.9999865800395298,0.0,0.06283018591190417,-0.0003255092482478366,0.9980241789566047,4705.705586393028,-545.3159056349232,-0.11536938382393253,1.0733716352712655e-08,139.8817566517595,0.0,-36.84526995527849,-7.318243348240504,0.0,2.938989563565516e-17,2.2799734201913164,1.5707963267948966,20.61397789477414,461.0,0.05718995610563335,2.015181490796748,0.0,0.12038847649160225,-1594.5123865831886,-6.315827922730756,100.38398086067679,-0.10071837289373924,0.3716500848129848,-2.994653830330289,-0.10411162641714211,0.3707138322542585,-2.994653830330289,-3.8894263882573275e-17,3.286977073691973e-19,1.3489130072601995e-18,-3.88956434981568e-17,-2.687032501529723e-20,1.3489130072601995e-18,-1594.6164982096057,-5.945114090476498,97.3893270303465,-1058253.4402392898,216.7959454118714,118665.49917524161,0.02450415388847202,4718.0242020444
129.14297751208528,2001.0,12.0,14.0,14.0,23.0,37.0,1.0,3508410.2733330843,13845.384635432572,-220058.94075982604,162.04435299717477,-295.9918757402902,4704.892746301662,3515332.1718029957,4716.978409643669,3508390.01911368,-18270.590804481755,-220058.94075982604,3515332.1718029957,158.0330415376643,-546.1457655187933,4704.892746301662,4739.120740560821,20235126.08238608,0.8264305890945223,1.633625039610377,3.2612783652900734e-07,1.2146091788597233e-05,6.220408444437062,-0.06264071481381395,-0.005207638130761203,119132.17180299619,-0.02840455379402553,-0.028271805319819376,5391.092080876231,-16542353354.731728,-1040704504.0656096,-206145428.807182,-16541375335.850933,-1913204995.6918123,16575057175.696726,16652926088.074005,-0.9980251787455534,0.005197400960009665,0.06259975729319454,0.005207614592707164,0.999986440283194,0.0,0.06259890845821352,-0.0003259954095799666,0.9980387118678479,4705.735832908402,-545.3153847636365,-0.11536853961806816,1.0771470820131183e-08,139.85271475374526,0.0,-36.75814426123573,-7.347285246254756,0.0,2.938935378633268e-17,2.279964571120338,1.5707963267948966,20.61618756291652,461.0,0.05739167975363024,2.0250990592181077,0.0,0.12081072346435968,-1594.5567749023419,-6.292665381629901,100.0158041759046,-0.10068162812637355,0.3728986794389169,-3.00516524069359,-0.1040908614083894,0.3719614334050305,-3.00516524069359,-3.903013435403069e-17,3.3042554426980474e-19,1.3486222544390332e-18,-3.903152376071308e-17,-2.6863560496478674e-20,1.3486222544390332e-18,-1594.6608657637503,-5.920703948224871,97.01063893521102,-1058258.7878530752,216.9494836168373,118683.28321343884,0.02459617531062377,4718.010126806478
129.44297751208526,2001.0,12.0,14.0,14.0,23.0,37.0,1.0,3508458.7309753373,13756.586496206322,-218647.46348867242,161.0065878227798,-295.99571493057033,4704.955663341142,3515292.1107525523,4717.0058701029275,3508437.2706728834,-18434.434694651554,-218647.46348867242,3515292.1107525523,156.97734568278108,-546.1468202538007,4704.955663341142,4739.14823890716,20234948.0334951,0.826429061999667,1.6336250143965723,3.2748670840019003e-07,1.2209562657055141e-05,6.220810772189926,-0.06223912072201458,-0.005254266680685084,119092.11075255228,-0.028222496923786825,-0.028090600280922584,5417.270482845604,-16542346457.933508,-1040703651.4312897,-206146814.85799068,-16541364504.588247,-1913228070.8103893,16575050238.971737,16652917997.572226,-0.9980499941786627,0.005244069088387969,0.06219894580591895,0.005254242504682963,0.9999861963725809,0.0,0.062198087234845184,-0.00032680834479993144,0.9980637710790992,4705.787968093242,-545.314484404619,-0.11536708397215661,1.0836570027102538e-08,139.80263844069037,0.0,-36.607915322071065,-7.397361559309646,0.0,2.9388419396616326e-17,2.2799493113782305,1.5707963267948966,20.61999916348756,461.0,0.057739516078637865,2.0423687888683584,0.0,0.12153877411987843,-1594.6333158287928,-6.252520785055028,99.37769158355465,-0.10060843122808684,0.3750505950762343,-3.023289451586619,-0.104045321249242,0.3741117165063882,-3.023289451586619,-3.9264396991109034e-17,3.3341922205520283e-19,1.347994800793949e-18,-3.926580342439963e-17,-2.684938461990724e-20,1.347994800793949e-18,-1594.737361150042,-5.878409068548639,96.35440213196803,-1058268.0995549504,217.10302182180322,118701.13385852071,0.024688197553339907,4717.9959996825155
129.55755753001066,2001.0,12.0,14.0,14.0,23.0,37.0,1.0,3508477.1564050624,13722.671218259838,-218108.36821366113,160.61021753763615,-295.9971739889987,4704.979580814243,3515276.8780006994,4717.016305342385,3508455.234039637,-18497.012228881358,-218108.36821366113,3515276.8780006994,156.57412717823902,-546.1471981083083,4704.979580814243,4739.1586885418965,20234879.754499312,0.8264284763747504,1.6336250047305965,3.281640342704257e-07,1.2233817040144094e-05,6.220964436974253,-0.062085736150473296,-0.0052720754922686314,119076.87800069945,-0.02815296223861274,-0.02802139093850245,5427.261544197798,-16542343813.10461,-1040703324.5104189,-206147339.02682438,-16541360363.74067,-1913236842.2140343,16575047578.834785,16652914898.68737,-0.9980594291153128,0.005261893407213336,0.062045857490949465,0.005272051069606168,0.9999861026421915,0.0,0.062044995217467376,-0.000327108929349792,0.9980732996970778,4705.807785827838,-545.3141413106174,-0.11536653047960045,1.0859682998950828e-08,139.76719500174863,0.0,-36.55079250262293,-7.41640249912569,0.0,2.938776757208822e-17,2.279938666275846,1.5707963267948966,20.62265897344878,461.0,0.05786303206147507,2.0489917024201425,0.0,0.12179720383555843,-1594.6624206663098,-6.237186998059418,99.1339555362977,-0.10056190055609054,0.37581093976918367,-3.029716800342143,-0.10400881336958194,0.37487161140195924,-3.029716800342143,-3.934712733342629e-17,3.3450845990530033e-19,1.3474968499658327e-18,-3.934854006160706e-17,-2.6838828488452365e-20,1.3474968499658327e-18,-1594.7664294796793,-5.862315386657459,96.10423873595556,-1058271.6704920642,217.25656002676914,118719.05111048721,0.024780220619651648,4717.981820674844
129.69566862201398,2001.0,12.0,14.0,14.0,23.0,37.0,1.0,3508499.3054642403,13681.790604182352,-217458.55635974163,160.13243587375507,-295.99892737670365,4705.008327543983,3515258.5668157125,4717.028844970661,3508476.825099944,-18572.441245222544,-217458.55635974163,3515258.566815712,156.08809096806183,-546.1476352231474,4705.008327543983,4739.171245466881,20234797.26267514,0.8264277688415829,1.633624993054866,3.2883996502628937e-07,1.2263021939506035e-05,6.221149661341564,-0.06190084955010918,-0.005293541526521264,119058.56681571202,-0.028069146556076917,-0.02793796741367257,5439.297021001577,-16542340617.723007,-1040702929.5758872,-206147967.03650582,-16541355370.017174,-1913247384.3649673,16575044364.961014,16652911157.370913,-0.9980707701618913,0.005283378417891558,0.061861326052247104,0.005293516804321337,0.9999859892417705,0.0,0.06186045932816403,-0.0003274639689951713,0.9980847540860733,4705.831604244891,-545.3137283481788,-0.11536586513022062,1.0887149776431967e-08,139.72141703928006,0.0,-36.48212555892008,-7.439291480359972,0.0,2.9386926583433885e-17,2.279924931888839,1.5707963267948966,20.626091724972085,461.0,0.05800982016768992,2.0569934194614454,0.0,0.12210429857223613,-1594.6974081428646,-6.218703244792582,98.840149594809,-0.10050067930024377,0.37671358180540865,-3.037353214219943,-0.1039595625472056,0.3757737598761579,-3.037353214219943,-3.944534488220723e-17,3.358107517924034e-19,1.3468267068376852e-18,-3.94467651674e-17,-2.6824714152127926e-20,1.3468267068376852e-18,-1594.8013677054118,-5.842929484916424,95.80279638058906,-1058275.9847809281,217.41009823173505,118737.03496933836,0.024872244512589747,4717.967589785848
129.82889844968395,2001.0,12.0,14.0,14.0,23.0,37.0,1.0,3508520.6091780155,13642.354605730248,-216831.7070685624,159.67153055727584,-296.0006132922291,4705.035972709547,3515240.954480408,4717.040901373525,3508497.5894559077,-18645.204427576853,-216831.7070685624,3515240.954480408,155.61922292770933,-546.1480378956107,4705.035972709547,4739.183318498317,20234717.491478413,0.8264270846373737,1.6336249817665855,3.2951450925314547e-07,1.2291181960599244e-05,6.221328341124378,-0.061722495605520705,-0.005314248743408322,119040.95448040823,-0.027988292352538087,-0.027857491507742173,5450.898925155401,-16542337527.716364,-1040702547.7054199,-206148568.9193236,-16541350550.314877,-1913257522.2184763,16575041257.074547,16652907542.143965,-0.9980816777251343,0.0053041042332567,0.0616833127163576,0.005314223729948205,0.9999858794133786,0.0,0.06168244171179729,-0.00032779892417908343,0.9980957714229312,4705.854509140915,-545.3133305976149,-0.11536522517420175,1.0913568279387659e-08,139.67738620102057,0.0,-36.41607930153085,-7.461306899489716,0.0,2.9386117580787644e-17,2.2799117198729855,1.5707963267948966,20.62939502826644,461.0,0.05815100799743226,2.0647314347785146,0.0,0.1223996682169653,-1594.7310610925697,-6.200871837345235,98.55671287419739,-0.10043941074161243,0.3775815351774918,-3.04469804891897,-0.10390983254859254,0.37664125854297653,-3.04469804891897,-3.95398075174497e-17,3.370667971138981e-19,1.3461516054297343e-18,-3.954123510638136e-17,-2.6810530812870643e-20,1.3461516054297343e-18,-1594.8349709251183,-5.824230578802259,95.51201482527841,-1058280.1568155438,217.56363643670096,118755.08543507411,0.02496426923518473,4717.953307017953
130.04774134874205,2001.0,12.0,14.0,14.0,23.0,38.0,1.0,3508555.4693158646,13577.576671393343,-215802.03840313232,158.91442788971864,-296.00337084298354,4705.081200178172,3515212.134656098,4717.060619836468,3508531.5613438394,-18764.725116367328,-215802.03840313232,3515212.1346560977,154.84904089024312,-546.1486588408685,4705.081200178172,4739.2030641541805,20234586.043210924,0.8264259571819897,1.6336249631706405,3.3052374441651903e-07,1.233740558942761e-05,6.221621843813229,-0.06142952815742537,-0.005348262050127274,119012.13465609774,-0.027855479747002865,-0.027725300292550555,5469.938436388969,-16542332435.930647,-1040701918.5359453,-206149549.2205274,-16541342628.179554,-1913274107.0419576,16575036135.831423,16652901590.65834,-0.9980995248490425,0.005338148708400248,0.06139090050229495,0.005348236553298729,0.9999856980806126,0.0,0.06139002249458484,-0.0003283330581062991,0.9981137997921466,4705.891979803284,-545.3126785660437,-0.11536417798681246,1.0956798015853393e-08,139.60533664024433,0.0,-36.30800496036652,-7.497331679877828,0.0,2.9384793541161644e-17,2.27989009666494,1.5707963267948966,20.63480367521387,461.0,0.05838204378544749,2.0774826843035097,0.0,0.12288298422352928,-1594.7861305085505,-6.171580056471717,98.09110923017461,-0.10033407583302294,0.379001298411221,-3.0567164350492653,-0.10382343192117652,0.3780603205240759,-3.0567164350492653,-3.9694367212431345e-17,3.391294807087698e-19,1.3449818623714865e-18,-3.969580682778415e-17,-2.6786027617210976e-20,1.3449818623714865e-18,-1594.8899539404717,-5.7935197359476405,95.03439279512534,-1058287.0316333827,217.71717464166687,118773.20250769453,0.0250562947904667,4717.938972373633
130.21705855880273,2001.0,12.0,14.0,14.0,23.0,38.0,1.0,3508582.326672092,13527.458026577944,-215005.38423007267,158.32864501591914,-296.00549434619444,4705.11603683239,3515189.930914734,4717.075803140442,3508557.7295033983,-18857.197521734637,-215005.38423007267,3515189.9309147345,154.2531387507181,-546.1491047397855,4705.11603683239,4739.2182683940455,20234483.99399991,0.8264250818767584,1.6336249487385004,3.315299073053463e-07,1.237314220688702e-05,6.2218489280390665,-0.061202858063772014,-0.005374577648420551,118989.93091473449,-0.02775272208858949,-0.027623023399386666,5484.652312785387,-16542328482.927834,-1040701430.1607515,-206150300.5807174,-16541336494.604471,-1913286880.9903655,16575032159.964403,16652896975.095146,-0.9981132736660945,0.005364488944364821,0.061164656378645016,0.0053745517733735475,0.9999855569923174,0.0,0.061163772977043035,-0.00032873261240763023,0.9981276896319841,4705.920840275421,-545.3121752236488,-0.11536337119983137,1.098898867871686e-08,139.57770101637163,0.0,-36.210804065486585,-7.5,0.0,2.9384277476496496e-17,2.279881668689372,1.5707963267948966,20.636912570245162,461.0,0.05855411756510681,2.0873823522922286,0.0,0.12324404011386601,-1594.8285591894546,-6.1489155406212594,97.73084830956812,-0.10024032185765379,0.38005028363562343,-3.0657069259620013,-0.10374390135510372,0.37910888033553947,-3.0657069259620013,-3.9810468157813935e-17,3.4069892090428337e-19,1.3439304416466057e-18,-3.981191698915292e-17,-2.6764674845146452e-20,1.3439304416466057e-18,-1594.9323030908097,-5.76980666028572,94.66514138360611,-1058292.3689257335,217.87071284663278,118791.38618719956,0.02514832118146546,4717.924585855412
130.36330368014094,2001.0,12.0,14.0,14.0,23.0,38.0,1.0,3508605.444466064,13484.168533456686,-214317.28177087463,157.82267162114778,-296.0073214797605,4705.146017297622,3515170.818751715,4717.088866466153,3508580.2506353506,-18937.069190490092,-214317.28177087463,3515170.8187517147,153.7384251032068,-546.1494656453535,4705.146017297622,4739.231349730629,20234395.610847943,0.8264243237815714,1.633624936242799,3.321989895344981e-07,1.24039882941746e-05,6.222045070810751,-0.06100707300894206,-0.005397307159192307,118970.81875171512,-0.027663965715295738,-0.02753468227954605,5497.347943946719,-16542325059.281918,-1040701007.2482442,-206150944.59865183,-16541331194.017868,-1913297873.8649209,16575028716.520048,16652892980.989325,-0.9981251072974301,0.0053872400992492605,0.060969236723176265,0.005397280954472519,0.9999854345730734,0.0,0.060968348680214,-0.00032906810017472573,0.998139645627501,4705.945676605407,-545.3117412714405,-0.11536267674820928,1.1016595136411487e-08,139.55646527968347,0.0,-36.12586111873389,-7.5,0.0,2.938387940399018e-17,2.2798751676719915,1.5707963267948966,20.63853959479876,461.0,0.05870169202984627,2.0959564372124015,0.0,0.12355378951233664,-1594.8650812044118,-6.129338246625803,97.41965986347337,-0.10015588537755853,0.3809488262938915,-3.0734210639886825,-0.10367170122057844,0.3800070894029311,-3.0734210639886825,-3.991012973214389e-17,3.4205184772128113e-19,1.3429785710586814e-18,-3.9911586530557144e-17,-2.6745409602697562e-20,1.3429785710586814e-18,-1594.9687529056323,-5.749331157222872,94.3462387994847,-1058296.9915108122,218.0242510515987,118809.63647358923,0.02524034841121042,4717.910147465856
130.58135705797432,2001.0,12.0,14.0,14.0,23.0,38.0,1.0,3508639.775979697,13419.622841177998,-213291.30393136851,157.0682372823536,-296.0100336988221,4705.190530696416,3515142.435833405,4717.108256269787,3508613.690144433,-19056.158981304885,-213291.30393136851,3515142.435833405,152.97095911856616,-546.1499620529585,4705.190530696416,4739.250766264571,20234263.421124123,0.8264231899278713,1.6336249175602544,3.335331273913308e-07,1.2449944700671737e-05,6.2223375261522245,-0.060715151058808266,-0.00543119684627724,118942.43583340524,-0.027531627034230264,-0.027402962746660712,5516.253437951207,-16542319938.700619,-1040700374.8294355,-206151896.33862415,-16541323286.073427,-1913314194.8143868,16575023566.334154,16652887012.972773,-0.9981426796187781,0.005421162678088424,0.06067785525760617,0.005431170144833786,0.9999852510866637,0.0,0.06067696032517754,-0.00032955175592765644,0.9981574013557867,4705.982550500125,-545.3110956283082,-0.11536164543991834,1.1057592685081323e-08,139.5249287037836,0.0,-35.999714815134396,-7.5,0.0,2.9383288202663253e-17,2.2798655126216154,1.5707963267948966,20.640956474769798,461.0,0.058920854602562224,2.1087804428615526,0.0,0.1240137902318559,-1594.9193206416921,-6.100146242326358,96.95564186836815,-0.10002536904355226,0.38228267986942605,-3.08487720979493,-0.10355940976568254,0.3813404914632491,-3.08487720979493,-4.005813076444127e-17,3.4406859536769303e-19,1.3414993518913138e-18,-4.0059599471560417e-17,-2.6715492711434283e-20,1.3414993518913138e-18,-1595.0228800514578,-5.718805750863108,93.87076465857322,-1058303.9053274486,218.1777892565646,118827.95336686354,0.025332376482730647,4717.895657207577
130.7738155563108,2001.0,12.0,14.0,14.0,23.0,38.0,1.0,3508669.9410179625,13362.652965214167,-212385.74626191478,156.40233644138002,-296.01241556597876,4705.229632315023,3515117.4974262943,4717.125282820978,3508643.065519882,-19161.2702216621,-212385.74626191478,3515117.4974262943,152.29355645788132,-546.1503587120585,4705.229632315023,4739.267816285051,20234146.342168942,0.8264221856731233,1.6336249010198118,3.3453023911481726e-07,1.2490453394581772e-05,6.222595657271205,-0.060457490754670766,-0.005461108290809272,118917.49742629426,-0.027414820373767097,-0.027286702559282307,5532.915495470166,-16542315403.43293,-1040699814.8092822,-206152727.94603297,-16541316301.739958,-1913328530.8379526,16575019004.852726,16652881732.85231,-0.9981581179260287,0.0054511037641534425,0.06042066770667548,0.005461081145770435,0.9999850881851785,0.0,0.06041976672486725,-0.0003299621692277861,0.9981730024970018,4706.014939637721,-545.3105271492502,-0.1153607392912516,1.1094379503985047e-08,139.49374356573566,0.0,-35.89061534860347,-7.503128217132176,0.0,2.938270582532536e-17,2.2798560016779166,1.5707963267948966,20.643337852392857,461.0,0.0591174967925056,2.120138756400773,0.0,0.124426390956569,-1594.9669792875313,-6.074378779843772,96.54605815125888,-0.09991224568075234,0.3834812884537132,-3.0951511474970315,-0.10346260387798673,0.3825386843573834,-3.0951511474970315,-4.019080211731493e-17,3.4587086311511264e-19,1.3402215600463273e-18,-4.019228146240884e-17,-2.6689578956581902e-20,1.3402215600463273e-18,-1595.0704418914092,-5.691840095486389,93.45090700376184,-1058310.0288927034,218.33132746153055,118846.33686702249,0.02542440539905489,4717.881115083235
130.84327603915838,2001.0,12.0,14.0,14.0,23.0,38.0,1.0,3508680.7964528534,13342.09177013227,-212058.91825098958,156.1620003057579,-296.0132724347852,4705.24370141675,3515108.5228794306,4717.131407700981,3508653.6354127624,-19199.20609395478,-212058.91825098958,3515108.5228794306,152.0490692264093,-546.1504923065146,4705.24370141675,4739.273949606761,20234103.98510296,0.8264218223487043,1.6336248950371306,3.348619498944929e-07,1.250507542647926e-05,6.222688820645324,-0.060364497307803695,-0.005471903604463759,118908.52287943056,-0.027372663105303573,-0.02724474251920376,5538.924683094025,-16542313762.648445,-1040699612.2261845,-206153026.1465477,-16541313779.620104,-1913333688.8972507,16575017354.585985,16652879823.95563,-0.9981636733475926,0.005461909915153229,0.06032784389748506,0.005471876298128781,0.9999850291728262,0.0,0.0603269407397603,-0.0003301064991398615,0.9981786169071549,4706.02659310705,-545.3103222838308,-0.11536041319693302,1.1110084960996517e-08,139.4713071985764,0.0,-35.8569607978646,-7.514346400711798,0.0,2.938229332821305e-17,2.2798492650888424,1.5707963267948966,20.645024921946135,461.0,0.05920140337833981,2.1242480657610265,0.0,0.12460205077911918,-1594.9841305055259,-6.065078551067704,96.39822741482656,-0.09989176385845384,0.3840001563686338,-3.0995194395092276,-0.10344881853451533,0.38305721050738784,-3.0995194395092276,-4.0247045658286235e-17,3.4659464689386874e-19,1.3400273366762185e-18,-4.024852916520394e-17,-2.6685336054828093e-20,1.3400273366762185e-18,-1595.0875793240605,-5.682021340560317,93.29870797531734,-1058312.2443062328,218.48486566649646,118864.78697406605,0.025516435163211497,4717.866521095533
130.9994624859262,2001.0,12.0,14.0,14.0,23.0,38.0,1.0,3508705.1446377914,13295.858358754422,-211324.02049030137,155.62157934036784,-296.0151937597409,4705.275252977013,3515088.3934110943,4717.14514056658,3508677.3404846913,-19284.507421113576,-211324.02049030137,3515088.3934110943,151.49931433404453,-546.1507741482301,4705.275252977013,4739.287701398206,20234008.5269861,0.82642100353567,1.6336248815565713,3.3585511653377704e-07,1.25379347871892e-05,6.222898306305185,-0.060155393743745615,-0.005496177438801174,118888.39341109386,-0.02727786894727651,-0.027150391842025542,5552.431010730565,-16542310064.878588,-1040699155.7122308,-206153692.9213118,-16541308105.070414,-1913345256.090499,16575013635.448822,16652875524.694746,-0.9981761332265726,0.005486208385900534,0.06011911987374787,0.005496149767452367,0.9999848960548023,0.0,0.06011821183785597,-0.00033042368671354035,0.998191209851903,4706.052726480063,-545.3098621956215,-0.11535968178277645,1.1145311530585752e-08,139.42098352773465,0.0,-35.78147529160196,-7.53950823613268,0.0,2.938136801548495e-17,2.279834153585204,1.5707963267948966,20.648810387783435,461.0,0.05938960379698298,2.13350921432387,0.0,0.12499604197876249,-1595.0226005643083,-6.044165497498486,96.06580628163373,-0.09984325803404587,0.3851636933146973,-3.1093171592810145,-0.10341535949560152,0.3842200023984524,-3.1093171592810145,-4.037319023361335e-17,3.4822177933413493e-19,1.3395588238210965e-18,-4.03746831130935e-17,-2.6675164812731622e-20,1.3395588238210965e-18,-1595.1260159238038,-5.659945495100034,92.9564891223527,-1058317.2371129598,218.63840387146237,118883.30368799425,0.02560846577822841,4717.851875247225
131.25935997889064,2001.0,12.0,14.0,14.0,23.0,39.0,1.0,3508745.4734340063,13218.92433820898,-210101.1244513654,154.72227883297745,-296.0183743079381,4705.327498446106,3515055.0521720164,4717.167871628936,3508716.5958962482,-19426.45069323365,-210101.1244513654,3515055.052172017,150.58448223776915,-546.1511862019472,4705.327498446106,4739.310463782015,20233849.01874979,0.8264196353001828,1.6336248590379416,3.3684535489849357e-07,1.2592565684565505e-05,6.223246900022014,-0.05980743585352771,-0.005536569188482256,118855.05217201728,-0.02712012712145636,-0.026993387977391668,5574.888090245426,-16542303885.957817,-1040698393.0035995,-206154790.9855559,-16541298651.96791,-1913364408.8758361,16575007420.831112,16652868349.104141,-0.998196768988909,0.0055266419458294665,0.05977178773389056,0.005536540902564226,0.9999846732399623,0.0,0.059770871626042936,-0.0003309289476080718,0.9982120683457473,4706.095997462001,-545.3090983285712,-0.11535847031030717,1.1203658698969764e-08,139.3376304300432,0.0,-35.65644564506479,-7.581184784978403,0.0,2.9379835073005997e-17,2.279809118734665,1.5707963267948966,20.655084826012978,461.0,0.05970133390102324,2.148984975282166,0.0,0.12564860954054244,-1595.0863222380874,-6.00936305190046,95.51260769314915,-0.0997550500952209,0.38709011896323586,-3.1255450707723216,-0.1033521566686649,0.3861452601423561,-3.1255450707723216,-4.058210741859582e-17,3.5092826997823063e-19,1.3386820313076477e-18,-4.058361593828445e-17,-2.66563115279669e-20,1.3386820313076477e-18,-1595.1896743947561,-5.623217791758104,92.38706262237683,-1058325.5800790377,218.79194207642828,118901.8870088071,0.02570049724713333,4717.8371775411
131.43948064230798,2001.0,12.0,14.0,14.0,23.0,39.0,1.0,3508773.285980891,13165.60511488837,-209253.59449779143,154.0990020988646,-296.02056642673074,4705.363518592644,3515032.0585140367,4717.18353684675,3508743.662171064,-19524.82382947308,-209253.59449779143,3515032.0585140367,149.95044160503926,-546.151430048704,4705.363518592644,4739.326150581361,20233737.989716314,0.8264186828977317,1.633624843368584,3.3783269073828124e-07,1.2630410930634629e-05,6.223488494979391,-0.05956628156714427,-0.005564562186474459,118832.05851403717,-0.027010803200005977,-0.02688457549610163,5590.4377268105745,-16542299584.964628,-1040697862.1892766,-206155543.6319514,-16541292092.975264,-1913377612.8135633,16575003094.995714,16652863360.470844,-0.9982109988647925,0.005554664510720596,0.059531062879196725,0.005564533469341571,0.9999845178637861,0.0,0.05953014121117227,-0.0003312625918567678,0.9982264535427186,4706.125828295712,-545.3085702068167,-0.11535763482137829,1.1242904914689602e-08,139.29007314254648,0.0,-35.57021942763938,-7.6,0.0,2.937895739374755e-17,2.27979478514462,1.5707963267948966,20.65867899779256,461.0,0.05991103710428614,2.1597576230343725,0.0,0.12608803038317812,-1595.1302692337385,-5.985241427664969,95.12918485301287,-0.09968038009516408,0.3883851163912066,-3.1364765111645827,-0.10329448494383674,0.38743957747023594,-3.1364765111645827,-4.072299394956766e-17,3.527753693862262e-19,1.3379013690897674e-18,-4.072451321976666e-17,-2.664002290800547e-20,1.3379013690897674e-18,-1595.2335637186825,-5.597801850194733,91.99270834184829,-1058331.3874521628,218.9454802813942,118920.53693650456,0.02579252957295346,4717.82242798
131.57055463686078,2001.0,12.0,14.0,14.0,23.0,39.0,1.0,3508793.454627144,13126.804412582169,-208636.84199317577,153.64543220411963,-296.02215540103134,4705.389633707339,3515015.38432839,4717.194891068839,3508763.286535582,-19596.41008946181,-208636.84199317577,3515015.38432839,149.48903890928676,-546.1515860394317,4705.389633707339,4739.337520443959,20233656.95811143,0.8264179878049319,1.6336248319354576,3.388171494275965e-07,1.2657964143059026e-05,6.223664305840474,-0.05939079139157013,-0.005584932565066079,118815.38432839,-0.026931247181121845,-0.0268053916526786,5601.743783600628,-16542296445.98447,-1040697474.8331883,-206156087.05366275,-16541287316.58805,-1913387185.467991,16574999937.887962,16652859722.692049,-0.9982213170899101,0.005575056705820386,0.05935588302781775,0.005584903531400298,0.9999844043046596,0.0,0.05935495733154939,-0.0003314968807314424,0.9982368852882506,4706.147455092811,-545.308186564376,-0.11535702895383881,1.127000046636624e-08,139.26923041048752,0.0,-35.50769123146252,-7.6,0.0,2.9378567912189765e-17,2.279788424428076,1.5707963267948966,20.66027437142128,461.0,0.060055844882673855,2.1676199104051226,0.0,0.1263921001931928,-1595.1621388476628,-5.967687090671058,94.85015160335836,-0.09961225180138088,0.38927859892610883,-3.1440465517047937,-0.1032382917705292,0.38833269679891635,-3.1440465517047937,-4.0820788792854785e-17,3.5408085955856595e-19,1.3371579344462215e-18,-4.082231573583829e-17,-2.6624978761818578e-20,1.3371579344462215e-18,-1595.2653771394334,-5.5793543938721415,91.70610505165357,-1058335.625850143,219.0990184863601,118939.25347108667,0.025884562758715736,4717.807626566808
131.72341463026711,2001.0,12.0,14.0,14.0,23.0,39.0,1.0,3508816.900437891,13081.554326645442,-207917.5738435382,153.11646239277624,-296.0240018569376,4705.419986529756,3514996.000762327,4717.208084276627,3508786.096301919,-19679.89482977382,-207917.5738435382,3514996.000762327,148.9509345018909,-546.151745134327,4705.419986529756,4739.3507318235,20233562.21328205,0.8264171750719262,1.6336248185704298,3.391446672898858e-07,1.2690033945802522e-05,6.223869340560736,-0.059186130672566645,-0.005608688569167398,118796.00076232757,-0.026838467099787804,-0.026713045606553965,5614.917922750115,-16542292775.770052,-1040697021.9719752,-206156716.26356503,-16541281742.920132,-1913398311.072562,16574996246.481232,16652855472.474947,-0.9982333110879611,0.005598838469661325,0.059151581907474535,0.005608659163432067,0.999984271347499,0.0,0.059150651532797825,-0.0003317610618968595,0.9982490121997835,4706.1725902435755,-545.3077398796192,-0.11535632463864821,1.130149876121769e-08,139.24500095290946,0.0,-35.43500285872841,-7.6,0.0,2.937811511952817e-17,2.2797810297627423,1.5707963267948966,20.662129396088527,461.0,0.06022418472942105,2.1768128835639353,0.0,0.12674557908364187,-1595.1991877960386,-5.947213955327887,94.52472281535793,-0.09953003470594905,0.3903169907994687,-3.1528467037703276,-0.10316998105286218,0.38937069243186756,-3.1528467037703276,-4.093447201479873e-17,3.5560292699868047e-19,1.336255035695236e-18,-4.0936007922786856e-17,-2.6606720245959838e-20,1.336255035695236e-18,-1595.3023577770914,-5.557843262896019,91.37187611158761,-1058340.581568135,219.25255669132602,118958.03661255343,0.02597659680744665,4717.792773304453
131.97436796140255,2001.0,12.0,14.0,14.0,23.0,39.0,1.0,3508855.216555043,13007.265738456666,-206736.72679482726,152.24801547135633,-296.02701775417495,4705.469577048108,3514964.3232774595,4717.229631253994,3508823.365184291,-19816.953456992374,-206736.72679482726,3514964.3232774595,148.0674913797284,-546.1519530337671,4705.469577048108,4739.372308474128,20233406.097682036,0.8264158358750447,1.6336247965551312,3.407775350221791e-07,1.2742671166939426e-05,6.224205955032351,-0.05885013024104747,-0.005647688896724785,118764.32327745901,-0.026686145983463617,-0.026561437054395915,5636.519555687904,-16542286728.14586,-1040696275.8833578,-206157738.7044592,-16541272584.622808,-1913416487.1607497,16574990163.94459,16652848476.622864,-0.9982529102635549,0.005637881820238348,0.0588161664759259,0.005647658873291511,0.9999840518474536,0.0,0.05881522846673075,-0.0003321736444907536,0.9982688308071509,4706.213653697113,-545.3070082375699,-0.11535517361408765,1.1352974674129112e-08,139.20540409682374,0.0,-35.31621229047128,-7.6,0.0,2.937737508924763e-17,2.2797689441511024,1.5707963267948966,20.665161930528143,461.0,0.06049929854861562,2.191960895548575,0.0,0.12732325211292433,-1595.2597368145962,-5.913600316339069,93.99042024322112,-0.09938862727164048,0.392013346202113,-3.167228440048916,-0.10305137456684019,0.39106646114363164,-3.167228440048916,-4.1120252953710355e-17,3.581007392370263e-19,1.334689253779358e-18,-4.1121803619022224e-17,-2.6575084909769333e-20,1.334689253779358e-18,-1595.362788189163,-5.522533855195437,90.82319180317221,-1058348.7474436276,219.40609489629193,118976.88636090481,0.026068631722172306,4717.777868195906
132.0652026511878,2001.0,12.0,14.0,14.0,23.0,40.0,1.0,3508869.031679398,12980.376166747987,-206309.3061133199,151.9336656365929,-296.0281046462392,4705.48745313633,3514952.901737533,4717.237395883066,3508836.8003255143,-19866.563002963863,-206309.3061133199,3514952.901737533,147.74771361969667,-546.1520119594892,4705.48745313633,4739.380083794786,20233349.416144367,0.8264153496418277,1.633624788564056,3.4110317058144965e-07,1.2761694085446641e-05,6.224327796977433,-0.05872851056435684,-0.005661805279618848,118752.90173753304,-0.026631011394269995,-0.026506560383783746,5644.3300156369805,-16542284532.39877,-1040696005.0322928,-206158105.5671447,-16541269267.311443,-1913423038.8741064,16574987955.523878,16652845938.87445,-0.9982599762833251,0.005652013998009278,0.05869475690878698,0.005661775030492166,0.999983972023304,0.0,0.05869381615059107,-0.0003323165090869777,0.9982759766274146,4706.228455257626,-545.3067439319848,-0.11535475860363541,1.13702530457856e-08,139.18422608340677,0.0,-35.27633912511015,-7.607886958296615,0.0,2.9376983259504874e-17,2.2797625450857875,1.5707963267948966,20.666767962498536,461.0,0.060591661123388964,2.197460841168116,0.0,0.12751676153144423,-1595.2815687918091,-5.901432817196565,93.79701280993208,-0.09932371624596233,0.39258156119154924,-3.1720432160751937,-0.10299430333048716,0.3916345953538453,-3.1720432160751937,-4.118228877326471e-17,3.589616042170469e-19,1.3339350643216684e-18,-4.118384460705648e-17,-2.6559738163707532e-20,1.3339350643216684e-18,-1595.3845630951396,-5.50979822184272,90.62496959385689,-1058351.7122930493,219.55963310125784,118995.80271614081,0.026160667505918528,4717.762911244183
132.11632464008622,2001.0,12.0,14.0,14.0,23.0,40.0,1.0,3508876.7943083523,12965.242605657542,-206068.75197920267,151.75674688491486,-296.0287152521734,4705.49749670059,3514946.484044067,4717.241757842656,3508844.348882192,-19894.483380818172,-206068.75197920267,3514946.484044067,147.56774003621285,-546.1520413147749,4705.49749670059,4739.384451760293,20233317.481027894,0.8264150756904214,1.633624784062174,3.417535108679465e-07,1.2772407560197836e-05,6.224396370273129,-0.05866006236665376,-0.005669749987698244,118746.48404406663,-0.026599981355133157,-0.02647567550185302,5648.723015271127,-16542283295.283741,-1040695852.4376745,-206158311.29122102,-16541267399.99882,-1913426719.8461258,16574986711.268772,16652844509.566504,-0.9982639464954657,0.005659967647054724,0.05862642657993287,0.005669719611055202,0.9999839270105955,0.0,0.05862548427799962,-0.00033239540050633337,0.9982799918391972,4706.2367712555715,-545.3065953091592,-0.11535452541169547,1.1379523047459314e-08,139.16996454237028,0.0,-35.25494681355543,-7.615017728814856,0.0,2.937672030513614e-17,2.2797582507150524,1.5707963267948966,20.667845904375476,461.0,0.06064122089235433,2.20055962394195,0.0,0.1276204362825921,-1595.293836186519,-5.894584742051422,93.68815981122808,-0.09928273760063107,0.39288600513249616,-3.1746217329882724,-0.10295759661659362,0.3919390364755498,-3.1746217329882724,-4.121545242158326e-17,3.5943132935741647e-19,1.333449728194651e-18,-4.121701110345928e-17,-2.6549832982066568e-20,1.333449728194651e-18,-1595.3967937831355,-5.502645705575873,90.5135380782398,-1058353.3827351425,219.71317130622376,119014.78567826145,0.02625270416171063,4717.747902452342
132.1945189779218,2001.0,12.0,14.0,14.0,23.0,40.0,1.0,3508888.6502465787,12942.0947998208,-205700.80811838643,151.4861357647187,-296.02964767741764,4705.512835057636,3514936.68223307,4717.248418572536,3508855.877081118,-19937.18937963607,-205700.80811838643,3514936.6822330696,147.2924563814115,-546.1520809059878,4705.512835057636,4739.391121660773,20233268.583506837,0.8264146562273592,1.633624777169699,3.420782173648194e-07,1.2788782153281599e-05,6.224501257977406,-0.05855536601362508,-0.005681901886764955,118736.68223307002,-0.02655251871782257,-0.02642843489171877,5655.438843429089,-16542281401.068874,-1040695618.8017098,-206158624.91875237,-16541264543.280018,-1913432341.2699893,16574984806.121973,16652842321.778557,-0.9982700100452199,0.005672133293442375,0.058521909984365045,0.005681871314385649,0.9999838580389019,0.0,0.05852096532597069,-0.0003325139616032229,0.9982861243410037,4706.24947107127,-545.3063681576052,-0.11535416925502945,1.1393681218898855e-08,139.1481827401556,0.0,-35.22227411023341,-7.625908629922196,0.0,2.9376318670623207e-17,2.2797516915256897,1.5707963267948966,20.669492568489115,461.0,0.060716914503896956,2.2053043816278186,0.0,0.12777877885660588,-1595.3125725026262,-5.884109929571029,93.52165830116942,-0.09921949435111457,0.3933509329261116,-3.178559902963019,-0.10290088493321806,0.39240396579684794,-3.178559902963019,-4.1266102260804236e-17,3.601497006257344e-19,1.3327000749439265e-18,-4.1267665302562446e-17,-2.6534537814405903e-20,1.3327000749439265e-18,-1595.4154733875594,-5.491705963774181,90.34309839820641,-1058355.9404463042,219.86670951118967,119033.83524726673,0.02634474169257367,4717.732841823486
132.33611024952202,2001.0,12.0,14.0,14.0,23.0,40.0,1.0,3508910.0646700584,12900.179466274567,-205034.54660985473,150.99611559987198,-296.03133135490276,4705.540535589851,3514918.9779960224,4717.260445231875,3508876.6971172146,-20014.5197514577,-205034.54660985473,3514918.9779960224,146.79397545005614,-546.1521362590455,4705.540535589851,4739.403164877195,20233179.888410788,0.8264138953588022,1.6336247646692297,3.427267074584978e-07,1.2818394255519434e-05,6.224691186039658,-0.05836578446165627,-0.005703905957428223,118718.97799602244,-0.02646657455276513,-0.02634289276481133,5667.588274665177,-16542277965.146036,-1040695195.038844,-206159189.62872493,-16541259368.873146,-1913442493.0791104,16574981350.371563,16652838355.491318,-0.998280961548009,0.005694162476219772,0.058332652301064436,0.005703875028482767,0.9999837327725184,0.0,0.05833170339053985,-0.00033272215880520925,0.9982972010756732,4706.272405780755,-545.3059573871042,-0.11535352595688153,1.1419254005745363e-08,139.10883999116098,0.0,-35.16325998674147,-7.645580004419509,0.0,2.937559316395272e-17,2.2797398431026017,1.5707963267948966,20.67246776427997,461.0,0.06085363528345427,2.213911049397122,0.0,0.1280647775759454,-1595.3464150267462,-5.865141792016242,93.22015180272888,-0.09910324445319024,0.3941905338897573,-3.185673028274935,-0.10279645402752588,0.39324358749864874,-3.185673028274935,-4.1357582925866306e-17,3.6145017641813826e-19,1.3313202111670082e-18,-4.13591538732456e-17,-2.6506397987908574e-20,1.3313202111670082e-18,-1595.4492114807738,-5.4718982045175935,90.03447877445394,-1058360.5799039826,220.0202477161556,119052.95142315663,0.026436780101532217,4717.717729360759
132.59387349568286,2001.0,12.0,14.0,14.0,23.0,40.0,1.0,3508948.8709448846,12823.873075942793,-203821.62473271886,150.10402003856683,-296.03438082853717,4705.590720343454,3514886.8950984376,4717.282225905792,3508914.4182496686,-20155.29770645988,-203821.62473271886,3514886.895098437,145.88647754108962,-546.1521829887444,4705.590720343454,4739.424975531858,20233017.915861897,0.8264125058631853,1.6336247418470986,3.44020020384051e-07,1.2872240254852867e-05,6.225036950040042,-0.0580206513414642,-0.00574396341475978,118686.89509843709,-0.02631011323646257,-0.02618716334833433,5689.667801789939,-16542271690.521065,-1040694421.2703269,-206160207.1413644,-16541249943.87395,-1913460884.061549,16574975039.544107,16652831119.40886,-0.9983008053951615,0.0057342663670249955,0.0579881034058169,0.005743931829603622,0.999983503487501,0.0,0.05798714680434427,-0.0003330797128910179,0.9983172741485525,4706.3139539942495,-545.3052114005743,-0.11535236019644737,1.1465595968924206e-08,139.03754466319353,0.0,-35.05631699479029,-7.681227668403235,0.0,2.937427821392887e-17,2.2797183683390245,1.5707963267948966,20.677862432164282,461.0,0.061101399655680955,2.229628841136761,0.0,0.12858304307047952,-1595.4077450259017,-5.830608304383476,92.67122738519099,-0.09888590842454291,0.39571149452903653,-3.198562881376815,-0.1026006071215231,0.394764645333958,-3.198562881376815,-4.152334687875901e-17,3.638165597933985e-19,1.328734318868332e-18,-4.1524932254060244e-17,-2.645370735799197e-20,1.328734318868332e-18,-1595.5103456330232,-5.435843659049518,89.47266450381417,-1058369.0524591617,220.17378592112152,119072.13420593119,0.02652881939161048,4717.7025650673495
132.71256879327402,2001.0,12.0,14.0,14.0,23.0,40.0,1.0,3508966.6632059347,12788.735104048375,-203263.09187616056,149.69321474750396,-296.035778277316,4705.613723882514,3514872.1854080567,4717.292206229455,3508931.70948734,-20220.123402368034,-203263.09187616056,3514872.1854080567,145.4685798614976,-546.1521810502562,4705.613723882514,4739.4349695912415,20232943.111970976,0.8264118641434912,1.6336247313096817,3.4466485697687966e-07,1.2896987294869175e-05,6.22519617019724,-0.05786172172239306,-0.005762408980980972,118672.18540805625,-0.026238064694166698,-0.0261154518325604,5699.818095326424,-16542268792.690538,-1040694063.9616048,-206160671.1359647,-16541245601.64364,-1913469313.6569479,16574972124.996794,16652827780.606064,-0.9983099027198261,0.005752733623234322,0.057829440490042426,0.005762377090559099,0.9999833973673093,0.0,0.057828480369083265,-0.00033323504303967125,0.9983264775676385,4706.332997717966,-545.304868674211,-0.11535182570604291,1.1486175535901565e-08,139.0027317600703,0.0,-35.008195280210934,-7.7,0.0,2.937363672409792e-17,2.2797078920150526,1.5707963267948966,20.680495239776295,461.0,0.06121143941793253,2.2368880331986865,0.0,0.12881304475755617,-1595.4358650645495,-5.81470518593278,92.41844051229879,-0.0987774451750351,0.3963858856733883,-3.2042822606253987,-0.10250181387184751,0.39543916370203475,-3.2042822606253987,-4.159682890934359e-17,3.6488375982331837e-19,1.327430891972429e-18,-4.1598420848355527e-17,-2.6427154330594675e-20,1.327430891972429e-18,-1595.5383668784214,-5.419266022230746,89.21415825167338,-1058372.9653907958,220.32732412608743,119091.38359559036,0.026620859565832333,4717.687348946486
132.76222522110857,2001.0,12.0,14.0,14.0,23.0,40.0,1.0,3508974.0921691945,12774.035010300808,-203029.42766936566,149.52135134896466,-296.03636163453507,4705.623327697029,3514866.043533497,4717.2963722969,3508938.928596655,-20247.243368614938,-203029.42766936566,3514866.043533497,145.2937493685462,-546.1521758505831,4705.623327697029,4739.43914139198,20232911.776578333,0.8264115953252428,1.6336247268960293,3.4466485697687966e-07,1.290733903419869e-05,6.225262780678759,-0.057795232793578385,-0.005770125691512454,118666.04353349656,-0.026207922858532167,-0.0260854509926434,5704.061309024692,-16542267578.784597,-1040693914.2925333,-206160864.40023607,-16541243784.646872,-1913472832.8764737,16574970904.088673,16652826382.547958,-0.9983137010448103,0.005760459464981593,0.05776306270416498,0.005770093672801227,0.9999833528709401,0.0,0.05776210111500525,-0.0003332982826309229,0.9983303203784981,4706.34094814498,-545.3047254408964,-0.11535160253510518,1.1496923816381019e-08,138.99505441687072,0.0,-34.9851632506121,-7.7,0.0,2.937349315400307e-17,2.27970554733747,1.5707963267948966,20.68108457597881,461.0,0.06126887622580396,2.239928956169817,0.0,0.12893365548601374,-1595.4476064438918,-5.808051882542143,92.31268339531071,-0.09875070154348224,0.3967407823519732,-3.2072848376084155,-0.102479802982517,0.3957939355488537,-3.2072848376084155,-4.163562217488761e-17,3.654011356665506e-19,1.3271401347003942e-18,-4.163721717161316e-17,-2.6421276684101924e-20,1.3271401347003942e-18,-1595.5500862468743,-5.412257946993289,89.1053985577023,-1058374.6045286916,220.48086233105334,119110.69959213417,0.026712900627221155,4717.672081001442
132.88722468273087,2001.0,12.0,14.0,14.0,23.0,40.0,1.0,3508992.755218166,12737.030532831097,-202441.2257779301,149.08871633137252,-296.0378267687738,4705.647451377361,3514850.6138973874,4717.306835141167,3508957.062730845,-20315.512095219958,-202441.2257779301,3514850.6138973874,144.8536453799226,-546.1521512695497,4705.647451377361,4739.449618634052,20232832.766072866,0.8264109175105656,1.633624715768725,3.4562985613177e-07,1.2933392446914328e-05,6.225430459370119,-0.05762786009189712,-0.005789550783039401,118650.6138973874,-0.026132046759940037,-0.026009929820688702,5714.73722717911,-16542264517.977768,-1040693536.9341711,-206161348.6785589,-16541239208.761105,-1913481672.5381787,16574967825.62776,16652822859.031563,-0.9983232427736075,0.005779907690783312,0.057595968652976774,0.005789518439866319,0.9999832405976784,0.0,0.05759500337896602,-0.00033345292257837153,0.9983399743548914,4706.36091815736,-545.3043652349088,-0.11535104188377542,1.152392567957205e-08,138.97576737173426,0.0,-34.92730211520275,-7.7,0.0,2.9373132465428886e-17,2.2796996568460326,1.5707963267948966,20.68256530758523,461.0,0.061413170329836925,2.2475965455180047,0.0,0.12923665458455824,-1595.4771035802648,-5.791303089045931,92.0464540911624,-0.0986819237389262,0.3976322146750535,-3.2148279506981927,-0.10242293165886296,0.39668506814676924,-3.2148279506981927,-4.17330775712854e-17,3.667032356017663e-19,1.326389300881573e-18,-4.173468027374299e-17,-2.6406104847593988e-20,1.326389300881573e-18,-1595.5795265119236,-5.394618020899162,88.83162614046421,-1058378.7375491858,220.63440053601926,119130.08219556262,0.02680494257880005,4717.656761235529
133.10624699445108,2001.0,12.0,14.0,14.0,23.0,41.0,1.0,3509025.3259561914,12672.19136346465,-201410.57938070645,148.3306400876543,-296.04038242460945,4705.689541568182,3514823.6860648333,4717.325084032166,3508988.704460681,-20435.13159385497,-201410.57938070645,3514823.686064833,144.08248230375924,-546.1520685427222,4705.689541568182,4739.467892633568,20232693.880051058,0.8264097260226413,1.6336246962140444,3.465921684984286e-07,1.2978979832179985e-05,6.225724267135139,-0.05733458850427511,-0.0058235868795720085,118623.68606483284,-0.025999096140594025,-0.025877601098676806,5733.423579744995,-16542259137.609896,-1040692873.6899667,-206162189.57693383,-16541231184.30092,-1913497094.9480011,16574962414.2325,16652816670.860064,-0.9983398935123586,0.0058139848308391175,0.05730318143104471,0.005823553962614269,0.9999830429658517,0.0,0.05730220973904038,-0.0003337081692931648,0.998356822683093,4706.395759280711,-545.3037353126824,-0.11535006343177537,1.1571049386542513e-08,138.94210758104106,0.0,-34.82632274312319,-7.7,0.0,2.9372502952159555e-17,2.2796893761141552,1.5707963267948966,20.685150166751797,461.0,0.06166499673159847,2.261074997630542,0.0,0.129765450790486,-1595.5285834380998,-5.76195429130901,91.57994216561477,-0.09855640112478509,0.39918746329240895,-3.227992309695508,-0.10231824645681206,0.3982398416714492,-3.227992309695508,-4.190315293570758e-17,3.6898375607169e-19,1.3250086209501005e-18,-4.190476916956696e-17,-2.6378226890375244e-20,1.3250086209501005e-18,-1595.6309016845566,-5.363714449637561,88.35194985591926,-1058386.0027217492,220.78793874098517,119149.53140587569,0.02689698542359163,4717.641389652105
133.38864632055848,2001.0,12.0,14.0,14.0,23.0,41.0,1.0,3509067.0764109767,12588.589296362365,-200081.68820392777,147.3531685127837,-296.0436559262117,4705.743474774055,3514789.168824566,4717.348455739041,3509029.252856057,-20589.36454616599,-200081.68820392777,3514789.1688245665,143.08813741571694,-546.1518873565798,4705.743474774055,4739.491296490674,20232513.973758467,0.826408182600447,1.6336246708934163,3.4787111073520216e-07,1.3037707099435354e-05,6.226103098634878,-0.05695644838950476,-0.00586747125310485,118589.16882456606,-0.02582767154263344,-0.025706978351991636,5757.478188551962,-16542252168.08366,-1040692014.710934,-206163259.5009308,-16541220825.514761,-1913516855.4133005,16574955404.524767,16652808665.32616,-0.9983612342897836,0.005857923066563788,0.056925658579641096,0.005867437586376594,0.9999827864399317,0.0,0.05692467868639771,-0.0003340077487794274,0.9983784199366862,4706.440400180905,-545.3029254226227,-0.11534880920621667,1.1631454557009403e-08,138.89896103070757,0.0,-34.69688309212271,-7.7,0.0,2.9371695943318773e-17,2.2796761966596164,1.5707963267948966,20.68846481937755,461.0,0.06198780600186142,2.2785347658529265,0.0,0.13044328711508146,-1595.5945751008362,-5.724109671335268,90.97838522987931,-0.09838518573994935,0.4011801514800103,-3.2448671346551032,-0.10217385071421115,0.4002320113944391,-3.2448671346551032,-4.21211553300611e-17,3.7192222598349547e-19,1.3231067182491886e-18,-4.2122789065931734e-17,-2.6339862131030068e-20,1.3231067182491886e-18,-1595.6967489515505,-5.323877659940829,87.7335180952242,-1058395.413826177,220.94147694595108,119169.04722307342,0.026989029164618112,4717.625966254565
133.45050821241102,2001.0,12.0,14.0,14.0,23.0,41.0,1.0,3509076.1853335276,12570.2754536714,-199790.5816463691,147.13903995877888,-296.04436975838007,4705.755238728529,3514781.637998935,4717.353551809173,3509038.0978213893,-20623.150533581807,-199790.5816463691,3514781.6379989358,142.87031267957263,-546.1518364617739,4705.755238728529,4739.496399569971,20232474.44155006,0.8264078434483768,1.6336246653309128,3.481901122792954e-07,1.30505676431609e-05,6.226186085768837,-0.056873612718299715,-0.005877084407775373,118581.63799893577,-0.02579011913498785,-0.025669601596410796,5762.74121530354,-16542250636.607021,-1040691825.9834752,-206163491.7364201,-16541218554.591244,-1913521165.374311,16574953864.220179,16652806907.738228,-0.9983658898989766,0.005867548160210359,0.05684295703789881,0.00587705057529924,0.9999827299891411,0.0,0.05684197535941351,-0.0003340689333612932,0.9983831319865073,4706.450136758087,-545.3027483603009,-0.11534853556392591,1.1643007557211022e-08,138.88141777541284,0.0,-34.67212666311924,-7.709291112293586,0.0,2.937137247456877e-17,2.2796709140140368,1.5707963267948966,20.68979372025454,461.0,0.062049566827374274,2.2823714107619293,0.0,0.13057245574464,-1595.608973270069,-5.715818993667187,90.846601217207,-0.09833187866084026,0.40155993348732727,-3.2480793726714445,-0.10212589341653362,0.4006118326225422,-3.2480793726714445,-4.2162460672111955e-17,3.725105757968823e-19,1.3224736208832143e-18,-4.216409800941806e-17,-2.6326956825460768e-20,1.3224736208832143e-18,-1595.7110991634856,-5.315207161044645,87.59852184453555,-1058397.4818237498,221.095015150917,119188.62964715577,0.027081073804901393,4717.610491046346
133.5081214489012,2001.0,12.0,14.0,14.0,23.0,41.0,1.0,3509084.656745111,12553.219360259282,-199519.46754172177,146.93961595529197,-296.04503351788225,4705.766178442097,3514774.634233096,4717.358290269803,3509046.323198617,-20654.616107042704,-199519.46754172177,3514774.634233096,142.6674463646188,-546.1517854462093,4705.766178442097,4739.50114454758,20232437.58899598,0.8264075272841485,1.6336246601458446,3.48508821830945e-07,1.3062540128645025e-05,6.2262633736902355,-0.0567964658614555,-0.00588603730892803,118574.63423309615,-0.025755145672809374,-0.025634791722547196,5767.6402136310935,-16542249208.937426,-1040691650.0549917,-206163707.33441526,-16541216439.228853,-1913525173.2927473,16574952428.321426,16652805269.757458,-0.9983702195359307,0.0058765122252424085,0.05676593474826183,0.005886003321599541,0.9999826773324116,0.0,0.056764951410843846,-0.00033412448048197196,0.9983875142709648,4706.459190977556,-545.302583577191,-0.11534828107282159,1.1653902304072663e-08,138.86585385132477,0.0,-34.64878077698715,-7.717073074337616,0.0,2.937108525503232e-17,2.2796662233630403,1.5707963267948966,20.690973846711543,461.0,0.062107806930387734,2.285948029561768,0.0,0.13069431398679926,-1595.6223638792603,-5.708097555130242,90.72386550347564,-0.09828316680711331,0.4019181691289758,-3.2511101749390177,-0.10208220981267442,0.40097009613359447,-3.2511101749390177,-4.2201452567597846e-17,3.7306351607308766e-19,1.3218971908982525e-18,-4.220309328368597e-17,-2.6315218711405285e-20,1.3218971908982525e-18,-1595.724446089073,-5.307127458996647,87.47275532853662,-1058399.4096512925,221.2485533558829,119208.27867812275,0.02717311934746286,4717.594964030926
133.58457905231091,2001.0,12.0,14.0,14.0,23.0,41.0,1.0,3509095.881278569,12530.584432869015,-199159.6753832606,146.67496098121075,-296.0459128248685,4705.780672104183,3514765.3543090485,4717.36456727996,3509057.2209175895,-20696.373560900975,-199159.6753832606,3514765.354309049,142.39822318104103,-546.1517123604303,4705.780672104183,4739.507430190257,20232388.630961295,0.8264071072630821,1.6336246532581238,3.4882724019049657e-07,1.3078398674526955e-05,6.226365941726123,-0.056694085037181416,-0.005897918523376378,118565.35430904897,-0.025708732739863117,-0.025588595885029385,5774.1376226991415,-16542247312.296955,-1040691416.3458631,-206163992.42925104,-16541213631.4055,-1913530483.153511,16574950520.74923,16652803094.420086,-0.9983759560550859,0.00588840832163306,0.05666371871427885,0.005897884329817838,0.9999826073289635,0.0,0.05666273318085955,-0.000334196058674151,0.9983933207816793,4706.471186367583,-545.3023650742679,-0.11534794387417784,1.1668337741479383e-08,138.84523179788658,0.0,-34.6178476968299,-7.727384101056702,0.0,2.9370704671441374e-17,2.2796600079613225,1.5707963267948966,20.692537800892932,461.0,0.06218497497920785,2.2906995687213314,0.0,0.13085577401639012,-1595.6401064955128,-5.697850316825494,90.56098105885019,-0.09821792631014034,0.4023927737504617,-3.2551259325932356,-0.10202363915887282,0.4014447439785886,-3.2551259325932356,-4.225311507814933e-17,3.737971729038483e-19,1.3211245012933872e-18,-4.225476028178022e-17,-2.6299488402735832e-20,1.3211245012933872e-18,-1595.7421301346717,-5.296405572846905,87.30585512625696,-1058401.9707505293,221.40209156084882,119227.99431597436,0.0272651657953236,4717.579385211824
133.75431932072715,2001.0,12.0,14.0,14.0,23.0,41.0,1.0,3509120.7280597924,12480.333354876191,-198360.91218408805,146.08740127979087,-296.0478585802964,4705.812749919956,3514744.8121168115,4717.378456377216,3509081.340903471,-20789.07748397364,-198360.91218408805,3514744.812116812,141.8005219025208,-546.1515281506153,4705.812749919956,4739.521338386641,20232279.72600628,0.8264061729372899,1.6336246379390653,3.4978075606541523e-07,1.3113597564724316e-05,6.226593650576517,-0.056466791834600884,-0.005924295349826877,118544.81211681198,-0.025605692505019612,-0.02548603761437974,5788.5464941859245,-16542243093.288633,-1040690896.5087515,-206164621.19784674,-16541207395.402536,-1913542234.7021415,16574946277.426216,16652798258.333105,-0.9983886536530857,0.005914818456322889,0.05643678923723113,0.005924260695450125,0.9999824514136297,0.0,0.05643579885136074,-0.00033434625225553104,0.9984061742700675,4706.497733926599,-545.3018807048509,-0.11534719744438945,1.1700292262736919e-08,138.7995824818044,0.0,-34.549373722706605,-7.750208759097799,0.0,2.9369862122730794e-17,2.279646248096663,1.5707963267948966,20.696001002587703,461.0,0.062355797293274645,2.3012693739663033,0.0,0.13121318053490116,-1595.6793825907268,-5.675099879862546,90.19935260507395,-0.09807066576043748,0.40344314622844346,-3.264015170343344,-0.10189117348407443,0.40249523784442337,-3.264015170343344,-4.236747044095495e-17,3.754253483767086e-19,1.3193776963972006e-18,-4.23691256218795e-17,-2.626394466420129e-20,1.3193776963972006e-18,-1595.781273764211,-5.2726046420181225,86.93533743473061,-1058407.6678454932,221.55562976581473,119247.77656071061,0.027357213151504182,4717.563754592598
134.05431932072713,2001.0,12.0,14.0,14.0,23.0,42.0,1.0,3509164.3985074316,12391.518484049873,-196949.15989523559,145.04890949607585,-296.05127609098633,4705.8691108248195,3514708.7072851146,4717.402848224463,3509123.7225986985,-20952.92288478255,-196949.15989523559,3514708.7072851146,140.74410620678694,-546.1511285459864,4705.8691108248195,4739.545763768842,20232086.52603555,0.826404515394905,1.6336246107706491,3.516800320507886e-07,1.3175710876996703e-05,6.226996111068824,-0.05606506605917431,-0.005970913406691501,118508.70728511456,-0.025423575671656366,-0.02530477260724911,5813.9582728892565,-16542235608.611252,-1040689974.4342955,-206165718.52795953,-16541196365.71745,-1913562880.9009335,16574938749.622211,16652789688.57417,-0.9984109679772779,0.005961496280289848,0.0560356991994839,0.005970877927779437,0.9999821741495053,0.0,0.05603470031548761,-0.0003345823195178863,0.998428765819187,4706.5443747513245,-545.3010270604062,-0.11534588551929748,1.1756455334266229e-08,138.71934952247682,0.0,-34.42902428371522,-7.790325238761592,0.0,2.9368380988449647e-17,2.2796220593382035,1.5707963267948966,20.70209193721791,461.0,0.0626560397256876,2.320021198882566,0.0,0.13184134249668475,-1595.7484165141966,-5.634887327461613,89.56015573687516,-0.09780226208347834,0.40528853851309493,-3.2796384748067973,-0.1016488756580111,0.40434093039932034,-3.2796384748067973,-4.256844195870208e-17,3.7830097200042153e-19,1.31618499970328e-18,-4.2570114822809846e-17,-2.619903795082344e-20,1.31618499970328e-18,-1595.8500653898545,-5.230546397062293,86.28051726206836,-1058417.774777878,221.70916797078067,119267.6254123315,0.027449261419024883,4717.548072176846
134.17186095802634,2001.0,12.0,14.0,14.0,23.0,42.0,1.0,3509181.423880022,12356.720054040345,-196396.02304346746,144.64201056670788,-296.05260762706894,4705.891077139462,3514694.6314157085,4717.4123508131415,3509140.24156494,-21017.11837206659,-196396.02304346746,3514694.6314157085,140.3301847220585,-546.1509461959145,4705.891077139462,4739.55527941975,20232010.57851498,0.8264038638005385,1.6336246000934294,3.519955817168289e-07,1.3199998325736125e-05,6.227153799526483,-0.055907665501988446,-0.005989178439219108,118494.63141570846,-0.025352220303075643,-0.025233750988729372,5823.895414248109,-16542232666.34086,-1040689612.0087776,-206166143.6285964,-16541192041.403837,-1913570927.1613743,16574935790.401468,16652786323.09493,-0.9984196664480831,0.005979785038565629,0.05587854526194207,0.005989142633720312,0.999982064924423,0.0,0.05587754307600966,-0.00033466457773856736,0.9984375735014228,4706.562551538583,-545.3006934453012,-0.11534537404904008,1.1779395022510206e-08,138.69328926963556,0.0,-34.3798678089067,-7.806710730364432,0.0,2.936789814403184e-17,2.279614173890446,1.5707963267948966,20.70407835904251,461.0,0.06277866090205954,2.327392860711554,0.0,0.13209788371195846,-1595.7753310181552,-5.61913068966738,89.30969671448759,-0.097702964593459,0.4060423380245717,-3.286021479574714,-0.10156012031402883,0.40509479325290176,-3.286021479574714,-4.265068555274491e-17,3.794616491501279e-19,1.315017550103606e-18,-4.265236551609467e-17,-2.6175250857205608e-20,1.315017550103606e-18,-1595.876891138469,-5.214035896414479,86.02367523491287,-1058421.7478978708,221.86270617574658,119287.54087083701,0.027541310600905467,4717.532337968208
134.29080716548148,2001.0,12.0,14.0,14.0,23.0,42.0,1.0,3509198.6040096157,12321.50563919509,-195836.2738278653,144.2302424193589,-296.05395077844213,4705.913239186338,3514680.427582433,4717.421935692113,3509156.908396562,-21082.080944144833,-195836.2738278653,3514680.4275824334,139.91131017879204,-546.1507468709174,4705.913239186338,4739.564877472705,20231933.56578987,0.8264032030619123,1.6336245892682133,3.529405379988871e-07,1.3224560188514825e-05,6.227313373565061,-0.055748382819461303,-0.00600766162995294,118480.42758243345,-0.02528001169974606,-0.025161880123566606,5833.941728934646,-16542229682.791763,-1040689244.5285531,-206166571.0401553,-16541187663.257368,-1913579044.841831,16574932789.666098,16652782912.383444,-0.9984284434105235,0.005998292413357793,0.05571951073872481,0.006007625491932639,0.9999819540551462,0.0,0.05571850522750674,-0.0003347419531119776,0.9984464613203039,4706.580889581253,-545.3003563110177,-0.11534485792791103,1.1804251730741465e-08,138.6755344780418,0.0,-34.32660343412543,-7.824465521958189,0.0,2.936756585345251e-17,2.2796087471734596,1.5707963267948966,20.705445630783966,461.0,0.06291150804431678,2.33486806053346,0.0,0.13237582067036846,-1595.8024906925837,-5.603185116295105,89.0562344306706,-0.09761496468273398,0.4068594631043185,-3.2929406897889373,-0.10148331778981674,0.40591186267207907,-3.2929406897889373,-4.2740055216012415e-17,3.80692640216658e-19,1.3140101177870911e-18,-4.274174262580463e-17,-2.61546091797677e-20,1.3140101177870911e-18,-1595.9039740103735,-5.197273253623026,85.76329374088166,-1058425.776773449,222.0162443807125,119307.52293622716,0.027633360700165345,4717.516551970357
134.52161593011954,2001.0,12.0,14.0,14.0,23.0,42.0,1.0,3509231.801402017,12253.173492976102,-194750.10286249488,143.43120843332946,-296.0565447547657,4705.956051799479,3514652.9812766504,4717.440444850673,3509189.107350191,-21208.13727477979,-194750.10286249488,3514652.981276651,139.09848682990008,-546.150317620985,4705.956051799479,4739.583412067353,20231783.66805796,0.8264019169835408,1.6336245682031423,3.5388297101968464e-07,1.3272159038214631e-05,6.227623022111011,-0.055439299681093214,-0.006043526986386643,118452.98127665091,-0.02513989313070116,-0.025022416917188872,5853.408914402127,-16542223875.57109,-1040688529.347864,-206167392.49071515,-16541179161.261583,-1913594725.768005,16574926948.999344,16652776279.442657,-0.9984454015928267,0.006034205194014978,0.055410905116372124,0.006043490197270533,0.9999817379463665,0.0,0.055409893199451006,-0.00033487526189268256,0.998463635589291,4706.616312933229,-545.2997034529809,-0.11534386061514729,1.1852282765860898e-08,138.64122659581363,0.0,-34.223679787440936,-7.858773404186356,0.0,2.9366923724670055e-17,2.2795982604146183,1.5707963267948966,20.708088317477067,461.0,0.06316821478450776,2.3494182136225747,0.0,0.13291287263485507,-1595.8549731831083,-5.572241722028444,88.56437470356494,-0.09743902834377523,0.40843790315781203,-3.3063106012943755,-0.10132908079164417,0.4074902481857078,-3.3063106012943755,-4.291273788830676e-17,3.8307994161795545e-19,1.3119880055448416e-18,-4.291443977744273e-17,-2.611322327355136e-20,1.3119880055448416e-18,-1595.9563022639,-5.1647514738427365,85.25806410227057,-1058433.618673401,222.1697825856784,119327.57160850195,0.02772541171982345,4717.500714187014
134.82161593011952,2001.0,12.0,14.0,14.0,23.0,42.0,1.0,3509274.6749748564,12164.356026771004,-193338.30774591299,142.39260314255498,-296.0598920129555,4706.011320612216,3514617.534984352,4717.464325548077,3509230.6784181367,-21371.982276180115,-193338.30774591299,3514617.534984352,138.04195887309353,-546.1496759163548,4706.011320612216,4739.607325574914,20231587.933229055,0.8264002376059629,1.6336245407067373,3.5544813996185736e-07,1.3333925065664684e-05,6.228025503422346,-0.05503755336414915,-0.006090143397843668,118417.53498435207,-0.024957766996839516,-0.024841142608523083,5878.656719215214,-16542216292.496546,-1040687595.6370603,-206168444.65327412,-16541168098.001894,-1913614967.4353902,16574919322.26174,16652767629.361767,-0.9984672993540279,0.006080884210997163,0.05500977156729908,0.006090105750832744,0.9999814551340158,0.0,0.05500875141845755,-0.00033501532617400374,0.9984858161396754,4706.662038536824,-545.2988575162184,-0.11534257260130465,1.1914313777383875e-08,138.59383746088017,0.0,-34.09075619132027,-7.9,0.0,2.9366038440217054e-17,2.2795838026223207,1.5707963267948966,20.71173285435043,461.0,0.06349975190199783,2.3684184710413394,0.0,0.1336066156739009,-1595.9227558703762,-5.532018548468822,87.92500829687353,-0.09720033568103806,0.4104755391273427,-3.323580154155095,-0.10111853648591759,0.4095279173113053,-3.323580154155095,-4.313571199061782e-17,3.8617980169658255e-19,1.309227653856989e-18,-4.313743275643196e-17,-2.6056881616313322e-20,1.309227653856989e-18,-1596.0238744068622,-5.122490631157517,84.60142814271843,-1058443.8587160483,222.32332079064432,119347.68688766137,0.02781746366289841,4717.484824621928
135.1216159301195,2001.0,12.0,14.0,14.0,23.0,43.0,1.0,3509317.236959531,12075.53756051266,-191926.49611277285,141.35395404081981,-296.06321177285025,4706.066162118194,3514582.346188346,4717.488006123821,3509271.932521193,-21535.827070866282,-191926.49611277285,3514582.3461883464,136.98538760201447,-546.148939522764,4706.066162118194,4739.631038677187,20231391.1855852,0.8263985495038723,1.633624513079806,3.566953302498426e-07,1.33955554786186e-05,6.228427992768713,-0.05463579912235884,-0.006136759173758595,118382.34618834592,-0.024775637279246032,-0.024659864715719144,5903.839458927512,-16542208670.104107,-1040686657.2854102,-206169479.3697436,-16541157020.770214,-1913635050.8248174,16574911655.992445,16652758947.025705,-0.99848903421685,0.0061275636617882726,0.05460862122662228,0.006136720655630479,0.9999811701525158,0.0,0.05460759295461326,-0.00033511785385691395,0.9985078359671131,4706.707406002095,-545.2980145639123,-0.11534129393659899,1.1975894170394644e-08,138.5058654708648,0.0,-33.95879820629719,-7.9,0.0,2.936441661932888e-17,2.2795573162772076,1.5707963267948966,20.71841299543701,461.0,0.06382886721866207,2.3875178237920993,0.0,0.13429760145670464,-1595.9900491880824,-5.491791275579507,87.28557644931232,-0.09695214197521873,0.41249862406213605,-3.340763783474795,-0.10089843891579982,0.41155113620435196,-3.340763783474795,-4.3356695720247023e-17,3.8927217118382722e-19,1.3063176677237471e-18,-4.335843540398904e-17,-2.5998451001653346e-20,1.3063176677237471e-18,-1596.090947626998,-5.080240139375155,83.94481266583752,-1058454.151944695,222.47685899561023,119367.86877370541,0.027909516532408297,4717.468883278897
135.4216159301195,2001.0,12.0,14.0,14.0,23.0,43.0,1.0,3509359.487342938,11986.718102453513,-190514.66809132506,140.31526145374443,-296.0665040417027,4706.120576346872,3514547.4148989227,4717.511486634423,3509312.869646405,-21699.67163042848,-190514.66809132506,3514547.4148989227,135.92877334740527,-546.1481084469021,4706.120576346872,4739.654551430861,20231193.43171585,0.8263968527332948,1.6336244853234858,3.5824821234260116e-07,1.3457060390450465e-05,6.2288304900970575,-0.054234037015585684,-0.006183374318510109,118347.41489892267,-0.02459350400752988,-0.024478583268359878,5928.954362079501,-16542201008.646719,-1040685714.3277236,-206170496.7693965,-16541145929.820177,-1913654975.9589884,16574903950.446093,16652750232.690016,-0.9985106061650135,0.0061742435280397415,0.054207454218341854,0.006183334915941585,0.9999808830019289,0.0,0.05420641793454412,-0.00033518284437257815,0.9985296950552679,4706.752415366802,-545.2971746042463,-0.11534002462127493,1.2037023926885342e-08,138.41853724730666,0.0,-33.82780587095998,-7.9,0.0,2.9362806241910365e-17,2.279531016818137,1.5707963267948966,20.725050399980898,461.0,0.06415558229451583,2.4067155514254033,0.0,0.1349835337233535,-1596.0568530487362,-5.451559933368185,86.6460796365119,-0.09669260465267775,0.4145058296760952,-3.3578216739003146,-0.10066693192038854,0.4135585949387619,-3.3578216739003146,-4.357604107338527e-17,3.9236113487208163e-19,1.3032606596101244e-18,-4.357779973973483e-17,-2.5937098614297087e-20,1.3032606596101244e-18,-1596.1575199806566,-5.038001338429423,83.28825796261158,-1058464.4980176967,222.63039720057614,119388.1172666341,0.028001570331370886,4717.4528901617505
135.56104036831505,2001.0,12.0,14.0,14.0,23.0,43.0,1.0,3509379.01706631,11945.439090377093,-189858.5181200058,139.8325163099392,-296.0680247660306,4706.1457198664475,3514531.268297821,4717.522331110231,3509331.787205511,-21775.817994685764,-189858.5181200058,3514531.2682978204,135.43769931437308,-546.1476899845126,4706.1457198664475,4739.665410795184,20231101.18827932,0.8263960612528348,1.6336244723803992,3.59176718985856e-07,1.3485592043900205e-05,6.2290175526795295,-0.05404731616856501,-0.006205038406134603,118331.26829782035,-0.024508856709156035,-0.024394331853612148,5940.602307751775,-16542197434.887333,-1040685274.5446109,-206170963.74740508,-16541140770.837894,-1913664182.281622,16574900356.125292,16652746172.013666,-0.9985205762318262,0.006195938044743123,0.054021006964026605,0.0062049985879610425,0.9999807488109576,0.0,0.05401996699540928,-0.00033520027193201875,0.9985397993102691,4706.773211541419,-545.2967852590853,-0.11533943789163766,1.2063582647835003e-08,138.39029810868928,0.0,-33.77089432606785,-7.909701891310717,0.0,2.936228194805999e-17,2.279522454449775,1.5707963267948966,20.72721229969099,461.0,0.06429756275836752,2.415670676080747,0.0,0.13528103521861398,-1596.0877333973192,-5.432861115734952,86.34885271117129,-0.09655413226238803,0.41537726932543195,-3.3652247199252194,-0.10054092644282121,0.4144303300184657,-3.3652247199252194,-4.367143552267803e-17,3.937417791730838e-19,1.3016096430833877e-18,-4.367320279293606e-17,-2.5903806145804577e-20,1.3016096430833877e-18,-1596.188274323762,-5.018430785716487,82.98362799124607,-1058469.324072484,222.78393540554205,119408.43236644742,0.028093625062803444,4717.436845274356
135.63360724254554,2001.0,12.0,14.0,14.0,23.0,43.0,1.0,3509389.1551583647,11923.954330617114,-189517.00736178725,139.58125606470276,-296.0688139258871,4706.158770003914,3514522.8864113814,4717.527958381257,3509341.6062221467,-21815.450217253885,-189517.00736178725,3514522.886411381,135.18210413751223,-546.147464104522,4706.158770003914,4739.671045791215,20231053.100713003,0.8263956486419232,1.6336244656339,3.5948568826362146e-07,1.3500435594520697e-05,6.229114914674664,-0.0539501320513211,-0.0062163139593597915,118322.88641138049,-0.024464799642873417,-0.024350480834643848,5946.657771907747,-16542195571.838345,-1040685045.2948338,-206171205.33683127,-16541138084.886986,-1913668960.4516397,16574898482.358309,16652744056.142963,-0.9985257514727625,0.006207229522277849,0.05392396450014296,0.0062162739237237395,0.9999806787825979,0.0,0.053922922623501665,-0.0003352061343860433,0.9985450445786546,4706.78400490952,-545.2965828817303,-0.11533913331283406,1.2076621137852569e-08,138.38098490153388,0.0,-33.74295470460164,-7.9190150984661205,0.0,2.936210684924267e-17,2.2795195948690794,1.5707963267948966,20.727934414593367,461.0,0.06436728083487415,2.420339157743289,0.0,0.13542684642197278,-1596.1037639920658,-5.4231285124914095,86.19414815995536,-0.09647499313735845,0.4158048759414669,-3.3688553300237016,-0.10046803364338483,0.4148581605481369,-3.3688553300237016,-4.3718314775673757e-17,3.944363728905832e-19,1.30065920195681e-18,-4.372008642335637e-17,-2.5884578485085252e-20,1.30065920195681e-18,-1596.2042320257092,-5.008270351943272,82.82529282993166,-1058471.839967899,222.93747361050796,119428.81407314538,0.028185680729722874,4717.4207486206205
135.7330345506503,2001.0,12.0,14.0,14.0,23.0,43.0,1.0,3509403.0162321543,11894.516951785165,-189049.08577648486,139.2369884400262,-296.06989259618405,4706.176610162006,3514511.4264582754,4717.535649710314,3509355.0296048303,-21869.752173691904,-189049.08577648486,3514511.4264582754,134.83189706626493,-546.1471456371384,4706.176610162006,4739.678747677951,20230987.131471477,0.8263950825955784,1.6336244563795932,3.601028315304112e-07,1.3520740862119497e-05,6.229248315704551,-0.053816974756377256,-0.006231763069130236,118311.42645827495,-0.024404434638848702,-0.024290398145778134,5954.946416161954,-16542193015.994617,-1040684730.8118937,-206171534.73200625,-16541134403.954533,-1913675492.2720652,16574895911.811983,16652741154.571062,-0.9985328268348691,0.006222700546383198,0.05379100046546094,0.006231722734256126,0.9999805826273644,0.0,0.05378995598556046,-0.0003352106004989948,0.9985522160953451,4706.798759534644,-545.296305896247,-0.11533871688326124,1.2094447731572302e-08,138.3682516203055,0.0,-33.704754860916495,-7.931748379694501,0.0,2.936186744383528e-17,2.279515685082069,1.5707963267948966,20.728921816554827,461.0,0.06446260205379355,2.4267437302321277,0.0,0.13562620210670312,-1596.1256817532544,-5.409793030604106,85.9821740404694,-0.09636561728391942,0.4163894303465862,-3.373819176741007,-0.10036721057816228,0.4154430321230869,-3.373819176741007,-4.3782408237166496e-17,3.953877662173376e-19,1.299344704930781e-18,-4.3784185888238925e-17,-2.5857991385784324e-20,1.299344704930781e-18,-1596.2260489638327,-4.994349998481019,82.6083548637284,-1058475.2914349008,223.09101181547388,119449.26238672796,0.028277737335145596,4717.404600204487
135.9471052908808,2001.0,12.0,14.0,14.0,23.0,43.0,1.0,3509432.7434591367,11831.13680297885,-188041.62696773684,138.49575133760314,-296.0722048229568,4706.214861874648,3514486.8487638202,4717.552135349127,3509383.8124619047,-21986.666221128384,-188041.62696773684,3514486.84876382,134.077872302324,-546.1464247221551,4706.214861874648,4739.695255942909,20230844.76917139,0.8263938610484565,1.633624436412428,3.6102656840043614e-07,1.3564395341549502e-05,6.229535536093654,-0.05353027919963325,-0.006265025352724679,118286.84876381978,-0.024274465209671307,-0.02416103655158207,5972.760217353702,-16542187500.426548,-1040684052.2145312,-206172237.60031834,-16541126475.47863,-1913689496.7279248,16574890364.519388,16652734897.28411,-0.9985479996023572,0.0062560103842363044,0.05350471777519336,0.006264984368530955,0.9999803747928566,0.0,0.053503667734023874,-0.00033520622050424675,0.9985675966982891,4706.830393776959,-545.2957107112993,-0.11533782378058056,1.2132679700724773e-08,138.3409430709109,0.0,-33.62282921273263,-7.959056929089123,0.0,2.9361353980194346e-17,2.2795072995844494,1.5707963267948966,20.731039869521393,461.0,0.0646670362491363,2.44056518846117,0.0,0.13605374614072452,-1596.1726889610386,-5.38107974272297,85.52576193776999,-0.09612643599081355,0.41764278246600384,-3.3844648330735185,-0.10014642167360686,0.4166971078231932,-3.3844648330735185,-4.391986225557151e-17,3.9743494751731456e-19,1.2964666148358794e-18,-4.3921652854328985e-17,-2.5799800343386258e-20,1.2964666148358794e-18,-1596.2728353827122,-4.964382634899777,82.14129710469646,-1058482.7398128007,223.2445500204398,119469.77730719518,0.028369794882087664,4717.388400029938
136.21846220429097,2001.0,12.0,14.0,14.0,23.0,44.0,1.0,3509470.197752492,11750.795167867413,-186764.55648460434,137.55612514270936,-296.0751158128654,4706.263038197742,3514455.882445942,4717.57288724553,3509420.065733977,-22134.866697587186,-186764.55648460434,3514455.8824459417,133.12203679407466,-546.1454417182681,4706.263038197742,4739.716036314421,20230663.67092716,0.8263923070992908,1.6336244110195852,3.622545534713055e-07,1.3619587966505244e-05,6.229899623547309,-0.05316685715034818,-0.006307188301563717,118255.88244594168,-0.02410971290916205,-0.02399705474479436,5995.277049362659,-16542180484.043095,-1040683189.0920063,-206173116.19288936,-16541116419.033482,-1913707133.4362884,16574883307.78684,16652726945.891615,-0.9985671134080478,0.006298234332132824,0.053141812767506576,0.006307146484332221,0.9999801097538017,0.0,0.05314075576376721,-0.0003351731975676202,0.9985869755488419,4706.870232409275,-545.2949585646194,-0.11533669852216258,1.2180849528535165e-08,138.30653605104632,0.0,-33.51960815313893,-7.993463948953689,0.0,2.936070700913457e-17,2.279496733745218,1.5707963267948966,20.733709280201516,461.0,0.06492461536887767,2.4581480258446455,0.0,0.13659241255483803,-1596.2319171199551,-5.344679749809847,84.94716559735927,-0.09581604018061256,0.4192213071376331,-3.39787747547012,-0.09985929642631751,0.418276629554317,-3.39787747547012,-4.409303652399785e-17,4.00027546165284e-19,1.292724726472172e-18,-4.409484357847942e-17,-2.5724185747308416e-20,1.292724726472172e-18,-1596.3317764163814,-4.9264031202555305,81.54928812188915,-1058492.2150019892,223.39808822540573,119490.35883454705,0.028461853373564668,4717.372148100987
136.31434646587806,2001.0,12.0,14.0,14.0,23.0,44.0,1.0,3509483.371301969,11722.40617493399,-186313.2991158727,137.2240989211876,-296.07613906682946,4706.27997801374,3514444.990845497,4717.580181078268,3509432.8138495795,-22187.233432523735,-186313.2991158727,3514444.990845497,132.78428309536588,-546.1450758806686,4706.27997801374,4739.723340153818,20230599.507744733,0.8263917565274093,1.6336244020248472,3.628669876422282e-07,1.3639056528336617e-05,6.230028275778216,-0.05303844007437371,-0.006322086505064386,118244.99084549723,-0.024051496828576567,-0.02393911091893959,6003.21620555222,-16542177998.118828,-1040682883.3188707,-206173423.35421956,-16541112863.85893,-1913713334.53278,16574880807.56889,16652724130.96985,-0.9985738354110042,0.006313154279073232,0.05301357671017348,0.0063220443908034475,0.9999800156776738,0.0,0.05301251726976884,-0.00033515418527698055,0.9985937916312091,4706.884239631481,-545.2946934093054,-0.11533630273989062,1.2199392164692699e-08,138.28747711374308,0.0,-33.4812156706146,-8.0,0.0,2.936035306570249e-17,2.2794909534103103,1.5707963267948966,20.735169955239865,461.0,0.06502373862475093,2.4643778021483365,0.0,0.13680011923359062,-1596.2527496458545,-5.331816996831093,84.74270556209245,-0.0957172418842595,0.4198299921210902,-3.4030460646597525,-0.09976922675257417,0.4188855620232308,-3.4030460646597525,-4.41596442728581e-17,4.0099461230010465e-19,1.2915455253321733e-18,-4.4161457386191926e-17,-2.5700428356996184e-20,1.2915455253321733e-18,-1596.352518872607,-4.912931434807862,81.3396594974327,-1058495.5721061192,223.55162643037164,119511.00696878353,0.028553912812591755,4717.355844421691
136.41409009239584,2001.0,12.0,14.0,14.0,23.0,44.0,1.0,3509497.041305841,11692.874414114709,-185843.87680622216,136.87870398736143,-296.07720052332684,4706.297553305943,3514433.6887744637,4717.587746775729,3509446.0407129847,-22241.707903614155,-185843.87680622216,3514433.6887744633,132.43293020866548,-546.1446850503364,4706.297553305943,4739.730916229939,20230532.651183482,0.8263911828402414,1.6336243926537823,3.634783899083893e-07,1.3659293904160358e-05,6.23016210713356,-0.052904853352854116,-0.006337584298371536,118233.68877446372,-0.02399093716407342,-0.023878834467419778,6011.467073433101,-16542175407.83335,-1040682564.7304226,-206173741.0549925,-16541109164.033537,-1913719768.0558224,16574878202.391005,16652721199.21013,-0.9985808103088104,0.006328674794649542,0.05288017736679185,0.00633754187363786,0.9999799175798482,0.0,0.05287911540485227,-0.0003351303383474404,0.9986008646309379,4706.898771794777,-545.2944179026616,-0.11533589204070885,1.2220583547880508e-08,138.25922193615932,0.0,-33.438832904238986,-8.0,0.0,2.935983174659476e-17,2.279482439623183,1.5707963267948966,20.73732175281454,461.0,0.06513698704361687,2.4708691642936618,0.0,0.13703789022015353,-1596.27436759007,-5.31843608671516,84.5300091231752,-0.09562886197224497,0.4205268759052182,-3.4089591348670227,-0.09969055082727482,0.4195825624075243,-3.4089591348670227,-4.423570688469759e-17,4.0206316532959074e-19,1.2905078942595352e-18,-4.4237526591517337e-17,-2.5679614349814e-20,1.2905078942595352e-18,-1596.3740581408972,-4.898853524307635,81.12104998830819,-1058499.0701541044,223.70516463533755,119531.72170990467,0.028645973202183657,4717.3394889961355
136.61584360992478,2001.0,12.0,14.0,14.0,23.0,44.0,1.0,3509524.5865883534,11633.139581649133,-184894.36114634498,136.18005222558264,-296.0793382432378,4706.332958628952,3514410.9148744107,4717.60298230318,3509472.68782932,-22351.894432589543,-184894.36114634498,3514410.9148744107,131.72222734864263,-546.1438624923944,4706.332958628952,4739.746172654496,20230397.06690938,0.8263900193975122,1.6336243736533511,3.6439356984608027e-07,1.3700165203042978e-05,6.230432813224542,-0.05263464213183734,-0.006368931801961038,118210.91487441026,-0.02386844070789374,-0.023756910871914942,6028.132330290973,-16542170154.73654,-1040681918.701229,-206174378.00541967,-16541101675.213663,-1913732727.7225475,16574872919.096676,16652715257.790802,-0.9985948635021049,0.006360068578772981,0.05261034228063575,0.006368888744574647,0.9999797184224084,0.0,0.052609275259896664,-0.0003350694167993607,0.9986151169920844,4706.928045106879,-545.2938616221,-0.11533506447007441,1.2263284610480757e-08,138.20228718602567,0.0,-33.35343077903849,-8.0,0.0,2.935878114418111e-17,2.279465281983701,1.5707963267948966,20.74165962054375,461.0,0.06536518761589463,2.4840337966746113,0.0,0.13751700449784124,-1596.3179291252932,-5.29136890995709,84.09976234957685,-0.09544612246695426,0.4219307434360742,-3.420874091539837,-0.09952741458570197,0.42098670798064497,-3.420874091539837,-4.4388967344377434e-17,4.042231194217057e-19,1.2883575532710915e-18,-4.439080040955402e-17,-2.5636489997203645e-20,1.2883575532710915e-18,-1596.417456539879,-4.870382201976446,80.678888258037,-1058506.1642228775,223.85870284030347,119552.5030579104,0.028738034545354712,4717.323081828447
136.89532083664164,2001.0,12.0,14.0,14.0,23.0,44.0,1.0,3509562.5105689876,11550.391737825332,-183579.04144560345,135.21221994376398,-296.08227891729933,4706.381683852211,3514379.5599790695,4717.623937366198,3509509.3636167143,-22504.529037467342,-183579.04144560345,3514379.5599790695,130.73770178747736,-546.1426522623821,4706.381683852211,4739.767156452775,20230208.474187978,0.8263884010642455,1.6336243472332148,3.656102462525775e-07,1.3756685514125103e-05,6.230807812124145,-0.05226032884297192,-0.006412355191470825,118179.55997906951,-0.023698751061664303,-0.02358801477535449,6051.163551427424,-16542162847.805271,-1040681020.2400757,-206175247.86054415,-16541091290.208479,-1913750561.579129,16574865570.170805,16652707002.640308,-0.9986142087730602,0.006403556773930637,0.05223654369498347,0.006412311247371386,0.9999794409208955,0.0,0.0522354697597495,-0.00033495697665914936,0.9986347397836719,4706.968327736197,-545.2930932367645,-0.11533392507045158,1.2322075039244673e-08,138.12389994767378,0.0,-33.235849921510656,-8.0,0.0,2.9357334391637184e-17,2.279441654721621,1.5707963267948966,20.74763622970726,461.0,0.06567937801695901,2.502345836957758,0.0,0.13817664669723714,-1596.3779063079617,-5.253871422417547,83.5037201766332,-0.09518424653733502,0.4238627706177934,-3.4372784963630876,-0.09929263777503955,0.42291921354834083,-3.4372784963630876,-4.459995910203414e-17,4.072119498756863e-19,1.2852655066211414e-18,-4.460181071907443e-17,-2.5574500915026368e-20,1.2852655066211414e-18,-1596.4771989457367,-4.830952208869206,80.0664416802701,-1058516.031968847,224.01224104526938,119573.3510128008,0.028830096845118745,4717.306622922787
137.07906167215324,2001.0,12.0,14.0,14.0,23.0,45.0,1.0,3509587.2961168834,11495.989155936866,-182714.28401587854,134.5759040146689,-296.0841992313279,4706.41351575696,3514359.067655883,4717.637619431532,3509533.326004656,-22604.877668036173,-182714.28401587854,3514359.067655883,130.09041120120105,-546.1418118139942,4706.41351575696,4739.780857275762,20230084.00128585,0.8263873329322149,1.6336243298011854,3.665201031043801e-07,1.3793759513534622e-05,6.23105435680242,-0.05201423498157055,-0.006440903384536481,118159.06765588233,-0.02358718789512034,-0.023476973323673368,6066.269529901445,-16542158025.121254,-1040680427.3364117,-206175811.89560676,-16541084455.847748,-1913762211.4547882,16574860719.775639,16652701559.893852,-0.9986268501429919,0.006432148005614544,0.051990784236441455,0.00644085885089559,0.9999792574535048,0.0,0.051989705815182106,-0.0003348653028142869,0.9986475646365337,4706.994641834073,-545.2925894656678,-0.1153331803986354,1.2359131602205911e-08,138.0863345698529,0.0,-33.15900370955877,-8.013665430147078,0.0,2.935663707707169e-17,2.2794302667105475,1.5707963267948966,20.750518140680143,461.0,0.06587744771836058,2.514432294274242,0.0,0.1385916463939541,-1596.4171063203976,-5.229217054357663,83.11182596733381,-0.09499545179281575,0.42507749808518436,-3.447604819031758,-0.09912116272559922,0.42413442484618763,-3.447604819031758,-4.473302131697045e-17,4.0913108118693907e-19,1.28302001494631e-18,-4.473488496290695e-17,-2.5529230455867693e-20,1.28302001494631e-18,-1596.5162274831232,-4.805082629511475,79.66422114830206,-1058522.5448712371,224.1657792502353,119594.26557457582,0.028922160104489236,4717.290112283349
137.26280250766484,2001.0,12.0,14.0,14.0,23.0,45.0,1.0,3509611.9647463276,11441.586222024367,-181849.5207500257,133.9395725651978,-296.08610924728515,4706.445187452901,3514338.6719527855,4717.651226583703,3509557.1694576708,-22705.226141050454,-181849.5207500257,3514338.6719527855,129.44310529533433,-546.1409358617477,4706.445187452901,4739.794483079517,20229959.166666836,0.8263862616822845,1.6336243123226981,3.6772974369684267e-07,1.3830782297742385e-05,6.231300904343433,-0.05176813831571769,-0.006469451351608715,118138.67195278592,-0.023475623468144864,-0.02336593061136752,6081.344115450978,-16542153188.38792,-1040679832.777506,-206176369.75000608,-16541077616.947233,-1913773802.0097883,16574855855.254953,16652696105.753418,-0.9986394303618844,0.006460739348275167,0.05174501882852934,0.006469406223181806,0.9999790731725937,0.0,0.05174393596945118,-0.0003347595468279474,0.9986603291542301,4707.020821692338,-545.2920868336978,-0.1153324392338957,1.2394824082624632e-08,138.0608399409824,0.0,-33.08251982294722,-8.039160059017593,0.0,2.935615919803567e-17,2.279422462353629,1.5707963267948966,20.752493629767795,461.0,0.06606825330301412,2.526554222858517,0.0,0.13899065577903416,-1596.4561225200105,-5.204561233256352,82.71990855253765,-0.09479284102265012,0.4262448061077455,-3.457538598729769,-0.09893544261435175,0.4253023579027952,-3.457538598729769,-4.486125156620819e-17,4.1101042527780516e-19,1.2805978647498372e-18,-4.486312709136229e-17,-2.5480199728480885e-20,1.2805978647498372e-18,-1596.555057962625,-4.779258875353557,79.26236995380788,-1058529.0767805483,224.3193174552012,119615.24674323549,0.029014224326479144,4717.273549914364
137.56280250766483,2001.0,12.0,14.0,14.0,23.0,45.0,1.0,3509651.9907696135,11352.759924428341,-180437.5794831415,132.90057913059272,-296.0892056774618,4706.496554696871,3514305.578853488,4717.673282564772,3509595.843853074,-22869.06819786781,-180437.5794831415,3514305.578853487,128.38619392178455,-546.1394293713637,4706.496554696871,4739.816569285917,20229754.57939843,0.8263845060165884,1.6336242836867936,3.6923622171175294e-07,1.389106355410785e-05,6.231703457148335,-0.051366321812554606,-0.006516062118828753,118105.5788534875,-0.023293465685407442,-0.023184624649784796,6105.887095443904,-16542145261.552431,-1040678858.5199845,-206177267.3784656,-16541066441.54325,-1913792598.8615656,16574847882.888979,16652687176.566706,-0.998659839079233,0.006507421646961234,0.05134373646073423,0.006516016007941887,0.9999787705423472,0.0,0.0513426464610553,-0.00033455660868569377,0.9986810405360916,4707.063278044568,-545.2912686326822,-0.115331236646484,1.2452737006396878e-08,138.01947356685938,0.0,-32.95842070057812,-8.080526433140628,0.0,2.935538375872562e-17,2.279409798468652,1.5707963267948966,20.755700019341997,461.0,0.06637785125438377,2.5464211883923107,0.0,0.13963805314383673,-1596.5194305007824,-5.164301719039079,82.07996188653306,-0.09445340326117553,0.4281380229906614,-3.473656366477263,-0.09862352493869107,0.4271966905848379,-3.473656366477263,-4.506929958777321e-17,4.1407544078123827e-19,1.2765310386025964e-18,-4.507119455648283e-17,-2.5397928751010375e-20,1.2765310386025964e-18,-1596.618054025721,-4.737105028454241,78.6063055200558,-1058539.7818818595,224.4728556601671,119636.29451877977,0.02910628951410109,4717.256935820093
137.76753690592778,2001.0,12.0,14.0,14.0,23.0,45.0,1.0,3509679.127503273,11292.140064133246,-179473.9941760212,132.19149667443247,-296.0913030832394,4706.531365076685,3514283.142412526,4717.688220093096,3509622.05508507,-22980.881615270286,-179473.9941760212,3514283.142412526,127.66488371576757,-546.1383469474005,4706.531365076685,4739.83152727934,20229614.417447053,0.8263833031951752,1.6336242640747973,3.701371654383627e-07,1.393208368958552e-05,6.231978182839097,-0.05109209870551224,-0.006547871201364037,118083.14241252607,-0.023169150568639628,-0.023060890856376106,6122.58555033803,-16542139830.853394,-1040678191.162226,-206177870.61872333,-16541058808.419262,-1913805335.9951992,16574842421.003721,16652681065.882486,-0.998673673367065,0.006539280042044108,0.051069873115805284,0.006547824411885726,0.999978562767958,0.0,0.05106877831908495,-0.0003343965618995764,0.9986950826252904,4707.092046954934,-545.2907120107952,-0.11533042131053686,1.2491429312456551e-08,137.9847609167246,0.0,-32.87714137508689,-8.1076195416377,0.0,2.935473675772728e-17,2.279399232140486,1.5707963267948966,20.75837610707283,461.0,0.06658470652762345,2.5600325250240177,0.0,0.1400706322473391,-1596.5623535219931,-5.136824496522511,81.64319646551326,-0.09421130421013832,0.4294032386239668,-3.484422885174485,-0.098399991922286,0.4284627787467899,-3.484422885174485,-4.520811280205298e-17,4.1614407695742647e-19,1.2736137456857322e-18,-4.5210020979327046e-17,-2.533899645555059e-20,1.2736137456857322e-18,-1596.6607535139153,-4.708361717775721,78.15877358033877,-1058547.1160306167,224.62639386513302,119657.40890120872,0.02919835567036712,4717.240270004839
137.87600829090906,2001.0,12.0,14.0,14.0,23.0,45.0,1.0,3509693.446122226,11260.02257038531,-178963.46920397106,131.81580638082667,-296.09240915297084,4706.549727646002,3514271.3038652996,4717.696096652951,3509635.882344688,-23040.121966196148,-178963.46920397106,3514271.3038652996,127.2827150781304,-546.1377556126371,4706.549727646002,4739.83941462872,20229539.987297382,0.8263826644542266,1.6336242536621286,3.7073657824470996e-07,1.3953789790829592e-05,6.23212373809251,-0.05094680976414389,-0.00656472402313183,118071.30386529956,-0.023103285914685585,-0.02299533419627787,6131.414957515895,-16542136946.97335,-1040677836.805704,-206178187.1726392,-16541054762.446108,-1913812054.5217164,16574839520.564806,16652677823.075169,-0.9986809722073782,0.006556159150505719,0.05092477322599754,0.006564676871445022,0.9999784522766346,0.0,0.05092367591307162,-0.00033430468098028876,0.9987024919723995,4707.107221732216,-545.2904176915516,-0.11532999109776931,1.2511160224500723e-08,137.95845303399904,0.0,-32.83767955099855,-8.120773483000482,0.0,2.93542500155873e-17,2.279391283038095,1.5707963267948966,20.760389810542115,461.0,0.06669019873398802,2.567260731640661,0.0,0.14029128896269655,-1596.5850022680365,-5.122265929219478,81.41178005179181,-0.09407587745245755,0.43004934125006244,-3.4899110205658057,-0.09827418019961101,0.42910941743820635,-3.4899110205658057,-4.5278680280383454e-17,4.1721456208522893e-19,1.2719677947924755e-18,-4.528059535319581e-17,-2.5305812441536643e-20,1.2719677947924755e-18,-1596.6832764482363,-4.693156511781272,77.92186903122601,-1058551.010722259,224.77993207009894,119678.58989052227,0.029290422798288997,4717.223552472931
138.06233886478103,2001.0,12.0,14.0,14.0,23.0,46.0,1.0,3509717.9473114503,11204.851325469905,-178086.49216312513,131.17043869211605,-296.09430079146625,4706.581140474308,3514251.046391577,4717.709566178943,3509659.5378436395,-23141.88403085428,-178086.49216312513,3514251.046391577,126.62621915132414,-546.136710968489,4706.581140474308,4739.85290260283,20229411.859867647,0.8263815648850484,1.6336242357402784,3.7163388470828525e-07,1.3990984251379458e-05,6.232373773088279,-0.050697232294289296,-0.006593673376033405,118051.046391577,-0.022990143565084428,-0.022882720913887523,6146.552829734981,-16542131982.50245,-1040677226.8482859,-206178726.03254706,-16541047809.485188,-1913823547.3382466,16574834527.591787,16652672244.21022,-0.9986934602886006,0.006585153913411024,0.05067551800147683,0.006593625597799093,0.9999782618144637,0.0,0.05067441640766437,-0.00033413539267626634,0.9987151705442758,4707.1331797510475,-545.2899130673891,-0.11532925493753217,1.2544922680704997e-08,137.91343642572667,0.0,-32.77015463859001,-8.143281787136665,0.0,2.935341704277608e-17,2.27937767955974,1.5707963267948966,20.763836841517843,461.0,0.06687071319284149,2.5797039922608054,0.0,0.1406688598549493,-1596.6237583501352,-5.097256276314306,81.01423780981933,-0.0938401831579935,0.43115465681944126,-3.49930188806939,-0.098054981316409,0.4302156885926577,-3.49930188806939,-4.539942500970143e-17,4.1905209442143733e-19,1.2691007412875298e-18,-4.540135194470058e-17,-2.5248025182767042e-20,1.2691007412875298e-18,-1596.7218133314516,-4.667040587721648,77.51493592174994,-1058557.7152879275,224.93347027506485,119699.83748672047,0.0293824909008779,4717.206783228738
138.32444905607167,2001.0,12.0,14.0,14.0,23.0,46.0,1.0,3509752.209441026,11127.241644802672,-176852.8435183531,130.26257723899326,-296.0969438828264,4706.625050320829,3514222.718531555,4717.728383821312,3509692.6068354594,-23285.031829536794,-176852.8435183531,3514222.718531555,125.70270402733216,-546.1351797287371,4706.625050320829,4739.8717460121925,20229231.04604693,0.826380013144727,1.633624210455222,3.7282693395605316e-07,1.4043188253151661e-05,6.232725500817633,-0.05034614829338721,-0.006634395887360418,118022.7185315555,-0.022830984715222154,-0.022724306299647168,6167.7836293280125,-16542124976.562757,-1040676366.1756985,-206179473.58684972,-16541038022.902767,-1913839611.162368,16574827481.436304,16652664378.642168,-0.9987109207187675,0.006625940839420282,0.050324881967712176,0.006634347218414164,0.9999779924763272,0.0,0.050323774441680943,-0.0003338727406995124,0.9987329003567149,4707.169461571921,-545.2892052610298,-0.11532822548988803,1.2592135780740838e-08,137.85048562567889,0.0,-32.67572843851832,-8.174757187160559,0.0,2.935225203885691e-17,2.2793586536018893,1.5707963267948966,20.768659873068774,461.0,0.06712314706786213,2.5972646009318816,0.0,0.14119684125454732,-1596.6779561570752,-5.062072872067225,80.45497798103054,-0.09350211784072057,0.43269976840209806,-3.5124337144028,-0.09774007441504313,0.4317622186681821,-3.5124337144028,-4.556825958207141e-17,4.216340448564171e-19,1.2649832258982984e-18,-4.557020323990501e-17,-2.5165066575936243e-20,1.2649832258982984e-18,-1596.7756962314902,-4.630310653399043,76.94254426662773,-1058567.1769360006,225.0870084800308,119721.15168980329,0.02947455998114472,4717.189962276654
138.55502669297044,2001.0,12.0,14.0,14.0,23.0,46.0,1.0,3509782.1530011627,11058.968044808655,-175767.59660935728,129.4639086911356,-296.09925174041774,4706.663408646775,3514197.961173719,4717.744812177668,3509721.4974032566,-23410.958227602405,-175767.59660935728,3514197.961173719,124.89026533759245,-546.133773029894,4706.663408646775,4739.888196858069,20229071.430652134,0.8263786433045972,1.6336241881406295,3.740161775949957e-07,1.4088975018313767e-05,6.233034919454193,-0.05003729607122584,-0.00667021900317964,117997.9611737188,-0.022690971054201276,-0.02258494734040365,6186.397652588785,-16542118791.930363,-1040675606.5046879,-206180121.1638791,-16541029408.147167,-1913853642.8761172,16574821261.30921,16652657442.279379,-0.9987261776883601,0.006661821128535201,0.050016418696757776,0.00667016954159074,0.9999777541717048,0.0,0.050015306040095506,-0.00033361799257056337,0.9987483956736805,4707.201153257304,-545.2885845878569,-0.11532732578792526,1.2633822799277265e-08,137.7974514671485,0.0,-32.59235440144547,-8.2,0.0,2.9351269766188793e-17,2.279342611871836,1.5707963267948966,20.77272820609893,461.0,0.06734603293653202,2.612767046273368,0.0,0.1416631561123489,-1596.7253243516045,-5.0311197585986696,79.96296079703866,-0.09320175308115605,0.4340638686573149,-3.5240327985186277,-0.09746017756054774,0.43312760549406454,-3.5240327985186277,-4.571743546329803e-17,4.239176288847012e-19,1.2613255073585614e-18,-4.571939393645494e-17,-2.5091435710759882e-20,1.2613255073585614e-18,-1596.8227845291651,-4.597992153104605,76.43892799852003,-1058575.5294507686,225.2405466849967,119742.53249977075,0.029566630042099706,4717.173089621116
138.6467596036668,2001.0,12.0,14.0,14.0,23.0,46.0,1.0,3509794.0145283686,11031.805956665821,-175335.8399781816,129.14616019109718,-296.10016539386817,4706.678598988482,3514188.1540325475,4717.75131527877,3509732.9391255784,-23461.05664191814,-175335.8399781816,3514188.154032547,124.56703862198805,-546.1331978484077,4706.678598988482,4739.894708860035,20229007.776886046,0.8263780970133384,1.6336241792434079,3.7431289813162516e-07,1.4107142657896688e-05,6.233158019647624,-0.04991442125130385,-0.0066844707610649885,117988.15403254749,-0.022635267548770766,-0.022529504301172763,6193.7874203026295,-16542116325.515604,-1040675303.5795351,-206180376.1908937,-16541025979.097685,-1913859199.2897165,16574818780.741121,16652654677.961006,-0.9987322207259005,0.006676095761974633,0.04989369729022133,0.00668442098175605,0.9999776590085094,0.0,0.04989258261555473,-0.0003335104770241404,0.9987545338924434,4707.213702723236,-545.2883381646818,-0.1153269693865172,1.265221118897344e-08,137.7851925406844,0.0,-32.55557762205312,-8.2,0.0,2.935103982247167e-17,2.279338856605954,1.5707963267948966,20.77368081411802,461.0,0.06744432516452027,2.6189494717364177,0.0,0.14186946551125856,-1596.7440887420305,-5.018804772171878,79.76720709844871,-0.09309509981655939,0.4346670546924403,-3.5291690426265028,-0.09736227352753593,0.4337311768116345,-3.5291690426265028,-4.578374145083147e-17,4.2489209769507625e-19,1.2600497520227567e-18,-4.578570613446238e-17,-2.50659115328325e-20,1.2600497520227567e-18,-1596.841451015558,-4.585073595360243,76.2380380558222,-1058578.8604257666,225.3940848899626,119763.97991662285,0.02965870108675286,4717.156165266584
138.85797775289456,2001.0,12.0,14.0,14.0,23.0,46.0,1.0,3509821.215273811,10969.26400631557,-174341.70035322176,128.4145193637085,-296.1022593414335,4706.713423305472,3514165.6643392644,4717.766217808427,3509759.1713453243,-23576.409742655767,-174341.70035322176,3514165.6643392644,123.82278421706417,-546.1318398153408,4706.713423305472,4739.909631783635,20228860.86382375,0.8263768361578606,1.633624158712622,3.7549743558031996e-07,1.4148940922340582e-05,6.233441464639552,-0.04963149525266672,-0.006717285712855039,117965.66433926439,-0.02250700719293365,-0.02240184367744941,6210.7702908962965,-16542110632.987482,-1040674604.492216,-206180957.77954766,-16541018079.0834,-1913871936.8594098,16574813055.551218,16652648302.015293,-0.9987460770450706,0.006708963661532052,0.04961112167317292,0.0067172351968226894,0.9999774391211587,0.0,0.04961000240266767,-0.0003332495726568901,0.9987686101426745,4707.2424709594225,-545.2877718367598,-0.11532615208363609,1.2694379363879264e-08,137.7570804240805,0.0,-32.47124127224147,-8.2,0.0,2.9350512494907896e-17,2.2793302446932926,1.5707963267948966,20.7758657605382,461.0,0.06766973100371347,2.633218752680558,0.0,0.1423425740873729,-1596.7871200389461,-4.990447777045837,79.31645646172782,-0.09284558715518744,0.4360499344772386,-3.5409475173812925,-0.09713287749528454,0.43511498770012697,-3.5409475173812925,-4.593579119745931e-17,4.271340187004376e-19,1.257061067464056e-18,-4.5937770201657267e-17,-2.5006124077896193e-20,1.257061067464056e-18,-1596.8842529164415,-4.5553327893457105,75.77550894434653,-1058586.5484049898,225.54762309492853,119785.49394035956,0.029750773118113603,4717.139189217558
139.15797775289454,2001.0,12.0,14.0,14.0,23.0,47.0,1.0,3509859.583749419,10880.43288533547,-172929.67895260217,127.3753125498146,-296.1052100246298,4706.7625211775785,3514133.941004535,4717.787213982081,3509796.1596131264,-23740.248995424423,-172929.67895260217,3514133.941004535,122.76566241215994,-546.1298302857549,4706.7625211775785,4739.93065668237,20228651.36422732,0.8263750381312015,1.6336241294452227,3.769728732309816e-07,1.4208098965524866e-05,6.233844056989287,-0.0492296402038702,-0.0067638933641474466,117933.94100453518,-0.02232483212912819,-0.022220520432232715,6234.813132934272,-16542102515.293428,-1040673607.7425283,-206181770.43284202,-16541006847.6274,-1913889893.5933583,16574804891.291117,16652639219.670681,-0.9987656186519263,0.0067556471648425945,0.049209757469622584,0.006763841789292815,0.999977124960491,0.0,0.04920863179447624,-0.0003328470140139975,0.9987884659775467,4707.283026209483,-545.2869700265965,-0.11532499920744549,1.2753860616496529e-08,137.71742625566898,0.0,-32.352278767006936,-8.2,0.0,2.93497686105068e-17,2.2793180961390864,1.5707963267948966,20.778948801654085,461.0,0.06798768816667364,2.6535674187982528,0.0,0.14300992963487832,-1596.8478208667464,-4.9501682698299225,78.67619043142999,-0.09248180492134042,0.4379997702939014,-3.5575620520480076,-0.09679759809777297,0.437066251295523,-3.5575620520480076,-4.6150261560320874e-17,4.3031383759617366e-19,1.2526940594462195e-18,-4.6152260953708314e-17,-2.491878143524652e-20,1.2526940594462195e-18,-1596.944618464844,-4.5131020185344,75.11862837938197,-1058597.5117386673,225.70116129989444,119807.07457098094,0.029842846139191012,4717.122161478565
139.45797775289452,2001.0,12.0,14.0,14.0,23.0,47.0,1.0,3509897.6404572604,10791.600883165413,-171517.64288507917,126.33606661175602,-296.1081332334243,4706.8111916106445,3514102.4753068765,4717.8080102697195,3509832.8307387494,-23904.087631241382,-171517.64288507917,3514102.4753068765,121.70850205450176,-546.1277260861797,4706.8111916106445,4739.951481412402,20228440.89361189,0.8263732317314165,1.6336241000540583,3.7844255862237123e-07,1.426708174806111e-05,6.234246656586954,-0.04882777809471622,-0.006810500443303296,117902.47530687694,-0.02214265390893759,-0.022039194030092177,6258.76098036021,-16542094359.868649,-1040672606.5642233,-206182567.48045823,-16540995603.795076,-1913907692.0953944,16574796689.096687,16652630106.675726,-0.99878499713707,0.00680233083673916,0.04880837826736997,0.006810447794946738,0.9999768086314964,0.0,0.04880724633428351,-0.0003324069121459361,0.9988081608651931,4707.323223304152,-545.2861712373906,-0.11532385568086413,1.2812858799605746e-08,137.65618826719233,0.0,-32.212376534384674,-8.22190586640383,0.0,2.934863196250728e-17,2.279299533268546,1.5707963267948966,20.783661480624183,461.0,0.06830305737183656,2.6740110952924874,0.0,0.1436703863081147,-1596.9080311228672,-4.909885097604835,78.0358658455818,-0.09210564431571941,0.43991263231920386,-3.5739965464071557,-0.09644965847937659,0.4389806797206871,-3.5739965464071557,-4.6361875884451506e-17,4.3347856639446523e-19,1.2481498203191527e-18,-4.636389568179208e-17,-2.4827418532088227e-20,1.2481498203191527e-18,-1597.0044807813465,-4.470904417884149,74.46186929917464,-1058608.526115451,225.85469950486035,119828.72180848692,0.02993492015299364,4717.105082054163
139.7579777528945,2001.0,12.0,14.0,14.0,23.0,47.0,1.0,3509935.385385502,10702.768008144027,-170105.59228043357,125.29678188138564,-296.1110289945122,4706.859434695746,3514071.2672553165,4717.828606787913,3509869.1847105334,-24067.92562160791,-170105.59228043357,3514071.2672553165,120.6513034808717,-546.1255272433002,4706.859434695746,4739.9721060912125,20228229.463823248,0.8263714170596522,1.6336240705435572,3.7990655851310606e-07,1.4325821686645712e-05,6.234649263381576,-0.04842590898555954,-0.006857106954675586,117871.26725531695,-0.02196047256147407,-0.021857864500151897,6282.608612373471,-16542086167.166965,-1040671601.0593942,-206183349.0568063,-16540984348.04066,-1913925332.4567246,16574788449.42727,16652620963.493223,-0.9988042124859735,0.006849014658830833,0.04840698419110191,0.006857053218036661,0.9999764901342256,0.0,0.048405846149401036,-0.00033192926672304514,0.9988276947910097,4707.363062342284,-545.285375496665,-0.11532272150676784,1.2871373896280721e-08,137.57816813829237,0.0,-32.05633627658474,-8.260915930853814,0.0,2.9347189740690906e-17,2.2792759799988627,1.5707963267948966,20.789644278956963,461.0,0.06861584091273648,2.6945489944481587,0.0,0.14432424972764255,-1596.9677507291399,-4.869598290529305,77.39548318229112,-0.09171753145627201,0.4417927119061689,-3.5902603343294626,-0.09608952390725349,0.4408624607120874,-3.5902603343294626,-4.657086245053276e-17,4.366299867223262e-19,1.2434375426760904e-18,-4.657290267358746e-17,-2.4732333027844566e-20,1.2434375426760904e-18,-1597.0638402530471,-4.428735829817218,73.80522284796166,-1058619.590918595,226.00823770982626,119850.43565287755,0.030026995162529643,4717.087950948948
140.0579777528945,2001.0,12.0,14.0,14.0,23.0,48.0,1.0,3509972.8185225446,10613.934268511486,-168693.52726697645,124.25745868548584,-296.1138973177592,4706.907250486142,3514040.316858861,4717.849003614116,3509905.221517051,-24231.762938125034,-168693.52726697645,3514040.3168588607,119.59406702313922,-546.1232337669672,4706.907250486142,4739.992530796461,20228017.083173756,0.8263695941867368,1.6336240409150928,3.813649383804144e-07,1.4384360347693736e-05,6.235051877320138,-0.04802403293633883,-0.0069037129026454265,117840.31685886113,-0.021778288116281002,-0.021676531871943558,6306.35333596915,-16542077937.50793,-1040670591.2709707,-206184115.29211935,-16540973080.684114,-1913942814.7095444,16574780172.60448,16652611790.445774,-0.9988232646842522,0.006895698612753931,0.04800557536510242,0.006903658062842897,0.9999761694687286,0.0,0.04800443136673748,-0.0003314140774307017,0.9988470677405353,4707.402543384713,-545.2845828150945,-0.1153215966854283,1.2929405889635389e-08,137.50079214715282,0.0,-31.90158429430563,-8.299603926423593,0.0,2.9345759097379785e-17,2.2792526158205195,1.5707963267948966,20.7955825559131,461.0,0.06892604844457054,2.7151803422894623,0.0,0.14497269295814777,-1597.0269796080208,-4.829307878724273,76.75504291910867,-0.09131870688928212,0.4436560261365146,-3.606389273347823,-0.09571859179258203,0.44272759902723413,-3.606389273347823,-4.677809781946276e-17,4.39775655001043e-19,1.2385863489873527e-18,-4.678015852233943e-17,-2.4634503276996148e-20,1.2385863489873527e-18,-1597.1226981998134,-4.386580279697039,73.14865364576085,-1058630.7057162207,226.16177591479217,119872.21610415283,0.03011907117080668,4717.070768167539
140.173618758896,2001.0,12.0,14.0,14.0,23.0,48.0,1.0,3509987.1646150276,10579.691295989398,-168149.21471763667,123.85682055110208,-296.1149956480371,4706.925567982611,3514028.455212097,4717.856812703528,3509919.0279309875,-24294.917125836066,-168149.21471763667,3514028.455212097,119.1865240196734,-546.1223244351198,4706.925567982611,4740.000350557238,20227934.96749007,0.8263688893732785,1.6336240294630588,3.8165594562488124e-07,1.4406856934282806e-05,6.23520707482022,-0.047869119927128445,-0.0069216779488281135,117828.45521209668,-0.021708060653631622,-0.02160663275906541,6315.478121742606,-16542074755.530354,-1040670200.9009784,-206184406.5851522,-16540968734.53587,-1913949511.3891528,16574776972.395067,16652608246.714952,-0.9988305651665927,0.006913693908710734,0.04785084038469679,0.006921622679793969,0.999976045282825,0.0,0.047849694131348784,-0.00033120546205391845,0.9988544924434581,4707.4176665921295,-545.2842780815147,-0.11532116559774633,1.2950524067383676e-08,137.4871724578852,0.0,-31.861517373655605,-8.312827542114798,0.0,2.9345502775279664e-17,2.2792484297629514,1.5707963267948966,20.796646860516226,461.0,0.06903896197445433,2.7231576095234677,0.0,0.14520885739894906,-1597.0496795105591,-4.813776176709663,76.5081571186336,-0.09115445385909929,0.4443473888467641,-3.6122692109164967,-0.09556484501796743,0.4434197749649647,-3.6122692109164967,-4.685399547809061e-17,4.409534511645912e-19,1.236587480814223e-18,-4.685606393335696e-17,-2.4594312227235878e-20,1.236587480814223e-18,-1597.145244355577,-4.370356401744698,72.89588790771711,-1058635.003247546,226.31531411975809,119894.06316231273,0.03021114818083205,4717.053533714588
140.3129356230721,2001.0,12.0,14.0,14.0,23.0,48.0,1.0,3510004.38633689,10538.437391496196,-167493.45907518754,123.37414993587386,-296.116313441295,4706.9475515213535,3514014.215907476,4717.866181308169,3509935.598422332,-24371.001098158482,-167493.45907518754,3514014.215907476,118.6955349772921,-546.1212102659895,4706.9475515213535,4740.0097319624565,20227835.8633838,0.8263680387371964,1.6336240156436652,3.8223729546012693e-07,1.4433911163181869e-05,6.23539404820776,-0.04768248932047044,-0.006943320973824572,117814.21590747591,-0.021623454509570855,-0.02152242218964408,6326.4498891457915,-16542070915.230856,-1040669729.7996831,-206184754.52887967,-16540963496.72176,-1913957547.952806,16574773110.093784,16652603971.999315,-0.9988393281203358,0.006935373507549911,0.047664422732545265,0.0069432651847150815,0.9999758952437677,0.0,0.04766327379325434,-0.00033094672690842363,0.9988634054792342,4707.435815533455,-545.2839115717538,-0.11532064809573199,1.2975838386709495e-08,137.47135100830656,0.0,-31.814053024919698,-8.328648991693434,0.0,2.9345204688462545e-17,2.279243561635793,1.5707963267948966,20.79788472250808,461.0,0.06917431327940878,2.7327854257466457,0.0,0.14549195111052574,-1597.0769300385707,-4.795063875740416,76.21071371381097,-0.09095433437081912,0.44517643626626,-3.619317797423072,-0.0953773595717408,0.44424982794446766,-3.619317797423072,-4.6944988560389984e-17,4.423701935278722e-19,1.2341505285889679e-18,-4.694706636042665e-17,-2.454532470186808e-20,1.2341505285889679e-18,-1597.1723073981425,-4.350814047795948,72.59139591638791,-1058640.189915888,226.468852324724,119915.97682735726,0.030303226195612487,4717.036247594781
140.5240149717177,2001.0,12.0,14.0,14.0,23.0,48.0,1.0,3510030.350890096,10475.933143160857,-166499.9161514453,122.64283887217317,-296.1182987834023,4706.980683539161,3513992.74777614,4717.880293946826,3509960.5740864156,-24486.275826065787,-166499.9161514453,3513992.7477761405,117.9516208854289,-546.1194833250937,4706.980683539161,4740.023863879544,20227685.34731323,0.8263667468022766,1.6336239946588575,3.836868163819257e-07,1.4474819550947711e-05,6.23567733497967,-0.047399721991532015,-0.00697611215010163,117792.74777614046,-0.021495266267963886,-0.021394833283982867,6343.028560735285,-16542065082.664656,-1040669014.3641961,-206185275.5074023,-16540955557.196133,-1913969659.2883904,16574767244.115715,16652597484.165953,-0.998852537845368,0.006968220364587301,0.04738197489360675,0.00697605556683004,0.9999756670283175,0.0,0.047380821949353405,-0.0003305392897239466,0.9988768434873149,4707.463166223293,-545.2833575536763,-0.11531986786810036,1.3014003953528076e-08,137.44749752904497,0.0,-31.74249258713486,-8.352502470955049,0.0,2.934475525854064e-17,2.2792362218881657,1.5707963267948966,20.799751352688283,461.0,0.06937838042159858,2.7474082037300724,0.0,0.14591875599705517,-1597.1180156864807,-4.766711361862291,75.76003313712887,-0.0906470215026152,0.4464260355713562,-3.6299446101726525,-0.09508915536115757,0.4455009991862588,-3.6299446101726525,-4.70821711624317e-17,4.445143990048751e-19,1.2304048304584055e-18,-4.7084263142118345e-17,-2.4470046876534203e-20,1.2304048304584055e-18,-1597.2131048418419,-4.321210362676032,72.13008852695621,-1058648.067355089,226.6223905296899,119937.95709928642,0.03039530521815441,4717.018909812828
140.82401497171767,2001.0,12.0,14.0,14.0,23.0,48.0,1.0,3510066.9878297076,10387.097233084523,-165087.8149268175,121.60341896420009,-296.12109716333083,4707.02740954301,3513962.455331325,4717.900182271577,3509995.800973853,-24650.111293177455,-165087.8149268175,3513962.455331325,116.89428922260461,-546.1169483247385,4707.02740954301,4740.043779364234,20227470.67116167,0.8263649041228974,1.6336239647369322,3.8484250218108407e-07,1.4532712216912746e-05,6.236079966944325,-0.04699782849282036,-0.007022716679345932,117762.45533132553,-0.021313074046801352,-0.02121349287843335,6366.497291110456,-16542056763.770935,-1040667994.0895774,-206186003.19870478,-16540944265.349983,-1913986738.2216125,16574758877.575947,16652588240.012955,-0.9988711733810774,0.007014904571839895,0.04698052896847233,0.007022658954454847,0.9999753408265672,0.0,0.046979370467460535,-0.00032992823244546755,0.9988958053259822,4707.501734465326,-545.2825728052615,-0.11531876691975036,1.3067857188754596e-08,137.41383925702837,0.0,-31.641517771085134,-8.386160742971622,0.0,2.934412106519725e-17,2.2792258647248786,1.5707963267948966,20.80238595388277,461.0,0.06966633276495716,2.768264972107966,0.0,0.14652098310423617,-1597.1759911665197,-4.726411882199571,75.11944796195638,-0.09020177827722106,0.44818859979168163,-3.6449392694638663,-0.09467100126008207,0.4472658977700118,-3.6449392694638663,-4.727573205808793e-17,4.475570312526694e-19,1.2249710434318878e-18,-4.7277844234608065e-17,-2.4360880187497558e-20,1.2249710434318878e-18,-1597.2706621677798,-4.279145984429559,71.47450869249252,-1058659.3028919809,226.77592873465585,119960.00397810023,0.030487385251463644,4717.001520373476
141.00658838217169,2001.0,12.0,14.0,14.0,23.0,49.0,1.0,3510089.1316341134,10333.033240072433,-164228.43430034645,120.97083256448666,-296.1227867984599,4707.055637148656,3513944.1461447007,4717.912188500924,3510017.0840213164,-24749.817582415268,-164228.43430034645,3513944.146144701,116.25080241526966,-546.1153592915239,4707.055637148656,4740.055801984745,20227339.594588444,0.8263637790029552,1.633623946471805,3.857069941027422e-07,1.4567841904026686e-05,6.236325003327604,-0.046753241640496455,-0.007051078903748862,117744.1461447007,-0.021202194396062034,-0.021103131623714053,6380.724961020052,-16542051684.380661,-1040667371.204448,-206186438.77352685,-16540937389.097445,-1913997054.8061008,16574753769.098694,16652582601.007637,-0.9988824346773716,0.007043315588715135,0.046736210784832345,0.0070510204766403945,0.9999751412461402,0.0,0.04673504898087211,-0.00032953797924443454,0.9989072662672325,4707.525031368809,-545.2820967559722,-0.1153181014825657,1.3100975978686174e-08,137.39268268087588,0.0,-31.578048042627653,-8.4,0.0,2.9343722920714504e-17,2.2792193625320336,1.5707963267948966,20.804040299456645,461.0,0.0698434116834001,2.781000105154344,0.0,0.14689173369650815,-1597.2110334450679,-4.701884790120675,74.72957450166092,-0.08993024240032992,0.44927169364734515,-3.6541702859759106,-0.09441609232339856,0.4483504262530767,-3.6541702859759106,-4.7394875991484496e-17,4.494261899915868e-19,1.2216582158547497e-18,-4.739700057944341e-17,-2.4294457924712507e-20,1.2216582158547497e-18,-1597.3054495373913,-4.253534363867598,71.07540421568501,-1058666.1631828751,226.92946693962176,119982.11746379867,0.030579466298545667,4716.984079281494
141.17586505289293,2001.0,12.0,14.0,14.0,23.0,49.0,1.0,3510109.5595314717,10282.906428554976,-163431.6373866077,120.38430486548656,-296.1243443071019,4707.081667650976,3513927.255675295,4717.9232543657545,3510036.712072298,-24842.262045439842,-163431.6373866077,3513927.255675295,115.65416837986687,-546.1138546815565,4707.081667650976,4740.066882953729,20227217.76221068,0.8263627332185902,1.6336239294983572,3.865695527515688e-07,1.460030951660802e-05,6.236552196111005,-0.046526465724454895,-0.007077375339672455,117727.25567529537,-0.0210993890765147,-0.021000806945438655,6393.879876241088,-16542046963.176846,-1040666792.3047458,-206186837.72719023,-16540931010.286327,-1914006567.7460392,16574749020.86288,16652577363.29361,-0.9988928218144772,0.007069657462406898,0.046509681474666706,0.007077316256426431,0.9999749554836893,0.0,0.046508516662190406,-0.0003291637247818739,0.9989178392285949,4707.546513210153,-545.2816563982171,-0.11531748760242085,1.3132645608821187e-08,137.37156959411922,0.0,-31.514708782357626,-8.4,0.0,2.934332653742522e-17,2.2792128891016605,1.5707963267948966,20.805687596560972,461.0,0.0700127257970547,2.7928373226552687,0.0,0.14724702969073916,-1597.2433611297304,-4.679142843712255,74.36807694662504,-0.08968350287332227,0.4503062261671439,-3.6630160905542057,-0.09418509704755892,0.4493862431212888,-3.6630160905542057,-4.7509021642069045e-17,4.511971856372268e-19,1.2186548654203099e-18,-4.7511157941866873e-17,-2.4234477348978948e-20,1.2186548654203099e-18,-1597.337546226778,-4.229756600590966,70.70506085607083,-1058672.539730426,227.08300514458767,120004.29755638173,0.030671548362405463,4716.966586541683
141.44927157342738,2001.0,12.0,14.0,14.0,23.0,49.0,1.0,3510142.3438795945,10201.943760268796,-162144.68485325866,119.43695226965232,-296.1268414744645,4707.123423533189,3513900.1483791745,4717.940993291874,3510068.2009388735,-24991.572794916938,-162144.68485325866,3513900.1483791745,114.69049298395367,-546.111360898475,4707.123423533189,4740.084646085774,20227020.369224437,0.826361038809359,1.633623902005346,3.877166459339192e-07,1.4652592986210082e-05,6.236919150235771,-0.046160185063753106,-0.007119847555657077,117700.14837917453,-0.02093334149793309,-0.02083553567227486,6415.0520615801215,-16542039313.796926,-1040665854.4887909,-206187472.2015558,-16540920700.67892,-1914021826.2568967,16574741327.693266,16652568884.4463,-0.9989094888077373,0.007112203460432585,0.04614379407680372,0.007119787402318831,0.9999746539924629,0.0,0.04614262451585126,-0.0003285340037632214,0.9989348078169054,4707.580968962773,-545.2809472286928,-0.11531650238301026,1.3183471789047748e-08,137.33768547396818,0.0,-31.413056421904507,-8.4,0.0,2.9342690354885135e-17,2.2792024994523263,1.5707963267948966,20.80833201825003,461.0,0.07028445974192564,2.812016418494375,0.0,0.1478172405636422,-1597.2952448444148,-4.642408956679754,73.78416848094359,-0.089278043437743,0.45196595154293956,-3.6772127016834033,-0.09380500750034937,0.4510481248847463,-3.6772127016834033,-4.769220769726823e-17,4.54053389946066e-19,1.2137137622835024e-18,-4.769436294765915e-17,-2.4135808469414402e-20,1.2137137622835024e-18,-1597.3890498519152,-4.1913608317950075,70.10695577926019,-1058682.871184606,227.23654334955359,120026.54425584943,0.030763631446047598,4716.949042158875
141.74927157342736,2001.0,12.0,14.0,14.0,23.0,49.0,1.0,3510178.019036111,10113.105300054121,-160732.5410040161,118.39741835916608,-296.1295553361276,4707.16883276088,3513870.650715631,4717.960267142265,3510102.4494711054,-25155.405781545353,-160732.5410040161,3513870.650715632,113.63304918422247,-546.1085341371514,4707.16883276088,4740.103946227314,20226802.906248894,0.8263591720805583,1.6336238717274203,3.891457574725353e-07,1.4709710538300605e-05,6.237321803485621,-0.04575827100919149,-0.007166450409442688,117670.65071563143,-0.0207511401411931,-0.020654186129451975,6438.175278440118,-16542030886.550293,-1040664821.4869336,-206188154.42618594,-16540909378.685423,-1914038417.8894665,16574732852.215319,16652559553.836338,-0.998927620957317,0.007158887814046948,0.0457423044218436,0.00716638906715982,0.9999743211041662,0.0,0.04574112980997315,-0.00032780715031539625,0.9989532729743565,4707.6184342651395,-545.2801720316475,-0.11531543026915209,1.3238779908191055e-08,137.30081339453932,0.0,-31.30244018361789,-8.4,0.0,2.934199802828682e-17,2.2791911929009387,1.5707963267948966,20.811210601773055,461.0,0.0705801610847328,2.833146177542444,0.0,0.14843773483809536,-1597.351705755859,-4.602098786421659,73.14341242833628,-0.08882335503911026,0.4537712159737482,-3.692661323870192,-0.09337807156851675,0.4528558717703049,-3.692661323870192,-4.789154063419504e-17,4.571813171173232e-19,1.2081646942466037e-18,-4.789371672643665e-17,-2.402501442909053e-20,1.2081646942466037e-18,-1597.4450838274277,-4.149242914651354,69.45075110446608,-1058694.253325833,227.3900815545195,120048.85756220175,0.030855715552476137,4716.931446137927
141.8839481013876,2001.0,12.0,14.0,14.0,23.0,49.0,1.0,3510193.932963923,10073.223518209148,-160098.5944846981,117.93073713942138,-296.13076472709554,4707.18907901588,3513857.4923870713,4717.968854728322,3510117.721208822,-25228.953695507902,-160098.5944846981,3513857.4923870717,113.15832802541934,-546.1072343683345,4707.18907901588,4740.112545524347,20226704.983087193,0.8263583314824585,1.6336238580968214,3.8971593471235343e-07,1.4735274525142548e-05,6.23750256550064,-0.045577840913097765,-0.007187371270553478,117657.49238707172,-0.020669345041983356,-0.02057277342784499,6448.5189132243395,-16542027091.738146,-1040664356.3838902,-206188455.9707881,-16540904292.605385,-1914045814.818616,16574729035.688284,16652555355.792442,-0.9989357077837243,0.007179845440564266,0.04556206244321485,0.007187309389476169,0.9999741709583003,0.0,0.04556088561880408,-0.0003274686392020176,0.9989615100022226,4707.635136872554,-545.279825028291,-0.11531495201448039,1.3265015225856549e-08,137.26873096767932,0.0,-31.25309645151897,-8.415634516160344,0.0,2.934140422018535e-17,2.2791814952787037,1.5707963267948966,20.813680215405583,461.0,0.07072039547828239,2.8426611181460046,0.0,0.1487310809381456,-1597.376892532438,-4.584001564755418,72.85574536357286,-0.08862534022262197,0.4546273950669778,-3.699956809611167,-0.09319300031715408,0.45371310755459593,-3.699956809611167,-4.7985332119928425e-17,4.586303733671315e-19,1.205749836100248e-18,-4.798751781044057e-17,-2.3976485536855028e-20,1.205749836100248e-18,-1597.470085532755,-4.130288457200822,69.1557885539617,-1058699.3787621632,227.5436197594854,120071.23747543873,0.030947800684694767,4716.913798483725
142.12884027737434,2001.0,12.0,14.0,14.0,23.0,50.0,1.0,3510222.709369356,10000.703142784436,-158945.83621914985,117.08211789827317,-296.1329496625747,4707.225673458018,3513833.6987238163,4717.984366980214,3510145.3270985167,-25362.690790524444,-158945.83621914985,3513833.698723816,112.29508949506773,-546.1048220151458,4707.225673458018,4740.128078925209,20226526.430496354,0.8263567987183136,1.6336238332482054,3.908537938774849e-07,1.478160640976135e-05,6.237831261767835,-0.04524974831784082,-0.007225412927106052,117633.69872381585,-0.020520609544458446,-0.020424733271565843,6467.2701858356595,-16542020172.234444,-1040663508.402531,-206188996.83564124,-16540895038.189926,-1914059183.4702737,16574722076.595243,16652547706.722208,-0.9989503283474573,0.00721795422467941,0.045234308122458135,0.007225350058239414,0.9999738968175799,0.0,0.045233127363061565,-0.0003268337108270225,0.9989764048107855,4707.665323454976,-545.279195609933,-0.11531408719652149,1.3312602552368296e-08,137.20924680953962,0.0,-31.163870214309444,-8.445376595230185,0.0,2.934030350797429e-17,2.279163519284126,1.5707963267948966,20.81825961272282,461.0,0.07097476177332979,2.8600111638060377,0.0,0.1492630745831503,-1597.422437795195,-4.551092314277375,72.33263134355549,-0.08826062663384711,0.4561799180308352,-3.7131866891238072,-0.09285182153300794,0.45526760818931683,-3.7131866891238072,-4.815537792687003e-17,4.612660545009574e-19,1.2012981075294385e-18,-4.815758111723599e-17,-2.3887016373228352e-20,1.2012981075294385e-18,-1597.515289616728,-4.095824706088059,68.61944465443169,-1058708.7245842312,227.69715796445132,120093.68399556034,0.031039886845706632,4716.896099201184
142.42884027737432,2001.0,12.0,14.0,14.0,23.0,50.0,1.0,3510257.678062856,9911.862859762952,-157533.66184515425,116.04250221116814,-296.1356013248976,4707.270114432395,3513804.784850594,4718.003188523706,3510178.856997211,-25526.52178300227,-157533.66184515425,3513804.7848505937,111.23756532160095,-546.1017808429269,4707.270114432395,4740.146926120208,20226306.83846791,0.8263549136171093,1.6336238026976522,3.922714764204105e-07,1.4838167494583637e-05,6.23823393029579,-0.04484781953019126,-0.007272014576794572,117604.78485059366,-0.020338401655583677,-0.020243377195271278,6490.138686724007,-16542011662.205132,-1040662465.6663036,-206189646.3908803,-16540883690.855286,-1914075416.7490966,16574713517.886799,16652538309.389484,-0.9989680906950165,0.007264638574418599,0.04483278710426497,0.007271950483614008,0.9999735590185191,0.0,0.04483160168137141,-0.0003260218078646235,0.998994505090225,4707.701977603769,-545.2784273089165,-0.11531303625911579,1.3370430298812686e-08,137.13696212648415,0.0,-31.055443189726212,-8.48151893675793,0.0,2.933896567514943e-17,2.2791416708160486,1.5707963267948966,20.823828323489796,461.0,0.07128387077473576,2.8813499903293263,0.0,0.14990953230277546,-1597.477785863979,-4.510774475034991,71.69175268703323,-0.08780416022628305,0.4580656895341701,-3.7292630656451724,-0.0924240973447172,0.45715591728804267,-3.7292630656451724,-4.836199497240622e-17,4.644882673803009e-19,1.1957189437711322e-18,-4.836421964442537e-17,-2.3774931284254626e-20,1.1957189437711322e-18,-1597.5702099613238,-4.053618557746948,67.96248962138806,-1058720.2187239286,227.85069616941723,120116.19712256658,0.031131974038514504,4716.878348295247
142.64985555415078,2001.0,12.0,14.0,14.0,23.0,50.0,1.0,3510283.240588252,9846.412153688325,-156493.27964626916,115.27657626244613,-296.13753728233974,4707.302581394213,3513783.6483712974,4718.016926932656,3510203.3561002063,-25647.218365878536,-156493.27964626916,3513783.6483712974,110.45844627730631,-546.0994798023294,4707.302581394213,4740.160683246401,20226144.459783003,0.8263535196398855,1.6336237801134168,3.934019441140941e-07,1.4879650743344333e-05,6.238530587540372,-0.04455170741979971,-0.007306346496166297,117583.64837129787,-0.020204164084538404,-0.02010976716918078,6506.912845753133,-16542005369.331625,-1040661694.712822,-206190115.82666916,-16540875323.9117,-1914087274.8746836,16574707189.02392,16652531367.35952,-0.9989810720780289,0.007299031736847683,0.04453697077189332,0.007306281490923691,0.9999733087691768,0.0,0.044535782025326286,-0.0003253996452124936,0.9990077368241267,4707.728752248243,-545.2778632335095,-0.11531226799542996,1.3411291784359349e-08,137.0929426347754,0.0,-30.97882790432622,-8.5,0.0,2.9338148410816275e-17,2.279128323876609,1.5707963267948966,20.827231686702778,461.0,0.07150231765676013,2.897129810676622,0.0,0.1503667865008005,-1597.5182474047222,-4.4810694775583775,71.21957195375205,-0.08745242061840013,0.45939871527282594,-3.7406382362298367,-0.09209301602072816,0.4584909834081216,-3.7406382362298367,-4.8508349027014774e-17,4.668122744302332e-19,1.1914077813237808e-18,-4.851058933758275e-17,-2.3688534066142176e-20,1.1914077813237808e-18,-1597.610340420743,-4.022578494150256,67.47893371752221,-1058728.7182971966,228.00423437438315,120138.77685645744,0.031224062266120678,4716.860545770877
142.71290138448018,2001.0,12.0,14.0,14.0,23.0,50.0,1.0,3510290.5014083455,9827.741899429466,-156196.50355570158,115.05808812885442,-296.138086803101,4707.311800328657,3513777.644716797,4718.020826110531,3510210.313038663,-25681.64764005971,-156196.50355570158,3513777.644716797,110.23619480286511,-546.0988140105763,4707.311800328657,4740.164587735514,20226098.05496596,0.8263531212627552,1.633623773660216,3.936840538270173e-07,1.4891442467548502e-05,6.238615211321258,-0.04446723916813159,-0.007316139814163146,117577.6447167974,-0.020165871794457595,-0.020071653889698515,6511.685449466109,-16542003570.932634,-1040661474.4037377,-206190248.33230308,-16540872936.39574,-1914090641.7659996,16574705380.340809,16652529384.492693,-0.9989847588439473,0.007308842572515596,0.044452586176178116,0.007316074547174302,0.9999732371684855,0.0,0.0444513964991039,-0.00032521843427960897,0.999011495220275,4707.736354319365,-545.2777026410521,-0.1153120497741141,1.3421964947915749e-08,137.08627190755266,0.0,-30.95881572265797,-8.5,0.0,2.933802263260546e-17,2.2791262697625427,1.5707963267948966,20.827755571273563,461.0,0.0715593943269116,2.901639464590671,0.0,0.15048654621664226,-1597.5297403889174,-4.47259563244292,71.08487450679209,-0.08734534165029392,0.4597475731107869,-3.7436202621539274,-0.09199152037736873,0.4588404950175225,-3.7436202621539274,-4.8546829727724244e-17,4.674446325545727e-19,1.1900902474077273e-18,-4.854907435981657e-17,-2.3662251706211264e-20,1.1900902474077273e-18,-1597.6217319092948,-4.013755137425398,67.34125424463817,-1058731.147342695,228.15777257934906,120161.42319723294,0.03131615153152694,4716.8426916330745
142.8108742108541,2001.0,12.0,14.0,14.0,23.0,50.0,1.0,3510301.7573419986,9798.728372329957,-155735.31421367262,114.71855584684697,-296.1389383591097,4707.326089119587,3513768.3376638917,4718.02686800043,3510221.0962713175,-25735.1504333411,-155735.31421367262,3513768.3376638913,109.89081436805152,-546.0977710895697,4707.326089119587,4740.17063785444,20226025.868332345,0.8263525015495107,1.6336237636225437,3.9396596152789506e-07,1.4909771577473707e-05,6.238746716728364,-0.04433597547653986,-0.007331358523557011,117568.33766389126,-0.020106365569033797,-0.020012425845611335,6519.091005727649,-16542000773.359272,-1040661131.7073859,-206190453.01430422,-16540869225.560734,-1914095860.0663483,16574702566.770475,16652526300.881184,-0.998990473744512,0.007324088545476212,0.04432145185678699,0.00733129284842459,0.9999731257114717,0.0,0.0443202607493018,-0.00032493354302945724,0.9990173216242582,4707.74813659459,-545.2774533590208,-0.11531171147890774,1.3438510819748883e-08,137.07593073765693,0.0,-30.927792212970846,-8.5,0.0,2.933782764512989e-17,2.2791230853754083,1.5707963267948966,20.828567776231964,461.0,0.07164787678464055,2.90865467438806,0.0,0.15067220160046046,-1597.5475573423416,-4.459427040292394,70.8755508820934,-0.08717812182243762,0.4602883219825825,-3.748243103743746,-0.09183296933724976,0.45938227003306636,-3.748243103743746,-4.8606483251937754e-17,4.684267371343036e-19,1.1880321398196762e-18,-4.860873460364919e-17,-2.3621197382341442e-20,1.1880321398196762e-18,-1597.6393903116789,-4.000044770259327,67.12730777834966,-1058734.9259514045,228.311310784315,120184.1361448931,0.031408241837734725,4716.82478588686
142.97987503464788,2001.0,12.0,14.0,14.0,23.0,50.0,1.0,3510321.0953812134,9748.680524122508,-154939.77015111767,114.13286183683678,-296.1404004256891,4707.350630089289,3513752.3478220263,4718.037240369917,3510239.6175658223,-25827.441252930326,-154939.77015111767,3513752.347822027,109.29503259059769,-546.0959483850488,4707.350630089289,4740.181024348497,20225901.14059738,0.8263514307665958,1.633623746281288,3.948104768840032e-07,1.4941303007862297e-05,6.238973562121949,-0.0441095471067389,-0.007357610309774935,117552.34782202635,-0.02000371802765373,-0.019910258160298025,6531.833351045847,-16541995939.538164,-1040660539.6162872,-206190802.57881173,-16540862822.741104,-1914104821.979908,16574697705.311377,16652520975.43593,-0.9990002908832257,0.007350387476493405,0.044095244859005484,0.007357543926615219,0.9999729329073702,0.0,0.04409405132892835,-0.00032443270100498674,0.9990273316485512,4707.768371272818,-545.277024152183,-0.11531113027105387,1.3466937205286495e-08,137.05816424669592,0.0,-30.87449274008782,-8.5,0.0,2.933749264374173e-17,2.2791176143875544,1.5707963267948966,20.829963350616307,461.0,0.07179989392332578,2.9207760698269167,0.0,0.15099116439173063,-1597.5781679727852,-4.436710702155375,70.5144593381609,-0.08688733482293355,0.46121717263082973,-3.7561853403155907,-0.0915571137953496,0.46031291986612166,-3.7561853403155907,-4.8708968778675816e-17,4.701191854072674e-19,1.1844515426046227e-18,-4.8711231732923206e-17,-2.3549776183507422e-20,1.1844515426046227e-18,-1597.6697250865805,-3.976397782289254,66.75827399784531,-1058741.454887161,228.4648489892809,120206.91569943786,0.031500333187744936,4716.80682853728
143.21621824965032,2001.0,12.0,14.0,14.0,23.0,51.0,1.0,3510347.9731152174,9678.689509556925,-153827.21573502145,113.31376555247772,-296.1424305500126,4707.384723108936,3513730.123627244,4718.051640242521,3510265.350244637,-25956.507019062712,-153827.21573502145,3513730.1236272436,108.46182916692302,-546.0933490812489,4707.384723108936,4740.195443824696,20225726.273478415,0.8263499295157757,1.633623721973975,3.959336953039917e-07,1.498522738012207e-05,6.239290802948729,-0.04379288962747871,-0.007394322468953954,117530.12362724403,-0.0198601666572412,-0.01976737785572378,6549.584492594004,-16541989162.49838,-1040659709.5885919,-206191284.02738732,-16540853864.994518,-1914117271.0488856,16574690889.528461,16652513514.663202,-0.9990139329826988,0.007387165805513732,0.04377889317698217,0.0073942550871363925,0.9999726621221734,0.0,0.04377769635494912,-0.00032371230358310113,0.9990412446501888,4707.7964789814105,-545.2764256159121,-0.11531032244291833,1.3506446884899491e-08,137.03347069693783,0.0,-30.800412090813456,-8.5,0.0,2.933702701455861e-17,2.2791100100859154,1.5707963267948966,20.831903424544745,461.0,0.07201118419919941,2.937770493700235,0.0,0.15143448978477989,-1597.6207145345436,-4.404940754717824,70.00945439017252,-0.08647574086233636,0.46250780897517435,-3.7672242814010226,-0.09116635412615212,0.46160613405375295,-3.7672242814010226,-4.885141009798166e-17,4.724824693981821e-19,1.1793799307433265e-18,-4.8853689301906955e-17,-2.344862075009155e-20,1.1793799307433265e-18,-1597.7118808886698,-3.9433346206640714,66.2422301087715,-1058750.6085296795,228.61838719424682,120229.76186086726,0.03159242558455805,4716.788819589408
143.48157770051114,2001.0,12.0,14.0,14.0,23.0,51.0,1.0,3510377.9199710367,9600.105016591295,-152578.06166555698,112.3940818501627,-296.14468971860947,4707.422686522045,3513705.36157176,4718.067661285275,3510294.007491807,-26101.417655439232,-152578.06166555698,3513705.36157176,107.52630684250364,-546.0903607619955,4707.422686522045,4740.211486670482,20225529.332661167,0.8263482387277772,1.6336236946051854,3.9705373628360974e-07,1.5034326447217644e-05,6.239646996774673,-0.043437350980307834,-0.007435541459640236,117505.36157175992,-0.01969898921590358,-0.019606953867593726,6569.418282724917,-16541981529.889105,-1040658774.8938854,-206191814.36091173,-16540843802.705404,-1914131131.8880289,16574683213.292467,16652505119.647018,-0.999029129158847,0.007428459409517329,0.04342369264487941,0.007435472944689833,0.9999723564889625,0.0,0.04342249226155249,-0.0003228756918195277,0.9990567465950485,4707.827773574247,-545.2757559617105,-0.11530942235118138,1.3550468316871254e-08,137.00595730195548,0.0,-30.7178719058664,-8.5,0.0,2.933650819672194e-17,2.279101537147644,1.5707963267948966,20.834065551353483,461.0,0.07224660583598548,2.95691061863533,0.0,0.1519284410645357,-1597.6681210260442,-4.369267951536302,69.44241066016549,-0.08600680279592622,0.46394532122420606,-3.779523892971101,-0.09072074248318786,0.4630466262659822,-3.779523892971101,-4.901011350685572e-17,4.751308795858741e-19,1.1735970036311194e-18,-4.901241098808892e-17,-2.3333286918857436e-20,1.1735970036311194e-18,-1597.7588417685274,-3.90622132527032,65.6628867671944,-1058760.917837618,228.77192539921273,120252.6746291813,0.031684519031174106,4716.770759048344
143.60467760815655,2001.0,12.0,14.0,14.0,23.0,51.0,1.0,3510391.7294119513,9563.649568530747,-151998.57728986518,111.96743260959171,-296.14573048533185,4707.4401844256745,3513693.942963024,4718.075040691437,3510307.2172578378,-26168.641241707726,-151998.57728986518,3513693.942963024,107.09231025654402,-546.0889493751909,4707.4401844256745,4740.218876116525,20225437.75202136,0.826347452472549,1.6336236818807348,3.9761257362742487e-07,1.5057031678617403e-05,6.239812236357181,-0.04327241541084493,-0.007454662760962152,117493.9429630246,-0.01962421848148281,-0.019532532658979255,6578.5844286084175,-16541977980.568815,-1040658340.284936,-206192056.73178014,-16540839132.996693,-1914137520.0096333,16574679643.687578,16652501218.538994,-0.9990361352581748,0.007447615434496341,0.04325891206155764,0.007454593716071385,0.9999722141302368,0.0,0.043257710075061,-0.00032247761401817224,0.9990638951174496,4707.842196254502,-545.2754461556864,-0.11530900728344376,1.3572871203572708e-08,136.99242870378077,0.0,-30.67728611134228,-8.50757129621924,0.0,2.933625359924497e-17,2.2790973792553086,1.5707963267948966,20.83512673277408,461.0,0.07236638055273531,2.965811263343212,0.0,0.1521792966299744,-1597.6899822298903,-4.352718524595658,69.17934605830847,-0.08579972708432686,0.46467717458456614,-3.785769536777011,-0.09052516729593132,0.4637797578955813,-3.785769536777011,-4.909071460887476e-17,4.764298322357661e-19,1.1710580744757783e-18,-4.909302093088774e-17,-2.3282492390614212e-20,1.1710580744757783e-18,-1597.7805073971863,-3.8889387667000768,65.39357652153146,-1058765.7118996046,228.92546360417865,120275.65400437999,0.031776613530592655,4716.752646919211
143.72173754858773,2001.0,12.0,14.0,14.0,23.0,51.0,1.0,3510404.8125662054,9528.982709213155,-151447.52365118053,111.5617117977015,-296.1467158947143,4707.456756988033,3513683.124873318,4718.082026818392,3510319.729321624,-26232.566302343323,-151447.52365118053,3513683.1248733173,106.67960270219771,-546.0875924528834,4707.456756988033,4740.225871746617,20225350.517422754,0.8263467035228715,1.6336236697616804,3.984493600464173e-07,1.5078568876093925e-05,6.23996936936993,-0.0431155715350345,-0.007472845785518447,117483.12487331778,-0.019553115991158592,-0.019461762544708362,6587.282023414969,-16541974599.66414,-1040657926.3252124,-206192285.06672695,-16540834690.636822,-1914143569.9741101,16574676243.462511,16652497504.214458,-0.9990427720906635,0.007465831542020202,0.04310221447662296,0.007472776234163198,0.9999720784178697,0.0,0.04310101099460146,-0.00032209320398071304,0.9990706677243664,4707.855855318889,-545.2751520235774,-0.11530861404119838,1.3595859644199724e-08,136.97890609164722,0.0,-30.636718274941664,-8.521093908352778,0.0,2.93359995156411e-17,2.279093229755158,1.5707963267948966,20.8361858834599,461.0,0.07248926031801173,2.974289667309381,0.0,0.15243631098297253,-1597.7106940113026,-4.33698060208306,68.92918083203469,-0.08561201797634942,0.4654283972043424,-3.792167923383687,-0.09034896895548072,0.46453210260956934,-3.792167923383687,-4.9173296820886703e-17,4.777244443953733e-19,1.1687698918911904e-18,-4.917561185121563e-17,-2.3236574189861028e-20,1.1687698918911904e-18,-1597.801042980258,-3.872448499473491,65.137012908651,-1058770.2784954626,229.07900180914456,120298.69998646327,0.03186870908581285,4716.7344832071585
143.9403765158809,2001.0,12.0,14.0,14.0,23.0,51.0,1.0,3510429.1214616057,9464.233296915956,-150418.2867995589,110.80391191914576,-296.14854518281726,4707.4875359648695,3513663.0244690957,4718.094993636211,3510342.969371192,-26351.962049168353,-150418.2867995589,3513663.0244690957,105.90875358517707,-546.0850194471709,4707.4875359648695,4740.238856198618,20225187.193966817,0.826345301296816,1.6336236470760692,3.99284392803143e-07,1.5118694942362928e-05,6.240262857520014,-0.042822623529036964,-0.007506806964633794,117463.02446909575,-0.019420313051495223,-0.01932958040087511,6603.478114433587,-16541968269.770182,-1040657151.3608636,-206192705.96682653,-16540826388.548155,-1914154805.240156,16574669877.400442,16652490554.463884,-0.9990551014497456,0.0074998546717922835,0.042809536871364226,0.007506736460712759,0.9999718240569129,0.0,0.04280833067228975,-0.000321359911298497,0.9990832515625809,4707.881220900079,-545.2746038846957,-0.11530788337365827,1.3638573003171518e-08,136.9537805863697,0.0,-30.561341759109084,-8.546219413630304,0.0,2.9335527405273377e-17,2.279085519607742,1.5707963267948966,20.83815417627816,461.0,0.07271757757086558,2.9901636072401687,0.0,0.15291384559541196,-1597.7491779923255,-4.307584755956865,68.46191327997666,-0.08525702589733647,0.4668238323305659,-3.8040562144527152,-0.09001543164184564,0.46592968671569707,-3.8040562144527152,-4.9326732162195784e-17,4.801390200745625e-19,1.1644388434525892e-18,-4.932906347552103e-17,-2.3149678499998452e-20,1.1644388434525892e-18,-1597.8391934239673,-3.841655069241168,64.65785706552394,-1058778.8283308372,229.23254001411047,120321.81257543122,0.031960805699833346,4716.716267917359
144.24037651588088,2001.0,12.0,14.0,14.0,23.0,52.0,1.0,3510462.206662202,9375.388359734945,-149006.03424862726,109.76408641472108,-296.15103143067876,4707.529398759756,3513635.667019712,4718.112612928108,3510374.583338578,-26515.787015521695,-149006.03424862726,3513635.6670197113,104.8510234598941,-546.081407116385,4707.529398759756,4740.256499442428,20224962.26987782,0.8263433701552289,1.633623615842734,4.00672246806289e-07,1.5173502043737902e-05,6.240665565457817,-0.04242065696403058,-0.007553405514839436,117435.66701971134,-0.019238088494366645,-0.019148207652704544,6625.596116259694,-16541959552.316942,-1040656084.2395171,-206193271.75814322,-16540814986.918055,-1914170084.5687022,16574661110.146366,16652480992.615755,-0.9990718776816438,0.007546538551053746,0.04240793536087227,0.00755333368979328,0.9999714731681952,0.0,0.04240672559683304,-0.00032032128687585227,0.9991003788501074,4707.915715828368,-545.2738543760236,-0.11530688888642832,1.3696707583113392e-08,136.9195837746392,0.0,-30.45875132391754,-8.58041622536082,0.0,2.9334884816014226e-17,2.279075025328745,1.5707963267948966,20.84083383512355,461.0,0.07302833094591764,3.0120255681978403,0.0,0.15356377367066126,-1597.801557760465,-4.267247229542755,67.82071978622373,-0.08476067219876099,0.4687223123413404,-3.8202363491979026,-0.08954842163197321,0.467831227924581,-3.8202363491979026,-4.9535552435274726e-17,4.834447377261488e-19,1.1583754650248907e-18,-4.953790612844447e-17,-2.3028063551328574e-20,1.1583754650248907e-18,-1597.8911061820968,-3.799416001618174,64.00048343702584,-1058790.6031297334,229.38607821907638,120344.99177128379,0.03205290337565233,4716.69800105501
144.49245216444342,2001.0,12.0,14.0,14.0,23.0,52.0,1.0,3510489.76539148,9300.735635380124,-147819.37632418994,108.89034478133362,-296.1530992595733,4707.564243364153,3513612.8791627805,4718.127263097972,3510400.901708218,-26653.44045001086,-147819.37632418994,3513612.8791627805,103.96223793961461,-546.0782986526674,4707.564243364153,4740.271169519474,20224772.54811017,0.8263417412171737,1.6336235895051907,4.017790783260123e-07,1.5219324164806454e-05,6.241003946558942,-0.042082899012722844,-0.007592559662282788,117412.87916278001,-0.01908497186113044,-0.01899580675330324,6644.085072204471,-16541952199.106049,-1040655184.2497559,-206193736.75611892,-16540805397.928389,-1914182800.6756396,16574653714.936535,16652472935.381603,-0.9990858476545293,0.007585764672049418,0.04207047885121942,0.007592486714493042,0.9999711766573526,0.0,0.04206926623939215,-0.00031941955175024395,0.9991146454783,4707.944423227198,-545.2732269403875,-0.11530606049327079,1.3744241674439972e-08,136.89109895347502,0.0,-30.382197906950033,-8.6,0.0,2.933434953592221e-17,2.2790662835414413,1.5707963267948966,20.843066546991672,461.0,0.07328243632101075,3.0304667170815835,0.0,0.15409579452349356,-1597.8451897404452,-4.233351096063486,67.281916540127,-0.08433036123631764,0.4702808023595392,-3.8334806221804745,-0.08914245402304576,0.46939244325503254,-3.8334806221804745,-4.9706471382909034e-17,4.861859897104018e-19,1.1531057700576197e-18,-4.970884376759282e-17,-2.2922600066620158e-20,1.1531057700576197e-18,-1597.9343321944682,-3.763958652808453,63.448435917946526,-1058800.5352871567,229.5396164240423,120368.23757402101,0.03214500211626762,4716.679682625331
144.64867911013107,2001.0,12.0,14.0,14.0,23.0,52.0,1.0,3510506.734697272,9254.468441782197,-147083.9262642513,108.34882096351144,-296.15437109954576,4707.5856873122075,3513598.8474648544,4718.136272079506,3510417.100382644,-26738.75244194411,-147083.9262642513,3513598.8474648544,103.41139072493111,-546.0763386112701,4707.5856873122075,4740.2801907386765,20224654.64711944,0.8263407289113649,1.63362357314056,4.023313522338894e-07,1.5247601814731526e-05,6.24121366458504,-0.04187356729235494,-0.007616825745550889,117398.84746485483,-0.018990075033696638,-0.018901353510378843,6655.498575076461,-16541947629.467407,-1040654624.9993017,-206194020.2152328,-16540799451.625626,-1914190625.5990746,16574649119.200657,16652467931.931366,-0.9990944478239155,0.007610075481791771,0.04186133154340481,0.007616752096093738,0.9999709921230249,0.0,0.041860117235049385,-0.00031884738477850347,0.9991234302734638,4707.962088165275,-545.2728391689566,-0.11530555039847128,1.3772305070290355e-08,136.87355933106855,0.0,-30.347118662137056,-8.6,0.0,2.9334019924531074e-17,2.279060900578919,1.5707963267948966,20.844441637579674,461.0,0.07343247465860236,3.041927072527447,0.0,0.1544107404255809,-1597.8720568867852,-4.212342445695254,66.94796892765697,-0.08405321534305175,0.4712101148475071,-3.841320169112211,-0.08888004872991931,0.4703235612659368,-3.841320169112211,-4.9807632313683285e-17,4.878416026122127e-19,1.149700453946943e-18,-4.981001609903197e-17,-2.2854725600473898e-20,1.149700453946943e-18,-1597.960936935515,-3.7420188844293167,63.106648758544765,-1058806.7076364122,229.6931546290082,120391.54998364285,0.032237101924676485,4716.661312633568
144.94867911013105,2001.0,12.0,14.0,14.0,23.0,52.0,1.0,3510539.083358911,9165.621766404649,-145671.6444170628,107.30891662000386,-296.1567925468639,4707.626541005308,3513572.09864832,4718.1534204533245,3510447.965129735,-26902.57477067395,-145671.6444170628,3513572.09864832,102.35358332458554,-546.0725028399909,4707.626541005308,4740.297362397734,20224427.57397462,0.8263387792115633,1.6336235416278735,4.037087316556024e-07,1.5301715040619967e-05,6.241616387363684,-0.04147158655086001,-0.007663423127347107,117372.09864831995,-0.018807844252331365,-0.01871997453647153,6677.316757887602,-16541938828.401506,-1040653547.9798844,-206194554.47144717,-16540788026.257689,-1914205531.4795113,16574640267.877462,16652458303.224487,-0.9991108383631043,0.007656758994933799,0.04145969979471976,0.007663348117912787,0.999970636116693,0.0,0.041458482376933045,-0.0003177201123910948,0.9991401769986691,4707.995737871131,-545.2720968906083,-0.11530457797784315,1.382580270336011e-08,136.84012331039995,0.0,-30.28024662079986,-8.6,0.0,2.9333391559240753e-17,2.2790506385949616,1.5707963267948966,20.84706360411805,461.0,0.07371849819907353,3.0639998174042153,0.0,0.15501112793893973,-1597.9232753816323,-4.171997521209515,66.30665708311197,-0.08351349943522288,0.4729812431456899,-3.856264900410542,-0.08836855937271758,0.47209825107698683,-3.856264900410542,-5.000047233251292e-17,4.910145101772604e-19,1.1430633489050845e-18,-5.00028780413105e-17,-2.2722443151236866e-20,1.1430633489050845e-18,-1598.0116439410049,-3.699899270132528,62.45039218270143,-1058818.5955658983,229.84669283397412,120414.92900014932,0.03232920280387581,4716.642891084989
145.24867911013104,2001.0,12.0,14.0,14.0,23.0,53.0,1.0,3510571.1200437634,9076.774369162798,-144259.35038497392,106.2689794600167,-296.1591865898299,4707.666967669231,3513545.607629388,4718.170369781175,3510478.512529227,-27066.395934018285,-144259.35038497392,3513545.607629388,101.29574377850952,-546.0685724739485,4707.666967669231,4740.314334728804,20224199.629498124,0.8263368219845741,1.633623510000726,4.04807260847277e-07,1.535549297078958e-05,6.242019116348259,-0.04106959990799952,-0.007710020021484636,117345.6076293881,-0.01862561088231461,-0.018538592973294327,6699.002703286707,-16541929993.426575,-1040652466.926909,-206195075.60317653,-16540776592.340708,-1914220279.329765,16574631382.458908,16652448647.713242,-0.9991270655222174,0.00770344232197975,0.04105805545023411,0.007709943635448091,0.9999702779428687,0.0,0.04105683512036432,-0.0003165552933024073,0.999156762516596,4708.029029970541,-545.2713577175967,-0.11530361490241371,1.3878784741223782e-08,136.80700953673514,0.0,-30.214019073470272,-8.6,0.0,2.933276922144181e-17,2.2790404750474083,1.5707963267948966,20.849661090290276,461.0,0.07400176949496454,3.0861578947990083,0.0,0.15560573142049883,-1597.9740019098522,-4.131649514322627,65.66529592048789,-0.0829639786223074,0.47473473859771714,-3.8710657215252566,-0.087847159610046,0.47385543188691276,-3.8710657215252566,-5.0191448047500376e-17,4.941789620161118e-19,1.1362984923582068e-18,-5.0193875719560104e-17,-2.258762456664158e-20,1.1362984923582068e-18,-1598.0618490694621,-3.657794082435714,61.79423019896264,-1058830.5293805804,230.00023103894006,120438.37462354044,0.032421304756861995,4716.624417984884
145.43152343711662,2001.0,12.0,14.0,14.0,23.0,53.0,1.0,3510590.4927771264,9022.62320969425,-143398.57795085918,105.63514145455271,-296.1606322815952,4707.691397570222,3513529.5883007813,4718.18060251833,3510496.9749371633,-27166.24125192703,-143398.57795085918,3513529.588300782,100.65099493833212,-546.0661306029988,4707.691397570222,4740.32458134783,20224060.281023905,0.8263356254575001,1.6336234906695282,4.0590281700719385e-07,1.5388116839186467e-05,6.242264575066806,-0.04082459378004724,-0.0077384197101159945,117329.58830078179,-0.0185145418338523,-0.018428043084668756,6712.15358696878,-16541924592.304905,-1040651806.1016779,-206195386.84161234,-16540769619.651466,-1914229190.3867278,16574625950.503063,16652442749.977203,-0.999136875530032,0.007731894828033939,0.040813254690765195,0.007738342476869267,0.999970058579611,0.0,0.040812032683949055,-0.0003158269423928322,0.9991667920029902,4708.04914554178,-545.2709087379517,-0.11530303250996331,1.390966654296773e-08,136.7884314453131,0.0,-30.1652943359393,-8.6,0.0,2.933241927487194e-17,2.279034759986215,1.5707963267948966,20.8511219750742,461.0,0.07416690047444417,3.0997040381029692,0.0,0.1559522540677634,-1598.0046774445077,-4.107056667980939,65.27437443240171,-0.08261746973390593,0.47574806996458086,-3.879693152833507,-0.08751725627017107,0.4748711427694862,-3.879693152833507,-5.0302769612139784e-17,4.960624242423873e-19,1.1320194958382943e-18,-5.030521048783644e-17,-2.250233831580072e-20,1.1320194958382943e-18,-1598.0921947007778,-3.6321855252114528,61.39468127956821,-1058837.824968934,230.15376924390597,120461.88685381619,0.032513407786630984,4716.605893338565
145.5894099678044,2001.0,12.0,14.0,14.0,23.0,53.0,1.0,3510607.127935202,8975.863336932804,-142655.29523172902,105.08781110584982,-296.16187247439444,4707.712365393162,3513515.8326226086,4718.189379203239,3510512.8224218837,-27252.457570471597,-142655.29523172902,3513515.8326226086,100.09424325939199,-546.0639937947399,4707.712365393162,4740.33336993596,20223939.709620345,0.8263345901474681,1.6336234739457565,4.0672254752982483e-07,1.5416192902032306e-05,6.242476531111241,-0.040613028643709595,-0.007762942768185175,117315.83262260864,-0.018418632675361382,-0.018332582221777752,6723.4671412706375,-16541919918.936485,-1040651234.3621088,-206195651.74206728,-16540763596.809917,-1914236837.9618633,16574621250.457949,16652437649.91059,-0.9991452976608666,0.00775646357344843,0.04060186492037129,0.0077628647983539545,0.9999698685111079,0.0,0.04060064152572944,-0.00031518678793787257,0.9991754043034626,4708.0664086817,-545.2705219960603,-0.11530253240651689,1.3935649490628132e-08,136.77314735845405,0.0,-30.11944207536212,-8.6,0.0,2.933213098292787e-17,2.279030051821473,1.5707963267948966,20.852325635415365,461.0,0.0743058460296925,3.111425049626779,0.0,0.1562437800698304,-1598.031018779248,-4.085819777041934,64.93679824193136,-0.08231234234213362,0.47659639945575843,-3.8869522064147146,-0.08722621394716412,0.4757215963948715,-3.8869522064147146,-5.039643509435497e-17,4.976673089201313e-19,1.1282451733341265e-18,-5.0398887289252105e-17,-2.242710779651814e-20,1.1282451733341265e-18,-1598.118244993195,-3.6100981806470624,61.049846035516644,-1058844.1375650223,230.30730744887188,120485.46569097656,0.03260551189617833,4716.587317151367
145.8145365789109,2001.0,12.0,14.0,14.0,23.0,53.0,1.0,3510630.6981493523,8909.189220374743,-141595.4605539636,104.30737053323462,-296.1636277563167,4707.742058677451,3513496.3422338525,4718.201798672238,3510535.2669389215,-27375.390759784605,-141595.4605539636,3513496.342233853,99.30036936460183,-546.0609017060351,4707.742058677451,4740.345806243312,20223767.40554521,0.8263331106024614,1.6336234500507356,4.0726811792601773e-07,1.545603864850256e-05,6.2427787570625854,-0.0403113602338603,-0.00779790937865864,117296.34223385295,-0.018281876902314274,-0.018196465662373994,6739.529985636473,-16541913240.331715,-1040650417.3777634,-206196023.32014674,-16540755006.172192,-1914247666.9215572,16574614533.734882,16652430366.302633,-0.9991572282972554,0.007791495448769856,0.04030044342210368,0.007797830350478572,0.999969596458725,0.0,0.04029921814590869,-0.00031425602085462457,0.9991876071389105,4708.090852810238,-545.2699720868263,-0.11530182379937151,1.3972464669388868e-08,136.75149137094772,0.0,-30.054474112843174,-8.6,0.0,2.9331722496727446e-17,2.2790233807355613,1.5707963267948966,20.85403136941999,461.0,0.07450271948140352,3.1281754263573815,0.0,0.1566568429160886,-1598.0683425167852,-4.0555371597696235,64.45543334269188,-0.08187292952808055,0.4777980831646754,-3.8972375923272216,-0.08680683591750665,0.47692636549402384,-3.8972375923272216,-5.052914716136924e-17,4.99951707670183e-19,1.1228069032464337e-18,-5.053161551385637e-17,-2.2318716413008898e-20,1.1228069032464337e-18,-1598.1551493527027,-3.5786107942756,60.55819575036465,-1058853.1587902084,230.4608456538378,120509.11113502157,0.032697617088499074,4716.5686894286455
146.11453657891087,2001.0,12.0,14.0,14.0,23.0,54.0,1.0,3510661.8343567927,8820.339784090766,-140183.13204635566,103.26734045025529,-296.16594292058056,4707.781254324505,3513470.5953108007,4718.218175107942,3510564.8983609304,-27539.20840218369,-140183.13204635566,3513470.5953108007,98.24243885812338,-546.0566985402279,4707.781254324505,4740.362204872394,20223537.096140943,0.8263311329349838,1.63362341811921,4.0862885715967964e-07,1.5508859121932467e-05,6.243181503666021,-0.039909356887269834,-0.007844504890401614,117270.59531080071,-0.018099636232601503,-0.0180150767976047,6760.8082459867,-16541904313.279804,-1040649325.4789451,-206196507.35099807,-16540743553.372206,-1914261959.4125278,16574605555.740097,16652420639.274094,-0.999172983842885,0.0078381781361536,0.03989876341457046,0.007844424437071024,0.9999692320292916,0.0,0.039897535810586415,-0.0003129828347381719,0.9992037273138987,4708.123114295446,-545.2692420955859,-0.11530088770305176,1.4021097746265317e-08,136.72288367866744,0.0,-29.96865103600238,-8.6,0.0,2.9331182873817305e-17,2.2790145680246554,1.5707963267948966,20.856285137959063,461.0,0.07476279373751243,3.1505653189248126,0.0,0.15720250199452693,-1598.1176487685818,-4.01518042528118,63.81393251565715,-0.08127950850600785,0.4793849501441495,-3.9108247378948864,-0.08624002319977751,0.47851744725369083,-3.9108247378948864,-5.070445638882491e-17,5.029885208073186e-19,1.1154574069883933e-18,-5.0706946304525385e-17,-2.217224144017995e-20,1.1154574069883933e-18,-1598.2038887917815,-3.536662978027489,59.903107777762266,-1058865.2172070425,230.6143838588037,120532.82318595122,0.032789723366587774,4716.5500101757825
146.34330085470393,2001.0,12.0,14.0,14.0,23.0,54.0,1.0,3510685.3675197465,8752.587396506588,-139106.15648644362,102.47424679871408,-296.1676900014114,4707.810856404574,3513451.135319207,4718.230529715404,3510587.280444648,-27664.12629454426,-139106.15648644362,3513451.135319207,97.43569574505278,-546.0534299330471,4707.810856404574,4740.374576215232,20223360.94182091,0.8263296202658386,1.6336233937019264,4.097141946812754e-07,1.554891009494839e-05,6.243488621153204,-0.03960280639186323,-0.007880035869007826,117251.13531920686,-0.01796066738674575,-0.017876757493132337,6776.9353386983275,-16541897485.241158,-1040648490.4210763,-206196867.97662845,-16540734816.3728,-1914272752.1734402,16574598688.743246,16652413206.008442,-0.9991848883720712,0.007873775734760832,0.03959245514704034,0.007879954317502052,0.9999689526780089,0.0,0.03959122590733697,-0.00031198673787642683,0.9992159113502095,4708.147475416698,-545.2686876050186,-0.11530018016736251,1.4057587446685407e-08,136.70141914900856,0.0,-29.90425744702575,-8.6,0.0,2.9330777889396456e-17,2.279007954127145,1.5707963267948966,20.85797691044326,461.0,0.0749579357170634,3.1676908885121646,0.0,0.15761191972934863,-1598.1549163579753,-3.9844045006124214,63.32472569067991,-0.08081946624311599,0.48057515042423204,-3.9210195734215794,-0.08580011091966433,0.47971095703065686,-3.9210195734215794,-5.0835991882614614e-17,5.05288949419482e-19,1.1097539712024822e-18,-5.083849821769563e-17,-2.205858162106985e-20,1.1097539712024822e-18,-1598.240716468895,-3.5046935435817645,59.40370611725833,-1058874.4403862618,230.76792206376962,120556.6018437655,0.03288183073343868,4716.531279398173
146.4364656493827,2001.0,12.0,14.0,14.0,23.0,54.0,1.0,3510694.8994660745,8724.994961524997,-138667.55369603456,102.15125230009762,-296.16839695330464,4707.8228408653,3513443.253152416,4718.23552810512,3510596.3427164657,-27714.999187556972,-138667.55369603456,3513443.2531524166,97.10714258628394,-546.0520830389962,4707.8228408653,4740.379581373788,20223289.06834251,0.8263290030673778,1.633623383740805,4.099850801288396e-07,1.5565152702804355e-05,6.243613696473338,-0.039477962035730355,-0.007894505866495923,117243.25315241609,-0.017904071585215703,-0.017820426218747975,6783.47871119529,-16541894699.279137,-1040648149.7286421,-206197012.7553855,-16540731257.207617,-1914277121.271523,16574595886.887222,16652410174.754221,-0.9991897092877774,0.00788827289659221,0.03946770837172791,0.007894423864910018,0.9999688385504026,0.0,0.03946647850072276,-0.0003115748188630777,0.9992208464578209,4708.157337056899,-545.2684623206467,-0.11529989357945235,1.4074337051115814e-08,136.6915664405201,0.0,-29.87469932156033,-8.6,0.0,2.9330592692789056e-17,2.279004929637021,1.5707963267948966,20.858750640727145,461.0,0.07504747936527381,3.1746784776398895,0.0,0.15779980758022197,-1598.1700116500476,-3.9718704412131327,63.12548719046461,-0.08064193823519387,0.4811214422352932,-3.9256973930555406,-0.08563143063716626,0.4802584954666909,-3.9256973930555406,-5.089634604893819e-17,5.062947929413964e-19,1.1075660806518501e-18,-5.089885942623711e-17,-2.2014967182857832e-20,1.1075660806518501e-18,-1598.2556430806849,-3.491611945746442,59.19978979740907,-1058878.203621259,230.92146026873553,120580.4471084644,0.032973939192045436,4716.512497101239
146.62024845780914,2001.0,12.0,14.0,14.0,23.0,54.0,1.0,3510713.6145600723,8670.564174099394,-137802.33462786846,101.51408395401923,-296.16978378054966,4707.846361348337,3513427.7771955747,4718.245331913806,3510614.1297822045,-27815.35392693019,-137802.33462786846,3513427.7771955747,96.45900907018564,-546.0493993205066,4707.846361348337,4740.38939845556,20223147.03689623,0.8263277833886764,1.6336233640590956,4.1079666471750495e-07,1.559711026808321e-05,6.243860429689447,-0.03923168452254717,-0.007923050173702104,117227.77719557472,-0.01779242641297265,-0.017709302869419515,6796.34668032825,-16541889193.80918,-1040647476.5191869,-206197294.82302552,-16540724233.638973,-1914285695.3369277,16574590350.011456,16652404187.415567,-0.999199173117594,0.007916870842619814,0.03922162155211927,0.007922967279414233,0.9999686128021665,0.0,0.03922039049532427,-0.00031075162420300906,0.9992305361641138,4708.1766895686305,-545.2680187873154,-0.11529933088125428,1.4107223459403728e-08,136.67222149446837,0.0,-29.816664483405187,-8.6,0.0,2.9330229069337805e-17,2.2789989912154045,1.5707963267948966,20.86026999018954,461.0,0.0752232917421821,3.1884870699966825,0.0,0.15816870923028994,-1598.1996503802359,-3.947144128810264,62.73244337289455,-0.08028893783701099,0.48219382344721506,-3.9348819142595963,-0.08529585043445104,0.48133337179994407,-3.9348819142595963,-5.101484449138076e-17,5.082762249672545e-19,1.1032136234345812e-18,-5.1017371770352695e-17,-2.19282066933948e-20,1.1032136234345812e-18,-1598.2849462306704,-3.46581075701032,58.79756145863495,-1058885.6403472275,231.07499847370144,120604.35898004795,0.033066048745401366,4716.49366329042
146.89661239624255,2001.0,12.0,14.0,14.0,23.0,54.0,1.0,3510741.5369913517,8588.713240313882,-136501.25081403376,100.55591829305827,-296.1718498655291,4707.881428496214,3513404.687340375,4718.259933718794,3510640.6528946664,-27966.26172432807,-136501.25081403376,3513404.687340375,95.4843549971804,-546.0452968438098,4707.881428496214,4740.404020021291,20222932.838574745,0.8263259439516734,1.633623334383935,4.1187628987685893e-07,1.5644927766427785e-05,6.24423145964767,-0.038861340058716144,-0.007965973432674783,117204.68734037504,-0.01762453794653375,-0.017542199095256592,6815.596202321351,-16541880890.875593,-1040646461.3573151,-206197710.216729,-16540713665.776907,-1914298476.9593844,16574581999.721655,16652395164.894644,-0.9992132889058672,0.007959874882929683,0.038851559373698094,0.007965889183834248,0.9999682718014161,0.0,0.03885032668370699,-0.0003094872165900358,0.9992449931494438,4708.205538189968,-545.2673540194983,-0.11529849132660847,1.4156289401703032e-08,136.6433591754688,0.0,-29.730077526406415,-8.6,0.0,2.9329686535610254e-17,2.2789901309672427,1.5707963267948966,20.86253731537692,461.0,0.07548560344906603,3.2093123580915055,0.0,0.15871910397923847,-1598.2438718816773,-3.909959807364338,62.141369656245,-0.07975116802655656,0.4837932636072386,-3.948585117641389,-0.0847841924321174,0.482936653637904,-3.948585117641389,-5.1191637695538626e-17,5.112488501315001e-19,1.0965780197536872e-18,-5.1194185903038954e-17,-2.179594321010943e-20,1.0965780197536872e-18,-1598.3286560741094,-3.427023153726434,58.19278453860361,-1058896.8559077308,231.22853667866735,120628.33745851614,0.03315815939649922,4716.474777971178
147.19661239624253,2001.0,12.0,14.0,14.0,23.0,55.0,1.0,3510771.547746217,8499.861352220423,-135088.8807267567,99.51577587693313,-296.17406633640553,4707.9190844030245,3513379.87041017,4718.275593106537,3510669.139495839,-28130.07463409418,-135088.8807267567,3513379.8704101695,94.42631467203519,-546.0407526466167,4707.9190844030245,4740.419700589773,20222699.48780822,0.8263239399963282,1.6336233020647153,4.134904422018441e-07,1.5696518519400197e-05,6.244634227598645,-0.038459316540578305,-0.00801256726812686,117179.87041016947,-0.017442288497313004,-0.01736080144852996,6836.353221014142,-16541871845.391428,-1040645355.5714657,-206198149.32176068,-16540702186.017403,-1914312199.9444113,16574572902.65643,16652385345.113792,-0.9992284549310592,0.008006556555699209,0.038449836257240744,0.008012481532284088,0.9999678995546281,0.0,0.03844860200037241,-0.0003080786029304886,0.9992605316391674,4708.236510458154,-545.2666353927942,-0.11529758894892868,1.4209025378389878e-08,136.61233801271183,0.0,-29.63701403813551,-8.6,0.0,2.932910340366895e-17,2.278980607699935,1.5707963267948966,20.864974872930475,461.0,0.07576753914440029,3.232000400926331,0.0,0.1593106670533842,-1598.2914024460383,-3.869592520185053,61.499699907913566,-0.07915804650379715,0.4855116220253247,-3.9633133706819272,-0.08421930109414957,0.48465930381162814,-3.9633133706819272,-5.138164879263804e-17,5.144661242850629e-19,1.0892528102831665e-18,-5.138421975006426e-17,-2.164994561736404e-20,1.0892528102831665e-18,-1598.3756217471325,-3.384933216373425,57.536386537231635,-1058909.0745728575,231.38207488363327,120652.38254386895,0.03325027114833144,4716.4558411489925
147.42731207907926,2001.0,12.0,14.0,14.0,23.0,55.0,1.0,3510794.4137374163,8431.533894276157,-134002.7619755343,98.71588676246601,-296.1757521670429,4707.947751195196,3513360.961602256,4718.287499766724,3510690.8297623857,-28256.045653116635,-134002.7619755343,3513360.9616022566,93.61266256668657,-546.0371938326402,4707.947751195196,4740.4316233466925,20222519.45371368,0.8263223938779038,1.6336232771362131,4.1429516000920366e-07,1.573595782465182e-05,6.2449439596647585,-0.038150157166976874,-0.008048397568871426,117160.96160225663,-0.017302137252712603,-0.01722130523870356,6852.216118432581,-16541864866.54076,-1040644502.537673,-206198478.70520324,-16540693352.46124,-1914322645.4302423,16574565884.016521,16652377775.668642,-0.9992400064015475,0.00804245449355439,0.038140903664627385,0.008048310677709123,0.9999676118231206,0.0,0.03813966835029315,-0.0003069698422214956,0.9992723710118506,4708.260084791653,-545.2660848917194,-0.11529690137966374,1.4250336394922578e-08,136.58870200282078,0.0,-29.577404005641583,-8.6,0.0,2.932865908522286e-17,2.2789733514290424,1.5707963267948966,20.866832568596777,461.0,0.0759883819052385,3.2495050857308647,0.0,0.15977415743874818,-1598.327618453363,-3.838548174856234,61.00622542193319,-0.07870155815608293,0.48686868859509536,-3.9748516337447355,-0.08378494415129212,0.4860196892349816,-3.9748516337447355,-5.1530534690759954e-17,5.169745756981852e-19,1.0836208501267259e-18,-5.153312337083842e-17,-2.1537722263363188e-20,1.0836208501267259e-18,-1598.4114033975143,-3.352528485621252,57.03137378818845,-1058918.5016740076,231.53561308859918,120676.4942361064,0.033342384003889905,4716.436852829362
147.658011761916,2001.0,12.0,14.0,14.0,23.0,55.0,1.0,3510817.0951925977,8363.20604909362,-132916.6366370972,97.91597980571039,-296.17742176340386,4707.976165145778,3513342.2052807393,4718.299288498397,3510712.3323178436,-28382.01584485877,-132916.6366370972,3513342.2052807393,92.79899304124791,-546.0335790540788,4707.976165145778,4740.443428008062,20222338.88981788,0.8263208431809811,1.6336232521381708,4.150983177776402e-07,1.5775192962987633e-05,6.24525369512076,-0.037840994594323316,-0.008084227602809576,117142.20528073935,-0.017161984623072304,-0.01708180764341099,6867.9946971312165,-16541857867.061888,-1040643647.0516405,-206198800.9351696,-16540684513.274105,-1914332997.3539212,16574558844.635153,16652370189.793734,-0.9992514611987006,0.008078352231729407,0.037831964229762885,0.008084139546003954,0.999967322810001,0.0,0.03783072798747971,-0.00030583887813283317,0.9992841149955892,4708.283447368523,-545.2655362015961,-0.11529621933636859,1.4292538118336474e-08,136.5652566009242,0.0,-29.53051320184836,-8.6,0.0,2.932821834072113e-17,2.2789661535250905,1.5707963267948966,20.868675658578063,461.0,0.07621397196676204,3.267061687741347,0.0,0.16024773280147522,-1598.3635432220271,-3.8075021543074294,60.51272411181272,-0.07824589534180916,0.4882667694710949,-3.9866395217271764,-0.08335188647298564,0.4874210924128901,-3.9866395217271764,-5.1682673556798265e-17,5.195215735156509e-19,1.0780062162779254e-18,-5.1685280202161934e-17,-2.1425870600313288e-20,1.0780062162779254e-18,-1598.4468951085,-3.3200810618945393,56.526084590085546,-1058927.9566856697,231.68915129356512,120700.67253522848,0.03343449796616616,4716.417813017807
147.95801176191597,2001.0,12.0,14.0,14.0,23.0,55.0,1.0,3510846.3139540227,8274.352500236155,-131504.2382971974,96.87576086796327,-296.17956861232346,4708.012736250826,3513318.042791454,4718.314442108232,3510740.0132988105,-28545.82520290131,-131504.2382971974,3513318.042791454,91.74087800600996,-546.0287947207696,4708.012736250826,4740.458602082874,20222103.29656368,0.8263188198445424,1.6336232195269855,4.164334718132681e-07,1.5825896084857258e-05,6.24565647763757,-0.03743895735173449,-0.008130820292842303,117118.04279145412,-0.016979729224970902,-0.01690040404604867,6888.385784566402,-16541848734.257206,-1040642530.9252185,-206199209.36014074,-16540673010.559088,-1914346318.972008,16574549659.772497,16652360300.724348,-0.9992662123208763,0.008125033047170604,0.03743021175296521,0.008130730704726795,0.9999669450627892,0.0,0.037428974499665923,-0.00030433497198425997,0.9992992440946447,4708.313511164817,-545.2648253995627,-0.11529534067765809,1.4346903719228214e-08,136.53505348931765,0.0,-29.470106978635318,-8.6,0.0,2.932765054705139e-17,2.2789568807507674,1.5707963267948966,20.871050533165597,461.0,0.0765045874769636,3.289969488259344,0.0,0.1608578090150928,-1598.409823848105,-3.767127677959874,59.870939248027476,-0.0776444779671759,0.4900673291750744,-4.001825141879873,-0.08277975024865457,0.4892260878493259,-4.001825141879873,-5.1878658711243664e-17,5.228239582969733e-19,1.0705890842923142e-18,-5.1881288744698085e-17,-2.1278118603748976e-20,1.0705890842923142e-18,-1598.4926035983535,-3.277901590110548,55.869114106147606,-1058940.2934975047,231.84268949853103,120724.91744123519,0.03352661303815115,4716.398721719865
148.25801176191595,2001.0,12.0,14.0,14.0,23.0,56.0,1.0,3510875.2206457523,8185.498311042704,-130091.82904389087,95.8355123326918,-296.18168801720157,4708.048879858715,3513294.1381716025,4718.329396394415,3510767.3768413574,-28709.633111852192,-130091.82904389087,3513294.1381716034,90.68273409626202,-546.0239157603096,4708.048879858715,4740.47357655164,20221866.81788085,0.8263167888547994,1.633623186799149,4.177643587850418e-07,1.587626245823566e-05,6.246059265789686,-0.03703691480530009,-0.008177412539471926,117094.13817160297,-0.016797471537335525,-0.016718998158458533,6908.63092520088,-16541839566.97167,-1040641410.6929611,-206199605.91637647,-16540661498.723755,-1914359482.400985,16574540440.239248,16652350384.27612,-0.9992807999470376,0.008171713492452793,0.03702844792596659,0.008177321402410528,0.9999665651483962,0.0,0.037027209885305064,-0.0003027935197230503,0.9993142118694169,4708.343216950365,-545.2641176693595,-0.1152944713630001,1.4400689113893307e-08,136.50517271450371,0.0,-29.410345429007435,-8.6,0.0,2.932708880013939e-17,2.2789477067274917,1.5707963267948966,20.873400664835668,461.0,0.07679210495571262,3.3129640718540174,0.0,0.16146137574925948,-1598.4556118777516,-3.7267504223335823,59.229109873178885,-0.07703312475672014,0.4918481220562335,-4.016848791994557,-0.08219754781719003,0.49101144651919143,-4.016848791994557,-5.20725467132978e-17,5.261152161479291e-19,1.063042197884894e-18,-5.207520016328024e-17,-2.1127790749758894e-20,1.063042197884894e-18,-1598.5378094255689,-3.235738975814391,55.21226108118433,-1058952.6769637838,231.99622770349694,120749.22895412656,0.03361872922283555,4716.3795789410915
148.38871432699264,2001.0,12.0,14.0,14.0,23.0,56.0,1.0,3510887.7169746226,8146.786544843466,-129476.47395745077,95.3822926579483,-296.1826028094777,4708.064493057007,3513283.8041699305,4718.335849295153,3510779.199179392,-28780.999697590843,-129476.47395745077,3513283.8041699305,90.22171807777129,-546.0217605274195,4708.064493057007,4740.4800381571595,20221763.51568072,0.8263159016316929,1.6336231725043229,4.1803002772050024e-07,1.5898086518320156e-05,6.246234752355089,-0.03686175318870729,-0.008197711489034918,117083.80416993005,-0.016718065670725906,-0.01663996339979283,6917.404980771244,-16541835562.329529,-1040640921.3638108,-206199775.00804174,-16540656480.550701,-1914365167.918263,16574536412.77531,16652346055.464256,-0.999287104279032,0.008192050885109412,0.036853405865980605,0.008197619671595038,0.9999663989513446,0.0,0.03685216755289699,-0.00030211020489223856,0.9993206825019071,4708.356047082184,-545.2638102927576,-0.11529409554646584,1.4421703234576583e-08,136.49311574436672,0.0,-29.379347233100148,-8.6,0.0,2.932686167768769e-17,2.2789439975363703,1.5707963267948966,20.87435101218878,461.0,0.07690446983369896,3.3230091269115873,0.0,0.1616971704413997,-1598.4754065158631,-3.7091581912759737,58.94946692334583,-0.07675182106152821,0.4925369483578164,-4.022719402739975,-0.0819280536969002,0.4917024319152072,-4.022719402739975,-5.2148287301725445e-17,5.27463943648834e-19,1.0595497896069094e-18,-5.2150950549978775e-17,-2.1058224467074828e-20,1.0595497896069094e-18,-1598.55733456956,-3.2174557593607664,54.92674752060586,-1058958.0865879878,232.14976590846285,120773.60707390255,0.03371084652320945,4716.360384687061
148.43518925318065,2001.0,12.0,14.0,14.0,23.0,56.0,1.0,3510892.146114775,8133.021472707459,-129257.66687905388,95.22113648696458,-296.1829268461771,4708.0700253018995,3513280.141425631,4718.338134781701,3510783.388417803,-28806.376000708715,-129257.66687905388,3513280.141425631,90.05778973355402,-546.0209898581423,4708.0700253018995,4740.4823267262145,20221726.751995098,0.8263155858801907,1.6336231674174135,4.182955279236526e-07,1.5905822215976776e-05,6.246297151732495,-0.03679946937341811,-0.008204929324165444,117080.14142563147,-0.016689830607012672,-0.016611860293760477,6920.51724435389,-16541834137.130705,-1040640747.2252343,-206199834.60256773,-16540654696.12294,-1914367182.3685544,16574534979.454964,16652344515.325573,-0.9992893384793349,0.008199282391702348,0.03679116428973502,0.008204837263985135,0.9999663397562297,0.0,0.03678992589017644,-0.0003018655157498171,0.9993229759343101,4708.360592909661,-545.263701149402,-0.11529396234217645,1.4428621751584985e-08,136.4890460284794,0.0,-29.36713808543826,-8.6,0.0,2.932678489960785e-17,2.2789427436551715,1.5707963267948966,20.87467229450725,461.0,0.07694147190016751,3.3265840411459773,0.0,0.1617747960459137,-1598.48242251105,-3.702902659773931,58.85003010121002,-0.07664858553744941,0.4927619297483021,-4.024652406994436,-0.08182881076212824,0.49192821712463103,-4.024652406994436,-5.217322054823117e-17,5.279237109708016e-19,1.0582638781752203e-18,-5.2175887184103583e-17,-2.1032609719916977e-20,1.0582638781752203e-18,-1598.564251321812,-3.2109744426493,54.82537769421558,-1058960.0118044969,232.30330411342877,120798.05180056316,0.03380296494226262,4716.341138963367
148.4825063365146,2001.0,12.0,14.0,14.0,23.0,56.0,1.0,3510896.6478194026,8119.006952683846,-129034.89460427454,95.05705934110271,-296.1832560824668,4708.075647288934,3513276.4186680433,4718.3404568035685,3510787.6457411484,-28832.21210277881,-129034.89460427454,3513276.4186680433,89.89089019878453,-546.0202028952665,4708.075647288934,4740.484651879556,20221689.303503048,0.8263152642458872,1.6336231622359394,4.182955279236526e-07,1.591369368439101e-05,6.2463606819663955,-0.03673605680483112,-0.008212277940595194,117076.41866804333,-0.016661083849497764,-0.016583247885083512,6923.681948393583,-16541832685.380354,-1040640569.8458605,-206199894.9909575,-16540652879.259436,-1914369229.437458,16574533519.431997,16652342946.72869,-0.9992916091333803,0.00820664492824328,0.036727794579054035,0.008212185632837059,0.9999662794350277,0.0,0.036726556097070644,-0.00030161546696789835,0.9993253069473217,4708.3652123181955,-545.2635901085251,-0.11529382695460674,1.4435653627029268e-08,136.48490963115924,0.0,-29.35472889347776,-8.6,0.0,2.932670686351145e-17,2.278941469229003,1.5707963267948966,20.87499885151716,461.0,0.07697908030014072,3.33022556318337,0.0,0.16185369352314588,-1598.4895534933655,-3.696533706472329,58.748790337977546,-0.07654327720573069,0.4929905830864856,-4.0266170847195735,-0.081727564647446,0.49215769167426804,-4.0266170847195735,-5.219856221375901e-17,5.283915740518081e-19,1.0569520264563525e-18,-5.2201232299315126e-17,-2.1006478483209934e-20,1.0569520264563525e-18,-1598.571281058013,-3.2043760147980613,54.72217325325797,-1058961.9728896935,232.45684231839468,120822.56313410841,0.033895084482984277,4716.321841775618
148.62304509647524,2001.0,12.0,14.0,14.0,23.0,56.0,1.0,3510909.9727758025,8077.381656648516,-128373.22632093068,94.56972162126101,-296.18422996968894,4708.092282966805,3513265.3993495936,4718.347324568407,3510800.2440614873,-28908.948940029346,-128373.22632093068,3513265.3993495936,89.39516967212839,-546.0178516517369,4708.092282966805,4740.491528904431,20221577.968906213,0.8263143080178618,1.6336231468325726,4.190910193450849e-07,1.5937033978063385e-05,6.246549377006443,-0.03654771130351052,-0.008234104358160296,117065.39934959402,-0.0165757013852147,-0.016498264456715102,6933.057655051351,-16541828369.293747,-1040640042.5142006,-206200072.65859038,-16540647482.452183,-1914375286.44531,16574529178.75206,16652338284.639448,-0.9992983293295853,0.008228512695164225,0.036539575502806086,0.008234011312445184,0.9999660999542467,0.0,0.03653833680952474,-0.00030086727804205023,0.9993322067371164,4708.378880382619,-545.2632607832255,-0.11529342620459383,1.4456467895211279e-08,136.47266594399338,0.0,-29.317997831980094,-8.6,0.0,2.932647587745115e-17,2.278937696940365,1.5707963267948966,20.875965518720236,461.0,0.07709040108775586,3.3410519318012866,0.0,0.16208722908418816,-1598.5106613028906,-3.6776165705430266,58.44808681824905,-0.07622929699224476,0.4936673094275707,-4.032432517014346,-0.08142563360171616,0.4928368739349236,-4.032432517014346,-5.2273572611601657e-17,5.297797905104139e-19,1.0530399795431284e-18,-5.227625294722676e-17,-2.092855439840805e-20,1.0530399795431284e-18,-1598.5920869364923,-3.184779696608103,54.41565430123471,-1058967.8032509293,232.6103805233606,120847.14107453829,0.033987205148363314,4716.302493129439
148.86989134979544,2001.0,12.0,14.0,14.0,23.0,56.0,1.0,3510933.21130899,8004.269479306816,-127211.04779367367,93.71373256533785,-296.18592607234706,4708.121276146299,3513246.1817076122,4718.359282353997,3510822.203458692,-29043.730886534497,-127211.04779367367,3513246.1817076122,88.52445720645817,-546.0136717112518,4708.121276146299,4740.503502806507,20221382.033186357,0.8263126251432489,1.633623119728767,4.2041349350410664e-07,1.597780439869204e-05,6.246880809254981,-0.03621689319428816,-0.00827244066523698,117046.1817076127,-0.016425732029818653,-0.0163489959788943,6949.438130043447,-16541820773.4048,-1040639114.5390773,-206200378.6136198,-16540638001.8273,-1914385841.5238872,16574521539.5861,16652330084.82179,-0.9993100460020304,0.008266921640093492,0.03620897631826153,0.008272346313859267,0.9999657835578494,0.0,0.036207737375918,-0.00029953319177498824,0.9993442400064072,4708.402698084137,-545.2626840987821,-0.11529272728231793,1.4492767885620453e-08,136.45131300845856,0.0,-29.253939025375672,-8.6,0.0,2.932607303859034e-17,2.2789311180825083,1.5707963267948966,20.877651603730243,461.0,0.0772845453421195,3.360105431823461,0.0,0.16249451389231875,-1598.547473893133,-3.6443885390048036,57.91989960015762,-0.07567349453083565,0.49484721226329625,-4.0425746380816765,-0.08089093565853492,0.49402115115402795,-4.0425746380816765,-5.2404388137155863e-17,5.32212964817646e-19,1.0461123565218896e-18,-5.24070864904918e-17,-2.079056791476415e-20,1.0461123565218896e-18,-1598.6283648287915,-3.1503673878507756,53.877324962075946,-1058978.064152902,232.7639187283265,120871.78562185282,0.03407932694138806,4716.283093030476
149.16989134979542,2001.0,12.0,14.0,14.0,23.0,57.0,1.0,3510961.169378689,7915.413395637508,-125798.60617781404,92.67339620698671,-296.1879625984731,4708.156124458027,3513223.060947095,4718.373635038285,3510848.6020617955,-29207.534215186366,-125798.60617781404,3513223.060947095,87.46622769746564,-546.0085056697545,4708.156124458027,4740.517874823696,20221143.25336661,0.8263105742389276,1.6336230867056887,4.2146848510894346e-07,1.6026986853655413e-05,6.247283614287626,-0.03581483490111738,-0.008319031590614367,117023.06094709504,-0.01624346755767268,-0.016167583304603144,6969.194753400981,-16541811516.417194,-1040637983.7623825,-206200740.07003325,-16540626477.374119,-1914398526.0063608,16574512229.865774,16652320100.382124,-0.9993241365993256,0.00831360084699905,0.03580717876305333,0.008318935636065644,0.9999653970562596,0.0,0.03580593972926109,-0.0002978776154389373,0.9993587173527986,4708.431319824057,-545.2619862496064,-0.1152918863805216,1.4536440433264913e-08,136.42562327455005,0.0,-29.176869823650154,-8.6,0.0,2.932558838328655e-17,2.2789232030607383,1.5707963267948966,20.879680504235292,461.0,0.07751812259084016,3.3833258663069423,0.0,0.16298451822821847,-1598.591764267005,-3.604003022133695,57.27793788950086,-0.07499066481955304,0.4962662368846624,-4.054776686342504,-0.08023365311108135,0.4954455959943464,-4.054776686342504,-5.256176854729259e-17,5.351611857729892e-19,1.0375970665448032e-18,-5.2564488821728987e-17,-2.0620966102592006e-20,1.0375970665448032e-18,-1598.671997920116,-3.1085574261393485,53.223161203158355,-1058990.5690141842,232.9174569332924,120896.49677605196,0.03417144986504652,4716.263641484389
149.4698913497954,2001.0,12.0,14.0,14.0,23.0,57.0,1.0,3510988.815343528,7826.556704813704,-124386.1541669725,91.63303160590598,-296.18997192049443,4708.190547094873,3513200.19808232,4718.387790305188,3510874.6831922024,-29371.335980148706,-124386.1541669725,3513200.1980823204,86.40797068710329,-546.0032452455368,4708.190547094873,4740.532049144952,20220903.76393556,0.82630851718948,1.6336230535924408,4.225208425151685e-07,1.6075763315041746e-05,6.247686424766525,-0.03541277154662507,-0.008365622090309123,117000.19808232039,-0.016061200914210816,-0.01598616845828778,6988.783891998231,-16541802231.752346,-1040636849.7476672,-206201090.2560623,-16540614950.603376,-1914411053.134925,16574502892.31953,16652310095.422552,-0.9993380636573493,0.008360279609508461,0.035405370361435325,0.008365524514546254,0.9999650083875918,0.0,0.03540413147043847,-0.0002961844937051766,0.9993730333311829,4708.459585400459,-545.2612917145705,-0.11529105482726244,1.4579554314779111e-08,136.4002476029005,0.0,-29.100742808701483,-8.6,0.0,2.9325109638477884e-17,2.278915384564679,1.5707963267948966,20.881685060970153,461.0,0.07774871525001394,3.4066160111598816,0.0,0.16346825513518384,-1598.6355618094092,-3.563614848373948,56.635933609083246,-0.07429949692840061,0.497666504934036,-4.066822756020441,-0.07956789475140746,0.4968514018314744,-4.066822756020441,-5.2717131796855564e-17,5.380968945338185e-19,1.028972597007872e-18,-5.2719874003882114e-17,-2.0449199051945597e-20,1.028972597007872e-18,-1598.7151297041605,-3.0667634465424736,52.5691108530628,-1059003.1113343388,233.07099513825833,120921.27453713575,0.03426357392232618,4716.244138496853
149.5714649372245,2001.0,12.0,14.0,14.0,23.0,57.0,1.0,3510998.104949583,7796.471592534447,-123907.92577527904,91.28078004778513,-296.1906460612399,4708.202105332162,3513192.5156470984,4718.3925381717145,3510883.4417624166,-29426.7953970735,-123907.92577527904,3513192.515647098,86.04966131065156,-546.0014427826438,4708.202105332162,4740.536803399654,20220822.511166207,0.8263078192726724,1.633623042359799,4.230460395389347e-07,1.6092191656856016e-05,6.247822809007886,-0.03527664035283605,-0.008381396541924888,116992.51564709842,-0.015999488837702802,-0.01592474478189543,6995.378645025194,-16541799081.659727,-1040636465.0333927,-206201206.28718734,-16540611047.128307,-1914415258.866598,16574499724.287449,16652306703.073858,-0.9993427420005032,0.008376083936764665,0.03526932418972671,0.008381298413147057,0.9999648763016178,0.0,0.03526808540062173,-0.0002956027308641256,0.9993778438464603,4708.4690747415625,-545.2610573028564,-0.11529077539950032,1.4596839794028535e-08,136.39064455887305,0.0,-29.07193367661911,-8.6,0.0,2.9324929096328896e-17,2.2789124360876305,1.5707963267948966,20.88244111368566,461.0,0.07784112165486654,3.4145179338081144,0.0,0.16366214880874222,-1598.6502790319971,-3.5499396793463127,56.41855512131365,-0.07407790230348132,0.49822950405460403,-4.071650151687875,-0.07935585858944776,0.49741614572479687,-4.071650151687875,-5.277941042736629e-17,5.391915263605248e-19,1.02622498996155e-18,-5.2782160590755515e-17,-2.0394464333084596e-20,1.02622498996155e-18,-1598.7296348905866,-3.0525235336215157,52.346904969625776,-1059007.3666971214,233.22453334322424,120946.11890510417,0.03435569911621417,4716.2245840735595
149.74523283532298,2001.0,12.0,14.0,14.0,23.0,57.0,1.0,3511013.9142606384,7745.003066771651,-123089.78968052792,90.67815524054635,-296.1917920797264,4708.22176517481,3513179.4414074426,4718.400607790634,3510898.341172559,-29521.67265056434,-123089.78968052792,3513179.441407443,85.43667323747678,-545.9983340736286,4708.22176517481,4740.54488387262,20220683.286611833,0.8263066233965226,1.6336230231153355,4.235705853567124e-07,1.612018472169677e-05,6.248056130955136,-0.03504375140647799,-0.008408382710720209,116979.44140744302,-0.01589391379986778,-0.015819663126959396,7006.618127755821,-16541793684.010717,-1040635805.8721405,-206201401.8247945,-16540604367.364582,-1914422411.8824134,16574494295.902037,16652300892.87701,-0.9993507020427144,0.008403121202012222,0.03503657918230785,0.008408283631033195,0.9999646497583703,0.0,0.035035340630767874,-0.0002945974952259975,0.9993860305803768,4708.485213681038,-545.2606571195171,-0.11529029985071794,1.4626256833253176e-08,136.3743017593038,0.0,-29.022905277911374,-8.6,0.0,2.9324621841906134e-17,2.27890741824211,1.5707963267948966,20.883727926610163,461.0,0.07799838286298967,3.42805786873345,0.0,0.16399212368403046,-1598.6753256285167,-3.526544070211245,56.04666184881878,-0.07369632525279408,0.4991874520165695,-4.079865597878954,-0.07899059749303562,0.498377112349929,-4.079865597878954,-5.2885396902414634e-17,5.410609859126575e-19,1.0214920482560506e-18,-5.2888160682888037e-17,-2.030018275624077e-20,1.0214920482560506e-18,-1598.7543162260097,-3.028166957861316,51.96679625093982,-1059014.6582325585,233.37807154819018,120971.02987995723,0.0344478254496971,4716.2049782202175
150.01518785313402,2001.0,12.0,14.0,14.0,23.0,58.0,1.0,3511038.2669155584,7665.044368018611,-121818.77749975507,89.7419363956682,-296.19355425494496,4708.252023310956,3513159.3017115104,4718.41301199269,3510921.2766900654,-29669.06698181395,-121818.77749975507,3513159.30171151,84.48435516750705,-545.9934416642283,4708.252023310956,4740.557304750163,20220466.445702896,0.8263047607970679,1.6336229931482273,4.246177330248092e-07,1.6163433172982006e-05,6.248418608982285,-0.03468194631296888,-0.008450306469611495,116959.30171150994,-0.01572989756909154,-0.015656413384622474,7023.971847102046,-16541785277.109552,-1040634779.3269861,-206201698.23329395,-16540593985.525846,-1914433419.279795,16574485841.135242,16652291849.809246,-0.9993629594250524,0.008445124298052763,0.03467499394075539,0.008450205900507988,0.999964296372745,0.0,0.03467375591769666,-0.00029301083839824993,0.9993986415816306,4708.510048226977,-545.2600375213664,-0.11528956728829343,1.4671571149102643e-08,136.34912713938743,0.0,-28.947381418162262,-8.6,0.0,2.932414854101734e-17,2.278899688652009,1.5707963267948966,20.885710479057053,461.0,0.07824063142848213,3.4491466606705936,0.0,0.16450041983481783,-1598.7139084238383,-3.4901963773247253,55.46888387153294,-0.07309736058553548,0.5006626295109967,-4.09252079000932,-0.07841688904559402,0.49985706379508965,-4.09252079000932,-5.304865586917243e-17,5.439572076466619e-19,1.0140585681812179e-18,-5.3051440817964566e-17,-2.0152112457966207e-20,1.0140585681812179e-18,-1598.792325312884,-2.9903393135296357,51.37636308152362,-1059026.014929086,233.5316097531561,120996.00746169491,0.03453995292576119,4716.185320942549
150.315187853134,2001.0,12.0,14.0,14.0,23.0,58.0,1.0,3511065.0334307677,7576.1860112294335,-120406.29689935122,88.7014939354918,-296.1954865719236,4708.285243487204,3513137.1655413187,4718.42660802638,3510946.4632473444,-29832.864187651063,-120406.29689935122,3513137.1655413187,83.42602241851687,-545.987914954474,4708.285243487204,4740.570919048914,20220224.69364047,0.8263026841696158,1.6336229597468577,4.2566230467217587e-07,1.6211114274810393e-05,6.248821434457826,-0.03427986902311958,-0.008496895793298393,116937.16554131871,-0.015547624962700402,-0.015474992573269558,7043.1021588891745,-16541775904.240202,-1040633634.9802227,-206202017.2171415,-16540582442.005516,-1914445501.788675,16574476414.909868,16652281776.741722,-0.999376425630214,0.008491801709385946,0.03427315565141008,0.008496793551599324,0.9999639015981234,0.0,0.034271918445263796,-0.0002912119279318611,0.9994125028243814,4708.53730723453,-545.259351973979,-0.11528876207402665,1.4721377532032883e-08,136.3214569266484,0.0,-28.864370779945194,-8.6,0.0,2.932362831808141e-17,2.2788911927667255,1.5707963267948966,20.88789002529536,461.0,0.07850689679401171,3.472658865690024,0.0,0.16505910310249494,-1598.7563170352935,-3.449800880689474,54.82676223475329,-0.07242301122758571,0.5022834010239908,-4.1064305512224,-0.07777047576080165,0.5014832605376143,-4.1064305512224,-5.322809368324583e-17,5.47164144627529e-19,1.0056837056935608e-18,-5.323090217478327e-17,-1.9985299952478874e-20,1.0056837056935608e-18,-1598.8340875110543,-2.94831762015186,50.72033168353089,-1059038.6765946764,233.685147958122,121021.05165031724,0.03463208154739223,4716.16561224629
150.615187853134,2001.0,12.0,14.0,14.0,23.0,58.0,1.0,3511091.487809203,7487.32707882457,-118993.80639658586,87.66102446073472,-296.19739154836765,4708.318036784253,3513115.287290438,4718.440005497313,3510971.3323008767,-29996.659721319913,-118993.80639658586,3513115.2872904385,82.36766341749262,-545.9822937297976,4708.318036784253,4740.584334504686,20219982.132456657,0.8263006005404778,1.6336229262424855,4.267043192170996e-07,1.625838923094399e-05,6.249224265147275,-0.03387778690194908,-0.008543484707997219,116915.28729043808,-0.01536535029631287,-0.015293569701183727,7062.067452684045,-16541766499.824938,-1040632486.9389657,-206202325.3652177,-16540570892.298698,-1914457426.4576213,16574466956.96888,16652271679.259373,-0.9993897282570493,0.008538478606107871,0.03387130699270682,0.00854338077527467,0.9999635046565093,0.0,0.03387007084772364,-0.000289375472994918,0.999426202659609,4708.564208897038,-545.2586696063028,-0.11528796620747772,1.4770603596514307e-08,136.29410911304763,0.0,-28.78232733914282,-8.6,0.0,2.93231141545902e-17,2.278882795839684,1.5707963267948966,20.890044645520902,461.0,0.07877006214488573,3.4962504873615585,0.0,0.16561127579749324,-1598.7982326029232,-3.409402842992861,54.18459986534368,-0.07173958524494681,0.5038846211885719,-4.120178284927602,-0.07711484684008055,0.5030900316626226,-4.120178284927602,-5.3405435359085525e-17,5.503586903928368e-19,9.971901162003332e-19,-5.340826741153889e-17,-1.9816132490031782e-20,9.971901162003332e-19,-1598.8753474497632,-2.9063128113302383,50.064421580416074,-1059051.3809419628,233.8386861630879,121046.1624458242,0.034724211317575575,4716.145852137197
150.683231511129,2001.0,12.0,14.0,14.0,23.0,58.0,1.0,3511097.4445570013,7467.172710236672,-118673.43496320676,87.42502957381113,-296.1978198256339,4708.325415390339,3513110.3609207836,4718.443016660904,3510976.9287309838,-30033.810309989378,-118673.43496320676,3513110.360920783,82.12761107440602,-545.9810056271862,4708.325415390339,4740.587349708586,20219927.01130668,0.8263001270361283,1.6336229186298745,4.274841632777798e-07,1.626906568143953e-05,6.2493156327805295,-0.033786589108192384,-0.00855405158547486,116910.36092078313,-0.015324007895886175,-0.015252420497981093,7066.345395483077,-16541764362.681086,-1040632226.0681636,-206202393.7659795,-16540568272.104727,-1914460109.1901708,16574464807.662643,16652269385.913525,-0.9993927226956685,0.00854906542193498,0.033780161387273515,0.00855394726663332,0.999963414323824,0.0,0.033778925517227824,-0.00028895371916510073,0.9994292874919415,4708.570260883325,-545.258515288651,-0.11528778699578672,1.4779278158433735e-08,136.28928991198126,0.0,-28.767869735943776,-8.6,0.0,2.932302286007862e-17,2.278881304887164,1.5707963267948966,20.890427266298314,461.0,0.07881646975051307,3.5016116974413665,0.0,0.16570862466736447,-1598.8076709629624,-3.4002397250578116,54.03894399252093,-0.07157164432097164,0.5041665382273305,-4.122602849802255,-0.07695235298292392,0.5033733543894924,-4.122602849802255,-5.343670943438401e-17,5.509922335291373e-19,9.950861525470847e-19,-5.3439546373406584e-17,-1.9774243903743982e-20,9.950861525470847e-19,-1598.8846233159454,-2.8968663706683193,49.91634114271867,-1059054.268001344,233.99222436805383,121071.33984821578,0.034816342239296166,4716.126040621029
150.77055705714923,2001.0,12.0,14.0,14.0,23.0,58.0,1.0,3511105.0657712305,7441.307049964352,-118262.27746314017,87.12215757469956,-296.1983674149213,4708.334852815567,3513104.0579814566,4718.446866230192,3510984.0871178894,-30081.48832699026,-118262.27746314017,3513104.057981456,81.81953189437134,-545.9793453938213,4708.334852815567,4740.591204442107,20219856.21679854,0.8262995188898464,1.6336229088532366,4.274841632777798e-07,1.6282715050060545e-05,6.2494328921281275,-0.033669547759073284,-0.00856761282399604,116904.0579814557,-0.015270949930217926,-0.015199610476769562,7071.822496786714,-16541761617.840263,-1040631891.029067,-206202480.7486406,-16540564909.2408,-1914463540.279148,16574462047.201715,16652266441.146479,-0.9993965533532232,0.008562652238736802,0.033663186604011616,0.008567508008220438,0.9999632982297546,0.0,0.03366195110547115,-0.0002884096208120885,0.9994332343221649,4708.578000999313,-545.2583174905941,-0.11528755770455236,1.4791884037088587e-08,136.2822866460619,0.0,-28.74685993818569,-8.6,0.0,2.932289074250497e-17,2.2788791472434453,1.5707963267948966,20.890981004566928,461.0,0.07888388333327113,3.508497387760863,0.0,0.1658500554873386,-1598.8197467517484,-3.3884798176817603,53.85200982653319,-0.07136286402405212,0.5045763226385985,-4.1261246733496595,-0.07675107967941999,0.5037848702544071,-4.1261246733496595,-5.348213771816758e-17,5.518604513293053e-19,9.924795208658036e-19,-5.348498121802145e-17,-1.9722339563290515e-20,9.924795208658036e-19,-1598.896497831428,-2.884694947427353,49.72588515318353,-1059057.9760013,234.14576257301974,121096.583857492,0.03490847431553848,4716.106177703572
150.90681351324588,2001.0,12.0,14.0,14.0,23.0,58.0,1.0,3511116.904531469,7400.948052107551,-117620.73544187029,86.64957356371781,-296.1992172299054,4708.349506240582,3513094.266985246,4718.4528394169965,3510995.202807616,-30155.88136039341,-117620.73544187029,3513094.266985246,81.33882310566518,-545.9767389135507,4708.349506240582,4740.597185639676,20219745.635857448,0.8262985689572752,1.6336228935834032,4.2826258728504253e-07,1.6303961005830916e-05,6.249615855990445,-0.03348692411449931,-0.00858877273016354,116894.26698524598,-0.015188161783493432,-0.015117209204536575,7080.338965013623,-16541757330.371992,-1040631367.717592,-206202614.67862374,-16540559661.745955,-1914468867.270454,16574457735.336124,16652261842.939701,-0.9994025027459822,0.008583852031466157,0.03348066590390877,0.00858866713586233,0.9999631167182265,0.0,0.03347943102707427,-0.00028755429493568767,0.9994393653497099,4708.590017835906,-545.2580094227702,-0.11528720151723684,1.4811466029508046e-08,136.2714077613844,0.0,-28.714223284153256,-8.6,0.0,2.9322685512279725e-17,2.2788757955795145,1.5707963267948966,20.891841236529785,461.0,0.07898860400010264,3.5192529491778606,0.0,0.16606975420043232,-1598.8385054771668,-3.370130088085118,53.560324529296686,-0.07103575805373244,0.5052127892540887,-4.131595486717238,-0.07643566598203114,0.5044240580246426,-4.131595486717238,-5.355270539642659e-17,5.532132538232221e-19,9.883947854547578e-19,-5.355555913639241e-17,-1.9641004018073745e-20,9.883947854547578e-19,-1598.9149411431488,-2.8657060300604753,49.42872904257945,-1059063.7679449655,234.29930077798565,121121.89447365286,0.03500060754928659,4716.086263390618
151.15003777206206,2001.0,12.0,14.0,14.0,23.0,59.0,1.0,3511137.8772182,7328.905034015072,-116475.54746481476,85.80597512923164,-296.2007202403508,4708.375444990558,3513076.921851065,4718.463400624065,3511014.8820272875,-30288.675577466718,-116475.54746481476,3513076.921851065,80.48072195208549,-545.9720378288794,4708.375444990558,4740.607761003539,20219547.88392066,0.8262968701658534,1.6336228662802217,4.28780751524516e-07,1.634165584266797e-05,6.2499424578180856,-0.03316092980545441,-0.008626543964640717,116876.92185106454,-0.015040379975845581,-0.014970117985849279,7095.451356962323,-16541749662.999376,-1040630431.9382805,-206202848.35682878,-16540550293.683435,-1914478295.5105135,16574450024.337652,16652253624.555521,-0.9994130388062523,0.00862169438678485,0.033154852585306614,0.00862643697107686,0.9999627916003595,0.0,0.033153618946301595,-0.00028600824611249223,0.99945022674971,4708.6112858116685,-545.2574612077968,-0.11528657049929981,1.4846156297870896e-08,136.25213539007171,0.0,-28.65640617021517,-8.6,0.0,2.932232194355571e-17,2.278869858051661,1.5707963267948966,20.893365330932394,461.0,0.07917412163751922,3.538487482306443,0.0,0.16645895860556686,-1598.8717378182891,-3.337373677084077,53.03963202263953,-0.07044782332285433,0.5063400348604837,-4.141287267266594,-0.07586853834338515,0.5055562200221477,-4.141287267266594,-5.367771673016828e-17,5.556222711228011e-19,9.810505387597286e-19,-5.368058875819389e-17,-1.9494769118642556e-20,9.810505387597286e-19,-1598.9476063566326,-2.8318174570619297,48.89834475537294,-1059074.1258378606,234.45283898295156,121147.27169669836,0.035092741943524165,4716.066297687974
151.45003777206205,2001.0,12.0,14.0,14.0,23.0,59.0,1.0,3511163.4629299575,7240.044542874077,-115063.03007938244,84.76543224422579,-296.202549474618,4708.407053203796,3513055.761377881,4718.476248480866,3511038.8674799656,-30452.466308594187,-115063.03007938244,3513055.7613778813,79.42229168636864,-545.966153934076,4708.407053203796,4740.620626069706,20219303.34200479,0.8262947693770294,1.633622832523597,4.3007343082612525e-07,1.6387768391698337e-05,6.250345302773469,-0.0327588345551761,-0.008673131764317972,116855.76137788128,-0.014858099731247607,-0.014788689533404651,7113.931390218437,-16541740181.290886,-1040629274.847126,-206203127.14727715,-16540538737.25262,-1914489782.1293604,16574440488.687782,16652243469.697336,-0.999425886170072,0.00866836975472607,0.032752975726822155,0.008673023027918286,0.999962388628471,0.0,0.03275174384248341,-0.0002840673127115772,0.9994634773622487,4708.637195922879,-545.2567880334923,-0.11528580064648601,1.488847724423744e-08,136.22862375320142,0.0,-28.585871259604268,-8.6,0.0,2.93218784111418e-17,2.2788626146176485,1.5707963267948966,20.89522494673391,461.0,0.07940044827832365,3.5622737362754355,0.0,0.1669337737993435,-1598.9122810447445,-3.296968727640031,52.397358832910456,-0.06971558905022932,0.5077147469530123,-4.153110942008004,-0.07516185418904606,0.5069370999493393,-4.153110942008004,-5.383022267205436e-17,5.585832867734902e-19,9.718995496980597e-19,-5.3833117272140064e-17,-1.931256672222819e-20,9.718995496980597e-19,-1598.9874428989335,-2.790031627690692,48.24424789090245,-1059086.9347863868,234.60637718791747,121172.71552662848,0.035184877501234404,4716.0462806014575
151.71068704943536,2001.0,12.0,14.0,14.0,23.0,59.0,1.0,3511185.439155565,7162.8393577004035,-113835.78364238479,83.86135548179716,-296.20411669724626,4708.434169850863,3513037.5859138197,4718.487250964108,3511059.448994528,-30594.77131742076,-113835.78364238479,3513037.58591382,78.50267444782888,-545.9609652202591,4708.434169850863,4740.631643279077,20219090.318815764,0.8262929393138727,1.6336228031238207,4.308471767545066e-07,1.6427474261179215e-05,6.2506953110094665,-0.032409478026714816,-0.008713608366697805,116837.58591381973,-0.014699727434364387,-0.01463105729930786,7129.842617765069,-16541731921.521456,-1040628266.982942,-206203361.00371802,-16540528695.487371,-1914499634.3462267,16574432181.935425,16652234630.8909,-0.999436915526545,0.008708922284263683,0.03240380464439965,0.00871349810080179,0.9999620367548196,0.0,0.03240257449081916,-0.00028235049022772864,0.9994748588356626,4708.659418351401,-545.2562058655685,-0.11528513936367732,1.4924828172360552e-08,136.208428793133,0.0,-28.52528637939908,-8.6,0.0,2.932149745475173e-17,2.2788563931276595,1.5707963267948966,20.89682247005141,461.0,0.0795948492772026,3.582994786573422,0.0,0.16734160812800714,-1598.9471058151025,-3.261861687136638,51.83930041500751,-0.06907314248892005,0.5088951007799983,-4.163266732479184,-0.07454150346665701,0.5081229052818911,-4.163266732479184,-5.396121209541111e-17,5.611465354076119e-19,9.638669517194655e-19,-5.396412631940379e-17,-1.9152638824231057e-20,9.638669517194655e-19,-1599.0216473185692,-2.753738781854747,47.67603368252832,-1059098.0930567533,234.75991539288339,121198.22596344326,0.03527701422540014,4716.026212136903
151.8058451800394,2001.0,12.0,14.0,14.0,23.0,59.0,1.0,3511193.403541164,7134.653100676843,-113387.73738115712,83.53128931992795,-296.20468375086114,4708.443989598088,3513030.998914508,4718.491230695862,3511066.903188122,-30646.723851355706,-113387.73738115712,3513030.998914508,78.16693489892322,-545.9590531746638,4708.443989598088,4740.635628334794,20219012.422090963,0.8262922701001794,1.6336227923745577,4.313622363248539e-07,1.644188346096736e-05,6.250823093347329,-0.03228193369495269,-0.008728385536870381,116830.99891450815,-0.014641908335689189,-0.014573508383423405,7135.6175379008055,-16541728901.116364,-1040627898.4563702,-206203444.46102208,-16540525029.279093,-1914503201.629332,16574429144.351398,16652231400.438942,-0.9994409113591672,0.008723727135008269,0.032276327028196675,0.008728274709033134,0.9999619078847972,0.0,0.03227509755462919,-0.0002817166489006916,0.9994789836277543,4708.667464396012,-545.2559939585534,-0.11528489970023394,1.4937752442356642e-08,136.2012486431352,0.0,-28.502497286270398,-8.6,0.0,2.9321361931690974e-17,2.2788541798681163,1.5707963267948966,20.89739084058261,461.0,0.07966397099472029,3.5905720396370366,0.0,0.16748660463737966,-1598.9597268953898,-3.249044316911222,51.6355565641617,-0.06883601597731838,0.5093135204874866,-4.166877639917233,-0.07431232024516854,0.5085433494863211,-4.166877639917233,-5.4007782976935406e-17,5.620707682546253e-19,9.608995510898345e-19,-5.4010704319313296e-17,-1.90935589089648e-20,9.608995510898345e-19,-1599.034039215635,-2.740500967424901,47.46867892424447,-1059102.1733882222,234.9134535978493,121223.80300714263,0.035369152119003704,4716.006092300154
151.88449067477507,2001.0,12.0,14.0,14.0,23.0,59.0,1.0,3511199.9621738084,7111.357918420604,-113017.43915610731,83.25849707491878,-296.2051503344768,4708.452072977346,3513025.574534606,4718.494504812367,3511073.0397540806,-30689.661008818766,-113017.43915610731,3513025.574534606,77.88945382029723,-545.9574657525277,4708.452072977346,4740.638906830177,20218947.986931443,0.8262917165312939,1.6336227834833525,4.316195356237993e-07,1.6453770154384758e-05,6.250928702199472,-0.03217652157959238,-0.008740598419296676,116825.57453460572,-0.014594122345888359,-0.014525945691978437,7140.377019003034,-16541726402.66264,-1040627593.6225517,-206203512.66345358,-16540521999.01301,-1914506137.9222548,16574426631.687925,16652228728.930254,-0.999444201375965,0.008735962878062574,0.032170969655146764,0.008740487125593669,0.99996180121283,0.0,0.03216974076312385,-0.0002811899460886749,0.9994823803906938,4708.6740871428365,-545.2558190711537,-0.11528470233489453,1.4949957297137124e-08,136.19446816825715,0.0,-28.488936336514307,-8.6,0.0,2.9321234459082293e-17,2.278852098082433,1.5707963267948966,20.89792547739309,461.0,0.07972922100114185,3.596839898914055,0.0,0.16762356427441955,-1598.9701203994196,-3.238450942560556,51.46716514054506,-0.06864660416793411,0.5097159235399451,-4.17028694617019,-0.07413008648601094,0.5089473541060457,-4.17028694617019,-5.4051764997542946e-17,5.628923799846562e-19,9.585396346294655e-19,-5.4054692529038085e-17,-1.9046579949993726e-20,9.585396346294655e-19,-1599.0442504859056,-2.7295035884545102,47.29687819437487,-1059105.5486092065,235.06699180281524,121249.44665772666,0.035461291185027145,4715.985921097066
152.1208956469509,2001.0,12.0,14.0,14.0,24.0,0.0,1.0,3511219.547969384,7041.3333832470935,-111904.33481725332,82.43848487847926,-296.20654157401907,4708.476194841828,3513009.3758157026,4718.504264748786,3511091.3546151663,-30818.72750089475,-111904.33481725332,3513009.375815702,77.0553475186418,-545.952654947048,4708.476194841828,4740.648679813463,20218753.986796662,0.8262900498348821,1.6336227567160784,4.32390514866919e-07,1.6489298026475698e-05,6.251246159898941,-0.03185965543253237,-0.008777309658842257,116809.37581570214,-0.014450478930821423,-0.01438297350179849,7154.611604318023,-16541718880.290798,-1040626675.866741,-206203713.48684296,-16540512888.528645,-1914514899.0561135,16574419066.535807,16652220689.317862,-0.9994540233186567,0.008772742741040594,0.031854265914468195,0.008777196956916335,0.9999614796648817,0.0,0.03185303887747022,-0.00027959116584927397,0.9994925241056335,4708.693847193271,-545.255294706066,-0.115284112929853,1.4986404414670183e-08,136.17421976962765,0.0,-28.448439539255354,-8.6,0.0,2.9320853792430235e-17,2.2788458813242243,1.5707963267948966,20.89952221104937,461.0,0.07992407648857863,3.615711343927654,0.0,0.16803256403481728,-1599.001158698227,-3.2066067315853246,50.960971990379974,-0.06807372756047125,0.5109174142418074,-4.1804681059549695,-0.07357872662086254,0.5101537097271411,-4.1804681059549695,-5.4183105743478066e-17,5.653566235883215e-19,9.513998007410697e-19,-5.418605188369548e-17,-1.8904449816716992e-20,9.513998007410697e-19,-1599.0747374248479,-2.6964530218581837,46.780503884425,-1059115.7107892912,235.22053000778115,121275.15691519532,0.03555343142645189,4715.9656985335105
152.4208956469509,2001.0,12.0,14.0,14.0,24.0,0.0,1.0,3511244.1234215647,6952.471159082025,-110491.78741610046,81.3978597876786,-296.2082826730852,4708.5064245012945,3512989.0501116132,4718.516473201309,3511114.3124433956,-30982.512371174784,-110491.78741610046,3512989.0501116132,75.99683759303477,-545.9464655490449,4708.5064245012945,4740.660904572231,20218507.127672054,0.8262879289681334,1.6336227226601285,4.334163538291782e-07,1.6534011794744612e-05,6.251649020893416,-0.031457545498204294,-0.00882389620466456,116789.05011161324,-0.014268192483991443,-0.01420153884464801,7172.518694955856,-16541709308.14264,-1040625508.1172489,-206203959.3588838,-16540501323.7218,-1914525876.0562406,16574409439.955578,16652210467.171822,-0.9994663411580638,0.008819416152233786,0.031452357476773225,0.00882378169866783,0.9999610696804823,0.0,0.031451133026447066,-0.00027752873628350983,0.9995052522168922,4708.718603867414,-545.2546321739915,-0.11528337332383372,1.5032137248870217e-08,136.14881263951654,0.0,-28.39762527903309,-8.6,0.0,2.932037614830945e-17,2.2788380808037627,1.5707963267948966,20.901526079554298,461.0,0.08016857713636269,3.6397252995447777,0.0,0.16854576530024748,-1599.0401055033185,-3.1661940397621695,50.31857461250039,-0.06733921880362381,0.5124245882592864,-4.193243174490386,-0.07287139210470828,0.5116671664808123,-4.193243174490386,-5.4347904424851356e-17,5.68471819445758e-19,9.422406956115011e-19,-5.4350874188592144e-17,-1.8722128872277524e-20,9.422406956115011e-19,-1599.1129768954231,-2.654526873281357,46.12533143801001,-1059128.6421286631,235.37406821274706,121300.93377954862,0.03564557284625916,4715.945424615362
152.72089564695088,2001.0,12.0,14.0,14.0,24.0,0.0,1.0,3511268.3866826366,6863.60841653119,-109079.23100768606,80.35720996957815,-296.2099964936632,4708.536227840074,3512968.982367281,4718.528483764754,3511136.9527151836,-31146.29537061814,-109079.23100768606,3512968.982367281,74.93830373821754,-545.9401817076026,4708.536227840074,4740.672931162045,20218259.526473332,0.8262858016724925,1.6336226885068537,4.3469524818107295e-07,1.6578296914935075e-05,6.252051886718042,-0.03105543115248963,-0.008870482372406669,116768.98236728087,-0.014085904183632007,-0.014020102333148718,7190.248626992106,-16541699707.03417,-1040624336.9302504,-206204195.31242478,-16540489755.31223,-1914536695.422802,16574399784.256369,16652200223.209957,-0.9994784953521388,0.008866088919928242,0.031050439544211675,0.008870366043203692,0.9999606575292148,0.0,0.03104921794320104,-0.00027542876455952434,0.9995178188527263,4708.743003794588,-545.2539728871386,-0.115282643062478,1.5077289673618042e-08,136.12372795910107,0.0,-28.347455918202176,-8.6,0.0,2.93199045739696e-17,2.278830379410345,1.5707963267948966,20.90350487208269,461.0,0.08040997616411286,3.6638121594258766,0.0,0.1690524529041416,-1599.0785588988542,-3.1257790196784376,49.676139877863235,-0.06659639619750012,0.5139121653101575,-4.205856141533638,-0.07215559648914895,0.513161147726096,-4.205856141533638,-5.4510607124916834e-17,5.715734980540704e-19,9.329726055835233e-19,-5.451360052084638e-17,-1.8537645180080144e-20,9.329726055835233e-19,-1599.1507144953434,-2.6126178719523416,45.4702837363296,-1059141.612657655,235.52760641771297,121326.77725078656,0.035737715447429604,4715.925099348515
153.02089564695086,2001.0,12.0,14.0,14.0,24.0,1.0,1.0,3511292.3377451035,6774.74516391724,-107666.66572209388,79.31653575637863,-296.2116830471477,4708.565604941177,3512949.1725880723,4718.540296538018,3511159.2754232762,-31310.076470751545,-107666.66572209388,3512949.1725880723,73.87974629143766,-545.9338034356579,4708.565604941177,4740.684759681969,20218011.192967925,0.8262836680314197,1.633622654257557,4.357156609658468e-07,1.6622130096365248e-05,6.252454757319411,-0.03065331245595472,-0.008917068166423564,116749.17258807225,-0.013903614058526392,-0.01383866399609853,7207.799446217716,-16541690077.34161,-1040623162.351065,-206204421.47915703,-16540478183.675817,-1914547357.1941931,16574390099.816504,16652189957.811329,-0.9994904858918077,0.008912761025712385,0.030648512242143634,0.008916949994778104,0.9999602432110942,0.0,0.030647293755712148,-0.00027329125107753934,0.9995302240039283,4708.767047063385,-545.2533168573705,-0.1152819221458156,1.5121861676837423e-08,136.0989657350903,0.0,-28.29689720527096,-8.6,0.0,2.931943907083612e-17,2.2788227771672527,1.5707963267948966,20.90545856784954,461.0,0.08064827335512297,3.687970974554247,0.0,0.16955261762125767,-1599.116518835363,-3.0853617017480284,49.03366826890048,-0.06584537538881254,0.5153792136207718,-4.2183068875650145,-0.07143144406444449,0.5146347210316526,-4.2183068875650145,-5.467121110034347e-17,5.746614713253988e-19,9.235968598059766e-19,-5.4674228135611454e-17,-1.8351023350512285e-20,9.235968598059766e-19,-1599.1879502794275,-2.5707269807163757,44.815361381335464,-1059154.6218674611,235.6811446226789,121352.68732890912,0.03582985923294359,4715.904722738866
153.32089564695085,2001.0,12.0,14.0,14.0,24.0,1.0,1.0,3511315.9766016854,6685.8814094265235,-106254.09168731888,78.27583747499894,-296.2133423529677,4708.59455588732,3512929.620779324,4718.551911619924,3511181.2805606346,-31473.855643239734,-106254.09168731888,3512929.620779324,72.82116558456275,-545.9273307541674,4708.59455588732,4740.6963902314155,20217762.136908483,0.8262815281282552,1.6336226199152446,4.367336895988274e-07,1.6665528228658108e-05,6.252857632642864,-0.03025118946857268,-0.008963653591109063,116729.62077932432,-0.013721322138006711,-0.01365722386283074,7225.168354563415,-16541680419.438835,-1040621984.4531415,-206204637.99110857,-16540466609.186073,-1914557861.4370859,16574380387.013735,16652179671.35591,-0.9995023127681386,0.00895943245121359,0.030246575695344273,0.008963533557684067,0.9999598267261341,0.0,0.03024536059137536,-0.0002711161962502497,0.9995424676614325,4708.790733761931,-545.2526641045713,-0.1152812105755727,1.5165853246520278e-08,136.0745259741554,0.0,-28.223577922466202,-8.6,0.0,2.9318979640316467e-17,2.2788152740974703,1.5707963267948966,20.907387146325153,461.0,0.0808834684954021,3.7122008133699973,0.0,0.1700460645514935,-1599.1539852640085,-3.044942116327179,48.39116026716334,-0.06508640901724924,0.5168053031620056,-4.23059298340864,-0.0706989641284714,0.516067455364407,-4.23059298340864,-5.482965524692685e-17,5.777349805531919e-19,9.141134315247815e-19,-5.483269592440466e-17,-1.8162224106753242e-20,9.141134315247815e-19,-1599.224684228137,-2.5288746609627717,44.1605672837547,-1059167.6692499872,235.8346828276448,121378.6640139163,0.03592200420578094,4715.88429479233
153.62089564695083,2001.0,12.0,14.0,14.0,24.0,1.0,1.0,3511339.303245215,6597.01716122878,-104841.50903117059,77.23511545189737,-296.2149744277799,4708.623080761108,3512910.326946299,4718.5633291088025,3511202.9681203347,-31637.63285976469,-104841.50903117059,3512910.3269462986,71.76256194902706,-545.9207636813469,4708.623080761108,4740.707822909164,20217512.367992792,0.8262793820458753,1.633622585482338,4.3800289799866636e-07,1.6708474767765544e-05,6.25326051263363,-0.029849062250265828,-0.009010238650861672,116710.32694629859,-0.013539028451441481,-0.013475781962698122,7242.352900911123,-16541670733.698223,-1040620803.3001256,-206204844.97993553,-16540455032.214996,-1914568208.2084455,16574370646.223698,16652169364.22105,-0.9995139759723249,0.00900610317806394,0.029844630028545923,0.009010116736219279,0.9999594080743477,0.0,0.029843418577542684,-0.00026890360050647405,0.9995545498162965,4708.81406397818,-545.2520146458446,-0.11528050835290117,1.5209264370828168e-08,136.05040868287324,0.0,-28.151226048619723,-8.6,0.0,2.931852628379968e-17,2.278807870223682,1.5707963267948966,20.909290587235763,461.0,0.0811155613741644,3.7365007454112384,0.0,0.17053299870620614,-1599.1909581366,-3.0045202937690276,47.74861635419003,-0.06431945820599431,0.5182119935717614,-4.242716974666329,-0.06995834995895898,0.5174809100407006,-4.242716974666329,-5.498600414762833e-17,5.80794490834741e-19,9.045252581197196e-19,-5.49890684717812e-17,-1.797134782482758e-20,9.045252581197196e-19,-1599.2609164865592,-2.487039383728327,43.5058993795237,-1059180.7542999927,235.9882210326107,121404.70730580813,0.0360141503689212,4715.863815514826
153.9208956469508,2001.0,12.0,14.0,14.0,24.0,1.0,1.0,3511362.317668617,6508.152427491686,-103428.91788146098,76.19437001354558,-296.2165792839006,4708.651179644968,3512891.291094171,4718.574549102341,3511224.338095546,-31801.408092010857,-103428.91788146098,3512891.291094171,70.70393571632367,-545.9141022311059,4708.651179644968,4740.71905781312,20217261.895848393,0.8262772298665608,1.6336225509603437,4.3876266075180697e-07,1.675097318710361e-05,6.253663397236838,-0.029446930860959307,-0.009056823350080425,116691.29109417088,-0.013356733028138426,-0.013294338325015842,7259.3511361554265,-16541661020.490381,-1040619618.9403517,-206205042.57681048,-16540443453.132812,-1914578397.5500126,16574360877.819305,16652159036.780588,-0.9995254754956834,0.009052773187896055,0.029442675366491533,0.009056699534681955,0.9999589872557466,0.0,0.029441467841576592,-0.0002666534642914957,0.9995664704597006,4708.837037799856,-545.2513684939445,-0.11527981547805116,1.5252095038115527e-08,136.0266138677136,0.0,-28.079841603140792,-8.6,0.0,2.9318079002656644e-17,2.278800565568277,1.5707963267948966,20.911168870564058,461.0,0.08134455178393805,3.7608698399487808,0.0,0.17101341988818522,-1599.2274374056083,-2.9640962644302284,47.106037011591035,-0.06354463201552263,0.5195992996695821,-4.254678854321613,-0.0692097095406515,0.5188750992102117,-4.254678854321613,-5.5140257890905e-17,5.838398417375207e-19,8.948337348510963e-19,-5.5143345864791463e-17,-1.7778422227918056e-20,8.948337348510963e-19,-1599.296647115149,-2.445221165220017,42.85135815726942,-1059193.8765158579,236.14175923757662,121430.8172045846,0.03610629772534339,4715.843284912285
154.2208956469508,2001.0,12.0,14.0,14.0,24.0,2.0,1.0,3511385.019864917,6419.287216379194,-102016.31836597399,75.15360148636063,-296.2181569319461,4708.678852621446,3512872.513228036,4718.585571698043,3511245.3904795405,-31965.181311666907,-102016.31836597399,3512872.5132280355,69.64528721790806,-545.9073464156896,4708.678852621446,4740.730095040921,20217010.730075534,0.826275071672363,1.6336225163504068,4.3977363596480566e-07,1.6793007055212124e-05,6.2540662863975705,-0.02904479536057227,-0.009103407693165366,116672.513228036,-0.013174435897433022,-0.013112892979067398,7276.161316443235,-16541651280.185251,-1040618431.4161168,-206205230.91272324,-16540431872.309055,-1914588429.4975843,16574351082.172424,16652148689.406994,-0.9995368113296546,0.009099442462343609,0.029040711833925772,0.00910328195737132,0.9999585642703425,0.0,0.02903950851084116,-0.0002643657880669963,0.9995782295829471,4708.859655314759,-545.2507256599188,-0.11527913195091775,1.5294345236919015e-08,136.003141535045,0.0,-28.009424605134978,-8.6,0.0,2.9317637798239424e-17,2.278793360153336,1.5707963267948966,20.91302197655199,461.0,0.08157043952053733,3.7853071662128377,0.0,0.17148732790363286,-1599.2634230241486,-2.923670058670093,46.46342272103367,-0.06276203951450064,0.5209672360962473,-4.266478615472187,-0.06845315086571148,0.5202500368345387,-4.266478615472187,-5.52924165643455e-17,5.868708728309913e-19,8.85040256884056e-19,-5.529552818960944e-17,-1.7583475035120616e-20,8.85040256884056e-19,-1599.3318761750143,-2.4034200218355544,42.196944105561485,-1059207.035397362,236.29529744254253,121456.9937102457,0.03619844627802623,4715.822702990647
154.38580041862178,2001.0,12.0,14.0,14.0,24.0,2.0,1.0,3511397.365881326,6370.43935818454,-101239.83351388402,74.58149944999235,-296.2190125568358,4708.693882635969,3512862.3012446496,4718.591546620003,3511256.827338301,-32055.20372886801,-101239.83351388402,3512862.301244649,69.0633572253251,-545.90359267822,4708.693882635969,4740.736077887444,20216872.379638523,0.8262738828439578,1.6336224972892497,4.402782530395471e-07,1.681590593923237e-05,6.254287749469492,-0.028823746755042012,-0.009129014144607924,116662.30124464864,-0.013074229625087003,-0.013013154917645568,7285.320685774088,-16541645914.81699,-1040617777.3355294,-206205330.54214466,-16540425506.039042,-1914593876.8738496,16574345686.323229,16652142993.396788,-0.9995429727189196,0.009125095429305745,0.028819755752456776,0.009128887344804614,0.9999583308397635,0.0,0.02881855485743635,-0.00026309230356896265,0.9995846245708108,4708.87193607611,-545.250373726179,-0.11527876020927375,1.5316252927963975e-08,135.9914458273874,0.0,-27.97433748216215,-8.608554172612617,0.0,2.931741743686369e-17,2.2787897613789645,1.5707963267948966,20.913947644817053,461.0,0.08168758240989986,3.798768387650169,0.0,0.17173247591356627,-1599.2829934207493,-2.9014475619183036,46.11017413429784,-0.06232389409556174,0.5216765971832714,-4.272582921049259,-0.0680288753423638,0.5209633499043912,-4.272582921049259,-5.53711448212761e-17,5.88488255065186e-19,8.795489720426719e-19,-5.537426922228865e-17,-1.7474054409560302e-20,8.795489720426719e-19,-1599.3510222960917,-2.3804842120139122,41.83759121324859,-1059214.2838853355,236.44883564750845,121483.23682279143,0.03629059602994794,4715.80206975586
154.47092357536266,2001.0,12.0,14.0,14.0,24.0,2.0,1.0,3511403.7019247487,6345.224242071982,-100839.01429815432,74.2861800873382,-296.21945101747076,4708.701590774794,3512857.06036641,4718.594607579478,3511262.6934441207,-32101.672683062225,-100839.01429815432,3512857.06036641,68.76296481071195,-545.9016438648453,4708.701590774794,4740.739142904719,20216800.88813973,0.8262732685197102,1.633622487440298,4.405303448168815e-07,1.6827680176789535e-05,6.254402068315583,-0.02870964190921011,-0.009142232046910144,116657.0603664103,-0.013022503367554457,-0.01296167034854565,7290.0259249694645,-16541643142.281546,-1040617439.3556048,-206205380.9003399,-16540422219.840248,-1914596670.2033792,16574342898.037746,16652140051.034016,-0.9995461338463562,0.009138337293950083,0.02870569811560629,0.009142104695530093,0.9999582100876696,0.0,0.028704498506998657,-0.0002624304975311536,0.9995879065373369,4708.878233292352,-545.2501924595325,-0.11527856942298802,1.5327317004244943e-08,135.98562262934476,0.0,-27.956867888034303,-8.614377370655232,0.0,2.9317307627193164e-17,2.2787879680509517,1.5707963267948966,20.91440895196216,461.0,0.0817467459037948,3.8057244775865753,0.0,0.17185617994029156,-1599.2930372009116,-2.889976149498753,45.92782463515711,-0.06209608618254422,0.5220348354851075,-4.275663285214858,-0.06780814680305171,0.5213236505341851,-4.275663285214858,-5.541087492853005e-17,5.893143643515913e-19,8.766923029737854e-19,-5.541400588668306e-17,-1.7417114770446115e-20,8.766923029737854e-19,-1599.3608453477148,-2.368652498964568,41.65216134994225,-1059218.0295232888,236.60237385247436,121509.5465422218,0.036382746984086396,4715.781385213887
154.59303394576824,2001.0,12.0,14.0,14.0,24.0,2.0,1.0,3511412.7471721545,6309.052736971612,-100264.03233059433,73.86253713264199,-296.2200761822588,4708.712588435911,3512849.57852293,4718.598970925576,3511271.0638053482,-32168.332763663413,-100264.03233059433,3512849.57852293,68.332044608288,-545.898835010506,4708.712588435911,4740.74351203279,20216698.244976558,0.8262723865023881,1.633622473300608,4.412857560801794e-07,1.684449565510648e-05,6.254566060942083,-0.028545956334367278,-0.00916119326551152,116649.57852292946,-0.012948301088383787,-0.012887814774707901,7296.748375151306,-16541639161.614935,-1040616954.1167467,-206205451.87598443,-16540417505.880817,-1914600655.1880589,16574338894.75901,16652135827.757307,-0.9995506455137639,0.009157332827552905,0.028542079610694,0.00916106512009925,0.9999580365624676,0.0,0.028540881886919212,-0.0002614758499766248,0.9995925918550501,4708.887216751296,-545.249932908398,-0.11527829705141202,1.534311200714892e-08,135.97730946992164,0.0,-27.93192840976486,-8.622690530078378,0.0,2.931715086697154e-17,2.2787854079622516,1.5707963267948966,20.915067533323572,461.0,0.08183120737244129,3.8157117483430474,0.0,0.17203277765818473,-1599.3073757332484,-2.8735199484180853,45.66623691738132,-0.06176829900636283,0.5225461827274378,-4.280060766253676,-0.06749049479524934,0.5218379719390385,-4.280060766253676,-5.546759251852907e-17,5.904975020848957e-19,8.725813158819047e-19,-5.5470732883144764e-17,-1.7335176726958274e-20,8.725813158819047e-19,-1599.3748662280436,-2.351681976479047,41.38617615112764,-1059223.4073296804,236.7559120574403,121535.9228685368,0.03647489914341909,4715.760649370688
154.78676993059352,2001.0,12.0,14.0,14.0,24.0,2.0,1.0,3511426.9918943895,6251.664153418295,-99351.78358095374,73.19039264992189,-296.22105882348905,4708.729892373886,3512837.7958012642,4718.6058267884755,3511284.2359537687,-32274.09257792383,-99351.78358095374,3512837.7958012647,67.64835458589741,-545.8943465300981,4708.729892373886,4740.750376974841,20216535.181224428,0.8262709852693665,1.6336224508397408,4.4178864599387987e-07,1.687101020847215e-05,6.254826247337973,-0.028286257253716553,-0.009191276345167846,116637.7958012647,-0.012830573825385855,-0.012770637581835427,7307.347930762917,-16541632837.672388,-1040616183.2744393,-206205561.4454366,-16540410027.141138,-1914606924.208768,16574332534.895863,16652129121.339117,-0.9995577479127125,0.009187470203292504,0.028282485373991483,0.00919114693321626,0.9999577605169391,0.0,0.02828129073642961,-0.0002599484787088956,0.9995999704987341,4708.901348692245,-545.2495222683056,-0.11527786809385843,1.536798664177452e-08,135.9642175569608,0.0,-27.892652670882335,-8.63578244303922,0.0,2.9316904002689864e-17,2.27878137636258,1.5707963267948966,20.91610474673925,461.0,0.08196422094889437,3.8315783154762806,0.0,0.17231088794388608,-1599.3299568882783,-2.847410407235143,45.25119961716103,-0.06124585657958445,0.5233513022354032,-4.286986039976287,-0.0669840832413969,0.5226478480697773,-4.286986039976287,-5.555691172431561e-17,5.923699424686294e-19,8.660275992614782e-19,-5.556006701305631e-17,-1.720455841390419e-20,8.660275992614782e-19,-1599.3969409715196,-2.324762559165366,40.96421357718474,-1059231.9508778974,236.9094502624062,121562.36580173642,0.03656705251092306,4715.73986223224
155.0867699305935,2001.0,12.0,14.0,14.0,24.0,3.0,1.0,3511448.7928877356,6162.797610198192,-97939.16063582411,72.14955933020345,-296.22255812427665,4708.75633763354,3512819.762574387,4718.616281290233,3511304.3716540392,-32437.859830041805,-97939.16063582411,3512819.762574387,66.5896436975718,-545.8873185450332,4708.75633763354,4740.760845307437,20216282.166106746,0.8262688110239955,1.6336224159937356,4.427927123935147e-07,1.691168884275955e-05,6.255229149360379,-0.02788411022362953,-0.009237859685058906,116619.76257438678,-0.0126482719307217,-0.012589187469541047,7323.600485298783,-16541623025.066814,-1040614987.2834253,-206205723.83401906,-16540398447.197092,-1914616502.5092819,16574322666.559654,16652118722.380728,-0.9995686112517095,0.00923413725225389,0.02788049693846203,0.009237728295461848,0.9999573312776597,0.0,0.027879307313279457,-0.00025755245545996817,0.9996112633871551,4708.9229394039585,-545.2488891948393,-0.11527721154510304,1.540605678740568e-08,135.94418063820754,0.0,-27.83254191462261,-8.655819361792462,0.0,2.931652620244629e-17,2.278775206416374,1.5707963267948966,20.91769229993432,461.0,0.08216779583110173,3.8561981856002454,0.0,0.17273652261163233,-1599.3645174523922,-2.8069780900565484,44.608487159851094,-0.06043113466629092,0.52458311050144,-4.297584882541649,-0.06619406538593713,0.5238871133823619,-4.297584882541649,-5.569360817113662e-17,5.952579923738616e-19,8.55803974826151e-19,-5.56967865695132e-17,-1.7000813933975776e-20,8.55803974826151e-19,-1599.430711517778,-2.2830909766741865,40.310902277309445,-1059245.207603069,237.06298846737212,121588.87534182069,0.036659207089574944,4715.719023804526
155.3867699305935,2001.0,12.0,14.0,14.0,24.0,3.0,1.0,3511470.281627806,6073.930621255045,-96526.52982088484,71.10870419694413,-296.2240303120158,4708.782357782812,3512801.987352506,4718.6265392499035,3511324.1897378895,-32601.624959624485,-96526.52982088484,3512801.987352506,65.53091183779246,-545.880196296551,4708.782357782812,4740.771116820734,20216028.537495125,0.8262666314507595,1.6336223810692738,4.437945071409807e-07,1.695186381519031e-05,6.2556320557330425,-0.02748195931516151,-0.009284442685936655,116601.98735250579,-0.012465968442245269,-0.0124077357626225,7339.656187057495,-16541613188.463846,-1040613788.4805175,-206205877.49138108,-16540386868.609503,-1914625923.7439494,16574312774.09687,16652108306.609528,-0.9995793108692328,0.009280803494476315,0.0274785001171199,0.009284309298662795,0.9999568998716128,0.0,0.027477315790236965,-0.000255118894150683,0.999622394722784,4708.944174625859,-545.2482595358812,-0.115276564343406,1.5443582255821114e-08,135.9244303916731,0.0,-27.773291175019295,-8.675569608326901,0.0,2.93161538337722e-17,2.2787691251744295,1.5707963267948966,20.91925727228259,461.0,0.08236845824234244,3.8808786967559454,0.0,0.17315605834654463,-1599.398584190061,-2.7665437144467524,43.96574162681941,-0.05960955149798282,0.5257967999504576,-4.308031898921436,-0.0653970398676225,0.5251083703812812,-4.308031898921436,-5.582834306190565e-17,5.981320298373025e-19,8.454901178758581e-19,-5.583154456829168e-17,-1.679529116069563e-20,8.454901178758581e-19,-1599.4639812299285,-2.2414353440654713,39.65770972789797,-1059258.4968052935,237.21652667233803,121615.4514887896,0.03675136288235109,4715.698134093533
155.6491794608731,2001.0,12.0,14.0,14.0,24.0,3.0,1.0,3511488.8217741926,5996.198446110484,-95290.89750661021,70.19825221276615,-296.22529581061536,4708.804769080918,3512786.650935198,4718.635350799107,3511341.2641668646,-32744.868299579368,-95290.89750661021,3512786.650935198,64.60482380329391,-545.8738892002074,4708.804769080918,4740.779939998103,20215806.19305929,0.8262647206740074,1.633622350457496,4.4454437166978184e-07,1.698661136617813e-05,6.255984480829538,-0.027130195412334246,-0.009325188489375275,116586.65093519818,-0.012306506582514911,-0.012249018954203354,7353.537445995957,-16541604565.001402,-1040612737.6165674,-206206004.83929756,-16540376742.223024,-1914634035.7329826,16574304101.669523,16652099182.442173,-0.9995885355667845,0.009321621707615463,0.0271268673493852,0.009325053338233781,0.9999565207448967,0.0,0.02712568789339956,-0.00025295948493220943,0.9996319988214707,4708.962457641178,-545.2477115822517,-0.11527600590071908,1.547595913680384e-08,135.907389927998,0.0,-27.722169783993934,-8.69261007200202,0.0,2.931583257757842e-17,2.2787638786626356,1.5707963267948966,20.92060762566072,461.0,0.08254158927168298,3.902515729506409,0.0,0.17351802519296486,-1599.427977390557,-2.731174165563558,43.4035063753164,-0.058885368781793,0.5268435659693989,-4.317045406779799,-0.06469421684466582,0.5261618457915543,-4.317045406779799,-5.594458730473888e-17,6.006343398062555e-19,8.363956484083703e-19,-5.594780902126508e-17,-1.66140830309653e-20,8.363956484083703e-19,-1599.4926716074017,-2.205012319772004,39.0864609685366,-1059270.1471065786,237.37006487730395,121642.09424264313,0.036843519892227304,4715.677193105261
155.72339586532675,2001.0,12.0,14.0,14.0,24.0,3.0,1.0,3511494.022080605,5974.213656594664,-94941.42671419059,69.94074919003347,-296.2256499717727,4708.811048647506,3512782.3491988746,4718.63781572217,3511346.049185033,-32785.38103027725,-94941.42671419059,3512782.349198875,64.34289860704646,-545.8720923100816,4708.811048647506,4740.7824081715635,20215743.228683274,0.8262641795648855,1.6336223417896196,4.447940455853767e-07,1.6996379684802022e-05,6.25608415662521,-0.02703070668690087,-0.00933671244182001,116582.34919887502,-0.01226140630683911,-0.012204129398762168,7357.435495238751,-16541602122.946384,-1040612440.0417852,-206206039.67686734,-16540373878.619932,-1914636308.2459483,16574301645.749308,16652096599.773418,-0.9995911218313399,0.009333166069271067,0.02702741510183314,0.009336576789006203,0.9999564132170277,0.0,0.027026237063756793,-0.00025234353650661104,0.9996346926917419,4708.967579283606,-545.2475570879915,-0.11527584925570065,1.5484420652671817e-08,135.9029364985938,0.0,-27.70587299718756,-8.7,0.0,2.931574844590093e-17,2.278762504688073,1.5707963267948966,20.920961290546934,461.0,0.08258684487766567,3.9086431304486613,0.0,0.17361239456569932,-1599.436222019668,-2.721170436388895,43.24448679167266,-0.058677192209379364,0.5271139120195879,-4.319395872555271,-0.0644918049284254,0.5264341328478276,-4.319395872555271,-5.597489574371343e-17,6.01315458827105e-19,8.337766591844075e-19,-5.597812304378581e-17,-1.6561865466457824e-20,8.337766591844075e-19,-1599.5007138245965,-2.1947363035410676,38.92509091911739,-1059273.4463314991,237.52360308226986,121668.8036033813,0.03693567812217915,4715.65620084571
155.83747776557792,2001.0,12.0,14.0,14.0,24.0,3.0,1.0,3511501.9784760675,5940.419640600425,-94404.23605297573,69.54492536206895,-296.2261911273155,4708.820650498836,3512775.767567806,4718.641581166946,3511353.3665793287,-32847.654997834405,-94404.23605297573,3512775.767567806,63.94027732779374,-545.8693189593074,4708.820650498836,4740.786178579469,20215646.36432694,0.8262633471162226,1.6336223284555098,4.452929734433907e-07,1.701131859809944e-05,6.256237373984869,-0.02687777693842372,-0.009354426469947627,116575.76756780595,-0.012192080141928322,-0.012135127142770243,7363.404031157494,-16541598366.065792,-1040611982.260523,-206206092.21537548,-16540369476.781496,-1914639782.67,16574297867.53903,16652092627.603725,-0.9995950777725098,0.009350911407754797,0.026874540904254708,0.009354290043570548,0.9999562476717573,0.0,0.02687336508051969,-0.0002513922504061992,0.9996388142980371,4708.975409539268,-545.2473200060962,-0.11527560958371415,1.5500052026460853e-08,135.89470945975745,0.0,-27.68941891951489,-8.7,0.0,2.931559385068368e-17,2.2787599799565776,1.5707963267948966,20.92161119561732,461.0,0.08267040688941432,3.918069612876529,0.0,0.17378778438654852,-1599.4488363233502,-2.7057929454888616,43.000045685423785,-0.05836691531739119,0.5276279571206582,-4.323761885100851,-0.06419148201025424,0.5269510523533604,-4.323761885100851,-5.60312136756023e-17,6.0246760090303e-19,8.29890254964095e-19,-5.603445013053283e-17,-1.6484537300782962e-20,8.29890254964095e-19,-1599.5130278053605,-2.1788418931355014,38.676283800322935,-1059278.5218971614,237.67714128723577,121695.57957100408,0.037027837575181646,4715.635157320895
156.07704919672972,2001.0,12.0,14.0,14.0,24.0,4.0,1.0,3511518.539883116,5869.452173213738,-93276.13475561321,68.71368740351448,-296.2273147525171,4708.840613957152,3512762.0676223733,4718.649395801138,3511368.58356297,-32978.428989939006,-93276.13475561321,3512762.0676223733,63.094765158046926,-545.8634505323788,4708.840613957152,4740.7940035050915,20215442.637514587,0.8262615962689851,1.6336223004130226,4.457913429037248e-07,1.7042473105991013e-05,6.256559131663779,-0.02655662346619927,-0.009391625688015473,116562.06762237335,-0.012046494820910976,-0.011990222028552856,7375.8457586839795,-16541590464.430937,-1040611019.4751151,-206206198.58234888,-16540360232.671764,-1914647004.8822727,16574289921.045183,16652084277.236528,-0.9996033081567786,0.009388176128951592,0.026553502047677122,0.009391487627605267,0.9999558990076215,0.0,0.026552331011885696,-0.00024937688595035083,0.9996473935988649,4708.991685431787,-545.2468237061587,-0.11527511067215432,1.5532589396863294e-08,135.8775845279667,0.0,-27.655169055933374,-8.7,0.0,2.93152720657681e-17,2.278754724810101,1.5707963267948966,20.92296408538533,461.0,0.08284434479281154,3.937895902296303,0.0,0.17415286490723253,-1599.4750938035706,-2.673499358952297,42.48670559285584,-0.057711830488938624,0.5286977566243893,-4.332849920316995,-0.06355722068906412,0.5280269433810434,-4.332849920316995,-5.614843997323406e-17,6.048794568194692e-19,8.2168266320699e-19,-5.61516956485066e-17,-1.6321232662580503e-20,8.2168266320699e-19,-1599.5386510242597,-2.1454724155712537,38.153855672538846,-1059289.1970745753,237.83067949220168,121722.42214551155,0.0371199982542096,4715.614062536828
156.3770491967297,2001.0,12.0,14.0,14.0,24.0,4.0,1.0,3511538.9978511264,5780.583770716945,-91863.47886832569,67.6727625592788,-296.2286973463252,4708.865230098606,3512745.144089991,4718.659004331157,3511387.353173199,-33142.18691243603,-91863.47886832569,3512745.144089991,62.035966404539536,-545.8560170439575,4708.865230098606,4740.803624671922,20215186.92990544,0.8262593986428801,1.6336222652192989,4.467864141036592e-07,1.708104709865547e-05,6.256962051984266,-0.026154460180387164,-0.009438207601123917,116545.14408999169,-0.01186418627884122,-0.011808765265181743,7391.248735524714,-16541580546.509798,-1040609811.0872291,-206206324.2882651,-16540348656.45413,-1914655907.3077738,16574279946.822939,16652073803.842842,-0.9996134672852436,0.00943483957787146,0.026151478430731345,0.009438067476199095,0.9999554604492715,0.0,0.026150313655631155,-0.00024681941803160766,0.9996579916030717,4709.011746493773,-545.2462052253187,-0.11527449432038073,1.5572782786269722e-08,135.85643011248962,0.0,-27.61286022497924,-8.7,0.0,2.931487458824874e-17,2.2787482335095945,1.5707963267948966,20.924635460824245,461.0,0.0830592100979325,3.9627815236926103,0.0,0.17460384687014202,-1599.5075301477082,-2.633058404183891,41.84385430017122,-0.0568848886347868,0.5300188859523876,-4.344076349453389,-0.06275620155131496,0.5293558058508973,-4.344076349453389,-5.629324598508179e-17,6.078849687238755e-19,8.113175872486087e-19,-5.629652571854422e-17,-1.6115005966105572e-20,8.113175872486087e-19,-1599.5702863492595,-2.1037025983329936,37.499777950717835,-1059302.5963228196,237.9842176971676,121749.3313269036,0.037212160162237294,4715.592916499534
156.67704919672968,2001.0,12.0,14.0,14.0,24.0,4.0,1.0,3511559.143538614,5691.7149575175545,-90450.81566002041,66.63181729119113,-296.2300527641637,4708.889420639273,3512728.478582192,4718.668415882245,3511405.805140862,-33305.94259073956,-90450.81566002041,3512728.478582192,60.977148092096584,-545.8484892370328,4708.889420639273,4740.813048581464,20214930.57266294,0.8262571953766126,1.6336222299403318,4.477792740260614e-07,1.7119125608349138e-05,6.2573649764049675,-0.025752293273728917,-0.009484789194168175,116528.47858219221,-0.011681876268722252,-0.011627307032940414,7406.453219234943,-16541570603.180984,-1040608599.6860479,-206206441.78823203,-16540337080.180685,-1914664652.4405837,16574269947.05398,16652063312.21271,-0.9996234626589002,0.009481502141088487,0.025749446964522624,0.009484646984263712,0.9999550197241793,0.0,0.02574828874729593,-0.0002442244144985179,0.9996684280205218,4709.031451596678,-545.24559009767,-0.11527388731307577,1.561236336729347e-08,135.8355982277403,0.0,-27.571196455480553,-8.7,0.0,2.931448319796005e-17,2.27874184162111,1.5707963267948966,20.92628150874001,461.0,0.08327079927382018,3.9877311070467925,0.0,0.17504795089293818,-1599.5394724821301,-2.5926155216317994,41.20097200487789,-0.05605069183690887,0.5313194383922715,-4.355131595484634,-0.061947755947288144,0.5306642075757231,-4.355131595484634,-5.64358403168006e-17,6.108739748140524e-19,8.008568822574284e-19,-5.6439144095633e-17,-1.5906881996093746e-20,8.008568822574284e-19,-1599.6014202380775,-2.0619513140560763,36.845840409393254,-1059316.0299525633,238.1377559021335,121776.3071151803,0.03730432330223867,4715.571719215039
156.97704919672967,2001.0,12.0,14.0,14.0,24.0,4.0,1.0,3511578.976939495,5602.845741771529,-89038.14525844147,65.59085192572738,-296.23138101800436,4708.9131856697895,3512712.0711033093,4718.677630558267,3511423.9394601355,-33469.69599655115,-89038.14525844147,3512712.0711033097,59.91831055220932,-545.8408671255248,4708.9131856697895,4740.822275337748,20214673.575856272,0.8262549865563107,1.6336221945774463,4.487699373476423e-07,1.7156724876312586e-05,6.257767904870629,-0.025350122806149615,-0.009531370471550124,116512.07110330975,-0.011499564819806822,-0.011445847361021801,7421.457511994988,-16541560634.832607,-1040607385.3179888,-206206551.2136352,-16540325504.238977,-1914673240.3214374,16574259922.128565,16652052802.737108,-0.9996332942703245,0.009528163800239577,0.02534740777386728,0.009531226156100144,0.9999545768323486,0.0,0.02534625641431444,-0.00024159187596361996,0.9996787028436414,4709.050800835929,-545.2449783355419,-0.11527328965025672,1.565133112963934e-08,135.8150888791372,0.0,-27.530177758274377,-8.7,0.0,2.931409789607009e-17,2.2787355491637213,1.5707963267948966,20.927902211827643,461.0,0.08347911213695755,4.012743675689985,0.0,0.1754851767621532,-1599.5709207659577,-2.5521707416889825,40.5580591892216,-0.055209355367834195,0.532599423068804,-4.366015651709052,-0.061131997937543606,0.5319521568727011,-4.366015651709052,-5.657622303876889e-17,6.1384630552758845e-19,7.903020205489832e-19,-5.657955084857937e-17,-1.5696889993709383e-20,7.903020205489832e-19,-1599.6320527638952,-2.0202185848162815,36.192043537512546,-1059329.49743874,238.29129410709942,121803.34951034165,0.03739648767718734,4715.550470689378
157.27704919672965,2001.0,12.0,14.0,14.0,24.0,5.0,1.0,3511598.498047793,5513.97613162215,-87625.46779116384,64.54986678896681,-296.2326821199305,4708.936525281872,3512695.9216575967,4718.686648463971,3511441.756125304,-33633.447101585625,-87625.46779116384,3512695.9216575967,58.85945411596893,-545.8331507234967,4708.936525281872,4740.831305045695,20214415.949623015,0.8262527722686998,1.6336221591319762,4.4975841858347346e-07,1.7193809303932643e-05,6.2581708373259035,-0.02494794883752789,-0.009577951437675187,116495.92165759718,-0.01131725196137706,-0.011264386278692978,7436.259937942028,-16541550641.855453,-1040606168.0297908,-206206652.6958635,-16540313929.019205,-1914681670.9914854,16574249872.439642,16652042275.8097,-0.9996429621122169,0.00957482453696545,0.024945360983541803,0.009577804996012967,0.9999541317737821,0.0,0.024944216784081125,-0.00023892180305551362,0.9996888160649797,4709.069794307973,-545.2443699513676,-0.11527270133194206,1.5689686063206696e-08,135.7949020719965,0.0,-27.484706215989423,-8.7,0.0,2.931371868372662e-17,2.278729356156175,1.5707963267948966,20.929497553052297,461.0,0.08368414850735906,4.037818246699168,0.0,0.17591547845883404,-1599.6018749589632,-2.511724094746358,39.91511633543086,-0.054361032896374034,0.5338540326539765,-4.376727941687654,-0.06030902628370987,0.5332148454677387,-4.376727941687654,-5.671437981503654e-17,6.168016437427469e-19,7.796541976439443e-19,-5.67177316391029e-17,-1.5485046155263844e-20,7.796541976439443e-19,-1599.6621839852469,-1.9785092492786194,35.538388393743205,-1059342.9982526582,238.44483231206536,121830.45851238762,0.03748865329005648,4715.5291709285875
157.57704919672963,2001.0,12.0,14.0,14.0,24.0,5.0,1.0,3511617.7068576245,5425.106135212279,-86212.78338580435,63.50886220714792,-296.2339560919413,4708.959439568705,3512680.0302492264,4718.695469706002,3511459.2551307487,-33797.195877558865,-86212.78338580435,3512680.0302492264,57.80057911451372,-545.8253400549634,4708.959439568705,4740.840137812633,20214157.70425974,0.8262505526018776,1.633622123607332,4.502518454116063e-07,1.7230388658837406e-05,6.258573773715394,-0.02454577142775597,-0.009624532096948867,116480.03024922637,-0.011134937722627298,-0.01108292381515102,7450.857995543629,-16541540624.644365,-1040604947.9029455,-206206746.3672249,-16540302354.91561,-1914689944.5267198,16574239798.386396,16652031731.832182,-0.9996524661774016,0.009621484332907184,0.024543306718342775,0.009624383508306827,0.999953684548482,0.0,0.02454216998401037,-0.00023621419641933435,0.9996987676772086,4709.088432110682,-545.2437649674885,-0.11527212236019609,1.572742815808736e-08,135.77503781153297,0.0,-27.4251134345989,-8.7,0.0,2.931334556205545e-17,2.2787232626168548,1.5707963267948966,20.931067515656395,461.0,0.08388590820863817,4.062953837125512,0.0,0.17633876837845153,-1599.6323350215714,-2.4712756111983345,39.272143925812166,-0.053505914684730205,0.5350740850868866,-4.387267371734728,-0.05947892706724676,0.5344430902095634,-4.387267371734728,-5.685028322793587e-17,6.197395358134423e-19,7.689143796085484e-19,-5.685365904648941e-17,-1.5271355860962253e-20,7.689143796085484e-19,-1599.6918139486386,-1.9368325209887711,34.88487655407744,-1059356.5318572428,238.59837051703127,121857.63412131823,0.0375808201438189,4715.50781993871
157.87704919672962,2001.0,12.0,14.0,14.0,24.0,5.0,1.0,3511636.603363206,5336.23576067862,-84800.09216994591,62.46783850641806,-296.2352029475484,4708.981928622796,3512664.3968822868,4718.704094389593,3511476.43647095,-33960.94229619351,-84800.09216994591,3512664.3968822868,56.74168587898322,-545.8174351354863,4708.981928622796,4740.848773744036,20213898.849924494,0.8262483276427621,1.6336220880051397,4.514830531937851e-07,1.7266466151047213e-05,6.258976713983668,-0.024143590636718098,-0.009671112453778379,116464.39688228676,-0.010952622132818992,-0.010901459999649633,7465.249971605837,-16541530583.590675,-1040603724.989069,-206206832.3592295,-16540290782.318892,-1914698060.9733467,16574229700.362623,16652021171.199308,-0.9996618064588263,0.009668143169707875,0.024141245103065184,0.009670961697288082,0.9999532351564495,0.0,0.024140116141514824,-0.00023346905671658687,0.999708557673122,4709.106714341196,-545.2431633977499,-0.11527155273532486,1.576455740456894e-08,135.75549610285844,0.0,-27.36648830857536,-8.7,0.0,2.931297853216497e-17,2.2787172685638635,1.5707963267948966,20.932612083141475,461.0,0.08408439106779833,4.088149463939929,0.0,0.17675518163014534,-1599.6623009148627,-2.4308253214401416,38.629142442714695,-0.052644003636045496,0.5362738141948725,-4.397635618768349,-0.058641860275819364,0.5356511244582055,-4.397635618768349,-5.698397589466079e-17,6.226602465657667e-19,7.580848684552658e-19,-5.698737568853463e-17,-1.5055887454050812e-20,7.580848684552658e-19,-1599.7209427751386,-1.895174196981936,34.23150682394635,-1059370.0977226365,238.75190872199718,121884.87633713346,0.03767298824144707,4715.486417725797
158.1770491967296,2001.0,12.0,14.0,14.0,24.0,6.0,1.0,3511655.18755885,5247.365016154059,-83387.3942711446,61.42679601287586,-296.236422699877,4709.003992536912,3512649.021560783,4718.712522620021,3511493.3001404866,-34124.68632921661,-83387.3942711446,3512649.021560783,55.682774740470855,-545.8094359802751,4709.003992536912,4740.857212945406,20213639.396767475,0.8262460974782108,1.6336220523269394,4.51974597218729e-07,1.7302032086514877e-05,6.259379658075169,-0.02374140652429248,-0.009717692512571968,116449.02156078303,-0.010770305221090612,-0.010719994861369363,7479.434219889343,-16541520519.085522,-1040602499.3383517,-206206910.80334905,-16540279211.619562,-1914706020.376235,16574219578.761847,16652010594.30549,-0.9996709829495625,0.009714801029011979,0.023739176262504276,0.009717539567264113,0.999952783597685,0.0,0.02373805538400724,-0.0002306863846251423,0.9997181860456364,4709.124641096866,-545.2425652556029,-0.1152709924575508,1.5801073793140288e-08,135.7362769509788,0.0,-27.30883085293639,-8.7,0.0,2.931261759514402e-17,2.278711374014983,1.5707963267948966,20.93413123927721,461.0,0.08427959691535915,4.113404144064586,0.0,0.17716471805781298,-1599.691772600571,-2.390373255868829,37.98611236853235,-0.05177541497214977,0.5374532329660544,-4.40783267710523,-0.0577979399791976,0.5368389603553037,-4.40783267710523,-5.711545789550535e-17,6.255636066429587e-19,7.471671358548886e-19,-5.711888164392812e-17,-1.4838670146212727e-20,7.471671358548886e-19,-1599.7495705405504,-1.8535342955135254,33.57827969142713,-1059383.6953193322,238.9054469269631,121912.18515983333,0.03776515758591303,4715.464964295895
158.47704919672958,2001.0,12.0,14.0,14.0,24.0,6.0,1.0,3511673.45943897,5158.493909767789,-81974.68981692805,60.38573505256503,-296.23761536063023,4709.025631403981,3512633.904288641,4718.720754502438,3511509.84613404,-34288.427948359575,-81974.68981692805,3512633.9042886407,54.62384603002941,-545.8013426031519,4709.025631403981,4740.865455522037,20213379.354915984,0.8262438621948917,1.6336220165739683,4.5295608501347284e-07,1.733708320977266e-05,6.259782605934339,-0.023339219150350813,-0.00976427227773889,116433.90428864071,-0.010587987016698759,-0.010538528429442955,7493.409243751317,-16541510431.519497,-1040601270.9959208,-206206981.83093008,-16540267643.207561,-1914713822.7752833,16574209433.976717,16652000001.544006,-0.9996799956428056,0.009761457892465306,0.023337100321454963,0.009764117122543312,0.9999523298721881,0.0,0.02333598783889988,-0.00022786618083922943,0.9997276527877912,4709.142212475154,-545.2419705530691,-0.11527044152679838,1.5836977314478297e-08,135.7173803608009,0.0,-27.252141082402687,-8.7,0.0,2.9312262752062126e-17,2.27870557898768,1.5707963267948966,20.93562496810034,461.0,0.08447152558527124,4.138716894370367,0.0,0.1775673775089046,-1599.7207500410836,-2.3499194448832568,37.34305418570209,-0.05090026392205227,0.5386123541997399,-4.417858541180825,-0.05694728025322303,0.5380066098438582,-4.417858541180825,-5.72447293098052e-17,6.284494466877208e-19,7.361626533932078e-19,-5.724817699039259e-17,-1.4619733145584822e-20,7.361626533932078e-19,-1599.777697321337,-1.8119128350393985,32.92519564452126,-1059397.3241189867,239.058985131929,121939.56058941784,0.03785732818018852,4715.443459655063
158.77704919672956,2001.0,12.0,14.0,14.0,24.0,6.0,1.0,3511691.418998069,5069.622449645587,-80561.97893479728,59.34465595148243,-296.2387809418421,4709.046845317272,3512619.045069696,4718.728790142156,3511526.0744463825,-34452.16712535778,-80561.97893479728,3512619.045069696,53.56490007865959,-545.7931550183031,4709.046845317272,4740.87350157941,20213118.734500013,0.8262416218795069,1.6336219807475296,4.5369080745096383e-07,1.737160346401036e-05,6.260185557505542,-0.02293702857475883,-0.009810851753689322,116419.04506969592,-0.010405667548751172,-0.01035706073312274,7507.173546459526,-16541500321.283247,-1040600040.0079937,-206207045.57335055,-16540256077.472862,-1914721468.2115645,16574199266.400013,16651989393.308304,-0.9996888445318748,0.009808113741714962,0.022935017404712273,0.009810694367434982,0.9999518739799574,0.0,0.022933913633604978,-0.00022500844606943398,0.9997369578927476,4709.159428573812,-545.2413793024916,-0.11526989994305666,1.5872267959472214e-08,135.69880633711986,0.0,-27.196419011359662,-8.7,0.0,2.931191400396921e-17,2.2786998834991006,1.5707963267948966,20.937093253917865,461.0,0.08466017691506496,4.164086731680933,0.0,0.17796315983472286,-1599.7492331994486,-2.3094639188841826,36.69996837670404,-0.050018665721911666,0.5397511905088717,-4.4277132055565565,-0.05608999517978595,0.5391540846706776,-4.4277132055565565,-5.737179021603192e-17,6.313175973433155e-19,7.250728925734597e-19,-5.737526180477826e-17,-1.4399105656620262e-20,7.250728925734597e-19,-1599.8053231946283,-1.770309834213505,32.272255171147485,-1059410.9835930616,239.21252333689492,121967.00262588699,0.037949500027244884,4715.421903809356
158.882853193548,2001.0,12.0,14.0,14.0,24.0,6.0,1.0,3511697.6784757427,5038.279181174389,-80063.74256645469,58.97748391941012,-296.2391855659078,4709.054225726728,3512613.8660750594,4718.7315773954515,3511531.722069444,-34509.914068749866,-80063.74256645469,3512613.86607506,53.19142698154957,-545.7902449560826,4709.054225726728,4740.876292440914,20213026.685873967,0.8262408306075792,1.6336219680953659,4.5417996210242214e-07,1.7383659139557798e-05,6.260327671336803,-0.02279518325432711,-0.009827279334611427,116413.8660750594,-0.010341366824805614,-0.01029306041177077,7511.977255214006,-16541496750.390676,-1040599605.2547325,-206207066.34235886,-16540251999.301163,-1914724127.185009,16574195675.256704,16651985648.499102,-0.9996919262842789,0.009824568080781027,0.022793209165320717,0.009827121156438476,0.9999517126790557,0.0,0.0227921085423144,-0.0002239916280116506,0.9997402010602284,4709.165415654362,-545.2411716099245,-0.1152697111668669,1.588294939709682e-08,135.69318452784375,0.0,-27.179553583531337,-8.7,0.0,2.9311808071215066e-17,2.278698153485937,1.5707963267948966,20.937539289969326,461.0,0.08471729552258363,4.17304729731706,0.0,0.17808297822251531,-1599.7591607307238,-2.2951956610060713,36.47315838095344,-0.049701147334048706,0.5400954614019758,-4.430697151417834,-0.055780417479816206,0.5395014888757134,-4.430697151417834,-5.74102618440789e-17,6.322608631228314e-19,7.210687157824048e-19,-5.741374150635066e-17,-1.4319451323430605e-20,7.210687157824048e-19,-1599.8149411482036,-1.755694172130358,32.04246122953561,-1059415.8080721963,239.36606154186083,121994.51126924076,0.03804167313005306,4715.400296764839
158.9388657938743,2001.0,12.0,14.0,14.0,24.0,6.0,1.0,3511700.9765140708,5021.686048106789,-79799.97608529743,58.78310227747189,-296.23939841568006,4709.058111561379,3512611.137311368,4718.733043132347,3511534.6959222555,-34540.485156339084,-79799.97608529743,3512611.1373113673,52.99370960348442,-545.7886996320077,4709.058111561379,4740.877760074136,20212977.93055585,0.8262404114922711,1.6336219613941578,4.544243419759583e-07,1.7390019019737955e-05,6.260402906535022,-0.022720090232095903,-0.009835976076150828,116411.13731136732,-0.010307325981468114,-0.01025917860141334,7514.50945771113,-16541494858.98756,-1040599374.9828557,-206207076.98098373,-16540249840.620945,-1914725526.960147,16574193773.12764,16651983665.388067,-0.9996935495142979,0.009833278950079615,0.022718135587982604,0.009835817477663789,0.999951627177308,0.0,0.022717036647637915,-0.00022345143507621502,0.9997419098524409,4709.168567369839,-545.2410618368889,-0.11526961169948169,1.5888710120446756e-08,135.6901525681859,0.0,-27.17045770455775,-8.7,0.0,2.9311750978053276e-17,2.2786972210838465,1.5707963267948966,20.93777969218814,461.0,0.08474809885545989,4.17779347062288,0.0,0.17814759600949726,-1599.764391470856,-2.2876419657125253,36.35308388592043,-0.04953319282794531,0.5402811419513404,-4.432306335753723,-0.05561670744307875,0.5396888283012404,-4.432306335753723,-5.743100884269579e-17,6.327646982054961e-19,7.189512248592702e-19,-5.743449280711892e-17,-1.4277328248120494e-20,7.189512248592702e-19,-1599.820008178299,-1.7479531374112849,31.920777550166704,-1059418.3634677902,239.51959974682674,122022.08651947917,0.03813384749158371,4715.378638527577
159.0194129405831,2001.0,12.0,14.0,14.0,24.0,7.0,1.0,3511705.7000677544,4997.824797547946,-79420.67466651849,58.50357683417669,-296.23970285051433,4709.063673560269,3512607.2290686797,4718.735138963862,3511538.9529636935,-34584.44678911824,-79420.67466651849,3512607.2290686797,52.70938736584356,-545.7864716787268,4709.063673560269,4740.879858615796,20212907.790254544,0.8262398085416343,1.6336219517539732,4.5466859049774674e-07,1.7399120584486068e-05,6.260511096352264,-0.022612104898776235,-0.009848482132757951,116407.22906867974,-0.01025837454988866,-0.010210455862115154,7518.137554932386,-16541492137.966171,-1040599043.7135761,-206207091.849398,-16540246736.799046,-1914727530.297824,16574191036.675993,16651980812.93036,-0.9996958737384171,0.00984580527618166,0.022610177992367173,0.009848322928548158,0.999951504091821,0.0,0.022609081491251345,-0.0002226723343407846,0.9997443572489687,4709.173077949988,-545.2409041999662,-0.11526946923474318,1.589696085500944e-08,135.68581007631082,0.0,-27.157430228932462,-8.7,0.0,2.9311669209661827e-17,2.2786958857046744,1.5707963267948966,20.938124004327413,461.0,0.0847922165115242,4.184621449248971,0.0,0.17824014392200282,-1599.771883162902,-2.276779511431515,36.18041291753836,-0.04929133062615024,0.5405470538523754,-4.434611069219623,-0.05538093909685376,0.5399571318985702,-4.434611069219623,-5.746072331601676e-17,6.334882468472068e-19,7.159017255214579e-19,-5.746421346581851e-17,-1.4216665128992452e-20,7.159017255214579e-19,-1599.827264101999,-1.7368223795329447,31.745801848318738,-1059422.0397287197,239.67313795179265,122049.72837660222,0.03822602311480706,4715.356929103635
159.18128922051645,2001.0,12.0,14.0,14.0,24.0,7.0,1.0,3511715.124940777,4949.870567226184,-78658.38805650061,57.94180837121998,-296.2403087938571,4709.074759093916,3512599.4309012946,4718.739308379626,3511547.439114635,-34672.79630920377,-78658.38805650061,3512599.4309012946,52.13797894289308,-545.7819736262927,4709.074759093916,4740.884033418144,20212766.719864823,0.8262385958381689,1.6336219323661663,4.5491270787936093e-07,1.7417303071433306e-05,6.260728527127194,-0.022395085190124064,-0.009873615598979306,116399.43090129411,-0.010159996182101245,-0.010112537098956173,7525.3818219304085,-16541486665.23451,-1040598377.4603828,-206207120.20261586,-16540240500.27578,-1914731522.2784789,16574185532.91114,16651975077.623444,-0.9997005090368675,0.009870979310700141,0.022393213232491396,0.009873455172786049,0.9999512562534991,0.0,0.022392121703382253,-0.00022109838702564317,0.9997492405604138,4709.182065630251,-545.2405881702332,-0.11526918495994946,1.5913423652823546e-08,135.67714544588233,0.0,-27.13143633764703,-8.7,0.0,2.93115060658405e-17,2.2786932213638793,1.5707963267948966,20.938811008797476,461.0,0.08488024471533787,4.198354457348328,0.0,0.1784248051649904,-1599.7868315040005,-2.2549487841019658,35.83338879239055,-0.04880405058437544,0.5410775350020425,-4.439209720513137,-0.054905870999139,0.540492441729905,-4.439209720513137,-5.752001229946195e-17,6.349388776595949e-19,7.097571304456535e-19,-5.752351487570606e-17,-1.409443299583083e-20,7.097571304456535e-19,-1599.8417373749996,-1.7144563423720607,31.394179071877414,-1059429.4337229263,239.82667615675857,122077.43684060988,0.03831820000269304,4715.335168499085
159.48128922051643,2001.0,12.0,14.0,14.0,24.0,7.0,1.0,3511732.3513154713,4860.998308880035,-77245.66259015675,56.9006879940627,-296.241411008671,4709.094977139379,3512585.1774681904,4718.746885096713,3511562.921660773,-34836.529642064816,-77245.66259015675,3512585.1774681904,51.078993845718735,-545.7735651028174,4709.094977139379,4740.891619906181,20212504.90136371,0.8262363450848519,1.633621896387385,4.558878702157285e-07,1.74505767624727e-05,6.261131487211185,-0.021992887335168472,-0.009920194413264747,116385.17746819044,-0.009977673861295605,-0.009931066547611637,7538.64022224769,-16541476507.983484,-1040597140.9866064,-206207167.41897368,-16540228947.025679,-1914738799.9544723,16574175318.068039,16651964439.307821,-0.9997089733755141,0.00991763270696666,0.021991114432087323,0.009920031705918077,0.9999507952749243,0.0,0.02199003236534758,-0.00021815255241477885,0.9997581662012243,4709.198449436386,-545.240005226137,-0.11526866531810724,1.5943514233820194e-08,135.66130829798936,0.0,-27.083924893968113,-8.7,0.0,2.931120790759507e-17,2.278688352070208,1.5707963267948966,20.940066683931857,461.0,0.08504114081020517,4.223842703683837,0.0,0.17876232473333933,-1599.8141542100038,-2.2144893517366366,35.190240029759444,-0.04789677433085083,0.542046806551219,-4.447615052984562,-0.054021102926586566,0.5414707396732257,-4.447615052984562,-5.762837784676334e-17,6.376148877474835e-19,6.983136997003155e-19,-5.763190343643299e-17,-1.3866797136097272e-20,6.983136997003155e-19,-1599.8681753129304,-1.673018612063411,30.74262497677488,-1059443.1568229422,239.98021436172448,122105.21191150218,0.03841037815821116,4715.3133567199975
159.7812892205164,2001.0,12.0,14.0,14.0,24.0,7.0,1.0,3511749.265351683,4772.125723605643,-75832.93111715016,55.8595505624517,-296.2424862623582,4709.11477121766,3512571.182100631,4718.754266600063,3511578.0865091463,-35000.26043856664,-75832.93111715016,3512571.182100631,50.01999260975532,-545.7650624974468,4709.11477121766,4740.8990109054075,20212242.599018738,0.8262340901125981,1.633621860347049,4.5661787527932806e-07,1.7483310872325476e-05,6.261534450825139,-0.021590686477389803,-0.009966772953208322,116371.18210063083,-0.009795350375567257,-0.009749594830400487,7551.680432379246,-16541466331.730412,-1040595902.2959406,-206207207.8182353,-16540217400.118523,-1914745921.079852,16574165084.121218,16651953789.211393,-0.9997172738885562,0.009964285027708778,0.02158900907220893,0.009966607943199503,0.9999503321296046,0.0,0.021587936792104367,-0.00021516918930488364,0.9997669301828702,4709.214478963939,-545.2394258533932,-0.11526815502328275,1.5973060009779352e-08,135.64575788958982,0.0,-27.03727366876944,-8.7,0.0,2.9310915194135326e-17,2.278683571696635,1.5707963267948966,20.941299579723893,461.0,0.08519912212699986,4.249378817414937,0.0,0.17909372948508112,-1599.840982514877,-2.1740283059682515,34.54706525390129,-0.04698410784185085,0.5429980919465658,-4.455868136338335,-0.053130782894958074,0.5424311515356346,-4.455868136338335,-5.773477825599372e-17,6.402746666638419e-19,6.867988182073924e-19,-5.773832683694122e-17,-1.3637745077082038e-20,6.867988182073924e-19,-1599.8941132977718,-1.6315971544326169,30.091197117562952,-1059456.9056399316,240.13375256669042,122133.05358927914,0.03850255758433066,4715.291493772446
160.0812892205164,2001.0,12.0,14.0,14.0,24.0,8.0,1.0,3511765.867044148,4683.252819800636,-74420.19376954717,54.81839641422448,-296.24353456595924,4709.134141414535,3512557.4448020076,4718.761452986744,3511592.9336547703,-35163.988670173545,-74420.19376954717,3512557.4448020076,48.96097557786328,-545.7564658236461,4709.134141414535,4740.90620651304,20211979.822156873,0.8262318310012816,1.6336218242463505,4.5734671512910545e-07,1.7515489410650546e-05,6.261937417915587,-0.021188482677960755,-0.010013351223142525,116357.44480200717,-0.009613025752696812,-0.009568121975154728,7564.501224834472,-16541456136.835098,-1040594661.4308327,-206207241.53260714,-16540205859.913357,-1914752885.692216,16574154831.432434,16651943127.696518,-0.9997254105698216,0.010010936254497506,0.021186897278983013,0.010013183888861939,0.999949866817536,0.0,0.021185835112395877,-0.00021214829848888557,0.9997755324990154,4709.230154303159,-545.2388500633248,-0.11526765407545175,1.6002060973540398e-08,135.6304942244524,0.0,-26.991482673357268,-8.7,0.0,2.9310627926208025e-17,2.278678880255356,1.5707963267948966,20.942509684703538,461.0,0.08535418853578142,4.274961887641326,0.0,0.1794190192939705,-1599.867316384541,-2.1335656773357967,33.903864949606614,-0.046066153635570664,0.5439314005089929,-4.463968965900091,-0.052235012379382016,0.5433736858297209,-4.463968965900091,-5.78392135761729e-17,6.429180636325781e-19,6.752137939464839e-19,-5.784278512477525e-17,-1.3407302774851149e-20,6.752137939464839e-19,-1599.9195513969205,-1.5901919915060758,29.439895983706524,-1059470.6796869785,240.28729077165633,122160.96187394072,0.038594738284020366,4715.269579662508
160.38128922051638,2001.0,12.0,14.0,14.0,24.0,8.0,1.0,3511782.1563878967,4594.379605553368,-73007.45067457702,53.7772258748608,-296.24455593008634,4709.153087812634,3512543.965575717,4718.768444350313,3511607.4630929506,-35327.71430866196,-73007.45067457702,3512543.965575717,47.90194308052767,-545.7477750943614,4709.153087812634,4740.913206822775,20211716.579782758,0.8262295678280146,1.6336217880864343,4.580743953269581e-07,1.754712808811954e-05,6.262340388426217,-0.02078627599667746,-0.010059929227487958,116343.96557571692,-0.00943070002167013,-0.009386648010802547,7577.101397283375,-16541445923.644848,-1040593418.4321362,-206207268.6929598,-16540194326.756727,-1914759693.827754,16574144560.350874,16651932455.112968,-0.9997333834132912,0.010057586368992719,0.020784779177165653,0.010059759547225084,0.9999493993387125,0.0,0.020783727453594573,-0.00020908988076445733,0.9997839731434769,4709.2454755408935,-545.2382778668104,-0.11526716247458373,1.603051711793094e-08,135.61551730635213,0.0,-26.94655191905641,-8.7,0.0,2.9310346104549865e-17,2.2786742777584013,1.5707963267948966,20.943696987594084,461.0,0.08550633990850762,4.300591039733979,0.0,0.1797381940348418,-1599.8931557855433,-2.0931014962403065,33.26063959950958,-0.04514301422417451,0.5448467414075703,-4.471917537051034,-0.051333892847939114,0.5442983509076323,-4.471917537051034,-5.794168385506365e-17,6.455449278830331e-19,6.635599346914235e-19,-5.794527834621524e-17,-1.3175496169784152e-20,6.635599346914235e-19,-1599.9444896783912,-1.5488031453326743,28.788722062458547,-1059484.4784940165,240.44082897662224,122188.93676548693,0.03868692026024878,4715.247614396256
160.68128922051636,2001.0,12.0,14.0,14.0,24.0,8.0,1.0,3511798.1333780666,4505.506088935891,-71594.70195923798,52.73603926926977,-296.24555036535486,4709.171610494817,3512530.744425082,4718.775240784354,3511621.6748191053,-35491.43732582548,-71594.70195923798,3512530.7444250826,46.84289544766053,-545.7389903225712,4709.171610494817,4740.920011928336,20211452.880892653,0.8262273006698436,1.6336217518684417,4.588009213906761e-07,1.75782235038856e-05,6.262743362300547,-0.020384066493271586,-0.010106506970669813,116330.74442508211,-0.009248373211536683,-0.009205172966427077,7589.479770429432,-16541435692.506678,-1040592173.3406453,-206207289.43011338,-16540182800.994877,-1914766345.5226943,16574134271.22543,16651921771.810219,-0.9997411924130715,0.010104235352859404,0.020382654891453862,0.010106334922613239,0.9999489296931279,0.0,0.020381613943013688,-0.00020599393694507374,0.9997922521101951,4709.260442764155,-545.2377092747244,-0.1152666802206473,1.6058138937294705e-08,135.60093053135265,0.0,-26.90279159405794,-8.7,0.0,2.931007162489086e-17,2.278669795165393,1.5707963267948966,20.94485349236291,461.0,0.08565403201018887,4.326265400025147,0.0,0.18004801050187116,-1599.9185006850748,-2.0526357930784154,32.617389686187664,-0.0442139929914899,0.5457345924027255,-4.47963318204679,-0.05042661813756365,0.545195633423846,-4.47963318204679,-5.80411474141605e-17,6.481434752667855e-19,6.518268531413049e-19,-5.804476475633601e-17,-1.2942119376905837e-20,6.518268531413049e-19,-1599.9689273032125,-1.5074401596545695,28.137756504140874,-1059498.3015913814,240.59436718158815,122216.97826391777,0.03877910351598403,4715.225597979769
160.80736045108281,2001.0,12.0,14.0,14.0,24.0,8.0,1.0,3511804.7542942096,4468.158021965437,-71001.01041587321,52.298488963784145,-296.24596022438783,4709.179267940552,3512525.2654179726,4718.778038697971,3511627.5523062334,-35560.23907760122,-71001.01041587321,3512525.2654179726,46.39783954889584,-545.73527056533,4709.179267940552,4740.922813404046,20211341.925785527,0.826226346712405,1.6336217366305985,4.5904284121839696e-07,1.7591122155236184e-05,6.262912707997604,-0.020215042175353932,-0.010126080605131847,116325.26541797305,-0.009171752345428066,-0.00912891004390523,7594.6153697781265,-16541431387.537008,-1040591649.4694587,-206207296.25696748,-16540177959.538424,-1914769094.1154668,16574129941.858118,16651917278.98052,-0.9997444251517341,0.01012383866038035,0.020213665397627954,0.010125907555506498,0.9999487316838686,0.0,0.020212629077040172,-0.00020468170717432115,0.9997956829928767,4709.266626874141,-545.2374714029072,-0.11526648034875335,1.607183645506739e-08,135.5940817724663,0.0,-26.882245317398915,-8.7,0.0,2.9309943159993586e-17,2.278667697174406,1.5707963267948966,20.945394817294044,461.0,0.08572724142824384,4.337068485208625,0.0,0.18020161418188801,-1599.9290039845164,-2.0356301428737362,32.34706477848953,-0.04382826049068177,0.5461764954449992,-4.483457728925213,-0.05005081956481317,0.5456414537543045,-4.483457728925213,-5.809046422808986e-17,6.493210492122611e-19,6.469667093272958e-19,-5.809409167079306e-17,-1.284544394048031e-20,6.469667093272958e-19,-1599.9790548040812,-1.4899886891194316,27.86360704956432,-1059504.1179665644,240.74790538655407,122245.08636923325,0.03887128805419397,4715.203530419126
161.02346069538896,2001.0,12.0,14.0,14.0,24.0,9.0,1.0,3511815.974971256,4404.139122515154,-69983.35422053354,51.54847220721643,-296.2466516681847,4709.192219272432,3512515.9798031785,4718.782754235199,3511637.49646142,-35678.17191077054,-69983.35422053354,3512515.979803178,45.63495774868625,-545.7288558145386,4709.192219272432,4740.92753493379,20211151.51987709,0.8262247096369262,1.633621710483637,4.595262987944308e-07,1.761300233960599e-05,6.2632029868779036,-0.019925314394148328,-0.010159631907808902,116315.97980317846,-0.009040415153323192,-0.008998186406828245,7603.328000098467,-16541423999.841276,-1040590750.5032299,-206207305.3849002,-16540169662.654408,-1914773741.1116233,16574122512.29656,16651909572.233387,-0.9997498991188056,0.010157440454625277,0.01992399596839842,0.01015945713235915,0.9999483913836632,0.0,0.019922967718534593,-0.0002024169829462403,0.9998014974907026,4709.277081378707,-545.2370651064102,-0.11526614158536934,1.6095050492053836e-08,135.5824747539731,0.0,-26.847424261919247,-8.7,0.0,2.9309725463680585e-17,2.2786641419238127,1.5707963267948966,20.9463122111111,461.0,0.0858513131356577,4.355607575125596,0.0,0.18046193401375912,-1599.9468046596726,-2.0064799427317506,31.88368774517722,-0.04316467626126247,0.5469252158933884,-4.489939391120271,-0.049404182024359165,0.546396932509026,-4.489939391120271,-5.817404300266686e-17,6.513313164808285e-19,6.386039997720032e-19,-5.817768774195481e-17,-1.2679099468538268e-20,6.386039997720032e-19,-1599.996208841697,-1.4600830102227245,27.39374835405695,-1059514.0993792415,240.90144359151998,122273.26108143336,0.03896347387784606,4715.1814117204
161.31049894578095,2001.0,12.0,14.0,14.0,24.0,9.0,1.0,3511830.6283762828,4319.104872847484,-68631.633499002,50.55223938277562,-296.2475484159914,4709.20908152821,3512503.853120364,4718.788860756207,3511650.450009213,-35834.8157348976,-68631.633499002,3512503.853120364,44.62163750206189,-545.7202598142737,4709.20908152821,4740.933649193257,20210898.194746844,0.8262225315448013,1.6336216757005697,4.6025053296925533e-07,1.7641634453445844e-05,6.263588556559917,-0.019540477155121083,-0.010204196705258645,116303.85312036378,-0.008865963827805386,-0.00882455004389401,7614.723421946168,-16541414170.704384,-1040589554.5321158,-206207312.5582232,-16540158646.207176,-1914779787.798263,16574112627.463322,16651899325.09848,-0.9997570385266928,0.010202071580096185,0.019539233654657054,0.010204019619778163,0.9999479376365548,0.0,0.019538216395973085,-0.00019937872356755036,0.9998090909509618,4709.2906831190185,-545.2365282632302,-0.11526569911700484,1.612536719909054e-08,135.56731640045473,0.0,-26.80194920136419,-8.7,0.0,2.930944120226014e-17,2.2786594995825165,1.5707963267948966,20.94751024160367,461.0,0.08601334463025959,4.380273484017703,0.0,0.18080189869299776,-1599.970051850361,-1.9677596042130372,31.268181705774314,-0.04227865055898038,0.5479026293713974,-4.498404139566014,-0.04854050676320088,0.5473834074653259,-4.498404139566014,-5.828319099858496e-17,6.539853151043901e-19,6.274347194780412e-19,-5.828685867839102e-17,-1.2456933081486309e-20,6.274347194780412e-19,-1600.0185923571241,-1.4203761967477113,26.7697775662083,-1059527.3794197757,241.0549817964859,122301.5024005181,0.03905566098990745,4715.159241889675
161.61049894578093,2001.0,12.0,14.0,14.0,24.0,9.0,1.0,3511845.6378633063,4230.230471050485,-67218.86818307213,49.5110050543009,-296.24845924094654,4709.226290054111,3512491.4313445925,4718.795051722519,3511663.6776369317,-35998.530453731415,-67218.86818307213,3512491.431344592,43.56254506384911,-545.7111835717926,4709.226290054111,4740.939847977885,20210632.932381324,0.8262202507567621,1.633621639283339,4.6121440948671995e-07,1.767103066369039e-05,6.263991540471596,-0.019138259290146804,-0.010250773667558307,116291.43134459155,-0.008683633859511103,-0.008643071838360862,7626.41610352695,-16541403878.160088,-1040588302.2712767,-206207314.13056612,-16540147137.530308,-1914785954.224201,16574102276.602844,16651888602.739548,-0.9997643400065623,0.01024871694561005,0.019137091007035013,0.010250594146085876,0.9999474612796675,0.0,0.019136085568762617,-0.00019616655304982578,0.999816869105432,4709.304552102667,-545.2359706351165,-0.11526524581265919,1.6156421638521137e-08,135.55178918073943,0.0,-26.755367542218295,-8.7,0.0,2.930915007662594e-17,2.2786547451401025,1.5707963267948966,20.94873734802778,461.0,0.08617931678233424,4.406102466351688,0.0,0.18115013143415734,-1599.9938648968707,-1.9272893796375978,30.62485877473328,-0.04134709850546367,0.5489033553477769,-4.507074779446036,-0.0476321191668184,0.5483937064651146,-4.507074779446036,-5.839499149769914e-17,6.567392887600487e-19,6.156875580420816e-19,-5.83986831110193e-17,-1.2223277145833351e-20,6.156875580420816e-19,-1600.0414970160375,-1.378895673172483,26.117783995287244,-1059541.2856017295,241.2085200014518,122329.8103264875,0.03914784939334492,4715.137020933025
161.91049894578092,2001.0,12.0,14.0,14.0,24.0,9.0,1.0,3511860.3349778294,4141.355800022938,-65806.09776772808,48.46975598195036,-296.24934307845456,4709.243074340094,3512479.26765723,4718.801047272443,3511676.5875348602,-36162.24243561014,-65806.09776772808,3512479.2676572297,42.503438834130435,-545.7020132381646,4709.243074340094,4740.945851070759,20210367.17191472,0.8262179656249712,1.6336216028026098,4.616955931433977e-07,1.769984489914375e-05,6.264394527506799,-0.018736038847975818,-0.01029735038680694,116279.26765722921,-0.008501302931319538,-0.008461592671977502,7637.885390199721,-16541393566.04495,-1040587047.7255248,-206207309.7777012,-16540135634.622177,-1914791963.9996338,16574091906.066702,16651877868.02743,-0.9997714776198793,0.010295361105356731,0.01873494268668516,0.01029716840711767,0.9999469827559836,0.0,0.018733949411657107,-0.0001929168599424947,0.9998244855586037,4709.318066564299,-545.2354165538118,-0.11526480185471279,1.6186830856926967e-08,135.5365845715365,0.0,-26.709753714609548,-8.7,0.0,2.9308865055820164e-17,2.278650090397103,1.5707963267948966,20.949938865938705,461.0,0.08634183808029655,4.431980726466653,0.0,0.1814911239750656,-1600.01718331432,-1.886817757602241,29.981513258525343,-0.04041002807945248,0.5498828081415689,-4.515565171093174,-0.04671801241273699,0.5493828358942814,-4.515565171093174,-5.850446552931348e-17,6.594727766576438e-19,6.038667882793968e-19,-5.850818103049992e-17,-1.1988162106479514e-20,6.038667882793968e-19,-1600.0639013267328,-1.3374349217079595,25.465948087432167,-1059555.2182623334,241.36205820641771,122358.1848593415,0.03924003909112499,4715.1147488565275
162.2104989457809,2001.0,12.0,14.0,14.0,24.0,10.0,1.0,3511874.719715457,4052.480867896261,-64393.32238080965,47.42849249279257,-296.25019994144367,4709.259434489347,3512467.3620611685,4718.806847519021,3511689.1796988896,-36325.951652271375,-64393.32238080965,3512467.362061168,41.444319144955124,-545.6927488288802,4709.259434489347,4740.9516585850915,20210100.924040526,0.8262156762410557,1.6336215662597433,4.624164297933292e-07,1.7728130097554678e-05,6.264797517609612,-0.018333815888585955,-0.010343926867412609,116267.36206116807,-0.008318971072121257,-0.008280112573664447,7649.130019344389,-16541383234.77177,-1040585790.9434258,-206207299.63147113,-16540124137.894707,-1914797817.1690016,16574081516.269928,16651867121.377817,-0.9997784513613751,0.01034200404098695,0.01833278881857643,0.010343742407180685,0.9999465020654924,0.0,0.018331808052240873,-0.00018962964514459692,0.9998319403050362,4709.331226611021,-545.2348660324657,-0.11526436724314479,1.621659484707982e-08,135.5217025764601,0.0,-26.66510772938027,-8.7,0.0,2.9308586140659476e-17,2.2786455353668544,1.5707963267948966,20.95111478278866,461.0,0.08650090839494343,4.4579072246519775,0.0,0.18182487620325882,-1600.0400070732417,-1.8463447685452385,29.338145640345672,-0.039467560656652266,0.5508409987724484,-4.523875310236606,-0.04579830664361127,0.5503508057424762,-4.523875310236606,-5.861161316460795e-17,6.621856004703052e-19,5.9197395852940415e-19,-5.861535250620415e-17,-1.1751618678165691e-20,5.9197395852940415e-19,-1600.0858053798852,-1.2959939628027624,24.814270330109068,-1059569.176843023,241.51559641138363,122386.62599908016,0.03933223008621375,4715.09242566626
162.51049894578088,2001.0,12.0,14.0,14.0,24.0,10.0,1.0,3511888.792071916,3963.605682754674,-62980.542149444955,46.38721491209575,-296.2510298427915,4709.275370604877,3512455.7145592296,4718.812452574897,3511701.4541250346,-36489.658075501,-62980.542149444955,3512455.7145592296,40.38518632656792,-545.6833903593952,4709.275370604877,4740.957270633691,20209834.19940518,0.8262133826962467,1.633621529656091,4.631361445164738e-07,1.7755826260055423e-05,6.2652005107237585,-0.017931590471753474,-0.010390503113796789,116255.71455922909,-0.0081366383110483,-0.008098631572463154,7660.148755710572,-16541372884.751553,-1040584531.9732951,-206207283.8235321,-16540112647.75801,-1914803513.776595,16574071107.62575,16651856363.204601,-0.9997852612259085,0.010388645734165506,0.017930629527480958,0.010390316150595465,0.9999460192081824,0.0,0.017929661617901275,-0.00018630490956972933,0.9998392333394145,4709.344032349673,-545.2343190841681,-0.11526394197793238,1.6245713601927275e-08,135.50714319903636,0.0,-26.621429597109092,-8.7,0.0,2.930831333194157e-17,2.2786410800623846,1.5707963267948966,20.952265086301026,461.0,0.08665652760053226,4.483880926337783,0.0,0.18215138800973338,-1600.062336144817,-1.8058704428860073,28.694756403107768,-0.03851981761714558,0.5517779380616863,-4.532005192723016,-0.044873122005021325,0.5512976257906311,-4.532005192723016,-5.87164344736455e-17,6.648775818691564e-19,5.80010617035884e-19,-5.872019760637736e-17,-1.1513677570664185e-20,5.80010617035884e-19,-1600.107209266822,-1.2545728170953763,24.16275121038475,-1059583.1607876457,241.66913461634954,122415.13374570344,0.03942442238157709,4715.070051368296
162.81049894578086,2001.0,12.0,14.0,14.0,24.0,10.0,1.0,3511902.5520430286,3874.730252685435,-61567.757200838794,45.34592356534159,-296.25183279437874,4709.290882789963,3512444.3251541527,4718.817862552727,3511713.410809407,-36653.361677082576,-61567.757200838794,3512444.3251541527,39.32604070943735,-545.6739378442055,4709.290882789963,4740.962687329331,20209567.008644864,0.8262110850816973,1.6336214929927912,4.638547425351596e-07,1.77829860843148e-05,6.265603506792799,-0.017529362657277614,-0.010437079130380044,116244.32515415223,-0.00795430467706923,-0.007917149697395676,7670.940454166383,-16541362516.395157,-1040583270.859878,-206207262.48550564,-16540101164.622051,-1914809053.8632245,16574060680.547028,16651845593.921116,-0.9997919072084612,0.010435286166556946,0.017528464938198485,0.01043688964168164,0.9999455341840411,0.0,0.017527510236053118,-0.00018294265414806355,0.9998463646565457,4709.356483887326,-545.2337757210047,-0.11526352605884106,1.627418711461941e-08,135.4929064426903,0.0,-26.58581288538059,-8.7,0.0,2.93080466304444e-17,2.2786367244963985,1.5707963267948966,20.953389764473403,461.0,0.0868086955749414,4.509900796095397,0.0,0.1824707253007885,-1600.0841705008818,-1.7653948110479587,28.05134602980203,-0.037566855637864806,0.5527005873758981,-4.539955635723286,-0.04394259415476247,0.5522302566385953,-4.539955635723286,-5.881895029723769e-17,6.675487690268727e-19,5.679785923545645e-19,-5.882273717123543e-17,-1.1274382710343858e-20,5.679785923545645e-19,-1600.1281130950365,-1.2131645544093634,23.511390394078745,-1059597.169540543,241.82267282131548,122443.70809921135,0.03951661598018046,4715.047625968711
163.11049894578085,2001.0,12.0,14.0,14.0,24.0,11.0,1.0,3511915.999624712,3785.8545857725617,-60154.967662153744,44.304618777909184,-296.2526088019426,4709.305971147465,3512433.1938485918,4718.82307756417,3511725.0497482144,-36817.06242880368,-60154.967662153744,3512433.193848592,38.26688262399879,-545.6643912916976,4709.305971147465,4740.967908783466,20209299.362293635,0.826208783487691,1.633621456269688,4.643331900502152e-07,1.7809543451704467e-05,6.2660065057603935,-0.017127132504946706,-0.01048365492158382,116233.19384859223,-0.007771970199241413,-0.007735666977448093,7681.504365198314,-16541352130.110844,-1040582007.6262742,-206207235.74861506,-16540089688.894175,-1914814437.4481425,16574050235.442665,16651834813.93562,-0.9997983893041389,0.010481925319827372,0.017126295175522364,0.01048346288475971,0.9999450469930554,0.0,0.01712535403410465,-0.000179542879826028,0.9998533342513596,4709.368581330578,-545.2332359489094,-0.11526311948436292,1.630201537851941e-08,135.4789923107403,0.0,-26.557984621480593,-8.7,0.0,2.9307786036927474e-17,2.2786324686812995,1.5707963267948966,20.954488805572698,461.0,0.08695741219965326,4.535965798546729,0.0,0.18278288575686163,-1600.1055101139298,-1.7249179034555802,27.407915003440667,-0.03660879677861908,0.5536087247616704,-4.547726607744862,-0.04300684167194954,0.5531484752787673,-4.547726607744862,-5.891916000690583e-17,6.701989782222171e-19,5.5587940410154e-19,-5.89229705704477e-17,-1.1033763459581423e-20,5.5587940410154e-19,-1600.1485169556017,-1.171769428176813,22.860188395695804,-1059611.2025513425,241.9762110262814,122472.3490596039,0.03960881088498907,4715.025149473576
163.41049894578083,2001.0,12.0,14.0,14.0,24.0,11.0,1.0,3511929.134812983,3696.9786900974086,-58742.173660522596,43.2633008751363,-296.25335787811696,4709.32063578138,3512422.320645123,4718.828097722252,3511736.3709377665,-36980.760302455375,-58742.173660522596,3512422.320645122,37.207712400565384,-545.6547507171883,4709.32063578138,4740.972935109276,20209031.27099736,0.8262064780054827,1.633621419488069,4.6504993839047476e-07,1.783554462692843e-05,6.266409507569994,-0.016724900074541676,-0.010530230491830283,116222.32064512232,-0.00758963490651695,-0.007554183441639713,7691.839330445975,-16541341726.309765,-1040580742.319735,-206207203.7445562,-16540078220.984583,-1914819664.5748425,16574039772.725971,16651824023.662008,-0.9998047075081707,0.010528563175644315,0.016724120364242957,0.010530035884150897,0.9999445576352114,0.0,0.016723193139460954,-0.0001761055875663371,0.9998601421189077,4709.380324787111,-545.2326997807053,-0.11526272225441149,1.6329198387194192e-08,135.4654008064029,0.0,-26.530801612805806,-8.7,0.0,2.930753155212865e-17,2.2786283126291385,1.5707963267948966,20.955562198148613,461.0,0.08710267735986962,4.562074898268523,0.0,0.18308780288929505,-1600.1263549571063,-1.6844397505346254,26.7644638070622,-0.03564582706844785,0.5544953700380613,-4.555317279094189,-0.04206596880338247,0.5540453001783094,-4.555317279094189,-5.901704277886596e-17,6.728278039753808e-19,5.437143126101576e-19,-5.902087697715575e-17,-1.0791836955414527e-20,5.437143126101576e-19,-1600.1684209259097,-1.130394450356316,22.20914652796801,-1059625.2592637613,242.1297492312473,122501.05662688108,0.03970100709896772,4715.002621888962
163.7104989457808,2001.0,12.0,14.0,14.0,24.0,11.0,1.0,3511941.9576039584,3608.102573737539,-57329.37532304677,42.221970182299664,-296.2540800356138,4709.334876796021,3512411.7055462385,4718.8329231401285,3511747.3743744744,-37144.45526983335,-57329.37532304677,3512411.705546239,36.14853036938666,-545.6450161361074,4709.334876796021,4740.977766420069,20208762.74540141,0.8262041687263304,1.6336213826492338,4.655271575395301e-07,1.786096717536686e-05,6.2668125121650915,-0.016322665425835537,-0.010576805845542636,116211.70554623893,-0.007407298827924611,-0.007372699118997106,7701.944214034826,-16541331305.403072,-1040579474.9877163,-206207166.60503274,-16540066761.303488,-1914824735.287117,16574029292.810265,16651813223.514221,-0.9998108618159097,0.010575199715677056,0.01632194062914703,0.010576608644177449,0.9999440661104939,0.0,0.016321027679523353,-0.00017263077834798758,0.9998667882543647,4709.391714364871,-545.2321672292861,-0.1152623343689129,1.6355736134402675e-08,135.45213193279866,0.0,-26.504263865597327,-8.7,0.0,2.9307283176766074e-17,2.278624256351643,1.5707963267948966,20.956609931026446,461.0,0.08724449094435895,4.5882270598047725,0.0,0.1833854765751718,-1600.146705004212,-1.643960382711546,26.120992923729887,-0.034678068000627504,0.5553605300708114,-4.562727645758898,-0.04112009574776116,0.5549207371206124,-4.562727645758898,-5.911259866984424e-17,6.754350677547231e-19,5.314848664871375e-19,-5.911645644623117e-17,-1.0548633926373547e-20,5.314848664871375e-19,-1600.1878250999598,-1.0890396455909337,21.55826527797099,-1059639.3391214851,242.28328743621321,122529.8308010429,0.03979320462508104,4714.980043220935
164.0104989457808,2001.0,12.0,14.0,14.0,24.0,12.0,1.0,3511954.4679938485,3519.2262447665134,-55916.57277679595,41.18062702461497,-296.2547752876699,4709.348694296087,3512401.3485543504,4718.837553931175,3511758.060054843,-37308.14730273807,-55916.57277679595,3512401.3485543504,35.089336860643314,-545.6351875644423,4709.348694296087,4740.982402829403,20208493.79615924,0.8262018557415743,1.6336213457545885,4.66242070411508e-07,1.788582597892783e-05,6.267215519489054,-0.01592042861859331,-0.010623380987145185,116201.34855435044,-0.007224961992456634,-0.007191214038431551,7711.817877380177,-16541320867.802155,-1040578205.6794468,-206207124.46178347,-16540055310.261292,-1914829649.6306138,16574018796.109215,16651802413.90661,-0.9998168522228327,0.010621834921596737,0.015919756095017543,0.010623181169162714,0.9999435724188876,0.0,0.0159188577816892,-0.0001691184531662537,0.9998732726530274,4709.402750172142,-545.2316383080619,-0.11526195582789743,1.6381628614123925e-08,135.43918569293805,0.0,-26.478371385876077,-8.7,0.0,2.9307040911537495e-17,2.278620299860208,1.5707963267948966,20.957631993309082,461.0,0.08738285284561091,4.614421247666141,0.0,0.18367590669627054,-1600.1665602297007,-1.6034798304133318,25.477502836530515,-0.033705641074237694,0.5562042116044806,-4.569957703865932,-0.04016934270865751,0.5557747917575442,-4.569957703865932,-5.920582773583504e-17,6.780205910268639e-19,5.191926142869419e-19,-5.92097090318049e-17,-1.030418509888022e-20,5.191926142869419e-19,-1600.2067295724094,-1.0477050386557876,20.907545132664584,-1059653.4415677153,242.43682564117913,122558.67158208936,0.0398854034662932,4714.957413475563
164.31049894578078,2001.0,12.0,14.0,14.0,24.0,12.0,1.0,3511966.6659789607,3430.3497112541118,-54503.7661488097,40.13927172723844,-296.2554436474273,4709.362088386565,3512391.2496717847,4718.841990208847,3511768.4279754777,-37471.83637297461,-54503.7661488097,3512391.249671785,34.03013220445591,-545.6252650181208,4709.362088386565,4740.986844450912,20208224.433919866,0.8261995391425226,1.6336213088055151,4.6648013122375813e-07,1.791007379407433e-05,6.267618529485226,-0.015518189712572393,-0.010669955921063269,116191.24967178516,-0.007042624429000976,-0.007009728228914227,7721.459216667339,-16541310413.918285,-1040576934.4437525,-206207077.44654134,-16540043868.268286,-1914834407.6506734,16574008283.036348,16651791595.253384,-0.9998226787245397,0.010668468775076285,0.01551756688663394,0.010669753463431067,0.9999430765603758,0.0,0.015516683573352156,-0.0001655686130326857,0.9998795953103148,4709.4134323174385,-545.2311130303406,-0.11526158663137259,1.6406875820537107e-08,135.42656208973145,0.0,-26.453124179462893,-8.7,0.0,2.9306804757120954e-17,2.278616443165907,1.5707963267948966,20.95862837437581,461.0,0.08751776295971797,4.640656426332896,0.0,0.18395909313882525,-1600.185920608686,-1.5629981240675548,24.833994028574324,-0.032728667793990085,0.5570264212611546,-4.577007449675627,-0.03921382989431571,0.5566074696081597,-4.577007449675627,-5.929673003202367e-17,6.805841952556069e-19,5.068391045119572e-19,-5.930063478718994e-17,-1.0058521197346852e-20,5.068391045119572e-19,-1600.2251344385804,-1.0063906544593952,20.256986578898697,-1059667.566045845,242.59036384614504,122587.57897002043,0.03997760362556818,4714.934732658908
164.61049894578076,2001.0,12.0,14.0,14.0,24.0,12.0,1.0,3511978.5515557034,3341.472981265985,-53090.95556609464,39.097904615261314,-296.256085128055,4709.3750591727785,3512381.4089007904,4718.84623208675,3511778.478133084,-37635.522452353056,-53090.95556609464,3512381.4089007904,32.970916730877974,-545.6152485131311,4709.3750591727785,4740.991091398372,20207954.66933356,0.8261972190205067,1.6336212718033967,4.674311620401819e-07,1.7933762624682716e-05,6.268021542096842,-0.015115948767521778,-0.010716530651723372,116181.40890079038,-0.0068602861665864505,-0.006828241719370402,7730.867155017331,-16541299944.162825,-1040575661.3294859,-206207025.69104293,-16540032435.734814,-1914839009.392748,16573997754.005281,16651780767.96882,-0.9998283413167549,0.010715101257790564,0.015115373128771231,0.010716325531308019,0.9999425785349412,0.0,0.015114505181901267,-0.00016198125897509832,0.9998857562217686,4709.423760909561,-545.2305914094493,-0.11526122677934715,1.6431477748024034e-08,135.414261125988,0.0,-26.428522251975963,-8.7,0.0,2.930657471417435e-17,2.2786126862794847,1.5707963267948966,20.95959906388301,461.0,0.08764922118639004,4.666931560253242,0.0,0.1842350357935555,-1600.2047861169306,-1.5225152941021396,24.19046698299247,-0.031747269670094724,0.5578271655406334,-4.583876879582425,-0.03825367751750722,0.5574187760588887,-4.583876879582425,-5.938530561279426e-17,6.831257019019177e-19,4.944258856133875e-19,-5.938923376488913e-17,-9.81167294420338e-21,4.944258856133875e-19,-1600.2430397944481,-0.9650965180432509,19.606590103410042,-1059681.7119991183,242.74390205111095,122616.55296483616,0.040069805105869556,4714.912000777028
164.91049894578074,2001.0,12.0,14.0,14.0,24.0,12.0,1.0,3511990.124720581,3252.5960628638854,-51678.14115562607,38.05652601371299,-296.25669974273785,4709.387606760358,3512371.826243533,4718.850279678593,3511788.2105244673,-37799.20551268821,-51678.14115562607,3512371.8262435333,31.91169076989928,-545.6051380655116,4709.387606760358,4740.995143785673,20207684.513048615,0.8261948954668488,1.6336212347496157,4.6814316726938343e-07,1.795686376941423e-05,6.268424557267111,-0.014713705843182422,-0.010763105183553036,116171.82624353329,-0.006677947234052863,-0.00664675453877344,7740.040643580258,-16541289458.947096,-1040574386.3854841,-206206969.327026,-16540021013.071182,-1914843454.9023693,16573987209.429592,16651769932.46717,-0.9998338399953259,0.010761732351416309,0.014713174946200279,0.010762897377120138,0.9999420783425655,0.0,0.014712322734721272,-0.0001583563920375687,0.9998917553830527,4709.433736057566,-545.2300734587233,-0.1152608762718295,1.6455434391166783e-08,135.40228280441661,0.0,-26.404565608833217,-8.7,0.0,2.930635078333572e-17,2.2786090292113603,1.5707963267948966,20.96054405176428,461.0,0.08777722742893772,4.6932456138463206,0.0,0.1845037345556346,-1600.2231567308538,-1.4820313709454125,23.546922182936964,-0.030761568218125906,0.5586064508203233,-4.590565990114079,-0.037289005795381816,0.5582087163634304,-4.590565990114079,-5.947155453171904e-17,6.856449324236567e-19,4.81954505992105e-19,-5.947550601658455e-17,-9.563671059952538e-21,4.81954505992105e-19,-1600.2604457366492,-0.9238226545819821,18.956356192822884,-1059695.878870856,242.89744025607686,122645.5935665365,0.040162007910160676,4714.889217835983
165.14220693661304,2001.0,12.0,14.0,14.0,24.0,13.0,1.0,3511998.849537415,3183.9509650197174,-50586.937321119985,37.252199210356366,-296.2571560664701,4709.39700842344,3512364.601649921,4718.853272969423,3511795.509936942,-37925.625671958,-50586.937321119985,3512364.601649921,31.093580069630246,-545.5972648716432,4709.39700842344,4740.998140592824,20207475.593785558,0.8261930985559958,1.6336212060962723,4.6838026182359026e-07,1.797429676687877e-05,6.268735831766992,-0.014403028193489948,-0.010799077354245375,116164.60164992046,-0.006537115501354188,-0.006506580664451457,7746.964762996882,-16541281350.264593,-1040573400.4482943,-206206922.72274253,-16540012197.677975,-1914846781.5315912,16573979054.843523,16651761558.197285,-0.9998379747613014,0.010797747379113936,0.014402530220626,0.010798867457273393,0.999941690530823,0.0,0.014401690416734031,-0.0001555310149019147,0.9998962781825143,4709.441198616908,-545.2296759348001,-0.11526061194970666,1.64719963335101e-08,135.39400183324494,0.0,-26.38200549973485,-8.7,0.0,2.930619576361013e-17,2.278606497547117,1.5707963267948966,20.96119828628294,461.0,0.08786573318129717,4.71359551900701,0.0,0.1846894528608667,-1600.2370067127456,-1.4507624803050296,23.049862094395856,-0.029994699744201853,0.5591383475009223,-4.595190568639723,-0.03653758394461642,0.5587489405970243,-4.595190568639723,-5.953117243044048e-17,6.875129106569645e-19,4.72240365836238e-19,-5.953514153119075e-17,-9.370498534195423e-21,4.72240365836238e-19,-1600.2735442966903,-0.8920135397080053,18.454671525756133,-1059706.8347609695,243.05097846104277,122674.70077512148,0.04025421204140455,4714.8663838418215
165.21099329970505,2001.0,12.0,14.0,14.0,24.0,13.0,1.0,3512001.403768348,3163.572508152231,-50262.994934101065,37.01342018879047,-296.25728846201207,4709.399750968319,3512362.4865497025,4718.854139371273,3511797.64039813,-37963.15524279254,-50262.994934101065,3512362.4865497025,30.850709185333187,-545.5949168095568,4709.399750968319,4740.999008007292,20207413.537104566,0.8261925648003506,1.6336211975855843,4.6838026182359026e-07,1.797939801849624e-05,6.268828239053018,-0.014310798160011219,-0.010809756268177973,116162.48654970247,-0.006495307192296731,-0.006464967651422987,7748.992905704305,-16541278941.658485,-1040573107.5937327,-206206908.38604885,-16540009582.181578,-1914847751.2028625,16573976632.602743,16651759071.581932,-0.9998391834118103,0.010808438875021946,0.014310309692288024,0.010809545747908237,0.9999415751536306,0.0,0.014309473614642753,-0.00015468794728552206,0.9998976022756084,4709.443373517381,-545.2295583580681,-0.1152605345546388,1.6476696556216717e-08,135.39165172189163,0.0,-26.374955165674923,-8.7,0.0,2.930615175104898e-17,2.2786057787674463,1.5707963267948966,20.96138404152286,461.0,0.08789085181141439,4.719640275823769,0.0,0.18474215430180158,-1600.2410614754747,-1.4414796711266,22.90229960613867,-0.029766345479390006,0.5592885351501059,-4.596503022034195,-0.03631372839054748,0.558901613885599,-4.596503022034195,-5.954809071449431e-17,6.880588906634898e-19,4.693464748223187e-19,-5.955206500237919e-17,-9.312951620511764e-21,4.693464748223187e-19,-1600.2773752038652,-0.882578057241001,18.305796584104474,-1059710.0891056582,243.2045166660087,122703.87459059112,0.0403464175025639,4714.8434988005965
165.29383813868458,2001.0,12.0,14.0,14.0,24.0,13.0,1.0,3512004.4582268824,3139.0291142514216,-49872.845334220074,36.72583903611756,-296.25744604728567,4709.403024541894,3512359.9571813545,4718.855169334583,3511800.18410373,-38008.354848460986,-49872.845334220074,3512359.957181355,30.55819995043362,-545.5920823034478,4709.403024541894,4741.000039171142,20207338.774223324,0.8261919217530197,1.6336211873325186,4.6861723642100486e-07,1.7985510203116122e-05,6.268939532602142,-0.014199718131173752,-0.010822617712712692,116159.95718135498,-0.006444954107460294,-0.006414849776961774,7751.418953383341,-16541276039.868315,-1040572754.778957,-206206890.81749868,-16540006432.984709,-1914848908.171539,16573973714.386358,16651756076.345879,-0.9998406276451021,0.010821315386752794,0.014199240949735315,0.010822406440120641,0.999941436044554,0.0,0.014198409386020967,-0.0001536699566992402,0.9998991856964637,4709.4459683005625,-545.2294170131061,-0.1152604419938973,1.6482317374766707e-08,135.38884131261665,0.0,-26.366523937849937,-8.7,0.0,2.9306099124089935e-17,2.278604919303982,1.5707963267948966,20.961606158328586,461.0,0.08792088992432273,4.726922759707824,0.0,0.1848051774838892,-1600.2459104049044,-1.430299580331073,22.72457729926554,-0.02949106851875381,0.5594681052629141,-4.598072524574206,-0.03604385619668993,0.5590841836068388,-4.598072524574206,-5.956832241902134e-17,6.887150531890847e-19,4.658577202582687e-19,-5.957230295025766e-17,-9.243575683133885e-21,4.658577202582687e-19,-1600.2819542611012,-0.8712153967242342,18.126504774691334,-1059714.0098089464,243.3580548709746,122733.11501294537,0.04043862429660112,4714.820562718352
165.40479992943912,2001.0,12.0,14.0,14.0,24.0,13.0,1.0,3512008.512021329,3106.1558459470725,-49350.28130023718,36.34065359368062,-296.2576539154231,4709.4073586543955,3512356.6002014684,4718.856525722652,3511803.5531596947,-38068.89451179727,-49350.28130023718,3512356.6002014684,30.166413990588143,-545.5882745725291,4709.4073586543955,4741.0013971346025,20207238.597359043,0.8261910601084701,1.6336211735944697,4.6885409124351793e-07,1.7993625702506048e-05,6.2690885986841,-0.014050938107040055,-0.010839844217926083,116156.60020146891,-0.006377511470110879,-0.006347722178593246,7754.639956071973,-16541272151.647602,-1040572282.0360403,-206206866.77396134,-16540002216.415173,-1914850439.174068,16573969804.155983,16651752063.831861,-0.999842542456611,0.01083856192438252,0.014050475768151344,0.010839631934875108,0.9999412494639455,0.0,0.014049650295168144,-0.0001523019858366422,0.9999012871932352,4709.449401580718,-545.2292281444799,-0.11526031913525994,1.648977733006907e-08,135.38511133496547,0.0,-26.35533400489639,-8.7,0.0,2.930602928790798e-17,2.278603778792579,1.5707963267948966,20.961900915697,461.0,0.08796075600287559,4.73668085456327,0.0,0.1848888210814154,-1600.2523458939536,-1.4153249236654566,22.486535311891476,-0.029121936999758666,0.5597063731601902,-4.6001555509764325,-0.03568194083034023,0.5593264793207382,-4.6001555509764325,-5.959517355771432e-17,6.895915031366614e-19,4.611791113389274e-19,-5.959916244447503e-17,-9.150539176447847e-21,4.611791113389274e-19,-1600.2880278347839,-0.8559984443447184,17.886379760915045,-1059719.2633138243,243.51159307594054,122762.42204218426,0.04053083242647843,4714.797575601127
165.7047999294391,2001.0,12.0,14.0,14.0,24.0,13.0,1.0,3512019.2580066063,3017.2784674155864,-47937.457365627335,35.299246141926204,-296.2581975806519,4709.418787164056,3512347.7009540647,4718.860060364759,3511812.4441963616,-38232.56944280642,-47937.457365627335,3512347.7009540647,29.107161855348345,-545.5779155925774,4709.418787164056,4741.004935849296,20206967.536884923,0.826188728610874,1.6336211364237487,4.6932744228910703e-07,1.801514644939409e-05,6.269491620359312,-0.013648690229928711,-0.010886418244755556,116147.70095406426,-0.0061951709035146995,-0.006166233361171356,7763.184812434018,-16541261630.645248,-1040571002.9008756,-206206798.88385397,-16539990825.025343,-1914854471.6698077,16573959223.601194,16651741211.76228,-0.999847607126835,0.010885189251742146,0.013648266472196363,0.010886203213682362,0.9999407435341309,0.0,0.01364745772415998,-0.0001485778023308173,0.9999068580734427,4709.4584423538445,-545.2287200945123,-0.11525999337203881,1.650955343541275e-08,135.37522328229363,0.0,-26.32566984688087,-8.7,0.0,2.930584421443706e-17,2.2786007563134274,1.5707963267948966,20.96268209608593,461.0,0.08806643662583635,4.763085024480394,0.0,0.18511055283654146,-1600.2694060820781,-1.3748382529587773,21.842945835985816,-0.028121530400790042,0.5603376825511427,-4.605677479158891,-0.0347009120475643,0.5599687363254621,-4.605677479158891,-5.966635280038802e-17,6.91947229244234e-19,4.484971582161262e-19,-5.967036423793406e-17,-8.898354284204803e-21,4.484971582161262e-19,-1600.3041069941257,-0.8148695166333152,17.237268356826924,-1059733.4786088895,243.66513128090645,122791.7956783078,0.040623041895157565,4714.77453745496
166.0047999294391,2001.0,12.0,14.0,14.0,24.0,14.0,1.0,3512029.6915679243,2928.400930241679,-46524.63007281385,34.257828406654475,-296.25871448724126,4709.429793310481,3512339.059827526,4718.863401586994,3511821.0174558223,-38396.241251602514,-46524.63007281385,3512339.059827526,28.047900456165696,-545.5674627882289,4709.429793310481,4741.0082808716525,20206696.164059635,0.8261863943632909,1.633621099212943,4.6980031640632723e-07,1.8036062903845806e-05,6.269894644392414,-0.013246440593269864,-0.010932992088800565,116139.0598275261,-0.006012829770270822,-0.005984743976051729,7771.490272011608,-16541251097.25472,-1040569722.3215098,-206206726.88741976,-16539979446.573418,-1914858348.3072336,16573948630.592022,16651730354.571762,-0.9998525078692917,0.010931815123078684,0.013246053208512977,0.010932774286102379,0.999940235437303,0.0,0.013245261563935509,-0.0001448161099103746,0.9999122671886755,4709.467130530495,-545.2282158225073,-0.11525967695487437,1.6528755938830897e-08,135.36562203058455,0.0,-26.296866091753653,-8.7,0.0,2.9305664598691635e-17,2.2785978229656974,1.5707963267948966,20.96344029724432,461.0,0.08816904736290615,4.789520388314906,0.0,0.18532584618451756,-1600.2859712954473,-1.3343506002371341,21.199340371178735,-0.027117690122379478,0.5609501931423337,-4.611039081672984,-0.03371625595761497,0.5605922782095696,-4.611039081672984,-5.973546415769792e-17,6.942825751796279e-19,4.357685362012359e-19,-5.973949808702413e-17,-8.645244471983073e-21,4.357685362012359e-19,-1600.319687551405,-0.7737583220275646,16.58830128950575,-1059747.7106667086,243.81866948587236,122821.23592131594,0.04071525270560019,4714.751448285879
166.30479992943907,2001.0,12.0,14.0,14.0,24.0,14.0,1.0,3512039.8127025305,2839.523241711932,-45111.7995368228,33.2164006824235,-296.25920464568503,4709.440377179179,3512330.676823769,4718.866549481682,3511829.272935622,-38559.90991078295,-45111.7995368228,3512330.676823769,26.98863009252661,-545.556916172655,4709.440377179179,4741.011432294133,20206424.487557814,0.8261840574401402,1.6336210619631337,4.7027271503387824e-07,1.805638331453976e-05,6.270297670719365,-0.012844189253405462,-0.01097956575470927,116130.67682376923,-0.00583048810219387,-0.005803254055123214,7779.555542180315,-16541240551.811022,-1040568440.3369762,-206206650.91254088,-16539968081.393326,-1914862069.1226315,16573938025.465258,16651719492.597609,-0.9998572446804466,0.010978439520293974,0.012843836098489958,0.010979345156682295,0.9999397251734379,0.0,0.01284306193849673,-0.00014101690966117694,0.9999175145352116,4709.475466199051,-545.227715339061,-0.11525936988372207,1.6547384836068366e-08,135.35630758196584,0.0,-26.26892274589745,-8.7,0.0,2.930549044110277e-17,2.2785949787564284,1.5707963267948966,20.964175512204754,461.0,0.08826858814093583,4.815986109397376,0.0,0.18553470106050457,-1600.3020415134765,-1.2938619955848019,20.555719395325358,-0.026110524142286096,0.5615439115584856,-4.616240355907617,-0.03272807941359167,0.5611971105567872,-4.616240355907617,-5.980250766762489e-17,6.965973822162328e-19,4.2299462083186024e-19,-5.980656402800938e-17,-8.391236979463672e-21,4.2299462083186024e-19,-1600.33476959289,-0.7326648850280146,15.93947903941774,-1059761.9590336625,243.97220769083827,122850.74277120872,0.04080746486076747,4714.728308099915
166.60479992943905,2001.0,12.0,14.0,14.0,24.0,14.0,1.0,3512049.621407367,2750.6454101346526,-43698.96588883138,32.174963305165264,-296.25966806796526,4709.450538867945,3512322.551944447,4718.869504153618,3511837.2106330134,-38723.5753919197,-43698.96588883138,3512322.5519444467,25.92935110534249,-545.5462757610076,4709.450538867945,4741.014390221678,20206152.51715188,0.8261817179252898,1.6336210246755531,4.707446396032411e-07,1.8076097407743415e-05,6.2707006992853795,-0.012441936271277716,-0.011026139246838783,116122.55194444675,-0.0056481459269499,-0.0056217636259155495,7787.379854759201,-16541229994.691835,-1040567156.9915061,-206206571.09162903,-16539956729.861618,-1914865634.1573741,16573927408.60062,16651708626.2201,-0.9998618175568287,0.01102506242499911,0.01244161526811919,0.011025915829678217,0.9999392127425131,0.0,0.012440858976448333,-0.00013718020273152158,0.9999226001093885,4709.4834494605575,-545.2272186562661,-0.11525907215854804,1.6565440123451655e-08,135.34727993827417,0.0,-26.241839814822516,-8.7,0.0,2.9305321742069055e-17,2.27859222369213,1.5707963267948966,20.96488773429226,461.0,0.08836505889280516,4.842481233429654,0.0,0.18573711740867524,-1600.3176167163022,-1.2533724695536528,19.91208339367312,-0.02510014048393851,0.5621188442877485,-4.621281299504724,-0.031736489313112376,0.5617832388045999,-4.621281299504724,-5.98674833692973e-17,6.988914915996404e-19,4.1017678814161257e-19,-5.987156209829321e-17,-8.136359090754262e-21,4.1017678814161257e-19,-1600.3493532056152,-0.6915892307490529,15.290802094168399,-1059776.223198494,244.1257458958042,122880.31622798616,0.040899678363620524,4714.705116903084
166.90479992943904,2001.0,12.0,14.0,14.0,24.0,14.0,1.0,3512059.117679582,2661.7674435418353,-42286.12925568275,31.133516599729088,-296.2601047656809,4709.460278471645,3512314.6851911824,4718.872265704366,3511844.8305454566,-38887.2376668632,-42286.12925568275,3512314.6851911824,24.8700638244263,-545.535541567968,4709.460278471645,4741.017154756004,20205880.262315605,0.8261793759000509,1.633620987351392,4.7121609153872853e-07,1.8095213300594234e-05,6.271103730033067,-0.01203968170659527,-0.011072712569624873,116114.68519118242,-0.005465803273173773,-0.0054402727172190544,7794.962465597317,-16541219426.263285,-1040565872.327906,-206206487.55589062,-16539945392.34329,-1914869043.451554,16573916780.366198,16651697755.807882,-0.9998662264951068,0.01107168381888495,0.012039390842162259,0.011072486309424893,0.9999386981445051,0.0,0.012038652805164606,-0.00013330599027365703,0.9999275239076828,4709.491080412961,-545.226725785821,-0.11525878377931505,1.6582921797372406e-08,135.3385391013138,0.0,-26.215617303941393,-8.7,0.0,2.930515850197756e-17,2.278589557779124,1.5707963267948966,20.96557695703497,461.0,0.08845845955379066,4.869004837925983,0.0,0.1859330951751997,-1600.3326968846955,-1.2128820525713644,19.268432849522302,-0.024086647163931284,0.5626749976607512,-4.626161910185717,-0.030741592545550766,0.5623506682239201,-4.626161910185717,-5.993039130077619e-17,7.01164744579779e-19,3.9731641398616176e-19,-5.993449233420381e-17,-7.88063807617509e-21,3.9731641398616176e-19,-1600.363438477241,-0.6505313843474443,14.642270939336585,-1059790.502665583,244.2792841007701,122909.95629164821,0.040991893217119976,4714.681874701403
167.20479992943902,2001.0,12.0,14.0,14.0,24.0,15.0,1.0,3512068.3015164267,2572.889349946707,-40873.289763950204,30.092060890289268,-296.2605147504253,4709.469596085285,3512307.0765655176,4718.874834235436,3511852.1326705124,-39050.896707483655,-40873.289763950204,3512307.0765655176,23.81076857891341,-545.5247136082388,4709.469596085285,4741.019725998761,20205607.732505847,0.8261770314455937,1.6336209499918382,4.716870722575355e-07,1.811371449943655e-05,6.2715067629049335,-0.011637425618990633,-0.011119285727508631,116107.07656551711,-0.00528346016981685,-0.005258781357761035,7802.302654474974,-16541208846.890862,-1040564586.388891,-206206400.43646672,-16539934069.202673,-1914872297.045263,16573906141.129436,16651686881.72894,-0.9998704714920741,0.011118303683648662,0.011637162945307688,0.011119056600262382,0.9999381813793892,0.0,0.011636443551946585,-0.00012939427345535226,0.9999322859266944,4709.498359154291,-545.2262367394097,-0.11525850474598498,1.6599829854406404e-08,135.3300850727968,0.0,-26.190255218390398,-8.7,0.0,2.9305000721199704e-17,2.278586981023475,1.5707963267948966,20.966243174182956,461.0,0.08854879006237518,4.895556002125826,0.0,0.1861226343098232,-1600.347282000081,-1.1723907750587663,18.624768246077775,-0.023070152202338733,0.5632123778552885,-4.630882185790527,-0.029743496002387657,0.5628994039236526,-4.630882185790527,-5.999123149955407e-17,7.034169824051024e-19,3.844148741781754e-19,-5.999535477149298e-17,-7.624101203868176e-21,3.844148741781754e-19,-1600.3770254960832,-0.6094913711351138,13.993886060287249,-1059804.7969401162,244.432822305736,122939.66296219488,0.041084109424226335,4714.658581500882
167.504799929439,2001.0,12.0,14.0,14.0,24.0,15.0,1.0,3512077.172915248,2484.0111373616774,-39460.44754022062,29.05059650107002,-296.2608980338123,4709.478491804212,3512299.7260689135,4718.877209848477,3511859.1170058404,-39214.55248565299,-39460.44754022062,3512299.7260689135,22.75146569798745,-545.5137918965785,4709.478491804212,4741.022104051748,20205334.9371806,0.8261746846431111,1.6336209125980787,4.71922386351623e-07,1.813160288594239e-05,6.2719097978433895,-0.011235168068100793,-0.011165858724931333,116099.72606891394,-0.005101116645398322,-0.005077289576260157,7809.399725038558,-16541198256.940147,-1040563299.2171798,-206206309.8645119,-16539922760.804176,-1914875394.9786868,16573895491.257887,16651676004.351357,-0.9998745525446469,0.011164922000988583,0.01123493170225142,0.011165626706530927,0.99993766244714,0.0,0.011234231344102553,-0.00012544505346070943,0.9999368861631447,4709.505285782863,-545.2257515287301,-0.11525823505851991,1.661616429130236e-08,135.32191785434884,0.0,-26.165753563046465,-8.7,0.0,2.9304848400090927e-17,2.2785844934309893,1.5707963267948966,20.966886379708885,461.0,0.08863605036019767,4.922133804944755,0.0,0.18630573476575515,-1600.3613720445398,-1.1318986674379614,17.98109006657724,-0.0220507636233057,0.5637309908960025,-4.635442124274825,-0.02874230657778122,0.5634294508503692,-4.635442124274825,-6.005000400251765e-17,7.056480463212421e-19,3.7147354449689376e-19,-6.005414944529876e-17,-7.366775740641078e-21,3.7147354449689376e-19,-1600.3901143511175,-0.5684692165875922,13.345647942302417,-1059819.1055271905,244.58636051070192,122969.43623962621,0.04117632698789973,4714.635237307525
167.80479992943899,2001.0,12.0,14.0,14.0,24.0,15.0,1.0,3512085.7318734936,2395.1328137953337,-38047.60271104717,28.009123756224874,-296.26125462747206,4709.486965724097,3512292.633702754,4718.879392645271,3511865.783549202,-39378.204973247965,-38047.60271104717,3512292.633702754,21.692155510759537,-545.5027764477956,4709.486965724097,4741.024289016891,20205061.885797936,0.8261723355738021,1.6336208751713002,4.7239266288720087e-07,1.814888638946911e-05,6.272312834790776,-0.010832909113553774,-0.011212431566335317,116092.63370275358,-0.004918772728850567,-0.004895797401583634,7816.253004763275,-16541187656.776756,-1040562010.8554789,-206206215.971182,-16539911467.51223,-1914878337.2920885,16573884831.11912,16651665124.043247,-0.9998784696498647,0.011211538752605133,0.010832697237683285,0.011212196632571827,0.9999371413477312,0.0,0.010832016308934487,-0.00012145833149002266,0.9999413246138779,4709.511860397265,-545.2252701654882,-0.11525797471688108,1.6631925104992055e-08,135.31403744750398,0.0,-26.14211234251192,-8.7,0.0,2.930470153899073e-17,2.2785820950072098,1.5707963267948966,20.967506567808503,461.0,0.08872024039210448,4.948737325314671,0.0,0.18648239649977866,-1600.3749670008012,-1.09140576013089,17.337398794268672,-0.021028589454837963,0.5642308426546906,-4.639841723712728,-0.027738131168344286,0.5639408137886192,-4.639841723712728,-6.010670884598287e-17,7.078577775714408e-19,3.584938006875527e-19,-6.011087639018054e-17,-7.108688951884735e-21,3.584938006875527e-19,-1600.4027051319695,-0.5274649463422708,12.697557070555945,-1059833.4279318284,244.73989871566783,122999.2761239422,0.04126854591110014,4714.611842127326
168.10479992943897,2001.0,12.0,14.0,14.0,24.0,16.0,1.0,3512093.978388701,2306.254387252955,-36634.75540295612,26.967642979852705,-296.2615845430508,4709.49501794091,3512285.799468333,4718.881382727701,3511872.132298452,-39541.8541421495,-36634.75540295612,3512285.7994683334,20.632838346284377,-545.4916672767483,4709.49501794091,4741.026280996219,20204788.587812997,0.8261699843188515,1.6336208377126886,4.7286247171826893e-07,1.8165560624861567e-05,6.272715873689452,-0.010430648814970534,-0.011259004256163819,116085.7994683329,-0.004736428448778316,-0.004714304862281301,7822.861845286563,-16541177046.766216,-1040560721.3464799,-206206118.88763362,-16539900189.691162,-1914881124.0258045,16573874161.08062,16651654241.17264,-0.9998822228048914,0.011258153920200655,0.010430459676288773,0.011258766382727265,0.9999366180811358,0.0,0.010429798573739853,-0.00011743410875979234,0.9999456012758601,4709.518083096329,-545.2247926613985,-0.11525772372102984,1.6647112292593535e-08,135.30644385370326,0.0,-26.1193315611097,-8.7,0.0,2.930456013822254e-17,2.27857978575742,1.5707963267948966,20.968103732900783,461.0,0.08880136010616267,4.9753656421479935,0.0,0.18665261947228254,-1600.3880668522604,-1.0509120835595165,16.69369491241259,-0.02000373772871499,0.5647119388503935,-4.644080982297592,-0.026731076673041407,0.5644334973610176,-4.644080982297592,-6.01613460657042e-17,7.100460173965365e-19,3.45477018462335e-19,-6.016553564012831e-17,-6.849868101640113e-21,3.45477018462335e-19,-1600.4147979289335,-0.48647858619849893,12.049613930114997,-1059847.7636591736,244.89343692063375,123029.18261514278,0.04136076619678712,4714.588395966278
168.19165037201947,2001.0,12.0,14.0,14.0,24.0,16.0,1.0,3512096.307447222,2280.5239335681354,-36225.733578248815,26.6661313058699,-296.26167508050725,4709.497270407426,3512283.869129474,4718.8819229405735,3511873.9109521615,-39589.23019451299,-36225.733578248815,3512283.869129474,20.326163209073737,-545.4884336679962,4709.497270407426,4741.026821707653,20204709.426369067,0.8261693032600037,1.6336208268630172,4.7286247171826893e-07,1.8170253797680226e-05,6.272832554401406,-0.010314193622707878,-0.011272487090916947,116083.86912947334,-0.004683639446919107,-0.004661762440473891,7824.7293257676065,-16541173973.498941,-1040560347.839037,-206206090.20666325,-16539896927.817337,-1914881901.7705395,16573871070.426332,16651651090.272942,-0.9998832787460843,0.011271648781715715,0.010314010748575238,0.011272248361888698,0.9999364661901614,0.0,0.010313355460177665,-0.00011626209076512966,0.9999468091765072,4709.51981894148,-545.2246551496454,-0.1152576528018086,1.6650327176316643e-08,135.3048364118417,0.0,-26.11450923552504,-8.7,0.0,2.930453008083656e-17,2.278579294883056,1.5707963267948966,20.968230676062984,461.0,0.08881853855708913,4.9830787435697586,0.0,0.18668866224953573,-1600.3917668618678,-1.0391889651985948,16.507339404169265,-0.019705269542168596,0.564812915000531,-4.644979016469853,-0.02643730823280113,0.5645378599638208,-4.644979016469853,-6.017291867770003e-17,7.106299064980331e-19,3.4168002159565403e-19,-6.017711434727478e-17,-6.774372760204969e-21,3.4168002159565403e-19,-1600.4182041701006,-0.47465110523477405,11.862360387699411,-1059851.9161108416,245.0469751255997,123059.155713228,0.041452987847920175,4714.564898830362
168.261715063471,2001.0,12.0,14.0,14.0,24.0,16.0,1.0,3512098.167280275,2259.7664482045802,-35895.76404221582,26.42289290429225,-296.261746490542,4709.499061781334,3512282.327637407,4718.882346978183,3511875.32643138,-39627.44958175073,-35895.76404221582,3512282.3276374065,20.07875936146569,-545.485819301181,4709.499061781334,4741.027246130889,20204645.549883056,0.8261687537000892,1.6336208181083807,4.7286247171826893e-07,1.817402334634131e-05,6.272926684123685,-0.010220245870695017,-0.011283364063499978,116082.32763740653,-0.004641053056484665,-0.004619374972865413,7826.2209051493555,-16541171493.6194,-1040560046.4515356,-206206066.88405213,-16539894297.3299,-1914882519.6977632,16573868576.517057,16651648548.210175,-0.9998841205893888,0.011282535367368023,0.010220067948342206,0.011283124642749205,0.9999363435230746,0.0,0.010219417374822676,-0.00011531430051851125,0.9999477737417746,4709.521197805199,-545.2245444511643,-0.11525759616010832,1.6654180906483658e-08,135.30290954675817,0.0,-26.108728640274517,-8.7,0.0,2.930449428467621e-17,2.278578710287393,1.5707963267948966,20.968381858202935,461.0,0.08883911807534255,4.989302600968417,0.0,0.1867318497348093,-1600.3947215218277,-1.0297315517177943,16.35700044872088,-0.019465893019865697,0.5649351716787078,-4.646054399964999,-0.026202210523250623,0.5646628315680138,-4.646054399964999,-6.018677898668642e-17,7.111545319986453e-19,3.386412368743977e-19,-6.019097989303292e-17,-6.713950265827873e-21,3.386412368743977e-19,-1600.420923732351,-0.4650687201497805,11.71094604875588,-1059855.2668063957,245.2005133305656,123089.19541819787,0.0415452108674583,4714.541350725557
168.36393092754741,2001.0,12.0,14.0,14.0,24.0,16.0,1.0,3512100.8499831567,2229.483792576913,-35414.37839437495,26.06803692083689,-296.2618480591447,4709.5016339214335,3512280.1040417394,4718.882946744174,3511877.3603525977,-39683.20669080826,-35414.37839437495,3512280.10404174,19.717826602741674,-545.4819960893957,4709.5016339214335,4741.0278464329085,20204552.337807763,0.8261679517458052,1.6336208053333268,4.7309720118009125e-07,1.8179447191885217e-05,6.27306400812317,-0.010083187403341062,-0.011299232229570287,116080.10404173983,-0.004578924660571013,-0.00455753678139402,7828.372958956286,-16541167874.816044,-1040559606.6519222,-206206032.5664323,-16539890461.284674,-1914883405.957723,16573864937.240898,16651644839.401745,-0.9998853326963647,0.011298417414130213,0.010083016543476138,0.011298991797286764,0.9999361643546876,0.0,0.010082372887608389,-0.00011392792121664361,0.9999491650965983,4709.52317497102,-545.2243833331244,-0.11525751444106803,1.6659739895650423e-08,135.3001300521748,0.0,-26.10039015652437,-8.7,0.0,2.9304442660954265e-17,2.2785778672080337,1.5707963267948966,20.96859989070518,461.0,0.08886880328987827,4.99838487087083,0.0,0.18679414653866686,-1600.398983571755,-1.0159342649704677,16.13767303591382,-0.019116395725817335,0.5651114668414354,-4.647605613203095,-0.025858933130987798,0.5648430951322252,-4.647605613203095,-6.020677201529953e-17,7.119175050896648e-19,3.3420418040147737e-19,-6.021098055285326e-17,-6.625725108168448e-21,3.3420418040147737e-19,-1600.424842504886,-0.4510911698382425,11.490067422710727,-1059860.1563633308,245.3540515355315,123119.30173005236,0.04163743525836045,4714.51775165783
168.5427918944733,2001.0,12.0,14.0,14.0,24.0,16.0,1.0,3512105.4570063995,2176.494096477593,-34572.031982236185,25.447095184245512,-296.2620183313166,4709.506016917467,3512276.2852110686,4718.883942368247,3511880.8306201557,-39780.77152805921,-34572.031982236185,3512276.2852110686,19.086251805194614,-545.4752799171673,4709.506016917467,4741.028842919067,20204389.15938953,0.8261665478149863,1.6336207829697282,4.7356631106349384e-07,1.8188782433233194e-05,6.2733043030702955,-0.009843357262214586,-0.011326998872996126,116076.28521106858,-0.004470210090884745,-0.0044493300211836985,7832.070274448022,-16541161539.608871,-1040558836.7375879,-206205971.69182944,-16539883753.010563,-1914884913.295874,16573858566.194227,16651638348.734106,-0.9998874078919765,0.011326207934028915,0.009843198306410738,0.011326756663851748,0.9999358502341427,0.0,0.009842566867544094,-0.00011149151201075207,0.9999515545500696,4709.526536352893,-545.2241024758572,-0.11525737405640502,1.666928697232855e-08,135.29535651383574,0.0,-26.086069541507182,-8.7,0.0,2.930435403672787e-17,2.2785764198645797,1.5707963267948966,20.96897420553234,461.0,0.08891978315482636,5.0142846423388,0.0,0.1869011330700416,-1600.4063031684161,-0.9917910818602278,15.753882841795896,-0.018504058007719145,0.5654140670643105,-4.650269619899738,-0.02525741522943301,0.5651526611216527,-4.650269619899738,-6.024110711844361e-17,7.132457351527837e-19,3.2642926896153625e-19,-6.024532898456913e-17,-6.471131697207701e-21,3.2642926896153625e-19,-1600.4315605836455,-0.42663842073857505,11.103613221896158,-1059868.7162016146,245.50758974049742,123149.47464879148,0.04172966102358521,4714.494101633142
168.8427918944733,2001.0,12.0,14.0,14.0,24.0,16.0,1.0,3512112.9349101754,2087.6154509804082,-33159.17911934378,24.405596040312307,-296.2622826297686,4709.51303182696,3512270.085978797,4718.885458471635,3511886.397595829,-39944.41241310709,-33159.17911934378,3512270.085978797,18.026918888231073,-545.4639402161115,4709.51303182696,4741.030360251731,20204115.264307156,0.8261641912648173,1.6336207454340286,4.740349567111437e-07,1.8203938178376585e-05,6.2737073465242785,-0.00944109391244114,-0.011373571208777923,116070.08597879624,-0.0042878650375125765,-0.004267836705982481,7838.075809400529,-16541150905.73812,-1040557544.4494087,-206205867.30496752,-16539872513.605778,-1914887317.3413773,16573847872.16816,16651627459.925884,-0.9998907577226194,0.011372819127027757,0.00944095365892199,0.011373325999728505,0.9999353216362066,0.0,0.00944034303348668,-0.00010737504371124943,0.9999554332039053,4709.531893432531,-545.2236344756635,-0.11525714605074569,1.668478505300939e-08,135.2876074734953,0.0,-26.06282242048592,-8.7,0.0,2.930421027215272e-17,2.278574072010893,1.5707963267948966,20.969581441397967,461.0,0.08900253491464473,5.040973033153622,0.0,0.1870747997338327,-1600.4181850087673,-0.9512956425302919,15.110149999751663,-0.01747484433261544,0.5659047926670542,-4.6545939960721565,-0.024246165914264754,0.5656551316716296,-4.6545939960721565,-6.029684103071995e-17,7.1545389063121215e-19,3.133585222753279e-19,-6.030108518073313e-17,-6.211239861115078e-21,3.133585222753279e-19,-1600.4424311746816,-0.38564051085866224,10.455556003679506,-1059883.084206624,245.66112794546333,123179.71417441525,0.041821888166090955,4714.47040065745
169.14279189447328,2001.0,12.0,14.0,14.0,24.0,17.0,1.0,3512120.100363248,1998.7367298703555,-31746.32421010069,23.364089971129427,-296.2625202544911,4709.519625057537,3512264.1448821756,4718.886781902042,3511891.6467708237,-40108.04988251397,-31746.32421010069,3512264.1448821756,16.9675801178439,-545.4525068083533,4709.519625057537,4741.031684640027,20203841.127264764,0.8261618325684139,1.6336207078670937,4.742691058766752e-07,1.8218471932089342e-05,6.274110391725131,-0.009038829423438706,-0.011420143408452849,116064.14488217514,-0.004105519721326744,-0.004086343126792859,7843.835347168148,-16541140262.194862,-1040556251.0348574,-206205760.16683632,-16539861289.84231,-1914889565.8207097,16573837168.417974,16651616568.731071,-0.9998939435942212,0.01141942867279974,0.009038706344555322,0.011419895174838724,0.9999347908709826,0.0,0.00903811693838715,-0.00010322107897097149,0.9999591500594496,4709.536898630379,-545.2231703391475,-0.11525692739070871,1.6699637794562142e-08,135.28018110271893,0.0,-26.040543308156792,-8.7,0.0,2.9304072626305835e-17,2.278571824083621,1.5707963267948966,20.970162866823348,461.0,0.08908183372606909,5.067685776550989,0.0,0.1872412244966285,-1600.4295716918712,-0.9107995390534559,14.46640621802991,-0.01644303985530993,0.5663744490256254,-4.65873805538907,-0.023232094766579683,0.5661366088158588,-4.65873805538907,-6.035024985943036e-17,7.176372597402077e-19,3.002514746850962e-19,-6.035451620154255e-17,-5.950628577448852e-21,3.002514746850962e-19,-1600.4528037866378,-0.3446629302375971,9.80766816264084,-1059897.4652944673,245.81466615042925,123210.02030692364,0.04191411668883582,4714.446648736695
169.44279189447326,2001.0,12.0,14.0,14.0,24.0,17.0,1.0,3512126.9533635033,1909.8579414759981,-30333.46738618586,22.322577314031612,-296.2627312193087,4709.525796724473,3512258.461922105,4718.887912779954,3511896.578143352,-40271.68390784091,-30333.46738618586,3512258.4619221045,15.908235836315702,-545.4409797112361,4709.525796724473,4741.032816204615,20203566.75933844,0.8261594718209258,1.633620670270314,4.745031394985559e-07,1.823237909252106e-05,6.274513438618029,-0.008636563856297684,-0.011466715476371932,116058.46192210447,-0.003923174169717404,-0.003904849311148865,7849.34827706404,-16541129609.40768,-1040554956.5439786,-206205650.41067067,-16539850082.147436,-1914891658.7819161,16573826455.374552,16651605675.581152,-0.9998969655044823,0.011466036552959713,0.008636456489476486,0.011466464193432354,0.999934257938441,0.0,0.008635888711022303,-9.902961909471862e-05,0.9999627051141985,4709.541552064436,-545.2227100801733,-0.11525671807625935,1.671384519473882e-08,135.2730774026306,0.0,-26.01923220789177,-8.7,0.0,2.930394109951535e-17,2.278569676088124,1.5707963267948966,20.970718475992772,461.0,0.08915767954753546,5.094421790744994,0.0,0.18740040733832344,-1600.4404632040428,-0.8703028020050639,13.82265198233779,-0.01540876608244183,0.5668230424003439,-4.662701796627032,-0.02221532201880985,0.5665970975355998,-4.662701796627032,-6.040133365132156e-17,7.19795664021781e-19,2.8710967329211343e-19,-6.040562209172054e-17,-5.68932851931104e-21,2.8710967329211343e-19,-1600.4626785260616,-0.3037057044694641,9.159950185710759,-1059911.8588851206,245.96820435539516,123240.39304631666,0.042006346594777706,4714.4228458768175
169.74279189447324,2001.0,12.0,14.0,14.0,24.0,17.0,1.0,3512133.4939090125,1820.9790937969522,-28920.608774109056,21.2810583931253,-296.2629155374759,4709.531546938465,3512253.0370994415,4718.888851220985,3511901.19171181,-40435.31446097996,-28920.608774109056,3512253.037099442,14.848886372683646,-545.4293589414157,4709.531546938465,4741.033755061269,20203292.171156373,0.8261571091136608,1.6336206326450193,4.7497086079446605e-07,1.824568543189847e-05,6.27491648714517,-0.00823429727063696,-0.01151328741697985,116053.03709944151,-0.003740828411318178,-0.0037233552876524078,7854.614015908912,-16541118947.787794,-1040553661.0247337,-206205538.16822,-16539838890.931074,-1914893596.2710912,16573815733.451305,16651594780.890127,-0.999899823451239,0.011512642749217476,0.008234204218381955,0.011513033059852983,0.9999337228385503,0.0,0.008233658478699564,-9.480066538781234e-05,0.9999660983657845,4709.545853847966,-545.222253712023,-0.1152565181073598,1.672740725139622e-08,135.2662963743019,0.0,-25.99888912290567,-8.7,0.0,2.9303815692095264e-17,2.2785676280295304,1.5707963267948966,20.97124826334593,461.0,0.08923007234025179,5.121180039795024,0.0,0.18755234824106182,-1600.4508595322432,-0.8298054618117198,13.178887776045816,-0.014372144511067383,0.5672505788492648,-4.6664852186496955,-0.021195967891787394,0.567036602599694,-4.6664852186496955,-6.04500924516202e-17,7.219289250196977e-19,2.739346649848417e-19,-6.045440289446139e-17,-5.427370343559464e-21,2.739346649848417e-19,-1600.472055500135,-0.26276885921202575,8.51240255739612,-1059926.2644219995,246.12174256036107,123270.83239259433,0.042098577886874204,4714.398992083746
170.04279189447323,2001.0,12.0,14.0,14.0,24.0,18.0,1.0,3512139.7219979456,1732.1001948172513,-27507.74850016352,20.239533531978143,-296.26307322225125,4709.53687581042,3512247.8704149625,4718.889597340762,3511905.487474691,-40598.94151383975,-27507.74850016352,3512247.870414963,13.78953205544348,-545.4176445155802,4709.53687581042,4741.034501325781,20203017.373336207,0.8261547445378452,1.6336205949925384,4.752045488089956e-07,1.825835578007715e-05,6.275319537248505,-0.007832029726014168,-0.011559859234725677,116047.87041496299,-0.003558482474858411,-0.0035418610849617324,7859.632007040083,-16541108277.746038,-1040552364.5250282,-206205423.57118496,-16539827716.602741,-1914895378.3343642,16573805003.061274,16651583885.071615,-0.9999025174324524,0.011559247243288414,0.007831949655908981,0.011559601778448586,0.9999331855712779,0.0,0.007831426368666941,-9.053421917116525e-05,0.9999693298119634,4709.549804094392,-545.2218012479748,-0.11525632748397192,1.6740323962592498e-08,135.25983801870376,0.0,-25.979514056111256,-8.7,0.0,2.93036964043397e-17,2.2785656799126426,1.5707963267948966,20.971752223603474,461.0,0.08929901206898591,5.147959488790842,0.0,0.18769704719070257,-1600.4607606640845,-0.7893075488940495,12.535114082444183,-0.01333329664123901,0.5676570642325712,-4.67008832044402,-0.020174152607353703,0.5674551285688059,-4.67008832044402,-6.049652630449167e-17,7.24036864270588e-19,2.607279966033996e-19,-6.050085865188917e-17,-5.164784705065536e-21,2.607279966033996e-19,-1600.4809348166918,-0.22185242032524366,7.865025762000164,-1059940.6813490167,246.27528076532698,123301.33834575662,0.04219081056808278,4714.375087363399
170.3427918944732,2001.0,12.0,14.0,14.0,24.0,18.0,1.0,3512145.6376285697,1643.2212525255363,-26094.88669074491,19.198003054434814,-296.2632042869238,4709.541783451674,3512242.9618693637,4718.890151255145,3511909.46543059,-40762.56503832544,-26094.88669074491,3512242.961869363,12.730173213366383,-545.4058364504866,4709.541783451674,4741.0350551141755,20202742.376504883,0.8261523781847937,1.6336205573142,4.754381219608774e-07,1.827039753684242e-05,6.275722588870183,-0.0074297612820164415,-0.011606430934057155,116042.96186936321,-0.003376136388925969,-0.0033603667316745084,7864.401720520109,-16541097599.693665,-1040551067.0928062,-206205306.7513064,-16539816559.572351,-1914897005.017993,16573794264.617905,16651572988.539644,-0.9999050474462062,0.011605850016887753,0.007429692926726263,0.0116061703535658,0.9999326461365905,0.0,0.0074291925082037025,-8.623028178226788e-05,0.9999723994506121,4709.553402917513,-545.2213527013308,-0.11525614620605744,1.675259532659197e-08,135.253702336704,0.0,-25.961107010112045,-8.7,0.0,2.93035832365222e-17,2.2785638317419274,1.5707963267948966,20.97223035176836,461.0,0.08936449870210128,5.174759101733457,0.0,0.1878345041768879,-1600.470166587836,-0.7488090936758438,11.891331384887181,-0.012292343976715596,0.5680425042127747,-4.67351110112193,-0.019149996389050454,0.5678526797956152,-4.67351110112193,-6.054063525306031e-17,7.261193033031005e-19,2.4749121495129273e-19,-6.054498940507804e-17,-4.901602257691682e-21,2.4749121495129273e-19,-1600.4893165842252,-0.18095641388022865,7.217820283765251,-1059955.109109534,246.4288189702929,123331.91090580355,0.04228304464136054,4714.351131721689
170.6427918944732,2001.0,12.0,14.0,14.0,24.0,18.0,1.0,3512151.2407992487,1554.3422749057636,-24682.023472204437,18.156467284241437,-296.2633087447985,4709.546269973872,3512238.31146326,4718.89051308011,3511913.125578199,-40926.185006347805,-24682.023472204437,3512238.31146326,11.67081017512296,-545.3939347629408,4709.546269973872,4741.035416542589,20202467.191287454,0.8261500101458168,1.6336205196113325,4.759049243531067e-07,1.828183623560157e-05,6.276125641952031,-0.007027491998218584,-0.011653002519423312,116038.31146326009,-0.003193790182274505,-0.0031788722565899664,7868.922653074376,-16541086914.04189,-1040549768.7759979,-206205187.84032273,-16539805420.249771,-1914898476.368311,16573783518.53461,16651562091.708202,-0.9999074134907078,0.01165245105173323,0.0070274341554919925,0.01165273878955254,0.9999321045344541,0.0,0.0070269570245784126,-8.188885457472794e-05,0.9999753072797299,4709.556650431381,-545.2209080854011,-0.11525597427357784,1.6764221341849747e-08,135.24788932907512,0.0,-25.943667987225382,-8.7,0.0,2.930347618889633e-17,2.278562083521528,1.5707963267948966,20.972682643124852,461.0,0.08942653221146515,5.201577842698941,0.0,0.1879647191928583,-1600.479077292419,-0.7083101265797598,11.247540166725281,-0.011249408024474111,0.5684069042541743,-4.676753559915737,-0.018123619461603176,0.5682292604242817,-4.676753559915737,-6.05824193393505e-17,7.281760636374329e-19,2.342258667916694e-19,-6.05867951939932e-17,-4.637853653935884e-21,2.342258667916694e-19,-1600.4972009118808,-0.1400808661554781,6.570786606809545,-1059969.547146948,246.5823571752588,123362.55007273512,0.042375280109664515,4714.327125164516
170.94279189447317,2001.0,12.0,14.0,14.0,24.0,18.0,1.0,3512156.531508445,1465.4632699379465,-23269.15897086088,17.114926545075537,-296.2633866091978,4709.550335488973,3512233.9191971878,4718.890682931752,3511916.4679163103,-41089.80138982271,-23269.15897086088,3512233.919197188,10.611443269313199,-545.3819394698,4709.550335488973,4741.035585727279,20202191.828307934,0.826147640512224,1.633620481885264,4.759049243531067e-07,1.829261838457588e-05,6.2765286964360545,-0.006625221934186454,-0.011699573995274288,116033.91919718776,-0.003011443883468141,-0.00299737768821435,7873.194327983074,-16541076221.201937,-1040548469.6225251,-206205066.969974,-16539794299.044853,-1914899792.4317317,16573772765.22482,16651551194.99129,-0.9999096155642873,0.01169905032954492,0.006625173466857141,0.01169930709075782,0.9999315607648336,0.0,0.006624720045052225,-7.750993891830233e-05,0.9999780532974382,4709.559546750309,-545.2204674135053,-0.11525581168649436,1.6775202007030606e-08,135.2423989964847,0.0,-25.927196989454092,-8.7,0.0,2.930337526169542e-17,2.2785604352552515,1.5707963267948966,20.97310909323947,461.0,0.08948511257254778,5.228414675745409,0.0,0.18808769223566144,-1600.4874927674077,-0.6678106780275979,10.603740911309611,-0.010204610294650933,0.5687502696234545,-4.679815696183299,-0.017095142050848187,0.568584874391044,-4.679815696183299,-6.0621878604353e-17,7.302069667859187e-19,2.2093349884926305e-19,-6.062627605755729e-17,-4.373569545031871e-21,2.2093349884926305e-19,-1600.5045879094587,-0.09922580363655387,5.923925215126312,-1059983.9949046522,246.73589538022475,123393.25584655133,0.04246751697595137,4714.303067697774
171.24279189447316,2001.0,12.0,14.0,14.0,24.0,19.0,1.0,3512161.509754713,1376.5842455982104,-21856.293313000195,16.073381160544827,-296.2634378934611,4709.553980109246,3512229.785071597,4718.890660926276,3511919.492443809,-41253.41416067089,-21856.293313000195,3512229.785071597,9.552072824465265,-545.3698505879721,4709.553980109246,4741.035562784616,20201916.298188403,0.8261452693753197,1.6336204441373217,4.763712693198303e-07,1.8302787605214637e-05,6.276931752264069,-0.006222951149476837,-0.011746145366061288,116029.78507159697,-0.0028290975210558704,-0.002815883055179076,7877.216295433231,-16541065521.584986,-1040547169.6802992,-206204944.27200052,-16539783196.367384,-1914900953.2547462,16573762005.1019,16651540298.802841,-0.9999116536653989,0.01174564783204523,0.006222910985465222,0.011745875261531721,0.9999310148276933,0.0,0.006222481696878641,-7.309353619888994e-05,0.9999806375019803,4709.562091988866,-545.2200306989732,-0.11525565844476839,1.678553732100756e-08,135.23723133949622,0.0,-25.911694018488664,-8.7,0.0,2.9303280455132366e-17,2.2785588869465783,1.5707963267948966,20.973509697961024,461.0,0.08954023976441158,5.255268564925416,0.0,0.18820342330613277,-1600.495413003035,-0.627310778440269,9.959934101990873,-0.009158072300433974,0.5690726053896286,-4.682697509407542,-0.016064684383602486,0.5689195254241632,-4.682697509407542,-6.065901308801777e-17,7.322118342527646e-19,2.0761565781159773e-19,-6.066343203364324e-17,-4.108780581013939e-21,2.0761565781159773e-19,-1600.5114776874186,-0.058391253016105704,5.277236592583331,-1059998.4518260937,246.88943358519066,123424.02822725216,0.0425597552431776,4714.2789593273465
171.54279189447314,2001.0,12.0,14.0,14.0,24.0,19.0,1.0,3512166.1755367084,1287.7052098585518,-20443.426624873646,15.031831454182711,-296.2634626109456,4709.557203947283,3512225.9090868603,4718.890447180019,3511922.1991596827,-41417.0232908183,-20443.426624873646,3512225.90908686,8.492699169030994,-545.3576681344167,4709.557203947283,4741.035347831097,20201640.611550618,0.8261428968264157,1.6336204063688327,4.763712693198303e-07,1.8312320667806148e-05,6.277334809377823,-0.005820679703636858,-0.011792716636236664,116025.90908686025,-0.002646751123776103,-0.002634388385988867,7880.988131926395,-16541054815.602253,-1040545868.9972248,-206204819.87814388,-16539772112.627176,-1914901958.8839316,16573751238.579266,16651529403.556845,-0.9999135277926197,0.01179224354095898,0.005820646835951595,0.01179244330622545,0.9999304667229965,0.0,0.0058202421073028105,-6.863964781851973e-05,0.999983059891722,4709.564286261891,-545.2195979551446,-0.1152555145483609,1.6795227282849367e-08,135.23238635857533,0.0,-25.897159075725952,-8.7,0.0,2.930319176940002e-17,2.2785574385986562,1.5707963267948966,20.97388445342034,461.0,0.08959191376964275,5.282138474285379,0.0,0.18831191240875333,-1600.5028379901858,-0.5868104582376185,9.316120222117439,-0.00810991555794656,0.5693739164236206,-4.685398999192907,-0.015032366687520986,0.5692332170435076,-4.685398999192907,-6.069382282920864e-17,7.341904875333319e-19,1.942738903300378e-19,-6.06982631590289e-17,-3.843517410772527e-21,1.942738903300378e-19,-1600.5178703568733,-0.01757724119411086,4.630721222924532,-1060012.9173546545,247.04297179015657,123454.86721483764,0.04265199491429948,4714.254800059104
171.84279189447312,2001.0,12.0,14.0,14.0,24.0,19.0,1.0,3512170.5288531845,1198.826170686992,-19030.559032698893,13.990277749450685,-296.2634607750258,4709.560007115987,3512222.2912432724,4718.890041809434,3511924.5880630207,-41580.62875219603,-19030.559032698893,3512222.2912432724,7.43332263138827,-545.3453921261442,4709.560007115987,4741.03494098334,20201364.77901525,0.8261405229568224,1.633620368581123,4.7660427068828425e-07,1.832123674467483e-05,6.277737867718936,-0.0054184076562042716,-0.01183928781025387,116022.2912432719,-0.0024644047200861547,-0.0024528937095180422,7884.509440660477,-16541044103.664959,-1040544567.6211983,-206204693.92014647,-16539761048.234034,-1914902809.3659444,16573740466.07034,16651518509.66728,-0.9999152379446501,0.011838837438013393,0.0054183811429436525,0.011839011229191315,0.9999299164507056,0.0,0.005418001403561725,-6.414827519534837e-05,0.9999853204651505,4709.566129684477,-545.2191691953695,-0.115255379997233,1.6804271891820228e-08,135.22786405408988,0.0,-25.88359216226966,-8.7,0.0,2.930310920467094e-17,2.2785560902143036,1.5707963267948966,20.974233356030336,461.0,0.08964013457434686,5.309023367867137,0.0,0.18841315955164334,-1600.5097677203946,-0.5463097478384354,8.67229975503487,-0.007060261586148291,0.5696542073982457,-4.68792016526518,-0.013998309190975536,0.5695259525605327,-4.68792016526518,-6.072630786570024e-17,7.361427481139157e-19,1.80909743021113e-19,-6.073076946939399e-17,-3.577810682122861e-21,1.80909743021113e-19,-1600.5237660295857,0.02321620472209729,3.9843795897696905,-1060027.390933726,247.19650999512248,123485.77280930773,0.04274423599227309,4714.230589898912
172.1427918944731,2001.0,12.0,14.0,14.0,24.0,20.0,1.0,3512174.569702991,1109.9471360475463,-17617.690662659803,12.94872036973744,-296.2634323990942,4709.562389728574,3512218.9315410447,4718.889444931087,3511926.659153007,-41744.23051674021,-17617.690662659803,3512218.931541045,6.373943539840141,-545.3330225802172,4709.562389728574,4741.0343423580725,20201088.811201178,0.826138147857846,1.6336203307755193,4.768371582031296e-07,1.8329512508104732e-05,6.278140927229211,-0.0050161350667073815,-0.011885858892567474,116018.93154104566,-0.0022820583386824102,-0.0022713990539362317,7887.779851403087,-16541033386.184296,-1040543265.6001097,-206204566.52975103,-16539750003.59771,-1914903504.7475257,16573729687.988503,16651507617.548103,-0.999916784120314,0.01188542950493813,0.0050161140310606275,0.01188557903478273,0.9999293640107825,0.0,0.0050157597128840156,-5.9619419763653686e-05,0.9999874192208758,4709.56762237198,-545.2187444330082,-0.11525525479134571,1.6812671147385848e-08,135.22366442630707,0.0,-25.870993278921226,-8.7,0.0,2.9303032761097527e-17,2.278554841796009,1.5707963267948966,20.97455640248635,461.0,0.0896849021681783,5.335922209708885,0.0,0.18850716474662566,-1600.5162021858544,-0.5058086776603802,8.02847318408492,-0.006009231906735242,0.5699134827883922,-4.69026100747307,-0.012962632122935731,0.5697977350784657,-4.69026100747307,-6.07564682341984e-17,7.380684374718115e-19,1.6752476246786984e-19,-6.076095099934047e-17,-3.3116910418692992e-21,1.6752476246786984e-19,-1600.5291648179773,0.06398905741808547,3.33821217661185,-1060041.8720067348,247.3500482000884,123516.74501066246,0.04283647848005424,4714.206328852621
172.4427918944731,2001.0,12.0,14.0,14.0,24.0,20.0,1.0,3512178.298085071,1021.0681139002072,-16204.82164090619,11.907159638358278,-296.26337749656074,4709.564351898581,3512215.829980307,4718.888656661675,3511928.4124289216,-41907.82855639209,-16204.82164090619,3512215.8299803063,5.314562222614235,-545.3205595137485,4709.564351898581,4741.033552072154,20200812.718726587,0.826135771620798,1.6336202929533465,4.770699320311032e-07,1.833716093403785e-05,6.278543987850058,-0.004613861994664938,-0.011932429887633166,116015.82998030633,-0.0020997120080225172,-0.0020899044481023426,7890.799020508304,-16541022663.571468,-1040541962.9818395,-206204437.838701,-16539738979.127943,-1914904045.0754926,16573718904.747158,16651496727.613258,-0.9999181663185586,0.011932019723465307,0.004613845624913391,0.01193214672735422,0.999928809403188,0.0,0.004613517162489755,-5.5053082973827905e-05,0.9999893561576291,4709.568764440019,-545.218323681431,-0.11525513893065999,1.682042504923416e-08,135.2197874753829,0.0,-25.85936242614876,-8.7,0.0,2.930296243881172e-17,2.278553693345928,1.5707963267948966,20.974853589767132,461.0,0.08972621654444922,5.362833963846275,0.0,0.18859392800945643,-1600.522141379412,-0.4653072781199142,7.38464099260441,-0.004956948044042872,0.5701517468716825,-4.692421525793929,-0.011925455712858317,0.5700485674929664,-4.692421525793929,-6.078430397041359e-17,7.399673770760306e-19,1.5412049522133334e-19,-6.0788807782466e-17,-3.0451891358744172e-21,1.5412049522133334e-19,-1600.5340668351248,0.10474128937305222,2.6922194668104815,-1060056.3600170761,247.5035864050543,123547.78381890184,0.0429287223805986,4714.1820169260745
172.74279189447307,2001.0,12.0,14.0,14.0,24.0,20.0,1.0,3512181.713998471,932.1891122009372,-14791.952093553684,10.865595878554641,-296.2632960808538,4709.565893739851,3512212.9865611107,4718.887677118002,3511929.8478901503,-42071.422843098095,-14791.952093553684,3512212.9865611107,4.255179007862261,-545.3080029439038,4709.565893739851,4741.0325702425525,20200536.512208126,0.8261333943369844,1.6336202551159302,4.773025923385357e-07,1.8344176754979396e-05,6.278947049523105,-0.004211588499586051,-0.01197900079990774,116012.98656111024,-0.001917365756617191,-0.0019084099204379399,7893.566630864516,-16541011936.237675,-1040540659.8142653,-206204307.97874013,-16539727975.234468,-1914904430.396753,16573708116.759697,16651485840.27671,-0.9999193845384539,0.011978608075329512,0.004211576049104251,0.011978714311261405,0.9999282526278819,0.0,0.004211273879590252,-5.0449266292370856e-05,0.9999911312742642,4709.569556004466,-545.2179069540192,-0.1152550324151369,1.6827533597224402e-08,135.21623320138778,0.0,-25.848699604163397,-8.7,0.0,2.9302898237925487e-17,2.278552644865888,1.5707963267948966,20.97512491513286,461.0,0.08976407769985403,5.389757594313457,0.0,0.18867344935924998,-1600.5275852945656,-0.4248055796322332,6.740803663924172,-0.003903531524923442,0.5703690037268128,-4.694401720319447,-0.01088690019052277,0.5702784524904695,-4.694401720319447,-6.080981510887627e-17,7.418393883848772e-19,1.4069848780127604e-19,-6.081433985117924e-17,-2.77833560911411e-21,1.4069848780127604e-19,-1600.5384721947562,0.1454728728582363,2.0464019436047254,-1060070.854408173,247.65712461002022,123578.88923402582,0.043020967696861576,4714.1576541251015
173.04279189447305,2001.0,12.0,14.0,14.0,24.0,21.0,1.0,3512184.817442328,843.3101389016753,-13379.082146683859,9.824029413493856,-296.2631881654196,4709.567015366548,3512210.4012834253,4718.886506416999,3511930.96553617,-42235.0133488098,-13379.082146683859,3512210.4012834253,3.1957942236597603,-545.2953528879001,4709.567015366548,4741.03139698636,20200260.20226135,0.8261310160977131,1.6336202172645953,4.773025923385357e-07,1.835054859634789e-05,6.279350112189831,-0.00380931464097022,-0.012025571633849128,116010.40128342528,-0.001735019613058106,-0.0017269154993403218,7896.082391905598,-16541001204.594103,-1040539356.1452556,-206204177.08161265,-16539716992.32698,-1914904660.7582932,16573697324.4395,16651474955.952389,-0.9999204387791937,0.012025194542267845,0.0038093054282268795,0.012025281790861035,0.9999276936848236,0.0,0.003809029991387983,-4.5807971201884794e-05,0.9999927445697566,4709.569997181457,-545.2174942641649,-0.11525493524473764,1.6833996791436797e-08,135.2130016042816,0.0,-25.839004812844806,-8.7,0.0,2.930284015853026e-17,2.278551696357383,1.5707963267948966,20.975370376127255,461.0,0.08979848563473303,5.416692065144128,0.0,0.188745728819033,-1600.53253392547,-0.3843036126112125,6.096961681368169,-0.0028491038786617206,0.57056525723515,-4.69620159126942,-0.00984708578594488,0.5704873925497814,-4.69620159126942,-6.08330016831141e-17,7.436842928479238e-19,1.2726028669799178e-19,-6.083754723687717e-17,-2.5111611057504355e-21,1.2726028669799178e-19,-1600.5423810112559,0.18618377993856894,1.400760090098749,-1060085.3546234425,247.81066281498613,123610.06125603446,0.043113214431798406,4714.133240455526
173.34279189447304,2001.0,12.0,14.0,14.0,24.0,21.0,1.0,3512187.6084158802,754.4312019503197,-11966.211926343896,8.782460566268528,-296.26305376372255,4709.567716893146,3512208.07414714,4718.885144675713,3511931.76536656,-42398.60004548392,-11966.211926343896,3512208.07414714,2.1364081980055043,-545.282609363006,4709.567716893146,4741.030032420786,20199983.799500555,0.8261286369942913,1.6336201794006664,4.775351392913525e-07,1.8356289225140557e-05,6.2797531757916305,-0.0034070404783071917,-0.012072142393916371,116008.07414714014,-0.0015526736056363964,-0.0015454212132401026,7898.346039599739,-16540990469.051947,-1040538052.0226752,-206204045.2790629,-16539706030.815165,-1914904736.207185,16573686528.19996,16651464075.054232,-0.9999213290400947,0.012071779106019925,0.0034070338868660618,0.012071849170510959,0.9999271325739714,0.0,0.0034067856250763334,-4.1129199201066794e-05,0.9999941960432039,4709.570088087389,-545.2170856252706,-0.11525484741942332,1.6839814632149626e-08,135.21009268392518,0.0,-25.83027805177556,-8.7,0.0,2.930278820069746e-17,2.2785508478215792,1.5707963267948966,20.97558997057673,461.0,0.08982944035294702,5.443636340372619,0.0,0.18881076641548405,-1600.5369872669319,-0.34380140746933435,5.453115528252341,-0.0017937866368627601,0.5707405110799799,-4.697821138985286,-0.008806132729233791,0.5706753899413312,-4.697821138985286,-6.085386372556877e-17,7.455019119048199e-19,1.1380743837334214e-19,-6.085842996986181e-17,-2.243696269192004e-21,1.1380743837334214e-19,-1600.545793399661,0.2268739824719968,0.7552943892670552,-1060099.8601062987,247.96420101995204,123641.29988492772,0.04320546258836413,4714.108775923153
173.64279189447302,2001.0,12.0,14.0,14.0,24.0,21.0,1.0,3512190.086918462,665.5523092907287,-10553.341558546643,7.740889659896227,-296.2628928892456,4709.567998434438,3512206.005152067,4718.883592011312,3511932.2473809975,-42562.18290508242,-10553.341558546643,3512206.005152067,1.0770212588211483,-545.2697723865427,4709.567998434438,4741.028476663162,20199707.31453919,0.8261262571180279,1.6336201415254676,4.775351392913525e-07,1.8361399233396768e-05,6.280156240269655,-0.003004766071076947,-0.012118713084569637,116006.00515206717,-0.0013703277632769462,-0.0013639270911117555,7900.357336426619,-16540979730.022404,-1040536747.4943837,-206203912.70283565,-16539695091.108692,-1914904656.7905855,16573675728.454464,16651453197.99618,-0.9999220553205969,0.012118361748327922,0.0030047615495975774,0.012118416454570147,0.9999265692952826,0.0,0.0030045409078394824,-3.6412951804702975e-05,0.9999954856938256,4709.569828838917,-545.2166810507505,-0.1152547689391554,1.6844987119832063e-08,135.20750644008396,0.0,-25.822519320251907,-8.7,0.0,2.930274236447801e-17,2.2785500992593084,1.5707963267948966,20.975783696590213,461.0,0.08985694186183676,5.470589384034947,0.0,0.18886856217885056,-1600.5409453144096,-0.3032989946176286,4.809265687883659,-0.0007377013333495778,0.5708947687462634,-4.69926036392802,-0.007764161250465054,0.5708424467269262,-4.69926036392802,-6.087240126756813e-17,7.472920669847706e-19,1.0034148926200804e-19,-6.08769880793124e-17,-1.975971742158561e-21,1.0034148926200804e-19,-1600.54870947566,0.2675434521092976,0.11000532395563933,-1060114.3703001477,248.11773922491795,123672.60512070564,0.043297712169513516,4714.084260533784
173.942791894473,2001.0,12.0,14.0,14.0,24.0,21.0,1.0,3512192.2529495023,576.6734688627115,-9140.471169270437,6.699317017319012,-296.2627055554902,4709.567860105525,3512204.1942979316,4718.881848541081,3511932.4115792564,-42725.76189957241,-9140.471169270437,3512204.194297932,0.017633733950780228,-545.2568419758829,4709.567860105525,4741.026729830934,20199430.757988703,0.8261238765602257,1.6336201036403233,4.777675730550751e-07,1.8365873102464724e-05,6.280559305565378,-0.002602491478749631,-0.012165283710270225,116004.19429793255,-0.001187982113875279,-0.001182433160825323,7902.116071375553,-16540968987.916641,-1040535442.6082355,-206203779.48467544,-16539684173.617193,-1914904422.555734,16573664925.616375,16651442325.192142,-0.9999226176202635,0.012164942450936578,0.0026024885409880218,0.012164983647398686,0.9999260038487141,0.0,0.002602295966852223,-3.1659230543661747e-05,0.9999966135209629,4709.569219552954,-545.2162805540293,-0.11525469980389531,1.684951425516861e-08,135.20524287241568,0.0,-25.81572861724709,-8.7,0.0,2.930270264990271e-17,2.2785494506710733,1.5707963267948966,20.975951552560115,461.0,0.08988099017235038,5.497550160169874,0.0,0.18891911614321819,-1600.544408064021,-0.2627964044656085,4.165412643559106,0.00031903049593646815,0.5710280335214177,-4.70051926668487,-0.006721291579569027,0.5709885647605363,-4.70051926668487,-6.088861433941365e-17,7.490545795074272e-19,8.686398577294135e-20,-6.089322159337281e-17,-1.7080181667480374e-21,8.686398577294135e-20,-1600.5511293556006,0.3081921602949278,-0.5351066231257633,-1060128.8846484423,248.27127742988387,123703.97696336816,0.04338996317820126,4714.0596942932025
174.242791894473,2001.0,12.0,14.0,14.0,24.0,22.0,1.0,3512194.10650853,487.79468860202013,-7727.6008844589605,5.657742961402954,-296.2624917759763,4709.567302021826,3512202.641584386,4718.8799143824235,3511932.2579612113,-42889.33700092625,-7727.6008844589605,3512202.641584386,-1.04175404883959,-545.2438181484522,4709.567302021826,4741.024792041669,20199154.140459973,0.8261214954121914,1.633620065746557,4.777675730550751e-07,1.836970525336124e-05,6.28096237161975,-0.0022002167607854655,-0.012211854275480556,116002.64158438612,-0.0010056366864554763,-0.001000939451472617,7903.622059943154,-16540958243.145851,-1040534137.4120818,-206203645.75632688,-16539673278.750292,-1914904033.5499585,16573654120.099075,16651431457.056044,-0.9999230159387805,0.012211521195593227,0.0022002149855946157,0.01221155075335778,0.9999254362342215,0.0,0.0022000509292797676,-2.6868036964887007e-05,0.9999975795240792,4709.568260346672,-545.2158841485435,-0.11525464001360489,1.6853396039034685e-08,135.20330198048265,0.0,-25.809905941447973,-8.7,0.0,2.930266905698201e-17,2.278548902057045,1.5707963267948966,20.976093537161503,461.0,0.08990158529891112,5.524517632819954,0.0,0.18896242834623478,-1600.5473755125295,-0.22229366742120257,3.521556878564579,0.0013762873130413638,0.5711403084945161,-4.701597847962453,-0.00567764394619375,0.5711137456874938,-4.701597847962453,-6.09025029702908e-17,7.50789270881609e-19,7.337647429048569e-20,-6.090713053906199e-17,-1.4398661844988052e-21,7.337647429048569e-20,-1600.5530531564757,0.34882007826629124,-1.1800409693978735,-1060143.4025945999,248.4248156348498,123735.41541291535,0.043482215617381796,4714.035077207184
174.54279189447297,2001.0,12.0,14.0,14.0,24.0,22.0,1.0,3512195.64759517,398.9159764403554,-6314.730830021365,4.616167814937879,-296.2622515642429,4709.566324299075,3512201.3470109976,4718.877789652865,3511931.7865268337,-43052.90818112154,-6314.730830021365,3512201.347010997,-2.1011417618622796,-545.2307009217279,4709.566324299075,4741.022663413053,20198877.472562417,0.8261191137652304,1.6336200278454927,4.777675730550751e-07,1.837290213034891e-05,6.28136543837413,-0.0017979419766347648,-0.012258424784664186,116001.34701099759,-0.0008232915093182993,-0.0008194459906556174,7904.87514411076,-16540947496.121212,-1040532831.9537704,-206203511.64953473,-16539662406.917603,-1914903489.8206708,16573643312.315939,16651420594.001802,-0.9999232502759579,0.012258097964047825,0.0017979410079651088,0.012258117776809758,0.9999248664517599,0.0,0.001797805922277654,-2.2039372631392353e-05,0.9999983837027597,4709.566951337507,-545.215491847741,-0.11525458956824598,1.6856632472506022e-08,135.20168376374698,0.0,-25.805051291240968,-8.7,0.0,2.9302641585706163e-17,2.2785484534170637,1.5707963267948966,20.97620964935247,461.0,0.08991872725946437,5.551490766032608,0.0,0.18899849882921235,-1600.5498476573587,-0.18179081389069918,2.877698876174025,0.0024339475780988497,0.5712315965565821,-4.7024961085893064,-0.004633338579586551,0.5712179909447894,-4.7024961085893064,-6.091406718830214e-17,7.524959625055285e-19,5.988050117574034e-20,-6.091871494230696e-17,-1.1715464364548225e-21,5.988050117574034e-20,-1600.5544809959383,0.38942717705409025,-1.8247972324152815,-1060157.923582049,248.57835383981572,123766.92046934715,0.04357446949000932,4714.010409281492
174.84279189447295,2001.0,12.0,14.0,14.0,24.0,22.0,1.0,3512196.8762091426,310.03734030534866,-4901.861131831945,3.574591900636777,-296.2619849338475,4709.564927053318,3512200.310577255,4718.875474470048,3511930.997276194,-43216.475412141095,-4901.861131831945,3512200.310577255,-3.1605290775085204,-545.2174903132403,4709.564927053318,4741.020344062894,20198600.764904276,0.8261167317106475,1.6336199899384534,4.777675730550751e-07,1.8375464064993653e-05,6.281768505769464,-0.0013956671857378088,-0.012304995242285798,116000.31057725521,-0.0006409466109175544,-0.0006379528077620237,7905.875192355597,-16540936747.2539,-1040531526.2811447,-206203377.29604322,-16539651558.528702,-1914902791.415369,16573632502.68033,16651409736.443327,-0.9999233206317277,0.012304672738052962,0.0013956667326375499,0.012304684722118065,0.9999242945012834,0.0,0.0013955610729915132,-1.71732391222537e-05,0.9999990260567114,4709.565292643149,-545.215103665081,-0.11525454846778083,1.6859223556861986e-08,135.200388221569,0.0,-25.801164664707024,-8.7,0.0,2.930262023604513e-17,2.278548104750639,1.5707963267948966,20.976299888374328,461.0,0.08993241607549327,5.578468523861169,0.0,0.18902732763716018,-1600.5518244965813,-0.14128787427867526,2.233839119648288,0.0034918897494334504,0.5713019004006874,-4.70321404951671,-0.003588495708470632,0.5713013017611718,-4.70321404951671,-6.092330702047783e-17,7.541744757667393e-19,4.637761276785832e-20,-6.092797482795346e-17,-9.030895632311112e-22,4.637761276785832e-20,-1600.5554129922898,0.4300134274824965,-2.469374929868422,-1060172.4470542278,248.73189204478163,123798.49213266358,0.04366672479903799,4713.985690521874
175.14279189447294,2001.0,12.0,14.0,14.0,24.0,23.0,1.0,3512197.7923502666,221.15878812059424,-3488.9919157303716,2.533015541132911,-296.26169189771497,4709.5631103967635,3512199.532282567,4718.87296894755,3511929.8902094606,-43380.03866597303,-3488.9919157303716,3512199.532282567,-4.219915668243284,-545.2041863399199,4709.5631103967635,4741.017834104915,20198324.02771626,0.8261143493365075,1.63361995202668,4.779998937948224e-07,1.8377391322841448e-05,6.2821715737469965,-0.0009933924475248783,-0.012351565652811211,115999.53228256758,-0.00045860201895373394,-0.00045645993021843927,7906.6221010749,-16540925996.940514,-1040530220.4397568,-206203242.82741413,-16539640733.97858,-1914901938.379349,16573621691.59093,16651398884.779772,-0.9999232270061459,0.012351245499363894,0.0009933922841402142,0.012351251593647273,0.9999237203827452,0.0,0.0009933165085569962,-1.2269638032603725e-05,0.9999995065857632,4709.563284377398,-545.2147196133827,-0.11525451671213602,1.6861227758260087e-08,135.19941535320947,0.0,-25.798830706418965,-8.7,0.0,2.9302605007952903e-17,2.27854785605702,1.5707963267948966,20.976364253732882,461.0,0.08994296364029393,5.605449906776695,0.0,0.1890495759584957,-1600.5533060289263,-0.10078487898795033,1.5899780922342561,0.004550015353687031,0.5713537971022189,-4.703768051697999,-0.002543244454069039,0.5713662538254155,-4.703768051697999,-6.093043553527195e-17,7.558272747369805e-19,3.286947070577986e-20,-6.09351232786522e-17,-6.345284691691891e-22,3.286947070577986e-20,-1600.5558492733803,0.4705813748374652,-3.113789959463743,-1060186.9724743273,248.88543024974754,123830.13040286466,0.04375898154742163,4713.9609209340715
175.44279189447292,2001.0,12.0,14.0,14.0,24.0,23.0,1.0,3512198.3960184534,132.2803278060821,-2076.1233075244354,1.4914390589837747,-296.2613724681713,4709.560874438008,3512199.0121262595,4718.870273195109,3511928.4653268964,-43543.59791461016,-2076.1233075244354,3512199.0121262586,-5.2793012066016285,-545.1907890181321,4709.560874438008,4741.015133648989,20198047.27087201,0.8261119667278101,1.633619914111335,4.779998937948224e-07,1.8378678062736173e-05,6.282574642247061,-0.0005911178214170068,-0.012398136020707235,115999.01212625857,-0.00027625776311197885,-0.00027496738751579976,7907.115793009871,-16540915245.563828,-1040528914.4729846,-206203108.3750366,-16539629933.648388,-1914900930.7558188,16573610879.432482,16651388039.396318,-0.999922969399391,0.012397816229738415,0.0005911177869922484,0.012397818395762933,0.9999231440960978,0.0,0.0005910723561004165,-7.328570973635172e-06,0.9999998252898656,4709.560926650383,-545.214339704859,-0.11525449430120417,1.6862593168571236e-08,135.1987651578232,0.0,-25.797530315646444,-8.7,0.0,2.93025959013673e-17,2.278547707335191,1.5707963267948966,20.976402745199948,461.0,0.08995009307793522,5.63243394976477,0.0,0.18906465682886972,-1600.5542922537752,-0.06028185841972256,0.9461162771651355,0.005608190200610085,0.5713850030122178,-4.704143572854448,-0.0014976894253843228,0.5714105620225999,-4.704143572854448,-6.093526359988433e-17,7.574518459595116e-19,1.935741876973943e-20,-6.093997114499202e-17,-3.658897616776237e-22,1.935741876973943e-20,-1600.5557899432006,0.5111287036028773,-3.7580272956893124,-1060201.499324223,249.03896845471346,123861.83527995036,0.043851239738114,4713.936100523807
175.7427918944729,2001.0,12.0,14.0,14.0,24.0,23.0,1.0,3512198.6872137208,43.40196727765754,-663.2554329861418,0.44986277667293273,-296.2610266592397,4709.558219296636,3512198.750107585,4718.867387333342,3511926.722628874,-43707.153130050814,-663.2554329861418,3512198.7501075855,-6.338685365215458,-545.1772983659737,4709.558219296636,4741.012242815903,20197770.505211536,0.8261095839778856,1.6336198761937926,4.779998937948224e-07,1.8379324419206168e-05,6.282977711211499,-0.00018884336682483416,-0.012444706350441835,115998.75010758545,-9.391386950242322e-05,-9.347520749452163e-05,7907.356212342769,-16540904493.544163,-1040527608.4301003,-206202974.07076943,-16539619157.956802,-1914899768.5939784,16573600066.627565,16651377200.716118,-0.999922547811765,0.012444384910937053,0.0001888433657024179,0.012444385132831746,0.9999225656412929,0.0,0.00018882874273749864,-2.3500395725810777e-06,0.9999999821690915,4709.558219583171,-545.2139639534137,-0.11525448123497112,1.6863280967588192e-08,135.1984376344818,0.0,-25.79687526896363,-8.7,0.0,2.930259291619485e-17,2.278547658583625,1.5707963267948966,20.976415362876935,461.0,0.08995359733209518,5.659419594138881,0.0,0.18907213128975256,-1600.5547831711592,-0.019778842973260803,0.3022541576576899,0.006666273743613755,0.5713938105925028,-4.704329737633099,-0.0004519485693579164,0.571432517215757,-4.704329737633099,-6.093764977235889e-17,7.590462505274662e-19,5.842973678044819e-21,-6.094237697185485e-17,-9.720352656437609e-23,5.842973678044819e-21,-1600.5552351197286,0.5516536742424962,-4.402075579975409,-1060216.027034998,249.19250665967937,123893.60676392069,0.04394349937406863,4713.911229296794
176.04279189447288,2001.0,12.0,14.0,14.0,24.0,24.0,1.0,3512198.6659361734,-45.47628555301416,749.6115821478109,-0.5917129833924084,-296.26065448559746,4709.555145096579,3512198.7462257105,4718.864311487049,3511924.6621158505,-43870.70428429862,749.6115821478109,3512198.746225711,-7.398067816803103,-545.1637144022277,4709.555145096579,4741.009161730645,20197493.741938706,0.8261072011832058,1.6336198382755085,4.779998937948224e-07,1.837933045981363e-05,0.00019547340104599255,0.0002134308568512824,-0.01249127664648416,115998.74622571142,8.84296288450246e-05,8.801658555781723e-05,7907.343331015611,-16540893741.31595,-1040526302.3626016,-206202840.04664645,-16539608407.336588,-1914898451.9453316,16573589253.612993,16651366369.176586,-0.9999219622436928,0.012490951524723105,-0.00021343085523088936,0.012490951809221586,0.9999219850182811,0.0,-0.00021341420442662029,2.665954527289988e-06,0.9999999772236348,4709.5551633011155,-545.2135923735958,-0.11525447751345791,1.68632911575075e-08,135.19843278213926,0.0,-25.796865564278573,-8.7,0.0,2.930259605231718e-17,2.2785477098003897,1.5707963267948966,20.976402107167857,461.0,0.08995347644019404,5.686405745753871,0.0,0.18907199940322358,-1600.5547787817654,0.020724136954171864,-0.34160778308849865,0.007724138290298395,0.5713802217624037,-4.704326547539436,0.0005938518350164411,0.5714321197426508,-4.704326547539436,-6.09375940763464e-17,7.606103007077597e-19,-7.672239812833061e-21,-6.094234078055829e-17,1.7149801130611296e-22,-7.672239812833061e-21,-1600.5541849299304,0.5921562566968227,-5.045934330627935,-1060230.5550185814,249.34604486464528,123925.44485477568,0.04403576045823887,4713.886307258732
176.34279189447287,2001.0,12.0,14.0,14.0,24.0,24.0,1.0,3512198.3321860163,-134.35442277870882,2162.477612178388,-1.6332878988895536,-296.2602559618176,4709.551651961294,3512199.000479724,4718.861045780356,3511922.283788388,-44034.25134936289,2162.477612178388,3512199.000479724,-8.457448234168089,-545.1500371456075,4709.551651961294,4741.005890517522,20197216.992184743,0.8261048184396281,1.6336198003579225,4.779998937948224e-07,1.8378702226003867e-05,0.000598543115084161,0.0006157047902219739,-0.012537846913304581,115999.00047972379,0.0002707727103594841,0.0002695079527641268,7907.077149895136,-16540882989.31087,-1040524996.321551,-206202706.43466523,-16539597682.217747,-1914896980.8610442,16573578440.822796,16651355545.212358,-0.999921212695722,0.012537516052862706,-0.0006157047513204747,0.012537518429301536,0.9999214022270125,0.0,-0.0006156563582982031,7.719409666688971e-06,0.9999998104538116,4709.551757929043,-545.2132249798445,-0.11525448313667948,1.686262374072505e-08,135.19875059965472,0.0,-25.797501199309476,-8.7,0.0,2.9302605309596624e-17,2.278547860983236,1.5707963267948966,20.976362978755912,461.0,0.08994973044322928,5.713391317419668,0.0,0.18906426123572184,-1600.5542790869354,0.06122705096749883,-0.9854690618930867,0.008781656147867767,0.5713442383116308,-4.704134004210783,0.0016395855099404966,0.5714093698006295,-4.704134004210783,-6.093509653452825e-17,7.621438087571069e-19,-2.1186596962563013e-20,-6.093986259144128e-17,4.401826271738318e-22,-2.1186596962563013e-20,-1600.5526395014253,0.6326364207681283,-5.689603066103869,-1060245.0826906543,249.4995830696112,123957.34955251528,0.04412802299357797,4713.8613344153055
176.64279189447285,2001.0,12.0,14.0,14.0,24.0,24.0,1.0,3512197.685963552,-223.23243649657377,3575.3425314435694,-2.674861647579038,-296.25983110250075,4709.547740014605,3512199.5128686335,4718.857590337559,3511919.5876471475,-44197.794297258595,3575.3425314435694,3512199.512868634,-9.516826290199502,-545.1362666148868,4709.547740014605,4741.002429301015,20196940.267084252,0.8261024358430499,1.6336197624424749,4.779998937948224e-07,1.83774336114998e-05,0.0010016131151257379,0.0010179783739087036,-0.012584417155374705,115999.51286863396,0.00045311534040192456,0.0004509988749364829,7906.557698666584,-16540872237.960785,-1040523690.3580388,-206202573.36682403,-16539586983.030445,-1914895355.3923957,16573567628.691195,16651344729.258253,-0.9999202991685235,0.012584078477124859,-0.0010179781980902795,0.012584084997441907,0.999920817267436,0.0,-0.0010178975917948642,1.2810324170310833e-05,0.9999994818600598,4709.54800359209,-545.2128617866183,-0.11525449810465137,1.6861278719835863e-08,135.19939108579243,0.0,-25.798782171584893,-8.7,0.0,2.930262068787517e-17,2.278548112129584,1.5707963267948966,20.976297978607295,461.0,0.08994235938582083,5.740375221519295,0.0,0.1890489168581068,-1600.5532840886615,0.10172986867385932,-1.629329195595643,0.009838699623261178,0.571285861900485,-4.7037521094177945,0.002685126178955328,0.5713642674468363,-4.7037521094177945,-6.093015716863425e-17,7.636465869220876e-19,-3.4698473045880664e-20,-6.093494242388161e-17,7.088180963295396e-22,-3.4698473045880664e-20,-1600.5505989624826,0.6730941361206957,-6.333081305013438,-1060259.6094666477,249.6531212745771,123989.32085713952,0.04422028698303889,4713.8363107721925
176.94279189447283,2001.0,12.0,14.0,14.0,24.0,24.0,1.0,3512196.727269179,-312.1103188081965,4988.20621431904,-3.716433907306156,-296.2593799222655,4709.543409380638,3512200.2833913704,4718.853945283062,3511916.5736928857,-44361.33310000639,4988.20621431904,3512200.2833913704,-10.57620165787339,-545.1224028288909,4709.543409380638,4740.998778205712,20196663.577769782,0.8261000534893602,1.6336197245306063,4.777675730550751e-07,1.8375524483669097e-05,0.0014046833422786706,0.001420251548543994,-0.012630987377167377,116000.28339137044,0.0006354574945567832,0.0006324893216941648,7905.785035718465,-16540861487.69752,-1040522384.5231489,-206202440.97511867,-16539576310.204796,-1914893575.5907495,16573556817.652367,16651333921.749048,-0.9999192216628913,0.012630638779281464,-0.0014202510710757193,0.012630651518014239,0.9999202301394999,0.0,-0.0014201377778459046,1.7938696346843882e-05,0.9999989914429389,4709.543900415642,-545.2125028083866,-0.11525452241738951,1.6859291521573887e-08,135.20035423921306,0.0,-25.80106271763917,-8.7,0.0,2.930264218697454e-17,2.2785484632365214,1.5707963267948966,20.976207107971547,461.0,0.08993155227609552,5.767356370549643,0.0,0.18902636692905334,-1600.5517937895872,0.1422325596827005,-2.2731877010569317,0.010895168490470519,0.5712066537916403,-4.703190789609511,0.0037303554702778864,0.5712983725518076,-4.703190789609511,-6.092290508140658e-17,7.651200685948923e-19,-4.8206345819700954e-20,-6.092770938843986e-17,9.773743030726933e-22,-4.8206345819700954e-20,-1600.548063434117,0.713530932234508,-6.976378490666443,-1060274.1347620469,249.80665947954301,124021.3587686484,0.04431255242957462,4713.8112363350465
177.24279189447282,2001.0,12.0,14.0,14.0,24.0,25.0,1.0,3512195.4561033905,-400.9880618189894,6401.068535213733,-4.758004355979638,-296.258902432853,4709.538660165392,3512201.31204678,4718.850110722802,3511913.2419264554,-44524.86772963199,6401.068535213733,3512201.31204678,-11.635574010195041,-545.1084458036015,4709.538660165392,4740.9949373376685,20196386.933701336,0.8260976714600604,1.6336196866233896,4.779998937948224e-07,1.837299881361392e-05,0.0018077537366672585,0.0018225242547701926,-0.01267755758315651,116001.31204677932,0.0008177991424827748,0.0008139792644871704,7904.759238569997,-16540850738.888113,-1040521078.8577888,-206202309.39073962,-16539565664.106102,-1914891641.49738,16573546008.075197,16651323123.053978,-0.999917980179742,0.012677196941107161,-0.001822523245822555,0.012677217995391126,0.9999196408431517,0.0,-0.001822376789391184,2.310452448896034e-05,0.9999983392031301,4709.539448506898,-545.2121480567346,-0.11525455607475074,1.6856719883051703e-08,135.20164005847414,0.0,-25.804920175422446,-8.7,0.0,2.930266980671555e-17,2.278548914301123,1.5707963267948966,20.976090368299015,461.0,0.08991761713052934,5.794333838774421,0.0,0.18899726439457334,-1600.549808193015,0.1827350936055591,-2.9170440951578662,0.011950990228208754,0.5711091570706939,-4.7024662217611555,0.004775170247281371,0.5712142270694444,-4.7024662217611555,-6.091355066929654e-17,7.665667235430852e-19,-6.17088905711369e-20,-6.091837389598084e-17,1.245825145802426e-21,-6.17088905711369e-20,-1600.5450330227677,0.7539493206750034,-7.619510316919022,-1060288.6580800675,249.96019768450893,124053.4632870419,0.04440481933613778,4713.786111109517
177.5427918944728,2001.0,12.0,14.0,14.0,24.0,25.0,1.0,3512193.872466777,-489.86565763825905,7813.929368571162,-5.799572671596795,-296.25839864776657,4709.533492486266,3512202.5988336317,4718.846086774011,3511909.5923488117,-44688.39815816629,7813.929368571162,3512202.5988336317,-12.694943020282203,-545.0943955567956,4709.533492486266,4740.9909068142715,20196110.3453428,0.8260952898452993,1.6336196487221188,4.777675730550751e-07,1.836982008466227e-05,0.0022108242389817126,0.0022247964332398743,-0.012724127777817099,116002.59883363172,0.0010001402573107364,0.0009954686740349687,7903.480413454119,-16540839991.938547,-1040519773.4089862,-206202178.7453609,-16539555045.138617,-1914889553.1597733,16573535200.367819,16651312333.581701,-0.9999165747201151,0.012723752944379368,-0.0022247945978874028,0.012723784433946238,0.9999190493783376,0.0,-0.0022246144993816326,2.8307806873327415e-05,0.9999975251414361,4709.534647984406,-545.2117975450019,-0.11525459907668827,1.6853502915920694e-08,135.20324854203963,0.0,-25.80974562611896,-8.7,0.0,2.9302703546887185e-17,2.2785494653199416,1.5707963267948966,20.97594776137222,461.0,0.08990022919166586,5.821306603244328,0.0,0.18896092075408769,-1600.5473273028938,0.223237440056153,-3.5608978948010694,0.013005999932537706,0.5709906914547392,-4.701561348237235,0.0058194405143271255,0.5711091488273556,-4.701561348237235,-6.090187206558158e-17,7.679835920974433e-19,-7.520443433782444e-20,-6.090671406009017e-17,1.5141373568280568e-21,-7.520443433782444e-20,-1600.5415078623794,0.7943465888835086,-8.262459243038304,-1060303.1788711753,250.11373588947487,124085.63441232007,0.044497087705681025,4713.760935101235
177.84279189447278,2001.0,12.0,14.0,14.0,24.0,25.0,1.0,3512191.976360033,-578.7430983794649,9226.78858887104,-6.841138532238053,-296.2578685806858,4709.527906461972,3512204.143750621,4718.841873555043,3511905.62496101,-44851.924357645716,9226.78858887104,3512204.143750621,-13.754308361339849,-545.0802521064602,4709.527906461972,4740.986686754038,20195833.823247116,0.8260929087360077,1.633619610828108,4.777675730550751e-07,1.8366000047711557e-05,0.002613894789362246,0.0026270680246163365,-0.012770697965625313,116004.14375062147,0.001182480809774189,0.0011769575231535038,7901.948693172075,-16540829247.258345,-1040518468.2243203,-206202049.17069912,-16539544453.710085,-1914887310.6260576,16573524394.941933,16651301553.744408,-0.9999150052851735,0.012770306770878398,-0.002627065002838336,0.012770350838054407,0.9999184557450037,0.0,-0.0026268507807798527,3.3548541760619945e-05,0.9999965492587817,4709.529498967963,-545.2114512866981,-0.11525465142316464,1.68496406234463e-08,135.20517968827684,0.0,-25.815539064830553,-8.7,0.0,2.9302743407257096e-17,2.2785501162891832,1.5707963267948966,20.975779289260895,461.0,0.08987938851592454,5.848273632338349,0.0,0.18891733608878425,-1600.5443511238236,0.2637395686505597,-4.204748616912577,0.014060076049275177,0.5708512576550915,-4.700476171196664,0.0068630460547346025,0.5709831369697022,-4.700476171196664,-6.088786928631683e-17,7.693704955258698e-19,-8.869143092882512e-20,-6.089272989454871e-17,1.7822802962729896e-21,-8.869143092882512e-20,-1600.5374880777688,0.8347227056202619,-8.90522478810924,-1060317.6965810973,250.26727409444078,124117.87214448283,0.04458935754115673,4713.735708315819
178.14279189447277,2001.0,12.0,14.0,14.0,24.0,26.0,1.0,3512189.767783937,-667.6203761599007,10639.64607062618,-7.882701616059496,-296.2573122453655,4709.521902211868,3512205.946796352,4718.83747118471,3511901.3397641955,-45015.44630011169,10639.64607062618,3512205.9467963516,-14.813669706651421,-545.0660154706906,4709.521902211868,4740.982277275941,20195557.377996027,0.8260905282233708,1.6336195729426783,4.775351392913525e-07,1.8361550395413425e-05,0.0030169653283552275,0.0030293389695727523,-0.012817268151058388,116005.94679635111,0.0013648207720069392,0.001358445783066233,7900.164237697609,-16540818505.258142,-1040517163.3515617,-206201920.7984836,-16539533890.229368,-1914884913.9446373,16573513592.210367,16651290783.955444,-0.9999132718762024,0.012816858402387363,-0.0030293343362541433,0.012816917212091519,0.9999178599430947,0.0,-0.003029085506559378,3.882672739551556e-05,0.9999954115562126,4709.524001577966,-545.2111092954001,-0.1152547131141462,1.6845133009122223e-08,135.2074334954389,0.0,-25.822300486316667,-8.7,0.0,2.9302789387571947e-17,2.2785508672047112,1.5707963267948966,20.975584954320347,461.0,0.08985509516338425,5.875233891323052,0.0,0.18886651048381187,-1600.5408796610648,0.3042414490071351,-4.84859577844144,0.01511309702356368,0.5706908561859126,-4.699210692927643,0.00790586665370888,0.5708361904332165,-4.699210692927643,-6.087154234656995e-17,7.707272550846819e-19,-1.0216833416091608e-19,-6.087642141214095e-17,2.050223323971082e-21,-1.0216833416091608e-19,-1600.532973794411,0.8750776394403517,-9.547806471369082,-1060332.2106539868,250.4208122994067,124150.17648353023,0.044681628845517185,4713.710430758869
178.44279189447275,2001.0,12.0,14.0,14.0,24.0,26.0,1.0,3512187.2467393717,-756.4974831011856,12052.501688387014,-8.924261601302959,-296.2567296556031,4709.515479855778,3512208.007969357,4718.832879782092,3511896.736759617,-45178.963957611326,12052.501688387014,3512208.007969357,-15.873026729588577,-545.0516856676579,4709.515479855778,4740.977678499226,20195281.020183735,0.8260881483986932,1.6336195350671534,4.775351392913525e-07,1.8356452525511148e-05,0.003420035796284224,0.0034316092087934777,-0.012863838338594764,116008.00796935661,0.0015471601157849293,0.0015399334257843132,7898.1272332035005,-16540807766.349133,-1040515858.838563,-206201793.76044917,-16539523355.105865,-1914882363.1640906,16573502792.586506,16651280024.628717,-0.9999113744946103,0.01286340782069235,-0.0034316024737257446,0.012863483560434655,0.9999172619725546,0.0,-0.003431318549706092,4.414236200671801e-05,0.9999941120348971,4709.518155935217,-545.2107715847204,-0.11525478414960089,1.683998007660847e-08,135.21000996169576,0.0,-25.830029885087296,-8.7,0.0,2.930284148755852e-17,2.2785517180620616,1.5707963267948966,20.97536475918812,461.0,0.08982734919743925,5.902186344273827,0.0,0.18880844402756722,-1600.5369129205237,0.34474305074679507,-5.492438896362701,0.01616494129993112,0.5705094873621487,-4.697764915829954,0.008947782098448917,0.5706683079451413,-4.697764915829954,-6.085289126019413e-17,7.720536920155776e-19,-1.1563359785709874e-19,-6.085778862442785e-17,2.3179357994113165e-21,-1.1563359785709874e-19,-1600.5279651384253,0.9154113586919363,-10.190203812192657,-1060346.7205332909,250.5743505043726,124182.54742946228,0.0447739016217145,4713.685102435977
178.74279189447273,2001.0,12.0,14.0,14.0,24.0,26.0,1.0,3512184.413227317,-845.3744113291608,13465.355316740664,-9.96581816629408,-296.2561208252125,4709.508639513809,3512210.3272680887,4718.828099466364,3511891.815948622,-45342.477302197316,13465.355316740664,3512210.3272680887,-16.9323791036089,-545.0372627155838,4709.508639513809,4740.972890543228,20195004.760400835,0.8260857693532577,1.6336194972028575,4.773025923385357e-07,1.8350724047853502e-05,0.0038231061335125584,0.0038338786829738235,-0.012910408532714076,116010.32726808917,0.0017294988130357241,0.001721420422852813,7895.837892157026,-16540797030.942417,-1040514554.733166,-206201668.18832797,-16539512848.748861,-1914879658.333075,16573491996.483643,16651269276.178022,-0.9999093131419283,0.01290995500758241,-0.0038338692908560673,0.012910049887462085,0.9999166618333266,0.0,-0.003833549783218102,4.949544380696071e-05,0.9999926506961242,4709.511962160744,-545.2104381682814,-0.1152548645294973,1.6834181829777075e-08,135.21290908511145,0.0,-25.83872725533439,-8.7,0.0,2.930289970692284e-17,2.278552668856435,1.5707963267948966,20.975118706784933,461.0,0.08979615068503019,5.929129955570443,0.0,0.18874313681218843,-1600.53245090876,0.38524434349303033,-6.136277487677967,0.017215487322423614,0.570307151300951,-4.6961388424272315,0.009988672178284098,0.5704794880246521,-4.6961388424272315,-6.083191603998565e-17,7.733496275474388e-19,-1.2908567584546936e-19,-6.083683154190449e-17,2.5853870816731295e-21,-1.2908567584546936e-19,-1600.5224622365818,0.9557238315176824,-10.832416330105199,-1060361.2256625667,250.72788870933852,124214.98498227895,0.0448661758727007,4713.659723352716
179.0427918944727,2001.0,12.0,14.0,14.0,24.0,27.0,1.0,3512181.267248846,-934.251152973654,14878.206830308869,-11.00737098943813,-296.2554857680305,4709.5013813063915,3512212.9046909176,4718.823130356823,3511886.5773326526,-45505.98630592761,14878.206830308869,3512212.904690918,-17.991726502251787,-545.0227466327452,4709.5013813063915,4740.96791352741,20194728.609237194,0.8260833911783504,1.6336194593511142,4.770699320311032e-07,1.8344364371672282e-05,0.004226176280108997,0.004236147332819498,-0.01295697873789707,116012.90469091758,0.0019118368351273049,0.0019029067465646935,7893.296453870833,-16540786299.449112,-1040513251.0832219,-206201544.2138508,-16539502371.567638,-1914876799.5003445,16573481204.315088,16651258539.017176,-0.9999070878198103,0.01295649994484951,-0.004236134663259596,0.01295661619755317,0.999916059525353,0.0,-0.004235779080105293,5.488597099300572e-05,0.9999910275413049,4709.505420375844,-545.2101090597205,-0.11525495425380482,1.682773827270605e-08,135.21613086364698,0.0,-25.848392590940925,-8.7,0.0,2.93029640453509e-17,2.2785537195827037,1.5707963267948966,20.97484680031453,461.0,0.08976149969661183,5.9560636894385475,0.0,0.18867058893348684,-1600.5274936329865,0.4257452968718613,-6.780111069415436,0.018264613534699204,0.5700838479214879,-4.69433247536529,0.011028416684791896,0.5702697289826707,-4.69433247536529,-6.08086166976638e-17,7.746148828958921e-19,-1.4252302195785162e-19,-6.081355017397997e-17,2.8525465293560346e-21,-1.4252302195785162e-19,-1600.5164652163016,0.9960150258545319,-11.474443544780726,-1060375.7254853677,250.88142691430443,124247.48914198027,0.04495845160142759,4713.634293514648
179.3427918944727,2001.0,12.0,14.0,14.0,24.0,27.0,1.0,3512177.80880513,-1023.1277001687064,16291.056103750132,-12.048919749224595,-296.25482449791457,4709.49370535427,3512215.740236136,4718.817972572888,3511881.020913251,-45669.49094086573,16291.056103750132,3512215.740236136,-19.051068599143058,-545.008137437474,4709.49370535427,4740.962747571354,20194452.57728152,0.8260810139652589,1.6336194215132487,4.770699320311032e-07,1.833737889466708e-05,0.004629246176239665,0.004638415099047242,-0.013003548958625676,116015.7402361366,0.0020941741540128184,0.0020843923680904557,7890.503184061497,-16540775572.280336,-1040511947.9365865,-206201421.96874678,-16539491923.97147,-1914873786.7147481,16573470416.494156,16651247813.56,-0.999904698530033,0.01300304261428862,-0.004638398466563116,0.013003182495088451,0.9999154550485753,0.0,-0.004638006313390072,6.031394174565862e-05,0.9999892425719715,4709.498530702072,-545.2097842726894,-0.11525505332249356,1.6820649409658514e-08,135.21967529517073,0.0,-25.859025885512228,-8.7,0.0,2.930303450250847e-17,2.278554870235408,1.5707963267948966,20.97454904326273,461.0,0.08972339630603757,5.982986510148134,0.0,0.1885908004907083,-1600.5220411010675,0.4662458805120013,-7.423939158631837,0.01931219838011086,0.5698395769442581,-4.692345817406179,0.01206689541191119,0.57003902892118,-4.692345817406179,-6.078299324379396e-17,7.758492792621523e-19,-1.5594409002837e-19,-6.078794452890047e-17,3.119383500515231e-21,-1.5594409002837e-19,-1600.5099742056557,1.0362849094331812,-12.116284976038017,-1060390.2194452398,251.03496511927034,124280.05990856621,0.04505072881084695,4713.608812927314
179.64279189447268,2001.0,12.0,14.0,14.0,24.0,27.0,1.0,3512174.037897436,-1112.0040450525573,17703.903011759518,-13.090464124227324,-296.25413702874374,4709.485611778502,3512218.833901957,4718.8126262341,3511875.1466920567,-45832.99117908075,17703.903011759518,3512218.8339019576,-20.110405067995067,-544.9934351481563,4709.485611778502,4740.957392794763,20194176.67512151,0.8260786378052685,1.633619383690585,4.768371582031296e-07,1.8329754787475072e-05,0.005032315761908302,0.005040681922384805,-0.013050119199383002,116018.83390195807,0.0022765107418985836,0.0022658772597894533,7887.458374881186,-16540764849.847212,-1040510645.341121,-206201301.5847432,-16539481506.369608,-1914870620.0252285,16573459633.434156,16651237100.220312,-0.9999021452744962,0.013049582997697736,-0.005040660576405792,0.013049748784449634,0.9999148484029341,0.0,-0.005040231356107444,6.577935422977467e-05,0.9999872957897783,4709.491293261238,-545.2094638208539,-0.1152551617355345,1.681291524510481e-08,135.2235423774476,0.0,-25.870627132342783,-8.7,0.0,2.9303111078040843e-17,2.2785561208087555,1.5707963267948966,20.9742254393982,461.0,0.08968184059067565,6.009897381990062,0.0,0.18850377158677736,-1600.5160933215197,0.5067460640449105,-8.067761272413316,0.02035812030182843,0.5695743378918013,-4.690178871434267,0.013103988156076857,0.5697873857339358,-4.690178871434267,-6.075504568786635e-17,7.770526378338416e-19,-1.6934733389229746e-19,-6.076001461382802e-17,3.385867352602427e-21,-1.6934733389229746e-19,-1600.5029893333638,1.0765334497788464,-12.757940143847584,-1060404.706985714,251.18850332423625,124312.6972820368,0.045143007503910336,4713.583281596245
179.94279189447266,2001.0,12.0,14.0,14.0,24.0,27.0,1.0,3512169.9545271276,-1200.8801797674878,19116.747429067385,-14.132003793101582,-296.2534233744176,4709.477100700451,3512222.185686515,4718.807091460108,3511868.954670807,-45996.48699264714,19116.747429067385,3512222.1856865142,-21.169735582603785,-544.9786397832323,4709.477100700451,4740.95184931745,20193900.913342748,0.8260762627896597,1.633619345884449,4.7660427068828425e-07,1.8321491252838308e-05,0.00543538497728185,0.005442947743570617,-0.01309668946465329,116022.18568651471,0.002458846570292222,0.0024473613932266044,7884.162345284596,-16540754132.560831,-1040509343.3446896,-206201183.1935651,-16539471119.171268,-1914867299.4808214,16573448855.548382,16651226399.411903,-0.9998994280552219,0.013096121076877845,-0.005442920868438949,0.013096315070019546,0.9999142395883693,0.0,-0.005442454081304798,7.128220659426088e-05,0.9999851871965004,4709.483708175404,-545.2091477178934,-0.11525527949289945,1.6804535783713206e-08,135.22773210814339,0.0,-25.883196324430195,-8.7,0.0,2.930319377157307e-17,2.2785574712966237,1.5707963267948966,20.97387599277195,461.0,0.08963683263135576,6.03679526927846,0.0,0.18840950232818768,-1600.5096503035095,0.5472458171047861,-8.71157692787581,0.02140225774292619,0.5692881300883893,-4.687831640453536,0.014139574716332792,0.5695147971061602,-4.687831640453536,-6.07247740382616e-17,7.782247797843635e-19,-1.8273120738462866e-19,-6.072976043480605e-17,3.651967442392376e-21,-1.8273120738462866e-19,-1600.495510728793,1.1167606142109463,-13.399408568329346,-1060419.1875503883,251.34204152920216,124345.401262392,0.04523528768356923,4713.557699526956
180.24279189447265,2001.0,12.0,14.0,14.0,24.0,28.0,1.0,3512165.5586956628,-1289.7560964600807,20529.58923044164,-15.173538434589679,-296.2526835488574,4709.468172241802,3512225.79558786,4718.801368370687,3511862.4448513347,-46159.978353644976,20529.58923044164,3512225.7955878596,-22.229059816854438,-544.9637513611971,4709.468172241802,4740.946117259354,20193625.302529994,0.8260738890097139,1.6336193080961656,4.763712693198303e-07,1.8312593487755428e-05,0.005838453762063484,0.005845212503354459,-0.013143259758921985,116025.79558785912,0.0026411816109583267,0.002628844740333391,7880.615440482274,-16540743420.832304,-1040508041.9951631,-206201066.92693564,-16539460762.785658,-1914863825.1306562,16573438083.250134,16651215711.548576,-0.9998965468743549,0.013142656833633026,-0.0058451792183268495,0.013142881356182209,0.9999136286048197,0.0,-0.005844674362042683,7.682249697209164e-05,0.9999829167940348,4709.475775566894,-545.2088359775017,-0.1152554065945609,1.6795511030352195e-08,135.2322444848239,0.0,-25.89673345447171,-8.7,0.0,2.9303282582710147e-17,2.2785589216925604,1.5707963267948966,20.973500707717374,461.0,0.0895883725123798,6.063679136352924,0.0,0.188307992825026,-1600.5027120568625,0.587745109328744,-9.355385642167104,0.02244448914649088,0.5689809526600982,-4.685304127588169,0.015173534894460699,0.5692212605146143,-4.685304127588169,-6.069217830225943e-17,7.793655262728385e-19,-1.9609416433885557e-19,-6.069718199676808e-17,3.9176531259277916e-21,-1.9609416433885557e-19,-1600.487538521968,1.1569663698433583,-14.040689769755271,-1060433.6605828311,251.49557973416807,124378.17184963185,0.04532756935277497,4713.5320667249425
180.54279189447263,2001.0,12.0,14.0,14.0,24.0,28.0,1.0,3512160.8504046006,-1378.6317872810644,21942.42829068647,-16.215067727518008,-296.25191756600606,4709.4588265245475,3512229.6636039712,4718.795457085729,3511855.6172355767,-46323.465234159965,21942.42829068647,3512229.6636039712,-23.288377444718538,-544.9487699006008,4709.4588265245475,4740.940196740532,20193349.853266988,0.8260715165567147,1.6336192703270611,4.761381539306226e-07,1.8303072698812916e-05,0.006241522056335911,0.006247476142497123,-0.013189830086675697,116029.66360397125,0.002823515835953347,0.002810327273012863,7876.818032325245,-16540732715.072748,-1040506741.3404195,-206200952.9165759,-16539450437.621988,-1914860197.0239632,16573427316.952724,16651205037.044151,-0.999893501734163,0.013189190249770427,-0.006247435501746457,0.013189447647322798,0.9999130154522234,0.0,-0.006246892071394574,8.240022348031072e-05,0.9999804845844,4709.467495558287,-545.2085286133879,-0.11525554304049249,1.6785840990071888e-08,135.23707950496404,0.0,-25.91123851489217,-8.7,0.0,2.930337751103669e-17,2.2785604719897825,1.5707963267948966,20.973099588849376,461.0,0.08953646032141936,6.090547947578668,0.0,0.18819924319075776,-1600.4952785920457,0.6282439103568018,-9.999186932467103,0.02348469295569279,0.5686528045341989,-4.682596336077241,0.016205748495080555,0.5689067732269912,-4.682596336077241,-6.06572584859695e-17,7.804746984430269e-19,-2.0943465858537697e-19,-6.066227930346854e-17,4.182893758443854e-21,-2.0943465858537697e-19,-1600.4790728435505,1.197150683583793,-14.681783268544343,-1060448.125526607,251.649117939134,124411.00904375635,0.04541985251447878,4713.50638319569
180.8427918944726,2001.0,12.0,14.0,14.0,24.0,28.0,1.0,3512155.8296555933,-1467.5072443853435,23355.264484642594,-17.25659135079804,-296.2511254398279,4709.449063670993,3512233.7897327435,4718.789357725243,3511848.4718255615,-46486.94760628332,23355.264484642594,3512233.7897327435,-24.347688140254895,-544.9336954200481,4709.449063670993,4740.934087881155,20193074.576135617,0.826069145521939,1.6336192325784615,4.759049243531067e-07,1.8292933982365437e-05,0.006644589799844563,0.006649738601770535,-0.013236400452402226,116033.78973274352,0.0030058492171676173,0.00299180896314816,7872.770519254729,-16540722015.693256,-1040505441.4283426,-206200841.29420462,-16539440144.089405,-1914856415.2100623,16573416557.069443,16651194376.3124,-0.9998902926370368,0.013235721307100306,-0.006649689594387669,0.013236013947827661,0.9999124001305179,0.0,-0.006649107082447103,8.801538422003964e-05,0.9999778905697357,4709.458868272415,-545.2082256392747,-0.11525568883066854,1.677552566814118e-08,135.2422371659294,0.0,-25.926711497788236,-8.7,0.0,2.9303478556116964e-17,2.278562122181174,1.5707963267948966,20.972672641065646,461.0,0.08948109614971084,6.117400667347691,0.0,0.18808325354264008,-1600.4873499201826,0.6687421898319608,-10.642980315989027,0.02452274761393427,0.5683036844403536,-4.6797082692849985,0.017236095325805455,0.5685713323031135,-4.6797082692849985,-6.062001459446502e-17,7.815521174248631e-19,-2.227511439506111e-19,-6.062505235761645e-17,4.447658694314376e-21,-2.227511439506111e-19,-1600.4701138248568,1.2373135221350742,-15.322688585274026,-1060462.5818253197,251.80265614409993,124443.91284476547,0.045512137171631786,4713.480648944665
181.1427918944726,2001.0,12.0,14.0,14.0,24.0,29.0,1.0,3512150.496450389,-1556.3824599320162,24768.097687187514,-18.298108983426946,-296.2503071843089,4709.438883803756,3512238.1739719925,4718.783070409354,3511841.008623418,-46650.42544211184,24768.097687187514,3512238.1739719925,-25.40699157761024,-544.9185279381987,4709.438883803756,4740.927790801514,20192799.481716517,0.8260667759966617,1.6336191948516936,4.756715804193174e-07,1.828214594680303e-05,0.0070476569322828935,0.0070519998219578375,-0.01328297086059053,116038.17397199245,0.0031881817264424062,0.003173289782608111,7868.473326293752,-16540711323.104918,-1040504142.3068223,-206200732.19153777,-16539429882.597055,-1914852479.7383718,16573405804.013573,16651183729.76711,-0.9998869195854889,0.01328224998743603,-0.007051941371953502,0.013282580262084301,0.9999117826396393,0.0,-0.0070513192683002495,9.366797727648526e-05,0.999975134752303,4709.449893832365,-545.2079270689001,-0.11525584396506454,1.6764565070018875e-08,135.24771746499056,0.0,-25.94315239497169,-8.7,0.0,2.93035857174951e-17,2.2785638722592902,1.5707963267948966,20.972219869545444,461.0,0.08942228009189923,6.144236260079876,0.0,0.18796002400139433,-1600.4789260530497,0.7092399174002717,-11.28676530998046,0.02555853156491242,0.5679335909096794,-4.676639930692722,0.018264455197337895,0.5682149345939986,-4.676639930692722,-6.058044663167857e-17,7.825976043329316e-19,-2.3604207425535605e-19,-6.058550116077113e-17,4.711917286977584e-21,-2.3604207425535605e-19,-1600.4606615978523,1.2774548519942703,-15.963405240673183,-1060477.0289225727,251.95619434906584,124476.8832526592,0.04560442332718496,4713.454863977319
181.44279189447258,2001.0,12.0,14.0,14.0,24.0,29.0,1.0,3512144.850790834,-1645.2574260843853,26180.927773235617,-19.339620304488037,-296.24946281345706,4709.428287045764,3512242.8163194577,4718.776595258307,3511833.227631373,-46813.898713747956,26180.927773235617,3512242.8163194573,-26.466287431019666,-544.9032674737672,4709.428287045764,4740.921305622017,20192524.580589145,0.8260644080721598,1.6336191571480845,4.754381219608774e-07,1.8270749977528122e-05,0.00745072339351486,0.007454259743853454,-0.013329541315730761,116042.81631945772,0.0033705133357148503,0.003354769703350288,7863.926905061118,-16540700637.718832,-1040502844.0237575,-206200625.74028912,-16539419653.55407,-1914848390.6584058,16573395058.198412,16651173097.82207,-0.9998833825821548,0.013328776272594127,-0.0074541907101602625,0.013329146594481398,0.9999111629795233,0.0,-0.0074535285020675066,9.935800071894753e-05,0.9999722171344845,4709.440572361479,-545.2076329160166,-0.11525600844365685,1.6752959201355678e-08,135.25352039932216,0.0,-25.960561197966484,-8.7,0.0,2.930369899469499e-17,2.2785657222163547,1.5707963267948966,20.97174127974953,461.0,0.08936001224604594,6.171053690224014,0.0,0.1878295546912235,-1600.4700070030704,0.7497370627108992,-11.930541431724322,0.026591923252718835,0.5675425222748037,-4.6733913238991756,0.019290707923590424,0.5678375767419159,-4.6733913238991756,-6.053855460040795e-17,7.8361098026635955e-19,-2.4930590331346114e-19,-6.054362571334811e-17,4.9756388888744914e-21,-2.4930590331346114e-19,-1600.4507162951468,1.3175746394528152,-16.603932755623497,-1060491.4662619773,252.10973255403175,124509.9202674376,0.045696710984089166,4713.429028299086
181.74279189447256,2001.0,12.0,14.0,14.0,24.0,29.0,1.0,3512138.89267887,-1734.1321350099524,27593.754617738097,-20.381124993151033,-296.2485923413022,4709.41727352026,3512247.716772797,4718.769932392465,3511825.1288517504,-46977.367393299704,27593.754617738097,3512247.7167727966,-27.525575374806916,-544.8879140455236,4709.41727352026,4740.914632463191,20192249.883331556,0.826062041839705,1.6336191194689622,4.752045488089956e-07,1.825871453371151e-05,0.007853789123022066,0.0078565183082631,-0.01337611182231425,116047.71677279659,0.003552844017055758,0.0035362486973039577,7859.131733780727,-16540689959.946083,-1040501546.6270533,-206200522.07216972,-16539409457.36955,-1914844148.0197768,16573384320.03724,16651162480.89105,-0.9998796816297928,0.013375300144394291,-0.007856437484737671,0.0133757129494088,0.9999105411501046,0.0,-0.007855734656876012,0.00010508545260082637,0.999969137718784,4709.43090398336,-545.2073431943919,-0.11525618226642274,1.674070806800852e-08,135.25964596599573,0.0,-25.97893789798722,-8.7,0.0,2.930381838722028e-17,2.278567672044262,1.5707963267948966,20.971236877420534,461.0,0.08929429271370232,6.197851922258844,0.0,0.1876918457399698,-1600.4605927833225,0.7902335954161837,-12.574308198539871,0.02762280112196017,0.5671304766703287,-4.669962452624534,0.02031473332182189,0.5674392551808527,-4.669962452624534,-6.049433850236762e-17,7.845920663092955e-19,-2.625410849307025e-19,-6.04994260146706e-17,5.238792851385937e-21,-2.625410849307025e-19,-1600.4402780500006,1.3576728505970364,-17.244270651164406,-1060505.8932871558,252.26327075899766,124543.02388910062,0.045789000145295244,4713.403141915384
182.04279189447254,2001.0,12.0,14.0,14.0,24.0,30.0,1.0,3512132.622116533,-1823.0065788804338,29006.57809568325,-21.422622728672643,-296.24769578189665,4709.405843350794,3512252.8753295885,4718.763081932305,3511816.7122869715,-47140.83145288075,29006.57809568325,3512252.8753295885,-28.584855083384973,-544.8724676722937,4709.405843350794,4740.90777144568,20191975.400520008,0.8260596773905655,1.6336190818156546,4.7497086079446605e-07,1.8246062688846e-05,0.008256854060400278,0.008258775456003902,-0.013422682384833514,116052.87532958854,0.003735173742191041,0.0037177267364963485,7854.088317343965,-16540679290.19774,-1040500250.1646249,-206200421.3188875,-16539399294.452568,-1914839751.8721945,16573373589.943321,16651151879.38781,-0.9998758167312836,0.013421821584659412,-0.008258681571429075,0.013422279331257532,0.999909917151317,0.0,-0.008257937605866754,0.00011085033095962994,0.9999658965078267,4709.420888821854,-545.2070579178096,-0.11525636543334096,1.6727811676028634e-08,135.26609416198568,0.0,-25.99828248595705,-8.7,0.0,2.9303943894554307e-17,2.2785697217345744,1.5707963267948966,20.970706668582345,461.0,0.08922512159984324,6.224629920694074,0.0,0.1875468972789751,-1600.4506834075366,0.8307294851717072,-13.218065127783776,0.028651043617839555,0.5666974520324357,-4.666353320706933,0.021336411212745543,0.56701996613612,-4.666353320706933,-6.044779833814454e-17,7.855406835301548e-19,-2.757460729032961e-19,-6.045290206292528e-17,5.5013485247648055e-21,-2.757460729032961e-19,-1600.4293469963238,1.3977494513078272,-17.88441844849071,-1060520.3094417658,252.41680896396358,124576.19411764827,0.04588129081375381,4713.377204831618
182.34279189447253,2001.0,12.0,14.0,14.0,24.0,30.0,1.0,3512126.0391059597,-1911.8807498717638,30419.398082096424,-22.464113190396905,-296.2467731493146,4709.393996661232,3512258.291987336,4718.756043998425,3511807.9779395564,-47304.290864610455,30419.398082096424,3512258.291987336,-29.64412623125638,-544.8569283729577,4709.393996661232,4740.900722690245,20191701.1427301,0.8260573148160139,1.6336190441894907,4.745031394985559e-07,1.8232780981444517e-05,0.00865991814523007,0.008661031127904398,-0.013469253007782261,116058.29198733578,0.003917502483233706,0.003899203792858925,7848.7971872556955,-16540668628.884901,-1040498954.6843958,-206200323.61214796,-16539389165.212194,-1914835202.2654648,16573362868.329952,16651141293.726124,-0.9998717878896303,0.013468340575215594,-0.008660922845991565,0.013468845744419793,0.9999092909830937,0.0,-0.008660137222194704,0.00011665263381698165,0.9999624935043593,4709.410527001073,-545.2067771000673,-0.11525655794439077,1.6714270031660553e-08,135.27286498416973,0.0,-26.018594952509172,-8.7,0.0,2.930407551616028e-17,2.2785718712785257,1.5707963267948966,20.970150659539904,461.0,0.08915249901285921,6.2513866500714235,0.0,0.18739470944306696,-1600.440278890088,0.871224701636353,-13.861811736851,0.02967652918625268,0.5662434460988518,-4.662563932102123,0.022355621420647186,0.5665797056243211,-4.662563932102123,-6.039893410719463e-17,7.864566529813898e-19,-2.889193210165419e-19,-6.040405385515872e-17,5.763275258070855e-21,-2.889193210165419e-19,-1600.4179232686672,1.4378044072606742,-18.524375668953123,-1060534.714169439,252.5703471689295,124609.43095308053,0.04597358299241553,4713.3512170531685
182.6427918944725,2001.0,12.0,14.0,14.0,24.0,30.0,1.0,3512119.143649378,-2000.754640164103,31832.214452040214,-23.505596057755636,-296.2458244576528,4709.381733575749,3512263.966743458,4718.7488187115405,3511798.9258121205,-47467.74560061378,31832.214452040214,3512263.9667434576,-30.70338849301373,-544.8412961664519,4709.381733575749,4740.893486317766,20191427.120535526,0.8260549542073133,1.6336190065917997,4.742691058766752e-07,1.8218880221595892e-05,0.00906298131687176,0.00906328526480464,-0.013515823695655387,116063.96674345806,0.0040998302122185765,0.004080679838303007,7843.258901715279,-16540657976.418617,-1040497660.2342979,-206200229.0836531,-16539379070.057453,-1914830499.2494924,16573352155.610384,16651130724.319738,-0.9998675951079588,0.013514857097892184,-0.009063161184196181,0.01351541219328896,0.9999086626453666,0.0,-0.009062333379029,0.00012249235917862828,0.9999589287112493,4709.399818645376,-545.2065007549788,-0.11525675979955297,1.670008314135483e-08,135.2799584293226,0.0,-26.03987528796776,-8.7,0.0,2.9304213251481134e-17,2.278574120667018,1.5707963267948966,20.969568856879512,461.0,0.08907642506462134,6.2781210749656555,0.0,0.18723528237069628,-1600.4293792460096,0.9117192144723772,-14.505547543175986,0.030699136273908214,0.5657684564092575,-4.65859429088692,0.023372243773521945,0.5661184694537611,-4.65859429088692,-6.034774580788765e-17,7.873397956998872e-19,-3.020592830437072e-19,-6.035288138732236e-17,6.024542399109524e-21,-3.020592830437072e-19,-1600.406007002236,1.4778376839261385,-19.164141834062907,-1060549.1069138478,252.7238853738954,124642.73439539746,0.04606587668423077,4713.325178585411
182.9427918944725,2001.0,12.0,14.0,14.0,24.0,30.0,1.0,3512111.935749116,-2089.6282419418494,33245.02708061458,-24.547071010268905,-296.2448497210306,4709.3690542188315,3512269.8995953,4718.741406192481,3511789.5559073808,-47631.195633021474,33245.02708061458,3512269.8995953,-31.76264154334011,-544.8255710717685,4709.3690542188315,4740.88606244924,20191153.344508775,0.8260525956557286,1.6336189690239118,4.740349567111437e-07,1.8204365089848704e-05,0.009466043514770095,0.009465537807556244,-0.013562394452948984,116069.8995953002,0.004282156900963285,0.004262154845036552,7837.474045611918,-16540647333.209969,-1040496366.8622748,-206200137.86510223,-16539369009.397371,-1914825642.8742836,16573341452.197897,16651120171.58241,-0.999863238389517,0.013561371134521797,-0.009465396461828068,0.013561978682259598,0.9999080321380671,0.0,-0.009464525949553127,0.0001283695050344477,0.9999552021314857,4709.38876387938,-545.2062288963738,-0.11525697099880934,1.66852510117495e-08,135.28737449412526,0.0,-26.062123482375757,-8.7,0.0,2.93043570999396e-17,2.278576469890624,1.5707963267948966,20.968961267467915,461.0,0.08899689987037968,6.304832159985586,0.0,0.18706861620372486,-1600.41798449098,0.9522129933454659,-15.14927206423353,0.03171874332839417,0.5652724803046816,-4.654444401253925,0.024386158103170092,0.565636253223842,-4.654444401253925,-6.029423343743982e-17,7.881899327059089e-19,-3.151644127443853e-19,-6.029938465420505e-17,6.285119294361295e-21,-3.151644127443853e-19,-1600.3935983328768,1.517849246569308,-19.803716465487454,-1060563.487118667,252.8774235788613,124676.10444459901,0.04615817189215005,4713.299089433689
183.24279189447248,2001.0,12.0,14.0,14.0,24.0,31.0,1.0,3512104.415407596,-2178.5015473936314,34657.835842956716,-25.588537727545305,-296.2438489535899,4709.355958715278,3512276.0905401274,4718.733806562197,3511779.8682281496,-47794.64093396993,34657.835842956716,3512276.090540128,-32.821885057009425,-544.8097531079553,4709.355958715278,4740.878451205783,20190879.8252212,0.8260502392525237,1.6336189314871576,4.7356631106349384e-07,1.8189228011646146e-05,0.00986910467823431,0.009867788697022388,-0.013608965284160337,116076.0905401283,0.004464482521659636,0.004443628784928846,7831.44323053211,-16540636699.670023,-1040495074.6162791,-206200050.08819112,-16539358983.640951,-1914820633.189942,16573330758.505753,16651109635.927898,-0.999858717737676,0.013607882666940326,-0.00986762855468658,0.013608545215727448,0.9999073994611258,0.0,-0.009866714806965006,0.0001342840693584556,0.9999513137681788,4709.377362827954,-545.2059615380973,-0.11525719154214294,1.666977364967927e-08,135.29511317516037,0.0,-26.0853395254811,-8.7,0.0,2.930450706093834e-17,2.278578918939588,1.5707963267948966,20.96832789845247,461.0,0.08891392354880953,6.331518869775138,0.0,0.1868947110875248,-1600.4060946413294,0.9927060079247989,-15.792984817539798,0.032735228798291105,0.5647555149277969,-4.650114267514024,0.025397244245328045,0.5651330523253623,-4.650114267514024,-6.023839699194683e-17,7.89006885003334e-19,-3.2823316386330763e-19,-6.024356364946607e-17,6.544975288919074e-21,-3.2823316386330763e-19,-1600.380697397084,1.5578390602501613,-20.443099085053824,-1060577.8542275783,253.03096178382722,124709.5411006852,0.046250468619123554,4713.272949603345
183.54279189447246,2001.0,12.0,14.0,14.0,24.0,31.0,1.0,3512096.582627335,-2267.37454871233,36070.640614241456,-26.62999588928252,-296.24282216949547,4709.3424471901935,3512282.5395751223,4718.726019941752,3511769.8627773332,-47958.08147560123,36070.640614241456,3512282.5395751228,-33.881118708886916,-544.7938422941156,4709.3424471901935,4740.8706527086215,20190606.573242035,0.8260478850889535,1.6336188939828684,4.7333181423749743e-07,1.8173479650950713e-05,0.010272164746529344,0.010270037874077976,-0.013655536193787931,116082.53957512276,0.0046468070462983724,0.004625101630032947,7825.167094826698,-16540626076.209812,-1040493783.544274,-206199965.88461182,-16539348993.197134,-1914815470.2466679,16573320074.94719,16651099117.769909,-0.9998540331559285,0.013654391676986977,-0.010269857338585547,0.013655111798089438,0.9999067646144723,0.0,-0.01026889982447727,0.0001402360501088149,0.9999472636245599,4709.365615616218,-545.2056986940104,-0.11525742142953803,1.6653651062193082e-08,135.30317446890348,0.0,-26.10952340671038,-8.7,0.0,2.930466313385955e-17,2.2785814678038205,1.5707963267948966,20.967668757261585,461.0,0.08882749622210205,6.358180169014352,0.0,0.18671356717116983,-1600.3937097140424,1.0331982278831213,-16.43668532065346,0.033748471133305244,0.5642175572234825,-4.645603894101153,0.026405382039815805,0.5646088619410793,-4.645603894101153,-6.018023646644574e-17,7.897904735802865e-19,-3.412639901293662e-19,-6.018541836569704e-17,6.80407972643026e-21,-3.412639901293662e-19,-1600.3673043320025,1.5978070898242005,-21.082289214754613,-1060592.2076843046,253.18449998879314,124743.04436365602,0.046342766868101605,4713.246759099693
183.70709981235606,2001.0,12.0,14.0,14.0,24.0,31.0,1.0,3512092.160247858,-2316.049543011863,36844.422245612215,-27.20039155466365,-296.24224877892976,4709.3348706883135,3512286.181052245,4718.721675999045,3511764.2481811927,-48047.59469874361,36844.422245612215,3512286.181052245,-34.4612493313963,-544.7850886995392,4709.3348706883135,4740.866302149403,20190457.027075376,0.8260465966684553,1.6336188734556378,4.7286247171826893e-07,1.8164588839919716e-05,0.010492917462813084,0.010490346209536927,-0.013681042792625457,116086.1810522452,0.004746664448450857,0.004724492573687396,7821.625853089616,-16540620262.037971,-1040493076.9251047,-206199921.3263331,-16539343536.417698,-1914812577.5779488,16573314227.882465,16651093364.41447,-0.9998513979658411,0.013679863263405556,-0.010490153804771684,0.013680616014364705,0.9999064159937506,0.0,-0.010489172094152462,0.00014351176613470833,0.9999449768228011,4709.359035025808,-545.2055566478718,-0.11525755129755527,1.6646264328343978e-08,135.30686783582803,0.0,-26.120603507484034,-8.7,0.0,2.930473545347774e-17,2.278582648872815,1.5707963267948966,20.96736334503228,461.0,0.08878785525305909,6.372771729070827,0.0,0.1866305132214798,-1600.386716752703,1.0553751880234745,-16.789230253042177,0.03430549611277851,0.5639695488049661,-4.643535327407359,0.02695901343069764,0.5643684351889857,-4.643535327407359,-6.015356176121475e-17,7.902864196937689e-19,-3.484199407461116e-19,-6.015875245492861e-17,6.946369666075531e-21,-3.484199407461116e-19,-1600.3597577392723,1.6197436232124602,-21.432765580449537,-1060600.0632518549,253.33803819375905,124776.61423351147,0.046435066642034256,4713.220517928033
183.78896883590235,2001.0,12.0,14.0,14.0,24.0,31.0,1.0,3512089.921744454,-2340.302594851384,37229.97073679924,-27.484599222384794,-296.24196016076115,4709.331048959474,3512288.0243733237,4718.719490587256,3511761.415039901,-48092.19554307887,37229.97073679924,3512288.0243733237,-34.75030744862609,-544.7807166827145,4709.331048959474,4740.864113411272,20190382.53992167,0.8260459549145798,1.6336188632308404,4.726276256785945e-07,1.8160077610101016e-05,0.010602910869265094,0.010600118127092691,-0.013693751869162137,116088.02437332412,0.004796419854045142,0.0047740155591820595,7819.833903135732,-16540617366.033571,-1040492724.95731,-206199899.54358178,-16539340821.314672,-1914811119.0851424,16573311315.494003,16651090499.542358,-0.9998500665862913,0.013692554599550438,-0.010599919618904817,0.013693323900429894,0.9999062420450019,0.0,-0.010598925792118205,0.00014514813266018508,0.9999438192738994,4709.355717347861,-545.2054863723295,-0.11525761705258222,1.6642168059279705e-08,135.30891597036015,0.0,-26.126747911080443,-8.7,0.0,2.930477532315251e-17,2.278583299994017,1.5707963267948966,20.96719497574416,461.0,0.08876588524704378,6.380039685776227,0.0,0.18658447385839166,-1600.3831769688823,1.0664251158912377,-16.96488990140173,0.03458199810968773,0.5638325172387485,-4.64238880465831,0.027234002009141434,0.5642351736852358,-4.64238880465831,-6.013877729749885e-17,7.905136234699376e-19,-3.5197435314957923e-19,-6.014397224484027e-17,7.017046348616408e-21,-3.5197435314957923e-19,-1600.355942966873,1.6306602895764735,-21.60727870606004,-1060603.976059338,253.491576398725,124810.25071025157,0.046527367943871654,4713.194226093648
183.9057654324097,2001.0,12.0,14.0,14.0,24.0,31.0,1.0,3512086.68795878,-2374.902623337594,37780.00425422588,-27.890056503367415,-296.2415450520678,4709.325543111175,3512290.6873750063,4718.716348676402,3511757.3322401396,-48155.823711823934,37780.00425422588,3512290.6873750067,-35.162684344389845,-544.7744674712326,4709.325543111175,4740.860966720943,20190276.30548543,0.82604503962969,1.6336188486476177,4.726276256785945e-07,1.8153589988733738e-05,0.010759830327178624,0.010756721523284336,-0.013711882997832962,116090.68737500673,0.00486740213351863,0.0048446662619598775,7817.245860101655,-16540613235.678358,-1040492222.9660635,-206199868.95699444,-16539336952.290565,-1914809018.5878415,16573307161.771065,16651086414.55648,-0.9998481460726516,0.013710660078597971,-0.010756514086384365,0.013711453326911423,0.9999059936052308,0.0,-0.01075550290527482,0.0001474874408557245,0.9999421470288715,4709.350939598067,-545.2053866928203,-0.11525771206502472,1.6636250277762804e-08,135.3118748611186,0.0,-26.1356245833558,-8.7,0.0,2.930483290545956e-17,2.278584240384456,1.5707963267948966,20.96695181108494,461.0,0.08873414667275285,6.390405416120872,0.0,0.1865179632041052,-1600.3780632008477,1.0821891366344993,-17.215489083282964,0.03497606573208034,0.5636346172072664,-4.640732483737835,0.027625944636180875,0.564042652705835,-4.640732483737835,-6.011741897368288e-17,7.908338960525782e-19,-3.5704049806720635e-19,-6.012261996657861e-17,7.117782971134952e-21,-3.5704049806720635e-19,-1600.3504372562115,1.6462317893403342,-21.8562215670208,-1060609.5566003788,253.6451146036909,124843.95379387628,0.04661967077656368,4713.167883601803
184.09527235440163,2001.0,12.0,14.0,14.0,24.0,32.0,1.0,3512081.340264796,-2431.042382256116,38672.45318599223,-28.547923373410217,-296.24086313091203,4709.3164754922345,3512295.091423648,4718.7111904904805,3511750.605269041,-48259.06128132166,38672.45318599223,3512295.091423648,-35.83177812774095,-544.7642979474958,4709.3164754922345,4740.855800695126,20190104.020669978,0.82604355525371,1.6336188249960621,4.721575831697883e-07,1.8142847603195703e-05,0.011014437720959344,0.01101081589653094,-0.013741301472608764,116095.09142364794,0.004982573208857455,0.004959299341605159,7812.967829508707,-16540606537.208067,-1040491408.8376597,-206199820.57414302,-16539330685.975538,-1914805561.022568,16573300425.402788,16651079792.090958,-0.99984497710459,0.013740036080442398,-0.011010593409540945,0.013740869030224962,0.9999055898025044,0.0,-0.011009553897242607,0.00015129512198556026,0.9999393815790885,4709.343075875538,-545.2052264129114,-0.11525786923959257,1.6626463503004568e-08,135.31676824849774,0.0,-26.15030474549315,-8.7,0.0,2.930492809378719e-17,2.278585794927818,1.5707963267948966,20.96654985249245,461.0,0.08868166009950906,6.407216168805026,0.0,0.18640797171723636,-1600.3696062776653,1.1077665814659652,-17.622091484473298,0.03561444546879681,0.5633074950021328,-4.637993356725119,0.028260961936876945,0.5637242594407573,-4.637993356725119,-6.008209784151576e-17,7.913438656721193e-19,-3.652486185893671e-19,-6.008730858624225e-17,7.280996348696099e-21,-3.652486185893671e-19,-1600.3413453157284,1.6714908409067224,-22.260084841198417,-1060618.6069213413,253.7986528086568,124877.72348438564,0.04671197514306033,4713.141490457746
184.3952723544016,2001.0,12.0,14.0,14.0,24.0,32.0,1.0,3512072.6196727282,-2519.9144767339003,40085.245934946484,-29.5893554704061,-296.2397623860276,4709.301781544656,3512302.2738320082,4718.70287223463,3511739.696854751,-48422.48814682739,40085.245934946484,3512302.2738320082,-36.89098197523832,-544.7481232863868,4709.301781544656,4740.847469813261,20189831.501009084,0.8260412072204681,1.633618787580688,4.71922386351623e-07,1.8125356209368093e-05,0.01141749435053816,0.011413059884887413,-0.013787872629616409,116102.27383200824,0.005164894466258676,0.005140768923276912,7805.99633090198,-16540595941.330072,-1040490120.9795296,-206199747.20214382,-16539320794.804426,-1914799962.4693513,16573289769.573868,16651069322.58313,-0.9998398267195143,0.013786537823806738,-0.011412812112897245,0.013787435775522548,0.9999049487900017,0.0,-0.011411727311296431,0.00015735341402467654,0.9999348717389926,4709.3303447586295,-545.2049763628037,-0.11525812567891937,1.6610502595537218e-08,135.3247487022314,0.0,-26.174246106694174,-8.7,0.0,2.930508323162402e-17,2.278588328520964,1.5707963267948966,20.965894774844823,461.0,0.0885960675907145,6.433807916353758,0.0,0.1862285985537689,-1600.3558146354221,1.1482563779107926,-18.26575454440928,0.03662242157031833,0.5627744061596166,-4.6335264152142805,0.02926383197399275,0.5632049912138396,-4.6335264152142805,-6.002449650174946e-17,7.921265868604844e-19,-3.7821168778822414e-19,-6.002972253796635e-17,7.538761113939991e-21,-3.7821168778822414e-19,-1600.326550803448,1.711461369124632,-22.89928095962356,-1060632.9230102673,253.95219101362272,124911.55978177962,0.046804281046311375,4713.115046666706
184.6952723544016,2001.0,12.0,14.0,14.0,24.0,32.0,1.0,3512063.586652492,-2608.786237087249,41498.03421332835,-30.630777779660303,-296.2386356364863,4709.286671692408,3512309.7143189935,4718.694367086187,3511728.4706809665,-48585.91014601158,41498.03421332835,3512309.714318993,-37.95017470963307,-544.7318558065667,4709.286671692408,4740.838951775384,20189559.25614433,0.8260388614921457,1.6336187501987616,4.714516407119191e-07,1.810723479219506e-05,0.011820549653302976,0.011815301933711846,-0.013834443882321728,116109.71431899304,0.005347214520241773,0.005322237302785605,7798.781343048438,-16540585355.823097,-1040488834.3300217,-206199677.89330652,-16539310939.229141,-1914794210.701267,16573279124.171408,16651058870.864733,-0.9998345124190908,0.013833036975052745,-0.011815027030261329,0.013834002586605455,0.9999043056075085,0.0,-0.011813896398427398,0.00016344911449744858,0.9999302001321263,4709.317267597797,-545.2047308376498,-0.1152583914622197,1.659396818001546e-08,135.33301590999227,0.0,-26.199047729976808,-8.7,0.0,2.930524382271128e-17,2.2785909511724474,1.5707963267948966,20.965216715008584,461.0,0.088507406782188,6.460373513655303,0.0,0.18604278983786415,-1600.3415279868275,1.1887452632458024,-18.909403501064432,0.037627098166690263,0.5622226395312813,-4.628899213096813,0.03026366940100553,0.562667046513614,-4.628899213096813,-5.996482856640379e-17,7.928790290617369e-19,-3.911357467767082e-19,-5.997006971297564e-17,7.795752936287314e-21,-3.911357467767082e-19,-1600.3112643174265,1.7514123097594165,-23.538302714161244,-1060647.2250494044,254.10572921858864,124945.46268605825,0.04689658848926666,4713.088552233894
184.99527235440158,2001.0,12.0,14.0,14.0,24.0,32.0,1.0,3512054.241207072,-2697.6576555166403,42910.81789638311,-31.67218998104929,-296.2374828948763,4709.271146047651,3512317.412881408,4718.68567515225,3511716.92675107,-48749.32725103128,42910.81789638311,3512317.412881408,-39.009356005954594,-544.7154955257266,4709.271146047651,4740.830246688737,20189287.295336112,0.8260365181487438,1.633618712851453,4.7098042456147834e-07,1.8088524422257912e-05,0.01222360356850802,0.012217541983904413,-0.01388101523522533,116117.41288140789,0.0055295333427889965,0.005503704452139923,7791.323545873165,-16540574781.047398,-1040487548.9312271,-206199612.77867353,-16539301119.607775,-1914788305.7630775,16573268489.557598,16651048437.298357,-0.9998290342074053,0.013879533516032277,-0.012217238037487126,0.013880569467872679,0.9999036602549506,0.0,-0.012216061031889387,0.00016958222128487653,0.9999253667623076,4709.303844504934,-545.2044898497008,-0.11525866658948092,1.6576860263538028e-08,135.341569868231,0.0,-26.224709604692958,-8.7,0.0,2.9305409866470935e-17,2.27859366287283,1.5707963267948966,20.96451568002542,461.0,0.08841567779735417,6.486912053161586,0.0,0.18585054572291584,-1600.3267463520122,1.229233207155926,-19.55303787216582,0.03862836718269948,0.5616521922052056,-4.624111755025662,0.03126036738299351,0.5621104208171157,-4.624111755025662,-5.990309403624737e-17,7.936010331608678e-19,-4.040194205450064e-19,-5.990835010982624e-17,8.051944553469636e-21,-4.040194205450064e-19,-1600.295485984629,1.7913436279730417,-24.177149627191483,-1060661.5125511046,254.25926742355455,124979.4321972215,0.046988897474875856,4713.062007164503
185.29527235440156,2001.0,12.0,14.0,14.0,24.0,33.0,1.0,3512044.5833395477,-2786.528724226294,44323.596859389436,-32.71359175453954,-296.23630417398863,4709.25520472441,3512325.3695159764,4718.676796541599,3511705.065068541,-48912.73943404877,44323.596859389436,3512325.369515977,-40.068525539326764,-544.6990424617932,4709.25520472441,4740.821354662252,20189015.627984002,0.8260341772714713,1.6336186755399502,4.705087364866462e-07,1.8069192548597153e-05,0.012626656035201394,0.012619779976375969,-0.013927586692828875,116125.36951597687,0.005711850905978587,0.005685170343499338,7783.623646592721,-16540564217.368689,-1040486264.82588,-206199551.98935112,-16539291336.303856,-1914782247.7002752,16573257866.100115,16651038022.252083,-0.999823392088666,0.013926027428600468,-0.01261944501044262,0.01392713642372425,0.9999030127322525,0.0,-0.012618221084950568,0.00017575273225212067,0.9999203716334758,4709.290075593747,-545.2042534114038,-0.11525895106069153,1.655917885338473e-08,135.35041057330764,0.0,-26.251231719922902,-8.7,0.0,2.93055813623073e-17,2.2785964636123817,1.5707963267948966,20.963791677166398,461.0,0.08832088076280072,6.513422613608568,0.0,0.185651866365824,-1600.3114697517565,1.2697201793297783,-20.196657175486692,0.039626120545322344,0.5610630611165128,-4.619164045770551,0.032253819089609725,0.5615351094393288,-4.619164045770551,-5.983929291145938e-17,7.942924400337091e-19,-4.1686133407459713e-19,-5.984456372647685e-17,8.307308701920977e-21,-4.1686133407459713e-19,-1600.2792159326668,1.8312552887691071,-24.815821221257245,-1060675.7850203477,254.41280562852046,125013.46831526939,0.04708120800608865,4713.035411463708
185.59527235440154,2001.0,12.0,14.0,14.0,24.0,33.0,1.0,3512034.6130530937,-2875.399435424347,45736.37097766093,-33.75498278018196,-296.2350994866248,4709.238847836908,3512333.584219346,4718.66773136302,3511692.885636955,-49076.14666723179,45736.37097766093,3512333.584219346,-41.127682984959876,-544.6824966327366,4709.238847836908,4740.812275804861,20188744.263476167,0.8260318389414467,1.6336186382654412,4.700365750666752e-07,1.804926792957758e-05,0.013029706992520877,0.013022015852048525,-0.013974158259635128,116133.58421934582,0.0058941671820451885,0.005866634949056085,7775.682375919074,-16540553665.15227,-1040484982.0566819,-206199495.65643635,-16539281589.68049,-1914776036.5584092,16573247254.16622,16651027626.09357,-0.9998175860672036,0.01397251869461582,-0.01302164782501043,0.013973703458561292,0.9999023630393381,0.0,-0.013020376430893987,0.00018196064524851537,0.9999152147496914,4709.275960978082,-545.2040215352092,-0.11525924487584144,1.6540923957009287e-08,135.35953802149535,0.0,-26.278614064486067,-8.7,0.0,2.930575830960881e-17,2.2785993533811153,1.5707963267948966,20.963044713924,461.0,0.08822301580814301,6.539904274795424,0.0,0.1854467519267786,-1600.2956982074911,1.3102061494597996,-20.84026092884816,0.040620250183788634,0.5604552430467563,-4.6140560902126815,0.03324391769517066,0.5609411075325724,-4.6140560902126815,-5.977342519156448e-17,7.949530905459633e-19,-4.2966011233713333e-19,-5.977871056022365e-17,8.561818116725788e-21,-4.2966011233713333e-19,-1600.2624542897959,1.871147256992372,-25.45431701906084,-1060690.0419626608,254.56634383348637,125047.57104020192,0.04717352008585462,4713.008765136666
185.89527235440153,2001.0,12.0,14.0,14.0,24.0,33.0,1.0,3512024.330350986,-2964.2697813228715,47149.14012654627,-34.79636273811309,-296.2338688456123,4709.222075499712,3512342.056988086,4718.658479725446,3511680.388459991,-49239.54892275366,47149.14012654627,3512342.056988087,-42.186828018152084,-544.6658580565867,4709.222075499712,4740.803010225648,20188473.21120275,0.8260295032398128,1.6336186010291145,4.6956393887367475e-07,1.8028730125746592e-05,0.013432756379374407,0.013424249551855269,-0.014020729940147976,116142.05698808655,0.006076482142881263,0.006048098240754817,7767.500488331541,-16540543124.763594,-1040483700.6663579,-206199443.91102406,-16539271880.100918,-1914769672.3831444,16573236654.123323,16651017249.190647,-0.9998116161474708,0.014019007295940219,-0.013423846357087934,0.014020270576786037,0.9999017111761304,0.0,-0.013422526943017689,0.0001882059581075764,0.9999098961151356,4709.261500772071,-545.2037942335871,-0.11525954803492171,1.6522095582029886e-08,135.36895220898506,0.0,-26.30685662695517,-8.7,0.0,2.9305940707748076e-17,2.2786023321687856,1.5707963267948966,20.962274798012245,461.0,0.08812208306598017,6.566356116318994,0.0,0.18523520256916168,-1600.2794317412968,1.3506910872423223,-21.483848650120173,0.041610648029659754,0.5598287346236446,-4.608787893342302,0.03423055637875497,0.560328410086228,-4.608787893342302,-5.970549087540195e-17,7.955828255526797e-19,-4.424143802934419e-19,-5.971079060766941e-17,8.815445531572515e-21,-4.424143802934419e-19,-1600.245201184918,1.9110194973285504,-26.092636543462476,-1060704.2828834243,254.71988203845228,125081.74037201908,0.047265833717123354,4712.982068188514
186.1952723544015,2001.0,12.0,14.0,14.0,24.0,34.0,1.0,3512013.7352365907,-3053.139754137655,48561.90418142741,-35.83773130855059,-296.23261226380043,4709.204887827687,3512350.7878186875,4718.649041737916,3511667.573541419,-49402.94617279287,48561.90418142741,3512350.787818688,-43.24596031428475,-544.6491267514273,4709.204887827687,4740.7935580338,20188202.480551057,0.8260271702476987,1.6336185638321596,4.690908264725607e-07,1.8007595534997688e-05,0.0138358041347943,0.013826481016740163,-0.014067301738872353,116150.78781868797,0.0062587957607786555,0.006229560190827601,7759.078762546182,-16540532596.568012,-1040482420.6976388,-206199396.8842034,-16539262207.928263,-1914763155.2202349,16573226066.338743,16651006891.911024,-0.9998054823340431,0.014065493214438899,-0.01382604048258697,0.014066837782801747,0.9999010571425516,0.0,-0.013824672494634425,0.0001944886686470009,0.999904415734111,4709.2466950900825,-545.2035715190223,-0.11525986053792471,1.650269373624895e-08,135.37865313187552,0.0,-26.335959395626574,-8.7,0.0,2.930612855608163e-17,2.2786053999648828,1.5707963267948966,20.96148193736707,461.0,0.0880180826719956,6.592777217869492,0.0,0.18501721845976132,-1600.2626703759,1.3911749623775327,-22.127419857221735,0.04259720601697044,0.5591835323216684,-4.603359460264042,0.0352136283243537,0.5596970119273685,-4.603359460264042,-5.963548996119531e-17,7.9618148589905145e-19,-4.551227628931875e-19,-5.964080386479313e-17,9.068163678705852e-21,-4.551227628931875e-19,-1600.2274567475756,1.9508719743049012,-26.730779317485776,-1060718.5072881002,254.8734202434182,125115.97631072087,0.04735814890284431,4712.955320624372
186.4952723544015,2001.0,12.0,14.0,14.0,24.0,34.0,1.0,3512002.827713372,-3142.0093460883795,49974.663017721046,-36.87908817179758,-296.23132975406213,4709.187284936011,3512359.7767075608,4718.639417509589,3511654.440885109,-49566.33838953345,49974.663017721046,3512359.7767075608,-44.305079548826924,-544.6323027353999,4709.187284936011,4740.783919338624,20187932.08090757,0.8260248400462327,1.6336185266757668,4.6861723642100486e-07,1.798585588078228e-05,0.014238850197615302,0.014228710187658323,-0.014113873660314299,116159.77670756076,0.006441108007820427,0.0064110207714068125,7750.418001150712,-16540522080.930914,-1040481142.1932696,-206199354.70705953,-16539252573.525656,-1914756485.1155424,16573215491.179829,16650996554.622448,-0.9997991846316172,0.014111976431980516,-0.014228230077434331,0.014113405081012784,0.9999004009385231,0.0,-0.014226812959072141,0.0002008087746686806,0.9998987736110408,4709.231544046745,-545.2033534040165,-0.11526018238484426,1.6482718427642777e-08,135.38864078617863,0.0,-26.365922358535833,-8.7,0.0,2.9306321853950034e-17,2.2786085567586385,1.5707963267948966,20.960666140145737,461.0,0.08791101476490006,6.619166659171226,0.0,0.18479279976865362,-1600.245414134683,1.4316577445696168,-22.77097406812254,0.04357981608230855,0.5585196324617715,-4.597770796193999,0.0361930267209712,0.5590469077204302,-4.597770796193999,-5.956342244651508e-17,7.967489124198147e-19,-4.677838850738994e-19,-5.956875032691285e-17,9.319945288882644e-21,-4.677838850738994e-19,-1600.209221107962,1.990704652290047,-27.36874486431654,-1060732.7146821544,255.0269584483841,125150.2788563073,0.04745046564596701,4712.928522449338
186.70454088629972,2001.0,12.0,14.0,14.0,24.0,34.0,1.0,3511995.0340739195,-3204.001146573706,50960.14642026383,-37.605491809924274,-296.23041977982865,4709.174760051106,3512366.1998012667,4718.632593805073,3511645.0919229607,-49680.31155902943,50960.14642026383,3512366.199801267,-45.043872733685106,-544.6205120626549,4709.174760051106,4740.777085387229,20187743.66143185,0.8260232162822364,1.6336185007815374,4.6814316726938343e-07,1.7970337049484184e-05,0.014519998689137078,0.014509288491639611,-0.01414636052746486,116166.19980126712,0.0065682812356822875,0.0065375999100266485,7744.235496584326,-16540514753.254566,-1040480251.2472672,-206199328.22706467,-16539245875.490797,-1914751741.7766266,16573208122.024158,16650989355.75713,-0.9997946945627858,0.014144399738797279,-0.014508779415753174,0.014145888705048534,0.9998999419105615,0.0,-0.01450732769500475,0.0002052395788613435,0.9998947421203219,4709.220770838694,-545.2032039852841,-0.11526041242526847,1.646950049683219e-08,135.39524975158392,0.0,-26.39049950316781,-8.7,0.0,2.930645023636124e-17,2.2786106534025246,1.5707963267948966,20.960124349268,461.0,0.0878401418714698,6.6375556894034675,0.0,0.18464430875826668,-1600.2330838485873,1.4598963226575383,-23.21988256483336,0.04426573378706391,0.5580843201861397,-4.594072000133733,0.03687635254374829,0.558621247580507,-4.594072000133733,-5.951573169109211e-17,7.971771106521874e-19,-4.766175822342771e-19,-5.952106954604408e-17,9.495619921238088e-21,-4.766175822342771e-19,-1600.1962074960436,2.0185175702380453,-27.81395456496709,-1060742.6148822606,255.18049665335005,125184.64800877837,0.04754278394944083,4712.901673668496
186.8194757066761,2001.0,12.0,14.0,14.0,24.0,34.0,1.0,3511990.6889665956,-3238.0483076676987,51501.394175757116,-38.004445926966994,-296.2299146328729,4709.167795147926,3512369.7809238355,4718.628807513047,3511639.891495632,-49742.90704664229,51501.394175757116,3512369.7809238355,-45.44963117668366,-544.614017176737,4709.167795147926,4740.773293412991,20187640.24474017,0.8260223250436852,1.6336184865679668,4.6814316726938343e-07,1.796170418860546e-05,0.01467441117345423,0.014663387692442718,-0.01416420304699664,116169.78092383547,0.006638127240088928,0.00660711962798125,7740.7905564997345,-16540510731.290983,-1040479762.2158369,-206199314.72882304,-16539242204.558361,-1914749104.9644427,16573204077.292744,16650985406.077362,-0.9997921945940408,0.014162206757615009,-0.014662862223524493,0.014163729437039242,0.9998996893531042,0.0,-0.014661391382329508,0.00020768081330658453,0.999892494456986,4709.214782455803,-545.2031228713653,-0.11526054070260842,1.6460547690411316e-08,135.39972615479434,0.0,-26.399452309588682,-8.7,0.0,2.93065363146108e-17,2.278612059167021,1.5707963267948966,20.959761103757174,461.0,0.08779218483900468,6.647648900212836,0.0,0.18454372541762362,-1600.2262093502927,1.4754053264864726,-23.466429178483207,0.044637305292271445,0.5577833858283159,-4.591568091728346,0.037247325383408414,0.5583255602976079,-4.591568091728346,-5.948343657374108e-17,7.973297585948126e-19,-4.814135349069403e-19,-5.948877935694348e-17,9.590991252758921e-21,-4.814135349069403e-19,-1600.1889620249094,2.0337308867840806,-28.05799727021155,-1060748.048825534,255.33403485831596,125219.08376813405,0.04763510381621516,4712.874774286907
186.96021768715437,2001.0,12.0,14.0,14.0,24.0,34.0,1.0,3511985.3057671143,-3279.740248703726,52164.1711727102,-38.4929776701632,-296.2292908956337,4709.159183495201,3512374.2177299913,4718.624133962318,3511633.459859708,-49819.55654127545,52164.1711727102,3512374.2177299913,-45.94649479851938,-544.6060454318254,4709.159183495201,4740.768612851966,20187513.68546385,0.8260212343515138,1.6336184691728572,4.67905952576033e-07,1.795099540703011e-05,0.01486349466310992,0.01485208743609493,-0.014186051905032582,116174.2177299913,0.006723655995426026,0.006692248833744362,7736.524988412857,-16540505809.229544,-1040479163.731435,-206199299.2284072,-16539237717.386827,-1914745845.5757623,16573199127.367516,16650980574.019747,-0.9997891005273458,0.014184011569665058,-0.014851541418733944,0.014185576100019673,0.9998993796531281,0.0,-0.01485004705148481,0.00021067767099804452,0.9998897097767772,4709.207380554008,-545.2030244811191,-0.11526069965128774,1.6449455675021758e-08,135.40527216248913,0.0,-26.41054432497824,-8.7,0.0,2.9306642940765365e-17,2.2786138005042726,1.5707963267948966,20.959311165205413,461.0,0.08773277009983191,6.660000897363757,0.0,0.18441911008985593,-1600.2176923481984,1.494396449684407,-23.768331114647903,0.045091368558416056,0.5574106167616724,-4.5884659356133595,0.037700718710766294,0.5579592126722083,-4.5884659356133595,-5.944342518700857e-17,7.975095811233769e-19,-4.87275075672069e-19,-5.944877395925739e-17,9.7075532049013e-21,-4.87275075672069e-19,-1600.1799916294876,2.0523556623566153,-28.356797050261264,-1060754.698852254,255.48757306328187,125253.58613437437,0.04772742524923932,4712.847824309616
187.1525739878365,2001.0,12.0,14.0,14.0,24.0,35.0,1.0,3511977.837183385,-3336.7217365502975,53070.00646911731,-39.16066424483414,-296.22842922357603,4709.14726618984,3512380.3735025437,4718.617680483088,3511624.5564498124,-49924.313895061685,53070.00646911731,3512380.3735025437,-46.625568316236766,-544.5951172491107,4709.14726618984,4740.762149698678,20187340.857297562,0.8260197448906366,1.6336184454168428,4.674311620401819e-07,1.7936158260357133e-05,0.015121920098518237,0.015109988183767638,-0.014215913444770996,116180.37350254366,0.006840550205749145,0.006808596968094803,7730.611519591883,-16540499087.596252,-1040478346.4164495,-206199279.89987314,-16539231599.102911,-1914741336.562797,16573192367.682024,16650973978.051186,-0.9997848134392183,0.014213811884296915,-0.015109413225708222,0.014215434628750443,0.9998989556041729,0.0,-0.015107886504177527,0.0002147868759888326,0.9998858463004539,4709.197141518098,-545.2028916829456,-0.11526092021799675,1.6434066243640856e-08,135.4129668781796,0.0,-26.425933756359143,-8.7,0.0,2.930679084228948e-17,2.2786162159194636,1.5707963267948966,20.95868708678251,461.0,0.08765033839236538,6.676868896690286,0.0,0.18424621761773474,-1600.2058757697991,1.5203517721851112,-24.180943079962933,0.04571025533944551,0.5568935496583651,-4.5841619777987725,0.038318802559662676,0.557450914847832,-4.5841619777987725,-5.938791278472957e-17,7.977426750209013e-19,-4.952658563235482e-19,-5.939326966041861e-17,9.866457984961564e-21,-4.952658563235482e-19,-1600.1675569672395,2.077802687032943,-28.765105057761705,-1060763.7802013438,255.64111126824778,125288.15510749933,0.04781974825146269,4712.820823741643
187.45257398783647,2001.0,12.0,14.0,14.0,24.0,35.0,1.0,3511965.9327861825,-3425.5900612040155,54482.74782038381,-40.201981620153084,-296.22706416562653,4709.1283398729,3512390.1858318713,4718.607463464668,3511610.409917651,-50087.689864605796,54482.74782038381,3512390.185831871,-47.68464371000546,-544.5779976156546,4709.1283398729,4740.751917378395,20187071.64615974,0.8260174247356442,1.6336184084091043,4.669558887479466e-07,1.791253457825966e-05,0.015524960345117845,0.015512209639985017,-0.014262485787955298,116190.18583187135,0.007022857892416754,0.0069900529925795134,7721.196505712345,-16540488617.178068,-1040477073.2276256,-206199254.10755652,-16539222090.354061,-1914734179.0846934,16573181837.986609,16650963709.737806,-0.9997779927989306,0.014260286361876129,-0.01551158753379792,0.014262002250627112,0.9998982924736911,0.0,-0.015510009888600733,0.00022122629631782538,0.9998796880886126,4709.18088996337,-545.2026884305473,-0.11526127188400914,1.6409535420321637e-08,135.4252322898392,0.0,-26.450464579678364,-8.7,0.0,2.930702651777364e-17,2.2786200647922055,1.5707963267948966,20.95769272058235,461.0,0.08751894711690586,6.703144378731658,0.0,0.18397063306534223,-1600.1870405409773,1.5608308642663509,-24.82443983335423,0.046671496801575126,0.5560696245853559,-4.577301626016289,0.03927905236845536,0.5566406489336134,-4.577301626016289,-5.92994273878836e-17,7.980768869105565e-19,-5.076804874658645e-19,-5.930479671130067e-17,1.0113337860466061e-20,-5.076804874658645e-19,-1600.1477614886087,2.1174715131999644,-29.40174145937052,-1060777.9263553396,255.7946494732137,125322.79068750892,0.04791207282583449,4712.793772587996
187.75257398783646,2001.0,12.0,14.0,14.0,24.0,35.0,1.0,3511953.7159957164,-3514.4579724689065,55895.483431617606,-41.243285953897654,-296.22567330021275,4709.108999324096,3512400.256203586,4718.5970611690955,3511595.945665027,-50251.06068437423,55895.483431617606,3512400.256203586,-48.74370468845231,-544.5607854141637,4709.108999324096,4740.741499520179,20186802.85068802,0.8260151081020248,1.6336183714542625,4.6600388798451516e-07,1.7888314924415585e-05,0.015927998638324312,0.015914428554987717,-0.01430905827276547,116200.25620358577,0.007205164091769353,0.0071715075311217565,7711.5480721686035,-16540478162.61183,-1040475801.9151467,-206199233.73574185,-16539212622.658997,-1914726869.0908206,16573171324.229689,16650953464.733912,-0.9997710082906587,0.014306758062558796,-0.015913756791497567,0.01430856998318111,0.9998976271724203,0.0,-0.015912127655217406,0.0002277031027464666,0.9998733681545784,4709.164294032138,-545.202489896546,-0.11526163289564043,1.6384359491035586e-08,135.4378202544822,0.0,-26.475640508964414,-8.7,0.0,2.9307268294632015e-17,2.278624013307949,1.5707963267948966,20.95667271242637,461.0,0.0873841068952845,6.72937992299348,0.0,0.18368780949992228,-1600.167710541369,1.6013087364976797,-25.467917571065065,0.04762778361829672,0.5552243657131659,-4.570261075937311,0.04023466635681152,0.5558090262645388,-4.570261075937311,-5.920861691657128e-17,7.9837520748703615e-19,-5.200354612510923e-19,-5.921399845336937e-17,1.035903428879664e-20,-5.200354612510923e-19,-1600.1274758750121,2.1571177627622182,-30.038178647002375,-1060792.0510438923,255.9481876781796,125357.49287440316,0.048004398975304036,4712.766670853658
188.05257398783644,2001.0,12.0,14.0,14.0,24.0,36.0,1.0,3511941.1868159464,-3603.3254626048874,57308.21317856819,-42.284576927152,-296.2242566419908,4709.089244672865,3512410.5846136934,4718.586473718868,3511581.1636963123,-50414.42632659952,57308.21317856819,3512410.5846136934,-49.80275092786652,-544.5434806647288,4709.089244672865,4740.730896246706,20186534.481401697,0.8260127950807444,1.6336183345536952,4.655271575395301e-07,1.7863534164923002e-05,0.016331034916507038,0.01631664486983278,-0.01435563090371898,116210.58461369341,0.007387468776152473,0.007352960556070768,7701.667293552309,-16540467724.307335,-1040474532.5276617,-206199218.9160085,-16539203196.42518,-1914719406.6334035,16573160826.823309,16650943243.452036,-0.999763859919733,0.014353226968237333,-0.01631592087485727,0.014355137830828152,0.9998969597002773,0.0,-0.016314239677480073,0.00023421729299546236,0.9998668865034012,4709.147353852986,-545.202296095193,-0.11526200325293307,1.635853846576647e-08,135.45073076711677,0.0,-26.50146153423353,-8.7,0.0,2.9307516171944857e-17,2.2786280614516756,1.5707963267948966,20.955627073927758,461.0,0.08724581790070671,6.755574497946253,0.0,0.18339774714945442,-1600.14788579772,1.6417853586141158,-26.111375811412987,0.048578994251840736,0.5543577699391486,-4.563040334091298,0.041185524402861245,0.5549560418214111,-4.563040334091298,-5.911548135745491e-17,7.98637457497767e-19,-5.323292303560134e-19,-5.912087487070496e-17,1.0603516553033683e-20,-5.323292303560134e-19,-1600.106700273317,2.196741400435527,-30.674416145504285,-1060806.1537124775,256.10172588314555,125392.26166818204,0.04809672670282056,4712.739518543594
188.35257398783642,2001.0,12.0,14.0,14.0,24.0,36.0,1.0,3511928.345250929,-3692.192523876317,58720.93693702425,-43.32585422109982,-296.2228142056888,4709.069076049323,3512421.171058124,4718.575701236969,3511566.0640159776,-50577.78676352031,58720.93693702425,3512421.171058124,-50.86178210463983,-544.5260833875452,4709.069076049323,4740.720107681138,20186266.548852026,0.8260104857630536,1.6336182977087856,4.6481114508159046e-07,1.78381588420226e-05,0.016734069117942976,0.016718858525589873,-0.014402203685334566,116221.17105812347,0.007569771917816366,0.007534412039620281,7691.555273637176,-16540457302.675678,-1040473265.1140037,-206199209.7799454,-16539193812.061348,-1914711791.7649393,16573150346.180817,16650933046.306023,-0.9997565476916059,0.014399693060807866,-0.01671807965994421,0.014401705797985208,0.9998962900571781,0.0,-0.016716345828858586,0.00024076886476979712,0.9998602431402519,4709.130069555115,-545.2021070408043,-0.11526238295593218,1.6332072354691318e-08,135.46396382265434,0.0,-26.527927645308683,-8.7,0.0,2.9307770148772e-17,2.27863220920803,1.5707963267948966,20.95455581697718,461.0,0.08710408030975675,6.781727068889931,0.0,0.18310044624603694,-1600.1275663374226,1.682260700355294,-26.754814072774117,0.04952500716908447,0.553469834037344,-4.555639407132786,0.042131506391441795,0.5540816904515171,-4.555639407132786,-5.902002069628793e-17,7.988634576748418e-19,-5.445602474333566e-19,-5.902542594646983e-17,1.0846753934406245e-20,-5.445602474333566e-19,-1600.0854348310313,2.2363423908068114,-31.310453479906904,-1060820.2338048387,256.25526408811146,125427.09706884553,0.048189056011333255,4712.712315662753
188.6525739878364,2001.0,12.0,14.0,14.0,24.0,36.0,1.0,3511915.191304815,-3781.0591485519894,60133.65458281372,-44.36711751702106,-296.2213460060556,4709.048493583878,3512432.0155327283,4718.564743846479,3511550.64662859,-50741.14196738132,60133.65458281372,3512432.0155327288,-51.92079789526257,-544.5085936028619,4709.048493583878,4740.709133946739,20185999.06358724,0.8260081802401852,1.633618260920918,4.643331900502152e-07,1.781220511347367e-05,0.017137101180820777,0.017121069463341354,-0.014448776622132233,116232.01553272875,0.007752073489070352,0.0077158619542152355,7681.21314400807,-16540446898.127878,-1040471999.7230092,-206199206.4591345,-16539184469.97615,-1914704024.538017,16573139882.715488,16650922873.709635,-0.9997490716118514,0.014446156322170249,-0.0171202330228428,0.0144482738890705,0.9998956182430376,0.0,-0.01711844598284027,0.00024735781575874216,0.9998534380704222,4709.112441267963,-545.2019227477103,-0.11526277200468409,1.630496116817812e-08,135.47751941591093,0.0,-26.555038831821882,-8.7,0.0,2.930803022415346e-17,2.278636456561334,1.5707963267948966,20.95345895374067,461.0,0.0869588943023616,6.807836601290099,0.0,0.18279590702582718,-1600.1067521885184,1.7227347314655277,-27.39823187358424,0.05046570084165932,0.552560554658309,-4.548058301839964,0.043072492214220715,0.5531859668684609,-4.548058301839964,-5.892223491789816e-17,7.990530287346472e-19,-5.567269651106377e-19,-5.89276516628916e-17,1.1088715712241272e-20,-5.567269651106377e-19,-1600.0636796963042,2.2759206983339886,-31.946290175424203,-1060834.2907648273,256.4088022930774,125461.99907639364,0.04828138690379134,4712.6850622160555
188.9525739878364,2001.0,12.0,14.0,14.0,24.0,36.0,1.0,3511901.724981852,-3869.925328905118,61546.36599180359,-45.4083664962922,-296.2198520578642,4709.027497407255,3512443.1180332806,4718.55360167061,3511534.911538813,-50904.491910433346,61546.36599180359,3512443.1180332806,-52.97979797632404,-544.4910113309843,4709.027497407255,4740.697975166894,20185732.036154944,0.8260058786033766,1.6336182241914776,4.636153336198385e-07,1.7785689173851864e-05,0.017540131043358286,0.01752327762418222,-0.014495349718633237,116243.11803328106,0.007934373462331935,0.007897310272115154,7670.642064206302,-16540436511.074984,-1040470736.4035306,-206199209.0851518,-16539175170.578247,-1914696105.005329,16573129436.840628,16650912726.076668,-0.999741431686166,0.014492616734228072,-0.01752238083965476,0.014494842108503493,0.9998949442577703,0.0,-0.017520540012930016,0.0002539841436358626,0.9998464712993241,4709.094469121223,-545.2017432302587,-0.11526317039923656,1.627720491679734e-08,135.49139754160134,0.0,-26.58279508320266,-8.7,0.0,2.9308296397108964e-17,2.27864080349558,1.5707963267948966,20.952336496659804,461.0,0.08681026006185055,6.833902060648433,0.0,0.18248412972916728,-1600.0854433796958,1.7632074216938574,-28.041628732339593,0.05140095374610832,0.5516299283294959,-4.5402970251178,0.044008361769862024,0.5522688656525436,-4.5402970251178,-5.8822124006229e-17,7.992059913782745e-19,-5.688278359895442e-19,-5.88275520013045e-17,1.1329371163922328e-20,-5.688278359895442e-19,-1600.041435017926,2.315476287346401,-32.58192575745739,-1060848.3240362573,256.5623404980433,125496.96769082642,0.04837371938314404,4712.657758208412
189.25257398783637,2001.0,12.0,14.0,14.0,24.0,37.0,1.0,3511887.946286381,-3958.791057213339,62959.07103990023,-46.44960084038602,-296.21833237555575,4709.006087650442,3512454.478555476,4718.542274832611,3511518.8587514074,-51067.83656493324,62959.07103990023,3512454.4785554754,-54.03878202450744,-544.4733365919195,4709.006087650442,4740.68663146502,20185465.47709488,0.8260035809438063,1.6336181875217757,4.631361445164738e-07,1.7758602253045305e-05,0.017943158643619547,0.01792548294922025,-0.01454192297936009,116254.47855547536,0.008116671809882037,0.008078756965744711,7659.843199647963,-16540426141.927864,-1040469475.2031852,-206199217.7895863,-16539165914.2761,-1914688033.2184236,16573119008.969282,16650902603.82059,-0.9997336279203674,0.014539074278888673,-0.017924522986499353,0.014541410460704883,0.9998942681012895,0.0,-0.017922627792650508,0.00026064784605902685,0.9998393428324905,4709.07615324479,-545.2015685024593,-0.11526357813956567,1.6248803611311605e-08,135.5055981943442,0.0,-26.616794583032597,-8.7,0.0,2.930856866663859e-17,2.2786452499944367,1.5707963267948966,20.951188458450513,461.0,0.08665817777489195,6.859922412522934,0.0,0.18216516661506588,-1600.0636399402913,1.803678740794115,-28.685004167598034,0.05233073033195749,0.5506834276626728,-4.532356231069143,0.04493900746506903,0.5513358581186613,-4.532356231069143,-5.871970431079555e-17,7.993223965078244e-19,-5.808615387063316e-19,-5.872514331022101e-17,1.1568700216565557e-20,-5.808615387063316e-19,-1600.0187009328263,2.3550145989127764,-33.217360398667175,-1060862.3330633212,256.7158787030092,125532.00291214383,0.04846605345234052,4712.6304036447045
189.55257398783635,2001.0,12.0,14.0,14.0,24.0,37.0,1.0,3511873.855222844,-4047.6563257575535,64371.769603049026,-47.49082023085515,-296.2167869660509,4708.984264443846,3512466.0970949344,4718.530763454492,3511502.488271235,-51231.17590314286,64371.769603049026,3512466.0970949344,-55.097749716476784,-544.4555693981875,4708.984264443846,4740.675102962897,20185199.396823637,0.8260012873515993,1.6336181509115404,4.624164297933292e-07,1.773094799575154e-05,0.01834618391967065,0.018327685379575905,-0.014588496408836237,116266.09709493397,0.008298968504120739,0.008260202007406701,7648.817265171558,-16540415791.094278,-1040468216.143112,-206199232.70445746,-16539156701.475052,-1914679809.2024598,16573108599.509733,16650892507.348745,-0.9997256603203953,0.014585528938062855,-0.018326659339513395,0.014587978950096295,0.9998935897735076,0.0,-0.01832470919554223,0.0002673489206704071,0.9998320526755748,4709.057493767924,-545.2013985707945,-0.11526399522408952,1.621975726266508e-08,135.52012136866745,0.0,-26.660364106002383,-8.7,0.0,2.930884703172424e-17,2.2786497960412784,1.5707963267948966,20.950014852094952,461.0,0.08650264763134287,6.88589662252807,0.0,0.1818390485195475,-1600.041341900288,1.8441486585244526,-29.328357697979758,0.0532549610468086,0.5497242680634596,-4.524236307358117,0.045864317569052244,0.5503901581132503,-4.524236307358117,-5.861498543663441e-17,7.994022022586297e-19,-5.928266769134468e-19,-5.862043519302944e-17,1.1806679263940793e-20,-5.928266769134468e-19,-1599.9954775827189,2.394538816637703,-33.85259400533788,-1060876.3172966093,256.8694169079751,125567.10474034585,0.04855838911432998,4712.602998529802
189.85257398783634,2001.0,12.0,14.0,14.0,24.0,37.0,1.0,3511859.4517957717,-4136.521126821689,65784.46155723484,-48.532024349366516,-296.2152158437094,4708.962027919057,3512477.9736471954,4718.5190676597185,3511485.800103247,-51394.5098973287,65784.46155723484,3512477.973647195,-56.156700729111776,-544.4377097697791,4708.962027919057,4740.663389784145,20184933.80587607,0.8259989979179089,1.6336181143620583,4.6193599700928147e-07,1.770273001466203e-05,0.018749206809502244,0.018729884856382523,-0.014635070011585991,116277.97364719491,0.008481263517449667,0.008441645369571264,7637.565450239927,-16540405458.98503,-1040466959.2705041,-206199253.961372,-16539147532.583454,-1914671433.008736,16573098208.874939,16650882437.074478,-0.9997175288923115,0.014631980693664825,-0.018728789774851543,0.014634547581100199,0.9998929092743365,0.0,-0.018726784095163755,0.00027408736509648777,0.9998246008343511,4709.038490821008,-545.2012334491791,-0.11526442165276038,1.619006588201272e-08,135.53496705899363,0.0,-26.704901176980922,-8.7,0.0,2.9309131491326095e-17,2.2786544416191226,1.5707963267948966,20.94881569085761,461.0,0.08634366982459275,6.911823656335798,0.0,0.1815056956011275,-1600.0185492903179,1.8846171446473026,-29.97168884216857,0.054173392665287985,0.5487440125960562,-4.515936264871994,0.0467841532244362,0.549423325715209,-4.515936264871994,-5.850794216243555e-17,7.994448757647346e-19,-6.047213635563769e-19,-5.851340242330931e-17,1.2043261577040868e-20,-6.047213635563769e-19,-1599.9717651370934,2.4340404703625116,-34.487625107040564,-1060890.2761804517,257.022955112941,125602.27317543252,0.048650726372061595,4712.575542868547
190.15257398783632,2001.0,12.0,14.0,14.0,24.0,38.0,1.0,3511844.7360097943,-4225.385452693918,67197.14677848197,-49.573212877684284,-296.21361902251664,4708.939378207927,3512490.1082077217,4718.507187571795,3511468.7942524985,-51557.838519763245,67197.14677848197,3512490.1082077217,-57.21563473938635,-544.4197577263433,4708.939378207927,4740.651492052406,20184668.714779392,0.8259967127338326,1.6336180778745326,4.6121440948671995e-07,1.767395817305751e-05,0.019152227251031426,0.019132081320786306,-0.014681643792134866,116290.1082077222,0.008663556822233315,0.008623087024600684,7626.088944070041,-16540395146.010765,-1040465704.6311724,-206199281.69195598,-16539138408.009506,-1914662904.6872592,16573087837.47761,16650872393.410831,-0.9997092336422992,0.014678429527612556,-0.019130914168686404,0.01468111635814026,0.9998922266036869,0.0,-0.01912885236509187,0.00028086317694807925,0.9998169873147137,4709.019144534627,-545.2010731511469,-0.11526485742544978,1.6159729480694503e-08,135.55013525965273,0.0,-26.750405778958246,-8.7,0.0,2.930942204438444e-17,2.2786591867106627,1.5707963267948966,20.947590988275877,461.0,0.08618124455132295,6.937702479676565,0.0,0.18116510808452801,-1599.9952621416599,1.9250841689299856,-30.614997118912775,0.055085903686898315,0.5477426538326016,-4.507456110614037,0.04769839439125971,0.5484353515092543,-4.507456110614037,-5.839857445830321e-17,7.994502376033067e-19,-6.165440517027531e-19,-5.840404496851975e-17,1.2278416452330767e-20,-6.165440517027531e-19,-1599.9475637472685,2.4735195204392397,-35.12245322952681,-1060904.2091595232,257.17649331790693,125637.50821740381,0.04874306522848457,4712.548036665767
190.4525739878363,2001.0,12.0,14.0,14.0,24.0,38.0,1.0,3511829.707869638,-4314.249295666881,68609.82514285487,-50.6143854976745,-296.2119965173476,4708.9163154427215,3512502.500771902,4718.495123314504,3511451.4707241384,-51721.16174272516,68609.82514285487,3512502.500771902,-58.27455142439041,-544.401713288452,4708.9163154427215,4740.639409891642,20184404.134073745,0.8259944318905864,1.6336180414503494,4.6049169124253334e-07,1.7644617177251182e-05,0.01955524518212041,0.01953427471394659,-0.014728217755009659,116302.50077190204,0.008845848390940863,0.008804526944949598,7614.389018107206,-16540384852.582495,-1040464452.273983,-206199316.0277791,-16539129328.161741,-1914654224.291181,16573077485.731014,16650862376.771547,-0.9997007745766636,0.014724875421827885,-0.019533032397208907,0.014727685285641404,0.9998915417614688,0.0,-0.019530913878921932,0.00028767635382033046,0.9998092121226777,4708.9994550397205,-545.2009176911157,-0.11526530254220983,1.6128748070244916e-08,135.56562596487754,0.0,-26.796877894632626,-8.7,0.0,2.9309718689819506e-17,2.2786640312982662,1.5707963267948966,20.946340758161334,461.0,0.0860153720115708,6.963532058341089,0.0,0.1808172861978579,-1599.9714804862356,1.9655497011448688,-31.258282047026334,0.05599237261446506,0.546720184147643,-4.498795851703188,0.04860692103633752,0.547426225872306,-4.498795851703188,-5.828688229321161e-17,7.994181083304658e-19,-6.282931943732179e-19,-5.829236279498074e-17,1.251211318324452e-20,-6.282931943732179e-19,-1599.9228735651993,2.512975927017175,-35.75707789872952,-1060918.1156777646,257.33003152287284,125672.80986625975,0.04883540568654806,4712.520479926264
190.75257398783629,2001.0,12.0,14.0,14.0,24.0,38.0,1.0,3511814.3673801203,-4403.112648037465,70022.49652645596,-51.65554189129782,-296.2103483429353,4708.892839755986,3512515.1513350406,4718.482875011704,3511433.8295234106,-51884.479538499,70022.49652645596,3512515.1513350406,-59.33345046130858,-544.3835764765671,4708.892839755986,4740.627143425883,20184140.074294027,0.8259921554793508,1.6336180050908606,4.595262987944308e-07,1.761472309155366e-05,0.01995826054058181,0.01993646497703522,-0.01477479190473837,116315.15133504057,0.00902813819601255,0.008985965103007318,7602.466960858554,-16540374579.111101,-1040463202.2472332,-206199357.1004138,-16539120293.448559,-1914645391.8731709,16573067154.048254,16650852387.570185,-0.9996921517018315,0.014771318358236458,-0.01993514433662777,0.014774254368029748,0.9998908547475913,0.0,-0.019932968510267345,0.00029452689329272633,0.9998012752643787,4708.979422467448,-545.2007670833536,-0.11526575700305995,1.6097121662398542e-08,135.58143916880073,0.0,-26.844317506402188,-8.7,0.0,2.931002142653166e-17,2.2786689753639733,1.5707963267948966,20.94506501459847,461.0,0.08584605240874278,6.989311358178133,0.0,0.1804622301726514,-1599.9472043566213,2.00601371106934,-31.90154314538915,0.05689267795422725,0.5456765957172951,-4.489955495375161,0.04950961313338396,0.5463959389726486,-4.489955495375161,-5.817286563501951e-17,7.99348308481392e-19,-6.399672445401609e-19,-5.817835586788772e-17,1.2744321060216746e-20,-6.399672445401609e-19,-1599.897694743488,2.5524096500419886,-36.39149864076431,-1060931.9951793402,257.48356972783876,125708.1781220003,0.04892774774920132,4712.492872654823
191.05257398783627,2001.0,12.0,14.0,14.0,24.0,39.0,1.0,3511798.7145461575,-4491.97550210718,71435.16080542938,-52.696681740618864,-296.20867451405553,4708.868951280586,3512528.0598923694,4718.470442787384,3511415.8706556587,-52047.79187937573,71435.16080542938,3512528.0598923694,-60.39233152743214,-544.3653473112265,4708.868951280586,4740.614692779293,20183876.5459752,0.8259898835913152,1.6336179687974235,4.588009213906761e-07,1.7584285722578985e-05,0.020361273264139647,0.02033865205123765,-0.014821366245850327,116328.05989236943,0.009210426209874526,0.009167401471310116,7590.324089128524,-16540364326.007528,-1040461954.5993026,-206199405.0414253,-16539111304.278395,-1914636407.4860704,16573056842.842503,16650842426.220362,-0.9996833650243508,0.01481775831876787,-0.02033724986317071,0.014820823609732725,0.9998901655619628,0.0,-0.020335016132760765,0.0003014147929291141,0.9997931767460723,4708.9590469492305,-545.2006213421662,-0.11526622080802501,1.60648502690764e-08,135.5975748654618,0.0,-26.8927245963854,-8.7,0.0,2.931033025340133e-17,2.2786740188895007,1.5707963267948966,20.943763771944,461.0,0.08567328594954209,7.015039345100641,0.0,0.18009994024371417,-1599.9224337860346,2.046476168486024,-32.54477993294941,0.05778669821589677,0.5446118805189859,-4.480935048978637,0.05040635066309733,0.5453444807696785,-4.480935048978637,-5.805652445042204e-17,7.9924065856947215e-19,-6.515646551259657e-19,-5.80620241512634e-17,1.2975009370600874e-20,-6.515646551259657e-19,-1599.8720274353716,2.5918206492557023,-37.02571498192805,-1060945.8471083492,257.63710793280467,125743.6129846255,0.04902009141939349,4712.465214856211
191.22441523034877,2001.0,12.0,14.0,14.0,24.0,39.0,1.0,3511789.607843049,-4542.876285528046,72244.33750712508,-53.29304338316675,-296.20770418749083,4708.855081971915,3512535.5701802117,4718.4632387574875,3511405.440649431,-52141.33539673764,72244.33750712508,3512535.5701802117,-60.998854768030625,-544.3548639767564,4708.855081971915,4740.607478080304,20183725.839330766,0.8259885843171586,1.6336179480386703,4.585588739344255e-07,1.756661736400289e-05,0.020592119410395102,0.020569025013918486,-0.01484804430929617,116335.57018021122,0.009314840721736729,0.009271328157700043,7583.269653324038,-16540358462.320854,-1040461241.0316472,-206199435.64694816,-16539106175.917315,-1914631192.7572403,16573050945.924704,16650836733.02355,-0.9996782581960522,0.014844357973024745,-0.020567574637662265,0.014847498737731165,0.9998897698152697,0.0,-0.0205653074701105,0.000305377038470882,0.9997884650632474,4708.947221337364,-545.2005400587128,-0.11526649068653749,1.6048240730665198e-08,135.60618908912357,0.0,-26.91856726737074,-8.7,0.0,2.9310495713443164e-17,2.278676721057047,1.5707963267948966,20.94306667428578,461.0,0.08558432359663146,7.029752928984183,0.0,0.1799134239117055,-1599.9080223905712,2.069652520672598,-32.91321749224426,0.058303746263206314,0.5440636274649636,-4.47629046733034,0.05092413966960027,0.5448039000939422,-4.47629046733034,-5.799663022232722e-17,7.992692795461986e-19,-6.582610066432281e-19,-5.8002135966716e-17,1.3108210221335058e-20,-6.582610066432281e-19,-1599.8570982509016,2.6144564207665404,-37.3895079595746,-1060953.768915739,257.7906461377706,125779.11445413533,0.04911243670007388,4712.437506535164
191.28495852699103,2001.0,12.0,14.0,14.0,24.0,39.0,1.0,3511786.3749461505,-4560.809666025669,72529.4269683819,-53.503152846349884,-296.20736030468936,4708.850163164298,3512538.2363781603,4718.46068615556,3511401.7411089344,-52174.29232273775,72529.4269683819,3512538.2363781603,-61.212544264467525,-544.3511632477739,4708.850163164298,4740.6049216990195,20183672.775205735,0.825988126835467,1.6336179407289835,4.5831669864743453e-07,1.7560346732487683e-05,0.020673451168131206,0.0206501900150407,-0.014857443569591186,116338.2363781603,0.009351628014909012,0.00930794357977865,7580.766689877957,-16540356397.680285,-1040460989.7734377,-206199446.97697225,-16539104372.314981,-1914629343.58118,16573048869.582836,16650834729.032784,-0.9996764461501214,0.014853729357985745,-0.02064872240171491,0.014856896961287985,0.9998896302155962,0.0,-0.020646443406675218,0.00030677594110451736,0.9997867924028487,4708.943028026202,-545.2005117901217,-0.11526658650074839,1.6042612090550468e-08,135.60915153128923,0.0,-26.92745459386768,-8.7,0.0,2.931055269328904e-17,2.2786776516085485,1.5707963267948966,20.94282662427447,461.0,0.08555417021742934,7.034933658196177,0.0,0.1798502101478353,-1599.9029063086784,2.0778179139404713,-33.043023865993725,0.05848643758266246,0.5438778039010838,-4.474716248274405,0.051106995650489276,0.5446207891303427,-4.474716248274405,-5.797633115298938e-17,7.992900132300831e-19,-6.606257943876127e-19,-5.798183910006425e-17,1.3155249784636723e-20,-6.606257943876127e-19,-1599.8517993130279,2.622438703070814,-37.51774011426813,-1060956.558228869,257.9441843427365,125814.68253052981,0.04920478359419168,4712.409747696411
191.35872318659517,2001.0,12.0,14.0,14.0,24.0,39.0,1.0,3511782.4188627074,-4582.659285635167,72876.77347607422,-53.75914478651375,-296.20693990884496,4708.844147438109,3512541.4990162924,4718.457565959502,3511397.216183985,-52214.44603454823,72876.77347607422,3512541.499016292,-61.472897961626,-544.3466492717096,4708.844147438109,4740.601796883943,20183608.148846667,0.825987569669102,1.633617931826211,4.580743953269581e-07,1.755266342097954e-05,0.020772543894104916,0.020749079537655785,-0.014868895438574009,116341.4990162924,0.009396448765965371,0.009352554926821832,7577.704911958426,-16540353883.15458,-1040460683.761048,-206199461.170071,-16539102177.218094,-1914627082.2049656,16573046340.805805,16650832288.812468,-0.9996742293770402,0.014865147087705923,-0.020747590739208004,0.01486834756535604,0.9998894600107933,0.0,-0.020745297300751624,0.00030848239025430685,0.9997847455720248,4708.937900073386,-545.2004776117175,-0.11526670375301472,1.603572429893829e-08,135.61277668476933,0.0,-26.938330054307965,-8.7,0.0,2.9310622415500857e-17,2.278678790258678,1.5707963267948966,20.942532899752837,461.0,0.08551727171118663,7.0412432571492545,0.0,0.1797728555577922,-1599.8966457731433,2.0877663662839496,-33.20117579405724,0.05870872243793986,0.5436504202845297,-4.472789879958792,0.05132949657309924,0.5443967086118293,-4.472789879958792,-5.79514911483717e-17,7.993135003787183e-19,-6.635033095500198e-19,-5.795700176701549e-17,1.3212488611429593e-20,-6.635033095500198e-19,-1599.8453162765702,2.6321630748957787,-37.67396567401603,-1060959.95533007,258.0977225477024,125850.3172138089,0.04929713210469616,4712.381938344647
191.45893057212305,2001.0,12.0,14.0,14.0,24.0,39.0,1.0,3511777.0143754454,-4612.341379943778,73348.63402586915,-54.10690156140654,-296.2063663213649,4708.835935201725,3512545.9562121294,4718.453309389952,3511391.038424809,-52268.993281488474,73348.63402586915,3512545.956212129,-61.82657993155342,-544.3405082024582,4708.835935201725,4740.597534014383,20183520.40240916,0.825986813170869,1.6336179197378173,4.5783196376971455e-07,1.7542192261773423e-05,0.02090715853709065,0.02088341808035175,-0.01488445252634364,116345.95621212851,0.009457336420064848,0.009413158111145445,7573.524141151458,-16540350469.027424,-1040460268.2600545,-206199481.13909274,-16539099199.464514,-1914623995.4447775,16573042907.328178,16650828976.350777,-0.9996712020848361,0.014880657486928506,-0.02088190017731956,0.014883902931645489,0.9998892285816071,0.0,-0.02087958705961818,0.00031080417526753505,0.9997819493494491,4708.930900618279,-545.2004316465727,-0.11526686394215278,1.602631466328425e-08,135.61772912458724,0.0,-26.95318737376171,-8.7,0.0,2.9310717657752086e-17,2.2786803456826794,1.5707963267948966,20.942131678578015,461.0,0.08546686402220696,7.049810170422039,0.0,0.17966717959400805,-1599.8880931166607,2.101280925569724,-33.41601865494007,0.05901015605775874,0.5433398006212561,-4.470158224118846,0.05163125092796607,0.5440905727769235,-4.470158224118846,-5.791755650835726e-17,7.993422810291804e-19,-6.674058104571397e-19,-5.792307073484447e-17,1.3290116666587096e-20,-6.674058104571397e-19,-1599.8364618657326,2.6453714983466474,-37.886176879058915,-1060964.5677789673,258.2512607526683,125886.01850397265,0.049389482234536645,4712.354078484555
191.73045627057482,2001.0,12.0,14.0,14.0,24.0,39.0,1.0,3511762.1950335754,-4692.768807958475,74627.20094723876,-55.04918665315118,-296.2047976789096,4708.81345119722,3512558.178260872,4718.441672130223,3511374.120812271,-52416.79345374752,74627.20094723876,3512558.1782608726,-62.78491934690106,-544.323816309031,4708.81345119722,4740.58587953794,20183282.905761432,0.8259847655818672,1.6336178870153393,4.5710389763647616e-07,1.751349266263176e-05,0.021271913873093413,0.02124742497306829,-0.014926606709906266,116358.1782608726,0.009622318852521468,0.009577369734364086,7562.071646574885,-16540341228.094322,-1040459143.582393,-206199539.2635708,-16539091155.05919,-1914615546.0787206,16573033614.01642,16650820015.081419,-0.9996629073773269,0.014922683353162273,-0.021245826306623045,0.014926052432492764,0.9998886002744418,0.0,-0.02124345952740323,0.00031711631742428964,0.9997742819579571,4708.911741973634,-545.2003097834211,-0.11526730323615748,1.6000512560380053e-08,135.63130917874733,0.0,-26.99392753624202,-8.7,0.0,2.9310978777482754e-17,2.278684610091501,1.5707963267948966,20.941031756829606,461.0,0.08532864465608779,7.072997907955477,0.0,0.1793774099706948,-1599.8646413081906,2.1378995697101777,-33.998150627664266,0.05982380812088826,0.5424881454213287,-4.462942084169871,0.052445929967724965,0.5432510472797802,-4.462942084169871,-5.782450508345624e-17,7.994021250196295e-19,-6.77942008542337e-19,-5.783002896127697e-17,1.3499704089139107e-20,-6.77942008542337e-19,-1599.812195378223,2.681150616989958,-38.46109271183414,-1060977.0521468166,258.4047989576342,125921.78640102103,0.04948183398666237,4712.326168120798
192.0209648367254,2001.0,12.0,14.0,14.0,24.0,40.0,1.0,3511746.0563353607,-4778.818592432483,75995.14805191781,-56.05733268877496,-296.2030960400036,4708.789020383701,3512571.488784468,4718.429053947719,3511355.7323226095,-52574.92158099296,75995.14805191781,3512571.488784468,-63.81024078426039,-544.3058736401725,4708.789020383701,4740.573242699055,20183029.23998989,0.8259825785376685,1.6336178520589502,4.5637467000227233e-07,1.7482294812798017e-05,0.021662167368613258,0.021636877198461756,-0.014971708158086306,116371.48878446687,0.009798833807532291,0.009753059992654444,7549.61854493618,-16540331357.74479,-1040457942.216502,-206199608.03530037,-16539082587.717705,-1914606367.9485826,16573023687.715345,16650810450.722517,-0.9996538842082674,0.014967644572889993,-0.02163518900457058,0.014971148841187722,0.9998879260709047,0.0,-0.021632764263932118,0.0003239036347946542,0.9997659319044315,4708.890932350865,-545.2001837546572,-0.11526778171761327,1.5972412566125483e-08,135.64609864940763,0.0,-27.03829594822292,-8.7,0.0,2.931126308206516e-17,2.278689253137685,1.5707963267948966,20.939834308333918,461.0,0.08517812097636018,7.097764817570634,0.0,0.17906184005839523,-1599.8391015417733,2.177076793339239,-34.620957048297385,0.060689222470014605,0.5415607875853667,-4.455083460808511,0.05331269934034658,0.5423366338936947,-4.455083460808511,-5.772316748337081e-17,7.994367060908485e-19,-6.891522028500463e-19,-5.772870148416419e-17,1.3722703154754944e-20,-6.891522028500463e-19,-1599.785788842433,2.7194134272329338,-39.076040509105894,-1060990.386793429,258.55833716260014,125957.620904954,0.04957418736402281,4712.298207258006
192.32096483672538,2001.0,12.0,14.0,14.0,24.0,40.0,1.0,3511729.0829751506,-4867.679254506789,77407.78092301034,-57.09839903652937,-296.2013135051513,4708.763384708806,3512585.488078865,4718.415842045829,3511336.4304296654,-52738.21055242318,77407.78092301034,3512585.488078865,-64.86904225942992,-544.2872538326014,4708.763384708806,4740.560011275316,20182767.766685557,0.8259803241223068,1.6336178160199188,4.5564427529039346e-07,1.7449539709469345e-05,0.022065168300555417,0.02203905013992739,-0.01501828335838638,116385.48807886522,0.00998111394347829,0.009934488489027343,7536.542786426842,-16540321183.294096,-1040456703.7439357,-206199686.32045293,-16539073783.613234,-1914596740.2099438,16573013455.583445,16650800599.612734,-0.9996444050533605,0.015014071751821543,-0.022037266049671832,0.015017718805367185,0.9998872277021459,0.0,-0.022034780856540988,0.0003309494647730365,0.9997571499644581,4708.869104908693,-545.2000583441196,-0.11526828502785848,1.594285850017342e-08,135.66165342096136,0.0,-27.08496026288407,-8.7,0.0,2.9311562022919263e-17,2.278694135212326,1.5707963267948966,20.938575366299723,461.0,0.0850198139851901,7.123294579957028,0.0,0.17872994715719945,-1599.812240871827,2.2175323528659896,-35.26408573478017,0.0615772577989436,0.540585589913929,-4.446818371429702,0.05420241315663423,0.5413747658587587,-4.446818371429702,-5.761658686440635e-17,7.99440324867121e-19,-7.0065949246849215e-19,-5.762213109638593e-17,1.3951617073560572e-20,-7.0065949246849215e-19,-1599.7580384586704,2.758907118724748,-39.71090410620987,-1061004.132215539,258.71187536756605,125993.52201577165,0.049666542369567246,4712.270195900802
192.62096483672536,2001.0,12.0,14.0,14.0,24.0,40.0,1.0,3511711.7972977613,-4956.53937796614,78820.40604143466,-58.1394471664457,-296.1995052757745,4708.737335948691,3512599.74534125,4718.402445870806,3511316.810899222,-52901.49392405627,78820.40604143466,3512599.7453412497,-65.92782406372113,-544.2685416623626,4708.737335948691,4740.546595318543,20182506.790006798,0.8259780739316371,1.6336177800424112,4.5491270787936093e-07,1.7416232163947827e-05,0.02246816628297425,0.022441219584905976,-0.015064858773729962,116399.7453412502,0.010163392144025722,0.01011591505140319,7523.24897955358,-16540311027.860134,-1040455467.4899917,-206199772.11825964,-16539065023.687586,-1914586960.3667905,16573003242.570066,16650790774.993067,-0.9996347621320277,0.015060495860429117,-0.022439336034791306,0.01506428895198858,0.9998865271611429,0.0,-0.02243678977962937,0.00033803264191886593,0.9997482063991502,4708.846934215511,-545.1999377575113,-0.11526879768187683,1.5912759835138448e-08,135.67749482361134,0.0,-27.13248447083403,-8.7,0.0,2.931186639629338e-17,2.2786991060067514,1.5707963267948966,20.937293706395046,461.0,0.08485859569100755,7.148776414267802,0.0,0.17839194507702227,-1599.7848859451174,2.257986201932534,-35.907187596138776,0.062459447087144196,0.5395925624881404,-4.438401171971088,0.05508656583818286,0.5403950279999854,-4.438401171971088,-5.750804303612234e-17,7.994111858796953e-19,-7.120952159053671e-19,-5.75135972709183e-17,1.4179112369236104e-20,-7.120952159053671e-19,-1599.7297993792793,2.7983812299325193,-40.34558876810986,-1061017.8518856224,258.86541357253196,126029.48973347392,0.049758899006245166,4712.2421340537785
192.92096483672535,2001.0,12.0,14.0,14.0,24.0,40.0,1.0,3511694.199308706,-5045.398955104095,80233.0232832828,-59.180476760546874,-296.1976713646385,4708.710874220039,3512614.260566367,4718.388865529152,3511296.8737372286,-53064.771668186244,80233.0232832828,3512614.2605663673,-66.98658587435929,-544.249737148197,4708.710874220039,4740.532994935383,20182246.318852987,0.8259758280427374,1.6336177441275743,4.5417996210242214e-07,1.7382400935807426e-05,0.022871161253772993,0.022843385474579633,-0.01511143440864415,116414.2605663673,0.01034566838155878,0.010297339652202633,7509.738376114517,-16540300891.790182,-1040454233.4955577,-206199865.55946016,-16539056308.28544,-1914577028.4650269,16572993049.024376,16650780977.213024,-0.9996249554515769,0.01510691688065691,-0.022841398836189374,0.015110859285477011,0.9998858244477989,0.0,-0.022838790906864206,0.000345153163697116,0.9997391012155152,4708.824420386196,-545.1998220070848,-0.11526931967968942,1.5882116582113474e-08,135.69362285151922,0.0,-27.180868554557673,-8.7,0.0,2.931217620119481e-17,2.2787041655047493,1.5707963267948966,20.93598934142913,461.0,0.08469446628660479,7.174209446330726,0.0,0.17804783404537167,-1599.7570367988965,2.2984383103387738,-36.55026215162708,0.06333568774233027,0.5385816986875694,-4.429831869634112,0.0559650560340337,0.5393974119386274,-4.429831869634112,-5.739753598275942e-17,7.993491377032401e-19,-7.234580665968401e-19,-5.740309998969904e-17,1.4405163102762733e-20,-7.234580665968401e-19,-1599.7010717428625,2.837835722277401,-40.980094021261195,-1061031.5453338027,259.0189517774979,126065.52405806084,0.049851257277005984,4712.214021721511
193.12437427212387,2001.0,12.0,14.0,14.0,24.0,41.0,1.0,3511682.089653896,-5105.648228494991,81190.81765889621,-59.88631686299721,-296.1964133137934,4708.692697482328,3512624.249092395,4718.379552932423,3511283.1750234477,-53175.47589861424,81190.81765889621,3512624.249092395,-67.70444814558357,-544.2369345750598,4708.692697482328,4740.523668602211,20182070.004793778,0.8259743077584651,1.6336177198126063,4.534460322470388e-07,1.7359142892890653e-05,0.023144402773327157,0.023116064544220882,-0.015143014281202174,116424.24909239449,0.010469256272591343,0.010420350107537888,7500.455151308328,-16540294030.46547,-1040453398.1213738,-206199933.33063212,-16539050424.529556,-1914570207.8503387,16572986148.789549,16650774349.513746,-0.9996182130584297,0.015138390026304103,-0.023114005911641304,0.015142435544845458,0.9998853467502012,0.0,-0.023111355815747667,0.0003500023447002053,0.9997328356769706,4708.808960173679,-545.199746283994,-0.11526967892612683,1.585990840556309e-08,135.7053113654931,0.0,-27.21593409647933,-8.7,0.0,2.931240016157232e-17,2.27870782305528,1.5707963267948966,20.935046510162987,461.0,0.08457554638568528,7.191425490576126,0.0,0.1777984866096171,-1599.7378730699613,2.3258651065709035,-36.98627114826751,0.06392188414823888,0.5378498576061631,-4.423622883437319,0.056553438344164195,0.538674470539939,-4.423622883437319,-5.731746576278601e-17,7.992321318142456e-19,-7.310689909796235e-19,-5.732303587193113e-17,1.4556578125591875e-20,-7.310689909796235e-19,-1599.6813196316173,2.8645395771108424,-41.40989403170483,-1061040.8146891575,259.1724899824638,126101.62498953237,0.04994361718479925,4712.185858908551
193.31720439232558,2001.0,12.0,14.0,14.0,24.0,41.0,1.0,3511670.4772547083,-5162.763702628589,82098.79376248864,-60.55543816426844,-296.19520983296354,4708.675291169159,3512633.8276126385,4718.370646853236,3511270.053954283,-53280.419998816724,82098.79376248864,3512633.827612639,-68.38496572140264,-544.2247587092727,4708.675291169159,4740.5147493912355,20181903.105930172,0.8259728686335787,1.6336176967927132,4.5295608501347284e-07,1.7336903903916724e-05,0.023403431688925745,0.023374560037371577,-0.015172951782470018,116433.82761263894,0.010586415510555154,0.010536961942818996,7491.564801279455,-16540287535.406498,-1040452607.2928329,-206200000.92583072,-16539044866.873947,-1914563677.5716054,16572979616.894548,16650768079.110579,-0.999611751829173,0.01516822493138397,-0.02337243156890255,0.015172369606891285,0.9998848929754424,0.0,-0.023369741237847977,0.00035461517037516343,0.9997268274096465,4708.794158740673,-545.1996765920868,-0.11527002345450887,1.583715941998253e-08,135.71728451579867,0.0,-27.251853547396003,-8.7,0.0,2.931262890239275e-17,2.2787115586763687,1.5707963267948966,20.93408364448848,461.0,0.08445376586912486,7.207722424990609,0.0,0.1775431157193817,-1599.719496284882,2.351864676170708,-37.399591406423056,0.06446898785137388,0.5371010824080839,-4.417264446187048,0.05710338792003013,0.5379340351814249,-4.417264446187048,-5.723546731056576e-17,7.990335869346769e-19,-7.38183299191924e-19,-5.724104259093496e-17,1.4698117632427943e-20,-7.38183299191924e-19,-1599.662392896962,2.8897987113521326,-41.816855852610104,-1061049.589208847,259.32602818742976,126137.79252788855,0.050035978732574496,4712.157645619433
193.5877670935768,2001.0,12.0,14.0,14.0,24.0,41.0,1.0,3511653.9662039336,-5242.902848210893,83372.78233158833,-61.49427839522035,-296.1935034022617,4708.650581162564,3512647.4470432987,4718.3580230007565,3511251.422362309,-53427.66460135091,83372.78233158833,3512647.4470432987,-69.33979520556797,-544.2076103455857,4708.650581162564,4740.502106933373,20181669.339190215,0.8259708528853794,1.633617664544324,4.522201688734784e-07,1.730529788899061e-05,0.023766876660602343,0.02373725618760702,-0.015214957679436257,116447.44704329874,0.010750801901166597,0.01070058026589147,7478.943980246782,-16540278437.895256,-1040451499.5137376,-206200101.33477312,-16539037102.166756,-1914554409.2081006,16572970467.782747,16650759302.039568,-0.999602571934122,0.015210084532201656,-0.02373502709523716,0.01521437065528557,0.999884254764302,0.0,-0.023732279878931724,0.00036111349974018417,0.9997182845626004,4708.773152316338,-545.1995822528768,-0.11527051337563081,1.5804813272165465e-08,135.73430880412343,0.0,-27.302926412370315,-8.7,0.0,2.931295408705903e-17,2.2787168693449873,1.5707963267948966,20.93271496353472,461.0,0.08428061397417483,7.230549086020327,0.0,0.17718001566260158,-1599.6933673764097,2.3883437812490858,-37.97950714937089,0.06523178403490705,0.536036465526589,-4.408223700105137,0.05787040388442663,0.5368810802932695,-4.408223700105137,-5.711887600025074e-17,7.9872893861667225e-19,-7.48105942608233e-19,-5.712445834817603e-17,1.4895533082629022e-20,-7.48105942608233e-19,-1599.6354969725253,2.9252248615423553,-42.38773084947603,-1061061.8794757836,259.47956639239567,126174.02667312937,0.05012834192328129,4712.129381858664
193.88776709357677,2001.0,12.0,14.0,14.0,24.0,41.0,1.0,3511635.3617747775,-5331.760612395529,84785.37334745859,-62.53524611349197,-296.19158700978346,4708.622791046407,3512662.793561598,4718.343851563121,3511230.46161895,-53590.9240214758,84785.37334745859,3512662.7935615983,-70.39849041231328,-544.1885085603612,4708.622791046407,4740.487914620513,20181410.70911379,0.8259686226896638,1.633617628858284,4.512370803870812e-07,1.7269764394096156e-05,0.02416986148242717,0.024139410219722223,-0.01526153405278605,116462.79356159782,0.010933071625548739,0.010881998358180198,7464.751071620733,-16540268372.486319,-1040450273.7658608,-206200220.3710704,-16539028538.48809,-1914543988.271038,16572960345.27647,16650749599.066984,-0.9995922375625484,0.0152564954767942,-0.024137065904208832,0.0152609416211225,0.9998835450495406,0.0,-0.02413425502339472,0.00036835435366931735,0.9997086585848578,4708.74953513362,-545.1994823669537,-0.11527106548586337,1.576836529120518e-08,135.75349195199726,0.0,-27.360475855991822,-8.7,0.0,2.9313320432818503e-17,2.2787228522252714,1.5707963267948966,20.931173259229208,461.0,0.0840855106765643,7.2558040840204505,0.0,0.176770877084272,-1599.663925782809,2.4287900746756987,-38.62249043688021,0.0660708543204493,0.5348368975699901,-4.398036681968645,0.0587144637089187,0.5356943872622711,-4.398036681968645,-5.698749960985478e-17,7.983554190380045e-19,-7.590256950377796e-19,-5.699308953515176e-17,1.5112791976962262e-20,-7.590256950377796e-19,-1599.6052113191001,2.9644844619379698,-43.02052711884886,-1061075.4772623274,259.6331045973616,126210.32742525481,0.05022070675986934,4712.101067630732
194.18776709357675,2001.0,12.0,14.0,14.0,24.0,42.0,1.0,3511616.445058263,-5420.617797849887,86197.95596483747,-63.57619396534655,-296.1896450758869,4708.59458919703,3512678.398019588,4718.32949715308,3511209.183270207,-53754.177697256724,86197.95596483747,3512678.398019588,-71.45716427576907,-544.1693145969801,4708.59458919703,4740.473539077169,20181152.688816793,0.8259663976963169,1.6336175932481585,4.5049835615846815e-07,1.723373245946897e-05,0.02457284302026495,0.024541560448558097,-0.015308110664860817,116478.39801958809,0.011115339270890133,0.011063414372818738,7450.350431043655,-16540258330.50448,-1040449050.7529827,-206200347.63499236,-16539020023.384634,-1914533415.7729928,16572950246.322805,16650739927.024086,-0.9995817394640485,0.015302903256831816,-0.024539097007410353,0.015307512792549981,0.999882833162019,0.0,-0.024536221839007086,0.00037563254135855893,0.999698871019699,4708.725576041819,-545.1993874553332,-0.11527162694012208,1.57313047034783e-08,135.7729975244851,0.0,-27.418992573455313,-8.7,0.0,2.931369285646624e-17,2.2787289343650037,1.5707963267948966,20.929606217109452,461.0,0.08388713459255315,7.28100006305014,0.0,0.1763548685543111,-1599.633990134099,2.469234500017459,-39.26544438971284,0.06690274803436412,0.5336172133828481,-4.3876786443938185,0.05955167501761115,0.5344875172682917,-4.3876786443938185,-5.685391492351669e-17,7.979441656992239e-19,-7.698572927795542e-19,-5.685951215113598e-17,1.5328302832111516e-20,-7.698572927795542e-19,-1599.5744384590812,3.003722017285751,-43.653123034106656,-1061089.0433362816,259.7866428023275,126246.69478426487,0.05031307324528831,4712.072702940105
194.48776709357674,2001.0,12.0,14.0,14.0,24.0,42.0,1.0,3511597.2160604154,-5509.474396891205,87610.53005986218,-64.61712163285057,-296.18767761498066,4708.56597574541,3512694.260411623,4718.314959890489,3511187.58732255,-53917.42560102105,87610.53005986218,3512694.260411623,-72.51581647324254,-544.1500284760033,4708.56597574541,4740.458980423366,20180895.288331117,0.8259641779922676,1.6336175577152519,4.495115020572687e-07,1.7197179584564943e-05,0.024975821211536884,0.02494370681532008,-0.015354687520194426,116494.2604116234,0.011297604809883191,0.01124482828259044,7435.743605643511,-16540248312.34157,-1040447830.5214028,-206200483.25788048,-16539011557.245516,-1914522691.7657483,16572940171.315714,16650730286.305237,-0.999571077646565,0.015349307854280184,-0.024941120281158725,0.015354084173999803,0.9998821191016357,0.0,-0.02493818019949377,0.0003829480601907647,0.9996889218747604,4708.701275169773,-545.1992975318781,-0.1152721977384472,1.569363152239442e-08,135.79282551452926,0.0,-27.478476543587753,-8.7,0.0,2.931407135666236e-17,2.2787351157423017,1.5707963267948966,20.928013854599016,461.0,0.08368548595471087,7.306136037899312,0.0,0.17593199033211268,-1599.6035604708918,2.509677027104343,-39.90836852744747,0.06772734979999569,0.5323774031846006,-4.3771495956078335,0.06038192386796614,0.5332604585027029,-4.3771495956078335,-5.671812189712791e-17,7.974950078760912e-19,-7.805992657432463e-19,-5.672372614938261e-17,1.554203644281111e-20,-7.805992657432463e-19,-1599.543178547024,3.042937485607046,-44.285518123055304,-1061102.5771677177,259.9401810072934,126283.12875015958,0.05040544138248801,4712.044287791228
194.78776709357672,2001.0,12.0,14.0,14.0,24.0,42.0,1.0,3511577.6747873346,-5598.330401867483,89023.09550913321,-65.6580287992669,-296.18568464401164,4708.536950822625,3512710.38073197,4718.300239895281,3511165.6737825233,-54080.6677051285,89023.09550913321,3512710.3807319696,-73.57444668327622,-544.1306502205457,4708.536950822625,4740.444238779337,20180638.51768399,0.825961963664407,1.6336175222614036,4.487699373476423e-07,1.716013478933905e-05,0.02537879599342677,0.0253458492613477,-0.01540126462332953,116510.38073196914,0.01147986821514384,0.011426240060079225,7420.932395141572,-16540238318.388699,-1040446613.1262667,-206200627.37072694,-16539003140.459146,-1914511816.3100119,16572930120.648996,16650720677.305119,-0.9995602521181592,0.015395709251116598,-0.02534313560191171,0.015400655769912529,0.9998814028682885,0.0,-0.02534012997872075,0.00039030090753525723,0.9996788111577953,4708.67663264638,-545.1992126129842,-0.11527277788141228,1.5655345761573266e-08,135.81297591496144,0.0,-27.525951829922874,-8.7,0.0,2.931445593204706e-17,2.2787413963349583,1.5707963267948966,20.926396189389653,461.0,0.0834805649988914,7.331211027352768,0.0,0.17550212633440146,-1599.5726368344465,2.550117625784239,-40.55126236993543,0.06854433586433449,0.5311052269467152,-4.366448096622939,0.06120505681981153,0.5320009671879256,-4.366448096622939,-5.658008390152169e-17,7.970072360215364e-19,-7.9124942945842725e-19,-5.658569489412669e-17,1.5753929950747002e-20,-7.9124942945842725e-19,-1599.5114317776267,3.082118592972164,-44.91771046655837,-1061116.078226922,260.0937192122593,126319.62932293894,0.050497811174418254,4712.015822188521
195.0877670935767,2001.0,12.0,14.0,14.0,24.0,43.0,1.0,3511557.8212452186,-5687.185805129049,90435.6521892226,-66.69891514780676,-296.18366618641744,4708.507514560902,3512726.7589748194,4718.285337288748,3511143.4426567717,-54243.903981943,90435.6521892226,3512726.7589748194,-74.63305458445285,-544.1111798602475,4708.507514560902,4740.42931426701,20180382.387012534,0.8259597548005854,1.6336174868898103,4.477792740260614e-07,1.7122581913042962e-05,0.025781767303024165,0.025747987727974514,-0.015447841978809454,116526.75897481944,0.011662129459274556,0.011607649677933792,7405.919209435582,-16540228349.039927,-1040445398.6454433,-206200780.10398978,-16538994773.416862,-1914500789.4893055,16572920094.720827,16650711100.423939,-0.9995492628870143,0.015442107429321929,-0.025745142846127896,0.015447227584729373,0.999880684461874,0.0,-0.02574207105055508,0.00039769108074550494,0.9996685388766781,4708.651648601624,-545.1991327215317,-0.11527336737092743,1.561644743480382e-08,135.83344871852432,0.0,-27.56689743704861,-8.7,0.0,2.931484658123931e-17,2.27874777612042,1.5707963267948966,20.924753239445664,461.0,0.08327237196409022,7.356224049695836,0.0,0.1750653266722344,-1599.5412192666688,2.5905562659100405,-41.19412543707733,0.06935367789699687,0.5298059168705251,-4.355574775961287,0.062020975265568476,0.5307142741777029,-4.355574775961287,-5.643981656727481e-17,7.964809068792736e-19,-8.018065906956122e-19,-5.64454340149352e-17,1.5963967191905516e-20,-8.018065906956122e-19,-1599.4791982914032,3.1212705400877434,-45.54970021303862,-1061129.545978345,260.2472574172252,126356.19650260289,0.05059018262402896,4711.987306136389
195.38776709357668,2001.0,12.0,14.0,14.0,24.0,43.0,1.0,3511537.6554403603,-5776.040599032258,91848.19997674909,-67.73978036177613,-296.18162225763143,4708.477667091813,3512743.3951342865,4718.270252190837,3511120.8939520363,-54407.134403836375,91848.19997674909,3512743.3951342865,-75.69163985534209,-544.0916174167772,4708.477667091813,4740.414207006552,20180126.90632162,0.8259575514875181,1.6336174516019855,4.467864141036592e-07,1.708453060211875e-05,0.0261847350774204,0.02615012215654955,-0.015494419591179243,116543.39513428695,0.0118443885150153,0.011789057108806053,7390.705797888339,-16540218404.68593,-1040444187.1286247,-206200941.5887572,-16538986456.506605,-1914489611.3590605,16572910093.924227,16650701556.055311,-0.9995381099614343,0.015488502370881686,-0.026147141890288255,0.01549379962289326,0.9998799638822881,0.0,-0.026144003288886483,0.00040511857715948475,0.9996581050394026,4708.626323164775,-545.1990578723897,-0.1152739662072452,1.557693655606848e-08,135.8542439178587,0.0,-27.608487835717387,-8.7,0.0,2.9315243302840353e-17,2.2787542550758433,1.5707963267948966,20.923085022989117,461.0,0.08306090709238793,7.381174123347503,0.0,0.174621656136796,-1599.5093078101063,2.6309929173413846,-41.83695724885821,0.07015537557266431,0.5284862457624122,-4.3445304448292585,0.0628295868190894,0.5294071511624421,-4.3445304448292585,-5.629734013646753e-17,7.959161476825627e-19,-8.122696684944414e-19,-5.630296375340499e-17,1.6172137290427643e-20,-8.122696684944414e-19,-1599.4464782232872,3.1604000685038267,-46.18148769368747,-1061142.9798933454,260.40079562219114,126392.8302891515,0.05068255573427008,4711.958739639209
195.68776709357667,2001.0,12.0,14.0,14.0,24.0,43.0,1.0,3511517.177379147,-5864.89477593799,93260.73874837023,-68.78062412457842,-296.1795528722919,4708.447408547141,3512760.2892044084,4718.254984721458,3511098.027675154,-54570.35894318685,93260.73874837023,3512760.2892044084,-76.7502021746022,-544.0719629110415,4708.447408547141,4740.398917118053,20179872.085601225,0.8259553538118007,1.6336174163992703,4.457913429037248e-07,1.7045984031744466e-05,0.026587699253633024,0.02655225248843507,-0.015540997464985256,116560.28920440795,0.012026645354965325,0.011970462325369373,7375.293865028769,-16540208485.717049,-1040442978.6226423,-206201111.95617583,-16538978190.115948,-1914478281.9719377,16572900118.651709,16650692044.592176,-0.9995267933498443,0.015534894057785617,-0.026549132610894012,0.015540371888848404,0.9998792411294257,0.0,-0.026545926567625194,0.0004125833940996457,0.9996475096540826,4708.600656465253,-545.1989880796268,-0.11527457439045061,1.553681313953111e-08,135.87536150550994,0.0,-27.65072301101988,-8.7,0.0,2.931564609543224e-17,2.278760833178071,1.5707963267948966,20.921391558506247,461.0,0.08284617062897323,7.406060266792658,0.0,0.17417111504269098,-1599.4769025079518,2.671427549944034,-42.47975732534498,0.07094931356830386,0.5271462076916035,-4.333315112420512,0.06363077755512848,0.5280795901444993,-4.333315112420512,-5.61526545742794e-17,7.9531278775239265e-19,-8.22637192221105e-19,-5.61582840720437e-17,1.637841101313932e-20,-8.22637192221105e-19,-1599.4132717303967,3.1995071400885333,-46.81307243776549,-1061156.3794440199,260.55433382715705,126429.53068258477,0.05077493050809164,4711.9301227013375
195.98776709357665,2001.0,12.0,14.0,14.0,24.0,43.0,1.0,3511496.387068064,-5953.7483282115,94673.26838078354,-69.82144611972033,-296.17745804497883,4708.416739058972,3512777.441179148,4718.239535000629,3511074.8438330605,-54733.57757237895,94673.26838078354,3512777.441179148,-77.80874122099601,-544.0522163639213,4708.416739058972,4740.383444721704,20179617.934839383,0.8259531618600191,1.6336173812829908,4.447940455853767e-07,1.7006964946590316e-05,0.026990659768635676,0.026954378665006922,-0.015587575604775104,116577.44117914746,0.012208899951830039,0.012151865300307766,7359.68513514474,-16540198592.523602,-1040441773.1740549,-206201291.33739012,-16538969974.632435,-1914466801.3804138,16572890169.295742,16650682566.427425,-0.999515313060791,0.015581282472027691,-0.02695111488446709,0.01558694438704026,0.9998785162031812,0.0,-0.02694784076070243,0.00042008552887292153,0.9996367527289521,4708.574648632721,-545.198923357247,-0.1152751919206133,1.5496077199524785e-08,135.89680147393432,0.0,-27.693602947868644,-8.7,0.0,2.93160549575775e-17,2.278767510403628,1.5707963267948966,20.919672864747223,461.0,0.08262816282208443,7.430881498591749,0.0,0.17371370370814745,-1599.44400340404,2.7118601335898602,-43.12252518668773,0.0717353765681559,0.52578579660954,-4.321928788040953,0.0644244335580092,0.526731582998811,-4.321928788040953,-5.600575984497396e-17,7.946706563909128e-19,-8.329076911940272e-19,-5.60113949324343e-17,1.6582759123931768e-20,-8.329076911940272e-19,-1599.3795789704818,3.238591716588671,-47.44445397472869,-1061169.7441025153,260.70787203212296,126466.29768290263,0.05086730694844379,4711.901455327111
196.17116325263504,2001.0,12.0,14.0,14.0,24.0,44.0,1.0,3511483.523738621,-6008.066017983596,95536.77219052654,-70.45771111588103,-296.17616489970226,4708.397787754567,3512788.0535531407,4718.230000481376,3511060.5146712707,-54833.353548626,95536.77219052654,3512788.0535531407,-78.45583627081082,-544.0400995613444,4708.397787754567,4740.373896214071,20179462.8945682,0.8259518246712899,1.6336173598577364,4.442945574484973e-07,1.6982865899103834e-05,0.02723699597514062,0.02720020458078484,-0.015616049910838379,116588.05355314026,0.012320314812194094,0.012262759547440388,7350.046529322863,-16540192557.203478,-1040441037.7492576,-206201405.48921114,-16538964977.307442,-1914459708.5758538,16572884099.711073,16650676788.526892,-0.9995082143142333,0.015609639042458812,-0.02719685068784389,0.015615415227614036,0.9998780719704125,0.0,-0.027193534629428535,0.00042469011637410277,0.9996300972423064,4708.558581475874,-545.1988862843867,-0.11527557403281205,1.5472998054481677e-08,135.90894839237808,0.0,-27.72684517713419,-8.691051607621937,0.0,2.931628741043165e-17,2.2787713066468274,1.5707963267948966,20.918695855245442,461.0,0.08250461046330095,7.446023495469777,0.0,0.17345522970314745,-1599.423648319844,2.736576380002142,-43.515446304297626,0.07222236175542186,0.5250233807608305,-4.315493035351279,0.06491512549406273,0.5259768496475421,-4.315493035351279,-5.592274256306237e-17,7.943709001599462e-19,-8.392573498545817e-19,-5.59283817189725e-17,1.6709233130722732e-20,-8.392573498545817e-19,-1599.35873319435,3.262553229649684,-47.83093933964891,-1061177.8971463162,260.8614102370889,126503.13129010514,0.05095968505827667,4711.872737520843
196.278233101092,2001.0,12.0,14.0,14.0,24.0,44.0,1.0,3511475.9599561323,-6039.777514452224,96040.89903248262,-70.8291697747504,-296.17540552959673,4708.386652553271,3512794.293799344,4718.224402471061,3511052.094192257,-54891.60346018731,96040.89903248262,3512794.293799344,-78.83361744068577,-544.0330096477213,4708.386652553271,4740.368289992555,20179372.48559358,0.8259510449042147,1.6336173473626665,4.440446026847202e-07,1.696871980045837e-05,0.027380810664185552,0.027343721267172518,-0.015632673750175675,116594.29379934352,0.012385360339190648,0.012327501131678787,7344.3849343732,-16540189037.76203,-1040440608.8744104,-206201473.71927845,-16538962068.207022,-1914455541.5012345,16572880560.287403,16650673420.66799,-0.9995040416655874,0.01562619352834863,-0.027340314006433712,0.015632037037880915,0.9998778122440993,0.0,-0.027336973354819646,0.00042738480117586615,0.9996261837457188,4708.549142150885,-545.1988655027995,-0.11527579873108416,1.5459824201385902e-08,135.9158819992706,0.0,-27.74764599781173,-8.684118000729422,0.0,2.93164202571871e-17,2.278773476198988,1.5707963267948966,20.918137536774626,461.0,0.08243407782656692,7.4548533369862495,0.0,0.17330782676054302,-1599.411679363149,2.751005790024118,-43.744834753477456,0.07250735051314024,0.524589880973776,-4.311822527697497,0.06520212578178008,0.525547849288771,-4.311822527697497,-5.587539715954823e-17,7.942106665055945e-19,-8.429711808753305e-19,-5.5881038793522e-17,1.6783233621220872e-20,-8.429711808753305e-19,-1599.3464772373673,3.2765536393128887,-48.05665728117495,-1061182.6515065264,261.0149484420548,126540.03150419229,0.05105206484054061,4711.843969286823
196.42768620902376,2001.0,12.0,14.0,14.0,24.0,44.0,1.0,3511465.3355711913,-6084.041769766454,96744.58088429346,-71.34766438869757,-296.17434012513235,4708.371021836837,3512803.059155585,4718.216549527495,3511040.2728582737,-54972.91014358865,96744.58088429346,3512803.059155585,-79.36093698852899,-544.0230935919749,4708.371021836837,4740.3604255324235,20179246.416424874,0.8259499575606449,1.6336173299374348,4.4354427057913955e-07,1.694885088407141e-05,0.027581553137288488,0.027544047667872443,-0.015655878142122843,116603.05915558478,0.012476153442023963,0.01241786997728829,7336.439674831927,-16540184130.076319,-1040440010.8053901,-206201570.92518073,-16538958017.815536,-1914449692.624351,16572875624.73595,16650668726.165514,-0.9994981824293517,0.015649300350132116,-0.02754056497193701,0.015655238590324937,0.9998774492429959,0.0,-0.02753718985485138,0.0004311541155480195,0.999620686701224,4708.535893485839,-545.1988375533347,-0.1152761143656499,1.544131956043211e-08,135.9256212839831,0.0,-27.776863851949294,-8.674378716016902,0.0,2.931660684486509e-17,2.2787765234070174,1.5707963267948966,20.917353411828714,461.0,0.08233500558705761,7.4671660078276725,0.0,0.1731007773118277,-1599.3948673774742,2.771146586839872,-44.065018824329165,0.0729036232332278,0.5239809672284653,-4.3066667600339965,0.0656012704400087,0.5249452024877143,-4.3066667600339965,-5.580889298175996e-17,7.939796218285664e-19,-8.48136273439346e-19,-5.581453801965191e-17,1.6886155486301698e-20,-8.48136273439346e-19,-1599.329266107034,3.2960917893275865,-48.37168558436316,-1061189.2812097333,261.1684866470207,126576.99832516408,0.0511444462981859,4711.815150629322
196.64144936746985,2001.0,12.0,14.0,14.0,24.0,44.0,1.0,3511450.004806116,-6147.352768345122,97751.0547402946,-72.08925880557457,-296.1728052684193,4708.3484877033325,3512815.707506127,4718.205238591679,3511023.2278017006,-55089.200719032255,97751.0547402946,3512815.707506127,-80.11515307556674,-544.0088709060017,4708.3484877033325,4740.3490980132465,20179066.366188705,0.8259484046086459,1.6336173050476026,4.427927123935147e-07,1.6920240649427805e-05,0.027868673961487712,0.027830573169121818,-0.015689067562346413,116615.70750612719,0.012606014049266197,0.01254712376898793,7324.99016321823,-16540177120.858427,-1040439156.5879183,-206201713.97510242,-16538952245.625227,-1914441261.6295645,16572868575.716867,16650662025.10122,-0.9994897313569292,0.015682348664439908,-0.027826980655837347,0.015688423934531424,0.9998769291040025,0.0,-0.02782355596439513,0.00043656146934678157,0.9996127545942877,4708.516796516151,-545.198799731858,-0.11527656984931119,1.5414617487064813e-08,135.939675006808,0.0,-27.81902502042398,-8.660324993192006,0.0,2.9316876058343084e-17,2.278780919996764,1.5707963267948966,20.91622216308138,461.0,0.08219204779401391,7.484750922975621,0.0,0.172802006227798,-1599.370608201698,2.799953102701627,-44.52296448998559,0.07346729567500654,0.5231023093554038,-4.299227036566737,0.06616918082813004,0.5240754803416104,-4.299227036566737,-5.571292685607869e-17,7.936341715767376e-19,-8.55485456115269e-19,-5.571857665051555e-17,1.703260673019406e-20,-8.55485456115269e-19,-1599.3044390208697,3.3240285830432375,-48.82219152655233,-1061198.749803437,261.3220248519866,126614.03175302048,0.051236829434163064,4711.786281552582
196.94144936746983,2001.0,12.0,14.0,14.0,24.0,44.0,1.0,3511428.221915302,-6236.204284178953,99163.55450031313,-73.13000946701969,-296.17062937339404,4708.316510531639,3512833.6793034007,4718.189208089573,3510999.034485732,-55252.40037671285,99163.55450031313,3512833.679303401,-81.17361596781522,-543.988831618309,4708.316510531639,4740.33304401701,20178814.212957438,0.8259462297153357,1.633617270183625,4.4203987640712997e-07,1.6879668129275137e-05,0.02827162245024393,0.02823268574671549,-0.015735646577873273,116633.67930340162,0.012788261334076016,0.012728519436574796,7308.753012694418,-16540167304.469965,-1040437960.1624932,-206201922.78843787,-16538944186.82083,-1914429299.7123835,16572858703.580915,16650652647.609144,-0.9994777308050542,0.015728726555499627,-0.028228935256615215,0.01573499720050143,0.9998761972679919,0.0,-0.028225440437308767,0.0004441822172359765,0.9996014841997174,4708.4897029066615,-545.1987509347808,-0.11527721708673631,1.5376677026152135e-08,135.95964367044624,0.0,-27.878931011338736,-8.640356329553754,0.0,2.931725851634825e-17,2.2787871660099888,1.5707963267948966,20.914615271943862,461.0,0.0819889274077566,7.509378148489141,0.0,0.17237748782035742,-1599.3361396297514,2.84037897273637,-45.16562675457152,0.07425211313035691,0.5218538365061792,-4.288656104482882,0.06696020519684635,0.5228394915273115,-4.288656104482882,-5.557656828317204e-17,7.931195127855466e-19,-8.657222879500912e-19,-5.558222452902218e-17,1.72366183169129e-20,-8.657222879500912e-19,-1599.2691794245545,3.3632184642636815,-49.4542828590544,-1061212.0104782656,261.4755630569525,126651.13178776154,0.05132921425142254,4711.757362060834
197.2414493674698,2001.0,12.0,14.0,14.0,24.0,45.0,1.0,3511406.1268027467,-6325.055143419503,100576.04460548569,-74.1707370246586,-296.16842798185934,4708.284122081952,3512851.908979215,4718.172994943387,3510974.5236345828,-55415.59400879633,100576.04460548569,3512851.908979215,-82.23205422961782,-543.9687002615947,4708.284122081952,4740.316807119133,20178562.69108853,0.8259440602148473,1.6336172353989968,4.4103409609046164e-07,1.6838615444486478e-05,0.02867456702719147,0.02863479392392971,-0.01578222587837239,116651.9089792152,0.012970506261569236,0.012909912748302345,7292.3203852288425,-16540157512.36207,-1040436766.5827479,-206202141.1258573,-16538936177.417149,-1914417186.4047735,16572848855.85631,16650643301.905323,-0.9994655666127473,0.015775101098668094,-0.028630880894353342,0.015781570717269475,0.9998754632581479,0.0,-0.028627315297730403,0.00045184027153195676,0.9995900523010487,4708.462267818875,-545.1987071510456,-0.11527787366876167,1.533819215499015e-08,135.97989886579467,0.0,-27.939696597383975,-8.620101134205342,0.0,2.9317646389499826e-17,2.278793500459266,1.5707963267948966,20.91298588910222,461.0,0.08178289902055463,7.533943994720339,0.0,0.17194687741052597,-1599.3011774462188,2.8808026679311314,-45.808254799309495,0.0750295353602624,0.5205874349586436,-4.277933518559356,0.06774413831018579,0.5215855062574182,-4.277933518559356,-5.5438250448970547e-17,7.925698600306827e-19,-8.758678099268423e-19,-5.5443912882416846e-17,1.7438829764252187e-20,-8.758678099268423e-19,-1599.2334333079086,3.4023881741885496,-50.08618831786885,-1061225.2382800803,261.62910126191844,126688.29842938721,0.05142160075291503,4711.728392158275
197.5414493674698,2001.0,12.0,14.0,14.0,24.0,45.0,1.0,3511383.719475429,-6413.90533841974,101988.52493244664,-75.21144116191803,-296.1662011068419,4708.251322474514,3512870.396527131,4718.156599260215,3510949.6952556893,-55578.78158766487,101988.52493244664,3512870.396527131,-83.2904675396368,-543.9484768553637,4708.251322474514,4740.300387426862,20178311.809357,0.8259418961832907,1.6336172006948733,4.3977363596480566e-07,1.6797065855197284e-05,0.029077507629474055,0.029036897642134362,-0.01582880546838795,116670.39652713109,0.01315274880437871,0.013091303676849627,7275.693892069161,-16540147744.877817,-1040435575.8894292,-206202369.11791566,-16538928217.754393,-1914404921.7538552,16572839032.888,16650633988.33503,-0.9994532387891849,0.015821472275951536,-0.029032817445606252,0.015828144489277513,0.9998747270743603,0.0,-0.029029180419625277,0.00045953562945987264,0.9995784589071386,4708.43449137031,-545.1986683930676,-0.11527853959543934,1.5299107813955055e-08,136.00049565891385,0.0,-28.001486976741578,-8.6,0.0,2.9318040684714265e-17,2.2787999397887884,1.5707963267948966,20.9113297966166,461.0,0.08157366925978,7.558447596752588,0.0,0.17150952733483332,-1599.2657216982736,2.9212241581745,-46.45084814467341,0.07579917175362058,0.5193013341802938,-4.267043174306254,0.06852061553503573,0.5203117482497083,-4.267043174306254,-5.529776630885599e-17,7.9198208974155e-19,-8.859173380174354e-19,-5.530343464234384e-17,1.7639141801098387e-20,-8.859173380174354e-19,-1599.1972010827385,3.4415359064242086,-50.71789131897966,-1061238.4327449054,261.78263946688435,126725.53167789752,0.0515139889415912,4711.699371849086
197.84144936746978,2001.0,12.0,14.0,14.0,24.0,45.0,1.0,3511360.9999404233,-6502.754861539363,103400.99535789213,-76.25212156676169,-296.1639487909141,4708.218112098985,3512889.1419406333,4718.14002141774,3510924.5493565868,-55741.96308570934,103400.99535789213,3512889.1419406338,-84.34885558148747,-543.9281614486343,4708.218112098985,4740.283785318315,20178061.600799862,0.8259397379060648,1.6336171660750727,4.3876266075180697e-07,1.6755068674312088e-05,0.029480444190133917,0.029438996842719303,-0.015875385352466076,116689.14194063377,0.01333498893524057,0.013272692194862904,7258.876464951783,-16540138003.305658,-1040434388.2269895,-206202606.90711275,-16538920309.118074,-1914392505.9105484,16572829235.970966,16650624708.194588,-0.9994407473436632,0.015867840069361164,-0.029434744786956204,0.015874718520969392,0.9998739887165182,0.0,-0.02943103567698664,0.00046726828822950093,0.9995667040269632,4708.406373947846,-545.1986347028103,-0.11527921486648117,1.525693063357401e-08,136.0239274257922,0.0,-28.07178227737665,-8.6,0.0,2.9318487039763217e-17,2.2788072293199293,1.5707963267948966,20.909455372167375,461.0,0.08134794569926435,7.582885827851764,0.0,0.1710361209055522,-1599.229772433733,2.961643413362623,-47.09340631123629,0.0765476945352464,0.5179157666116505,-4.255256012768765,0.06927743025037317,0.5189382704151811,-4.255256012768765,-5.5145748603650526e-17,7.91221297621272e-19,-8.95714364229926e-19,-5.515142157861041e-17,1.7834158773757748e-20,-8.95714364229926e-19,-1599.1604950034825,3.480581683777804,-51.34866232400506,-1061251.5921326727,261.93617767185026,126762.83153329248,0.0516063788204019,4711.670301137425
198.14144936746976,2001.0,12.0,14.0,14.0,24.0,46.0,1.0,3511337.9682048946,-6591.603705153334,104813.45575865786,-77.29277792638256,-296.1616710698467,4708.184491282749,3512908.1452131304,4718.123261730861,3510899.0859449003,-55905.13847533779,104813.45575865786,3512908.1452131304,-85.40721803792431,-543.9077540836677,4708.184491282749,4740.267001108768,20177812.09280847,0.8259375856198948,1.6336171315428036,4.377493507137447e-07,1.6712607241520626e-05,0.029883376642984315,0.029841091467116592,-0.015921965535157255,116708.1452131304,0.013517226626798272,0.01345407827514758,7241.8708047270775,-16540128288.714214,-1040433203.715923,-206202854.63316044,-16538912452.573849,-1914379939.001896,16572819466.17929,16650615462.559158,-0.9994280922855989,0.01591420446091567,-0.029836662795035527,0.015921292816793328,0.9998732481845096,0.0,-0.02983288094385808,0.00047503824503568386,0.9995547876696181,4708.377915876028,-545.1986061154278,-0.11527989948168849,1.5214173270456616e-08,136.04768151641298,0.0,-28.143044549238972,-8.6,0.0,2.931893945419744e-17,2.2788146178083415,1.5707963267948966,20.90755585540445,461.0,0.0811191242300586,7.607256086632685,0.0,0.17055620907151767,-1599.1933297010535,3.002060403403144,-47.735928819706615,0.0772879780820432,0.5165110533016605,-4.243306923874886,0.07002633387532425,0.5175455654363031,-4.243306923874886,-5.4991638515071246e-17,7.904226303123662e-19,-9.054095298399959e-19,-5.499731583930663e-17,1.8027155328285116e-20,-9.054095298399959e-19,-1599.123303367178,3.519605968839447,-51.9792357435815,-1061264.7150001042,262.0897158768162,126800.19799557206,0.05169877039229803,4711.641180027424
198.44144936746974,2001.0,12.0,14.0,14.0,24.0,46.0,1.0,3511314.6242761044,-6680.4518616426585,106225.90601163507,-78.33340992550781,-296.15936796207683,4708.150460195033,3512927.4063379546,4718.106320355335,3510873.305028355,-56068.30772896628,106225.90601163507,3512927.4063379546,-86.46555458899635,-543.8872547854612,4708.150460195033,4740.250034954184,20177563.29848471,0.8259354394382606,1.6336170970997128,4.367336895988274e-07,1.6669697989552474e-05,0.03028630492414549,0.03024318145677653,-0.015968546021013708,116727.40633795457,0.013699461851908566,0.013635461890421415,7224.6789011769,-16540118601.615406,-1040432022.415774,-206203112.4287227,-16538904648.630722,-1914367221.0940828,16572809724.027618,16650606251.943913,-0.9994152736245294,0.015960565432638584,-0.030238571346502745,0.015967867381199242,0.9998725054782217,0.0,-0.030234716094309666,0.00048284549705788723,0.999542709844318,4708.349117321171,-545.1985826487299,-0.11528059344107129,1.5170835739602204e-08,136.07175792244323,0.0,-28.21527376732966,-8.6,0.0,2.931939792638388e-17,2.278822105227355,1.5707963267948966,20.905631267379302,461.0,0.08088720511381298,7.631557103495235,0.0,0.17006979212064594,-1599.1563935493348,3.0424750982110718,-48.37841519089103,0.07801991314396801,0.5150871826400704,-4.231195916844397,0.07076721856157386,0.5161336196607773,-4.231195916844397,-5.483543598873032e-17,7.8958592582209475e-19,-9.150014414732616e-19,-5.484111736743784e-17,1.821810375416849e-20,-9.150014414732616e-19,-1599.0856263307733,3.558608717871849,-52.60961110773543,-1061277.80065535,262.2432540817821,126837.63106473626,0.05179116366023063,4711.6120085232
198.74144936746973,2001.0,12.0,14.0,14.0,24.0,46.0,1.0,3511290.9681614074,-6769.299323393136,107638.34599375898,-79.37401724803605,-296.1570394797813,4708.116018947973,3512946.925308362,4718.089197389345,3510847.20661477,-56231.47081901763,107638.34599375898,3512946.925308362,-87.52386491383851,-543.866663572798,4708.116018947973,4740.232886952895,20177315.225754347,0.8259332994299996,1.633617062746883,4.357156609658468e-07,1.6626324096215336e-05,0.030689228970561474,0.03064526675316444,-0.016015126814589047,116746.92530836258,0.013881694583283503,0.013816843013513077,7207.302491135895,-16540108942.319519,-1040430844.3640295,-206203380.42390227,-16538896897.59605,-1914354352.2313228,16572800009.827974,16650597076.661171,-0.9994022913701129,0.01600692296655797,-0.030640470318039494,0.016014442218638434,0.9998717605975408,0.0,-0.03063654100243484,0.0004906900414601494,0.9995304705603973,4708.319978392439,-545.1985643142585,-0.11528129674471684,1.51269180561842e-08,136.0961566354532,0.0,-28.288469906359666,-8.6,0.0,2.9319862454730774e-17,2.2788296915509747,1.5707963267948966,20.903681629148046,461.0,0.08065218861215616,7.655788091228288,0.0,0.1695768703395977,-1599.1189640283178,3.082887467708265,-49.020864945690015,0.0787433904744564,0.5136441428263928,-4.2189230008968455,0.07149997646810463,0.514702419236915,-4.2189230008968455,-5.4677140967996406e-17,7.887110221165633e-19,-9.244887056596965e-19,-5.468282610375749e-17,1.840697633618378e-20,-9.244887056596965e-19,-1599.0474640518496,3.5975898869451797,-53.23978794658686,-1061290.848678777,262.396792286748,126875.1307407851,0.0518835586271508,4711.582786628839
199.0414493674697,2001.0,12.0,14.0,14.0,24.0,47.0,1.0,3511266.9998682556,-6858.146082794964,109050.77558200127,-80.41459957828893,-296.1546856427407,4708.081167673072,3512966.702117535,4718.071892950691,3510820.7907120623,-56394.627717921074,109050.77558200127,3512966.702117535,-88.58214869211793,-543.8459804720922,4708.081167673072,4740.215557223152,20177067.884291265,0.8259311656790345,1.6336170284867464,4.3495057580848155e-07,1.658252208638541e-05,0.03109214871885005,0.031047347297758553,-0.01606170792043815,116766.70211753482,0.014063924793744477,0.013998221617188318,7189.744026828557,-16540099311.20379,-1040429669.6248097,-206203658.74904245,-16538889199.84414,-1914341332.4845529,16572790323.96088,16650587937.092833,-0.9993891455321284,0.016053277044706316,-0.031042359586348482,0.01606101733356345,0.9998710135423523,0.0,-0.031038355542348413,0.0004985718753910526,0.9995180698273103,4708.290499218301,-545.1985511311535,-0.11528200939384016,1.5082420235546655e-08,136.12087764691853,0.0,-28.34175529383705,-8.6,0.0,2.932033303760623e-17,2.2788373767525494,1.5707963267948966,20.901706962112733,461.0,0.0804140749906609,7.679948108057988,0.0,0.16907726341655233,-1599.0810411883829,3.1232974818233075,-49.663277605095296,0.07945795825575964,0.5121629632751875,-4.206485938772365,0.07222442468963387,0.5132329885726817,-4.206485938772365,-5.451669663902828e-17,7.8779689240797015e-19,-9.338685715558627e-19,-5.4522385225249776e-17,1.8593681430392766e-20,-9.338685715558627e-19,-1599.0088167636932,3.6365304703959893,-53.86976354386766,-1061303.8585587442,262.5503304917139,126912.69702371859,0.051975955296009825,4711.55351434841
199.3414493674697,2001.0,12.0,14.0,14.0,24.0,47.0,1.0,3511242.719404192,-6946.9921322455,110463.19465337318,-81.45515660067555,-296.1523064733012,4708.045906500778,3512986.7367585753,4718.054407156093,3510794.0573282423,-56557.77839811495,110463.19465337318,3512986.7367585753,-89.64040560362818,-543.8252055123555,4708.045906500778,4740.198045882268,20176821.283660736,0.8259290382683563,1.6336169943222925,4.3367243441508297e-07,1.6538268419283887e-05,0.03149506410556308,0.0314494230320509,-0.016108289343117956,116786.73675857531,0.014246152456176192,0.01417959767432619,7172.006294164807,-16540089708.640669,-1040428498.2711736,-206203947.5341012,-16538881555.74449,-1914328161.9337351,16572780666.802635,16650578833.617062,-0.9993758361204756,0.016099627649121352,-0.03144423902815451,0.01610759273042888,0.999870264312541,0.0,-0.03144015958818757,0.0005064909959837697,0.9995055076546303,4708.260679926111,-545.1985431211145,-0.11528273139022382,1.5037342293205538e-08,136.14592094821913,0.0,-28.39184189643829,-8.6,0.0,2.9320809673360386e-17,2.2788451608051346,1.5707963267948966,20.899707287928734,461.0,0.08017286451777524,7.704036226417784,0.0,0.16857111735695748,-1599.0426250805563,3.1637051104928386,-50.30565269019249,0.08016378070011924,0.5106589321948664,-4.193886552519599,0.07294051384985749,0.511740616138544,-4.193886552519599,-5.4354148740629044e-17,7.868440679180944e-19,-9.431407022400724e-19,-5.435984047330626e-17,1.8778241080843565e-20,-9.431407022400724e-19,-1598.9696845667065,3.6754457266313825,-54.49953924271209,-1061316.8297892958,262.7038686966799,126950.32991353673,0.052068353669759065,4711.524191685957
199.64144936746968,2001.0,12.0,14.0,14.0,24.0,47.0,1.0,3511218.126776858,-7035.837464147278,111875.60308492513,-82.49568799968476,-296.1499019868119,4708.010235561214,3513007.029224511,4718.036740121308,3510767.0064714192,-56720.92283204483,111875.60308492513,3513007.029224511,-90.69863532814648,-543.8043387156363,4708.010235561214,4740.180353046232,20176575.433330566,0.8259269172801238,1.633616960255035,4.32390514866919e-07,1.6493579653146072e-05,0.03189797506723911,0.031851493897547274,-0.016154871087186905,116807.02922451124,0.014428377543322529,0.01436097115769536,7154.091365605593,-16540080135.000391,-1040427330.3515426,-206204246.90973416,-16538873965.664362,-1914314840.6342835,16572771038.725786,16650569766.606987,-0.9993623631451752,0.01614597476184551,-0.03184610852020454,0.016154168413690793,0.9998695129079904,0.0,-0.03184195301411191,0.0005144474003560574,0.9994927840520508,4708.230520642838,-545.1985402988379,-0.11528346273419587,1.4991684244849708e-08,136.17128653063904,0.0,-28.442573061278104,-8.6,0.0,2.9321292360325486e-17,2.278853043681494,1.5707963267948966,20.897682628502526,461.0,0.07992855746480734,7.7280515171248325,0.0,0.16805846584768,-1599.0037157565034,3.2041103236607,-50.94798972216165,0.08086081163461153,0.50913554287986,-4.181125267052482,0.07364814981285933,0.5102287936905565,-4.181125267052482,-5.418950770741267e-17,7.858525460049493e-19,-9.523039512936212e-19,-5.4195202281105673e-17,1.896063920547226e-20,-9.523039512936212e-19,-1598.9300676066905,3.7143391173512565,-55.12911498921413,-1061329.7618695628,262.8574069016458,126988.02941023948,0.052160753751349896,4711.494818645505
199.94144936746966,2001.0,12.0,14.0,14.0,24.0,47.0,1.0,3511193.2219939865,-7124.682070907294,113288.00075374634,-83.53619345990336,-296.14747219720954,4707.974154984616,3513027.5795082944,4718.0188919619295,3510739.6381497965,-56884.06099216271,113288.00075374634,3513027.5795082944,-91.75683754553009,-543.7833801026025,4707.974154984616,4740.162478830792,20176330.342742004,0.8259248027962712,1.633616926286188,4.313622363248539e-07,1.6448465741030183e-05,0.03230088154035236,0.032253559835767075,-0.01620145315720471,116827.57950829482,0.014610600028106819,0.014542342040212866,7136.001183737069,-16540070590.6525,-1040426165.9093103,-206204557.00673223,-16538866429.970303,-1914301368.6366718,16572761440.10187,16650560736.43447,-0.9993487266163683,0.016192318364925722,-0.0322479679392676,0.01620074438780652,0.9998687593285835,0.0,-0.03224373569430343,0.000522441085610254,0.9994798990293842,4708.2000214955,-545.1985426776013,-0.11528420342578982,1.4945446106336658e-08,136.19697438536852,0.0,-28.49394877073705,-8.6,0.0,2.9321781096814997e-17,2.278861025354085,1.5707963267948966,20.89563300599558,461.0,0.079681154105955,7.751993051265126,0.0,0.16753930923739402,-1598.9643132685296,3.2445130912776623,-51.59028822227799,0.08154894189850184,0.5075927881363559,-4.168202092637036,0.07434722477259562,0.5086975119473437,-4.168202092637036,-5.402277349469167e-17,7.84822164734624e-19,-9.613569248967357e-19,-5.4028470601313106e-17,1.9140848069902597e-20,-9.613569248967357e-19,-1598.889966043757,3.753210603225006,-55.75849031491503,-1061342.6543000285,263.0109451066117,127025.79551382686,0.05225315554373397,4711.465395231049
200.127734039064,2001.0,12.0,14.0,14.0,24.0,48.0,1.0,3511177.6003033635,-7179.849663943812,114165.02206955613,-84.18228099195731,-296.1459506811209,4707.9515445938705,3513040.4699316267,4718.00771796546,3510722.4840557333,-56985.35828461417,114165.02206955613,3513040.469931627,-92.413913068022,-543.7703196632378,4707.9515445938705,4740.151288526456,20176178.531634133,0.825923493042699,1.6336169052419085,4.305894159317017e-07,1.6420234493752522e-05,0.032551063588560254,0.03250321973454434,-0.01623037840863284,116840.46993162716,0.014723749558937732,0.01465496277031499,7124.680003799498,-16540064678.658932,-1040425444.5739865,-206204755.01016128,-16538861777.875563,-1914292927.3505669,16572755494.485174,16650555147.512842,-0.9993401767227752,0.01622109360036016,-0.03249749698208802,0.01622966583628386,0.9998682902996987,0.0,-0.03249321674649997,0.0005274235165349318,0.9994718168562329,4708.180911999871,-545.1985467651197,-0.11528466806143492,1.491906013674569e-08,136.2116332573635,0.0,-28.53489977209052,-8.6,0.0,2.932206102040812e-17,2.278865596853285,1.5707963267948966,20.894459272350343,461.0,0.07953992507667176,7.766822859846281,0.0,0.16724308260295773,-1598.9395981687433,3.269599901635972,-51.98910317069982,0.08198622040496936,0.5067217084645192,-4.160826127533048,0.07479009859261254,0.5078337043934764,-4.160826127533048,-5.392762253624414e-17,7.842999739751594e-19,-9.670916306221384e-19,-5.393332205700752e-17,1.9255023002581753e-20,-9.670916306221384e-19,-1598.8648080701507,3.777433606029448,-56.14992929823287,-1061350.6401336156,263.1644833115776,127063.62822429888,0.05234555904986301,4711.4359214465685
200.29771878249755,2001.0,12.0,14.0,14.0,24.0,48.0,1.0,3511163.240492902,-7230.189838776358,114965.30024153259,-84.77182689520347,-296.1445537525403,4707.9307745636015,3513052.3191796257,4717.997460516005,3510706.7241412634,-57077.7899277695,114965.30024153259,3513052.3191796257,-93.01348498062232,-543.7583710939709,4707.9307745636015,4740.141016109757,20176040.237584613,0.8259222998911668,1.6336168860683749,4.3007343082612525e-07,1.63943249948732e-05,0.032779353142121465,0.03273103267687863,-0.016256772809671673,116852.31917962525,0.014826997603814552,0.01475772828509275,7114.28914321959,-16540059292.964025,-1040424787.409526,-206204939.35335734,-16538857550.279331,-1914285173.8638778,16572750078.157589,16650550059.151812,-0.9993323199243129,0.016247349809210474,-0.03272518875220722,0.016256056755267662,0.9998678615791036,0.0,-0.032720864497441965,0.0005319825256827276,0.9994643875702287,4708.163360009113,-545.1985522123156,-0.11528509518537916,1.489536164074949e-08,136.2247990884725,0.0,-28.57439726541752,-8.6,0.0,2.932231265604648e-17,2.278869706375125,1.5707963267948966,20.893404267539683,461.0,0.07941307108620536,7.7803323909033315,0.0,0.1669770363085261,-1598.916879748148,3.2924907744762626,-52.3530085475876,0.08238556354696135,0.5059414964241921,-4.154201167350645,0.07519435938109338,0.5070601416027177,-4.154201167350645,-5.3842161939355096e-17,7.838407000661862e-19,-9.723263642013004e-19,-5.384786378089919e-17,1.9359249581750205e-20,-9.723263642013004e-19,-1598.8416853887668,3.79955091607898,-56.50720971493824,-1061357.9150238466,263.3180215165435,127101.52754165555,0.05243796427268879,4711.406397296018
200.5488189980152,2001.0,12.0,14.0,14.0,24.0,48.0,1.0,3511141.8449322893,-7304.551539469251,116147.45879736847,-85.64268410692162,-296.1424752931151,4707.899852153651,3513069.974238031,4717.982201420661,3510683.257239182,-57214.32555050739,116147.45879736847,3513069.9742380306,-93.89915161102023,-543.7406667668204,4707.899852153651,4740.125734754055,20175836.353394598,0.8259205408224142,1.6336168577957246,4.2929829033875595e-07,1.635580803986427e-05,0.033116578084183626,0.03306755331080342,-0.016295762622746287,116869.97423803061,0.01497951329299324,0.01490953118519725,7098.834541790187,-16540051352.770828,-1040423818.4635206,-206205218.1105517,-16538851335.557493,-1914273631.7275348,16572742092.797216,16650542562.594625,-0.9993206178594931,0.016286133202603494,-0.03306152728214881,0.016295041403923797,0.9998672269984873,0.0,-0.03305713760393696,0.0005387389559395711,0.9994533182764325,4708.137232244675,-545.1985632497441,-0.11528573161859869,1.4860051523938756e-08,136.24441582003402,0.0,-28.633247460102073,-8.6,0.0,2.9322687542707387e-17,2.2788758287389146,1.5707963267948966,20.89183272554067,461.0,0.07922406629131752,7.800249483487294,0.0,0.16658063856838987,-1598.8830306439468,3.326303527092831,-52.89054362516382,0.08297069445982914,0.5047789452152821,-4.144330290264179,0.07578693175710245,0.5059073637007505,-4.144330290264179,-5.3714827372092473e-17,7.831417850768093e-19,-9.799998458540742e-19,-5.372053248013859e-17,1.951203739750417e-20,-9.799998458540742e-19,-1598.8072437121896,3.8322108907935815,-57.034873915428,-1061368.6404329427,263.47155972150944,127139.49346589681,0.05253037121516333,4711.376822783329
200.8488189980152,2001.0,12.0,14.0,14.0,24.0,48.0,1.0,3511115.996062624,-7393.39390671098,117559.82316511025,-86.6831091526268,-296.13996875501994,4707.862531102292,3513091.304265077,4717.963803831423,3510654.9287754293,-57377.444567360195,117559.82316511025,3513091.3042650777,-94.95726863725427,-543.7194302736966,4707.862531102292,4740.107310333921,20175593.410857324,0.8259184447216031,1.6336168240984756,4.280032699210996e-07,1.630938049053928e-05,0.03351947063360885,0.033469603990129264,-0.01634234570635083,116891.30426507816,0.015161727741251439,0.015090894035777739,7080.20787679404,-16540041891.200516,-1040422663.7402599,-206205561.33466357,-16538843958.520668,-1914259703.1788232,16572732577.397804,16650533637.965939,-0.9993064867153635,0.016332466081283158,-0.033463355484779585,0.016341618284855676,0.9998664668403636,0.0,-0.033458887017189666,0.0005468453818626996,0.9994399450890981,4708.105703635218,-545.198581137659,-0.11528650057519835,1.4817391469843677e-08,136.26811585008684,0.0,-28.70434755026054,-8.6,0.0,2.9323140394815025e-17,2.278883224375076,1.5707963267948966,20.889934673837264,461.0,0.07899572608390609,7.8239825181221185,0.0,0.16610173545362647,-1598.842136874336,3.366698715113782,-53.53272267012894,0.08366223590055553,0.5033743093769811,-4.132404963898733,0.07648764174491454,0.5045143265725311,-4.132404963898733,-5.356098664292638e-17,7.822746345623519e-19,-9.890741544882186e-19,-5.35666953989532e-17,1.9692724150239285e-20,-9.890741544882186e-19,-1598.765649232591,3.871213041686313,-57.66512763402767,-1061381.4208050128,263.62509792647535,127177.52599702273,0.052622779880238654,4711.347197912411
201.14881899801517,2001.0,12.0,14.0,14.0,24.0,49.0,1.0,3511089.8350695213,-7482.235518184793,118972.17627502135,-87.7235069725337,-296.13743684228865,4707.824799967112,3513112.892080823,4717.945224603658,3510626.2828808827,-57540.55719948559,118972.17627502135,3513112.8920808234,-96.01535684849466,-543.6981019204346,4707.824799967112,4740.0887040189455,20175351.178143315,0.8259163546963441,1.6336167904904522,4.269644255010638e-07,1.6262533672834346e-05,0.03392235845555483,0.033871649506722105,-0.01638892913423612,116912.89208082296,0.01534393947770916,0.015272254176081175,7061.405928619206,-16540032456.98773,-1040421512.2201517,-206205915.76559198,-16538836633.923067,-1914245623.6870966,16572723089.503061,16650524748.220327,-0.9992921920597697,0.0163787953780797,-0.03386517311846302,0.016388195474561024,0.999865704506904,0.0,-0.0338606251783403,0.0005549890768452214,0.9994264105223839,4708.073834701335,-545.1986041523347,-0.11528727887640697,1.477421583835409e-08,136.29210231202552,0.0,-28.77630693607652,-8.6,0.0,2.932359864487905e-17,2.2788907081665553,1.5707963267948966,20.888014359436045,461.0,0.07876463356376781,7.847646641046772,0.0,0.16561705140331243,-1598.800750157819,3.407091336668821,-54.17486125718743,0.08434547750707563,0.5019525851302366,-4.120335744629238,0.0771803556577524,0.5031041144687318,-4.120335744629238,-5.340528550306157e-17,7.813723699984176e-19,-9.980454703109213e-19,-5.3410997627575375e-17,1.987136768858662e-20,-9.980454703109213e-19,-1598.7235698021614,3.910195451137553,-58.29519700181667,-1061394.1641421616,263.77863613144126,127215.6251350333,0.052715190270867074,4711.317522687146
201.38298228402886,2001.0,12.0,14.0,14.0,24.0,49.0,1.0,3511069.198367519,-7551.5798003609525,120074.57252353005,-88.53556442638093,-296.1354429599684,4707.795064360606,3513129.921458829,4717.93059664547,3510603.7029154976,-57667.869378107804,120074.57252353005,3513129.9214588297,-96.84122132901734,-543.6813903876991,4707.795064360606,4740.074054740125,20175162.612827066,0.8259147276888612,1.6336167643218145,4.2592304730285883e-07,1.6225674559341366e-05,0.03423682691547632,0.03418546021245659,-0.016425289804900767,116929.9214588292,0.015486161905608463,0.01541381189651093,7046.610219873488,-16540025112.754782,-1040420615.7016021,-206206200.29064667,-16538830953.765387,-1914234529.2033212,16572715703.474352,16650517834.201454,-0.9992809208313358,0.016414954945406963,-0.03417880215305815,0.01642455125131006,0.9998651079601654,0.0,-0.03417419170471662,0.0005613714876712901,0.9994157340583457,4708.048723275888,-545.1986256988876,-0.11528789286858018,1.4737676717634305e-08,136.3124018235365,0.0,-28.83720547060949,-8.6,0.0,2.932398527832467e-17,2.2788970223698977,1.5707963267948966,20.886394440289553,461.0,0.07856912086847974,7.866068199949878,0.0,0.16520694757637094,-1598.7681034811978,3.4386177638775903,-54.676050440423474,0.08485874970843424,0.5007504676956758,-4.110124639764514,0.0777023840552777,0.5019107269342257,-4.110124639764514,-5.327355184367418e-17,7.805130995516778e-19,-1.0048076553160578e-18,-5.3279265446304507e-17,2.000603496688616e-20,-1.0048076553160578e-18,-1598.6904010971425,3.940528490811816,-58.78617508018799,-1061404.084365856,263.9321743364072,127253.79087992848,0.052807602390000846,4711.287797111403
201.61714557004254,2001.0,12.0,14.0,14.0,24.0,49.0,1.0,3511048.3715132507,-7620.923614024438,121176.96178283604,-89.34760496871606,-296.1334336959466,4707.765079586874,3513147.1078862464,4717.915858686312,3510580.9295648593,-57795.17763713932,121176.96178283604,3513147.1078862464,-97.667067925589,-543.6646229742348,4707.765079586874,4740.059295305124,20174974.538283594,0.8259131048865581,1.6336167382149898,4.251403396632437e-07,1.6188587505231606e-05,0.034551292415155525,0.03449926771021864,-0.01646165069031481,116947.1078862464,0.015628382651064834,0.015555367935470178,7031.7132904827595,-16540017787.463125,-1040419721.4013432,-206206491.8078159,-16538825307.826532,-1914223343.032476,16572708336.488846,16650510943.724144,-0.9992695499953227,0.0164511123110677,-0.03449242461575841,0.016460907221064525,0.9998645100879716,0.0,-0.03448775124018157,0.0005677766014295614,0.999404959285337,4708.023405180477,-545.1986504459716,-0.1152885125541639,1.469900725594557e-08,136.33388485780802,0.0,-28.90165457342405,-8.6,0.0,2.932439364566496e-17,2.278903691514676,1.5707963267948966,20.884683741606022,461.0,0.0783622499249953,7.884442056543948,0.0,0.16477298792466807,-1598.7351565375216,3.4701425949812985,-55.177214457209736,0.0853561318765053,0.499478925952647,-4.099320219941886,0.07820955579496251,0.5006477125705099,-4.099320219941886,-5.3134160405208527e-17,7.795362112790845e-19,-1.0113785385622468e-18,-5.3139874606327695e-17,2.0136903783385902e-20,-1.0113785385622468e-18,-1598.6569469817266,3.9707903075518085,-59.27653467715162,-1061413.9789552279,264.0857125413731,127292.0232317083,0.05290001624059254,4711.258021189019
201.91714557004252,2001.0,12.0,14.0,14.0,24.0,49.0,1.0,3511021.4111824525,-7709.763254910099,122589.28549426368,-90.3879316405679,-296.1308370580055,4707.726300473732,3513169.3558877944,4717.896816486667,3510551.470742194,-57958.273791473126,122589.28549426368,3513169.355887795,-98.7250808999518,-543.6430596518098,4707.726300473732,4740.040225365011,20174734.318146512,0.8259110321030365,1.633616704860399,4.238326148190498e-07,1.6140695412042544e-05,0.03495416781343543,0.03490129973636098,-0.016508235020620193,116969.35588779487,0.015810587320005724,0.015736721012178177,7012.482192873955,-16540008430.90715,-1040418578.9760891,-206206875.61154473,-16538818125.107656,-1914208877.888332,16572698926.668747,16650502150.960058,-0.9992548366217492,0.016497432352453954,-0.03489421461815204,0.01650748522178534,0.9998637421827299,0.0,-0.03488946000863282,0.0005760157321349508,0.99939101145957,4707.990666912146,-545.1986868491032,-0.11528931478850452,1.4648949252461531e-08,136.3616948597436,0.0,-28.985084579230783,-8.6,0.0,2.9324922203963e-17,2.2789123235267534,1.5707963267948966,20.88246997782569,461.0,0.07809446083154137,7.907910626495907,0.0,0.16421122920492096,-1598.6925075949853,3.5105285065193805,-55.819247244379056,0.08598479075363726,0.4978326987486282,-4.0853340093909285,0.07885106473792232,0.4990123142508461,-4.0853340093909285,-5.295371460329462e-17,7.782491178721916e-19,-1.0196904834628505e-18,-5.295942928116696e-17,2.0302456072377792e-20,-1.0196904834628505e-18,-1598.6136565302475,4.009540820770226,-59.90458125376998,-1061426.6171891447,264.239250746339,127330.32219037275,0.052992431825594724,4711.228194923814
202.2171455700425,2001.0,12.0,14.0,14.0,24.0,50.0,1.0,3510994.138757481,-7798.602113392414,124001.59751665255,-91.42822999891975,-296.12821520969646,4707.687112716779,3513191.8616510243,4717.877594037774,3510521.694519699,-58121.36346342295,124001.59751665255,3513191.861651024,-99.78306395646447,-543.6214046576972,4707.687112716779,4740.020974921334,20174494.928866673,0.8259089664411375,1.6336166716106102,4.2278352257940807e-07,1.609241242786004e-05,0.03535703823678777,0.03530332639342666,-0.01655481971155973,116991.86165102385,0.01599278917904545,0.015918071280519235,6993.089334145188,-16539999106.430723,-1040417440.3096515,-206207271.128483,-16538810999.538765,-1914194262.3838258,16572689549.10091,16650493397.832806,-0.999239959775476,0.01654374874821349,-0.03529599361487136,0.016554063547268003,0.999862972101714,0.0,-0.035291157079048396,0.0005842921212645462,0.9993769022919926,4707.957589747053,-545.1987285408301,-0.11529012636799793,1.459831128519633e-08,136.38982706377982,0.0,-29.069481191339452,-8.6,0.0,2.9325456798609426e-17,2.278921054119881,1.5707963267948966,20.880231424089462,461.0,0.07782357759789055,7.931298410781012,0.0,0.1636429692447402,-1598.649365906295,3.5509117448832748,-56.46123787364636,0.08660372680723609,0.49616715874190315,-4.07118600507621,0.07948319825678962,0.497357493263937,-4.07118600507621,-5.2771175624238204e-17,7.769219471522952e-19,-1.0278816336953602e-18,-5.2776890450602683e-17,2.0465611204330854e-20,-1.0278816336953602e-18,-1598.5698827080382,4.048269238147212,-60.53242387872257,-1061439.212010201,264.3927889513049,127368.68775592183,0.053084849147960224,4711.1983183195825
202.4097885534133,2001.0,12.0,14.0,14.0,24.0,50.0,1.0,3510976.4614070053,-7855.648972956959,124908.49796503165,-92.09623551432422,-296.1265183222131,4707.661733169697,3513206.4494758523,4717.865155491397,3510502.406575318,-58226.08696918968,124908.49796503165,3513206.4494758523,-100.46242473383197,-543.6074507255238,4707.661733169697,4740.008518264289,20174341.6492335,0.8259076437843033,1.6336166503153422,4.2199499185402397e-07,1.6061226114853737e-05,0.03561573612013974,0.03556148224996786,-0.016584733949907997,117006.4494758523,0.01610978738485597,0.016034522643908818,6980.552038751543,-16539993135.87164,-1040416711.1256317,-206207531.34433988,-16538806454.210182,-1914184797.8839126,16572683544.541576,16650487798.147457,-0.9992303205235953,0.016573488579891636,-0.03555398743608341,0.0165839736791198,0.999862476452142,0.0,-0.035549097925590696,0.0005896263918277633,0.9993677571231697,4707.936170847337,-545.1987581077844,-0.11529065244554967,1.456781765672342e-08,136.40716608428033,0.0,-29.121498252841022,-8.6,0.0,2.932578689123298e-17,2.278926444941525,1.5707963267948966,20.87884944617557,461.0,0.07766041561110396,7.946273686479269,0.0,0.16330072196321077,-1598.621402989415,3.576842146503077,-56.8734653897788,0.08700985107915456,0.4951642020758272,-4.062664406499432,0.07989687852149181,0.4963615516986879,-4.062664406499432,-5.2661238358305065e-17,7.761720513591137e-19,-1.0332416051888774e-18,-5.266695401540755e-17,2.0572371723544308e-20,-1.0332416051888774e-18,-1598.5415061108934,4.073203698201764,-60.93612979627823,-1061447.276561493,264.5463271562708,127407.11992835558,0.053177268210641955,4711.168391380094
202.5030082630746,2001.0,12.0,14.0,14.0,24.0,50.0,1.0,3510967.8611563486,-7883.253762589368,125347.34425003592,-92.41947831593856,-296.12569344502333,4707.649391347536,3513213.54666539,4717.859109611616,3510493.0261748293,-58276.76158262782,125347.34425003592,3513213.54666539,-100.79116209418903,-543.6006848414945,4707.649391347536,4740.002463582827,20174267.582501728,0.8259070046521768,1.6336166400237728,4.2173182064548166e-07,1.6046059967912314e-05,0.03574091897065176,0.03568640275237575,-0.016599209468540047,117013.54666538956,0.016166402255079204,0.016090872897980293,6974.460241936147,-16539990250.777323,-1040416358.7482848,-206207659.0167812,-16538804262.494087,-1914180195.682927,16572680643.016342,16650485093.632393,-0.9992256319024094,0.016587879105140625,-0.03567882868065646,0.016598447205289156,0.9998622362857661,0.0,-0.03567391343269789,0.0005922131542024328,0.9993633079035753,4707.925755902459,-545.1987731748708,-0.11529090839723877,1.4554411854264176e-08,136.41505185043283,0.0,-29.145155551298515,-8.6,0.0,2.932593742107029e-17,2.278928903280328,1.5707963267948966,20.878219295036278,461.0,0.07758865788905489,7.953509996647555,0.0,0.16315022843415433,-1598.6077988320142,3.5893894343130213,-57.072935442648124,0.0872135477065516,0.494723337979312,-4.058916835515425,0.08010360228623821,0.49592418467516153,-4.058916835515425,-5.261289817107136e-17,7.758795184884236e-19,-1.035919672602102e-18,-5.261861474389817e-17,2.0625711041718305e-20,-1.035919672602102e-18,-1598.527695229728,4.085313618988183,-61.13185227816355,-1061451.1735025067,264.69986536123673,127445.61870767393,0.053269689016592965,4711.138414109103
202.66938760813835,2001.0,12.0,14.0,14.0,24.0,50.0,1.0,3510952.4364701994,-7932.5228386477165,126130.5980336422,-92.9963979098425,-296.1242151163205,4707.627265241413,3513226.27563824,4717.848275352526,3510476.2077976223,-58367.20450252462,126130.5980336422,3513226.27563824,-101.3778880362914,-543.5885870081881,4707.627265241413,4739.991613552982,20174135.562327873,0.8259058654204753,1.633616621677243,4.2120498493619784e-07,1.6018921551936624e-05,0.03596434518817121,0.03590936062960433,-0.0166250455882878,117026.27563824039,0.016267448278672055,0.016191446632704824,6963.547496214509,-16539985108.176222,-1040415730.6108028,-206207889.74840093,-16538800363.454771,-1914171945.4456205,16572675471.125418,16650480275.13733,-0.9992172243901033,0.016613562555665783,-0.035901643713719615,0.016624279760214442,0.99986180711259,0.0,-0.03589668236191205,0.000596838968948419,0.9993553281884543,4707.907085637806,-545.1988013040013,-0.11529136746430128,1.4530368238879262e-08,136.42919515360043,0.0,-29.187585460801305,-8.6,0.0,2.9326207381369586e-17,2.2789333120665916,1.5707963267948966,20.877089279834898,461.0,0.07745996056127046,7.966408447180178,0.0,0.16288031648696202,-1598.583399805465,3.6117832861298567,-57.4289409704533,0.08757510316771698,0.493932602476313,-4.05219553757084,0.08047063088813908,0.4951396692331615,-4.05219553757084,-5.252619859351597e-17,7.7534926447774845e-19,-1.0406746026208618e-18,-5.25319167347976e-17,2.0720417381790482e-20,-1.0406746026208618e-18,-1598.5029291745768,4.106922955363018,-61.481136508024136,-1061458.11967217,264.85340356620264,127484.18409387692,0.053362111568766496,4711.108386510332
202.92484738982625,2001.0,12.0,14.0,14.0,24.0,50.0,1.0,3510928.5664884364,-8008.1703746798075,127333.20310533761,-93.88218603502516,-296.1219301039169,4707.593047345873,3513245.974080147,4717.831531727515,3510450.194759125,-58506.06714625043,127333.20310533761,3513245.974080147,-102.27873191422735,-543.5699569707527,4707.593047345873,4739.974845560087,20173933.288122635,0.825904119922983,1.6336165935619147,4.201493316850599e-07,1.5976998348522488e-05,0.03630739199784735,0.03625168810181491,-0.016664714734790125,117045.97408014722,0.01642259318707224,0.016345866387063316,6946.692062780261,-16539977228.791348,-1040414768.1064497,-206208251.19232285,-16538794408.446213,-1914159187.670195,16572667546.857946,16650472897.892532,-0.9992042175977289,0.016652994859424477,-0.03624374838675408,0.016663943411632146,0.999861146854889,0.0,-0.03623871582829997,0.0006039637721423039,0.999342979513479,4707.878215611046,-545.1988475734717,-0.11529207791284325,1.4493160070833037e-08,136.4510823112747,0.0,-29.253246933824055,-8.6,0.0,2.9326625106374655e-17,2.278940134033633,1.5707963267948966,20.875340991233685,461.0,0.07726080236570344,7.986170994706997,0.0,0.1624626243553615,-1598.5456424952035,3.646165284874289,-57.97552787369265,0.0881252060186909,0.4927088250380145,-4.041794283780966,0.08102931298660092,0.4939253877288522,-4.041794283780966,-5.2392027697040535e-17,7.745147567604354e-19,-1.0479128034192022e-18,-5.239774808123742e-17,2.0864589193163053e-20,-1.0479128034192022e-18,-1598.464613182217,4.140090672603141,-62.017322157473615,-1061468.7623958513,265.00694177116856,127522.81608696454,0.053454535870115914,4711.078308587487
203.22484738982624,2001.0,12.0,14.0,14.0,24.0,51.0,1.0,3510900.245802107,-8097.0065480190715,128745.47494054162,-94.92238684564299,-296.1192232332371,4707.552484168809,3513269.345610439,4717.811700894458,3510419.3524571047,-58669.13484086512,128745.47494054162,3513269.345610439,-103.33661199300543,-543.547993763975,4707.552484168809,4739.954985873491,20173696.41987339,0.8259020758578917,1.6336165606291495,4.1856085971558815e-07,1.5927368776759792e-05,0.036710245326929875,0.0366536962893854,-0.016711300670069054,117069.34561043838,0.01660478541606467,0.016527207030539455,6926.744729079306,-16539968001.571524,-1040413640.8241438,-206208686.8540279,-16538787464.323492,-1914144065.9213073,16572658267.069614,16650464267.331999,-0.9991887917284524,0.016699298877886407,-0.03664548950720196,0.016710522860208136,0.999860369464526,0.0,-0.03664037267787936,0.0006123652901336157,0.9993283284780721,4707.843997277002,-545.1989066835555,-0.11529292088120816,1.4449013846949713e-08,136.47705067826487,0.0,-29.331152034794624,-8.6,0.0,2.932712065108953e-17,2.278948226892982,1.5707963267948966,20.873267398195104,461.0,0.07702451502375975,8.00931382357382,0.0,0.16196705335535724,-1598.500846095724,3.686539323732368,-58.61737338436804,0.08876337267168027,0.4912567053800097,-4.02945377392167,0.08167782737439824,0.49248433419172966,-4.02945377392167,-5.223283709575204e-17,7.735031768221508e-19,-1.0563154217402187e-18,-5.223855985660889e-17,2.103196173638053e-20,-1.0563154217402187e-18,-1598.4191682683495,4.179023657924097,-62.64682715828971,-1061481.225567801,265.16047997613447,127561.5146869368,0.05354696192359476,4711.048180344249
203.45960197460977,2001.0,12.0,14.0,14.0,24.0,51.0,1.0,3510877.866796753,-8166.5216428919575,129850.59071451303,-95.73633916598119,-296.1170873989909,4707.520457190788,3513287.8139355406,4717.79605652431,3510394.996550102,-58796.733200700226,129850.59071451303,3513287.8139355406,-104.16439747603692,-543.5307432222944,4707.520457190788,4739.939318746506,20173511.577732425,0.8259004807221725,1.6336165349229956,4.177643587850418e-07,1.5888278834369227e-05,0.037025480573751324,0.03696826992045414,-0.016747755141512253,117087.81393554062,0.0167473515791027,0.01666910681598004,6911.021414838731,-16539960800.837616,-1040412761.0152471,-206209036.27937192,-16538782067.623474,-1914132127.7661107,16572651025.306002,16650457538.7445,-0.9991766067744393,0.016735529883854537,-0.036959850029780514,0.01674697223038235,0.9998597596268762,0.0,-0.036954666766621735,0.0006189655820878306,0.9993167513285145,4707.816983867233,-545.1989565399864,-0.11529358703399992,1.4414918645033604e-08,136.49726741942578,0.0,-29.39453483885155,-8.6,0.0,2.932750663030403e-17,2.2789545304119194,1.5707963267948966,20.871652573151177,461.0,0.0768420126611529,8.027373794626392,0.0,0.16158431907618553,-1598.4654487521148,3.718130672132791,-59.119596474763156,0.089261694218093,0.49013751668409833,-4.019922571157277,0.08218404220997583,0.4913738073218474,-4.019922571157277,-5.210989121771428e-17,7.727299772853605e-19,-1.062874507617607e-18,-5.211561595609563e-17,2.1162621816643988e-20,-1.062874507617607e-18,-1598.3832647099048,4.209504479454639,-63.13951904592044,-1061490.9515127148,265.3140181811004,127600.27989379369,0.053639389732156706,4711.018001784275
203.59321275294232,2001.0,12.0,14.0,14.0,24.0,51.0,1.0,3510865.044442064,-8206.085995802847,130479.56496253048,-96.19959266002063,-296.1158648739956,4707.502117114948,3513298.395668287,4717.7871030494525,3510381.047590039,-58869.35410897243,130479.56496253048,3513298.395668287,-104.63552368105458,-543.5208999855796,4707.502117114948,4739.930352249795,20173406.584094126,0.825899574644003,1.6336165203188837,4.172325134277374e-07,1.586592347506725e-05,0.03720489555072355,0.03714730823036026,-0.01676850334084194,117098.39566828683,0.01682849243089685,0.016749868398802412,6902.028793171048,-16539956710.615736,-1040412261.22097,-206209238.5230158,-16538779011.01983,-1914125291.9744174,16572646911.775713,16650453719.306826,-0.9991696270143621,0.016756149771267725,-0.03713876541867464,0.01676771751637065,0.9998594119421446,0.0,-0.03713354415177328,0.0006227323274470913,0.9993101180830587,4707.801516333778,-545.1989863411083,-0.11529396873081109,1.4391109746354647e-08,136.51049458535851,0.0,-29.420989170717057,-8.6,0.0,2.932775780011397e-17,2.278958632326204,1.5707963267948966,20.870601889889617,461.0,0.07671466738742119,8.03763228751812,0.0,0.1613170418027932,-1598.4451676720391,3.7361101436403303,-59.40542500329892,0.08951628236980892,0.48934245498113493,-4.0132696723222185,0.08244542349064915,0.49058328059741596,-4.0132696723222185,-5.2024025898572927e-17,7.720518608403957e-19,-1.0662626707859428e-18,-5.202974999030861e-17,2.1230101148973394e-20,-1.0662626707859428e-18,-1598.3627222485484,4.226693424237746,-63.41869467562114,-1061496.476102557,265.4675563860663,127639.11170753521,0.05373181929875563,4710.9877729112
203.83774967905316,2001.0,12.0,14.0,14.0,24.0,51.0,1.0,3510841.4164247406,-8278.496984509515,131630.71893813196,-97.04743233240666,-296.1136144863621,4707.46834123362,3513317.894948274,4717.770623983673,3510355.3549144133,-59002.26283206853,131630.71893813196,3513317.894948274,-105.49777129729695,-543.5028376891319,4707.46834123362,4739.913849221486,20173214.87787251,0.8258979202267087,1.6336164936496191,4.161667836835695e-07,1.5824822718253285e-05,0.03753326142816257,0.03747498453801285,-0.01680647727894606,117117.8949482739,0.016976996400861148,0.016897678224476676,6885.494632162154,-16539949242.200281,-1040411348.5818675,-206209615.07317245,-16538773447.22174,-1914112703.9235039,16572639400.797539,16650446750.378708,-0.9991567685810269,0.016793886746458854,-0.037466213668680824,0.016805686103693745,0.999858774484969,0.0,-0.0374609224833592,0.00062964542640977,0.9992978949409094,4707.773033652475,-545.19904365002,-0.11529467212235854,1.4347236366383731e-08,136.53486868534236,0.0,-29.469737370684744,-8.6,0.0,2.9328220591360605e-17,2.278966190280823,1.5707963267948966,20.868666246079762,461.0,0.0764800090463701,8.056363306092942,0.0,0.16082452662483557,-1598.4077958992864,3.769015044787739,-59.928530621242935,0.08997691648513158,0.48787731169339477,-4.001010321276404,0.08291867444710917,0.48912637446091634,-4.001010321276404,-5.1865797944503335e-17,7.707896896561817e-19,-1.0723975755823667e-18,-5.1871520676046224e-17,2.1352288778614884e-20,-1.0723975755823667e-18,-1598.3248772248394,4.2581414192486555,-63.92954094251934,-1061506.5635120198,265.6210945910322,127678.01012816138,0.053824250626345514,4710.957493728639
204.13774967905314,2001.0,12.0,14.0,14.0,24.0,52.0,1.0,3510812.146178212,-8367.330651660835,133042.95317505734,-98.08754174620714,-296.11083091393925,4707.426534629722,3513342.050720971,4717.750244445582,3510323.5469150124,-59165.31034907686,133042.95317505734,3513342.050720971,-106.55555501684306,-543.4805956557027,4707.426534629722,4739.893440056982,20172980.502497274,0.8258958975349986,1.6336164610375663,4.150983177776402e-07,1.5774080954905582e-05,0.03793609862196379,0.03787697542586457,-0.016853064386009798,117142.05072097108,0.017159179640370805,0.017079009883198312,6865.0782617256045,-16539940111.243233,-1040410232.6821798,-206210088.427473,-16538766675.599897,-1914097124.7035997,16572630217.796741,16650438239.076517,-0.9991408454507471,0.01684017937762012,-0.03786791927866963,0.016852266613215264,0.9998579904716455,0.0,-0.0378625416733131,0.0006381602717718548,0.9992827531232109,4707.737784067766,-545.1991188549067,-0.11529554353422358,1.4292885877815065e-08,136.56506340121385,0.0,-29.530126802427706,-8.6,0.0,2.9328793815035316e-17,2.2789755517338577,1.5707963267948966,20.866269227149296,461.0,0.0761893218389753,8.079263764617798,0.0,0.16021440567954484,-1598.3615010393899,3.80938045763575,-60.57024001443213,0.09053255717820581,0.4860621774557795,-3.9858236599433026,0.08349011947472566,0.48732123308180897,-3.9858236599433026,-5.1669782221720335e-17,7.692039137724723e-19,-1.0798060705472368e-18,-5.167550297053212e-17,2.1499848718732695e-20,-1.0798060705472368e-18,-1598.2780109199152,4.296701690717559,-64.55606367437544,-1061518.8963945638,265.7746327959981,127716.97515567217,0.05391668371788059,4710.927164240179
204.43774967905313,2001.0,12.0,14.0,14.0,24.0,52.0,1.0,3510782.5639031418,-8456.16348023176,134455.17481298713,-99.12762051509868,-296.10802225514885,4707.384320375267,3513366.4641965707,4717.729685527537,3510291.4215850206,-59328.35118000056,134455.17481298713,3513366.4641965707,-107.61330645254834,-543.4582621273154,4707.384320375267,4739.872851260359,20172747.028120246,0.8258938825739103,1.6336164285433135,4.1375885537013174e-07,1.5722998911294297e-05,0.03833893036791782,0.03827896051196111,-0.016899651887468517,117166.46419657022,0.017341359870161756,0.017260338533792104,6844.518470987678,-16539931015.10968,-1040409120.929702,-206210574.46056172,-16538759963.848412,-1914081395.5718765,16572621069.811127,16650429770.179773,-0.99912475893338,0.016886468230568608,-0.03826961297182361,0.01689884748049998,0.9998572042816068,0.0,-0.03826414823494667,0.0006467123527486108,0.9992674500467764,4707.702196550403,-545.1991994669721,-0.11529642429550586,1.4237955557717016e-08,136.59558024571277,0.0,-29.59116049142554,-8.6,0.0,2.932937306114736e-17,2.278985011540758,1.5707963267948966,20.863847601143068,461.0,0.07589554275793053,8.102076567205234,0.0,0.159597785178604,-1598.3147138763745,3.849742975358856,-61.21190371342699,0.09107766193341957,0.48422754988733535,-3.9704752752690946,0.08405138894808223,0.48549647227250614,-3.9704752752690946,-5.1471672584703227e-17,7.675768497473316e-19,-1.0870833938693506e-18,-5.147739100216374e-17,2.164480329241973e-20,-1.0870833938693506e-18,-1598.2306624874263,4.335239447631362,-65.18237898869609,-1061531.1821513195,265.928171000964,127756.0067900676,0.054009118576315136,4710.896784449389
204.7377496790531,2001.0,12.0,14.0,14.0,24.0,52.0,1.0,3510752.6696090326,-8544.995462478868,135867.38372610355,-100.16766831160304,-296.1051884913411,4707.341698387597,3513391.1353669376,4717.708947127313,3510258.978934435,-59491.385297178545,135867.38372610355,3513391.1353669376,-108.67102527175221,-543.4358370927862,4707.341698387597,4739.852082728846,20172514.444480363,0.8258918752554273,1.6336163961640153,4.126841552295186e-07,1.5671580344263e-05,0.038741756608114755,0.03868093973703812,-0.016946239787839365,117191.13536693761,0.017523537064310386,0.017441664150305333,6823.814983680844,-16539921953.403614,-1040408013.2522713,-206211073.29544947,-16538753311.568043,-1914065516.464785,16572611956.440931,16650421343.286547,-0.9991085090410308,0.016932753287363572,-0.0386712946242786,0.016945428709962376,0.9998564159147231,0.0,-0.0386657420418135,0.0006553016661776643,0.999251985723362,4707.66627101326,-545.1992854667915,-0.11529731440464469,1.418508734525757e-08,136.62641920867202,0.0,-29.679257626016053,-8.6,0.0,2.9329958327941674e-17,2.2789945696728613,1.5707963267948966,20.861401393263694,461.0,0.0756127547120137,8.124802705856276,0.0,0.1590044949121487,-1598.2674344727154,3.8901025679254126,-61.85352123954155,0.09162962628449459,0.4824858420089825,-3.955704593685685,0.08461824650787057,0.4837647450053447,-3.955704593685685,-5.1281087514318355e-17,7.6605208600577565e-19,-1.0944339993362547e-18,-5.1286804322260624e-17,2.179127807595219e-20,-1.0944339993362547e-18,-1598.1828162262075,4.3738673129307575,-65.80922583322723,-1061543.4213189688,266.08170920593,127795.10503134769,0.05410155520460378,4710.866354359811
205.03294301995282,2001.0,12.0,14.0,14.0,24.0,53.0,1.0,3510722.949736071,-8632.403327751046,137256.95340967432,-101.1910217124767,-296.102375593642,4707.299361138294,3513415.662777471,4717.688365617255,3510226.7463609264,-59651.800669657845,137256.95340967432,3513415.6627774704,-109.71176495668094,-543.413682012952,4707.299361138294,4739.83147132277,20172286.438412163,0.8258899074004484,1.6336163644112194,4.113368315053689e-07,1.5620632196657843e-05,0.039138123256850295,0.03907647259408814,-0.016992081641498694,117215.66277747089,0.01770279239052113,0.0176200815445634,6803.301539823413,-16539913069.778822,-1040406927.1805382,-206211576.7487979,-16538746823.206495,-1914049745.2746477,16572603022.157135,16650413091.68917,-0.9990923600499853,0.016978293033082553,-0.03906652858180981,0.016991263963639824,0.9998556380542732,0.0,-0.03906088886173095,0.0006637896992766103,0.9992366117915049,4707.6305909653765,-545.1993753147779,-0.11529819937447593,1.4132966597874347e-08,136.65707847183862,0.0,-29.77123541551586,-8.6,0.0,2.9330540092609215e-17,2.279004070610894,1.5707963267948966,20.85897040906579,461.0,0.0753339655706393,8.147081905358961,0.0,0.15841963031781217,-1598.2204321766344,3.929812626837583,-62.484813110686915,0.09216569267306705,0.48077267372732707,-3.941143220184948,0.08516903094574814,0.48206131858570783,-3.941143220184948,-5.109320951856815e-17,7.6453703019967035e-19,-1.1015769515203247e-18,-5.1098924594306195e-17,2.1933633052337426e-20,-1.1015769515203247e-18,-1598.1352631456887,4.411873945423291,-66.42595633087186,-1061555.4198766164,266.2352474108959,127834.26987951237,0.05419399360570114,4710.835873974967
205.33134080025272,2001.0,12.0,14.0,14.0,24.0,53.0,1.0,3510692.6002230365,-8720.759192061212,138661.59465516155,-102.22545291490866,-296.09950743117236,4707.2561629863885,3513440.7100069276,4717.667383940709,3510193.8516550506,-59813.95075357412,138661.59465516155,3513440.7100069276,-110.76376955027419,-543.3911963747711,4707.2561629863885,4739.810459176182,20172056.819976956,0.8258879255862526,1.6336163324226864,4.099850801288396e-07,1.5568797110076903e-05,0.0395387870848005,0.039476293233720816,-0.017038421527926412,117240.71000692807,0.017883990563877277,0.017800432691460873,6782.424263872206,-16539904123.066124,-1040405833.2264731,-206212098.50642434,-16538740322.396023,-1914033655.215364,16572594024.41505,16650404791.311098,-0.999075875012597,0.01702432336006495,-0.03946604086991641,0.017037597142091396,0.9998548496074937,0.0,-0.03946031235859347,0.0006724065051349501,0.9992209123202207,4707.594190873434,-545.1994714128698,-0.11529910314717709,1.4079741235277855e-08,136.68838750866007,0.0,-29.865162525980256,-8.6,0.0,2.933113409355523e-17,2.2790137713825196,1.5707963267948966,20.856488896501272,461.0,0.07504927699171944,8.169518992978912,0.0,0.15782237778402736,-1598.172435394418,3.9699508169924305,-63.122911533648505,0.09269748851627836,0.47902286316027987,-3.9262735048535737,0.0857160407912675,0.4803212343406937,-3.9262735048535737,-5.090134638384282e-17,7.629667209765416e-19,-1.1086717375445608e-18,-5.090705937881265e-17,2.2075038158892418e-20,-1.1086717375445608e-18,-1598.0867193536267,4.450272051333124,-67.04918503850207,-1061567.5035573542,266.3887856158618,127873.5013345617,0.05428643378256207,4710.805343298357
205.5354405195937,2001.0,12.0,14.0,14.0,24.0,53.0,1.0,3510671.6638344587,-8781.192816962726,139622.34128113932,-102.93297056844932,-296.0975313391911,4707.226383785742,3513457.988760122,4717.652930505146,3510171.171371894,-59924.85517013542,139622.34128113932,3513457.988760122,-111.4833062015619,-543.3757643945125,4707.226383785742,4739.795984755203,20171900.26902084,0.8258865743853814,1.633616310606839,4.091718857808732e-07,1.5533172273432057e-05,0.03981283204761728,0.039749761271129114,-0.017070117567560213,117257.98876012256,0.01800792569181498,0.017923788466563735,6768.064026601613,-16539898023.156342,-1040405087.2656181,-206212462.88121033,-16538735909.711506,-1914022564.3778007,16572587889.707058,16650399137.797743,-0.9990645064210977,0.017055805238554322,-0.03973929437261073,0.01706928857246898,0.9998543090808929,0.0,-0.03973350471828892,0.0006783214833123852,0.9992100822563627,4707.569101160341,-545.1995402045447,-0.11529972663937593,1.4044910119768476e-08,136.70887640013618,0.0,-29.92662920040857,-8.6,0.0,2.933152354507459e-17,2.279020131608499,1.5707963267948966,20.854862244885002,461.0,0.07486294417277893,8.184816510599005,0.0,0.1574314854534353,-1598.1393259347853,3.997403036567742,-63.559334437092,0.0930677651056736,0.47787685721322687,-3.916540921193344,0.08609602461910959,0.47918198433010956,-3.916540921193344,-5.077576388235761e-17,7.6197177648092505e-19,-1.1135995451071689e-18,-5.078147602396064e-17,2.217324955146752e-20,-1.1135995451071689e-18,-1598.0532299101662,4.4765850208978515,-67.47587535828534,-1061575.7422163524,266.54232382082773,127912.79939649567,0.054378875738141715,4710.774762333453
205.64515643395785,2001.0,12.0,14.0,14.0,24.0,53.0,1.0,3510660.349585458,-8813.67936984652,140138.7980459921,-103.31329785408124,-296.0964642426413,4707.210297483912,3513467.3264189186,4717.645126372802,3510158.9186605825,-59984.47168303902,140138.7980459921,3513467.326418918,-111.87009410550594,-543.367451249903,4707.210297483912,4739.788169293177,20171816.264485985,0.8258858493287773,1.6336162988986127,4.0862885715967964e-07,1.5513948078360192e-05,0.03996014665983814,0.039896765681335836,-0.017087156180790458,117267.32641891763,0.01807454770231355,0.017990099040254354,6760.316168770194,-16539894749.920576,-1040404686.9510164,-206212661.28005776,-16538733548.249325,-1914016573.6067667,16572584597.796616,16650396105.97001,-0.9990583638750649,0.017072727909548505,-0.03988618223150742,0.01708632470084945,0.9998540180987509,0.0,-0.03988035957079169,0.0006815082606847877,0.9992042296082393,4707.555549072915,-545.1995781884939,-0.115300063591641,1.4027272319822248e-08,136.71925157657515,0.0,-29.95775472972544,-8.6,0.0,2.933172125860816e-17,2.2790233605155383,1.5707963267948966,20.85403653992713,461.0,0.07476856715135902,8.193025157639038,0.0,0.1572335138715218,-1598.121433489671,4.01215968116103,-63.793928924860424,0.09327275981714249,0.47729600692537666,-3.9116113453630432,0.0863057375192061,0.47860485332065056,-3.9116113453630432,-5.07121550778773e-17,7.614936691516293e-19,-1.1163186695375109e-18,-5.071786717905096e-17,2.2227437544386768e-20,-1.1163186695375109e-18,-1598.0351277521518,4.490764534481681,-67.70554027022347,-1061580.1630962212,266.69586202579364,127952.16406531425,0.05447131947539519,4710.744131083712
205.85975367258098,2001.0,12.0,14.0,14.0,24.0,53.0,1.0,3510638.0990190986,-8877.220628673005,141148.94898822124,-104.05718095809367,-296.09436732114744,4707.17867575943,3513485.689899846,4717.629792257184,3510134.8304735455,-60101.075090000624,141148.94898822124,3513485.689899846,-112.62661311728567,-543.3511558646835,4707.17867575943,4739.772812918996,20171652.269109365,0.8258844338416425,1.633616276037577,4.078129584611685e-07,1.547620282883576e-05,0.04024828230101463,0.04018429444869536,-0.017120482768787495,117285.68989984645,0.018204854832895103,0.01811979702117769,6745.105410985649,-16539888359.738235,-1040403905.3759385,-206213054.47203195,-16538728951.115124,-1914004797.9107802,16572578171.152832,16650390190.884829,-0.9990462863031053,0.01710582606406285,-0.04017348053927744,0.01711964641427308,0.9998534481145975,0.0,-0.04016759303996123,0.0006877557820631104,0.9991927198800842,4707.528911055625,-545.199654521761,-0.11530072626190063,1.3992585744734494e-08,136.73965544427384,0.0,-30.01896633282148,-8.6,0.0,2.933211005098683e-17,2.2790297099769337,1.5707963267948966,20.852413034859737,461.0,0.07458296819108573,8.209050382797091,0.0,0.15684418498359162,-1598.086246801941,4.041021545477061,-64.25276196701982,0.09367011486747406,0.47615360829309983,-3.901916923509729,0.08671243921279213,0.4774696869913234,-3.901916923509729,-5.058706087692043e-17,7.605448549858801e-19,-1.1215922101801891e-18,-5.059277278327003e-17,2.2332534792600482e-20,-1.1215922101801891e-18,-1597.9995343627281,4.518491232468384,-68.15467889052955,-1061588.7937347163,266.84940023075956,127991.59534101748,0.054563764997278004,4710.713449552562
206.13128608545534,2001.0,12.0,14.0,14.0,24.0,54.0,1.0,3510609.7163349534,-8957.619484574758,142427.09510935986,-104.99840117280708,-296.0916955670001,4707.138364808294,3513509.1143746166,4717.610257522625,3510104.118740263,-60248.60973380912,142427.09510935986,3513509.114374617,-113.58382047071697,-543.3304699591849,4707.138364808294,4739.753249833676,20171445.35232878,0.825882647856995,1.633616247185767,4.0672254752982483e-07,1.5428200607773444e-05,0.040612859477617454,0.040548103480912846,-0.017162651601680127,117309.11437461665,0.018369731657889986,0.018283903083126867,6725.752416610718,-16539880296.89919,-1040402919.1077964,-206213561.78368527,-16538723175.394964,-1913989787.712433,16572570062.301361,16650382734.726475,-0.9990308846445215,0.017147702701927673,-0.040536993209055905,0.017161809052010084,0.999852725310114,0.0,-0.04053102313595213,0.0006956881369964469,0.9991780382802501,4707.4949571558045,-545.1997549710323,-0.11530157159974279,1.3948339514612989e-08,136.76568263846295,0.0,-30.097047915388842,-8.6,0.0,2.933260593407844e-17,2.2790378083623937,1.5707963267948966,20.850342722441358,461.0,0.07434622429749212,8.229270033536597,0.0,0.15634756218853574,-1598.041363922104,4.077538551784511,-64.83329327922036,0.09416601796240379,0.47469617658595187,-3.889550907584707,0.08722039344965853,0.4760213251217888,-3.889550907584707,-5.042748894353781e-17,7.593183215644624e-19,-1.1281791728296652e-18,-5.0433200382695663e-17,2.2463814417686862e-20,-1.1281791728296652e-18,-1597.9541435286544,4.5535598769062995,-68.72284418680506,-1061599.6834122613,267.00293843572547,128031.09322360535,0.05465621230674572,4710.682717743411
206.43128608545533,2001.0,12.0,14.0,14.0,24.0,54.0,1.0,3510578.060834129,-9046.446547193736,143839.2298852129,-106.03826810981035,-296.0887196945389,4707.09343858495,3513535.2401049025,4717.5885030175705,3510069.8849643646,-60411.60543551435,143839.2298852129,3513535.2401049025,-114.64134905160326,-543.3075281131598,4707.09343858495,4739.731463763141,20171217.515340555,0.82588068126057,1.633616215407064,4.056292053704349e-07,1.537484308303603e-05,0.04101565354044548,0.04095004852428879,-0.0172092418396015,117335.24010490254,0.01855189121236762,0.01846521106884758,6704.233756035566,-16539871418.615881,-1040401832.9445267,-206214135.1252569,-16538716847.850973,-1913973060.6499329,16572561133.342842,16650374533.919914,-0.9990137127127734,0.017193965993553162,-0.040938604583604044,0.017208392409725617,0.9998519246521821,0.0,-0.040932542585491144,0.0007044875723812502,0.9991616639236852,4707.457120841375,-545.1998709828227,-0.11530251446537697,1.389951979019493e-08,136.7940501311282,0.0,-30.188100262256338,-8.6,0.0,2.933314685126786e-17,2.2790466422104845,1.5707963267948966,20.848084875899453,461.0,0.07408500649574097,8.251534326607398,0.0,0.15579963715754425,-1597.991306963554,4.117881069960087,-65.47464120546807,0.0947085668886454,0.47309170615129853,-3.875906670018153,0.08777623813536967,0.474426819530737,-3.875906670018153,-5.025141469508232e-17,7.579580170560439e-19,-1.1353874572004472e-18,-5.02571255456773e-17,2.260749400505335e-20,-1.1353874572004472e-18,-1597.9035307254187,4.592307889490824,-69.35054787548623,-1061611.674343124,267.1564766406914,128070.65771307785,0.05474866140675417,4710.651935659641
206.6403637631678,2001.0,12.0,14.0,14.0,24.0,54.0,1.0,3510555.8148407564,-9108.35187091976,144823.37475471265,-106.76295845070568,-296.08663084102506,4707.061886942442,3513553.60014066,4717.573235230808,3510045.8389721448,-60525.19723541502,144823.37475471265,3513553.600140661,-115.37834725229467,-543.2914852263823,4707.061886942442,4739.716173827321,20171059.2177015,0.8258793148744348,1.6336161933218418,4.0453290821606873e-07,1.533745765033659e-05,0.04129636754283086,0.041230170621191234,-0.01724171202238385,117353.600140661,0.018678840967735297,0.018591567345127555,6689.153682745993,-16539865249.962719,-1040401078.1879183,-206214542.7405113,-16538712471.669388,-1913961314.292001,16572554929.474926,16650368841.88445,-0.9990016485963453,0.01722620575163332,-0.04121849023419333,0.01724085777539714,0.9998513653654569,0.0,-0.04121236373896095,0.0007106421278443232,0.999150156914772,4707.430551543544,-545.1999549703625,-0.11530317709913503,1.3862799718678005e-08,136.81700017582625,0.0,-30.234000351652494,-8.6,0.0,2.933358197276528e-17,2.279053748283807,1.5707963267948966,20.846268997821838,461.0,0.07388858673337627,8.267003412970276,0.0,0.15538740678852064,-1597.956130169916,4.145994957935479,-65.92158384232546,0.09506430469173001,0.4718669771596461,-3.86564548374434,0.08814284495848315,0.47320873305860367,-3.86564548374434,-5.011900566049252e-17,7.568581379372526e-19,-1.140143885879412e-18,-5.0124714934294145e-17,2.2702272850597106e-20,-1.140143885879412e-18,-1597.8679873249575,4.619203690994083,-69.7872293260698,-1061620.0056171454,267.3100148456573,128110.28880943499,0.054841112300259266,4710.6211033046175
206.9100563224053,2001.0,12.0,14.0,14.0,24.0,54.0,1.0,3510526.8956147777,-9188.20386700995,146092.82880413806,-107.69772393817878,-296.0839183849224,4707.020895525178,3513577.4678457035,4717.553412244348,3510014.594099208,-60671.716108955254,146092.82880413806,3513577.467845704,-116.32898763473156,-543.2707256523531,4707.020895525178,4739.69632208917,20170855.65273518,0.8258775577216076,1.6336161649153944,4.034336319768719e-07,1.528901256215395e-05,0.04165846063685075,0.04159149997214089,-0.017283596128377453,117377.46784570348,0.01884259311665795,0.018754553957208646,6669.6059057712555,-16539857317.10779,-1040400107.4928378,-206215078.37519485,-16538706868.898777,-1913946054.899643,16572546951.328865,16650361529.257399,-0.9989859697760753,0.017267789500641118,-0.04157950981331648,0.01728273564082708,0.9998506423705339,0.0,-0.041573299596296395,0.000718607676178724,0.9991351982408008,4707.396036915116,-545.2000671652675,-0.11530403854715814,1.3815064308593049e-08,136.84683480712934,0.0,-30.293669614258686,-8.6,0.0,2.933414755155671e-17,2.279062984886423,1.5707963267948966,20.843909174074053,461.0,0.07363325140732306,8.286896333621806,0.0,0.1548515216833605,-1597.910402318804,4.182257243509853,-66.49806647028434,0.09551587307966987,0.4702747342717539,-3.8523063438079026,0.08860867012821975,0.47162496889228495,-3.8523063438079026,-4.994687414712331e-17,7.554121989644085e-19,-1.1461881861307717e-18,-4.995258115235245e-17,2.282272030244862e-20,-1.1461881861307717e-18,-1597.8217936486758,4.653882212402138,-70.35037281409224,-1061630.7195226103,267.4635530506232,128149.98651267674,0.05493356499021725,4710.590220681678
207.21005632240528,2001.0,12.0,14.0,14.0,24.0,55.0,1.0,3510494.4303300907,-9277.028586689,147504.92818040084,-108.73750434613478,-296.0808772821666,4706.974910598335,3513604.262360161,4717.5311911788995,3509979.5367867816,-60834.69385174874,147504.92818040084,3513604.2623601607,-117.38642532304638,-543.2475463490948,4706.974910598335,4739.674068801211,20170630.04829234,0.8258756102863715,1.6336161334259247,4.020553101072351e-07,1.5234803206137445e-05,0.04206123922627361,0.04199342867425967,-0.017330187490157547,117404.2623601607,0.019024744270401486,0.018935853546307172,6647.736647412181,-16539848525.128023,-1040399031.5625573,-206215687.3457099,-16538700692.605576,-1913928938.3418303,16572538109.14611,16650353434.396578,-0.9989683739821784,0.017314042592515757,-0.041981087557458364,0.017329320025056678,0.99984983605913,0.0,-0.04197478351190873,0.000727503701283121,0.9991184055393499,4707.357322780222,-545.2001970876876,-0.11530500567967608,1.3761475279678604e-08,136.8803279502009,0.0,-30.360655900401746,-8.6,0.0,2.933478239027549e-17,2.2790733525894895,1.5707963267948966,20.841261025936923,461.0,0.07334661423432162,8.308943354079306,0.0,0.1542499319116053,-1597.859068813086,4.222591590178204,-67.13928532440781,0.09600844118715138,0.4684870778033142,-3.837331756921626,0.08911741144801133,0.4698466237238288,-3.837331756921626,-4.975363174623432e-17,7.53767663554009e-19,-1.1527901410492572e-18,-4.9759335915295004e-17,2.2954288238143885e-20,-1.1527901410492572e-18,-1597.7699514016379,4.692438213902032,-70.97661708132944,-1061642.593648823,267.6170912555891,128189.75082280315,0.05502601947958448,4710.559287794138
207.51005632240526,2001.0,12.0,14.0,14.0,24.0,55.0,1.0,3510461.653115999,-9365.852390541326,148917.01370439766,-109.77725087242162,-296.07781109815505,4706.92851822894,3513631.3144892636,4717.508790744398,3509944.162248016,-60997.66462730004,148917.01370439766,3513631.314489263,-118.44382744066942,-543.2242756321513,4706.92851822894,4739.651635891794,20170405.334043656,0.8258736704937781,1.633616102052553,4.00672246806289e-07,1.5180305193042283e-05,0.042464011733628876,0.04239535097789585,-0.017376779293181214,117431.31448926311,0.01920689213849582,0.019117149851400336,6625.738310351968,-16539839767.573404,-1040397959.7261064,-206216310.28072864,-16538694575.750557,-1913911671.909876,16572529301.57762,16650345381.53667,-0.9989506149304732,0.01736029172319879,-0.04238265212696172,0.017375904812845528,0.9998490275696301,0.0,-0.04237625351496459,0.0007364369290740319,0.9991014517048231,4707.31827087493,-545.2003324143013,-0.11530598216129052,1.3705956710315882e-08,136.9141431115789,0.0,-30.442429334736676,-8.585856888421107,0.0,2.9335423231670225e-17,2.2790838183236946,1.5707963267948966,20.838588541941085,461.0,0.07304969282737912,8.33090369146067,0.0,0.15362773745969235,-1597.8072436748707,4.262922735393868,-67.78045360276553,0.09648170340625273,0.46664695052373767,-3.821843339194219,0.0896076963945734,0.46801555131441275,-3.821843339194219,-4.955374360861466e-17,7.520127154184441e-19,-1.159154041631854e-18,-4.9559444064683166e-17,2.3081421313617417e-20,-1.159154041631854e-18,-1597.7176359784762,4.730938286708281,-71.60229694195975,-1061654.4211859442,267.770629460555,128229.58173981418,0.055118475771317475,4710.528304645292
207.81005632240525,2001.0,12.0,14.0,14.0,24.0,55.0,1.0,3510428.563983021,-9454.675270821743,150329.08525025824,-110.81696320538495,-296.07471989353587,4706.881719038412,3513658.624224122,4717.486211544459,3509908.4704939406,-61160.628407969896,150329.08525025824,3513658.624224122,-119.50119367193312,-543.2009135697471,4706.881719038412,4739.629023964852,20170181.562888786,0.8258717388010002,1.6336160707998355,3.99284392803143e-07,1.5125500722587788e-05,0.04286677808613479,0.04279726682380267,-0.017423371541965382,117458.62422412215,0.019389036695156348,0.01929844284664043,6603.615646280348,-16539831046.51082,-1040396892.1891458,-206216947.3343302,-16538688520.397017,-1913894255.81898,16572520530.699114,16650337372.754248,-0.9989326926343023,0.017406536874786816,-0.04278420339809009,0.017422490008607672,0.9998482169018955,0.0,-0.04277770947914839,0.000745407356229463,0.9990843367502019,4707.278881815566,-545.2004732049583,-0.11530696799002027,1.3647923523740439e-08,136.9482802801527,0.0,-30.544840840458047,-8.551719719847318,0.0,2.933607007305307e-17,2.2790943820451415,1.5707963267948966,20.83589175286948,461.0,0.07273936945682981,8.352771887776003,0.0,0.15297878912193463,-1597.754926973149,4.3032506491876,-68.42157082764905,0.09693157136844231,0.46473961967651145,-3.8056876305170353,0.09007565741394453,0.466116959106263,-3.8056876305170353,-4.934522542691821e-17,7.501168340000102e-19,-1.1652299554108749e-18,-4.935092105834519e-17,2.3203254221380206e-20,-1.1652299554108749e-18,-1597.664851315735,4.769367608293863,-72.22725845816609,-1061666.1993464492,267.92416766552094,128269.47926370984,0.05521093386837309,4710.497271238411
208.11005632240523,2001.0,12.0,14.0,14.0,24.0,56.0,1.0,3510395.16294131,-9543.497220135494,151741.1426977305,-111.85664103718788,-296.071603684451,4706.834513179966,3513686.191555551,4717.463453712651,3509872.4615352154,-61323.58516646499,151741.1426977305,3513686.191555551,-120.55852370436065,-543.1774601855494,4706.834513179966,4739.606233154131,20169958.74556945,0.8258698153013121,1.6336160396691453,3.9789169796761204e-07,1.5070430652859824e-05,0.043269538217787326,0.043199176154339866,-0.017469964241127196,117486.19155555079,0.019571177913115995,0.01947973250477831,6581.371257394552,-16539822362.36148,-1040395829.0009655,-206217598.63724214,-16538682526.962727,-1913876690.1278284,16572511796.934067,16650329408.473112,-0.99891460710706,0.017452778029479147,-0.04318574124872344,0.017469075616857337,0.9998474040557852,0.0,-0.04317915127976097,0.0007544149794439847,0.9990670606885197,4707.2391557506235,-545.2006194749844,-0.11530796316591281,1.3589342944454574e-08,136.9827394444385,0.0,-30.64821833331546,-8.517260555561514,0.0,2.933672291220842e-17,2.2791050437176463,1.5707963267948966,20.833170687694835,461.0,0.07242612936780192,8.374546869309777,0.0,0.15232370873679035,-1597.702118777642,4.343575301756971,-69.0626365240231,0.09737026872867759,0.462813814791075,-3.7893793586594717,0.09053280233981856,0.4641997502091763,-3.7893793586594717,-4.91347299119624e-17,7.4818015557610325e-19,-1.171166389911301e-18,-4.9140420359777205e-17,2.3322330175341825e-20,-1.171166389911301e-18,-1597.6115859753022,4.807775051966147,-72.85201588268258,-1061677.9275616407,268.07770587048685,128309.44339449014,0.055303393773708194,4710.466187576744
208.33844102698563,2001.0,12.0,14.0,14.0,24.0,56.0,1.0,3510369.5262161596,-9611.1151730473,152816.1075724033,-112.64810607511481,-296.0692146184099,4706.798303674411,3513707.3507700544,4717.4460089246795,3509844.8358987262,-61447.63654511091,152816.1075724033,3513707.350770055,-121.36342591002311,-543.1595443319056,4706.798303674411,4739.588763091137,20169789.76685519,0.8258683565432694,1.6336160160527458,3.967740224508773e-07,1.5028306803112823e-05,0.04357614819032034,0.04350513822718351,-0.017505434745199396,117507.35077005485,0.019709836554641712,0.019617742869936602,6564.357085466385,-16539815776.360367,-1040395022.5687315,-206218104.09972772,-16538678006.117737,-1913863217.4276328,16572505173.297373,16650323375.584137,-0.9989007294900407,0.017487977913597217,-0.04349141585138345,0.017504540697277624,0.9998467837898851,0.0,-0.04348475226147417,0.0007612972587527667,0.9990538007270889,4707.208687178871,-545.2007345130384,-0.11530872704221748,1.3546931964346923e-08,137.00816752228317,0.0,-30.72450256684952,-8.5,0.0,2.933720529949702e-17,2.2791129216999177,1.5707963267948966,20.831160544866457,461.0,0.07219931231676983,8.391060431975886,0.0,0.1518488973576338,-1597.6615873681792,4.374271542945134,-69.55063368007322,0.09771452553580655,0.4614188300542122,-3.777558145129095,0.09089010664186117,0.46281146673771695,-3.777558145129095,-4.8982158978852736e-17,7.468153685752483e-19,-1.1758055283492546e-18,-4.8987846279999655e-17,2.3415197374239913e-20,-1.1758055283492546e-18,-1597.5706972615374,4.837083009682852,-73.32819182520231,-1061686.8221001178,268.23124407545276,128349.4741321551,0.05539585549028007,4710.435053663516
208.4235951407269,2001.0,12.0,14.0,14.0,24.0,56.0,1.0,3510359.9212022023,-9636.326646551941,153216.9102333219,-112.94320165919879,-296.06832011467304,4706.78474231873,3513715.278271052,4717.439477884263,3509834.488526127,-61493.88852978748,153216.9102333219,3513715.278271052,-121.66353134037591,-543.1528507709008,4706.78474231873,4739.582222589156,20169726.88682057,0.8258678137070484,1.6336160072630626,3.962140023800259e-07,1.5012563084296402e-05,0.04369046796137502,0.043619216380627934,-0.017518660126712198,117515.27827105252,0.01976153545940289,0.019669200062614467,6557.993950180709,-16539813325.551788,-1040394722.4519075,-206218294.6983145,-16538676329.018885,-1913858171.8113778,16572502708.482183,16650321132.126162,-0.9988955309586623,0.017501101728437704,-0.04360538578091999,0.017517764050916342,0.9998465521982143,0.0,-0.04359869463032589,0.0007638688594593389,0.999048832805933,4707.197276684227,-545.2007781955384,-0.11530901324269056,1.353283862923996e-08,137.01697585672503,0.0,-30.750927570175072,-8.5,0.0,2.9337372906496454e-17,2.2791156589299426,1.5707963267948966,20.830462207960508,461.0,0.07212390788900636,8.397205462342503,0.0,0.1516907115547926,-1597.6464021908525,4.38571626351267,-69.73257753730077,0.09785388047901288,0.4609548881463104,-3.773619256657952,0.0910335067035077,0.4623501827490078,-3.773619256657952,-4.893133101941481e-17,7.463972412050097e-19,-1.1776665471959353e-18,-4.893701783070081e-17,2.345231109425539e-20,-1.1776665471959353e-18,-1597.555368684149,4.848066446261678,-73.50619679395872,-1061690.131956743,268.3847822804187,128389.57147670466,0.05548831902104601,4710.40386950193
208.57477274093043,2001.0,12.0,14.0,14.0,24.0,56.0,1.0,3510342.807119812,-9681.08542434758,153928.46883064866,-113.46708999783891,-296.06672707185294,4706.760585321617,3513729.403415884,4717.427847347399,3509816.055452941,-61576.000174982764,153928.46883064866,3513729.4034158834,-122.19631352565847,-543.1409492632948,4706.760585321617,4739.57057520436,20169615.419197936,0.8258668514117133,1.6336159916794273,3.95653189639802e-07,1.4984545756555529e-05,0.04389342329759564,0.043821742700244935,-0.017542139781738308,117529.40341588343,0.019853317977351462,0.019760553459444694,6546.671421080828,-16539808980.944813,-1040394190.3953047,-206218635.9460419,-16538673362.972649,-1913849184.3213017,16572498339.043327,16650317157.136671,-0.9988862693982246,0.017524400175813613,-0.04380771856848356,0.017541240098210124,0.9998461406115527,0.0,-0.043800978339695346,0.000768441709564588,0.9990399810787477,4707.176952024246,-545.2008568036703,-0.11530952320121389,1.3507727260651697e-08,137.03267046209268,0.0,-30.79801138627807,-8.5,0.0,2.93376715294701e-17,2.2791205358132016,1.5707963267948966,20.829218110787615,461.0,0.07198955481354836,8.408098830490145,0.0,0.15140885914754376,-1597.6193457945167,4.406033886735187,-70.05557952163247,0.09809938522499134,0.46012817851974863,-3.7666010395462237,0.09128625200534764,0.46152816841904576,-3.7666010395462237,-4.8840765714052597e-17,7.456480854449885e-19,-1.180946786875453e-18,-4.884645159598267e-17,2.3517730025483055e-20,-1.180946786875453e-18,-1597.5280595425113,4.867562055154233,-73.8221805611787,-1061695.9994000476,268.5383204853846,128429.73542813887,0.05558078436896366,4710.372635095168
208.8251652743316,2001.0,12.0,14.0,14.0,24.0,56.0,1.0,3510314.2871758663,-9755.217990620595,155107.0015084119,-114.334776356613,-296.06407448393486,4706.720346628279,3513752.9425026434,4717.408483335864,3509785.3479324654,-61711.9961404475,155107.0015084119,3513752.9425026434,-123.07872963351278,-543.121185930698,4706.720346628279,4739.551183145889,20169431.257485043,0.8258652615290136,1.6336159659268834,3.9452917262535727e-07,1.493798117666339e-05,0.04422957074307205,0.044157179398175775,-0.01758102893835647,117552.94250264391,0.02000533368025774,0.01991185841825534,6527.845318064094,-16539801802.839403,-1040393311.2477239,-206219209.25988686,-16538668482.114468,-1913834214.6193824,16572491119.905334,16650310595.439415,-0.9988708384923181,0.017562986684116048,-0.04414283076997955,0.017580123258092238,0.9998454576914526,0.0,-0.04413600883500654,0.0007760364058973472,0.9990252301576837,4707.143099663579,-545.2009899662098,-0.11531037305630173,1.346587999529971e-08,137.05882500293768,0.0,-30.876475008813046,-8.5,0.0,2.9338169125163064e-17,2.2791286621675644,1.5707963267948966,20.827145411037154,461.0,0.07176566497794186,8.426096522472164,0.0,0.15093916575894434,-1597.5742583598324,4.43968370679494,-70.59053196646263,0.09850064291296105,0.45875031540686345,-3.754905572576814,0.09169966874248266,0.4601580155693067,-3.754905572576814,-4.868984008807747e-17,7.443879929030392e-19,-1.1863127419256607e-18,-4.869552426206815e-17,2.362475112855164e-20,-1.1863127419256607e-18,-1597.48255869109,4.899841722364247,-74.34543753903945,-1061705.6934638694,268.6918586903505,128469.9659864577,0.0556732515369908,4710.341350446387
209.12516527433158,2001.0,12.0,14.0,14.0,24.0,57.0,1.0,3510279.83080868,-9844.036733125307,156519.0103301585,-115.37433499106966,-296.0608732878843,4706.671761710237,3513781.381394715,4717.3851178748555,3509748.265732295,-61874.92893382244,156519.0103301585,3513781.381394715,-124.13593468227224,-543.0974232208723,4706.671761710237,4739.527783848212,20169211.372323517,0.8258633632065413,1.6336159351690116,3.934019441140941e-07,1.4881903900865554e-05,0.04463230944598448,0.04455906624689969,-0.01762762319517246,117581.38139471505,0.0201874634059138,0.020093136589541104,6505.171462930739,-16539793232.098505,-1040392261.3857766,-206219909.57525963,-16538662686.676546,-1913816141.409734,16572482500.161684,16650302770.156847,-0.998852200741977,0.01760921418203389,-0.044544322295894195,0.017626710295023915,0.9998446374733303,0.0,-0.04453740177743352,0.0007851698643979015,0.9990074090572099,4707.102230216694,-545.2011543908194,-0.11531139985680186,1.3415321964951024e-08,137.0904237719056,0.0,-30.97127131571683,-8.5,0.0,2.93387702163062e-17,2.279138478730896,1.5707963267948966,20.824642175426064,461.0,0.07149517960243712,8.447585677984693,0.0,0.1503717099731581,-1597.5197876235948,4.479997102578094,-71.23141977090943,0.09897252218855658,0.45708534058395256,-3.7407758875265524,0.09218639052240217,0.4585021680729148,-3.7407758875265524,-4.850749578203498e-17,7.428464995194206e-19,-1.192630911742283e-18,-4.8513177631100806e-17,2.3750773665377315e-20,-1.192630911742283e-18,-1597.4276012330724,4.9384992706510085,-74.97219565843598,-1061717.2682014015,268.8453968953164,128510.26315166117,0.05576572052808546,4710.3100155587235
209.35991162829754,2001.0,12.0,14.0,14.0,24.0,57.0,1.0,3510252.6516304747,-9913.535647888586,157623.87987439288,-116.18775196495619,-296.0583508662287,4706.633460326383,3513803.8140986864,4717.366709371681,3509719.028179927,-62002.41688491484,157623.87987439288,3513803.8140986864,-124.96315856097216,-543.0787654391878,4706.633460326383,4739.5093486913165,20169039.910132043,0.8258618829039541,1.6336159111770063,3.922714764204105e-07,1.4837815826491666e-05,0.044947443077654504,0.04487353310344473,-0.01766408296272989,117603.81409868691,0.020329975293097817,0.020234982146882373,6487.3422584831715,-16539786548.622004,-1040391442.5864774,-206220467.84572557,-16538658192.269579,-1913801894.7147338,16572475778.465528,16650296675.263712,-0.9988375031348166,0.017645383796368513,-0.04485847480782714,0.017663164386375937,0.9998439941430163,0.0,-0.04485147662302176,0.0007923426146527545,0.9989933519488083,4707.070014661838,-545.201286782879,-0.11531220983356788,1.3372371802626184e-08,137.13453524671726,0.0,-31.051802870075903,-8.482732376641366,0.0,2.933959421995898e-17,2.2791519357317775,1.5707963267948966,20.821211631832714,461.0,0.07126547785231453,8.464342654344549,0.0,0.14989082442218493,-1597.4768223875053,4.511539480800154,-71.7328693241429,0.09931348251691126,0.45567457900679514,-3.728811642234597,0.09254061893225522,0.45709815533459763,-3.728811642234597,-4.835350060298369e-17,7.414607214650707e-19,-1.1972419534677422e-18,-4.835917923280151e-17,2.384311218479819e-20,-1.1972419534677422e-18,-1597.3842817685731,4.968637636134752,-75.4616809663775,-1061726.2941327486,268.9989351002823,128550.62692374927,0.05585819134520585,4710.27863043529
209.5946579822635,2001.0,12.0,14.0,14.0,24.0,57.0,1.0,3510225.281507888,-9983.033968936117,158728.74040173323,-117.00114681890395,-296.0558131245671,4706.594909919097,3513826.404496084,4717.348191401408,3509689.596442177,-62129.900449806824,158728.74040173323,3513826.4044960835,-125.79035926466587,-543.0600517567264,4706.594909919097,4739.490803912832,20168869.019650944,0.8258604075132275,1.6336158872579214,3.911377414586178e-07,1.4793573846551117e-05,0.04526257270542268,0.04518799578720629,-0.017700543020565746,117626.40449608304,0.020472485050508128,0.02037682557545384,6469.442129291594,-16539779887.274477,-1040390626.3903279,-206221035.23299578,-16538653735.29152,-1913787556.3925917,16572469079.01813,16650290607.140999,-0.9988227056269446,0.017681550907099188,-0.0451726187152084,0.01769961874448101,0.9998433494784571,0.0,-0.045165542400927204,0.0007995381289489961,0.998979196239046,4707.037592721072,-545.2014225171055,-0.11531302553324681,1.3327191007833924e-08,137.1910112402076,0.0,-31.136516860311392,-8.454494379896204,0.0,2.934064368683966e-17,2.279169074826599,1.5707963267948966,20.816844112531346,461.0,0.07102389613794308,8.481043686784497,0.0,0.1493856444210137,-1597.4335564427392,4.543079767870581,-72.23428582358562,0.0996343950519477,0.45419253370049023,-3.71624865246285,0.0928759075027395,0.45562258081901635,-3.71624865246285,-4.819202937468734e-17,7.399542420110096e-19,-1.2016155049560153e-18,-4.819770383369463e-17,2.3930951823758036e-20,-1.2016155049560153e-18,-1597.3406805352365,4.998702348689597,-75.95053447604847,-1061735.2901214175,269.15247330524824,128591.057302722,0.05595066399131044,4710.247195079179
209.89465798226348,2001.0,12.0,14.0,14.0,24.0,57.0,1.0,3510190.0252435594,-10071.850223325606,160140.71143477934,-118.04061273407103,-296.052547676393,4706.545281179309,3513855.503993461,4717.324366739215,3509651.7007677774,-62292.814867723486,160140.71143477934,3513855.5039934604,-126.84746717312599,-543.036054795951,4706.545281179309,4739.466944765815,20168651.4735231,0.8258585292842834,1.6336158567981278,3.90000710734799e-07,1.473681147435636e-05,0.045665294658397415,0.04558986515103644,-0.017747138493139098,117655.50399345998,0.02065460585824183,0.02055809483293814,6446.46563860029,-16539771407.054186,-1040389587.1733451,-206221773.7173009,-16538648094.468325,-1913769099.0818887,16572460550.284845,16650282891.80747,-0.9988036493757625,0.01772776791673088,-0.04557407419080867,0.017746206898618267,0.9998425236709586,0.0,-0.04556689735290564,0.0008087669498030695,0.9989609620809267,4706.995858066812,-545.2016008685247,-0.11531407630756708,1.3268992013080057e-08,137.26375998364995,0.0,-31.245639975474894,-8.418120008175036,0.0,2.93419952318273e-17,2.279191147231289,1.5707963267948966,20.811222230670808,461.0,0.07071271540273402,8.502304240638592,0.0,0.14873489347592103,-1597.3778259866724,4.5833844030375275,-72.87503515308902,0.100034631251275,0.4522829721314614,-3.7000655011172983,0.09329481978649706,0.45372115988859485,-3.7000655011172983,-4.7984013775854605e-17,7.379940503875871e-19,-1.2070815990015343e-18,-4.7989682592209655e-17,2.4040773313264823e-20,-1.2070815990015343e-18,-1597.284531166886,5.037105562926122,-76.57510065420631,-1061746.7423695512,269.3060115102142,128631.5542885794,0.05604313846935793,4710.215709493456
210.19465798226346,2001.0,12.0,14.0,14.0,24.0,58.0,1.0,3510154.457144415,-10160.665494699597,161552.66752421472,-119.08004196691566,-296.04925723457177,4706.495245987817,3513884.861021813,4717.300363514062,3509613.4879662185,-62455.72207322314,161552.66752421472,3513884.8610218125,-127.90453666781549,-543.0119665781122,4706.495245987817,4739.442906803833,20168434.87861868,0.8258566592294722,1.6336158264597604,3.882889217375357e-07,1.4679769117777102e-05,0.046068009956298527,0.045991727596322335,-0.017793734447984173,117684.86102181254,0.020836723139780362,0.020739360565866113,6423.377931393683,-16539762963.661785,-1040388552.2897462,-206222527.32409734,-16538642515.45486,-1913750492.2236335,16572452058.578865,16650275220.886688,-0.9987844299900163,0.017773980805694773,-0.045975515395013926,0.017792795496421432,0.9998416956840831,0.0,-0.04596823727250039,0.000818032943266058,0.9989425669097112,4706.953786587949,-545.2017847042033,-0.11531513642884916,1.3212135584101496e-08,137.3185762772657,0.0,-31.35572883179701,-8.4,0.0,2.934301981535819e-17,2.279207879950169,1.5707963267948966,20.806962462486172,461.0,0.07040867974728914,8.523471713246417,0.0,0.14809804084528533,-1597.321604538733,4.623685569773538,-73.51572965174346,0.10043650640712323,0.45041644727660496,-3.684218940025275,0.09371481056869174,0.45186281333677036,-3.684218940025275,-4.7779930423975244e-17,7.360833303397156e-19,-1.2125515129070203e-18,-4.7785593924853646e-17,2.415032317255158e-20,-1.2125515129070203e-18,-1597.2278897281644,5.075548383110308,-77.19994859176873,-1061758.1447880138,269.4595497151801,128672.1178813214,0.05613561478230712,4710.184173681169
210.4330038892465,2001.0,12.0,14.0,14.0,24.0,58.0,1.0,3510125.9764919817,-10231.227310076893,162674.4366355897,-119.90582793502132,-296.04662517240905,4706.455203715054,3513908.3683543545,4717.281165716675,3509582.9023615154,-62585.14446559167,162674.4366355897,3513908.368354355,-128.74433634525747,-542.9927637364988,4706.455203715054,4739.423681228309,20168263.449562892,0.8258551791040764,1.6336158024390595,3.871435241927702e-07,1.4634267983380989e-05,0.046387956989756236,0.04631099685465811,-0.017830754645137465,117708.36835435452,0.020981410304925195,0.020883371188413054,6404.953886255622,-16539756280.764727,-1040387733.0518641,-206223136.90730554,-16538638126.073725,-1913735602.6049366,16572445337.433521,16650269157.10653,-0.9987690441697928,0.017810693366173844,-0.046294444698845104,0.017829809820916816,0.999841036306147,0.0,-0.0462870855629109,0.0008254211447453588,0.9989278374287232,4706.920121005761,-545.2019346335958,-0.11531598534303436,1.3168059335585278e-08,137.34796044294316,0.0,-31.443881328829445,-8.4,0.0,2.9343575665882664e-17,2.279216957678129,1.5707963267948966,20.804652232447054,461.0,0.07017295738647697,8.540225356095581,0.0,0.14760345270853412,-1597.2765874126073,4.655701804530268,-74.02471328628587,0.10075807744875287,0.44896873666279413,-3.671905101596864,0.09405030505279174,0.4504216433423588,-3.671905101596864,-4.7621032153376234e-17,7.346075077449307e-19,-1.2169126700090764e-18,-4.7626691718955314e-17,2.4237386857832773e-20,-1.2169126700090764e-18,-1597.1825371075545,5.106123447872626,-77.69661838788274,-1061767.1696699336,269.61308792014603,128712.74808094805,0.056228092933117195,4710.1525876453425
210.6919011605685,2001.0,12.0,14.0,14.0,24.0,58.0,1.0,3510094.8170891213,-10307.87260150553,163892.91938392314,-120.80279059601773,-296.04374825361657,4706.411417882582,3513934.08677762,4717.2601846274465,3509549.4527226062,-62725.72110336625,163892.91938392314,3513934.08677762,-129.65651980184643,-542.9718398430056,4706.411417882582,4739.402669784998,20168077.89476684,0.8258535769894111,1.633615776430264,3.859947278198212e-07,1.4584674707295242e-05,0.04673548660911477,0.04665779006450599,-0.017870967257804796,117734.08677762002,0.0211385705582824,0.02103979656548144,6384.860839754343,-16539749047.01922,-1040386846.1520263,-206223810.02067125,-16538633401.464725,-1913719322.0651307,16572438062.27859,16650262601.27778,-0.9987522150539156,0.017850568495121538,-0.04664086329923671,0.01787001602681198,0.9998403185145124,0.0,-0.04663341561690066,0.0008334729746617066,0.9989117227616773,4706.883311483167,-545.2021013798811,-0.1153169141390171,1.311983729196246e-08,137.38010847202503,0.0,-31.54032541607508,-8.4,0.0,2.9344183719684973e-17,2.279226887950314,1.5707963267948966,20.80212564049668,461.0,0.06991507048324858,8.55835968248776,0.0,0.14706234935920662,-1597.2273376299443,4.69047611813083,-74.5775441761624,0.10109973346104498,0.44738450236718086,-3.658433239906101,0.0944073157622739,0.4488444137947878,-3.658433239906101,-4.744718457899285e-17,7.329778056082582e-19,-1.2215542858230879e-18,-4.745283963036086e-17,2.433005927990517e-20,-1.2215542858230879e-18,-1597.132930314182,5.139320531925618,-78.23597741606851,-1061776.9383743033,269.76662612511194,128753.4448874593,0.05632057292474747,4710.120951388974
210.965610668279,2001.0,12.0,14.0,14.0,24.0,58.0,1.0,3510061.6224435424,-10388.902171556749,165181.10256371528,-121.75104058882368,-296.0406864705374,4706.36479760266,3513961.485173605,4717.237858328105,3509513.83252511,-62874.33462260263,165181.10256371528,3513961.4851736045,-130.62086000125078,-542.9496449190307,4706.36479760266,4739.380311190345,20167882.472806655,0.8258518896494174,1.6336157490284349,3.8484250218108407e-07,1.4532039927497133e-05,0.047102893852823804,0.047024418552561446,-0.0179134809468478,117761.48517360445,0.021304719476285754,0.021205168564194455,6363.528970010579,-16539741428.407106,-1040385911.9120371,-206224534.156204,-16538628455.7686,-1913701988.8683457,16572430400.044283,16650255705.50331,-0.9987342910082365,0.017892721615728344,-0.04700708965099959,0.0179125229110439,0.9998395578906455,0.0,-0.046999547734381364,0.0008420155703550248,0.9988945557577851,4706.844123025181,-545.2022820801592,-0.11531790364335105,1.306958191359208e-08,137.41276130400496,0.0,-31.638283912014852,-8.38723869599505,0.0,2.93448023362539e-17,2.279236990725569,1.5707963267948966,20.799555807272995,461.0,0.06964629581476327,8.577458527722333,0.0,0.14649917033236692,-1597.1748726448845,4.727237093696694,-75.16195862877248,0.10146152414468185,0.4457317814428269,-3.644411405165319,0.09478507130722139,0.4471991191038314,-3.644411405165319,-4.726621001476552e-17,7.312904039310471e-19,-1.226464807954838e-18,-4.7271860531086164e-17,2.4428351159129407e-20,-1.226464807954838e-18,-1597.0800875735774,5.174436212800525,-78.8063700339378,-1061787.2267390285,269.92016433007785,128794.20830085523,0.056413054760157504,4710.089264915049
211.1372214555838,2001.0,12.0,14.0,14.0,24.0,59.0,1.0,3510040.6776384865,-10439.705781320574,165988.763010949,-122.34555970430797,-296.0387561427127,4706.335394704584,3513978.7727844273,4717.223784024565,3509491.3646977902,-62967.5094416832,165988.763010949,3513978.7727844273,-131.22546663518412,-542.9356903453181,4706.335394704584,4739.366216530806,20167760.32046881,0.8258508349285548,1.6336157318958577,3.839760639287592e-07,1.4498929386669094e-05,0.04733324847635905,0.04725428479463138,-0.017940136453197444,117778.77278442774,0.021408890232048564,0.021308852206656837,6350.106497772038,-16539736666.138073,-1040385327.8653859,-206224994.76687378,-16538625379.969614,-1913691057.6624675,16572425610.503433,16650251399.652166,-0.9987229837239223,0.017919149065259897,-0.04723670054484189,0.017939174134361156,0.9998390800680763,0.0,-0.047229099218205915,0.0008473873966065912,0.9988837240247921,4706.819409294707,-545.2023976678202,-0.11531852801270594,1.3038848383239569e-08,137.43196976047528,0.0,-31.69590928142581,-8.36803023952473,0.0,2.934516721278365e-17,2.279242949611511,1.5707963267948966,20.79804035811776,461.0,0.0694819121530407,8.5893966318568,0.0,0.1461554149069892,-1597.141769724468,4.75028402753411,-75.52835167940096,0.10169203686726361,0.4447197215789499,-3.635852356173622,0.095025264224747,0.44619177522954034,-3.635852356173622,-4.7155717663613313e-17,7.302744502917486e-19,-1.2295861027881046e-18,-4.7161365643203267e-17,2.4491044235862714e-20,-1.2295861027881046e-18,-1597.0467444602434,5.196475802763651,-79.16420403557458,-1061793.6577849146,270.07370253504376,128835.03832113575,0.05650553844230713,4710.057528226518
211.342478973735,2001.0,12.0,14.0,14.0,24.0,59.0,1.0,3510015.4923163475,-10500.46972382929,166954.77010973784,-123.05662638717057,-296.0364365747832,4706.300052037472,3513999.5605332092,4717.206873233948,3509464.3554698075,-63078.94935777151,166954.77010973784,3513999.560533209,-131.94859788435306,-542.9189605452292,4706.300052037472,4739.3492812844115,20167614.599533927,0.8258495766893952,1.633615711453043,3.828177624543073e-07,1.4459202614994364e-05,0.04760876443082642,0.04752921649802618,-0.017972018365383178,117799.56053320877,0.021533483580325755,0.02143286293683283,6334.004773236811,-16539730984.909708,-1040384631.0473099,-206225552.3989025,-16538621726.597292,-1913677918.8659768,16572419896.736319,16650246267.580954,-0.9987093894050705,0.017950756188540903,-0.04751132355987101,0.01797105090698916,0.9998385076247556,0.0,-0.04750365084337832,0.0008538284143528754,0.9988706994068798,4706.789705085272,-545.202538242411,-0.11531927881552365,1.3001892385406623e-08,137.45506725912085,0.0,-31.76520177736258,-8.34493274087914,0.0,2.934560592292268e-17,2.279250114291798,1.5707963267948966,20.796218555765748,461.0,0.0692842509110193,8.60363811926424,0.0,0.14574205722803546,-1597.1019656386957,4.777848095761599,-75.96655687096525,0.1019633163354619,0.4435025695600977,-3.6255603497321323,0.09530825434607579,0.4449802060070071,-3.6255603497321323,-4.7022850629562694e-17,7.290440246066536e-19,-1.233263954862078e-18,-4.7028495437171124e-17,2.4564933428092352e-20,-1.233263954862078e-18,-1597.0066573843496,5.222828301768606,-79.59211722069738,-1061801.3297663312,270.2272407400097,128875.93494830094,0.05659802397415636,4710.025741326321
211.61502995357898,2001.0,12.0,14.0,14.0,24.0,59.0,1.0,3509981.8244454633,-10581.154322953027,168237.47037249614,-124.00078785581422,-296.03333841006605,4706.252827902046,3514027.349808428,4717.1842886382,3509428.2619003966,-63226.91941784336,168237.47037249614,3514027.349808428,-132.90877800400563,-542.8966798570025,4706.252827902046,4739.326664032168,20167421.74888699,0.8258479114783152,1.6336156843907763,3.813649383804144e-07,1.4406286663263631e-05,0.04797460298029468,0.04789427905879192,-0.018014353094077947,117827.34980842797,0.021698922081869167,0.021597527810743863,6312.5451689735055,-16539723466.054304,-1040383708.7217151,-206226304.21699113,-16538616918.489798,-1913660364.1788397,16572412334.809944,16650239483.398941,-0.9986912202296085,0.017992722629574943,-0.04787597068123782,0.018013378782831272,0.9998377459292214,0.0,-0.04786820261010231,0.0008624079944768614,0.9988532882417364,4706.750018324203,-545.2027288224328,-0.11532028253093844,1.2952489229461395e-08,137.48594423158661,0.0,-31.85783269475988,-8.314055768413374,0.0,2.9346192325325507e-17,2.2792596909697953,1.5707963267948966,20.79378395544573,461.0,0.0690200227777727,8.622485635996991,0.0,0.14518946998049326,-1597.048756869607,4.814446399701055,-76.54838581955653,0.10231603390575078,0.4418751503477935,-3.611801806352102,0.09567674562493858,0.44336010153791316,-3.611801806352102,-4.684522606242392e-17,7.273844132113192e-19,-1.2380537141636316e-18,-4.6850866424750924e-17,2.4661190787827095e-20,-1.2380537141636316e-18,-1596.9530801239819,5.257806501238968,-80.16018762590863,-1061811.4832245111,270.3807789449756,128916.89818235073,0.05669051135866546,4709.993904217366
211.86443440446013,2001.0,12.0,14.0,14.0,24.0,59.0,1.0,3509950.7903599893,-10654.98599972508,169411.22535506502,-124.86473808631152,-296.0304852451475,4706.209320093225,3514052.965274097,4717.163492560351,3509395.004294747,-63362.31771675815,169411.22535506502,3514052.965274097,-133.78738522059422,-542.8762253649273,4706.209320093225,4739.30583788839,20167245.927146018,0.8258463932806328,1.6336156597100322,3.801986820153341e-07,1.4357692176532979e-05,0.048309367449658115,0.04822833325333454,-0.018053092892291244,117852.96527409647,0.021850307975770644,0.021748205778911123,6292.83046592772,-16539716610.943604,-1040382867.6930255,-206227003.62611055,-16538612561.967813,-1913644192.0549068,16572405440.422718,16650233306.043781,-0.9986744761603255,0.018031121995856395,-0.04820963913440927,0.01805211228182793,0.9998370473442981,0.0,-0.04820178324568188,0.000870285818720762,0.99883723934109,4706.713458106379,-545.2029071421811,-0.11532120776522944,1.290569011106914e-08,137.53241318524115,0.0,-31.964826370482292,-8.283793407379427,0.0,2.934706077686291e-17,2.27927387385972,1.5707963267948966,20.7901794352449,461.0,0.06876976492605644,8.639668858904923,0.0,0.14466624260592897,-1596.9997121058389,4.847933942774021,-77.08076103590841,0.10262192764951061,0.4403496988640528,-3.5987811357262687,0.09599767450664379,0.4418411069756636,-3.5987811357262687,-4.6677537864493016e-17,7.257785493692167e-19,-1.2422379631675968e-18,-4.668317344888111e-17,2.4745415443918518e-20,-1.2422379631675968e-18,-1596.9037144313322,5.289775049749684,-80.67954217163468,-1061820.740291357,270.5343171499415,128957.92802328517,0.0567830005987949,4709.9620169025475
212.11383885534127,2001.0,12.0,14.0,14.0,25.0,0.0,1.0,3509919.540804505,-10728.816962951485,170584.9694548504,-125.72866153205457,-296.02761479903955,4706.165531485277,3514078.7586846487,4717.142573083238,3509361.5275637186,-63497.71090656664,170584.9694548504,3514078.7586846487,-134.6659644335068,-542.855707830754,4706.165531485277,4739.284888170507,20167070.757923495,0.8258448806923202,1.6336156351101636,3.7932163659804856e-07,1.4308948177180433e-05,0.0486441270387785,0.0485623824022433,-0.01809183304460833,117878.75868464867,0.022001691311155935,0.021898881189687313,6273.043629549444,-16539709781.107836,-1040382029.597472,-206227714.05800027,-16538608247.97039,-1913627916.5581715,16572398571.444717,16650227159.198477,-0.9986576194089923,0.018069518433427027,-0.048543297168075386,0.018090846107778325,0.9998363472524414,0.0,-0.04853535292411828,0.0008781893186318032,0.9988210792229266,4706.6766651863345,-545.2030892411617,-0.11532213945722637,1.2857327466283742e-08,137.59689671162167,0.0,-32.09379342324335,-8.251551644189162,0.0,2.934825728516213e-17,2.2792934143231425,1.5707963267948966,20.785215420926946,461.0,0.06851118710989307,8.656788159031317,0.0,0.14412575415094767,-1596.9503283452182,4.881418953499428,-77.61309620198367,0.10291113929591204,0.4387885435130156,-3.585337402566397,0.09630251370504804,0.4402861732595577,-3.585337402566397,-4.650478864776263e-17,7.240868427219177e-19,-1.246225743820833e-18,-4.651041875329897e-17,2.4825826289785565e-20,-1.246225743820833e-18,-1596.8540258315131,5.321705126758985,-81.19843360455006,-1061829.9631634187,270.6878553549074,128999.02447110425,0.05687549169750546,4709.930079384733
212.41383885534125,2001.0,12.0,14.0,14.0,25.0,0.0,1.0,3509881.6663334626,-10817.624726297645,171996.8111618507,-126.76780943094947,-296.02413915876036,4706.112487819223,3514110.0204345235,4717.11724642081,3509320.9692576723,-63660.563906332136,171996.8111618507,3514110.0204345235,-135.7227396298446,-542.8309444974408,4706.112487819223,4739.259524900979,20166860.929136533,0.8258430687853736,1.63361560562813,3.778553704352987e-07,1.4250091939278694e-05,0.04904679127530524,0.04896419184992716,-0.018138432708437718,117910.02043452347,0.022183781689126634,0.02208012003112177,6249.149267368019,-16539701599.679749,-1040381025.4152775,-206228583.327668,-16538603115.607876,-1913608202.4265647,16572390343.113815,16650219806.253914,-0.9986371937278563,0.018115700287169845,-0.048944628984775806,0.018137438125785433,0.9998355031395081,0.0,-0.04893657774696987,0.0008877301798008955,0.9988014934377815,4706.6321001080005,-545.2033133035915,-0.11532326871273654,1.2798711685268489e-08,137.67505108630868,0.0,-32.25010217261736,-8.212474456845658,0.0,2.934970709922324e-17,2.2793170915835925,1.5707963267948966,20.779203778413585,461.0,0.06819779942504481,8.67729455343079,0.0,0.1434706647887494,-1596.890477260406,4.921693536764442,-78.25337033383083,0.10324881032005417,0.4368956006401779,-3.5690431360096926,0.09665928369432095,0.4384005766042617,-3.5690431360096926,-4.629539395508354e-17,7.220172314451056e-19,-1.2508949953872766e-18,-4.630101715222941e-17,2.4920029033149545e-20,-1.2508949953872766e-18,-1596.7938179767116,5.360094113368704,-81.82241346984053,-1061841.011114506,270.8413935598733,129040.18752580798,0.05696798465775811,4709.898091666767
212.71383885534124,2001.0,12.0,14.0,14.0,25.0,0.0,1.0,3509843.4801233397,-10906.431443589563,173408.63690109353,-127.80691800953676,-296.0206385482041,4706.059038163811,3514141.539631414,4717.091741467499,3509280.093924617,-63823.40946379679,173408.63690109353,3514141.539631414,-136.77947373382287,-542.8060899978029,4706.059038163811,4739.233983088079,20166652.06466908,0.825841265169912,1.6336155762662972,3.763833922241677e-07,1.4191022894667467e-05,0.04944944833004418,0.049365993891299254,-0.018185032893044847,117941.5396314147,0.02236586831587642,0.022261355122983637,6225.156016729772,-16539693455.613333,-1040380025.5796493,-206229468.78539932,-16538598045.558523,-1913588338.8487005,16572382152.343771,16650212498.251348,-0.998616605036544,0.018161877870887064,-0.04934594550203624,0.01818403062509821,0.9998346568459334,0.0,-0.04933778648776654,0.0008973081842334542,0.9987817467607776,4706.5871986205775,-545.2035428660968,-0.11532440731251509,1.2739613191097442e-08,137.72692453926837,0.0,-32.38077361780511,-8.2,0.0,2.935067839709038e-17,2.2793329540815437,1.5707963267948966,20.775178304868845,461.0,0.0678818266159023,8.69770656335086,0.0,0.14280835476730253,-1596.830135831035,4.961964401582656,-78.89358564995528,0.10357284809824242,0.4349615400066643,-3.5525589283618206,0.0970031221600596,0.43647367668549175,-3.5525589283618206,-4.608289909902198e-17,7.198877129196046e-19,-1.2553806228128603e-18,-4.6088514862065455e-17,2.500997851074157e-20,-1.2553806228128603e-18,-1596.733132708875,5.398438078268148,-82.4461445783171,-1061852.0085203536,270.99493176483924,129081.41718739632,0.05706047948251403,4709.866053751479
213.01383885534122,2001.0,12.0,14.0,14.0,25.0,1.0,1.0,3509804.982186593,-10995.237106950864,174820.44654446392,-128.84598694091616,-296.01711299752236,4706.00518268604,3514173.3162652743,4717.066058367854,3509238.9015775463,-63986.247551235916,174820.44654446392,3514173.3162652743,-137.83616641410148,-542.7811443704048,4706.00518268604,4739.208262877213,20166444.176096577,0.8258394699464096,1.6336155470288163,3.7520165181202426e-07,1.4131761943518996e-05,0.049852098140908095,0.04976778846653361,-0.018231633602909733,117973.31626527477,0.022547951166304474,0.02244258644016404,6201.068857267499,-16539685349.359865,-1040379030.1878902,-206230370.56199884,-16538593038.26989,-1913568325.933089,16572373999.591082,16650205235.649973,-0.9985958533505194,0.018208051166707394,-0.04974724659575306,0.018230623610093425,0.9998338083715649,0.0,-0.049738979019831146,0.0009069233283256755,0.998761839206996,4706.541960884605,-545.2037779578917,-0.11532555525929222,1.2680032002609797e-08,137.76664533159348,0.0,-32.4999359947804,-8.2,0.0,2.9351428559072106e-17,2.2793452051564214,1.5707963267948966,20.772070413468537,461.0,0.06756327724575552,8.718023393956745,0.0,0.14213979430805546,-1596.7693041370267,5.002231518045684,-79.5337416735388,0.10388440348147035,0.4329995402600489,-3.5359144467384462,0.09733498348164608,0.4345186671970979,-3.5359144467384462,-4.586802876034873e-17,7.177097713395646e-19,-1.2597037831948026e-18,-4.5873636653813077e-17,2.5096413930142104e-20,-1.2597037831948026e-18,-1596.671969153545,5.436750185242782,-83.06965612027724,-1061862.9547683038,271.14846996980515,129122.7134558693,0.057152976174734735,4709.833965641666
213.29123608834993,2001.0,12.0,14.0,14.0,25.0,1.0,1.0,3509769.1074112225,-11077.350980288194,176125.87241171135,-129.80673421304823,-296.01383089158224,4705.955023820068,3514202.9278309606,4717.042151872665,3509200.5306912265,-64136.8103301252,176125.87241171135,3514202.9278309606,-138.8132080320431,-542.7579971428096,4705.955023820068,4739.184321843155,20166252.825870786,0.8258378175088993,1.6336155201060711,3.7342202920144023e-07,1.4076771363428266e-05,0.05022440478367151,0.05013930411736015,-0.01827472376752406,118002.9278309606,0.022716312045832802,0.02261015994463541,6178.7154073268175,-16539677887.778507,-1040378113.784208,-206231219.02963704,-16538588464.36534,-1913549688.005322,16572366495.19762,16650198560.9123,-0.9985765201263374,0.018250741817494236,-0.05011829880877708,0.018273706596544825,0.9998330218827659,0.0,-0.050109930149603014,0.0009158470875495543,0.9987432884002346,4706.49983238106,-545.2040002696356,-0.11532662503440398,1.2624510316948873e-08,137.80365978870077,0.0,-32.61097936610226,-8.2,0.0,2.9352127501036573e-17,2.2793566197449366,1.5707963267948966,20.769175587285723,461.0,0.06726644216453784,8.736724140239915,0.0,0.141516792945733,-1596.7126194789046,5.039461445846852,-80.12561353471435,0.1041622844134838,0.4311706846790141,-3.5204043104217315,0.09763193754105995,0.4326961354031069,-3.5204043104217315,-4.5667793335607004e-17,7.15661752920903e-19,-1.26357341876488e-18,-4.5673393635334806e-17,2.5173797147271012e-20,-1.26357341876488e-18,-1596.6149875413635,5.472157581249959,-83.64601784513607,-1061873.0303990096,271.30200817477106,129164.0763312269,0.05724547473738194,4709.80182734011
213.41939234667907,2001.0,12.0,14.0,14.0,25.0,1.0,1.0,3509752.443424752,-11115.286907692938,176728.96850781594,-130.250583466609,-296.01230736058693,4705.931733375646,3514216.682567951,4717.031055631735,3509182.7119864263,-64206.3674774627,176728.96850781594,3514216.6825679513,-139.26458468355918,-542.7472769089148,4705.931733375646,4739.17320957264,20166164.694149684,0.8258370564223885,1.6336155077026229,3.7282693395605316e-07,1.4051313040685104e-05,0.05039640663681919,0.05031094047082802,-0.018294631381334237,118016.68256795174,0.02279409290148564,0.022687577037055866,6168.36096804589,-16539674451.068848,-1040377691.6477444,-206231615.7884313,-16538586368.95093,-1913541034.2072625,16572363038.765953,16650195489.909277,-0.9985675412086865,0.018270463456608783,-0.050289718725788524,0.01829361088259676,0.9998326578987486,0.0,-0.05028130313858561,0.0009199805457648151,0.9987346715672192,4706.4802720136,-545.204104561076,-0.11532712196469201,1.2602195720080445e-08,137.83707237322608,0.0,-32.65560855983911,-8.181463813386964,0.0,2.935274725026446e-17,2.279366741017916,1.5707963267948966,20.766609451552398,461.0,0.06714709147922258,8.745337309314152,0.0,0.14126741421768715,-1596.6862899043097,5.056660405526601,-80.39903827804261,0.10431731168883977,0.43043699839778937,-3.514203327030788,0.09779411499527979,0.43196576505549034,-3.514203327030788,-4.5588150349572486e-17,7.149145575023093e-19,-1.2656944402957984e-18,-4.559374868603206e-17,2.521655616491071e-20,-1.2656944402957984e-18,-1596.5884957893145,5.488626170582091,-83.9132416050734,-1061877.6710780468,271.455546379737,129205.50581346915,0.05733797517341751,4709.769638849575
213.60188515489995,2001.0,12.0,14.0,14.0,25.0,1.0,1.0,3509728.6159599763,-11169.306826394228,177587.76416952224,-130.88260616880743,-296.01012998348324,4705.898439988651,3514236.350202707,4717.01519831535,3509157.2385532334,-64305.41355715265,177587.76416952224,3514236.3502027066,-139.90732573665693,-542.7319827096597,4705.898439988651,4739.15732935069,20166039.474321056,0.825835975040146,1.6336154900760405,3.7223088731756417e-07,1.4014999587252506e-05,0.05064133266872952,0.05055534596099005,-0.018322979727678244,118036.35020270664,0.022904850596325948,0.0227978167384266,6153.5852132588625,-16539669568.02778,-1040377091.8036009,-206232185.98872942,-16538583403.751055,-1913528664.1611218,16572358127.699625,16650191130.012104,-0.9985547040257607,0.01829854544457245,-0.050533813458300464,0.01832195447771449,0.9998321389033844,0.0,-0.05052533079695719,0.000925878229768297,0.9987223506547561,4706.4523121143875,-545.2042547771196,-0.11532783253084955,1.2569416328822263e-08,137.88077822823698,0.0,-32.72116734235547,-8.15961088588151,0.0,2.935355924674825e-17,2.2793800019268464,1.5707963267948966,20.763248285582883,461.0,0.06697178801119001,8.757575076482832,0.0,0.14090078926126456,-1596.648642592276,5.081150292351365,-80.78837244363693,0.10452736581280522,0.42935865090851916,-3.5050847384353037,0.09801488354352446,0.43089198636978265,-3.5050847384353037,-4.54709091887294e-17,7.137873090590428e-19,-1.2685809144069068e-18,-4.547650421879603e-17,2.5274692401902038e-20,-1.2685809144069068e-18,-1596.5506277087325,5.5120422787211485,-84.29345718207223,-1061884.2647446003,271.6090845847029,129247.00190259604,0.05743047748580375,4709.737400172794
213.84165921034443,2001.0,12.0,14.0,14.0,25.0,1.0,1.0,3509697.1341543333,-11240.28203136848,178716.11125646066,-131.7129867057439,-296.00725507574214,4705.85446760804,3514262.3359467513,4716.994262899942,3509123.5911657517,-64435.54419157644,178716.11125646066,3514262.3359467513,-140.75178791575433,-542.7118366267948,4705.85446760804,4739.136363697806,20165875.446271945,0.8258345584958801,1.6336154669805214,3.7073657824470996e-07,1.39671342935384e-05,0.05096313246134716,0.050876461689917676,-0.018360226419081114,118062.33594675083,0.023050370992372986,0.02294265655298662,6134.116346120834,-16539663171.497328,-1040376305.9459894,-206232944.5318929,-16538579541.06482,-1913512327.162268,16572351694.451712,16650185425.085814,-0.998537745822662,0.018335439427067512,-0.05085451630301074,0.018359194904129114,0.9998314557776586,0.0,-0.0508459450681079,0.0009336479765621857,0.9987060719609082,4706.4153864329965,-545.2044551897851,-0.11532877138908496,1.252610675541528e-08,137.93852432611297,0.0,-32.807786489169445,-8.130737836943519,0.0,2.935463190293408e-17,2.279397519731761,1.5707963267948966,20.758809868348084,461.0,0.06674017522485816,8.773605484611362,0.0,0.14041638267831444,-1596.5989028266408,5.113324960180386,-81.29987752298221,0.10479754758271453,0.427933607927582,-3.4930367003292804,0.09829931033595425,0.42947286801466816,-3.4930367003292804,-4.5315994404040555e-17,7.122869462994528e-19,-1.272300848309689e-18,-4.532158491178998e-17,2.534964130761325e-20,-1.272300848309689e-18,-1596.5006035163049,5.542797828195054,-84.7929142233115,-1061892.9020489827,271.7626227896688,129288.56459860754,0.05752298167750306,4709.705111312483
214.14165921034441,2001.0,12.0,14.0,14.0,25.0,2.0,1.0,3509657.4644197454,-11329.083665585506,180127.85929944806,-132.75190371210738,-296.00363553269483,4705.799084548677,3514295.0802955832,4716.967907917852,3509081.207148202,-64598.3539515884,180127.85929944806,3514295.0802955832,-141.80832194541114,-542.6865482559338,4705.799084548677,4739.109970655891,20165671.020445496,0.825832793046348,1.6336154381870744,3.6923622171175294e-07,1.3907063025957082e-05,0.05136575454220157,0.05127822767795915,-0.01840682914467344,118095.08029558323,0.023232439407129858,0.02312387344071801,6109.671070717275,-16539655199.379456,-1040375326.3666245,-206233908.6807881,-16538574761.667849,-1913491752.0313337,16572343676.56276,16650178325.094852,-0.9985163815137167,0.01838159644413101,-0.05125575831961661,0.01840578975514805,0.9998305991034128,0.0,-0.05124707554820201,0.0009434027113715439,0.9986855597429458,4706.3688826173875,-545.2047108273509,-0.11532995447726667,1.2471109482729354e-08,138.00635036947904,0.0,-32.9190511084371,-8.093649630520966,0.0,2.935589341984021e-17,2.2794181218663034,1.5707963267948966,20.753592489726593,461.0,0.06644607358491388,8.793583808956884,0.0,0.13980128899376792,-1596.5362287582175,5.153577719223545,-81.93980640437728,0.10512269143385095,0.42612437903054073,-3.4777357726570965,0.09864274508300493,0.42767087286948813,-3.4777357726570965,-4.511911920236519e-17,7.103528025809948e-19,-1.2767918234893346e-18,-4.512470356132785e-17,2.5440197711579155e-20,-1.2767918234893346e-18,-1596.4375860131345,5.581248592093033,-85.41754217703438,-1061903.6667953618,271.9161609946347,129330.19390150369,0.05761548775147818,4709.672772271337
214.43834718300184,2001.0,12.0,14.0,14.0,25.0,2.0,1.0,3509617.92611595,-11416.903850059532,181524.00511509433,-133.77931050253827,-296.0000313754875,4705.743913469332,3514327.7162838653,4716.94166824718,3509038.979329733,-64759.35880232362,181524.00511509433,3514327.7162838653,-142.8531494949487,-542.6614494401088,4705.743913469332,4739.08369309751,20165469.764967438,0.8258310549432905,1.6336154098285114,3.680315326222342e-07,1.3847468784792509e-05,0.05176392423668115,0.05167555051850778,-0.018452917909981815,118127.71628386527,0.02341249393093816,0.023303085840026265,6085.406389847398,-16539647350.666948,-1040374361.7714292,-206234878.80028018,-16538570094.947159,-1913471257.0290983,16572335782.776443,16650171346.331268,-0.9984950928367817,0.018427239583336787,-0.05165255484683204,0.018451870693413395,0.9998297497413815,0.0,-0.05164376098601106,0.0009530862630181881,0.9986651158310252,4706.322561151678,-545.2049690306269,-0.1153311336973787,1.2413996503235785e-08,138.04714535483157,0.0,-33.04143606449475,-8.052854645168418,0.0,2.9356663068336276e-17,2.2794306911801105,1.5707963267948966,20.750410707330786,461.0,0.06614069891221698,8.813252150951055,0.0,0.13916276837782843,-1596.473764824508,5.193382258653813,-82.57260988316013,0.10541441634338507,0.4242495305952823,-3.4618389821929036,0.09895393878154825,0.42580274938397417,-3.4618389821929036,-4.491391639018071e-17,7.082646187824129e-19,-1.2808491015090575e-18,-4.491949323946474e-17,2.5522226479456812e-20,-1.2808491015090575e-18,-1596.3748108857264,5.619185008037787,-86.03444886535303,-1061914.2648093216,272.0696991996006,129371.88981128446,0.05770799571069203,4709.6403830520285
214.73724317388763,2001.0,12.0,14.0,14.0,25.0,2.0,1.0,3509577.785334563,-11505.3765272178,182930.52475157502,-134.81432248539045,-295.99637570980013,4705.687930352725,3514360.849697819,4716.915056882818,3508996.123791595,-64921.55434406176,182930.52475157502,3514360.849697819,-143.90571010118555,-542.6360737362157,4705.687930352725,4739.057043314302,20165267.94831948,0.8258293119608552,1.6336153813788028,3.665201031043801e-07,1.3787246550048957e-05,0.05216504968751605,0.052075822611448545,-0.018499350223815127,118160.84969781898,0.02359388457312866,0.02348362809212716,6060.874865740538,-16539639479.83918,-1040373394.2721138,-206235872.97888964,-16538565454.444162,-1913450461.748626,16572327866.73619,16650164359.4231,-0.9984734846147957,0.0184732180674173,-0.05205228847439051,0.018498295082225842,0.9998288919005346,0.0,-0.05204338190623683,0.0009628785919044188,0.998644360753406,4706.275562282804,-545.2052345984064,-0.11533233093815685,1.2356013028816773e-08,138.08856212227374,0.0,-33.165686366821205,-8.011437877726266,0.0,2.935744432169217e-17,2.2794434500156613,1.5707963267948966,20.74718197831854,461.0,0.06583068115656975,8.832975180676527,0.0,0.13851450133591447,-1596.4103516224059,5.233479156414542,-83.21006149555797,0.10569736278118941,0.4223454657635794,-3.4456996564041926,0.09925681197998722,0.42390530808840154,-3.4456996564041926,-4.4705573012293093e-17,7.061248892943173e-19,-1.2847993049936683e-18,-4.4711141958651594e-17,2.5602149414713378e-20,-1.2847993049936683e-18,-1596.3110948104259,5.657384464502943,-86.65576115196215,-1061924.8925866429,272.22323740456653,129413.65232794988,0.057800505558107874,4709.607943657208
214.99726516544584,2001.0,12.0,14.0,14.0,25.0,2.0,1.0,3509542.6135882884,-11582.341678343093,184154.100726111,-135.71468850983229,-295.9931753744019,4705.638900878264,3514389.881621718,4716.891762803588,3508958.5860999883,-65062.64877822909,184154.100726111,3514389.881621718,-144.82134093886432,-542.6139248465654,4705.638900878264,4739.033715609916,20165093.16723875,0.8258278024435094,1.6336153567301437,3.650024149988877e-07,1.373469216529113e-05,0.05251399913578546,0.05242402952515094,-0.018539744063894678,118189.88162171794,0.023751680607602157,0.02364068607827157,6039.467264145613,-16539632663.208878,-1040372556.2008659,-206236751.7134297,-16538561468.129442,-1913432250.5688667,16572321010.939245,16650158317.877048,-0.9984545552130877,0.018513213095243116,-0.0524000201824884,0.01853868199548972,0.9998281438676699,0.0,-0.052391014917685816,0.0009714273107203956,0.9986261752452089,4706.2344047168845,-545.2054701019189,-0.11533338001486534,1.2302721959278856e-08,138.14970405429486,0.0,-33.27455608144229,-8.0,0.0,2.935858050734049e-17,2.2794620053354335,1.5707963267948966,20.74248824958674,461.0,0.06554582211502297,8.850056037745155,0.0,0.1379171728743697,-1596.3547904629934,5.2683579197512,-83.76455659472974,0.10591195043705438,0.4205907940329461,-3.4308400322719046,0.09949030102280282,0.422155939521212,-3.4308400322719046,-4.4514238390271985e-17,7.040945949968015e-19,-1.2878636321681825e-18,-4.4519799079020565e-17,2.566375474674843e-20,-1.2878636321681825e-18,-1596.2553001619706,5.690513859272412,-87.19539662700164,-1061934.0968277957,272.37677560953244,129455.48145149995,0.057893017296689143,4709.575454089506
215.25728715700404,2001.0,12.0,14.0,14.0,25.0,3.0,1.0,3509507.207730298,-11659.30599538679,185377.6639205438,-136.61502298784453,-295.9899563734287,4705.5895672049965,3514419.106880659,4716.868335428541,3508920.8103276477,-65203.73744480258,185377.6639205438,3514419.106880659,-145.73693886882305,-542.5917076156775,4705.5895672049965,4739.010254421556,20164919.15892007,0.8258262995756657,1.6336153321808546,3.6378370570343046e-07,1.3682049515450952e-05,0.05286294276925609,0.052772230500667476,-0.01858013832496126,118219.10688065924,0.023909473650164766,0.023797741073785402,6018.003707133234,-16539625876.544367,-1040371721.6649065,-206237643.4425838,-16538557530.500715,-1913413927.461877,16572314185.270933,16650152312.007832,-0.9984355034542562,0.018553204800515772,-0.052747739607266704,0.01857906929941909,0.9998273941956018,0.0,-0.052738635041241606,0.0009800039095511212,0.998607868968758,4706.192995184479,-545.2057098242537,-0.1153344361145527,1.2247924598763926e-08,138.2227672016481,0.0,-33.38415080247215,-8.0,0.0,2.935993325517759e-17,2.2794840973841457,1.5707963267948966,20.736902729721997,461.0,0.06525294716955846,8.867061407742076,0.0,0.13730229712758332,-1596.2988614715418,5.303233697593975,-84.31900444791997,0.10610716039285638,0.4187841680824229,-3.415548894215961,0.09970527182373348,0.42035433588066845,-3.415548894215961,-4.4317552547709606e-17,7.019707344463778e-19,-1.2906960382914638e-18,-4.4323104191682284e-17,2.5720503454213334e-20,-1.2906960382914638e-18,-1596.1991561997181,5.723588033474644,-87.73455334213592,-1061943.2605326064,272.53031381449836,129497.3771819346,0.057985530929399634,4709.542914351528
215.55728715700403,2001.0,12.0,14.0,14.0,25.0,3.0,1.0,3509466.0674149757,-11748.102421974098,186789.33220013257,-137.65374309224342,-295.9862192850998,4705.532270786362,3514453.065680551,4716.841140679411,3508876.930796248,-65366.51110129162,186789.33220013257,3514453.065680551,-146.7932674638028,-542.5659896357488,4705.532270786362,4738.983020426848,20164719.37063932,0.8258245740223239,1.6336153039824362,3.622545534713055e-07,1.3621136694575512e-05,0.053265528715994714,0.05317395944417319,-0.018626743672371347,118253.06568055088,0.024091523412225153,0.02397893931666352,5993.173603266478,-16539618084.197922,-1040370763.2761217,-206238688.5372771,-16538553048.480587,-1913392648.2147825,16572306348.129177,16650145427.602081,-0.9984133705074183,0.018599341029650034,-0.05314890502427638,0.01862566658228142,0.9998265272257811,0.0,-0.05313968513627513,0.0009899337841955138,0.9985865980948876,4706.14490612012,-545.2059916646343,-0.11533566331390503,1.2184251848967108e-08,138.3076642013772,0.0,-33.51149630206579,-8.0,0.0,2.9361504679960583e-17,2.2795097606984025,1.5707963267948966,20.73041818217748,461.0,0.06491264757294453,8.88658629155913,0.0,0.13658783980744774,-1596.23387654003,5.343467841200705,-84.95863875206555,0.10632104867608905,0.41668425063886066,-3.397781231217867,0.0999422802357366,0.41826005157477525,-3.397781231217867,-4.4088992146000944e-17,6.994835273377566e-19,-1.2938220007284022e-18,-4.409453300449005e-17,2.578315511214711e-20,-1.2938220007284022e-18,-1596.1339342597942,5.761727892775481,-88.35641998328342,-1061953.7820684798,272.6838520194643,129539.33951925396,0.0580780464592033,4709.510324445865
215.67330697204457,2001.0,12.0,14.0,14.0,25.0,3.0,1.0,3509450.073550747,-11782.442604215916,187335.26589299287,-138.05543873482426,-295.9847673505864,4705.510003663115,3514466.2676637345,4716.830575846613,3508859.8761710827,-65429.458928822525,187335.26589299287,3514466.267663735,-147.201772397451,-542.5560192439071,4705.510003663115,4738.972440349109,20164642.36726937,0.8258239089425603,1.6336152931108117,3.619479477849956e-07,1.3597552496661059e-05,0.053421219774134464,0.05332931902445761,-0.01864476763730706,118266.26766373497,0.02416192693159477,0.024049013526164814,5983.550173267722,-16539615080.772655,-1040370393.8315091,-206239097.3969382,-16538551331.947145,-1913384378.8213804,16572303327.43518,16650142777.341684,-0.9984047673058535,0.018617182225031628,-0.05330404437699305,0.01864368741752356,0.9998261913550163,0.0,-0.053294779673267734,0.0009937839414544628,0.9985783288521014,4706.126218422931,-545.2061021492581,-0.11533614041880436,1.2164694745301167e-08,138.31807518192775,0.0,-33.55422554578321,-7.981924818072262,0.0,2.9361705033807853e-17,2.2795130327250375,1.5707963267948966,20.72959171454587,461.0,0.06480802736409816,8.894111662190003,0.0,0.1363693266450314,-1596.2086134848862,5.359026622000693,-85.20598918944923,0.10644663997229421,0.41604078211317735,-3.392338306395847,0.10007425378239419,0.41761940001948245,-3.392338306395847,-4.401863832071805e-17,6.988052942771987e-19,-1.2955384302132036e-18,-4.402417724259356e-17,2.581786601799061e-20,-1.2955384302132036e-18,-1596.1085392311038,5.776646022020175,-88.59832749584507,-1061957.8373856284,272.83739022443024,129581.36846345791,0.0581705638890644,4709.477684375079
215.8338080776052,2001.0,12.0,14.0,14.0,25.0,3.0,1.0,3509427.8709053844,-11829.948325015472,188090.50297228698,-138.61113148828372,-295.9827525796488,4705.479099228559,3514484.5946558425,4716.815916364969,3508836.2047731304,-65516.538661392275,188090.50297228698,3514484.5946558425,-147.76688463242058,-542.5422037919292,4705.479099228559,4738.957759715335,20164536.057629917,0.8258229907360463,1.633615278098874,3.6102656840043614e-07,1.3564870053521922e-05,0.05363659990506849,0.05354424053893475,-0.018669702021363623,118284.59465584252,0.024259321735267195,0.024145952764971192,5970.2155139148235,-16539610934.234657,-1040369883.7330903,-206239667.33006418,-16538548971.829584,-1913372902.0924165,16572299157.053286,16650139121.234013,-0.9983928255393973,0.01864186252545176,-0.053518659111011356,0.018668617461970422,0.9998257261753464,0.0,-0.05350933220959775,0.000999119374021069,0.9985668496034501,4706.100282883883,-545.2062563297882,-0.11533680274768113,1.213618609091163e-08,138.3384385064917,0.0,-33.61531551947508,-7.961561493508307,0.0,2.936209052114919e-17,2.279519328211077,1.5707963267948966,20.728001754983886,461.0,0.06465555670864115,8.904501045932886,0.0,0.13605048579443185,-1596.1735440496684,5.3805495478078935,-85.54815650161976,0.10660588003341141,0.4151021115333271,-3.384399274908325,0.10024308405498446,0.41668441386290195,-3.384399274908325,-4.391612909113753e-17,6.977822767916375e-19,-1.29773892977029e-18,-4.392166464963876e-17,2.5862326535802756e-20,-1.29773892977029e-18,-1596.0733009656135,5.797233961670796,-88.93255577652808,-1061963.4361434896,272.99092842939615,129623.4640145465,0.05826308322194745,4709.444994141715
216.05563591148564,2001.0,12.0,14.0,14.0,25.0,4.0,1.0,3509397.0379157118,-11895.605228144294,189134.3044563344,-139.3791316274266,-295.979956172846,4705.436194786646,3514510.045550802,4716.7955711475915,3508803.339338698,-65636.88750174659,189134.3044563344,3514510.0455508013,-148.54790253150642,-542.5230665741461,4705.436194786646,4738.937385144454,20164389.53740883,0.8258217252119436,1.6336152574036331,3.597943922176868e-07,1.3519607660916321e-05,0.05393427207900539,0.05384127876458196,-0.01870416398815128,118310.04555080179,0.024393928730187073,0.024279930126588543,5951.744364142418,-16539605219.201715,-1040369180.6022894,-206240463.31583893,-16538545737.536304,-1913356969.6307156,16572293409.15213,16650134087.583902,-0.9983762441597435,0.01867597094645944,-0.0538152692708246,0.018703073411846825,0.9998250822243614,0.0,-0.053805856023628355,0.001006510931850537,0.9985509084635138,4706.064278680239,-545.206471972331,-0.11533772255382184,1.2096595809863888e-08,138.36671727866866,0.0,-33.70015183600595,-7.933282721331349,0.0,2.936262580016414e-17,2.2795280699807905,1.5707963267948966,20.725794390093153,461.0,0.06444382414862367,8.9188200505805,0.0,0.13560770296359018,-1596.124844158963,5.410294371315983,-86.02103408760306,0.10682115968968882,0.4137983222827387,-3.3733741854095287,0.10047175278501909,0.4153856504186986,-3.3733741854095287,-4.3773768540842677e-17,6.963528747064676e-19,-1.3007199400613932e-18,-4.3779299304729863e-17,2.59225820265806e-20,-1.3007199400613932e-18,-1596.024372406178,5.825680021734682,-89.39440827301259,-1061971.152673522,273.14446663436206,129665.6261725197,0.05835560446081726,4709.412253748297
216.35563591148562,2001.0,12.0,14.0,14.0,25.0,4.0,1.0,3509355.0683848416,-11984.398644736397,190545.9265627759,-140.41773754713776,-295.9761525450081,4705.377817361786,3514544.6891366905,4716.767900587601,3508758.616535972,-65799.64052960083,190545.9265627759,3514544.689136691,-149.6041120782334,-542.4971061492457,4705.377817361786,4738.909674666883,20164192.15098105,0.8258200203189758,1.6336152295141046,3.58557981715084e-07,1.345822360646182e-05,0.05433683709963427,0.05424298624890926,-0.01875077085934689,118344.68913669046,0.024575967710184592,0.02446111759185239,5926.689810782671,-16539597519.930954,-1040368233.1984261,-206241555.18953064,-16538541414.878939,-1913335292.4434936,16572285665.59211,16650127316.391989,-0.9983536778978501,0.01872209527822615,-0.054216390291392594,0.01874967211034191,0.999824209446718,0.0,-0.05420685956214632,0.0010165395409699356,0.9985292099001267,4706.015293585929,-545.2067683306276,-0.11533897462990485,1.2041794010791698e-08,138.41172284172615,0.0,-33.81758426258922,-7.9,0.0,2.9363472600715315e-17,2.279541899283276,1.5707963267948966,20.72230337351996,461.0,0.06415077091604124,8.938109991158774,0.0,0.1349944778930801,-1596.0585568480662,5.450517725586925,-86.66049762329469,0.10709507865229974,0.4119932749641243,-3.3581081391506316,0.10076448721606947,0.41358715236729654,-3.3581081391506316,-4.3576764352009e-17,6.943397216215685e-19,-1.3045421792017167e-18,-4.3582287951063786e-17,2.5999809684343045e-20,-1.3045421792017167e-18,-1595.9577923608501,5.8641048779542215,-90.01860576244532,-1061981.548264414,273.298004839328,129707.85493737756,0.05844812760863885,4709.379463197327
216.58569223077274,2001.0,12.0,14.0,14.0,25.0,4.0,1.0,3509322.672784576,-12052.489491821512,191628.42328801175,-141.21416764635498,-295.97321882777953,4705.33277563943,3514571.4300373355,4716.746560598099,3508724.1059995033,-65924.44312104628,191628.42328801175,3514571.430037336,-150.4140403531256,-542.4771366237525,4705.33277563943,4738.888303895917,20164041.432455804,0.825818718491225,1.6336152082101543,3.5700644703838237e-07,1.3411028517707402e-05,0.054645540441133615,0.05455103186925137,-0.018786511936920835,118371.43003733596,0.024715562324799618,0.024600059219781156,5907.425527483225,-16539591640.839834,-1040367509.6410115,-206242404.5722314,-16538538142.02887,-1913318568.0732126,16572279752.674055,16650122154.138124,-0.9983362625702075,0.018757462875166536,-0.054523980264067656,0.018785406892988802,0.9998235386746327,0.0,-0.05451435889024596,0.0010242551546858019,0.9985124614025424,4705.97750149624,-545.2069993396943,-0.11533994112299922,1.1994997434662084e-08,138.47857509333988,0.0,-33.91786264000982,-7.9,0.0,2.936470924484654e-17,2.279562095214578,1.5707963267948966,20.71720736750811,461.0,0.06390064154078198,8.952839216400125,0.0,0.13446935051373238,-1596.0073926854202,5.481360399939289,-87.15082901557172,0.10725685080362843,0.4104522483081468,-3.345049183039686,0.10094315302556107,0.41205043385826273,-3.345049183039686,-4.340883741905607e-17,6.925195777077643e-19,-1.3069012566728634e-18,-4.3414353283070196e-17,2.6047117366503534e-20,-1.3069012566728634e-18,-1595.9064495323946,5.893410833797552,-90.49587819861141,-1061989.486171769,273.4515430442939,129750.15030912003,0.05854065266837761,4709.346622491285
216.8623776705351,2001.0,12.0,14.0,14.0,25.0,4.0,1.0,3509283.4683717634,-12134.380481894821,192930.31282927608,-142.17198867957336,-295.9696711136924,4705.278289102655,3514603.7913519405,4716.720756890858,3508682.3538701595,-66074.53531572297,192930.31282927608,3514603.7913519405,-151.38809401682676,-542.4530487160066,4705.278289102655,4738.862462972749,20163860.942752298,0.8258171594915285,1.6336151826880305,3.5576034743527725e-07,1.335420085063046e-05,0.055016807249860564,0.054921507524115565,-0.01882949767448073,118403.79135194095,0.024883447556377364,0.02476715911494547,5884.202771909535,-16539584600.288034,-1040366642.9832143,-206243440.09964427,-16538534255.360155,-1913298337.7974172,16572272671.602766,16650115981.629791,-0.9983151906065909,0.018799995458465744,-0.054893901071865286,0.018828385027859648,0.9998227302463386,0.0,-0.05488417004354476,0.001033563505062317,0.9984921930716896,4705.931788118943,-545.2072815204705,-0.11534111079218787,1.1938365134103336e-08,138.55947837985238,0.0,-34.039217569778565,-7.9,0.0,2.936620543294961e-17,2.2795865298206057,1.5707963267948966,20.711045277845816,461.0,0.06359794938336727,8.970477916161249,0.0,0.13383385839390036,-1595.9454772487816,5.518451223400677,-87.74049259888886,0.10744229015821097,0.4085867590683944,-3.329245604395142,0.1011491639147689,0.41018999505082837,-3.329245604395142,-4.320560062061897e-17,6.903014113221225e-19,-1.3096242152131682e-18,-4.3211106902346413e-17,2.610174120613006e-20,-1.3096242152131682e-18,-1595.844328084867,5.928641218451506,-91.069738203284,-1061998.99219683,273.6050812492598,129792.51228774714,0.05863317964299908,4709.313731632632
217.16237767053508,2001.0,12.0,14.0,14.0,25.0,5.0,1.0,3509240.661001329,-12223.17080297122,194341.88740124708,-143.21047703594584,-295.9658005720858,4705.218822225012,3514639.1268419297,4716.692608264998,3508636.77902828,-66237.26730156617,194341.88740124708,3514639.12684193,-152.444181055533,-542.4268436830924,4705.218822225012,4738.834273754066,20163666.218556996,0.8258154775104213,1.6336151551405729,3.5419655811800883e-07,1.3292420458968954e-05,0.055419350603615004,0.05532319290669933,-0.01887610611851177,118439.1268419302,0.02506547544865526,0.024948335497009706,5858.959988839924,-16539577004.263596,-1040365707.7549592,-206244580.26160514,-16538530102.904474,-1913276259.6478655,16572265031.849808,16650109334.094383,-0.9982921865952585,0.018846107640383414,-0.05529497635106353,0.018874985189155532,0.9998218515986281,0.0,-0.05528512563942269,0.0010436918596610294,0.9984700624407,4705.881900445605,-545.2075928676253,-0.1153423880075078,1.1876528026622146e-08,138.62390855241276,0.0,-34.17172565723826,-7.876091447587247,0.0,2.936740477968446e-17,2.2796061166392008,1.5707963267948966,20.70610846594623,461.0,0.06326743738449504,8.989507757938634,0.0,0.13314130360421086,-1595.8778744976705,5.55866346171358,-88.37978017252046,0.10763316339051919,0.4065498630183032,-3.3120128648875338,0.10136264460678517,0.40815842911787314,-3.3120128648875338,-4.298346228443024e-17,6.8785765550882775e-19,-1.3124337859945779e-18,-4.298895781287155e-17,2.615863966881756e-20,-1.3124337859945779e-18,-1595.7765118530638,5.966821890831453,-91.69179303740799,-1062009.2481144276,273.7586194542257,129834.9408732589,0.058725708535469184,4709.280790623806
217.46237767053506,2001.0,12.0,14.0,14.0,25.0,5.0,1.0,3509197.542090551,-12311.95995942516,195753.44407677816,-144.24892111551043,-295.9619051897459,4705.158950587011,3514674.7196064005,4716.66428218668,3508590.887366725,-66399.9914125226,195753.44407677816,3514674.7196064005,-153.50022197038777,-542.4005477465796,4705.158950587011,4738.805906832417,20163472.51052079,0.8258138042763806,1.6336151277243178,3.5262583393452444e-07,1.3230527801027347e-05,0.055821885774736825,0.055724869964812296,-0.01892271515598539,118474.7196064,0.025247499167727328,0.025129507707565082,5833.6540594697,-16539569447.658014,-1040364777.1852574,-206245738.62300745,-16538526014.758823,-1913254032.5470235,16572257431.730423,16650102733.57531,-0.9982690198311278,0.018892215271619384,-0.05569603439680475,0.018921585902784734,0.9998209707677288,0.0,-0.05568606317852614,0.0010538572992835943,0.9984477711690631,4705.831677491951,-545.2079098290423,-0.11534367457206238,1.18142406888e-08,138.668399508,0.0,-34.305198524,-7.831600492,0.0,2.936824227750816e-17,2.279619794016617,1.5707963267948966,20.702662553757854,461.0,0.06293452079081187,9.008438108890845,0.0,0.13244483386265474,-1595.809782743122,5.598871511886319,-89.01900144307135,0.1078131524145419,0.4044980145802459,-3.294674205936764,0.10156555930114704,0.4061117540736383,-3.294674205936764,-4.275951594864488e-17,6.853740497188273e-19,-1.315093844477792e-18,-4.276500034641205e-17,2.6213008619199087e-20,-1.315093844477792e-18,-1595.7082171838208,6.004983265959957,-92.3136756490081,-1062019.4507085402,273.9121576591916,129877.43606565529,0.05881823934875401,4709.247799467225
217.72934558394954,2001.0,12.0,14.0,14.0,25.0,5.0,1.0,3509158.908908196,-12390.971826641455,197009.5633939632,-145.17298778714752,-295.95841783830224,4705.105330972385,3514706.6096932255,4716.638925868415,3508549.7822937937,-66544.79182279394,197009.5633939632,3514706.6096932255,-154.43994638640464,-542.3770707525857,4705.105330972385,4738.78051395744,20163300.99165177,0.8258123226853521,1.633615103438024,3.513641989991562e-07,1.3175356968249554e-05,0.05618009209229669,0.05608231253724473,-0.0189641927169545,118506.60969322501,0.025409477279367664,0.02529072806911998,5811.083632715046,-16539562756.473732,-1040363953.0253125,-206246784.8500117,-16538522431.060701,-1913234127.591537,16572250702.005482,16650096899.596107,-0.9982482670438404,0.018933242290912634,-0.05605291857096397,0.01896305602176982,0.9998201850864561,0.0,-0.05604283942025725,0.0010629346350448919,0.9984277992522428,4705.786702594402,-545.2081966218246,-0.1153448273388835,1.175971825498331e-08,138.7146882071667,0.0,-34.422032310750055,-7.792655896416649,0.0,2.9369109122054965e-17,2.2796339506623933,1.5707963267948966,20.699097138937024,461.0,0.06264309762556051,9.025199834718245,0.0,0.1318351412226654,-1595.7487772335328,5.634648830209341,-89.58778386785603,0.10797508329523756,0.4027012791057396,-3.279498668972662,0.10174751412152389,0.4043196534625822,-3.279498668972662,-4.256365205449975e-17,6.83209180848337e-19,-1.3174832805354396e-18,-4.256912685642007e-17,2.6261822703644085e-20,-1.3174832805354396e-18,-1595.6470297194112,6.038968483671923,-92.8672825368287,-1062028.4847637825,274.06569586415753,129919.99786493632,0.058910772085820025,4709.21475816529
217.930249324193,2001.0,12.0,14.0,14.0,25.0,5.0,1.0,3509129.673260143,-12450.430714998616,197954.83258164988,-145.8683604679035,-295.95578045529,4705.064768404412,3514730.7425636826,4716.619751204346,3508518.6836955505,-66653.75562612279,197954.83258164988,3514730.742563682,-155.14710115909864,-542.3593558960426,4705.064768404412,4738.761311651654,20163172.412051506,0.8258112119909874,1.6336150852256848,3.5041499186470827e-07,1.3133757017057042e-05,0.056449651961599366,0.05635129757534165,-0.018995406509338435,118530.74256368214,0.025531369905670804,0.02541205045988826,5794.062998317182,-16539557740.294167,-1040363335.0840384,-206247581.7828151,-16538519766.380035,-1913219070.4051101,16572245656.92729,16650092532.454473,-0.9982325647899843,0.018964114325726367,-0.0563214786795473,0.01899426419220545,0.9998195926904997,0.0,-0.056311317873111645,0.001069785045734988,0.998412685736389,4705.752681788419,-545.2084153319339,-0.1153456997229721,1.172217823427223e-08,138.76831680818253,0.0,-34.502475212273794,-7.765841595908736,0.0,2.937010241381015e-17,2.2796501723477944,1.5707963267948966,20.695013191291025,461.0,0.062442394520530575,9.03776519179063,0.0,0.13141524963789253,-1595.7026129391809,5.661570438827356,-90.01577969645462,0.10812510260584796,0.401463724227217,-3.26905535724504,0.10191087405432933,0.40308601245068615,-3.26905535724504,-4.242931046781235e-17,6.817837984537867e-19,-1.3196356786744955e-18,-4.243477964995056e-17,2.630555047621186e-20,-1.3196356786744955e-18,-1595.6007020651266,6.064656451278042,-93.28483505369965,-1062035.2572693825,274.21923406912344,129962.62627110197,0.05900330674963391,4709.181666720372
218.23024932419298,2001.0,12.0,14.0,14.0,25.0,6.0,1.0,3509085.757001235,-12539.21685603035,199366.34288822577,-146.90668972738456,-295.9518213480379,4705.003859607202,3514766.9937884817,4716.590969647945,3508471.9811755745,-66816.4594559929,199366.34288822577,3514766.9937884817,-156.2030225018994,-542.3328271827046,4705.003859607202,4738.732488608887,20162981.183619328,0.8258095600998736,1.6336150581301965,3.4882724019049657e-07,1.3071512296412727e-05,0.05685216594867283,0.05675295306039115,-0.019042017086582548,118566.99378848169,0.02571338282422299,0.02559321187424799,5768.58919338882,-16539550279.860235,-1040362415.8910673,-206248787.2420867,-16538515838.099096,-1913196461.5621557,16572238153.504093,16650086047.520218,-0.998208981527358,0.019010210228466117,-0.056722492057242654,0.019040866339910898,0.9998187062708047,0.0,-0.056712208625128345,0.001080045389728615,0.9983899833706346,4705.701599482311,-545.2087465153484,-0.11534701021772406,1.1665787440139588e-08,138.84887508551486,0.0,-34.623312628272316,-7.725562457242563,0.0,2.937159415020625e-17,2.279674534251931,1.5707963267948966,20.6888829952169,461.0,0.06214091772955122,9.056452663486438,0.0,0.13078449868543043,-1595.633269956414,5.701767634136863,-90.65482910678247,0.10834016561042935,0.3996042107785039,-3.2533676357726655,0.10214610286217257,0.4012322150905591,-3.2533676357726655,-4.222749062466749e-17,6.796272155232984e-19,-1.3227375176382472e-18,-4.223295114367641e-17,2.6368623432052378e-20,-1.3227375176382472e-18,-1595.531123853552,6.102999849227422,-93.90819674255513,-1062045.3297549598,274.37277227408936,130005.32128415226,0.059095843343162625,4709.148525134833
218.4971401585276,2001.0,12.0,14.0,14.0,25.0,6.0,1.0,3509046.425688838,-12618.203211886399,200622.05801982223,-147.8303867386779,-295.9482782164706,4704.949332032387,3514799.460403967,4716.565214604226,3508430.1666688533,-66961.19995840895,200622.05801982223,3514799.4604039667,-157.1423684975741,-542.3091498124954,4704.949332032387,4738.706696445707,20162811.840012763,0.8258080972322406,1.633615034126125,3.4755181639464677e-07,1.3016025696644955e-05,0.05721024989584163,0.057110273114014315,-0.019083484051660327,118599.46040396625,0.025875304505969695,0.025754376028519668,5745.8699974268675,-16539543673.040716,-1040361601.7250324,-206249875.2980404,-16538512394.52099,-1913176222.4216013,16572231508.60493,16650080314.90612,-0.9981878642560217,0.019051214930684235,-0.057079233190949714,0.019082325770905583,0.9998179158442666,0.0,-0.057068839966964234,0.001089204522503189,0.9983696515511342,4705.655872288164,-545.2090457768877,-0.11534818393969637,1.1613444293059073e-08,138.91182550495782,0.0,-34.73547651487342,-7.7,0.0,2.93727630452889e-17,2.279693623757305,1.5707963267948966,20.684082111496306,461.0,0.06186112144185637,9.07300130199474,0.0,0.13019841739874707,-1595.5711691742908,5.737524902571258,-91.223293409121,0.10850451797249619,0.3978766915827004,-3.2387864900427474,0.10232959908790076,0.39950938071057673,-3.2387864900427474,-4.2039647336314545e-17,6.775659511951541e-19,-1.3251580442751825e-18,-4.2045098951972417e-17,2.6417773664668622e-20,-1.3251580442751825e-18,-1595.468839575203,6.137034283281835,-94.46207989916374,-1062054.2496708855,274.52631047905527,130048.08290408716,0.05918838186937342,4709.115333411006
218.6978126615315,2001.0,12.0,14.0,14.0,25.0,6.0,1.0,3509016.690511793,-12677.591625218967,201566.20784692976,-148.52488133473648,-295.9456012367565,4704.908122473076,3514824.0058025015,4716.545757244385,3508398.5616526166,-67070.02470256451,201566.20784692976,3514824.0058025015,-157.84862843213355,-542.2912996874251,4704.908122473076,4738.687211045662,20162685.046845686,0.8258070019197369,1.6336150161468546,3.4627169485754695e-07,1.2974248603198869e-05,0.057479485162734906,0.057378933956081346,-0.01911466296066678,118624.00580250146,0.02599704953465067,0.025875551480901576,5728.7593832835555,-16539538726.184086,-1040360992.0150719,-206250703.1711884,-16538509839.039158,-1913160927.2282991,16572226533.2297,16650076029.316704,-0.9981719015975543,0.01908204353670082,-0.057347453959052025,0.019113498993446467,0.9998173203921942,0.0,-0.05733697774865412,0.0010961105035230585,0.9983542805659794,4705.621315847153,-545.2092737261362,-0.11534907132292865,1.1570489845622455e-08,138.94250725312682,0.0,-34.82752175938046,-7.7,0.0,2.9373340027404966e-17,2.279703046590345,1.5707963267948966,20.681713178535308,461.0,0.06163157296718749,9.085391836909952,0.0,0.12971640724257943,-1595.5242215370283,5.764408178361117,-91.6506802981998,0.10858915853347208,0.39645700620092816,-3.2267867896921185,0.10243055361298484,0.39809263344521684,-3.2267867896921185,-4.1884620425936247e-17,6.757874897288871e-19,-1.3264883246124668e-18,-4.189006347143182e-17,2.644457303916632e-20,-1.3264883246124668e-18,-1595.4217909834153,6.162500811806334,-94.87746708789192,-1062060.9284054711,274.6798486840212,130090.91113090674,0.05928092233123388,4709.082091551205
218.99781266153147,2001.0,12.0,14.0,14.0,25.0,6.0,1.0,3508971.977314121,-12766.374702942432,202977.67100433953,-149.5630937894269,-295.9415785479592,4704.846178060034,3514860.915146597,4716.516521347447,3508351.0486926707,-67232.70808068964,202977.67100433953,3514860.9151465967,-158.90442819013074,-542.2645384657168,4704.846178060034,4738.657933020907,20162496.372159176,0.8258053720151294,1.6336149893818959,3.449868232843364e-07,1.291173364567551e-05,0.057881977543224473,0.05778056749693955,-0.0191612751071104,118660.91514659673,0.026179051483089622,0.026056701929496388,5703.138191558421,-16539531364.831684,-1040360084.5439419,-206251956.5680443,-16538506073.480932,-1913137937.2282805,16572219129.4285,16650069662.887777,-0.9981479021187231,0.01912812759986138,-0.057748421887662035,0.019160102604020703,0.9998164283848328,0.0,-0.057737820916582756,0.0011064656885878795,0.9983311673835915,4705.569375614646,-545.2096192368989,-0.11535040573906877,1.1505898493455716e-08,138.98864393324592,0.0,-34.96593179973775,-7.7,0.0,2.937420752264672e-17,2.2797172138627757,1.5707963267948966,20.67815252998696,461.0,0.06128640820041574,9.103829676389989,0.0,0.12899160783336983,-1595.4536284283342,5.80459432944108,-92.28955482901428,0.10870541391877074,0.3943215315672053,-3.2087429470527304,0.10257147746112368,0.3959613987299771,-3.2087429470527304,-4.165149757518853e-17,6.730967986244812e-19,-1.3283478278108743e-18,-4.1656927494192856e-17,2.6482065885568423e-20,-1.3283478278108743e-18,-1595.351056950873,6.200555728171056,-95.498297776067,-1062070.8668579813,274.8333868889871,130133.80596461092,0.05937346473171177,4709.048799557726
219.17481240780336,2001.0,12.0,14.0,14.0,25.0,7.0,1.0,3508945.4504765817,-12818.756076021355,203810.42433025167,-150.17561659692296,-295.9391935385951,4704.809441322464,3514882.81227032,4716.499189149675,3508322.867523067,-67328.6873654931,203810.42433025167,3514882.81227032,-159.52732661210655,-542.248706779384,4704.809441322464,4738.640575850517,20162385.543537673,0.8258044145862761,1.633614973653901,3.44020020384051e-07,1.2874792984033344e-05,0.05811944369474574,0.05801752687714858,-0.0191887765252077,118682.81227032002,0.026286430448769677,0.02616357851177506,5687.998578555882,-16539527040.630405,-1040359551.3826839,-206252704.967784,-16538503882.459112,-1913124303.3786426,16572214780.286005,16650065929.256847,-0.9981336661568482,0.019155314973930637,-0.05798498419883512,0.01918759896638914,0.9998159010767458,0.0,-0.0579743092256792,0.0011125926228796592,0.9983174553254395,4705.538573904173,-545.2098257435432,-0.11535119742901871,1.1471493387315519e-08,139.02847171182228,0.0,-35.042707567733416,-7.685764144088861,0.0,2.937494787775893e-17,2.2797293047793197,1.5707963267948966,20.675114730025914,461.0,0.061102498219385,9.114660232752017,0.0,0.1286062327199026,-1595.411749444041,5.828302076957053,-92.66645783607039,0.1088063058532924,0.39318653381155017,-3.199154012306061,0.10268502161100765,0.3948293921441619,-3.199154012306061,-4.1527917561446766e-17,6.7172987956264765e-19,-1.329846622036022e-18,-4.153334148740167e-17,2.6512493196495182e-20,-1.329846622036022e-18,-1595.30906442243,6.223131469101215,-95.86561184837646,-1062076.7048502099,274.986925093953,130176.76740519976,0.059466009073775215,4709.015457432845
219.31201356157774,2001.0,12.0,14.0,14.0,25.0,7.0,1.0,3508924.813638065,-12859.359147645855,204455.92765467617,-150.65040185401088,-295.937338820884,4704.780867712267,3514899.8473976115,4716.485711340441,3508300.9470674433,-67403.08367055739,204455.92765467617,3514899.847397612,-160.01015406449747,-542.2364130776472,4704.780867712267,4738.627078623348,20162299.85087091,0.8258036742957494,1.6336149614902726,3.433739728272846e-07,1.2846123315955592e-05,0.05830351326278868,0.05820120358833896,-0.01921009436795428,118699.84739761194,0.026369664090374997,0.02624642273186629,5676.2473951131105,-16539523697.10781,-1040359139.0937932,-206253289.63411295,-16538502198.423159,-1913113699.337311,16572211417.475912,16650063045.325823,-0.9981225922169435,0.01917638811827364,-0.0581683508865986,0.0192089128801823,0.999815491811345,0.0,-0.05815761834953947,0.0011173507845645475,0.9983067879941183,4705.514617452576,-545.209987128617,-0.11535181334559828,1.1446887092338303e-08,139.06632755024876,0.0,-35.099491325373144,-7.666836224875618,0.0,2.937564830053145e-17,2.2797407435512658,1.5707963267948966,20.672241626294348,461.0,0.06097093247423684,9.123034357204151,0.0,0.12833103809414634,-1595.3791700302772,5.846678060571467,-92.9585971468275,0.10890292669801381,0.39237636640758217,-3.192309611572834,0.10279038483588707,0.39402182318229584,-3.192309611572834,-4.1439896934761534e-17,6.707937476462223e-19,-1.3312375558883891e-18,-4.1445317199905293e-17,2.6540813374192395e-20,-1.3312375558883891e-18,-1595.2763796454412,6.240699883753763,-96.15090675840034,-1062081.2188285664,275.1404632989189,130219.79545267322,0.05955855536039263,4708.982065178813
219.4926177840852,2001.0,12.0,14.0,14.0,25.0,7.0,1.0,3508897.549103278,-12912.806459583258,205305.62753937897,-151.2753687819309,-295.9348893955575,4704.74312547431,3514922.353534,4716.467912819872,3508271.991165963,-67501.01239289483,205305.62753937897,3514922.353534,-160.64570670498432,-542.2202012899342,4704.74312547431,4738.60925446142,20162187.32772544,0.8258027022104335,1.6336149455146323,3.4240261593687874e-07,1.2808360692821834e-05,0.05854580980962978,0.058442982948059455,-0.019238156229827285,118722.353534,0.02647922698973139,0.026355473018222334,5660.756847046316,-16539519306.656328,-1040358597.6534045,-206254065.32766983,-16538500000.358706,-1913099693.069005,16572207001.694157,16650059262.2654,-0.9981079632210508,0.019204126180775355,-0.058409719160071635,0.019236969556845115,0.9998149523798237,0.0,-0.058398910580545894,0.001123625989306171,0.998292694908483,4705.482975132824,-545.2102013013956,-0.11535262708613404,1.1414378228666684e-08,139.11634118666663,0.0,-35.17451177999996,-7.6418294066666785,0.0,2.937657353533948e-17,2.279755853782374,1.5707963267948966,20.66844761550566,461.0,0.06079711662539694,9.134030341730256,0.0,0.127967457929191,-1595.33612852348,5.870865813927533,-93.3431314021862,0.10902683678307776,0.3913058075576297,-3.1832669507069777,0.1029258910336925,0.3929546374865337,-3.1832669507069777,-4.1323600582673345e-17,6.695513473938407e-19,-1.333027418382413e-18,-4.132901593035314e-17,2.657727854057448e-20,-1.333027418382413e-18,-1595.2332026324464,6.263820451414066,-96.52639835289318,-1062087.1461973377,275.29400150388483,130262.8901070313,0.05965110359453263,4708.948622797867
219.7926177840852,2001.0,12.0,14.0,14.0,25.0,7.0,1.0,3508852.0107778264,-13001.586313851714,206717.04103660467,-152.31345806551172,-295.93080066376297,4704.680107117238,3514959.9442726513,4716.438204683067,3508223.639101737,-67663.67440536842,206717.04103660467,3514959.9442726513,-161.7013783056038,-542.1931991651281,4704.680107117238,4738.5795035296715,20162001.127463173,0.8258010936076665,1.6336149190695302,3.404515879987454e-07,1.274550246029367e-05,0.058948279444473985,0.05884459336696868,-0.019284770032911097,118759.9442726518,0.026661217395483758,0.026536611928607606,5634.973060466349,-16539512041.286114,-1040357701.5319368,-206255369.14780882,-16538496396.655262,-1913076307.6838686,16572199694.398354,16650053011.882656,-0.9980835328772693,0.019250197862317325,-0.058810639186211405,0.01928357471323923,0.9998140545852908,0.0,-0.058799703617518614,0.0011340793546806623,0.9982691564495566,4705.430144902427,-545.2105614356467,-0.11535398627160162,1.1360090556940822e-08,139.19993034081475,0.0,-35.29979102244425,-7.6,0.0,2.937811953956712e-17,2.2797811019474565,1.5707963267948966,20.662111286181304,461.0,0.0605068645221328,9.15222598805246,0.0,0.12736029636209537,-1595.2642415636165,5.911040324978765,-93.98182159709626,0.10922449459094008,0.38951754678388917,-3.1681661322592225,0.10314302770324714,0.39117186159972295,-3.1681661322592225,-4.112937839853919e-17,6.674627406138926e-19,-1.3358981008070763e-18,-4.113478533423147e-17,2.663582223617174e-20,-1.3358981008070763e-18,-1595.1610985359132,6.302212186578488,-97.14998772935547,-1062096.9547924232,275.44753970885074,130306.05136827403,0.05974365377916423,4708.915130292219
219.95163780080188,2001.0,12.0,14.0,14.0,25.0,7.0,1.0,3508827.7461401396,-13048.64506140803,207465.17667384676,-152.86369556997093,-295.92862325549976,4704.646538828469,3514979.9741610396,4716.422385113095,3508197.880855858,-67749.89283607854,207465.17667384676,3514979.9741610396,-162.26093484472642,-542.1788493713642,4704.646538828469,4738.563661173397,20161902.807228792,0.8258002441981089,1.6336149051007085,3.3947186916752375e-07,1.2712122885744969e-05,0.05916161168456901,0.0590574701054821,-0.01930947871530639,118779.97416103957,0.026757682670021394,0.026632625854471452,5621.281996011734,-16539508204.831945,-1040357228.2622174,-206256068.06360352,-16538494511.208704,-1913063851.3566995,16572195835.800768,16650049716.510195,-0.9980705172276834,0.019274617020328594,-0.05902314613424359,0.01930827879527932,0.9998135778083651,0.0,-0.05901214290998406,0.001139635360934488,0.9982566144135564,4705.402005150434,-545.2107545695709,-0.11535471052184094,1.1327541988310697e-08,139.22496770129945,0.0,-35.37490310389839,-7.6,0.0,2.9378589910482163e-17,2.279788783687455,1.5707963267948966,20.66018425641565,461.0,0.06033291022121688,9.161833890626552,0.0,0.12699503379915783,-1595.2259387008664,5.932333694567089,-94.32034147909985,0.10928857680651818,0.3884431552521326,-3.1590725338337053,0.10321944277482192,0.39009976226073484,-3.1590725338337053,-4.101190741916614e-17,6.661151993613581e-19,-1.3369066581813224e-18,-4.1017307920754066e-17,2.66561647801043e-20,-1.3369066581813224e-18,-1595.1227192580916,6.322433456827824,-97.47941401293356,-1062102.1341459043,275.60107791381665,130349.2792364014,0.05983620591725664,4708.881587664063
220.20464447304076,2001.0,12.0,14.0,14.0,25.0,8.0,1.0,3508788.959860583,-13123.516538051952,208655.47686124602,-153.73911626701772,-295.92514454117185,4704.592896223812,3515011.991380688,4716.3971128650555,3508156.715136516,-67887.06480916748,208655.47686124602,3515011.991380688,-163.1511813713822,-542.1559657338015,4704.592896223812,4738.538352526355,20161746.959252223,0.8257988977782523,1.633614882951049,3.384893146634281e-07,1.265899907221538e-05,0.05950102601333126,0.05939615966106071,-0.01934879150304318,118811.9913806878,0.02691115989200976,0.026785384965189212,5599.471076436341,-16539502123.525557,-1040356477.9460866,-206257191.28333917,-16538491548.420637,-1913043946.6638098,16572189719.386576,16650044500.481192,-0.9980497146920175,0.019313466063739262,-0.05936124183157813,0.01934758423930951,0.9998128179734959,0.0,-0.05935013047403629,0.0011484966268864815,0.9982365666354909,4705.3570397476715,-545.2110651067799,-0.11535586824515093,1.1275514006382332e-08,139.26498922585975,0.0,-35.49496767757923,-7.6,0.0,2.93793416969814e-17,2.279801061292716,1.5707963267948966,20.657105084370517,461.0,0.060054856748104526,9.177063469973547,0.0,0.12641117690767242,-1595.164714745445,5.966209639382405,-94.85889805144316,0.10938371848115666,0.3867253108611144,-3.1445368834566643,0.10333438900741156,0.38838546313920586,-3.1445368834566643,-4.082412908373059e-17,6.639503455135023e-19,-1.3384255917970486e-18,-4.0829519141422566e-17,2.6686824716369925e-20,-1.3384255917970486e-18,-1595.0613803564377,6.3545951025216105,-98.00343493489983,-1062110.3440727964,275.75461611878256,130392.5737114134,0.05992876001177944,4708.847994915574
220.48034565342363,2001.0,12.0,14.0,14.0,25.0,8.0,1.0,3508746.4423077875,-13205.102924562834,209952.5305758454,-154.693023081729,-295.92133369822943,4704.534114532386,3515047.0887665227,4716.369430178994,3508111.6004393687,-68036.53440272836,209952.5305758454,3515047.0887665222,-164.1212423461646,-542.1309559357536,4704.534114532386,4738.510629973524,20161577.956425175,0.8257974376875821,1.6336148589210118,3.3717478808715387e-07,1.2601026678046133e-05,0.05987087841837909,0.05976522219427998,-0.01939163113650205,118847.08876652224,0.027078400309533714,0.026951842858771752,5575.6668052226305,-16539495528.739563,-1040355664.1081442,-206258431.0299783,-16538488372.005648,-1913022136.026605,16572183086.51787,16650038854.73739,-0.9980269145328613,0.019355796006307074,-0.0597296494965365,0.019390415836192196,0.9998119882126337,0.0,-0.0597184196183759,0.0011581827414878507,0.9982145906422231,4705.307769802246,-545.2114080623861,-0.1153571373867371,1.1217594658586072e-08,139.31772191630563,0.0,-35.62658287445842,-7.591139041847194,0.0,2.938032613254936e-17,2.2798171383456047,1.5707963267948966,20.653074457719423,461.0,0.059745349428089824,9.193578673392727,0.0,0.12576169111326782,-1595.0976038130646,6.003120595747904,-95.44570516635899,0.10946984997783803,0.38481230610902784,-3.1283713361109293,0.10344281554263757,0.3864760573434406,-3.1283713361109293,-4.061544418493226e-17,6.615161045678737e-19,-1.3398687667275487e-18,-4.062082219921561e-17,2.6716206002374103e-20,-1.3398687667275487e-18,-1594.994160997522,6.389596653091345,-98.57407650246992,-1062119.2471284568,275.9081543237485,130435.93479331,0.06002131606570244,4708.814352048906
220.70744919457226,2001.0,12.0,14.0,14.0,25.0,8.0,1.0,3508711.2217526943,-13272.307349365616,211020.94140952633,-155.47875520389468,-295.91817890331777,4704.48543820088,3515076.162689654,4716.346515065377,3508074.2371914135,-68159.65191770291,211020.94140952633,3515076.162689654,-164.92027994234329,-542.1102970620861,4704.48543820088,4738.48768186234,20161439.425246295,0.8257962408380619,1.6336148392155072,3.3585511653377704e-07,1.2553253281079945e-05,0.06017553157953148,0.06006922466848791,-0.019426919868665224,118876.16268965416,0.027216158551278673,0.027088956512603686,5556.035953693092,-16539490122.879875,-1040354996.8640554,-206259464.68583465,-16538485797.72562,-1913004075.7147288,16572177649.433155,16650034235.46167,-0.9980080302177912,0.019390661471627615,-0.06003310643717548,0.019425697921577053,0.9998113033269126,0.0,-0.06002177838971568,0.0011661849909424538,0.998196386555022,4705.266972615637,-545.211694191886,-0.11535818874987881,1.1166715293105215e-08,139.3904067241354,0.0,-35.73561008620311,-7.554796637932296,0.0,2.9381666528278343e-17,2.2798390286690826,1.5707963267948966,20.647589011823317,461.0,0.05947353685414306,9.207115994667912,0.0,0.12519267990825927,-1595.042012909694,6.033522422490311,-95.92903088325838,0.10950693133788449,0.3831313204147542,-3.1142212819246002,0.10349996771393428,0.3847975225712969,-3.1142212819246002,-4.0433279163198784e-17,6.593369287937079e-19,-1.3406599335750308e-18,-4.043864580342877e-17,2.6733119325665944e-20,-1.3406599335750308e-18,-1594.93851294198,6.418319945061608,-99.04325216518298,-1062126.5450514052,276.06169252871445,130479.36248209127,0.060113874081995845,4708.78065906619
221.00744919457225,2001.0,12.0,14.0,14.0,25.0,9.0,1.0,3508664.422440117,-13361.082175427784,212432.2773551576,-156.5166521219238,-295.9139897799207,4704.420783264069,3515114.79475084,4716.316089676967,3508024.6027851696,-68322.28090377605,212432.2773551576,3515114.79475084,-165.97575149896383,-542.0829273976029,4704.420783264069,4738.457212666219,20161257.392212328,0.8257946681280651,1.6336148133108588,3.3419819909342984e-07,1.2490080068951209e-05,0.060577965473579735,0.060470798961928814,-0.01947353626623762,118914.79475083994,0.027398130953158753,0.027270077426080147,5530.077217824757,-16539483019.280773,-1040354119.8939401,-206260847.46130648,-16538482456.42089,-1912980087.9777255,16572170504.791698,16650028177.619888,-0.9979829415596161,0.019436713988915093,-0.0604339515945212,0.019472305501666554,0.9998103966845162,0.0,-0.0604224931169311,0.0011767883681214454,0.9981721983178409,4705.212786861839,-545.2120772163577,-0.11535958579868247,1.10991091860301e-08,139.48698687709987,0.0,-35.880480315649784,-7.50650656145007,0.0,2.9383447082200817e-17,2.279868107321372,1.5707963267948966,20.640306904705575,461.0,0.05911237763391003,9.224904040657602,0.0,0.12443658621355208,-1594.9681496352946,6.073678741738055,-96.56743294371013,0.10954462059191797,0.38089685382792426,-3.0954188233981617,0.10356447238377003,0.3825661213653265,-3.0954188233981617,-4.019119772949641e-17,6.564238325807308e-19,-1.3415631197997052e-18,-4.019654899957873e-17,2.6752643303681233e-20,-1.3415631197997052e-18,-1594.8645851629108,6.4562448631033815,-99.6628517671083,-1062136.1348360945,276.21523073368036,130522.85677775717,0.060206434063629966,4708.746915969546
221.1390798882245,2001.0,12.0,14.0,14.0,25.0,9.0,1.0,3508643.7900739694,-13400.033417450135,213051.52164689067,-156.97203385964,-295.912143923042,4704.392287344484,3515131.8264606055,4716.302684260356,3508002.7248037336,-68393.63486318903,213051.52164689067,3515131.8264606055,-166.43884384120722,-542.0708898217005,4704.392287344484,4738.443787949537,20161177.863997463,0.825793981020217,1.6336148019892425,3.335331273913308e-07,1.2462351669723009e-05,0.06075453814768161,0.06064699444450922,-0.019493990300935776,118931.82646060549,0.027477973376735177,0.02734954624349036,5518.677387036383,-16539479915.732906,-1040353736.6823802,-206261460.436844,-16538481011.49164,-1912969516.0440364,16572167383.308426,16650025535.321106,-0.9979718821344887,0.019456918897990443,-0.06060982408771074,0.0194927556541372,0.9998099981881599,0.0,-0.06059830811131876,0.0011814524911819846,0.9981615346345785,4705.188906396449,-545.2122470848423,-0.11536020173200352,1.107291733468096e-08,139.5131405117839,0.0,-35.95256204713551,-7.5,0.0,2.938393467074593e-17,2.279876070246608,1.5707963267948966,20.638313689559265,461.0,0.058972395441033984,9.232675363677824,0.0,0.12414303877359409,-1594.9355867442262,6.09129664901164,-96.84752115502441,0.10959181191644769,0.3800389649556208,-3.088111822114659,0.10362153518915407,0.38171004384049484,-3.088111822114659,-4.009690915861938e-17,6.55336337859438e-19,-1.3423217234944049e-18,-4.010225521410461e-17,2.676813616319542e-20,-1.3423217234944049e-18,-1594.831965209037,6.473006692852135,-99.93563297713906,-1062140.3245610818,276.36876893864627,130566.41768030771,0.060298996013575544,4708.713122761065
221.26293863377688,2001.0,12.0,14.0,14.0,25.0,9.0,1.0,3508624.3211788256,-13436.684616597857,213634.20010992768,-157.40051971817613,-295.91040267089085,4704.3654027180155,3515147.897758737,4716.290039035623,3507982.0829120795,-68460.77438130818,213634.20010992768,3515147.897758737,-166.87458470632788,-542.0595470127131,4704.3654027180155,4738.431124519884,20161103.195954803,0.8257933358987029,1.6336147913568178,3.3320009373125436e-07,1.2436257742014696e-05,0.06092068375718052,0.0608127851169521,-0.01951323677119808,118947.8977587372,0.027553100820851006,0.027424322140812304,5507.941246032715,-16539477001.815529,-1040353376.842849,-206262040.70469934,-16538479662.628681,-1912959542.08559,16572164452.548841,16650023056.749035,-0.9979614471268118,0.01947592999570768,-0.06077530912600893,0.019511998463923777,0.9998096228362396,0.0,-0.06076373889503087,0.001185847738311179,0.9981514723731254,4705.166376909635,-545.2124078940213,-0.11536078294153033,1.1049703237379586e-08,139.53099750970802,0.0,-36.02399003883204,-7.5,0.0,2.938427128786125e-17,2.2798815676212882,1.5707963267948966,20.636937862762082,461.0,0.05884829865673613,9.239971759290029,0.0,0.123882573575827,-1594.904860733224,6.107873526895903,-97.11105920274215,0.1096486738494112,0.3792822531047612,-3.0816249959437068,0.10368690644885023,0.3809552265401094,-3.0816249959437068,-4.001310568390203e-17,6.543913913562811e-19,-1.343182554320713e-18,-4.0018447459890556e-17,2.6785521711697403e-20,-1.343182554320713e-18,-1594.801173826775,6.488828753436012,-100.19268419868587,-1062144.2582713738,276.5223071436122,130610.04518974287,0.06039155993480364,4708.679279442825
221.43473553079417,2001.0,12.0,14.0,14.0,25.0,9.0,1.0,3508597.229207169,-13487.520897624412,214442.39227748895,-157.99483254892786,-295.90798044560853,4704.327998339559,3515170.2618260016,4716.272449293514,3507953.3624610994,-68553.89717627477,214442.39227748895,3515170.2618260016,-167.47895997291187,-542.0437884476552,4704.327998339559,4738.413509455435,20160999.886581272,0.8257924433127565,1.6336147766415048,3.321989895344981e-07,1.2400022574255104e-05,0.061151131639398525,0.061042740654087546,-0.019539932559213526,118970.26182600157,0.027657304227344078,0.027528037938701636,5493.033872298896,-16539472970.115156,-1040352878.8974714,-206262851.1677723,-16538477808.727884,-1912945665.687277,16572160397.54112,16650019631.022308,-0.9979469275092372,0.01950229777509085,-0.061004837975072654,0.019538689162714885,0.9998091015918003,0.0,-0.06099319224861073,0.0011919545666167295,0.9981374703634941,4705.135032857085,-545.2126324914715,-0.11536159173888712,1.1017399584664396e-08,139.55584647333507,0.0,-36.12338589334032,-7.5,0.0,2.938473967221605e-17,2.279889216918296,1.5707963267948966,20.635023789544842,461.0,0.058675614862272886,9.25006695740847,0.0,0.1235201242466862,-1594.8621049371063,6.130865004994952,-97.47657619073797,0.10972450646669697,0.37822898582125747,-3.072598329753057,0.10377462189643996,0.37990454180621236,-3.072598329753057,-3.989648697538792e-17,6.530715516687847e-19,-1.3443383446755372e-18,-3.9901822724194834e-17,2.6808875883998064e-20,-1.3443383446755372e-18,-1594.7583303152098,6.510769546801164,-100.54917452049104,-1062149.7009308897,276.6758453485781,130653.73930606266,0.06048412583028552,4708.6453860168795
221.73473553079415,2001.0,12.0,14.0,14.0,25.0,9.0,1.0,3508549.6750890324,-13576.29265510389,215853.68084391445,-159.03261180054662,-295.9037310391056,4704.262362515565,3515209.5172014255,4716.241593158634,3507902.9604691854,-68716.50617673849,215853.68084391445,3515209.5172014255,-168.53430922546193,-542.0161986377468,4704.262362515565,4738.3826089027825,20160820.2145851,0.8257908909387435,1.6336147510368322,3.301876754486626e-07,1.2336658663342779e-05,0.06155354369435416,0.06144429286710168,-0.019586550546196624,119009.51720142551,0.027839265643004586,0.02770914787012164,5466.960336863995,-16539465958.168917,-1040352012.6743962,-206264282.1378153,-16538474619.286917,-1912921316.72449,16572153345.046442,16650013683.203455,-0.9979214448821654,0.0195483386809461,-0.061405637356080754,0.019585298229150495,0.9998081896510327,0.0,-0.06139385911935093,0.0012026477205699059,0.9981128932645312,4705.080034417411,-545.2130290295647,-0.11536301144880698,1.0960724197861743e-08,139.59879300356374,0.0,-36.29818950534564,-7.500603498218119,0.0,2.93855495888954e-17,2.2799024438614426,1.5707963267948966,20.631714893395777,461.0,0.05837265742234538,9.267624234395633,0.0,0.12288419835092583,-1594.78705925899,6.171010201964188,-98.11480206406354,0.1098486559987851,0.3763805215916192,-3.056760670109431,0.10391972877867042,0.37806046372093227,-3.056760670109431,-3.9691854132575293e-17,6.507423534871431e-19,-1.346251973331183e-18,-3.9697179110115576e-17,2.6847563391427913e-20,-1.346251973331183e-18,-1594.6831395302113,6.549070665685121,-101.17156273417297,-1062159.1667440347,276.829383553544,130697.50002926709,0.06057669370299287,4708.611442485265
222.03473553079414,2001.0,12.0,14.0,14.0,25.0,10.0,1.0,3508501.8096453,-13665.06313360694,217264.9496520524,-160.07034195424953,-295.899456743529,4704.196321908232,3515249.02966804,4716.210559117288,3507852.2418809696,-68879.10688622865,217264.9496520524,3515249.02966804,-169.58960745842433,-541.9885180129312,4704.196321908232,4738.3515301917705,20160641.4933139,0.8257893467535953,1.6336147255534088,3.2883996502628937e-07,1.2273220904007356e-05,0.0619559466465747,0.061845835871212826,-0.019633169196551316,119049.02966804011,0.02802122248313022,0.027890253227720086,5440.839694947004,-16539458983.127272,-1040351150.7863555,-206265733.19245076,-16538471491.57997,-1912896818.6843274,16572146329.655718,16650007779.860807,-0.9978957997784387,0.01959437476688051,-0.06180641764449036,0.019631907916266362,0.9998072755244218,0.0,-0.06179450603506246,0.0012133778998309353,0.998088155794845,4705.024700562135,-545.2134311172073,-0.11536444050673292,1.0901455497939848e-08,139.69757417010027,0.0,-36.44636125515038,-7.451212914949873,0.0,2.9387369442980496e-17,2.279932164334094,1.5707963267948966,20.624283911853375,461.0,0.058055921543543554,9.285088490857731,0.0,0.12222158596124451,-1594.7115260171922,6.21115076042064,-98.7529544539983,0.10994304189319969,0.3744310023587541,-3.0402837789459096,0.10403674455668664,0.37611488108044583,-3.0402837789459096,-3.9479949863716315e-17,6.482844893437624e-19,-1.3478373298660006e-18,-3.9485262965396445e-17,2.688073975200862e-20,-1.3478373298660006e-18,-1594.6074892726356,6.587265641501086,-101.7932382329442,-1062168.5826367084,276.9829217585099,130741.32735935615,0.06066926355589752,4708.577448850001
222.33473553079412,2001.0,12.0,14.0,14.0,25.0,10.0,1.0,3508453.6328889863,-13753.832326565798,218676.1985950108,-161.10802274194037,-295.8951575948713,4704.129876775865,3515288.7992123147,4716.179347401372,3507801.206710031,-69041.69927837329,218676.1985950108,3515288.7992123147,-170.6448543994854,-541.9607466175698,4704.129876775865,4738.32027355503,20160463.741760965,0.8257878109218498,1.6336147001954036,3.2748670840019003e-07,1.2209735423998715e-05,0.06235834041900138,0.06224736961279637,-0.019679788515134886,119088.79921231512,0.028203174717415232,0.028071353981208396,5414.677954211831,-16539452045.73227,-1040350293.3492426,-206267204.46072644,-16538468426.344967,-1912872171.695432,16572139352.116808,16650001921.7444,-0.9978699922168666,0.019640406015529577,-0.062207178722843606,0.019678518228815712,0.9998063592117816,0.0,-0.062195132875722876,0.0012241451004606748,0.9980632579728322,4704.969031543578,-545.2138387893652,-0.11536587891449215,1.084180118152732e-08,139.79699803078782,0.0,-36.5954970461817,-7.4015009846061,0.0,2.938920053937417e-17,2.279962068407578,1.5707963267948966,20.61681259451399,461.0,0.057737137809848335,9.302457617110317,0.0,0.12155464340993015,-1594.6355053116401,6.251286651317361,-99.3910328976029,0.11002609909041709,0.37246791851347183,-3.0236991324342726,0.10414272959989555,0.37415556213197687,-3.0236991324342726,-3.9266636719046306e-17,6.45792582195126e-19,-1.3492803566176987e-18,-3.927193760279569e-17,2.6911092431734672e-20,-1.3492803566176987e-18,-1594.5313625820402,6.625442213449338,-102.41473203003717,-1062177.9476055596,277.13645996347583,130785.22129632987,0.06076183539197173,4708.543405113084
222.49952483374219,2001.0,12.0,14.0,14.0,25.0,10.0,1.0,3508427.0370476292,-13802.592487754735,219451.3858548273,-161.67799725194945,-295.8927855298349,4704.093206676694,3515310.7539163297,4716.1621274534045,3507773.038505866,-69131.00735209159,219451.3858548273,3515310.75391633,-171.2244771358083,-541.9454532569049,4704.093206676694,4738.303028825624,20160366.531207863,0.825786970980174,1.6336146863219574,3.2646808475564034e-07,1.2174841444468806e-05,0.06257937045423698,0.062467927199374364,-0.019705396684362615,119110.75391633064,0.028303118689774354,0.028170830237882943,5400.292793639004,-16539448251.655767,-1040349824.3305134,-206268021.28074026,-16538466769.79883,-1912858569.8631456,16572135536.080215,16649998723.742956,-0.9978557470624564,0.01966568880861365,-0.062427307631435246,0.019704121432802195,0.9998058549531311,0.0,-0.06241518767886924,0.0012300752502926993,0.9980495134320191,4704.938310249128,-545.214065121234,-0.11536667300741237,1.080627488596272e-08,139.8259423954133,0.0,-36.67782718623988,-7.3740576045867074,0.0,2.9389742192206485e-17,2.279970914269629,1.5707963267948966,20.614603589444233,461.0,0.05754733155874363,9.311956484842016,0.0,0.12115736481082313,-1594.5935399286209,6.273331205930455,-99.74149626522222,0.11004008827395557,0.371293439360122,-3.0138097263166106,0.10417086893977003,0.372982666089916,-3.0138097263166106,-3.913884399071524e-17,6.442443106306821e-19,-1.349666545395343e-18,-3.91441366617403e-17,2.6919664281535678e-20,-1.349666545395343e-18,-1594.4893690596812,6.646313872020371,-102.75530599153883,-1062183.0692835636,277.28999816844174,130829.18184018819,0.060854409214188,4708.5093112764935
222.71540587494098,2001.0,12.0,14.0,14.0,25.0,10.0,1.0,3508392.0532370107,-13866.469793968341,220466.9051927253,-162.42466551302073,-295.88966673846625,4704.044983104857,3515339.6328785094,4716.139487962967,3507735.9924269835,-69248.0009346121,220466.9051927253,3515339.6328785094,-171.98378410454336,-541.9253769267461,4704.044983104857,4738.280356756667,20160239.667111646,0.8257858748076594,1.6336146682106878,3.254462729072817e-07,1.2129096704250827e-05,0.06286892500927199,0.06275686280875535,-0.01973894479077806,119139.63287850935,0.02843404744933254,0.028301146270650317,5381.43664470315,-16539443300.127129,-1040349212.1383141,-206269100.69006163,-16538464629.857351,-1912840683.0979164,16572130555.886469,16649994556.571383,-0.9978370111438423,0.019698808128507595,-0.06271567706594473,0.0197376630149244,0.9998051933545401,0.0,-0.06270345963527776,0.0012378608996804399,0.9980314342996217,4704.89791152796,-545.2143642366644,-0.11536771757277642,1.0759346572422316e-08,139.8620410981367,0.0,-36.78612329441004,-7.3379589018633204,0.0,2.9390418906070084e-17,2.279981965845709,1.5707963267948966,20.6118444552749,461.0,0.05729661682886764,9.324352790259509,0.0,0.12063256588302054,-1594.5383410010652,6.302208363633518,-100.20058417567586,0.11005072485924369,0.3697412302405754,-3.0007453118669667,0.10420029982463996,0.37143241228831164,-3.0007453118669667,-3.896997585338403e-17,6.421865933548921e-19,-1.3500750008072328e-18,-3.897525749068723e-17,2.6928955578855863e-20,-1.3500750008072328e-18,-1594.4341407012405,6.67364077592183,-103.20132948754282,-1062189.7533754837,277.44353637340765,130873.20899093115,0.06094698502551917,4708.475167342189
222.9852366933206,2001.0,12.0,14.0,14.0,25.0,10.0,1.0,3508348.100149064,-13946.309416878354,221736.19333408918,-163.3578935295407,-295.8857505552445,4703.984414565575,3515375.9160010456,4716.111062224456,3507689.457863117,-69394.22570970732,221736.19333408918,3515375.9160010456,-172.932807897648,-541.9002174493397,4703.984414565575,4738.251890116739,20160081.877675954,0.8257845114061629,1.6336146456751859,3.240788455446309e-07,1.2071908831603094e-05,0.06323083391851612,0.06311799806170339,-0.01978087723493065,119175.91600104561,0.02859769257954131,0.028464025551787397,5357.852214887738,-16539437141.43426,-1040348450.5505242,-206270464.81517717,-16538462003.449875,-1912818218.2646425,16572124361.53092,16649989383.790472,-0.997813474768675,0.01974020058391009,-0.0630760973029387,0.019779587272993265,0.9998043648270946,0.0,-0.06306375739973664,0.0012476191714432911,0.9980087203772471,4704.847173798517,-545.2147422727768,-0.11536902998971797,1.0701454665156347e-08,139.90657333449514,0.0,-36.91972000348535,-7.3,0.0,2.9391254148771275e-17,2.27999560639418,1.5707963267948966,20.608440008936864,461.0,0.056987320779874735,9.339770717943628,0.0,0.11998478949810916,-1594.4689928214855,6.338298622238203,-100.77434586449775,0.11006541069246366,0.36782487713470263,-2.984619183430403,0.10423816777616712,0.36951852355291664,-2.984619183430403,-3.876152344472223e-17,6.39648849027303e-19,-1.3505991853449758e-18,-3.876679151807015e-17,2.694068108543355e-20,-1.3505991853449758e-18,-1594.3647546537093,6.70781714579112,-103.75896504792814,-1062198.0669489522,277.59707457837357,130917.30274855875,0.061039562828938354,4708.440973312112
223.19472914845943,2001.0,12.0,14.0,14.0,25.0,11.0,1.0,3508313.8020121767,-14008.294929485535,222721.63763218763,-164.08240918191055,-295.88269625683324,4703.937164688116,3515404.2290447243,4716.0888940181385,3507653.152569442,-69507.74766611896,222721.63763218763,3515404.229044724,-173.66958606327384,-541.8806334307814,4703.937164688116,4738.229690015545,20159959.929433577,0.8257834576819706,1.6336146282517527,3.230494765740468e-07,1.2027498819071745e-05,0.06351180914001357,0.06339837259345933,-0.019813433313785142,119204.22904472332,0.02872474150163986,0.02859047988152182,5339.524629943073,-16539432381.552973,-1040347861.8349854,-206271535.40154988,-16538459999.82175,-1912800693.9351718,16572119574.080322,16649985393.589386,-0.9977951108975631,0.019772334314169897,-0.06335591104773462,0.019812136972245716,0.9998037203514463,0.0,-0.06334347557178037,0.0012552159876791339,0.9979909962195609,4704.807595089174,-545.2150389174923,-0.11537005414663344,1.0660558046510764e-08,139.9380322719148,0.0,-37.01409681574439,-7.3,0.0,2.939184635515312e-17,2.280005277858349,1.5707963267948966,20.606026880441917,461.0,0.05676875605063163,9.351686512940105,0.0,0.11952572386258094,-1594.4148802106379,6.3663158834710885,-101.21976346071708,0.11011207132668857,0.366467293318365,-2.973189339995325,0.10430081231370177,0.3681633956202657,-2.973189339995325,-3.8613772487781554e-17,6.37903866428767e-19,-1.3514348087384087e-18,-3.8619031841377905e-17,2.695766309969915e-20,-1.3514348087384087e-18,-1594.310579398324,6.734479279091354,-104.1929528007124,-1062204.4922190309,277.7506127833395,130961.46311307099,0.061132142627418985,4708.406729188182
223.45532276699655,2001.0,12.0,14.0,14.0,25.0,11.0,1.0,3508270.925757658,-14085.399575130348,223947.44595182536,-164.98362034899841,-295.87888002756324,4703.878114058393,3515439.623368041,4716.0611974981175,3507607.775970442,-69648.95512046658,223947.44595182536,3515439.6233680407,-174.58604959569269,-541.8562105768422,4703.878114058393,4738.201953649894,20159808.89531474,0.8257821526177131,1.633614606664563,3.2132653374743336e-07,1.1972199766087412e-05,0.06386131579224265,0.06374713198223073,-0.019853931212474155,119239.62336804066,0.028882778062417815,0.02874777681314853,5316.704036302865,-16539426486.25987,-1040347132.5624057,-206272881.22637975,-16538457549.994173,-1912778793.610159,16572113644.633675,16649980460.882633,-0.9977721570452986,0.019812303035299447,-0.06370396591743135,0.019852626905763598,0.9998029171816516,0.0,-0.06369141096028838,0.001264691067776245,0.9979688395568224,4704.758134026786,-545.2154117332965,-0.11537133448866943,1.0609432912830152e-08,139.97735929782297,0.0,-37.13207789346888,-7.3,0.0,2.93925865831075e-17,2.2800173666982473,1.5707963267948966,20.603011411617985,461.0,0.05649553586432158,9.36644440182583,0.0,0.11895184956972348,-1594.347236515902,6.401164095666711,-101.77377948682152,0.11016248110201012,0.3647696884826573,-2.958901094453206,0.10437130252905993,0.3664687286613593,-2.958901094453206,-3.8429064138607616e-17,6.357106713108299e-19,-1.3523781095284009e-18,-3.8434312415798136e-17,2.6976872716098578e-20,-1.3523781095284009e-18,-1594.242865213373,6.76763282432807,-104.73268058127474,-1062212.4500880912,277.9041509883054,131005.69008446786,0.06122472442393477,4708.372434972307
223.69621319480223,2001.0,12.0,14.0,14.0,25.0,11.0,1.0,3508231.0824467354,-14156.67353853964,225080.55856101128,-165.81665782060244,-295.87533567243634,4703.823256839755,3515472.5140574216,4716.035475890383,3507565.6178281875,-69779.48036947974,225080.55856101128,3515472.5140574216,-175.43318491080615,-541.8335734314795,4703.823256839755,4738.176195040876,20159669.930649955,0.825780951827965,1.6336145867944916,3.202883192927356e-07,1.192106865271637e-05,0.06418439028491342,0.06406951566511107,-0.01989136757349233,119272.51405742159,0.029028862482699796,0.02889317752798476,5295.58750795573,-16539421061.942043,-1040346461.4274205,-206274139.25708586,-16538455327.281593,-1912758449.2358809,16572108188.88305,16649975931.458231,-0.9977508297397815,0.01984924646415255,-0.06402569147133853,0.01989005587479795,0.9998021732709413,0.0,-0.06401302547821903,0.0012734745807874979,0.9979482505779631,4704.712187843809,-545.2157601181231,-0.11537252430142549,1.0561228913867625e-08,140.03128514355396,0.0,-37.24692771533094,-7.284357428223021,0.0,2.939358835229912e-17,2.2800337268306925,1.5707963267948966,20.598931950658567,461.0,0.05623795719055502,9.380023019217726,0.0,0.11841158854445379,-1594.284380455664,6.433374247959459,-102.28585587007292,0.11019557864987235,0.36317309137350684,-2.9454563836908028,0.10442345325825765,0.3648746391041589,-2.9454563836908028,-3.8255568470486016e-17,6.336308076252192e-19,-1.353093146127758e-18,-3.826080603489482e-17,2.69918612102113e-20,-1.353093146127758e-18,-1594.1799570024057,6.798248887063618,-105.23131225376372,-1062219.772132432,278.0576891932713,131049.98366274935,0.06131730822145978,4708.338090666369
223.93887666849858,2001.0,12.0,14.0,14.0,25.0,11.0,1.0,3508190.74298609,-14228.471240434223,226221.9979206549,-166.6557934541287,-295.87174907084545,4703.767732563409,3515505.8143758415,4716.009449449267,3507522.9430646957,-69910.96081378272,226221.9979206549,3515505.8143758406,-176.2865208811095,-541.8107105719102,4703.767732563409,4738.150131162954,20159530.596989587,0.8257797478344332,1.6336145668634052,3.188987755631326e-07,1.1869520861001383e-05,0.06450983651595729,0.06439426596746804,-0.0199290799326455,119305.8143758406,0.0291760190433689,0.02903964535198253,5274.298624373972,-16539415623.095865,-1040345788.3656571,-206275420.18798876,-16538453129.773762,-1912737858.182478,16572102718.511782,16649971399.039152,-0.9977292396222185,0.019886458593781343,-0.06434977208559087,0.01992776075928549,0.9998014224590405,0.0,-0.0643369936660888,0.0012823468630362026,0.9979274055924772,4704.6656853788945,-545.2161147465449,-0.11537372896771998,1.051127843623911e-08,140.11453593960147,0.0,-37.371803909402225,-7.242732030199258,0.0,2.939511992646273e-17,2.2800587393349456,1.5707963267948966,20.59269820798979,461.0,0.055971089891383594,9.393637474151763,0.0,0.11785307361460542,-1594.2207443429418,6.465818330185681,-102.80165143040051,0.11021158831602273,0.3615253800793629,-2.9315680266754374,0.10445933838792934,0.3632291855897931,-2.9315680266754374,-3.80768482641872e-17,6.314636519723452e-19,-1.353616819521273e-18,-3.8082074403601265e-17,2.7003634483557475e-20,-1.353616819521273e-18,-1594.116285004554,6.829047515775474,-105.73321945707595,-1062227.1137204804,278.2112273982372,131094.3438479155,0.06140989402296841,4708.303696272232
224.21976449306402,2001.0,12.0,14.0,14.0,25.0,12.0,1.0,3508143.7949918294,-14311.577427160653,227543.21994474143,-167.62706777731134,-295.8675772667598,4703.703132231692,3515544.570124371,4715.9791786325295,3507473.2876080396,-70063.14512049346,227543.21994474143,3515544.5701243705,-177.27423078048335,-541.7841723079514,4703.703132231692,4738.119816807976,20159370.14058488,0.8257783612985756,1.6336145439004222,3.175031505921871e-07,1.1809854175584729e-05,0.06488653920363215,0.06477016306850168,-0.019972733312623253,119344.57012437051,0.029346351805334785,0.029209180888913947,5249.637216165662,-16539409359.574186,-1040345013.0870318,-206276920.07522076,-16538450638.425943,-1912713902.1762679,16572096418.67476,16649966190.926203,-0.9977041160038413,0.01992952833421617,-0.06472488554929388,0.019971405451681183,0.9998005515923086,0.0,-0.06471197627393308,0.0012926469321186086,0.9979031461973806,4704.611584600521,-545.2165298565241,-0.11537513103318153,1.0453144813444225e-08,140.20571265546315,0.0,-37.51713796638944,-7.2,0.0,2.9396798745166974e-17,2.2800861565250354,1.5707963267948966,20.585869626331327,461.0,0.055660511613881164,9.409315546175344,0.0,0.1172027622712155,-1594.146686545556,6.503369037300668,-103.39863224496503,0.11022003792705737,0.35960624962100163,-2.915394731957015,0.10449105491114512,0.36131251150587096,-2.915394731957015,-3.786859894701006e-17,6.289228375002347e-19,-1.3540923930529081e-18,-3.787381153725595e-17,2.701454124457973e-20,-1.3540923930529081e-18,-1594.0421954906446,6.864681548806539,-106.31402697692204,-1062235.5684064403,278.3647656032031,131138.77063996624,0.061502481831435245,4708.269251791747
224.519764493064,2001.0,12.0,14.0,14.0,25.0,12.0,1.0,3508093.3512740573,-14400.337028716604,228954.32048164826,-168.6643795490409,-295.86309763585956,4703.633745636501,3515586.211690306,4715.946676814933,3507419.9471085244,-70225.67610940724,228954.32048164826,3515586.211690306,-178.3290945409399,-541.7557406066759,4703.633745636501,4738.0872682476565,20159199.755695056,0.8257768889464858,1.6336145195038183,3.1574994475271076e-07,1.1746104374873967e-05,0.0652888641669486,0.06517162758834677,-0.02001935763608703,119386.21169030666,0.029528269710172226,0.029390247325582267,5223.278003498912,-16539402708.304808,-1040344189.6139517,-206278542.50071335,-16538448040.000975,-1912688172.2985225,16572089728.829348,16649960674.228603,-0.9976771257793005,0.01997552381901125,-0.06512550302999573,0.0200180204542738,0.9997996193523442,0.0,-0.06511245313951967,0.0013036836517493248,0.9978770810350792,4704.553479063287,-545.2169787026145,-0.11537663755152294,1.0390682464540005e-08,140.25776461288334,0.0,-37.67329383864999,-7.2,0.0,2.93977732430007e-17,2.280102071282407,1.5707963267948966,20.58190800630366,461.0,0.055326799335306265,9.425963667455246,0.0,0.11650176958954687,-1594.0671184915807,6.543470043160947,-104.03615792716316,0.11021401284876975,0.3575377515414355,-2.8979433231504474,0.10451026507119744,0.35924640137415725,-2.8979433231504474,-3.764302852606691e-17,6.261444408622093e-19,-1.3543808544349293e-18,-3.76482260319269e-17,2.7020807744781875e-20,-1.3543808544349293e-18,-1593.9626082265095,6.902716444535105,-106.9341012503136,-1062244.5463863425,278.51830380816904,131183.26403890166,0.06159507164983535,4708.234757226739
224.79494878961796,2001.0,12.0,14.0,14.0,25.0,12.0,1.0,3508046.806570951,-14481.75333919331,230248.67782636223,-169.6158402549942,-295.85896679490367,4703.569743842974,3515624.634672082,4715.916707989383,3507370.7406125735,-70374.7551841662,230248.67782636223,3515624.634672082,-179.29665362535974,-541.7295810905093,4703.569743842974,4738.057256326142,20159044.368438236,0.8257755461739711,1.6336144972430091,3.143403397460144e-07,1.1687603030330677e-05,0.06565790066615869,0.06553987479546186,-0.020062125862612936,119424.63467208203,0.029695135303889144,0.02955633188528655,5199.083573564887,-16539396642.32921,-1040343438.4212357,-206280049.42908183,-16538445713.421356,-1912664440.1453838,16572083627.660822,16649955655.65189,-0.9976522254457696,0.02001771022142424,-0.06549296405412136,0.020060780092554048,0.9997987623027337,0.0,-0.06547978440084797,0.0013138399494992757,0.9978530310919568,4704.49988610385,-545.2173954167788,-0.11537802767535373,1.033304799187695e-08,140.30579334010255,0.0,-37.817380020307624,-7.2,0.0,2.9398672264719646e-17,2.2801167534212827,1.5707963267948966,20.578254613261187,461.0,0.05501889317313881,9.441146405836164,0.0,0.11585496665460576,-1593.9937043242642,6.580249615544619,-104.62087968631106,0.11019796918760706,0.3556283241683372,-2.8818411302946707,0.10451763959144712,0.3573389992403363,-2.8818411302946707,-3.7434885645021574e-17,6.23565168443678e-19,-1.3545128834319792e-18,-3.744006899677355e-17,2.7023914870501776e-20,-1.3545128834319792e-18,-1593.8891866846727,6.937588614784955,-107.50272081660573,-1062252.7342380658,278.67184201313495,131227.8240447217,0.06168766348114389,4708.200212579026
224.92033184244443,2001.0,12.0,14.0,14.0,25.0,12.0,1.0,3508025.512442066,-14518.848921276282,230838.42392558485,-170.04934260759663,-295.8570777251013,4703.540469789904,3515642.213149521,4715.903003700642,3507348.2322139456,-70442.678144204,230838.42392558485,3515642.213149521,-179.73749038144828,-541.7176366599277,4703.540469789904,4738.043532331511,20158973.84157623,0.8257749367127625,1.6336144871358556,3.139869497076506e-07,1.1660956033343954e-05,0.06582604316404302,0.06570765765311828,-0.020081612676975214,119442.2131495215,0.029771163427264158,0.02963200414426325,5188.053303167224,-16539393889.063843,-1040343097.4106927,-206280741.99237788,-16538444670.864365,-1912653585.4837015,16572080858.418455,16649953381.731209,-0.9976408347514563,0.020036930345394062,-0.0656603857645645,0.020080262981624544,0.9997983711922064,0.0,-0.06564714673926351,0.0013184778136273716,0.997842028450019,4704.475373992344,-545.2175868532039,-0.11537866367097878,1.0310382467304661e-08,140.34936255449225,0.0,-37.87404383173835,-7.175318722753884,0.0,2.9399473266738253e-17,2.280129834776971,1.5707963267948966,20.57500067377826,461.0,0.05489775275318605,9.448037486727223,0.0,0.11560170640406074,-1593.9601186498887,6.597006226761169,-104.88727641357342,0.11022861524483105,0.3548789868336786,-2.875544305946677,0.10455705201065196,0.3565911745819476,-2.875544305946677,-3.735393466694445e-17,6.226187945525217e-19,-1.3550541221815647e-18,-3.735911345776314e-17,2.7035452006685412e-20,-1.3550541221815647e-18,-1593.855561597878,6.953597401343117,-107.76282071952009,-1062256.4505657237,278.82538021810086,131272.45065742638,0.0617802573283366,4708.165617850393
225.11328462872135,2001.0,12.0,14.0,14.0,25.0,13.0,1.0,3507992.6365876934,-14575.935087642578,231745.98080770075,-170.7164442740959,-295.85416213379534,4703.495281703311,3515669.3524644324,4715.8818533337735,3507313.485915593,-70547.20229582237,231745.98080770075,3515669.352464432,-180.41587833531574,-541.6992243465916,4703.495281703311,4738.022351553283,20158865.621806003,0.8257740015189055,1.633614471623064,3.125693941623437e-07,1.1619915562368204e-05,0.06608479540507364,0.0659658564193453,-0.02011160130413324,119469.35246443143,0.0298881619365952,0.029748455012159076,5171.068596318364,-16539389664.258476,-1040342574.079308,-206281815.0867979,-16538443087.136484,-1912636830.327117,16572076609.093044,16649949897.174221,-0.9976232501662928,0.020066506608868048,-0.06591802515365965,0.020110245553177666,0.9997977685631184,0.0,-0.06590469445671643,0.0013256276722206375,0.997825041758244,4704.437537730325,-545.2178833491097,-0.11537964559988165,1.027419671409142e-08,140.40967214318098,0.0,-37.96450821477145,-7.145163928409517,0.0,2.9400584188256496e-17,2.280147977502188,1.5707963267948966,20.57048949351575,461.0,0.05470437594177596,9.458611379971062,0.0,0.11519695490358436,-1593.9082674361412,6.622791393429217,-105.29720926489685,0.1102588932150644,0.3536817341770462,-2.8654778895964443,0.10460155226159591,0.3553959874393046,-2.8654778895964443,-3.722434658373459e-17,6.210751942879729e-19,-1.3556734523446326e-18,-3.722951760829501e-17,2.7048781954222965e-20,-1.3556734523446326e-18,-1593.8036658838796,6.978187380868521,-108.1626871544933,-1062262.1531261336,278.9789184230668,131317.14387701568,0.06187285319438928,4708.130973042618
225.3644430640561,2001.0,12.0,14.0,14.0,25.0,13.0,1.0,3507949.6506703645,-14650.240878137347,232927.29591451635,-171.58474953597792,-295.85035161408047,4703.436211577994,3515704.8377783606,4715.854212463173,3507268.062058834,-70683.2516102022,232927.29591451635,3515704.8377783606,-181.2988732528187,-541.6752016155051,4703.436211577994,4737.99467094161,20158725.325185888,0.8257727891154913,1.6336144515052278,3.111453804049072e-07,1.1566488266784447e-05,0.06642159611935648,0.06630193666243699,-0.020150636668193694,119504.83777836058,0.030040450896680174,0.02990003113178601,5148.942255243659,-16539384187.084953,-1040341895.507035,-206283225.19925356,-16538441063.097622,-1912614928.5101159,16572071100.124132,16649945388.238123,-0.9976002605142308,0.020105001663014543,-0.06625337070722567,0.020149273007728858,0.9997969827906363,0.0,-0.06623992013279376,0.001334957254062156,0.9978028316606097,4704.388080092263,-545.2182727208562,-0.1153809295299975,1.0226882962185898e-08,140.48852839635683,0.0,-38.082792594535256,-7.105735801821581,0.0,2.9402036415951015e-17,2.2801716941802628,1.5707963267948966,20.564595428433115,461.0,0.05445153903950235,9.472319200015823,0.0,0.11466772295970497,-1593.840473504881,6.656351767679679,-105.83075259978689,0.11029164894090733,0.3521158174918896,-2.852315542924269,0.10465299024118016,0.3538326559090688,-2.852315542924269,-3.7054890825130745e-17,6.190465758283716e-19,-1.3563958338736745e-18,-3.706005154124746e-17,2.706446905979898e-20,-1.3563958338736745e-18,-1593.7358205146397,7.010184423588748,-108.68306814271116,-1062269.5460434575,279.1324566280327,131361.9037034896,0.061965451082278244,4708.096278157456
225.5040451676995,2001.0,12.0,14.0,14.0,25.0,13.0,1.0,3507925.663391585,-14691.542061055585,233583.90320097306,-172.0673660850102,-295.8482260760161,4703.403255976487,3515724.6395478733,4715.838794920155,3507242.718098064,-70758.86967390217,233583.90320097306,3515724.6395478738,-181.78965419502953,-541.6618215214506,4703.403255976487,4737.979231233133,20158647.632327527,0.8257721177093003,1.6336144403608666,3.1043092393874737e-07,1.1536771164724505e-05,0.06660879803117353,0.06648873809349747,-0.020172334022731254,119524.63954787329,0.030125096618210397,0.02998428063370542,5136.636635392904,-16539381153.903109,-1040341519.6671053,-206284015.52751815,-16538439956.79069,-1912602709.6520905,16572068049.330929,16649942895.529747,-0.99758743294216,0.020126396953261346,-0.06643976054706384,0.020170965952585457,0.9997965453693765,0.0,-0.06642624307012301,0.0013401541478927552,0.9977904380271685,4704.360488419516,-545.2184908409304,-0.11538164601469024,1.0198040678190069e-08,140.5182994348416,0.0,-38.15489830452483,-7.1,0.0,2.9402589928733686e-17,2.280180733730001,1.5707963267948966,20.562349837821714,461.0,0.05429745571165862,9.47991020002513,0.0,0.11434429201712117,-1593.8026440243002,6.675004212907341,-106.12728952850368,0.11027906180094979,0.3511596610978501,-2.844265659005625,0.1046521862149283,0.35287745603040527,-2.844265659005625,-3.69509180708824e-17,6.177518730420238e-19,-1.356407418183803e-18,-3.695607164106946e-17,2.7065067007102798e-20,-1.356407418183803e-18,-1593.6979918380853,7.027881668937746,-108.97155518750931,-1062273.6401056647,279.2859948329986,131406.73013684817,0.062058050994979956,4708.061533196647
225.69496109026935,2001.0,12.0,14.0,14.0,25.0,13.0,1.0,3507892.749989511,-14748.023919968515,234481.85346032982,-172.72736038708572,-295.8453105874407,4703.358045507982,3515751.8099605255,4715.8176484113055,3507207.947490613,-70862.27979115714,234481.85346032982,3515751.8099605255,-182.46081319828508,-541.6434915474714,4703.358045507982,4737.95805432397,20158541.748161335,0.8257712026718255,1.633614425168082,3.097148193542154e-07,1.1496156531060672e-05,0.06686480663374277,0.06674419901157304,-0.020202006969494597,119551.80996052548,0.030240854010115035,0.030099496167373088,5119.804761946201,-16539377020.04916,-1040341007.3707,-206285103.966001,-16538438466.762123,-1912585947.4576352,16572063891.470293,16649939503.475914,-0.9975698334433885,0.020155654784958434,-0.06669465483769815,0.02020063285336592,0.9997959463972254,0.0,-0.0666810455530927,0.0013472742356583055,0.9977734327070852,4704.322637792441,-545.2187911391468,-0.11538262913763898,1.0157285059211773e-08,140.55226245065685,0.0,-38.256787351970566,-7.1,0.0,2.9403225132310826e-17,2.280191107391658,1.5707963267948966,20.559773452487118,461.0,0.054079751316759704,9.490255636853727,0.0,0.11388691209622984,-1593.750739022791,6.700511018087968,-106.53279728718952,0.11024433014231118,0.3498076471574661,-2.83287934747225,0.10463431196627389,0.3515264756710562,-2.83287934747225,-3.680370121507892e-17,6.158929306991029e-19,-1.3562015387819143e-18,-3.680884424859258e-17,2.7061295971215075e-20,-1.3562015387819143e-18,-1593.6461047108248,7.052037493759024,-109.36567663466177,-1062279.2197730858,279.43953303796457,131451.6231770914,0.062150652935471354,4708.0267381619105
225.96939577890458,2001.0,12.0,14.0,14.0,25.0,13.0,1.0,3507845.2174340254,-14829.213558546951,235772.60911008032,-173.67604042759123,-295.8411021562956,4703.292771194746,3515791.048719492,4715.787125848283,3507157.741536012,-71010.92193142252,235772.60911008032,3515791.048719492,-183.42554068351498,-541.6170786689428,4703.292771194746,4737.927487884726,20158390.290523928,0.8257698937789442,1.6336144034267561,3.0791727184909443e-07,1.1437764815483695e-05,0.06723280260769324,0.06711140770445395,-0.0202446612644086,119591.04871949228,0.030407247550056343,0.03026511080710998,5095.604974642396,-16539371106.819035,-1040340274.4128761,-206286684.01957768,-16538436371.510397,-1912561747.151608,16572057943.890726,16649934661.948957,-0.9975444197155503,0.020197708267471085,-0.06706104141085191,0.020243278426128036,0.9997950838439656,0.0,-0.06704729952002633,0.0013575353328259773,0.9977488745796168,4704.26799212268,-545.2192268696589,-0.11538404897660158,1.009840070277428e-08,140.6026217987307,0.0,-38.40393269809603,-7.098689100634656,0.0,2.9404165984081456e-17,2.28020647266712,1.5707963267948966,20.555958581667323,461.0,0.05376522027319063,9.505053886685197,0.0,0.11322615170742696,-1593.6757825257775,6.737172553880981,-107.1156433739421,0.11018552670657812,0.3478536654582136,-2.8164305686300874,0.10459997402087762,0.3495738381274442,-2.8164305686300874,-3.659104293203162e-17,6.131949529035488e-19,-1.3557945538342387e-18,-3.659617055105404e-17,2.7053691299033617e-20,-1.3557945538342387e-18,-1593.5711825517567,7.0867463920084255,-109.93207394257219,-1062287.201080054,279.5930712429305,131496.58282421922,0.062243256906729556,4707.991893054949
226.26939577890457,2001.0,12.0,14.0,14.0,25.0,14.0,1.0,3507792.959069939,-14917.965196178444,237183.5861901231,-174.7130447964467,-295.8364780602895,4703.221030542295,3515834.1887728777,4715.753591093208,3507102.5556907295,-71173.4027132649,237183.5861901231,3515834.1887728777,-184.48008551528125,-541.5881186515195,4703.221030542295,4737.893904927752,20158225.74419874,0.8257684717536143,1.6336143797941762,3.064716428697588e-07,1.1373969563595928e-05,0.06763507011069826,0.06751281459356215,-0.020291289771900197,119634.18877287814,0.030589136949563753,0.030446148748658853,5069.148630663753,-16539364682.40494,-1040339477.8975238,-206288432.23655427,-16538434144.456444,-1912535150.473435,16572051482.145523,16649929416.354708,-0.9975164832545201,0.02024367444305056,-0.06746153926926418,0.020289897356661576,0.9997941388432201,0.0,-0.06744765155875206,0.0013687877072957645,0.9977218754339415,4704.20793654115,-545.2197086943688,-0.11538561003712602,1.003261212136083e-08,140.71047193219536,0.0,-38.56570789829304,-7.044764033902319,0.0,2.940614632169589e-17,2.2802388140347016,1.5707963267948966,20.547933677931468,461.0,0.053413866663429135,9.521130762300164,0.0,0.1124904080565543,-1593.5933779757795,6.777244502995515,-107.75270853424152,0.11010199711743412,0.3456743976182332,-2.79813492302181,0.10454397227347619,0.3473957351483442,-2.79813492302181,-3.635539737761173e-17,6.101822906896049e-19,-1.3551446108990863e-18,-3.6360507554457714e-17,2.7042450930495408e-20,-1.3551446108990863e-18,-1593.488834003506,7.12464023814386,-110.55084345726333,-1062295.8722526766,279.7466094478964,131541.6090782317,0.062335862911732015,4707.95699787745
226.53983987639586,2001.0,12.0,14.0,14.0,25.0,14.0,1.0,3507745.5825526044,-14997.971859412366,238455.53577260757,-175.6478377792209,-295.8322883975277,4703.156012680276,3515873.2988573136,4715.72320915739,3507052.535596894,-71319.86848417683,238455.53577260757,3515873.298857313,-185.43068917406032,-541.5619342518843,4703.156012680276,4737.863479325765,20158078.331807684,0.8257671977834261,1.633614358611487,3.053829302179706e-07,1.131650731071468e-05,0.06799769770085455,0.06787466636999459,-0.020333325082233032,119673.29885731265,0.03075310239893674,0.030609346626955837,5045.300064176321,-16539358926.799904,-1040338764.1310352,-206290027.09884003,-16538432193.913824,-1912511047.0656536,16572045693.08493,16649924729.953402,-0.997491160087229,0.020285107687855634,-0.06782256227780095,0.02033192399561863,0.9997932850677866,0.0,-0.06780854234143716,0.0013789631814203603,0.9976973990374405,4704.15351188888,-545.2201479920982,-0.11538702531932366,9.972969242598198e-09,140.80824714328165,0.0,-38.71237071492247,-6.995876428359178,0.0,2.940794106495761e-17,2.280268124416486,1.5707963267948966,20.540666437001228,461.0,0.053095348089732965,9.535533242857237,0.0,0.11182337425611898,-1593.5186753610376,6.81336422156395,-108.32694120887648,0.11001592253484443,0.34369776728465895,-2.7815477985744566,0.10448298802139498,0.34541998156124887,-2.7815477985744566,-3.614173354409818e-17,6.074353242031148e-19,-1.354422884659699e-18,-3.614682767056546e-17,2.702961568369631e-20,-1.354422884659699e-18,-1593.4141923730162,7.158784203125199,-111.10848900745093,-1062303.640630791,279.9001476528623,131586.7019391288,0.06242847095345666,4707.922052631076
226.65099660661824,2001.0,12.0,14.0,14.0,25.0,14.0,1.0,3507726.036759914,-15030.855513285574,238978.3217266939,-176.0320395098943,-295.830560550745,4703.129194301016,3515889.434245079,4715.710680032894,3507031.9020132814,-71380.06613878571,238978.3217266939,3515889.4342450784,-185.82138886816833,-541.5511507255933,4703.129194301016,4737.850932194852,20158017.982566494,0.8257666762271589,1.6336143499362124,3.0465496033818946e-07,1.1292868384489074e-05,0.0681467408966328,0.06802339069302092,-0.02035060242210425,119689.43424507836,0.03082049357122786,0.03067642231602082,5035.496030390263,-16539356570.46755,-1040338471.8647108,-206290687.81889832,-16538431407.35632,-1912501105.1940696,16572043323.05269,16649922814.868519,-0.9974807136579655,0.02030213619448253,-0.06797094339742986,0.020349197760970245,0.9997929336370032,0.0,-0.06795686890139109,0.0013831541691940149,0.9976873011388204,4704.131063799806,-545.2203298887323,-0.1153876092260306,9.952951417454562e-09,140.82159360564262,0.0,-38.78637442257048,-7.0,0.0,2.9408194998664703e-17,2.280272271468636,1.5707963267948966,20.53963864151136,461.0,0.05298835996718903,9.541429421732971,0.0,0.111598568780431,-1593.487856917679,6.828208784979313,-108.56294070497202,0.11002657749549634,0.3430453499346951,-2.775947072495777,0.10450140101961934,0.34476864279125874,-2.775947072495777,-3.606926550299267e-17,6.065609560981731e-19,-1.3546727738033825e-18,-3.607435514657592e-17,2.703474710404113e-20,-1.3546727738033825e-18,-1593.3833555166593,7.172977427770571,-111.3388877774678,-1062306.820964232,280.0536858578282,131631.86140691052,0.06252108103488149,4707.887057317484
226.8063400919862,2001.0,12.0,14.0,14.0,25.0,14.0,1.0,3507698.6496259533,-15076.810675728275,239708.91929098326,-176.56895571585736,-295.82814013456897,4703.091622178518,3515912.0428127237,4715.693129458684,3507002.9934623623,-71464.19141021364,239708.91929098326,3515912.042812723,-186.36738563216096,-541.5360597111022,4703.091622178518,4737.833356398319,20157933.856693935,0.8257659491813583,1.6336143378394201,3.035597322503245e-07,1.1259866022012358e-05,0.06835502905697531,0.06823123321450067,-0.020374747978450534,119712.0428127232,0.03091467276680692,0.030770160618621357,5021.7893297970295,-16539353285.737707,-1040338064.3879238,-206291616.27669206,-16538430322.108793,-1912487176.9940858,16572040019.221603,16649920148.528053,-0.9974660772960539,0.020325932657019034,-0.06817830377213206,0.020373338311649777,0.9997924420028584,0.0,-0.06816415281995261,0.0013890196482640746,0.9976731523373549,4704.099615157949,-545.2205853689104,-0.11538842739594764,9.923811485823439e-09,140.8467142363591,0.0,-38.88685694543642,-7.0,0.0,2.94086664553214e-17,2.2802799709401413,1.5707963267948966,20.53773070420954,461.0,0.052832645991720245,9.549648606728518,0.0,0.11127159239139714,-1593.4446758584795,6.848953145597992,-108.89273548077973,0.1100274006862256,0.34209210516809596,-2.7678039976398994,0.10451375205600442,0.343816685097281,-2.7678039976398994,-3.5963991924145614e-17,6.052695551595912e-19,-1.3548526617466548e-18,-3.596907470682724e-17,2.7038659264493405e-20,-1.3548526617466548e-18,-1593.3401621064236,7.192769830695273,-111.66053947841964,-1062311.2543297168,280.2072240627941,131677.08748157692,0.06261369315898503,4707.852011938301
227.02463133394667,2001.0,12.0,14.0,14.0,25.0,15.0,1.0,3507660.023822557,-15141.386995787167,240735.5572261845,-177.32341463600548,-295.8247276530309,4703.038642033347,3515943.929137099,4715.668386488604,3506962.2273548935,-71582.401671241,240735.5572261845,3515943.929137099,-187.13460379527586,-541.5148124950277,4703.038642033347,4737.808577870998,20157816.058652177,0.8257649311193773,1.633614320893623,3.024605383006411e-07,1.1213457955702762e-05,0.06864771443453148,0.06852329235809344,-0.020408678050812687,119743.9291370986,0.031047012655839496,0.030901880958353955,5002.517668411136,-16539348686.184746,-1040337493.6911501,-206292931.01717556,-16538428824.522356,-1912467537.348692,16572035392.914345,16649916421.369572,-0.9974454365703125,0.020359369521802673,-0.06846968042669185,0.020407261329820157,0.99979175015851,0.0,-0.06845542162659612,0.0013972786616367728,0.9976531976905936,4704.055271198267,-545.2209468846637,-0.1153895813375998,9.882713556628472e-09,140.88214348566513,0.0,-39.028573942660444,-7.0,0.0,2.940933131269332e-17,2.280290828885018,1.5707963267948966,20.535040715075002,461.0,0.05261303859193819,9.561157611202145,0.0,0.11081043949873576,-1593.3837769983018,6.878101137649135,-109.3561316734535,0.11002368229399069,0.34074719480790583,-2.7563194622935687,0.10452635567715493,0.34247350613418087,-2.7563194622935687,-3.5815514620989173e-17,6.034409403034849e-19,-1.3550439436751457e-18,-3.5820587616824157e-17,2.704293155567905e-20,-1.3550439436751457e-18,-1593.2792506426247,7.220574643783316,-112.11245113574708,-1062317.4622534886,280.36076226776004,131722.38016312793,0.06270630732874606,4707.816916495145
227.19884186010106,2001.0,12.0,14.0,14.0,25.0,15.0,1.0,3507629.079772552,-15192.922539088164,241554.8723644391,-177.92550089355308,-295.8219948302005,4702.996206957199,3515969.474060365,4715.648572481557,3506929.573205556,-71676.73777185459,241554.8723644391,3515969.4740603645,-187.74687199169063,-541.4978214204976,4702.996206957199,4737.788735391186,20157722.40326224,0.8257641217009853,1.6336143074149077,3.013573350929731e-07,1.1176427191616567e-05,0.06888129242328829,0.06875637055537301,-0.020435756725260157,119769.474060365,0.03115262653032018,0.031007000393079694,4987.12987665832,-16539345029.241806,-1040337039.855541,-206293988.7292478,-16538427652.552534,-1912451807.0771585,16572031714.694065,16649913463.525654,-0.9974289023492661,0.020386052353600154,-0.06870220977359143,0.020434334357652795,0.9997911971903731,0.0,-0.06868786455916312,0.001403883925623169,0.9976372118020786,4704.019754652051,-545.2212375108599,-0.11539050580892343,9.848262612470758e-09,140.9236851509125,0.0,-39.13552772636873,-6.988157424543758,0.0,2.9410100917578477e-17,2.280303397486605,1.5707963267948966,20.531927828724232,461.0,0.05242899066738052,9.57030787691083,0.0,0.11042439648496127,-1593.3349912549488,6.901361161746572,-109.72592075537841,0.11000040231761568,0.33961420835516726,-2.7467112668163893,0.10451709496065277,0.34134158241815504,-2.7467112668163893,-3.5691484250426905e-17,6.018845469462195e-19,-1.3549546062193505e-18,-3.569654859716318e-17,2.7041758300921878e-20,-1.3549546062193505e-18,-1593.2304741599883,7.242702744164728,-112.4726320221948,-1062322.3979180548,280.51430047272595,131767.73945156357,0.06279892354714359,4707.781770989615
227.36002444617165,2001.0,12.0,14.0,14.0,25.0,15.0,1.0,3507600.3563870294,-15240.603688974956,242312.9102833001,-178.4825450665963,-295.81945895211396,4702.956824248878,3515993.1858035764,4715.6301871475525,3506899.266026871,-71764.01652231024,242312.9102833001,3515993.1858035764,-188.31333606766728,-541.4820738135836,4702.956824248878,4737.770323638692,20157636.059408918,0.8257633754666241,1.633614294984508,3.006196171318306e-07,1.1142173270719381e-05,0.0690973997256139,0.06897201544776603,-0.02046081060682321,119793.1858035759,0.0312503407896569,0.031104257188757967,4972.892380580306,-16539341657.738033,-1040336621.3814127,-206294974.067102,-16538426587.622166,-1912437208.5844955,16572028323.569832,16649910741.120253,-0.9974135559154598,0.020410738226703546,-0.06891734354369057,0.020459383001479082,0.9997906849171975,0.0,-0.0689029181042202,0.001410006327004877,0.9976223733251379,4703.986793875785,-545.2215081153619,-0.11539136395468391,9.813880584814937e-09,140.98296450893977,0.0,-39.224446763409645,-6.958517745530119,0.0,2.941118835099122e-17,2.280321156621949,1.5707963267948966,20.527531053410065,461.0,0.05224536919474483,9.578743675732424,0.0,0.11003990790736673,-1593.2897079862114,6.922880184147503,-110.06803137180681,0.1099498536262338,0.3384753904091613,-2.737150386409549,0.10448100518328052,0.34020329184320913,-2.737150386409549,-3.5568349673964496e-17,6.003002918740361e-19,-1.354528411421218e-18,-3.557340478674553e-17,2.7034203980702287e-20,-1.354528411421218e-18,-1593.185226981028,7.263083475990712,-112.80518175821636,-1062326.9483032785,280.66783867769186,131813.16534688385,0.06289154181715713,4707.74657542329
227.62206310766834,2001.0,12.0,14.0,14.0,25.0,15.0,1.0,3507553.468412252,-15318.119282247759,243545.2583791065,-179.3881122141364,-295.8153211027798,4702.892550626371,3516031.892834323,4715.600188919742,3506849.7999984547,-71905.90240003366,243545.2583791065,3516031.8928343225,-189.23421615483912,-541.4564168099778,4702.892550626371,4737.740282308166,20157496.33257352,0.8257621678528383,1.6336142748610294,2.9950963321688554e-07,1.1086524013444007e-05,0.06944872455219864,0.069322588533596,-0.02050154180656837,119831.89283432253,0.03140919423807273,0.03126236692786109,4949.748385712504,-16539336201.659004,-1040335944.0442528,-206296589.810174,-16538424896.645912,-1912413384.0755272,16572022835.731401,16649906344.978518,-0.997388506954507,0.020450867509642895,-0.06926707885541426,0.02050010565858716,0.9997898507526403,0.0,-0.06925252243092599,0.001419982435197681,0.9975981514552028,4703.9330031949785,-545.2219515769012,-0.11539276482719775,9.757755390232336e-09,141.0797320858063,0.0,-39.36959812870948,-6.910133957096841,0.0,2.9412963028886965e-17,2.280350139311439,1.5707963267948966,20.520359740449212,461.0,0.0519456348893547,9.592394739063831,0.0,0.10941225446370642,-1593.2157906428367,6.957861011445956,-110.62415865649665,0.10986014746255114,0.33661571028958637,-2.721542794283698,0.10441499526983285,0.33834434704462996,-2.721542794283698,-3.536732249620357e-17,5.977032108277088e-19,-1.3537405995128134e-18,-3.53723623694615e-17,2.702003339674248e-20,-1.3537405995128134e-18,-1593.111375647567,7.296205358490585,-113.34570145078034,-1062334.3120939098,280.8213768826578,131858.65784908875,0.06298416214176637,4707.711329797734
227.92206310766832,2001.0,12.0,14.0,14.0,25.0,15.0,1.0,3507499.496471587,-15406.863165123414,244956.11505987836,-180.42481649697956,-295.81056068811046,4702.818588503705,3516076.4479013043,4715.565679597577,3506792.871597143,-72068.33490853553,244956.11505987836,3516076.447901304,-190.28844986523046,-541.4269581969346,4702.818588503705,4737.705723405631,20157337.344061337,0.8257607937481459,1.6336142519513954,2.9802322387695424e-07,1.1022851350962564e-05,0.06985093582546728,0.06972393918549886,-0.02054817441021256,119876.44790130388,0.03159105588697269,0.03144337712852192,4923.2563685029745,-16539329993.283455,-1040335173.1238867,-206298460.78176308,-16538423021.999083,-1912385969.229648,16572016591.205448,16649901357.209797,-0.9973596773444153,0.020496805452438923,-0.069667459934237,0.020546728440118137,0.9997888936922674,0.0,-0.06965275269400117,0.001431438380381578,0.997570270720971,4703.871107496107,-545.2224646555547,-0.1153943774049244,9.69406174064198e-09,141.14555987662985,0.0,-39.53667962988953,-6.9,0.0,2.941418512429224e-17,2.280370097644015,1.5707963267948966,20.51542436760629,461.0,0.051605460428118505,9.607927405482515,0.0,0.10869789263235864,-1593.1307101760326,6.997904598569299,-111.26077421818017,0.10975274417529543,0.3345003471154551,-2.703762792517205,0.10433458476965424,0.3362297451078825,-2.703762792517205,-3.513754162866109e-17,5.947238507300722e-19,-1.3527467324184323e-18,-3.5142563923420793e-17,2.7000977786905365e-20,-1.3527467324184323e-18,-1593.0263755912629,7.3341343436771815,-113.96453701069738,-1062342.6911247727,280.9749150876237,131904.21695817832,0.06307678452395137,4707.676034114498
228.2220631076683,2001.0,12.0,14.0,14.0,25.0,16.0,1.0,3507445.213527926,-15495.605616182715,246366.94949177498,-181.46146531124802,-295.80577559545543,4702.744223718302,3516121.2597826105,4715.53099385259,3506735.626934309,-72230.75856590125,246366.94949177498,3516121.25978261,-191.34262608927293,-541.3974091752136,4702.744223718302,4737.67098783107,20157179.401675493,0.8257594286654593,1.6336142291793552,2.9615472129511627e-07,1.0959213972469073e-05,0.0702531366744117,0.07012527944170166,-0.0205948077724286,119921.25978261046,0.031772912412339704,0.031624382207446594,4896.770980745554,-16539323825.585901,-1040334407.0471936,-206300354.45933574,-16538421212.76986,-1912358406.113073,16572010387.581335,16649896417.716162,-0.9973306856746796,0.02054273821329104,-0.07006781942071218,0.02059335193537918,0.9997879344421324,0.0,-0.07005296044949816,0.001442931264675322,0.9975422300241862,4703.808878330738,-545.2229834709049,-0.1153959993362251,9.630204809780092e-09,141.20157472826307,0.0,-39.704724184789235,-6.9,0.0,2.941523056918608e-17,2.280387171054807,1.5707963267948966,20.511204332258878,461.0,0.051264421281547755,9.623357846438209,0.0,0.10798124152857687,-1593.0451443247339,7.037942942065688,-111.89730664822095,0.10963469307607986,0.332377651139605,-2.6859223088121524,0.10424373644770803,0.3341076358217333,-2.6859223088121524,-3.490679430983658e-17,5.917160305701781e-19,-1.3516111334030823e-18,-3.491179870746433e-17,2.69788725658977e-20,-1.3516111334030823e-18,-1592.9409005882862,7.372050577887421,-114.5832289570331,-1062351.0151534416,281.1284532925896,131949.8426741525,0.06316940896669249,4707.64068837511
228.37124112159498,2001.0,12.0,14.0,14.0,25.0,16.0,1.0,3507418.105018861,-15539.733156203718,247068.49276692013,-181.97692859537668,-295.8033869501067,4702.707094996541,3516143.6385390717,4715.513680141641,3506707.0437232605,-72311.5220579364,247068.49276692013,3516143.6385390717,-191.86680430099017,-541.3826819513783,4702.707094996541,4737.653649248787,20157101.23418696,0.8257587530633018,1.6336142179045448,2.954040110349518e-07,1.0927591585559749e-05,0.07045313119487365,0.0703248460283512,-0.0206179969641077,119943.63853907166,0.03186334048113536,0.031714386886590826,4883.601080700755,-16539320773.057934,-1040334027.8256619,-206301304.59201643,-16538420336.742374,-1912344644.8000848,16572007317.267921,16649893978.747904,-0.99731620895336,0.02056557680561117,-0.07026689412198615,0.020616536203890413,0.9997874566301348,0.0,-0.0702519593595195,0.001448659966600862,0.9975282269642547,4703.777809924361,-545.2232435689658,-0.11539680933976301,9.602583151377498e-09,141.25253008682589,0.0,-39.77879513023885,-6.873734956587051,0.0,2.9416166136386335e-17,2.2804024500266853,1.5707963267948966,20.507429346504427,461.0,0.0511168441614229,9.630994522465977,0.0,0.10767234035482372,-1593.002415189254,7.05785044953913,-112.21379770255707,0.10962200713140939,0.33146161575046035,-2.6782403522511755,0.10424234694358252,0.33319261736586897,-2.6782403522511755,-3.4807882869353764e-17,5.904851589859634e-19,-1.3516288096460991e-18,-3.4812880585294786e-17,2.698006003095059e-20,-1.3516288096460991e-18,-1592.8981728423103,7.391043066904999,-114.89203805480825,-1062355.1348584443,281.2819914975555,131995.5349970113,0.06326203547297048,4707.605292581083
228.56222763163728,2001.0,12.0,14.0,14.0,25.0,16.0,1.0,3507383.286863393,-15596.227320013824,247966.6418322147,-182.63683494372694,-295.80031990288103,4702.659414824026,3516172.3818289717,4715.491449951527,3506670.33566955,-72414.91704392979,247966.6418322147,3516172.3818289707,-192.53786728286,-541.3637946085911,4702.659414824026,4737.63138712626,20157001.493252493,0.825757890994818,1.6336142035139067,2.946513881278822e-07,1.0887121222416732e-05,0.07070917222073494,0.07058033918306007,-0.020647685414165038,119972.3818289712,0.031979109975335575,0.03182961433298084,4866.737013533711,-16539316878.000433,-1040333543.8710003,-206302529.25170007,-16538419237.096203,-1912326973.0465531,16572003399.511988,16649890871.935791,-0.9972976165194499,0.020594814241235368,-0.07052175345943433,0.020646218334774417,0.9997868441165211,0.0,-0.07050672133277121,0.0014560075192746142,0.997510241696298,4703.737913495391,-545.2235785763015,-0.11539784972997763,9.566813723946946e-09,141.31640406438046,0.0,-39.87460609657069,-6.8417979678097725,0.0,2.9417339254020714e-17,2.280421608491562,1.5707963267948966,20.502697876755754,461.0,0.050925744965719874,9.64073871204068,0.0,0.10727222813351445,-1592.947535699039,7.083335308310626,-112.61895799116782,0.10959847018188412,0.33027487448826065,-2.6682894602423923,0.10423352804330012,0.3320070616961215,-2.6682894602423923,-3.4679713275962684e-17,5.888794883493047e-19,-1.351559295205177e-18,-3.468470216176297e-17,2.6979706748593194e-20,-1.351559295205177e-18,-1592.8433021709957,7.415342370006748,-115.28724745141021,-1062360.3916072696,281.4355297025214,132041.29392675473,0.06335466404576635,4707.569846733915
228.83683113391086,2001.0,12.0,14.0,14.0,25.0,16.0,1.0,3507333.003878072,-15677.45451640586,249257.99913310155,-183.58561906443006,-295.7958924074087,4702.590572536617,3516213.8917882014,4715.459360698875,3506617.3316237484,-72563.57370219946,249257.99913310155,3516213.8917882014,-193.50269114951112,-541.3365737638176,4702.590572536617,4737.599251782143,20156858.733505845,0.8257566570980576,1.633614182908574,2.9276136613471166e-07,1.082892102752341e-05,0.07107730469690719,0.07094768391038453,-0.020690372495355085,120013.8917882014,0.03214556155113347,0.03199528654488307,4842.4830390661955,-16539311302.861168,-1040332851.0448205,-206304306.36759138,-16538417698.810146,-1912301458.5928218,16571997791.87584,16649886435.518974,-0.9972707689407447,0.020636848592079423,-0.07088817882075406,0.020688896298138366,0.9997859618788237,0.0,-0.07087300604814566,0.0014665981803864692,0.9974842685994987,4703.680311935698,-545.2240642112481,-0.11539935226342665,9.51455149651804e-09,141.40486473525175,0.0,-40.01459420575525,-6.8,0.0,2.9418964951501455e-17,2.280448158146236,1.5707963267948966,20.496144763712273,461.0,0.050646552275326974,9.654685353376186,0.0,0.1066874169394821,-1592.8682844910934,7.119974080910701,-113.20144424148562,0.10954973936057635,0.3285400002469301,-2.6537435617817,0.1042064805309687,0.3302736540682164,-2.6537435617817,-3.4492261679676185e-17,5.865095199510488e-19,-1.3512708954923357e-18,-3.4497237302813257e-17,2.6975352476038443e-20,-1.3512708954923357e-18,-1592.7640780105623,7.450247734978918,-115.85518780326731,-1062367.915711213,281.58906790748733,132087.1194633828,0.06344729468806147,4707.534350835089
229.03762901373113,2001.0,12.0,14.0,14.0,25.0,17.0,1.0,3507296.0706230137,-15736.849378286148,250202.26427725953,-184.27936704155144,-295.792641779121,4702.540019334323,3516244.3812234458,4715.435802286864,3506578.405864184,-72672.2709359364,250202.26427725953,3516244.3812234458,-194.20816676625867,-541.3166211479117,4702.540019334323,4737.575659534163,20156754.870534725,0.8257557593828253,1.6336141679108724,2.9162147329421336e-07,1.0786361750938839e-05,0.07134648800410923,0.07121629120411786,-0.020721586911016013,120044.38122344576,0.03226727291191792,0.03211642801359646,4824.750061318278,-16539307246.652119,-1040332346.8737707,-206305618.07002452,-16538416607.575932,-1912282722.9658399,16571993712.017105,16649883215.997171,-0.9972510513174574,0.02066758252754057,-0.07115610781017555,0.020720104022640337,0.9997853155999497,0.0,-0.0711408317038604,0.0014743619556730478,0.9974651915336729,4703.6380149553115,-545.2244223313065,-0.115400455919126,9.471866287175952e-09,141.4429765293072,0.0,-40.12892958792156,-6.8,0.0,2.941967568584987e-17,2.2804597653189966,1.5707963267948966,20.493281182991357,461.0,0.050418599760514216,9.664831974084272,0.0,0.1062083623620872,-1592.810076520319,7.146762565147277,-113.62732991008295,0.10945651299303923,0.32712018438838697,-2.6418178811891093,0.10413161495551428,0.3288539950154843,-2.6418178811891093,-3.4337994934672017e-17,5.8447746024663e-19,-1.350328816969556e-18,-3.4342958279086504e-17,2.6956929003097662e-20,-1.350328816969556e-18,-1592.7059449053634,7.475616560162761,-116.26914779127206,-1062373.3898408003,281.74260611245325,132133.01160689554,0.06353992740283748,4707.498804886068
229.30456164033788,2001.0,12.0,14.0,14.0,25.0,17.0,1.0,3507246.757363348,-15815.80550665925,251457.5166394478,-185.201568417824,-295.7883034136479,4702.4725367544015,3516285.0907476232,4715.40436233311,3506526.440203305,-72816.76245674053,251457.5166394478,3516285.0907476232,-195.14595698291708,-541.2900342652139,4702.4725367544015,4737.544174427399,20156617.521867644,0.8257545722290229,1.633614148068817,2.900946488072254e-07,1.0729850118502283e-05,0.0717043220736963,0.0715733595773646,-0.020763082638288938,120085.09074762324,0.032429067476418806,0.03227746498772343,4801.185677245259,-16539301882.594147,-1040331679.9991472,-206307377.87017903,-16538415202.18437,-1912257713.7635436,16571988316.675076,16649878969.465662,-0.997224727150254,0.020708435345115437,-0.071512266539794,0.020761590823577116,0.9997844549434015,0.0,-0.0714968524242552,0.001484708416765788,0.9974397203512307,4703.581555837465,-545.2249023838967,-0.11540192956288735,9.414872953327468e-09,141.49386343452906,0.0,-40.28159030358714,-6.8,0.0,2.942062451949108e-17,2.2804752609482977,1.5707963267948966,20.4894595757005,461.0,0.050114248181106075,9.678249883374264,0.0,0.1055687350269636,-1592.732360807661,7.1823703849208504,-114.19342630487388,0.10932412633106102,0.32522371595991606,-2.6258950010248414,0.10402384675010243,0.32695759561162846,-2.6258950010248414,-3.413201124596462e-17,5.817524359876698e-19,-1.3489696347355502e-18,-3.413695801254115e-17,2.693030699715942e-20,-1.3489696347355502e-18,-1592.628336960911,7.509327980532479,-116.81932130589873,-1062380.6289308332,281.89614431741916,132178.97035729288,0.06363256219307646,4707.463208888299
229.60456164033786,2001.0,12.0,14.0,14.0,25.0,17.0,1.0,3507191.041433297,-15904.54126332278,252868.2469753266,-186.23795748150056,-295.78340431408344,4702.396314254892,3516331.085929075,4715.368861011035,3506467.7383289286,-72979.1449742996,252868.2469753266,3516331.085929075,-196.19986409105823,-541.2600684578064,4702.396314254892,4737.508622123478,20156464.14612621,0.8257532465302456,1.633614125899163,2.889442358861176e-07,1.066645269403144e-05,0.07210647418653486,0.07197465118242177,-0.02080971955581346,120131.08592907432,0.03261090004999684,0.03245844612301813,4774.716732650995,-16539295892.452326,-1040330935.0945578,-206309377.6759491,-16538413684.461143,-1912229466.4184446,16571982291.585636,16649874242.465845,-0.9971949889361625,0.02075434399972529,-0.07191252495739163,0.020808217666149455,0.9997834855995362,0.0,-0.07189695486016465,0.0014963714722358102,0.9974109427684521,4703.517787718491,-545.225447336665,-0.11540359459919201,9.351506847522798e-09,141.6027148226858,0.0,-40.45407223402873,-6.7486425886570895,0.0,2.9422619517565034e-17,2.2805078417393525,1.5707963267948966,20.48142913649712,461.0,0.0497758837566938,9.693233366831127,0.0,0.10485984189629648,-1592.6445596065535,7.222384186325117,-114.82956961418199,0.10917970584995532,0.32312106813263125,-2.608265360736388,0.1039067116139999,0.32485508788107403,-2.608265360736388,-3.390479076514158e-17,5.78753026003458e-19,-1.3475269194630207e-18,-3.39097193752811e-17,2.6903212139279824e-20,-1.3475269194630207e-18,-1592.5406528949395,7.547239274206191,-117.43783497491837,-1062388.7128594145,282.04968252238507,132224.99571457485,0.0637251990617607,4707.427562843215
229.86542928075843,2001.0,12.0,14.0,14.0,25.0,17.0,1.0,3507142.340435418,-15981.70102393966,254094.94132042964,-187.13911220885095,-295.7791242070939,4702.32970715964,3516371.2901295098,4715.337847118814,3506416.4366052714,-73120.33880413396,254094.94132042964,3516371.2901295098,-197.11625012637734,-541.2339379906227,4702.32970715964,4737.477563697034,20156331.618407477,0.8257521010161336,1.6336141067327357,2.874031889734563e-07,1.0611342776264432e-05,0.07245616034707808,0.0723235891183772,-0.020850273735339053,120171.29012950975,0.032769009881469795,0.03261581558027595,4751.713394492865,-16539290716.402319,-1040330291.2648128,-206311135.64190456,-16538412417.53098,-1912204783.211959,16571977085.327436,16649870170.964441,-0.9971689981794067,0.020794259983120525,-0.0722605550880468,0.020848763047989043,0.9997826409171989,0.0,-0.07224484860007016,0.0015065431907468466,0.9973857890397112,4703.462066643404,-545.2259258700733,-0.1154050500501116,9.296226071924087e-09,141.70322532377438,0.0,-40.60483798566158,-6.6983873381128065,0.0,2.9424459146636333e-17,2.2805378851620373,1.5707963267948966,20.474029854312654,461.0,0.049480706526031516,9.706179822806329,0.0,0.10424162135582814,-1592.5678172711375,7.257174145037861,-115.38266394630413,0.10904595648039987,0.3212865176647465,-2.5928924674837694,0.10379686286194911,0.32302052305988616,-2.5928924674837694,-3.370672528059359e-17,5.761272462824481e-19,-1.346172363538784e-18,-3.37116378915412e-17,2.6877777434109535e-20,-1.346172363538784e-18,-1592.4640204082755,7.580194668097747,-117.9755564137879,-1062395.698056683,282.203220727351,132271.08767874146,0.06381783801187291,4707.391866752232
229.97962176130636,2001.0,12.0,14.0,14.0,25.0,17.0,1.0,3507120.948033996,-16015.476668464991,254631.91034298384,-187.5335709763627,-295.7772447469747,4702.300454640031,3516388.9502438023,4715.32422898586,3506393.904509066,-73182.14299579522,254631.91034298384,3516388.9502438023,-197.51737577547988,-541.2224781055028,4702.300454640031,4737.463926010174,20156273.84256528,0.8257516016217071,1.633614098374153,2.8662955852853374e-07,1.0587240947453557e-05,0.07260922977284523,0.07247633102469057,-0.020868026152793623,120188.95024380228,0.032838219789679886,0.03268470139670903,4741.646506711841,-16539288459.848988,-1040330010.534419,-206311910.7600917,-16538411878.039658,-1912193943.0505817,16571974815.601637,16649868399.721483,-0.9971575824301112,0.020811731589226296,-0.0724128968512796,0.02086651160350828,0.999782270643714,0.0,-0.07239713043786138,0.001511004552390874,0.9973747401902687,4703.437595832671,-545.2261366972509,-0.11540568938652403,9.275259707437266e-09,141.72105582644696,0.0,-40.663167479340935,-6.7,0.0,2.9424794172877903e-17,2.2805433565557776,1.5707963267948966,20.472682918804647,461.0,0.049368690957421066,9.711823802124801,0.0,0.10400616771018328,-1592.5341086782796,7.272401847324156,-115.62475557235345,0.109021535400858,0.32058795330522605,-2.587029433803956,0.10378121756192785,0.3223224935789591,-2.587029433803956,-3.36308512416206e-17,5.751595689658321e-19,-1.345983066393101e-18,-3.3635758376243936e-17,2.6874164593882844e-20,-1.345983066393101e-18,-1592.4303274607178,7.594724340903115,-118.21178500615741,-1062398.7433023825,282.3567589323169,132317.24624979272,0.06391047904639605,4707.356120616751
230.23134448732506,2001.0,12.0,14.0,14.0,25.0,18.0,1.0,3507073.632134286,-16089.930000187613,255815.57809695095,-188.40307538706736,-295.77308901351665,4702.235764599331,3516428.0110726086,4715.294118597159,3506344.0736092026,-73318.37780944191,255815.57809695095,3516428.0110726086,-198.40157542342013,-541.1971699502485,4702.235764599331,4737.433772388771,20156146.950868927,0.8257505048046867,1.6336140800104484,2.854651817778957e-07,1.0534140856279648e-05,0.07294664622365044,0.07281302550713134,-0.0209071594925637,120228.01107260864,0.03299078146749505,0.03283654865653809,4719.45473177731,-16539283503.750504,-1040329393.8690094,-206313631.44270706,-16538410719.62839,-1912169971.174009,16571969830.566422,16649864517.295567,-0.9971323350196126,0.02085024279711552,-0.07274870331240481,0.020905636406813814,0.9997814533018834,0.0,-0.07273280432350361,0.0015208579405163066,0.9973503026351191,4703.383481834266,-545.2266042940669,-0.11540710350822488,9.228386712869639e-09,141.76445674734293,0.0,-40.79337024202878,-6.7,0.0,2.9425606313961897e-17,2.280556619826209,1.5707963267948966,20.469418555069062,461.0,0.04911828453145346,9.724219543300523,0.0,0.10347995657114986,-1592.4595544243616,7.305966582522225,-116.15837140640978,0.10895671702303779,0.31902626138677853,-2.573927753031223,0.10373614134660271,0.32076180355114153,-2.573927753031223,-3.3461352277041594e-17,5.729828732431564e-19,-1.345431123033691e-18,-3.3466246935212103e-17,2.6863594566724594e-20,-1.345431123033691e-18,-1592.355818283015,7.626728386073366,-118.73229915944101,-1062405.4315637369,282.5102971372828,132363.4714277286,0.06400312216831341,4707.320324438154
230.48392870308766,2001.0,12.0,14.0,14.0,25.0,18.0,1.0,3507025.9343086006,-16164.637085264607,257003.28039918322,-189.27551457288837,-295.7689014951138,4702.1705675144885,3516467.3872426506,4715.263779419767,3506293.8484581383,-73455.07245812382,257003.28039918322,3516467.3872426506,-199.28875868337212,-541.1717111582632,4702.1705675144885,4737.403389652927,20156020.274867658,0.8257494098397188,1.6336140616696977,2.842960361888852e-07,1.0480867076816093e-05,0.07328520976519978,0.07315086461342288,-0.020946427323209078,120267.38724265015,0.03314386149996358,0.032988911827258924,4697.187422707677,-16539278555.960379,-1040328778.1075275,-206315374.72032103,-16538409600.005272,-1912145812.0029593,16571964853.879929,16649860652.202257,-0.9971068866381583,0.02088888204241865,-0.07308564308930102,0.02094489563947652,0.9997806316120809,0.0,-0.07306961040959649,0.001530771167249438,0.9973256683622573,4703.328945903756,-545.227077445143,-0.11540852908878971,9.180027222422311e-09,141.81846810662535,0.0,-40.92770215993802,-6.690765946687326,0.0,2.9426609181290606e-17,2.2805729978925933,1.5707963267948966,20.465389057411336,461.0,0.048859972972764745,9.736594254606487,0.0,0.10293749390065295,-1592.38440215062,7.339642318919848,-116.69375210647922,0.10887174647153876,0.31741580645317546,-2.560425105386535,0.10367174849985102,0.3191520326256225,-2.560425105386535,-3.328680482602305e-17,5.707150242754179e-19,-1.3446355446750317e-18,-3.3291686204358874e-17,2.6848373995021832e-20,-1.3446355446750317e-18,-1592.28073040212,7.65879435154547,-119.25417721186575,-1062412.10854014,282.6638353422487,132409.76321254912,0.06409576738060876,4707.284478217809
230.64168135037548,2001.0,12.0,14.0,14.0,25.0,18.0,1.0,3506996.0326179503,-16211.295205559789,257745.05703243776,-189.8203796327558,-295.76627727507486,4702.129703537066,3516492.0721245683,4715.244767367083,3506262.366425442,-73540.44247179411,257745.05703243776,3516492.0721245683,-199.84283148295245,-541.1557782575125,4702.129703537066,4737.384350305789,20155941.517151296,0.8257487290657206,1.6336140502623797,2.831220626831064e-07,1.0447616325748172e-05,0.07349665726997863,0.07336185968682202,-0.020970952516383118,120292.07212456875,0.03323946642344094,0.03308406903202909,4683.285665258765,-16539275479.733873,-1040328395.1961262,-206316472.02746615,-16538408923.561335,-1912130669.93006,16571961759.683113,16649858254.905663,-0.9970909345195975,0.02091301244633917,-0.07329607226349162,0.020969415446296987,0.9997801176337928,0.0,-0.07327995574968864,0.0015369757898749613,0.9973102254518125,4703.294765256446,-545.2273750018328,-0.11540942280591049,9.146702631832197e-09,141.88018031142187,0.0,-41.02027046713279,-6.659909844289071,0.0,2.9427737979632514e-17,2.2805914325684964,1.5707963267948966,20.4608555290872,461.0,0.048682044230655544,9.74428781676203,0.0,0.1025648176226365,-1592.3372912418,7.360672682561427,-117.02809530686051,0.10878103753181735,0.31630925809713845,-2.5511580782498933,0.1035955724744553,0.3180453084831636,-2.5511580782498933,-3.316739538400342e-17,5.691171204662354e-19,-1.3436904193355387e-18,-3.3172266895411976e-17,2.6830489628904353e-20,-1.3436904193355387e-18,-1592.2336956693255,7.678717991044591,-119.5792533851104,-1062416.2598297969,282.8173735472147,132456.12160425427,0.064188414686266,4707.248581957071
230.94168135037546,2001.0,12.0,14.0,14.0,25.0,18.0,1.0,3506938.9310825565,-16300.024338091118,259155.6842529276,-190.85651119865096,-295.7612679529521,4702.051685113851,3516539.2114714845,4715.20847736026,3506202.255528106,-73702.78465235405,259155.6842529276,3516539.211471485,-200.8964719389858,-541.1254095891439,4702.051685113851,4737.348008202749,20155792.529359747,0.8257474412167971,1.633614028673374,2.815491501642949e-07,1.038445234767969e-05,0.07389876100402097,0.07376310307772939,-0.021017592965864924,120339.21147148497,0.033421275296329496,0.03326502647456718,4656.865542635322,-16539269660.241915,-1040327670.6681685,-206318576.9834643,-16538407686.605263,-1912101761.0337634,16571955906.186157,16649853732.334135,-0.997060474710574,0.020958897433000143,-0.07369623048920439,0.02101604561754178,0.9997791385234048,0.0,-0.07367995383091905,0.0015488033418019926,0.9972807356064199,4703.229509324301,-545.2279452508318,-0.11541112953526118,9.083064513495291e-09,141.99802867871242,0.0,-41.197043018068634,-6.600985660643788,0.0,2.942989296516686e-17,2.2806266261530608,1.5707963267948966,20.45220633478066,461.0,0.048342275473695726,9.758841569117875,0.0,0.10185311912221556,-1592.2473303901286,7.400662157982907,-117.66385286891018,0.10859930446293271,0.3141952521938809,-2.533460800308591,0.1034417046689446,0.31593081389157346,-2.533460800308591,-3.2939336576342735e-17,5.66052687250854e-19,-1.3417764247314954e-18,-3.2944189044619786e-17,2.679415398490081e-20,-1.3417764247314954e-18,-1592.1438886854596,7.716592971874481,-120.19731366921877,-1062424.1130090766,282.9709117521806,132502.54660284406,0.06428106408826942,4707.212635657277
231.09833765622048,2001.0,12.0,14.0,14.0,25.0,19.0,1.0,3506908.9898289824,-16346.356999894122,259892.28709312135,-191.3975430529716,-295.75864232771875,4702.010784836622,3516563.9290678333,4715.189456927278,3506170.740735284,-73787.55411512594,259892.28709312135,3516563.9290678333,-201.4466458990759,-541.1095155417762,4702.010784836622,4737.32896046641,20155715.12692361,0.8257467721442223,1.6336140174520066,2.8075938942159465e-07,1.0351503239233598e-05,0.07410873024635561,0.07397262307599176,-0.021041948353811346,120363.92906783335,0.033516211512205143,0.033359518084698996,4643.075815483928,-16539266636.82442,-1040327294.166338,-206319685.67403498,-16538407065.945864,-1912086606.211609,16571952865.09657,16649851389.164967,-0.9970445046522148,0.020982855879627206,-0.0739051791280852,0.02104039562008565,0.9997786263729338,0.0,-0.07388881847052263,0.001554994207228209,0.9972652728828201,4703.195300926246,-545.2282452917366,-0.11541202448577656,9.053816875662944e-09,142.02658785314816,0.0,-41.30635141259267,-6.6,0.0,2.943042610365039e-17,2.2806353329652436,1.5707963267948966,20.450067707734373,461.0,0.048186043236688694,9.76640246280831,0.0,0.10152495767826183,-1592.2001614858734,7.4215419705563495,-117.9958027649814,0.1085468911976427,0.3132346731096872,-2.5252888426167264,0.10340152462602628,0.31497065376288436,-2.5252888426167264,-3.283363465899394e-17,5.646773231176123e-19,-1.3412772412695613e-18,-3.283847907542072e-17,2.6784560605283067e-20,-1.3412772412695613e-18,-1592.0967599612475,7.736512624319234,-120.52109160759814,-1062428.1929543428,283.1244499571465,132549.0382083185,0.0643737155896037,4707.176639319749
231.35055642483547,2001.0,12.0,14.0,14.0,25.0,19.0,1.0,3506860.6059294515,-16420.952346093833,261078.2141382705,-192.26857795741478,-295.75440081429423,4701.944703676574,3516603.871776499,4715.158732015601,3506119.820407331,-73924.02885868256,261078.2141382705,3516603.871776499,-202.33239853051154,-541.0838740923016,4701.944703676574,4737.298191451539,20155591.034272373,0.8257456994682835,1.6336139994529812,2.7917316548817243e-07,1.0298481313521857e-05,0.0744467772358432,0.07430994679803113,-0.021081161320455215,120403.87177649885,0.033669057002414696,0.033511647754689976,4620.8750888854265,-16539261789.550034,-1040326690.4022076,-206321484.41948175,-16538406101.290369,-1912062121.5258193,16571947989.480728,16649847641.426193,-0.9970186999299777,0.021021426226587762,-0.07424157615067983,0.021079599889826363,0.9997778005479442,0.0,-0.0742250797131394,0.0015649827204464062,0.9972402861751338,4703.140033370293,-545.2287315577341,-0.11541347072521232,9.00677324101246e-09,142.07096864055427,0.0,-41.48387456221713,-6.6,0.0,2.9431255769213906e-17,2.2806488824321445,1.5707963267948966,20.44674051208142,461.0,0.04793475315295437,9.778524146155641,0.0,0.10099706254980823,-1592.1239415322589,7.455155568137301,-118.53019610736943,0.1084589065722991,0.31168964059401844,-2.5121424799292247,0.10333325616051661,0.3134262347662559,-2.5121424799292247,-3.266355973441264e-17,5.624588052570426e-19,-1.3404261173867542e-18,-3.266839111278629e-17,2.6768137395658433e-20,-1.3404261173867542e-18,-1592.0206082760983,7.768581802903557,-121.04233858729866,-1062434.7340441588,283.2779881621124,132595.59642067752,0.0644663691932538,4707.1405929457915
231.62798474971814,2001.0,12.0,14.0,14.0,25.0,19.0,1.0,3506807.132284709,-16503.002344306682,262382.65665598074,-193.22662555564258,-295.7497151061529,4701.871688375857,3516648.016313707,4715.124791218089,3506063.55252829,-74074.13693041357,262382.65665598074,3516648.016313707,-203.3066332156157,-541.0555959369254,4701.871688375857,4737.2642019370805,20155455.295580294,0.8257445261086812,1.633613979752269,2.7797755757239e-07,1.0240198967783145e-05,0.0748186033667945,0.07468097738813416,-0.02112429433051476,120448.01631370699,0.033837175147656745,0.033678978534098916,4596.458905860782,-16539256487.233961,-1040326029.7599549,-206323482.6134727,-16538405089.818144,-1912035068.1936028,16571942656.15012,16649843554.712536,-0.9969901839091329,0.02106384733040786,-0.07461157768385956,0.021122723296132496,0.9997768903913288,0.0,-0.07459493112396018,0.00157599971010406,0.997212671638064,4703.078968904079,-545.2292709923283,-0.11541506915119701,8.952353588259589e-09,142.1225203921337,0.0,-41.66756117640118,-6.577479607866275,0.0,2.9432217473285533e-17,2.280664588251525,1.5707963267948966,20.442885201681925,461.0,0.0476441234280198,9.791783448410461,0.0,0.10038730426454515,-1592.0397081539975,7.4921243298537,-119.11793046203493,0.10832529256574705,0.3098918756011128,-2.4969602144596528,0.10322301167360043,0.31162855041549387,-2.4969602144596528,-3.246711996683924e-17,5.598491171304851e-19,-1.33903518239974e-18,-3.247193549620527e-17,2.6741454094019496e-20,-1.33903518239974e-18,-1591.9364851423238,7.803752880269194,-121.61489067649458,-1062441.889104616,283.43152636707833,132642.2212399212,0.06455902490220508,4707.1044965366955
231.86026972436616,2001.0,12.0,14.0,14.0,25.0,19.0,1.0,3506762.155482686,-16571.70010211022,263474.8236752782,-194.02873991339212,-295.7457756283581,4701.810289518831,3516685.1464241957,4715.096257165866,3506016.232717986,-74199.81326006014,263474.8236752782,3516685.1464241957,-204.1222993189217,-541.031859838528,4701.810289518831,4737.235626931041,20155342.30919582,0.8257435494150446,1.6336139633452835,2.7677678497145727e-07,1.0191490125614393e-05,0.075129918313013,0.07499162629321728,-0.021160409240399063,120485.14642419573,0.03397793339420527,0.033819077536784176,4576.031467959285,-16539252073.580347,-1040325479.706435,-206325171.59286255,-16538404285.034721,-1912012319.5031595,16571938216.671555,16649840163.846003,-0.9969662016182887,0.021099362089752997,-0.07492135710334556,0.021158830134650496,0.9997761268940827,0.0,-0.0749045842264313,0.0015852482684071791,0.9971894455166446,4703.027621672602,-545.2297264136491,-0.11541641363350924,8.903620318243109e-09,142.16893303024466,0.0,-41.806799090733975,-6.531066969755341,0.0,2.943308100278044e-17,2.2806786907583945,1.5707963267948966,20.43942473443496,461.0,0.04738392832132527,9.802820031013582,0.0,0.09984229963465499,-1591.968862961508,7.523073821145486,-119.60996978638333,0.10817159752508917,0.30827015915278483,-2.4833933735413694,0.10309085783076773,0.31000622665831984,-2.4833933735413694,-3.229155422055113e-17,5.574661115443255e-19,-1.3373551186298489e-18,-3.2296354733208726e-17,2.6709381503460004e-20,-1.3373551186298489e-18,-1591.8657721036773,7.833080047803806,-122.0933631599247,-1062447.8449185118,283.58506457204425,132688.91266604955,0.06465168271944312,4707.068350093738
232.16026972436615,2001.0,12.0,14.0,14.0,25.0,20.0,1.0,3506703.791475149,-16660.42306909231,264885.3548263599,-195.0646314185091,-295.74066585576963,4701.730635083765,3516733.3282528706,4715.059248488447,3505954.8380175037,-74362.11821005934,264885.3548263599,3516733.328252871,-205.17569128822302,-541.0011241986513,4701.730635083765,4737.198565140055,20155197.29458191,0.8257422958439659,1.6336139422762246,2.7516760397880447e-07,1.0128647118818479e-05,0.07553197689916567,0.0753928247486178,-0.021207052988517147,120533.32825287152,0.03415972021101316,0.03400001293050651,4549.674381867051,-16539246408.650463,-1040324773.5350614,-206327374.53313702,-16538403302.91566,-1911982807.766575,16571932518.584208,16649835826.595058,-0.9969350845715897,0.021145225204494758,-0.07532142192821771,0.021205463417453916,0.9997751388793638,0.0,-0.07530448506887502,0.0015972256572494318,0.997159306930799,4702.961010360372,-545.2303196953617,-0.11541815835513776,8.840964874427915e-09,142.2583206321788,0.0,-41.98748094826821,-6.5,0.0,2.943472441462259e-17,2.280705529710545,1.5707963267948966,20.432842341130915,461.0,0.047049416016902525,9.81698485691194,0.0,0.09914038155857381,-1591.8769359442772,7.563040622716925,-120.24536775605978,0.1079681492808378,0.306184213649065,-2.4659295589354344,0.10291516982922304,0.3079194079074064,-2.4659295589354344,-3.206600612487978e-17,5.543980294521993e-19,-1.3351392782104489e-18,-3.2070787250681765e-17,2.666640950543037e-20,-1.3351392782104489e-18,-1591.774020774448,7.870960030624332,-122.7112973149952,-1062455.489123715,283.73860277701016,132735.6706990625,0.06474434264795391,4707.032153618182
232.46026972436613,2001.0,12.0,14.0,14.0,25.0,20.0,1.0,3506645.1167101627,-16749.144499019272,266295.86201385455,-196.10046304120988,-295.73553142761176,4701.650578506388,3516781.766688741,4715.022063418495,3505893.1273097517,-74524.41392542174,266295.86201385455,3516781.7666887403,-206.22902128979032,-540.9702983152885,4701.650578506388,4737.161326707264,20155053.300786864,0.825741051081439,1.6336139213425245,2.7354895697066004e-07,1.0065919132718633e-05,0.07593402419940193,0.07579401199417568,-0.02125369756028019,120581.76668874035,0.0343415015328798,0.03418094283108229,4523.3463401943445,-16539240783.443811,-1040324072.1101215,-206329601.93154687,-16538402385.194101,-1911953147.888311,16571926860.439714,16649831536.653673,-0.9969038057800098,0.02119108289042084,-0.07572146345167956,0.021252097477580837,0.9997741486719905,0.0,-0.07570436165860017,0.0016092399224201686,0.9971290086908193,4702.894065968021,-545.230918718157,-0.11541991243219979,8.778600388246811e-09,142.37941672185084,0.0,-42.16912508277628,-6.5,0.0,2.943693610665877e-17,2.280741649382563,1.5707963267948966,20.423990703347492,461.0,0.04671647447033906,9.831049875407105,0.0,0.09844043368174922,-1591.784525186621,7.603001768444177,-120.88067602134863,0.10775889374413926,0.3041069041946834,-2.4485243714637095,0.10273362182881852,0.30584112101836197,-2.4485243714637095,-3.184168753952873e-17,5.51338824844382e-19,-1.3328677137362816e-18,-3.1846449270720416e-17,2.6621648918021942e-20,-1.3328677137362816e-18,-1591.6817915647923,7.908842889462538,-123.32920039281234,-1062463.079626983,283.89214098197607,132782.49533896009,0.06483700469072372,4706.995907111272
232.6281488854189,2001.0,12.0,14.0,14.0,25.0,20.0,1.0,3506612.1468754523,-16798.79208995008,267085.16739500104,-196.68008528512524,-295.73264744988745,4701.605603531694,3516808.984672407,4715.001177717362,3505858.456279307,-74615.23011437597,267085.16739500104,3516808.9846724067,-206.81843466572874,-540.9530088538729,4701.605603531694,4737.140411035572,20154973.16093238,0.8257403583010858,1.6336139096863733,2.7232865814115286e-07,1.0030839265274975e-05,0.07615900379618507,0.07601851034340729,-0.021279800093431857,120608.98467240669,0.03444322344318989,0.03428218828921157,4508.625646829605,-16539237652.66357,-1040323681.6363496,-206330859.09199077,-16538401899.474834,-1911936485.6345637,16571923711.322054,16649829156.392778,-0.9968862316830894,0.02121674234784362,-0.07594531535805897,0.021278194108197788,0.9997735935978175,0.0,-0.07592812085244613,0.0016159791617970734,0.9971119842200098,4702.856458669398,-545.2312564273595,-0.11542089809135905,8.746273097134569e-09,142.42109408045187,0.0,-42.263282241355626,-6.478905919548125,0.0,2.943770583852755e-17,2.28075422005795,1.5707963267948966,20.420911936687926,461.0,0.04654384083894375,9.838877691433975,0.0,0.09807841162464535,-1591.7326013389472,7.625361435114566,-121.23615343530402,0.10767086619061202,0.30302936864255553,-2.439514760459148,0.10265973375487422,0.30476350298472554,-2.439514760459148,-3.1725238437927354e-17,5.497797339048866e-19,-1.331938855104984e-18,-3.1729990607198246e-17,2.6603876916229874e-20,-1.331938855104984e-18,-1591.6299416051925,7.930124938099292,-123.67566819576317,-1062467.3041742388,284.045679186942,132829.3865857423,0.0649296688507393,4706.959610574237
232.78932876116974,2001.0,12.0,14.0,14.0,25.0,20.0,1.0,3506580.4011572725,-16846.45801768432,267842.9681141044,-197.23655967607692,-295.729871256802,4701.562304505813,3516835.192114668,4714.981073172662,3505825.0757056973,-74702.41951358065,267842.9681141044,3516835.192114668,-207.38430885241357,-540.9363827128115,4701.562304505813,4737.120277642381,20154896.4902038,0.8257396955055134,1.6336138985315007,2.7151207861734413e-07,9.997191155010665e-06,0.07637500214990266,0.0762340466672538,-0.021304861239362594,120635.19211466797,0.03454088446814153,0.03437939187553453,4494.4970395118,-16539234657.364159,-1040323308.0080009,-206332073.33372372,-16538401450.952467,-1911920444.516535,16571920698.475498,16649826883.89021,-0.9968693112393616,0.021241376246767533,-0.0761602274438828,0.021303249573440014,0.9997730600279304,0.0,-0.07614294364399388,0.0016224603328069908,0.9970955920851802,4702.820253654661,-545.2315823143255,-0.11542184717397062,8.716280135435547e-09,142.4502134607422,0.0,-42.35064038222656,-6.449786539257814,0.0,2.943824953354604e-17,2.2807630992714323,1.5707963267948966,20.418737847197157,461.0,0.04638365182914614,9.846366569938516,0.0,0.0977428886443814,-1591.6826070527597,7.646827150560466,-121.57741873761366,0.10759745245942,0.3020292399902099,-2.4311613189672325,0.10259935017687646,0.30376347201087833,-2.4311613189672325,-3.161712032196539e-17,5.483438228687596e-19,-1.3311768772492857e-18,-3.1621863819126057e-17,2.6589591231922716e-20,-1.3311768772492857e-18,-1591.5800077025829,7.950590622571345,-124.00858005658088,-1062471.3458790611,284.1992173919079,132876.34443940915,0.06502233513098749,4706.9232640082955
233.00742511807857,2001.0,12.0,14.0,14.0,25.0,21.0,1.0,3506537.3024736396,-16910.955214587,268868.35531914246,-197.9895106827883,-295.72610332982526,4701.503530236007,3516870.771941642,4714.953787615811,3505779.762448029,-74820.39331102747,268868.35531914246,3516870.771941642,-208.14997798415888,-540.9138439585937,4701.503530236007,4737.092952934584,20154793.16269075,0.8257388022629283,1.6336138834932972,2.706930357901008e-07,9.951733558696927e-06,0.07666726947763439,0.07652568883065325,-0.02133877246033342,120670.77194164135,0.0346730293919368,0.034510917828948086,4475.386185109615,-16539230620.591784,-1040322804.3893209,-206333727.69093975,-16538400871.619675,-1911898670.5984652,16571916638.049847,16649823828.623816,-0.9968463414743303,0.021274706454374383,-0.07645101931644249,0.021337153086343742,0.9997723370338719,0.0,-0.0764336142506214,0.001631247102761956,0.9970733381479403,4702.7711101894565,-545.2320258536254,-0.11542313569969008,8.675561000121576e-09,142.48974660182373,0.0,-42.46923980547114,-6.4102533981762875,0.0,2.943898758475694e-17,2.2807751525624127,1.5707963267948966,20.415787343843313,461.0,0.04616618219137476,9.856459028098545,0.0,0.09728736645657743,-1591.6147364029623,7.675870297230219,-122.03915132358468,0.10749322168815162,0.30067103068489026,-2.4198203682581956,0.10251286899646943,0.30240531260565684,-2.4198203682581956,-3.147032931133718e-17,5.46387533109867e-19,-1.3300839288520954e-18,-3.1475060927457126e-17,2.6569027223401536e-20,-1.3300839288520954e-18,-1591.5122235339659,7.978275609835876,-124.45897169184288,-1062476.7928474825,284.3527555968738,132923.36889996065,0.06511500353445565,4706.886867414651
233.16982076573998,2001.0,12.0,14.0,14.0,25.0,21.0,1.0,3506505.104316587,-16958.979618280297,269631.85546701204,-198.5501409438606,-295.72328921467283,4701.459628302928,3516897.3529334855,4714.933409796482,3505745.9135064175,-74908.23400020077,269631.85546701204,3516897.3529334855,-208.72007750435066,-540.8970304857106,4701.459628302928,4737.072545877251,20154716.54575076,0.8257381399218708,1.6336138723386247,2.694598037008223e-07,9.91786184748284e-06,0.07688488928288369,0.07674284315507235,-0.021364023213714934,120697.35293348553,0.03477142325688687,0.03460885080603697,4461.163203045726,-16539227627.28851,-1040322430.8900142,-206334968.0329535,-16538400461.209105,-1911882406.659272,16571913627.203598,16649821568.751059,-0.9968291825697538,0.021299522415039757,-0.07666753629932047,0.021362398084258872,0.9997717979359538,0.0,-0.07665004060929162,0.001637802430565451,0.9970567129696246,4702.734403100578,-545.2323580507426,-0.1154240983540354,8.643091921474523e-09,142.54338233371382,0.0,-42.565073500570726,-6.4,0.0,2.943997081440069e-17,2.280791209921064,1.5707963267948966,20.41185805825802,461.0,0.04599282785406293,9.86394245252843,0.0,0.09692332926555791,-1591.5640336320566,7.697494001741825,-122.38292850465174,0.10738573070556619,0.2995885226385092,-2.4107645703559957,0.10241980217933866,0.3013223559204296,-2.4107645703559957,-3.135344595704542e-17,5.44795081000943e-19,-1.3289138185334769e-18,-3.1358167522368203e-17,2.6546200151917452e-20,-1.3289138185334769e-18,-1591.4616138298773,7.998816357662255,-124.79369307500774,-1062480.831788959,284.5062938018397,132970.45996739675,0.06520767406413143,4706.850420794488
233.37411023020564,2001.0,12.0,14.0,14.0,25.0,21.0,1.0,3506464.470578226,-17019.39240825066,270592.30848223856,-199.25537375076374,-295.7197388725431,4701.404233513227,3516930.8978930945,4714.907701622959,3505703.2009404786,-75018.73140135266,270592.30848223856,3516930.8978930954,-209.4372215161999,-540.8758420378905,4701.404233513227,4737.0468008193375,20154620.585273195,0.825737310352781,1.6336138583623854,2.686345037418604e-07,9.875356024857083e-06,0.07715864450371793,0.07701601285261132,-0.02139578834842484,120730.89789309539,0.0348951978325547,0.0347320455976486,4443.285313680768,-16539223878.2009,-1040321963.0005598,-206336538.7038037,-16538399971.594612,-1911861885.4099789,16571909856.138245,16649818745.45571,-0.9968075298382055,0.021330737958569074,-0.07693989911611387,0.021394155959316548,0.9997711188521042,0.0,-0.0769222890236852,0.0016460642011842217,0.9970357325211581,4702.688087963857,-545.2327783350993,-0.11542531324157287,8.600741409967079e-09,142.62724473273846,0.0,-42.690867099107685,-6.4,0.0,2.94415011782065e-17,2.280816202658674,1.5707963267948966,20.405745361033944,461.0,0.045766753060661546,9.87331517062932,0.0,0.09644800192641373,-1591.5000497330007,7.724693659790529,-122.81535319131156,0.10722809602786636,0.2981766398994033,-2.398944952698812,0.10228118020504715,0.2999095419210973,-2.398944952698812,-3.120108870653877e-17,5.426943244267036e-19,-1.3271728316512201e-18,-3.120579674876477e-17,2.651184354744806e-20,-1.3271728316512201e-18,-1591.3977685527957,8.024603201711626,-125.21429814401037,-1062485.8904884085,284.65983200680563,133017.61764171752,0.06530034672300279,4706.813924148982
233.65266396375003,2001.0,12.0,14.0,14.0,25.0,21.0,1.0,3506408.833326464,-17101.765569146948,271901.8916284044,-200.21693041652074,-295.71487948269714,4701.328401039776,3516976.8289663983,4714.872516155246,3505644.7252351595,-75169.39035497543,271901.8916284044,3516976.8289663983,-210.4150178315148,-540.846883678954,4701.328401039776,4737.011564872677,20154490.502909906,0.8257361857921374,1.6336138394068205,2.6739177770802997e-07,9.81747939445673e-06,0.07753190788812671,0.07738847793360533,-0.02143910152435048,120776.82896639779,0.03506396333760748,0.03490002055413086,4418.93585626781,-16539218795.890736,-1040321328.5711576,-206338699.01105618,-16538399352.07875,-1911833793.5409253,16571904744.025202,16649814931.153845,-0.9967778850182051,0.021373297013465655,-0.07731125476544964,0.02143745920159117,0.9997701912654628,0.0,-0.07729348796382651,0.0016573568698581476,0.997007005936564,4702.624687395162,-545.2333557012025,-0.11542697676177296,8.542963792002754e-09,142.72103620799723,0.0,-42.863108623991735,-6.378963792002755,0.0,2.944321921666497e-17,2.2808442603559573,1.5707963267948966,20.39888753780975,461.0,0.04545832576359637,9.886020588247765,0.0,0.09580037543989624,-1591.4124450261338,7.761776750043326,-123.40490648179433,0.10700792650304845,0.29625035039209474,-2.382834575551302,0.10208702074129136,0.2979818897820602,-2.382834575551302,-3.099309398904115e-17,5.398174607000659e-19,-1.3247187380059328e-18,-3.099778342993316e-17,2.6463850370871083e-20,-1.3247187380059328e-18,-1591.3103580053926,8.059758639825386,-125.78774105734563,-1062492.7480507735,284.81337021177154,133064.8419229229,0.06539302151405801,4706.77737747929
233.95266396375,2001.0,12.0,14.0,14.0,25.0,21.0,1.0,3506348.6129157846,-17190.479245274277,273312.27785421506,-201.25245955698804,-295.7096221997033,4701.246342547598,3517026.5437012254,4714.834451649007,3505581.442775009,-75331.63973135238,273312.27785421506,3517026.543701226,-211.46803490269627,-540.8156088171672,4701.246342547598,4736.973445760812,20154351.382287506,0.8257349830816779,1.633613819122324,2.6572576910446673e-07,9.755254327927552e-06,0.0779338981909663,0.07778960857351208,-0.021485750262846715,120826.54370122589,0.03524571692096657,0.0350809227251802,4392.748324170709,-16539213360.312458,-1040320649.8548552,-206341049.82019958,-16538398746.661354,-1911803396.0525172,16571899276.560663,16649810868.52246,-0.9967458019483209,0.0214191274348687,-0.07771117859309314,0.02148409719645785,0.9997691901472325,0.0,-0.07769324208740368,0.0016695545141453077,0.9969759138122005,4702.556084506079,-545.2339830619153,-0.11542877738111362,8.480820373467646e-09,142.78317962653236,0.0,-43.049538879597065,-6.316820373467646,0.0,2.9444373214239414e-17,2.2808631065665583,1.5707963267948966,20.394283842510458,461.0,0.045126586817276534,9.899608429241544,0.0,0.09510537976766226,-1591.3176296424829,7.801709329255786,-124.03976163268145,0.10676618562846711,0.29417881074317576,-2.365534174061378,0.1018733275941284,0.29590879711292956,-2.365534174061378,-3.0769139621351585e-17,5.367099716190099e-19,-1.3219910350766383e-18,-3.07738088814821e-17,2.6411320994894074e-20,-1.3219910350766383e-18,-1591.2157563148887,8.097618126368715,-126.40529580674283,-1062500.082181735,284.96690841673745,133112.1328110129,0.06548569844028579,4706.740780786558
234.11921637385504,2001.0,12.0,14.0,14.0,25.0,22.0,1.0,3506315.0459609292,-17239.73015137427,274095.27795116825,-201.8273324927216,-295.7066928505972,4701.20061224197,3517054.254802279,4714.813243054495,3505546.173583015,-75421.71242532639,274095.27795116825,3517054.254802279,-212.05261578290734,-540.798206878876,4701.20061224197,4736.952206743071,20154274.58189841,0.8257343191290527,1.6336138079191078,2.6488883546935366e-07,9.720766537297375e-06,0.07815706801413842,0.07801230117138602,-0.021511648829363045,120854.25480227917,0.035346619474956466,0.03518135259735596,4378.226378113031,-16539210359.582487,-1040320275.0827425,-206342365.8003233,-16538398438.154253,-1911786456.2114162,16571896258.222475,16649808633.29127,-0.9967279204739163,0.021444568937867132,-0.07793319582059655,0.021509989778121887,0.9997686334046219,0.0,-0.0779151646824126,0.001676342245477403,0.9969585833870876,4702.517854198855,-545.2343338368782,-0.11542978107871239,8.448319717492916e-09,142.83167733839815,0.0,-43.147516007597225,-6.3,0.0,2.944526448072117e-17,2.2808776620527995,1.5707963267948966,20.390729739318456,461.0,0.044953064432312055,9.907109370995313,0.0,0.09474121834916002,-1591.2647820190484,7.823876372146019,-124.39217725852818,0.10665286545942715,0.2930942133393972,-2.3564732157257775,0.10177452761602128,0.29482367125501047,-2.3564732157257775,-3.065207578541432e-17,5.351062364565384e-19,-1.3207428595398476e-18,-3.065673486138336e-17,2.6387078646242418e-20,-1.3207428595398476e-18,-1591.1630074914324,8.118700043401029,-126.74865047425395,-1062504.1309714504,285.12044662170337,133159.49030598757,0.06557837750467506,4706.704134071916
234.32666199624035,2001.0,12.0,14.0,14.0,25.0,22.0,1.0,3506273.103498766,-17301.072831050795,275070.51551685005,-202.5433259135641,-295.70303358677813,4701.143480187361,3517088.8803023845,4714.786750665685,3505502.108676506,-75533.8963945726,275070.51551685005,3517088.880302385,-212.78069980324435,-540.7764933652188,4701.143480187361,4736.9256763531,20154179.31690488,0.8257334955405518,1.6336137940174773,2.636284532093135e-07,9.677853938180893e-06,0.07843502716207343,0.07828966595550296,-0.021543906576861567,120888.88030238496,0.03547229394404874,0.03530643832900537,4360.148670345545,-16539206637.343071,-1040319810.1213863,-206344015.7591274,-16538398079.774519,-1911765293.148164,16571892514.13619,16649805867.757587,-0.9967055789545806,0.02147625464275401,-0.07820971402155769,0.02154224005105836,0.9997679390206422,0.0,-0.07819156459872655,0.0016848124337770205,0.9969369291147089,4702.470093339734,-545.2347731559485,-0.11543103524426668,8.410231667376549e-09,142.9086228941888,0.0,-43.26293434128319,-6.3,0.0,2.9446670541149557e-17,2.2809006247622006,1.5707963267948966,20.385125390046372,461.0,0.04474967758029422,9.916413633916235,0.0,0.09431360796381584,-1591.198750690492,7.851483515902608,-124.83108067236597,0.10653769569248464,0.29182184883347034,-2.3458385216122335,0.10167617109549153,0.29355106590065316,-2.3458385216122335,-3.05149680275354e-17,5.332555092742341e-19,-1.3195191146571552e-18,-3.0519615661906564e-17,2.6363026884221777e-20,-1.3195191146571552e-18,-1591.0970745193965,8.14503458180326,-127.17691919397821,-1062509.15322751,285.2739848266693,133206.91440784687,0.06567105871021511,4706.667437336481
234.61374670490673,2001.0,12.0,14.0,14.0,25.0,22.0,1.0,3506214.8141819867,-17385.963920946288,276420.1305342764,-203.53414260767227,-295.69794997613457,4701.06409709356,3517137.000956214,4714.749947750062,3505440.8779646396,-75689.14073484203,276420.1305342764,3517137.0009562136,-213.78824704548964,-540.746372745584,4701.06409709356,4736.888820649518,20154048.193649694,0.8257323619376753,1.6336137748742072,2.6236201616613655e-07,9.618535070911637e-06,0.07881968656296076,0.07867350285979637,-0.021588548860593942,120937.00095621357,0.035646210786744924,0.03547954041733607,4335.148996472359,-16539201513.916302,-1040319169.9896247,-206346319.10815674,-16538397631.038704,-1911735888.3515556,16571887360.629686,16649802074.27606,-0.9966745330112549,0.02152010021624527,-0.07859236943545996,0.021586871953577703,0.9997669763296144,0.0,-0.0785740555530698,0.001696563415531548,0.996906835901189,4702.403733489085,-545.23538555521,-0.11543277826741732,8.35642382863839e-09,143.00875119526694,0.0,-43.435004781067796,-6.29124880473305,0.0,2.9448502254876057e-17,2.2809305389174948,1.5707963267948966,20.37782921493638,461.0,0.04446237395943189,9.929220019158112,0.0,0.09370993330981875,-1591.1069888748207,7.889684508505217,-125.43840719051545,0.10635948086347792,0.2900286559442312,-2.3308223585393217,0.10152182672679268,0.29175722636538215,-2.3308223585393217,-3.0321234599718947e-17,5.306166896308922e-19,-1.3175850637434138e-18,-3.032586567121754e-17,2.6325154850189203e-20,-1.3175850637434138e-18,-1591.0054670480938,8.1814417348706,-127.76922954905477,-1062516.0659657102,285.4275230316352,133254.4051165908,0.06576374205989564,4706.630690581356
234.8562185869265,2001.0,12.0,14.0,14.0,25.0,22.0,1.0,3506165.3614244033,-17457.66183701164,277559.9982350286,-204.37094235045828,-295.69363873990534,4700.996763202129,3517177.8266430264,4714.718737921208,3505388.937162071,-75820.25343467495,277559.9982350286,3517177.8266430264,-214.63917590142358,-540.7208685129604,4700.996763202129,4736.857566057264,20153938.141476966,0.8257314104911246,1.6336137587966932,2.606638622959845e-07,9.568494972494189e-06,0.07914456167842489,0.07899768336521466,-0.02162625436919988,120977.8266430255,0.03579309696054525,0.03562573845051473,4314.057888254523,-16539197213.705627,-1040318632.5442628,-206348282.67147163,-16538397296.647814,-1911710947.2918537,16571883035.161858,16649798902.735271,-0.9966481963488871,0.021557128235123003,-0.07891554306196284,0.021624568660553612,0.9997661616749414,0.0,-0.07889708958355214,0.0017065145793282908,0.996881305403625,4702.347448242924,-545.235906847268,-0.11543425709822354,8.30641236229376e-09,143.05978330378187,0.0,-43.639133215127515,-6.240216696218122,0.0,2.944944908072073e-17,2.2809460017569902,1.5707963267948966,20.374059882248954,461.0,0.04419542069375115,9.939968237470532,0.0,0.09315086108378333,-1591.0291424410682,7.921944882337994,-125.95128878588216,0.10614856765967551,0.28838567514748137,-2.316902448448085,0.1013332780128284,0.2901127070875114,-2.316902448448085,-3.014104946085449e-17,5.280917205842426e-19,-1.315176278867373e-18,-3.0145663915294344e-17,2.6278758478695626e-20,-1.315176278867373e-18,-1590.9278091630554,8.212057589425505,-128.26819123433023,-1062521.8679187,285.5810612366011,133301.96243221936,0.0658564275567066,4706.593893807628
235.13704254759975,2001.0,12.0,14.0,14.0,25.0,23.0,1.0,3506107.8330910616,-17540.6989925471,278880.1397803436,-205.34004859437968,-295.6886254633833,4700.918451023198,3517225.31916105,4714.682447626299,3505328.52296522,-75972.09665474687,278880.1397803436,3517225.3191610505,-215.62464434012446,-540.6912566473447,4700.918451023198,4736.821223714489,20153811.503690805,0.8257303156438279,1.6336137402830246,2.593829510439822e-07,9.510700422711891e-06,0.07952081302488505,0.0793731303315032,-0.021669924511558088,121025.31916105049,0.03596321162001214,0.035795056126782014,4289.662777334452,-16539192265.309238,-1040318013.8766063,-206350577.6953962,-16538396961.458757,-1911681940.364799,16571878057.687954,16649795267.714867,-0.9966175621075456,0.021600008461461945,-0.0792898135530492,0.021668228570525094,0.9997652163736321,0.0,-0.07927119760308919,0.0017180698033817886,0.9968516065426803,4702.281988597187,-545.2365152723637,-0.11543597747378509,8.248617006739418e-09,143.13829790262622,0.0,-43.857446853939315,-6.2,0.0,2.945089283723577e-17,2.2809695800902046,1.5707963267948966,20.368315027143627,461.0,0.04388693211608227,9.952335953541024,0.0,0.0925039268892174,-1590.9385889197183,7.959303088309668,-126.54521685624103,0.10589839859009398,0.2864763669709997,-2.300801717528407,0.10110918993823337,0.28820151173594416,-2.300801717528407,-2.993288976070006e-17,5.251666863336698e-19,-1.3123239710201627e-18,-2.993748489456371e-17,2.6223318382413688e-20,-1.3123239710201627e-18,-1590.8374797297802,8.247504600045612,-128.84601857376944,-1062528.5443440024,285.734599441567,133349.58635473254,0.06594911520363833,4706.557047016376
235.43704254759973,2001.0,12.0,14.0,14.0,25.0,23.0,1.0,3506046.0757925706,-17629.404773586364,280290.4027135617,-206.37526921361066,-295.68324600449523,4700.834402406437,3517276.302957515,4714.643508533665,3505263.677666343,-76134.2992755371,280290.4027135617,3517276.3029575148,-216.6773423806189,-540.6595354959799,4700.834402406437,4736.782228778493,20153677.18969275,0.8257291544186758,1.633613720634388,2.576651642589365e-07,9.449087038653207e-06,0.07992274514912469,0.07977420325654053,-0.021716577507488885,121076.30295751477,0.036144936971078206,0.035975930074493886,4263.6446300596,-16539187016.825806,-1040317357.4878944,-206353054.30245686,-16538396665.03442,-1911650809.389049,16571872778.350914,16649791429.62696,-0.9965846796621946,0.02164581133745998,-0.0796896173547351,0.021714870589498933,0.9997642043978576,0.0,-0.07967082689342646,0.0017304497281847612,0.9968197253695654,4702.211736904885,-545.2371708047252,-0.11543782438252101,8.18743645098228e-09,143.2657573937869,0.0,-44.048636090680375,-6.2,0.0,2.945321426049593e-17,2.281007491809106,1.5707963267948966,20.35908485071562,461.0,0.04356039147596991,9.965453221960043,0.0,0.09181723272342186,-1590.8413848704752,7.999206541549618,-127.17960995933201,0.10562825145733382,0.28443293807977577,-2.2837263917088206,0.1008670517181663,0.2861560092821957,-2.2837263917088206,-2.9712713825385025e-17,5.220682262574175e-19,-1.3092674406226794e-18,-2.971728846321576e-17,2.6162876699870712e-20,-1.3092674406226794e-18,-1590.740517818757,8.285362550831813,-129.46333635104082,-1062535.6255558077,285.8881376465329,133397.27688413038,0.06604180500368144,4706.520150208658
235.63414175403958,2001.0,12.0,14.0,14.0,25.0,23.0,1.0,3506005.332366541,-17687.683357254187,281216.92798285285,-207.0553720145626,-295.67969829466574,4700.778963952348,3517309.9387613367,4714.617829580742,3505220.9025783604,-76240.86078287233,281216.92798285285,3517309.938761337,-217.3689266378743,-540.6386457243296,4700.778963952348,4736.756513000773,20153589.483794305,0.8257283961412356,1.633613707797029,2.568019619526585e-07,9.408688050123406e-06,0.08018680698888231,0.08003770067001709,-0.021747228878028716,121109.93876133766,0.036264326898198,0.03609476063284664,4246.574492141604,-16539183589.533678,-1040316928.7512401,-206354695.4623399,-16538396504.63445,-1911630275.8088977,16571869330.904242,16649788933.083614,-0.996562988080819,0.021675900648585284,-0.07995227400457257,0.021745514722374962,0.9997635383376706,0.0,-0.07993336835695443,0.0017386033514537897,0.996798692756716,4702.165400526889,-545.2376046058329,-0.11543904288972827,8.149953529699141e-09,143.32215417926406,0.0,-44.166462537792185,-6.177845820735939,0.0,2.945425027993687e-17,2.281024411290571,1.5707963267948966,20.35496833408491,461.0,0.04336028247181648,9.974018575141429,0.0,0.09139730761776337,-1590.7772594868568,8.02541975563158,-127.5963530026674,0.10548254769453409,0.2831804490197128,-2.273277300129262,0.10073828890415203,0.2849026706154216,-2.273277300129262,-2.957765773006518e-17,5.201957515237419e-19,-1.3076352038268883e-18,-2.958222029498158e-17,2.6131130243451252e-20,-1.3076352038268883e-18,-1590.6765211979528,8.310322426247001,-129.86963030279665,-1062540.2495778315,286.0416758514989,133445.03402041286,0.06613449695982697,4706.483203385527
235.80602296126415,2001.0,12.0,14.0,14.0,25.0,23.0,1.0,3505969.692470454,-17738.50487430636,282024.89938213874,-207.64843620579373,-295.6765957717615,4700.730476678958,3517339.361356543,4714.595373595095,3505183.489115631,-76333.78483815286,282024.89938213874,3517339.361356543,-217.97200252735956,-540.6203969158286,4700.730476678958,4736.734024813469,20153513.315221753,0.8257277376071968,1.633613696644544,2.555016904992207e-07,9.373481849934874e-06,0.08041707903716538,0.08026748053614763,-0.02177395884607295,121139.36135654245,0.036368439351119594,0.036198385286491504,4231.698814183474,-16539180613.036417,-1040316556.3464122,-206356135.74484086,-16538396385.718637,-1911612317.090166,16571866336.899597,16649786770.909761,-0.9965440149521928,0.021702138177736984,-0.08018131616204624,0.021772238362034846,0.9997629567235959,0.0,-0.0801623097201568,0.0017457267276617477,0.9967802950191792,4702.1248750502045,-545.2379848809285,-0.11544010879088495,8.118896345871862e-09,143.35484595171383,0.0,-44.26453785514149,-6.14515404828617,0.0,2.945485895637765e-17,2.281034351731214,1.5707963267948966,20.35255062172875,461.0,0.04319444576956537,9.981457084026832,0.0,0.09104987125473234,-1590.7211687372337,8.048276990502115,-127.95974207125498,0.10537463222819084,0.2821423563877937,-2.264627341677653,0.10064426781499895,0.2838641466287457,-2.264627341677653,-2.9465651576626546e-17,5.18661023319678e-19,-1.3064383267462302e-18,-2.947020445215551e-17,2.6108244272536352e-20,-1.3064383267462302e-18,-1590.6205244694188,8.332141137130861,-130.22436941293265,-1062544.2653627153,286.1952140564648,133492.85776357993,0.06622719107506622,4706.446206548014
236.0555869628336,2001.0,12.0,14.0,14.0,25.0,24.0,1.0,3505917.763449216,-17812.294545203928,283198.02368253114,-208.50950225998804,-295.6720765646439,4700.659839857611,3517382.231507319,4714.562664706339,3505128.9818900963,-76468.700916217,283198.02368253114,3517382.231507319,-218.84760387593974,-540.5938477151241,4700.659839857611,4736.701269022553,20153403.23969434,0.8257267859146219,1.6336136805211723,2.546311540996299e-07,9.322447979135187e-06,0.08075141698616431,0.08060110390078128,-0.02181277010591454,121182.23150731903,0.036519602682858227,0.03634884035602375,4210.116862297058,-16539176311.4482,-1040316018.0536304,-206358242.1150858,-16538396247.597094,-1911586155.0247827,16571862010.003763,16649783656.0931,-0.9965163724580561,0.021740230626981796,-0.08051386088942943,0.02181104040552059,0.9997621109626174,0.0,-0.08049470752456647,0.0017560910730638091,0.9967534891861064,4702.065838691397,-545.2385402958656,-0.11544166190010134,8.07335008505866e-09,143.40557876829757,0.0,-44.40836815244634,-6.1,0.0,2.9455801102744376e-17,2.2810497381490347,1.5707963267948966,20.348809507920578,461.0,0.04295125687837727,9.992206710808594,0.0,0.09054023685925493,-1590.6394456511132,8.081461184441137,-128.4873113956591,0.10520796988793506,0.28061945002046706,-2.2519402301069062,0.1004980876709358,0.2823404452646042,-2.2519402301069062,-2.9301401002754066e-17,5.163981386389817e-19,-1.3045770546832535e-18,-2.9305939466029316e-17,2.6072499154901463e-20,-1.3045770546832535e-18,-1590.5389475634422,8.36380162970574,-130.739251625766,-1062550.06885501,286.3487522614307,133540.74811363168,0.06631988735239082,4706.409159697142
236.17642190759125,2001.0,12.0,14.0,14.0,25.0,24.0,1.0,3505892.543027497,-17848.021931501575,283766.0255794781,-208.92640093986168,-295.66988229245834,4700.62553860161,3517403.052312295,4714.546783568723,3505102.5118392683,-76534.02276588674,283766.0255794781,3517403.052312295,-219.2715397815596,-540.5809705935865,4700.62553860161,4736.6853651134315,20153350.176473044,0.8257263271366311,1.6336136727458157,2.537576312709815e-07,9.297763386507547e-06,0.0809132951431674,0.0807626360893613,-0.021831562123960733,121203.05231229495,0.03659279212867058,0.03642168687292785,4199.676945090294,-16539174237.781324,-1040315758.5129918,-206359268.45600545,-16538396195.934822,-1911573450.8976424,16571859924.13397,16649782158.922255,-0.9965029482575389,0.021758672983346126,-0.08067486761090233,0.021829827949299416,0.9997617009126245,0.0,-0.08065564286357652,0.0017611184797785059,0.9967404706020336,4702.037171335346,-545.2388106292509,-0.11544241621769888,8.048625379149746e-09,143.4576307807374,0.0,-44.48644617110607,-6.1,0.0,2.945674844505657e-17,2.281065209423084,1.5707963267948966,20.345049192314,461.0,0.04281930605468252,9.997388651823718,0.0,0.09026272234113199,-1590.5997567401148,8.097526947595316,-128.74272834045814,0.10508982536142844,0.27979276257636604,-2.245039591557876,0.1003913801458785,0.28151275668611536,-2.245039591557876,-2.9212402867918615e-17,5.1513241866761655e-19,-1.3032269026647034e-18,-2.921693283601094e-17,2.6045774469641972e-20,-1.3032269026647034e-18,-1590.499365359969,8.379039704281432,-130.98776793201603,-1062552.86652036,286.50229046639663,133588.70507056802,0.0664125857947928,4706.372062833922
236.39111303572776,2001.0,12.0,14.0,14.0,25.0,24.0,1.0,3505847.6088722283,-17911.499212783172,284775.2016241341,-209.667091912641,-295.66597380852295,4700.5644338226375,3517440.147877322,4714.518496518767,3505055.3553323746,-76650.0782453185,284775.2016241341,3517440.147877322,-220.02473314760334,-540.5580553742774,4700.5644338226375,4736.657037504935,20153256.298200242,0.8257255154716567,1.633613658984841,2.5288109106536486e-07,9.253969028587028e-06,0.08120090414501407,0.08104963045752772,-0.021864950829726584,121240.14787732204,0.03672282770324452,0.036551113155980586,4181.14866733551,-16539170569.0403,-1040315299.2532289,-206361102.44090667,-16538396129.599333,-1911550819.8693345,16571856233.798513,16649779517.491814,-0.9964790324712641,0.02179143781354025,-0.0809609231861381,0.021863208686392945,0.9997609714856522,0.0,-0.08094157121694869,0.0017700655590615663,0.9967172763210479,4701.986104062354,-545.2392932423566,-0.11544376018165566,8.004574395680079e-09,143.5503696933051,0.0,-44.62555453995765,-6.1,0.0,2.9458435902455e-17,2.2810927676937567,1.5707963267948966,20.338354665201972,461.0,0.042584221233412406,10.00655634465799,0.0,0.08976829021540375,-1590.529047328212,8.126069058743939,-129.19649701706163,0.10487522860094832,0.2783194034860674,-2.2327450741440966,0.10019721588041552,0.2800375365210081,-2.2327450741440966,-2.9053827077757794e-17,5.128710841823855e-19,-1.3007686439127894e-18,-2.9058341810292317e-17,2.5997104837553786e-20,-1.3007686439127894e-18,-1590.4288501123317,8.406106595264946,-131.42924209120574,-1062557.8161238562,286.65582867136254,133636.72863438903,0.06650528640526447,4706.334915959349
236.69111303572774,2001.0,12.0,14.0,14.0,25.0,24.0,1.0,3505784.553500213,-18000.198183035962,286185.3581031543,-210.702045975255,-295.66049114889864,4700.478704297911,3517492.2035290925,4714.478818253692,3504989.1900476688,-76812.24084938415,286185.3581031543,3517492.2035290925,-221.07715566160945,-540.5259573987935,4700.478704297911,4736.617302351487,20153125.97866046,0.8257243887271644,1.6336136398715004,2.511188320272082e-07,9.192917520888143e-06,0.0816027859653401,0.08145065353188723,-0.02191160751086657,121292.20352909248,0.03690452869656626,0.03673196275354327,4155.303899556398,-16539165476.064806,-1040314661.5352212,-206363687.6597082,-16538396091.574894,-1911519069.3499143,16571851110.834793,16649775866.53624,-0.9964454751402494,0.02183721708674112,-0.0813606232917944,0.021909854191442413,0.9997599503327335,0.0,-0.08134109270124461,0.0017825993932480888,0.9966847289778101,4701.914459628236,-545.2399725681756,-0.11544564620561194,7.943563397429986e-09,143.6402544113656,0.0,-44.82076323409682,-6.059745588634393,0.0,2.9460084267168605e-17,2.2811196875324358,1.5707963267948966,20.33181961496691,461.0,0.04225861287609674,10.019282559601287,0.0,0.0890849998553275,-1590.4298276479365,8.165947352723666,-129.83049095499274,0.10457776910817557,0.2762796876348713,-2.2157432734580027,0.09992806247707349,0.2779952480184563,-2.2157432734580027,-2.8833979954205524e-17,5.097332065709684e-19,-1.2973363843483214e-18,-2.88384735306212e-17,2.5930003230657155e-20,-1.2973363843483214e-18,-1590.3298995854593,8.443942600742123,-132.04623422845074,-1062564.6871197373,286.80936687632845,133684.81880509466,0.06659798918679853,4706.297719074405
236.99111303572772,2001.0,12.0,14.0,14.0,25.0,24.0,1.0,3505721.1876508817,-18088.895505091554,287595.48880789086,-211.73693550018055,-295.65498386309656,4700.3925732336875,3517544.515548816,4714.438963635917,3504922.70904543,-76974.39381083022,287595.48880789086,3517544.515548816,-222.1295114807986,-540.4937693679246,4700.3925732336875,4736.577390596152,20152996.651272763,0.8257232705483579,1.6336136208916539,2.49344118396663e-07,9.132041417486741e-06,0.08200465557309122,0.081851664533731,-0.02195826508563145,121344.51554881549,0.037086223793792776,0.03691280645685098,4129.512463778257,-16539160421.726046,-1040314028.4642682,-206366299.19860378,-16538396116.788214,-1911487170.8489327,16571846026.723331,16649772261.792665,-0.996411756426225,0.02188299066879627,-0.0817602982809784,0.02195650054220697,0.9997589269838705,0.0,-0.08174058807927216,0.001795170033537306,0.9966520223352809,4701.842482563209,-545.2406576440122,-0.11544754158785721,7.88275067450199e-09,143.70564443601936,0.0,-45.01693330805809,-5.994355563980637,0.0,2.946129507725833e-17,2.2811394615618217,1.5707963267948966,20.327022038489293,461.0,0.041934061813664845,10.031911502766274,0.0,0.08840484751683932,-1590.330126120624,8.205819553286121,-130.46438821167405,0.10427642526443362,0.27424658597749063,-2.198812734805953,0.09965500107033559,0.2759594962089719,-2.198812734805953,-2.8614701955206646e-17,5.065947370893733e-19,-1.2938377642361108e-18,-2.861917429564835e-17,2.586210073499085e-20,-1.2938377642361108e-18,-1590.2304711195538,8.481779049495092,-132.66320094648,-1062571.5058930255,286.96290508129437,133732.9755826849,0.06669069414238796,4706.260472180061
237.08828273192054,2001.0,12.0,14.0,14.0,25.0,25.0,1.0,3505700.5969528435,-18117.624122898425,288052.2231628708,-212.07212126092932,-295.6531947670222,4700.364589296963,3517561.514323304,4714.42601686662,3504901.1082291063,-77026.91291856233,288052.2231628708,3517561.5143233035,-222.4703540930579,-540.4833243794059,4700.364589296963,4736.564425266409,20152954.966772232,0.8257229101369401,1.633613614771294,2.488984627796726e-07,9.112349437983574e-06,0.08213481811076631,0.08198154899145954,-0.021973377619105262,121361.51432330394,0.03714507338485326,0.03697138028265376,4121.168381780386,-16539158792.594444,-1040313824.3657163,-206367150.7353242,-16538396138.19211,-1911476807.1884189,16571844387.99247,16649771103.804688,-0.9964008003718925,0.02189781546247685,-0.08188974719843252,0.02197160942994887,0.9997585950513542,0.0,-0.08186997860821546,0.0017992495417612092,0.9966413945365589,4701.819097864026,-545.2408807601153,-0.11544815750632731,7.866007580622632e-09,143.7478096073421,0.0,-45.095619214684206,-6.0,0.0,2.9462061880827254e-17,2.2811519844144432,1.5707963267948966,20.323984951018232,461.0,0.041844664660287564,10.03598199202218,0.0,0.08821674913740224,-1590.2977296079998,8.218732807239803,-130.6696860828963,0.10421517574230578,0.2736969756982436,-2.1941347441839,0.09960109546448045,0.27540962064466823,-2.1941347441839,-2.8554460405607066e-17,5.057661127307776e-19,-1.293166457280332e-18,-2.855892750533889e-17,2.5848809761221118e-20,-1.293166457280332e-18,-1590.1981285125353,8.494142427884471,-132.86382082708022,-1062573.7037227023,287.1164432862603,133781.1989671598,0.0667834012750261,4706.223175277276
237.2842184368218,2001.0,12.0,14.0,14.0,25.0,25.0,1.0,3505658.978239466,-18175.552786018845,288973.18687453214,-212.74797851196203,-295.64957927239254,4700.308033203076,3517595.872916967,4714.399853966382,3504857.451013218,-77132.81083418976,288973.18687453214,3517595.872916967,-223.1576172870711,-540.4622340294884,4700.308033203076,4736.538224859877,20152871.192279376,0.8257221858042593,1.633613602466337,2.480047490759683e-07,9.072690417021465e-06,0.08239727759670229,0.08224344778454976,-0.022003851243468934,121395.87291696714,0.037263737458224526,0.03708948829583384,4104.352426961064,-16539155518.441166,-1040313414.1025466,-206368876.2346449,-16538396200.071857,-1911455862.2099142,16571841094.542315,16649768782.082418,-0.9963786567974376,0.021927706769290515,-0.08215076356537257,0.022002075687622226,0.9997579250325731,0.0,-0.08213087692195839,0.0018074873177612856,0.9966199135305426,4701.771837783629,-545.2413324376098,-0.11544940244580135,7.830885462655809e-09,143.82416203770475,0.0,-45.24832407540953,-6.0,0.0,2.946345310342683e-17,2.2811747048037105,1.5707963267948966,20.318477110045556,461.0,0.041657162154713406,10.044162488305442,0.0,0.08782259352765183,-1590.2322506943165,8.244769498098556,-131.0836234232269,0.10407199400322512,0.27253844386147774,-2.1843300466921245,0.09947359370833453,0.27425022784492337,-2.1843300466921245,-2.8428016604701174e-17,5.040043400113964e-19,-1.2915629757298982e-18,-2.843247231462669e-17,2.581724041717543e-20,-1.2915629757298982e-18,-1590.132777100608,8.51901972594348,-133.267953469919,-1062578.1207892466,287.2699814912262,133829.48895851936,0.06687611058770664,4706.185828366992
237.5260035415451,2001.0,12.0,14.0,14.0,25.0,25.0,1.0,3505607.438125793,-18247.03590957613,290109.64288204716,-213.58194953414755,-295.6451031730554,4700.238006129578,3517638.422216746,4714.367464513343,3504803.3923025136,-77263.48340039919,290109.64288204716,3517638.422216746,-224.0056619932108,-540.4361554624567,4700.238006129578,4736.505788975773,20152768.333871853,0.8257212964607509,1.6336135873495947,2.471078031029856e-07,9.023843517642276e-06,0.08272114597736727,0.08256662432174823,-0.022041456295959008,121438.42221674649,0.03741016569735606,0.03723523035648431,4083.6199601739645,-16539151498.3548,-1040312910.2317173,-206371021.10275817,-16538396311.116554,-1911429928.7347546,16571837050.754005,16649765941.72926,-0.9963512367180296,0.021964589342786764,-0.08247284344228473,0.022039671621304577,0.9997570969364634,0.0,-0.08245281053595402,0.0018176743871432181,0.9965933122866841,4701.713322514073,-545.2418930962922,-0.11545094420347385,7.786419728450878e-09,143.9105277709331,0.0,-45.431583312799305,-6.0,0.0,2.946502942567138e-17,2.2812004480995838,1.5707963267948966,20.312240181724682,461.0,0.04141980215914352,10.054206441604022,0.0,0.08732356418597774,-1590.151166410656,8.27689521638573,-131.59436564366183,0.10387613809459238,0.271066130152206,-2.1719146965145693,0.0992978526580539,0.27277653021959003,-2.1719146965145693,-2.8267743366046533e-17,5.017491568967665e-19,-1.2893401456975795e-18,-2.827218426222977e-17,2.5773390180503895e-20,-1.2893401456975795e-18,-1590.051868557998,8.54967174660532,-133.7662803401764,-1062583.5441182684,287.4235196961921,133877.8455567635,0.06696882208342358,4706.148431450145
237.6825868589495,2001.0,12.0,14.0,14.0,25.0,25.0,1.0,3505573.952472515,-18293.32877307515,290845.61818163627,-214.12201783328442,-295.64219583821875,4700.1925163926435,3517666.0665485044,4714.346427410108,3504768.273756236,-77348.10536209021,290845.61818163627,3517666.066548505,-224.55484384890462,-540.419235412313,4700.1925163926435,4736.484721716417,20152702.05064178,0.8257207233526493,1.6336135776035854,2.462075895347945e-07,8.992230391802365e-06,0.08293088325641661,0.08277591359905766,-0.02206581015262732,121466.0665485044,0.03750499254579694,0.03732961282706457,4070.2100250571966,-16539148907.715315,-1040312585.4520164,-206372419.3793047,-16538396404.37434,-1911413082.52227,16571834444.835825,16649764117.720703,-0.996333423199285,0.02198847300988502,-0.08268141792862413,0.02206401955580811,0.9997565598889766,0.0,-0.08266128995506401,0.0018242844220791058,0.9965760297786176,4701.675311847404,-545.2422581596787,-0.11545194590916037,7.754974301076252e-09,143.9450831856305,0.0,-45.53524955689148,-6.0,0.0,2.9465668778020023e-17,2.2812108895158207,1.5707963267948966,20.30971162523987,461.0,0.041251990421928474,10.060678857582415,0.0,0.08697061126274126,-1590.0984882681782,8.297698129273066,-131.92509530824674,0.10371098601490937,0.27001217397106914,-2.1631287199343054,0.09914745215419053,0.27172104343259856,-2.1631287199343054,-2.8153937651609876e-17,5.001072602552897e-19,-1.2874118677389999e-18,-2.8158367322391834e-17,2.573518509325742e-20,-1.2874118677389999e-18,-1589.999340816024,8.569419172705665,-134.08822402818103,-1062587.0390079077,287.577057901158,133926.2687618923,0.0670615357651713,4706.110984527653
237.928613074865,2001.0,12.0,14.0,14.0,25.0,25.0,1.0,3505521.1684621098,-18366.06394039661,292001.9799445284,-214.9705456874621,-295.63761423843823,4700.12082131054,3517709.642811945,4714.313276542261,3504712.921235774,-77481.05938630199,292001.9799445284,3517709.642811945,-225.41768987311372,-540.3926008252616,4700.12082131054,4736.451523329601,20152598.44819779,0.8257198275630103,1.6336135623634274,2.448510635667298e-07,8.942670902237614e-06,0.08326041899631466,0.08310474551116401,-0.022104075822563577,121509.64281194471,0.03765398271587587,0.03747790478454666,4049.171921864152,-16539144858.40411,-1040312077.6938783,-206374631.09040686,-16538396585.57382,-1911386532.0682821,16571830371.6363,16649761277.118944,-0.996305345552687,0.02202599624577488,-0.08300911945396132,0.022102275894182344,0.9997557148625346,0.0,-0.08298884155980463,0.001834690459904592,0.9965487876102594,4701.615405899075,-545.2428349174885,-0.11545352495499425,7.705406301412893e-09,143.99955351493088,0.0,-45.698660544792666,-6.0,0.0,2.946667646115809e-17,2.2812273462303407,1.5707963267948966,20.305727686123678,461.0,0.04098747486236151,10.070795398409864,0.0,0.08641425058807402,-1590.0154546158883,8.330380591741056,-132.44468898583892,0.10344517352572911,0.26835015050567523,-2.149279476817094,0.0989049675298193,0.27005650260660663,-2.149279476817094,-2.7974537835425646e-17,4.97510886997552e-19,-1.2843019388858109e-18,-2.7978949677516286e-17,2.5673553580825032e-20,-1.2843019388858109e-18,-1589.9165496483586,8.600437094347663,-134.59396846265602,-1062592.5016590133,287.7305961061239,133974.75857390574,0.06715425163594445,4706.073487600426
238.228613074865,2001.0,12.0,14.0,14.0,25.0,26.0,1.0,3505456.522103756,-18454.754383919804,293412.00303269736,-216.0051655705548,-295.63200510457307,4700.033032277668,3517763.012177312,4714.272692419959,3504645.1381155094,-77643.17228485696,293412.00303269736,3517763.012177312,-226.46976709722867,-540.3600411682868,4700.033032277668,4736.410881036576,20152473.006834492,0.825718742934443,1.6336135438997197,2.4348698017549863e-07,8.882417075981667e-06,0.0836622376859736,0.0835057061019674,-0.0221507371319613,121563.01217731182,0.03783565321860283,0.03765872390086758,4023.5713112056255,-16539139955.39631,-1040311462.7126992,-206377352.43163583,-16538396863.54457,-1911354022.2563744,16571825439.692945,16649757854.878647,-0.9962709613989366,0.022071746168255916,-0.08340868956123643,0.022148925780837363,0.999754682453028,0.0,-0.08338822794611711,0.0018474128745687298,0.996515424118301,4701.542054994856,-545.2435434315457,-0.1154554589322705,7.646023952740606e-09,144.13253044327953,0.0,-45.898795664919305,-5.933734778360232,0.0,2.9469091986538675e-17,2.2812667947534946,1.5707963267948966,20.296184316493783,461.0,0.04067060087498137,10.083044181726029,0.0,0.08575010732295339,-1589.9137668521869,8.370227350947411,-133.07818255335172,0.10313324035477967,0.26636558424438894,-2.1327655394088,0.09862084633845145,0.26806905528877994,-2.1327655394088,-2.776150573720167e-17,4.944383121694677e-19,-1.2806999379166335e-18,-2.776589660892704e-17,2.560358561097354e-20,-1.2806999379166335e-18,-1589.8151460058484,8.638296406236192,-135.21094809276053,-1062599.1158870496,287.88413431108984,134023.31499280382,0.06724696969873806,4706.035940669361
238.43538811532838,2001.0,12.0,14.0,14.0,25.0,26.0,1.0,3505411.7839034777,-18515.883302748913,294383.8462763875,-216.7182389780284,-295.62812466947884,4699.972289974251,3517799.946218136,4714.244617086298,3504598.234852933,-77754.90292935558,294383.8462763875,3517799.9462181367,-227.1948717095388,-540.337547023365,4699.972289974251,4736.38276546355,20152387.112371102,0.8257180002414111,1.633613531250001,2.425733297482095e-07,8.840998453104658e-06,0.08393918398950445,0.08378206104696141,-0.022182898979447148,121599.9462181367,0.0379608661283775,0.037783349993541646,4005.9603597670794,-16539136598.044151,-1040311041.492172,-206379243.79732236,-16538397091.48958,-1911331528.718671,16571822062.520163,16649755522.551537,-0.9962471682395139,0.022103275944656015,-0.08368407833790242,0.022181079726996882,0.9997539695855899,0.0,-0.08366348950942942,0.0018562032134932663,0.9964923356618132,4701.491304256953,-545.2440351157036,-0.11545679737474769,7.606164295398162e-09,144.2110513534852,0.0,-46.03315406045563,-5.9,0.0,2.9470522327011795e-17,2.281290153986118,1.5707963267948966,20.290537622854053,461.0,0.04045788687662534,10.091431125821343,0.0,0.0853038801455115,-1589.843398420467,8.39768810328438,-133.51476044933253,0.10292741395347361,0.2650314682020935,-2.1216666297543125,0.09843366695248255,0.26673309672928625,-2.1216666297543125,-2.7618169348371694e-17,4.923761714802858e-19,-1.2783212647483226e-18,-2.762254621283708e-17,2.5557176277369667e-20,-1.2783212647483226e-18,-1589.7449647535145,8.664421200013667,-135.63642707908684,-1062603.6449475735,288.03767251605575,134071.93801858652,0.0673396899565475,4705.998343735337
238.6179887262527,2001.0,12.0,14.0,14.0,25.0,26.0,1.0,3505372.153530048,-18569.86486537466,295242.0591793742,-217.34791951322003,-295.6246881309414,4699.9184902466595,3517832.663463895,4714.219754032652,3504556.6904700003,-77853.56707925675,295242.0591793742,3517832.663463895,-227.83517599674013,-540.3176471167999,4699.9184902466595,4736.3578667758775,20152311.611328397,0.8257173474114079,1.6336135201265465,2.4119636500237414e-07,8.804480689075201e-06,0.0841837470741895,0.08402610195505936,-0.022211301092953974,121632.66346389521,0.03807143779011256,0.03789340344469906,3990.4258832782507,-16539133646.887062,-1040310671.1643379,-206380924.70173898,-16538397316.172365,-1911311606.3396661,16571819093.936129,16649753479.561995,-0.9962260930908458,0.02213111723244871,-0.08392726073805312,0.022209474843769617,0.9997533391928051,0.0,-0.08390655917217381,0.0018639803860682842,0.9964718836500139,4701.446355157419,-545.2444715396458,-0.11545798303398935,7.573810574592517e-09,144.24740384877245,0.0,-46.142211546317355,-5.9,0.0,2.947119731049206e-17,2.2813011773028937,1.5707963267948966,20.287874050953786,461.0,0.040285171962451016,10.098803166066638,0.0,0.08494062740151138,-1589.7810668552963,8.421935898390753,-133.90025802255138,0.10277906387620789,0.2639448974474951,-2.112622912204176,0.09830026288738129,0.2656454463681056,-2.112622912204176,-2.7501006038765252e-17,4.907181194897594e-19,-1.276614533059285e-18,-2.7505371947529813e-17,2.552342137311571e-20,-1.276614533059285e-18,-1589.682766592409,8.68758134475886,-136.01288093475557,-1062607.6260136012,288.19121072102166,134120.62765125383,0.06743241241236846,4705.960696799232
238.91798872625267,2001.0,12.0,14.0,14.0,25.0,26.0,1.0,3505306.7939832024,-18658.55142225776,296652.0214248696,-218.3823868697347,-295.6190222303444,4699.829777408644,3517886.6217235364,4714.1787630314075,3504488.182128312,-78015.65746037354,296652.0214248696,3517886.621723537,-228.8870956708862,-540.2848804887128,4699.829777408644,4736.3168170284325,20152188.274150763,0.8257162809507813,1.6336135019466136,2.4027400458748843e-07,8.744569686380494e-06,0.0845855369766668,0.08442703404006599,-0.022257964516866416,121686.62172353687,0.03825309439847271,0.03807420867086292,3964.938637703657,-16539128825.823578,-1040310066.0498219,-206383708.0941056,-16538397732.552164,-1911278755.908261,16571814244.394869,16649750156.619152,-0.9961913384267456,0.022176853847026744,-0.08432677153180373,0.02225612673344703,0.9997523017341969,0.0,-0.08430588393673454,0.001876787314234257,0.9964381544295777,4701.372238646714,-545.245193069678,-0.11545993851586184,7.519716104109446e-09,144.3082771544211,0.0,-46.32483146326325,-5.891722845578917,0.0,2.9472326736457574e-17,2.281319622228668,1.5707963267948966,20.28341880379609,461.0,0.039996424311695714,10.110845994386164,0.0,0.08433360149142775,-1589.6782735932768,8.461768271923829,-134.53352330988648,0.10251768607659364,0.26212823877445857,-2.0975106033288355,0.09806403744579936,0.2638267122209717,-2.0975106033288355,-2.730521299799092e-17,4.879273083325193e-19,-1.273589618169187e-18,-2.7309560258679825e-17,2.5463727230445757e-20,-1.273589618169187e-18,-1589.580209555831,8.7255949841448,-136.6310339132153,-1062614.1294773314,288.3447489259876,134169.3838908058,0.06752513706919698,4705.922999861903
239.1577734453645,2001.0,12.0,14.0,14.0,25.0,27.0,1.0,3505254.3300979966,-18729.43580171616,297778.9602574508,-219.20917035952266,-295.6144758362305,4699.758581946203,3517929.9338685265,4714.145872506559,3504433.1977021997,-78145.206372126,297778.9602574508,3517929.933868526,-229.7278269140066,-540.2586259701167,4699.758581946203,4736.283879369008,20152090.36501688,0.8257154343511065,1.6336134875065804,2.3888378652753583e-07,8.696803300194581e-06,0.08490667148535937,0.08474748301439641,-0.02229526243721293,121729.93386852648,0.038398284948569825,0.038218718727476966,3944.607438057661,-16539124998.610706,-1040309585.5479927,-206385952.37385592,-16538398109.198744,-1911252392.6382678,16571810394.566679,16649747532.261604,-0.9961634437239957,0.02221340613404226,-0.08464607478125503,0.022293415399674076,0.9997514709315598,0.0,-0.08462503777114253,0.0018870501070503943,0.9964110808417007,4701.312759263783,-545.2457738713459,-0.11546150822780714,7.47207274462087e-09,144.3624173356581,0.0,-46.4872520069743,-5.837582664341898,0.0,2.9473327196215686e-17,2.2813359609764414,1.5707963267948966,20.279473975733534,461.0,0.039742204897564595,10.120405791983492,0.0,0.08380073599675332,-1589.595766967085,8.493601052696635,-135.03960915266032,0.10224665240277707,0.26053198305936887,-2.084246640684534,0.0978156171066432,0.26222775820738,-2.084246640684534,-2.7133361128348073e-17,4.854159053171616e-19,-1.2704009802403984e-18,-2.7137690938619673e-17,2.5401622877718343e-20,-1.2704009802403984e-18,-1589.4979513499784,8.755828810904015,-137.12385579334486,-1062619.2921987753,288.4982871309535,134218.2067372424,0.06761786393002939,4705.885252924202
239.43770168506845,2001.0,12.0,14.0,14.0,25.0,27.0,1.0,3505192.8321732776,-18812.185896597526,299094.54373692244,-220.17431544045223,-295.6091484102492,4699.675142992922,3517980.704203809,4714.107333045043,3504368.7530296585,-78296.43572021068,299094.54373692244,3517980.704203809,-230.70925303386304,-540.2279033483677,4699.675142992922,4736.245284680383,20151976.847745102,0.8257144527823788,1.6336134707551624,2.370174783555702e-07,8.641196095893137e-06,0.08528155840444952,0.08512156976252894,-0.022338805336074626,121780.70420380915,0.038567777610322394,0.038387416972539876,3920.9246222674847,-16539120561.180964,-1040309028.284174,-206388594.47328296,-16538398599.266636,-1911221496.2089698,16571805930.90638,16649744505.178587,-0.9961307487679266,0.022256073100870164,-0.08501881303087296,0.022336947455711943,0.9997504992638717,0.0,-0.084997600774437,0.001899060759417607,0.9963793461482536,4701.243053456437,-545.2464565513692,-0.115463348297621,7.4164841783575535e-09,144.45176050952287,0.0,-46.6776407642843,-5.8,0.0,2.947496071340856e-17,2.2813626383367054,1.5707963267948966,20.273036394436126,461.0,0.039445608448390734,10.131489256563947,0.0,0.0831780915043529,-1589.499058946402,8.530757995652651,-135.63034006065774,0.10192341964296966,0.2586683363452801,-2.0687547169049494,0.0975188558876235,0.26036083508415925,-2.0687547169049494,-2.6932967752709923e-17,4.82478575467693e-19,-1.2666065351487226e-18,-2.693727707248809e-17,2.5327145625663947e-20,-1.2666065351487226e-18,-1589.4015400905146,8.79111883073681,-137.6990947775627,-1062625.2779957969,288.6518253359194,134267.09619056364,0.06771059299786243,4705.847455986963
239.73770168506843,2001.0,12.0,14.0,14.0,25.0,27.0,1.0,3505126.6247346858,-18900.86778163739,300504.4328165082,-221.20859939746194,-295.60341520205577,4699.585333459579,3518035.362580831,4714.06585974304,3504299.382492788,-78458.4991414821,300504.4328165082,3518035.362580831,-231.76098330579669,-540.1948908838839,4699.585333459579,4736.203751950321,20151856.13147638,0.8257134089545697,1.6336134529296118,2.351363575169375e-07,8.58178818359971e-06,0.08568331359241754,0.08552246756147328,-0.022385471306196256,121835.36258083116,0.038749417514041394,0.03856820549910165,3895.607674792409,-16539115842.217873,-1040308435.4766003,-206391452.55512312,-16538399184.85187,-1911188241.45988,16571801184.03673,16649741305.002048,-0.9960955537189465,0.022301793772739376,-0.08541825247488649,0.022383601758301015,0.9997494557999648,0.0,-0.08539685142715177,0.0019119681462878694,0.9963451822255862,4701.168028284294,-545.2471937405135,-0.11546532935268058,7.3570431933461185e-09,144.5884064520779,0.0,-46.88260967811683,-5.8,0.0,2.947743924108018e-17,2.2814031157653543,1.5707963267948966,20.263276733580962,461.0,0.03912847968066213,10.143275466056245,0.0,0.08251089207261406,-1589.3949520969923,8.570573065862073,-136.26333075412944,0.10156975840860429,0.2566740495866419,-2.0521646239185882,0.09719359682691532,0.2583629003751026,-2.0521646239185882,-2.6718873283050593e-17,4.793309268884702e-19,-1.2624706926610373e-18,-2.6723160560415105e-17,2.524510766624266e-20,-1.2624706926610373e-18,-1589.2977585001654,8.828935966237175,-138.31549537804804,-1062631.6434718966,288.8053635408853,134316.0522507695,0.06780332427569315,4705.809609051013
239.8975438452764,2001.0,12.0,14.0,14.0,25.0,27.0,1.0,3505091.222234509,-18948.11742499541,301255.6208483611,-221.75964570145655,-295.60035044110117,4699.5373183703105,3518064.589576503,4714.043690336116,3504262.292533932,-78544.84365118874,301255.6208483611,3518064.5895765033,-232.32132423144998,-540.1772648661375,4699.5373183703105,4736.181550777601,20151792.198202062,0.8257128561223025,1.6336134434837575,2.346637211445519e-07,8.550228641105016e-06,0.0858973664237129,0.08573606363063734,-0.022410335654798684,121864.58957650326,0.038846194048736925,0.03866452841467141,3882.1434983611107,-16539113342.928185,-1040308121.427425,-206392986.608905,-16538399521.88877,-1911170462.6431162,16571798669.961811,16649739618.0184,-0.9960767357474148,0.022326151681212825,-0.08563106593919174,0.02240845987036338,0.9997488989372473,0.0,-0.08560956388752977,0.0019188603047548187,0.9963269144944935,4701.127918501763,-545.2475888519249,-0.1154663886945573,7.328776511080255e-09,144.62732175167028,0.0,-47.00928700668115,-5.772678248329712,0.0,2.9478156188554736e-17,2.2814148244061654,1.5707963267948966,20.260455428124885,461.0,0.038977608227218845,10.149517554573984,0.0,0.08219459606646343,-1589.339287000777,8.591784215832986,-136.60055139417327,0.1014267490777075,0.2557377742910584,-2.044290400164244,0.09706360104594115,0.2574254299400332,-2.044290400164244,-2.661693460957376e-17,4.778678883074176e-19,-1.2608092654032905e-18,-2.6621212031792874e-17,2.5212840521562278e-20,-1.2608092654032905e-18,-1589.242223399731,8.84920964577302,-138.6448417943375,-1062635.0147611462,288.9589017458512,134365.07491786,0.06789605776651887,4705.771712117166
240.0701598429488,2001.0,12.0,14.0,14.0,25.0,28.0,1.0,3505052.8916131565,-18999.142488167457,302066.83168649883,-222.35470740154926,-295.5970328549758,4699.4853378239495,3518096.2339347904,4714.0196925934215,3504222.137931645,-78638.08524377976,302066.83168649883,3518096.2339347904,-232.92642263095112,-540.1582015332073,4699.4853378239495,4736.157518650063,20151723.425328985,0.8257122614386139,1.633613433318441,2.3371558102008936e-07,8.516166804347584e-06,0.08612852127352437,0.08596672525465124,-0.022437187346511997,121896.23393479083,0.03895070254089267,0.03876854703716842,3867.6160614341497,-16539110654.40883,-1040307783.529439,-206394652.0510796,-16538399904.18806,-1911151215.6763895,16571795965.533325,16649737809.119526,-0.996056362566402,0.022352454286285264,-0.08586087804330873,0.02243530481150674,0.999748296871775,0.0,-0.08583926659171309,0.0019263149702852377,0.9963071361892537,4701.084496949303,-545.2480173145242,-0.11546753567662693,7.298890172697556e-09,144.66248214976758,0.0,-47.14992859907032,-5.737517850232419,0.0,2.9478808209820006e-17,2.2814254727215113,1.5707963267948966,20.25789032168885,461.0,0.0388180807807845,10.156232020931856,0.0,0.08186039535402115,-1589.2790202426238,8.614688420621219,-136.96468873813967,0.10127933262639723,0.25475030736755977,-2.035968338392555,0.096929858876301,0.25643678515247176,-2.035968338392555,-2.6509122054570194e-17,4.763257769529318e-19,-1.2590972088184121e-18,-2.651338915207882e-17,2.517976009910131e-20,-1.2590972088184121e-18,-1589.1820903837474,8.87112520577369,-139.00065707653224,-1062638.6412729565,289.11243995081713,134414.16419183515,0.06798879347333737,4705.733765186226
240.31181584079727,2001.0,12.0,14.0,14.0,25.0,28.0,1.0,3504999.0576109397,-19070.574721473055,303202.48168897064,-223.1877338334139,-295.5923745785741,4699.412343225168,3518140.677343095,4713.985997868445,3504165.747513402,-78768.61448333954,303202.48168897064,3518140.677343095,-233.77349883863846,-540.1314634749752,4699.412343225168,4736.123775647332,20151627.6215703,0.8257114330113049,1.63361341914998,2.3276357876976346e-07,8.46859355041555e-06,0.08645212235377438,0.0862896359011214,-0.022474779245605862,121940.67734309565,0.039097007111394945,0.03891416580931596,3847.302071109414,-16539106909.11026,-1040307312.6898685,-206396998.99784246,-16538400471.572317,-1911124188.0697365,16571792198.064444,16649735299.44317,-0.9960277512722296,0.02238927368385556,-0.08618259174273542,0.02247288723274092,0.999747452779663,0.0,-0.08616082656874935,0.0019367716656598418,0.9962793588549875,4701.023522879201,-545.2486202526621,-0.11546914661221988,7.25565532296087e-09,144.72669335773912,0.0,-47.34004003660869,-5.7,0.0,2.9479987754709815e-17,2.2814447361514345,1.5707963267948966,20.25325159552814,461.0,0.038587339298613486,10.165585389372083,0.0,0.08137643533969,-1589.1943818656327,8.646749887279952,-137.47441084799155,0.1010492979845738,0.25331529981566686,-2.0239217876869176,0.09671990759662247,0.25499972787902575,-2.0239217876869176,-2.635320988327809e-17,4.740716441561376e-19,-1.2564140438342006e-18,-2.635746163208008e-17,2.5127461577067414e-20,-1.2564140438342006e-18,-1589.097661958036,8.901749615158979,-139.49833263567848,-1062643.693211086,289.26597815578305,134463.3200726949,0.0680815313991466,4705.695768258986
240.47010979526672,2001.0,12.0,14.0,14.0,25.0,28.0,1.0,3504963.6851559156,-19117.36496526081,303946.3664585042,-223.73337411040487,-295.58931455280555,4699.364387746256,3518169.879580615,4713.963864348811,3504128.698667426,-78854.11264024184,303946.3664585042,3518169.8795806146,-234.32834147901005,-540.1139173782317,4699.364387746256,4736.101610415861,20151565.19204285,0.8257108931716454,1.6336134099127937,2.318076668099177e-07,8.43747906978537e-06,0.08666408893979231,0.08650115028202801,-0.022499403716229126,121969.87958061416,0.039192840036249975,0.039009549510580305,3834.0169905126095,-16539104468.481949,-1040307005.7954903,-206398546.1081022,-16538400864.548128,-1911106431.8685355,16571789742.984354,16649733670.850447,-0.9960089531222801,0.022413389727968934,-0.08639331722512965,0.02249750547770671,0.9997468990936059,0.0,-0.08637145099823358,0.0019436341275096075,0.9962611077116471,4700.983465497744,-545.2490172021932,-0.11547020512839251,7.224627945597459e-09,144.7996989515354,0.0,-47.449548427303085,-5.7,0.0,2.9481310959714667e-17,2.2814663457290822,1.5707963267948966,20.24805051388647,461.0,0.03842181274395335,10.17168033241969,0.0,0.0810281573215442,-1589.138771567126,8.667749113966508,-137.80826245412936,0.10085722267403675,0.25227346637674275,-2.0152618503596305,0.09654275630486399,0.2539558572041949,-2.0152618503596305,-2.6241441337668428e-17,4.72417398543985e-19,-1.25415985874118e-18,-2.6245681407296694e-17,2.5082731528021675e-20,-1.25415985874118e-18,-1589.0422288108211,8.921704971170703,-139.82352430448898,-1062646.9852801133,289.419516360749,134512.54256043935,0.06817427154694508,4705.657721336225
240.72007371281177,2001.0,12.0,14.0,14.0,25.0,28.0,1.0,3504907.6522016213,-19191.251022857563,305121.02850146784,-224.5949625079731,-295.5844684754892,4699.288433289292,3518216.1384160435,4713.9288130427285,3504070.0155375265,-78989.11816284264,305121.02850146784,3518216.1384160435,-235.20446018378698,-540.0861591540851,4699.288433289292,4736.066508891813,20151467.15386744,0.8257100454117331,1.6336133954000032,2.303663616439751e-07,8.388467046508849e-06,0.08699880061015713,0.0868351479673699,-0.02253828905847159,122016.13841604348,0.03934416744759888,0.03916016754852176,3813.078235119581,-16539100635.69489,-1040306523.7356508,-206401004.97786564,-16538401520.250736,-1911078308.9965427,16571785887.495186,16649731124.645971,-0.9959791774234524,0.022451468316669363,-0.08672606130413527,0.02253638096101511,0.9997460235145624,0.0,-0.0867040349238894,0.001954491556798343,0.99623219697552,4700.92002200946,-545.2496472879814,-0.11547188195073327,7.175554663154342e-09,144.90767302005435,0.0,-47.62301906016307,-5.7,0.0,2.9483269944843946e-17,2.2814983383841176,1.5707963267948966,20.240355449956688,461.0,0.03816001946766933,10.181251638219074,0.0,0.08047732138247772,-1589.0506844485317,8.700905587095653,-138.3353934804346,0.1005485344829364,0.2506248366648359,-2.001563309119098,0.09625774232057344,0.2523039111533708,-2.001563309119098,-2.606453180162593e-17,4.697915129283808e-19,-1.2505270465538097e-18,-2.6068753260787534e-17,2.501063310304208e-20,-1.2505270465538097e-18,-1588.954426706211,8.953209498249024,-140.33695678955368,-1062652.1551255994,289.5730545657149,134561.83165506838,0.06826701391973142,4705.619624418715
241.02007371281175,2001.0,12.0,14.0,14.0,25.0,29.0,1.0,3504840.11861228,-19279.92548821796,306530.8013126637,-225.62895484529574,-295.5786297863826,4699.196907209315,3518271.8918119953,4713.886583741337,3503999.296483299,-79151.13900328094,306530.8013126637,3518271.8918119953,-236.25588937068576,-540.0527620832744,4699.196907209315,4736.024219091547,20151350.370963424,0.8257090355525384,1.6336133781013846,2.2940046069533655e-07,8.329855733973988e-06,0.08740050065424704,0.08723599127170141,-0.02258495908112174,122071.8918119953,0.0395257808245652,0.03934092955621873,3788.0138591378927,-16539096069.974024,-1040305949.3171622,-206403981.69380897,-16538402363.981567,-1911044421.143579,16571781294.719927,16649728109.978077,-0.995943293819357,0.02249716378870201,-0.08712538733178832,0.022583039106016847,0.999744970652384,0.0,-0.0871031678010963,0.0019675560292406404,0.9961973533804864,4700.843574283394,-545.250408768367,-0.11547390300753858,7.117013597404939e-09,144.97736476499412,0.0,-47.83209429498236,-5.7,0.0,2.9484555405287354e-17,2.2815193315462987,1.5707963267948966,20.235309328222925,461.0,0.03784770378948704,10.19265286811646,0.0,0.07982021523710496,-1588.9445246402192,8.740693156669572,-138.96794772258667,0.10017549469096587,0.2486558790666718,-1.9852066757997624,0.09591302795162676,0.2503309149908367,-1.9852066757997624,-2.5852540353632415e-17,4.666359548929044e-19,-1.2460965780193604e-18,-2.5856739367329614e-17,2.4922692035730535e-20,-1.2460965780193604e-18,-1588.8486116122676,8.991024071660409,-140.95315439838643,-1062658.3135022037,289.72659277068084,134611.18735658206,0.06835975852050463,4705.581477507215
241.19439487667387,2001.0,12.0,14.0,14.0,25.0,29.0,1.0,3504800.7343446757,-19331.450802394967,307349.9661370771,-226.22974565332885,-295.5752257894737,4699.143539880922,3518304.4061220125,4713.861964496146,3503958.058833064,-79245.27993470717,307349.9661370771,3518304.4061220125,-236.86681119626692,-540.0333147396215,4699.143539880922,4735.999564577635,20151282.94972885,0.8257084525350399,1.633613368109068,2.2843047554427274e-07,8.295879403287123e-06,0.087633910714623,0.08746890358769352,-0.022612078097470026,122104.40612201206,0.039631308127977105,0.0394459621548821,3773.48275347054,-16539093434.031445,-1040305617.5991763,-206405724.27311832,-16538402882.579256,-1911024661.9807189,16571778643.152481,16649726378.779234,-0.9959223689502292,0.022523713353744125,-0.08735741159925614,0.022610151197912518,0.9997443578549506,0.0,-0.08733507936316895,0.001975164284517458,0.9961770337839947,4700.799000122401,-545.2508538795583,-0.11547508168381283,7.0848744221667884e-09,145.03201360447125,0.0,-47.948020406706874,-5.6839931977643765,0.0,2.9485553958513044e-17,2.281535639158034,1.5707963267948966,20.231391262633906,461.0,0.037676219645675586,10.199234996320923,0.0,0.07945995556190694,-1588.8826178440336,8.763809553177236,-139.33545893343464,0.09998287175424211,0.24757566860848923,-1.976242667223607,0.09573580683541959,0.24924875450187697,-1.976242667223607,-2.5736556170424227e-17,4.649277475082453e-19,-1.2438300406157826e-18,-2.5740743237248696e-17,2.487805940850286e-20,-1.2438300406157826e-18,-1588.7868820371982,9.013058307679113,-141.31170160065824,-1062661.8688954562,289.88013097564675,134660.60966498035,0.0684525053522642,4705.543280602473
241.37260330118943,2001.0,12.0,14.0,14.0,25.0,29.0,1.0,3504760.363573071,-19384.124487029407,308187.38823276357,-226.84390957800755,-295.57173724740034,4699.088842135733,3518337.7348714983,4713.836734280964,3503915.791523978,-79341.51664713674,308187.38823276357,3518337.7348714983,-237.49133127564986,-540.0134023155804,4699.088842135733,4735.974298219541,20151214.32145538,0.8257078590764488,1.633613357934226,2.2745635393967898e-07,8.261212366846997e-06,0.08787252112449316,0.08770700519935215,-0.022639802188225908,122137.73487149784,0.03973918643331089,0.0395533347244783,3758.6461270153522,-16539090750.85515,-1040305279.8795077,-206407515.5243595,-16538403432.847284,-1911004410.4221108,16571775944.067722,16649724623.150154,-0.9959009212775172,0.022550852881676114,-0.0875946004780066,0.022637868192529453,0.9997437306248526,0.0,-0.08757215266447581,0.0019829550199983908,0.996156205605877,4700.753315618818,-545.2513108726843,-0.11547628991049166,7.054508228190861e-09,145.1060774922174,0.0,-48.05911623832612,-5.646961253891293,0.0,2.948689813685804e-17,2.2815575912563193,1.5707963267948966,20.22611952480461,461.0,0.03751416056988105,10.205934833394188,0.0,0.0791202347974987,-1588.8191630924093,8.787439154146046,-139.7111292791548,0.09982007576000662,0.2465564326168863,-1.967794451923797,0.09558732350971726,0.24822809183037142,-1.967794451923797,-2.562751466244199e-17,4.633506347230237e-19,-1.2419479957412753e-18,-2.5631691018789596e-17,2.4841531315513276e-20,-1.2419479957412753e-18,-1588.7235757688995,9.035667245976418,-141.67892373107858,-1062665.4879651647,290.03366918061266,134710.0985802633,0.06854525441800983,4705.505033705227
241.64312722248167,2001.0,12.0,14.0,14.0,25.0,29.0,1.0,3504698.8707679873,-19464.08299420455,309458.5929107936,-227.77617573137937,-295.56642487162856,4699.005538606973,3518388.501290831,4713.798314480713,3503851.416210357,-79487.59909500046,309458.5929107936,3518388.501290831,-238.43931677021135,-539.9831141537195,4699.005538606973,4735.935823384012,20151110.706873834,0.8257069630695919,1.633613342565433,2.2598729860936304e-07,8.208687105094704e-06,0.08823472762522244,0.08806843941669851,-0.02268188855913733,122188.50129083078,0.03990294358554007,0.0397163241610498,3736.1587750017643,-16539086699.72881,-1040304769.8730658,-206410253.6963793,-16538404306.690674,-1910973568.0771055,16571771868.915556,16649721985.134916,-0.9958682547208358,0.022592047201677116,-0.08795463968724859,0.022679943757931673,0.999742776993731,0.0,-0.08793201573041294,0.0019948062813559433,0.9961244808544193,4700.683740721958,-545.2520083677905,-0.11547813033456378,7.007286176898452e-09,145.21062661353847,0.0,-48.23187984061543,-5.6,0.0,2.948879813991924e-17,2.281588620661083,1.5707963267948966,20.218672730009096,461.0,0.03726217052596214,10.216049939496845,0.0,0.07859160275062096,-1588.7225139883199,8.82330494210299,-140.2813342410755,0.09955201430149914,0.24497017254927422,-1.9546460185071877,0.09534170999458573,0.24663930612458224,-1.9546460185071877,-2.545766073684087e-17,4.608716301117209e-19,-1.2388235926495237e-18,-2.546182002088485e-17,2.4780548795782395e-20,-1.2388235926495237e-18,-1588.6271722783254,9.069944248227571,-142.2359802595827,-1062670.9520629738,290.1872073855786,134759.65410243088,0.06863800572074152,4705.466736816205
241.93226912557094,2001.0,12.0,14.0,14.0,25.0,29.0,1.0,3504632.8670842648,-19549.542809240844,310817.2593993058,-228.77253961051943,-295.5607247244609,4698.916141196506,3518442.991780856,4713.757091628349,3503782.3269370203,-79643.72615042987,310817.2593993058,3518442.991780856,-239.45247981546603,-539.9506606812519,4698.916141196506,4735.894541483895,20151000.78512675,0.8257060125131175,1.6336133262508858,2.2450863083182865e-07,8.152719303313897e-06,0.08862185002371235,0.0884547365349012,-0.022726872267867654,122242.99178085616,0.040077965131670536,0.039890525157512485,3712.1855756789446,-16539082401.897602,-1040304228.6452851,-206413205.78949797,-16538405294.816029,-1910940470.0414026,16571767545.58517,16649719204.454027,-0.9958331952860731,0.02263607122141214,-0.08833943313146762,0.022724915872855217,0.9997417557542406,0.0,-0.08831661998118778,0.002007506186168321,0.9960904299078528,4700.609078557249,-545.25275898949,-0.1154801058352135,6.9514334246224434e-09,145.2787397260702,0.0,-48.43621917821057,-5.6,0.0,2.9490053335669227e-17,2.2816091195633117,1.5707963267948966,20.213756269854215,461.0,0.036964221463010136,10.22678061103975,0.0,0.07796466243237961,-1588.6187821220565,8.861633177142853,-140.89068807376688,0.09917959126983847,0.2430899823181511,-1.9390403736523534,0.09499652810964204,0.2447549600621103,-1.9390403736523534,-2.52553697096021e-17,4.578360182172604e-19,-1.2343847648130913e-18,-2.525950718587665e-17,2.469240592041246e-20,-1.2343847648130913e-18,-1588.5237855939467,9.106388137204963,-142.82972844741923,-1062676.7488295417,290.3407455905445,134809.2762314831,0.06873075926345969,4705.428389936127
242.14819822918116,2001.0,12.0,14.0,14.0,25.0,30.0,1.0,3504583.388104788,-19613.36251062746,311831.8849192986,-229.5165746471058,-295.5564529672587,4698.849136810281,3518483.840039816,4713.72619966742,3503730.540493285,-79760.31459091512,311831.8849192986,3518483.840039816,-240.20905899163935,-539.9263702065126,4698.849136810281,4735.863605275046,20150919.257274497,0.825705307489372,1.63361331414328,2.235174179077153e-07,8.111064908444099e-06,0.0889109422343972,0.08874321253978944,-0.022760466369654547,122283.84003981575,0.040208666120307095,0.04002061336665985,3694.3258333206177,-16539079214.168262,-1040303827.0969801,-206415427.62810615,-16538406069.452747,-1910915663.0230026,16571764338.935638,16649717154.296076,-0.9958069156439939,0.022668944413856546,-0.08862677763947605,0.022758501286329058,0.9997409917669677,0.0,-0.0886038225744003,0.002017012632911215,0.996064904654934,4700.553119978962,-545.2533230094471,-0.11548158679608099,6.91254396416582e-09,145.35297786625725,0.0,-48.60595573251447,-5.573511066871383,0.0,2.949140580103821e-17,2.2816312069989695,1.5707963267948966,20.20846157639583,461.0,0.03675673011981156,10.234739352101892,0.0,0.07752903882819087,-1588.5410253867497,8.890252433332195,-141.34568573808872,0.09893943081100924,0.24179294026475914,-1.928201331231375,0.09477491828523114,0.24345544108750503,-1.928201331231375,-2.511519464719292e-17,4.557608926314307e-19,-1.2315536030137601e-18,-2.511931753022788e-17,2.4636826629958073e-20,-1.2315536030137601e-18,-1588.4462504684643,9.1337078744197,-143.2738870693201,-1062681.0482737422,290.4942837955104,134858.96496741992,0.06882351504916503,4705.389993065697
242.3749854297021,2001.0,12.0,14.0,14.0,25.0,30.0,1.0,3504531.2480752137,-19680.39042131605,312897.51576245273,-230.29798466712091,-295.5519525972996,4698.778538880705,3518526.8851996944,4713.69365528475,3503675.9740512823,-79882.76008345428,312897.51576245273,3518526.885199695,-241.0036426863321,-539.9008080856261,4698.778538880705,4735.831014278855,20150834.102953073,0.8257045711001485,1.6336133014895877,2.2202230134235873e-07,8.067392888419041e-06,0.08921456418788887,0.08904618738215185,-0.02279575031209978,122326.8851996949,0.040345935913628936,0.040157239567621295,3675.597963988781,-16539075884.580069,-1040303407.5583719,-206417777.09855807,-16538406915.150372,-1910889525.8284311,16571760989.577694,16649715023.678837,-0.9957792247628172,0.022703467300327455,-0.08892855617463732,0.022793776075768712,0.9997401881350012,0.0,-0.08890545148060594,0.002027017596186102,0.9960380072550918,4700.4941616230435,-545.2539185145998,-0.11548314744691564,6.873803320274588e-09,145.4486337770998,0.0,-48.797267554199564,-5.525683111450109,0.0,2.949314008728826e-17,2.281659530042826,1.5707963267948966,20.201676300070826,461.0,0.03655000623067233,10.243051872279032,0.0,0.07709580137804652,-1588.4590912225983,8.920307131151791,-141.823504586188,0.09871512162187517,0.2405104590485497,-1.9174251518937404,0.09456876067409627,0.2421708191610443,-1.9174251518937404,-2.497609316445402e-17,4.53723900670604e-19,-1.2289359657191792e-18,-2.4980201974087714e-17,2.4585998271535387e-20,-1.2289359657191792e-18,-1588.3645224619243,9.162477950312836,-143.74092973808175,-1062685.5390001852,290.6478220004763,134908.7203102414,0.06891627308085867,4705.351546205613
242.55757906085984,2001.0,12.0,14.0,14.0,25.0,30.0,1.0,3504489.1396945743,-19734.35599369783,313755.4775917085,-230.9270936014781,-295.5483189227632,4698.721531289363,3518561.6485664286,4713.6673790138775,3503631.9099174035,-79981.34065037064,313755.4775917085,3518561.6485664286,-241.64335723339147,-539.880189838115,4698.721531289363,4735.804700373203,20150765.89081244,0.8257039812181313,1.6336132913477888,2.2101993820356363e-07,8.032306427246084e-06,0.08945901442006317,0.0892901166567708,-0.022824158950301862,122361.64856642857,0.04045645356300174,0.040267239040943925,3660.5413208454847,-16539073217.39443,-1040303071.3935336,-206419680.6103257,-16538407619.797005,-1910868420.3198683,16571758306.54967,16649713324.945827,-0.9957568631332329,0.022731260281586233,-0.08917151635513967,0.022822177323867834,0.9997395401914431,0.0,-0.08914829075906108,0.0020350881584951784,0.9960162853442333,4700.446553951091,-545.2544002951413,-0.11548440786244712,6.841351433571426e-09,145.51456070803573,0.0,-48.943682124107156,-5.5,0.0,2.949433928589239e-17,2.281679114442262,1.5707963267948966,20.196987266633034,461.0,0.03637686443301318,10.249710386994874,0.0,0.07673239414220859,-1588.3929243686512,8.94450237334552,-142.20816807325323,0.09851271660697328,0.23942904921391464,-1.9083835350252296,0.09438184305102006,0.2410873133183445,-1.9083835350252296,-2.4859193653024246e-17,4.519904143887773e-19,-1.2265496014229617e-18,-2.4863290253705877e-17,2.4539218295882977e-20,-1.2265496014229617e-18,-1588.2985425256002,9.185589686663864,-144.11655160827846,-1062689.1362855602,290.8013602054422,134958.5422599475,0.06900903336154193,4705.313049356561
242.7357736454808,2001.0,12.0,14.0,14.0,25.0,30.0,1.0,3504447.935037362,-19787.02078704121,314592.75935609,-231.54102083162047,-295.54476399164275,4698.665753884537,3518595.665861387,4713.641672696172,3503588.794757938,-80077.54258140517,314592.75935609,3518595.665861387,-242.26763376192156,-539.8600362346218,4698.665753884537,4735.7789572381,20150699.650764477,0.825703408387122,1.633613281494913,2.205170480452295e-07,7.998148819910002e-06,0.08969757057665309,0.08952816447568954,-0.02285188351896644,122395.66586138634,0.04056430633017837,0.04037458611664632,3645.8739032894373,-16539070627.278978,-1040302744.873865,-206421548.51735082,-16538408329.030556,-1910847770.447902,16571755701.04531,16649711682.646797,-0.9957349827804738,0.02275838152088481,-0.08940861333070352,0.02284989466262186,0.999738907072195,0.0,-0.08938526937407802,0.002042977396537664,0.9959950300389458,4700.3999745363035,-545.2548725087789,-0.11548564125526858,6.807334138613653e-09,145.55708232673294,0.0,-49.0712469801988,-5.5,0.0,2.9495122192546e-17,2.2816919002782132,1.5707963267948966,20.193927204442605,461.0,0.036195410685684985,10.256176332061642,0.0,0.07635054520858467,-1588.328180454521,8.968112326360437,-142.58352651111596,0.09827701538686842,0.23828283341530151,-1.8988787085129715,0.09416285202652261,0.23993840407906009,-1.8988787085129715,-2.4735967136942997e-17,4.50128128248073e-19,-1.2237323040750014e-18,-2.4740050244532234e-17,2.4483255190552402e-20,-1.2237323040750014e-18,-1588.2340176024945,9.208050730439497,-144.48240521962893,-1062692.629592521,290.95489841040813,135008.43081653825,0.06910179589421656,4705.274502519222
243.00422253000184,2001.0,12.0,14.0,14.0,25.0,31.0,1.0,3504385.6539728213,-19866.358728572683,315854.0996276446,-232.46585069639184,-295.53939212289225,4698.581458644231,3518647.083216963,4713.602828787309,3503523.6320535713,-80222.46332419718,315854.0996276446,3518647.083216963,-243.2080532706207,-539.8296151498937,4698.581458644231,4735.740057697837,20150600.485875778,0.8257025508226861,1.6336132667367789,2.1900144899933185e-07,7.946818742847065e-06,0.09005694480042534,0.08988677302085939,-0.02289365104357049,122447.08321696287,0.04072678148150521,0.04053629944856872,3623.830630928278,-16539066749.661419,-1040302255.9213892,-206424381.69633216,-16538409438.176788,-1910816563.093689,16571751800.381401,16649709237.939472,-0.9957019130348347,0.022799235452409417,-0.08976577990278904,0.022891651262077362,0.9997379518166225,0.0,-0.08974225694323605,0.0020548869288030394,0.995962903304357,4700.329581750653,-545.2555877195101,-0.11548750558847955,6.756343863461211e-09,145.64270804240715,0.0,-49.26406206361073,-5.4786459787964255,0.0,2.94966843215308e-17,2.2817174117805648,1.5707963267948966,20.187824339132238,461.0,0.03592343065368577,10.265856156675712,0.0,0.07577885206177021,-1588.2303250736522,9.003676106749491,-143.14893075730825,0.09792232581189657,0.23656613320339587,-1.8846536179377698,0.09383321763804059,0.23821764111608143,-1.8846536179377698,-2.4551788970930217e-17,4.4734264527538485e-19,-1.219503752409145e-18,-2.4555851884445142e-17,2.439968369603952e-20,-1.219503752409145e-18,-1588.1364918560141,9.241893747865573,-145.03358437524602,-1062697.8593024928,291.10843661537405,135058.3859800136,0.06919456068188459,4705.235905694258
243.30422253000182,2001.0,12.0,14.0,14.0,25.0,31.0,1.0,3504315.7591962437,-19955.019643102474,317263.6598921596,-233.49930958293797,-295.5333655594498,4698.486876207019,3518704.786259892,4713.559252160112,3503450.512003194,-80384.40709899481,317263.6598921596,3518704.7862598915,-244.25893193137335,-539.795533540298,4698.486876207019,4735.696418664092,20150490.535912216,0.8257015999822441,1.6336132503629308,2.1747528790423948e-07,7.889682906593044e-06,0.09045854393999389,0.09028751667408863,-0.022940328493809413,122504.786259891,0.04090834641749825,0.04071701302940782,3599.2700683027506,-16539062450.209562,-1040301713.6076628,-206427575.24187353,-16538410734.793667,-1910781547.7807317,16571747475.365412,16649706546.960459,-0.9956648041869659,0.022844885258031883,-0.09016489849646811,0.022938316455620316,0.9997368822036036,0.0,-0.09014117450706341,0.00206823097490087,0.9959268502651797,4700.250600798693,-545.256392406762,-0.11548959790807481,6.7000833966062745e-09,145.7869656497275,0.0,-49.48044847459125,-5.4065171751362495,0.0,2.9499291315523e-17,2.2817599872234435,1.5707963267948966,20.177647908456624,461.0,0.03562335339977253,10.27658830852395,0.0,0.0751495866325423,-1588.1205148473243,9.04341339282196,-143.7806868767578,0.09753298227139197,0.23467586963526624,-1.8690076465343068,0.09347146417331045,0.236322939650635,-1.8690076465343068,-2.4349771836668874e-17,4.442903777351522e-19,-1.2148915700281527e-18,-2.435381266835722e-17,2.4309507277086043e-20,-1.2148915700281527e-18,-1588.027043383151,9.279736332472595,-145.6496945232921,-1062703.6578507107,291.26197482033996,135108.40775037365,0.06928732772754845,4705.197258882329
243.408857876558,2001.0,12.0,14.0,14.0,25.0,31.0,1.0,3504291.3080585906,-19985.94276868236,317755.2859594932,-233.85974722063287,-295.5312577916143,4698.453792987957,3518724.9724010173,4713.5440117330945,3503424.93471089,-80440.88816851671,317755.2859594932,3518724.972401018,-244.62544478411738,-539.7836252751606,4698.453792987957,4735.681156411814,20150452.400205713,0.825701270185029,1.6336132446810747,2.1696418193818725e-07,7.8698166099115e-06,0.0905986123170628,0.0904272867088606,-0.022956609098214613,122524.97240101779,0.04097167193068556,0.04078004160354728,3590.721587240696,-16539060958.935122,-1040301525.4626267,-206428695.92112684,-16538411201.101313,-1910769300.18469,16571745975.22134,16649705618.470898,-0.9956518233706434,0.02286080577466318,-0.09030409834579127,0.02295459277326805,0.9997365086214535,0.0,-0.09028030399442974,0.0020728938032847873,0.9959142381861772,4700.222975284491,-545.256674410619,-0.11549032987862566,6.6826893591631516e-09,145.83327200226177,0.0,-49.54990800339262,-5.4,0.0,2.950012928393497e-17,2.28177367228615,1.5707963267948966,20.17437913740578,461.0,0.03553054246982832,10.280310642434182,0.0,0.07495448997483889,-1588.0821021055688,9.057271560632485,-144.0010085124096,0.09742683240844179,0.2340908812430425,-1.864156157022409,0.09337366988131793,0.23573690022391805,-1.864156157022409,-2.428714564729683e-17,4.433658999010227e-19,-1.2136492674795072e-18,-2.429118003006358e-17,2.4285000403933694e-20,-1.2136492674795072e-18,-1587.9887284356873,9.293008460856402,-145.86516466943203,-1062705.669068817,291.41551302530587,135158.4961276183,0.06938009703421079,4705.158562084084
243.5402057861984,2001.0,12.0,14.0,14.0,25.0,31.0,1.0,3504260.5613557836,-20024.760007649184,318372.4153129076,-234.31218938200143,-295.52860765382565,4698.412194583131,3518750.3559813797,4713.52484985942,3503392.773455392,-80511.78663682324,318372.4153129076,3518750.3559813807,-245.08551272367973,-539.7686614280216,4698.412194583131,4735.661967097557,20150404.66201822,0.8257008573442056,1.6336132375667964,2.1645186910530892e-07,7.844877611916085e-06,0.0907744367012134,0.09060273661221226,-0.022977046181916493,122550.35598138021,0.04105116282004027,0.04085915974804205,3579.9992695897818,-16539059092.141546,-1040301289.9129295,-206430107.6930712,-16538411795.861273,-1910753900.2928064,16571744097.322927,16649704459.428991,-0.9956355009670173,0.022880789624636064,-0.09047883001183055,0.022975024467179375,0.9997360392877375,0.0,-0.09045494715541594,0.0020787533332835705,0.9958983790124825,4700.188239715653,-545.2570293590718,-0.11549125032700436,6.661818415309596e-09,145.8896799586227,0.0,-49.634519937934066,-5.4,0.0,2.950115054867634e-17,2.2817903508050845,1.5707963267948966,20.170396836223492,461.0,0.0354191623699179,10.284970200281432,0.0,0.07472012822914319,-1588.0338004538341,9.074666447126237,-144.27755807445266,0.09730606345503104,0.2333886432563577,-1.8583279485873692,0.09326284607341712,0.23503355149519406,-1.8583279485873692,-2.4211917794112767e-17,4.422654724894175e-19,-1.2122438735159465e-18,-2.4215944615224535e-17,2.4257151701600917e-20,-1.2122438735159465e-18,-1587.9405376077607,9.309699998621431,-146.13588602304003,-1062708.1867176387,291.5690512302718,135208.65111174757,0.06947286860487474,4705.11981530016
243.79266840046103,2001.0,12.0,14.0,14.0,25.0,31.0,1.0,3504201.296516233,-20099.369288322257,319558.5786259207,-235.18178570332967,-295.52350049491383,4698.33202208,3518799.283324534,4713.4879231174145,3503330.786904357,-80648.05440886554,319558.5786259207,3518799.283324534,-245.96976526154003,-539.7398511180969,4698.33202208,4735.624987476324,20150313.325829864,0.8257000674624957,1.6336132239496841,2.1542358837725204e-07,7.797067302296877e-06,0.09111237986545595,0.09093996005865033,-0.02301632865152412,122599.28332453407,0.04120394803119119,0.041011228510657374,3559.4177754819393,-16539055520.394531,-1040300839.146031,-206432836.896558,-16538412968.623394,-1910724220.3529515,16571740504.32342,16649702252.086163,-0.9956040412724074,0.0229191971224542,-0.09081466514452743,0.023014296550021723,0.9997351360006848,0.0,-0.09079061160912077,0.0020900356347270757,0.9958678108035661,4700.121295160229,-545.2577145826083,-0.11549302455068856,6.62166292480598e-09,145.9991041556676,0.0,-49.79820831133519,-5.400895844332405,0.0,2.950313091233867e-17,2.28182269259806,1.5707963267948966,20.16267926379196,461.0,0.035204874387713345,10.29388512873276,0.0,0.07426919723295862,-1587.940702595146,9.108097363341606,-144.80905374015805,0.09707009051863237,0.23203736674998,-1.8471141168705434,0.09304605210074798,0.23368006810600062,-1.8471141168705434,-2.406717280195941e-17,4.401428272789139e-19,-1.2094937932492954e-18,-2.407118498579612e-17,2.4202631327916405e-20,-1.2094937932492954e-18,-1587.847656543045,9.341777431447607,-146.6561678570286,-1062713.0037005544,291.7225894352377,135258.8727027615,0.06956564244254361,4705.081018531187
243.91831340071525,2001.0,12.0,14.0,14.0,25.0,31.0,1.0,3504171.7199142054,-20136.500178342372,320148.89803771087,-235.61454536933994,-295.52095224277605,4698.292015930934,3518823.700926301,4713.469498592776,3503299.8543884405,-80715.86912028526,320148.89803771087,3518823.700926301,-246.40981839935844,-539.7254891388279,4698.292015930934,4735.60653656848,20150268.084646422,0.8256996762114166,1.6336132172022737,2.1439037576225677e-07,7.773280396044414e-06,0.0912805630479044,0.0911077850875,-0.023035878923090804,122623.70092630154,0.041279984097576265,0.041086908017119714,3549.1908819377422,-16539053751.185532,-1040300615.826102,-206434202.85610226,-16538413567.11144,-1910709410.1616616,16571738724.584845,16649701163.894953,-0.9955883420548253,0.02293831006624102,-0.09098179540891302,0.023033841639025863,0.9997346858738814,0.0,-0.0909576566533714,0.002095660267483153,0.9958525558054118,4700.087890380033,-545.258057077645,-0.11549391001281639,6.599076643171075e-09,146.02962615787692,0.0,-49.85925231575385,-5.370373842123075,0.0,2.9503692078788077e-17,2.2818318571416625,1.5707963267948966,20.1604934792393,461.0,0.03508439093685915,10.29830089130153,0.0,0.07401647737704957,-1587.8942435490226,9.124733396112383,-145.07353888612818,0.09691405562174997,0.23126605923834243,-1.8408249108403238,0.09290129422436434,0.23290700690216737,-1.8408249108403238,-2.398561438055321e-17,4.389105358067195e-19,-1.2076314499730282e-18,-2.398961766403906e-17,2.416618025877709e-20,-1.2076314499730282e-18,-1587.801342254798,9.35764040301455,-146.9143637969685,-1062715.3896933254,291.8761276402036,135309.16090066003,0.06965841855022117,4705.042171777784
244.13365739656237,2001.0,12.0,14.0,14.0,25.0,32.0,1.0,3504120.901877508,-20200.138369973614,321160.6396178842,-236.35622633058887,-295.5165747191715,4698.223285416951,3518865.6548673143,4713.437848459766,3503246.7103086542,-80832.09311033046,321160.6396178842,3518865.6548673143,-247.1639987745327,-539.7008373902801,4698.223285416951,4735.574841115283,20150190.90511851,0.8256990087504555,1.6336132056886046,2.1387189767371642e-07,7.732697699067548e-06,0.09156880801536604,0.09139541629245133,-0.0230693867040369,122665.65486731473,0.04141030026852128,0.04121661307783963,3531.696040943265,-16539050732.943155,-1040300234.801178,-206436555.9213756,-16538414616.869392,-1910683966.5007892,16571735688.37638,16649699315.931896,-0.9955613694609068,0.022971065405274303,-0.09126822991200387,0.023067340516947202,0.9997339134997247,0.0,-0.09124394466812026,0.0021053153377592194,0.9958263454080383,4700.030502005085,-545.2586464065257,-0.11549543143409634,6.560269247733867e-09,146.08206858414343,0.0,-49.96413716828685,-5.317931415856577,0.0,2.9504656146265665e-17,2.2818476015583915,1.5707963267948966,20.15673950721391,461.0,0.03487738471717647,10.305833812414704,0.0,0.07358224857811718,-1587.814421797082,9.153243259659055,-145.52679818371112,0.09664243286768548,0.2299404986164458,-1.8300187193529545,0.092649094390784,0.23157836264023546,-1.8300187193529545,-2.3845473431259454e-17,4.367878684075494e-19,-1.2043862293423509e-18,-2.384946133282233e-17,2.4102636804881644e-20,-1.2043862293423509e-18,-1587.7217727026914,9.38482162229929,-147.35681690306407,-1062719.4601198789,292.0296658451695,135359.5157054432,0.06975119693091142,4705.003275040562
244.43365739656235,2001.0,12.0,14.0,14.0,25.0,32.0,1.0,3504049.8400298534,-20288.79242496029,322570.0921976303,-237.38941473100076,-295.5104551314486,4698.127191045661,3518924.3215635787,4713.393604035304,3503172.4035175275,-80993.99820069509,322570.0921976303,3518924.321563579,-248.2145984016459,-539.6664174195611,4698.127191045661,4735.530533339717,20150084.140348475,0.8256980854246745,1.6336131897540496,2.1230886651240339e-07,7.676253317059344e-06,0.091970356058746,0.09179610944621254,-0.023116067925849415,122724.32156357868,0.04159184069002093,0.04139730215113184,3507.3919279128313,-16539046557.619972,-1040299707.5898618,-206439859.23519623,-16538416129.777695,-1910648393.3457062,16571731488.192322,16649696777.424105,-0.9955236553541305,0.02301669226143138,-0.09166724337348106,0.023114009292366386,0.9997328355988075,0.0,-0.09164275314929622,0.0021187975151402525,0.9957896949116851,4699.950267532791,-545.2594722982641,-0.1154975589989472,6.506556573234456e-09,146.2108039089467,0.0,-50.16620586342004,-5.2445980455266525,0.0,2.9506985486862503e-17,2.2818856425772136,1.5707963267948966,20.147675264335643,461.0,0.034590890942640146,10.316253991254126,0.0,0.07298144923953263,-1587.7028096067409,9.192955068345425,-146.15814987178373,0.09626468281747019,0.22812900847145753,-1.8150773714005854,0.09229786094108727,0.22976256990601884,-1.8150773714005854,-2.3652355050818895e-17,4.338610519716139e-19,-1.19989935391682e-18,-2.3656321737459918e-17,2.401491614300146e-20,-1.19989935391682e-18,-1587.6105117457998,9.422717638251443,-147.9732272431843,-1062725.090915164,292.18320405013543,135409.93711711103,0.06984397758761879,4704.964328320121
244.6698133950694,2001.0,12.0,14.0,14.0,25.0,32.0,1.0,3503993.683066436,-20358.578421007183,323679.5741553009,-238.20267583886422,-295.5056205250385,4698.051264685963,3518970.683226868,4713.358650915085,3503113.6885038493,-81121.44045668679,323679.5741553009,3518970.683226868,-249.04156379070986,-539.6392593080109,4698.051264685963,4735.495530174134,20150000.712191053,0.8256973639136206,1.6336131772949412,2.1073424255447054e-07,7.631984332624563e-06,0.09228643966435739,0.09211152022474668,-0.02315281547326871,122770.68322686758,0.041734742264538854,0.04153953355699914,3488.3140212595463,-16539043294.860073,-1040299295.4865217,-206442480.2803855,-16538417361.928967,-1910620286.5242596,16571728205.997643,16649694808.443062,-0.9954938542686358,0.02305260479814486,-0.09198132161149163,0.023150747006534536,0.9997319855406445,0.0,-0.09195666928730911,0.00212943630595433,0.9957607325430158,4699.886874137745,-545.2601264211108,-0.11549924037486492,6.465453418505943e-09,146.32374050415018,0.0,-50.335610756225236,-5.18812974792492,0.0,2.950902399740802e-17,2.2819189339808563,1.5707963267948966,20.13974963870994,461.0,0.03437164480120759,10.324396189299229,0.0,0.0725217084558692,-1587.6146135294284,9.224210867752031,-146.6550651941329,0.09598022284537339,0.22674782038145477,-1.8036461116254192,0.09203355010230073,0.22837820141325949,-1.8036461116254192,-2.3504756618066145e-17,4.316313009390235e-19,-1.1965320178508034e-18,-2.3508707231423317e-17,2.394914820132941e-20,-1.1965320178508034e-18,-1587.522579979326,9.45258906916529,-148.45871130575833,-1062729.4909743685,292.33674225510134,135460.42513566345,0.06993676052334794,4704.925331617057
244.84212539208355,2001.0,12.0,14.0,14.0,25.0,32.0,1.0,3503952.5867647496,-20409.49728002882,324489.09996708995,-238.7960459948444,-295.50208325519014,4697.995707614701,3519004.6112319967,4713.333077722928,3503070.7236702936,-81214.42506531179,324489.09996708995,3519004.6112319967,-249.64493242639716,-539.6194081522787,4697.995707614701,4735.469920367666,20149940.15085394,0.8256968401584578,1.6336131682467563,2.0967792390987746e-07,7.599767514637387e-06,0.09251706572969626,0.09234165541759376,-0.023179628838837424,122804.61123199668,0.04183900828750667,0.041643310589951986,3474.4177274256945,-16539040926.34679,-1040298996.2676094,-206444404.27712393,-16538418282.70815,-1910599720.280017,16571725823.372215,16649693386.876728,-0.9954720469786129,0.023078806093658054,-0.09221047876191527,0.02317755317740817,0.99973136443182,0.0,-0.09218570774756091,0.002137213275018558,0.9957395380351723,4699.8404886102435,-545.260605882752,-0.1155004708564265,6.4383110144026606e-09,146.39913607110373,0.0,-50.448704106655576,-5.15043196444814,0.0,2.9510386960588366e-17,2.2819411928587843,1.5707963267948966,20.134454095727904,461.0,0.03422681720926137,10.330306515774657,0.0,0.07221805154981077,-1587.5500739911624,9.247014083300877,-147.0175985279864,0.09581207061904509,0.22583500928424025,-1.7960948245258075,0.09187847483775709,0.22746373371640896,-1.7960948245258075,-2.3407256373787525e-17,4.3018784342233787e-19,-1.1945617769020768e-18,-2.341119691092697e-17,2.391080610234051e-20,-1.1945617769020768e-18,-1587.4581955163246,9.474477817017286,-148.8136933525122,-1062732.685044352,292.49028046006725,135510.97976110052,0.07002954574110389,4704.886284931951
245.11877079010088,2001.0,12.0,14.0,14.0,25.0,33.0,1.0,3503886.393170694,-20491.245783774993,325788.76648677065,-239.74864613691378,-295.4963870942564,4697.90623377402,3519059.2589170015,4713.29189733068,3503001.52656149,-81363.70387572146,325788.76648677065,3519059.2589170015,-250.6135834595702,-539.5874752569905,4697.90623377402,4735.428681017322,20149843.456109144,0.8256960039039208,1.6336131537932668,2.0861625671386756e-07,7.548140511277217e-06,0.09288732435362827,0.09271112603977635,-0.02322267816527029,122859.25891700154,0.04200640190977634,0.041809919144303494,3452.1473429501057,-16539037144.604387,-1040298518.4049841,-206447513.6650094,-16538419798.773254,-1910566598.9305356,16571722019.090569,16649691130.627697,-0.9954369247079818,0.023120867791456667,-0.0925783689664359,0.023220590917770643,0.9997303657273943,0.0,-0.0925534066652606,0.002149724433604041,0.9957054010095127,4699.765786931195,-545.2613794805437,-0.11550245284253803,6.39366697469861e-09,146.52314729250386,0.0,-50.62314729250386,-5.1,0.0,2.951262713973021e-17,2.281977777760544,1.5707963267948966,20.125756532510746,461.0,0.033988632453196194,10.339742924558918,0.0,0.07171821509251175,-1587.4461264508795,9.283619699830227,-147.5995672715408,0.0955214291454123,0.22432820705079176,-1.7836658181920997,0.09160959557886453,0.22595391101390966,-1.7836658181920997,-2.3246752211175674e-17,4.2779106996909036e-19,-1.1911409462540086e-18,-2.325067579742766e-17,2.3843872545503138e-20,-1.1911409462540086e-18,-1587.3545168553007,9.509573610844138,-149.3832330897329,-1062737.7848688737,292.64381866503317,135561.60099342224,0.07012233324389203,4704.84718826538
245.34870698415293,2001.0,12.0,14.0,14.0,25.0,33.0,1.0,3503831.175256725,-20559.190552522923,326868.9765911546,-240.54036051173424,-295.4916367058038,4697.831607121907,3519104.845393903,4713.25755515989,3502943.808871559,-81487.77150907544,326868.9765911546,3519104.845393903,-251.4186371869533,-539.5608758459089,4697.831607121907,4735.394289680865,20149763.632171877,0.8256953135499221,1.633613141856236,2.0754915888881898e-07,7.505394054472122e-06,0.09319505901711606,0.09301820586534802,-0.02325845964413779,122904.84539390355,0.042145528260106285,0.04194839297990835,3433.6867870390415,-16539034022.609478,-1040298123.824763,-206450117.29288337,-16538421095.92205,-1910538974.013956,16571718878.483274,16649689281.430933,-0.9954076285781888,0.023155823736179217,-0.09288412563751484,0.023256362733852655,0.9997295342203267,0.0,-0.09285900366005502,0.002160146918042788,0.9956769251140424,4699.703482670395,-545.2620261174127,-0.11550410624675136,6.3526391454868015e-09,146.63711348475888,0.0,-50.737113484758886,-5.1,0.0,2.951468128938026e-17,2.282011324570146,1.5707963267948966,20.117788047457854,461.0,0.03376982637527304,10.347532752513144,0.0,0.07125740213546443,-1587.3594202609208,9.314040307348838,-148.0832047066306,0.09521459157148061,0.2229240278910442,-1.7722105800268888,0.09132354040224155,0.2245461013415532,-1.7722105800268888,-2.3098776422885684e-17,4.255236737034335e-19,-1.187489305909184e-18,-2.3102683341177975e-17,2.3771171600517645e-20,-1.187489305909184e-18,-1587.2680967205185,9.538586408690392,-149.8554152866575,-1062741.9949388206,292.79735686999913,135612.28883262863,0.0702151230347181,4704.808041617909
245.6487069841529,2001.0,12.0,14.0,14.0,25.0,33.0,1.0,3503758.858212821,-20647.837111213186,328278.31142542313,-241.573253058403,-295.4854170568506,4697.733886839004,3519164.5485021737,4713.212592260397,3502868.2257343014,-81649.63455651463,328278.31142542313,3519164.548502174,-252.46893168977684,-539.5260920632004,4697.733886839004,4735.349262413604,20149660.250176266,0.8256944194484646,1.6336131263888936,2.0593814493842838e-07,7.449775890780108e-06,0.09359655114690642,0.0934188437908331,-0.023305144996719145,122964.5485021742,0.042327041889425675,0.04212905526854831,3409.6749816834927,-16539029979.138268,-1040297612.665226,-206453540.63169497,-16538422839.746147,-1910502800.852128,16571714810.89881,16649686905.246603,-0.995369263771764,0.023201425631338077,-0.09328302411012433,0.02330303543428289,0.9997284473993668,0.0,-0.0932576928623323,0.0021737776162552925,0.9956396323032094,4699.621900097207,-545.2628748110136,-0.1155062717302692,6.299770060597571e-09,146.7863712554355,0.0,-50.92955688315327,-5.056814372282244,0.0,2.95173704654792e-17,2.282055242148681,1.5707963267948966,20.10736599734392,461.0,0.033487868559130746,10.357621354598,0.0,0.07066503039037009,-1587.2458718113319,9.353724255248185,-148.71411409887278,0.09482110079723821,0.22113305173223077,-1.7574831686599253,0.09095651753630742,0.22275048741243386,-1.7574831686599253,-2.290855819072972e-17,4.2261025513818525e-19,-1.1828059847057224e-18,-2.291244371770746e-17,2.3678865802044792e-20,-1.1828059847057224e-18,-1587.1549152937955,9.576474742660618,-150.4715972675327,-1062747.4475562293,292.95089507496505,135663.0432787196,0.07030791511658799,4704.768844990097
245.9229996779269,2001.0,12.0,14.0,14.0,25.0,33.0,1.0,3503692.46692329,-20728.885819826464,329566.8532137643,-242.51757140235117,-295.4797087928524,4697.644189386849,3519219.3594914717,4713.171327336534,3502798.8436578563,-81797.61825092249,329566.8532137643,3519219.3594914717,-253.42915878561774,-539.4942103909153,4697.644189386849,4735.307938418379,20149566.479647156,0.8256936084655893,1.6336131123505508,2.048570973406366e-07,7.399128039570647e-06,0.09396362678082686,0.09378513858535048,-0.02334783073642511,123019.3594914712,0.04249299558411116,0.04229423057643387,3387.791408583522,-16539026311.496784,-1040297148.8731054,-206456696.8365512,-16538424484.873888,-1910469597.9014049,16571711121.37633,16649684768.608995,-0.9953340459470569,0.023243114422609415,-0.09364771545851772,0.02334570956132236,0.9997274517812734,0.0,-0.09362219194048169,0.002186272366175913,0.9956053964244069,4699.547017498558,-545.2636557402393,-0.11550825984471795,6.2527203955223986e-09,146.92079886993602,0.0,-51.12079886993601,-4.9896005650319974,0.0,2.951979226370169e-17,2.282094793115117,1.5707963267948966,20.097989717968044,461.0,0.033236933456488676,10.366771645029454,0.0,0.07013873555368814,-1587.1416353904012,9.390001562777165,-149.29086365832984,0.09447661046732551,0.21954679093517862,-1.744397499837457,0.09063539836457818,0.2211602312772891,-1.744397499837457,-2.27395485943771e-17,4.2002927149719114e-19,-1.17871035488719e-18,-2.2743415266041004e-17,2.359875770059308e-20,-1.17871035488719e-18,-1587.0509999920366,9.611161794054453,-151.0352611581673,-1062752.3932899535,293.10443327993096,135713.86433169522,0.07040070949250815,4704.729598382494
246.1458777592489,2001.0,12.0,14.0,14.0,25.0,34.0,1.0,3503638.329568185,-20794.74125206273,330613.84699185455,-243.28483699605601,-295.4750552782735,4697.571057933666,3519264.0539615434,4713.137687840227,3502742.2729086815,-81917.85679327887,330613.84699185455,3519264.053961543,-254.2093497063522,-539.4682494612421,4697.571057933666,4735.274250768473,20149490.773012254,0.8256929537055033,1.633613101011646,2.037703146215881e-07,7.3581113169705065e-06,0.09426188755520362,0.09408276498134051,-0.023382515913379625,123064.0539615429,0.04262783807129099,0.04242844058214662,3370.052771702409,-16539023350.320614,-1040296774.3401204,-206459279.9157189,-16538425855.664326,-1910442527.3846962,16571708142.529072,16649683056.08277,-0.9953053306601807,0.023276985056312014,-0.09394402975238282,0.023380385270843566,0.9997266414298395,0.0,-0.0939183493467346,0.002196447609506301,0.9955774802966786,4699.485966138196,-545.2642937275075,-0.11550988106238896,6.21795802991108e-09,147.02011991453978,0.0,-51.22011991453977,-4.939940042730114,0.0,2.9521584432702e-17,2.2821240614560225,1.5707963267948966,20.091056931382663,461.0,0.03305147357350834,10.374158955901855,0.0,0.06974962329449164,-1587.0566435024837,9.419474600298937,-149.75943660457807,0.09424422808254598,0.21835737588202794,-1.734723259867297,0.0904203085689164,0.21996837483434323,-1.734723259867297,-2.2614561750550968e-17,4.181541754767561e-19,-1.1759713576968948e-18,-2.2618415101552933e-17,2.3545228679474155e-20,-1.1759713576968948e-18,-1586.9662231939149,9.63944297513328,-151.49415986444538,-1062756.3863143083,293.25797148489687,135764.75199155547,0.07049350616548523,4704.690301795639
246.38255941727073,2001.0,12.0,14.0,14.0,25.0,34.0,1.0,3503580.6520916778,-20864.674191775743,331725.66668428155,-244.09957694174224,-295.4700985903187,4697.493154344505,3519311.6710910113,4713.101857348045,3502682.0081762034,-82045.53576517837,331725.66668428155,3519311.6710910117,-255.03781409145884,-539.4406263987281,4697.493154344505,4735.238368988354,20149410.84062529,0.8256922623940899,1.6336130890361187,2.0267770452403228e-07,7.314618647500988e-06,0.09457861213233018,0.09439881597970107,-0.02341934988607733,123111.67109101126,0.04277102773556377,0.042570958594409694,3351.256648853421,-16539020223.792862,-1040296378.8359008,-206462041.17274806,-16538427344.162569,-1910413690.6636398,16571704997.339882,16649681260.074154,-0.995274739929569,0.023312949642719103,-0.09425867831178596,0.023417209158790264,0.9997257795591816,0.0,-0.09423283065546834,0.0022072751850582195,0.9955477394695421,4699.42093221888,-545.264974588342,-0.11551160834617069,6.179933684002785e-09,147.11458886376408,0.0,-51.34376659129224,-4.88541113623592,0.0,2.9523292774519684e-17,2.2821519607951446,1.5707963267948966,20.084453013971068,461.0,0.0328486356482774,10.381958373938033,0.0,0.06932407714595408,-1586.9660992752943,9.450768771372307,-150.2569626799262,0.09397717906683282,0.2170614966912728,-1.7241397647222778,0.09017224026616472,0.2186695466145116,-1.7241397647222778,-2.2477670310465824e-17,4.160807282156564e-19,-1.1728010591338028e-18,-2.2481508719324833e-17,2.3483213384506932e-20,-1.1728010591338028e-18,-1586.875927035028,9.669438317986819,-151.98110244464849,-1062760.6022517085,293.4115096898628,135815.70625830034,0.07058630513852623,4704.650955230068
246.59000790900038,2001.0,12.0,14.0,14.0,25.0,34.0,1.0,3503529.9399355026,-20925.968566345768,332700.1474536338,-244.81364807466312,-295.4657414812233,4697.424667530113,3519353.537839098,4713.070361642511,3502629.025651603,-82157.43939418421,332700.1474536338,3519353.537839098,-255.76391333919668,-539.4163691949358,4697.424667530113,4735.2068282011105,20149341.208344173,0.8256916601616481,1.63361307859869,2.015791722903953e-07,7.276620134366397e-06,0.09485621001472834,0.09467582357445546,-0.023451634932865232,123153.5378390979,0.04289652821996381,0.04269587038523722,3334.8227878659964,-16539017500.096428,-1040296034.2089318,-206464476.8612923,-16538428677.984074,-1910388339.8631678,16571702257.381342,16649679706.410475,-0.995247845376238,0.023344468951712456,-0.09453444897664741,0.023449485340148634,0.9997250230124692,0.0,-0.09450845417864993,0.0022167841754169226,0.9955215909043267,4699.363760585983,-545.2655742430964,-0.11551312708098176,6.143823613778057e-09,147.16692229887238,0.0,-51.500766896617144,-4.8330777011276185,0.0,2.952425175309149e-17,2.282167622103735,1.5707963267948966,20.080747864756827,461.0,0.03265605961410013,10.388752555630939,0.0,0.06892017778731901,-1586.8864940717128,9.478194124955763,-150.69298097094557,0.09369798265634448,0.21584492474321307,-1.7140857797001412,0.08991113431517828,0.2174496066159466,-1.7140857797001412,-2.234724127628941e-17,4.140654971713026e-19,-1.1694382586838073e-18,-2.2351064729098923e-17,2.341734978183212e-20,-1.1694382586838073e-18,-1586.7965829373977,9.69564373157171,-152.4070667506457,-1062764.2749496978,293.5650478948287,135866.72713192986,0.0706791064146385,4704.611558686302
246.89000790900036,2001.0,12.0,14.0,14.0,25.0,34.0,1.0,3503456.3409510334,-21014.60734126398,334109.3599590213,-245.84623314605653,-295.45941962111164,4697.325286804182,3519414.299437328,4713.024664591194,3502552.1389786336,-82319.25903402794,334109.3599590213,3519414.2994373282,-256.8138908154789,-539.3812139509689,4697.325286804182,4735.161065743065,20149241.226301745,0.8256907954357879,1.6336130636031712,2.0047462056687076e-07,7.221945813994809e-06,0.0952576440245149,0.09507640411241847,-0.02349832458377243,123214.29943732824,0.04307801403186849,0.042876504864169836,3311.1270934194326,-16539013589.168507,-1040295539.2211889,-206468024.88444486,-16538430655.463356,-1910351553.850434,16571698323.093954,16649677493.878628,-0.9952088162904291,0.023390045055846045,-0.09493322795569638,0.02349616212690028,0.9997239270745231,0.0,-0.09490701946172968,0.002230566515277024,0.9954836423718432,4699.280801172048,-545.2664462163267,-0.11551533130569407,6.091845478270992e-09,147.28574859332062,0.0,-51.72862288998092,-4.8,0.0,2.952640025828609e-17,2.28220270985632,1.5707963267948966,20.072451930845197,461.0,0.03237887635153428,10.39850772124799,0.0,0.06833755463112821,-1586.7709700307623,9.517849126860028,-151.32343080793743,0.09329055575570668,0.21409258261811645,-1.699592040006276,0.08952981045702944,0.21569231503424505,-1.699592040006276,-2.2159659673369445e-17,4.11161237340106e-19,-1.1645502853167307e-18,-2.216346151989107e-17,2.3320783753290127e-20,-1.1645502853167307e-18,-1586.6814402203054,9.733541441894273,-153.0230228479437,-1062769.5484655444,293.7185860997946,135917.81461244402,0.07077190999682967,4704.572112164861
247.16609203082956,2001.0,12.0,14.0,14.0,25.0,35.0,1.0,3503388.335541288,-21096.178189739832,335406.2042149778,-246.7964346010075,-295.4535799451152,4697.233474507737,3519470.4431443755,4712.982454038014,3502481.1033635084,-82468.16914731715,335406.2042149778,3519470.4431443755,-257.78009611009367,-539.3487820051806,4697.233474507737,4735.118794775589,20149149.964334525,0.8256900061222506,1.6336130499056079,1.9936394930272808e-07,7.171747917756511e-06,0.09562706332119433,0.09544503814739999,-0.023541293082835583,123270.44314437592,0.043245025870671736,0.04304273323956947,3289.39409160614,-16539010019.247795,-1040295087.2345674,-206471316.97981513,-16538432526.108322,-1910317569.6640882,16571694731.84062,16649675493.604685,-0.995172756795284,0.023431982305166965,-0.09530019064894268,0.023539118741820585,0.999722916556812,0.0,-0.09527378454398121,0.002243282503803602,0.9954485791151019,4699.20416162102,-545.2672536791968,-0.115517368082795,6.045109624249298e-09,147.42320698750206,0.0,-51.92320698750206,-4.788396506248969,0.0,2.9528872997130345e-17,2.2822430927462434,1.5707963267948966,20.06291279959988,461.0,0.03212964717735945,10.407411952973012,0.0,0.06781310184241972,-1586.66423396793,9.554336602511652,-151.9035222787043,0.09292584066873928,0.21251183027957624,-1.6865518578720013,0.08918862325007686,0.21410716792186849,-1.6865518578720013,-2.1991182653722968e-17,4.085566099943777e-19,-1.160193215110011e-18,-2.1994965177924222e-17,2.3234346922841285e-20,-1.160193215110011e-18,-1586.57504534468,9.768443770433521,-153.59007413657628,-1062774.362089932,293.8721243047605,135968.9686998428,0.07086471588810776,4704.532615666252
247.3943443963172,2001.0,12.0,14.0,14.0,25.0,35.0,1.0,3503331.914020916,-21163.61561572065,336478.35017897864,-247.58196482296302,-295.4487361788538,4697.157311989874,3519517.0234795786,4712.947442800017,3502422.173286537,-82591.27371698877,336478.35017897864,3519517.0234795786,-258.5788560088636,-539.3219115071946,4697.157311989874,4735.08373342928,20149075.014044825,0.8256893578821634,1.6336130386514527,1.9824705564454337e-07,7.130388584664901e-06,0.09593247137609914,0.09574979709823574,-0.02357681793566138,123317.02347957855,0.043383098439804174,0.04318015808205468,3271.474399715662,-16539007087.328527,-1040294715.9494225,-206474058.24699694,-16538434107.789354,-1910289378.476132,16571691782.396458,16649673864.191393,-0.9951428420209372,0.02346664987440087,-0.09560355808318226,0.023574633736437013,0.9997220797022505,0.0,-0.09557698791385387,0.002253818865711204,0.9954194893017896,4699.140586967818,-545.2679248233616,-0.11551905797560852,6.009915593207315e-09,147.5267188435079,0.0,-52.0267188435079,-4.7366405782460514,0.0,2.953073795444948e-17,2.2822735498106055,1.5707963267948966,20.05572450685635,461.0,0.0319419104026153,10.41472445587401,0.0,0.06741913666511863,-1586.5756849730642,9.58449806244027,-152.3830404927577,0.09267484301110024,0.21130607374870064,-1.676756935823453,0.08895534305380469,0.21289863849354065,-1.676756935823453,-2.186459615053653e-17,4.0663424304801705e-19,-1.1572182520592427e-18,-2.1868364801729842e-17,2.317611139606715e-20,-1.1572182520592427e-18,-1586.4867296300104,9.79739670093381,-154.05979742858113,-1062778.3153853714,294.02566250972643,136020.1893941262,0.07095752409148104,4704.4930691909785
247.62093334000554,2001.0,12.0,14.0,14.0,25.0,35.0,1.0,3503275.72634147,-21230.56048665187,337542.66550497216,-248.36172706756523,-295.4439135410892,4697.081474561116,3519563.4107809644,4712.912584823283,3502363.4923453336,-82713.47507227359,337542.66550497216,3519563.4107809644,-259.3717501833745,-539.2951854312597,4697.081474561116,4735.0488255653445,20149001.047773175,0.8256887181490398,1.633613027541305,1.971238338250365e-07,7.089477026086695e-06,0.09623564555411192,0.09605232699465495,-0.0236120845020743,123363.41078096442,0.043520160871924944,0.043316577508977064,3253.7274780720472,-16539004193.84196,-1040294349.4729031,-206476797.07408333,-16538435708.988026,-1910261307.8452957,16571688871.61106,16649672268.015099,-0.9951130534023213,0.023501061188131885,-0.09590469785855456,0.023609890486887736,0.9997212476841718,0.0,-0.09587796420192768,0.00226429941361853,0.9953905208151519,4699.077284881524,-545.2685942666276,-0.11552074091507929,5.9737684709423e-09,147.63352695241105,0.0,-52.15029042861657,-4.683236523794477,0.0,2.953266030563839e-17,2.282304944187992,1.5707963267948966,20.048320557565052,461.0,0.031749120134566676,10.421940737856401,0.0,0.06701459199164699,-1586.4875082761741,9.614435641624368,-152.85899945224145,0.09240399281313627,0.21007388482396452,-1.6666987184745752,0.08870274138048546,0.2116633143566196,-1.6666987184745752,-2.1734606743756392e-17,4.0464055133684024e-19,-1.1539938271087765e-18,-2.1738360795451468e-17,2.311294670840153e-20,-1.1539938271087765e-18,-1586.3988055347936,9.826098955980989,-154.52569817071603,-1062782.2168070544,294.17920071469234,136071.4766952943,0.07105033460995815,4704.453472739531
247.81274173002055,2001.0,12.0,14.0,14.0,25.0,35.0,1.0,3503228.0251774755,-21287.22871566515,338443.59896959213,-249.0217649200861,-295.4398201551907,4697.0170991259065,3519602.791818809,4712.882998358689,3502313.678300522,-82816.91424060201,338443.59896959213,3519602.791818809,-260.04290322422094,-539.2725217166816,4697.0170991259065,4735.01919675909,20148938.800281387,0.8256881797685859,1.6336130181871757,1.9542689693874154e-07,7.054893354173196e-06,0.09649227723561601,0.096308413375979,-0.023641938256108698,123402.7918188097,0.04363618167853287,0.04343205401012491,3238.741768568754,-16539001758.737,-1040294040.9860898,-206479129.2097502,-16538437089.533808,-1910237479.9551466,16571686421.94352,16649670934.438677,-0.9950877657108139,0.023530187677173957,-0.09615960066752197,0.023639735908593508,0.9997205423948095,0.0,-0.09613272813580334,0.002273187564856031,0.9953659282894219,4699.02355119161,-545.2691634663421,-0.11552216970431543,5.9407868517468755e-09,147.73197954702425,0.0,-52.297969320536374,-4.634010226487874,0.0,2.953442893139706e-17,2.2823338280385834,1.5707963267948966,20.041513664808402,461.0,0.03157326483570299,10.428013505724076,0.0,0.0666456647044591,-1586.4126538292237,9.639774732556036,-153.2618499721165,0.09213582934741613,0.20896247234551532,-1.6575255834215947,0.08845126310723524,0.21054856910703784,-1.6575255834215947,-2.1616071385601836e-17,4.0279076839493994e-19,-1.1507795286068032e-18,-2.161981154523016e-17,2.304992996608011e-20,-1.1507795286068032e-18,-1586.3242025661164,9.850323301663074,-154.9193755555381,-1062785.5001326893,294.33273891965825,136122.83060334696,0.07114314744654808,4704.413826312398
248.088093765288,2001.0,12.0,14.0,14.0,25.0,36.0,1.0,3503159.326082535,-21368.57786048007,339736.91943272384,-249.96923306778527,-295.43392624253505,4696.924398119365,3519659.5083139017,4712.840398730317,3502241.9423160763,-82965.39954064217,339736.91943272384,3519659.5083139017,-261.0063261989402,-539.2399225688523,4696.924398119365,4734.976536167512,20148850.03959947,0.8256874120702087,1.633613004841402,1.9428737179048833e-07,7.005463626722792e-06,0.09686067656143311,0.09667603003918891,-0.023684795807651114,123459.50831390172,0.043802731343119274,0.0435978222940784,3217.2915512770414,-16538998286.37186,-1040293600.97725,-206482499.17348096,-16538439112.196613,-1910203167.927638,16571682928.805267,16649669048.754705,-0.9950513491555979,0.02357199591172581,-0.09652550726291002,0.023682581461543714,0.9997195283354814,0.0,-0.0964984345932195,0.002285973188870696,0.9953305111608093,4698.946175955588,-545.2699846323792,-0.11552422750511569,5.893655641031084e-09,147.8737707847543,0.0,-52.51065617713144,-4.563114607622855,0.0,2.953697518159175e-17,2.282375411459966,1.5707963267948966,20.03172231084874,461.0,0.03132196992441982,10.436672522442109,0.0,0.0661184540748944,-1586.3048553480903,9.676145346740253,-153.8400839563857,0.09174956760444186,0.2073738683628778,-1.6444168033959388,0.08808888593724484,0.2089551449706881,-1.6444168033959388,-2.1446670183598064e-17,4.0014271369164374e-19,-1.1461471140239488e-18,-2.145039041684921e-17,2.29590961980414e-20,-1.1461471140239488e-18,-1586.2167664621531,9.88510049171094,-155.48450075978164,-1062790.1819664165,294.48627712462417,136174.25111828427,0.07123596260426004,4704.374129910058
248.35167823081449,2001.0,12.0,14.0,14.0,25.0,36.0,1.0,3503093.318550752,-21446.44890806023,340974.9440058149,-250.87614955017244,-295.42826475272267,4696.835342602159,3519714.002740202,4712.79947987867,3502173.023565348,-83107.53068668161,340974.9440058149,3519714.0027402025,-261.9285138098371,-539.2086458372473,4696.835342602159,4734.935558759908,20148765.72975801,0.8256866828625937,1.6336129921565534,1.9314112360500902e-07,6.958331726522738e-06,0.09721332040492,0.09702792482801274,-0.023725822623048166,123514.002740202,0.04396215782478363,0.043756500790042216,3196.827105909586,-16538994988.047918,-1040293182.8898841,-206485749.54379293,-16538441093.319424,-1910170205.5235772,16571679610.741077,16649667275.234999,-0.9950163623631925,0.02361201240270656,-0.09687575289934232,0.0237235967501388,0.9997185558732201,0.0,-0.09684848778766142,0.002298241296650087,0.9952964827126566,4698.871845266002,-545.2707751697552,-0.11552620475214125,5.8486977393333525e-09,148.010006850505,0.0,-52.71501027575749,-4.494996574747503,0.0,2.953942065058731e-17,2.282415348999464,1.5707963267948966,20.022327793163786,461.0,0.03108226942911963,10.444896983510004,0.0,0.06561554246044275,-1586.2012877575792,9.7109559416093,-154.39351627059895,0.09137717850803312,0.20585798056995644,-1.6319121614611394,0.08773933444918533,0.20743458271668086,-1.6319121614611394,-2.1285063069070327e-17,3.976106838348129e-19,-1.14167767064237e-18,-2.128876419634656e-17,2.2871435326984412e-20,-1.14167767064237e-18,-1586.11354842313,9.91839052432598,-156.0254284320601,-1062794.6290711649,294.6398153295901,136225.73824010624,0.07132878008610374,4704.334383532981
248.47441368897154,2001.0,12.0,14.0,14.0,25.0,36.0,1.0,3503062.5012376118,-21482.70826925846,341551.4096913812,-251.29842593225376,-295.42562202987125,4696.793769149942,3519739.444872854,4712.780379664799,3502140.8492988753,-83173.70981174544,341551.4096913812,3519739.444872854,-262.35790042229524,-539.1940585159518,4696.793769149942,4734.91643121382,20148726.681225836,0.825686345124755,1.6336129862791828,1.92565440883042e-07,6.936454523183159e-06,0.0973775216549553,0.09719177733823087,-0.023744926629966783,123539.44487285381,0.044036391342662705,0.04383038601638488,3187.3197366297245,-16538993460.386011,-1040292989.2104645,-206487271.21755093,-16538442030.40535,-1910154817.904506,16571678073.933907,16649666459.56059,-0.9950000288800882,0.023630644004885987,-0.09703883342527342,0.023742695376016594,0.9997181024750336,0.0,-0.09701147841830521,0.002303963461660284,0.9952805960167525,4698.837146312448,-545.2711447545975,-0.11552712790398666,5.830734258494464e-09,148.03271652539314,0.0,-52.765433050786264,-4.5,0.0,2.953984174189158e-17,2.2824222259423426,1.5707963267948966,20.020711045975993,461.0,0.030986435166556796,10.448706104198683,0.0,0.06541352504587102,-1586.1529370667258,9.727163247984725,-154.6511863404854,0.0912456758515053,0.20523799256692588,-1.6268826800884835,0.08761696649469979,0.206813138211203,-1.6268826800884835,-2.1219723232115213e-17,3.966134742169158e-19,-1.140099318238539e-18,-2.1223417129060464e-17,2.283990813067856e-20,-1.140099318238539e-18,-1586.065320100231,9.933976386195928,-156.27806902057387,-1062796.688782975,294.793353534556,136277.29196881285,0.07142159989508902,4704.294587181631
248.77441368897152,2001.0,12.0,14.0,14.0,25.0,36.0,1.0,3502986.9568913463,-21571.334985042828,342960.4325488834,-252.3305341316313,-295.4191450193988,4696.691868940901,3519801.812735775,4712.7335678430545,3502061.9845035393,-83335.46267383306,342960.4325488834,3519801.812735775,-263.4073863715216,-539.1583397655643,4696.691868940901,4734.869552406846,20148631.754260246,0.8256855240799426,1.6336129719868544,1.9140888122715278e-07,6.8831107258151185e-06,0.09777886550998802,0.09759226889121721,-0.02379162295735674,123601.81273577455,0.04421783406364662,0.04401097741617131,3164.132623270154,-16538989746.568693,-1040292518.2976552,-206491012.5162839,-16538444358.311357,-1910117101.7360015,16571674337.879696,16649664491.320993,-0.9949599923018259,0.023676180395242295,-0.09743742710397564,0.023789378513924438,0.9997169926883914,0.0,-0.0974098515996809,0.0023179758347993966,0.9952416529664327,4698.75209753275,-545.2720520310515,-0.11552939094509519,5.7855271521831665e-09,148.1045318394364,0.0,-52.906797759154614,-4.497734080281795,0.0,2.954115821073128e-17,2.282443725510065,1.5707963267948966,20.015658304551216,461.0,0.030745295896846495,10.45796602114641,0.0,0.06490562702907487,-1586.0344188267736,9.766773375794003,-155.28092368375863,0.09090108217061049,0.20368383467288387,-1.6142409569391236,0.08729543270803825,0.20525500889175674,-1.6142409569391236,-2.1055634751660924e-17,3.9408862639480984e-19,-1.1359583550445004e-18,-2.1059310120176557e-17,2.2757483039147985e-20,-1.1359583550445004e-18,-1585.9471233940656,9.972028384685759,-156.89516464069774,-1062801.695974823,294.9468917395219,136328.91230440405,0.07151442203422614,4704.254740856463
248.99622254937827,2001.0,12.0,14.0,14.0,25.0,36.0,1.0,3502930.903117264,-21636.861036042712,344002.19203523983,-253.09358707081807,-295.41434026931205,4696.616269808766,3519848.089604788,4712.698842710569,3502003.472360682,-83455.04983611262,344002.19203523983,3519848.089604788,-264.1832862624702,-539.1318729840343,4696.616269808766,4734.8347775862385,20148562.07213771,0.8256849213796508,1.6336129614900412,1.902452906191904e-07,6.843803392402434e-06,0.09807559489759456,0.09788836823341998,-0.023826149181821996,123648.08960478753,0.04435198160432026,0.044144495522764955,3147.041818007827,-16538987020.338882,-1040292172.525937,-206493798.7554157,-16538446114.789337,-1910089120.5713089,16571671595.320934,16649663060.531881,-0.994930287674401,0.02370984420679446,-0.09773211322704121,0.023823894953029685,0.9997161707351077,0.0,-0.09770437399318761,0.002328359599058633,0.9952127581799667,4698.689001721406,-545.2727264411085,-0.11553107017503182,5.747927196110134e-09,148.2202240119688,0.0,-53.08033601795323,-4.439887994015591,0.0,2.9543233546492146e-17,2.2824776183151143,1.5707963267948966,20.00769829864178,461.0,0.030544840491799927,10.464763225540311,0.0,0.06448502041938842,-1585.94648467932,9.79605497472702,-155.74645411782635,0.09058122657226889,0.2024152150803658,-1.603782836999914,0.08699478909025553,0.20398231436697992,-1.603782836999914,-2.0920456687159317e-17,3.91958226649993e-19,-1.132112326268233e-18,-2.0924115866084146e-17,2.2682006817007962e-20,-1.132112326268233e-18,-1585.8594898902297,10.000037289094001,-157.35023695482627,-1062805.3715859074,295.1004299444878,136380.5992468799,0.07160724650652574,4704.21484455793
249.2701588361805,2001.0,12.0,14.0,14.0,25.0,37.0,1.0,3502861.442529975,-21717.78492881289,345288.75283750665,-254.03590724333637,-295.4083877513296,4696.52260188278,3519905.434891891,4712.655823176416,3501930.9717294173,-83602.73313505131,345288.75283750665,3519905.4348918907,-265.1414707806838,-539.0991186198091,4696.52260188278,4734.791696497344,20148476.636374705,0.8256841824172693,1.633612948612515,1.8907453925087362e-07,6.795419656505164e-06,0.09844204778281677,0.09825404317407105,-0.023868790251479397,123705.4348918912,0.04451764996877413,0.0443093865309006,3126.003396242857,-16538983677.69374,-1040291748.4517832,-206497263.4239099,-16538448326.7319,-1910054451.951453,16571668232.647146,16649661323.438452,-0.9948934812326782,0.023751414542652068,-0.0980960310509341,0.023866523898231684,0.9997151539498714,0.0,-0.09806808878395595,0.002341211269398796,0.9951769534570494,4698.610827148873,-545.273563614042,-0.11553315110640859,5.701652086487044e-09,148.36358722972798,0.0,-53.29538084459198,-4.3682063851360065,0.0,2.954580425851177e-17,2.282519601228415,1.5707963267948966,19.99784732057573,461.0,0.030298141904570704,10.473096750300988,0.0,0.06396735933568623,-1585.837525954808,9.832212574143952,-156.32130203367782,0.09018390203400829,0.20085338552708432,-1.59091147825567,0.08662116008578918,0.2024153978559024,-1.59091147825567,-2.0754073574164807e-17,3.8933062106020147e-19,-1.1273317146823368e-18,-2.0757712735967793e-17,2.2588169060986146e-20,-1.1273317146823368e-18,-1585.7509047947221,10.034627971999855,-157.9122135119335,-1062809.8782088868,295.2539681494537,136432.3527962404,0.07170007331499863,4704.174898286472
249.54457570239,2001.0,12.0,14.0,14.0,25.0,37.0,1.0,3502791.6012793863,-21798.849152092425,346577.54493566137,-254.9798157450027,-295.4024041798897,4696.428434813047,3519963.094475764,4712.612580103858,3501858.080744574,-83750.66651493411,346577.54493566137,3519963.094475764,-266.1012694888054,-539.0662318876481,4696.428434813047,4734.748391552145,20148391.738712974,0.825683448104296,1.6336129358074027,1.8789649326977893e-07,6.747199057751835e-06,0.09880913128216362,0.09862034753888488,-0.02391150703731619,123763.09447576385,0.04468360312316809,0.044474560966811086,3105.0046709775925,-16538980356.021885,-1040291326.8993099,-206500760.44994247,-16538450589.772352,-1910019598.8724463,16571664891.063581,16649659616.415127,-0.994856476262605,0.023793052446024948,-0.09846056212338725,0.023909228494572863,0.9997141335365797,0.0,-0.09843241555070666,0.002354116077512152,0.9951409536876404,4698.53223779917,-545.2744069852928,-0.11553524351640006,5.655524419388924e-09,148.5077361894096,0.0,-53.51160428411442,-4.296131905295193,0.0,2.9548387947099517e-17,2.2825617960651554,1.5707963267948966,19.987956700241195,461.0,0.03005223556924502,10.481377418008353,0.0,0.0634513369299186,-1585.727978259264,9.868427508419476,-156.8970616008539,0.08978415406667888,0.199296038325595,-1.5780808235148378,0.08624508279181066,0.20085290863709165,-1.5780808235148378,-2.0588204572463997e-17,3.8670569813287587e-19,-1.1225189427935146e-18,-2.0591823689243992e-17,2.2493681019003393e-20,-1.1225189427935146e-18,-1585.6417331764724,10.069280417056568,-158.47514242436873,-1062814.3564855978,295.40750635441964,136484.1729524855,0.07179290246265611,4704.134902042524
249.68379715583418,2001.0,12.0,14.0,14.0,25.0,37.0,1.0,3502756.069285707,-21839.975292221065,347231.385192739,-255.45866927281568,-295.3993606015238,4696.380532263161,3519992.4290119563,4712.59058456926,3501820.9998448095,-83825.71493591914,347231.385192739,3519992.429011956,-266.5881839289221,-539.049518601812,4696.380532263161,4734.726364546928,20148348.91918223,0.8256830777396679,1.6336129293462076,1.8730469182098736e-07,6.7228186911622606e-06,0.09899536111434346,0.09880618215154129,-0.023933179133743574,123792.42901195586,0.044767794825437114,0.044558357598053606,3094.379221096635,-16538978680.65112,-1040291114.2352067,-206502544.69650558,-16538451755.523136,-1910001869.307371,16571663205.64712,16649658762.614029,-0.9948376510649921,0.023814174782031735,-0.09864549205584659,0.02393089439005815,0.9997136151387016,0.0,-0.09861724148028647,0.002360674852443785,0.9951226391239725,4698.492260263687,-545.2748366554347,-0.11553630806662302,5.634939369275834e-09,148.57206447101302,0.0,-53.57206447101302,-4.26396776449349,0.0,2.9549543576752306e-17,2.2825806689296186,1.5707963267948966,19.983536101455933,461.0,0.02994244971938574,10.485553770606355,0.0,0.06322085416359839,-1585.672248603656,9.886798294271898,-157.18912777634893,0.08962326429295442,0.19858764385210112,-1.5723504276201425,0.08609477276092632,0.20014262888374923,-1.5723504276201425,-2.0514098904214604e-17,3.855595721012389e-19,-1.1205982520721457e-18,-2.0517709564273272e-17,2.245599400705316e-20,-1.1205982520721457e-18,-1585.5861538308952,10.086940923155648,-158.76147820396906,-1062816.615192365,295.56104455938555,136536.05971561527,0.07188573395250962,4704.094855826519
249.98379715583417,2001.0,12.0,14.0,14.0,25.0,37.0,1.0,3502679.2769132946,-21928.59411463827,348640.2838366418,-256.4904650321177,-295.3927840573717,4696.277016088012,3520055.8273515175,4712.543057348344,3501740.8660127027,-83987.424381819,348640.2838366418,3520055.8273515175,-267.63734793462555,-539.0134384913097,4696.277016088012,4734.678769327464,20148257.186748732,0.8256822843021239,1.6336129155001378,1.8611544365878127e-07,6.670396248609407e-06,0.09939664587997996,0.09920661541193215,-0.02397987984213141,123855.82735151751,0.044949209343807486,0.04473892080282486,3071.5413593798876,-16538975091.42587,-1040290658.569444,-206506412.57739198,-16538454306.300798,-1909963556.4164534,16571659594.896393,16649656949.22493,-0.9947969685035947,0.023859685329198587,-0.09904396433932641,0.023977581697957003,0.9997124964588158,0.0,-0.09901548884884594,0.002374834746635739,0.995083058406659,4698.40587129108,-545.2757665945246,-0.1155386088587634,5.58948380257392e-09,148.71456837879379,0.0,-53.72185256819071,-4.2,0.0,2.955210149729029e-17,2.2826224429421704,1.5707963267948966,19.9737585321172,461.0,0.02970005257622264,10.49450047479616,0.0,0.06271179082031661,-1585.5518119197816,9.926379032326928,-157.81839844399153,0.08925489535326847,0.19702847674868232,-1.5596935141722557,0.08574983178024645,0.19857901033112332,-1.5596935141722557,-2.0350414032418616e-17,3.83008498596545e-19,-1.1161875573502339e-18,-2.0354005660227915e-17,2.2369270611170196e-20,-1.1161875573502339e-18,-1585.4660620880013,10.12495804265805,-159.3780919581638,-1062821.4540602434,295.71458276435146,136588.01308562967,0.07197856778757113,4704.054759638873
250.28379715583415,2001.0,12.0,14.0,14.0,25.0,38.0,1.0,3502602.175015107,-22017.21096000119,350049.1513593123,-257.5221824956978,-295.3861828182297,4696.173099114854,3520119.4812628715,4712.495352605378,3501660.4174447083,-84149.12298987833,350049.1513593123,3520119.4812628715,-268.68643127513155,-538.9772687681063,4696.173099114854,4734.630996334361,20148166.234850507,0.8256814976103217,1.6336129017629941,1.8491854736195318e-07,6.618229586292803e-06,0.09979791584600853,0.09960703406732349,-0.024026581648793545,123919.481262872,0.04513061680147024,0.04491947694876094,3048.7908936589956,-16538971532.645939,-1040290206.627429,-206510312.1649384,-16538456911.888752,-1909925095.4988186,16571656014.764698,16649655173.782053,-0.9947561257745885,0.02390518942262981,-0.09944240620881689,0.024024270051519116,0.9997113755722157,0.0,-0.09941370470122737,0.0023890312213334782,0.9950433195833238,4698.319149894487,-545.2767021464521,-0.11554091901545412,5.540152021274207e-09,148.87370315718,0.0,-53.96055473576997,-4.2,0.0,2.9554950736497973e-17,2.282668974549646,1.5707963267948966,19.962879028085304,461.0,0.029437074334779382,10.503370832163377,0.0,0.062157849283068105,-1585.4308997373973,9.96595240847534,-158.4475522086699,0.08881644185809272,0.1953595070128229,-1.545919567361823,0.08533683168566875,0.1969043485616227,-1.545919567361823,-2.0172334156897153e-17,3.8017652238043105e-19,-1.1109011633307271e-18,-2.017590404019907e-17,2.2264015085053815e-20,-1.1109011633307271e-18,-1585.3455629057116,10.162856757036963,-159.99347177603173,-1062826.2517985385,295.8681209693174,136640.0330625287,0.07207140397085268,4704.01461348001
250.5211201110088,2001.0,12.0,14.0,14.0,25.0,38.0,1.0,3502540.9622477507,-22087.312260387695,351163.6512536417,-258.3382943028246,-295.38094323392716,4696.090608909509,3520170.017420761,4712.457488722539,3501596.55351487,-84277.03126638125,351163.6512536417,3520170.017420761,-269.5162791378949,-538.9485922677605,4696.090608909509,4734.593078282,20148094.83456701,0.8256808800271259,1.633612890971984,1.8310853432781287e-07,6.57706938941888e-06,0.10011534056623377,0.09992378548073172,-0.024063527132609883,123970.01742076082,0.04527411895980386,0.04506230565572896,3030.854712024331,-16538968738.818554,-1040289851.7192899,-206513419.57806903,-16538459011.805443,-1909894565.0901842,16571653204.168156,16649653796.022173,-0.9947237026013024,0.023941182059192493,-0.09975758259282613,0.024061204855561735,0.9997104873016481,0.0,-0.09972870150590862,0.002400287630661609,0.9950117711440581,4698.250311137573,-545.2774462107858,-0.11554275315980687,5.504432443475877e-09,148.98892760169073,0.0,-54.13339140253608,-4.15553619915464,0.0,2.955701662342067e-17,2.2827027130434576,1.5707963267948966,19.954998316250897,461.0,0.02924660799622841,10.510334159396843,0.0,0.06175782540650149,-1585.334912191075,9.997252743159141,-158.94517786527763,0.08852032809880923,0.19415110743477404,-1.535971740277435,0.08505890933458138,0.19569231703794984,-1.535971740277435,-2.0043703982633223e-17,3.781616634673736e-19,-1.107347682581268e-18,-2.0047258740503475e-17,2.2194108458544592e-20,-1.107347682581268e-18,-1585.2498532817406,10.19294506019709,-160.48114960555506,-1062830.0182139874,296.0216591742833,136692.11964631235,0.07216424250536688,4703.974417350332
250.77282130949797,2001.0,12.0,14.0,14.0,25.0,38.0,1.0,3502475.8292640857,-22161.659296767433,352345.6518503598,-259.2037964279176,-295.3753692751682,4696.002846636513,3520223.790059346,4712.417209084455,3501528.605185769,-84412.68143905603,352345.6518503598,3520223.790059346,-270.39634789244474,-538.9181170872415,4696.002846636513,4734.552741019648,20148019.605588786,0.8256802293236782,1.633612879596011,1.8250120749944311e-07,6.533628191257446e-06,0.10045198632923116,0.10025971726545801,-0.024102711720396287,124023.79005934577,0.04542631035357638,0.045213782798289796,3011.8839914798737,-16538965795.11421,-1040289477.6710945,-206516737.0709556,-16538461274.987669,-1909862083.6107588,16571650242.78874,16649652359.29481,-0.9946892055765405,0.023979350880312344,-0.10009183303781369,0.0241003780804302,0.9997095437057607,0.0,-0.1000627607349059,0.0024122510189746042,0.9949782032583078,4698.177074127962,-545.2782391438294,-0.11554470482873515,5.4671100797488466e-09,149.10473757418222,0.0,-54.309475148364434,-4.095262425817781,0.0,2.955909476844955e-17,2.2827366517273346,1.5707963267948966,19.947077321345684,461.0,0.029047590206361704,10.517670610810613,0.0,0.06134016312406047,-1585.2327842641978,10.030444343797436,-159.47287174383953,0.08821193961305782,0.19288652913574791,-1.5255843491470606,0.08476955533562804,0.19442397460327104,-1.5255843491470606,-1.9909328625026024e-17,3.760579520929533e-19,-1.103645289895347e-18,-1.9912867611709518e-17,2.2121508607205813e-20,-1.103645289895347e-18,-1585.148014708862,10.224868318400707,-160.9984560929866,-1062833.9866246711,296.17519737924925,136744.27283698067,0.07225708339412652,4703.934171250245
250.9332087626128,2001.0,12.0,14.0,14.0,25.0,38.0,1.0,3502434.212002069,-22209.03351438913,353098.8272901009,-259.7552772047384,-295.3718083999155,4695.946776125888,3520258.148546189,4712.391477099528,3501485.1920346296,-84499.11558360109,353098.8272901009,3520258.148546189,-270.95710985065097,-538.8986649866735,4695.946776125888,4734.526972223324,20147971.94712546,0.8256798170932991,1.6336128723863548,1.818918528517145e-07,6.506025133444231e-06,0.10066649613762398,0.10047377218681486,-0.02412768108430121,124058.14854618907,0.04552328617839671,0.04531030349312788,2999.8277990818024,-16538963930.207542,-1040289240.6577636,-206518862.77530494,-16538462736.921738,-1909841331.6015365,16571648366.681675,16649651457.406681,-0.9946671648159349,0.02400367019063585,-0.10030481072415816,0.0241253401843107,0.9997089416230063,0.0,-0.10027561616874413,0.0024198876808432116,0.9949567553143156,4698.130284407886,-545.2787464663829,-0.11554595189786834,5.440911733530828e-09,149.14768568273635,0.0,-54.39537136547269,-4.052314317263652,0.0,2.955987722526117e-17,2.2827494302168088,1.5707963267948966,19.944096614548457,461.0,0.02890793322278131,10.522318211381748,0.0,0.061046936085520684,-1585.1675324981984,10.051591757108273,-159.80908217074204,0.0879739153007554,0.19198587537651618,-1.518286858005604,0.08454537717989913,0.19352019355855418,-1.518286858005604,-1.9814540158879447e-17,3.7454124341763377e-19,-1.1007511791110854e-18,-1.9818067413515956e-17,2.206454631593118e-20,-1.1007511791110854e-18,-1585.0829871210185,10.245111950666827,-161.32736902874765,-1062836.5006759483,296.32873558421517,136796.4926345336,0.07234992664014467,4703.893875180145
251.21096566405478,2001.0,12.0,14.0,14.0,25.0,39.0,1.0,3502361.930551335,-22291.074214480115,354403.14540189924,-260.71027084044454,-295.36562506345444,4695.849403277509,3520317.8228727686,4712.346794968783,3501409.796965548,-84648.79372202238,354403.14540189924,3520317.822872769,-271.92817490346516,-538.8649175691913,4695.849403277509,4734.482226173725,20147889.953146644,0.8256791078682941,1.6336128599781206,1.8005141576520485e-07,6.458359923502044e-06,0.1010379712766384,0.10084445971169839,-0.02417092345634765,124117.82287276862,0.04569122281377061,0.0454774519416361,2979.0176051855087,-16538960721.665787,-1040288832.8115237,-206522565.75446317,-16538465306.219877,-1909805293.6024082,16571645138.86551,16649649921.685324,-0.9946288866918864,0.02404578165415315,-0.10067362188130138,0.024168569947733025,0.9997078974513913,0.0,-0.1006442148597722,0.0024331374723298585,0.9949195052150203,4698.049030111056,-545.2796288693273,-0.11554811788969171,5.395410059513919e-09,149.24455718192158,0.0,-54.566835772882364,-3.977721409039212,0.0,2.9561626954580223e-17,2.2827780054651217,1.5707963267948966,19.93743448671158,461.0,0.028665391030821538,10.530313912352032,0.0,0.06053771111026349,-1585.0542092076862,10.088209531748946,-160.3912469683836,0.08755585793836179,0.19042887103735742,-1.505617279590708,0.08415129925538335,0.19195765683482388,-1.505617279590708,-1.9650178193970942e-17,3.7190456022504485e-19,-1.0956747556231323e-18,-1.9653684988089197e-17,2.1964646244058202e-20,-1.0956747556231323e-18,-1584.9700579084308,10.28016718858377,-161.8968642479743,-1062840.826002011,296.4822737891811,136848.77903897114,0.07244277224643482,4703.853529140423
251.51096566405477,2001.0,12.0,14.0,14.0,25.0,39.0,1.0,3502283.562759717,-22379.68289705208,355811.88439579384,-261.741664899858,-295.358922826873,4695.7438473025895,3520382.5220081913,4712.29836405953,3501328.061199235,-84810.44771889456,355811.88439579384,3520382.522008192,-272.9769250983508,-538.8283814247823,4695.7438473025895,4734.433725985097,20147802.16622932,0.8256783485311557,1.6336128466840294,1.788139343261721e-07,6.407152765361555e-06,0.10143918007764556,0.10124481803999447,-0.024217629804195773,124182.52200819226,0.04587260110840075,0.04565797893229757,2956.6357262432575,-16538957286.350845,-1040288395.9923785,-206526596.30228975,-16538468134.880026,-1909766227.287673,16571641682.90465,16649648300.378925,-0.994587389100521,0.0240912591710388,-0.10107193811223161,0.024215262626159265,0.9997067675353339,0.0,-0.10104230053871038,0.0024474835255226045,0.9948791199569108,4697.960949266779,-545.280587382603,-0.11555046635479065,5.346076968753404e-09,149.40630502048066,0.0,-54.80945753072096,-3.8968474897596774,0.0,2.956451841414886e-17,2.282825226583417,1.5707963267948966,19.926435263578828,461.0,0.028402454702580918,10.53887410647478,0.0,0.05998576504507938,-1584.931353609234,10.12775249969207,-161.01991785077175,0.08709647604318492,0.18875951378063452,-1.4918932314302205,0.08371766762620153,0.19028216497893724,-1.4918932314302205,-1.947266212861371e-17,3.6904821692244697e-19,-1.0901174791408086e-18,-1.9476146674965306e-17,2.1855360855332545e-20,-1.0901174791408086e-18,-1584.847635941608,10.318034664671007,-162.51181108220197,-1062845.456954755,296.635811994147,136901.13205029335,0.0725356202160107,4703.813133131464
251.71385076214816,2001.0,12.0,14.0,14.0,25.0,39.0,1.0,3502230.3885226557,-22439.60636004813,356764.57358528196,-262.43913461549073,-295.35437621741727,4695.672234428868,3520426.4217833946,4712.265510358548,3501272.606304725,-84919.76545693,356764.57358528196,3520426.421783394,-273.68613112838807,-538.8036218685887,4695.672234428868,4734.400825288975,20147743.228231166,0.8256778387279011,1.6336128377542805,1.7756782901008428e-07,6.372664122476646e-06,0.10171050247851277,0.10151556539842124,-0.024249217179776343,124226.42178339371,0.045995260207377965,0.04578006230938758,2941.5513623803854,-16538954979.912048,-1040288102.6460352,-206529340.40816537,-16538470078.45972,-1909739723.4904966,16571639362.59998,16649647224.9725,-0.994559234256353,0.02412201116645152,-0.1013412952981277,0.02424684072721005,0.9997060021400038,0.0,-0.1013115011741808,0.002457206246182863,0.9948517185326151,4697.901193257494,-545.2812387875175,-0.11555205989224455,5.317052144404189e-09,149.5031595186527,0.0,-54.9031595186527,-3.9,0.0,2.956625343410816e-17,2.282853561609655,1.5707963267948966,19.919841193559687,461.0,0.02824768722648185,10.544621032832145,0.0,0.05965948494725116,-1584.8479992989705,10.154490510197533,-161.44501016276496,0.08684936807046419,0.18775787556217047,-1.4837807414761137,0.08348573288574684,0.18927748142446363,-1.4837807414761137,-1.9367707943650286e-17,3.673963011029072e-19,-1.087149604927544e-18,-1.9371180035341983e-17,2.1796122741966994e-20,-1.087149604927544e-18,-1584.7645135660848,10.343767991621997,-162.92879090424108,-1062848.5660862755,296.7893501991129,136953.55166850018,0.07262847055188647,4703.772687153644
251.95102713503144,2001.0,12.0,14.0,14.0,25.0,39.0,1.0,3502168.047473478,-22509.656808075328,357878.26614463935,-263.2544429701909,-295.34904679809875,4695.588285098389,3520477.8895446146,4712.22700051062,3501207.596106818,-85047.55350820426,357878.26614463935,3520477.889544615,-274.5151580578436,-538.7746255458279,4695.588285098389,4734.362260356594,20147674.742045574,0.8256772463317028,1.6336128273742276,1.7631291696726153e-07,6.3324324976552395e-06,0.10202767453986951,0.10183206533033806,-0.0242861440493145,124277.88954461506,0.04613864674289212,0.04592277581663676,2923.9659918248653,-16538952299.767408,-1040287761.7125105,-206532567.09633413,-16538472380.77283,-1909708654.1443968,16571636666.339237,16649645988.265669,-0.9945262279604064,0.024157957009411993,-0.10165616071826317,0.02428375672378778,0.9997051060984834,0.0,-0.10162618293641576,0.0024685934763565742,0.9948195941918427,4697.831144419307,-545.2820035097313,-0.11555392819761319,5.282280080154076e-09,149.61972386153766,0.0,-55.029585792306506,-3.8901380692311647,0.0,2.956833973935206e-17,2.282887633559957,1.5707963267948966,19.911918001860656,461.0,0.028062297432156515,10.551298898521388,0.0,0.059269010862344707,-1584.750281410008,10.185743367390547,-161.94188151319372,0.08654445303024873,0.1865628652839886,-1.4740720218301042,0.08319902481071195,0.18807862006039694,-1.4740720218301042,-1.9242100465597767e-17,3.6540554212823554e-19,-1.08347891511792e-18,-1.924555740021194e-17,2.172311035003272e-20,-1.08347891511792e-18,-1584.6670823851973,10.373821987450944,-163.41595353502382,-1062852.1789321825,296.9428884040788,137006.03789359165,0.0727213232570764,4703.732191207339
252.16924922279304,2001.0,12.0,14.0,14.0,25.0,40.0,1.0,3502110.517693675,-22574.10795736513,358902.93877472327,-264.00455047010047,-295.3441296477949,4695.5108235010375,3520525.3852162273,4712.191470133798,3501147.607613155,-85165.12311627278,358902.93877472327,3520525.385216227,-275.2778864678282,-538.7478970694934,4695.5108235010375,4734.3266791583355,20147612.142488174,0.8256767048514022,1.6336128178816687,1.7568209949957745e-07,6.29561275291326e-06,0.10231949096844077,0.1021232634547439,-0.024320120478954623,124325.38521622727,0.04627057034702352,0.04605408017955549,2907.83576759696,-16538949849.941092,-1040287450.0021745,-206535553.86031392,-16538474528.655333,-1909679986.0236955,16571634201.777052,16649644870.657425,-0.9944957710901774,0.02419102656492904,-0.10194584600408436,0.024317723119962914,0.9997042804461032,0.0,-0.1019156986239824,0.002479090856357701,0.9947899499303918,4697.766510137805,-545.2827102058824,-0.11555565236531123,5.247845718235222e-09,149.7384630405682,0.0,-55.207694560852296,-3.8307684797159,0.0,2.957046013764602e-17,2.2829222622920198,1.5707963267948966,19.90387199909041,461.0,0.027878763496820235,10.55740259826228,0.0,0.05888378654001591,-1584.660110833344,10.214494441837331,-162.3989785198757,0.08622397544430772,0.1853984873733343,-1.4644934726605214,0.08289650058211469,0.18690998703381378,-1.4644934726605214,-1.9118216611842403e-17,3.634125347325638e-19,-1.0796036547532166e-18,-1.9121658047802097e-17,2.1646954816619632e-20,-1.0796036547532166e-18,-1584.577214332762,10.401404428871146,-163.86347199253623,-1062855.4812627751,297.0964266090447,137058.59072556774,0.07281417833459532,4703.691645292914
252.4275013709076,2001.0,12.0,14.0,14.0,25.0,40.0,1.0,3502042.2233319837,-22650.38045989672,360115.5526621439,-264.89220057784013,-295.3382936465179,4695.4188789097225,3520581.767975879,4712.149300907479,3501076.399959769,-85304.25182687739,360115.5526621439,3520581.767975879,-276.18047098750264,-538.7162044153752,4695.4188789097225,4734.284449616058,20147538.589137863,0.8256760686186159,1.6336128067218472,1.7441362009524762e-07,6.252151500479225e-06,0.10266482698345092,0.10246786789478371,-0.024360330225526017,124381.76797587797,0.04642668869555275,0.04620946569625439,2888.812923386693,-16538946971.378954,-1040287083.6408732,-206539110.79809397,-16538477107.820543,-1909645958.0013564,16571631305.89392,16649643573.815758,-0.9944596179547553,0.024230157811651158,-0.10228864897780476,0.02435792095605642,0.9997033018284468,0.0,-0.1022583001226824,0.00249153882650317,0.9947547598731535,4697.689792544209,-545.2835503844591,-0.11555769921204116,5.206571117789991e-09,149.87941993969494,0.0,-55.37941993969494,-3.760290030152527,0.0,2.957297632356435e-17,2.282963354726509,1.5707963267948966,19.89433285714651,461.0,0.027658788752791874,10.564574041833648,0.0,0.058421882501787564,-1584.5530753514538,10.248514360132969,-162.93984197305755,0.08583159040256179,0.1839888457363925,-1.4530097565843054,0.08252597773901232,0.18549506803325852,-1.4530097565843054,-1.8969640244383352e-17,3.6101039280342745e-19,-1.0748534199388246e-18,-1.8973062877507433e-17,2.1553449605587902e-20,-1.0748534199388246e-18,-1584.4705493737147,10.434009428166227,-164.39285172964185,-1062859.3614678513,297.24996481401064,137111.21016442846,0.07290703578745815,4703.65104941073
252.69892699572065,2001.0,12.0,14.0,14.0,25.0,40.0,1.0,3501970.1981976987,-22730.54200615738,361389.99651477206,-265.8250653365794,-295.3321402759889,4695.32192465219,3520641.230825099,4712.104839088445,3501001.308769673,-85450.46868072987,361389.99651477206,3520641.230825099,-277.12903004202246,-538.6828236698213,4695.32192465219,4734.239924204146,20147461.91247699,0.8256754053656792,1.6336127950828532,1.7377590819732272e-07,6.206740588391945e-06,0.10302776641366984,0.10283003862035742,-0.02440259198417098,124441.23082509916,0.04659076484875747,0.04637277163733317,2868.904301479459,-16538943970.511757,-1040286701.630378,-206542875.29983196,-16538479862.503288,-1909610076.1819146,16571628286.964575,16649642241.346191,-0.9944214929134306,0.024271279882927366,-0.10264891331459995,0.02440017015394998,0.9997022715271073,0.0,-0.1026183518103947,0.0025046509509943004,0.9947176486799315,4697.608896540494,-545.2844379429811,-0.11555985795150017,5.163887144103863e-09,150.02495738910926,0.0,-55.53743608366388,-3.7,0.0,2.957557421146848e-17,2.2830057814556843,1.5707963267948966,19.884493873236625,461.0,0.027431299608129418,10.572049644550459,0.0,0.05794379910295334,-1584.440201225079,10.284263575037402,-163.50819864009324,0.08542490698622014,0.18252346130531516,-1.4411240613770124,0.08214203716227782,0.1840242222950778,-1.4411240613770124,-1.8815829136420904e-17,3.5852292750744742e-19,-1.0699298203987284e-18,-1.881923230128147e-17,2.1456256392584927e-20,-1.0699298203987284e-18,-1584.3580591879165,10.46828779733248,-164.94932270147027,-1062863.4064690117,297.40350301897655,137163.89621017384,0.07299989561868032,4703.610403561142
252.91320387015983,2001.0,12.0,14.0,14.0,25.0,40.0,1.0,3501913.159135749,-22793.824332337343,362396.08719969046,-266.56146825749465,-295.3272681967673,4695.245152390084,3520688.32141862,4712.069635812139,3500941.8462021956,-85565.89312441339,362396.08719969046,3520688.32141862,-277.8778214247493,-538.656419477199,4695.245152390084,4734.2046705784005,20147401.793805294,0.825674885336696,1.6336127859524834,1.7249341164216756e-07,6.1709700849516874e-06,0.10331427998322393,0.10311594544735446,-0.02443595617540521,124488.32141862018,0.046720290496342694,0.04650168924227944,2853.237044006586,-16538941617.61789,-1040286402.0311034,-206545866.13879785,-16538482067.384352,-1909581663.6428444,16571625919.903936,16649641209.891996,-0.9943913026619556,0.024303739869235456,-0.10293330568201708,0.024433524398127557,0.9997014568787455,0.0,-0.10290257565165772,0.0025150234357614863,0.9946882599997712,4697.544840925522,-545.2851418379247,-0.11556156758256032,5.134063101540547e-09,150.1296031524893,0.0,-55.69440472873396,-3.7,0.0,2.9577445082859406e-17,2.2830363351041685,1.5707963267948966,19.877414540745974,461.0,0.027272285350737425,10.57791078908218,0.0,0.05760877336089616,-1584.3508186783924,10.312481378225467,-163.9568177020059,0.08516249308978319,0.18151099824297526,-1.4327919923177914,0.08189501991872647,0.18300846544611027,-1.4327919923177914,-1.8708038896101318e-17,3.568132845959129e-19,-1.0667687326104588e-18,-1.8711429057776407e-17,2.1393314487543702e-20,-1.0667687326104588e-18,-1584.2689236584738,10.495489843671578,-165.3896096943237,-1062866.5779914167,297.55704122394246,137216.64886280385,0.07309275783127742,4703.569707744503
253.13043675972978,2001.0,12.0,14.0,14.0,25.0,41.0,1.0,3501855.1721327025,-22857.97859051802,363416.0403986674,-267.30798773660626,-295.3223160101994,4695.167112214234,3520736.1946327146,4712.033854107966,3500881.399551011,-85682.90410318818,363416.0403986674,3520736.1946327146,-278.6368990096179,-538.6296043911906,4695.167112214234,4734.168837698383,20147341.208219185,0.8256743612665688,1.6336127767466917,1.7184857420132772e-07,6.134882442192008e-06,0.10360473810593984,0.1034057885526537,-0.024469781231413,124536.19463271461,0.04685159917815807,0.046632381494318004,2837.3958933502436,-16538939246.404955,-1040286100.0272831,-206548915.35494804,-16538484329.481487,-1909552781.9580896,16571623534.409418,16649640182.238861,-0.9943606126718691,0.024336644203507746,-0.10322160488840011,0.024467339341913485,0.999700629841518,0.0,-0.10319070342018591,0.0025255580342214016,0.9946583837098358,4697.47972836537,-545.2858583224076,-0.11556330567515061,5.102461324190836e-09,150.22024329089325,0.0,-55.840486581786536,-3.6797567091067305,0.0,2.9579070983559615e-17,2.283062888077668,1.5707963267948966,19.871266396845918,461.0,0.027103821585080345,10.583817363378833,0.0,0.057254241884063264,-1584.259956258883,10.341084477210435,-164.41156243338537,0.08487168944647178,0.18043211617304578,-1.4239725797233826,0.08162080189766878,0.1819258005720006,-1.4239725797233826,-1.859374583130264e-17,3.5498064326659615e-19,-1.0632456935863176e-18,-1.8597121836645358e-17,2.1323441246697366e-20,-1.0632456935863176e-18,-1584.1783354569852,10.523010277782436,-165.83553501310874,-1062869.7741647456,297.7105794289084,137269.46812231845,0.07318562242826541,4703.528961961154
253.3248446826758,2001.0,12.0,14.0,14.0,25.0,41.0,1.0,3501803.140404657,-22915.391156925947,364328.8112822282,-267.9760331314918,-295.31787318843976,4695.097093858352,3520779.151271791,4712.001753110304,3500827.164300506,-85787.61562993922,364328.8112822282,3520779.151271791,-279.3161819370494,-538.6055670313273,4695.097093858352,4734.13669079022,20147287.322682474,0.8256738951504539,1.633612768555923,1.7055158529072421e-07,6.1026577293148645e-06,0.10386467052896027,0.10366517067681888,-0.02450005275086189,124579.15127179166,0.046969107808739426,0.046749338465125495,2823.2636296600103,-16538937137.38088,-1040285831.368792,-206551658.84665105,-16538486377.744698,-1909526869.1619854,16571621412.679905,16649639278.935469,-0.9943330762555561,0.02436608828444995,-0.10347959801756489,0.024497601787757676,0.999699888719934,0.0,-0.10344854262294312,0.0025350019853915434,0.994631576411147,4697.421309638353,-545.2865020231255,-0.11556486530876943,5.071854718848439e-09,150.2739390897396,0.0,-55.94787817947916,-3.6260609102604198,0.0,2.9580046105819765e-17,2.2830788130326978,1.5707963267948966,19.867580975049005,461.0,0.026940705834016827,10.589070600147707,0.0,0.056911643155831186,-1584.1784302227102,10.366678803858568,-164.81847242711976,0.08457143882060322,0.17937747466058812,-1.4154462987465946,0.08133702911547899,0.18086706271310066,-1.4154462987465946,-1.8482930827487288e-17,3.531746211034269e-19,-1.0595785113024927e-18,-1.8486292561652686e-17,2.1251156579928184e-20,-1.0595785113024927e-18,-1584.0970931935947,10.547545866571669,-166.23391872586635,-1062872.616895251,297.8641176338743,137322.35398871772,0.07327848941266062,4703.488166211436
253.60885778572512,2001.0,12.0,14.0,14.0,25.0,41.0,1.0,3501726.893115604,-22999.264378402688,365662.26581255964,-268.9519277752539,-295.311364003991,4694.994501101792,3520842.0999485594,4711.954722462853,3500747.693929484,-85940.58167365471,365662.26581255964,3520842.09994856,-280.3084918123103,-538.5703830274184,4694.994501101792,4734.089592881873,20147209.1787547,0.8256732191932091,1.6336127566721934,1.6924465733171346e-07,6.055795976164101e-06,0.10424439756398926,0.10404409394179473,-0.024544277681850985,124642.09994855942,0.047140772166489,0.04692019689725159,2802.6959099769592,-16538934078.842976,-1040285441.6674107,-206555691.82195434,-16538489410.986296,-1909488901.2363687,16571618335.710806,16649637987.50816,-0.9942927272940274,0.024409098515071247,-0.10385647962398031,0.024541813422374957,0.9996988043375571,0.0,-0.10382519850280097,0.002548826345636411,0.9945922941789332,4697.335714431501,-545.2874466708954,-0.11556715086968881,5.027530036008407e-09,150.40524987139855,0.0,-56.15787480709782,-3.5473750643007267,0.0,2.9582395105003764e-17,2.283117175100612,1.5707963267948966,19.858708852190734,461.0,0.02670449490346104,10.596688500084912,0.0,0.0564156452848171,-1584.0589701720623,10.40406409694407,-165.41284054807176,0.08413586141773895,0.1778671843653164,-1.4031096361444013,0.08092502905583898,0.17935082414882303,-1.4031096361444013,-1.8323063900093056e-17,3.505683805380095e-19,-1.0542812308934641e-18,-1.832640503990903e-17,2.1146856106806e-20,-1.0542812308934641e-18,-1583.9780451430065,10.583414921092894,-166.81595018421615,-1062876.739403747,298.0176558388402,137375.30646200164,0.07337135878747954,4703.447320495685
253.9088577857251,2001.0,12.0,14.0,14.0,25.0,41.0,1.0,3501646.052923091,-23087.856753293025,367070.7478595034,-269.9826750484602,-295.3044644135815,4694.885744006175,3520908.8404864245,4711.904871790318,3500663.444167169,-86102.14720307838,367070.7478595034,3520908.8404864245,-281.35657595717464,-538.5331314896317,4694.885744006175,4734.039670917301,20147127.372074496,0.825672511548486,1.6336127442228319,1.6858739404357632e-07,6.00655438556476e-06,0.10464548405934027,0.10444433164769198,-0.024590993126661048,124708.84048642451,0.0473220922043736,0.04710066564640263,2781.0678513646126,-16538930876.86326,-1040285033.5517749,-206559984.10903442,-16538492667.335785,-1909448652.1982436,16571615114.426853,16649636659.396996,-0.9942499515788489,0.024454523279047208,-0.10425454463308156,0.024588514769899487,0.9996976567649893,0.0,-0.10422302397679263,0.0025634644105396714,0.9945506472389171,4697.244978059649,-545.288449964028,-0.11556957419992742,4.9830548084469765e-09,150.56408996983222,0.0,-56.36408996983223,-3.5,0.0,2.95852275478614e-17,2.283163432402874,1.5707963267948966,19.848021646162824,461.0,0.026467456698615697,10.60466303719182,0.0,0.055917123865676294,-1583.932324856438,10.443546283802268,-166.04054614787316,0.08370768581792778,0.1763481798988001,-1.3907140471882449,0.08052044598799464,0.1778260807545027,-1.3907140471882449,-1.8162639321486226e-17,3.479679002634783e-19,-1.0490934516857959e-18,-1.8165960088130753e-17,2.1044202334563827e-20,-1.0490934516857959e-18,-1583.85180441045,10.621372364556771,-167.4312601950614,-1062881.055176206,298.1711940438061,137428.32554217015,0.07346423055573915,4703.406424814227
254.11768972717587,2001.0,12.0,14.0,14.0,25.0,42.0,1.0,3501589.5970017747,-23149.52525511003,368051.1820381082,-270.70013631286133,-295.29964695686175,4694.809800882965,3520955.4497252926,4711.870065245793,3500604.6117520486,-86214.60741009128,368051.1820381082,3520955.4497252926,-282.0861040945194,-538.5071476180508,4694.809800882965,4734.004814596801,20147070.832861062,0.8256720224701418,1.6336127356149306,1.6726511955740805e-07,5.972410687860716e-06,0.10492467379635795,0.10472293064874257,-0.024623512733985265,124755.44972529262,0.047448305885244145,0.0472262867408024,2766.0644307136536,-16538928663.821589,-1040284751.4245802,-206562991.63138002,-16538494964.318136,-1909420547.133541,16571612888.0394,16649635755.178064,-0.9942200808093634,0.02448613981094757,-0.10453162140032865,0.02462102453213321,0.9996968566275419,0.0,-0.10449993333208885,0.0025736756148811526,0.9945215634300839,4697.181619538529,-545.2891516343142,-0.11557126662551899,4.954053504262368e-09,150.66766605620583,0.0,-56.46766605620583,-3.5,0.0,2.9587076379025646e-17,2.2831936261071406,1.5707963267948966,19.841052149418356,461.0,0.02631285870869021,10.610174399208258,0.0,0.055591179615109704,-1583.8438867579173,10.471025527391484,-166.4774236204665,0.08343723866472189,0.1753462101762473,-1.382609734892914,0.08026545739238675,0.1768205943004304,-1.382609734892914,-1.80577248968202e-17,3.4628163109356127e-19,-1.0458247861273484e-18,-1.8061032619983106e-17,2.0978969924094544e-20,-1.0458247861273484e-18,-1583.7636213005248,10.647846121691915,-167.86003335535943,-1062884.0379650872,298.324732248772,137481.41122922333,0.07355710472045658,4703.365479167389
254.32423962152146,2001.0,12.0,14.0,14.0,25.0,42.0,1.0,3501533.610634531,-23210.518872886973,369020.88673267054,-271.40971805654925,-295.2948703590063,4694.734496697684,3521001.6713194856,4711.835554218667,3500546.2723818747,-86325.83334670203,369020.88673267054,3521001.671319485,-282.80761968754,-538.4814050436347,4694.734496697684,4733.970254217316,20147015.24603931,0.825671541628287,1.633612727148777,1.666000468656266e-07,5.938762405803153e-06,0.10520080521062801,0.10499847787740559,-0.0246556775316093,124801.67131948518,0.047573136805185,0.04735053155076827,2751.268694385886,-16538926488.017422,-1040284473.9932636,-206565982.1906809,-16538497260.829529,-1909392678.618774,16571610699.110792,16649634877.456839,-0.9941904603158155,0.024517407659835525,-0.10480565508916134,0.024653179566470333,0.9996960641801403,0.0,-0.1047738008964559,0.00258379263449465,0.9944927222767052,4697.118794936217,-545.2898482872365,-0.1155729450216867,4.9232259678539355e-09,150.77917829871296,0.0,-56.61876744806944,-3.4604108506435187,0.0,2.9589062951687407e-17,2.2832260693007727,1.5707963267948966,19.83356904184757,461.0,0.02614857429762277,10.615592823315584,0.0,0.05524581129129946,-1583.7561894899022,10.49820079252231,-166.90946836520868,0.08313351190196139,0.17429511171173043,-1.3740221562524038,0.07997813841993977,0.17576536673258214,-1.3740221562524038,-1.7946571901592004e-17,3.4446926860988354e-19,-1.0421391187987126e-18,-1.7949865320654563e-17,2.0906132852618468e-20,-1.0421391187987126e-18,-1583.6762113514824,10.673966159254892,-168.2834905214611,-1062886.9705258105,298.47827045373793,137534.56352316114,0.07364998128464942,4703.324483555489
254.52622542165668,2001.0,12.0,14.0,14.0,25.0,42.0,1.0,3501478.7196494616,-23270.163770855877,369969.14898380585,-272.1035823893944,-295.29018800315185,4694.660673129219,3521046.988592989,4711.801724447471,3500489.078004017,-86434.59639833128,369969.14898380585,3521046.988592989,-283.51315305230503,-538.4561903141499,4694.660673129219,4733.936376068797,20146961.23228486,0.8256710743920804,1.6336127189179002,1.659323085197815e-07,5.905993984349259e-06,0.10547082782340927,0.10526792931947933,-0.02468713212395747,124846.98859298881,0.047695205947579394,0.04747202753523574,2736.8464807122946,-16538924373.749226,-1040284204.3391628,-206568922.01345402,-16538499531.184292,-1909365358.1360285,16571608572.085007,16649634036.019375,-0.9941614211183285,0.02454798151752884,-0.10507361877940902,0.024684624586440183,0.9996952882298819,0.0,-0.10504160161103802,0.0025937028335084426,0.9944644461400314,4697.057206446707,-545.2905321236823,-0.11557459062440788,4.892070342320191e-09,150.89247148247205,0.0,-56.788707223708045,-3.403764258763983,0.0,2.959107921967036e-17,2.283258997455803,1.5707963267948966,19.82598003359836,461.0,0.025982565833665205,10.62085770700519,0.0,0.054897217327489124,-1583.670213132499,10.524772008983913,-167.33190972592553,0.08281791602583025,0.1732382844703939,-1.3653542246024304,0.07967914305241265,0.17470416304009403,-1.3653542246024304,-1.7834378192227533e-17,3.426263760047706e-19,-1.0383020057056773e-18,-1.783765692080141e-17,2.0830571782855384e-20,-1.0383020057056773e-18,-1583.5905339894466,10.699476172024006,-168.69726395052797,-1062889.8201126605,298.63180865870385,137587.78242398356,0.07374286025133542,4703.283437978841
254.82622542165666,2001.0,12.0,14.0,14.0,25.0,42.0,1.0,3501396.9339984735,-23358.749781606683,371377.5306985497,-273.13407701778465,-295.283212893705,4694.550691829218,3521114.5097700274,4711.751330237979,3500403.8668823554,-86596.12762890509,371377.5306985497,3521114.5097700274,-284.56097710222645,-538.4186652823348,4694.550691829218,4733.885909796303,20146881.63378419,0.8256703858363781,1.633612706782015,1.6458870496134868e-07,5.857502228178316e-06,0.10587186656201143,0.10566811991901189,-0.024733851127164207,124914.50977002736,0.04787650325364467,0.04765247355843576,2715.513691082597,-16538921257.943727,-1040283806.8491259,-206573316.47544512,-16538502947.963621,-1909324656.6472716,16571605437.47234,16649632816.95312,-0.9941181569556439,0.024593385812539476,-0.10547158567779873,0.024731329326860632,0.9996941338978269,0.0,-0.10543932549499745,0.0026084525200238376,0.9944223170336689,4696.9654543643965,-545.291552502136,-0.1155770425983666,4.846455905231532e-09,151.0612744250684,0.0,-56.9612744250684,-3.3193627874657987,0.0,2.9594082146485823e-17,2.2833080389723857,1.5707963267948966,19.81468846067836,461.0,0.025739514355597903,10.628616051635335,0.0,0.05438661448349736,-1583.5421207281654,10.564230466862043,-167.95923845217692,0.0823547243882742,0.17166752402198643,-1.3526607907971462,0.07924068252960423,0.17312698710816396,-1.3526607907971462,-1.7670047537582304e-17,3.3992618560022456e-19,-1.0326739843104884e-18,-1.767330474162164e-17,2.0719600604400533e-20,-1.0326739843104884e-18,-1583.4628800456358,10.737357453970207,-169.31189924297408,-1062894.0194938667,298.78534686366976,137641.06793169063,0.07383574162353276,4703.242342437755
255.12622542165664,2001.0,12.0,14.0,14.0,25.0,43.0,1.0,3501314.8392115743,-23447.333696124642,372785.8793588925,-274.1644884070353,-295.2762130978961,4694.440310328958,3521182.286191672,4711.700758321391,3500318.3414263236,-86757.64758856154,372785.8793588925,3521182.2861916726,-285.60871546723035,-538.381050847544,4694.440310328958,4733.835265564698,20146802.755508833,0.8256697035070463,1.6336126947488712,1.625524776374657e-07,5.809255484106874e-06,0.10627288956269101,0.10606829499865712,-0.024780571303440805,124982.28619167255,0.04805779307252811,0.047832912096358864,2694.2806409448385,-16538918170.247566,-1040283412.8331697,-206577744.59869087,-16538506417.12355,-1909283807.2427642,16571602331.131657,16649631633.474651,-0.9940747331238241,0.02463878337931607,-0.10586952025198283,0.024778035186010565,0.9996929773547081,0.0,-0.10583701591181928,0.002623238697929689,0.9943800303111557,4696.873370235465,-545.292578474416,-0.1155795039402025,4.804628284996466e-09,151.15809576852504,0.0,-57.174287305575184,-3.3,0.0,2.959582806615545e-17,2.283336552004402,1.5707963267948966,19.808129575463948,461.0,0.02551657050837478,10.636303883001064,0.0,0.05391713064239362,-1583.413555428392,10.603681107825448,-168.58644302381032,0.08194687878670623,0.17023800952395457,-1.340976103644605,0.07885507196040499,0.17169201628404426,-1.340976103644605,-1.7518301916218897e-17,3.374587252635429e-19,-1.0277005371284354e-18,-1.7521539749813056e-17,2.062073655650495e-20,-1.0277005371284354e-18,-1583.3347003564318,10.775373124109493,-169.92741912745493,-1062898.1809108462,298.93888506863567,137694.42004628235,0.07392862540425985,4703.201196932537
255.42622542165662,2001.0,12.0,14.0,14.0,25.0,43.0,1.0,3501232.435313788,-23535.915506990554,374194.1948446866,-275.1948162265563,-295.26918855791007,4694.329528254078,3521250.3178370507,4711.650008269689,3500232.501661679,-86919.15625046843,374194.1948446866,3521250.3178370507,-286.65636781095344,-538.3433469651579,4694.329528254078,4733.784442944817,20146724.5564416,0.8256690270493897,1.633612682811238,1.6118070224511593e-07,5.76127917803938e-06,0.10667389679046875,0.10646845450169082,-0.024827292657411872,125050.31783705112,0.048239075377807104,0.0480133431226044,2673.1359123140574,-16538915109.057777,-1040283022.0704075,-206582206.4898829,-16538509937.05518,-1909242809.7247279,16571599251.449293,16649630483.965605,-0.994031149654739,0.024684174200901188,-0.10626742238380191,0.024824742168407153,0.9996918186002485,0.0,-0.10623467274082368,0.0026380613615791014,0.9943375860038193,4696.780953671185,-545.2936099807823,-0.11558197464790353,4.7619144329536265e-09,151.27579459262782,0.0,-57.37579459262782,-3.2621027036860877,0.0,2.959793785476468e-17,2.283371007467164,1.5707963267948966,19.800209726025614,461.0,0.025288935671420404,10.643925379886786,0.0,0.05343808071875624,-1583.2845173994579,10.643123903797685,-169.21352299344022,0.08151955718872027,0.1687739159396592,-1.3290575118800214,0.07845067567882177,0.1702221031223281,-1.3290575118800214,-1.73636472679772e-17,3.3492768104354583e-19,-1.0224913279019956e-18,-1.7366865060619615e-17,2.051741920786732e-20,-1.0224913279019956e-18,-1583.206066723779,10.813346006920012,-170.54258050532025,-1062902.3065267056,299.0924232736016,137747.83876775866,0.07402151159653543,4703.160001463487
255.66113572405146,2001.0,12.0,14.0,14.0,25.0,43.0,1.0,3501167.694461447,-23605.276633579113,375296.9309969281,-276.0015397751659,-295.26367087911007,4694.242502830322,3521303.767106886,4711.6101452346375,3500165.0667796005,-87045.61517496228,375296.9309969281,3521303.7671068856,-287.4766553434139,-538.3137611468684,4694.242502830322,4733.7445229106115,20146663.82768662,0.8256685017153499,1.633612673535995,1.6049041769309372e-07,5.723869447915267e-06,0.10698788815329344,0.10678178222399679,-0.024863877907175386,125103.76710688602,0.048381020386159775,0.04815462155157254,2656.651402503252,-16538912731.70542,-1040282718.5277239,-206585723.96748695,-16538512729.882378,-1909210604.0458145,16571596859.730873,16649629608.745943,-0.9939969108814907,0.024719712053265782,-0.10657897069336712,0.02486131612665531,0.9996909097118222,0.0,-0.10654602816860181,0.0026496934828613315,0.9943042406657745,4696.708356631098,-545.2944215988316,-0.11558391583715379,4.7265513805240805e-09,151.40941776721507,0.0,-57.51412665082261,-3.195291116392463,0.0,2.960031241800308e-17,2.2834097870277694,1.5707963267948966,19.791303768036382,461.0,0.025100528073082686,10.649843930222143,0.0,0.05304222184923704,-1583.183146292683,10.674003472892048,-169.70446087161764,0.08115025350212093,0.1675554780151366,-1.3192165155045543,0.07810067741070002,0.16899847941425147,-1.3192165155045543,-1.7236214288964982e-17,3.328186330331666e-19,-1.0179963319383827e-18,-1.7239415127093215e-17,2.0428738684778308e-20,-1.0179963319383827e-18,-1583.1050456152723,10.843001952306299,-171.0236773871222,-1062905.5104682744,299.2459614785675,137801.32409611964,0.07411440020337855,4703.118756030901
255.91774259231468,2001.0,12.0,14.0,14.0,25.0,43.0,1.0,3501096.75751166,-23681.042544321583,376501.493637824,-276.8827142513596,-295.25762630270117,4694.147159471232,3521362.3318179226,4711.566476036706,3500091.1833354845,-87183.74603015807,376501.493637824,3521362.331817922,-288.37264486473407,-538.2813801497371,4694.147159471232,4733.700791272514,20146598.002470694,0.8256679322918613,1.6336126634767698,1.591008641128439e-07,5.683245055977858e-06,0.10733086894288833,0.10712403824227698,-0.02490384304067137,125162.33181792218,0.04853607028870707,0.04830894331011807,2638.718180909753,-16538910154.785433,-1040282389.4149503,-206589590.15572247,-16538515817.660429,-1909175320.2476828,16571594267.233269,16649628677.937767,-0.9939593979607726,0.02475852747170979,-0.10691927105480598,0.024901268887451634,0.9996899153276454,0.0,-0.10688611702767255,0.002662425517786048,0.9942677051363525,4696.6288220041215,-545.2953121139011,-0.11558604288080868,4.688484318350586e-09,151.55582954480545,0.0,-57.733744317208156,-3.1220852275972804,0.0,2.960291317790197e-17,2.2834522606601784,1.5707963267948966,19.781558931581674,461.0,0.024897712747181285,10.656258866335989,0.0,0.052616288910326645,-1583.0720814109131,10.70772957936302,-170.24065442029215,0.0807531363138345,0.16626324670218587,-1.3086254903779009,0.0777239915088424,0.1677006779127802,-1.3086254903779009,-1.70990997731578e-17,3.305494385318628e-19,-1.013160542667484e-18,-1.7102282377896798e-17,2.0333479769669748e-20,-1.013160542667484e-18,-1582.9943574194042,10.8754302572758,-171.54927991067004,-1062908.983311914,299.39949968353346,137854.87603136525,0.07420729122780857,4703.0774606350715
256.1773124729017,2001.0,12.0,14.0,14.0,25.0,44.0,1.0,3501024.7714216504,-23757.681735585495,377719.9403062897,-277.7740007655014,-295.25149355175637,4694.050417407458,3521421.7627052935,4711.5221702873205,3500016.212860784,-87323.46340544862,377719.9403062897,3521421.7627052935,-289.2789156583582,-538.2485587367407,4694.050417407458,4733.656422174066,20146531.942941383,0.8256673608388121,1.6336126533758086,1.5840151626966388e-07,5.642308501952975e-06,0.10767779822485454,0.1074702345485738,-0.02494427053305568,125221.76270529348,0.04869290489160022,0.048465041362644956,2620.652153670788,-16538907568.633432,-1040282059.0285457,-206593526.3718228,-16538518979.666376,-1909139518.933003,16571591665.44191,16649627762.465906,-0.9939213331185683,0.024797786033548944,-0.10726347644768075,0.024941683823530108,0.9996889078148496,0.0,-0.10723010761840582,0.002675331715370722,0.9942306304979533,4696.548121906038,-545.2962170676137,-0.11558820145782801,4.6528704369415425e-09,151.6928060117633,0.0,-57.8928060117633,-3.1,0.0,2.960534919644222e-17,2.283492043862028,1.5707963267948966,19.772440350622617,461.0,0.02470792321325872,10.662696377670631,0.0,0.05221656667661139,-1582.9593825253248,10.741839223012542,-170.78294571219308,0.08039409497495245,0.16503802017355065,-1.2986864957949549,0.0773841708311813,0.16647056410794533,-1.2986864957949549,-1.697038839125255e-17,3.2843998048610937e-19,-1.008799226145007e-18,-1.697355428420237e-17,2.024677693732793e-20,-1.008799226145007e-18,-1582.8819983544936,10.908309787120487,-172.08163220798804,-1062912.4685404096,299.5530378884994,137908.49457349547,0.07430018467284517,4703.036115276283
256.4096504566288,2001.0,12.0,14.0,14.0,25.0,44.0,1.0,3500960.1412979136,-23826.27923317716,378810.5364334174,-278.5717272299954,-295.24598848377224,4693.963570384842,3521475.1206066725,4711.482399524344,3499948.9081503814,-87448.51557206367,378810.5364334174,3521475.1206066725,-290.09005281023207,-538.2191239030617,4693.963570384842,4733.61659454739,20146473.230221014,0.8256668529377036,1.633612644394393,1.569934748538248e-07,5.605808126996703e-06,0.10798832045509738,0.1077801008246699,-0.024980457469697705,125275.12060667202,0.04883328089292287,0.0486047580875078,2604.539001867175,-16538905270.048952,-1040281765.3192397,-206597071.33505568,-16538521841.585136,-1909107379.550652,16571589352.95331,16649626964.023176,-0.9938871604316254,0.02483292159593569,-0.10757154983623929,0.024977859486360547,0.9996880045971741,0.0,-0.10753798800721552,0.002686907056539616,0.9941973454329022,4696.475677093496,-545.2970305881759,-0.11559013952310891,4.621735613246585e-09,151.81280151668005,0.0,-58.019202275020085,-3.093599241659972,0.0,2.960748350540792e-17,2.2835268997726006,1.5707963267948966,19.764458269926042,461.0,0.02454199524293725,10.668417835993113,0.0,0.05186677910334262,-1582.8582072782929,10.7723653258038,-171.2682642467435,0.08008149556831556,0.16396221110233009,-1.2899891710338307,0.07708843316346513,0.16539052595123208,-1.2899891710338307,-1.6857738705334377e-17,3.2659622685278814e-19,-1.005003388432782e-18,-1.6860890026334748e-17,2.0171082484075206e-20,-1.005003388432782e-18,-1582.7811188451294,10.937755851755032,-172.55825341777734,-1062915.566178482,299.7065760934653,137962.17972251037,0.0743930805415082,4702.994719954825
256.5807516065353,2001.0,12.0,14.0,14.0,25.0,44.0,1.0,3500912.4270992693,-23876.79581368558,379613.67351350136,-279.15916606294485,-295.24192490064695,4693.899460003511,3521514.512921229,4711.453042834795,3499899.2223081538,-87540.60362599608,379613.67351350136,3521514.5129212285,-290.68736675635665,-538.1974128796934,4693.899460003511,4733.58719588468,20146430.25634147,0.8256664811859331,1.633612637817672,1.569934748538248e-07,5.579047286881674e-06,0.10821699284834407,0.1080082902320379,-0.02500710715059715,125314.51292122854,0.04893665536362494,0.04870764704659855,2592.7102590352297,-16538903587.604963,-1040281550.2929877,-206599695.1097214,-16538523968.797298,-1909083654.338202,16571587660.32932,16649626389.194548,-0.993861933400029,0.024858793937889485,-0.10779841233668452,0.025004500843809205,0.9996873385901974,0.0,-0.10776470793310886,0.002695445492233921,0.994172772860779,4696.422199069269,-545.2976318251743,-0.11559157036898815,4.596623012716802e-09,151.91128230307137,0.0,-58.166923454607044,-3.0443588484643174,0.0,2.96092309193219e-17,2.2835554372074784,1.5707963267948966,19.75792808707652,461.0,0.024408210040618234,10.672605472113787,0.0,0.051585789721675934,-1582.7835175603943,10.794842674019552,-171.62561988891633,0.0798140685264971,0.16310907600995414,-1.2830021740169915,0.07683455963244744,0.16453360343000226,-1.2830021740169915,-1.676726339657682e-17,3.2509082452870604e-19,-1.0017428432751792e-18,-1.677040254644665e-17,2.0106827530180307e-20,-1.0017428432751792e-18,-1582.7066830007618,10.959376277449554,-172.90862206293332,-1062917.8334588353,299.8601142984312,138015.93147840985,0.07448597883681805,4702.953274670971
256.88075160653534,2001.0,12.0,14.0,14.0,25.0,44.0,1.0,3500828.524859292,-23965.367320213358,381021.82645449776,-280.1890844723302,-295.2347806557388,4693.786738275814,3521583.7817002167,4711.401430909936,3499811.859011019,-87702.05713159776,381021.82645449776,3521583.7817002167,-291.734597741543,-538.1592757626521,4693.786738275814,4733.535510168135,20146355.47128217,0.8256658342443283,1.6336126263658062,1.5557269020245316e-07,5.532305694585166e-06,0.108617922680982,0.1084083734099372,-0.0250538342801671,125383.7817002167,0.04911790086672825,0.048888041280018245,2572.052816569805,-16538900659.680487,-1040281175.9786804,-206604322.50928593,-16538527739.557795,-1909041939.7093036,16571584714.681992,16649625409.172762,-0.9938175763977745,0.02490415181582171,-0.10819615550096068,0.025051213336294224,0.9996861691102761,0.0,-0.10816220020521511,0.00271044497362143,0.9941295649636479,4696.328173017985,-545.2986904039277,-0.11559408649596212,4.552464166111853e-09,152.04222712527087,0.0,-58.38445425054175,-3.0,0.0,2.9611567676916914e-17,2.2835935993550733,1.5707963267948966,19.74920245450704,461.0,0.024172960686993376,10.679892658848063,0.0,0.05109064854517024,-1582.6521899179163,10.83424703672037,-172.25208940188588,0.07933583369346328,0.16159404264595725,-1.2706846961402618,0.07638048997722219,0.1630117476666629,-1.2706846961402618,-1.6607397246661684e-17,3.224200760153905e-19,-9.958887097426744e-19,-1.6610514693660384e-17,1.999063621724259e-20,-9.958887097426744e-19,-1582.575809427939,10.997258784387034,-173.52277409802613,-1062921.7791041564,300.0136525033971,138069.74984119402,0.07457887956179524,4702.911779425
257.13515277141914,2001.0,12.0,14.0,14.0,25.0,45.0,1.0,3500757.1333442307,-24040.474619332414,382215.91907110874,-281.0623924296879,-295.2287030021774,4693.6908367110045,3521642.7217808184,4711.357524762847,3499737.528436699,-87838.96135671738,382215.91907110874,3521642.721780819,-292.6225848894676,-538.126865392464,4693.6908367110045,4733.491541248316,20146292.62130601,0.8256652905467446,1.6336126167365315,1.541388099311085e-07,5.492872013973568e-06,0.10895790008636984,0.10874763303406697,-0.025093460011196,125442.72178081889,0.04927159175169962,0.04904101028650962,2554.6232046037912,-16538898198.967339,-1040280861.3144926,-206608273.59340099,-16538530978.341444,-1909006449.8002188,16571582239.069052,16649624606.148203,-0.9937798365493923,0.024942610110175827,-0.10853341729050536,0.025090826611866644,0.9996851756527818,0.0,-0.10849924832825553,0.0027231931548294393,0.9940928011665938,4696.248178784128,-545.2995924935241,-0.1155962275234033,4.515932343989511e-09,152.12827062404196,0.0,-58.542405936062934,-2.9858646879790216,0.0,2.961311387342607e-17,2.2836188506603516,1.5707963267948966,19.743433211666947,461.0,0.023978331460786685,10.686016830229656,0.0,0.050680456886027854,-1582.5404539208846,10.867655814845937,-172.78323831757888,0.07894034597541734,0.1603324600559308,-1.2604773095107482,0.07600512118539521,0.16174454403131694,-1.2604773095107482,-1.6474722177384442e-17,3.2020450436021546e-19,-9.910381434088747e-19,-1.647782163932331e-17,1.9893950431659964e-20,-9.910381434088747e-19,-1582.4644487996993,11.029400358877254,-174.04371562708963,-1062925.0950794425,300.167190708363,138123.63481086277,0.07467178271946058,4702.870234217182
257.3292332616542,2001.0,12.0,14.0,14.0,25.0,45.0,1.0,3500702.5199687276,-24097.77229981681,383126.8657739836,-281.7285902773777,-295.22405444989994,4693.617480661465,3521687.8100170963,4711.323942977855,3499680.6703667575,-87943.39887959855,383126.8657739836,3521687.810017096,-293.2999801665356,-538.1020965868679,4693.617480661465,4733.457911452024,20146244.991321508,0.8256648785115087,1.6336126094354282,1.541388099311085e-07,5.462957543769039e-06,0.10921725815054238,0.109006443610019,-0.025123690729590562,125487.81001709541,0.04938883750534634,0.04915770532612013,2541.3710582107306,-16538896334.112757,-1040280622.7870022,-206611304.55833158,-16538533473.299225,-1908979303.2560515,16571580362.91895,16649624009.534575,-0.9937509680478374,0.0249719463007062,-0.10879069538311055,0.02512104780142521,0.999684416682264,0.0,-0.10875636285452274,0.002732936259069409,0.9940646782770521,4696.18699120666,-545.3002833638669,-0.11559786542462845,4.490883323835881e-09,152.22846670465648,0.0,-58.692700056984705,-2.9357666476717634,0.0,2.9614894275574396e-17,2.283647926833981,1.5707963267948966,19.736794399436704,461.0,0.023844840522971325,10.690657774561652,0.0,0.05040009164108282,-1582.4549834221937,10.893139204972796,-173.1883856364871,0.07868781646098366,0.15947983321733813,-1.2535046908729364,0.07576595970957342,0.16088849869308475,-1.2535046908729364,-1.6384415519124557e-17,3.1872342668333995e-19,-9.87969116730639e-19,-1.638750326182899e-17,1.9833547100701997e-20,-9.87969116730639e-19,-1582.3792174624841,11.05402770366588,-174.44189032736006,-1062927.6080591977,300.32072891332894,138177.5863874162,0.07476468831283535,4702.828639047783
257.58329114141213,2001.0,12.0,14.0,14.0,25.0,45.0,1.0,3500630.8338279165,-24172.775522338725,384319.3040520607,-282.60061132695705,-295.21795368316026,4693.5212019057,3521746.9933671057,4711.2798705274945,3499606.042561365,-88080.10383264915,384319.3040520607,3521746.9933671057,-294.1866574543279,-538.0696168674486,4693.5212019057,4733.4137759927935,20146183.05017575,0.8256643426719612,1.6336125999355158,1.5269146510898484e-07,5.423879392278611e-06,0.10955675632602235,0.10934522522689072,-0.025163264521786886,125546.99336710526,0.04954231125959183,0.04931045817842697,2524.0801817178726,-16538893908.886019,-1040280312.5029348,-206615294.1185375,-16538536770.533316,-1908943673.842759,16571577922.997395,16649623249.18947,-0.9937130773881708,0.0250103440135081,-0.10912745997253397,0.025160609085111724,0.9996834217643434,0.0,-0.10909291259379418,0.002745713360820104,0.9940277649441905,4696.106684420335,-545.3011912237444,-0.11560001541679232,4.456129145559211e-09,152.36748341776317,0.0,-58.90122512664474,-2.8662582911184207,0.0,2.961736082058725e-17,2.2836882085709616,1.5707963267948966,19.727604693222403,461.0,0.02365967581176766,10.69669294429679,0.0,0.05001113929787076,-1582.3428014502708,10.926492725032729,-173.71865617722838,0.07831996665041434,0.15829676312359892,-1.2438322890719504,0.07541687330781878,0.1597002743015904,-1.2438322890719504,-1.625912616438079e-17,3.1664241013723394e-19,-9.834852826336633e-19,-1.6262197150837856e-17,1.974518753018361e-20,-9.834852826336633e-19,-1582.267384576963,11.086192999334319,-174.96248846630033,-1062930.8761201408,300.47426711829485,138231.60457085422,0.07485759634494088,4702.786993917071
257.83379581788046,2001.0,12.0,14.0,14.0,25.0,45.0,1.0,3500559.933364381,-24246.72824506337,385495.04114256264,-283.46037605377524,-295.211920919141,4693.425989066098,3521805.528085294,4711.236289753083,3499532.2379292217,-88214.8887701316,385495.04114256264,3521805.528085294,-295.0608716924582,-538.0375287205359,4693.425989066098,4733.370132913408,20146122.46925975,0.8256638185973056,1.6336125906380807,1.5196262340524166e-07,5.3855897094377996e-06,0.1098914949158587,0.10967925744853657,-0.025202285696387113,125605.52808529418,0.049693633132179935,0.04946106923283287,2507.1052957624197,-16538891536.86501,-1040280008.9274985,-206619252.30594498,-16538540057.944296,-1908908438.950053,16571575536.597765,16649622524.007753,-0.9936756047491975,0.025048199869824022,-0.1094594911809754,0.025199617887292018,0.9996824392067385,0.0,-0.10942473113812597,0.0027583373518979904,0.9939912574013928,4696.027267934322,-545.3020903162521,-0.1156021419174837,4.419990264673164e-09,152.5122846339871,0.0,-59.11228463398709,-2.8,0.0,2.961992634754644e-17,2.2837301068057987,1.5707963267948966,19.718055577497044,461.0,0.02346717761762211,10.7025952659247,0.0,0.049606578983534995,-1582.2318574559952,10.95937409977319,-174.2414204006665,0.07792062980691365,0.15706449616218168,-1.2337726060066598,0.0750372869398922,0.15846225441058936,-1.2337726060066598,-1.612880001295211e-17,3.1445274147496085e-19,-9.786056909954496e-19,-1.6131853095921e-17,1.9648818010253504e-20,-9.786056909954496e-19,-1582.1568201690552,11.117836354183778,-175.47519300667315,-1062934.0724337827,300.62780532326076,138285.6893611769,0.07495050681879904,4702.7452988253035
258.0778560142731,2001.0,12.0,14.0,14.0,25.0,46.0,1.0,3500490.6497571417,-24318.777005534983,386640.50826399965,-284.2979645980434,-295.2060267789756,4693.332957399109,3521862.72795844,4711.193710720233,3499460.121384995,-88346.19849397214,386640.50826399965,3521862.72795844,-295.91253634788944,-538.006206187357,4693.332957399109,4733.327493008763,20146063.888367042,0.8256633118224678,1.6336125816430618,1.504943510645939e-07,5.3484168090520135e-06,0.11021761109609785,0.11000468557369125,-0.02524030383047456,125662.72795843985,0.04984105690270729,0.049607800472982806,2490.6327020823956,-16538889243.10322,-1040279715.2959479,-206623132.04321706,-16538543294.25532,-1908874011.2833343,16571573228.927235,16649621839.717737,-0.9936389892781451,0.025085077221389838,-0.10978295809051257,0.025237623930089995,0.9996814804418273,0.0,-0.10974799007120668,0.002770661010221187,0.9939555835714676,4695.949671849146,-545.3029699968151,-0.11560421999410962,4.388848111516083e-09,152.63939546319966,0.0,-59.23939546319966,-2.8,0.0,2.962218241435564e-17,2.283766951172857,1.5707963267948966,19.709666184695344,461.0,0.023301229468931817,10.708302565397068,0.0,0.04925651595715174,-1582.1234516279658,10.991404138741855,-174.7506497457063,0.07759606304694065,0.15598450971170313,-1.2250684364463194,0.0747297884171509,0.15737780972396667,-1.2250684364463194,-1.6016015350899902e-17,3.1258951637517106e-19,-9.74656255074219e-19,-1.6019053559585063e-17,1.9569904294659012e-20,-9.74656255074219e-19,-1582.0487218395485,11.148781948465821,-175.97571818215263,-1062937.1632423513,300.78134352822667,138339.8407583842,0.07504341973743185,4702.703553772738
258.293946308862,2001.0,12.0,14.0,14.0,25.0,46.0,1.0,3500429.1356044263,-24382.567597729165,387654.6830455254,-285.03951559864635,-295.2007944560131,4693.2503663004,3521913.513458009,4711.155912860347,3499396.0960896127,-88462.45341265599,387654.6830455254,3521913.513458009,-296.6665489227072,-537.9784239552206,4693.2503663004,4733.289641113239,20146012.373145986,0.8256628661700959,1.6336125737297558,1.4975481660844235e-07,5.315643343490651e-06,0.11050634453414417,0.11029280991966446,-0.025273965668063652,125713.51345800841,0.0499715812515645,0.04973771165821637,2476.10024638474,-16538887225.958908,-1040279457.0245099,-206626586.45908746,-16538546186.795607,-1908843447.3325098,16571571199.548342,16649621251.711027,-0.9936064820211081,0.02511772451953219,-0.11006933633214198,0.025271275031420477,0.9996806303306504,0.0,-0.11003418352459206,0.0027815924709754824,0.9939239111719779,4695.880784938759,-545.3037519142929,-0.11560606509353226,4.35959800696984e-09,152.75878364502105,0.0,-59.38817546753159,-2.77060817748947,0.0,2.9624298207445003e-17,2.283801504696221,1.5707963267948966,19.701805108761732,461.0,0.023145403565013087,10.713321397288242,0.0,0.048928452358812394,-1582.0272091526672,11.01975897076719,-175.20144890108676,0.0772779935957429,0.154978964262353,-1.216911034215493,0.07442777069465871,0.1563677543723087,-1.216911034215493,-1.5910313477719714e-17,3.108223784920746e-19,-9.707744769615e-19,-1.5913337347639752e-17,1.9492831881435385e-20,-9.707744769615e-19,-1581.9527813819725,11.176126725139499,-176.41835993530225,-1062939.8812712058,300.9348817331926,138394.05876247617,0.07513633510386174,4702.6617587596265
258.54103998482515,2001.0,12.0,14.0,14.0,25.0,46.0,1.0,3500358.599387471,-24455.509106401645,388814.343837086,-285.88740485772894,-295.1947957470666,4693.155671476068,3521971.747502375,4711.112579041221,3499322.685145935,-88595.38054838804,388814.343837086,3521971.747502375,-297.5286860806638,-537.9465989531614,4693.155671476068,4733.24624534517,20145953.908293933,0.825662360395402,1.633612564743631,1.490116119384767e-07,5.278356449031554e-06,0.11083649333340272,0.11062226238903453,-0.025312457890742622,125771.7475023754,0.05012082752189686,0.049886256793014366,2459.550974816084,-16538884936.646381,-1040279163.8205764,-206630558.79588237,-16538549526.968672,-1908808404.2812781,16571568896.345146,16649620601.32539,-0.9935692095280146,0.025155051459801153,-0.11039678103971609,0.02530975494211991,0.9996796568425157,0.0,-0.11036141618630173,0.002794115474514084,0.9938875946182592,4695.801803727704,-545.3046495740473,-0.11560818087378028,4.3239514985747635e-09,152.9043687559385,0.0,-59.60436875593849,-2.697815622030757,0.0,2.9626874188928e-17,2.283843573666389,1.5707963267948966,19.692242973412814,461.0,0.02295555110978735,10.71901704834904,0.0,0.048529541547062516,-1581.9168589317019,11.052176812954052,-175.71684387364925,0.07687413230757409,0.15376379830882503,-1.2069917682225713,0.07404350637769136,0.15514669526514643,-1.2069917682225713,-1.5781778168760528e-17,3.086477726640385e-19,-9.65832311223131e-19,-1.578478411124394e-17,1.9395281842964368e-20,-9.65832311223131e-19,-1581.8428154253243,11.207323508219199,-176.92383564187182,-1062942.9659910053,301.0884199381585,138448.34337345272,0.07522925292111123,4702.619913786222
258.8057691021339,2001.0,12.0,14.0,14.0,25.0,46.0,1.0,3500282.796433762,-24533.65491139503,390056.7453336298,-286.795743725382,-295.1883503490771,4693.053917493412,3522034.329732425,4711.066018779727,3499243.7983858124,-88737.78615617765,390056.7453336298,3522034.329732425,-298.452287856212,-537.9124354065457,4693.053917493412,4733.199618523591,20145891.797437094,0.8256618230772773,1.6336125551918619,1.4826468186179114e-07,5.238579460822591e-06,0.11119019294637103,0.1109752161574023,-0.025353698286554722,125834.32973242505,0.05028071983785841,0.0500453979338206,2441.90521030128,-16538882504.511322,-1040278852.241152,-206634841.1207786,-16538553144.317635,-1908770748.9685705,16571566449.447584,16649619930.710184,-0.9935291569550533,0.025195037256470813,-0.11074757052787246,0.02535098210531867,0.9996786122080915,0.0,-0.11071197761072127,0.0028075596786596123,0.9938485677517345,4695.716936029203,-545.3056155254245,-0.11561045471360826,4.286402160544968e-09,153.06082433106263,0.0,-59.76082433106263,-2.6195878344686845,0.0,2.9629641304851634e-17,2.283888764098856,1.5707963267948966,19.681982013097137,461.0,0.022755562402855783,10.72506758183494,0.0,0.04810914402149371,-1581.7982784649075,11.086902219110783,-176.26892572822325,0.07644810108818839,0.15246428498116096,-1.1965406559765503,0.07363847348781626,0.153840974961779,-1.1965406559765503,-1.564632536852324e-17,3.06355911923632e-19,-9.60622209223862e-19,-1.564931242223755e-17,1.9292321423912212e-20,-9.60622209223862e-19,-1581.7246399914197,11.240743194072563,-177.4654663841998,-1062946.243100753,301.2419581431244,138502.69459131392,0.07532217319220343,4702.578018852768
259.105769102134,2001.0,12.0,14.0,14.0,25.0,47.0,1.0,3500196.60331673,-24622.210318012163,391464.64416579664,-287.82502190666685,-295.1810229688366,4692.938230226608,3522105.4900077553,4711.013087678588,3499154.105711366,-88899.15406914127,391464.64416579664,3522105.4900077553,-299.4988601203633,-537.8736361315679,4692.938230226608,4733.146611756415,20145822.037818596,0.8256612195874603,1.6336125444575504,1.4675941767984797e-07,5.193797543088093e-06,0.11159100179656768,0.11137518000272134,-0.02540043446164414,125905.49000775535,0.05046190784805079,0.05022573468873909,2422.0069121569395,-16538879772.797104,-1040278502.1832519,-206639727.19147092,-16538557290.852346,-1908727937.5330496,16571563701.14624,16649619202.227367,-0.9934836181478656,0.025240343970772298,-0.11114506515389311,0.02539770323226827,0.9996774263083695,0.0,-0.11110921267991991,0.0028228293805096986,0.9938041932352353,4695.62044883658,-545.3067154148698,-0.1156130403245665,4.248021884838873e-09,153.1616555641726,0.0,-59.98496669251784,-2.6,0.0,2.963144974421179e-17,2.2839182981549024,1.5707963267948966,19.675281961719588,461.0,0.022551072137263584,10.73186294806009,0.0,0.04767827894339209,-1581.6634560950454,11.126246517519458,-176.89444114184326,0.07603151689061495,0.15114774333849995,-1.1858167004913347,0.07324286642930732,0.15251857065363408,-1.1858167004913347,-1.5506915296830306e-17,3.040262829669429e-19,-9.555114253803033e-19,-1.550988348524012e-17,1.919057269403059e-20,-9.555114253803033e-19,-1581.590213228616,11.278765088173092,-178.0802578423346,-1062949.9238006156,301.3954963480903,138557.11241605977,0.07541509592016143,4702.536073959512
259.3645776808404,2001.0,12.0,14.0,14.0,25.0,47.0,1.0,3500121.9968346166,-24698.6048788482,392679.2038890165,-288.712904915609,-295.17468178581737,4692.838105881649,3522167.0844773133,4710.967280956962,3499076.4760093475,-89038.35604116757,392679.2038890165,3522167.084477314,-300.4016606326327,-537.8400924447697,4692.838105881649,4733.100739554009,20145762.355324704,0.8256607032725729,1.6336125352678268,1.460009659995544e-07,5.1553495503758505e-06,0.11193676441634015,0.11172021380045596,-0.025440754533878916,125967.0844773138,0.050618211569662196,0.05038130403802044,2404.914275288582,-16538877435.634806,-1040278202.5891327,-206643970.79424158,-16538560906.954903,-1908690885.3429527,16571561349.786507,16649618599.220638,-0.9934442041180472,0.02527942425944872,-0.11148795456626946,0.025438010277652953,0.999676401458549,0.0,-0.11145187722678246,0.002836031734091268,0.9937657852767067,4695.53694289744,-545.3076687059175,-0.11561527844534573,4.214087869578146e-09,153.26771119328447,0.0,-60.16771119328448,-2.5661444033577587,0.0,2.9633340255982224e-17,2.2839491725551255,1.5707963267948966,19.668282876531183,461.0,0.02237029994959383,10.737676587654212,0.0,0.04729763763884143,-1581.5467674618906,11.160182057164608,-177.43396547944022,0.07565428089549181,0.14998009938983115,-1.1763461825323032,0.07288436141575164,0.15134553277786464,-1.1763461825323032,-1.5383901192031965e-17,3.0195715128845527e-19,-9.50885406947838e-19,-1.5386852480222658e-17,1.9098672273864916e-20,-9.50885406947838e-19,-1581.4738831004747,11.311527589942473,-178.61031166197253,-1062953.0728252698,301.54903455305623,138611.59684769026,0.07550802110800893,4702.49407910669
259.6233862595468,2001.0,12.0,14.0,14.0,25.0,47.0,1.0,3500047.1605692212,-24774.997796155974,393893.7376607219,-289.6007225335222,-295.16832224583493,4692.7376842286585,3522228.8686700645,4710.921341938232,3498998.6126635107,-89177.54932321023,393893.7376607219,3522228.868670064,-301.30439388072705,-537.8064823820819,4692.7376842286585,4733.054734866667,20145703.17309953,0.8256601912835505,1.633612526150686,1.4523855365528125e-07,5.11708999684796e-06,0.11228251467374775,0.11206523541009372,-0.02548107553127372,126028.86867006402,0.05077450942274724,0.05053686752022355,2387.903753221035,-16538875118.008675,-1040277905.4290487,-206648240.81254515,-16538564560.58913,-1908653723.1829457,16571559018.077208,16649618021.300842,-0.993404671623362,0.02531849935035091,-0.11183081859454798,0.025478318206542547,0.9996753749599748,0.0,-0.11179451551058568,0.0028492611814500287,0.9937272603750353,4695.453190208956,-545.3086261555354,-0.11561752354022228,4.1779005147131815e-09,153.4221716751601,0.0,-60.33325751274012,-2.5,0.0,2.96360692500743e-17,2.283993740410837,1.5707963267948966,19.658188612634277,461.0,0.02217758368180156,10.743441242790336,0.0,0.04689228891619092,-1581.429728797775,11.194111464306236,-177.97339239927012,0.07523447281473113,0.1487291063767531,-1.1662688163869297,0.07248486835130954,0.1500883634511063,-1.1662688163869297,-1.5253269260512344e-17,2.997334166233506e-19,-9.457447312423136e-19,-1.525620209530889e-17,1.899688985694305e-20,-9.457447312423136e-19,-1581.3572439294237,11.344199827757341,-179.13966121565704,-1062956.1954726893,301.70257275802214,138666.14788620538,0.07560094875876969,4702.452034294542
259.9233862595469,2001.0,12.0,14.0,14.0,25.0,47.0,1.0,3499960.1259944504,-24863.547184245155,395301.5414595076,-290.6297612286804,-295.1609275708396,4692.62090778704,3522300.7237045984,4710.867925921547,3498908.06439419,-89338.8854137922,395301.5414595076,3522300.723704599,-302.350719798042,-537.7674399693583,4692.62090778704,4733.0012424944125,20145635.205394026,0.8256596032883942,1.6336125156728274,1.429269171748377e-07,5.073008357974208e-06,0.1126832782787731,0.11246515462309056,-0.025527815094267964,126100.72370459838,0.0509556759425423,0.050717182790070814,2368.2888325601816,-16538872456.270226,-1040277564.0309297,-206653223.60453135,-16538568842.998415,-1908610508.7882211,16571556340.157242,16649617383.101658,-0.993358699002337,0.025363787030605826,-0.1122282202650054,0.025525042568857473,0.9996741830225776,0.0,-0.11219165440549715,0.0028646300996913758,0.9936824576171954,4695.355798985325,-545.309741201081,-0.11562013468568545,4.1365838698559286e-09,153.60180926149596,0.0,-60.60271389224395,-2.5,0.0,2.9639241546063085e-17,2.2840455479359285,1.5707963267948966,19.6464680623257,461.0,0.021957551559194266,10.750061422502244,0.0,0.04642818470611623,-1581.2936246280349,11.233433305733476,-178.59855107290593,0.07475159840556747,0.14731772593031442,-1.154728055229232,0.07202488607074717,0.14866986790860603,-1.154728055229232,-1.5103694465317624e-17,2.9718359314890105e-19,-9.398272494296335e-19,-1.510660611073319e-17,1.887868803123576e-20,-9.398272494296335e-19,-1581.2215997419642,11.382103173642081,-179.75327912813518,-1062959.7816933766,301.85611096298805,138720.7655316051,0.07569387887546787,4702.409939523302
260.1443620361013,2001.0,12.0,14.0,14.0,25.0,48.0,1.0,3499895.8201155327,-24928.769996118648,396338.48748072516,-291.3876800929134,-295.1554649571218,4692.534636284547,3522353.814126884,4710.828466558099,3498841.167060603,-89457.71580861289,396338.48748072516,3522353.814126884,-303.1213705712292,-537.7386248272772,4692.534636284547,4732.9617267265385,20145585.551234156,0.8256591737238641,1.633612508013745,1.4214801809444226e-07,5.040690839718811e-06,0.11297846442990675,0.11275971894716055,-0.02556224359866669,126153.81412688363,0.05108911557752353,0.050849995407569425,2353.9060180932283,-16538870511.678188,-1040277314.5444261,-206656916.6908074,-16538572028.82541,-1908578583.0883126,16571554383.739012,16649616933.782166,-0.9933247344511559,0.02539714081243924,-0.11252091879332374,0.025559459840730464,0.9996733036410695,0.0,-0.11248415861885044,0.002875973905140052,0.9936493560778401,4695.2838497924095,-545.3105660744724,-0.11562206401096237,4.109495001815031e-09,153.7195869486303,0.0,-60.7195869486303,-2.44020652568485,0.0,2.964132554856937e-17,2.2840795822796713,1.5707963267948966,19.63877623738277,461.0,0.021813235897862833,10.754897668017392,0.0,0.046124821224887966,-1581.1930716092243,11.262391918940473,-179.05894993066244,0.07445493633020409,0.14637773511020508,-1.147185151142745,0.0717432778782942,0.14772569498636984,-1.147185151142745,-1.5005898497446475e-17,2.9554522712651886e-19,-9.362063091259737e-19,-1.500879685338182e-17,1.880720233419233e-20,-9.362063091259737e-19,-1581.121328331346,11.410117613926843,-180.20613508180517,-1062962.401640797,302.00964916795397,138775.4497838895,0.07578681146112784,4702.367794793202
260.39167922047096,2001.0,12.0,14.0,14.0,25.0,48.0,1.0,3499823.6500452976,-25001.766257019273,397499.01996838965,-292.2358895676243,-295.14933525346703,4692.437823425617,3522413.397176457,4710.7841886428305,3498766.093285155,-89590.70381738667,397499.01996838965,3522413.397176457,-303.98382803326723,-537.7063173667811,4692.437823425617,4732.917385519976,20145530.367708333,0.8256586963224852,1.6336124994984702,1.4136482746161737e-07,5.004705338459564e-06,0.11330882747290676,0.11308938616597464,-0.025600776959100884,126213.3971764571,0.05123845676035881,0.050998634830580855,2337.870691269636,-16538868350.494776,-1040277037.218114,-206661073.0359197,-16538575625.179808,-1908542756.4507246,16571552209.408947,16649616450.90062,-0.9932866187965734,0.025434466008220948,-0.11284848629267144,0.025597980593470977,0.9996723180070238,0.0,-0.11281150787577872,0.002888693362122379,0.9936122076250135,4695.203110217576,-545.3114928197951,-0.11562422935036874,4.077839088242876e-09,153.85849294114277,0.0,-60.88773941171416,-2.4,0.0,2.964377996598981e-17,2.284119665958037,1.5707963267948966,19.62972522487552,461.0,0.02164462352697587,10.760272254979014,0.0,0.04576984667295484,-1581.080229853598,11.294797193533547,-179.57414564304324,0.07409481759527718,0.14528616703894615,-1.1383585561714367,0.07140077689755782,0.14662892411039213,-1.1383585561714367,-1.489146393779813e-17,2.936085354071939e-19,-9.318004768603202e-19,-1.489434636880077e-17,1.8719748861126052e-20,-9.318004768603202e-19,-1581.0088290767005,11.441426117643939,-180.71250419921466,-1062965.313354317,302.1631873729199,138830.20064305852,0.07587974651877441,4702.325600104469
260.69167922047103,2001.0,12.0,14.0,14.0,25.0,48.0,1.0,3499735.8249544646,-25090.309939521052,398906.7336554174,-293.2647011397697,-295.1418773113782,4692.320023528232,3522485.904908379,4710.730316615617,3498674.7412206074,-89752.00982420178,398906.7336554174,3522485.904908379,-305.02992034824314,-537.6670465420311,4692.320023528232,4732.863436488409,20145464.032781787,0.8256581224463739,1.6336124892546469,1.3978528260658483e-07,4.961258766200374e-06,0.11370954819335213,0.11348926305659461,-0.025647519736963553,126285.90490837954,0.051419602908236835,0.05117892973352174,2318.5174657702446,-16538865752.521027,-1040276703.7168634,-206666147.5197677,-16538580033.235203,-1908499163.3310602,16571549595.623648,16649615895.530207,-0.9932402387601914,0.025479735688690074,-0.11324579981982727,0.02564470802658567,0.999671120394218,0.0,-0.11320855558582606,0.0029041554716166384,0.9935670026843523,4695.104869410676,-545.3126220624258,-0.11562686449029115,4.037053489036509e-09,154.01988113547444,0.0,-61.13976227094885,-2.380118864525575,0.0,2.964663316092861e-17,2.284166262167504,1.5707963267948966,19.61921448780433,461.0,0.02142743604234506,10.766732769096317,0.0,0.045312031266092186,-1580.9429223988295,11.334097744419013,-180.1989660970975,0.07360912482938843,0.14388700637875854,-1.126971966539109,0.07093790184952171,0.14522254626598796,-1.126971966539109,-1.4743708128325232e-17,2.9107574895213573e-19,-9.258344172694864e-19,-1.4746569379847067e-17,1.8600812576463163e-20,-9.258344172694864e-19,-1580.87198449698,11.479320290685001,-181.3259380636366,-1062968.8134834692,302.3167255778858,138885.01810911216,0.07597268405143252,4702.283355457333
260.9916792204711,2001.0,12.0,14.0,14.0,25.0,48.0,1.0,3499647.691233535,-25178.851380941236,400314.41194258834,-294.2934235047195,-295.1343947166584,4692.201824431446,3522558.6674634693,4710.6762668708925,3498583.075342121,-89913.30403640089,400314.41194258834,3522558.66746347,-306.07592091856185,-537.6276866027973,4692.201824431446,4732.809309486894,20145398.360821456,0.8256575543033553,1.6336124791073137,1.3898877878619466e-07,4.91817334358571e-06,0.11411025204627852,0.11388912332075761,-0.025694263778400988,126358.66746346978,0.05160074105460679,0.0513592166369286,2299.2782901525497,-16538863180.442154,-1040276373.446574,-206671258.03380653,-16538584491.33758,-1908455422.5196567,16571547007.88498,16649615373.507998,-0.9931936996982329,0.02552499831071538,-0.11364307872006216,0.025691436666827255,0.9996699205647804,0.0,-0.11360556747682163,0.002919653959559741,0.9935216407602935,4695.006297270558,-545.3137568971651,-0.11562950900169652,3.996666268265105e-09,154.11926102993286,0.0,-61.3288915448993,-2.2903694850335654,0.0,2.964841300717437e-17,2.284195329262555,1.5707963267948966,19.612663690300085,461.0,0.02121236370824955,10.77312842028992,0.0,0.04485984277731052,-1580.8051454047052,11.37338993238568,-180.82365369625253,0.07312744236213313,0.1424866749647105,-1.1157188228831558,0.07047911791618795,0.1438150524343062,-1.1157188228831558,-1.4597232120589578e-17,2.8856177484182303e-19,-9.19893096428875e-19,-1.4600072323384306e-17,1.8483295689254152e-20,-9.19893096428875e-19,-1580.734666286789,11.517204984819985,-181.9393725191357,-1062972.2786542512,302.4702637828517,138939.90218205043,0.07606562406212751,4702.241060852013
261.29167922047117,2001.0,12.0,14.0,14.0,25.0,49.0,1.0,3499559.2489093174,-25267.3905738792,401722.0547101144,-295.3220563310657,-295.12688741062885,4692.083225761665,3522631.6848194157,4710.622038977685,3498491.0956772664,-90074.58642724686,401722.0547101144,3522631.6848194157,-307.1218294070254,-537.5882375042612,4692.083225761665,4732.755004083271,20145333.310372323,0.8256569915348805,1.633612469049051,1.3738191809196613e-07,4.875276468574598e-06,0.114510938999604,0.11428896690199958,-0.02574100908804611,126431.68481941568,0.05178187117323502,0.05153949551455159,2280.140331417322,-16538860632.637032,-1040276046.1820831,-206676404.68450356,-16538588997.859568,-1908411533.8161106,16571544444.560875,16649614883.197065,-0.9931470016447699,0.025570253857483387,-0.11404032287602281,0.025738166518720466,0.9996687185184173,0.0,-0.11400254342890027,0.002935188820031722,0.9934761218863454,4694.907393408107,-545.3148972632714,-0.1156321628824507,3.960157590292159e-09,154.28152182092376,0.0,-61.572282731385606,-2.2092390895381318,0.0,2.965127960542344e-17,2.2842421443646903,1.5707963267948966,19.602122550599564,461.0,0.021017899218726478,10.779463213592722,0.0,0.044451133753659715,-1580.6668990488026,11.412673729675012,-181.4482079982079,0.07271247284427852,0.14123768387891303,-1.1055540788185712,0.0700842925730406,0.142560089047202,-1.1055540788185712,-1.4465418805239205e-17,2.8633042783885395e-19,-9.148134360698487e-19,-1.4468240680499406e-17,1.838303610603766e-20,-9.148134360698487e-19,-1580.5968147562296,11.555233818722213,-182.55376207702648,-1062975.7110533603,302.6238019878176,138994.85286187334,0.07615856655388493,4702.198716288734
261.59167922047124,2001.0,12.0,14.0,14.0,25.0,49.0,1.0,3499470.4980087215,-25355.92751091727,403129.6618380966,-296.35059931598136,-295.11935540004595,4691.96422759374,3522704.9569538245,4710.5676329574135,3498398.802253717,-90235.8569699897,403129.6618380966,3522704.956953825,-308.16764550621974,-537.5486992665332,4691.96422759374,4732.700520299094,20145268.880358435,0.8256564341317222,1.633612459080286,1.3657139822709094e-07,4.832688029519925e-06,0.11491160899468811,0.11468879374383328,-0.025787755670527115,126504.95695382496,0.05196299323775143,0.051719766340027735,2261.1056137531996,-16538858109.064342,-1040275721.9278846,-206681587.59263077,-16538593552.753593,-1908367497.249761,16571541905.610384,16649614424.55626,-0.99310014463399,0.02561550231218314,-0.1144375321703619,0.025784897586785274,0.9996675142548341,0.0,-0.11439948332220329,0.002950760047097227,0.9934304460961307,4694.808157882903,-545.3160431656332,-0.11563482613326408,3.9210856373190755e-09,154.46239238456243,0.0,-61.76239238456244,-2.2,0.0,2.9654466611385225e-17,2.2842941921218727,1.5707963267948966,19.590416928183704,461.0,0.020809844734643684,10.785737319560758,0.0,0.04401217973963776,-1580.5281835092887,11.45194910853722,-182.07262856087456,0.07224235769541738,0.13988188117014475,-1.0946409065039295,0.06963636489624453,0.14119729320751234,-1.0946409065039295,-1.432389707037874e-17,2.8389845815496197e-19,-9.090468293759585e-19,-1.4326698569622054e-17,1.826780054694574e-20,-9.090468293759585e-19,-1580.4585471443925,11.59314640174473,-183.1672694673785,-1062979.11073694,302.7773401927836,139049.8701485809,0.07625151152973073,4702.156321767714
261.8916792204713,2001.0,12.0,14.0,14.0,25.0,49.0,1.0,3499381.4385587405,-25444.462184652315,404537.2332067532,-297.37905217500094,-295.1117987251912,4691.844830290815,3522778.4838442337,4710.513049121715,3498306.1950992304,-90397.11563789776,404537.2332067532,3522778.483844234,-309.21336892771416,-537.5090719429342,4691.844830290815,4732.645858446544,20145205.095603056,0.8256558823087167,1.6336124492046902,1.3493575361575816e-07,4.7903235481563496e-06,0.11531226195583716,0.1150886037898132,-0.025834503530476508,126578.48384423414,0.05214410722182867,0.0519000290870476,2242.1823659986258,-16538855610.697983,-1040275400.8061916,-206686806.89154732,-16538598156.987211,-1908323312.967747,16571539392.013153,16649613998.566452,-0.9930531287001905,0.025660743658015038,-0.11483470648580256,0.025831629875545922,0.9996663077737354,0.0,-0.11479638703694288,0.0029663676348082044,0.9933846134233807,4694.708591042923,-545.3171946427915,-0.11563749875488313,3.8808338856712186e-09,154.64620961058537,0.0,-62.01931441587806,-2.1268951947073154,0.0,2.965770306684544e-17,2.284347047450649,1.5707963267948966,19.578544449931297,461.0,0.020595540955063912,10.791948349328289,0.0,0.043561308333388615,-1580.3889989648922,11.491216041245435,-182.69691494247664,0.07174869935848113,0.13850073734689294,-1.0834298123752526,0.06916542647136191,0.13980870461563316,-1.0834298123752526,-1.4178489900386553e-17,2.8138335708966255e-19,-9.029808812822177e-19,-1.4181270151645785e-17,1.8147590774963306e-20,-9.029808812822177e-19,-1580.3198335384209,11.631024745861069,-183.78034475485188,-1062982.4763945397,302.9308783977495,139104.9540421731,0.07634445899269096,4702.113877289168
262.13204386567276,2001.0,12.0,14.0,14.0,25.0,50.0,1.0,3499309.860123332,-25515.395897980125,405664.9752982616,-298.20299929360505,-295.1057264050229,4691.748879376584,3522837.5785392015,4710.469187424558,3498231.770449647,-90526.30999289794,405664.9752982616,3522837.578539201,-310.0511516439241,-537.477257646046,4691.748879376584,4732.60193405846,20145154.45611584,0.8256554442082471,1.6336124413590378,1.3493575361575816e-07,4.756622442814192e-06,0.11563325898068025,0.1154089256317343,-0.02587195956463132,126637.57853920106,0.0522892127019295,0.05204445254425368,2227.101271018386,-16538853627.167383,-1040275145.7728964,-206691015.01691547,-16538601881.579527,-1908287805.2589219,16571537396.384968,16649613680.826788,-0.9930153441534034,0.025696986583876532,-0.1151529033780992,0.025869073392784256,0.9996653395220816,0.0,-0.115114366252421,0.0029788989088802426,0.9933477783956605,4694.628577530033,-545.3181212475259,-0.11563964686217298,3.851045809048381e-09,154.78350786489125,0.0,-62.18350786489125,-2.1,0.0,2.966012286377411e-17,2.2843865657334774,1.5707963267948966,19.569677474114226,461.0,0.020436911061065554,10.79687912598757,0.0,0.04322701568575896,-1580.277143848616,11.522671202488372,-183.19700573791488,0.07139339302991306,0.13747044790234486,-1.0751173620688552,0.06882694168727717,0.1387731700033227,-1.0751173620688552,-1.407065984492833e-17,2.7953444618389594e-19,-8.98622287262695e-19,-1.4073424664432397e-17,1.8060809167700288e-20,-8.98622287262695e-19,-1580.2083169069288,11.661444372491694,-184.27212309998373,-1062985.1484459043,303.0844166027154,139160.1045426499,0.07643740894579217,4702.071382853311
262.3724085108742,2001.0,12.0,14.0,14.0,25.0,50.0,1.0,3499238.0836464735,-25586.328150016165,406792.6942987578,-299.0268881871003,-295.09963820663967,4691.652671904612,3522896.836747407,4710.425211179798,3498157.14443322,-90655.49669416402,406792.6942987578,3522896.836747407,-310.8888744906404,-537.4453861315808,4691.652671904612,4732.557894959751,20145104.191668354,0.8256550093510572,1.633612433568124,1.332800374925012e-07,4.7230569702921104e-06,0.11595424502647861,0.11572923662725021,-0.025909416424263882,126696.83674740745,0.052434312963666,0.052188870784367035,2212.0834160596132,-16538851658.283758,-1040274892.5698028,-206695246.62511235,-16538605636.30388,-1908252202.5724986,16571535415.489761,16649613382.501791,-0.9929774576263128,0.025733224926865507,-0.11547107768115578,0.025906517698930147,0.9996643698465576,0.0,-0.11543232210563549,0.0029914535176614,0.9933108426968632,4694.548350978928,-545.3190513835588,-0.11564180098496706,3.8224107076110895e-09,154.9170918685186,0.0,-62.325637802777926,-2.0914540657406904,0.0,2.9662477774630087e-17,2.284425024346322,1.5707963267948966,19.561056224894173,461.0,0.020284405998389085,10.801773271021675,0.0,0.04290528148063728,-1580.1649878641267,11.554120909808475,-183.69700988735406,0.07105553525337324,0.13647512854735414,-1.0671172826486226,0.06850528742270338,0.13777291242219203,-1.0671172826486226,-1.3966872743179696e-17,2.777611152169986e-19,-8.944810005405817e-19,-1.3969622838494263e-17,1.7978084491199832e-20,-8.944810005405817e-19,-1580.096482576704,11.691893822230668,-184.76412717000267,-1062987.80072115,303.2379548076813,139215.32165001135,0.07653036139206106,4702.028838460354
262.572250538317,2001.0,12.0,14.0,14.0,25.0,50.0,1.0,3499178.2570663155,-25645.300953027985,407730.2756688074,-299.7118347711972,-295.0945643361586,4691.572488733994,3522946.229206967,4710.388561769437,3498094.9461805164,-90762.89821816486,407730.2756688074,3522946.2292069676,-311.5853215347909,-537.4188442376036,4691.572488733994,4732.521193167898,20145062.700980205,0.8256546503980647,1.6336124271337324,1.332800374925012e-07,4.695308365233018e-06,0.1162211082605791,0.11599553872128177,-0.02594055913329781,126746.22920696763,0.052554947068009165,0.05230893784878073,2199.648618787527,-16538850033.040956,-1040274683.5054348,-206698782.76749593,-16538608781.523664,-1908222529.8344717,16571533780.328423,16649613149.813934,-0.9929458806891739,0.025763350421217194,-0.11573559434104376,0.025937649942963874,0.9996635625626435,0.0,-0.11569665655427273,0.0030019093319588637,0.9932800572862245,4694.481487661452,-545.3198274161965,-0.11564359652778537,3.7964796663419866e-09,155.04057301741912,0.0,-62.51085952612867,-2.0297134912904444,0.0,2.9664649273653633e-17,2.284460487616631,1.5707963267948966,19.553113390511047,461.0,0.02014635025470339,10.805813022223688,0.0,0.04261508275516368,-1580.0715110500857,11.580264408180785,-184.1126531567468,0.07073573285947311,0.13558857509342773,-1.0599010198887353,0.0682000881689694,0.1368815311602615,-1.0599010198887353,-1.3873277246578337e-17,2.761391620187041e-19,-8.90550249487305e-19,-1.3876013619652921e-17,1.7900403214498748e-20,-8.90550249487305e-19,-1580.0033109619167,11.717145939341046,-185.17255417663554,-1062989.9900464471,303.39149301264723,139270.60536425744,0.07662331633452468,4701.986244110507
262.8722505383171,2001.0,12.0,14.0,14.0,25.0,50.0,1.0,3499088.1892900076,-25733.828177388274,409137.7293208537,-300.7399908845855,-295.0869269676472,4691.451786535281,3523020.588627792,4710.33339605272,3498001.313768786,-90924.11788593345,409137.7293208537,3523020.588627792,-312.6307398356556,-537.3789257484918,4691.451786535281,4732.46594860585,20145000.9436754,0.8256541161086031,1.6336124175503695,1.3160349229466696e-07,4.653816575652904e-06,0.11662170518610845,0.11639529347541282,-0.025987311201072973,126820.5886277915,0.05273603445727555,0.05248917400744179,2181.0746115893126,-16538847613.8756,-1040274372.2178705,-206704121.82948935,-16538613543.79559,-1908177862.503467,16571531346.39333,16649612827.328703,-0.9928983455447954,0.02580856841411426,-0.11613265350805455,0.025984386253229456,0.9996623488313656,0.0,-0.11609344118188093,0.003017635725365752,0.9932337120684024,4694.380837492737,-545.3209970247359,-0.11564629977742484,3.7574409704094624e-09,155.16323578473936,0.0,-62.72647156947875,-2.0,0.0,2.96668268701827e-17,2.2844960504667617,1.5707963267948966,19.54515494099506,461.0,0.019938510957985576,10.81182575469507,0.0,0.04217691261096819,-1579.9307947837622,11.619503540829472,-184.73649787977527,0.07024583625129323,0.13423573582684262,-1.048998587594332,0.06773257184334025,0.13552124923828046,-1.048998587594332,-1.3731428868443422e-17,2.736702494358688e-19,-8.845001198808394e-19,-1.3734144241806091e-17,1.7779758498790256e-20,-8.845001198808394e-19,-1579.8630622119188,11.755024790067752,-185.7854964673696,-1062993.2487902418,303.54503121761314,139325.95568538818,0.0767162737762103,4701.943599803979
263.09320602816,2001.0,12.0,14.0,14.0,25.0,51.0,1.0,3499021.6554846205,-25799.0286306787,410174.3214985381,-301.49718821792095,-295.0812861419625,4691.362632070365,3523075.518555543,4710.2926517914675,3497932.151232695,-91042.85145593472,410174.3214985381,3523075.518555542,-313.40064944166767,-537.349468126237,4691.362632070365,4732.425146111896,20144955.863734115,0.8256537261010746,1.6336124105513465,1.3075715880680275e-07,4.623467979858384e-06,0.11691674110864647,0.11668970927413687,-0.026021745783751684,126875.51855554199,0.052869403396895616,0.05262191600141221,2167.4685159027576,-16538845847.956537,-1040274144.9298838,-206708077.74122563,-16538617082.55251,-1908144869.7798638,16571529569.6892,16649612610.41134,-0.9928632335042434,0.02584186770235973,-0.11642507216726061,0.026018809193618913,0.9996614534771989,0.0,-0.11638565686391152,0.003029241738073266,0.9931994777338781,4694.306495042584,-545.3218620312529,-0.11564829676381055,3.7303748802530925e-09,155.2567079012044,0.0,-62.88506185180664,-1.9716460493977868,0.0,2.966848430082486e-17,2.28452311836329,1.5707963267948966,19.539102022354612,461.0,0.019794391302052582,10.816214737020045,0.0,0.04187323487660598,-1579.8268552368036,11.64839840470331,-185.19588394550115,0.0699137560552416,0.13329922771979338,-1.0414428106033478,0.0674158904844067,0.1345797722788965,-1.0414428106033478,-1.3633168396242743e-17,2.719712367286373e-19,-8.804059563921987e-19,-1.3635869449562778e-17,1.76982598056076e-20,-8.804059563921987e-19,-1579.7594393463191,11.782978176982207,-186.2373267561045,-1062995.6275332663,303.69856942257906,139381.3726134035,0.07680923372014557,4701.900905540976
263.30482085256534,2001.0,12.0,14.0,14.0,25.0,51.0,1.0,3498957.777483999,-25861.471632501292,411167.07432565186,-302.22232919530813,-295.0758711875812,4691.27704329833,3523128.2558743553,4710.253539141951,3497865.7529951413,-91156.55958018564,411167.07432565186,3523128.255874356,-314.1379639830187,-537.3212104789599,4691.27704329833,4732.385977561836,20144912.97577885,0.8256533550564805,1.6336124038891064,1.3075715880680275e-07,4.594538125890334e-06,0.11719929590494467,0.1169716702650456,-0.026054725341455205,126928.25587435579,0.05299713012517341,0.05274904228852992,2154.484826385975,-16538844167.871948,-1040273928.6328467,-206711885.21882963,-16538620495.151047,-1908113196.522464,16571527879.34021,16649612417.61694,-0.9928295250571442,0.02587375563980505,-0.11670511104444878,0.026051777572052178,0.9996605948447385,0.0,-0.11666550072811492,0.0030403755944516295,0.9931666109249258,4694.235126573576,-545.3226932547149,-0.11565021409423248,3.7063501016823573e-09,155.3739019430129,0.0,-63.06085291451934,-1.9130490284935542,0.0,2.967054820303576e-17,2.2845568244442975,1.5707963267948966,19.531570085449175,461.0,0.01966644076308193,10.820390113386184,0.0,0.041604287283216405,-1579.727071574907,11.67606740256403,-185.63578058365255,0.0696306731441888,0.13247634871361905,-1.0347538974477641,0.06714619525202549,0.13375276473472286,-1.0347538974477641,-1.3546397739038403e-17,2.7048761760163044e-19,-8.76934683246128e-19,-1.3549086480208073e-17,1.7629728964893956e-20,-8.76934683246128e-19,-1579.659925379655,11.809820167298753,-186.6705344811003,-1062997.8906211704,303.85210762754497,139436.8561483035,0.07690219616935833,4701.8581613217
263.5424002544438,2001.0,12.0,14.0,14.0,25.0,51.0,1.0,3498885.878981277,-25931.574857754695,412281.61367979646,-303.0363885545132,-295.0697771792579,4691.180716274812,3523187.614886213,4710.209521766674,3497791.02195966,-91284.21225811918,412281.61367979646,3523187.6148862136,-314.965689040679,-537.289432891807,4691.180716274812,4732.341897276519,20144865.172560517,0.8256529414864571,1.6336123964595195,1.2990531157078375e-07,4.562165170473764e-06,0.11751650914967064,0.11728821697084077,-0.026091752176499016,126987.61488621403,0.05314052370447716,0.0528917617553064,2139.968266874552,-16538842295.200165,-1040273687.4810824,-206716181.8398886,-16538624354.307785,-1908077549.375174,16571525995.223612,16649612219.1229,-0.9927915865680137,0.02590955187070483,-0.11701948881116048,0.026088791822130517,0.9996596295446073,0.0,-0.116979658834464,0.003052897082726497,0.9931296185485431,4694.154804802571,-545.3236297353521,-0.11565237223161028,3.676597370815307e-09,155.5190372155351,0.0,-63.21903721553509,-1.9,0.0,2.9673098231385615e-17,2.2845984695676367,1.5707963267948966,19.522272375549857,461.0,0.019508047571288108,10.82504387464156,0.0,0.04127012162112026,-1579.6147672711322,11.707126211224827,-186.12957031699273,0.06925561391307103,0.131442632871444,-1.0264455593263642,0.06678825824152751,0.13271335409715407,-1.0264455593263642,-1.343858393286709e-17,2.6860940567050847e-19,-8.723216197508853e-19,-1.34412566959712e-17,1.7537575019044274e-20,-8.723216197508853e-19,-1579.5479790128907,11.83983956532198,-187.1560158763191,-1063000.4130863156,304.0056458325109,139492.4062900881,0.0769951611268768,4701.815367146354
263.80441111658035,2001.0,12.0,14.0,14.0,25.0,51.0,1.0,3498806.3625491695,-26008.88546228567,413510.7400386137,-303.9340946787207,-295.06303856833904,4691.074193468402,3523253.2632305645,4710.160848555235,3497708.3779470627,-91424.98332770198,413510.7400386137,3523253.263230565,-315.8784642966095,-537.2543227488707,4691.074193468402,4732.293154501732,20144812.908008046,0.8256524893178477,1.6336123883324634,1.2904784139758934e-07,4.5267167263853146e-06,0.11786633033342768,0.11763730325343341,-0.026132587614479976,127053.263230565,0.05329865714948541,0.053049151766929314,2124.043432086706,-16538840247.711023,-1040273423.7525779,-206720947.33803195,-16538628645.599241,-1908038129.098898,16571523935.217197,16649612023.383589,-0.9927496312711623,0.025949023955170333,-0.11736616960072142,0.026129613339171548,0.9996585633638845,0.0,-0.1173260964905792,0.0030667326307664807,0.9930887081390336,4694.06598239466,-545.3246665744144,-0.11565475911678257,3.642952594335431e-09,155.68315807641252,0.0,-63.4247371146188,-1.8584209617937337,0.0,2.967597933510233e-17,2.2846455215620356,1.5707963267948966,19.51177852075981,461.0,0.01932895816253576,10.83013180325647,0.0,0.04089278347944542,-1579.4905739559547,11.741372676837575,-186.6740392128125,0.06882415522331302,0.13027994464171175,-1.0170633769678958,0.06637615015584536,0.1315440420868191,-1.0170633769678958,-1.3316824999786142e-17,2.664762769431003e-19,-8.670086213185268e-19,-1.3319479487284453e-17,1.7431836142614877e-20,-8.670086213185268e-19,-1579.424197805799,11.872916718924394,-187.69110258978037,-1063003.1709794346,304.1591840374768,139548.02303875735,0.07708812859572935,4701.772523015139
264.04720196860524,2001.0,12.0,14.0,14.0,25.0,52.0,1.0,3498732.4691555817,-26080.523308786964,414649.67792374204,-304.76588596879105,-295.0567774904466,4690.975213285428,3523314.269238814,4710.115624785835,3497631.582874851,-91555.41980647463,414649.67792374204,3523314.269238814,-316.72421754965706,-537.2217275585674,4690.975213285428,4732.2478660993365,20144764.90643558,0.8256520740293625,1.6336123808628944,1.2731557704981472e-07,4.494028158077688e-06,0.11819047822966054,0.11796077031995582,-0.026170428430097942,127114.26923881425,0.05344518496149858,0.05319499068204346,2109.3645983934402,-16538838367.18486,-1040273181.4429715,-206725388.648318,-16538632655.267818,-1908001500.0160701,16571522043.18903,16649611863.832335,-0.9927106456020139,0.025985595609742333,-0.11768739494627144,0.02616744121583184,0.9996575738822849,0.0,-0.11764709570851599,0.003079577989100943,0.9930506920952024,4693.983450282347,-545.3256311524083,-0.11565697729063323,3.6126581160825555e-09,155.83170941958724,0.0,-63.64756412938083,-1.8,0.0,2.967858730028739e-17,2.2846881128656977,1.5707963267948966,19.502289563308526,461.0,0.019167694372466824,10.834804512865711,0.0,0.04055342958983661,-1579.3751725009336,11.773101076708347,-187.17847459663687,0.06843872504198428,0.1292409371825108,-1.008624364250789,0.06600796888024402,0.13049914548950414,-1.008624364250789,-1.320730602954738e-17,2.6456139483650585e-19,-8.622625569198584e-19,-1.320994415933234e-17,1.7337735660501577e-20,-8.622625569198584e-19,-1579.3091645320533,11.90360022219785,-188.18709896088765,-1063005.7039364576,304.3127222424427,139603.70639431127,0.07718109857894473,4701.729628928255
264.23278367265493,2001.0,12.0,14.0,14.0,25.0,52.0,1.0,3498675.8511901875,-26135.280003459164,415520.230064086,-305.4016402151889,-295.05198079889516,4690.899379610835,3523361.012748304,4710.0809783752975,3497572.7446717215,-91655.11601519841,415520.230064086,3523361.0127483034,-317.37064273779384,-537.1967734947684,4690.899379610835,4732.213170172949,20144728.467453662,0.8256517587745671,1.6336123751894827,1.264405455326822e-07,4.469156106274389e-06,0.1184382389883721,0.11820801077031308,-0.02619935334231784,127161.01274830336,0.053557182556106024,0.05330646170637843,2098.1882391422987,-16538836939.611626,-1040272997.4474651,-206728799.9416225,-16538635740.610338,-1907973436.5808408,16571520606.881096,16649611754.99348,-0.9926807761159661,0.026013546634469142,-0.11793291364712315,0.026196356212455807,0.9996568165731629,0.0,-0.11789244102568083,0.0030894126150728288,0.993021564659449,4693.9202188946265,-545.3263708736899,-0.11565867693133237,3.5918832229762815e-09,155.9355838851186,0.0,-63.80337582767789,-1.8,0.0,2.968041370708685e-17,2.284717940352296,1.5707963267948966,19.495649943274866,461.0,0.019057066811318118,10.838351557570691,0.0,0.040319975386233456,-1579.2867567638714,11.797349439999602,-187.56398832559802,0.06818525841268588,0.1285269756375992,-1.0028179830022166,0.06576620137446984,0.12978143044413346,-1.0028179830022166,-1.3131956157205043e-17,2.632615061152404e-19,-8.591485528420084e-19,-1.3134583384828686e-17,1.7275483776379123e-20,-8.591485528420084e-19,-1579.2209905624968,11.927130870443735,-188.56680630860023,-1063007.6267643422,304.4662604474086,139659.45635674975,0.07727407107955196,4701.686684885896
264.4498207970337,2001.0,12.0,14.0,14.0,25.0,52.0,1.0,3498609.487016135,-26199.316626929634,416538.31973218726,-306.14510739577526,-295.0463590768465,4690.810498559555,3523415.802688683,4710.040372882531,3497503.781425624,-91771.70448717747,416538.31973218726,3523415.8026886834,-318.1265882860743,-537.1675465841396,4690.810498559555,4732.172506647903,20144686.123879313,0.8256513924348952,1.6336123685933077,1.264405455326822e-07,4.440195994697297e-06,0.11872798579699954,0.11849714917629965,-0.026233181561380076,127215.80268868292,0.0536881592989524,0.05343682262816925,2085.164281785488,-16538835280.68421,-1040272783.5782715,-206732807.61033815,-16538639371.209873,-1907940544.686857,16571518937.799961,16649611641.919333,-0.9926457668597372,0.026046231732612262,-0.1182200293857827,0.026230172807238574,0.9996559298251085,0.0,-0.11817935339959626,0.0031009318000659028,0.9929874242164524,4693.846109027847,-545.3272386377613,-0.1156606692035421,3.566098655658542e-09,156.03225336085364,0.0,-63.96450672170729,-1.7677466391463548,0.0,2.968212245281661e-17,2.2847458462878025,1.5707963267948966,19.489442289151597,461.0,0.01891979251788358,10.842473310328963,0.0,0.04003074001063581,-1579.1831279771766,11.825703593191102,-188.01477819064723,0.06785934987973294,0.12763418682132754,-0.9956218301670675,0.06545508771034088,0.12888370146947647,-0.9956218301670675,-1.3038357061990228e-17,2.616288284333711e-19,-8.551255357845138e-19,-1.304097039476617e-17,1.7195425268969865e-20,-8.551255357845138e-19,-1579.1176728894663,11.954587294660579,-189.0104000208143,-1063009.8611770384,304.6197986523745,139715.2729260729,0.07736704610058033,4701.6436908882615
264.68642672439984,2001.0,12.0,14.0,14.0,25.0,52.0,1.0,3498536.9553897204,-26269.125617908598,417648.1818147783,-306.9555526331943,-295.0402157845216,4690.713365976972,3523475.684457251,4709.996000208232,3497428.413300633,-91898.7977381609,417648.1818147783,3523475.684457251,-318.9506354349096,-537.1356314416807,4690.713365976972,4732.128070558066,20144640.328007292,0.8256509962263456,1.6336123614563116,1.2555941601360387e-07,4.408805129574656e-06,0.11904384667739341,0.11881234694577009,-0.026270060635564096,127275.68445725087,0.05383094038018168,0.0535789323650354,2071.0361933410168,-16538833486.466148,-1040272552.2195423,-206737199.00805485,-16538643357.794971,-1907904599.1346016,16571517132.597115,16649611537.365921,-0.9926075064824437,0.026081859495595414,-0.11853301092926713,0.026267039174587347,0.9996549618008209,0.0,-0.11849211251263282,0.0031135112415608497,0.9929501122010321,4693.765119802908,-545.3281879664215,-0.11566284669522454,3.536228827090196e-09,156.1142111431272,0.0,-64.12131671469079,-1.7,0.0,2.968358209954257e-17,2.284769684127855,1.5707963267948966,19.484142813030385,461.0,0.018760804252668652,10.846930921452614,0.0,0.039696159535590005,-1579.0698770334568,11.856609059207893,-188.5061302798341,0.06746871242138806,0.12659381612291223,-0.9872954189931552,0.06508187533223425,0.12783728305780437,-0.9872954189931552,-1.2929857707122698e-17,2.5971568942218103e-19,-8.502849652806931e-19,-1.2932454530206947e-17,1.7099412331422002e-20,-8.502849652806931e-19,-1579.0047951581246,11.984446342265697,-189.49342569882725,-1063012.277773356,304.77333685734044,139771.1561022807,0.07746002364505944,4701.6006469355425
264.9754704069883,2001.0,12.0,14.0,14.0,25.0,52.0,1.0,3498448.08875118,-26354.40404111743,419003.98568804143,-307.9455339352888,-295.0326901748623,4690.594369944763,3523549.052350714,4709.941643322135,3497336.077158012,-92054.04775540152,419003.98568804143,3523549.0523507134,-319.95723097512496,-537.0965680410927,4690.594369944763,4732.073635987958,20144584.89769728,0.8256505166629322,1.6336123528118527,1.2467205919833125e-07,4.370665785247801e-06,0.11942969530738484,0.11919738570427618,-0.0263151141481392,127349.05235071387,0.054005358248812314,0.053752530104381045,2053.873017460108,-16538831314.734018,-1040272272.0853543,-206742595.4235265,-16538648268.350359,-1907860562.5477366,16571514947.562895,16649611436.039454,-0.9925606328155944,0.02612537710919286,-0.11891532641173409,0.026312077115305702,0.9996537773638822,0.0,-0.11887415523394901,0.0031289092387372965,0.9929043987939578,4693.665902005651,-545.3293523864728,-0.11566551468363906,3.5004619790269827e-09,156.29763087678472,0.0,-64.39644631517706,-1.7,0.0,2.96867965165034e-17,2.2848221795406234,1.5707963267948966,19.47248285965944,461.0,0.018570438283062835,10.852326172065688,0.0,0.03929434277967545,-1578.931132577614,11.894356573375227,-189.10626108878847,0.06699935339544778,0.12536494679247903,-0.9773032810767032,0.06463305930780017,0.12660114882655524,-0.9773032810767032,-1.2800167628864967e-17,2.574287656023292e-19,-8.444977387934601e-19,-1.2802744723396529e-17,1.698363755098191e-20,-8.444977387934601e-19,-1578.8664995183062,12.020957722201782,-190.08356436986517,-1063015.2027827501,304.92687506230635,139827.10588537314,0.07755300371601902,4701.557553027936
265.21313893484614,2001.0,12.0,14.0,14.0,25.0,53.0,1.0,3498374.8030626313,-26424.523289159595,420118.78069095896,-308.759489083363,-295.02648500864626,4690.496247074145,3523609.556693792,4709.896824004982,3497259.9350438765,-92181.69488279811,420118.78069095896,3523609.5566937923,-320.78484550441414,-537.0643859724365,4690.496247074145,4732.028752617833,20144539.721333645,0.825650125811949,1.6336123457623222,1.237783411580038e-07,4.339539485212856e-06,0.11974695021669085,0.11951397484690726,-0.026352160691317263,127409.55669379234,0.054148768940073255,0.053895266439035174,2039.8348455280066,-16538829544.704487,-1040272043.7004156,-206747058.90941983,-16538652338.523521,-1907824250.3516562,16571513166.68755,16649611373.577076,-0.9925219803085562,0.02616115474760272,-0.11922966319944851,0.0263491108140675,0.9996528019063959,0.0,-0.11918826688768461,0.0031415956079662148,0.9928667017346015,4693.584088994371,-545.3303136831536,-0.11566771497661492,3.4741920993566514e-09,156.43234820842744,0.0,-64.53234820842742,-1.633825895786286,0.0,2.9689161945107226e-17,2.2848608099213257,1.5707963267948966,19.46391172438134,461.0,0.018430569846814515,10.856723184734298,0.0,0.03900008035098167,-1578.816724063852,11.925388685573898,-189.59962679456925,0.06667216867865582,0.12444862474380164,-0.9699864567772715,0.0643210244690112,0.12567992714907006,-0.9699864567772715,-1.2705166188704555e-17,2.5577869649534322e-19,-8.40475318505663e-19,-1.2707729336077293e-17,1.6903999019843607e-20,-8.40475318505663e-19,-1578.752403039383,12.051068612722968,-190.5696132513465,-1063017.5867121927,305.08041326727226,139883.12227535018,0.07764598631648931,4701.51440916563
265.4923617774655,2001.0,12.0,14.0,14.0,25.0,53.0,1.0,3498288.4568623733,-26506.900403079577,421428.4582583385,-309.71568210363984,-295.0191750978559,4690.380648223591,3523680.84375068,4709.844025299213,3497170.228849222,-92331.65024077127,421428.4582583385,3523680.84375068,-321.7570840395418,-537.0265057975267,4690.380648223591,4731.9758784559635,20144487.085951723,0.8256496704267874,1.633612337544794,1.2287812309317777e-07,4.303108608196728e-06,0.1201196602598583,0.11988590288655472,-0.026395685575934545,127480.84375067987,0.05431724703231099,0.05406295227076069,2023.4231416732073,-16538827482.37861,-1040271777.5366817,-206752333.1257483,-16538657156.798542,-1907781470.7240639,16571511091.720797,16649611323.313667,-0.9924764426527235,0.02620318193814952,-0.11959892991039485,0.026392620561955998,0.9996516541175093,0.0,-0.11955726811561028,0.0031565291767410215,0.992822288208866,4693.48770587031,-545.3314474576208,-0.11567030748674174,3.4421097653105603e-09,156.60210937669967,0.0,-64.75316406504952,-1.6,0.0,2.969213724557188e-17,2.2849094002653616,1.5707963267948966,19.45314177955751,461.0,0.01825978779933793,10.861845940499093,0.0,0.0386400846381129,-1578.681937912255,11.961839457319249,-190.17914142259124,0.06625976832900154,0.12333971530612263,-0.9610346438153676,0.0639270767056202,0.12456472668730136,-0.9610346438153676,-1.2588965008495636e-17,2.537420489540251e-19,-8.353969735141905e-19,-1.2591510738487145e-17,1.680283005409968e-20,-8.353969735141905e-19,-1578.6180108355495,12.08640418400655,-191.1401760664066,-1063020.3642630167,305.2339514722382,139939.2052722119,0.07773897144950062,4701.471215348818
265.70427428206045,2001.0,12.0,14.0,14.0,25.0,53.0,1.0,3498222.7473510527,-26569.418065986043,422422.39924783836,-310.44131781332237,-295.01361306292864,4690.292685460358,3523735.093256446,4709.803851433842,3497101.9663241147,-92445.44982162629,422422.39924783836,3523735.093256446,-322.49489577083284,-536.9977057159684,4690.292685460358,4731.935647177103,20144447.47432201,0.8256493277182717,1.6336123313559916,1.2105760581248946e-07,4.275620694531459e-06,0.12040251338469142,0.12016816264657222,-0.026428718987910237,127535.0932564456,0.05444510639802229,0.054190210361936796,2011.0289831012487,-16538825930.308046,-1040271577.1528964,-206756357.86334231,-16538660840.57573,-1907748918.2755647,16571509530.13231,16649611302.558735,-0.9924417908192644,0.026235073686028194,-0.11987915892322609,0.02642564245247274,0.9996507817337883,0.0,-0.11983729493119201,0.0031678837912083296,0.9927884906946998,4693.414365725019,-545.3323111166061,-0.11567228045628059,3.418298103120548e-09,156.73354056987912,0.0,-64.91677028493957,-1.5832297150604342,0.0,2.969443899434418e-17,2.284946990675493,1.5707963267948966,19.444818389917028,461.0,0.018133029092941757,10.865701102902241,0.0,0.038372742153499784,-1578.579373917203,11.989498200967395,-190.61887555279168,0.06595426236498522,0.12251584254149785,-0.9543871438301315,0.06363526953977759,0.12373620678023976,-0.9543871438301315,-1.2502693529625295e-17,2.5223117587325504e-19,-8.316369509225434e-19,-1.250522635709698e-17,1.6727808691503505e-20,-8.316369509225434e-19,-1578.515738647663,12.113234407747635,-191.5732626966218,-1063022.4545645285,305.3874896772041,139995.3548759582,0.07783195911808372,4701.4279715776875
265.8904324354285,2001.0,12.0,14.0,14.0,25.0,53.0,1.0,3498164.8968384047,-26624.336799888886,423295.52826865716,-311.0787260412697,-295.008716794091,4690.215248544367,3523782.8544101184,4709.768486290813,3497041.8709441405,-92545.41396517609,423295.52826865716,3523782.8544101184,-323.14299915464704,-536.9723691442523,4690.215248544367,4731.900231493173,20144412.878624175,0.8256490284055729,1.6336123259497903,1.2105760581248946e-07,4.2515861926061495e-06,0.1206509832315698,0.12041611131543631,-0.02645773830407621,127582.85441011842,0.05455742316237109,0.054301998927225634,2000.1779936552048,-16538824574.746899,-1040271402.1238347,-206759909.09973103,-16538664094.433815,-1907720261.064239,16571508166.257307,16649611295.252518,-0.9924112850959272,0.026263086514923237,-0.1201253158204372,0.026454651623432572,0.9996500144588019,0.0,-0.12008327369676819,0.0031778733811844793,0.9927587362995303,4693.349802130039,-545.3330720462162,-0.1156740175037539,3.400255000621926e-09,156.83967646692986,0.0,-64.96983823346493,-1.5301617665350769,0.0,2.9696300462844065e-17,2.284977390763113,1.5707963267948966,19.438092484442798,461.0,0.018036927431245655,10.869067949516996,0.0,0.038170583361546245,-1578.4890827727963,12.01379186346343,-191.0051097827034,0.06574044027396876,0.12187696654269614,-0.9493619645313527,0.0634318928233425,0.12309425426847802,-0.9493619645313527,-1.2437485614479033e-17,2.5111536924428577e-19,-8.290205739702035e-19,-1.2440009214111452e-17,1.6676086644722913e-20,-8.290205739702035e-19,-1578.425650879973,12.136886117731908,-191.95447174723478,-1063024.280182572,305.54102788217,140051.57108658916,0.07792494932526947,4701.384677852428
266.10584989275145,2001.0,12.0,14.0,14.0,25.0,54.0,1.0,3498097.8056096956,-26687.886216073988,424305.8728406492,-311.8162730930945,-295.0030390459258,4690.125448487092,3523838.2446714425,4709.727476591214,3496972.1795274867,-92661.08402576245,424305.8728406492,3523838.244671443,-323.89292110758635,-536.9430075347891,4690.125448487092,4731.859163186322,20144373.08044876,0.8256486840817493,1.633612319729356,1.20137002293744e-07,4.223841843220807e-06,0.12093849764821817,0.1207030227159899,-0.026491319360921306,127638.24467144255,0.05468738918780179,0.05443135373515509,1987.6646891534328,-16538823015.30757,-1040271200.7513732,-206764036.79589728,-16538667880.4507,-1907687028.5190747,16571506597.252527,16649611299.533203,-0.9923759085183376,0.026295498712484752,-0.12041014467172594,0.026488220912470717,0.9996491255199957,0.0,-0.120367895824827,0.003189450512167235,0.9927242301163672,4693.27493123442,-545.3339551825117,-0.1156760320753159,3.377642956243884e-09,156.9706116786064,0.0,-65.07061167860638,-1.5,0.0,2.9698593139450306e-17,2.2850148330135287,1.5707963267948966,19.42981513023368,461.0,0.01791653369094472,10.872940994897538,0.0,0.03791677499761051,-1578.38437603222,12.041899619051657,-191.4519826393668,0.0654568097685745,0.1210828327875738,-0.9430524064616606,0.0631614114316616,0.12229588074380622,-0.9430524064616606,-1.2355599458244049e-17,2.496912192756436e-19,-8.255371576686129e-19,-1.2358111016453435e-17,1.6606702148169586e-20,-8.255371576686129e-19,-1578.3212146207884,12.164195499795463,-192.39503504582848,-1063026.380343577,305.6945660871359,140107.85390410476,0.07801794207408912,4701.3413341732285
266.34113569528665,2001.0,12.0,14.0,14.0,25.0,54.0,1.0,3498024.344903026,-26757.295511941593,425409.38120993174,-312.62178965065425,-294.99682307256654,4690.027131011197,3523898.8935579257,4709.682579389868,3496895.875767054,-92787.41531438402,425409.38120993174,3523898.8935579257,-324.71195238042264,-536.9108854629362,4690.027131011197,4731.814201822427,20144329.933625855,0.8256483107854498,1.6336123129826954,1.1920928955078133e-07,4.19369084853818e-06,0.12125251952289921,0.1210163860842662,-0.02652799845371,127698.89355792524,0.05482933722227759,0.054572634179596534,1974.0587060451508,-16538821324.620884,-1040270982.386043,-206768567.69120064,-16538672042.402266,-1907650643.8128455,16571504896.192524,16649611321.155909,-0.9923371757798625,0.026330896009533533,-0.12072122216322008,0.02652488711767554,0.9996481532836414,0.0,-0.12067874679760715,0.0032021167905872433,0.9926864492474038,4693.192959679577,-545.3349230135597,-0.11567823797633958,3.3513314073558354e-09,157.12223389481312,0.0,-65.22223389481313,-1.48888305259344,0.0,2.9701244051263267e-17,2.2850581256888507,1.5707963267948966,19.420253497520616,461.0,0.01777648185249311,10.877139814666767,0.0,0.037621179205242695,-1578.2697373188582,12.072594583433595,-191.93998844333092,0.06511285034922344,0.12016534337932452,-0.9357036020507359,0.06283279384517097,0.12137311501185749,-0.9357036020507359,-1.226021795714943e-17,2.4801175972864815e-19,-8.213020844833294e-19,-1.2262715083225637e-17,1.6522027826012805e-20,-8.213020844833294e-19,-1578.206904525013,12.193967698445453,-192.87569204538164,-1063028.6572230328,305.8481042921018,140164.20332850498,0.07811093736757414,4701.297940540274
266.6299242322236,2001.0,12.0,14.0,14.0,25.0,54.0,1.0,3497933.9205632955,-26842.48610856984,426763.7898157038,-313.61039648182805,-294.98917282805274,4689.906121177864,3523973.547571783,4709.627322658223,3496801.9575319854,-92942.46332150087,426763.7898157038,3523973.5475717825,-325.7171448914967,-536.871384228709,4689.906121177864,4731.758866123835,20144277.42006185,0.8256478564491406,1.6336123047673377,1.1827430029502178e-07,4.156916554911906e-06,0.1216379332533256,0.12140099173182055,-0.026573019312157744,127773.54757178295,0.05500355633722924,0.054746033899789506,1957.4424859434366,-16538819266.853676,-1040270716.5452207,-206774161.07180932,-16538677188.337843,-1907605861.106118,16571502825.795725,16649611371.292122,-0.9922895022698113,0.02637433626184382,-0.12110300603980648,0.026569892108785517,0.9996469580973713,0.0,-0.12106025160414012,0.003217693804527259,0.9926399457648895,4693.092069553904,-545.3361155315026,-0.11568095336794725,3.320536626639529e-09,157.30886892945742,0.0,-65.40886892945741,-1.3955655352713001,0.0,2.9704505572186154e-17,2.285111390367698,1.5707963267948966,19.408502776689325,461.0,0.017612547289613947,10.882249933746506,0.0,0.03727644849659278,-1578.1286384805908,12.11026194832458,-192.53884546401537,0.06471933264449062,0.11909449162602644,-0.9271335853873413,0.062457099101548154,0.12029630387268472,-0.9271335853873413,-1.2149022422228392e-17,2.460654014283609e-19,-8.164644248578909e-19,-1.2151502959347302e-17,1.6426398329675847e-20,-8.164644248578909e-19,-1578.0661813814893,12.230558252197264,-193.4659790494027,-1063031.4284032676,306.00164249706773,140220.61935978982,0.07820393520875639,4701.25449695375
266.92992423222364,2001.0,12.0,14.0,14.0,25.0,54.0,1.0,3497839.6834080443,-26930.98166528291,428170.7427467382,-314.63728989215707,-294.981201282971,4689.78002167844,3524051.349447371,4709.56974521402,3496704.0857680975,-93103.51857066361,428170.7427467382,3524051.349447371,-326.7612652941318,-536.8302621712016,4689.78002167844,4731.701206396453,20144223.359012548,0.8256473887230223,1.6336122963053892,1.1733186057227575e-07,4.118951581231667e-06,0.1220382920764732,0.12180051128178508,-0.026619789318267657,127851.34944737097,0.05518453069207962,0.05492615705096724,1940.2716226279736,-16538817148.390032,-1040270442.792252,-206780009.2578962,-16538682576.818449,-1907559194.6294856,16571500694.325518,16649611449.820753,-0.9922398225884075,0.02641945571685945,-0.12149957542868448,0.026616645574046506,0.9996457143300248,0.0,-0.12145652987020202,0.003233911136582424,0.9925914835271605,4692.986937149173,-545.3373596877663,-0.11568378337436834,3.291267986548741e-09,157.48077654971328,0.0,-65.58077654971328,-1.4,0.0,2.9707515857119656e-17,2.285160552051468,1.5707963267948966,19.397670247692925,461.0,0.017456690384163562,10.887510424925761,0.0,0.03694725774799167,-1577.9816046377534,12.149382907465732,-193.16081263053658,0.06435564545174437,0.11807190450536297,-0.9189479240570098,0.06211026575614971,0.11926834711160642,-0.9189479240570098,-1.2042762505980058e-17,2.4422360323161784e-19,-8.119979256728828e-19,-1.2045227563188952e-17,1.633691548896955e-20,-8.119979256728828e-19,-1577.9194943719972,12.268651254577339,-194.0797605545936,-1063034.2812605575,306.1551807020337,140277.10199795934,0.07829693560066787,4701.211003413843
267.2299242322237,2001.0,12.0,14.0,14.0,25.0,55.0,1.0,3497745.1381989922,-27019.474826845348,429577.65778849355,-315.66408771216715,-294.9732049827391,4689.653523050516,3524129.4056668314,4709.511988963301,3496605.9007827053,-93264.56146989307,429577.65778849355,3524129.4056668314,-327.8052874693102,-536.7890511820412,4689.653523050516,4731.64336760727,20144169.799834434,0.8256469253377201,1.6336122879172983,1.1638178938488153e-07,4.081177514475395e-06,0.1224386329154821,0.12220001303334456,-0.02666656068427235,127929.40566683142,0.05536549649865042,0.05510627165585758,1923.1941602379084,-16538815049.535051,-1040270171.4990284,-206785895.93975642,-16538688008.926586,-1907512380.2220125,16571498582.579712,16649611555.35083,-0.9921899846129748,0.026464567765282065,-0.12189610775862227,0.026663400340496645,0.9996444683397605,0.0,-0.12185276983305411,0.0032501647211164645,0.9925428650256363,4692.88147315335,-545.3386092930019,-0.11568662275285392,3.259370162432041e-09,157.67351416707854,0.0,-65.77351416707853,-1.4,0.0,2.9710881441612226e-17,2.28521551621738,1.5707963267948966,19.38557395340704,461.0,0.01728690091059515,10.892721940932834,0.0,0.03658867036675211,-1577.8341050657862,12.188494929826316,-193.78263780018239,0.06393716274707383,0.11695898220829773,-0.9100328378141789,0.06171040149195701,0.11814901881542723,-0.9100328378141789,-1.1927042988519742e-17,2.4218435765833275e-19,-8.068452281716152e-19,-1.192949052473198e-17,1.623371251910645e-20,-8.068452281716152e-19,-1577.772394664294,12.306643948641742,-194.69267063799657,-1063037.1076486837,306.3087189069996,140333.65124301348,0.07838993854634084,4701.167459920736
267.5299242322238,2001.0,12.0,14.0,14.0,25.0,55.0,1.0,3497650.2849649885,-27107.965585804635,430984.5348207555,-316.69078965599056,-294.9651839638511,4689.526625625888,3524207.716206372,4709.454054182703,3496507.4026054516,-93425.59199248833,430984.5348207555,3524207.716206372,-328.8492111271563,-536.7477513114045,4689.526625625888,4731.585350033425,20144116.764045853,0.8256464664794603,1.6336122796063526,1.1542389828584848e-07,4.043682072901081e-06,0.12283895569712211,0.12259949693008991,-0.026713333414793063,128007.71620637178,0.055546453730793206,0.05528637768833103,1906.2177978008986,-16538812971.133194,-1040269902.7732499,-206791821.24860263,-16538693485.500093,-1907465418.0179732,16571496491.407864,16649611688.732954,-0.9921399883799307,0.026509672390439054,-0.12229260291294297,0.02671015641264817,0.9996432201262668,0.0,-0.12224897137351719,0.0032664545519145802,0.9924940902961474,4692.775677881914,-545.3398643818474,-0.11568947150419386,3.2270670648716432e-09,157.7846452579647,0.0,-65.96929051592943,-1.3153547420352827,0.0,2.9712849345964346e-17,2.2852476545343783,1.5707963267948966,19.37850829965809,461.0,0.01711496019482706,10.89788234643651,0.0,0.03622682839549638,-1577.686139954087,12.227597987974503,-194.40432053602862,0.06350917526072819,0.11583231046967635,-0.9010278209186783,0.061301342504776445,0.11701574636839894,-0.9010278209186783,-1.180968300842573e-17,2.4010713326886106e-19,-8.015413588590552e-19,-1.1812112599543566e-17,1.6128566275968574e-20,-8.015413588590552e-19,-1577.6248386115822,12.344613734342902,-195.3053483569473,-1063039.9064316712,306.4622571119655,140390.26709495223,0.0784829440488079,4701.123866474617
267.82992423222385,2001.0,12.0,14.0,14.0,25.0,55.0,1.0,3497555.123734819,-27196.453934750603,432391.3737239808,-317.7173954114583,-294.9571382108083,4689.399329322124,3524286.2810420524,4709.395940731182,3496408.5912659136,-93586.61011179206,432391.3737239808,3524286.281042052,-329.89303595051774,-536.7063625580033,4689.399329322124,4731.52715353359,20144064.235874914,0.8256460120118388,1.6336122713703751,1.144579909424277e-07,4.006389946178746e-06,0.12323926037408627,0.12299896291581548,-0.026760107514463654,128086.28104205197,0.05572740236224605,0.05546647512211781,1889.3391059488058,-16538810912.567183,-1040269636.5399482,-206797785.29891282,-16538699005.915106,-1907418307.9689777,16571494420.189201,16649611849.34463,-0.9920898339257798,0.02655476957567721,-0.12268906077520253,0.02675691379502588,0.999641969689231,0.0,-0.12264513437264524,0.003282780622754785,0.9924451593746119,4692.669551235929,-545.3411249367324,-0.11569232962832997,3.1976969512476122e-09,157.94729120455992,0.0,-66.14729120455993,-1.3,0.0,2.971569793625973e-17,2.2852941755443115,1.5707963267948966,19.368290012550315,461.0,0.016958591920502183,10.902993148735433,0.0,0.035896820104360905,-1577.5377094926462,12.266692054515744,-195.02586040174288,0.06313272741748863,0.11480593803981631,-0.8928205038282396,0.060941958089294195,0.11598371620454213,-0.8928205038282396,-1.1703036465127992e-17,2.3824082316282748e-19,-7.969050294841185e-19,-1.1705450185424601e-17,1.6035912195797367e-20,-7.969050294841185e-19,-1577.476767534557,12.382675770720287,-195.9186809055711,-1063042.678441396,306.61579531693144,140446.94955377563,0.07857595211110195,4701.080223075663
268.1299242322239,2001.0,12.0,14.0,14.0,25.0,56.0,1.0,3497459.6545373923,-27284.939866255052,433798.17437844514,-318.7439046619856,-294.9490676990674,4689.271633991313,3524365.100149869,4709.337648401448,3496309.4667937965,-93747.6158011337,433798.17437844514,3524365.100149868,-330.93676161765393,-536.6648849116266,4689.271633991313,4731.468777900024,20144012.193629924,0.8256455617472286,1.6336122632061518,1.1250129990683128e-07,3.969278894519291e-06,0.1236395469032553,0.12339841093427234,-0.026806882987912905,128165.10014986806,0.05590834236666105,0.05564656393087196,1872.5524913221598,-16538808872.987877,-1040269372.692344,-206803788.20289007,-16538704569.315895,-1907371049.9949265,16571492368.069561,16649612036.329384,-0.9920395212871451,0.026599859304345976,-0.12308548122894492,0.026803672492149457,0.9996407170283399,0.0,-0.12304125871148076,0.003299142927399249,0.9923960722970638,4692.563093050911,-545.342390931002,-0.1156951971248998,3.1669599400527743e-09,158.13775037467016,0.0,-66.33775037467016,-1.2311248126649195,0.0,2.9719020878858345e-17,2.2853484433152462,1.5707963267948966,19.356384218895744,461.0,0.016794987833941746,10.908056488903366,0.0,0.03555228963013474,-1577.3888138720195,12.305777102064722,-195.64725696118742,0.06272773528836258,0.11373395849576681,-0.8842547644282784,0.06055494520473556,0.11490552946127167,-0.8842547644282784,-1.159182156381615e-17,2.3627675232703556e-19,-7.919165973338811e-19,-1.15942183819001e-17,1.5936870870957948e-20,-7.919165973338811e-19,-1577.3282589268147,12.420682631525994,-196.5315117256157,-1063045.4248221535,306.76933352189735,140503.69861948368,0.07866896273625608,4701.036529724061
268.429924232224,2001.0,12.0,14.0,14.0,25.0,56.0,1.0,3497363.8774017007,-27373.423372898316,435204.93666451017,-319.7703171266002,-294.94097247066964,4689.143540010815,3524444.1735057416,4709.279177515637,3496210.0292188874,-93908.60903385529,435204.93666451017,3524444.173505741,-331.98038784369663,-536.6233184279907,4689.143540010815,4731.410223455442,20143960.662855655,0.8256451159066905,1.6336122551175347,1.1151007970493862e-07,3.932438742742067e-06,0.12403981520818635,0.12379784092924516,-0.026853659839772243,128244.17350574117,0.056089273717758244,0.055826644088327694,1855.8668596297503,-16538806853.397633,-1040269111.3574418,-206809830.0933508,-16538710176.698143,-1907323644.2495832,16571490336.057295,16649612250.696875,-0.9919890505007575,0.026644941559804878,-0.12348186415777858,0.026850432508541196,0.999639462143279,0.0,-0.12343734427113122,0.003315541459597286,0.9923468290996449,4692.456303687907,-545.3436624048547,-0.11569807399476004,3.135330597703533e-09,158.33543376435293,0.0,-66.53543376435292,-1.2,0.0,2.972246569237108e-17,2.28540470138925,1.5707963267948966,19.344057728342634,461.0,0.016626662389990582,10.913069797524475,0.0,0.035197187688001404,-1577.2394532833234,12.344853103257506,-196.26850977854207,0.06229983991291789,0.11262989577229952,-0.8754264809053515,0.06014568950999429,0.11379481318681274,-0.8754264809053515,-1.1477184394086405e-17,2.342365216868509e-19,-7.866391186462417e-19,-1.147956348154194e-17,1.5831525547360332e-20,-7.866391186462417e-19,-1577.1793075938135,12.458647916444319,-197.14393625944743,-1063048.1442254893,306.92287172686326,140560.51429207632,0.07876197592730368,4700.9927864199935
268.68266866334096,2001.0,12.0,14.0,14.0,25.0,56.0,1.0,3497282.9479645966,-27447.967197275877,436390.07791013975,-320.63497523312367,-294.9341332059675,4689.035313830922,3524510.9886515634,4709.229778278625,3496126.0119219427,-94044.23315638452,436390.07791013975,3524510.988651563,-332.85954616044387,-536.5882304966713,4689.035313830922,4731.360753623754,20143917.6420711,0.8256447436931225,1.633612248361013,1.1151007970493862e-07,3.901714765802269e-06,0.12437701964039242,0.1241343392555586,-0.026893069542377846,128310.98865156295,0.05624169828697399,0.05597835154427208,1841.8872123360634,-16538805167.287403,-1040268893.1164471,-206814950.6203295,-16538714934.786945,-1907283591.0980206,16571488639.572536,16649612452.391094,-0.991946407084269,0.026682916710770353,-0.12381578020759627,0.026889827981595855,0.999638403199437,0.0,-0.12377100881761399,0.0033293850311893443,0.9923052214775372,4692.36607860731,-545.3447378475903,-0.11570050497901925,3.110881686683876e-09,158.4910858923621,0.0,-66.69108589236208,-1.2,0.0,2.972518060145006e-17,2.285449039219241,1.5707963267948966,19.3343544607611,461.0,0.016496514428931026,10.917255076968948,0.0,0.03492229321819855,-1577.1132590260179,12.377766867656145,-196.79179186231676,0.06197893381455652,0.11177541855513479,-0.868591460487318,0.059839075366346625,0.11293545718358534,-0.868591460487318,-1.1388430509476851e-17,2.326725385805558e-19,-7.826875364754298e-19,-1.1390796190002828e-17,1.5752371560037444e-20,-7.826875364754298e-19,-1577.0534199506515,12.49070232483973,-197.66038332280408,-1063050.4145467859,307.0764099318292,140617.39657155363,0.07885499168727841,4700.948993163641
268.90100181213404,2001.0,12.0,14.0,14.0,25.0,56.0,1.0,3497212.861185332,-27512.360449084845,437413.8395293568,-321.38185406696226,-294.9282109476397,4688.941594646729,3524568.852133462,4709.187002418199,3496053.254746333,-94161.38484083842,437413.8395293568,3524568.8521334617,-333.6189494707872,-536.5578690184384,4688.941594646729,4731.3179166337795,20143880.73826689,0.8256444244027392,1.633612242562704,1.1050996910178164e-07,3.8751614974215795e-06,0.12466830306720735,0.12442501280818762,-0.026927114386435688,128368.85213346127,0.05637336520186874,0.05610939898236941,1829.859503671527,-16538803720.887892,-1040268705.8633516,-206819396.3727004,-16538719068.907927,-1907248906.6329834,16571487184.270973,16649612640.984394,-0.9919094792630119,0.026715717238391147,-0.12410421185688716,0.026923860499557088,0.9996374871601207,0.0,-0.12405922248660595,0.0033413644874423086,0.992269189584853,4692.287948199966,-545.3456699571412,-0.1157026103387395,3.090459146615495e-09,158.62213033365316,0.0,-66.82213033365315,-1.1889348331734217,0.0,2.972746676136664e-17,2.285486375044038,1.5707963267948966,19.32619136933027,461.0,0.016387790294499452,10.920845193606532,0.0,0.03469281526482783,-1577.0039806962977,12.406194209137364,-197.24374624301478,0.06171390392992032,0.11106160182002885,-0.8628854373496212,0.05958595059385098,0.11221764490903031,-0.8628854373496212,-1.131433212740431e-17,2.3137114153562872e-19,-7.794257814962535e-19,-1.1316686706217107e-17,1.568718195970697e-20,-7.794257814962535e-19,-1576.944394745704,12.518411854046395,-198.10663168036442,-1063052.3620664738,307.2299481367951,140674.34545791554,0.0789480100192142,4700.905149955186
269.1074140634605,2001.0,12.0,14.0,14.0,25.0,57.0,1.0,3497146.4511637585,-27573.236666164783,438381.68535855017,-322.0879061065538,-294.9226000003454,4688.852798351806,3524623.6801005183,4709.146475091068,3495984.3176164343,-94272.13399236934,438381.68535855017,3524623.6801005187,-334.33684085660667,-536.5291220088642,4688.852798351806,4731.27733139045,20143846.090845924,0.8256441246339975,1.6336122371167432,1.0950072449966577e-07,3.850184394210013e-06,0.12494367359972199,0.12469980685864684,-0.02695930107353779,128423.68010051874,0.05649783891194561,0.05623328703980781,1818.5367136150599,-16538802362.897875,-1040268530.0215821,-206823618.52652836,-16538722998.42202,-1907216043.9473233,16571485817.920881,16649612832.31547,-0.9918744907021485,0.02674672321037144,-0.12437687683754313,0.026956035504619957,0.9996366200524437,0.0,-0.12433168077456068,0.003352707507986556,0.9922350490222257,4692.21392238355,-545.3465538372793,-0.11570460531226506,3.0685279597925054e-09,158.75920025129685,0.0,-66.95920025129683,-1.1203998743515795,0.0,2.9729852330681576e-17,2.285525334347514,1.5707963267948966,19.31768091142448,461.0,0.01627109614444433,10.924215688120952,0.0,0.03444727585598369,-1576.900442684127,12.433064989497472,-197.6709535502782,0.06141135956220851,0.11029613003197887,-0.856781003302232,0.05929641986906389,0.11144741349184258,-0.856781003302232,-1.123502934944659e-17,2.299498268516134e-19,-7.756892934204512e-19,-1.1237371473574176e-17,1.561315780782451e-20,-7.756892934204512e-19,-1576.841146264258,12.544512402989314,-198.52773455358044,-1063054.190516837,307.383486341761,140731.36095116212,0.07904103092614521,4700.861256794813
269.3557159464619,2001.0,12.0,14.0,14.0,25.0,57.0,1.0,3497066.3706907877,-27646.465663370116,439545.92304802645,-322.9371841383806,-294.9158348693333,4688.745731747863,3524689.7943717334,4709.097611171349,3495901.19394191,-94405.35088457988,439545.92304802645,3524689.7943717334,-335.2003592555482,-536.4944853553955,4688.745731747863,4731.228397641104,20143804.734078642,0.8256437668155027,1.6336122306132934,1.0848209096909347e-07,3.820339236473648e-06,0.12527491671543975,0.1250303566298086,-0.026998020652467883,128489.79437173344,0.05664756803350561,0.05638231165672123,1804.9820799827576,-16538800741.904055,-1040268320.0784503,-206828722.23852003,-16538727753.022398,-1907176419.4293346,16571484186.945002,16649613079.701384,-0.9918323023842286,0.02678401686166183,-0.12470485310505866,0.026994740993415495,0.9996355755767691,0.0,-0.12465940761089175,0.0033663752101929846,0.9921938820674343,4692.124666089874,-545.3476205410066,-0.11570701102887153,3.0427046809532946e-09,158.9244859293336,0.0,-67.12448592933359,-1.1,0.0,2.973272776609964e-17,2.2855722937715712,1.5707963267948966,19.307433156788942,461.0,0.016133688620650878,10.928238721810763,0.0,0.034157279123830105,-1576.7756012463396,12.465383237803909,-198.18476792378567,0.06105388162297388,0.10939365443613337,-0.8495711650827688,0.05895427510493281,0.11053932123446465,-0.8495711650827688,-1.1141372670978603e-17,2.2827103904846995e-19,-7.71274581740402e-19,-1.1143700087373661e-17,1.5524933668916485e-20,-7.71274581740402e-19,-1576.7166469712347,12.575922559038373,-199.03433908886845,-1063056.3730481602,307.5370245467269,140788.44305129332,0.07913405441110598,4700.817313682699
269.64921269962065,2001.0,12.0,14.0,14.0,25.0,57.0,1.0,3496971.4423713093,-27733.02132727167,440922.0360828479,-323.94095760374506,-294.90781654456634,4688.618825325182,3524768.167005577,4709.039695465096,3495802.663950517,-94562.80425666162,440922.0360828479,3524768.167005577,-336.22096269736954,-536.4534658562258,4688.618825325182,4731.170399169744,20143756.28620988,0.8256433476439771,1.6336122229910954,1.0848209096909347e-07,3.7853055828861927e-06,0.1256664350136775,0.1254210555610397,-0.02704378904190726,128568.16700557712,0.056824542481999564,0.05655845337136668,1789.04938647151,-16538798842.923946,-1040268074.0744271,-206834789.78429636,-16538733411.266573,-1907129452.1082194,16571482276.26739,16649613395.701084,-0.9917822955489104,0.026828091884691603,-0.12509249266666742,0.027040492675446424,0.9996343390239598,0.0,-0.12504675122370362,0.0033825626317063556,0.9921450842888049,4692.018871281688,-545.3488862374504,-0.1157098629052333,3.014944331474296e-09,159.10703779017135,0.0,-67.25351889508568,-1.1,0.0,2.973590659277351e-17,2.2856242079508444,1.5707963267948966,19.29611721459515,461.0,0.015985928886147322,10.93295140455874,0.0,0.03384505416163346,-1576.6276266324835,12.503575827006049,-198.79197606711523,0.06068208662397941,0.1084128985756512,-0.8418090598389976,0.058598992782622476,0.10955286513586368,-0.8418090598389976,-1.1040536478091506e-17,2.26483469540911e-19,-7.666929382415918e-19,-1.1042848468879314e-17,1.543306237589282e-20,-7.666929382415918e-19,-1576.5690276397008,12.613128692141913,-199.63378512695422,-1063058.9298114032,307.6905627516928,140845.59175830914,0.0792270804771311,4700.77332061903
269.9492126996207,2001.0,12.0,14.0,14.0,25.0,57.0,1.0,3496874.1061939127,-27821.49243978318,442328.6022235229,-324.96687520824815,-294.8995960550758,4688.48871239721,3524848.5275761946,4708.980319348565,3495701.641191489,-94723.73399620311,442328.6022235229,3524848.527576195,-337.2640805430265,-536.4114496046255,4688.48871239721,4731.110938201251,20143707.2095862,0.8256429230315174,1.6336122152675363,1.0745380149674388e-07,3.749678176653882e-06,0.12606661022674637,0.12582039341705345,-0.027090572945571087,128648.52757619508,0.05700542960618717,0.05673848931213421,1772.8533554524183,-16538796919.244053,-1040267824.8338253,-206841030.9170065,-16538739235.961498,-1907081297.788627,16571480340.735533,16649613743.374899,-0.991731024423694,0.026873136038369955,-0.12548868377265648,0.027087259442453094,0.9996330728701893,0.0,-0.12544263857009608,0.0033991445344419,0.9920950510132617,4691.910404411911,-545.3501853413139,-0.11571278724581108,2.986070564224409e-09,159.29631894048768,0.0,-67.39631894048767,-1.051840529756159,0.0,2.9739200152127006e-17,2.2856779958569704,1.5707963267948966,19.28440729705893,461.0,0.015832262368445132,10.937725137382214,0.0,0.03352102046883037,-1576.4759142633397,12.54260559523432,-199.41249425022477,0.06029022556513579,0.10739519829371362,-0.8337533382327065,0.05822434597301324,0.10852909955977649,-0.8337533382327065,-1.0935866446248088e-17,2.246189233815182e-19,-7.618594515301705e-19,-1.0938162248543445e-17,1.533673546983298e-20,-7.618594515301705e-19,-1576.4176899173667,12.651134694794097,-200.24624758845746,-1063061.5197687764,307.84410095665874,140902.8070722096,0.07932010912725566,4700.729277603984
270.2492126996208,2001.0,12.0,14.0,14.0,25.0,58.0,1.0,3496776.4622560325,-27909.961082439957,443735.12927052873,-325.99269420114075,-294.8913508735371,4688.358201279669,3524929.1422472834,4708.9207647824005,3495600.3055123077,-94884.65111755596,443735.12927052873,3524929.142247284,-338.30709709394404,-536.3693446263533,4688.358201279669,4731.051298528199,20143658.634306572,0.8256425027557867,1.6336122076186468,1.0641557616804321e-07,3.714276961753523e-06,0.12646676686920535,0.1262197129089416,-0.027137358255735534,128729.14224728383,0.05718630791765303,0.05691851644222613,1756.7623760700226,-16538795015.162367,-1040267578.065783,-206847311.7680299,-16538745104.20646,-1907032995.8216686,16571478424.918446,16649614118.03443,-0.9916795953758442,0.026918172618092172,-0.1258848366488382,0.027134027556155724,0.9996318044903242,0.0,-0.12583848641724782,0.0034157626265317377,0.9920448618393704,4691.801606723091,-545.3514899371243,-0.11571572096102806,2.955321657268559e-09,159.4978556182096,0.0,-67.5978556182096,-1.0,0.0,2.974270087931485e-17,2.285735167070585,1.5707963267948966,19.271976905623994,461.0,0.01566866505014446,10.9424498200356,0.0,0.0331760898895167,-1576.323738097111,12.581626151541894,-200.03286605442432,0.059857316155305845,0.10632037212586096,-0.8251776474971442,0.05780979614127004,0.1074474164249778,-0.8251776474971442,-1.0824431272850062e-17,2.2261000179897775e-19,-7.565079211289716e-19,-1.0826709363316295e-17,1.523009634277513e-20,-7.565079211289716e-19,-1576.2659283009696,12.689073567966872,-200.85804370192147,-1063064.0832807757,307.99763916162465,140960.0889929947,0.07941314036451486,4700.685184637745
270.54921269962085,2001.0,12.0,14.0,14.0,25.0,58.0,1.0,3496678.5105872853,-27998.42724783677,445141.6171044664,-327.0184142729696,-294.8830809851923,4688.227291914738,3525010.010994245,4708.861031648644,3495498.6569433943,-95045.55559410645,445141.6171044664,3525010.010994245,-339.35001203570795,-536.3271509211049,4688.227291914738,4730.991480032276,20143610.546575215,0.8256420866974651,1.6336122000420805,1.0536712127723512e-07,3.679108467583577e-06,0.12686690489260977,0.12661901398062123,-0.02718414497703746,128810.01099424437,0.057367177390062245,0.05709853473528999,1740.7724982351065,-16538793130.139496,-1040267333.6974167,-206853632.4534375,-16538751015.45533,-1906984546.1618001,16571476528.273224,16649614519.134785,-0.9916280084428678,0.026963201607276697,-0.12628095117917473,0.027180797021081737,0.999630533884044,0.0,-0.12623429464662334,0.0034324169016302806,0.991994516804041,4691.692478140504,-545.3528000080166,-0.11571866405041782,2.926663001918544e-09,159.68891332054304,0.0,-67.78891332054305,-0.9555433397284804,0.0,2.9746021571290195e-17,2.285789398086053,1.5707963267948966,19.260201078058326,461.0,0.015516158178961303,10.947126930646698,0.0,0.03285449665315967,-1576.1710983288613,12.620637468696453,-200.65309104599143,0.05946256903465708,0.10531795212073261,-0.8171814707962688,0.057432059151492826,0.10643884035785862,-0.8171814707962688,-1.0720523337995153e-17,2.207501945084684e-19,-7.516334163313831e-19,-1.0722785192427612e-17,1.513294186158657e-20,-7.516334163313831e-19,-1576.1136662697097,12.727076309054311,-201.4702725167877,-1063066.6210750751,308.15117736659056,141017.43752066442,0.0795061741919442,4700.641041720494
270.8492126996209,2001.0,12.0,14.0,14.0,25.0,58.0,1.0,3496580.2512173965,-28086.89092855429,446548.06560580886,-328.04403509308287,-294.8747863413641,4688.095983958058,3525091.1337924064,4708.80111954027,3495396.6955152834,-95206.44739923139,446548.06560580886,3525091.1337924064,-340.39282503205703,-536.2848684551049,4688.095983958058,4730.931482305667,20143562.906796135,0.8256416745140057,1.6336121925321443,1.0430812835693365e-07,3.6442098973544176e-06,0.1272670242679374,0.12701829657598177,-0.027230933114109797,128891.13379240641,0.05754803799724008,0.057278544165155806,1724.87263892591,-16538791262.623674,-1040267091.5365852,-206859993.07695803,-16538756968.14963,-1906935948.6443121,16571474649.2391,16649614945.111666,-0.9915762636623874,0.027008222989345874,-0.1266770272476326,0.027227567841754584,0.9996292610510272,0.0,-0.12663006313969183,0.0034491073533767106,0.9919440159442984,4691.583018302507,-545.3541155030306,-0.1157216165133616,2.89871400025268e-09,159.877834481016,0.0,-67.977834481016,-0.9,0.0,2.974930440731023e-17,2.2858430108668535,1.5707963267948966,19.248574104063863,461.0,0.015367422529758841,10.951760197505621,0.0,0.03254101209481764,-1576.0179951542223,12.65963951947725,-201.27316879143092,0.059078996952601576,0.10434033009622631,-0.8093867386106937,0.05706506200830267,0.10545525621562704,-0.8093867386106937,-1.0619227514412929e-17,2.1893903620519464e-19,-7.468977558145497e-19,-1.0621473586178362e-17,1.5038701884996676e-20,-7.468977558145497e-19,-1575.9609300922139,12.765094775692878,-202.08255553004162,-1063069.1352409758,308.30471557155647,141074.8526552188,0.07959921061257946,4700.596848852413
271.149212699621,2001.0,12.0,14.0,14.0,25.0,59.0,1.0,3496481.6841761814,-28175.3521171722,447954.4746550372,-329.06955638842516,-294.86646699278634,4687.964277869683,3525172.5106170196,4708.741028861186,3495294.421258597,-95367.32650631099,447954.4746550372,3525172.51061702,-341.43553580622347,-536.2424972928978,4687.964277869683,4730.871305752929,20143515.74772019,0.8256412664888101,1.633612185093424,1.0323827311807144e-07,3.6095275644598258e-06,0.12766712491285712,0.1274175606389245,-0.027277722671585434,128972.51061702007,0.05772888971277103,0.057458544705427224,1709.0734372586012,-16538789413.900509,-1040266851.7403035,-206866393.77497524,-16538762963.56813,-1906887203.4537337,16571472789.109005,16649615397.25954,-0.9915243610721357,0.027053236747729716,-0.127073064738222,0.027274340022697643,0.9996279859909517,0.0,-0.1270257917779667,0.0034658339753965367,0.9918933592972763,4691.473227652541,-545.3554364710687,-0.11572457835056546,2.868808518617472e-09,160.0406382712751,0.0,-68.18127654255018,-0.9,0.0,2.975214180373416e-17,2.285889349066992,1.5707963267948966,19.23853644587369,461.0,0.015208320789222856,10.956346583570856,0.0,0.032204834500089055,-1575.8644287693853,12.698632276681074,-201.8930988575373,0.05864989048661155,0.10329273152056047,-0.8010244890337991,0.05665392559368681,0.10440081778365107,-0.8010244890337991,-1.0510348196909313e-17,2.169653160327439e-19,-7.415751187621658e-19,-1.0512576763312674e-17,1.493198226880718e-20,-7.415751187621658e-19,-1575.8077748437915,12.803033094464725,-202.6941233465711,-1063071.6240497194,308.4582537765224,141132.3343966578,0.07969224962945669,4700.552606033685
271.44921269962106,2001.0,12.0,14.0,14.0,25.0,59.0,1.0,3496382.809493544,-28263.810806282778,449360.8441327475,-330.09497786872004,-294.85812296229903,4687.832173869544,3525254.1414432744,4708.680759773109,3495191.83420405,-95528.19288874223,449360.8441327475,3525254.1414432735,-342.47814406369093,-536.2000374715011,4687.832173869544,4730.810950536092,20143469.080478005,0.8256408627182203,1.6336121777278128,1.0323827311807144e-07,3.5751609247582294e-06,0.12806720676105637,0.12781680611339227,-0.027324513654101008,129054.14144327398,0.057909732510434145,0.05763853632987424,1693.3798820525408,-16538787584.407293,-1040266614.3675016,-206872834.673257,-16538769002.141327,-1906838310.676591,16571470948.323065,16649615876.018898,-0.9914723007099522,0.02709824286586953,-0.12746906353502635,0.02732111356843799,0.9996267087034942,0.0,-0.12742148044303497,0.0034825967613028924,0.9918425469002141,4691.363106393605,-545.3567629329989,-0.1157275495627206,2.839998868278389e-09,160.17586987394213,0.0,-68.37586987394215,-0.8620650630289272,0.0,2.9754509655757955e-17,2.285928019025146,1.5707963267948966,19.23016813960136,461.0,0.015055034594088705,10.96088503671117,0.0,0.03188145556514296,-1575.7103993710812,12.737615713128266,-202.51288081144114,0.05824051247366278,0.10228290396507322,-0.7929781626253644,0.05626183214510638,0.10338450551412012,-0.7929781626253644,-1.0405464238785412e-17,2.1506909579514258e-19,-7.364915020971137e-19,-1.0407676051674002e-17,1.483050975712064e-20,-7.364915020971137e-19,-1575.654137538936,12.841000218642385,-203.3058589740665,-1063074.0869135242,308.6117919814883,141189.8827449814,0.07978529124561212,4700.508313264493
271.7492126996211,2001.0,12.0,14.0,14.0,25.0,59.0,1.0,3496283.627199478,-28352.266988472256,450767.17391949985,-331.1202991904552,-294.8497541780499,4687.699671431305,3525336.0262462776,4708.620311684942,3495088.9343824475,-95689.04651992045,450767.17391949985,3525336.0262462776,-343.52064945489604,-536.1574889343135,4687.699671431305,4730.750416062914,20143422.84902383,0.825640462717362,1.6336121704271473,1.0215721428991925e-07,3.540899696646308e-06,0.1284672697959637,0.1282160329433271,-0.02737130606629163,129136.02624627762,0.0580905663640795,0.05781851901235759,1677.7755047678947,-16538785771.947107,-1040266379.1444573,-206879315.86831,-16538775081.665565,-1906789270.0668416,16571469124.671513,16649616379.175167,-0.9914200826137879,0.027143241327212898,-0.12786502352216045,0.027367888483501135,0.9996254291883309,0.0,-0.12781712901651565,0.003499395704694737,0.9917915787904621,4691.252653981782,-545.3580948145624,-0.11573053014877664,2.812890813802835e-09,160.36506561569405,0.0,-68.56506561569404,-0.8,0.0,2.9757793461787195e-17,2.2859816476473984,1.5707963267948966,19.218575173264654,461.0,0.014910784779928984,10.965380847850923,0.0,0.031577484611202904,-1575.5559071566115,12.776589801654614,-203.13251422054586,0.057863641978422406,0.10133404128005162,-0.7854198911041032,0.05590110918622959,0.10242975630598508,-0.7854198911041032,-1.030721854872718e-17,2.13305175849236e-19,-7.318354614041252e-19,-1.0309414925355714e-17,1.4737914457164557e-20,-7.318354614041252e-19,-1575.5000060474254,12.8790195579606,-203.91793411164997,-1063076.5267898738,308.7653301864542,141247.49770018968,0.07987833546408236,4700.463970545019
272.0492126996212,2001.0,12.0,14.0,14.0,26.0,0.0,1.0,3496184.1373240734,-28440.720656320795,452173.463895821,-332.14552008221887,-294.841360692792,4687.566771031563,3525418.165001064,4708.559685016761,3494985.7218246916,-95849.88737323924,452173.463895821,3525418.165001064,-344.5630517047596,-536.1148517479622,4687.566771031563,4730.689702754146,20143377.08752095,0.8256400667818538,1.63361216319622,1.0106459234841571e-07,3.5069369223868625e-06,0.12886731393409892,0.12861524107267075,-0.027418099912790827,129218.16500106407,0.05827139124732195,0.05799849272648443,1662.2714565992355,-16538783977.861032,-1040266146.2350918,-206885837.49704337,-16538781203.475042,-1906740081.8161702,16571467319.503073,16649616908.078712,-0.9913677068217059,0.027188232115213574,-0.12826094458377096,0.027414664772410953,0.9996241474451366,0.0,-0.12821273738005995,0.003516230799156859,0.9917404550054811,4691.141870876909,-545.3594321666775,-0.1157335201094734,2.7849246107682407e-09,160.5625888912535,0.0,-68.76258889125351,-0.8,0.0,2.976121715055601e-17,2.2860375607281536,1.5707963267948966,19.20650374416973,461.0,0.014761996135867947,10.969830831467155,0.0,0.03126307468009155,-1575.4009523238312,12.815554515111243,-203.7519986525273,0.05746365822370698,0.1003539486486911,-0.7776023584349805,0.05551792008068409,0.10144332198695935,-0.7776023584349805,-1.0205594040044637e-17,2.1146529785093015e-19,-7.2688744332399735e-19,-1.0207774144772608e-17,1.4638705599925963e-20,-7.2688744332399735e-19,-1575.3454344037505,12.916997837098203,-204.5296010109623,-1063078.9418754503,308.9188683914201,141305.17926228262,0.07997138228790418,4700.4195778754465
272.34921269962126,2001.0,12.0,14.0,14.0,26.0,0.0,1.0,3496084.3398975055,-28529.171802412162,453579.71394228184,-333.1706402162936,-294.83294246237904,4687.433472360974,3525500.5576825924,4708.498879395982,3494882.196561773,-96010.71542210018,453579.71394228184,3525500.557682592,-345.60535048004266,-536.0721258833097,4687.433472360974,4730.628810236493,20143331.75940213,0.8256396745953459,1.6336121560298285,9.996002811937589e-08,3.473153496056484e-06,0.1292673391445774,0.1290144304453871,-0.027464895198233377,129300.55768259196,0.058452207133913484,0.05817845744600168,1646.8574835062027,-16538782200.71586,-1040265915.4628758,-206892399.66429383,-16538787366.129757,-1906690745.775895,16571465531.376284,16649617461.284796,-0.9913151733718784,0.027233215213334317,-0.1286568266040588,0.027461442439692545,0.999622863473586,0.0,-0.1286083054153739,0.0035331020382608656,0.9916891755828401,4691.030756752175,-545.3607749429042,-0.11573651944431142,2.7578048110928113e-09,160.75139420647992,0.0,-68.95139420647992,-0.7743028967600407,0.0,2.976449131526968e-17,2.286091031895774,1.5707963267948966,19.194974166410667,461.0,0.014617702031472024,10.97423854816796,0.0,0.030958490854782444,-1575.2455350711552,12.854509826369114,-204.3713336753707,0.05707839682310229,0.0994027537887774,-0.7700285510258377,0.05514893473419751,0.10048604799857071,-0.7700285510258377,-1.0107106169516923e-17,2.096856045280819e-19,-7.221213933122052e-19,-1.0109270580158129e-17,1.4543444663562232e-20,-7.221213933122052e-19,-1575.190386136421,12.954995874367684,-205.14136222639652,-1063081.3340997938,309.07240659638603,141362.92743126012,0.08006443172011468,4700.375135255959
272.64921269962133,2001.0,12.0,14.0,14.0,26.0,0.0,1.0,3495984.234950046,-28617.620419330025,454985.92393946496,-334.1956593206588,-294.82449954148495,4687.299775895653,3525583.204265753,4708.437895241913,3494778.3586247787,-96171.53063990915,454985.92393946496,3525583.204265753,-346.6475455050997,-536.0293114089782,4687.299775895653,4730.567738930046,20143286.898742195,0.8256392864526972,1.6336121489331754,9.884312124119404e-08,3.4396515352913454e-06,0.1296673453443234,0.12941360100545232,-0.02751169192725418,129383.20426575234,0.05863301399766898,0.0583584131447558,1631.5456804186106,-16538780441.848654,-1040265686.9982948,-206899002.50593892,-16538793570.959887,-1906641262.144432,16571463761.636274,16649618040.140553,-0.991262482302587,0.02727819060504575,-0.12905266946726948,0.027508221489871074,0.9996215772733521,0.0,-0.12900383300420848,0.0035500094155647708,0.9916377405602167,4690.919312066713,-545.362123196066,-0.11573952815445558,2.728878506986684e-09,160.95801066438082,0.0,-69.15801066438083,-0.7,0.0,2.976806602200795e-17,2.286149411287134,1.5707963267948966,19.182402590941678,461.0,0.014463844113889368,10.978600542064413,0.0,0.03063428026170395,-1575.0896555975462,12.893455708317266,-204.990518857355,0.0566540215033078,0.09839002304760024,-0.7619678519648231,0.05474207267991751,0.09946647810449105,-0.7619678519648231,-1.0002291212845481e-17,2.0777011480607407e-19,-7.168642530810335e-19,-1.0004438487299245e-17,1.4438871772137002e-20,-7.168642530810335e-19,-1575.0349135248662,12.992922186421756,-205.7524867093198,-1063083.701664256,309.22594480135194,141420.74220712233,0.0801574837637511,4700.330642686744
272.92852998643326,2001.0,12.0,14.0,14.0,26.0,0.0,1.0,3495890.755052409,-28699.96889819174,456295.150368854,-335.1499200896739,-294.8166165085228,4687.1749392952315,3525660.3812230406,4708.380955048445,3494681.398466975,-96321.24731631232,456295.150368854,3525660.3812230406,-347.6177955964238,-535.9893690308752,4687.1749392952315,4730.510717363051,20143245.553780902,0.8256389287279333,1.6336121423887782,9.884312124119404e-08,3.4086548728088274e-06,0.1300397570226409,0.1297852348371118,-0.027555263680323887,129460.3812230411,0.058801347472093264,0.0585259541373773,1617.3828362822533,-16538778820.778965,-1040265476.3707815,-206905186.8046268,-16538799386.028177,-1906595057.3894448,16571462130.541723,16649618602.252562,-0.99121328222053,0.027320058344048093,-0.12942118668008706,0.027551776728273247,0.9996203777430287,0.0,-0.12937205551709965,0.0035657836393179305,0.9915897117448921,4690.815253581334,-545.3633834279383,-0.1157423378651533,2.7028856330876664e-09,161.14529160675804,0.0,-69.34529160675802,-0.7,0.0,2.977130639699341e-17,2.2862023306266157,1.5707963267948966,19.17102149471403,461.0,0.01432557941710166,10.982620565428173,0.0,0.030342067771839034,-1574.9441074811464,12.929708068186361,-205.56688086063392,0.0562728202146735,0.09747813643227099,-0.7547022017301287,0.05437661350123818,0.09854847173527535,-0.7547022017301287,-9.907803460700268e-18,2.0604532687592547e-19,-7.121419907743287e-19,-9.909935334685075e-18,1.4344160895445294e-20,-7.121419907743287e-19,-1574.889730867645,13.028256539921637,-206.32158306236406,-1063085.883693682,309.37948300631786,141478.62358986912,0.0802505384218511,4700.286100167984
273.1664818468689,2001.0,12.0,14.0,14.0,26.0,1.0,1.0,3495810.9087921353,-28770.120259878462,457410.4596854574,-335.9627903458799,-294.8098839918867,4687.068318108792,3525726.302264475,4708.332325018645,3494598.583832099,-96448.78292933316,457410.4596854574,3525726.3022644743,-348.44428537307846,-535.9552813009308,4687.068318108792,4730.462017835329,20143210.620507088,0.8256386264779269,1.6336121368565513,9.771344846937065e-08,3.3824651237489605e-06,0.1303570034317038,0.13010181870952173,-0.027592383678213903,129526.30226447433,0.05894474543741102,0.05866867698469337,1605.3782890439034,-16538777451.068037,-1040265298.3596767,-206910483.19752213,-16538804367.534552,-1906555594.2744818,16571460752.357666,16649619097.435722,-0.9911712606811304,0.027355720399336397,-0.12973510149998757,0.02758888261559565,0.9996193543324493,0.0,-0.12968571839567236,0.0035792464864055442,0.9915486893939137,4690.7263793325155,-545.3644607323356,-0.11574473788266641,2.6832942074339816e-09,161.29075566118587,0.0,-69.49537783059293,-0.7046221694070772,0.0,2.977382721154218e-17,2.286243498652377,1.5707963267948966,19.162177342621003,461.0,0.014221321406007154,10.986017085122764,0.0,0.03012170987373242,-1574.8197984658675,12.960585160813292,-206.05778365367073,0.055998620106904935,0.09679116518615746,-0.7492222559763527,0.05411410338482216,0.09785723747801313,-0.7492222559763527,-9.836548598046271e-18,2.0476465513219159e-19,-7.087532895748296e-19,-9.838669273654597e-18,1.4276181646930416e-20,-7.087532895748296e-19,-1574.7656843624827,13.058442398291305,-206.80700590964707,-1063087.727345666,309.5330212112838,141536.57157950057,0.08034359569745252,4700.241507699866
273.3862985677821,2001.0,12.0,14.0,14.0,26.0,1.0,1.0,3495736.976026238,-28834.923717029636,458440.7448278568,-336.7136519900437,-294.80365077369504,4686.969600509574,3525787.3411340555,4708.287301349275,3494521.9060422187,-96566.59139626169,458440.7448278568,3525787.3411340555,-349.2077270185822,-535.9237419949479,4686.969600509574,4730.416929821749,20143178.59711802,0.825638349404516,1.6336121317834549,9.771344846937065e-08,3.35831976112575e-06,0.13065006068281562,0.13039426402163073,-0.027626675445871773,129587.34113405552,0.05907720946093755,0.058800517344476416,1594.3439337015152,-16538776195.424265,-1040265135.1467471,-206915398.84801182,-16538808992.408693,-1906519056.2568843,16571459488.944742,16649619568.672724,-0.9911323536938615,0.027388660192194526,-0.1300250697140461,0.027623161314012774,0.999618407673158,0.0,-0.1299754531451461,0.003591703475576852,0.9915107065714709,4690.644093674511,-545.3654589827643,-0.11574696022805576,2.6619306030805715e-09,161.44335283513877,0.0,-69.57167641756938,-0.6283235824306116,0.0,2.9776463650732464e-17,2.2862865549718334,1.5707963267948966,19.152936545820484,461.0,0.01410771051045299,10.989130579605945,0.0,0.02988239963682782,-1574.7047053808071,12.989103690552488,-206.51118861904033,0.05567763333489403,0.09603021186576487,-0.7432738536134907,0.0538063971792513,0.09709105039779542,-0.7432738536134907,-9.759143129911652e-18,2.0333871216854488e-19,-7.047729860174997e-19,-9.761250929279305e-18,1.4197098718951687e-20,-7.047729860174997e-19,-1574.650898983628,13.086194740950283,-207.2544624726538,-1063089.4174300693,309.68655941624974,141594.58617601666,0.08043665559359334,4700.196865282576
273.6595708080865,2001.0,12.0,14.0,14.0,26.0,1.0,1.0,3495644.8339959695,-28915.484310442036,459721.5467118758,-337.6470334318929,-294.7958832887157,4686.846579025058,3525863.413575004,4708.231195184475,3494426.347591418,-96713.03911326182,459721.5467118758,3525863.413575004,-350.15674564610856,-535.8844666197471,4686.846579025058,4730.360743474508,20143139.13712487,0.8256380079875354,1.633612125530434,9.541398640621977e-08,3.3285338525166888e-06,0.13101436986221204,0.13075781260590522,-0.027669307454820293,129663.41357500385,0.05924187955628535,0.058964412113691425,1580.708534002304,-16538774648.152615,-1040264933.9991449,-206921540.66180918,-16538814773.563892,-1906473522.4584625,16571457932.097778,16649620173.748117,-0.9910838673266384,0.027429604544777553,-0.13038552342722404,0.02766577702979851,0.9996172291339007,0.0,-0.130335615647495,0.00360721681905115,0.9914633706197162,4690.54155037352,-545.366704108855,-0.11574973002857666,2.635972918436199e-09,161.63353393750964,0.0,-69.73353393750963,-0.6,0.0,2.977974790492152e-17,2.2863401909130916,1.5707963267948966,19.14143801549692,461.0,0.013969664928510083,10.992966906345686,0.0,0.029590915245263437,-1574.5612782129613,13.024550289896224,-207.07474030913676,0.0552866744309424,0.095115083794202,-0.73602712570662,0.053431381352602086,0.09616955350610656,-0.73602712570662,-9.664864303143288e-18,2.0160178797851658e-19,-6.999237082409189e-19,-9.666956422079712e-18,1.410009579131973e-20,-6.999237082409189e-19,-1574.5078468316087,13.12071984340233,-207.81076743484337,-1063091.500000257,309.84009762121565,141652.66737941734,0.08052971811331196,4700.152172916304
273.89139932742466,2001.0,12.0,14.0,14.0,26.0,1.0,1.0,3495566.466007574,-28983.825637946127,460808.0792881825,-338.43879421250705,-294.7892777438445,4686.741956057144,3525928.114179663,4708.183481807724,3494345.0779574583,-96837.26854768021,460808.0792881825,3525928.114179663,-350.9617703367459,-535.8510900447404,4686.741956057144,4730.3129619092215,20143105.95828574,0.8256377209161824,1.6336121202699045,9.541398640621977e-08,3.3033894879427384e-06,0.13132341638591669,0.13106621400819785,-0.027705474961857348,129728.11417966336,0.05938157029311914,0.05910344510958401,1569.2074846923351,-16538773347.141771,-1040264764.8205477,-206926777.82439,-16538819705.097448,-1906434798.2200463,16571456623.032768,16649620703.456423,-0.9910426318406231,0.027464334328951637,-0.1306912859156215,0.027701930674865045,0.9996162278779216,0.0,-0.13064113024348853,0.003620400942243514,0.9914231123923435,4690.454343611702,-545.3677639661923,-0.11575208586795417,2.6155657461009946e-09,161.78469817702967,0.0,-69.88469817702966,-0.6,0.0,2.9782360785521245e-17,2.286382862491567,1.5707963267948966,19.13230022446104,461.0,0.0138611125967136,10.996192539657505,0.0,0.02936148071015658,-1574.4393026884545,13.054614944504614,-207.55272659893978,0.05498583287070329,0.09439826286674782,-0.7303219575922708,0.053142931703229444,0.09544790547063056,-0.7303219575922708,-9.590641601185485e-18,2.0024472319873195e-19,-6.961952285587247e-19,-9.592721593077294e-18,1.40253080986322e-20,-6.961952285587247e-19,-1574.3861597567513,13.150062849975244,-208.28304855653207,-1063093.251077868,309.99363582618156,141710.81518970267,0.08062278325964699,4700.107430601235
274.15731358709377,2001.0,12.0,14.0,14.0,26.0,2.0,1.0,3495476.3495660387,-29062.213301184816,462054.33481907606,-339.346892115405,-294.7816828002846,4686.621657813272,3526002.5143131395,4708.1286215637065,3494251.629455394,-96979.75389639853,462054.33481907606,3526002.51431314,-351.8850803231808,-535.8127409821586,4686.621657813272,4730.258023262291,20143068.205946036,0.8256373942734001,1.6336121142815871,9.305772182939053e-08,3.2746975730384584e-06,0.13167788783765888,0.1314199456147185,-0.027746961255625986,129802.51431313949,0.059541793018957206,0.059262913388374645,1556.0818116664886,-16538771866.759575,-1040264572.2754248,-206932815.35816514,-16538825391.17645,-1906390271.7494254,16571455133.483353,16649621328.370077,-0.9909952177490349,0.027504164702868924,-0.13104197542215412,0.02774340102349972,0.999615077767262,0.0,-0.13099153445239223,0.003635550075048416,0.9913768207283543,4690.354071651318,-545.3689836431627,-0.11575479498001762,2.5926828482296696e-09,161.92814289142436,0.0,-70.05628578284869,-0.5718571085756524,0.0,2.9784850365766676e-17,2.2864235204224443,1.5707963267948966,19.12360202600392,461.0,0.013739383690350833,10.99986269008015,0.0,0.029104547367103394,-1574.299053992063,13.089092968015922,-208.1008793805488,0.054650050451822585,0.09359451533511808,-0.7239304514668442,0.052821031789123785,0.09463878653033746,-0.7239304514668442,-9.507366498407842e-18,1.9872375679116187e-19,-6.920258763592824e-19,-9.509432921437597e-18,1.39419955459681e-20,-6.920258763592824e-19,-1574.2462329602738,13.18373175454626,-208.82480983201566,-1063095.2435378656,310.1471740311475,141769.02960687265,0.0807158510356372,4700.062638337561
274.45731358709384,2001.0,12.0,14.0,14.0,26.0,2.0,1.0,3495374.391835752,-29150.646517759014,463460.30091046693,-340.3712958896579,-294.7730910279933,4686.48556446115,3526086.6906265332,4708.066560719224,3494145.907694665,-97140.4912185598,463460.30091046693,3526086.6906265332,-352.9266435218762,-535.7693927254724,4686.48556446115,4730.195873723601,20143026.03176365,0.8256370293712292,1.6336121075881134,9.305772182939053e-08,3.242672087373941e-06,0.1320777783312244,0.13181900160507606,-0.027793766783266713,129886.6906265337,0.059722544946731265,0.05944281416362774,1541.3679549396038,-16538770212.939728,-1040264357.1127877,-206939665.84928,-16538831844.938017,-1906339898.5755975,16571453469.418549,16649622056.651583,-0.9909415775236675,0.027549093298468896,-0.1314375798367331,0.02779018850424563,0.999613778127782,0.0,-0.13138681576856875,0.003652675120204647,0.9913244487082231,4690.240634929748,-545.3703648191804,-0.11575786019805628,2.565325546376553e-09,162.0667265663342,0.0,-70.26672656633421,-0.5,0.0,2.978726519444148e-17,2.2864629575675295,1.5707963267948966,19.115172804492623,461.0,0.013593889897356158,11.003962518533077,0.0,0.028797886938041365,-1574.140392955973,13.127981446441312,-208.71915234566313,0.05423676303241665,0.09263471729163303,-0.716299684348584,0.05242448100475752,0.09367225364704913,-0.716299684348584,-9.407791653354303e-18,1.9688609554154343e-19,-6.868768610579842e-19,-9.409841464977512e-18,1.383949169406895e-20,-6.868768610579842e-19,-1574.0879684749684,13.221653700088362,-209.4354520300117,-1063097.4693788383,310.3007122361134,141827.31063092727,0.08080892144432178,4700.017796125472
274.7228546372835,2001.0,12.0,14.0,14.0,26.0,2.0,1.0,3495283.8889071112,-29228.919861642393,464704.7391738675,-341.2779473556296,-294.76546554670824,4686.364771724641,3526161.4098649183,4708.011479456267,3494052.068789514,-97282.75488296163,464704.7391738675,3526161.409864919,-353.84848112974834,-535.7309497572135,4686.364771724641,4730.140713740696,20142989.0746175,0.8256367096078187,1.633612101719118,9.185692672385244e-08,3.214405326181715e-06,0.1324317199525332,0.1321722047385238,-0.0278351973111895,129961.40986491926,0.05988252745568354,0.05960204328787288,1528.4291830956936,-16538768763.662682,-1040264168.505417,-206945764.1055405,-16538837591.877249,-1906295188.3692162,16571452011.160128,16649622722.001028,-0.9908939673080266,0.027588854727636638,-0.1317877105324199,0.027831603006929734,0.9996126259076886,0.0,-0.1317366593876746,0.003667863240730483,0.9912779627090593,4690.139952402607,-545.3715919182364,-0.1157605811579438,2.541814927912213e-09,162.24757747759836,0.0,-70.44757747759836,-0.5,0.0,2.9790385160297736e-17,2.2865139104767023,1.5707963267948966,19.104293590780394,461.0,0.01346885479123209,11.007555102248928,0.0,0.028533581120378772,-1573.9995717697825,13.16239504651608,-209.26628099663765,0.05388133481453308,0.09180872350881417,-0.7097277631059667,0.05208344061255023,0.09284048237526911,-0.7097277631059667,-9.322280734448074e-18,1.9530938471949881e-19,-6.824670660589054e-19,-9.324316315805557e-18,1.375101536259417e-20,-6.824670660589054e-19,-1573.94748832917,13.25523552889135,-209.97600875974362,-1063099.4198862035,310.4542504410793,141885.65826186648,0.08090199448874,4699.972903965158
274.95393673766273,2001.0,12.0,14.0,14.0,26.0,2.0,1.0,3495204.9345271103,-29297.03411629761,465787.66201861185,-342.0668777981471,-294.7588138519517,4686.259400575075,3526226.594624832,4707.963431963787,3493970.208057409,-97406.54884523552,465787.66201861185,3526226.594624832,-354.65062526806577,-535.6974390458583,4686.259400575075,4730.09259758005,20142957.17347313,0.8256364335900271,1.633612096650668,9.064022496787044e-08,3.189997209891866e-06,0.13273971860122863,0.13247956084282939,-0.0278712523919493,130026.5946248318,0.06002174333728926,0.059740603551951744,1517.2270114421844,-16538767512.627666,-1040264005.6596072,-206951097.52103198,-16538842618.415337,-1906256186.012046,16571450752.36992,16649623315.864712,-0.9908524351167357,0.02762345136688499,-0.13209237963567927,0.027867644102787435,0.9996116217872622,0.0,-0.13204107783336008,0.0036811034243773963,0.9912374101304811,4690.052124563027,-545.372663237715,-0.11576295499944425,2.523106746929665e-09,162.3914865620795,0.0,-70.5914865620795,-0.5,0.0,2.9792871638798664e-17,2.286554517752247,1.5707963267948966,19.0956324870042,461.0,0.013369330377231663,11.010656096259503,0.0,0.028323218897426478,-1573.8767311012502,13.192336686878365,-209.74231171493008,0.05360694108840626,0.09115063105880239,-0.7044963640555004,0.05182040330048019,0.09217802057458899,-0.7044963640555004,-9.25420171695192e-18,1.9406693970731435e-19,-6.790668435603293e-19,-9.256226238364886e-18,1.368281143157225e-20,-6.790668435603293e-19,-1573.8249106979497,13.284514707452955,-210.44680807898558,-1063101.1035559755,310.6077886460452,141944.07249969037,0.08099507017193149,4699.927961856814
275.15123341630664,2001.0,12.0,14.0,14.0,26.0,3.0,1.0,3495137.3794249697,-29355.188489902022,466712.23654053645,-342.74041377823164,-294.75312307325237,4686.169248632673,3526282.368143764,4707.922325360606,3493900.1691108695,-97512.23734464726,466712.23654053645,3526282.368143764,-355.3354417355167,-535.6687862274665,4686.169248632673,4730.051432228014,20142930.13523751,0.8256361996472907,1.6336120923529678,9.064022496787044e-08,3.1692566484575208e-06,0.1330026770790519,0.1327419708025334,-0.027902036726353704,130082.36814376386,0.06014060078041407,0.05985890123326352,1507.7076309621334,-16538766452.275146,-1040263867.6051399,-206955670.74468112,-16538846929.014355,-1906222816.7190382,16571449685.442396,16649623834.129143,-0.9908169012993873,0.027652986109554727,-0.13235248565366986,0.027898416468017464,0.9996107634267335,0.0,-0.13230096922569073,0.003692424765343388,0.9912027136470597,4689.976982503668,-545.3735804840938,-0.11576498617518638,2.5049803532767493e-09,162.53092035940963,0.0,-70.73092035940962,-0.5,0.0,2.979527355864532e-17,2.28659374408017,1.5707963267948966,19.087273629459904,461.0,0.013272952394390322,11.013284352231427,0.0,0.028119468128046377,-1573.771634172038,13.217896164293832,-210.14867212725372,0.05332558378215376,0.0905134248848073,-0.6994303095170172,0.051550237281968544,0.09153617321178494,-0.6994303095170172,-9.188264515079888e-18,1.9284008363146675e-19,-6.755711703617984e-19,-9.190277840875122e-18,1.361265774701886e-20,-6.755711703617984e-19,-1573.7200839347558,13.309432337505616,-210.84810243677074,-1063102.5305766668,310.7613268510111,142002.55334439888,0.08108814849693609,4699.882969800631
275.4512334163067,2001.0,12.0,14.0,14.0,26.0,3.0,1.0,3495034.4036888913,-29443.613126456614,468118.0667143868,-343.76447467104896,-294.7444495121377,4686.031838778647,3526367.384959673,4707.859672782449,3493793.4122937913,-97672.93143656007,468118.0667143868,3526367.3849596726,-356.37665291323674,-535.625144811065,4686.031838778647,4729.988690107271,20142889.396634772,0.8256358471646015,1.6336120858742615,9.064022496787044e-08,3.1379949162830785e-06,0.133402503102853,0.13314096294932018,-0.027948847162462112,130167.38495967258,0.060321322102925984,0.06003877141018184,1493.3211614787579,-16538764854.600986,-1040263659.5400987,-206962659.22599515,-16538853517.907688,-1906171954.785392,16571448077.858097,16649624642.92609,-0.9907627399218775,0.027697888726269812,-0.1327479572068865,0.0279452086532093,0.9996094563945104,0.0,-0.13269611334105755,0.0037096693624337424,0.9911498271489526,4689.862451557572,-545.3749797606123,-0.11576808245688135,2.477349888106414e-09,162.74346239918142,0.0,-70.94346239918143,-0.42826880040928467,0.0,2.979893312485658e-17,2.2866535093318947,1.5707963267948966,19.074552602553474,461.0,0.013126050566773129,11.017244192448192,0.0,0.027809727386754773,-1573.6114472315257,13.256752670230034,-210.7664369941983,0.052895624614196536,0.08954293364209787,-0.6917289987782704,0.05113736084435292,0.09055856886255202,-0.6917289987782704,-9.088011197430775e-18,1.9097140421517045e-19,-6.702276322556562e-19,-9.090007435897068e-18,1.3506190843630937e-20,-6.702276322556562e-19,-1573.5603098706813,13.347311239092585,-211.45816599297657,-1063104.6806808952,310.91486505597703,142061.100795992,0.08118122946679385,4699.837927796808
275.6793308073214,2001.0,12.0,14.0,14.0,26.0,3.0,1.0,3494955.9031165326,-29510.84281241883,469186.92640557967,-344.5430237145031,-294.7378382846091,4685.927096943893,3526432.195077982,4707.81191705659,3493712.033429496,-97795.10234431698,469186.92640557967,3526432.195077982,-357.1682398885261,-535.5919039874838,4685.927096943893,4729.940866128775,20142858.71604175,0.8256355817065668,1.6336120809924963,8.940696716308596e-08,3.1143070406003974e-06,0.1337064875766276,0.1334443135333817,-0.027984439288107833,130232.19507798227,0.06045872275981189,0.06017552492150536,1482.4518152177334,-16538763651.348867,-1040263502.7995547,-206968000.78403634,-16538858555.049213,-1906133184.5425253,16571446867.139801,16649625274.296335,-0.9907214544790752,0.027732024021563356,-0.1330486169733952,0.027980786860869945,0.9996084611319807,0.0,-0.1329965232685139,0.0037228049936660944,0.9911095123756339,4689.775149992209,-545.376047333469,-0.1157704429112671,2.4582791450049293e-09,162.89376683996056,0.0,-71.09376683996057,-0.4,0.0,2.9801523835399304e-17,2.286695818845863,1.5707963267948966,19.06555761843469,461.0,0.013024627474416335,11.020226242385554,0.0,0.027595644770643808,-1573.489345218934,13.286289733259476,-211.23603561260265,0.0526068820933015,0.08887238458209555,-0.6864054762193456,0.05086031151610845,0.08988333270062268,-0.6864054762193456,-9.018714708866928e-18,1.8969250132626548e-19,-6.666439185663685e-19,-9.020699405083128e-18,1.3434586893269526e-20,-6.666439185663685e-19,-1573.438484907418,13.3761730659601,-211.92244108882198,-1063106.29994867,311.06840326094294,142119.71485446978,0.08127431308454516,4699.7928358455365
275.91079521410165,2001.0,12.0,14.0,14.0,26.0,3.0,1.0,3494876.0622428264,-29579.063353435475,470271.5394170167,-345.3330034731507,-294.7311148533529,4685.8205740467765,3526498.111755122,4707.763350627402,3493629.268736594,-97919.06889775264,470271.5394170167,3526498.111755122,-357.9714483971879,-535.5581201956604,4685.8205740467765,4729.892230287615,20142827.8132476,0.8256353143257424,1.63361207607325,8.815645848363069e-08,3.0904376052022105e-06,0.13401494767742356,0.13375213048533133,-0.02802055768366556,130298.11175512243,0.060598146124981114,0.06031429158964187,1471.4736188650131,-16538762439.35584,-1040263344.8868886,-206973446.00089625,-16538863689.643011,-1906093754.7441425,16571445647.624258,16649625928.34494,-0.9906794667182823,0.027766658536226684,-0.1333536909744621,0.028016891096413102,0.9996074498588392,0.0,-0.13330134296424576,0.0037361558373362313,0.9910685108020977,4689.686364423569,-545.3771338653471,-0.11577284374964138,2.439340076524245e-09,163.04527938780603,0.0,-71.24527938780605,-0.4,0.0,2.980413481902348e-17,2.2867384594443765,1.5707963267948966,19.056501114256903,461.0,0.012923901367980082,11.023229808363391,0.0,0.027382709458951982,-1573.365168996124,13.31625705260604,-211.71247475199095,0.052319977493868616,0.08820589804111369,-0.6811103494077817,0.05058502086878515,0.08921219736057863,-0.6811103494077817,-8.949787113203753e-18,1.8842086619212772e-19,-6.630831979256587e-19,-8.951760342020582e-18,1.33631400545084e-20,-6.630831979256587e-19,-1573.3145839752553,13.40546924996662,-212.39358510139874,-1063107.93094882,311.22194146590886,142178.3955198322,0.0813673993532306,4699.747693947017
276.14562663664753,2001.0,12.0,14.0,14.0,26.0,4.0,1.0,3494794.873103159,-29648.2746780439,471371.90461561835,-346.1344111094997,-294.7242786133571,4685.712260077816,3526565.1415677075,4707.713969136383,3493545.110117233,-98044.83074329156,471371.90461561835,3526565.1415677075,-358.7862755282226,-535.5237911810588,4685.712260077816,4729.842778219156,20142796.722745914,0.8256350453205766,1.6336120711216975,8.815645848363069e-08,3.0663823701819615e-06,0.1343278828516942,0.13406441327343124,-0.028057202390109386,130365.141567708,0.06073959194475269,0.06045507116095835,1460.3973773419857,-16538761219.974257,-1040263185.9730849,-206978996.03510323,-16538868923.656904,-1906053661.6892104,16571444420.671885,16649626606.622223,-0.9906367725747453,0.027801792057556177,-0.13366317810482117,0.02805352139915302,0.9996064225169361,0.0,-0.13361057128760437,0.0037497228272424022,0.991026818415586,4689.596086574978,-545.3782395334583,-0.11577528521630447,2.4183932600912513e-09,163.21285391926997,0.0,-71.406426959635,-0.3935730403650057,0.0,2.980701632731456e-17,2.2867855180459764,1.5707963267948966,19.046516582069522,461.0,0.01281253934343418,11.02625154154175,0.0,0.027147319687966548,-1573.2389067101815,13.3466543628388,-212.19575019374292,0.05199009607141825,0.08746811504833697,-0.6752576679924482,0.05026815799303275,0.08846894105623684,-0.6752576679924482,-8.87358787870502e-18,1.86995917077558e-19,-6.589817887540284e-19,-8.875548035611448e-18,1.328087565311134e-20,-6.589817887540284e-19,-1573.1886385521884,13.435123303895036,-212.87100786173536,-1063109.5718609225,311.37547967087477,142237.14279207925,0.08146048827589096,4699.702502101448
276.4456266366476,2001.0,12.0,14.0,14.0,26.0,4.0,1.0,3494690.879220324,-29736.690648870026,472777.59749348403,-347.158125655943,-294.71552326401917,4685.573533888546,3526650.9990029037,4707.65072465434,3493437.3181038406,-98205.48129261257,472777.59749348403,3526650.9990029037,-359.827131165242,-535.4798566679657,4685.573533888546,4729.779443345805,20142757.392700598,0.8256347050238635,1.6336120648556378,8.688795409866128e-08,3.03581675534368e-06,0.13472764376535554,0.13446334093134057,-0.028104017787907526,130450.9990029037,0.0609202823609367,0.060634910438515745,1446.3430215716362,-16538759677.394402,-1040262984.9042854,-206986123.88581622,-16538875646.591213,-1906002310.9749897,16571442868.512415,16649627494.882015,-0.9905820902299508,0.027846668502320867,-0.13405851546613295,0.02810031834070544,0.9996051080847631,0.0,-0.1340055768422067,0.0037670869608807194,0.990973417620784,4689.480461480433,-545.3796569351614,-0.11577841257972671,2.392066932559013e-09,163.4244422286749,0.0,-71.5244422286749,-0.3,0.0,2.9810653871216136e-17,2.2868449236460906,1.5707963267948966,19.03392779275372,461.0,0.012672577628900537,11.030073911142052,0.0,0.026852304847264263,-1573.0771953863048,13.385478585285046,-212.81300201076735,0.05157705715437778,0.08652950464367513,-0.6679240054059226,0.049871708097948025,0.08752348673344094,-0.6679240054059226,-8.778075525499564e-18,1.8521069140145359e-19,-6.538485069675606e-19,-8.780019319631995e-18,1.3178712864680716e-20,-6.538485069675606e-19,-1573.0273236782068,13.473002072018486,-213.48092601617327,-1063111.647651581,311.5290178758407,142295.95667121094,0.08155357985556737,4699.65726030903
276.6462155427042,2001.0,12.0,14.0,14.0,26.0,4.0,1.0,3494621.174507597,-29795.806724721755,473717.4622370068,-347.8425529462455,-294.7096554022663,4685.480555869477,3526708.547277972,4707.608337793027,3493365.070979818,-98312.88966054011,473717.4622370068,3526708.547277972,-360.5230179446526,-535.4504314275501,4685.480555869477,4729.736995903135,20142731.319063045,0.8256344794258299,1.633612060699994,8.560065398421929e-08,3.0154884614099874e-06,0.13499492476803848,0.13473006488849892,-0.028135320792972,130508.5472779721,0.06104109210660103,0.06075515108879828,1436.998775601387,-16538758654.724838,-1040262851.5788172,-206990913.36623254,-16538880163.7683,-1905967894.0733554,16571441839.490393,16649628101.640684,-0.9905454403585774,0.027876669802051317,-0.13432282704581228,0.028131608970693736,0.9996042279706103,0.0,-0.134269665827959,0.0037787172462909156,0.9909376257537206,4689.402966911469,-545.3806076894199,-0.11578050885887328,2.3767207258741073e-09,163.55232728438244,0.0,-71.65232728438244,-0.3,0.0,2.981285628022438e-17,2.2868808917147585,1.5707963267948966,19.026314066968375,461.0,0.012590952122559056,11.032607856950161,0.0,0.02667974557145676,-1572.9688140790224,13.41143214898455,-213.22562806495372,0.05134607895387127,0.08598919482105458,-0.6636326364367,0.049650124309992306,0.08697946082790334,-0.6636326364367,-8.722207172451506e-18,1.8418236023274857e-19,-6.509828202417965e-19,-8.72414173054977e-18,1.3121214328792328e-20,-6.509828202417965e-19,-1572.9191639547125,13.498411609812454,-213.8892607013904,-1063113.023790067,311.6825560808066,142354.83715722724,0.08164667409530109,4699.611968569966
276.8753219330024,2001.0,12.0,14.0,14.0,26.0,4.0,1.0,3494541.392011789,-29863.32582096708,474790.92358720425,-348.62422682683734,-294.702939804593,4685.374142055074,3526774.4157847087,4707.559827054607,3493282.381809243,-98435.56092147622,474790.92358720425,3526774.4157847087,-361.3177789715621,-535.416774483952,4685.374142055074,4729.688415830166,20142701.75460117,0.8256342236238073,1.633612055986034,8.560065398421929e-08,2.9924262442745927e-06,0.1353001939678553,0.1350346979437812,-0.02817107493473273,130574.41578470869,0.061179072087547144,0.06089248106790705,1426.3763622045517,-16538757495.11317,-1040262700.3695214,-206996406.93885416,-16538885344.611973,-1905928503.47389,16571440672.6737,16649628807.125416,-0.990503494120416,0.027910932006569595,-0.13462469316500444,0.028167348943976465,0.9996032215101491,0.0,-0.1345712769825538,0.0037920207088544436,0.9908966606010076,4689.314274444676,-545.381696584686,-0.11578290829175937,2.357120067278537e-09,163.71103946177172,0.0,-71.81103946177171,-0.3,0.0,2.9815583779951536e-17,2.2869254351656383,1.5707963267948966,19.01689382634718,461.0,0.012486747671840543,11.035480977583317,0.0,0.026459408990732066,-1572.844773127962,13.441070131003594,-213.6968313495405,0.05103594639932801,0.08529875751656397,-0.6581537127693763,0.04935218832115729,0.08628387663206659,-0.6581537127693763,-8.65084862895045e-18,1.828459704653778e-19,-6.471249870278416e-19,-8.65277091514889e-18,1.3043767966655485e-20,-6.471249870278416e-19,-1572.795420939641,13.52735400763566,-214.35498506230988,-1063114.584174808,311.8360942857725,142413.7842501282,0.08173977099813377,4699.566626884456
277.1398751281515,2001.0,12.0,14.0,14.0,26.0,5.0,1.0,3494449.042972185,-29941.289397681117,476030.43800287106,-349.52676288179015,-294.6951673108348,4685.250976369729,3526850.659249016,4707.503681483476,3493186.6726511214,-98577.20199216613,476030.43800287106,3526850.659249016,-362.23542496123395,-535.3778461272027,4685.250976369729,4729.632190011624,20142667.9328964,0.8256339309864057,1.6336120505904512,8.429369702178808e-08,2.9660049228771123e-06,0.13565267929216224,0.1353864488506022,-0.028212361972031513,130650.65924901655,0.06133839317355548,0.06105105158685778,1414.1880519986153,-16538756168.48804,-1040262527.3375529,-207002781.29262632,-16538891356.684843,-1905882911.579329,16571439337.803036,16649629639.494616,-0.9904549441271031,0.02795048940721422,-0.13497323362828006,0.02820861957544791,0.9996020577117914,0.0,-0.13491952207084312,0.003807408600288205,0.9908492449429054,4689.211620501106,-545.3829579415408,-0.11578568576344286,2.333802225295039e-09,163.85082406127069,0.0,-72.00164812254134,-0.2491759387293298,0.0,2.9818000716279465e-17,2.286964906731311,1.5707963267948966,19.00855426507731,461.0,0.012362796421879308,11.038767717434958,0.0,0.026197869355873208,-1572.70120771862,13.47528649504494,-214.24082467694976,0.050661884273276656,0.08447778432932834,-0.6516466576956577,0.0489927067803676,0.08545663956442655,-0.6516466576956577,-8.565898627028725e-18,1.8124599537579993e-19,-6.424544649882382e-19,-8.56780611845035e-18,1.295052188666501e-20,-6.424544649882382e-19,-1572.6522150118396,13.560743134609368,-214.89247133464542,-1063116.3692584801,311.9896324907384,142472.79794991374,0.08183287056710714,4699.521235252709
277.383759748031,2001.0,12.0,14.0,14.0,26.0,5.0,1.0,3494363.6973199407,-30013.160140833174,477173.08477902395,-350.35871418384136,-294.68798506857104,4685.137159856883,3526921.1207179916,4707.451799415491,3493098.225853268,-98707.76803207822,477173.08477902395,3526921.1207179916,-363.08130378906975,-535.3418982450565,4685.137159856883,4729.580233789211,20142637.042073425,0.8256336637078246,1.633612045659864,8.429369702178808e-08,2.9417624704170815e-06,0.1359776125221498,0.13571070516823872,-0.028250424449191354,130721.12071799114,0.061485260582297536,0.061197227069060396,1403.021932065487,-16538754956.794859,-1040262369.2555114,-207008686.976571,-16538896926.729918,-1905840780.095924,16571438118.576117,16649630423.182272,-0.9904100790159328,0.02798695084283139,-0.13529451565445946,0.02824666688549566,0.9996009832977656,0.0,-0.13524053088299262,0.0038216191151259943,0.9908054269299423,4689.116759343999,-545.3841245267322,-0.11578825270156967,2.314046927624486e-09,163.96915715109142,0.0,-72.16915715109143,-0.2,0.0,2.982005114529205e-17,2.286998392778292,1.5707963267948966,19.001485251864395,461.0,0.012257755774907012,11.041769515380468,0.0,0.025976312720783264,-1572.568542367923,13.50682286755788,-214.74220985173264,0.05035256985788006,0.08378234758819071,-0.6461335918041803,0.048695647372871166,0.08475610294024899,-0.6461335918041803,-8.493917433643322e-18,1.799017184110658e-19,-6.385954667498723e-19,-8.495812631473139e-18,1.2873567441012708e-20,-6.385954667498723e-19,-1572.5198467205503,13.591578970498128,-215.38834344353683,-1063117.9996576924,312.1431706957043,142531.87825658396,0.08192597280526331,4699.475793674928
277.619899521283,2001.0,12.0,14.0,14.0,26.0,5.0,1.0,3494280.8685903023,-30082.746872163527,478279.4189688786,-351.16417907362177,-294.68101534008923,4685.026707591969,3526989.50421812,4707.40145221505,3493012.391222179,-98834.17943144239,478279.4189688786,3526989.50421812,-363.90025215665884,-535.3070362679223,4685.026707591969,4729.529814627208,20142607.36548233,0.825633406935038,1.633612040920899,8.429369702178808e-08,2.918498080336913e-06,0.13629221457396995,0.13602465190381874,-0.028287279165185666,130789.50421811966,0.06162745808189327,0.06133875461640381,1392.2642021775246,-16538753792.703247,-1040262217.349282,-207014431.98307014,-16538902343.989712,-1905799893.6090713,16571436947.24457,16649631195.721964,-0.9903665398053196,0.028022249375350052,-0.1356055691112429,0.028283506876651092,0.999599941596016,0.0,-0.1355513189636929,0.003835401046470024,0.9907629028309528,4689.024702638331,-545.3852574736394,-0.11579074402814467,2.2961487345640986e-09,164.12376054529918,0.0,-72.32376054529918,-0.2,0.0,2.982270874791562e-17,2.2870417947228434,1.5707963267948966,18.992331044696382,461.0,0.0121625743556901,11.044653238598844,0.0,0.02577506866200123,-1572.4398010388072,13.53735154250757,-215.22757405239312,0.05007677247149388,0.08315174302374201,-0.6411289892057765,0.04843089317637485,0.08412100864342249,-0.6411289892057765,-8.428746318980732e-18,1.7869255964868388e-19,-6.351698654896956e-19,-8.430630556327867e-18,1.2804816121320892e-20,-6.351698654896956e-19,-1572.3913701456308,13.621472551150992,-215.8687030415989,-1063119.565975178,312.29670890067024,142591.02517013883,0.08201907771564453,4699.430302151326
277.80808321548386,2001.0,12.0,14.0,14.0,26.0,5.0,1.0,3494214.724825618,-30138.20051063862,479161.056304158,-351.8060202221933,-294.67545010728264,4684.938510364707,3527044.1125958012,4707.361250494675,3492943.849725278,-98934.91286974735,479161.056304158,3527044.1125958017,-364.55283726904315,-535.279215000018,4684.938510364707,4729.489555445728,20142583.896256506,0.8256332038705367,1.6336120371714897,8.296615425989067e-08,2.8999895536952293e-06,0.1365429172958747,0.13627483247411273,-0.028316649974847972,130844.11259580217,0.06174077341716795,0.06145153605657916,1383.7349245846272,-16538752872.082785,-1040262097.1877899,-207019029.24598718,-16538906678.704023,-1905767245.1117196,16571436020.896742,16649631821.69177,-0.9903317730706162,0.028050375813682166,-0.13585343449291576,0.028312865924070636,0.9995991104553693,0.0,-0.13579897227142537,0.0038464000761224367,0.9907289459466091,4688.951194824749,-545.3861627631043,-0.11579273356754295,2.2797662212593473e-09,164.26028148950545,0.0,-72.46028148950543,-0.2,0.0,2.982504964376236e-17,2.2870800244532172,1.5707963267948966,18.984275295479176,461.0,0.012075502891195359,11.04693374247197,0.0,0.025590927624529993,-1572.337001479778,13.561675956608182,-215.6142990132818,0.04980956071481282,0.08257421853172947,-0.6365503279847787,0.04817398283879816,0.08353898061489391,-0.6365503279847787,-8.369092982572691e-18,1.7756334965657935e-19,-6.318411483329209e-19,-8.370966720650392e-18,1.273796892576214e-20,-6.318411483329209e-19,-1572.2888274969393,13.645214937223075,-216.2508493412666,-1063120.804673912,312.45024710563615,142650.2386905783,0.08211218530129329,4699.384760682112
278.10808321548393,2001.0,12.0,14.0,14.0,26.0,6.0,1.0,3494109.0295473994,-30226.601812537134,480566.51672933553,-352.82914838325337,-294.66655803650923,4684.797584877226,3527131.3747609644,4707.297016297721,3492834.327833033,-99095.48997288926,480566.51672933553,3527131.3747609644,-365.59309103540704,-535.234790860442,4684.797584877226,4729.4252294366315,20142546.82231482,0.8256328830927474,1.6336120312455071,8.296615425989067e-08,2.8707851811661426e-06,0.1369425680171324,0.13667365094999967,-0.028363473781748347,130931.37476096442,0.061921411519242776,0.061631323031762504,1370.221808284521,-16538751417.76048,-1040261907.3170569,-207026393.02105996,-16538913621.707659,-1905715077.4547427,16571434557.523712,16649632838.899265,-0.9902762207346884,0.02809520810083379,-0.13624854468651706,0.02835967092874174,0.999597783643408,0.0,-0.1361937432932823,0.003863963891829588,0.9906746862975788,4688.833741450639,-545.3876104285265,-0.11579591289575905,2.2544797562227302e-09,164.47843690241103,0.0,-72.67843690241105,-0.2,0.0,2.9828788545176856e-17,2.2871410853471357,1.5707963267948966,18.971423219008933,461.0,0.011941100306147288,11.050536102682882,0.0,0.025306699277666916,-1572.1727467226394,13.60044554816413,-216.2306826147199,0.04939909037478401,0.081683215618857,-0.6294830320452574,0.0477793789725838,0.08264108414515736,-0.6294830320452574,-8.277029771288463e-18,1.758236660085436e-19,-6.267299977941561e-19,-8.27888737358859e-18,1.2635337733605807e-20,-6.267299977941561e-19,-1572.1249673436669,13.683086632309287,-216.86016564676515,-1063122.761431368,312.60378531060206,142709.51881790243,0.0822052955652525,4699.339169267493
278.3402954284225,2001.0,12.0,14.0,14.0,26.0,6.0,1.0,3494027.006368815,-30295.026185036957,481654.3712483135,-353.6210179103257,-294.659658274545,4684.688230456872,3527199.0932167103,4707.247173784646,3492749.339172182,-99219.77402948076,481654.3712483135,3527199.0932167103,-366.39821454938163,-535.2003441394145,4684.688230456872,4729.375315681032,20142518.397030123,0.8256326371462459,1.6336120266994147,8.161702118890975e-08,2.8482274559700288e-06,0.1372519001749772,0.13698233903504745,-0.028399718366465144,130999.09321671026,0.06206122622597297,0.06177047893308933,1359.8280435204506,-16538750302.676231,-1040261761.6958392,-207032122.3761482,-16538919022.811224,-1905674596.3700593,16571433435.49741,16649633641.916952,-0.9902331132623673,0.028129904609097357,-0.13655434766203053,0.02839590091665817,0.9995967551023419,0.0,-0.1364992828180828,0.0038775837259499113,0.9906325807960271,4688.7426013295235,-545.3887347278002,-0.11579838026378125,2.2368984001740437e-09,164.63131825935614,0.0,-72.83131825935615,-0.13434087032192865,0.0,2.983141309750152e-17,2.2871839475393445,1.5707963267948966,18.962412340584017,461.0,0.011847619219861816,11.053298021960353,0.0,0.025109719470531398,-1572.0452921821484,13.630447962741117,-216.7076801065627,0.04912460040978887,0.08106407493047708,-0.6245844928732398,0.04751579666280697,0.08201743520285315,-0.6245844928732398,-8.21321221410151e-18,1.7463285769348148e-19,-6.233172957051914e-19,-8.215058950910826e-18,1.2567494274302857e-20,-6.233172957051914e-19,-1571.9977763854856,13.712465397943971,-217.33226459943594,-1063124.2617188022,312.757323515568,142768.86555211115,0.08229840851056502,4699.293527907689
278.5758334459335,2001.0,12.0,14.0,14.0,26.0,6.0,1.0,3493943.6205888335,-30364.428910984025,482757.7803382563,-354.4241632844028,-294.6526445767061,4684.577066926435,3527267.936643546,4707.196507949182,3492662.9422935406,-99345.8299372578,482757.7803382563,3527267.9366435455,-367.21480201527527,-535.1653500061117,4684.577066926435,4729.324577425339,20142489.791854203,0.825632389643118,1.6336120221225845,8.161702118890975e-08,2.8255682286382216e-06,0.1375656503729244,0.13729543603519193,-0.028436482996017642,131067.93664354552,0.06220303755247905,0.06191162201990926,1349.3399340212345,-16538749180.509787,-1040261615.1187955,-207037960.135955,-16538924524.700373,-1905633445.237352,16571432306.342882,16649634469.809837,-0.9901892924009242,0.02816509313204958,-0.13686450505306264,0.02843265070186262,0.9995957104620177,0.0,-0.13680917216554855,0.0038914206656570417,0.9905897774843935,4688.6499539032375,-545.3898784522676,-0.11580088870971353,2.2180932149806643e-09,164.79484160886378,0.0,-72.9948416088638,-0.1,0.0,2.983421608190931e-17,2.2872297237486117,1.5707963267948966,18.952798618756585,461.0,0.011747656955736032,11.056077273334568,0.0,0.024898676126802726,-1571.915731794665,13.66087397944119,-217.19141233082885,0.04882218784735181,0.08040122960210169,-0.6193365388566755,0.047225161495089624,0.08134954129861265,-0.6193365388566755,-8.144831427909169e-18,1.7334433748576491e-19,-6.195523241504986e-19,-8.146666262489871e-18,1.2492237773942396e-20,-6.195523241504986e-19,-1571.8685066331698,13.742223520739802,-217.81074886968554,-1063125.7715051696,312.91086172053394,142828.27889320455,0.08239152414027424,4699.247836602914
278.8172300109732,2001.0,12.0,14.0,14.0,26.0,6.0,1.0,3493857.964470907,-30435.556178041723,483888.60737374803,-355.2472167331231,-294.6454406679837,4684.462884900907,3527338.6544706426,4707.144467797561,3492574.196896749,-99475.01267998453,483888.60737374803,3527338.6544706426,-368.0516301002622,-535.1294290167316,4684.462884900907,4729.272462888278,20142460.73651491,0.8256321382448629,1.6336120174714042,8.024520884654679e-08,2.8024485144607915e-06,0.1378871915958663,0.13761630793668875,-0.02847416305879914,131138.6544706421,0.06234837003901631,0.062056269646975054,1338.6565019786358,-16538748040.657787,-1040261466.1948488,-207043970.70281944,-16538930188.856268,-1905591176.3550398,16571431159.390352,16649635333.215794,-0.9901442812898523,0.028201151753293456,-0.13718235042741211,0.028470315510795874,0.9995946384083478,0.0,-0.13712674197149627,0.003905624799180986,0.9905458105162076,4688.554791301469,-545.3910541328627,-0.11580346554692746,2.1986771908359067e-09,164.9636766014269,0.0,-73.13183830071344,-0.1,0.0,2.983710853246119e-17,2.2872769610508916,1.5707963267948966,18.9428886049632,461.0,0.011644456116429799,11.058900185386447,0.0,0.024680370778379403,-1571.7826559250316,13.692050395449401,-217.68707491947262,0.04850601273109356,0.07971174066323669,-0.6139084869069427,0.046921281801010406,0.08065474682114056,-0.6139084869069427,-8.074085966580527e-18,1.7200627966783218e-19,-6.156142239272479e-19,-8.075908386714434e-18,1.2413112954443376e-20,-6.156142239272479e-19,-1571.7357346432307,13.772705142270542,-218.30098340637957,-1063127.3050556332,313.06439992549986,142887.75884118257,0.08248464245742354,4699.202095353386
279.0632081091521,2001.0,12.0,14.0,14.0,26.0,7.0,1.0,3493770.4782956755,-30508.031598682795,485040.86830858944,-356.0858195369617,-294.6380835986566,4684.346271581603,3527410.883202008,4707.091320896851,3492483.559390179,-99606.63829146916,485040.86830858944,3527410.8832020084,-368.90426709439504,-535.0927674794094,4684.346271581603,4729.219240019403,20142431.377558734,0.8256318842194603,1.6336120127704117,8.024520884654679e-08,2.7790565752620817e-06,0.13821482199857474,0.13794325642462393,-0.02851255929018147,131210.88320200797,0.06249645444566037,0.062203656197431414,1327.8328876495361,-16538746888.866806,-1040261315.6928761,-207050124.141562,-16538935986.02364,-1905548007.0670803,16571430000.423328,16649636227.585636,-0.9900983114901193,0.028237889372573235,-0.137506200544546,0.028508696156824834,0.9995935445186898,0.0,-0.1374503103956205,0.003920122491003883,0.9905009060126109,4688.457602904197,-545.3922557526082,-0.11580609753735885,2.1800071194478034e-09,165.12720800501995,0.0,-73.22720800501997,-0.1,0.0,2.983991211342924e-17,2.287322747002727,1.5707963267948966,18.93329329387091,461.0,0.011545203688499837,11.061752533224231,0.0,0.02447037746612027,-1571.6467494698556,13.723811851024424,-218.19203887975524,0.04820618235662318,0.0790433857608217,-0.6086872914944885,0.04663332345713241,0.07998141029812206,-0.6086872914944885,-8.006023048734922e-18,1.7072558210811463e-19,-6.118824627969152e-19,-8.00783366788741e-18,1.2338099928458103e-20,-6.118824627969152e-19,-1571.6001161463985,13.803793261322546,-218.80072617124972,-1063128.8546355907,313.21793813046577,142947.30539604524,0.08257776346505666,4699.156304159323
279.36320810915214,2001.0,12.0,14.0,14.0,26.0,7.0,1.0,3493663.499145577,-30596.421675006186,486446.15081093815,-357.10849888007266,-294.6290883326419,4684.203686856498,3527499.205374852,4707.026339380747,3492372.732138671,-99767.15940482366,486446.15081093815,3527499.2053748514,-369.94406025762885,-535.0479740149483,4684.203686856498,4729.154165617506,20142395.92644204,0.8256315774820814,1.6336120070909956,8.024520884654679e-08,2.7507478986695716e-06,0.1386143884236859,0.13834199133512498,-0.02855938954019025,131299.2053748509,0.06267705252012801,0.062383403153923364,1314.7216694951057,-16538745498.03577,-1040261133.9097522,-207057668.4525125,-16538943091.888758,-1905495222.8664362,16571428600.924044,16649637338.968277,-0.9900421031469947,0.028282687988365352,-0.13790113689316782,0.02855550734114388,0.9995922083532314,0.0,-0.1378449019614629,0.003937836926904941,0.9904459987518611,4688.3387700334315,-545.3937262490239,-0.11580931610178448,2.1554784547303717e-09,165.3480134371272,0.0,-73.4480134371272,-0.07599328143639872,0.0,2.984368774863506e-17,2.2873844078049834,1.5707963267948966,18.92038697865446,461.0,0.011414851641998501,11.06519668041596,0.0,0.024194919471832582,-1571.48057872305,13.762539652846423,-218.80775832616035,0.04780021229460597,0.07817849977477491,-0.6018379512624412,0.046242857481235945,0.07910964703760207,-0.6018379512624412,-7.916758585937742e-18,1.6902663772866882e-19,-6.068219715411596e-19,-7.918553325925707e-18,1.2236696929291701e-20,-6.068219715411596e-19,-1571.4343358655688,13.841649299884025,-219.4095962774228,-1063130.7257687561,313.3714763354317,143006.9185577925,0.08267088716621764,4699.1104630209475
279.62795187471596,2001.0,12.0,14.0,14.0,26.0,7.0,1.0,3493568.837443322,-30674.421835960187,487686.24783654313,-358.01090242248233,-294.6211297491008,4684.077529808228,3527577.3582501267,4706.968846466093,3492274.6703026723,-99908.80477922919,487686.24783654313,3527577.3582501262,-370.8615640417897,-535.0083714608901,4684.077529808228,4729.09659052034,20142364.98235761,0.8256313097412231,1.633612002130688,7.884953353001449e-08,2.725935198023015e-06,0.13896698061963267,0.1386938498978069,-0.028600717551610335,131377.35825012624,0.06283641856609189,0.06254201810776173,1303.2390223443508,-16538744283.993513,-1040260975.1865842,-207064362.25748342,-16538949395.717518,-1905448519.6547203,16571427379.312439,16649638339.173506,-0.9899923702977371,0.028322215116152547,-0.13824962525512483,0.028596818474947903,0.9995910273572441,0.0,-0.13819308494052424,0.003953499437650378,0.9903974157462334,4688.233629002163,-545.3950284995556,-0.11581216420863161,2.1337568721913667e-09,165.5192869445847,0.0,-73.6385738891694,0.0,0.0,2.9846623228538904e-17,2.2874323478299092,1.5707963267948966,18.910365144084363,461.0,0.011299423811962426,11.068202796254983,0.0,0.02395152909982221,-1571.3335565472032,13.796707779716241,-219.35098518137858,0.04743904081807935,0.07741212542024471,-0.5957843750385751,0.04589546146741813,0.07833713278204553,-0.5957843750385751,-7.83776409890632e-18,1.6751945559706803e-19,-6.023118244419353e-19,-7.839544712065177e-18,1.214683659477138e-20,-6.023118244419353e-19,-1571.2876610857359,13.875044912498288,-219.94676955641714,-1063132.3590231948,313.5250145403976,143066.5983264244,0.0827640135639506,4699.064571938484
279.8537603791635,2001.0,12.0,14.0,14.0,26.0,7.0,1.0,3493487.9086420257,-30740.949024796322,488743.9402062061,-358.780524895123,-294.6143264342916,4683.969682421638,3527644.1732214526,4706.91969893575,3492190.8382587126,-100029.61040056091,488743.9402062061,3527644.1732214526,-371.6440642547588,-534.9745388685515,4683.969682421638,4729.047372735705,20142338.81647959,0.8256310833432626,1.6336119979343224,7.884953353001449e-08,2.70500200852033e-06,0.13926770537294522,0.1389939490169926,-0.028635968504365793,131444.17322145263,0.06297234106760707,0.06267729997987835,1293.5016781389713,-16538743257.392315,-1040260840.9378031,-207070098.42406148,-16538954795.952536,-1905408594.2935195,16571426346.308578,16649639205.683418,-0.9899498551379223,0.028355924092313894,-0.13854683641742813,0.02863205499325313,0.9995900186710867,0.0,-0.13849003480131697,0.003966880639445047,0.990355882558751,4688.143747964625,-545.3961425818297,-0.11581459922219868,2.117424323644907e-09,165.59352580161405,0.0,-73.78705160322812,0.0,0.0,2.984792365207481e-17,2.2874535853579356,1.5707963267948966,18.90592895892807,461.0,0.011212591184014055,11.070744638221708,0.0,0.023767897389764477,-1571.2078752080774,13.825844675072938,-219.81422231706497,0.04717569867381958,0.07683427004661916,-0.591212195460448,0.04564237926488479,0.07775490218629456,-0.591212195460448,-7.777905960536442e-18,1.6639114791405274e-19,-5.990126865356066e-19,-7.779676163220877e-18,1.2080582161667064e-20,-5.990126865356066e-19,-1571.1622328288126,13.903599577259232,-220.40543451252543,-1063133.740083849,313.6785527453635,143126.34470194098,0.08285714266130004,4699.018630912157
280.0779875516728,2001.0,12.0,14.0,14.0,26.0,8.0,1.0,3493407.3746247254,-30807.00880337491,489794.2014549773,-359.54469686761297,-294.60755694107917,4683.862368132391,3527710.662264232,4706.870795471146,3492107.4184528454,-100149.56245750967,489794.2014549773,3527710.6622642316,-372.4210221949749,-534.9408937586477,4683.862368132391,4728.9983993647975,20142313.045183808,0.8256308603593068,1.6336119937992875,7.742870483855356e-08,2.684195101070662e-06,0.13956631273213496,0.1392919352187878,-0.02867097346981332,131510.66226423206,0.06310730628177823,0.06281162905216428,1283.885706603527,-16538742246.250568,-1040260708.679747,-207075818.89552534,-16538960179.938267,-1905368865.9511743,16571425328.858644,16649640078.502926,-0.9899075499041822,0.028389392454660527,-0.13884194264974298,0.028667045589769145,0.9995890157945685,0.0,-0.13878488080426252,0.003980188299712295,0.9903145535440977,4688.054311646984,-545.3972519223253,-0.11581702244110957,2.099317877336185e-09,165.75165566058016,0.0,-73.95165566058013,0.0,0.0,2.9850627287794437e-17,2.287497739079996,1.5707963267948966,18.896712826560943,461.0,0.011116380243246828,11.073248117453971,0.0,0.023564382129423946,-1571.0828177759054,13.854771862457845,-220.27412541168303,0.0468710685254518,0.07619464900950815,-0.5861511433483568,0.0453492706222422,0.0771100853094482,-0.5861511433483568,-7.711899845003487e-18,1.6512784913708391e-19,-5.952101800858196e-19,-7.71365816751956e-18,1.2004190278278634e-20,-5.952101800858196e-19,-1571.0374685052832,13.931881947767293,-220.8602765550314,-1063135.1003215723,313.8320909503294,143186.15768434215,0.08295027446131054,4698.9726399422
280.37798755167285,2001.0,12.0,14.0,14.0,26.0,8.0,1.0,3493299.3578659706,-30895.38970929656,491199.3385868402,-360.5670095632668,-294.5984783263225,4683.718443267762,3527799.8411191413,4706.805210291177,3491995.5362307862,-100310.0379640875,491199.3385868402,3527799.841119142,-373.46043912460004,-534.8958019709465,4683.718443267762,4728.9327204310985,20142278.909730464,0.8256305650050695,1.6336119883190572,7.742870483855356e-08,2.656672695713794e-06,0.13996581026495952,0.13969060185469254,-0.028717808988641815,131599.84111914225,0.0632878716581565,0.0629913433178699,1271.109201848507,-16538740906.905989,-1040260533.4424071,-207083510.71627966,-16538967417.539186,-1905315583.6578054,16571423981.155182,16649641266.170353,-0.9898508116954285,0.028434163637885323,-0.13923673697740588,0.02871386182848051,0.9995876720622834,0.0,-0.1391793257807936,0.003998024427017716,0.9902591231975016,4687.934364575273,-545.398740935454,-0.11582027273025217,2.075666706225165e-09,165.97460279785557,0.0,-74.17460279785557,0.0,0.0,2.9854433291269665e-17,2.2875598958337293,1.5707963267948966,18.883754685546265,461.0,0.010990704899942179,11.076563998811096,0.0,0.023298545132649298,-1570.9151006429904,13.893465535754451,-220.88930245110762,0.04647374974850854,0.07535968269515692,-0.5795409821049504,0.04496698347935719,0.07626835246921851,-0.5795409821049504,-7.625731846069061e-18,1.6347962061821793e-19,-5.902543421244791e-19,-7.627474683940336e-18,1.1904636012619304e-20,-5.902543421244791e-19,-1570.870133659511,13.96973388822367,-221.46884343321258,-1063136.9020342194,313.9856291552953,143246.03727362797,0.0830434089670271,4698.926599028837
280.61980329898176,2001.0,12.0,14.0,14.0,26.0,8.0,1.0,3493212.067461489,-30966.627373661788,492331.92140290956,-361.3909678814738,-294.59114253991993,4683.602143892214,3527871.908261657,4706.752215190538,3491905.1263252706,-100439.37979082968,492331.92140290956,3527871.908261658,-374.29818228299405,-534.8593914414583,4683.602143892214,4728.879649572955,20142251.663170706,0.8256303292563353,1.6336119839422796,7.598131170262078e-08,2.634599466704663e-06,0.1402878113470945,0.14001193331078116,-0.02875556201616114,131671.90826165816,0.06343340975391148,0.06313619537531669,1260.8785634934902,-16538739837.827528,-1040260393.5263084,-207089742.65077013,-16538973279.186255,-1905272528.1229818,16571422905.402071,16649642239.326591,-0.9898049637652209,0.02847024563324373,-0.13955493118952372,0.028751599268900085,0.9995865873147162,0.0,-0.13949723741067607,0.004012427457560112,0.9902143309307775,4687.8374411483455,-545.3999451282716,-0.11582289946046813,2.0585547389464284e-09,166.13757391479592,0.0,-74.33757391479593,0.06878695739795974,0.0,2.9857219962214254e-17,2.287605405623924,1.5707963267948966,18.874278670198535,461.0,0.010899744974156704,11.079210619093228,0.0,0.02310682525802283,-1570.7795793998582,13.924647282230556,-221.3850500603517,0.04619679028793685,0.07475595200406673,-0.5747731382848943,0.044700779536271225,0.07566000331609576,-0.5747731382848943,-7.563574890291775e-18,1.623052218359626e-19,-5.86804739460803e-19,-7.565306868520295e-18,1.1836013142734077e-20,-5.86804739460803e-19,-1570.734878620322,14.00030728554665,-221.95982319863657,-1063138.3401466776,314.13916736026124,143305.98346979843,0.08313654618149477,4698.880508172304
280.8475438537856,2001.0,12.0,14.0,14.0,26.0,8.0,1.0,3493129.675725556,-31033.716935664102,493398.55505680304,-362.16690172302185,-294.584219083567,4683.492378430561,3527939.931057998,4706.7021985307165,3491819.7936150148,-100561.18505550595,493398.55505680304,3527939.931057998,-375.08709690835747,-534.8250478451926,4683.492378430561,4728.829561412306,20142226.21091678,0.8256301090326289,1.6336119798519197,7.598131170262078e-08,2.6139542044108107e-06,0.1405910577645163,0.14031454917201544,-0.028791118514411226,131739.93105799844,0.06357047083083847,0.06327261034693821,1251.2958144247532,-16538738839.129797,-1040260262.7927853,-207095637.95840377,-16538978821.88393,-1905231891.1510744,16571421900.467314,16649643168.339844,-0.9897616914831792,0.028504222583333082,-0.1398545793575451,0.028787141049460445,0.9995855643766562,0.0,-0.1397966186377716,0.00402601350237861,0.9901720540556193,4687.745963482837,-545.4010824576425,-0.11582537887024759,2.0410189590504214e-09,166.29982764499616,0.0,-74.49982764499617,0.1,0.0,2.985998996585495e-17,2.2876506432163892,1.5707963267948966,18.864869072493146,461.0,0.010806567313386885,11.081682819613215,0.0,0.022910010607294785,-1570.651675124931,13.954008014383076,-221.85184603638348,0.045901604646228326,0.07413617389599506,-0.5698788688831531,0.044416768206206034,0.07503519368371106,-0.5698788688831531,-7.499742233980126e-18,1.6108273786966686e-19,-5.831206651997553e-19,-7.501462715575668e-18,1.1762287740781294e-20,-5.831206651997553e-19,-1570.6072583567247,14.029043208066787,-222.42172490526664,-1063139.6835566256,314.29270556522715,143365.9962728535,0.08322968610775901,4698.834367372834
281.1114141311876,2001.0,12.0,14.0,14.0,26.0,9.0,1.0,3493033.9920391655,-31111.447895058463,494634.37268070714,-363.06585407443146,-294.5761795325534,4683.36491416084,3528018.92772253,4706.644118598257,3491720.698689039,-100702.30423246173,494634.37268070714,3528018.9277225304,-376.00108731543776,-534.7851923478678,4683.36491416084,4728.771398451157,20142197.008588295,0.8256298563616176,1.6336119751563756,7.45058059692383e-08,2.5901887455962688e-06,0.1409423976309701,0.1406651585930665,-0.028832316980894186,131818.92772253044,0.06372926881658433,0.06343065972808701,1240.2693039774895,-16538737693.259295,-1040260112.7537525,-207102500.28154305,-16538985272.240955,-1905184701.3600247,16571420747.438156,16649644261.284454,-0.9897114415264989,0.02854358389099371,-0.14020173440509637,0.028828322417389213,0.9995843775422858,0.0,-0.14014346341566714,0.004041780802907288,0.9901229588641013,4687.639736349581,-545.4024041862933,-0.1158282583840278,2.0197814728357596e-09,166.4973193063261,0.0,-74.6973193063261,0.1,0.0,2.98633566792007e-17,2.2877056258178716,1.5707963267948966,18.85344552777787,461.0,0.010693744948808894,11.084519167998792,0.0,0.02267131623660257,-1570.5031506976095,13.988019313098626,-222.3925797770124,0.04553588043026057,0.07338498754894357,-0.5639434625493512,0.04406468017296621,0.07427770032366235,-0.5639434625493512,-7.422320219176933e-18,1.5958833301503543e-19,-5.785517872826283e-19,-7.424026513432634e-18,1.1670470706173969e-20,-5.785517872826283e-19,-1570.4590860174364,14.062297013422288,-222.95652323956176,-1063141.2249055784,314.44624377019306,143426.07568279322,0.0833228287488653,4698.788176630668
281.35839595511794,2001.0,12.0,14.0,14.0,26.0,9.0,1.0,3492944.2174739153,-31184.201925894784,495791.0639239165,-363.90719395072756,-294.5686372785137,4683.245330543786,3528093.0458111544,4706.589630925707,3491627.7276182957,-100834.381841303,495791.0639239165,3528093.045811155,-376.85650076756355,-534.7478259614817,4683.245330543786,4728.716832884104,20142169.94265823,0.8256296221755745,1.6336119708019334,7.45058059692383e-08,2.5681925443192055e-06,0.1412712362853708,0.14099331367767792,-0.028870879734301844,131893.04581115535,0.06387789641730028,0.06357858663855513,1230.0187512636185,-16538736631.19303,-1040259973.6496007,-207108954.35210702,-16538991336.827787,-1905140428.708486,16571419678.73438,16649645299.87762,-0.9896642980444765,0.028580420224750578,-0.14052664073374166,0.028866869121805874,0.9995832650995636,0.0,-0.14046807837810682,0.0040565641461879545,0.9900768976418397,4687.5400773894935,-545.4036451648301,-0.11583096017537521,2.001656486409921e-09,166.6734351359008,0.0,-74.8367175679504,0.1,0.0,2.986636070218128e-17,2.2877546852361905,1.5707963267948966,18.843264693005516,461.0,0.010597431329862851,11.087147973652355,0.0,0.02246752655154723,-1570.3638125046757,14.019846632901313,-222.89859123841705,0.045230782930200934,0.07273961275857914,-0.55887622745579,0.043771213064668774,0.07362714102553743,-0.55887622745579,-7.356230776897448e-18,1.5832358734917695e-19,-5.747456507181513e-19,-7.357925195412302e-18,1.1593963997688626e-20,-5.747456507181513e-19,-1570.320041291611,14.093473773926851,-223.45746746587284,-1063142.6534957513,314.599781975159,143486.22169961757,0.08341597410785964,4698.741935946042
281.60095131510843,2001.0,12.0,14.0,14.0,26.0,9.0,1.0,3492855.8496339223,-31255.650227760925,496926.9959111539,-364.73338255482724,-294.5612139220245,4683.127628761978,3528166.002508719,4706.5360018139545,3491536.2171784965,-100964.08333632899,496926.9959111539,3528166.002508719,-377.69650883111433,-534.7110711191292,4683.127628761978,4728.663127104146,20142143.58273804,0.8256293940981843,1.6336119665599909,7.300048299977716e-08,2.5466603269093072e-06,0.14159416780573686,0.14131557397889222,-0.028908752401629382,131966.002508719,0.06402385380929097,0.06372385589966335,1220.009666621685,-16538735596.804998,-1040259838.1543342,-207115321.93332478,-16538997316.991274,-1905096852.3322115,16571418637.8808,16649646333.324627,-0.9896178962939451,0.028616590961008638,-0.14084569591051316,0.028904725985559678,0.9995821711173623,0.0,-0.14078684651076653,0.004071106246538846,0.9900315600744671,4687.441987165793,-545.4048674832153,-0.11583361973222184,1.9847993414612637e-09,166.8400062717975,0.0,-74.94000627179749,0.12000313589874424,0.0,2.986920312601152e-17,2.287801105540105,1.5707963267948966,18.8336419920163,461.0,0.01050784110143002,11.089708136405905,0.0,0.022278123466925127,-1570.226670760358,14.051096785093797,-223.39542654824916,0.04495100902516826,0.07213603228584438,-0.5541668857454259,0.04350227601388353,0.07301884926467299,-0.5541668857454259,-7.294803722486507e-18,1.5715388349705992e-19,-5.712581146502495e-19,-7.296487229451719e-18,1.1524024869285718e-20,-5.712581146502495e-19,-1570.1831684843442,14.12411563435847,-223.94959343399458,-1063144.0448250975,314.7533201801249,143546.43432332657,0.08350912218778794,4698.6956453192015
281.80532755963674,2001.0,12.0,14.0,14.0,26.0,9.0,1.0,3492781.23566271,-31315.850902073205,497884.10579481046,-365.4294700533546,-294.55494653782296,4683.028252883679,3528227.60398452,4706.490723609273,3491458.9526624447,-101073.36240826176,497884.10579481046,3528227.6039845194,-378.4042391022729,-534.6800569321471,4683.028252883679,4728.61778416889,20142121.56218579,0.8256292035668432,1.6336119630148656,7.300048299977716e-08,2.5285913862899403e-06,0.14186625819508725,0.1415870988919433,-0.028940664575389373,132027.60398451984,0.06414683197769432,0.06384625425264161,1211.6269205212593,-16538734732.679022,-1040259724.9383552,-207120709.7398606,-16539002375.316288,-1905060060.381417,16571417768.352041,16649647215.264996,-0.9895787189917818,0.028647064121973584,-0.1411145089484978,0.028936624810768252,0.9995812481957437,0.0,-0.14105541699326887,0.00408337760079848,0.9899932804641779,4687.359169749262,-545.4059001873136,-0.11583586542503387,1.968628954063545e-09,166.99400996129958,0.0,-75.09400996129956,0.19700498064978453,0.0,2.987182492933667e-17,2.2878439228377454,1.5707963267948966,18.824775182675506,461.0,0.010421946528449978,11.091846750861984,0.0,0.022097097752599798,-1570.1108843249106,14.077422843206486,-223.8139754242248,0.044671251208762634,0.07156482502881198,-0.5496655238194154,0.043232925324418574,0.07244279835742196,-0.5496655238194154,-7.236071248255154e-18,1.5601669024141187e-19,-5.67761731148957e-19,-7.237743924233087e-18,1.1454461393521347e-20,-5.67761731148957e-19,-1570.067651399586,14.149865641563908,-224.3636409480442,-1063145.20711671,314.9068583850908,143606.71355392018,0.08360227299169656,4698.649304750389
282.1053275596368,2001.0,12.0,14.0,14.0,26.0,10.0,1.0,3492671.4535666304,-31404.216003623103,499288.9923505743,-366.4511507751885,-294.54572607454855,4682.882048372005,3528318.240355381,4706.424110682974,3491345.275572409,-101233.75958770797,499288.9923505743,3528318.240355381,-379.4430076191746,-534.6344577743959,4682.882048372005,4728.551076010028,20142089.55387384,0.8256289266170447,1.6336119578590684,7.300048299977716e-08,2.5024192190955935e-06,0.14226563704763265,0.14198564784862547,-0.028987509184955452,132118.24035538128,0.06432734100916129,0.06402591218592868,1199.406366199255,-16538733476.584782,-1040259560.3243524,-207128655.76441118,-16539009832.575092,-1905005930.51941,16571416504.401602,16649648528.343428,-0.9895210799411199,0.0286917881810773,-0.14150905851969994,0.028983449772302914,0.9995798915741034,0.0,-0.14144960937187512,0.004101420689931597,0.9899369607994583,4687.237327127679,-545.407420686692,-0.11583916972001078,1.9461688099152715e-09,167.1183119008473,0.0,-75.31831190084728,0.2,0.0,2.987397579210663e-17,2.2878790490924574,1.5707963267948966,18.817507515227803,461.0,0.010302617417659315,11.094955232145615,0.0,0.021844675854857883,-1569.9405405919092,14.116057724022793,-224.42821805125635,0.04428370453925035,0.07076962570985221,-0.5433821717471272,0.042859815625824596,0.07164092835350837,-0.5433821717471272,-7.15379307970905e-18,1.544273768632525e-19,-5.628960744761863e-19,-7.15545066835421e-18,1.1356705827810207e-20,-5.628960744761863e-19,-1569.8976807762833,14.187698652376302,-224.9716002230035,-1063146.8965880722,315.0603965900567,143667.05939139845,0.08369542652263202,4698.602914239853
282.3321963756246,2001.0,12.0,14.0,14.0,26.0,10.0,1.0,3492588.2295937557,-31471.038451001088,500351.37968565576,-367.2237022065608,-294.5387369235339,4682.771221386525,3528386.9502807325,4706.373617431647,3491259.102686711,-101355.04755665213,500351.37968565576,3528386.9502807325,-380.2284794371236,-534.5999158636041,4682.771221386525,4728.500510570163,20142065.57967161,0.8256287191818171,1.6336119539951948,7.146345858741881e-08,2.482642572645564e-06,0.14256764527321042,0.14228702858680697,-0.029022935513871282,132186.95028073248,0.06446384068874918,0.06416176824150135,1190.225063920021,-16538732535.74728,-1040259436.9908079,-207134694.35836348,-16539015496.74722,-1904964898.170101,16571415557.677488,16649649535.245834,-0.9894773877930062,0.028725604358271394,-0.14180740002052375,0.029018861200124587,0.9995788641696302,0.0,-0.1417476798433635,0.004115089258346123,0.9898942677374282,4687.144967575616,-545.4085741532416,-0.11584167475340273,1.930899937615004e-09,167.27100062384997,0.0,-75.47100062384996,0.2,0.0,2.9876579964828197e-17,2.2879215784604905,1.5707963267948966,18.808715896962603,461.0,0.010221472703869337,11.097283461544235,0.0,0.021673012633793773,-1569.8114191976251,14.145267717441595,-224.89261768290115,0.04402805558012286,0.07022883388599122,-0.5391128076795408,0.042613887599938345,0.07109581823688618,-0.5391128076795408,-7.098094841095915e-18,1.5336356215803064e-19,-5.597061797596117e-19,-7.09974247647018e-18,1.1292616850388429e-20,-5.597061797596117e-19,-1569.7688053100253,14.21636353567848,-225.4317304905807,-1063148.162004402,315.2139347950226,143727.4718357613,0.08378858278364106,4698.556473787843
282.5923358627712,2001.0,12.0,14.0,14.0,26.0,10.0,1.0,3492492.584994908,-31547.658562654375,501569.53682952287,-368.10947140429005,-294.53070546037344,4682.643862926112,3528465.9147114605,4706.315593582321,3491160.0731049944,-101494.11294616501,501569.53682952287,3528465.91471146,-381.12906179344577,-534.5602463487288,4682.643862926112,4728.442403764642,20142038.334417187,0.8256284834440015,1.6336119496019172,7.146345858741881e-08,2.4602263891061896e-06,0.14291392881923928,0.14263259274016757,-0.029063558294980613,132265.91471145954,0.06462035129756506,0.06431754083936413,1179.7617302238941,-16538731466.516169,-1040259296.7912152,-207141649.9418817,-16539022017.813787,-1904917744.7665818,16571414481.754236,16649650704.540215,-0.9894271781255066,0.028764373923239293,-0.14214946352132712,0.029059466849570482,0.9995776845180262,0.0,-0.1420894316021278,0.004130787622882234,0.9898452050803696,4687.038831724412,-545.4099006172426,-0.11584455375563558,1.9115213221351138e-09,167.46478677864886,0.0,-75.66478677864886,0.2,0.0,2.987987644162801e-17,2.2879754140121307,1.5707963267948966,18.79759925429936,461.0,0.010118533313507715,11.099929271095327,0.0,0.0214552060896446,-1569.6630415052898,14.178754138113272,-225.4250067956483,0.0436905504673207,0.06954271606599402,-0.5336966153482661,0.04228888180742144,0.07040386376791333,-0.5336966153482661,-7.027422549012243e-18,1.519938861858668e-19,-5.554876747130177e-19,-7.029057135089224e-18,1.1207830070032643e-20,-5.554876747130177e-19,-1569.6207526234823,14.249158001881185,-225.95870341099658,-1063149.6000784282,315.36747299998854,143787.95088700883,0.08388174177777062,4698.509983394613
282.87240560634456,2001.0,12.0,14.0,14.0,26.0,10.0,1.0,3492389.355138843,-31630.146488559883,502880.9844559448,-369.06300918789196,-294.52203800119304,4682.50641475057,3528551.14155674,4706.252974479744,3491053.194622585,-101643.82110800139,502880.9844559448,3528551.14155674,-382.0985452082615,-534.5174636341038,4682.50641475057,4728.379695134512,20142009.315048933,0.8256282323557625,1.6336119449197235,7.146345858741881e-08,2.436237322111502e-06,0.14328672487029778,0.14300461443907614,-0.029107294685609613,132351.14155674027,0.06478884443202998,0.06448523942295081,1168.5818292796612,-16538730327.630919,-1040259147.4132861,-207149176.03676307,-16539029070.62924,-1904866855.1761756,16571413335.738056,16649651981.834352,-0.9893729903776848,0.02880610682127106,-0.14251769757093044,0.02910318474183714,0.999576412605801,0.0,-0.14245732887078913,0.004147718881388063,0.9897922538993124,4686.924288093392,-545.4113333253124,-0.11584766121367436,1.890214610814931e-09,167.67785389185067,0.0,-75.87785389185069,0.2,0.0,2.988349760465014e-17,2.2880345520921823,1.5707963267948966,18.785403331462348,461.0,0.010005367684988968,11.102747277522308,0.0,0.021215746187380192,-1569.502913522054,14.214797383881752,-225.99804603603997,0.043314697048204315,0.06878800492999072,-0.5277420749339986,0.041926837716878995,0.06964260823438939,-0.5277420749339986,-6.949710274283122e-18,1.5048054856403592e-19,-5.507867426019206e-19,-6.951330360857472e-18,1.1113334046946858e-20,-5.507867426019206e-19,-1569.4609866843373,14.284439992116141,-226.52578811097396,-1063151.1317989863,315.52101120495445,143848.496545141,0.08397490350806797,4698.4634430604165
283.1724056063446,2001.0,12.0,14.0,14.0,26.0,11.0,1.0,3492278.4830410574,-31718.501704243452,504285.7142465125,-370.084294571957,-294.5127299520619,4682.358803210461,3528642.677865673,4706.185726806279,3490938.409302289,-101804.16946233461,504285.7142465125,3528642.677865673,-383.13690815622346,-534.4715513429624,4682.358803210461,4728.312351314045,20141978.574158303,0.8256279663721503,1.633611939956738,6.989264130329237e-08,2.410766577109983e-06,0.14368602950155654,0.14340308977791763,-0.029154144988011835,132442.67786567332,0.06496931822424556,0.06466486212476576,1156.6990554630756,-16538729121.149405,-1040258989.1213616,-207157281.07206464,-16539036661.645859,-1904812201.9877388,16571412121.69936,16649653370.542233,-0.9893147955161644,0.028850801499660957,-0.1429120940495833,0.029150015167084688,0.9995750480157849,0.0,-0.1428513632716486,0.004165889709105187,0.9897353855320942,4686.8012754093525,-545.4128732805365,-0.1158509988727309,1.869627140961483e-09,167.88372859038518,0.0,-76.08372859038516,0.29186429519258555,0.0,2.988700260873136e-17,2.2880917931527662,1.5707963267948966,18.77361420410493,461.0,0.009895987926810899,11.10573233070369,0.0,0.020985121698203324,-1569.330950768815,14.253395506173165,-226.61170443328197,0.04296275086589591,0.06805899104066837,-0.5220064399994566,0.041588113221490516,0.0689075689755146,-0.5220064399994566,-6.87484073227962e-18,1.4903783493495442e-19,-5.463892456027572e-19,-6.876447178804525e-18,1.1025768198374983e-20,-5.463892456027572e-19,-1569.2893626555935,14.32230307514868,-227.13371087328142,-1063152.754390953,315.67454940992036,143909.10881015778,0.0840680679775805,4698.416852785512
283.4724056063447,2001.0,12.0,14.0,14.0,26.0,11.0,1.0,3492167.3045744784,-31806.854123804653,505690.3996940923,-371.10546812129263,-294.5033972669864,4682.210796095129,3528734.467121464,4706.118300525509,3490823.3124903636,-101964.50402976728,505690.3996940923,3528734.467121464,-384.1751563822695,-534.4255510407874,4682.210796095129,4728.244828628946,20141948.167556558,0.8256277032809529,1.6336119350454588,6.989264130329237e-08,2.385489286293569e-06,0.1440853131543829,0.1438015442935249,-0.029200996901513485,132534.4671214642,0.06514978204971796,0.06484447486203442,1144.9069093763828,-16538727927.751968,-1040258832.5109588,-207165431.0741104,-16539044289.38643,-1904757401.6447656,16571410920.824493,16649654779.641485,-0.9892564444889995,0.028895487880941064,-0.14330644722797892,0.029196847138761972,0.9995736811847118,0.0,-0.14324535299317354,0.0041840964337143596,0.9896783629962285,4686.677933727685,-545.414418688411,-0.11585434591251256,1.8491065757071625e-09,168.10558390183022,0.0,-76.21116780366047,0.3,0.0,2.9890771643617445e-17,2.2881533461636216,1.5707963267948966,18.760954069266035,461.0,0.009786971428444062,11.10868476894844,0.0,0.02075442096472217,-1569.1585333387136,14.291983233921629,-227.22519762097684,0.04260737988153788,0.0673221551986908,-0.5162708401774574,0.04124615305271912,0.06816462615842588,-0.5162708401774574,-6.799993248531139e-18,1.4759073550068e-19,-5.419515249682126e-19,-6.801585961888032e-18,1.0936558981979555e-20,-5.419515249682126e-19,-1569.1172871856609,14.360147860080055,-227.7414684611543,-1063154.3593430743,315.8280876148863,143969.78768205922,0.08416123518935585,4698.370212570161
283.7032531120522,2001.0,12.0,14.0,14.0,26.0,11.0,1.0,3492081.54511308,-31874.83866771635,506771.2632020238,-371.89117634287425,-294.49619906128447,4682.096636506693,3528805.270380731,4706.066294889026,3490734.534407696,-102087.87074347293,506771.2632020238,3528805.270380731,-384.9740014568956,-534.390094272596,4682.096636506693,4728.192748634693,20141924.988318045,0.8256275027240655,1.6336119312998492,6.828569911354543e-08,2.3661899148604444e-06,0.14439254429590687,0.14410813751857146,-0.029237050159149996,132605.2703807312,0.06528864066151008,0.06498267857001591,1135.8911735713482,-16538727017.990015,-1040258713.0957359,-207171733.1189726,-16539050183.506283,-1904715133.0230644,16571410005.360611,16649655877.450134,-0.989211437567104,0.028929868020872235,-0.14360986916893465,0.029232885007233016,0.9995726278936183,0.0,-0.14354849431665073,0.004198130791319245,0.9896343796965026,4686.5827992992345,-545.415611567741,-0.11585692781788487,1.83494592385376e-09,168.194087975914,0.0,-76.388175951828,0.3,0.0,2.989230434318628e-17,2.288178377047137,1.5707963267948966,18.755810802406675,461.0,0.009711708412510693,11.11093540732826,0.0,0.02059523163535132,-1569.0255501513159,14.321669076309782,-227.6971627879568,0.04236957355908758,0.06682239056590648,-0.5123071896578538,0.04101732879559252,0.06766085561826526,-0.5123071896578538,-6.748083996235722e-18,1.4659811572810328e-19,-5.389684359112896e-19,-6.749667423387264e-18,1.0876647113736092e-20,-5.389684359112896e-19,-1568.9845328225204,14.389329931928048,-228.20946997761467,-1063155.5828164238,315.9816258198522,144030.53316084528,0.08425440514644197,4698.323522414626
284.0032531120523,2001.0,12.0,14.0,14.0,26.0,12.0,1.0,3491969.8246111013,-31963.18612160712,508175.86989686126,-372.91215123743603,-294.48682271643213,4681.947929059212,3528897.5071553104,4705.998552030801,3490618.886497677,-102248.18085055205,508175.86989686126,3528897.50715531,-386.012045906654,-534.3439382079506,4681.947929059212,4728.124908915422,20141895.116643693,0.825627244261323,1.6336119264708626,6.828569911354543e-08,2.3412849381881634e-06,0.1447917907338802,0.1445065550525391,-0.029283904934917993,132697.5071553099,0.0654690867862573,0.06516227361043145,1124.2388930618763,-16538725845.525398,-1040258559.1683911,-207179962.96037388,-16539057873.99205,-1904660072.0745752,16571408825.545708,16649657320.391487,-0.9891528103097303,0.02897453968080122,-0.1440041454495255,0.029279719726471164,0.9995712570961308,0.0,-0.14394240469403627,0.004216401018212095,0.9895770844625252,4686.458875047306,-545.4171665514069,-0.11586029145506953,1.818498568938019e-09,168.39376788827477,0.0,-76.49688394413738,0.4,0.0,2.989570241528557e-17,2.2882338717759296,1.5707963267948966,18.74441831537494,461.0,0.009624260816065437,11.113835715249273,0.0,0.02041102040950493,-1568.8523287116973,14.36023834642197,-228.31036261075738,0.04210608620220775,0.06623239696264033,-0.5077269688912035,0.04076433228175444,0.06706654990609873,-0.5077269688912035,-6.688362315745713e-18,1.4547426148013249e-19,-5.356927400924991e-19,-6.689935450774731e-18,1.0811656119142519e-20,-5.356927400924991e-19,-1568.8115643794156,14.427304896328067,-228.81808957964859,-1063157.15954181,316.13516402481815,144091.345246516,0.08434757785188696,4698.2767823191725
284.23440150590704,2001.0,12.0,14.0,14.0,26.0,12.0,1.0,3491883.535657725,-32031.25544086238,509258.0813685018,-373.6987300670235,-294.47958145220423,4681.83308075298,3528968.7475750954,4705.946234369759,3490529.5680048554,-102371.68947735007,509258.0813685018,3528968.7475750954,-386.81177475859283,-534.3083151692888,4681.83308075298,4728.072516447255,20141872.292766385,0.8256270467792088,1.6336119227802757,6.828569911354543e-08,2.322239720575087e-06,0.14509939359534713,0.1448135193235205,-0.029320007396166404,132768.7475750954,0.06560811271401945,0.0653006437837584,1115.3114705979824,-16538724949.662792,-1040258441.5410327,-207186334.88528055,-16539063823.095848,-1904617547.421029,16571407924.065992,16649658444.65721,-0.9891075318826065,0.029008953266501443,-0.14430790346852312,0.029315806689956248,0.9995701993747699,0.0,-0.1442458798413867,0.0042305026019160905,0.9895328337132222,4686.363167435314,-545.4183683355852,-0.11586288951758811,1.804250484980919e-09,168.57186893773851,0.0,-76.58593446886925,0.4,0.0,2.9898722200387977e-17,2.288283188609232,1.5707963267948966,18.73430609121444,461.0,0.009548551173461707,11.11605165756705,0.0,0.02025075149078638,-1568.7185527977958,14.38994862410883,-228.78271633263458,0.04186335481779788,0.06572004878824368,-0.5037430709349515,0.04053087299781459,0.06655008357143509,-0.5037430709349515,-6.636419796120102e-18,1.4447639180439973e-19,-5.32667974228768e-19,-6.6379835461023024e-18,1.075080456042155e-20,-5.32667974228768e-19,-1568.678021924798,14.456498707680266,-229.28645940356952,-1063158.3642644025,316.28870222978406,144152.22393907132,0.08444075330873903,4698.229992284073
284.4730418419652,2001.0,12.0,14.0,14.0,26.0,12.0,1.0,3491794.259177707,-32101.529253528413,510375.3414150347,-374.5107330302238,-294.4720901126769,4681.714263526831,3529042.4545096257,4705.892109507053,3490437.160603707,-102499.19259944174,510375.3414150347,3529042.454509625,-387.6373521513864,-534.2714827126553,4681.714263526831,4728.018314191845,20141848.907090936,0.8256268444361959,1.6336119189975615,6.664001874625058e-08,2.3025548922441166e-06,0.14541695326033893,0.14513041977669366,-0.029357281017982715,132842.4545096252,0.06575163846031115,0.06544349252277427,1106.141188532114,-16538724031.727272,-1040258320.9956357,-207192941.595002,-16539069986.691952,-1904573552.7279956,16571407000.373718,16649659616.865812,-0.9890606887268851,0.029044477055939648,-0.14462147962058267,0.029353064271173412,0.9995691059741154,0.0,-0.14455916308899958,0.0042450835862951584,0.9894870527866211,4686.264152713401,-545.419612434161,-0.11586557763019498,1.791590915062465e-09,168.66939389958355,0.0,-76.73878779916713,0.4,0.0,2.9900405410058555e-17,2.288310677509244,1.5707963267948966,18.728674495991466,461.0,0.00948123554761849,11.118322087198967,0.0,0.02010837289725563,-1568.5801582585077,14.420615333933702,-229.27027607765254,0.04165881596603545,0.06527161601062755,-0.5001982677704266,0.040334291639971674,0.06609830347469238,-0.5001982677704266,-6.59003229148399e-18,1.4360182170462388e-19,-5.301094317226436e-19,-6.591588018697668e-18,1.0699428019873648e-20,-5.301094317226436e-19,-1568.5398239668677,14.486713637408394,-229.77047434542297,-1063159.5986434594,316.44224043475,144213.16923851127,0.0845339315200469,4698.183152309594
284.69840072963217,2001.0,12.0,14.0,14.0,26.0,12.0,1.0,3491709.773458363,-32167.8903575938,511430.3946671441,-375.27747849340136,-294.4650013434517,4681.601829033515,3529112.206182187,4705.840892815068,3490349.715239809,-102619.59150228559,511430.3946671441,3529112.206182187,-388.4169148740234,-534.2366490203409,4681.601829033515,4727.967024263884,20141826.974598996,0.8256266546667813,1.6336119154483706,6.664001874625058e-08,2.2840617313715227e-06,0.1457168269547037,0.14542967100458934,-0.029392481136368928,132912.20618218696,0.06588717047369928,0.06557838520877166,1097.518481940031,-16538723170.812445,-1040258207.9142103,-207199207.0176469,-16539075826.902714,-1904531920.915767,16571406134.058224,16649660733.99736,-0.9890163619976505,0.029078018920033158,-0.14491757835617597,0.0293882492038467,0.9995680721235211,0.0,-0.14485498441429212,0.0042588739067492805,0.9894437303269861,4686.170457250344,-545.4207904082995,-0.11586812158501911,1.7785587635626065e-09,168.80551545546743,0.0,-76.85275772773372,0.4527577277337093,0.0,2.990272524146641e-17,2.288348563231225,1.5707963267948966,18.720918661446184,461.0,0.00941197320063502,11.120451393825611,0.0,0.019962237932369915,-1568.4492024406159,14.449569193602628,-229.7306038196524,0.04144075375317647,0.06480647219406896,-0.49656329848747904,0.04012460397867624,0.06562949843954655,-0.49656329848747904,-6.542554860890964e-18,1.4269460854765447e-19,-5.2738668267152745e-19,-6.544102118707806e-18,1.0645139762378752e-20,-5.2738668267152745e-19,-1568.4090778366372,14.515198692042174,-230.22716711813987,-1063160.7563209292,316.5957786397159,144274.1811448359,0.08462711248885918,4698.136262396018
284.96472243344084,2001.0,12.0,14.0,14.0,26.0,12.0,1.0,3491609.7082706285,-32246.31166104279,512677.1891191223,-376.18351053642016,-294.4566061421346,4681.468670027314,3529194.8203164595,4705.780236575817,3490246.148718231,-102761.86482835606,512677.1891191223,3529194.82031646,-389.33809181398635,-534.195419738475,4681.468670027314,4727.906281289238,20141801.275126982,0.8256264323038631,1.633611911288615,6.664001874625058e-08,2.262426182825421e-06,0.1460711923454025,0.14578330088560923,-0.029434080665240028,132994.82031645952,0.06604733039000203,0.06573778959065597,1087.3893977999687,-16538722162.006933,-1040258075.3928006,-207206644.43569958,-16539082754.436089,-1904482614.7686503,16571405118.923391,16649662068.088335,-0.9889638646826711,0.02911765149285284,-0.14526746615624667,0.029429830739281154,0.9995668487213135,0.0,-0.14520454336752955,0.004275196940902593,0.9893924212750691,4686.059491774827,-545.4221864517872,-0.11587113477181761,1.7620359367080972e-09,168.9560253955744,0.0,-76.9560253955744,0.5,0.0,2.9905294139204334e-17,2.2883905165150566,1.5707963267948966,18.71233787813672,461.0,0.00932418868173979,11.122946256846316,0.0,0.019776785985078888,-1568.29411322949,14.483778250354534,-230.2744822189166,0.04115470257617869,0.06421207440011459,-0.49195012540053346,0.0398493776332143,0.06503020179228311,-0.49195012540053346,-6.482222338388546e-18,1.4152767169586088e-19,-5.238054300212464e-19,-6.4837585340410656e-18,1.0573476664613318e-20,-5.238054300212464e-19,-1568.2542638518569,14.548808452146817,-230.76643234431714,-1063162.1128366552,316.7493168446818,144335.2596580451,0.08472029621822502,4698.089322543617
285.206285368524,2001.0,12.0,14.0,14.0,26.0,13.0,1.0,3491518.7370281224,-32317.44054142724,513808.04381261545,-377.00523527786027,-294.4489746088538,4681.347620786285,3529269.9264675337,4705.725097444232,3490151.9981575,-102890.9021187734,513808.04381261545,3529269.9264675337,-390.1735515105162,-534.1579634344489,4681.347620786285,4727.85106330986,20141778.168628715,0.825626232376508,1.6336119075473343,6.495265578539184e-08,2.2429093983448412e-06,0.14639259942317975,0.146104040918124,-0.02947181398397982,133069.9264675337,0.06619259403843336,0.06588236794490333,1078.2578929960728,-16538721254.962568,-1040257956.2204299,-207213421.55508965,-16539089062.00615,-1904437792.1102853,16571404206.186985,16649663291.101772,-0.9889161415462525,0.029153593877064964,-0.1455847964360405,0.02946754769282559,0.9995657375245367,0.0,-0.14552157442195035,0.004290026932329328,0.9893457772925888,4685.95861812798,-545.4234564125748,-0.11587387422992174,1.7483455887443854e-09,169.08872548340818,0.0,-77.0887254834082,0.5,0.0,2.9907560230410823e-17,2.288427524592946,1.5707963267948966,18.70477529808908,461.0,0.009251429803151889,11.125189399707617,0.0,0.01962281595581482,-1568.153132977124,14.514799848382673,-230.76768430560207,0.04092311216717872,0.06372360923049857,-0.4881192518084599,0.03962659524367859,0.06453783721354817,-0.4881192518084599,-6.432144843589075e-18,1.4056797209723464e-19,-5.209093586115369e-19,-6.4336720520288585e-18,1.0515257097646149e-20,-5.209093586115369e-19,-1568.1135063818804,14.57933768559622,-231.25580355741053,-1063163.332488332,316.9028550496477,144396.40477813894,0.08481348271119354,4698.042332752673
285.4570570043526,2001.0,12.0,14.0,14.0,26.0,13.0,1.0,3491424.0878564725,-32391.278997296427,514981.9772281083,-377.8582071453856,-294.44103520809324,4681.221685585425,3529348.0691324924,4705.667733437709,3490054.0449580364,-103024.84890321695,514981.9772281083,3529348.0691324924,-391.0407799251221,-534.1190189070743,4681.221685585425,4727.793617272009,20141754.35855783,0.8256260263615856,1.633611903690332,6.495265578539184e-08,2.222771806593944e-06,0.1467262443552568,0.14643699344777383,-0.029510986873845967,133148.0691324924,0.0663433883717844,0.06603245086125772,1068.8225631713867,-16538720320.27663,-1040257833.3879969,-207220488.4079985,-16539095633.145351,-1904391159.6924343,16571403265.633764,16649664572.665071,-0.9888664922232748,0.029190900666405586,-0.14591419353962728,0.029506703548756397,0.9995645824286121,0.0,-0.14585065993584523,0.004305446852329648,0.989297249629089,4685.853673218893,-545.4247784697548,-0.11587672455295855,1.7347370376576704e-09,169.27017283123106,0.0,-77.23508641561553,0.5350864156155309,0.0,2.991063613122808e-17,2.288477757865419,1.5707963267948966,18.694520266681675,461.0,0.009179099468969151,11.127500756999762,0.0,0.01947005061793492,-1568.0064675309588,14.546996778767827,-231.27957264318152,0.04069646141754394,0.06324002817339776,-0.4843207376178035,0.039408627752750905,0.0640504737993943,-0.4843207376178035,-6.382624657949202e-18,1.3962380591143162e-19,-5.1808730295044575e-19,-6.384143086123218e-18,1.0458840445865593e-20,-5.1808730295044575e-19,-1567.9670589032062,14.611047252567221,-231.76389338079932,-1063164.5892802589,317.0563932546136,144457.61650511745,0.0849066719708142,4697.995293023474
285.7170373409266,2001.0,12.0,14.0,14.0,26.0,13.0,1.0,3491325.7372122137,-32467.826804807628,516198.9858142553,-378.74241720013754,-294.43278607445677,4681.090834242619,3529429.2677504537,4705.608130999906,3489952.2651830385,-103163.70409020229,516198.9858142553,3529429.267750453,-391.93976789204686,-534.0785794304627,4681.090834242619,4727.733929600099,20141729.88355851,0.8256258145934711,1.633611899724559,6.495265578539184e-08,2.2020467938612915e-06,0.14707212545306322,0.14678215680773998,-0.029551599464097092,133229.26775045274,0.0664997125938291,0.06618803754367067,1059.0983383655548,-16538719359.463,-1040257707.106137,-207227848.59604073,-16539102471.178738,-1904342706.3050804,16571402298.787844,16649665914.859724,-0.9888149047416451,0.029229571203719173,-0.1462556540035903,0.029547298431227026,0.9995633832606194,0.0,-0.14619179633682328,0.004321459456098366,0.989246826465459,4685.744631967656,-545.426153071511,-0.11587968646465102,1.7195122967901084e-09,169.43658468806595,0.0,-77.33658468806594,0.6,0.0,2.9913464214130105e-17,2.288523943964203,1.5707963267948966,18.685101716087022,461.0,0.009098208556605586,11.129876514964245,0.0,0.019299320344418006,-1567.854082144286,14.580368211336895,-231.81013403632105,0.04043406644097299,0.06269272928922318,-0.48007482316589023,0.039156189557989406,0.06349869962435169,-0.48007482316589023,-6.3271506522838285e-18,1.3855238273310867e-19,-5.148076735280591e-19,-6.328658950908834e-18,1.0393389158056278e-20,-5.148076735280591e-19,-1567.8149259547279,14.643866910961247,-232.29020885948694,-1063165.8811728973,317.20993145957954,144518.89483898057,0.08499986400013672,4697.948203356302
286.01703734092666,2001.0,12.0,14.0,14.0,26.0,14.0,1.0,3491211.9614527216,-32556.15520985695,517603.2903684783,-379.7626299787658,-294.4232441206887,4680.939471660534,3529523.201401697,4705.5391868686565,3489834.5276607685,-103323.92065416809,517603.2903684783,3529523.201401697,-392.97703066585245,-534.0318329417006,4680.939471660534,4727.664886873394,20141701.90639095,0.8256255725231777,1.6336118951898673,6.495265578539184e-08,2.1783234854469606e-06,0.14747122922214612,0.1471804324700099,-0.029598465230034433,133323.20140169747,0.06668009082900288,0.06636756470927915,1047.95050406456,-16538718261.133436,-1040257562.7283553,-207236384.6646828,-16539110394.202965,-1904286657.0053434,16571401193.56125,16649667480.84808,-0.9887552308127153,0.029274186556737903,-0.14664963532834122,0.029594143702320462,0.9995619974061271,0.0,-0.14658540240767687,0.004339970381799821,0.9891884979406426,4685.618498762171,-545.4277443308979,-0.11588311306931934,1.7027997663837547e-09,169.59600311488327,0.0,-77.44800155744164,0.6480015574416351,0.0,2.991618642994326e-17,2.2885684011222187,1.5707963267948966,18.676045009031114,461.0,0.009009397718296385,11.132592177681184,0.0,0.019111689089237643,-1567.677816962797,14.618866712078226,-232.4222090371081,0.040148568151901036,0.062091043638896976,-0.4754068157909441,0.03888159712522204,0.06289218258104243,-0.4754068157909441,-6.266088528466756e-18,1.3737736593888654e-19,-5.112349470697563e-19,-6.26758577489463e-18,1.032189873366752e-20,-5.112349470697563e-19,-1567.6389353656716,14.681758894659268,-232.89761585289904,-1063167.3579284456,317.36346966454545,144580.23977972835,0.08509305880221087,4697.90106375145
286.31703734092673,2001.0,12.0,14.0,14.0,26.0,14.0,1.0,3491097.8796467828,-32644.480748578062,519007.5494539628,-380.78272807024223,-294.4136774936873,4680.787713721084,3529617.387733097,4705.470063703969,3489716.4789774935,-103484.12318096495,519007.5494539628,3529617.387733097,-394.0141758207234,-533.9849985548195,4680.787713721084,4727.59566485455,20141674.190277036,0.8256253327117165,1.6336118906961314,6.322027276634106e-08,2.1545450820450475e-06,0.14787031153775726,0.14757868678356414,-0.029645332651131714,133417.38773309765,0.06686045884991129,0.06654708166283028,1036.8729793131351,-16538717173.01852,-1040257419.6731036,-207244966.8055452,-16539118351.01069,-1904230460.489205,16571400098.612179,16649669064.32857,-0.9886954011235676,0.029318793459204878,-0.1470435722743581,0.029640990562846,0.9995606093071362,0.0,-0.1469789626972553,0.004358517138111412,0.9891300156464748,4685.492036593212,-545.4293409834553,-0.11588654905501157,1.6861148000441888e-09,169.81846933274414,0.0,-77.61846933274416,0.7,0.0,2.991995120677354e-17,2.288629884593745,1.5707963267948966,18.66353469561602,461.0,0.00892074396064357,11.13528232948514,0.0,0.018924460471261294,-1567.5010992036696,14.65735456878865,-233.03411485741597,0.03986223701994,0.06149674509334676,-0.47075154887981036,0.03860604792399603,0.062293022570750776,-0.47075154887981036,-6.2053641440773146e-18,1.362067149973637e-19,-5.076636014108324e-19,-6.20685035720344e-18,1.0250516781243682e-20,-5.076636014108324e-19,-1567.4624931557455,14.7196475913594,-233.50486640629578,-1063168.8209084999,317.51700786951136,144641.6513273607,0.08518625638008685,4697.853874209212
286.6170373409268,2001.0,12.0,14.0,14.0,26.0,14.0,1.0,3490983.491828653,-32732.803413616326,520411.76295282715,-381.8027112094287,-294.404086235875,4680.6355608508175,3529711.826716051,4705.400761867208,3489598.119168348,-103644.31164426921,520411.76295282715,3529711.8267160505,-395.0512030877607,-533.9380763275014,4680.6355608508175,4727.526263905325,20141646.763659786,0.825625095405195,1.6336118862466271,6.322027276634106e-08,2.131230733249725e-06,0.14826937231870935,0.1479769196932843,-0.02969220173205148,133511.8267160505,0.06704081663018706,0.06672658837798603,1025.8744162619114,-16538716096.23702,-1040257278.0651429,-207253595.1528347,-16539126342.713036,-1904174116.9130864,16571399015.065025,16649670666.426102,-0.9886354157174857,0.029363391894997024,-0.14743746472838956,0.029687839017354334,0.9995592189632787,0.0,-0.14737247708983503,0.004377099717983287,0.9890713796255884,4685.365245868357,-545.4309430695545,-0.11588999442169876,1.6684074907405295e-09,169.97728339506313,0.0,-77.77728339506314,0.7,0.0,2.992266127301925e-17,2.2886741433342674,1.5707963267948966,18.654539900477847,461.0,0.008826683193942487,11.137944304558868,0.0,0.018725336566851044,-1567.3239290911022,14.695831755286305,-233.645851080549,0.03954801398497455,0.06086258612041021,-0.4657969014318898,0.038303447827705714,0.06165343205313325,-0.4657969014318898,-6.1405094704377694e-18,1.3494163162353517e-19,-5.03721808828164e-19,-6.141983584067791e-18,1.0171210494813243e-20,-5.03721808828164e-19,-1567.2856256432744,14.757485187339437,-234.1116479819809,-1063170.2686115932,317.6705460744773,144703.12948187778,0.0852794567368149,4697.806634729884
286.86462341515914,2001.0,12.0,14.0,14.0,26.0,14.0,1.0,3490888.858598131,-32805.69278349115,521570.6075565435,-382.64440314284764,-294.396152138648,4680.509693576732,3529789.9562481716,4705.343433301798,3489500.2040546606,-103776.5024755041,521570.6075565435,3529789.9562481716,-395.90695910242874,-533.8992858722273,4680.509693576732,4727.4688533491535,20141624.336025946,0.8256249013520354,1.6336118826071377,6.322027276634106e-08,2.111920921609226e-06,0.14859869570974524,0.1483055599414447,-0.02973088342464053,133589.95624817163,0.06718965581495605,0.06687472519152629,1016.8556326627731,-16538715215.692896,-1040257162.2497933,-207260750.89570433,-16539132964.010742,-1904127506.5171373,16571398128.98733,16649672002.209646,-0.9885857932928295,0.029400192011937325,-0.1477625054242386,0.02972650363756662,0.9995580698396095,0.0,-0.14769720471651676,0.004392462654989586,0.9890228723294279,4685.260359619516,-545.4322693350857,-0.11589284490425551,1.6556734725066355e-09,170.13323610704805,0.0,-77.86661805352404,0.7666180535240313,0.0,2.992530870106647e-17,2.2887173791153765,1.5707963267948966,18.64576165901015,461.0,0.008759006796849687,11.140121037782855,0.0,0.018582576304835355,-1567.177372365571,14.727578418440388,-234.15058094454105,0.03933313011514621,0.060404404972641504,-0.4622465279128432,0.03809684223629305,0.061191648747005487,-0.4622465279128432,-6.094137870964035e-18,1.3405298593839047e-19,-5.010402739282949e-19,-6.095603679990463e-18,1.011779836607482e-20,-5.010402739282949e-19,-1567.1392755233348,14.788770067187393,-234.6128274724539,-1063171.4524482638,317.8240842794432,144764.67424327944,0.08537265987544565,4697.759345313764
287.08576967357453,2001.0,12.0,14.0,14.0,26.0,15.0,1.0,3490804.155096873,-32870.79660603103,522605.6723092704,-383.3961439405546,-294.38905111799426,4680.397040133786,3529859.8877633847,4705.292123758071,3489412.566199896,-103894.56846903574,522605.6723092704,3529859.8877633847,-396.67126037674865,-533.8645872718889,4680.397040133786,4727.4174704213465,20141604.446172513,0.8256247292568638,1.6336118793786578,6.143906154658886e-08,2.0949252054297425e-06,0.14889283808383302,0.14859909218363387,-0.029765435244531766,133659.88776338473,0.06732259447882606,0.06700703649195282,1008.8383002579212,-16538714434.76696,-1040257059.5247267,-207267169.19511515,-16539138897.362587,-1904085788.8965611,16571397343.153084,16649673205.115953,-0.9885413804373077,0.029433057337260538,-0.14805280915566527,0.029761040170215507,0.9995570421381598,0.0,-0.14798722799988223,0.004406205600595004,0.9889794566628349,4685.16648483383,-545.4334570702412,-0.11589539638502354,1.6435210443653597e-09,170.24985970423094,0.0,-77.99971940846187,0.8,0.0,2.9927297870807883e-17,2.288749864722538,1.5707963267948966,18.639171666164653,461.0,0.008694442149858402,11.142051352849498,0.0,0.018446176869833096,-1567.0462062227489,14.755928670988729,-234.60131240734265,0.039121053253526175,0.05997150264813846,-0.4588523304025531,0.03789265873538586,0.06075511790379882,-0.4588523304025531,-6.049721539039408e-18,1.3319139261256452e-19,-4.9838210550737775e-19,-6.0511791702579934e-18,1.0064612223094991e-20,-4.9838210550737775e-19,-1567.0083135640134,14.816683788892528,-235.0601647377452,-1063172.502331078,317.9776224844091,144826.28561156572,0.08546586579902973,4697.712005961159
287.35172705688115,2001.0,12.0,14.0,14.0,26.0,15.0,1.0,3490702.0678489893,-32949.0904102077,523850.4404122998,-384.3001275747995,-294.3804934941519,4680.261275554959,3529944.171366486,4705.230288781113,3489306.9463282865,-104036.54814170235,523850.4404122998,3529944.1713664867,-397.5903475104862,-533.822794475361,4680.261275554959,4727.355547004511,20141580.73372471,0.8256245240871195,1.6336118755277056,5.960464477539064e-08,2.074421471988913e-06,0.1492465672658702,0.148952087699076,-0.029806989543456522,133744.1713664867,0.0674824632398278,0.06716615076775019,999.2540472745895,-16538713503.733807,-1040256937.0225585,-207274921.5219763,-16539146058.072252,-1904035512.2007053,16571396406.266176,16649674665.141666,-0.9884878561627594,0.02947257607800309,-0.14840190523735977,0.029802576036629825,0.9995558045760031,0.0,-0.14833598579014093,0.004422759064817148,0.9889271330699354,4685.053351788145,-545.4348893959411,-0.11589847162733724,1.6282700108648248e-09,170.4104284162168,0.0,-78.15521420810839,0.8,0.0,2.993002514471463e-17,2.2887944044854907,1.5707963267948966,18.63014420959061,461.0,0.0086134356941191,11.144352598936935,0.0,0.018274687043346307,-1566.8881365885272,14.790015839693451,-235.14325326953593,0.03884849223006567,0.059426660337894,-0.45458610929481325,0.03763010557713067,0.0602055517516358,-0.45458610929481325,-5.9939219959940104e-18,1.3210005648494563e-19,-4.949657772224693e-19,-5.995369163053959e-18,9.995883443291853e-21,-4.949657772224693e-19,-1566.85050648295,14.850221391445087,-235.59783937883074,-1063173.7539916523,318.131160689375,144887.96358673667,0.08555907451061821,4697.664616672371
287.6478674432097,2001.0,12.0,14.0,14.0,26.0,15.0,1.0,3490588.1120305117,-33036.26694947246,525236.432364408,-385.30659533856965,-294.3709419009593,4680.1097382074095,3530038.2537113647,4705.161270935449,3489189.052249097,-104194.6277297336,525236.432364408,3530038.2537113647,-398.61363011184767,-533.7761775092386,4680.1097382074095,4727.286430443066,20141554.57667386,0.825624297765782,1.6336118712784433,5.960464477539064e-08,2.0518200967385204e-06,0.14964042043005935,0.14934512403908423,-0.02985326131149329,133838.2537113647,0.0676604656519332,0.06734331307160717,988.6515646278858,-16538712476.687122,-1040256801.8677104,-207283596.7507586,-16539154062.849453,-1903979393.7141075,16571395372.760838,16649676307.23911,-0.9884281136559017,0.029516571844564816,-0.14879057806588694,0.029848827219037664,0.9995544244880556,0.0,-0.14872428062789272,0.004441224256509395,0.9888687293462258,4684.927075701815,-545.436489288043,-0.11590190454959995,1.6129383115654916e-09,170.62945269192153,0.0,-78.26472634596077,0.8647263459607746,0.0,2.993372524039589e-17,2.288854831633691,1.5707963267948966,18.617911099998032,461.0,0.008531973962750933,11.146891013350546,0.0,0.01810268599634909,-1566.7117103285082,14.827961545187529,-235.74653979950656,0.03858384814921876,0.05887478047854544,-0.4503101158379424,0.03737550429915287,0.05964918099004288,-0.4503101158379424,-5.938128636554138e-18,1.3102227741819527e-19,-4.916654945016051e-19,-5.939565635376622e-18,9.929979720619113e-21,-4.916654945016051e-19,-1566.674334824209,14.887610726177572,-236.1968499153445,-1063175.1346939094,318.2846988943409,144949.70816879225,0.08565228601326222,4697.617177447713
287.9096773134393,2001.0,12.0,14.0,14.0,26.0,15.0,1.0,3490487.1184941093,-33113.33505974725,526461.7137114864,-386.1962924563354,-294.3624775826667,4679.975447578449,3530121.634354279,4705.100108866201,3489084.572853942,-104334.37019847702,526461.7137114864,3530121.6343542784,-399.51819038291086,-533.7348934372635,4679.975447578449,4727.225180891685,20141531.653639913,0.825624099426562,1.6336118675533293,5.960464477539064e-08,2.0320289055983685e-06,0.1499885979309746,0.14969257948712425,-0.02989417031936099,133921.6343542789,0.06781782446572159,0.06749992916976376,979.3334738910198,-16538711576.596867,-1040256683.401248,-207291304.20083374,-16539161166.64909,-1903929661.4622352,16571394467.00914,16649677772.767445,-0.9883751706737315,0.029555460407686945,-0.14913415690498877,0.02988971797386513,0.9995532025657478,0.0,-0.14906752414632424,0.004457577890160266,0.9888169715595694,4684.81517167927,-545.437908092279,-0.11590494711880348,1.5989639880011878e-09,170.76454294284866,0.0,-78.42908588569732,0.9,0.0,2.993602857823557e-17,2.288892447995262,1.5707963267948966,18.610304284957856,461.0,0.008457735063032854,11.149115470458646,0.0,0.017945811545706097,-1566.5553702487844,14.861499585500319,-236.27975031774895,0.038337723299460835,0.05837730347876649,-0.44640609714648805,0.0371384754072365,0.059147478675461,-0.44640609714648805,-5.887022571484723e-18,1.3002760496839121e-19,-4.885784106479931e-19,-5.888450097804838e-18,9.86817544433648e-21,-4.885784106479931e-19,-1566.518231773377,14.92064706417578,-236.72615641489543,-1063176.3446912505,318.43823709930683,145011.51935773244,0.08574550031001318,4697.569688287497
288.19058224855416,2001.0,12.0,14.0,14.0,26.0,16.0,1.0,3490378.4999870257,-33196.02165444159,527776.3216348836,-387.15078082165843,-294.35337507344815,4679.8310283554665,3530211.3102056384,4705.034334674566,3488972.2099204543,-104484.29273408519,527776.3216348836,3530211.3102056384,-400.4886234366722,-533.6905240068301,4679.8310283554665,4727.159312618464,20141507.291277017,0.8256238886338066,1.6336118635921477,5.960464477539064e-08,2.010939169864676e-06,0.15036215122295515,0.1500653581714254,-0.02993806444663591,134011.31020563794,0.06798665142987372,0.06766795925034971,969.4006619751453,-16538710619.964222,-1040256557.45867,-207299613.46102917,-16539168817.58971,-1903876177.5255432,16571393504.357262,16649679360.450825,-0.9883182346150317,0.029597178059009414,-0.14950275642398872,0.02993359246054834,0.9995518896197465,0.0,-0.14943576268695863,0.004475154582524303,0.9887613088211075,4684.694827954931,-545.439434982219,-0.11590821954328977,1.5832707140133576e-09,170.95327551409488,0.0,-78.57663775704744,0.9,0.0,2.9939221757576246e-17,2.288944596571372,1.5707963267948966,18.59976938233786,461.0,0.00837438895120964,11.151479527437388,0.0,0.01776933245700787,-1566.3872454262566,14.897474562888931,-236.85170495117947,0.038054360653585265,0.057814829251957,-0.4420168864789916,0.03686548339181421,0.05858007323718494,-0.4420168864789916,-5.8296452865230535e-18,1.289011838978925e-19,-4.850290358501486e-19,-5.8310619706624214e-18,9.796743602238546e-21,-4.850290358501486e-19,-1566.3503799428647,14.956054636126115,-237.29372183765847,-1063177.6306669004,318.59177530427274,145073.39715355725,0.08583871740392267,4697.52214919204
288.49058224855423,2001.0,12.0,14.0,14.0,26.0,16.0,1.0,3490262.2018616805,-33284.32620568805,529180.247758483,-388.1700393121001,-294.34362996919253,4679.676409986144,3530307.32638577,4704.963916344503,3488851.9078883994,-104644.39277279747,529180.247758483,3530307.32638577,-401.5249076172346,-533.6430535425122,4679.676409986144,4727.088793561214,20141481.528065585,0.8256236657204887,1.6336118594019653,5.960464477539064e-08,1.9885095736521514e-06,0.15076107636530117,0.1504634561608438,-0.029984943998644976,134107.32638576953,0.06816694466626702,0.06784740143563353,958.8661865890026,-16538709608.294,-1040256424.2519723,-207308533.0079648,-16539177021.374584,-1903818915.6239443,16571392486.320354,16649681073.092978,-0.9882572777198377,0.02964172325470867,-0.1498963684558996,0.02998045097243395,0.9995504852479886,0.0,-0.14982898782700574,0.004493960725437993,0.9887017137254963,4684.565985805678,-545.4410709246661,-0.11591172350158013,1.5679714511025167e-09,171.1718364128212,0.0,-78.68591820641059,0.9859182064105949,0.0,2.9942910846153586e-17,2.289004843959923,1.5707963267948966,18.587613732677443,461.0,0.00829311110932064,11.153979425719982,0.0,0.01759784155895386,-1566.207255402796,14.935884520863846,-237.46237260143556,0.03778666649255511,0.05726374596297303,-0.43775332555723995,0.03660786775949665,0.05802441541657015,-0.43775332555723995,-5.7739832091817024e-18,1.2782020112917593e-19,-4.816870644309774e-19,-5.7753896343115315e-18,9.73013955980635e-21,-4.816870644309774e-19,-1566.1706475350363,14.993908936280416,-237.9001259269928,-1063178.9905902036,318.74531350923866,145135.34155626674,0.0859319372980426,4697.4745601616605
288.7905822485543,2001.0,12.0,14.0,14.0,26.0,16.0,1.0,3490145.597976401,-33372.62782969722,530584.1274372074,-389.18918069942606,-294.33386024039476,4679.521397119723,3530403.5950087365,4704.893319275031,3488731.2949891486,-104804.47855720116,530584.1274372074,3530403.5950087365,-402.56107172585916,-533.59549536035,4679.521397119723,4727.018095505797,20141456.0207961,0.8256234450218229,1.6336118552515775,5.771194914292421e-08,1.9662758354198148e-06,0.1511599795938873,0.15086153234617522,-0.030031825244183134,134203.59500873694,0.06834722747330502,0.06802683319381808,948.4036934971809,-16538708606.643185,-1040256292.3362417,-207317499.61220223,-16539185258.684772,-1903761506.7385468,16571391478.364134,16649682803.023024,-0.9881961654246829,0.029686259867107857,-0.1502899351754978,0.030027311111197198,0.9995490786286741,0.0,-0.150222166231832,0.004512802640396331,0.9886419652153882,4684.436815390803,-545.4427122898181,-0.11591523684216062,1.5514158110802432e-09,171.30898752184243,0.0,-78.90449376092121,1.0,0.0,2.9945256380453745e-17,2.289043149441991,1.5707963267948966,18.579893675611086,461.0,0.008205188862723778,11.156454362695614,0.0,0.01741182792422472,-1566.0268146656695,14.974283619418502,-238.07286764323453,0.037485161271532945,0.05667553302112651,-0.43312289139285587,0.036317231796190105,0.057430932723084284,-0.43312289139285587,-5.713285349452172e-18,1.2662417389848327e-19,-4.778942288176158e-19,-5.71468021561637e-18,9.653958936552577e-21,-4.778942288176158e-19,-1565.9904974338733,15.031714552141587,-238.5059905346274,-1063180.337006919,318.89885171420457,145197.35256586084,0.08602515999542491,4697.426921196684
289.09058224855437,2001.0,12.0,14.0,14.0,26.0,17.0,1.0,3490028.688366305,-33460.92651909827,531987.9605529424,-390.2082047022143,-294.3240659083939,4679.365989985417,3530500.116045406,4704.822543627121,3488610.3712587105,-104964.55006099874,531987.9605529424,3530500.116045406,-403.59711547695355,-533.5478494975431,4679.365989985417,4726.947218613402,20141430.77997395,0.8256232266287096,1.6336118511424367,5.771194914292421e-08,1.944130465024164e-06,0.1515588608431268,0.15125958667231937,-0.030078708187909798,134300.11604540562,0.06852749982485148,0.06820625449878522,938.017386674881,-16538707615.425259,-1040256161.7615999,-207326513.3979531,-16539193529.926046,-1903703950.951866,16571390480.904411,16649684550.65666,-0.9881348977737417,0.02973078788015221,-0.15068345646985398,0.030074172881385246,0.999547669761428,0.0,-0.1506152977860401,0.004531680320239077,0.9885820633342978,4684.307316919797,-545.4443590967726,-0.11591875956540765,1.5358708373813489e-09,171.54470232312357,0.0,-79.02235116156179,1.0223511615617937,0.0,2.994922520784933e-17,2.28910796531214,1.5707963267948966,18.566845834768454,461.0,0.008122625130446282,11.158903386754062,0.0,0.01723712309421759,-1565.8459234433687,15.012671832532774,-238.68318966246434,0.03720627898937501,0.0561152550870266,-0.42877998842806225,0.03604866689140978,0.05686583038230822,-0.42877998842806225,-5.656599588769604e-18,1.2551400420105e-19,-4.744106011429164e-19,-5.6579838122796295e-18,9.583991897829945e-21,-4.744106011429164e-19,-1565.8098747764773,15.069537662915083,-239.1119696508924,-1063181.6693624053,319.0523899191705,145259.43018233957,0.08611838549912192,4697.379232297437
289.39058224855444,2001.0,12.0,14.0,14.0,26.0,17.0,1.0,3489911.473066657,-33549.22226650683,533391.7469873807,-391.2271110106855,-294.31424695733534,4679.210188485701,3530596.8894665986,4704.751589231914,3488489.136733243,-105124.60725788506,533391.7469873807,3530596.8894665986,-404.6330385558136,-533.5001159547214,4679.210188485701,4726.876162714971,20141405.786698807,0.8256230103776205,1.633611847072497,5.575503985246929e-08,1.9223075495777226e-06,0.1519577200734874,0.15165761908413006,-0.030125592834480543,134396.88946659863,0.06870776169496046,0.06838566532457861,927.7026383578777,-16538706633.897457,-1040256032.4473588,-207335574.47459465,-16539201834.347975,-1903646248.2157156,16571389493.194822,16649686315.24594,-0.9880734748113038,0.029775307277792127,-0.15107693222603086,0.03012103628754138,0.9995462586458741,0.0,-0.15100838237422542,0.0045505937577907055,0.9885220081258541,4684.177490274878,-545.4460113271596,-0.11592229167183617,1.5206304616777236e-09,171.7336118332483,0.0,-79.16722366649655,1.1,0.0,2.9952421305836444e-17,2.2891601615533634,1.5707963267948966,18.556352177595464,461.0,0.008041675211269665,11.161328243151882,0.0,0.01706625996453763,-1565.6645819649,15.05104913420097,-239.293338245252,0.036933913024684954,0.055568747097899045,-0.4245299684883514,0.03578635854445524,0.056314617351740495,-0.4245299684883514,-5.601016126070048e-18,1.2442593412837432e-19,-4.709991379315687e-19,-5.602389927951877e-18,9.51592159552399e-21,-4.709991379315687e-19,-1565.6287956063554,15.10736375155271,-239.71786821374033,-1063182.988654226,319.2059281241364,145321.57440570294,0.08621161381218607,4697.331493464248
289.6905822485545,2001.0,12.0,14.0,14.0,26.0,17.0,1.0,3489793.9521128074,-33637.51506453886,534795.4866222412,-392.2458993411037,-294.30440340004304,4679.053992825479,3530693.9152430594,4704.680456225123,3488367.5914489897,-105284.65012156023,534795.4866222412,3530693.9152430594,-405.6688406743614,-533.4522947606856,4679.053992825479,4726.804927946105,20141381.049207922,0.8256227963398325,1.6336118430417421,5.575503985246929e-08,1.9004677170927282e-06,0.1523565572214861,0.1520556295264796,-0.030172479188551305,134493.91524305986,0.06888801305753335,0.06856506564511797,917.4599366486073,-16538705662.385345,-1040255904.4137281,-207344682.96822786,-16539210172.26832,-1903588398.5828886,16571388515.56156,16649688097.115767,-0.9880118965817642,0.02981981804398704,-0.1514703623311467,0.030167901334209195,0.9995448452816359,0.0,-0.15140141988103936,0.004569542945862951,0.9884617996337902,4684.04733564106,-545.4476689915303,-0.11592583316063025,1.5051687399684648e-09,171.89758942902193,0.0,-79.34879471451097,1.1,0.0,2.9955205820571164e-17,2.289205636129979,1.5707963267948966,18.547219857861112,461.0,0.007959559218110052,11.163728214686143,0.0,0.016892394678715866,-1565.4827904597935,15.089415498438411,-239.9033129780685,0.03665259529425917,0.055016260629756834,-0.42020349869462065,0.0355152465312865,0.05575723217043708,-0.42020349869462065,-5.544360645085737e-18,1.2331047182248493e-19,-4.674666594728564e-19,-5.545723688593373e-18,9.444840439681234e-21,-4.674666594728564e-19,-1565.4472752132622,15.145172730608849,-240.32351647676313,-1063184.2944474798,319.3594663291023,145383.78523595096,0.08630484493767006,4697.283704697453
289.9905822485546,2001.0,12.0,14.0,14.0,26.0,17.0,1.0,3489676.1255401946,-33725.804905812976,536199.1793392826,-393.26456939549286,-294.2945352395284,4678.897403041182,3530791.1933454643,4704.609144572925,3488245.735442285,-105444.6786257318,536199.1793392826,3530791.1933454648,-406.70452153008296,-533.4043859347488,4678.897403041182,4726.733514273145,20141356.560618974,0.8256225844557986,1.6336118390503211,5.575503985246929e-08,1.8788467550865308e-06,0.15275537223703484,0.15245361794426232,-0.030219367254778993,134591.19334546477,0.06906825388656547,0.06874445543439775,907.2901887893677,-16538704700.617908,-1040255777.6461307,-207353838.99226224,-16539218543.40839,-1903530402.0714698,16571387547.733229,16649689895.994432,-0.987950163129622,0.029864320162706015,-0.15186374667237904,0.030214768025933206,0.9995434296683356,0.0,-0.15179441019119302,0.004588527877255019,0.9884014379019425,4683.916853034607,-545.449332090481,-0.11592938403301954,1.4896810813619742e-09,172.06399168183097,0.0,-79.46399168183098,1.1639916818309672,0.0,2.995802932815567e-17,2.2892517475081564,1.5707963267948966,18.537969145035895,461.0,0.007877312510634565,11.16610396016059,0.0,0.016718628834210658,-1565.300549158096,15.127770899282499,-240.5131134477345,0.03636981341035039,0.05445727917869568,-0.41588046273235013,0.03524282789189026,0.0551933117798951,-0.41588046273235013,-5.4877373478758865e-18,1.2219331396266317e-19,-4.639161616476065e-19,-5.489089590896365e-18,9.37381257656318e-21,-4.639161616476065e-19,-1565.265306330204,15.182964211062394,-240.92899391046686,-1063185.5871053543,319.5130045340683,145446.0626730836,0.0863980788786268,4697.235865997387
290.29058224855464,2001.0,12.0,14.0,14.0,26.0,18.0,1.0,3489557.9933843436,-33814.09178295128,537602.8250203,-394.28312089123824,-294.28464249525155,4678.740419353428,3530888.723744417,4704.537654426817,3488123.56874955,-105604.6927441157,537602.8250203,3530888.7237444175,-407.74008083616246,-533.3563895123848,4678.740419353428,4726.661921847749,20141332.33055702,0.8256223748088053,1.6336118350994047,5.575503985246929e-08,1.857571845322807e-06,0.15315416505569332,0.15285158428239382,-0.03026625703782177,134688.72374441754,0.06924848415610133,0.0689238346664685,897.1969155073166,-16538703748.97412,-1040255652.1878437,-207363042.6708082,-16539226948.139368,-1903472258.7574785,16571386590.090769,16649691712.262558,-0.9878882744994817,0.02990881361792807,-0.152257085136964,0.030261636367259138,0.9995420118055948,0.0,-0.15218735318945673,0.004607548544753621,0.9883409229742515,4683.786042656081,-545.4510006411983,-0.11593294428921144,1.47383239153215e-09,172.27180936104386,0.0,-79.67180936104386,1.2,0.0,2.996153288159208e-17,2.2893089648779137,1.5707963267948966,18.52650364955004,461.0,0.0077931658223159275,11.168454488568377,0.0,0.016540700947999747,-1565.1178582903726,15.166115310793113,-241.12273924141996,0.03607615891315798,0.05389317672704758,-0.41145479273216545,0.03495966830494145,0.05462403620814451,-0.41145479273216545,-5.429860530118005e-18,1.2104512728011074e-19,-4.602328330335737e-19,-5.4312015991005935e-18,9.299962300885905e-21,-4.602328330335737e-19,-1565.0828986220677,15.220739347001258,-241.53419403415214,-1063186.8661196828,319.6665427390342,145508.40671710085,0.08649131563810933,4697.187977364393
290.5905822485547,2001.0,12.0,14.0,14.0,26.0,18.0,1.0,3489439.555680867,-33902.3756885777,539006.42354713,-395.30155352747494,-294.2747251563031,4678.583041758348,3530986.506410451,4704.465985711434,3488001.091407295,-105764.69245043445,539006.42354713,3530986.506410451,-408.7755182869151,-533.3083054991113,4678.583041758348,4726.590150594176,20141308.34841891,0.8256221673071102,1.6336118311867485,5.575503985246929e-08,1.836352747975562e-06,0.15355293563055258,0.15324952848581222,-0.030313148542338526,134786.50641045067,0.06942870384008039,0.06910320331527994,887.1749134659767,-16538702807.038757,-1040255527.9754863,-207372294.12033373,-16539235386.038235,-1903413968.6103578,16571385642.215803,16649693545.49954,-0.9878262307360515,0.029953298393641633,-0.15265037761219766,0.030308506362733387,0.9995405916930338,0.0,-0.1525802487606611,0.004626604941132947,0.9882802548947608,4683.654904481362,-545.4526746303195,-0.1159365139284933,1.4595240384323982e-09,172.49563301306335,0.0,-79.79563301306335,1.1956330130633481,0.0,2.9965297858959746e-17,2.2893704516244644,1.5707963267948966,18.51419898098842,461.0,0.007717171091240716,11.170780897273582,0.0,0.016379707434024705,-1564.934718087705,15.204448707051926,-241.73218994664674,0.03581721936175402,0.053377309096084326,-0.40745201553265675,0.03471024706851196,0.05410368820690315,-0.40745201553265675,-5.377580452769965e-18,1.2001840958120999e-19,-4.569954543567147e-19,-5.3789116616779405e-18,9.234745101390479e-21,-4.569954543567147e-19,-1564.9000078406366,15.258552395258828,-242.1396419621794,-1063188.132050071,319.8200809440001,145570.81736800275,0.086584555219171,4697.140038798816
290.8905822485548,2001.0,12.0,14.0,14.0,26.0,18.0,1.0,3489320.8124654675,-33990.65661531157,540409.9748015846,-396.31986700071957,-294.26478321609176,4678.42527022735,3531084.541314022,4704.394138326691,3487878.303452123,-105924.67771841105,540409.9748015846,3531084.541314022,-409.81083357412723,-533.2601339048485,4678.42527022735,4726.518200412306,20141284.601389702,0.8256219618398403,1.6336118273113427,5.16191365590357e-08,1.815130256449525e-06,0.15395168391702047,0.15364745049945974,-0.030360041772987095,134884.54131402262,0.06960891291255382,0.06928256135487487,877.2221078276634,-16538701874.307896,-1040255404.9605954,-207381593.45229334,-16539243856.593319,-1903355531.6145477,16571384703.602352,16649695395.198387,-0.9877640318841472,0.029997774473842904,-0.1530436239854178,0.03035537801690125,0.9995391693302724,0.0,-0.15297309678967905,0.004645697059153852,0.9882194337076204,4683.523438461441,-545.4543540487662,-0.11594009295166947,1.4446370364713258e-09,172.63635328505652,0.0,-79.93635328505653,1.3,0.0,2.996769605469206e-17,2.2894096171329847,1.5707963267948966,18.506370029819347,461.0,0.007638117296088357,11.173084392309562,0.0,0.01621297816060816,-1564.751128781703,15.242771062159653,-242.34146515126136,0.035544199257196145,0.052842243916902884,-0.4033024851016347,0.03444716622437851,0.05356384584884434,-0.4033024851016347,-5.323162027047787e-18,1.1894219948126966e-19,-4.535611998637374e-19,-5.324482809711487e-18,9.166357390367738e-21,-4.535611998637374e-19,-1564.7166816154786,15.296334908008497,-242.744767636363,-1063189.3855728786,319.973619148966,145633.2946257893,0.08667779762486533,4697.092050301004
291.19058224855485,2001.0,12.0,14.0,14.0,26.0,19.0,1.0,3489201.7637739363,-34078.934555777334,541813.4786655336,-397.33806103884916,-294.2548167056618,4678.267105095477,3531182.8284255196,4704.322112538958,3487755.2049207264,-106084.6485217784,541813.4786655336,3531182.8284255196,-410.8460264217167,-533.21187477653,4678.267105095477,4726.4460715687455,20141261.10930454,0.8256217585786164,1.6336118234752803,5.16191365590357e-08,1.7941517877813579e-06,0.1543504098414747,0.1540453502683057,-0.03040693673442697,134982.82842551963,0.06978911134751424,0.06946190875926614,867.344388961792,-16538700951.5624,-1040255283.227034,-207390940.7966088,-16539252360.57763,-1903296947.886898,16571383775.03501,16649697262.14362,-0.9877016779886877,0.030042241842538446,-0.1534368241440268,0.030402251334309634,0.9995377447169294,0.0,-0.15336589716144863,0.004664824891564971,0.9881584594570827,4683.391644911339,-545.456038925394,-0.11594368135860829,1.429258116313828e-09,172.87295205671035,0.0,-80.13647602835516,1.3,0.0,2.997166778561167e-17,2.2894744804212794,1.5707963267948966,18.493419302735028,461.0,0.007556475003005953,11.175363051186066,0.0,0.016040074089868545,-1564.5670906044843,15.281082350240283,-242.95056444346994,0.03525561858112853,0.05229361802760951,-0.39900309430602543,0.03416883097509873,0.05301011335349771,-0.39900309430602543,-5.266985078429391e-18,1.1782297043602147e-19,-4.499449506751136e-19,-5.2682949211078975e-18,9.093568548891518e-21,-4.499449506751136e-19,-1564.532921773509,15.33409246359378,-243.34956753777598,-1063190.6256409883,320.1271573539319,145695.83849046048,0.08677104285824601,4697.044011871309
291.4905822485549,2001.0,12.0,14.0,14.0,26.0,19.0,1.0,3489082.409642149,-34167.20950260237,543216.9350208908,-398.3561353329013,-294.24482560856103,4678.108546263048,3531281.367715259,4704.249908176026,3487631.795849881,-106244.60483427723,543216.9350208908,3531281.367715259,-411.8810965157925,-533.1635281143925,4678.108546263048,4726.373763891066,20141237.852902543,0.8256215573567911,1.6336118196764187,5.16191365590357e-08,1.7734886040693616e-06,0.15474911336496655,0.1544432277373431,-0.03045383343131877,135081.36771525908,0.06996929911895997,0.0696412455024483,857.5367548763752,-16538700038.045313,-1040255162.6916184,-207400336.26234782,-16539260897.226423,-1903238217.3772867,16571382855.753088,16649699145.572876,-0.9876391690946963,0.03008670048374467,-0.15382997797548836,0.030449126319506515,0.9995363178526224,0.0,-0.15375864976096965,0.00468398843110255,0.9880973321875031,4683.259523710838,-545.4577292411992,-0.11594727914977769,1.414794842711136e-09,173.05170964407387,0.0,-80.25170964407387,1.3517096440738658,0.0,2.997468839658947e-17,2.2895238107421507,1.5707963267948966,18.4835824658015,461.0,0.007479676134574674,11.177618782035244,0.0,0.01587771887925116,-1564.382603788686,15.319382545440272,-243.55948741183462,0.03498825273341044,0.05177109740953155,-0.3949643613045028,0.03391119025491408,0.0524829070442866,-0.3949643613045028,-5.2140952879075385e-18,1.167748267372277e-19,-4.46588452175339e-19,-5.215394956948813e-18,9.026326605948191e-21,-4.46588452175339e-19,-1564.3486925984312,15.371865452484558,-243.95445177313914,-1063191.8532710243,320.28069555889783,145758.44896201626,0.08686429092236703,4696.995923510086
291.790582248555,2001.0,12.0,14.0,14.0,26.0,19.0,1.0,3488962.7501060725,-34255.48144841298,544620.3437495717,-399.374089601637,-294.23480994636327,4677.949593959203,3531380.1591534847,4704.177525397228,3487508.0762764593,-106404.54662965209,544620.3437495717,3531380.1591534847,-412.91604357096713,-533.1150939561513,4677.949593959203,4726.301277538838,20141214.842460997,0.8256213582632901,1.6336118159162603,5.16191365590357e-08,1.7528985261427343e-06,0.1551477944225336,0.15484108285157622,-0.030500731868322983,135180.15915348474,0.07014947620098351,0.06982057155852338,847.8035977184772,-16538699134.161003,-1040255043.4047269,-207409779.97310978,-16539269466.936237,-1903179340.1692395,16571381946.163319,16649701045.89283,-0.9875765052473019,0.030131150381486695,-0.15422308536731538,0.030496002977039697,0.9995348887369687,0.0,-0.15415135447329162,0.004703187670489897,0.9880360519433417,4683.12707506878,-545.459425015468,-0.11595088632564217,1.399224137558729e-09,173.25039788371188,0.0,-80.45039788371186,1.4,0.0,2.997803477537196e-17,2.289578461255014,1.5707963267948966,18.472697377193466,461.0,0.007397030002754515,11.179850520992822,0.0,0.015702985699594708,-1564.1976685674622,15.35767162192675,-244.16823364525473,0.034691903297302755,0.051215068603363126,-0.3906176995360061,0.03362528757665186,0.051921589361498356,-0.3906176995360061,-5.157185933292936e-18,1.1563387629487385e-19,-4.428636976311619e-19,-5.1584743685872125e-18,8.951677511310535e-21,-4.428636976311619e-19,-1564.1640432798856,15.409593211288248,-244.55885134479072,-1063193.067920398,320.43423376386374,145821.12604045673,0.0869575418202825,4696.947785217696
292.04119654399676,2001.0,12.0,14.0,14.0,26.0,20.0,1.0,3488862.554702271,-34329.21984734001,545792.6881164416,-400.22437701502247,-294.22642422710703,4677.816506699334,3531462.8809234784,4704.11692148689,3487404.4852868635,-106538.14781592978,545792.6881164416,3531462.8809234784,-413.7805241215492,-533.0745659235242,4677.816506699334,4726.240586906852,20141195.811414186,0.8256211936009014,1.6336118128046246,4.942156062059701e-08,1.7358413777858365e-06,0.15548082773193114,0.15517342627067904,-0.030539911268164015,135262.8809234784,0.07029998449605679,0.0699703689244829,839.7298037409782,-16538698386.572248,-1040254944.7167121,-207417706.1446244,-16539276651.362717,-1903130042.8362608,16571381193.853931,16649702646.446278,-0.9875240383030464,0.030168276266313195,-0.1545514441238348,0.030535164130684498,0.9995336931547191,0.0,-0.15447937572749182,0.00471925371295561,0.987984742351438,4683.01617906862,-545.4608458225212,-0.11595390688594827,1.3876158768695448e-09,173.4397353855076,0.0,-80.56986769275379,1.4,0.0,2.998121206309163e-17,2.2896303503012576,1.5707963267948966,18.46237457739179,461.0,0.00733539208631142,11.181696267614383,0.0,0.015572416085639617,-1564.0428336123086,15.38964904575197,-244.6766328859767,0.0344767140216463,0.050797369443358005,-0.3873711470030617,0.033417868050661464,0.051500122786688224,-0.3873711470030617,-5.11476064770565e-18,1.147929109185681e-19,-4.401694952085874e-19,-5.1160409235666995e-18,8.897421327032804e-21,-4.401694952085874e-19,-1564.009415744258,15.441149168538658,-245.06400403297974,-1063194.0725120455,320.58777196882966,145883.8697257818,0.08705079555504683,4696.8995969945
292.3165036917177,2001.0,12.0,14.0,14.0,26.0,20.0,1.0,3488752.241504025,-34410.22121469316,547080.5042758486,-401.1583456666197,-294.21719249303715,4677.669989897359,3531553.9559919117,4704.050202649078,3487290.4378384636,-106684.90091771235,547080.5042758486,3531553.9559919117,-414.73008191900414,-533.029974319917,4677.669989897359,4726.173772594317,20141175.083734725,0.8256210142588974,1.6336118094147698,4.942156062059701e-08,1.7171285067810782e-06,0.15584665644146597,0.15553849719277246,-0.03058295239382469,135353.9559919117,0.07046531363034442,0.07013491708417313,830.9140155315399,-16538697572.312283,-1040254837.2156132,-207426452.25287348,-16539284569.487616,-1903075770.224252,16571380374.451591,16649704417.52045,-0.9874662772521577,0.030209053081775055,-0.15491211831766832,0.030578185157676584,0.9995323779610458,0.0,-0.1548396779970419,0.004736931437085565,0.9879282542767631,4682.894093099862,-545.4624109918794,-0.11595723260885814,1.3744066012132448e-09,173.5799449898896,0.0,-80.67994498988963,1.4799449898896273,0.0,2.99835902959737e-17,2.2896691897916925,1.5707963267948966,18.454655663016286,461.0,0.007265264299021571,11.183706463691342,0.0,0.015424351323176483,-1563.8723825352236,15.424768200618068,-245.23498157369963,0.0342287696051797,0.05032027207269607,-0.3836867497313474,0.03317885664496368,0.051018642885592116,-0.3836867497313474,-5.0664373845774904e-18,1.1382904612212567e-19,-4.37049258288293e-19,-5.067708235907865e-18,8.835117264258015e-21,-4.37049258288293e-19,-1563.8392036785785,15.475786843503661,-245.61866832343097,-1063195.1666659769,320.74131017379557,145946.68001799152,0.08714405212971449,4696.851358840869
292.61650369171775,2001.0,12.0,14.0,14.0,26.0,20.0,1.0,3488631.741354557,-34498.48486044005,548483.7812754126,-402.17596797996083,-294.2071092090738,4677.509954727443,3531653.4414585996,4703.977328697929,3487165.863620376,-106844.80261084209,548483.7812754126,3531653.441458599,-415.7646886986264,-532.9812993713338,4677.509954727443,4726.100794357072,20141152.73181707,0.8256208208637036,1.6336118057576297,4.942156062059701e-08,1.6969668474290892e-06,0.15624527537603483,0.15593629047876786,-0.030629855645573145,135453.4414585987,0.0706454611493546,0.07031421358363735,821.3793787658215,-16538696694.219824,-1040254721.261531,-207436029.39483076,-16539293229.448248,-1903016489.2123103,16571379490.812021,16649706363.602262,-0.9874031870409544,0.030253478825689753,-0.15530509727729253,0.030625066442778928,0.9995309426452866,0.0,-0.15523225027919013,0.004756228923019328,0.9878665531131675,4682.760743270944,-545.4641217888957,-0.11596086562141347,1.3594837812101905e-09,173.80860364649683,0.0,-80.90860364649683,1.5,0.0,2.998742375899271e-17,2.2897317949938074,1.5707963267948966,18.442227628403018,461.0,0.0071860619399067936,11.185874077784817,0.0,0.015256732597673107,-1563.6862140305593,15.463026533223742,-245.84323912236914,0.03394298131905645,0.049789604737276665,-0.3795179876663307,0.03290305089304814,0.05048286801133175,-0.3795179876663307,-5.011917871574144e-18,1.1273376937627222e-19,-4.334615755138627e-19,-5.013177920570321e-18,8.763039901630571e-21,-4.334615755138627e-19,-1563.6533109796662,15.513509401235073,-246.22275711003547,-1063196.3465612493,320.8948483787615,146009.55691708584,0.08723731154734038,4696.803070757168
292.8585449715249,2001.0,12.0,14.0,14.0,26.0,20.0,1.0,3488534.2988180155,-34569.694139108244,549615.916112651,-402.99690172587907,-294.19895606957004,4677.380551068025,3531733.890460452,4703.918403635686,3487065.13039435,-106973.80132729313,549615.916112651,3531733.8904604525,-416.5993233755867,-532.9419644881822,4677.380551068025,4726.041784967515,20141134.866359927,0.825620666286802,1.633611802833126,4.712160915387242e-08,1.680729443978689e-06,0.15656686631864616,0.1562572153569991,-0.030667698669993453,135533.89046045253,0.07079079707558598,0.07045886290536343,813.7369271218777,-16538695992.357744,-1040254628.5568216,-207443791.75504762,-16539300239.983002,-1902968554.1424687,16571378784.514723,16649707945.579544,-0.9873521727707862,0.030289315289648375,-0.15562212022746552,0.030662891694712285,0.9995297829844383,0.0,-0.15554894405853678,0.004771824217836269,0.9878166609730311,4682.65291752994,-545.465506040929,-0.11596380359153312,1.3488146052729938e-09,173.9864232454501,0.0,-80.99321162272506,1.5,0.0,2.999040612811835e-17,2.289780500777838,1.5707963267948966,18.432570801537942,461.0,0.0071294099168560665,11.187606575735863,0.0,0.015136693611489479,-1563.5356862881113,15.493885345737963,-246.33385398711022,0.0337446363261757,0.049403042103495144,-0.37653334453438975,0.032711906407593375,0.05009283610504023,-0.37653334453438975,-4.972898625919421e-18,1.1195964171358312e-19,-4.3097779009662224e-19,-4.974151162639214e-18,8.712993679160082e-21,-4.3097779009662224e-19,-1563.5029743817038,15.543978181843004,-246.7103873316446,-1063197.2896306869,321.0483865837274,146072.50042306483,0.08733057381097933,4696.754732743777
293.158544971525,2001.0,12.0,14.0,14.0,26.0,21.0,1.0,3488413.247134033,-34657.952307382206,551019.1061757713,-404.01430497506476,-294.18882841554876,4677.219805530944,3531833.831284974,4703.845207342597,3486939.9954369487,-107133.6765938784,551019.1061757713,3531833.831284974,-417.6337056119506,-532.8931315892019,4677.219805530944,4725.968483920416,20141112.931029644,0.8256204764964228,1.6336117992415093,4.942156062059701e-08,1.6609281054847689e-06,0.15696544426568465,0.15665496784015115,-0.030714605100833504,135633.83128497377,0.07097092508549883,0.07063813989994973,804.3291981220245,-16538695130.581396,-1040254514.7169672,-207453456.9487452,-16539308958.530848,-1902909008.1837666,16571377917.291805,16649709921.075672,-0.9872888029299807,0.03033372511608236,-0.15601501443664922,0.03070977603560077,0.9995283435980409,0.0,-0.15594142895628843,0.004791186151540518,0.9877546837501365,4682.5189764832085,-545.4672266963888,-0.11596745356115967,1.3339253072539332e-09,174.13457821243443,0.0,-81.13457821243445,1.6,0.0,2.99929190714561e-17,2.289821540256968,1.5707963267948966,18.424442082181013,461.0,0.007050390847655645,11.189733626477693,0.0,0.014969883424735621,-1563.3487093637318,15.532123395486556,-246.9417891307391,0.033457308474008796,0.048866335222977876,-0.3723820942105446,0.03243472721285843,0.04955097051599383,-0.3723820942105446,-4.918408348049968e-18,1.1086064767123065e-19,-4.2735500499047015e-19,-4.919649997720512e-18,8.640676956210864e-21,-4.2735500499047015e-19,-1563.316274636519,15.58167436600255,-247.31417122494963,-1063198.4475400709,321.2019247886933,146135.51053592842,0.08742383892368664,4696.706344801072
293.4282712943054,2001.0,12.0,14.0,14.0,26.0,21.0,1.0,3488304.150490202,-34737.301547630166,552280.655941669,-404.92893591885644,-294.17970182651607,4677.0749458212895,3531923.901979393,4703.7792453452075,3486827.223223798,-107277.40596882683,552280.655941669,3531923.9019793933,-418.56359956124857,-532.8491519409815,4677.0749458212895,4725.90242751912,20141093.41935736,0.8256203076763677,1.6336117960449148,4.712160915387242e-08,1.6433217837961129e-06,0.15732378137079608,0.1570125628772649,-0.030756779605353994,135723.90197939333,0.07113286672399045,0.07079931640299765,795.9356127679348,-16538694364.001167,-1040254413.4237804,-207462188.5575719,-16539316825.466635,-1902855346.053434,16571377145.864862,16649711711.643806,-0.9872316958102292,0.03037364590689665,-0.15636822062676797,0.03075193062092214,0.999527047539528,0.0,-0.15629426589208292,0.004808624672031415,0.9876988304022732,4682.398272635542,-545.4687783976616,-0.11597074321668142,1.3210786469630359e-09,174.3265577548815,0.0,-81.32655775488149,1.6,0.0,2.999613914484406e-17,2.2898741280462014,1.5707963267948966,18.414036818604448,461.0,0.00698220933532911,11.191625599851747,0.0,0.014825459121160723,-1563.180218996411,15.566493143362559,-247.48822334803012,0.03320964542753936,0.048408063134738596,-0.3687896772830027,0.032195701233082206,0.0490882669075802,-0.3687896772830027,-4.8713903189313075e-18,1.0991398788978228e-19,-4.242429536487141e-19,-4.872622614337188e-18,8.578016165363606e-21,-4.242429536487141e-19,-1563.1480232951778,15.615581410270138,-247.8570130253131,-1063199.477512937,321.3554629936592,146198.58725567666,0.0875171068885176,4696.657906929438
293.6677239398661,2001.0,12.0,14.0,14.0,26.0,21.0,1.0,3488207.0919788573,-34807.74268377844,553400.5784872432,-405.74082748242296,-294.17158294880454,4676.946078654974,3532004.0339377234,4703.720565886845,3486726.8982341,-107404.9934274459,553400.5784872432,3532004.033937724,-419.38903897221815,-532.8100493041193,4676.946078654974,4725.843664076885,20141076.239401747,0.8256201590310817,1.6336117932294598,4.712160915387242e-08,1.6276406794379198e-06,0.15764188381737496,0.15733000660454408,-0.03079422170589395,135804.03393772384,0.07127662492189858,0.07094239534469987,788.5266475379467,-16538693689.011652,-1040254324.2199782,-207469973.32974023,-16539323830.815231,-1902807607.5324638,16571376466.606895,16649713311.696676,-0.9871808935469573,0.03040908005637336,-0.15668175154100086,0.030789354991564044,0.9995258954220263,0.0,-0.15660746800531034,0.004824130068895913,0.9876491425268611,4682.290894750712,-545.4701596210404,-0.11597367000320788,1.3108949093414203e-09,174.43508484430967,0.0,-81.41754242215484,1.6,0.0,2.9997984655091264e-17,2.2899042675157775,1.5707963267948966,18.40807876435401,461.0,0.006928134060660185,11.193291419751395,0.0,0.014710885432448995,-1563.0303370274903,15.596997639073125,-247.97320511535918,0.0330188127651111,0.04803910735417497,-0.36593793723380796,0.03201175631255675,0.04871596544859698,-0.36593793723380796,-4.833962873861587e-18,1.0916908652609956e-19,-4.218401916593852e-19,-4.835187917881009e-18,8.529601551556288e-21,-4.218401916593852e-19,-1562.9983252711777,15.645713604521722,-248.339143052593,-1063200.3844019063,321.5090011986251,146261.73058230957,0.08761037770852785,4696.609419129259
293.89409620909885,2001.0,12.0,14.0,14.0,26.0,21.0,1.0,3488115.156639534,-34874.3341022981,554459.295570764,-406.50829697800543,-294.1638932065337,4676.82402092668,3532079.9361852426,4703.66498746405,3486631.8718686798,-107525.6026582839,554459.295570764,3532079.936185243,-420.1693144640169,-532.7730315292811,4676.82402092668,4725.788006106374,20141060.13632351,0.8256200197033374,1.6336117905897178,4.712160915387242e-08,1.6130463975075488e-06,0.15794259615978043,0.15763009627301866,-0.030829619527758298,135879.93618524307,0.07141252379109211,0.07107765206421826,781.5661979317665,-16538693056.316296,-1040254240.5939707,-207477361.61605412,-16539330472.602165,-1902762390.9583497,16571375829.909815,16649714834.013683,-0.987132775832461,0.03044257338479574,-0.15697812778540832,0.030824736011861986,0.9995248049197174,0.0,-0.1569035325513727,0.004838809348621549,0.9876020794819076,4682.189191021561,-545.4714686044294,-0.11597644240945733,1.2996337745290765e-09,174.6248404631077,0.0,-81.5248404631077,1.6124202315538494,0.0,3.000115347881004e-17,2.2899560183343968,1.5707963267948966,18.397857820125857,461.0,0.006868387062660549,11.194852807655517,0.0,0.014584333897970746,-1562.8883808412465,15.625829168601017,-248.43158891916153,0.03279688126042543,0.04763264823128249,-0.36279183182719493,0.03179755797725054,0.048305485243592516,-0.36279183182719493,-4.792810985789745e-18,1.0833318410013102e-19,-4.1905314016829083e-19,-4.794027682854411e-18,8.473506340958561e-21,-4.1905314016829083e-19,-1562.8565832832694,15.67413465384461,-248.79438075098872,-1063201.2344464827,321.66253940359104,146324.94051582707,0.08770365138677319,4696.560881400924
294.1940962090989,2001.0,12.0,14.0,14.0,26.0,22.0,1.0,3487993.0516000027,-34962.581739032335,555862.3184718175,-407.5252790754617,-294.153680849766,4676.661919323858,3532180.746681662,4703.591175761017,3486505.6659785537,-107685.42719977052,555862.3184718175,3532180.746681662,-421.20326504076047,-532.7238970862826,4676.661919323858,4725.714088755444,20141038.99762187,0.8256198368063576,1.6336117871227667,4.4703483581542975e-08,1.5935884495465321e-06,0.15834109529613613,0.15802777030483312,-0.03087653207442663,135980.74668166228,0.07159261429499303,0.07125689156090735,772.4039897620678,-16538692225.746708,-1040254130.7869463,-207487196.11156535,-16539339303.042225,-1902702339.1273527,16571374994.085266,16649716865.731628,-0.9870688721844096,0.030486952656920675,-0.15737085906320827,0.030871626231982398,0.9995233577529805,0.0,-0.157295849463329,0.004858294340805346,0.9875395752665854,4682.054121351384,-545.4732081369634,-0.11598012477652359,1.2859004424450278e-09,174.83416297962478,0.0,-81.73416297962477,1.7,0.0,3.000466246489233e-17,2.2900133244259937,1.5707963267948966,18.38655338854801,461.0,0.0067955017262153125,11.196902307241157,0.0,0.01443046708522295,-1562.6998616031785,15.664028235323794,-249.03890440603612,0.03253263252197896,0.04714313235649055,-0.3589644275705559,0.03154254670124764,0.04781124192897859,-0.3589644275705559,-4.742702617287904e-18,1.0732378150491102e-19,-4.1573206343249086e-19,-4.7439093402719314e-18,8.407222298038631e-21,-4.1573206343249086e-19,-1562.6683190564772,15.711839477252774,-249.39786883360668,-1063202.350312136,321.81607760855695,146388.21705622922,0.08779692792630962,4696.5122937448305
294.494096209099,2001.0,12.0,14.0,14.0,26.0,22.0,1.0,3487870.641484968,-35050.826308232645,557265.2926811355,-408.54213850577565,-294.1434439601072,4676.499425030309,3532281.809055535,4703.517185773684,3486379.149922842,-107845.23698769501,557265.2926811355,3532281.809055535,-422.2370898961347,-532.674675328555,4676.499425030309,4725.6399928611945,20141018.08087161,0.8256196558299792,1.6336117836909458,4.712160915387242e-08,1.5745246946264407e-06,0.15873957148624446,0.1584254214864551,-0.03092344640319533,136081.80905553512,0.07177269387628764,0.07143612013735394,763.311379134655,-16538691403.871544,-1040254022.1100968,-207497079.9144171,-16539348165.533628,-1902642140.7822368,16571374167.008942,16649718913.386917,-0.9870048139944513,0.03053132304201141,-0.1577635428896138,0.0309185181654093,0.9995219083314059,0.0,-0.1576881174541504,0.004877814966671854,0.9874769184821066,4681.918724833628,-545.4749531382726,-0.11598381652979747,1.2722512548639192e-09,175.00452263883784,0.0,-81.85226131941891,1.7,0.0,3.000753382922862e-17,2.29006021736424,1.5707963267948966,18.37731378725061,461.0,0.00672306462521298,11.198930253320938,0.0,0.01427694357546009,-1562.5108960838256,15.702215951460238,-249.64603946805204,0.032266679796486,0.04664832583968035,-0.3551447590001119,0.031285963274957855,0.04731166273438227,-0.3551447590001119,-4.6925993356746076e-18,1.0631110308513003e-19,-4.1238216667665463e-19,-4.693796014465169e-18,8.339688473674649e-21,-4.1238216667665463e-19,-1562.4796101205507,15.74952761419462,-250.00118422705216,-1063203.4544637725,321.96961581352286,146451.56020351598,0.0878902073301933,4696.463656161374
294.79409620909905,2001.0,12.0,14.0,14.0,26.0,22.0,1.0,3487747.9263305506,-35139.067802686135,558668.2180832528,-409.55887499098134,-294.1331825523948,4676.336538225238,3532383.1232760428,4703.443017609831,3486252.3237385787,-108005.03199599725,558668.2180832528,3532383.123276043,-423.2707887479139,-532.6253662872685,4676.336538225238,4725.56571853152,20140997.39164097,0.8256194768223831,1.6336117802950014,4.4703483581542975e-08,1.5554414213539604e-06,0.1591380246680854,0.1588230497637659,-0.030970362518775496,136183.12327604322,0.07195276250851489,0.07161533776710256,754.2908273339272,-16538690590.910252,-1040253914.5896204,-207507013.14541972,-16539357060.287846,-1902581795.982791,16571373348.901499,16649720977.19968,-0.9869406013086482,0.030575684524228507,-0.15815617915338875,0.030965411816740566,0.9995204566545998,0.0,-0.15808033641014183,0.004897371218846882,0.9874141091738569,4681.783001627404,-545.4767036208499,-0.11598751766956858,1.2583205495440543e-09,175.2578081901081,0.0,-82.0578081901081,1.7789040950540511,0.0,3.0011757305896285e-17,2.290129191972602,1.5707963267948966,18.363740750241163,461.0,0.006649150430287044,11.200936053116743,0.0,0.014120801570724253,-1562.32148452161,15.74039229146835,-250.2529936987622,0.03199391160780749,0.046150919288435975,-0.3512625468690335,0.031022641460126666,0.04680933077894151,-0.3512625468690335,-4.641834771853271e-18,1.0528155432802028e-19,-4.08957949410778e-19,-4.643021197616796e-18,8.271236239094112e-21,-4.08957949410778e-19,-1562.29046188015,15.787201622247292,-250.60425624563123,-1063204.5466073789,322.1231540184888,146514.96995768737,0.08798348960148064,4696.414968650961
295.0940962090991,2001.0,12.0,14.0,14.0,26.0,23.0,1.0,3487624.9061736674,-35227.3062150391,560071.0945604603,-410.5754882330411,-294.1228966188802,4676.173258926224,3532484.689312638,4703.368671213217,3486125.1874635993,-108164.8121984962,560071.0945604603,3532484.689312638,-424.30436129332645,-532.5759699715122,4676.173258926224,4725.491265709877,20140976.920896605,0.8256192997054119,1.6336117769330714,4.4703483581542975e-08,1.5366991811601165e-06,0.15953645479435433,0.15922065508199923,-0.03101728042583605,136284.68931263825,0.07213282016584237,0.07179454442431998,745.3378579318523,-16538689786.508759,-1040253808.1723238,-207516995.92084128,-16539365986.942781,-1902521304.7098417,16571372539.406225,16649723056.811203,-0.9868762341732727,0.030620037087703066,-0.15854876774269636,0.031012307190531878,0.9995190027221694,0.0,-0.15847250621700873,0.004916963089916791,0.987351147387429,4681.646951729254,-545.478459574429,-0.1159912281953253,1.2456490840108794e-09,175.39409923626474,0.0,-82.19409923626473,1.8,0.0,3.001407058728473e-17,2.290166970724648,1.5707963267948966,18.356315321463388,461.0,0.006581889323272776,11.202920547735944,0.0,0.013978394349226469,-1562.1316271553226,15.778557229760077,-250.8597666909849,0.031749741659798124,0.045693020476830416,-0.34771782629313597,0.030787106686412838,0.046347084888258054,-0.34771782629313597,-4.595282085064233e-18,1.0434448981590586e-19,-4.058785413719561e-19,-4.59645927002817e-18,8.209314181045518e-21,-4.058785413719561e-19,-1562.1008400486362,15.824904314648334,-251.20748451727806,-1063205.627219731,322.2766922234547,146578.4463187434,0.08807677474322828,4696.366231213994
295.3940962090992,2001.0,12.0,14.0,14.0,26.0,23.0,1.0,3487501.581051337,-35315.541537932855,561473.9219950057,-411.5919779400437,-294.11258616590123,4676.009587214158,3532586.507134701,4703.294146591782,3485997.7411358412,-108324.57756901116,561473.9219950057,3532586.5071347007,-425.33780723602104,-532.5264864043636,4676.009587214158,4725.416634404341,20140956.665315434,0.8256191244503117,1.633611773605416,4.4703483581542975e-08,1.5180180861611686e-06,0.15993486181232572,0.15961823738638747,-0.031064200129044733,136386.50713470066,0.07231286682230086,0.0719737400830449,736.4536287486553,-16538688990.536266,-1040253702.8542998,-207527028.3559419,-16539374945.35966,-1902460666.9935892,16571371738.392334,16649725152.090252,-0.986811712634704,0.030664380716574097,-0.15894130854573751,0.03105920429133768,0.9995175465337209,0.0,-0.1588646267604947,0.004936590572454597,0.987288033168522,4681.5105751991305,-545.4802210028856,-0.11599494810798319,1.2319824613143657e-09,175.636682521557,0.0,-82.33668252155698,1.8,0.0,3.001811604647698e-17,2.29023303808701,1.5707963267948966,18.34334468145565,461.0,0.006509381431113906,11.204884144073375,0.0,0.013824706244231757,-1561.9413242242704,15.816710740766856,-251.46635803786447,0.031478573965329715,0.045199301641347944,-0.343896690596431,0.030525349710361915,0.045848451585810406,-0.343896690596431,-4.54527741702957e-18,1.033263871486873e-19,-4.0247136599255285e-19,-4.546444420672426e-18,8.140625084952256e-21,-4.0247136599255285e-19,-1561.91079887456,15.862559192352666,-251.8102547284609,-1063206.696476182,322.4302304284206,146641.9892866841,0.08817006275849301,4696.317443850883
295.69409620909926,2001.0,12.0,14.0,14.0,26.0,23.0,1.0,3487377.9510006625,-35403.77376401381,562876.7002691946,-412.6083438205111,-294.1022511931346,4675.845523178164,3532688.5767115466,4703.219443761098,3485869.984793329,-108484.32808137141,562876.7002691946,3532688.576711546,-426.37112627994156,-532.4769156022617,4675.845523178164,4725.341824630235,20140936.622245476,0.8256189510341377,1.6336117703107873,4.2146848510894035e-08,1.499400421790778e-06,0.16033324566888843,0.16001579662219073,-0.031111121633070955,136488.5767115457,0.07249290245203273,0.07215292471743125,727.6352569162846,-16538688202.889912,-1040253598.6083616,-207537110.57055223,-16539383935.427534,-1902399882.8410318,16571370945.755457,16649727262.930643,-0.9867470367394234,0.0307087153949912,-0.15933380145077958,0.03110610312371403,0.9995160880888596,0.0,-0.15925669792641026,0.004956253659021326,0.987224766562936,4681.373872105122,-545.4819879034324,-0.11599867740685751,1.219070702162466e-09,175.83572088943214,0.0,-82.53572088943213,1.8357208894321275,0.0,3.002144998881484e-17,2.29028748549732,1.5707963267948966,18.33266957300824,461.0,0.006440865254489172,11.20682707370033,0.0,0.013679742006317027,-1561.7505759682606,15.854852798944034,-252.0727673329152,0.031225687411498844,0.044737374897766635,-0.3402902723329703,0.030281224782844916,0.04538197541662082,-0.3402902723329703,-4.498021813588699e-18,1.0236859910180723e-19,-3.9928887709283614e-19,-4.499179295351147e-18,8.07674967953347e-21,-3.9928887709283614e-19,-1561.7202947434778,15.900234774360655,-252.41305760524816,-1063207.7545166612,322.5837686333865,146705.5988615094,0.08826335365033183,4696.2686065620455
295.9940962090993,2001.0,12.0,14.0,14.0,26.0,23.0,1.0,3487254.016058834,-35492.00288592844,564279.4292653553,-413.6245855983522,-294.0918917307747,4675.681067081154,3532790.8980124136,4703.1445629126,3485741.9184741755,-108644.06370941136,564279.4292653553,3532790.8980124136,-427.40431814505723,-532.4272576118658,4675.681067081154,4725.266836579527,20140916.804694,0.8256187795694326,1.6336117670520518,4.2146848510894035e-08,1.480923550641604e-06,0.1607316062965748,0.16041333273468694,-0.03115804494258442,136590.89801241318,0.0726729270292187,0.0723320983016622,718.8908849358559,-16538687424.080563,-1040253495.5142316,-207547242.68631142,-16539392957.649282,-1902338952.3661582,16571370162.010462,16649729389.8482,-0.9866822065340158,0.03075304110711327,-0.15972624634614663,0.03115300369221724,0.9995146273871898,0.0,-0.15964871960062324,0.0049759523421655065,0.9871613476165738,4681.236842689221,-545.4837603039499,-0.11600241609345983,1.2050015232931862e-09,176.02724503103298,0.0,-82.6636225155165,1.9,0.0,3.0024660203615617e-17,2.2903399122836063,1.5707963267948966,18.32240277899283,461.0,0.0063662393501754365,11.20874802561331,0.0,0.013521897835773204,-1561.5593826276117,15.892983378768815,-252.67899417000868,0.03094170985366113,0.0442277181817547,-0.3363638462624711,0.03000703688458559,0.044867117153211275,-0.3363638462624711,-4.446504707686779e-18,1.0131142794639099e-19,-3.9570746595791003e-19,-4.4476515198551394e-18,8.004926201774819e-21,-3.9570746595791003e-19,-1561.529375590727,15.937850495922026,-253.01535801627114,-1063208.8006544597,322.7373068383524,146769.27504321936,0.08835664742180194,4696.219719347898
296.2394890450663,2001.0,12.0,14.0,14.0,26.0,24.0,1.0,3487152.4135667854,-35564.16988743575,565426.7913630342,-414.45575462110327,-294.0833997288945,4675.546254459588,3532874.7815363533,4703.083179800857,3485636.932833565,-108774.7125533199,565426.7913630342,3532874.7815363533,-428.2493496439943,-532.3865737460253,4675.546254459588,4725.205365586413,20140900.758905977,0.8256186407388244,1.633611764412475,4.2146848510894035e-08,1.4660804124176437e-06,0.16105743847085738,0.16073849054983172,-0.03119642843489296,136674.7815363533,0.07282017459883551,0.07247864978114767,711.7916767001152,-16538686793.479252,-1040253412.0227104,-207555567.70061874,-16539400361.388493,-1902289003.9025378,16571369527.411741,16649731141.44339,-0.9866290622725536,0.030789291803321902,-0.16004722112374023,0.031191368531271666,0.9995134308898237,0.0,-0.15996934708977187,0.004992091856476509,0.9871093591951039,4681.124513301546,-545.4852141725911,-0.11600548122975529,1.1949131626274126e-09,176.22173674745176,0.0,-82.82173674745175,1.9,0.0,3.002790083744103e-17,2.290392835850265,1.5707963267948966,18.312050764201175,461.0,0.00631270497525951,11.210303344823851,0.0,0.013408463021604283,-1561.402660274715,15.924164730128904,-253.17473729856786,0.030743990914486947,0.04386643936076524,-0.33354302848081674,0.029816166739834435,0.04450228848592104,-0.33354302848081674,-4.4096035615831005e-18,1.0056381740052385e-19,-3.9322493362638607e-19,-4.410742950002101e-18,7.954916925472163e-21,-3.9322493362638607e-19,-1561.372844107975,15.968667018614825,-253.50828032704868,-1063209.6476882305,322.8908450433184,146833.01783181395,0.08844994407596077,4696.170782208864
296.47248131427864,2001.0,12.0,14.0,14.0,26.0,24.0,1.0,3487055.756652838,-35632.688105261695,566516.142558832,-415.2448445558989,-294.07532167022885,4675.418011534208,3532954.5819677673,4703.024788189425,3485537.0605854825,-108898.75000392244,566516.142558832,3532954.581967767,-429.0515996246786,-532.3478917864803,4675.418011534208,4725.146890373726,20140885.64367736,0.8256185099597138,1.6336117619248236,4.2146848510894035e-08,1.4520032795291967e-06,0.16136679076542781,0.16104720261339037,-0.03123287339703363,136754.58196776733,0.0729599743550618,0.07261778862461563,705.0876444876194,-16538686199.433975,-1040253333.3530848,-207563503.04769653,-16539407410.109434,-1902241488.832638,16571368929.599646,16649732813.688528,-0.98657850807811,0.03082370505404815,-0.16035194605963393,0.031227795739696734,0.9995122934577843,0.0,-0.16027374136648362,0.005007437818013117,0.9870599036506793,4681.017658137056,-545.4865979517909,-0.11600839728600547,1.1848699794319912e-09,176.3557274597092,0.0,-82.95572745970918,1.9557274597091716,0.0,3.0030152090388377e-17,2.290429601600993,1.5707963267948966,18.304866392509556,461.0,0.00625942194424957,11.211768394327708,0.0,0.01329584706963041,-1561.2535823189344,15.953763241627353,-253.64531534203866,0.030544081741093135,0.043505282053880955,-0.33074075391526336,0.029623155787880166,0.04413750261581751,-0.33074075391526336,-4.372824570613974e-18,9.981318012385487e-20,-3.9070331986791515e-19,-4.373956437376696e-18,7.904443224559354e-21,-3.9070331986791515e-19,-1561.2239591631464,15.997900744243172,-253.9760560959539,-1063210.445600357,323.0443832482843,146896.82722729316,0.08854324361586594,4696.121795145368
296.75097980832555,2001.0,12.0,14.0,14.0,26.0,24.0,1.0,3486939.980259097,-35714.58629271664,567818.2180532396,-416.187954541318,-294.06564650524825,4675.264411190655,3533050.1675402983,4702.954851208518,3485417.4368410846,-109047.00164376892,567818.2180532396,3533050.1675402983,-430.01043752942604,-532.301585822649,4675.264411190655,4725.076853258522,20140867.75542584,0.8256183551882108,1.6336117589799932,4.2146848510894035e-08,1.4353152422010971e-06,0.16173654482645117,0.1614161914851607,-0.03127643794231195,136850.1675402983,0.07312706990340168,0.07278409417780703,697.1345482468605,-16538685496.386074,-1040253240.2363441,-207573028.00343144,-16539415860.988726,-1902184577.7725313,16571368222.093002,16649734825.293633,-0.9865179580134932,0.030864832502417366,-0.16071614925540484,0.031271339008614396,0.9995109320845912,0.0,-0.16063754814331596,0.005025809187524835,0.9870006683728814,4680.889674825322,-545.4882563649272,-0.11601189031354063,1.1724790574627108e-09,176.55041885074579,0.0,-83.07520942537289,2.0,0.0,3.0033403802652566e-17,2.290482706092287,1.5707963267948966,18.294499572267366,461.0,0.006193698319176529,11.213502120920477,0.0,0.013156747115188444,-1561.0750358961207,15.989133565406247,-254.2076577595889,0.030293453114218768,0.04305631541036658,-0.32728117284241165,0.029381154347905943,0.043683948625151424,-0.32728117284241165,-4.327461470249921e-18,9.888178061757848e-20,-3.8754525632022133e-19,-4.328583937204967e-18,7.841020779272288e-21,-3.8754525632022133e-19,-1561.0456547417728,16.032817514031397,-254.53493893243132,-1063211.3898980934,323.1979214532502,146960.70322965705,0.08863654604457519,4696.072758157844
297.05015509254184,2001.0,12.0,14.0,14.0,26.0,25.0,1.0,3486815.315574168,-35802.561908141404,569216.9168783046,-417.20096443563887,-294.0552294953786,4675.099030687005,3533153.091336719,4702.8795508124795,3485288.6342838765,-109206.24567030324,569216.9168783046,3533153.091336719,-431.0403400744381,-532.2517582620632,4675.099030687005,4725.001445044765,20140848.732501447,0.8256181905996064,1.6336117558468537,3.942476676500724e-08,1.417491315658387e-06,0.16213372837079706,0.16181255310856274,-0.03132323863489275,136953.09133671923,0.07330656056352945,0.07296273619283819,688.6524383425713,-16538684748.720108,-1040253141.1865064,-207583308.43721336,-16539424969.232334,-1902123300.9203582,16571367469.683846,16649737000.767065,-0.9864527644810506,0.030909004746518524,-0.1611073458079195,0.03131811677821408,0.9995094674696514,0.0,-0.1610283174139226,0.005045578669840542,0.9869368891305702,4680.7518763048165,-545.4900431668727,-0.11601565168988058,1.1607676292534185e-09,176.78464741493164,0.0,-83.28464741493163,2.0,0.0,3.0037303081392295e-17,2.29054638614669,1.5707963267948966,18.2820842520502,461.0,0.006131550778572177,11.215345802884926,0.0,0.013025068685506413,-1560.8828069829883,16.027118809176077,-254.81157405462002,0.03006352197898903,0.04263803992915242,-0.3240063884341264,0.029159154197349484,0.04326154792973026,-0.3240063884341264,-4.284616374745798e-18,9.801316075169802e-20,-3.8465775349158603e-19,-4.2857302161304925e-18,7.782863640075977e-21,-3.8465775349158603e-19,-1560.853647828791,16.070380357105808,-255.13558044305415,-1063212.3940955885,323.35145965821613,147024.6458389055,0.08872985136514658,4696.023671246726
297.3501550925419,2001.0,12.0,14.0,14.0,26.0,25.0,1.0,3486690.0029302724,-35890.77690704652,570619.421662705,-418.21664158736576,-294.0447593244461,4674.932803141964,3533256.550093635,4702.803865108513,3485159.1672867937,-109365.91369214766,570619.421662705,3533256.550093635,-432.07295335133887,-532.2017063634287,4674.932803141964,4724.925650967079,20140829.867527276,0.8256180273778609,1.6336117527382243,3.942476676500724e-08,1.399678373503667e-06,0.16253198336722002,0.1622099840175391,-0.03137017016388167,137056.55009363545,0.07348653485798023,0.07314185950521229,680.2156628668308,-16538684007.238182,-1040253042.9326105,-207593667.5720095,-16539434134.0774,-1902061709.1031115,16571366723.496496,16649739197.703274,-0.9863872373474927,0.030953289731890356,-0.1614995722989838,0.03136502525125396,0.9995079965618024,0.0,-0.16142011395414527,0.005065438163224341,0.9868727821493738,4680.613372330611,-545.4918403863319,-0.11601943280998793,1.1469312382955681e-09,176.94137523408864,0.0,-83.42068761704432,2.0206876170443206,0.0,3.0039941771172e-17,2.2905894792210617,1.5707963267948966,18.273692542841705,461.0,0.006058179242834715,11.217174091479349,0.0,0.012869607742556995,-1560.689604784429,16.06519718684172,-255.4169710896711,0.02977701440806009,0.04213611859123031,-0.3201377459275827,0.028882368464560885,0.042754319885473346,-0.3201377459275827,-4.233760680529609e-18,9.695927191852306e-20,-3.8103368614310056e-19,-4.234863770919968e-18,7.709874124603669e-21,-3.8103368614310056e-19,-1560.6607224159645,16.107951506727193,-255.7371088355987,-1063213.3899569567,323.50499786318204,147088.65505503863,0.08882315958063831,4695.974534412451
297.650155092542,2001.0,12.0,14.0,14.0,26.0,25.0,1.0,3486564.385601903,-35978.98876126615,572021.8765206678,-419.2321930359415,-294.0342646893283,4674.766184068222,3533360.2604034143,4702.728001511132,3485029.3905248637,-109525.5666853933,572021.8765206678,3533360.2604034147,-433.1054378242545,-532.1515673949714,4674.766184068222,4724.849678737053,20140811.216637764,0.825617866008654,1.6336117496637792,3.942476676500724e-08,1.3821981698639574e-06,0.16293021483869438,0.16260739150167172,-0.031417103524161674,137160.2604034152,0.07366649795711648,0.07332097162469722,671.8508267402649,-16538683274.146667,-1040252945.7740564,-207604077.2570995,-16539443330.585054,-1901999971.097575,16571365985.751772,16649741410.261703,-0.986321556162792,0.030997565663708586,-0.16189175016514118,0.03141193548559762,0.9995065233949445,0.0,-0.1618118603738832,0.005085333211837902,0.9868085230826027,4680.47454244984,-545.4936431175154,-0.11602322331887863,1.1345266218427585e-09,177.18946756314483,0.0,-83.58946756314484,2.1,0.0,3.004406314413816e-17,2.2906567863494356,1.5707963267948966,18.260601463272575,461.0,0.005992380888726006,11.218981511383587,0.0,0.012730551096294935,-1560.495958836939,16.10326394569159,-256.0221834316489,0.0295274412176473,0.0416898303079952,-0.316680286677647,0.028641356810481272,0.04230347995172206,-0.316680286677647,-4.188500811910758e-18,9.603151432705599e-20,-3.778958748356318e-19,-4.189594565707799e-18,7.647098319368559e-21,-3.778958748356318e-19,-1560.4673174801285,16.145567425643314,-256.33886371832654,-1063214.374518862,323.65853606814795,147152.73087805638,0.08891647069410878,4695.925347655467
297.95015509254205,2001.0,12.0,14.0,14.0,26.0,25.0,1.0,3486438.4636270264,-36067.19746341591,573424.281334064,-420.2476184748993,-294.0237455686972,4674.599173394111,3533464.222234935,4702.651959872108,3484899.3040369847,-109685.20462388112,573424.281334064,3533464.2222349346,-434.137793181711,-532.1013413526947,4674.599173394111,4724.773528205868,20140792.762527328,0.8256177063422536,1.6336117466199838,3.942476676500724e-08,1.3648194718410112e-06,0.16332842274631074,0.1630047755061766,-0.031464038720394646,137264.22223493457,0.07384644983525356,0.07350007252559734,663.5487536787987,-16538682548.766653,-1040252849.6094569,-207614537.60629815,-16539452558.06818,-1901938086.8372478,16571365255.765732,16649743637.755379,-0.9862557209742364,0.03104183252618437,-0.16228387929491192,0.0314588474857932,0.9995050479686761,0.0,-0.1622035565592038,0.005105263808141507,0.9867441119768562,4680.335386569084,-545.4954513364443,-0.11602702321539575,1.1222222206331772e-09,177.36777779366824,0.0,-83.76777779366823,2.1,0.0,3.0047049998686575e-17,2.290705565385979,1.5707963267948966,18.251126181525837,461.0,0.005927113713944822,11.22076980550502,0.0,0.012592205077681164,-1560.3018693840822,16.141319060330606,-256.6272106764707,0.029277343029183264,0.04124667203411176,-0.31323777765721306,0.02839977336351893,0.04185574801193742,-0.31323777765721306,-4.143307633968765e-18,9.510236778119214e-20,-3.747389078658786e-19,-4.144392006233925e-18,7.583450782759315e-21,-3.747389078658786e-19,-1560.2734696107186,16.183174808342542,-256.94044845412793,-1063215.3486947883,323.81207427311386,147216.87330795874,0.0890097847086166,4695.876110976216
298.2501550925421,2001.0,12.0,14.0,14.0,26.0,26.0,1.0,3486312.2370434497,-36155.403006162094,574826.6359855679,-421.26291763230836,-294.01320199609154,4674.431771408925,3533568.435556884,4702.575740408362,3484768.9078618973,-109844.82748150258,574826.6359855679,3533568.4355568844,-435.17001914792513,-532.0510282867414,4674.431771408925,4724.697199591034,20140774.520403277,0.825617548510233,1.6336117436100572,3.942476676500724e-08,1.3476285926330392e-06,0.1637266070203218,0.16340213597651676,-0.031510975757257934,137368.4355568844,0.07402639046653069,0.07367916218208401,655.3186607062817,-16538681831.695667,-1040252754.5298493,-207625048.74173808,-16539461817.11621,-1901876056.448013,16571364534.140444,16649745880.7875,-0.9861897318291796,0.03108609030355209,-0.1626759595770999,0.03150576125640426,0.9995035702825951,0.0,-0.16259520239645847,0.00512522994459258,0.9866795488787987,4680.195904956483,-545.4972650743434,-0.11603083250114007,1.1091955553894532e-09,177.59608889221093,0.0,-83.89804444610547,2.1,0.0,3.005084677083322e-17,2.2907675713806754,1.5707963267948966,18.239096258396142,461.0,0.005858039922438304,11.222537505792367,0.0,0.012445726538623258,-1560.1073366699736,16.17936250541007,-257.23205242079064,0.029006839801367867,0.04077375888866701,-0.3095951814994429,0.028138437482877046,0.04137782625024654,-0.3095951814994429,-4.095542132831585e-18,9.411173778393113e-20,-3.7132827676780126e-19,-4.0966163978684526e-18,7.514632573182175e-21,-3.7132827676780126e-19,-1560.0791982324909,16.220740331660316,-257.5416476022901,-1063216.311681902,323.9656124780798,147281.08234474578,0.08910310162722054,4695.826824375156
298.5501550925422,2001.0,12.0,14.0,14.0,26.0,26.0,1.0,3486185.7058891063,-36243.605382166315,576228.9403577714,-422.27809019892067,-294.00263394528366,4674.263977994853,3533672.9003378996,4702.499342924896,3484638.2020384674,-110004.43523215053,576228.9403577714,3533672.9003379,-436.20211540854365,-532.0006281883232,4674.263977994853,4724.62069269692,20140756.468770057,0.8256173923266118,1.6336117406300465,3.942476676500724e-08,1.330549373404661e-06,0.1641247676257644,0.1637994728581423,-0.03155791463942776,137472.9003379005,0.07420631982521407,0.07385824056840469,647.1501641273499,-16538681122.089636,-1040252660.4164997,-207635610.77468294,-16539471106.876842,-1901813879.8460798,16571363820.026043,16649748138.505005,-0.9861235887750833,0.031130338980054323,-0.16306799090053603,0.031552676801993175,0.9995020903362979,0.0,-0.16298679777202615,0.005145231613634977,0.9866148338352018,4680.056097472455,-545.4990843022841,-0.11603465117505295,1.0982262035386802e-09,177.81612542237565,0.0,-84.11612542237563,2.2,0.0,3.005450756121212e-17,2.2908273566245754,1.5707963267948966,18.227512722243567,461.0,0.0057998363432414735,11.22428664914555,0.0,0.012322912798607607,-1559.9123609392154,16.217394255601,-257.8367082615725,0.028790524576859124,0.04038296029448993,-0.3065402415012695,0.027929560237767593,0.04098313619626969,-0.3065402415012695,-4.055534403759052e-18,9.329790430762872e-20,-3.686084306749678e-19,-4.056600564606794e-18,7.460445920355839e-21,-3.686084306749678e-19,-1559.8844313789778,16.25837739179727,-258.1432485030738,-1063217.2646148745,324.1191506830457,147345.35798841744,0.08919642145297967,4695.777487852737
298.85015509254225,2001.0,12.0,14.0,14.0,26.0,26.0,1.0,3486058.8702020156,-36331.80458408733,577631.1943332716,-423.2931359127853,-293.9920414621555,4674.095793549596,3533777.616546544,4702.422767747706,3484507.186605649,-110164.0278497199,577631.1943332716,3533777.616546544,-437.2340816980263,-531.950141119776,4674.095793549596,4724.544007850249,20140738.63253396,0.8256172380068776,1.6336117376843302,3.6500241499888574e-08,1.313501648368871e-06,0.16452290448370635,0.1641967860965164,-0.03160485537157972,137577.61654654378,0.07438623788546514,0.07403730765874995,639.055713057518,-16538680420.927876,-1040252567.4037147,-207646223.8320878,-16539480428.321243,-1901751557.200777,16571363114.408346,16649750411.89533,-0.9860572918595129,0.03117457853994218,-0.163459973154104,0.03159959412712165,0.9995006081293804,0.0,-0.16337834257233913,0.005165268807699887,0.9865499668929393,4679.915964493565,-545.5009090639282,-0.11603847923869977,1.0842979316820256e-09,177.94702068317974,0.0,-84.2,2.2,0.0,3.0056722425890006e-17,2.2908635281097647,1.5707963267948966,18.220511801174244,461.0,0.00572600761344692,11.226014855849366,0.0,0.012166291505890624,-1559.7169424369201,16.25541428559539,-258.44117779613623,0.028492715176694168,0.03987302930437955,-0.302642248644606,0.027641747316586772,0.04046760543118528,-0.302642248644606,-4.004200802640608e-18,9.222032130798383e-20,-3.6483157887058737e-19,-4.005255813246784e-18,7.384171089873542e-21,-3.6483157887058737e-19,-1559.6893006896034,16.295881891026575,-258.7438200447808,-1063218.2061788607,324.2726888880116,147409.70023897372,0.08928974418895305,4695.728101409426
299.1501550925423,2001.0,12.0,14.0,14.0,26.0,27.0,1.0,3485931.730020275,-36420.00060459963,579033.3977947942,-424.3080544790234,-293.98142454738235,4673.927218106731,3533882.584151314,4702.346014834894,3484375.861602477,-110323.60530812641,579033.3977947942,3533882.584151314,-438.26591771695973,-531.8995670989653,4673.927218106731,4724.467145009189,20140721.003819924,0.8256170854828936,1.6336117347726045,3.6500241499888574e-08,1.2967435340488488e-06,0.1649210175462498,0.16459407563715012,-0.03165179795839423,137682.58415131457,0.07456614462151472,0.07421636342733648,631.034922927618,-16538679727.900333,-1040252475.4669439,-207656888.02642226,-16539489781.131212,-1901689088.5226514,16571362416.97637,16649752700.64678,-0.9859908411301315,0.031218808967480558,-0.16385190622677492,0.03164651323635615,0.9994991236614373,0.0,-0.16376983668391754,0.0051853415192078195,0.9864849480989825,4679.775506031747,-545.5027393573873,-0.1160423166930065,1.0720462054094912e-09,178.13907589181017,0.0,-84.26953794590509,2.2,0.0,3.0059927454628446e-17,2.2909158702012262,1.5707963267948966,18.210390941325677,461.0,0.0056610413263950225,11.227722917793047,0.0,0.012028479318868648,-1559.5210814086845,16.293422570114362,-259.04546062221084,0.028237486035733738,0.0394240348238871,-0.29921440618937223,0.027395234990779366,0.040013888079181936,-0.29921440618937223,-3.959183018595473e-18,9.128569950051874e-20,-3.6160867380160113e-19,-3.960228488927073e-18,7.319095467159236e-21,-3.6160867380160113e-19,-1559.4936861736937,16.333436458193546,-259.3446750284002,-1063219.1367895193,324.4262270929775,147474.10909641464,0.08938306983820014,4695.678665045683
299.4501550925424,2001.0,12.0,14.0,14.0,26.0,27.0,1.0,3485804.2853820734,-36508.19343637185,580435.5506250393,-425.322845606156,-293.9707831991642,4673.758251739117,3533987.8031206345,4702.269084183586,3484244.227068077,-110483.16758128507,580435.5506250393,3533987.8031206345,-439.2976231692784,-531.8489061412415,4673.758251739117,4724.390104170622,20140703.57822017,0.8256169347165224,1.6336117318935268,3.6500241499888574e-08,1.2801996832337837e-06,0.16531910676235004,0.16499134142555913,-0.03169874240455026,137787.80312063452,0.07474604000761602,0.074395407848441,623.0845501124859,-16538679042.83486,-1040252384.5730687,-207667603.47589052,-16539499165.126339,-1901626473.8137639,16571361727.556229,16649755004.58363,-0.9859242366347071,0.03126303024694216,-0.1642437900075644,0.03169343413426165,0.9994976369320626,0.0,-0.16416127999332653,0.005205449740566244,0.9864197775004063,4679.634722138189,-545.5045751783265,-0.1160461635374225,1.0592746099206838e-09,178.29725390079318,0.0,-84.39725390079316,2.297253900793161,0.0,3.0062582836428313e-17,2.290959235876974,1.5707963267948966,18.202014572030496,461.0,0.005593333824825411,11.229411233870081,0.0,0.011885362394110753,-1559.324778100612,16.331419083898723,-259.64955633786843,0.027968628204561276,0.0389602254826713,-0.29565300984710313,0.027135430786344873,0.03954505948086382,-0.29565300984710313,-3.9123382709320996e-18,9.03073133176267e-20,-3.582048472138181e-19,-3.913373682728881e-18,7.250956047868048e-21,-3.582048472138181e-19,-1559.2976426698258,16.370964143379588,-259.94520934771555,-1063220.0566794872,324.5797652979434,147538.5845607402,0.08947639840378059,4695.6291787619775
299.75015509254246,2001.0,12.0,14.0,14.0,26.0,27.0,1.0,3485676.5363256834,-36596.383072078,581837.6527067686,-426.33750901813016,-293.96011744065584,4673.588894685374,3534093.273422858,4702.1919759584425,3484112.2830416607,-110642.7146431214,581837.6527067686,3534093.2734228587,-440.3291977748705,-531.7981582866073,4673.588894685374,4724.312885499493,20140686.36624136,0.8256167857986652,1.633611729048805,3.6500241499888574e-08,1.2637906643214148e-06,0.16571717206674855,0.165388583407288,-0.03174568871472863,137893.27342285868,0.07492592401803394,0.07457444089632498,615.2097616791725,-16538678366.145052,-1040252294.7764593,-207678370.3026728,-16539508580.711994,-1901563713.1637414,16571361046.564112,16649757324.122126,-0.9858574784211086,0.03130724236261064,-0.1646356243855568,0.03174035682540491,0.9994961479408492,0.0,-0.16455267238720053,0.005225593464170906,0.9863544551443857,4679.49361303001,-545.5064165475206,-0.11605001977261657,1.046414064126815e-09,178.4517187174637,0.0,-84.5,2.3,0.0,3.0065177382492235e-17,2.2910016080297564,1.5707963267948966,18.19383780981158,461.0,0.005525162280769903,11.231078780667653,0.0,0.011740762678632048,-1559.1280327593017,16.36940380171396,-260.25346454156295,0.027694188813243977,0.03849066519853023,-0.29205475962330163,0.026870188414167023,0.03907035162416788,-0.29205475962330163,-3.864991776569443e-18,8.931422521180305e-20,-3.5472816199085854e-19,-3.8660169296459365e-18,7.180770544089104e-21,-3.5472816199085854e-19,-1559.1011625708875,16.40847415333813,-260.54551930118623,-1063220.9652940575,324.73330350290934,147603.12663195038,0.08956972988875408,4695.579642558785
300.0501550925425,2001.0,12.0,14.0,14.0,26.0,28.0,1.0,3485548.482889465,-36684.569504393694,583239.7039227737,-427.35204441316284,-293.94942726071486,4673.419146900053,3534198.99502627,4702.114690037136,3483980.0295625282,-110802.24646756763,583239.7039227737,3534198.9950262704,-441.36064122717426,-531.7473235413531,4673.419146900053,4724.2354888732925,20140669.352817565,0.82561663859897,1.6336117262366974,3.6500241499888574e-08,1.2475217977733882e-06,0.1661152134185176,0.1657858015279015,-0.03179263689361082,137998.9950262704,0.07510579662700191,0.07475346254522743,607.4061889648438,-16538677697.238384,-1040252206.0109313,-207689188.61708325,-16539518027.287437,-1901500806.541736,16571360373.404512,16649759658.665148,-0.985790566537307,0.031351445298779514,-0.16502740924989664,0.0317872813143533,0.9994946566873892,0.0,-0.16494401375223472,0.0052457726824053745,0.9862889810781965,4679.352178639883,-545.5082634511743,-0.11605388539896334,1.034125621716201e-09,178.64874378283798,0.0,-84.54874378283799,2.3,0.0,3.0068459675415755e-17,2.291055211941118,1.5707963267948966,18.1835044897419,461.0,0.005460019182749804,11.232727047603674,0.0,0.011602539853927212,-1558.930845631849,16.407376698348564,-260.85718483211605,0.02743326101250268,0.03803883524989847,-0.2886170039078618,0.02661809771319607,0.03861364617696397,-0.2886170039078618,-3.8198264314666e-18,8.83690904665639e-20,-3.5143057016771993e-19,-3.8208418511457944e-18,7.114155854897068e-21,-3.5143057016771993e-19,-1558.9042275341358,16.445990344525526,-261.1458018360239,-1063221.8634285033,324.88684170787525,147667.7353100452,0.0896630642961806,4695.5300564365825
300.3501550925426,2001.0,12.0,14.0,14.0,26.0,28.0,1.0,3485420.125111864,-36772.75272599578,584641.7041558722,-428.3664515181884,-293.93871268277746,4673.249008650336,3534304.9678990818,4702.037226612656,3483847.4666700666,-110961.76302856235,584641.7041558722,3534304.9678990818,-442.3919532490751,-531.6964019457603,4673.249008650336,4724.157914485178,20140652.550960567,0.8256164932300111,1.6336117234585938,3.332000937312528e-08,1.2311281303010077e-06,0.16651323074997798,0.16618299573298345,-0.03183958694587897,138104.96789908223,0.07528565780878137,0.07493247276941394,599.6781385838985,-16538677036.627745,-1040252118.331817,-207700058.5442075,-16539527505.357258,-1901437754.0384932,16571359708.592777,16649762008.727676,-0.9857235010313756,0.03139563903975214,-0.16541914448978756,0.03183420760567479,0.9994931631712739,0.0,-0.16533530397518378,0.005265987387641013,0.9862233553492165,4679.210419213444,-545.510115910364,-0.11605776041650136,1.0217813445464189e-09,178.7721865545358,0.0,-84.67218655453581,2.3,0.0,3.007055095912183e-17,2.291089365195877,1.5707963267948966,18.176927041942708,461.0,0.005394583500212529,11.234354790533764,0.0,0.011463746083420207,-1558.7332169658469,16.445337748613987,-261.4607168087174,0.02716928419071399,0.03758925382133542,-0.2851619991590152,0.026362930251492292,0.038159113129572514,-0.2851619991590152,-3.774314295334101e-18,8.741365317661825e-20,-3.480814554920773e-19,-3.775319839819269e-18,7.046544688207772e-21,-3.480814554920773e-19,-1558.7068540355954,16.48349686174356,-261.7458788078764,-1063222.7503958754,325.04037991284116,147732.41059502464,0.08975640162912032,4695.480420395851
300.65015509254266,2001.0,12.0,14.0,14.0,26.0,28.0,1.0,3485291.463031414,-36860.932729562395,586043.6532889142,-429.3807300349902,-293.92797369988455,4673.078479930271,3534411.1920094364,4701.959585602168,3483714.5944037535,-111121.26430005068,586043.6532889142,3534411.192009437,-443.4231335376688,-531.6453935102878,4673.078479930271,4724.08016225217,20140635.949104816,0.8256163495917219,1.6336117207131096,3.6500241499888574e-08,1.2153356375756822e-06,0.16691122401707922,0.1665801659681385,-0.03188653887621582,138211.1920094369,0.07546550753767745,0.07511147154320744,592.0222128331661,-16538676383.858356,-1040252031.6875198,-207710980.19621927,-16539537014.458426,-1901374555.6379123,16571359051.67179,16649764373.85111,-0.9856562819514895,0.03143982356984173,-0.1658108299944942,0.031881135703937934,0.9994916673920934,0.0,-0.16572654294286393,0.005286237572237052,0.9861575780049235,4679.068334722775,-545.511973915503,-0.11606164482553136,1.0088629189147574e-09,178.90298002359225,0.0,-84.70149001179612,2.4,0.0,3.007276071668194e-17,2.291125453275504,1.5707963267948966,18.16998232404168,461.0,0.005326122714116503,11.23596310352219,0.0,0.011318929631383636,-1558.535147009384,16.483286927344626,-262.0640600709273,0.026889792807698817,0.037113442656828866,-0.2815582737014889,0.026092830028725044,0.03767801486510085,-0.2815582737014889,-3.726830237432084e-18,8.641074592929848e-20,-3.4453504553335356e-19,-3.727825341807311e-18,6.97543040571775e-21,-3.4453504553335356e-19,-1558.5090541793552,16.520964942209726,-262.3456183446288,-1063223.6268066708,325.1939181178071,147797.15248688872,0.08984974189063365,4695.430734437077
300.95015509254273,2001.0,12.0,14.0,14.0,26.0,28.0,1.0,3485162.4966867305,-36949.10950777706,587445.5512048041,-430.3948796848917,-293.91721033026516,4672.907560943285,3534517.6673254045,4701.881767134114,3483581.412803147,-111280.75025598814,587445.5512048041,3534517.667325405,-444.45418181012485,-531.5942982701913,4672.907560943285,4724.0022323029025,20140619.55449429,0.8256162077467757,1.6336117180013827,3.332000937312528e-08,1.1994277782798972e-06,0.16730919315771262,0.1669773121789985,-0.03193349268930596,138317.66732540494,0.07564534578799145,0.07529045884089448,584.4420281350613,-16538675739.215614,-1040251946.1148894,-207721953.69398475,-16539546554.868046,-1901311211.4124124,16571358402.92869,16649766754.32231,-0.9855889093459245,0.031483998873372464,-0.1662024656533485,0.03192806561371302,0.9994901693494371,0.0,-0.1661177305421593,0.0053065232285409965,0.9860916490928961,4678.925925349567,-545.5138374823915,-0.11606553862655816,9.968795600961429e-10,179.13074147267218,0.0,-84.83074147267217,2.4,0.0,3.007653681194563e-17,2.291187121591076,1.5707963267948966,18.158127703118637,461.0,0.005262608524508492,11.237551265526058,0.0,0.011184196462324122,-1558.3366360110447,16.52122420939978,-262.6672142186872,0.026632660768411073,0.03667776070572225,-0.2782076522373897,0.02584424856161075,0.03723750214873664,-0.2782076522373897,-3.682851885072655e-18,8.548615998831622e-20,-3.412871760792643e-19,-3.6838374210529104e-18,6.909861286776269e-21,-3.412871760792643e-19,-1558.3107917624832,16.558461711548517,-262.9454218709246,-1063224.4922784194,325.347456322773,147861.96098563744,0.08994308508378107,4695.380998560753
301.2501550925428,2001.0,12.0,14.0,14.0,26.0,29.0,1.0,3485033.2261165204,-37037.28305331976,588847.3977864449,-431.4089001639728,-293.9064225544487,4672.736251617661,3534624.3938149866,4701.803771058647,3483447.9219079,-111440.220870332,588847.3977864449,3534624.3938149866,-445.4850977575731,-531.5431162236051,4672.736251617661,4723.92412448704,20140603.349577565,0.8256160675433147,1.633611715320271,3.332000937312528e-08,1.1836813156745826e-06,0.16770713813361726,0.16737443431120672,-0.03198044838983319,138424.39381498657,0.07582517253399154,0.07546943463677121,576.9292387068272,-16538675102.010181,-1040251861.5183899,-207732979.1495117,-16539556125.888437,-1901247721.302112,16571357761.66951,16649769149.44458,-0.9855213832630598,0.03152816493467711,-0.1665940513557342,0.03197499733956956,0.9994886690428935,0.0,-0.16650886666000622,0.0053268443488877154,0.9860255686608147,4678.783190999998,-545.5157065888594,-0.11606944181885682,9.850837267390763e-10,179.25549226873324,0.0,-84.9,2.4,0.0,3.0078647629556485e-17,2.2912215938587095,1.5707963267948966,18.151508006995577,461.0,0.0052000851551855295,11.239121016725035,0.0,0.011051535938099577,-1558.1376842199088,16.559149569659642,-263.27017885229606,0.026378576674764634,0.03624483171158907,-0.2749057542001755,0.025598674311636985,0.036799796285775635,-0.2749057542001755,-3.639346031691989e-18,8.457023740770783e-20,-3.3806325586282213e-19,-3.6403220754544345e-18,6.844735680827856e-21,-3.3806325586282213e-19,-1558.1120855455972,16.59594936594542,-263.54508460649623,-1063225.347737616,325.5009945277389,147926.83609127082,0.09003643121162337,4695.331212767373
301.55015509254287,2001.0,12.0,14.0,14.0,26.0,29.0,1.0,3484903.6513595763,-37125.45335887306,590249.1929167743,-432.42279120088597,-293.89561040344717,4672.56455223235,3534731.371446112,4701.725597580391,3483314.121757752,-111599.67611704732,590249.1929167743,3534731.371446112,-446.5158811047867,-531.4918474184703,4672.56455223235,4723.845839009714,20140587.348366123,0.8256159291025631,1.6336117126725982,3.332000937312528e-08,1.1681978179526778e-06,0.1681050588761664,0.16777153231042788,-0.032027405982482327,138531.37144611217,0.07600498774998178,0.07564839890513148,569.4921917021275,-16538674472.792984,-1040251777.9795667,-207744056.684529,-16539565728.062254,-1901184085.4242861,16571357128.449203,16649771559.77372,-0.9854537037513761,0.031572321738098645,-0.166985586991097,0.03202193088607797,0.9994871664720499,0.0,-0.16689995118340353,0.005347200925600069,0.9859593367564602,4678.640131931293,-545.5175812635557,-0.11607335440379163,9.726030693894606e-10,179.47842861528042,0.0,-84.98921430764021,2.4892143076402085,0.0,3.0082343150983584e-17,2.29128194630367,1.5707963267948966,18.13993057475925,461.0,0.00513395662548275,11.240670987536552,0.0,0.010911617967764966,-1557.9382918855517,16.59706298302808,-263.87295357242647,0.026106338482574744,0.03578889346053473,-0.2714263319812545,0.0253354605130994,0.03633868798794818,-0.2714263319812545,-3.593634384997862e-18,8.360135458147888e-20,-3.3461983957906184e-19,-3.594600307405514e-18,6.775656942497893e-21,-3.3461983957906184e-19,-1557.9129564250386,16.63340167101603,-264.14437990440774,-1063226.1924445406,325.6545327327048,147991.77780378878,0.09012978027722149,4695.281377057437
301.85015509254293,2001.0,12.0,14.0,14.0,26.0,29.0,1.0,3484773.772454775,-37213.62041712329,591650.9364787795,-433.4365524968661,-293.8847738637186,4672.39246277173,3534838.600186641,4701.647246605743,3483180.0123925284,-111759.11597010803,591650.9364787795,3534838.600186641,-447.54653154817885,-531.4404918588,4672.39246277173,4723.767375776881,20140571.53830056,0.8256157923158564,1.6336117100557264,3.332000937312528e-08,1.1528915842703443e-06,0.16850295534251336,0.16816860612235254,-0.032074365471939544,138638.60018664086,0.07618479141030601,0.07582735162033277,562.1239084303379,-16538673851.071201,-1040251695.4236139,-207755186.41376215,-16539575360.8883,-1901120303.7399387,16571356502.77123,16649773984.810646,-0.9853858708594544,0.03161646926799065,-0.16737707244894862,0.03206886625781001,0.9994856616364932,0.0,-0.16729098399941666,0.0053675929509891095,0.9858929534277133,4678.496748105657,-545.5194614902814,-0.1160772763805267,9.614109785362993e-10,179.61075023330108,0.0,-85.1,2.5,0.0,3.008457493364344e-17,2.2913183940804727,1.5707963267948966,18.132946186277383,461.0,0.005074631407900916,11.242202363511039,0.0,0.0107858132524724,-1557.73845925804,16.63496442443323,-264.47553798013195,0.025865788268112973,0.0353806195850136,-0.26829492918392106,0.02510292731974065,0.03592589991816652,-0.26829492918392106,-3.552388879217567e-18,8.273362315197772e-20,-3.3156859139603155e-19,-3.5533458208329814e-18,6.714101375698377e-21,-3.3156859139603155e-19,-1557.7133563307202,16.670890324351397,-264.74383290931587,-1063227.027062159,325.8080709376707,148056.7861231914,0.09022313228363656,4695.2314914314475
302.150155092543,2001.0,12.0,14.0,14.0,26.0,30.0,1.0,3484643.589441081,-37301.784220754416,593052.6283554495,-434.4501837707488,-293.87391295167475,4672.219983403993,3534946.080004358,4701.568718227096,3483045.5938521423,-111918.54040349093,593052.6283554495,3534946.0800043577,-448.57704880240055,-531.3890495782089,4672.219983403993,4723.688734881195,20140555.92337815,0.8256156572177732,1.6336117074708771,3.332000937312528e-08,1.1374769944479304e-06,0.16890082747364799,0.16856565569268384,-0.03212132686289059,138746.08000435773,0.0763645834892411,0.07600629275665065,554.8282587528229,-16538673237.001987,-1040251613.8807033,-207766368.45493644,-16539585024.515402,-1901056376.315128,16571355884.794325,16649776424.714043,-0.9853178846359796,0.031660607508715646,-0.16776850761885412,0.03211580345933694,0.9994841545358092,0.0,-0.16768196499516488,0.005388020417353391,0.985826418722557,4678.353039669357,-545.5213472829706,-0.11608120775005853,9.491409995097547e-10,179.74510000544717,0.0,-85.14510000544716,2.5,0.0,3.0086838998857354e-17,2.2913553690713924,1.5707963267948966,18.125866456661797,461.0,0.005009622311124069,11.243714808498252,0.0,0.010647833853182355,-1557.538186587938,16.672853868824834,-265.07793167682735,0.02559444981117284,0.034928733970015266,-0.2648612635441054,0.024840564478285712,0.03546884089288617,-0.2648612635441054,-3.507133493685252e-18,8.177015107548807e-20,-3.2812281859832914e-19,-3.508080322819254e-18,6.6444551459122456e-21,-3.2812281859832914e-19,-1557.5133460234597,16.70832270971772,-265.34279294037145,-1063227.8513793983,325.96160914263663,148121.86104947867,0.09031648723392989,4695.181555889916
302.45015509254307,2001.0,12.0,14.0,14.0,26.0,30.0,1.0,3484513.102357544,-37389.94476245698,594454.2684298409,-435.46368473487263,-293.863027669099,4672.047114228877,3535053.810866985,4701.490012467122,3482910.8661765954,-112077.94939118456,594454.2684298409,3535053.8108669845,-449.6074325752968,-531.3375205958563,4672.047114228877,4723.6099163451545,20140540.50137822,0.8256155237890993,1.6336117049171057,3.332000937312528e-08,1.1225431541591997e-06,0.16929867521673922,0.1689626809671555,-0.03216829016002337,138853.810866985,0.07654436396112549,0.07618522228844155,547.6029980778694,-16538672630.499105,-1040251533.3297257,-207777602.92663872,-16539594718.848928,-1900992303.164713,16571355274.431097,16649778879.394909,-0.9852497451297351,0.03170473644464752,-0.16815989239044962,0.032162742495232134,0.9994826451695824,0.0,-0.16807289405783893,0.0054084833169799765,0.9857597326890729,4678.209006700029,-545.5232386408557,-0.11608514851197431,9.37818913301498e-10,179.9418019266334,0.0,-85.27090096331669,2.570900963316689,0.0,3.009010799659745e-17,2.291408755855931,1.5707963267948966,18.115654396506805,461.0,0.004949624379461825,11.245208526128561,0.0,0.010520854573967356,-1557.3374741262942,16.71073129117814,-265.68013426431656,0.025348629608908737,0.034517063606902265,-0.26170256847843193,0.024602871393663083,0.035052523764765586,-0.26170256847843193,-3.4656107904021553e-18,8.089197989398046e-20,-3.2501144781948437e-19,-3.466548476547659e-18,6.581998794042804e-21,-3.2501144781948437e-19,-1557.3128712549005,16.745783814942904,-265.941836832795,-1063228.6655134521,326.11514734760254,148187.00258265057,0.09040984513116301,4695.131570433353
302.75015509254314,2001.0,12.0,14.0,14.0,26.0,30.0,1.0,3484382.3112433017,-37478.10203491805,595855.8565850059,-436.4770550948763,-293.8521180132895,4671.873855274708,3535161.7927421657,4701.411129276459,3482775.8294059765,-112237.34290717929,595855.8565850059,3535161.7927421653,-450.6376825679195,-531.285904926592,4671.873855274708,4723.530920119314,20140525.263655487,0.8256153919550343,1.6336117023934693,3.332000937312528e-08,1.1076084336131263e-06,0.16969649852530924,0.16935968189151218,-0.03221525536802507,138961.79274216527,0.07672413280032647,0.0763641401900705,540.4458753764629,-16538672031.2225,-1040251453.7336315,-207788889.94197863,-16539604443.540459,-1900928084.2876885,16571354671.339836,16649781348.510263,-0.9851814523896079,0.03174885606016879,-0.16855122665342298,0.03220968337006817,0.999481133537397,0.0,-0.1684637710746819,0.00542898164214335,0.9856928953754442,4678.064649203738,-545.5251355586059,-0.11608909866666274,9.262027983618209e-10,180.1022409277066,0.0,-85.30224092770658,2.6,0.0,3.009279130944612e-17,2.2914525776803223,1.5707963267948966,18.107280863094427,461.0,0.0048880784328530985,11.24668431445351,0.0,0.010390338677787143,-1557.136322124657,16.748596666489604,-266.2821453447639,0.025092457415281905,0.03408870549834324,-0.25845547499944127,0.024355204503896805,0.034619290507806155,-0.25845547499944127,-3.422850349721455e-18,7.99824014278372e-20,-3.217623078486704e-19,-3.4237785028780927e-18,6.516468084351565e-21,-3.217623078486704e-19,-1557.111966920153,16.78321595699741,-266.5406008197633,-1063229.4699206576,326.2686855525685,148252.21072270712,0.09050320597839766,4695.081535062277
303.0501550925432,2001.0,12.0,14.0,14.0,26.0,31.0,1.0,3484251.2161375755,-37566.2560308297,597257.3927040505,-437.4902945759765,-293.8411840056563,4671.700206772874,3535270.0255974773,4701.332068810682,3482640.4835804612,-112396.72092547566,597257.3927040505,3535270.0255974773,-451.66779850141296,-531.2342026089829,4671.700206772874,4723.45174635948,20140510.219807465,0.8256152617986096,1.633611699901404,3.332000937312528e-08,1.0928759901708255e-06,0.17009429733492826,0.1697566584115257,-0.03226222249158457,139070.02559747733,0.07690388998114446,0.07654304643584271,533.3613796234131,-16538671439.550322,-1040251375.1400574,-207800229.62268114,-16539614198.959753,-1900863719.767816,16571354075.900936,16649783832.440344,-0.9851130064645849,0.03179296633967304,-0.16894251029752988,0.03225662608841932,0.9994796196388358,0.0,-0.16885459593300525,0.005449515385106352,0.9856259068299539,4677.91996738989,-545.527038055206,-0.11609305821464327,9.146975255771912e-10,180.2333617749748,0.0,-85.43336177497481,2.6,0.0,3.0095001525274244e-17,2.2914886732440336,1.5707963267948966,18.10038969131867,461.0,0.004827121679049395,11.248141296351623,0.0,0.01026100349275177,-1556.9347308350611,16.78644996978066,-266.8839645207186,0.024837581970512758,0.03366967215361211,-0.25523615947967765,0.0241086522112045,0.03419539719951864,-0.25523615947967765,-3.3804185295805055e-18,7.907819173874954e-20,-3.1852416874821764e-19,-3.3813371880508245e-18,6.451065372645556e-21,-3.1852416874821764e-19,-1556.91062218285,16.820645366980177,-267.1392006801983,-1063230.264094308,326.4222237575344,148317.4854696483,0.09059656977869567,4695.0314497772115
303.3501550925433,2001.0,12.0,14.0,14.0,26.0,31.0,1.0,3484119.817079675,-37654.406742883766,598658.8766701035,-438.5034028759083,-293.83022562828137,4671.526168664048,3535378.5094004255,4701.252830931295,3482504.8287403127,-112556.08342007919,598658.8766701035,3535378.5094004255,-452.6977800686037,-531.1824136428966,4671.526168664048,4723.372394926694,20140495.353233624,0.8256151331761981,1.6336116974379309,2.9802322387695312e-08,1.0780452041439293e-06,0.170492071606945,0.17015361047298605,-0.032309191535390976,139178.509400425,0.07708363547793196,0.07672194100012301,526.3414485156536,-16538670854.830406,-1040251297.4585153,-207811622.08086276,-16539623984.4462,-1900799209.550808,16571353487.45784,16649786330.525951,-0.9850444074037551,0.03183706726756334,-0.16933374321258507,0.032303570654859955,0.9994781034734811,0.0,-0.16924536852018,0.005470084538119654,0.9855587671009853,4677.774961176718,-545.5289461100128,-0.11609702715524266,9.036852394543113e-10,180.42127350106253,0.0,-85.56063675053126,2.6,0.0,3.009812595057076e-17,2.291539698981392,1.5707963267948966,18.090657390468845,461.0,0.004768774155368966,11.249581083672217,0.0,0.010137202225282149,-1556.7327005100326,16.82429117609538,-267.4855913951024,0.024594837893679698,0.033268676630007626,-0.25215620790824506,0.02387385869868723,0.03378978790349999,-0.25215620790824506,-3.3399068386541615e-18,7.821675581938274e-20,-3.154485070192362e-19,-3.3408164770196583e-18,6.3889477774147365e-21,-3.154485070192362e-19,-1556.708826651334,16.85808096399888,-267.73774760301063,-1063231.0489107184,326.57576196250034,148382.82682347408,0.09068993653511917,4694.981314578678
303.65015509254334,2001.0,12.0,14.0,14.0,26.0,31.0,1.0,3483988.1141089955,-37742.55416377306,600060.3083663203,-439.51637972421014,-293.8192429100132,4671.351741225153,3535487.244118446,4701.173415839641,3482368.8649258846,-112715.43036500167,600060.3083663203,3535487.244118446,-453.72762699512094,-531.1305380743054,4671.351741225153,4723.292866022707,20140480.67758964,0.8256150062059423,1.633611695005446,2.9802322387695312e-08,1.0637383638367407e-06,0.1708898212730954,0.1705505380217028,-0.0323561625041339,139287.24411844602,0.07726336926506264,0.07690082385728303,519.3933153748512,-16538670277.600151,-1040251220.7625962,-207823067.4388557,-16539633800.528801,-1900734553.746539,16571352906.551506,16649788843.30851,-0.9849756552563079,0.031881158828252716,-0.1697249252884639,0.032350517073964954,0.9994765850409139,0.0,-0.16963608872363814,0.005490689093421877,0.9854914762370223,4677.629630819083,-545.5308597494851,-0.11610100548944571,8.91996257267053e-10,180.59655514805752,0.0,-85.6,2.6965551480575236,0.0,3.0101045939253485e-17,2.291587386015478,1.5707963267948966,18.08157168191988,461.0,0.00470686050248758,11.251002319935385,0.0,0.010006169600510385,-1556.5302314025869,16.86212026050111,-268.08702557121177,0.02433337173679539,0.03283847880879154,-0.24889668747057234,0.023620993189227408,0.033354570171282315,-0.24889668747057234,-3.296983983787388e-18,7.729722646151363e-20,-3.121311671285686e-19,-3.2978839091539613e-18,6.322366059018385e-21,-3.121311671285686e-19,-1556.5066104093976,16.895474830672395,-268.33592225868233,-1063231.8236489464,326.72930016746625,148448.23478418452,0.09078330625073044,4694.9311294672125
303.9501550925434,2001.0,12.0,14.0,14.0,26.0,31.0,1.0,3483856.107265016,-37830.69828619495,601461.6876759058,-440.5292248221061,-293.80823584017077,4671.176924432114,3535596.229718903,4701.093823432685,3482232.5921776113,-112874.76173426461,601461.6876759058,3535596.229718903,-454.757338977438,-531.0785759102994,4671.176924432114,4723.213159544233,20140466.17941558,0.8256148807713869,1.6336116926020239,2.9802322387695312e-08,1.0492364610603304e-06,0.17128754629179163,0.17094744100351153,-0.03240313540250459,139396.22971890308,0.07744309131692392,0.07707969498171986,512.5118822753429,-16538669707.330297,-1040251144.9870355,-207834565.80834454,-16539643646.669855,-1900669752.3261027,16571352332.649618,16649791370.25382,-0.9849067500715334,0.031925241006165096,-0.1701160564151085,0.03239746535031075,0.9994750643407145,0.0,-0.1700267564308792,0.005511329043239987,0.9854240342866474,4677.483976270402,-545.5327789602426,-0.11610499321725294,8.815958795151772e-10,180.74057429725767,0.0,-85.72028714862884,2.7,0.0,3.0103461944566886e-17,2.29162684237653,1.5707963267948966,18.0740612866084,461.0,0.004651750483921853,11.252406311903302,0.0,0.009889250061629625,-1556.3273237662274,16.899937198090093,-268.688266652729,0.024104458916956943,0.03245932203842842,-0.24598671812288292,0.023399592403082304,0.03297107220342225,-0.24598671812288292,-3.2586497193908654e-18,7.648266156920515e-20,-3.0922569122443785e-19,-3.2595411267986976e-18,6.263698169095915e-21,-3.0922569122443785e-19,-1556.3039241738243,16.932908270293517,-268.9342533708519,-1063232.5890195165,326.88283837243216,148513.70935177954,0.09087667892859193,4694.880894443349
304.2501550925435,2001.0,12.0,14.0,14.0,26.0,32.0,1.0,3483723.796587305,-37918.839102844,602863.0144820673,-441.54193789057257,-293.7972044322384,4671.001718466137,3535705.46616909,4701.014053814556,3482096.0105360206,-113034.07750189207,602863.0144820673,3535705.46616909,-455.7869157322976,-531.0265271817343,4671.001718466137,4723.133275595456,20140451.863691676,0.8256147569156161,1.6336116902281,2.9802322387695312e-08,1.035067736316504e-06,0.17168524660322038,0.17134431936426053,-0.032450110235193716,139505.46616909,0.07762280160785373,0.07725855434777944,505.6987981200218,-16538669144.217644,-1040251070.1514448,-207846117.3098486,-16539653523.05769,-1900604805.3455477,16571351765.949821,16649793911.558725,-0.9848376918988236,0.0319693137857333,-0.170507136482515,0.03244441548847315,0.9994735413724624,0.0,-0.17041737152945705,0.005532004379788515,0.985356441298545,4677.337997689645,-545.5347037532765,-0.11610899033875259,8.701828849569125e-10,180.9568327113625,0.0,-85.8,2.7,0.0,3.010703930714724e-17,2.291685265141083,1.5707963267948966,18.06295255246247,461.0,0.0045913053576799425,11.253792592472564,0.0,0.00976094072991744,-1556.1239778549498,16.93774196397624,-269.28931424370177,0.02384655062835326,0.032040883802917655,-0.24279575194852235,0.0231500662885979,0.03254766723708796,-0.24279575194852235,-3.2166820785566428e-18,7.558069673043706e-20,-3.059571640927393e-19,-3.2175639271934174e-18,6.197632565354798e-21,-3.059571640927393e-19,-1556.1008277886613,16.97028963121333,-269.5321099956503,-1063233.3447594717,327.0363765773981,148579.25052625925,0.09097005457176635,4694.830609507625
304.55015509254355,2001.0,12.0,14.0,14.0,26.0,32.0,1.0,3483591.182115514,-38006.976606421325,604264.2886680786,-442.5545186412711,-293.78614869097885,4670.826123410241,3535814.953436232,4700.934106990229,3481959.120041724,-113193.37764191984,604264.2886680786,3535814.9534362317,-456.8163569669442,-530.9743919109777,4670.826123410241,4723.053214181407,20140437.726559408,0.8256146346052428,1.633611687883576,2.9802322387695312e-08,1.0212460571933498e-06,0.17208292215640703,0.17174117304982883,-0.03249708700689414,139614.95343623124,0.07780250011225387,0.07743740192986043,498.95417407155037,-16538668588.110317,-1040250996.2446359,-207857722.05786735,-16539663429.531992,-1900539712.8302026,16571351206.299839,16649796467.070154,-0.9847684807876699,0.03201337715140168,-0.17089816538075134,0.0324913674930301,0.999472016135736,0.0,-0.17080793390699797,0.005552715095270626,0.9852886973214974,4677.191695137375,-545.5366341307515,-0.11611299685459543,8.597709091433748e-10,181.0832815958125,0.0,-85.8832815958125,2.7832815958125017,0.0,3.010917131726421e-17,2.2917200835086065,1.5707963267948966,18.056338773002093,461.0,0.004536143538212395,11.25516154337708,0.0,0.009644203406428532,-1555.9201939232298,16.975534533299268,-269.8901679485717,0.023615615570481755,0.031659640263100704,-0.23989015259924876,0.022926722269840792,0.03216201993537274,-0.23989015259924876,-3.1783670438753152e-18,7.476297959014969e-20,-3.030225477102553e-19,-3.1792402999177164e-18,6.138736760604046e-21,-3.030225477102553e-19,-1555.89726720096,17.00769655323464,-270.1300581011709,-1063234.0910724662,327.189914782364,148644.8583076236,0.09106343318331653,4694.780274660587
304.8501550925436,2001.0,12.0,14.0,14.0,26.0,32.0,1.0,3483458.2638893817,-38095.11078962488,605665.5101172103,-443.56696678466807,-293.77506861435126,4670.650139335254,3535924.6914874814,4700.853982951858,3481821.9207354225,-113352.66212838587,605665.5101172103,3535924.6914874814,-457.8456623872819,-530.9221701136515,4670.650139335254,4722.972975294,20140423.763009764,0.8256145137969281,1.6336116855670866,2.9802322387695312e-08,1.007124498410017e-06,0.17248057290159705,0.17213800200610657,-0.03254406572229804,139724.69148748182,0.07798218680453647,0.07761623770239207,492.27447617053986,-16538668038.812262,-1040250923.2316117,-207869380.1695463,-16539673365.888187,-1900474474.7816656,16571350653.501804,16649799036.588394,-0.9846991167876659,0.03205743108762337,-0.17128914299993783,0.03253832136855882,0.9994704886301128,0.0,-0.17119844345118113,0.005573461181877004,0.9852208024043884,4677.045068661898,-545.5385700880092,-0.11611701276429837,8.488940900016155e-10,181.2326477499596,0.0,-86.0,2.8,0.0,3.0111671298925306e-17,2.291760911307492,1.5707963267948966,18.048589882057435,461.0,0.004478535166684975,11.256513621679797,0.0,0.009522003263944022,-1555.7159722260378,17.01331488122054,-270.49082737214513,0.023369799861123752,0.03126261089578686,-0.23684906856145152,0.022688858566959912,0.03176025948412325,-0.23684906856145152,-3.138285818550955e-18,7.390131661395652e-20,-2.998988504027874e-19,-3.1391499437620082e-18,6.075697021384469e-21,-2.998988504027874e-19,-1555.693283367471,17.045075140704665,-270.7276764407066,-1063234.828222895,327.3434529873299,148710.53269587256,0.09115681476630547,4694.729889902784
305.1501550925437,2001.0,12.0,14.0,14.0,26.0,33.0,1.0,3483325.041948734,-38183.24164515594,607066.6787127792,-444.5792820292076,-293.7639642020515,4670.473766286328,3536034.6802899214,4700.773681665828,3481684.4126579035,-113511.93093533674,607066.6787127792,3536034.680289921,-458.87483169723185,-530.8698618071887,4670.473766286328,4722.892558899593,20140409.96573108,0.8256143944274087,1.6336116832779704,2.580956827951785e-08,9.934728324880583e-07,0.17287819879126687,0.17253480617900926,-0.03259104638609889,139834.68028992089,0.078161861659067,0.07779506163973804,485.65816673636436,-16538667496.035769,-1040250851.0832886,-207881091.75799364,-16539683331.830086,-1900409091.2075248,16571350107.266752,16649801619.823362,-0.9846295999485047,0.03210147557886221,-0.17168006923026152,0.03258527711963773,0.9994689588551695,0.0,-0.1715889000497529,0.005594242631786663,0.9851527565962005,4676.898118285806,-545.5405116221001,-0.11612103806837502,8.387319710079108e-10,181.4433503624011,0.0,-86.04335036240111,2.8,0.0,3.0115156028150786e-17,2.291817821254555,1.5707963267948966,18.037800171247888,461.0,0.004424704674863298,11.257849564554215,0.0,0.009407719481595595,-1555.5113130188251,17.05108298292587,-271.0912921196144,0.023142112382931172,0.030888188121268843,-0.2340070371868221,0.02246864701478437,0.03138148231495975,-0.2340070371868221,-3.1009111249824994e-18,7.31012396320341e-20,-2.9701529380368717e-19,-3.1017668170272763e-18,6.017396816618893e-21,-2.9701529380368717e-19,-1555.4888443718103,17.08246446524083,-271.32529915680124,-1063235.5565967113,327.4969911922958,148776.27369100615,0.0912501993237964,4694.679455234771
305.45015509254375,2001.0,12.0,14.0,14.0,26.0,33.0,1.0,3483191.516333481,-38271.36916571605,608467.7943381214,-445.59146410551085,-293.7528354792916,4670.297004540531,3536144.919810563,4700.693203332469,3481546.5958500425,-113671.18403682455,608467.7943381214,3536144.919810563,-459.9038646234407,-530.8174670340838,4670.297004540531,4722.811965198733,20140396.348233826,0.8256142766135685,1.6336116810178583,2.9802322387695312e-08,9.798575772508533e-07,0.17327579975722399,0.17293158551446972,-0.03263802900299045,139944.91981056286,0.0783415246502427,0.07797387371630837,479.11034512519836,-16538666960.31342,-1040250779.8602473,-207892856.94737965,-16539693327.881739,-1900343562.2051148,16571349568.130014,16649804217.31018,-0.984559930319981,0.03214551060959178,-0.1720709439619681,0.032632234750845535,0.9994674268104817,0.0,-0.17197930359051886,0.00561505943716653,0.9850845599460166,4676.750844263854,-545.5424587558267,-0.11612507276706246,8.27789168706919e-10,181.58114976320354,0.0,-86.18114976320356,2.8,0.0,3.011746869620217e-17,2.2918555899900466,1.5707963267948966,18.030646865968702,461.0,0.0043667580192057786,11.25916807468145,0.0,0.009284735231751285,-1555.3062165575334,17.088838813624303,-271.6915617965484,0.022891589701166025,0.030489505675239947,-0.23094602046158338,0.022226146936341104,0.03097794744219175,-0.23094602046158338,-3.06054088544012e-18,7.22286027170473e-20,-2.9382810617414565e-19,-3.0613872744802746e-18,5.952995152600181e-21,-2.9382810617414565e-19,-1555.283990410597,17.119816761066495,-271.92250781701,-1063236.275480641,327.6505293972617,148842.08129302436,0.09134358685885276,4694.628970657103
305.7501550925438,2001.0,12.0,14.0,14.0,26.0,33.0,1.0,3483057.687083618,-38359.49334401193,609868.8568766355,-446.6035127167202,-293.7416824380902,4670.119854088049,3536255.41001635,4700.612547862231,3481408.4703527987,-113830.42140691182,609868.8568766355,3536255.41001635,-460.93276086436725,-530.7649858042691,4670.119854088049,4722.731194101696,20140382.898207705,0.8256141602489017,1.6336116787852033,2.9802322387695312e-08,9.662802718206708e-07,0.17367337575712757,0.17332833995845065,-0.0326850135776683,140055.41001634998,0.07852117575251066,0.0781526739065503,472.62690928578377,-16538666431.160837,-1040250709.5063344,-207904675.84903485,-16539703353.550253,-1900277887.7551076,16571349035.604645,16649806828.560276,-0.9844901079519882,0.03218953616429689,-0.17246176708537456,0.03267919426676267,0.9994658924956245,0.0,-0.1723696539613564,0.005635911590172131,0.9850162125030176,4676.603246563447,-545.5444114784932,-0.11612911686060529,8.179725234058779e-10,181.7135250408749,0.0,-86.20676252043747,2.9,0.0,3.0119693814939686e-17,2.2918919289367383,1.5707963267948966,18.023769902661513,461.0,0.00431475686996055,11.260470319959335,0.0,0.009174712525288163,-1555.100683098582,17.126582348550226,-272.2916360089097,0.022671963753619115,0.030127200159299164,-0.22820807137878546,0.02201376519909714,0.03061144020857095,-0.22820807137878546,-3.024431049481679e-18,7.1455031298129e-20,-2.9103725691025388e-19,-3.0252692805158126e-18,5.897027556546336e-21,-2.9103725691025388e-19,-1555.078669333383,17.157193788758796,-272.51984408028846,-1063236.9855245203,327.80406760222763,148907.95550192724,0.0914369773745382,4694.5784361703445
306.0501550925439,2001.0,12.0,14.0,14.0,26.0,34.0,1.0,3482923.5542392256,-38447.61417274829,611269.8662117204,-447.6154275817544,-293.73050508910853,4669.942315080992,3536366.150874153,4700.531715328928,3481270.036207221,-113989.64301966445,611269.8662117204,3536366.150874153,-461.9615201346478,-530.7124181460059,4669.942315080992,4722.650245682345,20140369.617880426,0.8256140453526756,1.6336116765802327,2.9802322387695312e-08,9.529755684924178e-07,0.1740709267340897,0.17372506945692714,-0.03273200011482769,140166.15087415278,0.07870081494029081,0.07833146218489669,466.20889553427696,-16538665908.666246,-1040250640.0308739,-207916548.58149993,-16539713408.915306,-1900212067.9037378,16571348509.77928,16649809453.661438,-0.9844201328945216,0.032233552227471526,-0.17285253849085194,0.03272615567196918,0.9994643559101716,0.0,-0.17275995105019748,0.005656799082946666,0.9849477143164852,4676.4553253141175,-545.5463697982135,-0.1161331703492303,8.072204783627953e-10,181.94518859269098,0.0,-86.34518859269097,2.9,0.0,3.012351167896951e-17,2.2919542793880274,1.5707963267948966,18.011983040406573,461.0,0.004257830085518049,11.26175607764667,0.0,0.009053875009019887,-1554.8947128988814,17.164313562960352,-272.8915143630304,0.02242430925561364,0.029735728357206108,-0.22520293129534188,0.021774009774757474,0.030215156541936315,-0.22520293129534188,-2.9849088366010714e-18,7.05983874125021e-20,-2.878968937405765e-19,-2.985737909572194e-18,5.833563908327661e-21,-2.878968937405765e-19,-1554.8729388891065,17.194528719502287,-273.1167172943257,-1063237.6866107173,327.95760580719354,148973.8963177147,0.09153037087391643,4694.527851775062
306.35015509254396,2001.0,12.0,14.0,14.0,26.0,34.0,1.0,3482789.117840471,-38535.73164463529,612670.8222268411,-448.6272084172321,-293.71930343896673,4669.764387645085,3536477.1423507757,4700.45070577952,3481131.2934544436,-114148.84884915905,612670.8222268411,3536477.1423507757,-462.99014214653397,-530.6597640835943,4669.764387645085,4722.569119987594,20140356.50707942,0.825613931923394,1.6336116744026743,2.580956827951785e-08,9.397187844173992e-07,0.17446845263361224,0.17412177395590492,-0.03277898861916574,140277.1423507752,0.07888044218800304,0.07851023852576476,459.8558811247349,-16538665392.823591,-1040250571.428965,-207928475.26268733,-16539723493.96227,-1900146102.6830878,16571347990.647568,16649812092.60616,-0.9843500051976746,0.032277558783620965,-0.17324325806884336,0.032773118971046955,0.9994628170536959,0.0,-0.17315019474504662,0.005677721907621993,0.9848790654357986,4676.3070806189435,-545.5483337190291,-0.11613723323295963,7.973302014900956e-10,182.0746026119724,0.0,-86.47460261197243,2.9,0.0,3.01256879579765e-17,2.29198982072139,1.5707963267948966,18.005271371811954,461.0,0.00420545012983298,11.263025392086458,0.0,0.008942704083753283,-1554.6883062158165,17.202032432136914,-273.4911964656394,0.02219902179554573,0.02937510053668714,-0.22243566502576292,0.021555963260000567,0.02985018506061725,-0.22243566502576292,-2.9484048301322104e-18,6.981116064271368e-20,-2.8503069962450266e-19,-2.9492255394242216e-18,5.775647594782571e-21,-2.8503069962450266e-19,-1554.6667502525565,17.23188261719753,-273.7136321306652,-1063238.3787483051,328.11114401215946,149039.90374038686,0.09162376736005148,4694.477217471828
306.650155092544,2001.0,12.0,14.0,14.0,26.0,34.0,1.0,3482654.3779276083,-38623.84575238093,614071.7248054661,-449.63885493141026,-293.708077485277,4669.586071820142,3536588.38441295,4700.369519174082,3480992.2421356896,-114308.03886947541,614071.7248054661,3536588.3844129504,-464.01862660372336,-530.6070236325412,4669.586071820142,4722.487816977409,20140343.557887457,0.8256138198925564,1.6336116722515,2.580956827951785e-08,9.267516020218592e-07,0.17486595340909653,0.17451845340140296,-0.032825979095379196,140388.3844129499,0.0790600574701065,0.07868900290363251,453.5652340054512,-16538664883.321487,-1040250503.6639491,-207940456.0060485,-16539733608.371195,-1900079992.0935636,16571347477.896439,16649814745.079956,-0.9842797249116427,0.032321555817259685,-0.17363392570984706,0.03282008416857742,0.9994612759257697,0.0,-0.17354038493396406,0.0056986800563177,0.9848102659104379,4676.158512494893,-545.5503032358765,-0.11614130551201744,7.871139612859462e-10,182.22096103237476,0.0,-86.51048051618739,3.0,0.0,3.012813552855734e-17,2.292029792582379,1.5707963267948966,17.997729222794064,461.0,0.0041513563870515845,11.264279014654068,0.0,0.008828204400268323,-1554.4814633072615,17.239738931384444,-274.0906819238371,0.021964519192643476,0.02899852957269356,-0.2195866929647551,0.021329065825434913,0.029469064656969537,-0.2195866929647551,-2.9108264371305347e-18,6.899707376900298e-20,-2.8204846397786347e-19,-2.9116384516503134e-18,5.715781494584531e-21,-2.8204846397786347e-19,-1554.460134241436,17.269207996041413,-274.31026861680186,-1063239.0623552091,328.26468221712537,149105.97776994362,0.0917171668360075,4694.426533261219
306.9501550925441,2001.0,12.0,14.0,14.0,26.0,34.0,1.0,3482519.334540973,-38711.95648869802,615472.5738311158,-450.65036685011387,-293.69682724823826,4669.407367824924,3536699.8770273374,4700.288155653387,3480852.8822922655,-114467.21305470345,615472.5738311158,3536699.8770273374,-465.0469732279704,-530.5541968305836,4669.407367824924,4722.406336792793,20140330.778467275,0.8256137093307784,1.633611670128058,2.580956827951785e-08,9.137219021771207e-07,0.17526342899774364,0.1749151077394672,-0.032872971548166506,140499.87702733744,0.07923966076105697,0.07886775529294628,447.34126138687134,-16538664380.481546,-1040250436.7784473,-207952490.93179786,-16539743752.455118,-1900013736.2149258,16571346971.849543,16649817411.406296,-0.98420929208672,0.03236554331291331,-0.17402454130442988,0.03286705126914368,0.999459732525964,0.0,-0.17393052150507907,0.005719673521141909,0.9847413157899808,4676.009621138103,-545.5522783664665,-0.11614538718702636,7.771212221966996e-10,182.4443078081527,0.0,-86.6443078081527,3.0,0.0,3.0131816338233946e-17,2.2920899047662213,1.5707963267948966,17.986399178877633,461.0,0.00409844900506225,11.265516144183488,0.0,0.008715893175781536,-1554.2741844315694,17.2774330360329,-274.689970345117,0.021734110037502745,0.028634494431054484,-0.2167934291413777,0.02110600436369029,0.029100556528084725,-0.2167934291413777,-2.874081882232187e-18,6.820033907869899e-20,-2.7912621658020864e-19,-2.8748853809376983e-18,5.656721353053224e-21,-2.7912621658020864e-19,-1554.2530784272058,17.306533592560985,-274.90676377425837,-1063239.7370004673,328.4182204220913,149172.118406385,0.09181056930484886,4694.375799143816
307.25015509254416,2001.0,12.0,14.0,14.0,26.0,35.0,1.0,3482383.9877209887,-38800.06384629909,616873.3691873329,-451.6617438742092,-293.6855527130473,4669.228275619246,3536811.6201605285,4700.206615096206,3480713.2139655678,-114626.3713789381,616873.3691873329,3536811.620160529,-466.07518171531746,-530.5012836810378,4669.228275619246,4722.324679312137,20140318.153645534,0.825613600106784,1.633611668029772,2.580956827951785e-08,9.008734822387904e-07,0.17566087936030853,0.17531173691616203,-0.03291996598222628,140611.62016052846,0.0794192520352943,0.0790464956681647,441.1767697930336,-16538663883.707256,-1040250370.6921543,-207964580.15164363,-16539753925.608898,-1899947335.0040903,16571346471.906504,16649820090.982418,-0.9841387067733013,0.03240952125511719,-0.17441510474321906,0.032914020277328926,0.9994581868538491,0.0,-0.1743206043465819,0.005740702294190761,0.9846722151241051,4675.860406485367,-545.5542590932272,-0.11614947825755231,7.673771603517766e-10,182.5770252006606,0.0,-86.7,3.0,0.0,3.013404382767257e-17,2.2921262824294004,1.5707963267948966,17.979549828886466,461.0,0.004046854753709399,11.266738280950475,0.0,0.008606338414642749,-1554.0664698475764,17.3151147214354,-275.289061337353,0.021509032259781798,0.02827557974668047,-0.21406696488146779,0.020888177189580723,0.028737274269838124,-0.21406696488146779,-2.8381028333652972e-18,6.741984244498035e-20,-2.7626173099906634e-19,-2.8388979871567322e-18,5.598788162457515e-21,-2.7626173099906634e-19,-1554.0455816703868,17.343851995705236,-275.5031283022345,-1063240.403485082,328.5717586270572,149238.32564971104,0.09190397476964006,4694.325015120205
307.55015509254423,2001.0,12.0,14.0,14.0,26.0,35.0,1.0,3482248.3375081643,-38888.167817899135,618274.1107576953,-452.6729857351832,-293.67425390810405,4669.048795476388,3536923.613779046,4700.124897698187,3480573.237197077,-114785.51381628218,618274.1107576953,3536923.613779046,-467.10325179336223,-530.448284229777,4669.048795476388,4722.24284473149,20140305.696452934,0.8256134923333034,1.6336116659589912,2.580956827951785e-08,8.882142091290187e-07,0.17605830442906717,0.1757083408775742,-0.03296696240225816,140723.61377904564,0.07959883126727603,0.07922522400374449,435.07901707291603,-16538663393.5116,-1040250305.4763452,-207976723.78694004,-16539764128.336931,-1899880788.5696273,16571345978.583769,16649822784.32519,-0.9840679690218808,0.0324534896284172,-0.17480561591690605,0.03296099119771732,0.9994566389089944,0.0,-0.17471063334672754,0.005761766367548694,0.9846029639625868,4675.710868787332,-545.556245442122,-0.11615357872462423,7.573108976763487e-10,182.73025284232364,0.0,-86.8,3.0151264211618236,0.0,3.013659934536405e-17,2.2921680172004915,1.5707963267948966,17.9716984697507,461.0,0.003993566885705147,11.26794416991952,0.0,0.008493251221150628,-1553.8583198145968,17.352783962969486,-275.8879545088056,0.02127402090743477,0.027906971291315495,-0.2112529025619786,0.020660645567280783,0.028364074759587694,-0.2112529025619786,-2.8009849014871252e-18,6.661051349079455e-20,-2.732711028716961e-19,-2.8017713513332186e-18,5.538385575049234e-21,-2.732711028716961e-19,-1553.8376591690296,17.381148037729073,-276.09920741136756,-1063241.0611211024,328.7252968320231,149304.59949992172,0.0919973832334459,4694.274181190975
307.8501550925443,2001.0,12.0,14.0,14.0,26.0,35.0,1.0,3482112.383943094,-38976.26839621563,619674.7984258208,-453.68409213414134,-293.6629308204213,4668.868927359317,3537035.8578493423,4700.043003341029,3480432.952028363,-114944.6403408463,619674.7984258208,3537035.8578493423,-468.131183158429,-530.3951984819892,4668.868927359317,4722.16083293225,20140293.391959894,0.8256133858811701,1.6336116639134781,2.580956827951785e-08,8.75752285415863e-07,0.17645570416478729,0.17610491956981386,-0.03301396081296275,140835.85784934228,0.07977839843153005,0.07940394027422018,429.04177218675613,-16538662909.307215,-1040250241.0569268,-207988921.94851977,-16539774360.043226,-1899814096.8748195,16571345491.290482,16649825490.841665,-0.983997078883052,0.03249744841736978,-0.17519607471624773,0.03300796403489394,0.9994550886909682,0.0,-0.17510060839383687,0.0057828657332884975,0.9845335623553008,4675.561007983806,-545.5582373973859,-0.11615768858812243,7.480176158708722e-10,182.94482231167785,0.0,-86.84482231167786,3.1,0.0,3.014013606296668e-17,2.2922257761821845,1.5707963267948966,17.96084426129156,461.0,0.003944361997691959,11.269135207740609,0.0,0.008389055284470138,-1553.6497345924238,17.39044073603717,-276.48664946812465,0.02106039830538272,0.027564853264913217,-0.20866182859445004,0.02045393547909188,0.0280178163980477,-0.20866182859445004,-2.7668850618518e-18,6.587145297204141e-20,-2.7056201372613227e-19,-2.7676636211777414e-18,5.483960667204563e-21,-2.7056201372613227e-19,-1553.6292806569447,17.41845855243522,-276.6953112967191,-1063241.7106966563,328.878835036989,149370.93995701702,0.09209079469933122,4694.223297356722
308.15015509254437,2001.0,12.0,14.0,14.0,26.0,36.0,1.0,3481976.127066458,-39064.36557396593,621075.432075345,-454.6950628001256,-293.65158347124293,4668.688671511791,3537148.3523377986,4699.960932190023,3480292.358501082,-115103.75092674636,621075.432075345,3537148.352337799,-469.1589755355195,-530.342026476507,4668.688671511791,4722.078644079879,20140281.250476558,0.8256132808395763,1.6336116618944707,2.1073424255447017e-08,8.632390712476187e-07,0.17685307850244267,0.17650147293900856,-0.03306096121904093,140948.35233779904,0.0799579535024995,0.07958264445404256,423.06904152035713,-16538662431.500786,-1040250177.4800327,-208001174.75860488,-16539784621.125801,-1899747260.003254,16571345010.435421,16649828210.940208,-0.983926036407509,0.03254139760654119,-0.1755864810320605,0.03305493879344411,0.9994535361993381,0.0,-0.17549052937629087,0.005804000383470995,0.984464010352221,4675.410824295806,-545.5602349777895,-0.1161618078482945,7.380337300203361e-10,183.08544042224878,0.0,-86.9,3.1,0.0,3.014248819489478e-17,2.2922641894116924,1.5707963267948966,17.95363306859157,461.0,0.003891517735807223,11.270310440758093,0.0,0.008276824605123901,-1553.4407144413321,17.42808501606386,-277.08514582434077,0.02082492824779946,0.027197047033931384,-0.2058690452940196,0.020225958930065263,0.027645390018069652,-0.2058690452940196,-2.730021132193559e-18,6.506430903807928e-20,-2.675629890890079e-19,-2.7307909723142616e-18,5.423288756462073e-21,-2.675629890890079e-19,-1553.420488482402,17.45573040608193,-277.2910148696348,-1063242.351667421,329.03237324195493,149437.34702099697,0.09218420917036117,4694.172363618045
308.45015509254443,2001.0,12.0,14.0,14.0,26.0,36.0,1.0,3481839.566919017,-39152.459343872084,622476.0115899593,-455.70589744022806,-293.6402118558674,4668.508027953638,3537261.0972107253,4699.8786841841065,3480151.456656971,-115262.84554810816,622476.0115899593,3537261.097210726,-470.18662862712733,-530.2887682267325,4668.508027953638,4721.996278113181,20140269.26215195,0.8256131771232942,1.6336116599007195,2.580956827951785e-08,8.510637468870918e-07,0.17725042739765606,0.1768980009313141,-0.03310796362519521,141061.09721072577,0.0801374964546851,0.0797613365177231,417.1574757695198,-16538661959.704666,-1040250114.700533,-208013482.3293944,-16539794911.188358,-1899680277.9473283,16571344535.62887,16649830944.22959,-0.9838548416460442,0.03258533718050884,-0.1759768347552311,0.033101915477954665,0.9994519814336706,0.0,-0.17588039618254137,0.005825170310145655,0.984394308003419,4675.260317720022,-545.562238175908,-0.11616593650538738,7.290289940614966e-10,183.22774302681438,0.0,-87.0138715134072,3.1138715134071915,0.0,3.014486677363169e-17,2.292303034550365,1.5707963267948966,17.9463468908943,461.0,0.0038438410864812663,11.271470822274425,0.0,0.008175655282237656,-1553.231259622074,17.465716778500525,-277.6834431868827,0.020616194658265283,0.026867992907629073,-0.2033511210684957,0.020023881111563696,0.027312281308998244,-0.2033511210684957,-2.6968033018970436e-18,6.434236095518436e-20,-2.649066867500231e-19,-2.6975654126263313e-18,5.3696497293177e-21,-2.649066867500231e-19,-1553.2112357409626,17.493029059809523,-277.8867943079512,-1063242.984553421,329.18591144692084,149503.82069186153,0.09227762664960096,4694.12137997555
308.7501550925445,2001.0,12.0,14.0,14.0,26.0,36.0,1.0,3481702.703541624,-39240.549698654235,623876.5368533648,-456.71659577526515,-293.62881598463633,4668.326996845114,3537374.092434366,4699.796259403806,3480010.2465378614,-115421.92417906117,623876.5368533648,3537374.092434366,-471.2141421497968,-530.2354237608386,4668.326996845114,4721.913735112674,20140257.429732278,0.8256130747560773,1.6336116579322775,2.580956827951785e-08,8.388440576218356e-07,0.1776477507933011,0.1772945034929012,-0.03315496803612783,141174.09243436623,0.08031702726262928,0.0799400164398013,411.3075788617134,-16538661494.027714,-1040250052.7261537,-208025844.78003275,-16539805230.331064,-1899613150.7523785,16571344066.97996,16649833690.817896,-0.9837834946495503,0.03262926712385956,-0.1763671357767034,0.033148894093012166,0.9994504243935315,0.0,-0.1762702087010978,0.005846375505349838,0.984324455359066,4675.1094883937,-545.5642469995073,-0.11617007455939612,7.192521430788707e-10,183.4551155429578,0.0,-87.1,3.2,0.0,3.014860483106054e-17,2.292364081660952,1.5707963267948966,17.934908660285856,461.0,0.0037921007901727194,11.272616042685065,0.0,0.00806606177678058,-1553.0213703958777,17.503335998820724,-278.28154116555623,0.020385448992536255,0.02650983324356984,-0.20062582525694528,0.019800447586253045,0.026949583755843505,-0.20062582525694528,-2.6609226978671902e-18,6.355545050594159e-20,-2.6197654000180414e-19,-2.6616762942327648e-18,5.310746948956595e-21,-2.6197654000180414e-19,-1553.0015699482915,17.530285582576568,-278.4821669908132,-1063243.6092096493,329.33944965188675,149570.36096961072,0.09237104714011617,4694.070346429843
309.05015509254457,2001.0,12.0,14.0,14.0,26.0,37.0,1.0,3481565.536975212,-39328.63663103792,625277.0077493209,-457.72715751962807,-293.61739586241515,4668.145578275876,3537487.3379748934,4699.713657858384,3479868.7281856677,-115580.98679374554,625277.0077493209,3537487.3379748934,-472.24151581353135,-530.1819931016935,4668.145578275876,4721.83101508766,20140245.749610398,0.8256129737067134,1.6336116559889802,2.1073424255447017e-08,8.269808844037057e-07,0.1780450486386244,0.1776909805699695,-0.03320197445654286,141287.33797489293,0.08049654590080098,0.0801186841947665,405.5192004740238,-16538661034.327986,-1040249991.54524,-208038262.2247876,-16539815578.403309,-1899545878.4444346,16571343604.346296,16649836450.561834,-0.9837119954690182,0.03267318742119151,-0.17675738398749252,0.03319587464320493,0.9994488650784854,0.0,-0.17665996682054144,0.005867615961109639,0.9842544524694303,4674.958336383399,-545.5662614508,-0.11617422201088808,7.103566863414246e-10,183.58593108321435,0.0,-87.18593108321434,3.2,0.0,3.01507983616111e-17,2.292399904733401,1.5707963267948966,17.92820361674144,461.0,0.0037450089483648777,11.273746501115856,0.0,0.00796606451268487,-1552.811047024447,17.54094265252397,-278.87943937056764,0.020177265877123707,0.026183353157297536,-0.19813697464818578,0.01959889270846588,0.02661904290987838,-0.19813697464818578,-2.6280662982834965e-18,6.283855172076543e-20,-2.5932498738718866e-19,-2.628812186982148e-18,5.257121838224377e-21,-2.5932498738718866e-19,-1552.7914481317384,17.56756169543385,-279.07757634521585,-1063244.2258265037,329.49298785685266,149636.96785424455,0.09246447064497243,4694.019262981538
309.35015509254464,2001.0,12.0,14.0,14.0,26.0,37.0,1.0,3481428.0672608013,-39416.72013374677,626677.4241615935,-458.7375823886441,-293.60595149263185,4667.963772346232,3537600.833798408,4699.630879567515,3479726.9016423896,-115740.03336630492,626677.4241615935,3537600.8337984076,-473.2687493292402,-530.1284762707387,4667.963772346232,4721.748118057724,20140234.21909738,0.8256128739519358,1.6336116540702217,2.580956827951785e-08,8.150812584863735e-07,0.17844232088205814,0.1780874321087329,-0.033248982891144155,141400.8337984071,0.08067605234373422,0.08029733975714022,399.79087606072426,-16538660580.500214,-1040249931.1411066,-208050734.77999848,-16539825955.291101,-1899478461.0445743,16571343147.621767,16649839223.35396,-0.9836403441555397,0.032717098057112357,-0.1771475792786703,0.033242857133121,0.9994473034880963,0.0,-0.1770496704295108,0.0058888916694390635,0.9841842993848801,4674.806861766264,-545.5682815305659,-0.11617837885987116,7.008551693834036e-10,183.7520844960178,0.0,-87.22604224800891,3.2260422480089024,0.0,3.0153556001879094e-17,2.2924449404166682,1.5707963267948966,17.919781602299313,461.0,0.0036947276308428425,11.27486245306091,0.0,0.007859341458945632,-1552.6002897699666,17.57853671513254,-279.47713741250146,0.01995101583585559,0.02583278146938396,-0.19548191815133723,0.0193798175403347,0.026264011563941314,-0.19548191815133723,-2.593036362241626e-18,6.206803381720479e-20,-2.564447906296286e-19,-2.5937738890861367e-18,5.198944526939064e-21,-2.564447906296286e-19,-1552.5809099524263,17.60480072669648,-279.6726193306528,-1063244.8345459066,329.64652606181863,149703.64134576306,0.09255789716723549,4693.968129631257
309.6501550925447,2001.0,12.0,14.0,14.0,26.0,37.0,1.0,3481290.2944394955,-39504.80019950984,628077.785974009,-459.7478701041696,-293.59448288803105,4667.781579222218,3537714.5798709434,4699.547924617204,3479584.766950114,-115899.06387089375,628077.785974009,3537714.5798709434,-474.2958424145665,-530.074873298617,4667.781579222218,4721.66504410897,20140222.84140082,0.8256127755194909,1.6336116521764827,2.1073424255447017e-08,8.031435595877307e-07,0.17883956746607135,0.1784838580554348,-0.03329599334463737,141514.57987094298,0.08085554656598751,0.08047598310150735,394.1243723630905,-16538660132.671062,-1040249871.5297005,-208063262.5638085,-16539836361.112396,-1899410898.6065848,16571342696.933792,16649842009.320988,-0.9835685407603036,0.03276099901624109,-0.1775377215413804,0.03328984156735017,0.9994457396219271,0.0,-0.17743931941671667,0.005910202622340884,0.9841139961558799,4674.655064685194,-545.5703072489694,-0.11618254510671787,6.918974761308488e-10,183.96064430104775,0.0,-87.3,3.3,0.0,3.0156989927695e-17,2.292501020681089,1.5707963267948966,17.90930561692532,461.0,0.00364731910054919,11.275963544910004,0.0,0.007758890649062026,-1552.3890988950914,17.616118162194695,-280.0746349023442,0.01973980162387561,0.025504047192568387,-0.19298363918803074,0.01917531042310242,0.025931133055236463,-0.19298363918803074,-2.5601279022272133e-18,6.134679779897594e-20,-2.5376153906923166e-19,-2.5608576365492816e-18,5.1449674175329315e-21,-2.5376153906923166e-19,-1552.3699235846682,17.642049295249933,-280.2676185415322,-1063245.4351985026,329.80006426678455,149770.38144416615,0.09265132670997145,4693.916946379619
309.9501550925448,2001.0,12.0,14.0,14.0,26.0,37.0,1.0,3481152.218552484,-39592.87682105509,629478.0930704054,-460.75802037387524,-293.5829900430991,4667.5989989221125,3537828.576158461,4699.464792944002,3479442.324151015,-116058.07828167082,629478.0930704054,3537828.576158461,-475.3227947725725,-530.0211841980589,4667.5989989221125,4721.581793177773,20140211.60641463,0.8256126783219409,1.6336116503063638,2.580956827951785e-08,7.917271750441538e-07,0.17923678834672424,0.17888025835633442,-0.03334300582172816,141628.57615846116,0.08103502854207348,0.0806546142023653,388.5158345401287,-16538659690.442907,-1040249812.6627822,-208075845.6884387,-16539846795.46084,-1899343191.120145,16571342251.882502,16649844808.061415,-0.9834965853345995,0.032804890283206455,-0.17792781066682492,0.03333682795048217,0.9994441734795395,0.0,-0.17782891367092882,0.005931548811805909,0.984043542832994,4674.5029451351265,-545.5723385977514,-0.11618672075156035,6.829156871250306e-10,184.09822019807643,0.0,-87.39822019807646,3.3,0.0,3.0159289629257005e-17,2.292538577657739,1.5707963267948966,17.902296935116503,461.0,0.0035997858097272556,11.277050807269358,0.0,0.007657943277700312,-1552.1774746629546,17.653686969281885,-280.6719314514638,0.019525814106493056,0.02517481513751329,-0.19047129624041842,0.018968055771042838,0.025597687278265977,-0.19047129624041842,-2.5269543468189035e-18,6.061714672514686e-20,-2.5103423094395366e-19,-2.527676166622445e-18,5.089800871562616e-21,-2.5103423094395366e-19,-1552.1585066071837,17.679284656560153,-280.86240274770427,-1063246.0283177793,329.95360247175046,149837.18814945387,0.09274475927624652,4693.865713227252
310.25015509254484,2001.0,12.0,14.0,14.0,26.0,38.0,1.0,3481013.839641044,-39680.94999111257,630878.3453346592,-461.768032916904,-293.5714729657026,4667.416031580614,3537942.822626855,4699.381484601875,3479299.5732873525,-116217.07657280249,630878.3453346592,3537942.822626855,-476.34960611808475,-529.9674089949508,4667.416031580614,4721.498365318091,20140200.5144773,0.8256125823622115,1.6336116484597367,2.1073424255447017e-08,7.800014214696129e-07,0.17963398346944517,0.1792766329577142,-0.03339002032712307,141742.82262685522,0.08121449824653329,0.08083323303427613,382.9651936888695,-16538659253.829653,-1040249754.5390873,-208088484.27129894,-16539857258.341572,-1899275338.621986,16571341812.481691,16649847619.587944,-0.9834244779298154,0.03284877184264767,-0.17831784654627178,0.03338381628710757,0.999442605060495,0.0,-0.17821845308098347,0.005952930229813376,0.983972939466884,4674.350503227514,-545.5743755821567,-0.11619090579451453,6.744741898515819e-10,184.25705656713805,0.0,-87.42852828356904,3.3,0.0,3.016192807879081e-17,2.292581666808597,1.5707963267948966,17.89426286405507,461.0,0.003555105498145628,11.278124202789305,0.0,0.007563030744315177,-1551.9654173371612,17.69124311199016,-281.269026671622,0.019326108661519157,0.02486272745714971,-0.18810989853977894,0.01877471693196528,0.025281686983465487,-0.18810989853977894,-2.495797284563207e-18,5.993416838466904e-20,-2.4849262578699045e-19,-2.4965117274004684e-18,5.038365307059274e-21,-2.4849262578699045e-19,-1551.946642620229,17.716524798973627,-281.45713657016177,-1063246.6138858497,330.10714067671637,149904.06146162626,0.09283819486912706,4693.814430174788
310.5501550925449,2001.0,12.0,14.0,14.0,26.0,38.0,1.0,3480875.1577465343,-39769.01970241306,632278.5426506717,-462.77790745627686,-293.5599316685544,4667.232677369822,3538057.3192419466,4699.297999682456,3479156.514401473,-116376.05871846115,632278.5426506717,3538057.319241946,-477.376276169916,-529.9135477199687,4667.232677369822,4721.414760621619,20140189.56927075,0.8256124876721503,1.633611646636995,2.1073424255447017e-08,7.686746344881802e-07,0.18003115277620604,0.17967298180587626,-0.03343703686552915,141857.31924194656,0.08139395565392261,0.08101183957180126,377.4739577770233,-16538658822.976843,-1040249697.1743113,-208101178.43108213,-16539867749.891365,-1899207341.1658757,16571341378.877605,16649850444.046013,-0.9833522185974384,0.032892643679214205,-0.17870782907105132,0.03343080658181738,0.9994410343643536,0.0,-0.17860793753577964,0.005974346868330797,0.9839021861083103,4674.197739111222,-545.5764182123145,-0.11619510023580905,6.653144606442755e-10,184.4716490524332,0.0,-87.57164905243319,3.3716490524331943,0.0,3.016545497665675e-17,2.29263926542182,1.5707963267948966,17.883535127935904,461.0,0.003506645492510856,11.279183362405288,0.0,0.0074603410568581845,-1551.752927181793,17.728786565939664,-281.8659201749692,0.019105855777826954,0.02452924544483824,-0.18555568575930054,0.018561319985382567,0.024943837064422922,-0.18555568575930054,-2.462140589836445e-18,5.91898987399293e-20,-2.4569130971949746e-19,-2.4628469111851227e-18,4.981997480786102e-21,-2.4569130971949746e-19,-1551.7343658618076,17.753730403004088,-282.0514758607285,-1063247.1917083059,330.2606788816823,149971.00138068327,0.09293163349167968,4693.763097222865
310.850155092545,2001.0,12.0,14.0,14.0,26.0,38.0,1.0,3480736.1729104,-39857.08594769212,633678.6849024037,-463.78764370568103,-293.54836615391145,4667.04893636788,3538172.065969492,4699.214338182315,3479013.14753581,-116535.02469282954,633678.6849024037,3538172.0659694914,-478.4028046373198,-529.8596003935711,4667.04893636788,4721.330979084886,20140178.76600653,0.8256123942103272,1.6336116448375795,2.1073424255447017e-08,7.574716226541482e-07,0.18042829621785578,0.18006930484715183,-0.03348405544165511,141972.0659694909,0.08157340073884814,0.08119043378954532,372.04076021909714,-16538658397.696087,-1040249640.5473214,-208113928.2819634,-16539878269.91307,-1899139198.7688332,16571340950.8809,16649853281.24509,-0.9832798073890531,0.03293650577756677,-0.17909775813256557,0.03347779883920421,0.9994394613906746,0.0,-0.17899736692428864,0.00599579871931448,0.9838312828081291,4674.044652840945,-545.5784664877881,-0.11619930407576577,6.57039887364453e-10,184.60258246186365,0.0,-87.60258246186365,3.4,0.0,3.0167646918057197e-17,2.2926750625414787,1.5707963267948966,17.876874628326995,461.0,0.0034628527174863865,11.280228731921552,0.0,0.007367396028275077,-1551.540004461397,17.76631730677635,-282.4626115740592,0.01890905267208358,0.024223369552727282,-0.1832426594750813,0.018370773283521193,0.024634094146306462,-0.1832426594750813,-2.431587369817447e-18,5.851830273252466e-20,-2.4318301921405353e-19,-2.4322864162512428e-18,4.931341613594071e-21,-2.4318301921405353e-19,-1551.5216336881135,17.79095140092266,-282.6458542335343,-1063247.762037916,330.4142170866482,150038.0079066249,0.0930250751469711,4693.711714372125
311.15015509254505,2001.0,12.0,14.0,14.0,26.0,39.0,1.0,3480596.885174169,-39945.14871968432,635078.7719738259,-464.7972413833124,-293.53677642791877,4666.864808693978,3538287.0627751714,4699.130500139309,3478869.472732879,-116693.9744700947,635078.7719738259,3538287.0627751714,-479.4291912341441,-529.805567040034,4666.864808693978,4721.247020745718,20140168.10356234,0.8256123019670292,1.6336116430612053,2.1073424255447017e-08,7.46397959373503e-07,0.18082541374132777,0.1804656020278877,-0.03353107606020968,142087.06277517136,0.081752833475842,0.08136901566205851,366.66505604982376,-16538657977.943743,-1040249584.650636,-208126733.94043732,-16539888818.354235,-1899070911.4616027,16571340528.447544,16649856131.139986,-0.9832072443563441,0.0329803581223759,-0.1794876336222751,0.03352479306386065,0.9994378861390163,0.0,-0.17938674113554084,0.00601728577470881,0.9837602296172965,4673.891244512498,-545.5805204120733,-0.11620351731452713,6.481276349242187e-10,184.79265693792843,0.0,-87.7,3.4,0.0,3.0170780877032105e-17,2.2927262439756215,1.5707963267948966,17.867360606757206,461.0,0.003415705177509798,11.281260454016413,0.0,0.007267245684095824,-1551.3266494410007,17.80383531016965,-283.0591004818302,0.01869276455187643,0.023896642981198722,-0.1807513094244855,0.0181612193133218,0.024303067819026254,-0.1807513094244855,-2.398727084501024e-18,5.778944898956572e-20,-2.4042905648967743e-19,-2.3994181533578107e-18,4.8756199907090916e-21,-2.4042905648967743e-19,-1551.3084882216874,17.828138377988676,-283.2398517912547,-1063248.3249339089,330.5677552916141,150105.08103945118,0.09311851983806832,4693.660281623213
311.4501550925451,2001.0,12.0,14.0,14.0,26.0,39.0,1.0,3480457.294579456,-40033.20801112903,636478.8037489674,-465.8067002092637,-293.5251625011704,4666.680294485971,3538402.309624603,4699.046485610123,3478725.4900352857,-116852.90802445401,636478.8037489674,3538402.309624603,-480.45543567623383,-529.7514476880699,4666.680294485971,4721.162885660917,20140157.582483735,0.8256122109469687,1.6336116413082733,2.1073424255447017e-08,7.354594873936977e-07,0.18122250529191666,0.1808618732944596,-0.033578098725903255,142202.30962460302,0.08193225383948995,0.08154758516393132,361.3483724594116,-16538657563.741348,-1040249529.4922739,-208139595.5223148,-16539899395.22762,-1899002479.290507,16571340111.599543,16649858993.752068,-0.9831345295510932,0.03302420069832341,-0.17987745543171227,0.03357178926038088,0.9994363086089361,0.0,-0.17977606005863891,0.006038808026446999,0.9836890265868642,4673.737514240315,-545.5825799931315,-0.11620773995272293,6.39899014332461e-10,184.9803440273367,0.0,-87.7803440273367,3.4,0.0,3.0173875707528974e-17,2.292776786393223,1.5707963267948966,17.85797565884654,461.0,0.0033721646826511617,11.282278471323789,0.0,0.007174758982550318,-1551.1128623860936,17.84134055181485,-283.6553865116242,0.018495088881017974,0.023594399136310087,-0.1784506082448948,0.01796974689923867,0.02399692021275995,-0.1784506082448948,-2.3683881899957505e-18,5.711969886845543e-20,-2.3791370353197493e-19,-2.3690719703124445e-18,4.824726943802775e-21,-2.3791370353197493e-19,-1551.0948926391943,17.86533747202761,-283.8338371198691,-1063248.8803674579,330.72129349658,150172.22077916207,0.09321196756803844,4693.60879897678
311.7501550925452,2001.0,12.0,14.0,14.0,26.0,39.0,1.0,3480317.4011679585,-40121.26381476455,637878.7801118696,-466.8160198967664,-293.51352437249767,4666.495393813838,3538517.8064833293,4698.962294582453,3478581.1994857187,-117011.82533010919,637878.7801118696,3538517.8064833293,-481.4815376723167,-529.6972423548132,4666.495393813838,4721.078573817996,20140147.197166268,0.8256121211016577,1.6336116395776146,2.1073424255447017e-08,7.245091069426228e-07,0.181619570821436,0.1812581185932595,-0.033625123443446245,142317.80648332974,0.0821116618044172,0.0817261422697844,356.08747574687004,-16538657154.868853,-1040249475.0389758,-208152513.1427943,-16539910000.304327,-1898933902.2606688,16571339700.115187,16649861868.857943,-0.9830616630251814,0.03306803349010092,-0.18026722345246865,0.033618787433359054,0.9994347287999905,0.0,-0.18016532358274528,0.006060365466450382,0.9836176737679827,4673.583462070783,-545.584645227078,-0.11621197199016271,6.312645137502696e-10,185.12225810416217,0.0,-87.82225810416217,3.5,0.0,3.017624075641746e-17,2.292815410572703,1.5707963267948966,17.850810625172894,461.0,0.003326488214948274,11.283283311493399,0.0,0.007078006626170013,-1550.8986435626418,17.878833007430732,-284.2514692771692,0.01828552886278542,0.023276023792301433,-0.17604312526091542,0.017766762506014964,0.023674374319639403,-0.17604312526091542,-2.3365796736084847e-18,5.641334000970841e-20,-2.3524074999417657e-19,-2.33725571421646e-18,4.770997158730352e-21,-2.3524074999417657e-19,-1550.8808768001359,17.90250738175037,-284.42751240243007,-1063249.4286344107,330.87483170154593,150239.42712575765,0.09330541833994879,4693.557266433482
312.05015509254525,2001.0,12.0,14.0,14.0,26.0,40.0,1.0,3480177.2049814602,-40209.316123333694,639278.7009466277,-467.82520017056106,-293.5018620563561,4666.310106858639,3538633.5533168283,4698.877927156254,3478436.601126956,-117170.72636127198,639278.7009466277,3538633.5533168283,-482.50749694297343,-529.6429510727947,4666.310106858639,4720.994085317027,20140136.95198964,0.8256120324689816,1.6336116378698697,2.1073424255447017e-08,7.137018450992287e-07,0.1820166102712127,0.1816543378707069,-0.033672150217550614,142433.55331682833,0.08229105734521237,0.08190468695422622,350.8846175968647,-16538656751.49917,-1040249421.3122635,-208165486.92021698,-16539920633.74844,-1898865180.4320703,16571339294.168402,16649864756.630892,-0.9829886448305875,0.0331118564824113,-0.18065693757620635,0.0336657875873908,0.9994331467117351,0.0,-0.18055453159709342,0.006081958086629082,0.9835461712118992,4673.429088161524,-545.5867161257786,-0.1162162134272432,6.230892825634764e-10,185.31900737072962,0.0,-87.95950368536481,3.5,0.0,3.0179477992624776e-17,2.292868278652047,1.5707963267948966,17.841012906111366,461.0,0.0032832376924221054,11.284274556833612,0.0,0.006986147867345943,-1550.6839932370763,17.916312652761945,-284.84734839259664,0.01808743714044432,0.022977871753796227,-0.17375795063477167,0.017574810049491362,0.02337229180820162,-0.17375795063477167,-2.3064491059869827e-18,5.5745479644385e-20,-2.3271936963072687e-19,-2.3071178467137153e-18,4.719998305657984e-21,-2.3271936963072687e-19,-1550.6664184270269,17.939684944570146,-285.0211063432314,-1063249.969503535,331.02836990651184,150306.70007923778,0.0933988721568668,4693.50568399398
312.3501550925453,2001.0,12.0,14.0,14.0,26.0,40.0,1.0,3480036.706061829,-40297.36492957825,640678.5661373534,-468.83424073805736,-293.49017554467184,4666.124433628491,3538749.5500905043,4698.793383256438,3478291.6950018574,-117329.61109215856,640678.5661373534,3538749.5500905043,-483.53331319096196,-529.5885738524343,4666.124433628491,4720.909420082669,20140126.835744098,0.8256119449519571,1.633611636183238,2.1073424255447017e-08,7.03044301991802e-07,0.1824136235989558,0.1820505310732389,-0.03371917905292838,142549.55009050434,0.08247044043649107,0.08208321919186794,345.7346115708351,-16538656353.191263,-1040249368.254491,-208178516.96674603,-16539931295.110054,-1898796313.7855983,16571338893.315401,16649867656.62518,-0.982915475019389,0.033155669659967274,-0.18104659769464834,0.033712789727071764,0.9994315623437245,0.0,-0.18094368399097815,0.006103585878881435,0.983474518969959,4673.274392496905,-545.5887926783646,-0.11622046426383512,6.150320560515666e-10,185.49943761313043,0.0,-88.0,3.5,0.0,3.018245445564697e-17,2.2929168879820887,1.5707963267948966,17.83201426088654,461.0,0.00324061261061379,11.285253296730849,0.0,0.006895579058489243,-1550.4689116763006,17.953779463576687,-285.44302347242734,0.01789155562982403,0.022680326293657772,-0.17150501384393882,0.017385066689899597,0.023070856504031564,-0.17150501384393882,-2.2767204530659805e-18,5.508573645233816e-20,-2.302248037987498e-19,-2.2773819740112986e-18,4.669498673363206e-21,-2.302248037987498e-19,-1550.4515266096107,17.976850320080718,-285.6145284862713,-1063250.503566593,331.18190811147775,150374.0396396026,0.09349232902186025,4693.454051658938
312.6501550925454,2001.0,12.0,14.0,14.0,26.0,40.0,1.0,3479895.9044510163,-40385.41022624245,642078.3755681956,-469.8431413241089,-293.4784648520774,4665.938374302833,3538865.7967696926,4698.708662981033,3478146.4811533717,-117488.47949699298,642078.3755681956,3538865.7967696926,-484.5589861369839,-529.5341107264975,4665.938374302833,4720.824578213087,20140116.852620468,0.8256118585868344,1.633611634518419,2.1073424255447017e-08,6.925433897151043e-07,0.18281061074624186,0.18244669814731562,-0.03376620995429251,142665.79676969256,0.08264981105285395,0.08226173895732741,340.6398829817772,-16538655960.110502,-1040249315.8876764,-208191603.40029263,-16539941984.545689,-1898727302.381886,16571338497.722612,16649870569.006655,-0.9828421536437619,0.033199473007492264,-0.18143620369958371,0.03375979385699847,0.9994299756955126,0.0,-0.18133278065376102,0.006125248835094329,0.9834027170936042,4673.119375232836,-545.5908748968691,-0.11622472450041979,6.073124196298979e-10,185.6397741885473,0.0,-88.1,3.5,0.0,3.0184792446655184e-17,2.2929550702728494,1.5707963267948966,17.824952478832387,461.0,0.003199769198116631,11.286219140389463,0.0,0.0068088235260707385,-1550.2533991476876,17.991233415668226,-286.0384941315798,0.017704536482652175,0.02239732935360686,-0.16934586542535685,0.017203873956569426,0.02278415447467765,-0.16934586542535685,-2.248198189387719e-18,5.445370964221105e-20,-2.2783957020711447e-19,-2.2488528074106982e-18,4.621240205460425e-21,-2.2783957020711447e-19,-1550.236195273731,18.014017570142904,-286.2078399970052,-1063251.0306023248,331.33544631644367,150441.44580685202,0.09358578893799689,4693.402369429026
312.95015509254546,2001.0,12.0,14.0,14.0,26.0,40.0,1.0,3479754.8001910625,-40473.45200607011,643478.1291233213,-470.8519016344767,-293.46672996914435,4665.751928871925,3538982.29331966,4698.623766236628,3478000.959624536,-117647.3315500045,643478.1291233213,3538982.29331966,-485.58451548212173,-529.479561704148,4665.751928871925,4720.739559614628,20140106.98976194,0.8256117732623844,1.6336116328735633,1.4901161193847656e-08,6.817179461537657e-07,0.18320757167266852,0.18284283903941495,-0.03381324292635619,142782.2933196593,0.08282916916893909,0.08244024622523452,335.59505701065063,-16538655571.750702,-1040249264.1492742,-208204746.3316471,-16539952701.540274,-1898658146.1970787,16571338106.88092,16649873493.264294,-0.9827686807559803,0.03324326650971971,-0.18182575548286273,0.0338067999817676,0.9994283867666521,0.0,-0.18172182147486524,0.006146946947142924,0.983330765634375,4672.964036335701,-545.5929627690383,-0.11622899413702607,5.997952009229966e-10,185.77786664957415,0.0,-88.17786664957414,3.5,0.0,3.018709429306098e-17,2.2929926622774564,1.5707963267948966,17.818005527672234,461.0,0.0031599960911517623,11.287173334035954,0.0,0.00672433361878271,-1550.0374559190757,18.02867448485368,-286.6337599853629,0.017522428602522958,0.022120939595807326,-0.1672431550761018,0.01702745693043906,0.02250415924254701,-0.1672431550761018,-2.2204183706357767e-18,5.3838200477461017e-20,-2.2551697717807727e-19,-2.2210662684418824e-18,4.5742406080938116e-21,-2.2551697717807727e-19,-1550.0204284621452,18.05117864409623,-286.801003140439,-1063251.551289454,331.4889845214096,150508.91858098612,0.09367925190834489,4693.350637304919
313.2501550925455,2001.0,12.0,14.0,14.0,26.0,41.0,1.0,3479613.3933240906,-40561.490261806925,644877.8266869324,-471.8605213983227,-293.4549709144035,4665.565097555277,3539099.0397056015,4698.53869316138,3477855.130458471,-117806.1672254297,644877.8266869324,3539099.039705602,-486.6099009514746,-529.424926822013,4665.565097555277,4720.654364425602,20140097.25491334,0.825611689045603,1.6336116312496591,2.1073424255447017e-08,6.717102330675636e-07,0.18360450631613262,0.18323895369603738,-0.03386027797383343,142899.039705602,0.08300851475936803,0.08261874097022684,330.6034428179264,-16538655188.417473,-1040249213.074919,-208217945.88085723,-16539963446.390528,-1898588845.3055778,16571337721.097572,16649876429.70483,-0.9826950564084168,0.03328705015139371,-0.18221525293640162,0.033853808105976615,0.9994267955566949,0.0,-0.18211080634378052,0.0061686802068909325,0.983258664643909,4672.80837600145,-545.5950563108416,-0.11623327317398643,5.921787728923277e-10,185.92115522844665,0.0,-88.2,3.5,0.0,3.018947826295755e-17,2.2930315954604485,1.5707963267948966,17.81081663918394,461.0,0.0031197043075252458,11.288115125291393,0.0,0.00663871539877005,-1549.8210822587737,18.066102646975086,-287.2288206494839,0.017336398622679033,0.021838874393221665,-0.1651127642709942,0.016847256693983508,0.02221839539333046,-0.1651127642709942,-2.192269343093843e-18,5.3212266866257886e-20,-2.2314422128753165e-19,-2.192910379277967e-18,4.526198086476839e-21,-2.2314422128753165e-19,-1549.8042350020796,18.088321042368417,-287.3939334137549,-1063252.065219095,331.6425227263755,150576.45796200482,0.09377271793597233,4693.298855287296
313.5501550925456,2001.0,12.0,14.0,14.0,26.0,41.0,1.0,3479471.6838923083,-40649.52498620081,646277.4681432663,-472.869000323884,-293.4431876819593,4665.377880365163,3539216.035892645,4698.4534436838685,3477708.9936983828,-117964.9864975129,646277.4681432663,3539216.035892645,-487.6351422486818,-529.3702060927944,4665.377880365163,4720.568992574429,20140087.637158286,0.8256116058420485,1.6336116296453078,1.4901161193847656e-08,6.613833016506598e-07,0.18400141463429318,0.18363504206370623,-0.0339073151014392,143016.0358926449,0.0831878477987926,0.0827972231669563,325.6610136628151,-16538654809.680859,-1040249162.614339,-208231202.15894163,-16539974218.657583,-1898519399.6959562,16571337339.940302,16649879377.894363,-0.9826212806535419,0.0333308239172691,-0.18260469595218284,0.033900818234223876,0.9994252020651921,0.0,-0.18249973515006332,0.0061904486061906665,0.9831864141739403,4672.652394218425,-545.5971555135759,-0.11623756161154535,5.849501221122752e-10,186.05754486580614,0.0,-88.25754486580612,3.5,0.0,3.019175213825656e-17,2.293068730662216,1.5707963267948966,17.803965339366112,461.0,0.003081459019587108,11.289045575064979,0.0,0.006557462831200309,-1549.604278435554,18.103517877899574,-287.8236757400493,0.017160846668661113,0.021572376312895956,-0.16309067752142548,0.016677198103223264,0.021948420025057345,-0.16309067752142548,-2.165550560467172e-18,5.2619651072458125e-20,-2.2090502507287044e-19,-2.1661851212103194e-18,4.480877782773426e-21,-2.2090502507287044e-19,-1549.5876012374508,18.125466297924632,-287.9867664175707,-1063252.5729675237,331.7960609313414,150644.06394990816,0.09386618702394772,4693.24702337684
313.85015509254566,2001.0,12.0,14.0,14.0,26.0,41.0,1.0,3479329.671938007,-40737.556172000826,647677.0533765922,-473.87733814204825,-293.4313802917035,4665.190277534908,3539333.281845847,4698.368017955886,3477562.5493875663,-118123.789340505,647677.0533765922,3539333.281845847,-488.6602391006026,-529.3153995545015,4665.190277534908,4720.483444213064,20140078.145437945,0.8256115237290657,1.6336116280616009,1.4901161193847656e-08,6.512335951153202e-07,0.1843982965638005,0.18403110408896645,-0.03395435431388903,143133.28184584714,0.08336716826185323,0.0829756927900742,320.77140632271767,-16538654435.893698,-1040249112.8078492,-208244515.28659236,-16539985018.685362,-1898449809.4474506,16571336963.763783,16649882338.187084,-0.9825473535439233,0.033374587792111124,-0.18299408442225398,0.03394783037110825,0.9994236062916937,0.0,-0.1828886077833357,0.0062122521368829405,0.9831140142763,4672.4960911963235,-545.599260394581,-0.11624185944999256,5.772866800199359e-10,186.20410230730891,0.0,-88.3,3.5,0.0,3.0194187054467805e-17,2.293108495861667,1.5707963267948966,17.796634866812216,461.0,0.0030409273824539046,11.289963814378297,0.0,0.006471335591900772,-1549.3870447186555,18.140920153518927,-288.4183248735635,0.016971609912385492,0.021289333019201332,-0.16094763006189064,0.01649383762771932,0.021661591902052538,-0.16094763006189064,-2.1372304965390255e-18,5.1986698266924497e-20,-2.1849020165515018e-19,-2.1378580798605414e-18,4.43198692970786e-21,-2.1849020165515018e-19,-1549.3705508810278,18.16258174542098,-288.5792725036254,-1063253.074062705,331.9495991363073,150711.73654469615,0.09395965917533962,4693.195141574241
314.15015509254573,2001.0,12.0,14.0,14.0,26.0,42.0,1.0,3479187.3575035627,-40825.583811959674,649076.5822712273,-474.88553456272143,-293.4195487380935,4665.002289090897,3539450.7775301957,4698.282415919874,3477415.7975693964,-118282.57572866618,649076.5822712273,3539450.7775301957,-489.68519121255633,-529.2605072202118,4665.002289090897,4720.397719283745,20140068.770052783,0.8256114426227399,1.633611626497027,1.4901161193847656e-08,6.414426341662184e-07,0.18479515206112732,0.18442713971838945,-0.03400139561589993,143250.77753019566,0.08354647612321363,0.08315414981425391,315.9302234053612,-16538654066.674244,-1040249063.606353,-208257885.37616384,-16539995846.08316,-1898380074.5499618,16571336592.18394,16649885310.19712,-0.9824732751322263,0.03341834176069625,-0.18338341823873264,0.033994844521229986,0.9994220082357489,0.0,-0.18327742413329043,0.006234090790797407,0.9830414650029153,4672.339466937529,-545.6013709455148,-0.11624616668930975,5.703379324500276e-10,186.33847191274455,0.0,-88.4,3.5,0.0,3.019642795506597e-17,2.293145092545702,1.5707963267948966,17.78989401443654,461.0,0.0030041639291976964,11.290870783691878,0.0,0.006393245868174853,-1549.1693813777813,18.178309449750746,-289.012767666937,0.016802548978793713,0.02103461737431275,-0.1590040212913561,0.01633002943968376,0.021403525848970845,-0.1590040212913561,-2.1115476255382985e-18,5.141652798627645e-20,-2.1633324193245304e-19,-2.1121689744584788e-18,4.388348391780324e-21,-2.1633324193245304e-19,-1549.1530513483417,18.199712975599716,-289.1717716882284,-1063253.5690166801,332.1031373412732,150779.47574636876,0.09405313439321676,4693.1432098801915
314.4501550925458,2001.0,12.0,14.0,14.0,26.0,42.0,1.0,3479044.740631436,-40913.607898829585,650476.0547115081,-475.8935893103691,-293.40769303472285,4664.813915200415,3539568.522910611,4698.196637660677,3477268.73828734,-118441.34563626163,650476.0547115081,3539568.5229106112,-490.7099983048459,-529.2055291218408,4664.813915200415,4720.311817871452,20140059.513968136,0.8256113625487194,1.6336116249522288,1.4901161193847656e-08,6.314998895054294e-07,0.18519198106930668,0.18482314889856472,-0.03404843901218898,143368.5229106117,0.08372577135754722,0.08333259421416919,311.1397179067135,-16538653702.139448,-1040249015.0278664,-208271312.5444041,-16540006700.959,-1898310195.060581,16571336225.318628,16649888294.041752,-0.9823990454712141,0.03346208580781098,-0.18377269729379814,0.0340418606891894,0.9994204078969059,0.0,-0.18366618408968235,0.00625596455975205,0.9829687664058111,4672.182521585509,-545.6034871773339,-0.11625048333007869,5.633170350653356e-10,186.47613656734637,0.0,-88.47613656734636,3.5,0.0,3.019872074313081e-17,2.293182536616375,1.5707963267948966,17.78300255245022,461.0,0.00296702411544955,11.291766197117807,0.0,0.0063143431645777655,-1548.9512886830967,18.215685742536603,-289.6070037374738,0.016630462141639674,0.0207763906776776,-0.15704038537764678,0.016163285333861487,0.021141875220807103,-0.15704038537764678,-2.0855972939295716e-18,5.0838500079729686e-20,-2.1413731391074989e-19,-2.086212298881161e-18,4.343907651988096e-21,-2.1413731391074989e-19,-1548.9351253977627,18.23682761775741,-289.76404412285143,-1063254.0576728843,332.25667554623914,150847.28155492598,0.09414661268064817,4693.09122829539
314.75015509254587,2001.0,12.0,14.0,14.0,26.0,42.0,1.0,3478901.8213641727,-41001.62842536503,651875.4705818077,-476.90150209922956,-293.395813179877,4664.6251559299035,3539686.517951942,4698.110683160845,3477121.3715849454,-118600.09903756429,651875.4705818077,3539686.5179519425,-491.7346600872104,-529.1504652762573,4664.6251559299035,4720.22573995855,20140050.371037446,0.8256112834538267,1.6336116234259694,2.1073424255447017e-08,6.217553032942235e-07,0.18558878354112887,0.18521913157610512,-0.034095484507474225,143486.51795194251,0.08390505393953425,0.08351102596450752,306.3963161408901,-16538653342.047785,-1040248967.0366677,-208284796.90585762,-16540017583.06236,-1898240170.9827378,16571335862.92455,16649891289.475939,-0.9823246646137476,0.03350581991825258,-0.18416192147969698,0.03408887887958769,0.999418805274712,0.0,-0.1840548875423341,0.006277873435553529,0.9828959185371083,4672.025255182675,-545.6056090855632,-0.11625480937211774,5.560676280035928e-10,186.62064743992815,0.0,-88.52064743992814,3.4793525600718556,0.0,3.020112170743467e-17,2.2932217473391003,1.5707963267948966,17.77579187020212,461.0,0.0029286845866103874,11.292650648450632,0.0,0.00623281885951443,-1548.7327669052313,18.25304900784336,-290.2010327028799,0.01645050869452652,0.020508578245107035,-0.1550118259203235,0.01598890155336464,0.020870458669161634,-0.1550118259203235,-2.058785868486357e-18,5.0238019159722285e-20,-2.1184038242195467e-19,-2.0593942419500732e-18,4.2973330217911865e-21,-2.1184038242195467e-19,-1548.716778003678,18.27391946651252,-290.3560445288002,-1063254.540355796,332.41021375120505,150915.1539703679,0.0942400940407029,4693.039196820539
315.05015509254594,2001.0,12.0,14.0,14.0,26.0,43.0,1.0,3478758.5997444005,-41089.645384324176,653274.8297665495,-477.9092726585983,-293.38390919187214,4664.4360114890815,3539804.76261897,4698.0245525477985,3476973.6975058466,-118758.83590685634,653274.8297665495,3539804.76261897,-492.7591762848911,-529.0953157200499,4664.4360114890815,4720.1394856726465,20140041.347997855,0.8256112053963385,1.6336116219193215,2.1073424255447017e-08,6.118555416955987e-07,0.18598555941555933,0.18561508769765045,-0.034142532106475124,143604.76261897013,0.08408432384381549,0.08368944503992733,301.7036072909832,-16538652986.665014,-1040248919.6672776,-208298338.57916892,-16540028492.650034,-1898170002.3901803,16571335505.26911,16649894296.766684,-0.9822501326127835,0.033549544076829564,-0.18455109068874628,0.0341358990970274,0.9994172003687136,0.0,-0.1844435343811394,0.0062998174099973955,0.9828229214490238,4671.867667914935,-545.6077366859283,-0.11625914481597603,5.490576322794363e-10,186.76084735441128,0.0,-88.6,3.4,0.0,3.0203453793986006e-17,2.2932598332027623,1.5707963267948966,17.768793842132617,461.0,0.002891609572854382,11.293523517230543,0.0,0.006153845814780955,-1548.5138163152765,18.290399221663794,-290.79485418127007,0.01627625103068277,0.020250519267989212,-0.15304649216070382,0.015820005895366526,0.020608912919112755,-0.15304649216070382,-2.0328093094275384e-18,4.965632580258619e-20,-2.0961570423726298e-19,-2.0334112617340974e-18,4.252039560425422e-21,-2.0961570423726298e-19,-1548.497996309381,18.311008134582906,-290.94790067343075,-1063255.0167097263,332.56375195617096,150983.0929926944,0.0943335784764503,4692.987115456346
315.350155092546,2001.0,12.0,14.0,14.0,26.0,43.0,1.0,3478615.0758148306,-41177.65876846626,654674.1321501855,-478.91690070074384,-293.37198106854316,4664.246481924,3539923.256876407,4697.938245783282,3476825.7160937632,-118917.55621842662,654674.1321501855,3539923.256876407,-493.7835466056519,-529.0400804697412,4664.246481924,4720.053054975368,20140032.43683393,0.8256111283069102,1.6336116204312228,2.1073424255447017e-08,6.023461500229848e-07,0.1863823086475432,0.1860110172098614,-0.03418958181391172,143723.25687640766,0.08426358104514027,0.08386785141517226,297.0585434436798,-16538652635.67543,-1040248872.882204,-208311937.67660373,-16540039429.397324,-1898099689.2847216,16571335152.034872,16649897315.595058,-0.9821754495213773,0.03359325826836096,-0.1849402048133279,0.0341829213461116,0.9994155931784562,0.0,-0.1848321244960573,0.006321796474867758,0.9827497751938712,4671.709759804159,-545.6098699734696,-0.11626348966188323,5.420045874155412e-10,186.90407109550955,0.0,-88.7,3.4,0.0,3.020583335908876e-17,2.2932986944500118,1.5707963267948966,17.761659223822868,461.0,0.002854311568044008,11.294385551101676,0.0,0.006074608258598329,-1548.294437184784,18.327736360015503,-291.3884677911586,0.016100639577718297,0.01999185776373911,-0.15107459175901478,0.015649781384160247,0.020346727360564792,-0.15107459175901478,-2.0067452365853704e-18,4.907148955831451e-20,-2.0737339862571579e-19,-2.007340718367135e-18,4.2066650519577816e-21,-2.0737339862571579e-19,-1548.2787874034,18.348083087376068,-291.5395423829176,-1063255.4871578142,332.7172901611369,151051.09862190555,0.09442706599095985,4692.934984203524
315.6501550925461,2001.0,12.0,14.0,14.0,26.0,43.0,1.0,3478471.2496182597,-41265.668570553426,656073.3776172115,-479.92438595401205,-293.360028826385,4664.056567433451,3540042.000688897,4697.851762983317,3476677.4273924995,-119076.25994657233,656073.3776172115,3540042.000688897,-494.80777077374853,-528.9847595601792,4664.056567433451,4719.966447982881,20140023.6432512,0.8256110522348958,1.6336116189625076,1.4901161193847656e-08,5.928714950107948e-07,0.186779031177247,0.18640692005942405,-0.0342366336345052,143842.00068889698,0.08444282551820871,0.08404624506495514,292.4639871120453,-16538652289.304203,-1040248826.7094687,-208325594.31654817,-16540050393.5204,-1898029231.7337627,16571334803.448322,16649900346.186985,-0.9821006153926799,0.0336369624776768,-0.18532926374589306,0.03422994563144448,0.9994139837034843,0.0,-0.18522065777711672,0.006343810621937554,0.9826764798240595,4671.551531025191,-545.6120089620701,-0.116267843910279,5.35159963258828e-10,187.04666743210774,0.0,-88.74666743210776,3.4,0.0,3.0208202487969365e-17,2.29333738526082,1.5707963267948966,17.75456179064655,461.0,0.002818114753787778,11.295236198850535,0.0,0.005997692863554306,-1548.0746297857652,18.36506039894171,-291.98187315146635,0.01593027280061049,0.019739107988169708,-0.1491606824494759,0.01548467913581236,0.020090562155684766,-0.1491606824494759,-1.9814450924525803e-18,4.8503982517359314e-20,-2.0519841429259686e-19,-1.9820342992005214e-18,4.162633440154759e-21,-2.0519841429259686e-19,-1548.0591451066293,18.385150961097395,-292.1310338339158,-1063255.9513988327,332.87082836610284,151119.17085800134,0.0945205565873013,4692.882803062788
315.95015509254614,2001.0,12.0,14.0,14.0,26.0,43.0,1.0,3478327.1211975673,-41353.6747833487,657472.5660521507,-480.93172812843227,-293.3480524578046,4663.8662680385005,3540160.9940210124,4697.765104083936,3476528.8314459445,-119234.94706559723,657472.5660521507,3540160.994021012,-495.83184849458837,-528.9293530025703,4663.8662680385005,4719.879664630937,20140014.95692958,0.8256109770910128,1.633611617511307,1.4901161193847656e-08,5.834332689777663e-07,0.18717572696213508,0.18680279619304516,-0.034283687572977346,143960.99402101152,0.08462205723774957,0.08422462596401371,287.91433933377266,-16538651947.145296,-1040248781.0924855,-208339308.61169136,-16540061384.604164,-1897958629.7201748,16571334459.100674,16649903388.131592,-0.9820256302799403,0.03368065668961764,-0.18571826737895764,0.03427697195763071,0.9994123719433414,0.0,-0.18560913411441174,0.006365859842968293,0.9826030353920946,4671.392981574813,-545.6141536413049,-0.1162722075608648,5.283403587393089e-10,187.18874252626438,0.0,-88.8,3.4,0.0,3.021056287383724e-17,2.2933759332873938,1.5707963267948966,17.747496391381475,461.0,0.002782053242797521,11.296076454224293,0.0,0.005921064856014911,-1547.8543943906948,18.402371314510482,-292.5750698815151,0.01575981340260325,0.019487497521183533,-0.14725390297634347,0.015319469678482373,0.019835526887205857,-0.14725390297634347,-1.9562363860269244e-18,4.7937413122800475e-20,-2.0302171685437453e-19,-1.9568193148553586e-18,4.118567905714097e-21,-2.0302171685437453e-19,-1547.8390749210164,18.42220684139769,-292.72232378449144,-1063256.4099775925,333.02436657106875,151187.30970098174,0.0946140502685444,4692.830572034863
316.2501550925462,2001.0,12.0,14.0,14.0,26.0,44.0,1.0,3478182.690595717,-41441.67739961801,658871.6973395689,-481.93892695619195,-293.3360519866496,4663.67558397162,3540280.236837259,4697.678269235115,3476379.9282980743,-119393.61754981348,658871.6973395689,3540280.236837259,-496.855779496437,-528.8738608390871,4663.67558397162,4719.792705069883,20140006.386578582,0.8256109029506017,1.633611616079551,1.4901161193847656e-08,5.74033268817022e-07,0.18757239593916417,0.18719864555745624,-0.03433074363405105,144080.23683725903,0.08480127617848596,0.0844029940870668,283.41590481996536,-16538651609.541597,-1040248736.0848866,-208353080.67953038,-16540072402.982533,-1897887883.3371234,16571334119.3375,16649906441.774708,-0.981950494236504,0.03372434088903506,-0.18610721560510637,0.03432400032927605,0.9994107578975703,0.0,-0.1859975533981059,0.00638794412971032,0.9825294419505781,4671.234111661513,-545.6163040324445,-0.11627658061481738,5.215209651653616e-10,187.33359648584337,0.0,-88.83359648584337,3.4,0.0,3.0212966793845796e-17,2.29341519228044,1.5707963267948966,17.74030666597218,461.0,0.002745996476394285,11.296905478696177,0.0,0.005844437383643811,-1547.6337312725034,18.43966908281559,-293.168057601034,0.015588490264559714,0.01923527423786395,-0.14534728379569997,0.015153421287782104,0.019579852578839752,-0.14534728379569997,-1.9310279340219212e-18,4.736953943810127e-20,-2.0083377759924798e-19,-1.9316045546652534e-18,4.074265086507782e-21,-2.0083377759924798e-19,-1547.6185778512156,18.45924893539443,-293.31340488482965,-1063256.8624342848,333.17790477603467,151255.51515084683,0.0947075470377592,4692.778291120472
316.5501550925463,2001.0,12.0,14.0,14.0,26.0,44.0,1.0,3478037.9578557583,-41529.676412129134,660270.7713640664,-482.9459821474608,-293.3240274038066,4663.484515252808,3540399.7291020756,4697.591258371409,3476230.7179929498,-119552.27137354075,660270.7713640664,3540399.7291020756,-497.8795634848115,-528.8182830794727,4663.484515252808,4719.705569233918,20139997.921730317,0.825610829723101,1.6336116146650665,1.4901161193847656e-08,5.64869982630763e-07,0.18796903806605955,0.18759446809941166,-0.03437780182245007,144199.72910207603,0.0849804823151666,0.08458134940888547,278.96210196614265,-16538651276.081507,-1040248691.624684,-208366910.6335041,-16540083448.23479,-1897816992.5622306,16571333783.744125,16649909506.69929,-0.9818752073158133,0.03376801506079142,-0.186496108316991,0.034371030750987054,0.9994091415657127,0.0,-0.18638591551843015,0.00641006347390271,0.9824556995522074,4671.074921280917,-545.6184601235344,-0.11628096307155084,5.149655766306287e-10,187.47466137759503,0.0,-88.9,3.4,0.0,3.0215310215458357e-17,2.2934534632596995,1.5707963267948966,17.733303688216644,461.0,0.0027113332090172916,11.297724282659146,0.0,0.0057707839946399084,-1547.412640704578,18.47695367997606,-293.76083593015557,0.015424272669230063,0.018993820451770053,-0.14351445019616135,0.014994245908101743,0.019335097423499318,-0.14351445019616135,-1.9067951783123944e-18,4.682433910042523e-20,-1.987364730592135e-19,-1.907365752880839e-18,4.0318116150226305e-21,-1.987364730592135e-19,-1547.39764645867,18.49628877739956,-293.90435038035173,-1063257.3093215227,333.3314429810006,151323.78720759647,0.09480104689801598,4692.725960320348
316.85015509254634,2001.0,12.0,14.0,14.0,26.0,44.0,1.0,3477892.9230208206,-41617.67181365147,661669.7880102793,-483.9528934330046,-293.31197872940555,4663.293062097924,3540519.470779827,4697.504071625587,3476081.2005747133,-119710.9085111058,661669.7880102793,3540519.4707798264,-498.9032001864774,-528.7626197622744,4663.293062097924,4719.618257256068,20139989.56954553,0.8256107574704536,1.633611613269224,1.4901161193847656e-08,5.559551151447853e-07,0.18836565328147414,0.18799026376568903,-0.03442486214289896,144319.4707798264,0.08515967562253293,0.08475969190420979,274.5574920773506,-16538650947.04724,-1040248647.7523948,-208380798.59141487,-16540094520.634119,-1897745957.4756987,16571333452.604752,16649912583.189371,-0.981799769571407,0.033811679189759844,-0.18688494540733072,0.03441806322737101,0.9994075229473094,0.0,-0.18677422036568353,0.006432217867273288,0.9823818082497757,4670.915410624785,-545.6206219321007,-0.11628535493187052,5.082048268088738e-10,187.6216341998071,0.0,-89.0,3.4,0.0,3.021774668031427e-17,2.2934932537504373,1.5707963267948966,17.72602873546221,461.0,0.0026755923340626314,11.298532174152083,0.0,0.005694844633887332,-1547.1911229607697,18.51422508213624,-294.3534044894199,0.015253138576927353,0.018745829617421862,-0.14162474794707622,0.01482831299576152,0.019083644782695208,-0.14162474794707622,-1.881809863769431e-18,4.62594029159717e-20,-1.9654994021694294e-19,-1.882374137921382e-18,3.9875585012240666e-21,-1.9654994021694294e-19,-1547.1762946477738,18.533308726918936,-294.49502923736696,-1063257.750261249,333.4849811859665,151392.1258712308,0.09489454985238505,4692.673579635229
317.1501550925464,2001.0,12.0,14.0,14.0,26.0,45.0,1.0,3477747.586134119,-41705.663596957085,663068.7471628848,-484.95966052535033,-293.2999059591338,4663.1012245469265,3540639.4618348125,4697.416708952224,3475931.3760875966,-119869.52893684377,663068.7471628848,3540639.4618348125,-499.92668930942,-528.7068709020418,4663.1012245469265,4719.53076909071,20139981.321320944,0.8256106861173652,1.6336116118905926,1.4901161193847656e-08,5.468949467987656e-07,0.18876224154131688,0.18838603250309024,-0.03447192460012332,144439.46183481254,0.08533885607535303,0.08493802154781191,270.19780200719833,-16538650622.096209,-1040248604.4227065,-208394744.66583347,-16540105619.82884,-1897674778.0719776,16571333125.574623,16649915670.89841,-0.9817241810569204,0.03385533326082447,-0.18727372676891327,0.03446509776303621,0.9994059020419003,0.0,-0.18716246783023413,0.006454407301538727,0.9823077680961718,4670.755579708643,-545.6227894510058,-0.11628975619572404,5.018177717917946e-10,187.76182729351567,0.0,-89.06182729351568,3.4,0.0,3.0220075347718424e-17,2.2935312837751884,1.5707963267948966,17.719081428858406,461.0,0.0026418221938636476,11.299329996473556,0.0,0.005623084846118304,-1546.9691783153814,18.551483265466153,-294.9457628997746,0.015092337128781788,0.01851040684481861,-0.13983905440040734,0.014672438307144191,0.01884498224176825,-0.13983905440040734,-1.8581964506160736e-18,4.572691938557522e-20,-1.9449576171145116e-19,-1.8587548061871848e-18,3.9459744943737714e-21,-1.9449576171145116e-19,-1546.9545058770743,18.57032824770792,-295.085601954175,-1063258.1857129298,333.6385193909324,151460.53114174976,0.09498805590393708,4692.62114906585
317.4501550925465,2001.0,12.0,14.0,14.0,26.0,45.0,1.0,3477601.9472389524,-41793.65175481943,664467.6487065925,-485.96628315497543,-293.2878091105198,4662.909002809986,3540759.7022312637,4697.329170477914,3475781.244575914,-120028.13262509668,664467.6487065925,3540759.7022312637,-500.95003058006256,-528.6510365347871,4662.909002809986,4719.4431048645865,20139973.183650922,0.8256106157208767,1.633611610530073,1.4901161193847656e-08,5.380949403425457e-07,0.1891588027848886,0.1887817742584396,-0.034518989198849485,144559.70223126328,0.08551802364838872,0.0851163383144735,265.8861221075058,-16538650301.48872,-1040248561.6669528,-208408748.97546148,-16540116746.070158,-1897603454.422239,16571332802.915497,16649918770.087595,-0.9816484418260855,0.033898977258880095,-0.18766245229459316,0.034512134362591596,0.9994042788490244,0.0,-0.1875506578025173,0.006476631768404435,0.9822335791443803,4670.595428718467,-545.6249626951616,-0.11629416686351414,4.951256686937953e-10,187.9107802569592,0.0,-89.11078025695919,3.3892197430408015,0.0,3.022254211607609e-17,2.2935715691596665,1.5707963267948966,17.71172826563174,461.0,0.0026064497771879722,11.300117109488387,0.0,0.005547882354925049,-1546.7468070431717,18.58872820616102,-295.5379107825725,0.014921453942826051,0.01826331599715557,-0.1379679505852768,0.014506757118260655,0.01859442112278926,-0.1379679505852768,-1.833451188845118e-18,4.5165288409490226e-20,-1.9231197842608499e-19,-1.834003255647674e-18,3.901721212728733e-21,-1.9231197842608499e-19,-1546.7323002860535,18.607322627283807,-295.6758787331578,-1063258.6153284125,333.7920575958983,151529.00301915332,0.09508156505574275,4692.56866861296
317.75015509254655,2001.0,12.0,14.0,14.0,26.0,45.0,1.0,3477456.006378702,-41881.636280015075,665866.4925261562,-486.972761034293,-293.2756881787517,4662.7163969222765,3540880.1919333404,4697.241456152105,3475630.806084064,-120186.71955021538,665866.4925261562,3540880.19193334,-501.9732237062688,-528.5951166746232,4662.7163969222765,4719.355264526944,20139965.14735909,0.8256105462015999,1.6336116091861932,1.4901161193847656e-08,5.291486056019339e-07,0.18955533696864657,0.18917748897858694,-0.03456605594380503,144680.19193333993,0.08569717831640858,0.08529464217895297,261.61801889538765,-16538649984.863512,-1040248519.4379603,-208422811.63250268,-16540127898.987694,-1897531986.5192232,16571332484.263865,16649921880.391615,-0.9815725519327301,0.033942611168832786,-0.18805112187729497,0.0345591730306473,0.9994026533682197,0.0,-0.18793879017303905,0.006498891259564782,0.9821592414474807,4670.434957664925,-545.6271416569189,-0.11629858693520724,4.889894436663036e-10,188.0502399166749,0.0,-89.2,3.3,0.0,3.0224858234346095e-17,2.293609394241504,1.5707963267948966,17.704829927095883,461.0,0.0025740068087070607,11.300894429407052,0.0,0.005478746868207847,-1546.5240094193587,18.625959880442124,-296.1298477595784,0.014765900357415547,0.01803762860124577,-0.1362474197515652,0.014355930278174918,0.01836559622690711,-0.1362474197515652,-1.810698955618823e-18,4.4651254107034646e-20,-1.9032432074724483e-19,-1.81124529905548e-18,3.8612202541654074e-21,-1.9032432074724483e-19,-1546.5096534890804,18.64432547666903,-296.26609517932997,-1063259.0395921282,333.9455958008642,151597.54150344158,0.09517507731087306,4692.5161382773085
318.0501550925466,2001.0,12.0,14.0,14.0,26.0,46.0,1.0,3477309.763596834,-41969.61716532118,667265.2785063572,-487.9790938944934,-293.26354318448307,4662.523407098544,3541000.9309051363,4697.153566105863,3475480.0606565326,-120345.28968655688,667265.2785063572,3541000.9309051367,-502.99626841525,-528.5391113607296,4662.523407098544,4719.267248209141,20139957.21942065,0.8256104776198732,1.633611607860448,1.4901161193847656e-08,5.204751848153227e-07,0.1899518440315567,0.18957317661040274,-0.034613124839717964,144800.93090513675,0.08587632005420853,0.08547293311607022,257.3984803557396,-16538649672.495333,-1040248477.777837,-208436932.75400662,-16540139078.847113,-1897460374.4450288,16571332169.896576,16649925002.087257,-0.981496511430779,0.03398623497559903,-0.18843973541000833,0.03460621377181384,0.9994010255990232,0.0,-0.1883268648323709,0.006521185766702786,0.9820847550586487,4670.274166738464,-545.6293263543123,-0.11630301641176213,4.823488002174801e-10,188.20116363142088,0.0,-89.2,3.3,0.0,3.02273551134657e-17,2.2936501713720427,1.5707963267948966,17.697399443138103,461.0,0.0025389122564190617,11.301661258496846,0.0,0.005404143098580923,-1546.3007857196108,18.663178264555597,-296.7215734529606,0.01459498839046249,0.017791038225360087,-0.13439146344979105,0.014190229897566572,0.018115521044346654,-0.13439146344979105,-1.7861480044066114e-18,4.4091939666043637e-20,-1.881396880046602e-19,-1.7866880599484306e-18,3.816965672849185e-21,-1.881396880046602e-19,-1546.2865954897131,18.681293785599944,-296.8559649164104,-1063259.4581358284,334.09913400583014,151666.1465946144,0.09526859267239907,4692.4635580596505
318.3501550925467,2001.0,12.0,14.0,14.0,26.0,46.0,1.0,3477163.2189368964,-42057.594403519186,668664.0065320277,-488.98528144912035,-293.25137412240315,4662.330033383613,3541121.919110676,4697.065500297967,3475329.0083378865,-120503.84300848805,668664.0065320277,3541121.919110676,-504.0191644159924,-528.4830206067553,4662.330033383613,4719.179055869684,20139949.39147291,0.8256104099033481,1.6336116065511332,1.4901161193847656e-08,5.118716966306524e-07,0.19034832392934448,0.1899688371007853,-0.0346601958913179,144921.9191106758,0.08605544883660249,0.0856512111006359,253.22231462597847,-16538649364.055294,-1040248436.6376013,-208451112.4535566,-16540150285.31034,-1897388618.1907396,16571331859.482315,16649928134.84114,-0.9814203203742523,0.03402984866410689,-0.18882829278579524,0.03465325659070325,0.9993993955409713,0.0,-0.18871488167115733,0.006543515281490602,0.9820101200311543,4670.113055959308,-545.6315167791972,-0.1163074552928119,4.763843478011744e-10,188.3,0.0,-89.3,3.3,0.0,3.022902836262155e-17,2.293677497604504,1.5707963267948966,17.692423621956767,461.0,0.002507379175166947,11.302418406740737,0.0,0.0053371503356680755,-1546.0771362200503,18.7003833347742,-297.3130874853028,0.01444381280794712,0.01757221796544365,-0.13272363666957854,0.014043644927984426,0.017893647190910387,-0.13272363666957854,-1.764060961882114e-18,4.359228708261903e-20,-1.8620461106359236e-19,-1.7645954473753923e-18,3.7778077745804246e-21,-1.8620461106359236e-19,-1546.0630925751223,18.71827698196511,-297.4458111219724,-1063259.8714009952,334.25267221079605,151734.81829267187,0.0953621111433921,4692.4109279607455
318.65015509254675,2001.0,12.0,14.0,14.0,26.0,46.0,1.0,3477016.372442522,-42145.56798739013,670062.6764880217,-489.9913234250311,-293.23918100641015,4662.136275947355,3541243.1565139135,4696.977258813736,3475177.649172781,-120662.3794903811,670062.6764880217,3541243.156513914,-505.0419114312277,-528.4268444452827,4662.136275947355,4719.090687594039,20139941.6664032,0.8256103430769979,1.6336116052589207,1.4901161193847656e-08,5.035622492049927e-07,0.19074477660544992,0.19036447039665172,-0.03470726910333463,145043.156513914,0.08623456463840527,0.08582947610747077,249.09189355373383,-16538649059.657246,-1040248396.0355653,-208465350.84710628,-16540161518.48211,-1897316717.8148105,16571331553.135859,16649931278.767483,-0.9813439788172666,0.03407345221929468,-0.1892167938977813,0.03470030149192772,0.9993977631935992,0.0,-0.18910284058010687,0.0065658797955889595,0.9819353364183634,4669.951625472883,-545.6337129427906,-0.11631190357899311,4.703860293506801e-10,188.38128501546,0.0,-89.38128501546,3.3,0.0,3.023042421874284e-17,2.2937002936649233,1.5707963267948966,17.68827491524871,461.0,0.0024756706791415105,11.303165598081819,0.0,0.005269776407092353,-1545.8530611972574,18.737575067395277,-297.9043894795922,0.014290815987234345,0.017351547117029343,-0.1310461818068964,0.013895290422479894,0.017669875862903524,-0.1310461818068964,-1.741830612899966e-18,4.3087940849819456e-20,-1.8424450068779486e-19,-1.742359458045236e-18,3.738133552951859e-21,-1.8424450068779486e-19,-1545.839165906835,18.75524494325818,-298.0354356613991,-1063260.2792351749,334.40621041576196,151803.55659761402,0.09545563272692366,4692.358247981356
318.9501550925468,2001.0,12.0,14.0,14.0,26.0,46.0,1.0,3476869.2241574284,-42233.53790971726,671461.2882592299,-490.9972195389913,-293.2269638355705,4661.942134862662,3541364.6430787374,4696.888841640079,3475025.983205956,-120820.89910661604,671461.2882592299,3541364.643078738,-506.06450917326526,-528.370582894324,4661.942134862662,4719.002143368945,20139934.038335484,0.8256102770899862,1.6336116039826531,1.4901161193847656e-08,4.948890777056153e-07,0.19114120201296278,0.190760076444943,-0.03475434448049889,145164.6430787379,0.08641366743443651,0.08600772811140696,245.00374430418015,-16538648759.07012,-1040248355.937984,-208479648.04862088,-16540172778.12215,-1897244673.3237145,16571331250.624475,16649934433.631824,-0.9812674868140352,0.03411704562611169,-0.1896052386391606,0.034747348480100276,0.9993961285564411,0.0,-0.18949074144999722,0.006588279300647487,0.9818604042737373,4669.78987532744,-545.6359148413519,-0.11631636127018448,4.6410623836625994e-10,188.53080384842238,0.0,-89.43080384842239,3.3,0.0,3.0232897890897116e-17,2.2937406917969563,1.5707963267948966,17.68092771751242,461.0,0.0024424855014830143,11.303903393625935,0.0,0.005199243865711373,-1545.62856092826,18.774753438741854,-298.49547905922543,0.014128574461044404,0.017119711122692196,-0.1292913351902328,0.013737955496694397,0.01743472695503291,-0.1292913351902328,-1.7186166454335407e-18,4.255807602695253e-20,-1.821701449894101e-19,-1.7191395238401746e-18,3.696128640946893e-21,-1.821701449894101e-19,-1545.6148229727632,18.79218816569689,-298.6247703944157,-1063260.6819485798,334.5597486207279,151872.36150944076,0.09554915742606533,4692.305518122254
319.2501550925469,2001.0,12.0,14.0,14.0,26.0,47.0,1.0,3476721.774125413,-42321.50416328763,672859.8417305949,-492.00296952109323,-293.2147226264047,4661.747610326746,3541486.378768966,4696.800248889619,3474874.010482233,-120979.40183158233,672859.8417305949,3541486.3787689665,-507.08695736813473,-528.3142359890696,4661.747610326746,4718.913423307183,20139926.512569357,0.8256102119881539,1.6336116027231915,1.4901161193847656e-08,4.865177785549959e-07,0.19153760009270285,0.19115565519262775,-0.03480142202754287,145286.37876896653,0.08659275719952561,0.08618596708727741,240.9608433842659,-16538648462.503056,-1040248316.3723015,-208494004.1755126,-16540184064.430439,-1897172484.7851894,16571330952.158615,16649937599.644083,-0.9811908444188657,0.034160628869518685,-0.18999362690319974,0.03479439755983539,0.9993944916290304,0.0,-0.18987858417167897,0.006610713788304969,0.9817853236508314,4669.62780569571,-545.63812248875,-0.11632082836691567,4.58176078302636e-10,188.67375418774057,0.0,-89.5,3.3,0.0,3.023526730627743e-17,2.293779387286659,1.5707963267948966,17.673896106593762,461.0,0.002411143485291893,11.304631280446996,0.0,0.0051326382078480896,-1545.4036356905385,18.811918425163494,-299.0863558480168,0.013976237297005596,0.016901309018125383,-0.1276339909174019,0.013590228432057727,0.01721322592290203,-0.1276339909174019,-1.6966920191125261e-18,4.20589819701014e-20,-1.8022251174981912e-19,-1.6972092959415851e-18,3.656699874396329e-21,-1.8022251174981912e-19,-1545.3900454621064,18.829131651086396,-299.2139898389342,-1063261.0792614091,334.7132868256938,151941.23302815214,0.09564268524388898,4692.252738384212
319.55015509254696,2001.0,12.0,14.0,14.0,26.0,47.0,1.0,3476574.0223903586,-42409.46674088912,674258.3367870861,-493.0085730883373,-293.20245738019526,4661.552702411213,3541608.3635483487,4696.711480547818,3474721.7310465197,-121137.88763967587,674258.3367870861,3541608.3635483487,-508.10925572843456,-528.2578037498013,4661.552702411213,4718.824527394164,20139919.08308288,0.8256101477194033,1.6336116014798598,1.4901161193847656e-08,4.78464196860864e-07,0.1919339707979606,0.1915512065866955,-0.03484850174919928,145408.3635483482,0.08677183390849752,0.0863641930099158,236.96124678850174,-16538648169.718716,-1040248277.3123662,-208508419.3399771,-16540195377.160452,-1897100152.2134526,16571330657.499765,16649940776.56446,-0.9811140516861625,0.034204201934487026,-0.19038195858323098,0.03484144873574796,0.9993928524108997,0.0,-0.19026636863606897,0.006633183250188934,0.9817100946032963,4669.465416624574,-545.6403358834525,-0.11632530486957264,4.520588681471539e-10,188.8229544354353,0.0,-89.52295443543527,3.2,0.0,3.0237734892747636e-17,2.293819686031929,1.5707963267948966,17.66657931530206,461.0,0.00237882048189095,11.305349860190596,0.0,0.005063716790484743,-1545.178285762026,18.849070003034964,-299.6770194701877,0.013816594933918782,0.016674407302728938,-0.12591931124691452,0.01343539997253587,0.01698305573338536,-0.12591931124691452,-1.6740053550266776e-18,4.153947879889045e-20,-1.7818083260464549e-19,-1.6745167626230814e-18,3.615058947111686e-21,-1.7818083260464549e-19,-1545.1648503620536,18.866053058768347,-299.8029387814346,-1063261.4714915752,334.8668250306597,152010.17115374815,0.09573621618346662,4692.199908768007
319.850155092547,2001.0,12.0,14.0,14.0,26.0,47.0,1.0,3476425.968996229,-42497.42563531343,675656.7733137232,-494.0140299701443,-293.1901681106954,4661.357411304203,3541730.5973805673,4696.622536717715,3474569.144943807,-121296.3565053021,675656.7733137232,3541730.5973805673,-509.131403979465,-528.2012862090168,4661.357411304203,4718.735455732985,20139911.754306145,0.8256100843220517,1.6336116002530583,1.4901161193847656e-08,4.700365750666752e-07,0.19233031407055834,0.19194673057416298,-0.03489558365020231,145530.59738056688,0.0869508975362098,0.08654240585419123,233.00646302103996,-16538647880.892305,-1040248238.7758493,-208522893.66004407,-16540206716.478174,-1897027675.6666205,16571330366.823896,16649943964.568024,-0.9810371086704244,0.034247764805999587,-0.1907702335726588,0.0348885020124543,0.9993912109015803,0.0,-0.1906540947341568,0.006655687677916084,0.9816347171848768,4669.302708277585,-545.6425550365427,-0.1163297907783299,4.462067830859161e-10,188.9673304228521,0.0,-89.6,3.2,0.0,3.024012581960369e-17,2.293858732830691,1.5707963267948966,17.65949581750995,461.0,0.0023478957407603515,11.306058696671187,0.0,0.004997999075163018,-1544.9525114211026,18.88620814875758,-300.26746955037703,0.013665191126680501,0.016459097321158436,-0.12428407845218066,0.013288554964641668,0.01676465448817152,-0.12428407845218066,-1.6523703491497852e-18,4.104530217357359e-20,-1.7624452208951526e-19,-1.6528761903992725e-18,3.575862286345053e-21,-1.7624452208951526e-19,-1544.939222866138,18.90297280324575,-300.39175362882924,-1063261.8584051859,335.0203632356256,152079.1758862288,0.09582975024787047,4692.1470292744225
320.1501550925471,2001.0,12.0,14.0,14.0,26.0,48.0,1.0,3476277.6139870733,-42585.380839352845,677055.1511955531,-495.01933988258367,-293.17785481711576,4661.161737067307,3541853.080229236,4696.533417374273,3474416.2522191717,-121454.8084028727,677055.1511955531,3541853.080229236,-510.1534018328508,-528.1446833850069,4661.161737067307,4718.646208298498,20139904.51926656,0.8256100217357789,1.6336115990418094,1.4901161193847656e-08,4.6193599700928147e-07,0.19272662986498773,0.192342227102068,-0.03494266773528659,145653.0802292358,0.08712994805753818,0.08672060559498466,229.09355953335762,-16538647595.749105,-1040248200.7292366,-208537427.24794763,-16540218082.099663,-1896955055.1516993,16571330079.854729,16649947163.376987,-0.980960015426247,0.03429131746904982,-0.19115845176495372,0.03493555739457114,0.999389567100603,0.0,-0.1910417623569986,0.006678227063091899,0.9815591914494133,4669.1396806914845,-545.6447799443944,-0.11633428609338839,4.402623388247529e-10,189.1163502865448,0.0,-89.7,3.2,0.0,3.024258950578545e-17,2.2938989678794166,1.5707963267948966,17.652202913486832,461.0,0.0023164882875244238,11.306758458622635,0.0,0.004931257283017106,-1544.7263129465994,18.923332838757826,-300.8577057136319,0.013510265522839692,0.01624098527456925,-0.12262338542590817,0.013138261943338569,0.016543365748680875,-0.12262338542590817,-1.6303980617418915e-18,4.054163053119008e-20,-1.7426263859354532e-19,-1.6308982071340938e-18,3.535746688159692e-21,-1.7426263859354532e-19,-1544.713174684656,18.939876204506508,-300.9803290990578,-1063262.240370335,335.1739014405915,152148.24722559412,0.09592328744017284,4692.094099904248
320.45015509254716,2001.0,12.0,14.0,14.0,26.0,48.0,1.0,3476128.9574070238,-42673.332345802795,678453.4703176691,-496.02450255483376,-293.16551751383776,4660.965679883281,3541975.8120579007,4696.444122614868,3474263.0529177748,-121613.24330680822,678453.4703176691,3541975.8120579007,-511.17524901366835,-528.0879953109622,4660.965679883281,4718.556785188195,20139897.381873395,0.8256099599943981,1.633611597846716,1.4901161193847656e-08,4.544243419759583e-07,0.19312291812368718,0.19273769611747454,-0.034989754009188016,145775.81205790117,0.08730898544736108,0.086898792207176,225.2246986925602,-16538647314.443512,-1040248163.1922513,-208552020.22050494,-16540229474.170082,-1896882290.7290087,16571329796.74759,16649950373.145985,-0.9808827720083202,0.034334859908642476,-0.1915466130536575,0.03498261488671636,0.9993879210074973,0.0,-0.1914293713957223,0.006700801397310978,0.9814835174508395,4668.976334024342,-545.6470106187061,-0.11633879081519477,4.3458147749094964e-10,189.26201339766797,0.0,-89.76201339766796,3.2,0.0,3.024499972743792e-17,2.2939383297861173,1.5707963267948966,17.645074310473326,461.0,0.002286470779138952,11.307448762231317,0.0,0.0048674611293909415,-1544.4996906177942,18.96044404948852,-301.447727585416,0.01336265417057,0.016031554659152434,-0.12103604643031235,0.012995093528838991,0.016330915940276313,-0.12103604643031235,-1.6093945417798333e-18,4.0060923480300104e-20,-1.7237463067127455e-19,-1.6098892620438241e-18,3.497521523326085e-21,-1.7237463067127455e-19,-1544.4866955242653,18.976774965428795,-301.5687636318463,-1063262.6171806306,335.32743964555743,152217.385171844,0.09601682776344636,4692.041120658273
320.75015509254723,2001.0,12.0,14.0,14.0,26.0,48.0,1.0,3475979.9993002936,-42761.280147459605,679851.7305651928,-497.02951770401546,-293.15315619960074,4660.769239820773,3542098.7928300374,4696.354652421213,3474109.54708486,-121771.66119153566,679851.7305651928,3542098.792830037,-512.1969452345868,-528.0312220047382,4660.769239820773,4718.467186383621,20139890.335737996,0.8256098990426395,1.6336115966666094,0.0,4.46040318819758e-07,0.1935191788005699,0.19313313756746814,-0.03503684247664306,145898.79283003695,0.08748800968056715,0.08707696566566445,221.39630842208862,-16538647036.724098,-1040248126.1296653,-208566672.6910116,-16540240892.428732,-1896809382.403992,16571329517.249336,16649953593.62016,-0.9808053784714301,0.034378392109793064,-0.19193471733237866,0.035029674493508405,0.999386272621792,0.0,-0.19181692174152318,0.00672341067215677,0.9814076952431848,4668.812668319886,-545.6492470553821,-0.11634330494368525,4.2877134953569724e-10,189.41099103754624,0.0,-89.8,3.1890089624537756,0.0,3.0247461693694027e-17,2.2939785367463257,1.5707963267948966,17.637798821856975,461.0,0.00225577633355235,11.308130226819374,0.0,0.004802192630500431,-1544.2726447144153,18.99754175742788,-302.0375347916041,0.013210247507932711,0.01581669503625263,-0.11941223803521124,0.012847263505366385,0.016112923431653922,-0.11941223803521124,-1.5879046572481154e-18,3.9566966764967513e-20,-1.7042470042655734e-19,-1.588393775989545e-18,3.458000420737065e-21,-1.7042470042655734e-19,-1544.25979745091,19.01365468085953,-302.15694702963935,-1063262.9891733397,335.48097785052335,152286.58972497858,0.09611037122076364,4691.988091537299
321.0501550925473,2001.0,12.0,14.0,14.0,26.0,49.0,1.0,3475830.739711181,-42849.22423712345,681249.9318232953,-498.03438506255833,-293.1407708938054,4660.5724170882395,3542222.022509055,4696.265006916515,3473955.734765758,-121930.06203149175,681249.9318232953,3542222.0225090557,-513.2184902240515,-527.9743635045281,4660.5724170882395,4718.377412008241,20139883.387050293,0.8256098389340437,1.633611595502804,0.0,4.3850955276376843e-07,0.1939154118354936,0.19352855139916122,-0.03508393314238962,146022.02250905568,0.08766702073201449,0.08725512594531983,217.6128667294979,-16538646762.834866,-1040248089.5786648,-208581384.77592093,-16540252337.110388,-1896736330.2545836,16571329241.605825,16649956825.045174,-0.9807278348704571,0.03442191405752857,-0.19232276449479777,0.035076736219567056,0.9993846219430149,0.0,-0.19220441328566895,0.006746054879201937,0.981331724880572,4668.648683761876,-545.6514892711702,-0.11634782847974576,4.231034940620932e-10,189.55780278783965,0.0,-89.85780278783966,3.1,0.0,3.024988899848065e-17,2.294018177641779,1.5707963267948966,17.630631847145487,461.0,0.0022258334627206977,11.308802279152962,0.0,0.004738373505661061,-1544.0451755166357,19.034625939080833,-302.62712695848955,0.013060947344433292,0.015607359562635852,-0.11782437424863897,0.012702422752649739,0.015900518050190254,-0.11782437424863897,-1.5668897621462837e-18,3.908349983801358e-20,-1.685141514190174e-19,-1.5673733941289081e-18,3.419072279479424e-21,-1.685141514190174e-19,-1544.032473093883,19.050526457131024,-302.7449513327382,-1063263.3560216613,335.63451605548926,152355.86088499773,0.09620391781519771,4691.935012542124
321.35015509254737,2001.0,12.0,14.0,14.0,26.0,49.0,1.0,3475681.178684065,-42937.16460759562,682648.0739771797,-499.0391043447267,-293.12836159066774,4660.375211726468,3542345.5010582954,4696.175186053916,3473801.61600588,-122088.44580111987,682648.0739771797,3542345.501058296,-514.239883691777,-527.9174198237898,4660.375211726468,4718.287462014927,20139876.52686389,0.8256097795912178,1.6336115943535514,0.0,4.305894159317017e-07,0.19431161718537665,0.1939239375596889,-0.03513102601116627,146145.50105829583,0.08784601857664483,0.08743327302108715,213.86889797449112,-16538646492.423674,-1040248053.4880575,-208596156.588037,-16540263807.853588,-1896663134.2704132,16571328969.462397,16649960067.064276,-0.9806501412603773,0.03446542573688684,-0.19271075443466334,0.03512380006951272,0.9993829689706929,0.0,-0.19259184591949596,0.006768734010008077,0.9812556064172183,4668.484380366016,-545.6537372574063,-0.11635236142304624,4.1753869973094657e-10,189.70687632286982,0.0,-89.90687632286983,3.1,0.0,3.025235142006925e-17,2.294058392038131,1.5707963267948966,17.62336734955822,461.0,0.002196435866436919,11.309465761129502,0.0,0.004675888565667691,-1543.817283305075,19.071696570977835,-303.2165037127786,0.012914809074546972,0.0154018834578275,-0.11626978253067798,0.012560664211352332,0.015692036899336997,-0.11626978253067798,-1.5463152904088291e-18,3.861023811602125e-20,-1.666442985891751e-19,-1.5467935528897913e-18,3.3812095608065097e-21,-1.666442985891751e-19,-1543.8047226408637,19.087388607877173,-303.33277349530925,-1063263.7181979045,335.78805426045517,152425.19865190156,0.09629746754982157,4691.881883673557
321.65015509254744,2001.0,12.0,14.0,14.0,26.0,49.0,1.0,3475531.3162634093,-43025.10125167997,684046.1569120898,-500.04367528318994,-293.11592830841977,4660.177623944254,3542469.2284410293,4696.085189956581,3473647.1908507226,-122246.81247487175,684046.1569120898,3542469.2284410293,-515.2611253664263,-527.8603909996009,4660.177623944254,4718.197336527039,20139869.76134787,0.8256097210675224,1.6336115932199173,1.4901161193847656e-08,4.233083936971991e-07,0.19470779479018727,0.19431929599621098,-0.03517812108771264,146269.2284410298,0.08802500318936642,0.08761140686788041,210.1680792570114,-16538646225.733925,-1040248017.8908547,-208610988.24451655,-16540275304.892456,-1896589794.5253885,16571328701.064043,16649963319.922043,-0.9805722976962614,0.034508927132916874,-0.19309868704579403,0.03517086604796678,0.9993813137043518,0.0,-0.19297921953441113,0.006791448056125879,0.9811793399074353,4668.319758316299,-545.6559910296611,-0.1163569037742249,4.119761640909979e-10,189.85469826781087,0.0,-90.0,3.1,0.0,3.0254793601443537e-17,2.2940982758866983,1.5707963267948966,17.616168688290735,461.0,0.0021670531622125927,11.310120077854524,0.0,0.0046134444973797385,-1543.5889683607995,19.108753629675594,-303.8056646815945,0.012768105406968813,0.015197593186197126,-0.11471606426455155,0.01241832225784522,0.01548472236228075,-0.11471606426455155,-1.5257506015232745e-18,3.8136175187486164e-20,-1.6476651766250492e-19,-1.5262234728024673e-18,3.343198070927686e-21,-1.6476651766250492e-19,-1543.5765500385417,19.124238352037874,-303.92038074585906,-1063264.0753763672,335.9415924654211,152494.60302569007,0.0963910204277086,4691.828704932406
321.9501550925475,2001.0,12.0,14.0,14.0,26.0,49.0,1.0,3475381.1524937595,-43113.034162182084,685444.1805133056,-501.0480975938208,-293.10347104467354,4659.979653793788,3542593.2046204624,4695.995018589021,3473492.4593458697,-122405.16202720659,685444.1805133056,3542593.204620463,-516.2822149594028,-527.8032770488375,4659.979653793788,4718.10703550894,20139863.08255047,0.825609663294166,1.6336115921007135,1.4901161193847656e-08,4.1563289406840367e-07,0.19510394460577868,0.19471462665591074,-0.03522521837676919,146393.2046204633,0.08820397454511993,0.0877895274606462,206.50673660635948,-16538645962.452272,-1040247982.7476176,-208625879.8571372,-16540286827.904343,-1896516311.0210466,16571328436.095562,16649966583.30163,-0.9804943042332752,0.03455241823067871,-0.19348656222207736,0.03521793415955141,0.9993796561435166,0.0,-0.1933665340218908,0.006814197009095068,0.9811029254056285,4668.154817639781,-545.658250582676,-0.11636145553339797,4.0645579207915055e-10,190.00400577557915,0.0,-90.1,3.0959942244208483,0.0,3.025725864856297e-17,2.294138533161223,1.5707963267948966,17.608908804660132,461.0,0.0021378953020027218,11.31076599608885,0.0,0.004551470492975905,-1543.360230965318,19.145797091756673,-304.3946094924758,0.012622003682428832,0.014994991840530363,-0.11317405141160557,0.012276552374417278,0.015279104000398998,-0.11317405141160557,-1.5053400898867592e-18,3.7664897498675526e-20,-1.6289620365486774e-19,-1.5058075924671984e-18,3.3053278206664706e-21,-1.6289620365486774e-19,-1543.3479544129434,19.161076195757072,-304.5077835438874,-1063264.427976843,336.095130670387,152564.07400636314,0.09648457645193209,4691.775476319492
322.2501550925476,2001.0,12.0,14.0,14.0,26.0,50.0,1.0,3475230.687419743,-43200.96333191038,686842.1446661506,-502.05237100944487,-293.0909898164852,4659.781301481363,3542717.42955973,4695.904672071523,3473337.4215369825,-122563.4944325921,686842.1446661506,3542717.42955973,-517.3031521995041,-527.7460780074568,4659.781301481363,4718.016559081066,20139856.49636805,0.825609606322151,1.633611590996793,1.4901161193847656e-08,4.0835707205667546e-07,0.19550006657241176,0.1951099294859974,-0.035272317883077546,146517.42955972953,0.08838293261880875,0.08796763477430519,202.88786160945892,-16538645702.811594,-1040247948.0871544,-208640831.5434165,-16540298377.11279,-1896442683.8272417,16571328174.79118,16649969857.43665,-0.9804161609266789,0.03459589901524368,-0.1938743798574722,0.0352650044088899,0.9993779962877114,0.0,-0.1937537892734832,0.006836980860444551,0.981026362966297,4667.989558517878,-545.6605159308386,-0.11636601670102394,4.011028176108192e-10,190.15269951081058,0.0,-90.1,3.0,0.0,3.025971350504449e-17,2.29417862401,1.5707963267948966,17.6016850937853,461.0,0.0021096208938057434,11.311402966417774,0.0,0.00449117697258036,-1543.1310714005856,19.182826933830086,-304.9833377733806,0.012479640773395896,0.014795830145245003,-0.11167413608085101,0.012138450520531903,0.015077003763365746,-0.11167413608085101,-1.4854833309929144e-18,3.720610886248404e-20,-1.610740294023078e-19,-1.4859456047576352e-18,3.268164004032458e-21,-1.610740294023078e-19,-1543.118932950065,19.197903937593452,-305.09501190946145,-1063264.7756880336,336.24866887535296,152633.6115939209,0.09657813562556576,4691.722197835633
322.55015509254764,2001.0,12.0,14.0,14.0,26.0,50.0,1.0,3475079.9210860725,-43288.88875367486,688240.0492559804,-503.05649524613875,-293.0784846214655,4659.5825670593385,3542841.9032219015,4695.814150368457,3473182.077469814,-122721.80966550333,688240.0492559804,3542841.9032219015,-518.3239367983409,-527.6887938923883,4659.5825670593385,4717.92590720764,20139849.99481991,0.8256095500824369,1.633611589906965,0.0,4.00672246806289e-07,0.1958961606460994,0.19550520443370234,-0.03531941961138009,146641.90322190104,0.08856187738540991,0.08814572878383684,199.3077510893345,-16538645446.497349,-1040247913.8699117,-208655843.41502732,-16540309952.193928,-1896368912.9455462,16571327916.834494,16649973142.009058,-0.980337867831828,0.0346393694716941,-0.19426213984600527,0.03531207680060619,0.9993763341364593,0.0,-0.19414098518080494,0.006859799601692238,0.9809496526440341,4667.823980977718,-545.6627870688802,-0.11637058727722213,3.957167340418293e-10,190.3023790273763,0.0,-90.2,3.0,0.0,3.0262183342790024e-17,2.2942189595213858,1.5707963267948966,17.594423494423314,461.0,0.0020811753114043526,11.312031742868859,0.0,0.004430724408485964,-1542.901489948999,19.21984313253068,-305.5718491526812,0.012336408983047706,0.014598170777620377,-0.11016999783631244,0.011999454268332198,0.014876379731365888,-0.11016999783631244,-1.465571522399024e-18,3.674525735027223e-20,-1.5924005170827863e-19,-1.4660285336849152e-18,3.231041068786913e-21,-1.5924005170827863e-19,-1542.8894904947306,19.234719512262046,-305.6820191505175,-1063265.1189312637,336.4022070803189,152703.21578836322,0.09667169795168341,4691.668869481652
322.8501550925477,2001.0,12.0,14.0,14.0,26.0,50.0,1.0,3474928.8535375404,-43376.81042028831,689637.8941681959,-504.06047003646256,-293.06595547634197,4659.3834507294205,3542966.625569977,4695.723453595179,3473026.427190196,-122880.10770042382,689637.8941681959,3542966.625569977,-519.3445684844424,-527.6314247393253,4659.3834507294205,4717.835080004169,20139843.583346706,0.825609494622083,1.633611588832074,0.0,3.934019441140941e-07,0.19629222676769825,0.19590045144628332,-0.03536652356642036,146766.62556997687,0.08874080881987802,0.08832380946419814,195.7693758904934,-16538645193.72435,-1040247880.1234219,-208670915.58901024,-16540321553.353226,-1896294998.44469,16571327662.44162,16649976437.234388,-0.9802594250041717,0.03468282958512357,-0.19464984208177522,0.035359151339325344,0.9993746696892826,0.0,-0.19452812163554511,0.006882653224345269,0.9808727944935266,4667.658085196011,-545.6650640108468,-0.11637516726250188,3.904867833897885e-10,190.45180618886317,0.0,-90.25180618886318,3.0,0.0,3.026464867801531e-17,2.294259221501036,1.5707963267948966,17.587181322591256,461.0,0.0020535537873500286,11.312651800226652,0.0,0.0043720116037892975,-1542.6714868933968,19.256845664519805,-306.1601432591715,0.01219733089044453,0.014405098095273093,-0.10870928500248118,0.0118645142099725,0.014680430325668027,-0.10870928500248118,-1.4462329459257797e-18,3.6297746990501543e-20,-1.5745949556832095e-19,-1.4466848490195088e-18,3.194985938412663e-21,-1.5745949556832095e-19,-1542.6596223791869,19.271526094845473,-306.26885254417397,-1063265.4574192874,336.5557452852848,152772.8865896902,0.09676526343335894,4691.615491258383
323.1501550925478,2001.0,12.0,14.0,14.0,26.0,51.0,1.0,3474777.4848190253,-43464.72832456485,691035.6792882303,-505.06429509758976,-293.05340237821844,4659.183952550652,3543091.5965668885,4695.632581722444,3472870.4707440455,-123038.38851184431,691035.6792882303,3543091.596566889,-520.3650469705085,-527.5739705647244,4659.183952550652,4717.744077441204,20139837.254519243,0.8256094398768216,1.6336115877707353,1.4901161193847656e-08,3.865695527515688e-07,0.19668826489264238,0.19629567047102053,-0.03541362975294264,146891.59656688897,0.08891972689718292,0.08850187679036789,192.26837292313576,-16538644944.200113,-1040247846.8062983,-208686048.17809445,-16540333180.288803,-1896220940.324561,16571327411.318054,16649979742.816273,-0.9801808324992544,0.03472627934063672,-0.19503748645894892,0.03540622802967311,0.9993730029457023,0.0,-0.19491519852946154,0.006905541719899827,0.9807957885695551,4667.491871206515,-545.6673467509655,-0.1163797566567191,3.852301501986066e-10,190.60199570861124,0.0,-90.3,2.8980042913887596,0.0,3.026712546637656e-17,2.2942996705245906,1.5707963267948966,17.57991172514945,461.0,0.0020257948447009264,11.31326386056745,0.0,0.004312819494598172,-1542.441062517062,19.29383450648465,-306.7482197220612,0.012056054898673816,0.014210672815003914,-0.10723667149315255,0.011727416147524589,0.014483072604862122,-0.10723667149315255,-1.4267343133471174e-18,3.5844905044707925e-20,-1.5565017784914292e-19,-1.4271810272605775e-18,3.1580891655381142e-21,-1.5565017784914292e-19,-1542.4293351009144,19.30831757908951,-306.85545639355433,-1063265.7915443126,336.7092834902507,152842.6239979019,0.0968588320736666,4691.562063166659
323.45015509254785,2001.0,12.0,14.0,14.0,26.0,51.0,1.0,3474625.814975483,-43552.642459321345,692433.4045015585,-506.0679701577967,-293.0408253400121,4658.984072682047,3543216.8161755,4695.541534822217,3472714.208177362,-123196.65207426388,692433.4045015585,3543216.8161755004,-521.3853719807028,-527.5164314006265,4658.984072682047,4717.652899590866,20139831.00990208,0.8256093858601806,1.633611586723558,1.4901161193847656e-08,3.796142102139316e-07,0.1970842749662066,0.19669086145521975,-0.035460738175692307,147016.8161755004,0.08909863159229456,0.08867993073732745,188.80693715810776,-16538644697.986206,-1040247813.9325247,-208701241.29649842,-16540344833.052885,-1896146738.6404917,16571327163.526121,16649983058.816454,-0.9801020903727146,0.034769718723349434,-0.19542507287176447,0.03545330687627625,0.9993713339052389,0.0,-0.19530221575438378,0.006928465079841315,0.9807186349269935,4667.325339143094,-545.6696352994089,-0.11638435546062983,3.80235312541233e-10,190.7460202193755,0.0,-90.3460202193755,2.9,0.0,3.0269504842433354e-17,2.294338528684485,1.5707963267948966,17.57293390479672,461.0,0.001999415321043477,11.313867783791284,0.0,0.004256751119113839,-1542.210217103716,19.330809635138927,-307.33607817098107,0.011923064389711052,0.014026143985215222,-0.1058416981971517,0.011598382914155856,0.014295792853556689,-0.1058416981971517,-1.4082620536588649e-18,3.5417188482089644e-20,-1.5394719506303768e-19,-1.4087038837416347e-18,3.12361116248202e-21,-1.5394719506303768e-19,-1542.198618720802,19.345105427992483,-307.4419198691782,-1063266.121223731,336.8628216952166,152912.4280129981,0.09695240387568063,4691.50858520732
323.7501550925479,2001.0,12.0,14.0,14.0,26.0,51.0,1.0,3474473.8440519576,-43640.55281737641,693831.0696936919,-507.071494946557,-293.0282243728183,4658.783811293442,3543342.2843586095,4695.45031297705,3472557.6395362318,-123354.89836218927,693831.0696936919,3543342.2843586085,-522.4055432403463,-527.4588072772533,4658.783811293442,4717.561546535714,20139824.851993185,0.8256093325937646,1.6336115856906273,1.4901161193847656e-08,3.725290298461936e-07,0.1974802569326714,0.19708602434621014,-0.03550784883941561,147142.28435860854,0.08927752288021652,0.08885797128008455,185.38554599881172,-16538644455.181705,-1040247781.5097467,-208716495.06097978,-16540356511.735128,-1896072393.4415522,16571326919.16518,16649986385.333183,-0.980023198680285,0.03481314771838874,-0.1958126012145294,0.035500387883762356,0.9993696625674118,0.0,-0.1956891732022114,0.0069514232956442695,0.9806413336208094,4667.158489150394,-545.671929664538,-0.11638896367434425,3.7490291475913604e-10,190.9028554482607,0.0,-90.4,2.9,0.0,3.0272084982951055e-17,2.294380665576845,1.5707963267948966,17.56537380220109,461.0,0.001971263861638707,11.314463311084534,0.0,0.004196905887375562,-1541.9789509375207,19.367771027222396,-307.92371823597983,0.011778863833385635,0.013829363773279599,-0.1043529590226359,0.011458431677451563,0.01409600223724134,-0.1043529590226359,-1.3885473258383752e-18,3.495723520424868e-20,-1.520998896799027e-19,-1.3889838587081219e-18,3.0862006293379174e-21,-1.520998896799027e-19,-1541.9674925058432,19.381867029459638,-308.0280711950025,-1063266.446325658,337.0163599001825,152982.298634979,0.09704597884247564,4691.455057381209
324.050155092548,2001.0,12.0,14.0,14.0,26.0,52.0,1.0,3474321.5720935706,-43728.459391552205,695228.6747501906,-508.07486918206365,-293.01559947569433,4658.583168449683,3543468.0010789437,4695.35891616319,3472400.7648668215,-123513.12735013635,695228.6747501906,3543468.0010789437,-523.4255604632092,-527.401098213079,4658.583168449683,4717.470018251867,20139818.773827042,0.8256092800173178,1.6336115846708912,0.0,3.6530645704660803e-07,0.1978762107471035,0.1974811590913483,-0.035554961748860116,147268.00107894372,0.08945640073595955,0.08903599839366046,182.00089901685715,-16538644215.512074,-1040247749.5032303,-208731809.58345342,-16540368216.051594,-1895997904.734506,16571326677.959055,16649989722.088701,-0.9799441574777921,0.0348565663108932,-0.19620007138162437,0.035547471056760274,0.9993679889317392,0.0,-0.19607607076491762,0.006974416358772592,0.9805638847060631,4666.99132126784,-545.6742298425298,-0.11639358129800075,3.701324554935717e-10,191.04750134867965,0.0,-90.5,2.8524986513203547,0.0,3.027447310964151e-17,2.294419666645432,1.5707963267948966,17.55838232697107,461.0,0.00194606971016146,11.315051113601704,0.0,0.004143283798488513,-1541.747264303079,19.404718659501846,-308.5111395475323,0.011651408976008606,0.013654199644093142,-0.1030186841680644,0.011334733759048823,0.01391820066166766,-0.1030186841680644,-1.3708803283819498e-18,3.4547745254200595e-20,-1.5046751642547403e-19,-1.3713121819434195e-18,3.053047711624355e-21,-1.5046751642547403e-19,-1541.73592956932,19.418636860163513,-308.6141582317004,-1063266.767217826,337.16989810514843,153052.23586384454,0.0971395569771263,4691.401479689175
324.35015509254805,2001.0,12.0,14.0,14.0,26.0,52.0,1.0,3474168.99914553,-43816.36217467131,696626.2195566414,-509.0780925976252,-293.0029506660287,4658.382144350394,3543593.966299166,4695.26734449322,3472243.5842153844,-123671.33901262745,696626.2195566414,3543593.966299166,-524.4454233785953,-527.3433042445873,4658.382144350394,4717.37831485211,20139812.780555762,0.8256092281754001,1.6336115836653595,1.4901161193847656e-08,3.5886748369909405e-07,0.1982721363507012,0.1978762656380119,-0.03560207690877391,147393.96629916597,0.08963526513450175,0.08921401205304115,178.65653786063194,-16538643979.180605,-1040247717.9425325,-208747184.9799133,-16540379946.196175,-1895923272.590485,16571326440.112497,16649993069.287321,-0.9798649668211571,0.03489997448601214,-0.19658748326749723,0.03559455639989927,0.9993663129977388,0.0,-0.19646290833454338,0.006997444260679184,0.9804862882379087,4666.823835669874,-545.6765358480766,-0.11639820833231808,3.649363901594027e-10,191.20495787395748,0.0,-90.5,2.8,0.0,3.027706185609651e-17,2.2944619440834133,1.5707963267948966,17.55081003013531,461.0,0.0019186408034505323,11.315630721918208,0.0,0.004084871311696244,-1541.5151574854287,19.44165250876953,-309.0983417365275,0.011509820580084587,0.013461100884365059,-0.10156575588806299,0.01119732589773571,0.013722139029491343,-0.10156575588806299,-1.351635810598086e-18,3.409750129614437e-20,-1.4865340815647367e-19,-1.3520624640951245e-18,3.0161682322815584e-21,-1.4865340815647367e-19,-1541.503960159531,19.45537464779902,-309.1999074924156,-1063267.083628226,337.32343631011435,153122.2396995947,0.0972331382827074,4691.347852132073
324.6501550925481,2001.0,12.0,14.0,14.0,26.0,52.0,1.0,3474016.1252531228,-43904.26115956056,698023.703998684,-510.08116491247813,-292.9902779424302,4658.180739068613,3543720.179981869,4695.175597951269,3472086.097628254,-123829.53332419468,698023.703998684,3543720.1799818687,-525.4651317013114,-527.2854253898395,4658.180739068613,4717.28643632038,20139806.86589872,0.8256091770136811,1.633611582672779,1.4901161193847656e-08,3.516800320507886e-07,0.1986680336978927,0.1982713439336071,-0.0356491943239066,147520.17998186825,0.08981411605090273,0.08939201223329336,175.34847584366798,-16538643745.940042,-1040247686.7912873,-208762621.3634811,-16540391701.91214,-1895848497.0147715,16571326205.376451,16649996426.678165,-0.9797856267663941,0.0349433722289067,-0.19697483676667027,0.035641643917810134,0.9993646347649271,0.0,-0.19684968580320455,0.007020506992806437,0.9804085442715927,4666.656032404019,-545.6788476769095,-0.11640284477714719,3.602430257026056e-10,191.3502249773353,0.0,-90.6,2.8,0.0,3.0279458715319907e-17,2.294501087765087,1.5707963267948966,17.54380505187367,461.0,0.0018938573870868976,11.31620271563562,0.0,0.004032203393441685,-1541.2826307700482,19.4785725518451,-309.68532443428325,0.011383926664462704,0.013288887733638031,-0.1002552578695288,0.011075136128397734,0.01354731276809388,-0.1002552578695288,-1.334280670593716e-18,3.3694163968455356e-20,-1.4704062066029447e-19,-1.3347027021667121e-18,2.983527178795298e-21,-1.4704062066029447e-19,-1541.2715556339197,19.492119864613194,-309.7855796921528,-1063267.3958884291,337.47697451508026,153192.3101422295,0.0973267227622941,4691.294174710758
324.9501550925482,2001.0,12.0,14.0,14.0,26.0,52.0,1.0,3473862.9504617206,-43992.1563390471,699421.1279619836,-511.08408585591735,-292.9775813176598,4657.978952765828,3543846.642089579,4695.0836766110315,3471928.305151851,-123987.7102593764,699421.1279619836,3543846.6420895783,-526.4846851565471,-527.2274616808431,4657.978952765828,4717.194382730507,20139801.031532478,0.8256091265466581,1.6336115816936934,0.0,3.4466485697687966e-07,0.19906390273396335,0.19866639392556076,-0.035696313999008245,147646.6420895788,0.0899929534601952,0.08956999890944818,172.07870623469353,-16538643515.856459,-1040247656.0626769,-208778118.84845412,-16540403483.256157,-1895773578.062271,16571325973.81769,16649999794.327366,-0.979706137369612,0.034986759524748744,-0.1973621317737327,0.03568873361512398,0.9993629542328196,0.0,-0.19723640306308457,0.007043604546585743,0.9803306528624552,4666.487911606398,-545.6811653390325,-0.11640749063316969,3.5537121691450784e-10,191.5,0.0,-90.607380099532,2.7926199004679955,0.0,3.028192581007783e-17,2.2945413784800857,1.5707963267948966,17.53660085571954,461.0,0.0018681386002366485,11.316766935574178,0.0,0.003977508208385819,-1541.0496844428526,19.515478765573775,-310.2720872725332,0.01125166033223552,0.013108054557196191,-0.09889468427964011,0.010946781602648501,0.013363716812711592,-0.09889468427964011,-1.316256291726597e-18,3.327296098960801e-20,-1.4534577891062196e-19,-1.3166734666569976e-18,2.9491768872583012e-21,-1.4534577891062196e-19,-1541.03873766125,19.528842482386487,-310.37098195681284,-1063267.7039099112,337.63051272004617,153262.4471917489,0.09742031041896149,4691.240447426097
325.25015509254825,2001.0,12.0,14.0,14.0,26.0,53.0,1.0,3473709.474816776,-44080.04770596102,700818.4913322501,-512.0868551485156,-292.9648607908619,4657.7767855226575,3543973.3525847527,4694.991580464004,3471770.206832677,-124145.86979271975,700818.4913322501,3543973.3525847527,-527.5040834604613,-527.1694131362235,4657.7767855226575,4717.102154073795,20139795.271815445,0.825609076725528,1.6336115807268612,0.0,3.3816116207570647e-07,0.19945974341259734,0.19906141556132606,-0.03574343593883011,147773.35258475272,0.09017177733740876,0.0897479720565535,168.8432579934597,-16538643288.707941,-1040247625.7221369,-208793677.5484128,-16540415289.996801,-1895698515.740218,16571325745.212564,16650003172.009422,-0.9796264986870132,0.03503013635872163,-0.1977493681833462,0.0357358254964731,0.9993612714009312,0.0,-0.19762306000643973,0.007066736913437869,0.9802526140659291,4666.319473332089,-545.6834888307192,-0.11641214590017135,3.5087427807177255e-10,191.55419073094092,0.0,-90.7,2.7,0.0,3.0282893314876e-17,2.29455717903252,1.5707963267948966,17.533777305809316,461.0,0.0018443915764668575,11.317323948810792,0.0,0.003926892223054194,-1540.8163187901932,19.55237112682759,-310.85862988343644,0.011130108577352285,0.012942536259662723,-0.09763425333316593,0.010828793574634437,0.013195673211105647,-0.09763425333316593,-1.2995151363674398e-18,3.288308746036632e-20,-1.4378308364783914e-19,-1.299927835018908e-18,2.9173330400369686e-21,-1.4378308364783914e-19,-1540.8054899966187,19.565566800038695,-310.9562641367696,-1063268.0079905149,337.7840509250121,153332.650848153,0.09751390125578513,4691.186670278952
325.5501550925483,2001.0,12.0,14.0,14.0,26.0,53.0,1.0,3473555.6983638234,-44167.93525313338,702215.7939952242,-513.0894725215832,-292.9521163771296,4657.574237516807,3544100.311429779,4694.899309600003,3471611.8027173174,-124304.0118987785,702215.7939952242,3544100.311429779,-528.5233263403161,-527.1112797903317,4657.574237516807,4717.009750440241,20139789.589841295,0.8256090275770477,1.6336115797731008,1.4901161193847656e-08,3.318646170395641e-07,0.1998555556775457,0.19945640878837856,-0.035790560148124054,147900.31142977858,0.09035058765760663,0.0899259316496774,165.64504292607307,-16538643064.61638,-1040247595.790918,-208809297.57792687,-16540427122.246521,-1895623310.1117342,16571325519.684065,16650006559.846825,-0.979546710774894,0.03507350271601966,-0.1981365458902411,0.035782919566490316,0.9993595862687755,0.0,-0.1980096565255956,0.007089904084772715,0.9801744279375403,4666.150717733358,-545.68581816432,-0.11641681057893759,3.461562856740468e-10,191.7,0.0,-90.7,2.7,0.0,3.0285297689120494e-17,2.2945964454438017,1.5707963267948966,17.526764499282816,461.0,0.0018194866024144442,11.317873436420058,0.0,0.003873938733773821,-1540.5825340988597,19.589249612504574,-311.444951899572,0.01100159822673734,0.012767269641193445,-0.09631700604129398,0.010704080885283166,0.013017718311394111,-0.09631700604129398,-1.2820612813589649e-18,3.247452973787339e-20,-1.4213597997495526e-19,-1.2824692616110001e-18,2.883966786073096e-21,-1.4213597997495526e-19,-1540.5718300179744,19.60226733081597,-311.5412689056133,-1063268.3079669029,337.937589129978,153402.92111144168,0.09760749527584048,4691.132843270199
325.8501550925484,2001.0,12.0,14.0,14.0,26.0,53.0,1.0,3473401.6211484834,-44255.818973398666,703613.0358366924,-514.0919376961143,-292.9393480770718,4657.371308830825,3544227.518586983,4694.806864012248,3471453.0928524444,-124462.13655211589,703613.0358366924,3544227.5185869834,-529.5424135127297,-527.0530616633065,4657.371308830825,4716.917171822938,20139783.980105482,0.8256089790535982,1.633611578831452,1.4901161193847656e-08,3.2578723295145546e-07,0.20025133948245902,0.19985137355422006,-0.03583768663164331,148027.51858698344,0.0905293843958608,0.09010387766389436,162.48101225495338,-16538642843.364952,-1040247566.2394441,-208824979.04966635,-16540438979.778986,-1895547961.189194,16571325297.013931,16650009957.619717,-0.9794667736896437,0.03511685858184877,-0.19852366478922032,0.03583001582980975,0.9993578988358653,0.0,-0.19839619251295088,0.007113106051989608,0.9800960945329071,4665.981644867113,-545.6881533375686,-0.11642148466952452,3.417180529881212e-10,191.75939823372929,0.0,-90.7,2.7,0.0,3.0286346982894287e-17,2.294613581711573,1.5707963267948966,17.5237058600537,461.0,0.0017960533720604815,11.31841593818399,0.0,0.003824119833217616,-1540.3483306560715,19.62611419952976,-312.03105295394477,0.01088131119317889,0.012602230345166578,-0.09507678970170377,0.010587360693148706,0.01285017262563454,-0.09507678970170377,-1.2655862596650776e-18,3.208989018131735e-20,-1.4058987253722368e-19,-1.2659898120049498e-18,2.8526486923486785e-21,-1.4058987253722368e-19,-1540.3377432953785,19.638964372155392,-312.12612974364646,-1063268.6041296758,338.0911273349439,153473.25798161502,0.09770109248220338,4691.078966400713
326.15015509254846,2001.0,12.0,14.0,14.0,26.0,54.0,1.0,3473247.243216453,-44343.69885959308,705010.2167424781,-515.0942504061767,-292.92655590672035,4657.16799966333,3544354.974018618,4694.714243811333,3471294.0772848087,-124620.24372730244,705010.2167424781,3544354.974018618,-530.5613447077476,-526.994758790432,4657.16799966333,4716.824418332616,20139778.44753284,0.8256089311977746,1.6336115779026545,0.0,3.1924672850413087e-07,0.20064709476896408,0.20024630980637675,-0.03588481539414189,148154.97401861846,0.09070816752723593,0.09028181007427905,159.3538203239441,-16538642625.148207,-1040247537.092226,-208840722.0800454,-16540450862.77925,-1895472469.0391278,16571325077.397873,16650013365.523134,-0.9793866874877455,0.03516020394142605,-0.19891072477515756,0.03587711429106625,0.9993562091017125,0.0,-0.19878266786097554,0.007136342806477151,0.9800176139077407,4665.81225490651,-545.6904943637792,-0.11642616817241153,3.371175038445154e-10,191.916637798465,0.0,-90.8,2.6,0.0,3.028892998326949e-17,2.2946557653089497,1.5707963267948966,17.51618125453879,461.0,0.0017717710615321929,11.318950977731474,0.0,0.0037723522190157644,-1540.1137087494858,19.662964864854604,-312.6169326799836,0.010754897856710494,0.01243317594686657,-0.0937889021890457,0.010464615779704065,0.012678466335372986,-0.0937889021890457,-1.2485288192116261e-18,3.1689377512196613e-20,-1.3896953702745117e-19,-1.2489277315996985e-18,2.8196259183089556e-21,-1.3896953702745117e-19,-1540.103244133706,19.675643331189978,-312.71072158217265,-1063268.896218827,338.2446655399098,153543.66145867296,0.09779469287794972,4691.025039671375
326.4501550925485,2001.0,12.0,14.0,14.0,26.0,54.0,1.0,3473092.5646135146,-44431.57490455548,706407.3365984488,-516.0964103710954,-292.9137398644361,4656.964310079374,3544482.6776868715,4694.621448972469,3471134.756061246,-124778.33339891737,706407.3365984488,3544482.677686871,-531.5801196402709,-526.936371189696,4656.964310079374,4716.731489944323,20139772.98500077,0.8256088839479642,1.6336115769855082,0.0,3.1221399962540044e-07,0.2010428214926668,0.200641217492401,-0.035931946440375014,148282.67768687103,0.09088693702682238,0.09045972885593566,156.25959396362305,-16538642409.685444,-1040247508.3116857,-208856526.78097856,-16540462770.957066,-1895396833.666054,16571324860.553385,16650016783.272833,-0.9793064522257754,0.035203538779980066,-0.19929772574299903,0.03592421495489578,0.9993545170658281,0.0,-0.19916908246221265,0.007159614339613364,0.9799389861178441,4665.6425478908395,-545.692841238405,-0.11643086108761505,3.327904338509247e-10,192.0,0.0,-90.8,2.6,0.0,3.029035486832746e-17,2.2946790354478823,1.5707963267948966,17.512033250618355,461.0,0.0017489274779670144,11.319479245980519,0.0,0.003723786265951027,-1539.8786686671913,19.699801585457358,-313.20259071154476,0.010637100080060318,0.012272309572180739,-0.09258014864105701,0.010350301976702832,0.012515140004798975,-0.09258014864105701,-1.2324821723251503e-18,3.1313908687444616e-20,-1.3745648953237798e-19,-1.232876752791792e-18,2.7889786972433344e-21,-1.3745648953237798e-19,-1539.8683183652145,19.712316725462156,-313.2951708601858,-1063269.1846103817,338.39820374487573,153614.13154261553,0.09788829646615563,4690.971063083073
326.7501550925486,2001.0,12.0,14.0,14.0,26.0,54.0,1.0,3472937.585385532,-44519.44710112662,707804.3952905071,-517.0984173250544,-292.9008999669617,4656.760240276191,3544610.6295538642,4694.528479604603,3470975.129228678,-124936.40554154753,707804.3952905071,3544610.6295538642,-532.5987380404829,-526.8778988971496,4656.760240276191,4716.638386767186,20139767.597271148,0.8256088373453528,1.6336115760809193,0.0,3.057462651831399e-07,0.2014385195954561,0.20103609655986837,-0.035979079775098705,148410.62955386424,0.09106569286972374,0.09063763398397189,153.20155501365662,-16538642197.164585,-1040247479.9246882,-208872393.26807058,-16540474704.490854,-1895321055.1390107,16571324646.6697,16650020211.05754,-0.9792260679604027,0.03524686308275062,-0.19968466758776088,0.035971317825935094,0.9993528227277219,0.0,-0.19955543620927566,0.007182920642765546,0.9798602112191134,4665.472523991771,-545.6951939754639,-0.11643556341580669,3.283352699310403e-10,192.12292172651584,0.0,-90.82292172651586,2.6,0.0,3.029239950687201e-17,2.2947124269293444,1.5707963267948966,17.506084629317968,461.0,0.0017254138004945188,11.320000278561348,0.0,0.0036737953690997023,-1539.6432106977095,19.73662433834276,-313.78802668290734,0.010514739245282189,0.012107261509716881,-0.09133634182066974,0.010231530133010296,0.012347522577353387,-0.09133634182066974,-1.2159878857176617e-18,3.092623391682457e-20,-1.35886365654649e-19,-1.2163779709139116e-18,2.75717822103917e-21,-1.35886365654649e-19,-1539.6329791675764,19.748971860920115,-313.87936302472804,-1063269.469052935,338.55174194984164,153684.66823344282,0.09798190324989739,4690.917036636695
327.05015509254866,2001.0,12.0,14.0,14.0,26.0,55.0,1.0,3472782.3055784497,-44607.31544215002,709201.3927046006,-518.1002709895412,-292.88803621403486,4656.555790335806,3544738.829581648,4694.435335699776,3470815.1968341046,-125094.46012978838,709201.3927046006,3544738.829581648,-533.6171996254823,-526.8193419321657,4656.555790335806,4716.545108793078,20139762.278701752,0.8256087913411326,1.6336115751877525,0.0,3.002500784339005e-07,0.20183418903131373,0.20143094695638128,-0.03602621540307019,148538.82958164858,0.09124443503105417,0.09081552543350982,150.1760295033455,-16538641987.363474,-1040247451.8984143,-208888321.6542846,-16540486663.14888,-1895245133.4674222,16571324435.523046,16650023648.651718,-0.9791455347483898,0.03529017683498902,-0.2000715502045325,0.03601842290882205,0.999351126086903,0.0,-0.1999417289948519,0.007206261707290473,0.979781289267536,4665.30218326551,-545.6975525718029,-0.11644027515688611,3.2404096464229997e-10,192.2,0.0,-90.9,2.5264630229392853,0.0,3.02937258999352e-17,2.2947340885719356,1.5707963267948966,17.5022278934185,461.0,0.0017027472658959519,11.320514615706097,0.0,0.0036255077379103084,-1539.4073351299937,19.773433100542494,-314.37324022877965,0.010396548874775991,0.011948994439350269,-0.09013429102344385,0.010116777582954138,0.01218677594584664,-0.09013429102344385,-1.200027340937659e-18,3.0551119408872936e-20,-1.3436714936874816e-19,-1.2004130778105863e-18,2.7262641763056307e-21,-1.3436714936874816e-19,-1539.3972183524108,19.78561987648834,-314.4633745198031,-1063269.7498443555,338.70528015480755,153755.27153115466,0.0980755132322515,4690.862960333137
327.35015509254873,2001.0,12.0,14.0,14.0,26.0,55.0,1.0,3472626.7252382943,-44695.17992047107,710598.3287267139,-519.1019710950931,-292.87514861777237,4656.350960418749,3544867.277732209,4694.342017329511,3470654.9589246116,-125252.49713824314,710598.3287267139,3544867.277732209,-534.6355041217038,-526.7607003263124,4656.350960418749,4716.45165609363,20139757.030709885,0.8256087459475574,1.6336115743064294,1.4901161193847656e-08,2.9427435484724594e-07,0.20222982974599907,0.20182576862956628,-0.03607335332904757,148667.27773220884,0.09142316348592124,0.09099340317965521,147.18460270762444,-16538641780.338062,-1040247424.24338,-208904312.0537141,-16540498646.977556,-1895169068.7041245,16571324227.16992,16650027096.111101,-0.9790648526465923,0.03533348002195786,-0.20045837348847417,0.03606553020819532,0.9993494271428797,0.0,-0.2003279607117001,0.0072296375245342655,0.9797022203191924,4665.131525846897,-545.6999170367575,-0.11644499631145241,3.1991687653795153e-10,192.32159716526107,0.0,-90.9,2.5,0.0,3.0295749473458884e-17,2.294767136035499,1.5707963267948966,17.49634736719917,461.0,0.0016809782210180293,11.321022142071271,0.0,0.003579185096268062,-1539.1710422534275,19.81022784911478,-314.95823098429537,0.010283568769972839,0.011795670715160599,-0.08898177208406159,0.010007126045303917,0.012031087339914794,-0.08898177208406159,-1.1847441240324436e-18,3.0192545153466e-20,-1.3291774345034043e-19,-1.1851257132524323e-18,2.6968500439849095e-21,-1.3291774345034043e-19,-1539.161035127382,19.822258936454695,-315.04721275637945,-1063270.0269098133,338.85881835977347,153825.94143575116,0.09816912641629459,4690.808834173298
327.6501550925488,2001.0,12.0,14.0,14.0,26.0,55.0,1.0,3472470.8444111766,-44783.04052893722,711995.2032428688,-520.1035173687327,-292.86223718503015,4656.145750654548,3544995.9739674656,4694.248524533692,3470494.415547369,-125410.51654152297,711995.2032428688,3544995.9739674656,-535.6536512519494,-526.7019741060097,4656.145750654548,4716.358028708711,20139751.851891533,0.8256087011524812,1.633611573436679,0.0,2.8817474254688297e-07,0.20262544168867555,0.2022205615270739,-0.03612049355778989,148795.9739674651,0.09160187820946718,0.0911712671975732,144.22651535272598,-16538641576.03319,-1040247396.9516147,-208920364.5801754,-16540510655.912136,-1895092860.8835416,16571324021.554773,16650030553.378902,-0.978984021711958,0.03537677262893104,-0.20084513733481696,0.03611263972869446,0.9993477258951589,0.0,-0.2007141312526502,0.007253048085832406,0.9796230044302545,4664.960551839622,-545.7022873743531,-0.11644972687975556,3.1557337859805277e-10,192.4,0.0,-90.98246745933137,2.5,0.0,3.0297096598676236e-17,2.2947891362598627,1.5707963267948966,17.492434877383268,461.0,0.0016580581128774626,11.321522971427562,0.0,0.003530467800270713,-1538.9343323578237,19.84700856114452,-315.54299858501366,0.010163207081364718,0.01163587276468703,-0.08776911475921668,0.0098902518883828,0.01186875017678895,-0.08776911475921668,-1.1686403325441717e-18,2.981234333330687e-20,-1.3137014200347763e-19,-1.1690174924552036e-18,2.665520159962074e-21,-1.3137014200347763e-19,-1538.9244421059352,19.858877311321308,-315.6307676997729,-1063270.3003234286,339.0123565647394,153896.6779472323,0.0982627428051035,4690.754658158085
327.95015509254887,2001.0,12.0,14.0,14.0,26.0,55.0,1.0,3472314.6631432846,-44870.89726039918,713392.0161391363,-521.1049095384805,-292.84930192315574,4655.9401611794365,3545124.9182492676,4694.154857358839,3470333.566749626,-125568.51831424807,713392.0161391363,3545124.9182492676,-536.6716407400315,-526.6431632981745,4655.9401611794365,4716.264226684813,20139746.741424125,0.825608656948784,1.6336115725782447,0.0,2.8194320095218066e-07,0.20302102480782067,0.20261532559658268,-0.0361676360940575,148924.91824926762,0.09178057917684673,0.09134911746241219,141.30104979872704,-16538641374.416723,-1040247370.0168393,-208936479.34792608,-16540522689.91089,-1895016510.0418618,16571323818.645138,16650034020.421417,-0.9789030420015278,0.03542005464119417,-0.20123184163886654,0.036159751474960276,0.9993460223432468,0.0,-0.2011002405106074,0.007276493382509977,0.9795436416569862,4664.78926135408,-545.7046635891144,-0.1164544668619887,3.114901568988024e-10,192.53114781158453,0.0,-91.0,2.468852188415476,0.0,3.0299269337703547e-17,2.29482461978097,1.5707963267948966,17.486128356805658,461.0,0.00163650868414707,11.322017184854074,0.0,0.0034846072037790594,-1538.6972057334262,19.883775213743874,-316.12754266692684,0.010050525058009446,0.011484429453680363,-0.08662817708661305,0.00978086803709247,0.011714938935360257,-0.08662817708661305,-1.1535133136664331e-18,2.9456154205506565e-20,-1.2992455477331543e-19,-1.1538863377272638e-18,2.636177660213024e-21,-1.2992455477331543e-19,-1538.6874248653892,19.895490152679233,-316.21417084401344,-1063270.5701286197,339.1658947697053,153967.48106559808,0.09835636240175524,4690.700432288401
328.25015509254894,2001.0,12.0,14.0,14.0,26.0,56.0,1.0,3472158.1814808915,-44958.750107709384,714788.7673016218,-522.1061473343581,-292.8363428428598,4655.73419214491,3545254.1105394,4694.0610158668715,3470172.4125787173,-125726.5024310463,714788.7673016218,3545254.1105394,-537.689472311844,-526.5842679330685,4655.73419214491,4716.170250083939,20139741.699846465,0.8256086133411223,1.6336115717313728,0.0,2.7516760397880447e-07,0.2034165790502859,0.20301006078579448,-0.0362147809426116,149054.11053940002,0.09195926636318824,0.09152695394931981,138.40920162200928,-16538641175.51,-1040247343.4444833,-208952656.47070736,-16540534748.985569,-1894940016.2270572,16571323618.462652,16650037497.259394,-0.9788219135724353,0.0354633260440441,-0.20161848629599893,0.03620686545163434,0.9993443164866488,0.0,-0.20148628837854782,0.007299973405881415,0.9794641320557431,4664.617654515927,-545.70704568895,-0.11645921625868631,3.0719876929524913e-10,192.6,0.0,-91.0,2.4,0.0,3.03004669679746e-17,2.294844178567583,1.5707963267948966,17.482654169415976,461.0,0.0016138671379764213,11.322504748392024,0.0,0.003436364975168728,-1538.4596626709056,19.920527784051583,-316.71186286645195,0.009930313367022695,0.011324843494052382,-0.08542749416744667,0.009664152541331291,0.011552807424601613,-0.08542749416744667,-1.1375599450663515e-18,2.907796310152183e-20,-1.283781463323147e-19,-1.1379285443538025e-18,2.6047077245231403e-21,-1.283781463323147e-19,-1538.4499985183643,19.932080591476183,-316.7972903606194,-1063270.8362969328,339.3194329746712,154038.35079084846,0.09844998520932695,4690.646156565167
328.550155092549,2001.0,12.0,14.0,14.0,26.0,56.0,1.0,3472001.3994703493,-45046.59906372362,716185.4566164799,-523.1072304819636,-292.82335994827514,4655.527843663851,3545383.5507995784,4693.967000080347,3470010.9530820586,-125884.46886655476,716185.4566164799,3545383.5507995784,-538.7071456887076,-526.5252880345091,4655.527843663851,4716.076098928566,20139736.72418929,0.8256085703038105,1.6336115708954415,1.4901161193847656e-08,2.702825836422609e-07,0.20381210436717906,0.20340476704243896,-0.03626192810821472,149183.55079957843,0.09213793974367716,0.09170477663348765,135.54900002479553,-16538640979.196175,-1040247317.216877,-208968896.0619623,-16540546833.00969,-1894863379.4640732,16571323420.889593,16650040983.773651,-0.9787406364819057,0.03550658682278944,-0.20200507120166478,0.03625398166335951,0.9993426083248691,0.0,-0.20187227474952257,0.0073234881472507875,0.9793844756829722,4664.445731412052,-545.7094336751285,-0.11646397506994124,3.0326766051422804e-10,192.74193849947304,0.0,-91.1,2.4,0.0,3.030280813899674e-17,2.2948824127919125,1.5707963267948966,17.47586683326471,461.0,0.001593121683470178,11.322985931580485,0.0,0.00339227567849767,-1538.2217034613607,19.957266249233726,-317.29595882044003,0.009821820339744207,0.011180657404007744,-0.0843305413459332,0.00955880082538148,0.011406339533465263,-0.0843305413459332,-1.1230226274121826e-18,2.8735385831557395e-20,-1.2698656748361742e-19,-1.1233872464511576e-18,2.5765460478178897e-21,-1.2698656748361742e-19,-1538.2121446605354,19.96867258876719,-317.38028936178597,-1063271.0989851337,339.4729711796371,154109.2871229835,0.09854361123089607,4690.591830989295
328.8501550925491,2001.0,12.0,14.0,14.0,26.0,56.0,1.0,3471844.317158093,-45134.444121298955,717582.0839698979,-524.1081587147968,-292.8103532537733,4655.321115916521,3545513.2389914533,4693.872810090007,3469849.18830715,-126042.41759541768,717582.0839698979,3545513.2389914533,-539.724660600083,-526.466223636395,4655.321115916521,4715.981773309571,20139731.81753731,0.8256085278635266,1.6336115700710845,1.4901161193847656e-08,2.6488883546935366e-07,0.20420760070245783,0.20379944431426888,-0.03630907759563011,149313.2389914533,0.09231659929349639,0.09188258549010368,132.72276732325554,-16538640785.597036,-1040247291.3521966,-208985198.2363494,-16540558942.095428,-1894786599.813776,16571323226.048647,16650044480.086195,-0.9786592107872578,0.03554983696274996,-0.20239159625138484,0.03630110011477928,0.9993408978574112,0.0,-0.20225819951665358,0.0073470375979115075,0.9793046725952126,4664.273492196831,-545.7118275592544,-0.11646874329636571,2.990987815170839e-10,192.90404873931664,0.0,-91.1,2.4,0.0,3.0305464328862037e-17,2.29492579166437,1.5707963267948966,17.46817283143228,461.0,0.0015711297703493933,11.323460434622175,0.0,0.003345510537670242,-1537.9833283963164,19.993990586482855,-317.87983016616755,0.009705056717842336,0.011025892747501617,-0.08316751155441378,0.009445433555812205,0.011249098706949024,-0.08316751155441378,-1.1076098433845039e-18,2.836960518465764e-20,-1.2548909943522526e-19,-1.107970178511834e-18,2.5462107204328527e-21,-1.2548909943522526e-19,-1537.9738829627606,20.005239685189803,-317.96299767772194,-1063271.3580303509,339.6265093846031,154180.2900620032,0.0986372404695401,4690.53745556171
329.15015509254914,2001.0,12.0,14.0,14.0,26.0,57.0,1.0,3471686.9345906405,-45222.28527329594,718978.6492481118,-525.1089317553461,-292.79732275970576,4655.114008984081,3545643.175076609,4693.778445886036,3469687.118301574,-126200.3485922887,718978.6492481118,3545643.1750766085,-540.7420167640984,-526.4070747588942,4655.114008984081,4715.887273217009,20139726.974026997,0.8256084859695473,1.6336115692573066,1.4901161193847656e-08,2.5895457263265276e-07,0.20460306801062325,0.20419409254906445,-0.03635622940962236,149443.17507660855,0.09249524498782027,0.09206038049434974,129.92724218964577,-16538640594.48147,-1040247265.8193852,-209001563.10583812,-16540571076.002014,-1894709677.2878754,16571323033.707209,16650047985.962786,-0.9785776365459015,0.03559307644925718,-0.2027780613407544,0.03634822081053844,0.9993391850837774,0.0,-0.20264406257313775,0.00737062174914665,0.9792247228490941,4664.100936925318,-545.7142273387657,-0.11647352093803687,2.951968100102219e-10,192.9539688457607,0.0,-91.1539688457607,2.3,0.0,3.03063658481957e-17,2.29494051459239,1.5707963267948966,17.46556305857817,461.0,0.0015505407293306894,11.323928842328257,0.0,0.003301606583184732,-1537.7445377677222,20.030700773018953,-318.46347654134456,0.009595830099916677,0.010881611545362825,-0.08207445370665278,0.009339363364073592,0.011102509494904314,-0.08207445370665278,-1.0930790436200726e-18,2.802541486941472e-20,-1.2408293507198239e-19,-1.0934353577020266e-18,2.5175398739192323e-21,-1.2408293507198239e-19,-1537.7351984043582,20.041803282513857,-318.5455509950512,-1063271.6137421522,339.780047589569,154251.3596079075,0.09873087292833674,4690.483030283338
329.4501550925492,2001.0,12.0,14.0,14.0,26.0,57.0,1.0,3471529.2518145866,-45310.122512576774,720375.1523373935,-526.1095493396914,-292.78426848180396,4654.9065230674205,3545773.359016559,4693.683907579681,3469524.7431129944,-126358.26183182903,720375.1523373935,3545773.359016559,-541.7592139128303,-526.3478414372621,4654.9065230674205,4715.792598762241,20139722.19854942,0.8256084446641769,1.633611568454754,0.0,2.5288109106536486e-07,0.2049985062335886,0.20458871169463014,-0.03640338355495695,149573.35901655862,0.09267387680186738,0.09223816162145339,127.16479423642159,-16538640406.042818,-1040247240.641336,-209017990.7866161,-16540583234.913136,-1894632611.952099,16571322844.059677,16650051501.597055,-0.9784959138153396,0.035636305267653996,-0.20316446636544014,0.03639534375528259,0.9993374700034693,0.0,-0.2030298638122439,0.007394240592228742,0.9791446265013386,4663.928065772457,-545.7166330266499,-0.11647830799535716,2.911289162067053e-10,193.1,0.0,-91.2,2.3,0.0,3.030877005127643e-17,2.2949797782083547,1.5707963267948966,17.458607176334706,461.0,0.0015290837473080961,11.32439066287376,0.0,0.003255988032907382,-1537.5053318679572,20.06739678608876,-319.0468975841112,0.009481379954230653,0.010731409666213854,-0.08093971042941367,0.009228215555738202,0.010949874744371575,-0.08093971042941367,-1.0780337103114842e-18,2.766751206851982e-20,-1.2261392772259627e-19,-1.0783858227363686e-18,2.4877928395754375e-21,-1.2261392772259627e-19,-1537.4961036524014,20.078346660833134,-319.1278372945406,-1063271.8658622988,339.9335857945349,154322.49576069642,0.09882450861036392,4690.428555155112
329.7501550925493,2001.0,12.0,14.0,14.0,26.0,57.0,1.0,3471371.2688766103,-45397.95583200671,721771.5931240617,-527.1100111900536,-292.77119042094506,4654.69865824317,3545903.790772753,4693.589195156308,3469362.0627891566,-126516.15728870875,721771.5931240617,3545903.790772753,-542.7762517641559,-526.2885236922568,4654.69865824317,4715.697749930554,20139717.48479669,0.8256084038928507,1.6336115676626017,0.0,2.471078031029856e-07,0.20539391532648815,0.20498330169879753,-0.036450540036400574,149703.79077275284,0.09285249471084381,0.09241592884663212,124.43272924423218,-16538640220.032135,-1040247215.7886863,-209034481.3895638,-16540595418.570164,-1894555403.8199978,16571322656.855751,16650055026.737228,-0.9784140426531664,0.035679523403294965,-0.203550811221183,0.036442468953658484,0.9993357526159873,0.0,-0.20341560312731566,0.00741789411841996,0.9790643836087586,4663.754878788665,-545.7190446208567,-0.11648310446863348,2.8731903835147315e-10,193.16723846594107,0.0,-91.2,2.232761534058927,0.0,3.0309942436092324e-17,2.2949989247053977,1.5707963267948966,17.455217294914572,461.0,0.0015089831972454055,11.324846516476851,0.0,0.003213159623226389,-1537.2657109898214,20.104078602966318,-319.63009293304026,0.009374359194222349,0.010589687825921052,-0.07987373799319401,0.009124303409625435,0.01080588662914151,-0.07987373799319401,-1.0638676412196664e-18,2.733124891890793e-20,-1.2123694537476865e-19,-1.0642158168028033e-18,2.459770010913101e-21,-1.2123694537476865e-19,-1537.2565866864118,20.11488448959546,-319.70996667103344,-1063272.1147238184,340.0871239995008,154393.69852037,0.09891814751869965,4690.374030177968
330.05015509254935,2001.0,12.0,14.0,14.0,26.0,58.0,1.0,3471212.9858234716,-45485.785224452884,723167.9714944711,-528.1103170419726,-292.75808859170917,4654.490414703256,3546034.470306572,4693.494308717816,3469199.077377891,-126674.03493760586,723167.9714944711,3546034.470306572,-543.7931300495898,-526.2291215580533,4654.490414703256,4715.6027268239395,20139712.83681233,0.825608363690539,1.633611566881373,0.0,2.4165622502903483e-07,0.20578929523221406,0.20537786250942208,-0.03649769885872082,149834.47030657204,0.09303109868996469,0.09259368214510057,121.73299804329872,-16538640036.609364,-1040247191.2801881,-209051035.0304169,-16540607627.123365,-1894478052.9533083,16571322472.256235,16650058561.54328,-0.9783320231170684,0.035722730841546015,-0.20393709580379507,0.036489596410313706,0.9993340329208309,0.0,-0.2038012804117684,0.007441582318971963,0.9789839942282579,4663.5813761398485,-545.7214621332063,-0.11648791035825166,2.8342026926188813e-10,193.3,0.0,-91.3,2.2,0.0,3.0312138770369045e-17,2.29503479356617,1.5707963267948966,17.44887039553212,461.0,0.0014884188786121347,11.325296017779031,0.0,0.003169406410633444,-1537.0256754265392,20.140746200952535,-320.21306222713474,0.009264316861171075,0.010446589877703069,-0.07878516241404682,0.009017408835998327,0.010660447685794728,-0.07878516241404682,-1.0494298830126553e-18,2.6987379661060023e-20,-1.198236391645089e-19,-1.049774017475823e-18,2.431101313363508e-21,-1.198236391645089e-19,-1537.0166580177033,20.15140664863833,-320.29184738954876,-1063272.3601132203,340.24066220446673,154464.9678869282,0.09901178965642227,4690.3194553528465
330.3501550925494,2001.0,12.0,14.0,14.0,26.0,58.0,1.0,3471054.4027020126,-45573.610682785074,724564.2873350212,-529.1104666195374,-292.7449629962179,4654.281792539158,3546165.397579334,4693.39924826426,3469035.7869271114,-126831.89475320687,724564.2873350212,3546165.3975793347,-544.80984848891,-526.169635056668,4654.281792539158,4715.507529442371,20139708.24957825,0.8256083240138352,1.6336115661103077,0.0,2.3560804576936265e-07,0.20618464590450927,0.2057723940743859,-0.0365448600266864,149965.39757933468,0.0932096887144863,0.092771421492134,119.06311711668968,-16538639855.576548,-1040247167.0907655,-209067651.82093072,-16540619860.365074,-1894400559.3700154,16571322290.061993,16650062105.814587,-0.9782498552648241,0.03576592756778469,-0.20432332000916245,0.0365367261298969,0.999332310917499,0.0,-0.20418689555909197,0.007465305185126051,0.9789034584168316,4663.407557891198,-545.723885562907,-0.11649272566442602,2.796380726199594e-10,193.38174697416835,0.0,-91.3,2.2,0.0,3.0313537873408675e-17,2.2950576426527904,1.5707963267948966,17.444829804610546,461.0,0.00146846835144754,11.325739641068235,0.0,0.0031269856290396724,-1536.7852254717557,20.177399557375498,-320.79580510583133,0.009157651542786863,0.01030608102104807,-0.07772951505372735,0.008913835920239985,0.010517671651965241,-0.07772951505372735,-1.035405083778947e-18,2.6653445528135522e-20,-1.1845161245905738e-19,-1.035745295800865e-18,2.403310256413342e-21,-1.1845161245905738e-19,-1536.7763116358353,20.187917229027462,-320.87353462088504,-1063272.6022954416,340.39420040943264,154536.30386037103,0.09910543502661015,4690.264830680692
330.6501550925495,2001.0,12.0,14.0,14.0,26.0,58.0,1.0,3470895.5195591543,-45661.43219987561,725960.5405321523,-530.1104596578889,-292.7318136491779,4654.07279193679,3546296.5725522856,4693.30401389121,3468872.1914848103,-126989.73671020678,725960.5405321523,3546296.5725522866,-545.82640681324,-526.1100642224692,4654.07279193679,4715.412157881549,20139703.726558983,0.8256082848927018,1.6336115653500347,0.0,2.303663616439751e-07,0.20657996728701952,0.20616689634159688,-0.036592023545067166,150096.57255228655,0.09338826475965682,0.092949146862978,116.42540693283081,-16538639677.070559,-1040247143.2394706,-209084331.87584084,-16540632118.422464,-1894322923.1323025,16571322110.410818,16650065659.68823,-0.9781675391543033,0.03580911356740017,-0.20470948373324432,0.03658385811705778,0.9993305866054891,0.0,-0.2045724484628499,0.007489062708113157,0.9788227762315651,4663.233424202493,-545.7263149218908,-0.11649755038772427,2.7582473193902557e-10,193.54063616920726,0.0,-91.34063616920727,2.1593638307927314,0.0,3.031614178719735e-17,2.295100167792128,1.5707963267948966,17.43731489885891,461.0,0.0014483574534188985,11.326177046324966,0.0,0.003084174621758939,-1536.5443614195424,20.214038649590606,-321.37832120900026,0.009049401127603997,0.010165138880577405,-0.0766647589527766,0.008808694573376944,0.01037442090637673,-0.0766647589527766,-1.0212909259903386e-18,2.6316402699431504e-20,-1.170624090075058e-19,-1.0216271665588972e-18,2.3751021201480986e-21,-1.170624090075058e-19,-1536.535552724969,20.224413070496983,-321.45498596795306,-1063272.8410875555,340.54773861439855,154607.70644069853,0.09919908363234198,4690.210156162455
330.95015509254955,2001.0,12.0,14.0,14.0,26.0,58.0,1.0,3470736.3364418996,-45749.24976859922,727356.7309723471,-531.1102958814943,-292.7186405512059,4653.863412986875,3546427.9951866088,4693.208605597595,3468708.2910990636,-127147.5607833089,727356.7309723471,3546427.9951866088,-546.8428047427047,-526.050409076018,4653.863412986875,4715.3166121402455,20139699.262619995,0.8256082462827244,1.6336115645994889,0.0,2.2500259981366294e-07,0.2069752593336249,0.20656136925898858,-0.03663918941863399,150227.99518660875,0.09356682680072108,0.09312685823288808,113.81631246209145,-16538639500.889183,-1040247119.6959028,-209101075.30776775,-16540644401.083563,-1894245144.252976,16571321933.09899,16650069222.95874,-0.9780850748434677,0.03585228882579316,-0.2050955868720731,0.03663099237644701,0.999328859984298,0.0,-0.20495793901667936,0.007512854879153835,0.9787419477296352,4663.058975138119,-545.7287502078556,-0.11650238452806788,2.7215763838499815e-10,193.6,0.0,-91.4,2.1,0.0,3.031719126055848e-17,2.295117306992783,1.5707963267948966,17.434288011802135,461.0,0.0014290154666359756,11.326608748524267,0.0,0.0030429827412305223,-1536.3030835643888,20.25066345498036,-321.96061017694547,0.008945313849811806,0.010029757202713811,-0.07563938316522473,0.00870759088660861,0.010236822278836103,-0.07563938316522473,-1.0076594881129812e-18,2.599104687717556e-20,-1.1572207650304013e-19,-1.0079918978231593e-18,2.3478553516600574e-21,-1.1572207650304013e-19,-1536.2943759735022,20.260900277259196,-322.0362495601107,-1063273.0767606404,340.70127681936447,154679.17562791062,0.09929273547669643,4690.15543179909
331.2501550925496,2001.0,12.0,14.0,14.0,26.0,59.0,1.0,3470576.853397334,-45837.063381832995,728752.85854213,-532.1099750265619,-292.705443718826,4653.653655882379,3546559.665443419,4693.1130234858865,3468544.0858180313,-127305.36694722493,728752.85854213,3546559.665443419,-547.8590420095426,-525.9906696535326,4653.653655882379,4715.220892321124,20139694.861823257,0.8256082082190328,1.6336115638595865,0.0,2.200130084191774e-07,0.20737052198734351,0.20695581277452033,-0.03668635765215881,150359.665443419,0.09374537481296201,0.0933045555771605,111.23915755748749,-16538639327.192656,-1040247096.4853517,-209117882.23090005,-16540656708.498894,-1894167222.8006063,16571321758.288013,16650072795.78712,-0.9780024623903701,0.035895453328375966,-0.20548162932175443,0.03667812891271627,0.9993271310534214,0.0,-0.20534336711429144,0.007536681689458288,0.9786609729683089,4662.884210864822,-545.7311914345559,-0.11650722808624431,2.6843077200151444e-10,193.75518382602112,0.0,-91.4,2.1,0.0,3.031973668071769e-17,2.295158876858658,1.5707963267948966,17.426951044018974,461.0,0.0014093629622982135,11.32703433986355,0.0,0.003001191616549217,-1536.0613922012058,20.28727395095448,-322.5426716504051,0.008839165900533236,0.009891430810893664,-0.07460007542732802,0.008604502087291285,0.010096227074191921,-0.07460007542732802,-9.938785146709251e-19,2.5661246593712273e-20,-1.1435954430447744e-19,-9.942070297042617e-19,2.3202559895855024e-21,-1.1435954430447744e-19,-1536.0527876991184,20.29737017802867,-322.61727172583244,-1063273.3091002423,340.8548150243304,154750.71142200736,0.09938639056275253,4690.100657591557
331.5501550925497,2001.0,12.0,14.0,14.0,26.0,59.0,1.0,3470417.0704726214,-45924.8730324567,730148.9231280669,-533.109496817169,-292.69222315230303,4653.443520708453,3546691.5832837643,4693.017267549096,3468379.575689954,-127463.15517667514,730148.9231280669,3546691.5832837643,-548.8751183334845,-525.930845975289,4653.443520708453,4715.124998417048,20139690.518492047,0.8256081706525242,1.6336115631292625,0.0,2.1439037576225677e-07,0.20776575520280802,0.2073502268361774,-0.0367335282504147,150491.5832837643,0.09392390877166126,0.0934822388710831,108.69036990404129,-16538639155.757233,-1040247073.5760596,-209134752.7572645,-16540669040.434937,-1894089158.7867885,16571321585.752594,16650076377.946358,-0.9779197018531552,0.03593860706057255,-0.2058676109784675,0.036725267730518305,0.9993253998123542,0.0,-0.20572873264947125,0.007560543130226409,0.9785798520049441,4662.709131441308,-545.7336385993225,-0.11651208106224473,2.648168530635391e-10,193.81287031529368,0.0,-91.5,2.0,0.0,3.032076007035567e-17,2.295175590079787,1.5707963267948966,17.42400301011737,461.0,0.00139030446825987,11.327454376314527,0.0,0.002960559743677273,-1535.819287625324,20.323870114950076,-323.1245052705523,0.00873576809772263,0.009758601740790575,-0.0735885752090537,0.008504039477458637,0.009961187919037285,-0.0735885752090537,-9.8043033881139e-19,2.5339140853908114e-20,-1.1302756532725377e-19,-9.807550473716297e-19,2.2931149346809775e-21,-1.1302756532725377e-19,-1535.8107835858466,20.33383130286911,-323.1980938457613,-1063273.5384060591,341.0083532292963,154822.31382298874,0.09948004889358944,4690.0458335408175
331.85015509254976,2001.0,12.0,14.0,14.0,26.0,59.0,1.0,3470256.987715007,-46012.67871335179,731544.9246167626,-534.1088609844111,-292.6789788604722,4653.233007610173,3546823.7486686246,4692.921337840822,3468214.7607631534,-127620.9254463874,731544.9246167626,3546823.7486686246,-549.8910334414811,-525.8709380699961,4653.233007610173,4715.028930481634,20139686.232327573,0.8256081335806106,1.6336115624084555,0.0,2.0914776396182516e-07,0.20816095892827283,0.20774461139197006,-0.03678070121817559,150623.74866862455,0.09410242865211092,0.09365990808995547,106.16986465454102,-16538638986.571308,-1040247050.9662765,-209151687.00032544,-16540681396.87031,-1894010952.2531986,16571321415.481037,16650079969.42362,-0.9778367932900588,0.035981750007818294,-0.2062535317384641,0.036772408834506644,0.9993236662605904,0.0,-0.20611403551607702,0.007584439192647694,0.9784985848969892,4662.533736986273,-545.7360917081439,-0.11651694345641,2.6135472577704405e-10,193.9671858357807,0.0,-91.5,2.0,0.0,3.0323291346047924e-17,2.295216928948987,1.5707963267948966,17.416715714281164,461.0,0.001372046111932679,11.3278688874464,0.0,0.002921735953929421,-1535.576770132495,20.36045192443123,-323.70611067899443,0.00863746819162775,0.00963006151889775,-0.07262305239470102,0.008408578226780717,0.009830552060960037,-0.07262305239470102,-9.67629049140969e-19,2.5033273959383952e-20,-1.117660701024746e-19,-9.679501535169004e-19,2.267565476607252e-21,-1.117660701024746e-19,-1535.5683615542682,20.370282476492193,-323.77873373138914,-1063273.76469386,341.1618914342622,154893.98283085474,0.0995737104722865,4689.990959647838
332.1501550925498,2001.0,12.0,14.0,14.0,27.0,0.0,1.0,3470096.6051718188,-46100.48041740238,732940.8628948634,-535.1080672645389,-292.66571085798296,4653.022116776049,3546956.1615589163,4692.82523445852,3468049.641086037,-127778.67773109833,732940.8628948634,3546956.1615589163,-550.9067870657761,-525.8109459720825,4653.022116776049,4714.932688612454,20139682.006921228,0.8256080970343509,1.6336115616977482,0.0,2.0431442857983876e-07,0.20855613310735607,0.20813896638993434,-0.03682787656021655,150756.16155891633,0.09428093442962514,0.09383756320909593,103.67981415987015,-16538638819.776833,-1040247028.6746066,-209168685.07485718,-16540693777.937197,-1893932603.2619429,16571321247.616182,16650083570.360985,-0.9777537367594079,0.03602488215556026,-0.20663939149806967,0.03681955222933589,0.9993219303976227,0.0,-0.2064992756080411,0.007608369867901363,0.978417171701983,4662.358027661885,-545.7385507728856,-0.11652181526925111,2.577604952264898e-10,194.0290683987959,0.0,-91.6,1.9709316012040805,0.0,3.0324380305946704e-17,2.2952347130137394,1.5707963267948966,17.413582648577233,461.0,0.0013530952528792548,11.328277519195447,0.0,0.002881419822264838,-1535.3338400188854,20.397019356889416,-324.28748751777397,0.008534219317934126,0.009498090927428334,-0.07161950374123167,0.008308255695546647,0.009696366222957605,-0.07161950374123167,-9.542862136460217e-19,2.4712684595532854e-20,-1.1043590224478763e-19,-9.546035166952253e-19,2.240590968363481e-21,-1.1043590224478763e-19,-1535.32553176319,20.406715723112374,-324.3591070215152,-1063273.9877740312,341.3154296392281,154965.7184456054,0.09966737530192314,4689.936035913594
332.4501550925499,2001.0,12.0,14.0,14.0,27.0,0.0,1.0,3469935.922890465,-46188.27813749551,734336.7378490624,-536.1071153820807,-292.65241914585147,4652.8108482909665,3547088.8219154887,4692.728957394548,3467884.2167070913,-127936.41200555343,734336.7378490624,3547088.8219154896,-551.9223789265757,-525.7508697026525,4652.8108482909665,4714.836272801757,20139677.83651442,0.8256080609639354,1.633611560996236,0.0,1.9936394930272808e-07,0.20895127769490088,0.20853329177813346,-0.036875054281313865,150888.82191548962,0.09445942607951283,0.09401520420382355,101.21718150377274,-16538638655.14663,-1040247006.6717452,-209185747.0921083,-16540706183.398613,-1893854111.8272908,16571321081.929462,16650087180.528297,-0.9776705323196203,0.036068003489257296,-0.20702519015368437,0.0368666979196618,0.9993201922229433,0.0,-0.20688445281937126,0.007632335147156425,0.9783356124775541,4662.182003526461,-545.7410157916215,-0.11652669650093629,2.543073973240357e-10,194.18602739436201,0.0,-91.6,1.9,0.0,3.032695219792467e-17,2.295276715197222,1.5707963267948966,17.406187649899984,461.0,0.0013348884356470406,11.328680840740919,0.0,0.00284261900660569,-1535.09049758108,20.43357238984366,-324.8686354293721,0.008435018860230131,0.009369784793095198,-0.07065459799882531,0.008211899822603065,0.009565934954038093,-0.07065459799882531,-9.414914436473793e-19,2.4405500067132745e-20,-1.0916237610809515e-19,-9.418051083561449e-19,2.214671312761699e-21,-1.0916237610809515e-19,-1535.0822856812574,20.4431383247977,-324.93929002737093,-1063274.207950592,341.468967844194,155037.52066724063,0.09976104338557909,4689.881062339062
332.75015509254996,2001.0,12.0,14.0,14.0,27.0,0.0,1.0,3469774.940918433,-46276.07186652077,735732.5493660945,-537.1060050749894,-292.6391037406806,4652.599202355481,3547221.7296991237,4692.632506758293,3467718.487674885,-128094.12824450666,735732.5493660945,3547221.729699124,-552.9378087578759,-525.6907092981045,4652.599202355481,4714.7396831590995,20139673.72574293,0.8256080254094552,1.633611560304752,0.0,1.9428737179048833e-07,0.20934639263333074,0.2089275875046567,-0.03692223438624494,151021.72969912365,0.09463790357711054,0.09419283104948993,98.78502050042152,-16538638492.863796,-1040246984.9830332,-209202873.1668474,-16540718613.427858,-1893775478.0182283,16571320918.605204,16650090800.109268,-0.977587180029205,0.03611111399437995,-0.20741092760178245,0.03691384591014119,0.9993184517360432,0.0,-0.20726956704414978,0.007656335021571648,0.9782539072814216,4662.005664754147,-545.7434867781835,-0.11653158715210253,2.5077994068808826e-10,194.3,0.0,-91.64636633235962,1.9,0.0,3.0328853375251936e-17,2.2953077637792063,1.5707963267948966,17.40072535114736,461.0,0.0013162928753523515,11.329078388767396,0.0,0.0028030826784739417,-1534.8467431160793,20.470111000840475,-325.4495540567068,0.008333272954508327,0.009239556941512147,-0.06967100407987624,0.008113050082241634,0.00943351837719227,-0.06967100407987624,-9.284306571326259e-19,2.4090917256149328e-20,-1.0785371594247883e-19,-9.28740582345191e-19,2.1881734569411235e-21,-1.0785371594247883e-19,-1534.838630065997,20.47954451921767,-325.51922506078665,-1063274.424978802,341.62250604915994,155109.38949576058,0.0998547147263342,4689.826038925221
333.05015509255,2001.0,12.0,14.0,14.0,27.0,1.0,1.0,3469613.6593032912,-46363.8615973704,737128.2973327384,-538.1047360688622,-292.62576464326486,4652.387179061535,3547354.8848705366,4692.535882548896,3467552.4540380687,-128251.82642272065,737128.2973327384,3547354.8848705366,-553.9530762809504,-525.6304647793531,4652.387179061535,4714.642919683465,20139669.66943496,0.8256079903261762,1.6336115596222525,0.0,1.8907453925087362e-07,0.2097414778768831,0.20932185351761984,-0.036969416879788296,151154.88487053663,0.0948163668977681,0.09437044372144118,96.3797909617424,-16538638332.724531,-1040246963.5783281,-209220063.41127044,-16540731067.811281,-1893696701.8483331,16571320757.43811,16650094428.896864,-0.9775036799467611,0.036154213656410444,-0.20779660373891248,0.03696099620543192,0.9993167089364122,0.0,-0.2076546181765338,0.007680369482295584,0.9781720561713944,4661.829011410236,-545.7459637304274,-0.1165364872227058,2.473717721484139e-10,194.4061060881708,0.0,-91.7,1.8,0.0,3.033063176508727e-17,2.295336807089271,1.5707963267948966,17.395619051074622,461.0,0.001298325406857982,11.329470672310158,0.0,0.002764768222346377,-1534.6025769213013,20.506635167453865,-326.0302430431346,0.00823458630072768,0.00911365204723827,-0.06871771693539873,0.008017162332523857,0.009305491567683188,-0.06871771693539873,-9.157700179905584e-19,2.3785846514583403e-20,-1.0658403163866353e-19,-9.160763160483797e-19,2.1622950936739628e-21,-1.0658403163866353e-19,-1534.5945597589687,20.51594065902155,-326.09896076007,-1063274.6391316932,341.77604425412585,155181.32493116512,0.09994838932726854,4689.770965673058
333.3501550925501,2001.0,12.0,14.0,14.0,27.0,1.0,1.0,3469452.078092688,-46451.647322939,738523.9816358144,-539.1033080995803,-292.6124018678085,4652.174778588026,3547488.287390376,4692.4390848535595,3467386.1158453743,-128409.50651496637,738523.9816358144,3547488.2873903764,-554.968181227673,-525.5701361805058,4652.174778588026,4714.545982462203,20139665.670238115,0.8256079557369943,1.6336115589493536,0.0,1.843171846397668e-07,0.21013653337037932,0.20971608976516454,-0.03701660176672354,151288.28739037644,0.09499481601682616,0.09454804219503675,94.00379011034966,-16538638174.833359,-1040246942.4744323,-209237317.93895704,-16540743546.643597,-1893617783.3782022,16571320598.533562,16650098066.99577,-0.9774200321309793,0.03619730246084271,-0.2081822184616969,0.037008148810192855,0.9993149638235398,0.0,-0.2080396061107549,0.007704438520466557,0.9780900592053711,4661.652043647107,-545.7484466597508,-0.11654139671341375,2.440399608912162e-10,194.5,0.0,-91.76476376708494,1.8,0.0,3.0332219732552807e-17,2.2953627405660355,1.5707963267948966,17.391062136789905,461.0,0.0012807605708214584,11.329857435810474,0.0,0.002727428518743316,-1534.3579992945783,20.543144867285278,-326.61070203244964,0.008138510485226432,0.008990897028989926,-0.06778857774047937,0.007923815720525203,0.00918067136603844,-0.06778857774047937,-9.034255085409716e-19,2.3488554895719054e-20,-1.0534746462441462e-19,-9.037282743166435e-19,2.1372632650141266e-21,-1.0534746462441462e-19,-1534.350075478858,20.552325538651317,-326.6784906101901,-1063274.8502694871,341.92958245909176,155253.3269734543,0.10004206719146226,4689.715842583563
333.65015509255016,2001.0,12.0,14.0,14.0,27.0,1.0,1.0,3469290.1973343557,-46539.42903612334,739919.602162183,-540.1017208948724,-292.5990154174226,4651.962001043276,3547621.937219227,4692.342113687728,3467219.473145618,-128567.16849602308,739919.602162183,3547621.9372192277,-555.9831233215068,-525.5097235248002,4651.962001043276,4714.448871510647,20139661.72441399,0.8256079216095721,1.6336115582852808,0.0,1.794337418495463e-07,0.21053155906644025,0.21011029619545793,-0.03706378905183127,151421.93721922766,0.09517325090966648,0.09472562644566325,91.6544098854065,-16538638019.042997,-1040246921.6492232,-209254636.86239868,-16540756049.767641,-1893538722.6295784,16571320441.743174,16650101714.256008,-0.9773362366406404,0.036240380393182295,-0.20856777166683169,0.037055303729083805,0.999313216396914,0.0,-0.20842453074111872,0.007728542127212648,0.9780079164413407,4661.47476154637,-545.7509355663442,-0.11654631562427893,2.40624147995274e-10,194.62742152403456,0.0,-91.8,1.772578475965429,0.0,3.033433001783801e-17,2.2953972041401314,1.5707963267948966,17.38501018085298,461.0,0.0012627572576043977,11.330239034993479,0.0,0.002689117312432329,-1534.1130105341547,20.57964007796345,-327.190930668883,0.00803909967640044,0.00886459984345055,-0.06683562086506159,0.007827224124147436,0.009052227157002279,-0.06683562086506159,-8.907740018697545e-19,2.3182573119835535e-20,-1.0406900790479826e-19,-8.91073115066808e-19,2.1113286454755383e-21,-1.0406900790479826e-19,-1534.1051833100305,20.588692305120453,-327.2577662897481,-1063275.0585895497,342.0831206640577,155325.3956226281,0.1001357483219958,4689.660669657731
333.95015509255023,2001.0,12.0,14.0,14.0,27.0,1.0,1.0,3469128.017076102,-46627.206729823505,741315.1587987527,-541.0999741911361,-292.58560530635884,4651.748846607227,3547755.834317606,4692.244969139379,3467052.525987694,-128724.81234067917,741315.1587987527,3547755.834317606,-556.9979022948476,-525.4492268464356,4651.748846607227,4714.351586916916,20139657.834662765,0.8256078879672601,1.6336115576306462,0.0,1.7504900879369298e-07,0.21092655490984397,0.210504472756695,-0.0371109787398934,151555.83431760594,0.09535167155165442,0.09490319644868857,89.3339393734932,-16538637865.460077,-1040246901.1195719,-209272020.29513878,-16540768577.280207,-1893459519.663272,16571320287.174427,16650105370.784359,-0.9772522935346155,0.036283447438946646,-0.20895326325108873,0.03710246096676583,0.9993114666560219,0.0,-0.20880939196200732,0.007752680293651865,0.9779256279373811,4661.297165261375,-545.7534304616494,-0.11655124395596085,2.374147929420897e-10,194.7,0.0,-91.8,1.7,0.0,3.033558579532006e-17,2.2954177125427653,1.5707963267948966,17.381410886720566,461.0,0.0012458387966684747,11.330615219380922,0.0,0.002653061612042933,-1533.8676109386902,20.616120777145095,-327.7709285971082,0.007945900719866138,0.00874528117421191,-0.06593840133806421,0.007736682931844656,0.00893090243357848,-0.06593840133806421,-8.788439738891225e-19,2.2894635435407065e-20,-1.0286853795159084e-19,-8.79139658782246e-19,2.0868946262783175e-21,-1.0286853795159084e-19,-1533.8598742557583,20.625051679578675,-327.8368669984463,-1063275.2639493179,342.2366588690236,155397.53087868655,0.10022943272194976,4689.60544689656
334.2501550925503,2001.0,12.0,14.0,14.0,27.0,2.0,1.0,3468965.5373658184,-46714.98039694139,742710.6514324691,-542.0980677174381,-292.57217153907226,4651.535315397191,3547889.9786459627,4692.147651232783,3466885.274420581,-128882.43802373103,742710.6514324691,3547889.9786459627,-558.0125178725328,-525.3886461700195,4651.535315397191,4714.254128705203,20139653.99801445,0.8256078547843676,1.6336115569848382,0.0,1.7055158529072421e-07,0.21132152085236267,0.21089861939709537,-0.037158170835692776,151689.97864596266,0.0955300779181959,0.09508075217953442,87.04033610224724,-16538637713.9676,-1040246880.8679621,-209289468.34971637,-16540781129.054396,-1893380174.505778,16571320134.709455,16650109036.461462,-0.9771682028718668,0.03632650358366481,-0.20933869311131276,0.037149620527900835,0.99930971460035,0.0,-0.2091941896678762,0.007776853010891958,0.9778431937516606,4661.1192548826475,-545.7559313472095,-0.11655618170858406,2.3400053385093324e-10,194.84997330745335,0.0,-91.9,1.7,0.0,3.0338046926358503e-17,2.2954579058628335,1.5707963267948966,17.374361302520935,461.0,0.0012278478998459488,11.330986263983513,0.0,0.0026148153590358834,-1533.6218008072562,20.652586942514166,-328.3506954622354,0.007845921005050282,0.00862006044281827,-0.06498714501039453,0.00763950786891904,0.008803512820235658,-0.06498714501039453,-8.662218197709134e-19,2.2588204704210413e-20,-1.0158310970381195e-19,-8.665138318719483e-19,2.060876897094192e-21,-1.0158310970381195e-19,-1533.6141612993874,20.661390455334402,-328.4156826072458,-1063275.466505589,342.3901970739895,155469.7327416296,0.10032312039440482,4689.5501743010545
334.55015509255037,2001.0,12.0,14.0,14.0,27.0,2.0,1.0,3468802.7582514766,-46802.75003038237,744106.0799503289,-543.0960012074871,-292.5587141260396,4651.321407567603,3548024.370164684,4692.050160029762,3466717.718493338,-129040.04551998449,744106.0799503289,3548024.3701646836,-559.0269697841857,-525.327981526098,4651.321407567603,4714.156496937394,20139650.214828733,0.8256078220640032,1.6336115563480154,0.0,1.659323085197815e-07,0.21171645684169255,0.2112927360649072,-0.03720536534401361,151824.37016468355,0.09570846998468956,0.09525829361360577,84.77428343892097,-16538637564.579845,-1040246860.8979256,-209306981.13899827,-16540793705.094604,-1893300687.2047155,16571319984.362728,16650112711.300806,-0.9770839647114454,0.0363695488128778,-0.2097240611444252,0.037196782417152054,0.9993079602293835,0.0,-0.20957892375325807,0.007801060270030678,0.977760613942436,4660.9410305378915,-545.7584382306464,-0.1165611288826417,2.3089074588291092e-10,195.0,0.0,-91.90546270585446,1.6,0.0,3.0340508388309837e-17,2.2954981045871197,1.5707963267948966,17.36731669771005,461.0,0.0012114565714579776,11.331352138625428,0.0,0.0025798522108124613,-1533.375580439335,20.689038551782613,-328.9302309098186,0.007755229243458741,0.008504547592533133,-0.06411766509316189,0.00755139338094665,0.00868604446099914,-0.06411766509316189,-8.546864254190016e-19,2.2309270705671624e-20,-1.0041786294885275e-19,-8.549751104631516e-19,2.0371164549588827e-21,-1.0041786294885275e-19,-1533.368029045954,20.69772459624361,-328.9943485749117,-1063275.6662393752,342.5437352789554,155542.0012114573,0.100416811342442,4689.494851872221
334.85015509255044,2001.0,12.0,14.0,14.0,27.0,2.0,1.0,3468639.6797811254,-46890.51562305328,745501.444239363,-544.0937743938667,-292.54523307506014,4651.107123262322,3548159.0088340854,4691.952495581196,3466549.8582551056,-129197.63480425284,745501.444239363,3548159.008834086,-560.0412577582429,-525.267232942596,4651.107123262322,4714.058691664341,20139646.484484274,0.8256077898007885,1.633611555719916,0.0,1.6118070224511593e-07,0.21211136282677134,0.2116868227084028,-0.03725256226964093,151959.00883408543,0.095886847726544,0.09543582072632241,82.53497210144997,-16538637417.272606,-1040246841.2035929,-209324558.7763852,-16540806305.366713,-1893221057.7983718,16571319836.109722,16650116395.27656,-0.976999579112494,0.036412583112138144,-0.21010936724742008,0.037243946639183435,0.9993062035426067,0.0,-0.20996359411275867,0.00782530206215551,0.9776778885680543,4660.762492344165,-545.7609511168848,-0.11656608547832314,2.275985401904707e-10,195.0737610426068,0.0,-92.0,1.6,0.0,3.034178246079142e-17,2.29551891176977,1.5707963267948966,17.363672679356124,461.0,0.0011941092590874826,11.331712906543466,0.0,0.002542975600797523,-1533.1289501348217,20.72547558268964,-329.5095345858493,0.007658474533286816,0.008383664637667767,-0.06319995614915715,0.007457350098745996,0.008563059875921503,-0.06319995614915715,-8.424823155496807e-19,2.201248804276981e-20,-9.917070236565456e-20,-8.42767437676936e-19,2.0118735637909278e-21,-9.917070236565456e-20,-1533.121492784723,20.73403864256556,-329.57273454199844,-1063275.8631834742,342.6972734839213,155614.33628816967,0.10051050556914233,4689.439479611074
335.1501550925505,2001.0,12.0,14.0,14.0,27.0,3.0,1.0,3468476.3020028975,-46978.27716786429,746896.7441866514,-545.09138700743,-292.5317283934335,4650.892462609329,3548293.8946144213,4691.854657921834,3466381.6937551047,-129355.20585135881,746896.7441866514,3548293.8946144213,-561.0553815214018,-525.2064004470081,4650.892462609329,4713.960712920813,20139642.80491868,0.8256077579768826,1.6336115551003823,0.0,1.5628469708117136e-07,0.21250623875835115,0.2120808792758826,-0.037299761617361114,152093.89461442083,0.09606521111920548,0.09561333349312807,80.32195734977722,-16538637271.964392,-1040246821.777223,-209342201.37350184,-16540818929.779312,-1893141286.3232355,16571319689.868618,16650120088.305763,-0.9769150461342444,0.03645560646701035,-0.21049461131736769,0.037291113198660235,0.9993044445395031,0.0,-0.21034820064106072,0.007849578378343946,0.9775950176869511,4660.5836404025695,-545.7634700103214,-0.11657105149610483,2.2453250290750513e-10,195.2,0.0,-92.02986826802605,1.570131731973955,0.0,3.0343873202099625e-17,2.2955530561665,1.5707963267948966,17.357696312780497,461.0,0.0011779510037073669,11.332068759277853,0.0,0.002508587828901832,-1532.8819101940192,20.76189801300241,-330.0886061367622,0.00756880768956057,0.008270218977864572,-0.062344607147168656,0.007370221251452155,0.008447674856907407,-0.062344607147168656,-8.311249987700144e-19,2.1737150028778013e-20,-9.801736783036793e-20,-8.314068277588529e-19,1.9884737340676905e-21,-9.801736783036793e-20,-1532.8745399727677,20.770345687859315,-330.1509507439094,-1063276.057446763,342.85081168888723,155686.73797176665,0.10060420307758716,4689.384057518629
335.4501550925506,2001.0,12.0,14.0,14.0,27.0,3.0,1.0,3468312.6249650056,-47066.03465772735,748291.9796793112,-546.0888387824295,-292.51820009017365,4650.6774257634415,3548429.027465877,4691.756647113361,3466213.225042641,-129512.75863613297,748291.9796793112,3548429.027465877,-562.0693408038018,-525.1454840684911,4650.6774257634415,4713.862560768485,20139639.176455315,0.8256077265950805,1.6336115544892627,0.0,1.5196262340524166e-07,0.2129010845842483,0.2124749057156715,-0.037346963391961405,152229.02746587712,0.0962435601380882,0.09579083188945765,78.13481253385544,-16538637128.668377,-1040246802.6171207,-209359909.04415148,-16540831578.335629,-1893061372.8219168,16571319545.652462,16650123790.400192,-0.9768303658360187,0.036498618863070494,-0.21087979325141143,0.0373382821002485,0.999302683219555,0.0,-0.21073274323292043,0.00787388920966328,0.9775120013576518,4660.404474841068,-545.7659949171083,-0.11657602693617229,2.2153164238703868e-10,195.287808295419,0.0,-92.1,1.5,0.0,3.0345365841708434e-17,2.295577432821219,1.5707963267948966,17.35343222383626,461.0,0.001162136125293405,11.332419679023165,0.0,0.002474895706201427,-1532.634460917643,20.7983058205155,-330.66744520943195,0.007480791667397078,0.008159628557318655,-0.06150622736479551,0.007284679785699349,0.008335179817150375,-0.06150622736479551,-8.199809174883215e-19,2.1466741958934686e-20,-9.688361698576996e-20,-8.202595096649062e-19,1.9654158869329237e-21,-9.688361698576996e-20,-1532.6271762378574,20.80664100033265,-330.72895143679676,-1063276.2490121722,343.0043498938532,155759.20626224828,0.100697903870858,4689.328585595905
335.75015509255064,2001.0,12.0,14.0,14.0,27.0,3.0,1.0,3468148.6487157396,-47153.78808555692,749687.1506045025,-547.0861294504398,-292.5046481731782,4650.462012856311,3548564.4073485727,4691.658463193964,3466044.4521670984,-129670.29313341438,749687.1506045025,3548564.4073485723,-563.0831353328799,-525.0844838351778,4650.462012856311,4713.764235245579,20139635.597321097,0.8256076956400429,1.633611553886476,0.0,1.4751396978812924e-07,0.21329590025494471,0.21286890197612132,-0.037394167598230194,152364.40734857228,0.09642189475866564,0.09596831589078239,75.97336354851723,-16538636987.31444,-1040246783.7175344,-209377681.89985573,-16540844250.95561,-1892981317.333039,16571319403.390905,16650127501.488419,-0.9767455382772292,0.036541620285906504,-0.21126491294676997,0.03738545334861536,0.999300919582244,0.0,-0.21111722178316994,0.007898234547170754,0.9774288396387707,4660.22499576435,-545.7685258422406,-0.11658101179904631,2.1834532547140822e-10,195.45550918571536,0.0,-92.1,1.5,0.0,3.03481010094947e-17,2.295622101501008,1.5707963267948966,17.34562418456215,461.0,0.0011453510129500169,11.332765822475938,0.0,0.002439197767873457,-1532.3866026068135,20.834698983051197,-331.2460514511747,0.007386459782522833,0.008041459781554875,-0.060618689027000794,0.007193009371921799,0.008214954638501483,-0.060618689027000794,-8.082049421630686e-19,2.1179318415027948e-20,-9.567116605747294e-20,-8.084800709567272e-19,1.940858351244797e-21,-9.567116605747294e-20,-1532.3794095974415,20.842913937689698,-331.30667014020173,-1063276.4379733074,343.1578880988191,155831.74115961452,0.10079160795203639,4689.27306384393
336.0501550925507,2001.0,12.0,14.0,14.0,27.0,4.0,1.0,3467984.373303473,-47241.537444271016,751082.2568494356,-548.0832587466679,-292.49107265266457,4650.24622404814,3548700.0342225633,4691.560106230533,3465875.375177944,-129827.8093180518,751082.2568494356,3548700.0342225633,-564.0967648397624,-525.0233997774621,4650.24622404814,4713.665736419009,20139632.068286043,0.8256076651184271,1.633611553292051,0.0,1.429269171748377e-07,0.21369068571777902,0.21326286800561192,-0.03744137424095726,152500.03422256326,0.09660021495638937,0.0961457854725737,73.83782544732094,-16538636847.933271,-1040246765.0808704,-209395520.0540926,-16540856947.659979,-1892901119.9034579,16571319263.114733,16650131221.600082,-0.9766605635173772,0.03658461072111834,-0.21164997030073862,0.03743262694842926,0.9992991536270506,0.0,-0.2115016361867185,0.007922614381913681,0.9773455325890105,4660.045203305691,-545.7710627930771,-0.11658600608504274,2.1547422999232654e-10,195.51254277820408,0.0,-92.2,1.4,0.0,3.034911492570895e-17,2.295638660009387,1.5707963267948966,17.342731624800955,461.0,0.0011302201820105298,11.333107122967577,0.0,0.002406937194104678,-1532.1383355630608,20.871077478460023,-331.8244245097531,0.007301976401575052,0.00793597649447379,-0.05981567133519556,0.007110887644532583,0.008107642024462678,-0.05981567133519556,-7.975210031473586e-19,2.0919768938207132e-20,-9.458158077798232e-20,-7.977930219955523e-19,1.918658073026627e-21,-9.458158077798232e-20,-1532.1312246754162,20.879185120484486,-331.8842401810883,-1063276.6242895145,343.311426303785,155904.34266386542,0.10088531532420422,4689.217492263733
336.3501550925508,2001.0,12.0,14.0,14.0,27.0,4.0,1.0,3467819.798776656,-47329.28272678894,752477.2983013554,-549.0802264032355,-292.47747353562886,4650.030059471896,3548835.9080478353,4691.461576262243,3465705.9941247245,-129985.30716490126,752477.2983013554,3548835.9080478353,-565.110229052417,-524.9622319226197,4650.030059471896,4713.567064327934,20139628.58764898,0.8256076350155159,1.6336115527057014,0.0,1.3898877878619466e-07,0.21408544092317078,0.21365680375254767,-0.037488583324933156,152635.9080478358,0.09677852070673522,0.0963232406103042,71.72728368639946,-16538636710.457834,-1040246746.6981572,-209413423.61909598,-16540869668.37172,-1892820780.5687232,16571319124.756474,16650134950.666443,-0.9765754416160539,0.036627590154317484,-0.21203496521068582,0.03747980290435935,0.9992973853534545,0.0,-0.21188598633854902,0.007947028704929197,0.9772620802671632,4659.865097571027,-545.7736057737096,-0.11659100979446683,2.124170689236943e-10,195.6,0.0,-92.2,1.3176149402052388,0.0,3.03506019833524e-17,2.2956629455036937,1.5707963267948966,17.33849106821776,461.0,0.001114115487181195,11.333443747830984,0.0,0.002372607056575266,-1531.8896600883227,20.907441284619754,-332.40256403336923,0.007210865756939106,0.007822396209981892,-0.05896162333231538,0.007022338128689372,0.007992073237708192,-0.05896162333231538,-7.8616371678753155e-19,2.0642002706039474e-20,-9.340738585090025e-20,-7.864323822053473e-19,1.894752681713454e-21,-9.340738585090025e-20,-1531.882637750194,20.915433357857463,-332.46152565670155,-1063276.808050599,343.46496450875094,155977.01077500093,0.1009790259904435,4689.161870856348
336.65015509255085,2001.0,12.0,14.0,14.0,27.0,4.0,1.0,3467654.9251838215,-47417.02392603357,753872.2748475566,-550.0770321532972,-292.4638508303223,4649.813519267763,3548972.0287843137,4691.362873335459,3465536.309057069,-130142.78664882855,753872.2748475566,3548972.0287843132,-566.1235276998763,-524.900980299185,4649.813519267763,4713.468219018736,20139625.154340044,0.8256076053220543,1.6336115521273082,0.0,1.3493575361575816e-07,0.21448016582079726,0.21405070916536115,-0.03753579485494986,152772.02878431324,0.09695681198518914,0.09650068127947191,69.64141765236855,-16538636574.845974,-1040246728.5647681,-209431392.70704395,-16540882413.038692,-1892740299.368802,16571318988.273766,16650138688.643967,-0.9764901726329398,0.036670558571127554,-0.21241989757405685,0.03752698122107615,0.999295614760934,0.0,-0.21227027213372177,0.007971477507244551,0.9771784827321093,4659.684678673491,-545.7761547894936,-0.11659602292771631,2.096193883333435e-10,195.7,0.0,-92.2,1.3,0.0,3.0352284004764797e-17,2.2956904149979773,1.5707963267948966,17.333697135411665,461.0,0.001099373655212663,11.333775805703484,0.0,0.002341243296305088,-1531.6405764849394,20.94379037943641,-332.9804696706709,0.007128493759450872,0.0077185059065952724,-0.05818140110814764,0.0069422984846654635,0.00788639641778726,-0.05818140110814764,-7.757936996102731e-19,2.0389718747614772e-20,-9.234673416885876e-20,-7.760593378885476e-19,1.873248939778562e-21,-9.234673416885876e-20,-1531.6336341864546,20.9516767758542,-333.03865107177904,-1063276.9893130492,343.61850271371685,156049.7454930211,0.1010727399538364,4689.106199622815
336.9501550925509,2001.0,12.0,14.0,14.0,27.0,4.0,1.0,3467489.7525735814,-47504.761034929434,755267.18637537,-551.0736757313576,-292.450204546307,4649.5966035865085,3549108.396391853,4691.263997507116,3465366.3200246883,-130300.24774470713,755267.18637537,3549108.3963918528,-567.1366605125556,-524.8396449369989,4649.5966035865085,4713.369200548385,20139621.768220503,0.8256075760368387,1.6336115515568874,0.0,1.3160349229466696e-07,0.21487486035924097,0.2144445841925096,-0.037583008835800194,152908.3963918523,0.09713508876725517,0.09667810745559301,67.5803941488266,-16538636441.092302,-1040246710.6806257,-209449427.4304555,-16540895181.64551,-1892659676.3482838,16571318853.66123,16650142435.52617,-0.9764047566278055,0.036713515957183744,-0.2128047672883705,0.03757416190325095,0.999293841848967,0.0,-0.21265449346737114,0.007995960779876875,0.9770947400428182,4659.503946736763,-545.7787098471092,-0.11660104548521112,2.0673207216295399e-10,195.8,0.0,-92.2,1.2,0.0,3.035396595743861e-17,2.295717883369674,1.5707963267948966,17.328906146177154,461.0,0.0010841634507353889,11.334103301713164,0.0,0.0023088019644405193,-1531.3910850556608,20.980124740843547,-333.5581410707486,0.007042391829254325,0.007611214507390664,-0.057374412978847995,0.006858615692758513,0.007777226995099786,-0.057374412978847995,-7.650660897849938e-19,2.0127345456048162e-20,-9.123756329743917e-20,-7.653285614077456e-19,1.8506397698654255e-21,-9.123756329743917e-20,-1531.384226439968,20.987901967838646,-333.61551548372745,-1063277.1680841781,343.77204091868276,156122.54681792588,0.10116645721746531,4689.050478564174
337.250155092551,2001.0,12.0,14.0,14.0,27.0,5.0,1.0,3467324.2809946276,-47592.494046404216,756662.0327721746,-552.0701568702717,-292.43653469072444,4649.379312563093,3549245.0108302454,4691.164948817974,3465196.027077373,-130457.6904274197,756662.0327721746,3549245.010830245,-568.1496272191658,-524.7782258635505,4649.379312563093,4713.270008957627,20139618.42770663,0.82560754714617,1.6336115509941564,0.0,1.2731557704981472e-07,0.2152695244888788,0.21483842878247827,-0.0376302252722783,153045.01083024498,0.09731335102844028,0.09685551911418214,65.54330018162727,-16538636309.134436,-1040246693.0371224,-209467527.9015159,-16540907974.119764,-1892578911.5432992,16571318720.856062,16650146191.248964,-0.97631919366051,0.03675646229813332,-0.21318957425122223,0.037621344955556274,0.9992920666170302,0.0,-0.21303865023470867,0.00802047851383341,0.9770108522583475,4659.322901868655,-545.7812709507889,-0.11660607746724973,2.039310198572939e-10,195.86876353780625,0.0,-92.2,1.1312364621937596,0.0,3.0355162523671063e-17,2.295737424779218,1.5707963267948966,17.32549943627667,461.0,0.0010694070933973637,11.33442639276552,0.0,0.0022773588734955343,-1531.1411861036393,21.01644434680283,-334.1355778831387,0.006958994310363138,0.007507144690844381,-0.05659205818178393,0.006777564180681467,0.007671339322288062,-0.05659205818178393,-7.546565056790459e-19,1.987285264308073e-20,-9.016215548650909e-20,-7.549159075420041e-19,1.8287634930967253e-21,-9.016215548650909e-20,-1531.1344085394585,21.02411568612512,-334.19216994132046,-1063277.3444476072,343.9255791236487,156195.41474971527,0.1012601777844128,4688.994707681474
337.55015509255105,2001.0,12.0,14.0,14.0,27.0,5.0,1.0,3467158.5104957297,-47680.222953388016,758056.8139253919,-553.0664753064234,-292.42284127454377,4649.161646360575,3549381.8720592135,4691.065727337139,3465025.430264994,-130615.11467185749,758056.8139253919,3549381.8720592135,-569.1624275520398,-524.7167231100995,4649.161646360575,4713.170644315619,20139615.133725137,0.825607518658059,1.6336115504392639,0.0,1.2287812309317777e-07,0.21566415815699594,0.215232242883779,-0.03767744416917942,153181.87205921346,0.09749159874426465,0.09703291623076267,63.530778497457504,-16538636179.00914,-1040246675.639031,-209485694.23317426,-16540920790.488201,-1892498005.0034325,16571318589.895256,16650149955.8483,-0.9762334837910019,0.03679939757963537,-0.21357431836028307,0.0376685303826657,0.9992902890645992,0.0,-0.213422742331022,0.008045030700111441,0.9769268194378433,4659.141544205099,-545.7838381086362,-0.11661111887425614,2.011979722148567e-10,195.93541339912608,0.0,-92.2,1.064586600873924,0.0,3.035632635688763e-17,2.295756431618045,1.5707963267948966,17.322187251715906,461.0,0.00105500903117766,11.33474499351795,0.0,0.0022466813974723115,-1530.8908799324322,21.05274917530386,-334.7127797578231,0.006877594500996106,0.00740560403076555,-0.05582874035255398,0.00669845380510662,0.007568024431876225,-0.05582874035255398,-7.444995208395493e-19,1.962448741886595e-20,-8.911242840108011e-20,-7.447559266606245e-19,1.8074126939252484e-21,-8.911242840108011e-20,-1530.8841814786272,21.060317199735735,-334.7686084981757,-1063277.518354401,344.0791173286146,156268.34928838932,0.10135390165776156,4688.938886975766
337.8501550925511,2001.0,12.0,14.0,14.0,27.0,5.0,1.0,3466992.441125741,-47767.947748813334,759451.529722485,-554.0626307713193,-292.4091243028944,4648.943605100268,3549518.9800384194,4690.966333091242,3464854.529637507,-130772.5204529203,759451.529722485,3549518.9800384194,-570.1750612384969,-524.6551367022124,4648.943605100268,4713.071106648935,20139611.88342118,0.8256074905478122,1.6336115498916863,0.0,1.1827430029502178e-07,0.21605876131563664,0.2156260264449495,-0.03772466553129985,153318.98003841983,0.09766983189026823,0.09721029878088716,61.541035920381546,-16538636050.603823,-1040246658.4705865,-209503926.53719312,-16540933630.628172,-1892416956.7578025,16571318460.665453,16650153729.20938,-0.9761476270793188,0.03684232178736085,-0.21395899951329875,0.0377157181892538,0.9992885091911489,0.0,-0.21380676965167406,0.008069617329698266,0.9768426416405399,4658.959873840142,-545.786411322844,-0.11661616970644498,1.9842167418357862e-10,196.0,0.0,-92.29872504802478,1.0,0.0,3.035745825370626e-17,2.2957749168959136,1.5707963267948966,17.318967215114057,461.0,0.0010403858585106085,11.335059377983566,0.0,0.0022155395085490612,-1530.6401668459964,21.089039204364024,-335.28974634522774,0.006794457798499922,0.007303685677103953,-0.05505373919263947,0.0066176204754416846,0.007464287004700771,-0.05505373919263947,-7.341872747881354e-19,1.9371527576568256e-20,-8.803981305028352e-20,-7.344406185037329e-19,1.785618473528451e-21,-8.803981305028352e-20,-1530.633549225521,21.096503491368725,-335.3448000844204,-1063277.689955281,344.2326555335805,156341.350433948,0.10144762884059456,4688.883016448105
338.1501550925512,2001.0,12.0,14.0,14.0,27.0,6.0,1.0,3466826.0729335914,-47855.66842561559,760846.1800509649,-555.05862300308,-292.3953837881961,4648.725188957637,3549656.3347274554,4690.866766161659,3464683.3252449436,-130929.90774551684,760846.1800509649,3549656.3347274554,-571.1875280126455,-524.5934666726143,4648.725188957637,4712.971396039022,20139608.67879597,0.8256074628327359,1.6336115493517125,0.0,1.144579909424277e-07,0.21645333391084487,0.21601977941455588,-0.03777188936343716,153456.33472745586,0.09784805044200834,0.09738766674012105,59.575220972299576,-16538635923.997717,-1040246641.5415564,-209522224.92693204,-16540946494.60885,-1892335766.8611314,16571318333.246342,16650157511.410908,-0.9760616235855868,0.036885234906992685,-0.2143436176080925,0.03776290837999632,0.999286726996153,0.0,-0.21419073209210573,0.008094238393571363,0.9767583189257596,4658.777890922046,-545.7889906029803,-0.11662122996425103,1.9579849373411805e-10,196.1,0.0,-92.3,0.9374058583823776,0.0,3.0359140267013204e-17,2.295802386257824,1.5707963267948966,17.31418449125441,461.0,0.0010265675032074366,11.335369341669256,0.0,0.0021861006115184043,-1530.3890471486939,21.12531441202894,-335.8664772962275,0.006716213195101933,0.007206268081647729,-0.054321448324979184,0.006541574386817843,0.007365162855522268,-0.054321448324979184,-7.244525606838938e-19,1.913327460910583e-20,-8.70318904771095e-20,-7.247030282919281e-19,1.765124139312718e-21,-8.70318904771095e-20,-1530.382505574307,21.13267957488446,-335.9207987445525,-1063277.8591445927,344.3861937385464,156414.41818639133,0.10154135933599484,4688.827096099552
338.45015509255126,2001.0,12.0,14.0,14.0,27.0,6.0,1.0,3466659.40596829,-47943.38497673237,762240.7647983826,-556.0544517337294,-292.38161973627706,4648.506398054896,3549793.9360858495,4690.767026575698,3464511.8171374183,-131087.2765245642,762240.7647983826,3549793.9360858495,-572.1998276023435,-524.5317130476147,4648.506398054896,4712.871512513164,20139605.517038632,0.8256074354885159,1.633611548818953,0.0,1.1151007970493862e-07,0.2168478758946415,0.21641350174118978,-0.03781911567038993,153593.93608584907,0.09802625437504346,0.09756502008402765,57.63202032446861,-16538635799.079842,-1040246624.8385047,-209540589.5136084,-16540959382.309195,-1892254435.345011,16571318207.526316,16650161302.33996,-0.9759754733700214,0.03692813692422566,-0.21472817254256202,0.037810100959569964,0.9992849424790845,0.0,-0.21457462954783302,0.008118893882698229,0.9766738513529128,4658.595595545695,-545.7915759519345,-0.11662629964802221,1.9302127828301863e-10,196.2,0.0,-92.3,0.8700798926886638,0.0,3.036082221331715e-17,2.2958298545254934,1.5707963267948966,17.30940469592992,461.0,0.0010119432080506463,11.33567516914608,0.0,0.002154941450904493,-1530.137521145287,21.16157477637205,-336.4429722621426,0.006632343277753621,0.007103182387869899,-0.05354643180877129,0.006460044787107165,0.007260234069083331,-0.05354643180877129,-7.141471667447928e-19,1.8879426716496622e-20,-8.595092135694878e-20,-7.143945478344956e-19,1.7431428814373858e-21,-8.595092135694878e-20,-1530.1310611005,21.168835010441132,-336.4965186939514,-1063278.026070727,344.5397319435123,156487.55254571929,0.10163509314704565,4688.771125931172
338.7501550925513,2001.0,12.0,14.0,14.0,27.0,6.0,1.0,3466492.4402789273,-48031.09739510492,763635.2838523398,-557.0501167017139,-292.36783215975163,4648.287232566816,3549931.784073065,4690.667114413775,3464340.005365127,-131244.62676498923,763635.2838523398,3549931.784073065,-573.2119597420344,-524.4698758601821,4648.287232566816,4712.771456151864,20139602.400049616,0.8256074085315859,1.6336115482937463,0.0,1.0745380149674388e-07,0.21724238721321665,0.21680719337347168,-0.03786634445695819,153731.7840730655,0.09820444366492986,0.09774235878818069,55.71276572346687,-16538635675.925415,-1040246608.3717718,-209559020.41020483,-16540972293.79434,-1892172962.2648823,16571318083.581097,16650165102.071316,-0.9758891764929262,0.03697102782476677,-0.21511266421468303,0.03785729593265282,0.9992831556394152,0.0,-0.21495846191445037,0.008143583788036632,0.9765892389814979,4658.412987858586,-545.7941673794652,-0.11663137875825906,1.9044606092327995e-10,196.29087119229501,0.0,-92.3,0.8,0.0,3.0362362381048103e-17,2.2958550073733517,1.5707963267948966,17.30503020984279,461.0,0.0009983794923142928,11.335976675344648,0.0,0.002126039058374745,-1529.8855891409382,21.197820275495314,-337.01923089474286,0.0065550778610553835,0.007007542413679438,-0.052827457175469376,0.006384943484737461,0.007162903960037669,-0.052827457175469376,-7.045857752086064e-19,1.8644732913973068e-20,-8.495508017149254e-20,-7.048303145838352e-19,1.722885776254211e-21,-8.495508017149254e-20,-1529.8792041974534,21.20498317945535,-337.0720583519183,-1063278.1906333566,344.69327014847823,156560.7535119319,0.10172883027683051,4688.715105944032
339.0501550925514,2001.0,12.0,14.0,14.0,27.0,7.0,1.0,3466325.175914672,-48118.80567367626,765029.7371004764,-558.0456176390937,-292.3540210637489,4648.067692613916,3550069.878648499,4690.567029701163,3464167.8899783455,-131401.95844172666,765029.7371004764,3550069.8786484986,-574.2239241596004,-524.4079551359829,4648.067692613916,4712.671226980342,20139599.32482154,0.8256073819359339,1.6336115477755793,0.0,1.0215721428991925e-07,0.2176368678189469,0.21720085426004748,-0.037913575727942884,153869.87864849856,0.09838261828726792,0.09791968282818227,53.81568515300751,-16538635554.415747,-1040246592.1253834,-209577517.72810674,-16540985228.93549,-1892091347.649942,16571317961.291225,16650168910.484089,-0.9758027330146932,0.03701390759433473,-0.2154970925225058,0.03790449330392382,0.9992813664766159,0.0,-0.21534222908762732,0.008168308100534373,0.9765044818711006,4658.230067953805,-545.7967648877533,-0.11663646729521077,1.8791326847113646e-10,196.35542072055398,0.0,-92.3,0.7,0.0,3.036349399413581e-17,2.295873488017542,1.5707963267948966,17.301817588416412,461.0,0.0009850395388167799,11.336274149599383,0.0,0.002097588011448706,-1529.6332514412088,21.234050887528436,-337.595252846244,0.0064788369406563375,0.00691342523087812,-0.05211956320798857,0.006310833931942012,0.007067117630972665,-0.05211956320798857,-6.951641623865319e-19,1.8413201503613434e-20,-8.397148198976363e-20,-6.954058951425408e-19,1.7028379790021067e-21,-8.397148198976363e-20,-1529.6269406072768,21.241118005159407,-337.64737240945203,-1063278.3529912531,344.84680835344415,156634.0210850291,0.10182257072843301,4688.6590361392045
339.35015509255146,2001.0,12.0,14.0,14.0,27.0,7.0,1.0,3466157.612924774,-48206.5098053919,766424.1244304753,-559.0409542808511,-292.34018645654805,4647.847778339646,3550208.219771484,4690.466772486239,3463995.4710274315,-131559.27152971993,766424.1244304753,3550208.219771484,-575.2357205859224,-524.3459509037912,4647.847778339646,4712.570825046982,20139596.2903923,0.8256073556932363,1.6336115472642965,0.0,9.884312124119404e-08,0.21803131766168432,0.21759448434958964,-0.03796080948814607,154008.21977148345,0.09856077821766437,0.09809699217964672,51.940302670001984,-16538635434.512941,-1040246576.0943675,-209596081.57928783,-16540998187.68464,-1892009591.540462,16571317840.618565,16650172727.538927,-0.9757161429958039,0.03705677621866021,-0.21588145736415643,0.03795169307806295,0.9992795749901568,0.0,-0.2157259309631099,0.008193066811129397,0.9764195800813951,4658.046835947375,-545.7993684821654,-0.11664156525923522,1.8533560457033103e-10,196.42277471435432,0.0,-92.3,0.6,0.0,3.036466925414206e-17,2.2958926814700065,1.5707963267948966,17.29848236353738,461.0,0.0009714659813387743,11.336567680719314,0.0,0.0020686407395905443,-1529.38050835206,21.27026659062918,-338.17103776930924,0.006400749818859097,0.006817683323339955,-0.05139937897527714,0.0062349218657411455,0.006969659494485757,-0.05139937897527714,-6.855788494007071e-19,1.8176847413603852e-20,-8.296393442192536e-20,-6.858177063701132e-19,1.6823069672419533e-21,-8.296393442192536e-20,-1529.374273430194,21.277236250123668,-338.22243714828454,-1063278.5131952036,345.00034655841006,156707.35526501093,0.10191631450493698,4688.60291651777
339.65015509255153,2001.0,12.0,14.0,14.0,27.0,7.0,1.0,3465989.75135856,-48294.20978320056,767818.4457300677,-560.0361263668832,-292.3263283516121,4647.627489926263,3550346.807401284,4690.366342856584,3463822.74856282,-131716.5660039217,767818.4457300677,3550346.8074012836,-576.2473487569221,-524.2838631974732,4647.627489926263,4712.470250439459,20139593.299274743,0.8256073298252226,1.6336115467603145,0.0,9.541398640621977e-08,0.2184257366869137,0.21798808359079913,-0.038008045742371155,154146.80740128364,0.09873892343171083,0.09827428681817899,50.08824345469475,-16538635316.316442,-1040246560.291898,-209614712.0768742,-16541011170.131117,-1891927693.994931,16571317721.663193,16650176553.334995,-0.9756294064968271,0.03709963368348602,-0.21626575863783884,0.03799889525975145,0.9992777811795068,0.0,-0.21610956743672236,0.008217859910749924,0.9763345336721425,4657.863291994181,-545.8019781733149,-0.11664667265084046,1.8281987664527264e-10,196.5,0.0,-92.3,0.5146584430181754,0.0,3.0365997801542236e-17,2.2959143782955906,1.5707963267948966,17.294713735434453,461.0,0.0009582187380738731,11.336857029951666,0.0,0.002040401899630469,-1529.1273601798523,21.306467362983792,-338.7465853170535,0.006324562486039076,0.006724270261442498,-0.05069687660834528,0.006160857123677012,0.0068745720368886196,-0.05069687660834528,-6.762314590448415e-19,1.7946340193129078e-20,-8.198122555360599e-20,-6.764675114757563e-19,1.6623014288115206e-21,-8.198122555360599e-20,-1529.1211993227287,21.31334193502068,-338.79728219366183,-1063278.6711125486,345.15388476337597,156780.7560518774,0.10201006160942643,4688.546747080804
339.9501550925516,2001.0,12.0,14.0,14.0,27.0,7.0,1.0,3465821.591265437,-48381.905600053484,769212.7008870286,-561.0311336298178,-292.31244675413217,4647.406827494888,3550485.6414971035,4690.26574083766,3463649.7226350307,-131873.8418392935,769212.7008870286,3550485.6414971035,-577.2588084010574,-524.2216920428293,4647.406827494888,4712.369503183187,20139590.348455112,0.8256073043058259,1.633611546263126,0.0,9.185692672385244e-08,0.21882012484712512,0.21838165193240347,-0.038055284495422656,154285.64149710303,0.09891705390504572,0.09845156671941857,48.257740050554276,-16538635199.707293,-1040246544.7020686,-209633409.33208072,-16541024176.145823,-1891845655.0428324,16571317604.305387,16650180387.751156,-0.9755425235784203,0.03714247997456692,-0.2166499962418328,0.03804609985367162,0.9992759850441341,0.0,-0.2164931384043654,0.00824268739031435,0.9762493427031917,4657.679436187788,-545.8045939634391,-0.11665178947028547,1.802442219293182e-10,196.6,0.0,-92.3,0.4429481286212138,0.0,3.0367679748639937e-17,2.2959418465762225,1.5707963267948966,17.289945076586232,461.0,0.0009446591696946891,11.337142488454745,0.0,0.002011509976935908,-1528.8738072313379,21.34265318280655,-339.3218951430391,0.006246065971171948,0.00662871053848715,-0.049978295661093484,0.006084539638748275,0.006777279756936687,-0.049978295661093484,-6.666750135607413e-19,1.7709821970984103e-20,-8.096920431099813e-20,-6.6690817677671745e-19,1.6417212958253395e-21,-8.096920431099813e-20,-1528.867722691699,21.349430462563486,-339.3718734387002,-1063278.8269023877,345.3074229683419,156854.22344562857,0.10210381204498548,4688.490527829399
340.25015509255167,2001.0,12.0,14.0,14.0,27.0,8.0,1.0,3465653.132694891,-48469.59724890496,770606.8897891802,-562.0259758077959,-292.2985416752139,4647.185791210534,3550624.7220180756,4690.164966499286,3463476.3932946594,-132031.09901080586,770606.8897891802,3550624.722018076,-578.2700992524426,-524.1594374714676,4647.185791210534,4712.268583348037,20139587.438852422,0.8256072791429911,1.633611545772882,0.0,8.688795409866128e-08,0.21921448208987052,0.21877518932315843,-0.038102525752106375,154424.72201807564,0.09909516961329322,0.09862883185901114,46.449441343545914,-16538635084.72195,-1040246529.32968,-209652173.45739424,-16541037205.755054,-1891763474.734424,16571317488.581839,16650184230.823023,-0.9754554943013285,0.03718531507766979,-0.2170341700744957,0.03809330686450697,0.9992741865835054,0.0,-0.21687664376201787,0.008267549240731361,0.9761640072344784,4657.495268665714,-545.8072158607608,-0.11665691571800946,1.778239621610817e-10,196.7,0.0,-92.3,0.4,0.0,3.036936163081827e-17,2.295969313796641,1.5707963267948966,17.28517932768204,461.0,0.000931915581079416,11.33742396981192,0.0,0.0019843799745290084,-1528.6198498136714,21.37882402834026,-339.8969669012813,0.006172760523003279,0.006538924195780608,-0.04930351132120889,0.006013276624113356,0.006685881120271632,-0.04930351132120889,-6.577019233962008e-19,1.7488369841900076e-20,-8.002434792595e-20,-6.579323905065009e-19,1.6225415835521607e-21,-8.002434792595e-20,-1528.6138365370473,21.385509909460534,-339.94627041260253,-1063278.9805162046,345.4609611733078,156927.7574462643,0.10219756581469855,4688.43425876464
340.55015509255173,2001.0,12.0,14.0,14.0,27.0,8.0,1.0,3465484.3756964877,-48557.28472271155,772001.0123243863,-563.0206526378748,-292.28461312472,4646.964381228449,3550764.0489232726,4690.064019901237,3463302.7605923857,-132188.3374934379,772001.0123243863,3550764.048923273,-579.281221044081,-524.0970995138081,4646.964381228449,4712.167490993822,20139584.570485793,0.8256072543368824,1.633611545289602,0.0,8.296615425989067e-08,0.21960880836389712,0.21916869571184608,-0.0381497695172292,154564.04892327264,0.09927327053211817,0.09880608221261736,44.66351655125618,-16538634971.361265,-1040246514.1751139,-209671004.56487656,-16541050258.949514,-1891681153.1156197,16571317374.493416,16650188082.550356,-0.9753683187263853,0.03722813897857348,-0.21741828003426092,0.03814051629694204,0.9992723857970872,0.0,-0.21726008340573513,0.008292445452899836,0.976078527326026,4657.310789555634,-545.8098438722407,-0.11666205139443174,1.7521158268863769e-10,196.79256115409083,0.0,-92.3,0.30743884590917936,0.0,3.0370928091128304e-17,2.2959948960349013,1.5707963267948966,17.280743085555567,461.0,0.0009181666717271744,11.337701461365219,0.0,0.001955068836547124,-1528.3654882343994,21.41497987785575,-340.4718002462431,0.006092303607749608,0.00644202651395206,-0.048574509794206404,0.0059350397596904855,0.006587197576082967,-0.048574509794206404,-6.480029600726321e-19,1.7247059657038545e-20,-7.898638137861726e-20,-6.482304627298525e-19,1.6014114861182887e-21,-7.898638137861726e-20,-1528.3595531946398,21.42156707543183,-340.5203747560373,-1063279.1319529917,345.6144993782737,157001.3580537847,0.10229132292165016,4688.377939887622
340.8501550925518,2001.0,12.0,14.0,14.0,27.0,8.0,1.0,3465315.32031987,-48644.968014433296,773395.0683805611,-564.0151638541439,-292.27066110877263,4646.742597677395,3550903.6221717005,4689.962901076302,3463128.8245789665,-132345.55726217828,773395.0683805611,3550903.6221717005,-580.2921735059208,-524.0346781966309,4646.742597677395,4712.0662261532925,20139581.74096883,0.825607229866857,1.6336115448128732,0.0,8.024520884654679e-08,0.22000310362099468,0.2195621710472773,-0.03819701579559941,154703.62217170093,0.09945135663718545,0.09898331775591153,42.898529440164566,-16538634859.531075,-1040246499.2255869,-209689902.76584792,-16541063335.624846,-1891598690.219237,16571317261.945337,16650191942.836985,-0.9752809969145116,0.037270951663069055,-0.21780232601963992,0.03818772815566267,0.9992705826843444,0.0,-0.21764345723165113,0.008317376017709023,0.9759929030379445,4657.125998958657,-545.812478001053,-0.11666719649983238,1.7293661199523356e-10,196.8545277146262,0.0,-92.3,0.2454722853738261,0.0,3.0372020162033276e-17,2.296012730906241,1.5707963267948966,17.277651718901293,461.0,0.000906187190010709,11.337975200571968,0.0,0.001929551562202303,-1528.110722801462,21.451120709652507,-341.04639483284166,0.006023377057891525,0.006357573198570267,-0.047939627301125214,0.005868033465370039,0.006501229991779266,-0.047939627301125214,-6.395509587570333e-19,1.703852009815234e-20,-7.809683020882504e-20,-6.397759241147649e-19,1.58333106906999e-21,-7.809683020882504e-20,-1528.1048547679968,21.457621939644287,-341.09433446014276,-1063279.2813387308,345.7680375832396,157075.0252681897,0.102385083368925,4688.321571199444
341.15015509255187,2001.0,12.0,14.0,14.0,27.0,9.0,1.0,3465145.9666147633,-48732.647117031825,774789.0578456561,-565.0095091968105,-292.2566856401196,4646.520440734954,3551043.4417222994,4689.861610106626,3462954.585305242,-132502.75829202356,774789.0578456561,3551043.4417222994,-581.302956374189,-523.9721735532206,4646.520440734954,4711.964788908678,20139578.952292155,0.8256072057501291,1.6336115443430241,0.0,7.742870483855356e-08,0.22039736780742447,0.21995561527828825,-0.03824426459202614,154843.44172229944,0.09962942790414762,0.09916053846456917,41.15579065680504,-16538634749.310211,-1040246484.4915148,-209708868.17301,-16541076435.849693,-1891516086.1013672,16571317151.01694,16650195811.761272,-0.9751935289267164,0.037313753116959364,-0.21818630792921923,0.03823494244535551,0.9992687772447413,0.0,-0.2180267651359755,0.008342340926038312,0.9759071344304313,4656.940897024779,-545.8151182570782,-0.11667235103470158,1.7043535098645297e-10,196.9260463581105,0.0,-92.3,0.17395364188949844,0.0,3.037326045800203e-17,2.2960329864765754,1.5707963267948966,17.274142156599588,461.0,0.0008930235235204059,11.338244997943907,0.0,0.001901505381575515,-1527.8555538231965,21.48724650205789,-341.62075031644184,0.005946258036347572,0.006264817158054759,-0.047241986202856634,0.005793041506385834,0.006406761175818585,-0.047241986202856634,-6.302636518800124e-19,1.6807256878828133e-20,-7.710124417916041e-20,-6.304857742359861e-19,1.5630901987883391e-21,-7.710124417916041e-20,-1527.84976078169,21.493653263233707,-341.6679923026447,-1063279.4285683315,345.92157578820553,157148.75908947937,0.10247884715960805,4688.2651527012085
341.45015509255194,2001.0,12.0,14.0,14.0,27.0,9.0,1.0,3464976.3146309676,-48820.322023472465,776182.9806076743,-566.0036883990489,-292.2426867236089,4646.297910520169,3551183.5075339447,4689.760147014861,3462780.0428221296,-132659.9405579801,776182.9806076743,3551183.5075339447,-582.3135693778928,-523.9095856091623,4646.297910520169,4711.863179282573,20139576.201153357,0.8256071819581349,1.6336115438795034,0.0,7.300048299977716e-08,0.2207916008762353,0.22034902835374431,-0.03829151591132006,154983.50753394468,0.09980748430870742,0.09933774431428818,39.433343678712845,-16538634640.568253,-1040246469.9555377,-209727900.89722174,-16541089559.483429,-1891433340.7903957,16571317041.576965,16650199689.190516,-0.9751059148240961,0.0373565433260596,-0.21857022566166417,0.03828215917070864,0.999266969477741,0.0,-0.21841000701499713,0.008367340168757533,0.9758212215637705,4656.755483845275,-545.8177646421947,-0.11667751499929556,1.6811361815596833e-10,197.0,0.0,-92.3,0.1,0.0,3.037453859328379e-17,2.296053860009788,1.5707963267948966,17.270527070024944,461.0,0.0008808020628917158,11.338511170411483,0.0,0.0018754640277594485,-1527.5999816083308,21.523357233428058,-342.1948663528639,0.005875109778582967,0.006178680640040202,-0.046594188141226,0.005723862387603779,0.006319051252346634,-0.046594188141226,-6.216413582778809e-19,1.6593264406987802e-20,-7.618303661573471e-20,-6.218608602596517e-19,1.5444165160194453e-21,-7.618303661573471e-20,-1527.5942577459432,21.529676284680406,-342.24146054100515,-1063279.5738161393,346.07511399317144,157222.55951765366,0.1025726142967843,4688.208684394022
341.750155092552,2001.0,12.0,14.0,14.0,27.0,9.0,1.0,3464806.364418364,-48907.99272672277,777576.8365546609,-566.9977012023361,-292.2286643729967,4646.075007218307,3551323.8195654466,4689.658511890663,3462605.1971806283,-132817.10403506266,777576.8365546609,3551323.8195654466,-583.3240122545583,-523.8469143987736,4646.075007218307,4711.761397364733,20139573.490194473,0.825607158513721,1.6336115434227492,0.0,6.989264130329237e-08,0.22118580277292632,0.22074241022253746,-0.03833876975829281,155123.81956544658,0.09998552582656385,0.09951493528077854,37.73290711641312,-16538634533.409765,-1040246455.6315095,-209747001.05129975,-16541102706.620407,-1891350454.345993,16571316933.730642,16650203575.229036,-0.9750181546678348,0.0373993222761969,-0.21895407911571643,0.03832937833641108,0.9992651593828058,0.0,-0.21879318276508186,0.008392373736726778,0.9757351644983329,4656.569759577755,-545.8204171672998,-0.11668268839413733,1.6576280675971978e-10,197.1,0.0,-92.35979951716287,0.0,0.0,3.0376220485012087e-17,2.2960813273861684,1.5707963267948966,17.26577238608627,461.0,0.000868429916229963,11.338773462022537,0.0,0.001849088214260933,-1527.344006465986,21.559452882147372,-342.7687425983789,0.005802629786250228,0.006092084306160248,-0.04593815323266981,0.005653366795387938,0.00623084645184324,-0.04593815323266981,-6.1291593644285065e-19,1.6376046064759815e-20,-7.524812759743929e-20,-6.131327696658079e-19,1.5253826624873178e-21,-7.524812759743929e-20,-1527.3383530991907,21.565683728599215,-342.81468075161155,-1063279.716942668,346.2286521981374,157296.42655271257,0.10266638478353912,4688.152166278995
342.0501550925521,2001.0,12.0,14.0,14.0,27.0,10.0,1.0,3464636.1160269137,-48995.65921975303,778970.6255747073,-567.9915473394245,-292.2146185916887,4645.85173094233,3551464.3777755518,4689.556704750201,3462430.048431818,-132974.24869829506,778970.6255747073,3551464.3777755518,-584.3342847327405,-523.7841599462644,4645.85173094233,4711.659443171225,20139570.81552183,0.8256071353832126,1.6336115429719889,0.0,6.495265578539184e-08,0.22157997345137123,0.22113576083358735,-0.038386026137757316,155264.37777555175,0.10016355243343543,0.09969211133976881,36.051692098379135,-16538634427.681084,-1040246441.4969369,-209766168.74626583,-16541115877.096706,-1891267426.791555,16571316827.3232,16650207469.72043,-0.9749302485192037,0.03744208995321053,-0.2193378681901951,0.038376599947153034,0.999263346959397,0.0,-0.2191762922826734,0.0084174416207965,0.9756489632945758,4656.383724307319,-545.8230758328144,-0.11668787121933417,1.634733889278442e-10,197.2,0.0,-92.4,-0.1,0.0,3.037790231393782e-17,2.2961087937369062,1.5707963267948966,17.261020593547286,461.0,0.0008563808714930667,11.339032247162528,0.0,0.0018233992880893981,-1527.0876287056733,21.59553342662861,-343.342378709711,0.005732014429544673,0.006007554492800174,-0.045299227678206135,0.005584688946147927,0.0061447497735257735,-0.045299227678206135,-6.044177368804231e-19,1.6164454204335044e-20,-7.433730159184373e-20,-6.046319704413079e-19,1.5068363009182458e-21,-7.433730159184373e-20,-1527.0820440167272,21.601678176402135,-343.3876779373892,-1063279.8581534773,346.3821904031033,157370.36019465615,0.10276015862295786,4688.095598357242
342.35015509255214,2001.0,12.0,14.0,14.0,27.0,10.0,1.0,3464465.5695066545,-49083.321495536235,780364.3475559488,-568.9852265514704,-292.2005493932811,4645.628081871861,3551605.18212294,4689.454725677175,3462254.5966268564,-133131.37452270987,780364.3475559488,3551605.18212294,-585.3443865496454,-523.7213222858564,4645.628081871861,4711.557316785868,20139568.17923285,0.8256071125847453,1.6336115425277014,0.0,6.322027276634106e-08,0.22197411285780833,0.22152908013584108,-0.038433285054527616,155405.1821229402,0.10034156410504012,0.09986927246698929,34.39156973361969,-16538634323.465113,-1040246427.5649873,-209785404.09415978,-16541129070.985006,-1891184258.1862085,16571316722.438204,16650211372.747421,-0.9748421964395616,0.03748484634295183,-0.21972159278399658,0.03842382400762577,0.9992615322069748,0.0,-0.2195593354642934,0.008442543811807502,0.9755626180130436,4656.197378185845,-545.825740649463,-0.11669306347552127,1.6128431284854637e-10,197.3,0.0,-92.4,-0.2,0.0,3.037958408042361e-17,2.296136259067922,1.5707963267948966,17.25627168875487,461.0,0.0008448588939202922,11.339287325013608,0.0,0.0017988294456752383,-1526.8308486372964,21.631598845313015,-343.9157743440379,0.005664631958230764,0.005926328640086501,-0.044688173045332825,0.005519166526725269,0.00606203160852813,-0.044688173045332825,-5.962900996352849e-19,1.5962340058826042e-20,-7.34683397861598e-20,-5.965018538949969e-19,1.489134998391267e-21,-7.34683397861598e-20,-1526.8253294707697,21.637660876921544,-343.9604625170833,-1063279.9973378405,346.53572860806923,157444.36044348436,0.10285393581812621,4688.038980629882
342.6501550925522,2001.0,12.0,14.0,14.0,27.0,10.0,1.0,3464294.724907703,-49170.97954704793,781758.0023865644,-569.9787385748043,-292.1864567852508,4645.4040601460565,3551746.2325662267,4689.352574714074,3462078.8418169823,-133288.48148334856,781758.0023865644,3551746.2325662267,-586.3543174375087,-523.6584014457987,4645.4040601460565,4711.455018251139,20139565.57975619,0.8256070901047273,1.63361154208962,0.0,5.960464477539064e-08,0.22236822094320208,0.22192236807827265,-0.03848054651341897,155546.23256622674,0.10051956081711844,0.10004641863818631,32.75163075327873,-16538634220.699863,-1040246413.8273308,-209804707.20624065,-16541142288.21305,-1891100948.5676541,16571316619.013264,16650215284.246311,-0.9747539984903545,0.03752759143128428,-0.22010525279609416,0.0384710505225217,0.9992597151249987,0.0,-0.21994231220654087,0.00846768030059095,0.9754761287143666,4656.010721324608,-545.8284116217782,-0.11669826516303348,1.5888622079881553e-10,197.37029070778343,0.0,-92.4,-0.27029070778342096,0.0,3.038080563245575e-17,2.2961562085265403,1.5707963267948966,17.25282401765182,461.0,0.0008322432652629973,11.339538847879659,0.0,0.0017719546142121166,-1526.5736665711474,21.667649116670265,-344.4889291589903,0.005589716950065295,0.0058374585093312085,-0.044019730243181475,0.005446302957410537,0.005971485705091476,-0.044019730243181475,-5.873889459878451e-19,1.5739125651197566e-20,-7.250070450401221e-20,-5.875979361783357e-19,1.4694706313515705e-21,-7.250070450401221e-20,-1526.56822026819,21.673620602375358,-344.53294888923347,-1063280.1345787123,346.68926681303515,157518.42729919718,0.10294771637212997,4687.9823130980385
342.9501550925523,2001.0,12.0,14.0,14.0,27.0,10.0,1.0,3464123.5822802554,-49258.63336726717,783151.5899547851,-570.9720831470828,-292.1723407763396,4645.179665913456,3551887.5290639633,4689.250251912761,3461902.7840535142,-133445.56955526225,783151.5899547851,3551887.5290639633,-587.3640771299251,-523.5953974556012,4645.179665913456,4711.352547618913,20139563.01634571,0.8256070679367045,1.6336115416576187,0.0,5.771194914292421e-08,0.22276229765749808,0.22231562460988544,-0.038527810519248036,155687.52906396333,0.10069754254542328,0.1002235498291199,31.131486117839813,-16538634119.355955,-1040246400.280028,-209824078.19398224,-16541155528.741192,-1891017497.978056,16571316517.018812,16650219204.186304,-0.9746656547331151,0.037570325204083654,-0.22048884812554034,0.03851827949653456,0.999257895712927,0.0,-0.2203252224060946,0.008492851077968523,0.9753894954592613,4655.823753844247,-545.8310887555722,-0.11670347628224752,1.56752652710596e-10,197.43441132995414,0.0,-92.4,-0.334411329954155,0.0,3.0381931729230495e-17,2.2961745990825047,1.5707963267948966,17.249647021827155,461.0,0.0008210146082044498,11.339786888363198,0.0,0.001748037894455554,-1526.3160828179068,21.703684219198877,-345.06184281265564,0.0055238557580882235,0.005758330528726992,-0.04342476592622125,0.005382257582971081,0.005890896046000472,-0.04342476592622125,-5.794663120046235e-19,1.554170772161206e-20,-7.165022004791552e-20,-5.796728754855519e-19,1.452189194137074e-21,-7.165022004791552e-20,-1526.3107005603238,21.709575115244878,-345.10526757858185,-1063280.2699154858,346.84280501800106,157592.56076179462,0.1030415002880551,4687.925595762841
343.25015509255235,2001.0,12.0,14.0,14.0,27.0,11.0,1.0,3463952.1416745866,-49346.282949174885,784545.1101488796,-571.9652600074326,-292.15820137671113,4644.954899333181,3552029.0715746363,4689.147757335694,3461726.423387851,-133602.63871351027,784545.1101488796,3552029.0715746367,-588.3736653619957,-523.5323103461869,4644.954899333181,4711.249904951684,20139560.48918837,0.8256070460822897,1.6336115412317291,0.0,5.16191365590357e-08,0.22315634294947165,0.22270884967970847,-0.03857507707683244,155829.07157463674,0.10087550926571977,0.10040066601556691,29.531339079141617,-16538634019.4409,-1040246386.9240788,-209843517.16911387,-16541168792.566654,-1890933906.4645867,16571316416.462408,16650223132.573818,-0.9745771652294631,0.03761304764723769,-0.22087237867146337,0.03856551093435898,0.999256073970217,0.0,-0.22070806595970957,0.008518056134752199,0.975302718308531,4655.636475875966,-545.8337720580948,-0.11670869683358544,1.5461508691215313e-10,197.4988394682959,0.0,-92.4,-0.3988394682959123,0.0,3.038306271435439e-17,2.2961930694712676,1.5707963267948966,17.24645745579474,461.0,0.0008097663742247889,11.34003142775457,0.0,0.0017240795891231842,-1526.0580976886445,21.739704131425555,-345.63451496357345,0.005457599522376305,0.0056790748246023925,-0.042828790408558574,0.005317823818895651,0.005810166369499315,-0.042828790408558574,-5.715298056004664e-19,1.5343510154786717e-20,-7.079452449868739e-20,-5.717339270449601e-19,1.4348028872892943e-21,-7.079452449868739e-20,-1526.0527798648257,21.745514297795054,-345.67734375398203,-1063280.4033382833,346.99634322296697,157666.7608312767,0.10313528756898786,4687.868828625417
343.5501550925524,2001.0,12.0,14.0,14.0,27.0,11.0,1.0,3463780.403141049,-49433.92828575495,785938.5628571649,-572.9582688938281,-292.1440385950666,4644.729760553636,3552170.860056666,4689.045091034323,3461549.7598714707,-133759.688933161,785938.5628571649,3552170.8600566667,-589.3830818676364,-523.4691401470734,4644.729760553636,4711.147090300911,20139557.997485746,0.8256070245345772,1.6336115408118188,0.0,4.942156062059701e-08,0.22355035676919954,0.2231020432367991,-0.038622346190991065,155970.86005666712,0.1010534609537851,0.10057776717330749,27.950774550437927,-16538633920.923246,-1040246373.7553018,-209863024.24298298,-16541182079.64769,-1890850174.06931,16571316317.312397,16650227069.375967,-0.9744885300411056,0.037655758746646326,-0.22125584433306988,0.0386127448406908,0.9992542498963253,0.0,-0.22109084276421986,0.00854329546174443,0.9752157973230645,4655.448887540188,-545.8364615351132,-0.1167139268174262,1.5231102407915915e-10,197.6,0.0,-92.4,-0.5,0.0,3.0384762532494345e-17,2.296220829608168,1.5707963267948966,17.241665986181722,461.0,0.0007976478144672975,11.340272542263754,0.0,0.0016982420290854025,-1525.7997114948173,21.77570883190569,-346.2069452707396,0.005385109753383708,0.005593706333445802,-0.04218632139607126,0.005247310647260831,0.005723171198903904,-0.04218632139607126,-5.629807252108181e-19,1.5128393697448462e-20,-6.985888091522454e-20,-5.631821738030718e-19,1.415756056079374e-21,-6.985888091522454e-20,-1525.79446418417,21.781432003104594,-346.24913159213565,-1063280.534889264,347.1498814279329,157741.02750764342,0.10322907821801454,4687.812011686906
343.8501550925525,2001.0,12.0,14.0,14.0,27.0,11.0,1.0,3463608.366730074,-49521.56936999467,787331.9479680075,-573.9511095447605,-292.12985244046456,4644.504249726022,3552312.8944684104,4688.942253062798,3461372.79355593,-133916.7201892926,787331.9479680075,3552312.8944684104,-590.3923263812911,-523.4058868881503,4644.504249726022,4711.044103720763,20139555.540671464,0.8256070032886657,1.6336115403977929,0.0,4.712160915387242e-08,0.2239443390664927,0.2234952052302437,-0.03866961786654422,156112.8944684104,0.10123139758541388,0.1007548532781516,26.389515310525894,-16538633823.78071,-1040246360.7707212,-209882599.52696997,-16541195389.951694,-1890766300.8355649,16571316219.546354,16650231014.569101,-0.9743997492298354,0.037698458488221856,-0.22163924500964566,0.03865998122022718,0.9992524234907072,0.0,-0.22147355271653907,0.008568569049738232,0.9751287325638366,4655.260988960095,-545.8391571927541,-0.11671916623415958,1.5026546488833083e-10,197.7,0.0,-92.4,-0.6,0.0,3.0386444318960454e-17,2.296248295265487,1.5707963267948966,17.23692806086507,461.0,0.0007868844083020683,11.340510286233872,0.0,0.0016752915933784395,-1525.5409245482672,21.811698299223554,-346.77913339360725,0.0053215071586833395,0.0055178523170382725,-0.04161558276883912,0.005185453840193319,0.005645901265855348,-0.04161558276883912,-5.553879317583666e-19,1.4938563002579395e-20,-6.903837166429815e-20,-5.555870391556431e-19,1.399045990683203e-21,-6.903837166429815e-20,-1525.535739094427,21.81734420048941,-346.8207489763761,-1063280.6645983234,347.3034196328988,157815.36079089483,0.10332287223822172,4687.7551449484445
344.15015509255255,2001.0,12.0,14.0,14.0,27.0,12.0,1.0,3463436.032492171,-49609.20619488342,788725.2653698154,-574.943781701351,-292.11564292460815,4644.278367021209,3552455.174768161,4688.839243495078,3461195.5244928664,-134073.7324569915,788725.2653698154,3552455.174768161,-591.4013986400998,-523.3425506019155,4644.278367021209,4710.94094528526,20139553.11993084,0.8256069823548032,1.63361153998985,0.0,4.2146848510894035e-08,0.2243382897889166,0.22388833560915486,-0.03871689210831324,156255.17476816103,0.10140931913640475,0.10093192430590667,24.84839418530464,-16538633728.06028,-1040246347.976593,-209902243.1329832,-16541208723.51534,-1890682286.8159947,16571316123.211569,16650234968.19946,-0.9743108228575327,0.03774114685788861,-0.22202258060055294,0.038707220077666256,0.9992505947528173,0.0,-0.22185619571365783,0.008593876889516997,0.9750415240919081,4655.072780278549,-545.8418590398225,-0.11672441508425725,1.480976697578531e-10,197.8,0.0,-92.4,-0.7,0.0,3.038812604504775e-17,2.296275759936745,1.5707963267948966,17.232193005075565,461.0,0.0007754822420024934,11.340744545169445,0.0,0.0016509822567006022,-1525.281737161223,21.847672511991785,-347.3510789920841,0.005253328260303704,0.005437529315812015,-0.041011103714736534,0.00511913438603523,0.005564049425421411,-0.041011103714736534,-5.473441763252562e-19,1.4736202333829315e-20,-6.815837283608072e-20,-5.475407706185441e-19,1.3811324511818023e-21,-6.815837283608072e-20,-1525.276618026837,21.853236561417205,-347.39209009579884,-1063280.7924028821,347.4569578378647,157889.7606810308,0.10341666963269613,4687.698228411177
344.4501550925526,2001.0,12.0,14.0,14.0,27.0,12.0,1.0,3463263.400477929,-49696.83875341372,790118.5149510445,-575.9362850985244,-292.10141005225773,4644.052112558985,3552597.700914146,4688.736062353177,3461017.952733998,-134230.72571135356,790118.5149510445,3552597.700914146,-592.410298374841,-523.2791313141045,4644.052112558985,4710.837615016355,20139550.73182787,0.8256069617032745,1.6336115395874111,0.0,3.942476676500724e-08,0.22473220889005857,0.22428143432267392,-0.03876416892112075,156397.7009141459,0.10158722558257559,0.10110898023239628,23.32530176639557,-16538633633.626207,-1040246335.3547615,-209921955.17136437,-16541222080.192532,-1890598132.038901,16571316028.171421,16650238930.128927,-0.9742217509861635,0.0377838238415832,-0.22240585100523289,0.038754461417707387,0.999248763682109,0.0,-0.2222387716526463,0.008619218971854676,0.9749541719684255,4654.884261587166,-545.8445670780872,-0.11672967336797625,1.4599986014512864e-10,197.8846261426824,0.0,-92.4,-0.7846261426824126,0.0,3.0389569842421845e-17,2.296299338937239,1.5707963267948966,17.228130011429247,461.0,0.0007644478055659833,11.340975651467781,0.0,0.0016274675073522566,-1525.0221496462982,21.88363144885186,-347.92278172653573,0.005187419167132157,0.005359802767080947,-0.04042631096078222,0.005055024156841811,0.0054848458584799255,-0.04042631096078222,-5.395591395676316e-19,1.454042234735488e-20,-6.73072947245231e-20,-5.39753303795193e-19,1.3638237336650155e-21,-6.73072947245231e-20,-1525.0170946221413,21.88911629471034,-347.9632080374965,-1063280.918484347,347.6104960428306,157964.22717805143,0.10351047040452468,4687.641262076252
344.7501550925527,2001.0,12.0,14.0,14.0,27.0,12.0,1.0,3463090.4707380137,-49784.467038580944,791511.6966001971,-576.9286194812852,-292.0871538389117,4643.825486538456,3552740.4728645287,4688.632709739421,3460840.07833112,-134387.69992748374,791511.6966001971,3552740.472864528,-593.419025326634,-523.2156290609702,4643.825486538456,4710.734113016506,20139548.380051643,0.8256069413659786,1.6336115391910961,0.0,3.6500241499888574e-08,0.22512609631429129,0.2246745013199701,-0.038811448309790685,156540.4728645282,0.10176511689975794,0.10128602103346113,21.82266390323639,-16538633540.624489,-1040246322.9247035,-209941735.75474328,-16541235460.118921,-1890513836.5702899,16571315934.57284,16650242900.503616,-0.9741325336777806,0.037826489425254496,-0.222789056123205,0.03880170524505115,0.999246930278035,0.0,-0.22262128043065343,0.00864459528751576,0.9748666762546206,4654.695433057032,-545.8472813201951,-0.11673494108590743,1.439270284729575e-10,197.9560809605869,0.0,-92.4,-0.8560809605868742,0.0,3.0390809909837995e-17,2.2963195907750262,1.5707963267948966,17.22464192056442,461.0,0.0007535454075119431,11.341203248719971,0.0,0.0016042435727165812,-1524.7621623164885,21.91957508847399,-348.49424125778484,0.0051221837146636535,0.005283018343642574,-0.03984870261486036,0.004991567717907285,0.005406597871450708,-0.03984870261486036,-5.318666040775044e-19,1.4346755688030756e-20,-6.646450475203031e-20,-5.320583617746254e-19,1.3466987081976736e-21,-6.646450475203031e-20,-1524.7571707487705,21.92498168634544,-348.5340899603997,-1063281.042647941,347.76403424779653,158038.7602819567,0.10360427455679444,4687.584245944822
345.05015509255276,2001.0,12.0,14.0,14.0,27.0,13.0,1.0,3462917.2433231687,-49872.09104338322,792904.8102058221,-577.9207845840868,-292.0728742884162,4643.598489072953,3552883.4905774076,4688.529185668998,3460661.901336108,-134544.655080496,792904.8102058221,3552883.490577408,-594.4275792257694,-523.1520438674015,4643.598489072953,4710.630439300823,20139546.060544766,0.8256069213078253,1.63361153880022,0.0,3.332000937312528e-08,0.22551995201607986,0.22506753655024053,-0.03885873027914814,156683.4905774081,0.10194299306379345,0.10146304668495541,20.3379625082016,-16538633448.894787,-1040246310.6649576,-209961584.993163,-16541248863.1238,-1890429400.4352982,16571315842.254457,16650246879.160604,-0.974043170994523,0.03786914359486358,-0.22317219585406686,0.038848951564399235,0.9992450945400467,0.0,-0.22300372194490686,0.008670005827255264,0.9747790370118112,4654.506294773212,-545.8500017669853,-0.11674021823828007,1.4187700456063834e-10,198.02936322176015,0.0,-92.4,-0.9293632217601524,0.0,3.039207834122954e-17,2.2963403058316847,1.5707963267948966,17.22107556192773,461.0,0.0007427637625965054,11.341427729989729,0.0,0.0015812759230581766,-1524.5017754851742,21.95550340955712,-349.06545724711214,0.0050575120348474315,0.005207089200338072,-0.03927748727236127,0.004928657296837091,0.005329215999867006,-0.03927748727236127,-5.242593028628675e-19,1.4154993322609542e-20,-6.562897984980216e-20,-5.244486746273275e-19,1.32972021964143e-21,-6.562897984980216e-20,-1524.4968468278773,21.96083262555699,-349.1047347343845,-1063281.1651078872,347.91757245276244,158113.3599927466,0.10369808209259275,4687.527180018041
345.3501550925528,2001.0,12.0,14.0,14.0,27.0,13.0,1.0,3462743.7182842167,-49959.71076082136,794297.8556565134,-578.9127801480962,-292.0585714117233,4643.3711203281855,3553026.754010817,4688.425490210086,3460483.4218009156,-134701.59114551335,794297.8556565134,3553026.754010817,-595.4359598094233,-523.0883757652556,4643.3711203281855,4710.526593937532,20139543.773948085,0.8256069015343558,1.6336115384148922,0.0,3.332000937312528e-08,0.2259137759438213,0.22546053996271043,-0.038906014834019474,156826.75401081704,0.10212085405053706,0.10164005716274026,18.871689289808273,-16538633358.462553,-1040246298.578949,-209981502.99814057,-16541262289.222235,-1890344823.68402,16571315751.24189,16650250866.124388,-0.9739536629986154,0.03791178633638379,-0.2235552700974948,0.03889620038045451,0.9992432564675948,0.0,-0.22338609609271343,0.008695450581818786,0.9746912543013999,4654.31684687323,-545.8527284264945,-0.11674550482554844,1.399486898377446e-10,198.09594251352127,0.0,-92.4,-0.9959425135212846,0.0,3.039324319401077e-17,2.2963593293212656,1.5707963267948966,17.217801776735904,461.0,0.0007326205386158337,11.341649032241238,0.0,0.0015596723272064711,-1524.2409894661187,21.99141639082893,-349.63642935625643,0.004996959838216292,0.005135648138320199,-0.03874014386376019,0.004869758564220007,0.005256419023592412,-0.03874014386376019,-5.171022420801581e-19,1.3975017266509082e-20,-6.484664521002046e-20,-5.172893810322098e-19,1.3138277051858338e-21,-6.484664521002046e-20,-1524.2361197075545,21.996672809852523,-349.6751695001202,-1063281.285830345,348.07111065772835,158188.02631042112,0.10379189301500702,4687.47006429707
345.6501550925529,2001.0,12.0,14.0,14.0,27.0,13.0,1.0,3462569.89567206,-50047.326183898695,795690.8328409081,-579.9046059142004,-292.0442452192652,4643.143380466173,3553170.2631227286,4688.321623426984,3460304.6397775807,-134858.5080976675,795690.8328409081,3553170.2631227286,-596.4441668144834,-523.0246247859045,4643.143380466173,4710.422576990975,20139541.520550482,0.8256068820480651,1.6336115380351628,0.0,2.9802322387695312e-08,0.22630756804639207,0.2258535115066316,-0.03895330197923213,156970.2631227281,0.10229869983586337,0.10181705244269769,17.424110919237137,-16538633269.339321,-1040246286.6682298,-210001489.88102883,-16541275738.415377,-1890260106.364751,16571315661.546745,16650254861.405441,-0.9738640097523691,0.03795441763580059,-0.2239382787532421,0.03894345169792086,0.999241416060129,0.0,-0.22376840277145751,0.00872092954194242,0.974603328184875,4654.127089490875,-545.8554613062313,-0.11675080084815082,1.3787138206248891e-10,198.2,0.0,-92.4,-1.1,0.0,3.039498770157122e-17,2.2963878192917893,1.5707963267948966,17.212901301992094,461.0,0.0007216988742007222,11.34186712680586,0.0,0.0015363873131353052,-1523.9798045734628,22.02731401104572,-350.20715724741285,0.004930763754240918,0.005058741831660751,-0.03816121124893544,0.0048053546242062956,0.005178017676210611,-0.03816121124893544,-5.093972904411017e-19,1.3779805681123278e-20,-6.399192103349147e-20,-5.095819873387225e-19,1.296430971439564e-21,-6.399192103349147e-20,-1523.9749992188385,22.032492028721933,-350.2453184586618,-1063281.4048000574,348.22464886269427,158262.75923498027,0.10388570732712493,4687.412898783073
345.95015509255296,2001.0,12.0,14.0,14.0,27.0,13.0,1.0,3462395.7755376752,-50134.93730562204,797083.7416476954,-580.8962616212738,-292.0298957190919,4642.915269631523,3553314.0178710446,4688.217585366195,3460125.5553182126,-135015.40591210002,797083.7416476954,3553314.017871045,-597.452199975769,-522.9607909584153,4642.915269631523,4710.318388507649,20139539.299052283,0.8256068628377126,1.6336115376608134,0.0,2.9802322387695312e-08,0.22670132827477554,0.22624645113128602,-0.03900059171961507,157114.01787104504,0.10247653039564683,0.10199403250071733,15.99446839094162,-16538633181.473797,-1040246274.9259444,-210021545.7526155,-16541289210.641516,-1890175248.517444,16571315573.117403,16650258864.95083,-0.9737742113181806,0.03799703747911197,-0.22432122172114277,0.03899070552150361,0.9992395733170977,0.0,-0.22415064187860476,0.008746442698352997,0.9745152587238097,4653.937022742441,-545.8582004112885,-0.11675610630645158,1.3593225427313084e-10,198.3,0.0,-92.4,-1.2,0.0,3.039666939794977e-17,2.296415283477867,1.5707963267948966,17.208180007167005,461.0,0.0007115017966044318,11.342082139089003,0.0,0.0015146485010005927,-1523.7182211217357,22.063196248993034,-350.7776405832402,0.004869283719674766,0.004986926214630633,-0.037620681897790914,0.004745543832170906,0.005104818385584801,-0.037620681897790914,-5.02203482171836e-19,1.3598045030241373e-20,-6.31981844171163e-20,-5.023859126482605e-19,1.280276039143834e-21,-6.31981844171163e-20,-1523.7134755779036,22.06830106737862,-350.815261265138,-1063281.5220856462,348.3781870676602,158337.55876642407,0.10397952503203431,4687.355683477217
346.25015509255303,2001.0,12.0,14.0,14.0,27.0,14.0,1.0,3462221.3579321196,-50222.54411900054,798476.581965607,-581.8877470108911,-292.0155229222241,4642.686787989044,3553458.0182136097,4688.113376094587,3459946.168475006,-135172.28456396103,798476.581965607,3553458.0182136092,-598.4600590308742,-522.896874314787,4642.686787989044,4710.214028554482,20139537.109955296,0.8256068439076333,1.6336115372919795,0.0,2.1073424255447017e-08,0.22709505657763904,0.22663935878598246,-0.03904788405999829,157258.01821360923,0.10265434570579858,0.10217099731270832,14.58335617184639,-16538633094.885864,-1040246263.355601,-210041670.7240265,-16541302705.910133,-1890090250.1924903,16571315485.973927,16650262876.779549,-0.9736842677585329,0.03803964585232801,-0.22470409890110826,0.039037961855909055,0.9992377282379487,0.0,-0.22453281331169875,0.00877199004176788,0.9744270459798624,4653.746646764426,-545.8609457497644,-0.11676142120095302,1.339997976265642e-10,198.4,0.0,-92.3,-1.2200202373435816,0.0,3.039835103640335e-17,2.2964427467179576,1.5707963267948966,17.20346156010998,461.0,0.0007013408888945986,11.34229401736541,0.0,0.0014930289325848594,-1523.456239425837,22.099063083484925,-351.34787902685264,0.004807994639998092,0.0049146375829820475,-0.03708323876395821,0.004685938660884706,0.005031148367593233,-0.03708323876395821,-4.950489228654135e-19,1.3417063458974639e-20,-6.240696984628709e-20,-4.952290937659023e-19,1.2642428055796589e-21,-6.240696984628709e-20,-1523.4515534871762,22.104094231852518,-351.3849622656166,-1063281.6376606133,348.5317252726261,158412.42490475252,0.10407334613282314,4687.298418380676
346.5501550925531,2001.0,12.0,14.0,14.0,27.0,14.0,1.0,3462046.642906528,-50310.14661704609,799869.3536834199,-582.8790618192036,-292.00112683333754,4642.457935658818,3553602.2641081996,4688.00899563351,3459766.4793002326,-135329.14402840982,799869.3536834199,3553602.2641081996,-599.4677437118174,-522.8328748808362,4642.457935658818,4710.109497152761,20139534.949711367,0.8256068252271449,1.633611536928061,0.0,1.4901161193847656e-08,0.2274887529089686,0.22703223442005732,-0.039095179005213046,157402.2641082001,0.10283214574221196,0.1023479468545838,13.188547730445862,-16538633009.435307,-1040246251.9384098,-210061864.90522748,-16541316224.070564,-1890005111.4180522,16571315399.975195,16650266896.748951,-0.9735941791359941,0.03808224274147113,-0.22508691019312835,0.039085220705844685,0.9992358808221287,0.0,-0.22491491696836197,0.008797571562895063,0.9743386900147765,4653.5559616484725,-545.8636973233293,-0.11676674553191345,1.3220636851224878e-10,198.4,0.0,-92.3,-1.3,0.0,3.0398487146089005e-17,2.2964449695578124,1.5707963267948966,17.2030797723737,461.0,0.0006919082532223095,11.34250311068981,0.0,0.0014729322813584445,-1523.193859801052,22.134914493364402,-351.9178722418257,0.0047512977410969276,0.004848177644679747,-0.03658312300996721,0.004630784256956351,0.004963415544204458,-0.03658312300996721,-4.883739347546694e-19,1.3248665199952761e-20,-6.167264861317383e-20,-4.885520100164005e-19,1.2493143213341285e-21,-6.167264861317383e-20,-1523.189229016795,22.139877908908606,-351.95445536483567,-1063281.7517122924,348.685263477592,158487.3576499656,0.10416717063257969,4687.2411034946235
346.85015509255317,2001.0,12.0,14.0,14.0,27.0,14.0,1.0,3461871.630512112,-50397.74479277284,801262.0566899535,-583.8702057897588,-291.9867074648315,4642.228712818809,3553746.7555125253,4687.90444406288,3459586.487846242,-135485.98428061415,801262.0566899535,3553746.7555125244,-600.4752537582037,-522.7687926899472,4642.228712818809,4710.004794382471,20139532.819965135,0.8256068068104666,1.6336115365693087,0.0,1.4901161193847656e-08,0.22788241721600963,0.22742507798287454,-0.03914247656009169,157546.7555125244,0.1030099304808199,0.10252488110227935,11.811073988676071,-16538632925.187283,-1040246240.6826353,-210082128.40791374,-16541329765.177525,-1889919832.2494164,16571315315.186758,16650270924.923534,-0.9735039455132185,0.03812482813257588,-0.22546965549727105,0.03913248207601899,0.9992340310690835,0.0,-0.2252969527462957,0.008823187252433137,0.97425019089038,4653.364967544178,-545.8664551414798,-0.11677207929981225,1.3041555609344493e-10,198.5,0.0,-92.3,-1.3,0.0,3.0400168993381196e-17,2.2964724362084965,1.5707963267948966,17.198363639719965,461.0,0.0006824910675107515,11.342709250263637,0.0,0.0014529163043455202,-1522.9310825630441,22.170750457503143,-352.48761989219366,0.00469475494114626,0.00478195837388324,-0.03608543557429872,0.004575780871840796,0.0048959247604375145,-0.03608543557429872,-4.817503965104888e-19,1.3081417377401026e-20,-6.094273842195129e-20,-4.819263884581475e-19,1.2345551027026662e-21,-6.094273842195129e-20,-1522.9265067821723,22.17564638226358,-352.52370532776797,-1063281.8641538415,348.8388016825579,158562.35700206328,0.10426099853439225,4687.183738820242
347.15015509255323,2001.0,12.0,14.0,14.0,27.0,15.0,1.0,3461696.3208001642,-50485.33863919795,802654.690874076,-584.861178662311,-291.97226482472627,4641.999119614886,3553891.492384238,4687.799721429929,3459406.194165468,-135642.8052957512,802654.690874076,3553891.492384238,-601.4825889057412,-522.7046277712473,4641.999119614886,4709.899920290834,20139530.719451677,0.8256067886466572,1.6336115362154813,0.0,1.4901161193847656e-08,0.22827604944981617,0.22781788942382603,-0.03918977672946783,157691.4923842377,0.10318769989755024,0.10270180003173213,10.450078248977661,-16538632842.091896,-1040246229.5811334,-210102461.34279102,-16541343329.170664,-1889834412.7265341,16571315231.55837,16650274961.251738,-0.9734135669529455,0.038167402011689174,-0.22585233471368316,0.03917974597114167,0.9992321789782577,0.0,-0.2256789205432804,0.008848837101071367,0.9741615486685863,4653.1736645689525,-545.8692192092741,-0.11677742250499155,1.2865008461958104e-10,198.6,0.0,-92.3,-1.4,0.0,3.0401850783635353e-17,2.2964999019276795,1.5707963267948966,17.193650347868857,461.0,0.0006732076486452041,11.34291256465156,0.0,0.0014331244463574111,-1522.6679080278502,22.206570954801787,-353.0571216424514,0.004638639616150569,0.0047165907290267995,-0.03559332395996292,0.004521186751038619,0.004829293525547594,-0.03559332395996292,-4.752008935024204e-19,1.2915721867573614e-20,-6.021824538281815e-20,-4.753748175129702e-19,1.2198079231860294e-21,-6.021824538281815e-20,-1522.6633868410993,22.211400248327333,-353.0927149664114,-1063281.9750520494,348.9923398875238,158637.42296104558,0.10435482984134954,4687.126324358712
347.4501550925533,2001.0,12.0,14.0,14.0,27.0,15.0,1.0,3461520.7138220514,-50572.92814934118,804047.2561247001,-585.8519801761341,-291.9577989205766,4641.7691561882375,3554036.4746809197,4687.694827777007,3459225.598310416,-135799.60704900697,804047.2561247001,3554036.4746809197,-602.4897488896478,-522.6403801534378,4641.7691561882375,4709.794874920191,20139528.64646479,0.8256067707209617,1.633611535866302,0.0,0.0,0.2286696495620878,0.22821066869233234,-0.039237079518176315,157836.4746809192,0.10336545396834843,0.10287870361890131,9.104560732841492,-16538632760.081734,-1040246218.625066,-210122863.82022148,-16541356915.972073,-1889748852.8877285,16571315149.022194,16650279005.664368,-0.9733230435179999,0.03820996436487023,-0.22623494774259098,0.03922701239592357,0.9992303245490952,0.0,-0.22606082025717678,0.008874521099489737,0.9740727634113927,4652.982052835462,-545.8719895312933,-0.11678277514781354,1.269190664885102e-10,198.6,0.0,-92.3,-1.4080933511489804,0.0,3.040198765554605e-17,2.2965021372156134,1.5707963267948966,17.193266876159463,461.0,0.0006641050894791618,11.343113215952638,0.0,0.0014137739043838693,-1522.4043365118891,22.24237596418994,-353.6263771575559,0.004583756648024177,0.004652534687691676,-0.03511180429261921,0.004467795150247131,0.004764001524339422,-0.03511180429261921,-4.687734299277485e-19,1.2753118514856118e-20,-5.950730934157698e-20,-4.6894532473190925e-19,1.2054253041584347e-21,-5.950730934157698e-20,-1522.3998687167389,22.24713996571428,-353.66148896184853,-1063282.0844969954,349.14587809248974,158712.55552691256,0.10444866455654016,4687.068860111225
347.75015509255337,2001.0,12.0,14.0,14.0,27.0,15.0,1.0,3461344.8096292205,-50660.51331622526,805439.7523307859,-586.8426100756209,-291.9433097650408,4641.53882271852,3554181.7023600927,4687.589763185358,3459044.7003336768,-135956.38951557686,805439.7523307859,3554181.7023600927,-603.4967334503873,-522.5760498702244,4641.53882271852,4709.689658351863,20139526.602744307,0.8256067530484207,1.6336115355220533,0.0,0.0,0.22906321749998473,0.22860341573784163,-0.03928438493105325,157981.70236009266,0.10354319266917185,0.10305559183974632,7.775676220655441,-16538632679.225733,-1040246207.823464,-210143335.95171726,-16541370525.64023,-1889663152.789266,16571315067.647602,16650283058.229784,-0.9732323752712919,0.03825251517819064,-0.2266174944842993,0.03927428135507675,0.9992284677810387,0.0,-0.22644265178592438,0.008900239238358924,0.9739838351808815,4652.790132494905,-545.8747661172923,-0.11678813722878209,1.2520330711008145e-10,198.67966928899185,0.0,-92.3,-1.5,0.0,3.040335559590558e-17,2.2965244773770457,1.5707963267948966,17.18943531530027,461.0,0.0006550839516438094,11.343311041929729,0.0,0.0013945462568539697,-1522.140368331949,22.278165464626163,-354.1953861029247,0.004529037105422845,0.004589018778815392,-0.034633660482463254,0.004414556391667778,0.00469925125093375,-0.034633660482463254,-4.624058079329353e-19,1.2591716552688761e-20,-5.880029456328041e-20,-4.625756845687196e-19,1.1910422470692756e-21,-5.880029456328041e-20,-1522.1359537755575,22.282864715877096,-354.2300197634072,-1063282.1923968196,349.29941629745565,158787.7546996642,0.10454250268305318,4687.011346078971
348.05015509255344,2001.0,12.0,14.0,14.0,27.0,16.0,1.0,3461168.608273194,-50748.094132875805,806832.1793813412,-587.8330681007781,-291.92879736609444,4641.30811935016,3554327.1753792115,4687.484527700343,3458863.500287915,-136113.15267066547,806832.1793813412,3554327.175379211,-604.503542323926,-522.5116369507663,4641.30811935016,4709.584270631206,20139524.586836163,0.825606735616461,1.6336115351825038,0.0,0.0,0.22945675321494893,0.22899613050983128,-0.03933169297293604,158127.17537921108,0.10372091597599943,0.10323246467026127,6.462597191333771,-16538632599.466442,-1040246197.168868,-210163877.84760875,-16541384158.10717,-1889577312.4709904,16571314987.376783,16650287118.888847,-0.9731415622758164,0.03829505443773435,-0.2269999748391931,0.039321552853314456,0.9992266086735301,0.0,-0.22682441502754358,0.008925991508340383,0.9738947640392188,4652.597903663106,-545.877548972275,-0.11679350874827679,1.2341030775986152e-10,198.7,0.0,-92.3,-1.558969224013848,0.0,3.040380702351447e-17,2.2965318497493774,1.5707963267948966,17.188171268453857,461.0,0.000645659504215423,11.343506174169455,0.0,0.0013744803407116605,-1521.8760038051987,22.313939435098174,-354.7641481444395,0.004471374599762191,0.0045226879736704455,-0.03413449281999914,0.004358447759602534,0.004631612078466569,-0.03413449281999914,-4.55746218396562e-19,1.2422067993937536e-20,-5.80536215317879e-20,-4.559139618861704e-19,1.1758882890590642e-21,-5.80536215317879e-20,-1521.871645357439,22.31857104717664,-354.7982826372595,-1063282.298828289,349.45295450242156,158863.0204793004,0.10463634422397766,4686.9537822631455
348.3501550925535,2001.0,12.0,14.0,14.0,27.0,16.0,1.0,3460992.1098055732,-50835.67059232167,808224.5371654233,-588.8233539939641,-291.9142617337667,4641.077046243859,3554472.8936956692,4687.379121383707,3458681.9982258775,-136269.89648948694,808224.5371654233,3554472.8936956697,-605.5101752486344,-522.4471414262457,4641.077046243859,4709.478711819994,20139522.59873343,0.8256067184250198,1.6336115348476368,0.0,0.0,0.2298502566564948,0.22938881295780728,-0.03937900364866345,158272.89369567018,0.10389862386480667,0.10340932208642829,5.16532176733017,-16538632520.803713,-1040246186.6609887,-210184489.61875856,-16541397813.362244,-1889491331.9799876,16571314908.209574,16650291187.640203,-0.9730506045946532,0.03833758212959782,-0.22738238870773692,0.03936882689535126,0.9992247472260102,0.0,-0.22720610988013482,0.008951777900086368,0.9738055500486551,4652.405366472186,-545.8803381033292,-0.1167988897067169,1.2181382880412283e-10,198.8,0.0,-92.3,-1.6,0.0,3.0405489234045085e-17,2.2965593223321954,1.5707963267948966,17.183462591824476,461.0,0.0006372647648399051,11.343698623035323,0.0,0.0013566158466600288,-1521.6112432491784,22.349697854622864,-355.3326629484451,0.0044207173552808085,0.004463629905049439,-0.03369031324378633,0.004309165572687455,0.0045714139969705,-0.03369031324378633,-4.498349086231433e-19,1.2272512368038743e-20,-5.739967510400285e-20,-4.500007865187884e-19,1.162629901195391e-21,-5.739967510400285e-20,-1521.6069340836057,22.354269268619834,-355.36635326168886,-1063282.4037917722,349.60649270738753,158938.3528658213,0.10473018918240297,4686.896168664948
348.6501550925536,2001.0,12.0,14.0,14.0,27.0,16.0,1.0,3460815.3142780373,-50923.242687593935,809616.8255721314,-589.8134674975845,-291.8997028781674,4640.845603560063,3554618.8572667963,4687.273544296796,3458500.1942003877,-136426.62094726408,809616.8255721314,3554618.857266796,-606.5166319629341,-522.382563327952,4640.845603560063,4709.372981979608,20139520.63838652,0.8256067014736659,1.6336115345174553,0.0,0.0,0.23024372777426833,0.22978146303130295,-0.039426316963075345,158418.85726679582,0.10407631631160093,0.10358616406426167,3.8839277923107147,-16538632443.235653,-1040246176.2997613,-210205171.37585628,-16541411491.393024,-1889405211.3636367,16571314830.144083,16650295264.48076,-0.972959502290967,0.038380098239889686,-0.2277647359904738,0.03941610348590273,0.9992228834379188,0.0,-0.22758773624187756,0.008977598404239829,0.9737161932715249,4652.212521053953,-545.8831335176195,-0.11680428010454887,1.2011142733204187e-10,198.80984140755092,0.0,-92.3,-1.7,0.0,3.0405779093816255e-17,2.2965640561014973,1.5707963267948966,17.182651515373276,461.0,0.0006283164918119136,11.343888386493585,0.0,0.0013375409503408027,-1521.3460869817982,22.3854407022459,-355.9009301817467,0.004365826503590141,0.004400610746298805,-0.0332157562356084,0.004255751514529274,0.004507149325956756,-0.0332157562356084,-4.435016445305242e-19,1.2111064421635382e-20,-5.668861309307236e-20,-4.436654914559745e-19,1.1481610658260327e-21,-5.668861309307236e-20,-1521.3418312302836,22.389947851571858,-355.9341459379823,-1063282.5072898865,349.76003091235344,159013.75185922682,0.10482403756141852,4686.838505285583
348.95015509255364,2001.0,12.0,14.0,14.0,27.0,16.0,1.0,3460638.221742341,-51010.81041172681,811009.0444906144,-590.8034083508403,-291.88512080566596,4640.613791432352,3554765.066049855,4687.1677964735645,3458318.088264348,-136583.32601922908,811009.0444906144,3554765.0660498547,-607.5229122019538,-522.3179026835417,4640.613791432352,4709.2670811439675,20139518.70330581,0.8256066847408697,1.6336115341915352,0.0,6.283185307179586,0.23063716652116326,0.23017408067988054,-0.03947363292101293,158565.0660498552,0.10425399329239664,0.10376299057978929,2.616830289363861,-16538632366.663849,-1040246166.0719548,-210225923.22881478,-16541425192.090559,-1889318950.6562207,16571314753.081255,16650299349.31004,-0.9728682554280075,0.03842260275473111,-0.2281470165880268,0.039463382629685725,0.9992210173086948,0.0,-0.2279692940110318,0.009003453011434558,0.9736266937702471,4652.019367513255,-545.8859352185191,-0.11680967994208924,1.1848667437681006e-10,198.9,0.0,-92.3,-1.7,0.0,3.040730951941452e-17,2.296589049848255,1.5707963267948966,17.178370443016178,461.0,0.0006197759342453717,11.344075707092419,0.0,0.0013193889484421537,-1521.0805353213477,22.42116795704229,-356.4689495116158,0.004313853786714933,0.004340576028410253,-0.03276443266462082,0.004205183622840479,0.0044459380843370625,-0.03276443266462082,-4.374923544817412e-19,1.1958257578123983e-20,-5.601721667644117e-20,-4.376542846416287e-19,1.1345876371924817e-21,-5.601721667644117e-20,-1521.0763301377249,22.425613895126627,-356.5017139442804,-1063282.6094540693,349.91356911731935,159089.21745951692,0.10491788936411406,4686.780792126258
349.2501550925537,2001.0,12.0,14.0,14.0,27.0,17.0,1.0,3460460.8322503176,-51098.37375775738,812401.1938100683,-591.7931763010773,-291.87051553106636,4640.3816100565255,3554911.520002048,4687.061878010965,3458135.6804707404,-136740.0116806235,812401.1938100683,3554911.520002048,-608.5290157091749,-522.2531595289296,4640.3816100565255,4709.161009410139,20139516.796587538,0.8256066682534021,1.633611533870395,0.0,6.283185307179586,0.23103057284267156,0.23056666585313096,-0.03952095152731867,158711.52000204846,0.10443165478320975,0.10393980160903528,1.36610609292984,-16538632291.21092,-1040246155.993886,-210246745.28929728,-16541438915.566933,-1889232549.92164,16571314677.144497,16650303442.250544,-0.9727768640691086,0.03846509566025562,-0.2285292304010988,0.03951066433141828,0.9992191488377762,0.0,-0.22835078308593798,0.009029341712295165,0.9735370516073241,4651.8259060172695,-545.8887432179499,-0.11681508921991952,1.1688479997951525e-10,198.95724444672052,0.0,-92.3,-1.8,0.0,3.0408331781164517e-17,2.2966057446495753,1.5707963267948966,17.175512093952126,461.0,0.0006113559376774572,11.344260288634242,0.0,0.001301438869322851,-1520.8145885864817,22.45687959811611,-357.0367206057869,0.004262256068716494,0.0042812939482432645,-0.03231801673024449,0.004154974590200135,0.004385486383671281,-0.03231801673024449,-4.3154262415385584e-19,1.1806661532815383e-20,-5.534985005642956e-20,-4.3170264889585397e-19,1.1210059988908241e-21,-5.534985005642956e-20,-1520.8104336118915,22.461265084499782,-357.06903862251716,-1063282.7101208512,350.06710732228527,159164.7496666917,0.1050117445935795,4686.7230291881815
349.5501550925538,2001.0,12.0,14.0,14.0,27.0,17.0,1.0,3460283.145853877,-51185.93271872561,813793.2734197354,-592.7827710861916,-291.85588705909714,4640.149059553748,3555058.2190805115,4686.955788930082,3457952.970872623,-136896.67790669797,813793.2734197354,3555058.2190805115,-609.5349422183858,-522.1883338902197,4640.149059553748,4709.054766799145,20139514.914584633,0.8256066519797253,1.633611533553431,0.0,6.283185307179586,0.2314239466933284,0.23095921850067339,-0.03956827278683634,158858.21908051148,0.10460930076009496,0.10411659712806073,0.1294671595096588,-16538632216.732605,-1040246146.046464,-210267637.66667724,-16541452661.6673,-1889146009.1884587,16571314602.188631,16650307543.155556,-0.9726853282776888,0.03850757694260919,-0.2289113773304722,0.03955794859581967,0.9992172780245998,0.0,-0.2287322033650165,0.009055264497437099,0.9734472668453419,4651.632136658307,-545.891557517617,-0.11682050793832081,1.1528253534424598e-10,199.0,0.0,-92.3,-1.835273850639335,0.0,3.0409130512372153e-17,2.296618788920106,1.5707963267948966,17.173279445756908,461.0,0.000602934885015897,11.344442475324085,0.0,0.0012835221435954884,-1520.5482470962284,22.492575604600653,-357.60424313245915,0.0042106093890284324,0.004222059693230922,-0.0318723973939687,0.004104717998958082,0.004325079147161255,-0.0318723973939687,-4.2560067933578847e-19,1.1655043664354136e-20,-5.46814820600798e-20,-4.2575879535258834e-19,1.1074627828694231e-21,-5.46814820600798e-20,-1520.5441423782295,22.496900683747814,-357.6361155298531,-1063282.809482785,350.2206455272512,159240.3484807511,0.1051056032529048,4686.665216472574
349.85015509255385,2001.0,12.0,14.0,14.0,27.0,17.0,1.0,3460105.1626050076,-51273.487287674434,815185.2832089067,-593.7721924520109,-291.8412354024398,4639.9161401048195,3555205.1632423196,4686.849529312382,3457769.959523135,-137053.32467271268,815185.2832089067,3555205.1632423196,-610.5406914715029,-522.1234258012975,4639.9161401048195,4708.948353392527,20139513.05900327,0.825606635934591,1.633611533240916,6.283185307179586,6.283185292278425,0.2318172880205118,0.2313517385721558,-0.039615596704411005,159005.1632423196,0.10478693119908694,0.10429337711291413,-1.0919648110866547,-16538632143.296553,-1040246136.2384679,-210288600.4721104,-16541466430.44874,-1889059328.5131793,16571314528.281727,16650311652.092094,-0.972593648117251,0.03855004658795024,-0.22929345727700956,0.039605235427610366,0.9992154048686017,0.0,-0.22911355474676853,0.009081221357466683,0.9733573395469703,4651.43805958844,-545.8943781272897,-0.11682593609780031,1.1374191352390438e-10,199.0064540528995,0.0,-92.3,-1.9064540528995126,0.0,3.040936901194236e-17,2.2966226839136725,1.5707963267948966,17.172612898103694,461.0,0.000594837086978963,11.344622112954212,0.0,0.0012662747395922917,-1520.2815111699858,22.52825595565843,-358.1715167602969,0.0041609239046772745,0.004165051615634864,-0.031443290032913844,0.0040563693715051415,0.0042669438973734295,-0.031443290032913844,-4.198729797987949e-19,1.1508954586903524e-20,-5.4037733548170175e-20,-4.20029257930555e-19,1.0943870932957917e-21,-5.4037733548170175e-20,-1520.2774548006144,22.532522899555804,-358.20296005032986,-1063282.9074497893,350.3741837322171,159316.01390169514,0.1051994653451803,4686.607353980649
350.1501550925539,2001.0,12.0,14.0,14.0,27.0,18.0,1.0,3459926.882555774,-51361.03745764955,816577.2230669197,-594.761440140796,-291.82656056997536,4639.682851861965,3555352.352444484,4686.7430992102,3457586.6464754925,-137209.95195393686,816577.2230669197,3555352.352444484,-611.5462632067855,-522.0584352923647,4639.682851861965,4708.841769242631,20139511.228955824,0.8256066201103203,1.6336115329327048,6.283185307179586,6.283185307179586,0.2322105967751282,0.23174422601725472,-0.03966292328488896,159152.35244448343,0.10496454607626295,0.10447014153967728,-2.2986959517002106,-16538632070.867704,-1040246126.5652856,-210309633.81578463,-16541480221.86561,-1888972507.938983,16571314455.3885,16650315769.023607,-0.9725018236513822,0.03859250458244964,-0.22967547014165327,0.039652524831512034,0.9992135293692166,0.0,-0.22949483712977548,0.009107212282981107,0.9732672697749629,4651.243674931044,-545.8972050528799,-0.11683137369876458,1.1217647555516566e-10,199.1,0.0,-92.3,-2.0,0.0,3.041095221354142e-17,2.2966485395579315,1.5707963267948966,17.16818959906344,461.0,0.0005866109794452626,11.344799282942754,0.0,0.0012487418932842908,-1520.0143811275182,22.563920630481125,-358.7385411584296,0.004110134401176671,0.0041071715935673105,-0.031007411717520448,0.004006941178239989,0.004207907519048736,-0.031007411717520448,-4.140691830433365e-19,1.1360460451925446e-20,-5.3381451128998224e-20,-4.1422358667991644e-19,1.0810392599841618e-21,-5.3381451128998224e-20,-1520.01037418634,22.568128538000174,-358.7695485701471,-1063283.0040687285,350.527721937183,159391.7459295238,0.10529333087349645,4686.549441713632
350.450155092554,2001.0,12.0,14.0,14.0,27.0,18.0,1.0,3459748.3057583175,-51448.58322169973,817969.0928831603,-595.7505138959816,-291.8118625716497,4639.449194985238,3555499.7866439493,4686.636498683682,3457403.0317829894,-137366.5597256492,817969.0928831603,3555499.786643949,-612.5516571636954,-521.9933623946866,4639.449194985238,4708.735014409632,20139509.42424029,0.8256066045051665,1.633611532628772,6.283185307179586,6.283185292278425,0.23260387290720427,0.2321366807856755,-0.03971025253311788,159299.78664394887,0.10514214536770543,0.10464689038444472,-3.490768074989319,-16538631999.43814,-1040246117.0259919,-210330737.80804217,-16541494035.899378,-1888885547.5128086,16571314383.500992,16650319893.940907,-0.9724098549437535,0.03863495091229075,-0.23005741582542596,0.039699816812247615,0.9992116515258787,0.0,-0.22987605041269968,0.009133237264568486,0.9731770575921562,4651.048982817296,-545.9000383013787,-0.11683682074165784,1.1060213356051145e-10,199.16223330493605,0.0,-92.3,-2.0622333049360693,0.0,3.04120521407372e-17,2.296666502732237,1.5707963267948966,17.16511790906401,461.0,0.0005783391950945812,11.344974001056023,0.0,0.0012311288853164607,-1519.7468572889616,22.59956960828979,-359.30531599645315,0.004058895203186225,0.004048991173945721,-0.030569451990727227,0.003957073403190153,0.004148557566058785,-0.030569451990727227,-4.0823199469500733e-19,1.1210784578889694e-20,-5.271859363820544e-20,-4.0838450441088e-19,1.0675863518785007e-21,-5.271859363820544e-20,-1519.7429002155584,22.60371816585585,-359.3358854484439,-1063283.0993502606,350.6812601421489,159467.54456423712,0.10538719984094375,4686.491479672752
350.75015509255405,2001.0,12.0,14.0,14.0,27.0,18.0,1.0,3459569.432264856,-51536.124572876724,819360.8925470624,-596.7394134602843,-291.7971414162743,4639.21516962719,3555647.465797599,4686.529727785227,3457219.1154989987,-137523.14796313774,819360.8925470624,3555647.465797599,-613.5568730809506,-521.9282071384391,4639.21516962719,4708.628088945936,20139507.64395985,0.8256065891113725,1.6336115323289535,6.283185307179586,6.283185292278425,0.23299711636769516,0.23252910282715236,-0.03975758445394669,159447.46579759894,0.1053197290494998,0.10482362362331091,-4.668766379356384,-16538631928.972475,-1040246107.6156427,-210351912.55903375,-16541507872.504045,-1888798447.2776444,16571314312.583576,16650324026.807076,-0.9723177420581202,0.0386773855636694,-0.23043929422943063,0.03974711137454124,0.9992097713380208,0.0,-0.23025719449428428,0.009159296292807857,0.9730867030614702,4650.853983370832,-545.9028778786267,-0.11684227722687136,1.0909100977701187e-10,199.2,0.0,-92.3,-2.1,0.0,3.041277462352675e-17,2.2966783017716015,1.5707963267948966,17.163100902008445,461.0,0.0005703988878153374,11.345146359645407,0.0,0.0012142343351130456,-1519.478939974818,22.63520286833481,-359.87184094443023,0.004009840601049166,0.003993147693875043,-0.030149267550282036,0.003909333979808784,0.004091596019310109,-0.030149267550282036,-4.0262791560443253e-19,1.1067241640641756e-20,-5.2083541666566125e-20,-4.0277861143779255e-19,1.054717851427735e-21,-5.2083541666566125e-20,-1519.4750306408382,22.639294464354123,-359.9019902119805,-1063283.1933417395,350.8347983471148,159543.40980583505,0.10548107225061316,4686.433467859234
351.0501550925541,2001.0,12.0,14.0,14.0,27.0,19.0,1.0,3459390.262127686,-51623.66150423517,820752.6219481077,-597.728138579941,-291.78239711633637,4638.980775966784,3555795.389862254,4686.422786593905,3457034.897676971,-137679.71664169992,820752.6219481077,3555795.389862254,-614.5619107008823,-521.8629695574127,4638.980775966784,4708.5209929306875,20139505.889577474,0.8256065739415859,1.6336115320335056,6.283185307179586,6.283185292278425,0.23339032710445207,0.2329214920914483,-0.039804919052225676,159595.38986225333,0.10549729709775962,0.10500034123240296,-5.831626385450363,-16538631859.528677,-1040246098.3421348,-210373158.179528,-16541521731.726954,-1888711207.2893896,16571314242.694603,16650328167.6794,-0.9722254850583208,0.03871980852279395,-0.23082110525485058,0.03979440852311832,0.999207888805075,0.0,-0.23063826927335326,0.009185389358269217,0.9729962062459078,4650.6586767417075,-545.9057237941886,-0.11684774315493165,1.0756320122441482e-10,199.3,0.0,-92.3,-2.2,0.0,3.041445762731517e-17,2.2967057873093024,1.5707963267948966,17.15840424559173,461.0,0.000562372656279715,11.345316212544553,0.0,0.0011971249367968735,-1519.2106295059534,22.670820389895812,-360.4381156728896,0.003959876189427999,0.0039366868182610345,-0.029723967503445747,0.0038607028141780762,0.004033992603025751,-0.029723967503445747,-3.969652268340101e-19,1.0921735058640197e-20,-5.143787413829432e-20,-3.971140777118873e-19,1.0415829805612609e-21,-5.143787413829432e-20,-1519.2067688031393,22.67485438249884,-360.46783964039304,-1063283.285965925,350.98833655208074,159619.34165431766,0.10557494810559559,4686.375406274316
351.3501550925542,2001.0,12.0,14.0,14.0,27.0,19.0,1.0,3459210.795399179,-51711.19400883261,822144.2809758253,-598.7166889951848,-291.767629677731,4638.746014134961,3555943.5587946693,4686.315675139918,3456850.378370435,-137836.26573664247,822144.2809758253,3555943.5587946693,-615.5667697596585,-521.7976496789847,4638.746014134961,4708.413726394044,20139504.1582107,0.8256065589708815,1.6336115317419402,6.283185307179586,6.283185286106162,0.23378350507118645,0.2333138485283549,-0.03985225633280638,159743.5587946698,0.10567484948860642,0.10517704318784327,-6.981212913990021,-16538631790.992744,-1040246089.1901929,-210394474.7788931,-16541535613.443453,-1888623827.5808408,16571314173.719336,16650332316.441666,-0.9721330840082785,0.038762219775885245,-0.23120284880294925,0.039841708262705465,0.9992060039264723,0.0,-0.23101927464881128,0.009211516451513505,0.9729055672085553,4650.463063031808,-545.9085760509439,-0.11685321852614966,1.0607246355996463e-10,199.3,0.0,-92.3,-2.2,0.0,3.04145977429146e-17,2.296708075570694,1.5707963267948966,17.158013353717077,461.0,0.0005545407744732034,11.345483839914445,0.0,0.0011804802684684584,-1518.9419262036026,22.706422152281835,-361.00413985282756,0.003911285390916348,0.0038816298219907087,-0.029309899964162972,0.003813412327987862,0.003977824770011051,-0.029309899964162972,-3.9143637521544367e-19,1.0779724136662356e-20,-5.0807968604209504e-20,-3.915834263095443e-19,1.028850788924458e-21,-5.0807968604209504e-20,-1518.9381127912745,22.710399977051846,-361.03344975279174,-1063283.3773749936,351.14187475704665,159695.34010968485,0.10566882740898229,4686.317294919236
351.65015509255426,2001.0,12.0,14.0,14.0,27.0,19.0,1.0,3459031.032131785,-51798.72207972954,823535.8695197925,-599.7050644539765,-291.7528391142146,4638.510884320752,3556091.972551539,4686.208393512289,3456665.557632997,-137992.79522328134,823535.8695197925,3556091.9725515386,-616.5714500013704,-521.7322475382263,4638.510884320752,4708.3062894251225,20139502.45219096,0.8256065442194168,1.6336115314546455,6.283185307179586,6.283185286106162,0.23417665021460743,0.23370617208769293,-0.039899596300541636,159891.9725515386,0.10585238619816845,0.105353729465776,-8.115938246250153,-16538631723.457058,-1040246080.1720783,-210415862.46812636,-16541549517.735275,-1888536308.2124004,16571314105.750744,16650336473.185844,-0.972040538971999,0.0388046193091766,-0.23158452477507088,0.03988901059803047,0.9992041167016428,0.0,-0.2314002105196444,0.009237677563092652,0.9728147860125814,4650.267142401216,-545.9114346597439,-0.11685870334108138,1.0464913287521239e-10,199.36885839059846,0.0,-92.3,-2.3,0.0,3.0415800523373824e-17,2.296727718466263,1.5707963267948966,17.154658619063085,461.0,0.0005470625954096674,11.345649018913559,0.0,0.0011645385183290176,-1518.672830389363,22.74200813483127,-361.569913155708,0.003864809995807875,0.0038290072951645614,-0.028913521161183068,0.003768178303844278,0.003924141363477768,-0.028913521161183068,-3.861544319795292e-19,1.0644135301969391e-20,-5.020685750537064e-20,-3.862997662919546e-19,1.0166201555710267e-21,-5.020685750537064e-20,-1518.6690622110593,22.745932276194747,-361.5988266768692,-1063283.4674458615,351.29541296201256,159771.40517193667,0.10576271016386454,4686.259133795235
351.8511883655557,2001.0,12.0,14.0,14.0,27.0,19.0,1.0,3458910.404894082,-51857.373110505214,824468.3486890876,-600.3672876003482,-291.7429148585216,4638.353115413479,3556191.5632064273,4686.136407709092,3456541.5385925462,-138097.676355316,824468.3486890876,3556191.5632064277,-617.2445969983088,-521.6883748310797,4638.353115413479,4708.234199381274,20139501.321408268,0.825606534441901,1.6336115312642279,6.283185307179586,6.283185277377264,0.23444008267457714,0.23396905396245615,-0.039931320835495165,159991.56320642773,0.10597134669736961,0.10547212008358055,-8.869124680757523,-16538631678.691368,-1040246074.1947018,-210430234.42676836,-16541558847.711292,-1888477582.392805,16571314060.698118,16650339263.061783,-0.9719784429936523,0.03883302513400058,-0.23184025214482779,0.03992070986387809,0.9992028507385095,0.0,-0.23165544085904674,0.00925522744064201,0.9727538730251464,4650.135682150023,-545.9133538001707,-0.11686238406006634,1.3285365198895552e-11,150.0,0.0,0.0,0.0,0.0,2.960415454530949e-17,2.283472533728436,1.5707963267948966,19.77691112125931,461.0,0.0,11.345758501787008,0.0,0.00014725146243496255,-1518.4922868670287,22.765845849626494,-361.9489034694185,0.0004848945841613659,0.00040982759315466035,-0.003643794236562847,0.0004745237303082666,0.0004217921801483443,-0.003643794236562847,-4.75340842669716e-20,1.3100350840111994e-21,-6.178211511726717e-21,-4.7551970740801744e-20,1.2424848824913939e-22,-6.178211511726717e-21,-1518.4918123432983,22.766267641806643,-361.95254726365505,-1063283.5271465685,351.4489511669785,159847.53684107316,0.105856596373334,4686.20092290356
351.8536799828657,2001.0,12.0,14.0,14.0,27.0,19.0,1.0,3458908.9089983306,-51858.10002204867,824479.9056875628,-600.3754947567134,-291.74279181357707,4638.351159139201,3556192.7982279714,4686.135515194531,3456540.0006448296,-138098.97620242348,824479.9056875628,3556192.7982279714,-617.2529395351195,-521.6878308601435,4638.351159139201,4708.233305574425,20139501.32171605,0.8256065344445624,1.633611531264375,6.283185307179586,6.283185277377264,0.2344433475588097,0.23397231204186816,-0.03993171403869558,159992.79822797142,0.10597282105597014,0.10547358737905764,-8.86854174733162,-16538631678.703453,-1040246074.1979076,-210430412.75852752,-16541558963.975245,-1888476854.2254567,16571314060.71038,16650339298.231396,-0.971977672967338,0.03883337716426324,-0.23184342145296394,0.03992110275363378,0.9992028350414813,0.0,-0.23165860400151855,0.009255445050577796,0.9727531176660311,4650.134052118965,-545.9133776262603,-0.11686242970647223,1.3282764472369921e-11,150.0,0.0,0.0,0.0,0.0,2.960415554831076e-17,2.28347255010869,1.5707963267948966,19.7769073668287,461.0,0.0,11.345758271139363,0.0,0.00014722258077507164,-1518.4900480963106,22.766141251018986,-361.95359998783744,0.00048480612568608947,0.00040974686372068065,-0.0036430787299732495,0.00047443723805040336,0.00042170935368188747,-0.0036430787299732495,-4.7524751220901655e-20,1.3097880403046359e-21,-6.177085547671418e-21,-4.754263445848402e-20,1.242258672206486e-22,-6.177085547671418e-21,-1518.4895736590724,22.766562960372667,-361.9572430665674,-1063283.5271303225,351.6024893719444,159923.73511709424,0.10595048604048235,4686.142662245459
351.8586354792337,2001.0,12.0,14.0,14.0,27.0,19.0,1.0,3458905.933799302,-51859.54575178753,824502.8910102451,-600.3918176607408,-291.74254708290476,4638.347268251467,3556195.2545722034,4686.133740023671,3456536.941809018,-138101.56142189386,824502.8910102451,3556195.2545722034,-617.2695316919602,-521.6867489515236,4638.347268251467,4708.231527833213,20139501.318525214,0.825606534416972,1.633611531264002,6.283185307179586,6.283185286106162,0.2344498409789429,0.23397879192294396,-0.039932496068263545,159995.25457220338,0.10597575335646772,0.10547650563193685,-8.870018124580383,-16538631678.57696,-1040246074.1837577,-210430767.45023638,-16541559195.0627,-1888475405.9480093,16571314060.583248,16650339368.028616,-0.9719761414576283,0.038834077303358576,-0.23184972477261506,0.03992188415978297,0.9992028038216931,0.0,-0.23166489505808482,0.009255877854849902,0.9727516153278095,4650.130810098129,-545.913425008556,-0.11686252049285076,1.3277593379730655e-11,150.0,0.0,0.0,0.0,0.0,2.9604157543235907e-17,2.28347258268829,1.5707963267948966,19.77689989943679,461.0,0.0,11.345758234319138,0.0,0.0001471651546445239,-1518.485595397915,22.766728761967464,-361.96294068852796,0.0004846302373125515,0.00040958634756228216,-0.003641656070710628,0.0004742652591991603,0.00042154466779190054,-0.003641656070710628,-4.7506194096537506e-20,1.3092968308974023e-21,-6.174846711318058e-21,-4.7524070899243324e-20,1.2418088817051565e-22,-6.174846711318058e-21,-1518.4851211326556,22.767150306635255,-361.9665823445987,-1063283.527298782,351.7560275769103,160000.0,0.1060443791684016,4686.084351822186
